-0
-0
-0
-0
-0
-0
-0
-0
-0
-0
-0
-0
-0
-0
-0
-0
-0
-0
-0
-0
-0
-0
-0
-0
-0
-0
-0
-0
-0
-0
-0
-0
-0
-0
-0
-0
-0
-0
-0
-0
-0
-0
-0
-0
-0
-0
-0
-0
-0
-0
-0
0
0
0
0
0
0
0
0
0
0
0
0
0
0
0
0
0
0
0
0
0
0
0
0
0
0
0
0
0
0
0
0
0
0
0
0
0
0
0
0
0
0
0
0
0
0
0
0
0
0
-0
-0
-0
-0
-0
-0
-0
-0
-0
-0
-0
-0
-0
-0
-0
-0
-0
-0
-0
-0
-0
-0
-0
-0
-0
-0
-0
-0
-0
-0
-0
-0
-0
-0
-0
-0
-0
-0
-0
-0
-0
-0
-0
-0
-0
-0
-0
-0
-0
-0
0
0
0
0
0
0
0
0
0
0
0
0
0
0
0
0
0
0
0
0
0
0
0
0
0
0
0
0
0
0
0
0
0
0
0
0
0
0
0
0
0
0
0
0
0
0
0
0
0
0
-0
-0
-0
-0
-0
-0
-0
-0
-0
-0
-0
-0
-0
-0
-0
-0
-0
-0
-0
-0
-0
-0
-0
-0
-0
-0
-0
-0
-0
-0
-0
-0
-0
-0
-0
-0
-0
-0
-0
-0
-0
-0
-0
-0
-0
-0
-0
-0
-0
-0
0
0
0
0
0
0
0
0
0
0
0
0
0
0
0
0
0
0
0
0
0
0
0
0
0
0
0
0
0
0
0
0
0
0
0
0
0
0
0
0
0
0
0
0
0
0
0
0
0
0
-0
-0
-0
-0
-0
-0
-0
-0
-0
-0
-0
-0
-0
-0
-0
-0
-0
-0
-0
-0
-0
-0
-0
-0
-0
-0
-0
-0
-0
-0
-0
-0
-0
-0
-0
-0
-0
-0
-0
-0
-0
-0
-0
-0
-0
-0
-0
-0
-0
0
0
0
0
0
0
0
0
0
0
0
0
0
0
0
0
0
0
0
0
0
0
0
0
0
0
0
0
0
0
0
0
0
0
0
0
0
0
0
0
0
0
0
0
0
0
0
0
0
0
0
-0
-0
-0
-0
-0
-0
-0
-0
-0
-0
-0
-0
-0
-0
-0
-0
-0
-0
-0
-0
-0
-0
-0
-0
-0
-0
-0
-0
-0
-0
-0
-0
-0
-0
-0
-0
-0
-0
-0
-0
-0
-0
-0
-0
-0
-0
-0
-0
-0
-0
0
0
0
0
0
0
0
0
0
0
0
0
0
0
0
0
0
0
0
0
0
0
0
0
0
0
0
0
0
0
0
0
0
0
0
0
0
0
0
0
0
0
0
0
0
0
0
0
0
0
-0
-0
-0
-0
-0
-0
-0
-0
-0
-0
-0
-0
-0
-0
-0
-0
-0
-0
-0
-0
-0
-0
-0
-0
-0
-0
-0
-0
-0
-0
-0
-0
-0
-0
-0
-0
-0
-0
-0
-0
-0
-0
-0
-0
-0
-0
-0
-0
-0
0
0
0
0
0
0
0
0
0
0
0
0
0
0
0
0
0
0
0
0
0
0
0
0
0
0
0
0
0
0
0
0
0
0
0
0
0
0
0
0
0
0
0
0
0
0
0
0
0
0
0
-0
-0
-0
-0
-0
-0
-0
-0
-0
-0
-0
-0
-0
-0
-0
-0
-0
-0
-0
-0
-0
-0
-0
-0
-0
-0
-0
-0
-0
-0
-0
-0
-0
-0
-0
-0
-0
-0
-0
-0
-0
-0
-0
-0
-0
-0
-0
-0
-0
0
0
0
0
0
0
0
0
0
0
0
0
0
0
0
0
0
0
0
0
0
0
0
0
0
0
0
0
0
0
0
0
0
0
0
0
0
0
0
0
0
0
0
0
0
0
0
0
0
0
-0
-0
-0
-0
-0
-0
-0
-0
-0
-0
-0
-0
-0
-0
-0
-0
-0
-0
-0
-0
-0
-0
-0
-0
-0
-0
-0
-0
-0
-0
-0
-0
-0
-0
-0
-0
-0
-0
-0
-0
-0
-0
-0
-0
-0
-0
-0
-0
-0
-0
-0
0
0
0
0
0
0
0
0
0
0
0
0
0
0
0
0
0
0
0
0
0
0
0
0
0
0
0
0
0
0
0
0
0
0
0
0
0
0
0
0
0
0
0
0
0
0
0
0
0
0
-0
-0
-0
-0
-0
-0
-0
-0
-0
-0
-0
-0
-0
-0
-0
-0
-0
-0
-0
-0
-0
-0
-0
-0
-0
-0
-0
-0
-0
-0
-0
-0
-0
-0
-0
-0
-0
-0
-0
-0
-0
-0
-0
-0
-0
-0
-0
-0
-0
-0
0
0
0
0
0
0
0
0
0
0
0
0
0
0
0
0
0
0
0
0
0
0
0
0
0
0
0
0
0
0
0
0
0
0
0
0
0
0
0
0
0
0
0
0
0
0
0
0
0
0
-0
-0
-0
-0
-0
-0
-0
-0
-0
-0
-0
-0
-0
-0
-0
-0
-0
-0
-0
-0
-0
-0
-0
-0
-0
-0
-0
-0
-0
-0
-0
-0
-0
-0
-0
-0
-0
-0
-0
-0
-0
-0
-0
-0
-0
-0
-0
-0
-0
0
0
0
0
0
0
0
0
0
0
0
0
0
0
0
0
0
0
0
0
0
0
0
0
0
0
0
0
0
0
0
0
0
0
0
0
0
0
0
0
0
0
0
0
0
0
0
0
0
0
0
-0
-0
-0
-0
-0
-0
-0
-0
-0
-0
-0
-0
-0
-0
-0
-0
-0
-0
-0
-0
-0
-0
-0
-0
-0
-0
-0
-0
-0
-0
-0
-0
-0
-0
-0
-0
-0
-0
-0
-0
-0
-0
-0
-0
-0
-0
-0
-0
-0
0
0
0
0
0
0
0
0
0
0
0
0
0
0
0
0
0
0
0
0
0
0
0
0
0
0
0
0
0
0
0
0
0
0
0
0
0
0
0
0
0
0
0
0
0
0
0
0
0
0
-0
-0
-0
-0
-0
-0
-0
-0
-0
-0
-0
-0
-0
-0
-0
-0
-0
-0
-0
-0
-0
-0
-0
-0
-0
-0
-0
-0
-0
-0
-0
-0
-0
-0
-0
-0
-0
-0
-0
-0
-0
-0
-0
-0
-0
-0
-0
-0
-0
-0
0
0
0
0
0
0
0
0
0
0
0
0
0
0
0
0
0
0
0
0
0
0
0
0
0
0
0
0
0
0
0
0
0
0
0
0
0
0
0
0
0
0
0
0
0
0
0
0
0
0
0
-0
-0
-0
-0
-0
-0
-0
-0
-0
-0
-0
-0
-0
-0
-0
-0
-0
-0
-0
-0
-0
-0
-0
-0
-0
-0
-0
-0
-0
-0
-0
-0
-0
-0
-0
-0
-0
-0
-0
-0
-0
-0
-0
-0
-0
-0
-0
-0
-0
0
0
0
0
0
0
0
0
0
0
0
0
0
0
0
0
0
0
0
0
0
0
0
0
0
0
0
0
0
0
0
0
0
0
0
0
0
0
0
0
0
0
0
0
0
0
0
0
0
0
-0
-0
-0
-0
-0
-0
-0
-0
-0
-0
-0
-0
-0
-0
-0
-0
-0
-0
-0
-0
-0
-0
-0
-0
-0
-0
-0
-0
-0
-0
-0
-0
-0
-0
-0
-0
-0
-0
-0
-0
-0
-0
-0
-0
-0
-0
-0
-0
-0
-0
0
0
0
0
0
0
0
0
0
0
0
0
0
0
0
0
0
0
0
0
0
0
0
0
0
0
0
0
0
0
0
0
0
0
0
0
0
0
0
0
0
0
0
0
0
0
0
0
0
0
-0
-0
-0
-0
-0
-0
-0
-0
-0
-0
-0
-0
-0
-0
-0
-0
-0
-0
-0
-0
-0
-0
-0
-0
-0
-0
-0
-0
-0
-0
-0
-0
-0
-0
-0
-0
-0
-0
-0
-0
-0
-0
-0
-0
-0
-0
-0
-0
-0
-0
0
0
0
0
0
0
0
0
0
0
0
0
0
0
0
0
0
0
0
0
0
0
0
0
0
0
0
0
0
0
0
0
0
0
0
0
0
0
0
0
0
0
0
0
0
0
0
0
0
0
0
-0
-0
-0
-0
-0
-0
-0
-0
-0
-0
-0
-0
-0
-0
-0
-0
-0
-0
-0
-0
-0
-0
-0
-0
-0
-0
-0
-0
-0
-0
-0
-0
-0
-0
-0
-0
-0
-0
-0
-0
-0
-0
-0
-0
-0
-0
-0
-0
-0
-0
0
0
0
0
0
0
0
0
0
0
0
0
0
0
0
0
0
0
0
0
0
0
0
0
0
0
0
0
0
0
0
0
0
0
0
0
0
0
0
0
0
0
0
0
0
0
0
0
0
0
-0
-0
-0
-0
-0
-0
-0
-0
-0
-0
-0
-0
-0
-0
-0
-0
-0
-0
-0
-0
-0
-0
-0
-0
-0
-0
-0
-0
-0
-0
-0
-0
-0
-0
-0
-0
-0
-0
-0
-0
-0
-0
-0
-0
-0
-0
-0
-0
-0
-0
0
0
0
0
0
0
0
0
0
0
0
0
0
0
0
0
0
0
0
0
0
0
0
0
0
0
0
0
0
0
0
0
0
0
0
0
0
0
0
0
0
0
0
0
0
0
0
0
0
0
-0
-0
-0
-0
-0
-0
-0
-0
-0
-0
-0
-0
-0
-0
-0
-0
-0
-0
-0
-0
-0
-0
-0
-0
-0
-0
-0
-0
-0
-0
-0
-0
-0
-0
-0
-0
-0
-0
-0
-0
-0
-0
-0
-0
-0
-0
-0
-0
-0
-0
0
0
0
0
0
0
0
0
0
0
0
0
0
0
0
0
0
0
0
0
0
0
0
0
0
0
0
0
0
0
0
0
0
0
0
0
0
0
0
0
0
0
0
0
0
0
0
0
0
0
-0
-0
-0
-0
-0
-0
-0
-0
-0
-0
-0
-0
-0
-0
-0
-0
-0
-0
-0
-0
-0
-0
-0
-0
-0
-0
-0
-0
-0
-0
-0
-0
-0
-0
-0
-0
-0
-0
-0
-0
-0
-0
-0
-0
-0
-0
-0
-0
-0
-0
0
0
0
0
0
0
0
0
0
0
0
0
0
0
0
0
0
0
0
0
0
0
0
0
0
0
0
0
0
0
0
0
0
0
0
0
0
0
0
0
0
0
0
0
0
0
0
0
0
-0
-0
-0
-0
-0
-0
-0
-0
-0
-0
-0
-0
-0
-0
-0
-0
-0
-0
-0
-0
-0
-0
-0
-0
-0
-0
-0
-0
-0
-0
-0
-0
-0
-0
-0
-0
-0
-0
-0
-0
-0
-0
-0
-0
-0
-0
-0
-0
-0
-0
-0
0
0
0
0
0
0
0
0
0
0
0
0
0
0
0
0
0
0
0
0
0
0
0
0
0
0
0
0
0
0
0
0
0
0
0
0
0
0
0
0
0
0
0
0
0
0
0
0
0
0
-2.4488e-08
-9.776e-08
-2.1924e-07
-3.8796e-07
-6.0258e-07
-8.6141e-07
-1.1624e-06
-1.5031e-06
-1.8808e-06
-2.2924e-06
-2.7345e-06
-3.2037e-06
-3.6959e-06
-4.207e-06
-4.7327e-06
-5.2686e-06
-5.8099e-06
-6.3519e-06
-6.8896e-06
-7.4182e-06
-7.9327e-06
-8.428e-06
-8.8993e-06
-9.3415e-06
-9.75e-06
-1.012e-05
-1.0447e-05
-1.0727e-05
-1.0955e-05
-1.1127e-05
-1.1241e-05
-1.1292e-05
-1.1278e-05
-1.1196e-05
-1.1043e-05
-1.0818e-05
-1.0519e-05
-1.0145e-05
-9.6952e-06
-9.1694e-06
-8.5679e-06
-7.8911e-06
-7.1403e-06
-6.317e-06
-5.4232e-06
-4.4615e-06
-3.4347e-06
-2.3462e-06
-1.1999e-06
-3.0574e-19
1.2489e-06
2.5418e-06
3.8732e-06
5.2374e-06
6.6284e-06
8.0398e-06
9.4651e-06
1.0897e-05
1.2329e-05
1.3754e-05
1.5164e-05
1.6552e-05
1.7911e-05
1.9232e-05
2.0509e-05
2.1733e-05
2.2898e-05
2.3996e-05
2.502e-05
2.5964e-05
2.682e-05
2.7583e-05
2.8246e-05
2.8803e-05
2.925e-05
2.9582e-05
2.9793e-05
2.9881e-05
2.9842e-05
2.9673e-05
2.9372e-05
2.8936e-05
2.8366e-05
2.766e-05
2.6819e-05
2.5843e-05
2.4734e-05
2.3494e-05
2.2125e-05
2.0631e-05
1.9016e-05
1.7285e-05
1.5443e-05
1.3495e-05
1.1449e-05
9.3109e-06
7.0886e-06
4.7902e-06
2.4243e-06
-7.6515e-20
-2.4733e-06
-4.9858e-06
-7.5271e-06
-1.0087e-05
-1.2654e-05
-1.5218e-05
-1.7768e-05
-2.0291e-05
-2.2778e-05
-2.5216e-05
-2.7594e-05
-2.9901e-05
-3.2126e-05
-3.4257e-05
-3.6284e-05
-3.8197e-05
-3.9986e-05
-4.164e-05
-4.3151e-05
-4.4509e-05
-4.5707e-05
-4.6737e-05
-4.7592e-05
-4.8265e-05
-4.875e-05
-4.9043e-05
-4.9139e-05
-4.9036e-05
-4.8729e-05
-4.8219e-05
-4.7502e-05
-4.658e-05
-4.5454e-05
-4.4125e-05
-4.2595e-05
-4.0868e-05
-3.8949e-05
-3.6842e-05
-3.4555e-05
-3.2093e-05
-2.9465e-05
-2.668e-05
-2.3746e-05
-2.0674e-05
-1.7475e-05
-1.416e-05
-1.0743e-05
-7.2342e-06
-3.6488e-06
-5.1589e-19
3.6977e-06
7.4298e-06
1.1181e-05
1.4936e-05
1.868e-05
2.2397e-05
2.607e-05
2.9686e-05
3.3227e-05
3.6678e-05
4.0024e-05
4.325e-05
4.6341e-05
4.9282e-05
5.206e-05
5.4662e-05
5.7074e-05
5.9284e-05
6.1282e-05
6.3055e-05
6.4595e-05
6.5892e-05
6.6938e-05
6.7726e-05
6.825e-05
6.8505e-05
6.8486e-05
6.819e-05
6.7617e-05
6.6764e-05
6.5633e-05
6.4225e-05
6.2542e-05
6.0589e-05
5.8371e-05
5.5893e-05
5.3164e-05
5.0191e-05
4.6985e-05
4.3555e-05
3.9914e-05
3.6074e-05
3.2048e-05
2.7852e-05
2.3501e-05
1.901e-05
1.4397e-05
9.6782e-06
4.8732e-06
-6.8815e-19
-4.9221e-06
-9.8738e-06
-1.4835e-05
-1.9786e-05
-2.4706e-05
-2.9575e-05
-3.4373e-05
-3.908e-05
-4.3675e-05
-4.814e-05
-5.2454e-05
-5.6598e-05
-6.0555e-05
-6.4307e-05
-6.7836e-05
-7.1126e-05
-7.4162e-05
-7.6928e-05
-7.9412e-05
-8.1601e-05
-8.3482e-05
-8.5046e-05
-8.6284e-05
-8.7188e-05
-8.775e-05
-8.7966e-05
-8.7832e-05
-8.7345e-05
-8.6504e-05
-8.531e-05
-8.3764e-05
-8.1869e-05
-7.963e-05
-7.7053e-05
-7.4146e-05
-7.0918e-05
-6.7379e-05
-6.354e-05
-5.9414e-05
-5.5017e-05
-5.0362e-05
-4.5468e-05
-4.0351e-05
-3.5031e-05
-2.9527e-05
-2.3859e-05
-1.805e-05
-1.2122e-05
-6.0976e-06
-1.9092e-19
6.1466e-06
1.2318e-05
1.8489e-05
2.4635e-05
3.0732e-05
3.6754e-05
4.2676e-05
4.8474e-05
5.4124e-05
5.9601e-05
6.4883e-05
6.9947e-05
7.477e-05
7.9332e-05
8.3612e-05
8.7591e-05
9.125e-05
9.4573e-05
9.7543e-05
0.00010015
0.00010237
0.0001042
0.00010563
0.00010665
0.00010725
0.00010743
0.00010718
0.0001065
0.00010539
0.00010386
0.00010189
9.9513e-05
9.6718e-05
9.3518e-05
8.9922e-05
8.5943e-05
8.1593e-05
7.6888e-05
7.1844e-05
6.6479e-05
6.0811e-05
5.4862e-05
4.8654e-05
4.2209e-05
3.5552e-05
2.8709e-05
2.1704e-05
1.4566e-05
7.322e-06
-1.8349e-18
-7.371e-06
-1.4762e-05
-2.2143e-05
-2.9485e-05
-3.6758e-05
-4.3932e-05
-5.0979e-05
-5.7868e-05
-6.4572e-05
-7.1063e-05
-7.7313e-05
-8.3296e-05
-8.8985e-05
-9.4357e-05
-9.9388e-05
-0.00010405
-0.00010834
-0.00011222
-0.00011567
-0.00011869
-0.00012126
-0.00012336
-0.00012498
-0.00012611
-0.00012675
-0.00012689
-0.00012652
-0.00012565
-0.00012428
-0.0001224
-0.00012002
-0.00011716
-0.00011381
-0.00010998
-0.0001057
-0.00010097
-9.5808e-05
-9.0237e-05
-8.4274e-05
-7.794e-05
-7.126e-05
-6.4256e-05
-5.6956e-05
-4.9388e-05
-4.1578e-05
-3.3558e-05
-2.5358e-05
-1.701e-05
-8.5464e-06
6.6916e-19
8.5954e-06
1.7206e-05
2.5797e-05
3.4334e-05
4.2783e-05
5.111e-05
5.9281e-05
6.7262e-05
7.5021e-05
8.2525e-05
8.9743e-05
9.6644e-05
0.0001032
0.00010938
0.00011516
0.00012052
0.00012543
0.00012986
0.0001338
0.00013724
0.00014014
0.00014251
0.00014432
0.00014557
0.00014625
0.00014635
0.00014587
0.00014481
0.00014317
0.00014095
0.00013816
0.0001348
0.00013089
0.00012645
0.00012147
0.00011599
0.00011002
0.00010359
9.6704e-05
8.9402e-05
8.1708e-05
7.3651e-05
6.5259e-05
5.6566e-05
4.7604e-05
3.8408e-05
2.9012e-05
1.9454e-05
9.7708e-06
9.1702e-19
-9.8198e-06
-1.965e-05
-2.9451e-05
-3.9184e-05
-4.8809e-05
-5.8289e-05
-6.7584e-05
-7.6657e-05
-8.547e-05
-9.3987e-05
-0.00010217
-0.00010999
-0.00011741
-0.00012441
-0.00013094
-0.00013698
-0.00014251
-0.0001475
-0.00015193
-0.00015578
-0.00015903
-0.00016166
-0.00016367
-0.00016503
-0.00016575
-0.00016581
-0.00016522
-0.00016396
-0.00016205
-0.00015949
-0.00015629
-0.00015245
-0.00014798
-0.00014291
-0.00013725
-0.00013102
-0.00012424
-0.00011693
-0.00010913
-0.00010086
-9.2157e-05
-8.3045e-05
-7.3562e-05
-6.3744e-05
-5.363e-05
-4.3257e-05
-3.2666e-05
-2.1898e-05
-1.0995e-05
2.0644e-18
1.1044e-05
2.2094e-05
3.3105e-05
4.4033e-05
5.4835e-05
6.5467e-05
7.5887e-05
8.6051e-05
9.5918e-05
0.00010545
0.0001146
0.00012334
0.00013163
0.00013943
0.00014672
0.00015345
0.0001596
0.00016515
0.00017007
0.00017433
0.00017792
0.00018082
0.00018302
0.0001845
0.00018525
0.00018527
0.00018456
0.00018312
0.00018094
0.00017804
0.00017442
0.00017009
0.00016507
0.00015938
0.00015303
0.00014604
0.00013845
0.00013028
0.00012156
0.00011233
0.00010261
9.2439e-05
8.1865e-05
7.0923e-05
5.9656e-05
4.8107e-05
3.632e-05
2.4342e-05
1.222e-05
-1.9114e-19
-1.2195e-05
-2.4293e-05
-3.6247e-05
-4.801e-05
-5.9535e-05
-7.0779e-05
-8.1699e-05
-9.2251e-05
-0.0001024
-0.0001121
-0.00012131
-0.00013002
-0.00013817
-0.00014574
-0.00015271
-0.00015905
-0.00016473
-0.00016974
-0.00017405
-0.00017767
-0.00018056
-0.00018273
-0.00018418
-0.00018488
-0.00018486
-0.00018411
-0.00018263
-0.00018044
-0.00017754
-0.00017396
-0.0001697
-0.0001648
-0.00015926
-0.00015312
-0.0001464
-0.00013913
-0.00013135
-0.00012307
-0.00011435
-0.00010522
-9.5709e-05
-8.5863e-05
-7.5721e-05
-6.5324e-05
-5.4715e-05
-4.3936e-05
-3.3032e-05
-2.2045e-05
-1.102e-05
3.2611e-18
1.0971e-05
2.1849e-05
3.2593e-05
4.316e-05
5.3509e-05
6.3601e-05
7.3396e-05
8.2857e-05
9.1948e-05
0.00010063
0.00010888
0.00011667
0.00012395
0.00013072
0.00013693
0.00014258
0.00014764
0.00015209
0.00015592
0.00015912
0.00016168
0.00016358
0.00016483
0.00016542
0.00016536
0.00016464
0.00016328
0.00016128
0.00015865
0.00015541
0.00015157
0.00014715
0.00014217
0.00013665
0.00013062
0.00012411
0.00011713
0.00010973
0.00010192
9.3758e-05
8.5261e-05
7.6469e-05
6.7418e-05
5.8145e-05
4.8689e-05
3.9087e-05
2.9378e-05
1.9601e-05
9.7953e-06
-1.2204e-18
-9.7463e-06
-1.9405e-05
-2.8939e-05
-3.8311e-05
-4.7484e-05
-5.6422e-05
-6.5093e-05
-7.3463e-05
-8.1499e-05
-8.9173e-05
-9.6455e-05
-0.00010332
-0.00010974
-0.00011569
-0.00012116
-0.00012612
-0.00013055
-0.00013445
-0.00013779
-0.00014058
-0.00014279
-0.00014443
-0.00014548
-0.00014596
-0.00014586
-0.00014518
-0.00014394
-0.00014213
-0.00013977
-0.00013687
-0.00013344
-0.00012951
-0.00012508
-0.00012019
-0.00011485
-0.00010908
-0.00010292
-9.6377e-05
-8.9494e-05
-8.2296e-05
-7.4812e-05
-6.7075e-05
-5.9115e-05
-5.0967e-05
-4.2663e-05
-3.4237e-05
-2.5724e-05
-1.7157e-05
-8.5709e-06
-3.9988e-19
8.5219e-06
1.6961e-05
2.5285e-05
3.3461e-05
4.1458e-05
4.9244e-05
5.679e-05
6.4068e-05
7.1051e-05
7.7711e-05
8.4025e-05
8.997e-05
9.5524e-05
0.00010067
0.00010538
0.00010965
0.00011346
0.0001168
0.00011966
0.00012203
0.0001239
0.00012527
0.00012614
0.0001265
0.00012636
0.00012572
0.00012459
0.00012297
0.00012088
0.00011832
0.00011531
0.00011186
0.000108
0.00010373
9.9072e-05
9.4057e-05
8.8701e-05
8.3029e-05
7.7065e-05
7.0834e-05
6.4364e-05
5.768e-05
5.0813e-05
4.3788e-05
3.6637e-05
2.9388e-05
2.207e-05
1.4713e-05
7.3465e-06
-1.7145e-18
-7.2975e-06
-1.4517e-05
-2.1631e-05
-2.8612e-05
-3.5432e-05
-4.2066e-05
-4.8488e-05
-5.4674e-05
-6.0602e-05
-6.6249e-05
-7.1595e-05
-7.6621e-05
-8.1309e-05
-8.5643e-05
-8.9607e-05
-9.3188e-05
-9.6376e-05
-9.916e-05
-0.00010153
-0.00010348
-0.00010501
-0.00010612
-0.00010679
-0.00010704
-0.00010686
-0.00010626
-0.00010524
-0.00010382
-0.00010199
-9.9775e-05
-9.718e-05
-9.422e-05
-9.0908e-05
-8.7261e-05
-8.3296e-05
-7.9032e-05
-7.4486e-05
-6.968e-05
-6.4635e-05
-5.9372e-05
-5.3915e-05
-4.8286e-05
-4.251e-05
-3.661e-05
-3.0611e-05
-2.4538e-05
-1.8416e-05
-1.2269e-05
-6.1221e-06
3.8092e-19
6.0731e-06
1.2073e-05
1.7977e-05
2.3762e-05
2.9406e-05
3.4887e-05
4.0185e-05
4.528e-05
5.0153e-05
5.4787e-05
5.9166e-05
6.3273e-05
6.7094e-05
7.0618e-05
7.3831e-05
7.6724e-05
7.9288e-05
8.1516e-05
8.3401e-05
8.4939e-05
8.6126e-05
8.6962e-05
8.7445e-05
8.7577e-05
8.736e-05
8.6798e-05
8.5897e-05
8.4663e-05
8.3104e-05
8.123e-05
7.905e-05
7.6576e-05
7.382e-05
7.0797e-05
6.7521e-05
6.4007e-05
6.0271e-05
5.6331e-05
5.2205e-05
4.791e-05
4.3466e-05
3.8892e-05
3.4207e-05
2.9432e-05
2.4585e-05
1.9689e-05
1.4762e-05
9.8249e-06
4.8977e-06
-1.6736e-18
-4.8487e-06
-9.6294e-06
-1.4323e-05
-1.8913e-05
-2.338e-05
-2.7709e-05
-3.1882e-05
-3.5886e-05
-3.9705e-05
-4.3326e-05
-4.6736e-05
-4.9924e-05
-5.2879e-05
-5.5593e-05
-5.8055e-05
-6.026e-05
-6.22e-05
-6.3872e-05
-6.527e-05
-6.6393e-05
-6.7239e-05
-6.7807e-05
-6.8099e-05
-6.8115e-05
-6.786e-05
-6.7337e-05
-6.6551e-05
-6.5509e-05
-6.4217e-05
-6.2684e-05
-6.0919e-05
-5.8931e-05
-5.6732e-05
-5.4333e-05
-5.1745e-05
-4.8982e-05
-4.6056e-05
-4.2983e-05
-3.9775e-05
-3.6449e-05
-3.3018e-05
-2.9498e-05
-2.5904e-05
-2.2253e-05
-1.856e-05
-1.4839e-05
-1.1108e-05
-7.3809e-06
-3.6732e-06
6.266e-19
3.6243e-06
7.1854e-06
1.0669e-05
1.4063e-05
1.7354e-05
2.053e-05
2.358e-05
2.6492e-05
2.9256e-05
3.1864e-05
3.4306e-05
3.6575e-05
3.8664e-05
4.0568e-05
4.2279e-05
4.3795e-05
4.5112e-05
4.6228e-05
4.714e-05
4.7848e-05
4.8352e-05
4.8653e-05
4.8753e-05
4.8654e-05
4.836e-05
4.7875e-05
4.7205e-05
4.6354e-05
4.533e-05
4.4139e-05
4.2788e-05
4.1287e-05
3.9644e-05
3.7868e-05
3.5969e-05
3.3957e-05
3.1841e-05
2.9634e-05
2.7345e-05
2.4987e-05
2.2569e-05
2.0104e-05
1.7602e-05
1.5075e-05
1.2534e-05
9.9899e-06
7.454e-06
4.9369e-06
2.4488e-06
-9.5595e-23
-2.3999e-06
-4.7414e-06
-7.0156e-06
-9.214e-06
-1.1329e-05
-1.3352e-05
-1.5277e-05
-1.7097e-05
-1.8808e-05
-2.0402e-05
-2.1876e-05
-2.3227e-05
-2.445e-05
-2.5543e-05
-2.6503e-05
-2.7331e-05
-2.8024e-05
-2.8583e-05
-2.9009e-05
-2.9302e-05
-2.9464e-05
-2.9498e-05
-2.9406e-05
-2.9192e-05
-2.886e-05
-2.8414e-05
-2.7859e-05
-2.72e-05
-2.6442e-05
-2.5593e-05
-2.4658e-05
-2.3643e-05
-2.2556e-05
-2.1404e-05
-2.0193e-05
-1.8932e-05
-1.7626e-05
-1.6285e-05
-1.4916e-05
-1.3525e-05
-1.212e-05
-1.0709e-05
-9.299e-06
-7.8963e-06
-6.5079e-06
-5.1404e-06
-3.8001e-06
-2.4929e-06
-1.2244e-06
3.3717e-19
1.1754e-06
2.2974e-06
3.3616e-06
4.3645e-06
5.3027e-06
6.1734e-06
6.9743e-06
7.7032e-06
8.3589e-06
8.9402e-06
9.4466e-06
9.878e-06
1.0235e-05
1.0518e-05
1.0728e-05
1.0867e-05
1.0936e-05
1.0939e-05
1.0878e-05
1.0756e-05
1.0577e-05
1.0343e-05
1.006e-05
9.7308e-06
9.36e-06
8.9523e-06
8.5123e-06
8.0449e-06
7.5549e-06
7.0473e-06
6.527e-06
5.999e-06
5.4682e-06
4.9393e-06
4.4172e-06
3.9065e-06
3.4116e-06
2.9367e-06
2.486e-06
2.0631e-06
1.6718e-06
1.3152e-06
9.9632e-07
7.1784e-07
4.8207e-07
2.9097e-07
1.4616e-07
4.888e-08
0
0
-0
-0
-0
-0
-0
-0
-0
-0
-0
-0
-0
-0
-0
-0
-0
-0
-0
-0
-0
-0
-0
-0
-0
-0
-0
-0
-0
-0
-0
-0
-0
-0
-0
-0
-0
-0
-0
-0
-0
-0
-0
-0
-0
-0
-0
-0
-0
-0
-0
-0
0
0
0
0
0
0
0
0
0
0
0
0
0
0
0
0
0
0
0
0
0
0
0
0
0
0
0
0
0
0
0
0
0
0
0
0
0
0
0
0
0
0
0
0
0
0
0
0
0
0
-0
-0
-0
-0
-0
-0
-0
-0
-0
-0
-0
-0
-0
-0
-0
-0
-0
-0
-0
-0
-0
-0
-0
-0
-0
-0
-0
-0
-0
-0
-0
-0
-0
-0
-0
-0
-0
-0
-0
-0
-0
-0
-0
-0
-0
-0
-0
-0
-0
-0
0
0
0
0
0
0
0
0
0
0
0
0
0
0
0
0
0
0
0
0
0
0
0
0
0
0
0
0
0
0
0
0
0
0
0
0
0
0
0
0
0
0
0
0
0
0
0
0
0
0
-0
-0
-0
-0
-0
-0
-0
-0
-0
-0
-0
-0
-0
-0
-0
-0
-0
-0
-0
-0
-0
-0
-0
-0
-0
-0
-0
-0
-0
-0
-0
-0
-0
-0
-0
-0
-0
-0
-0
-0
-0
-0
-0
-0
-0
-0
-0
-0
-0
-0
0
0
0
0
0
0
0
0
0
0
0
0
0
0
0
0
0
0
0
0
0
0
0
0
0
0
0
0
0
0
0
0
0
0
0
0
0
0
0
0
0
0
0
0
0
0
0
0
0
0
-0
-0
-0
-0
-0
-0
-0
-0
-0
-0
-0
-0
-0
-0
-0
-0
-0
-0
-0
-0
-0
-0
-0
-0
-0
-0
-0
-0
-0
-0
-0
-0
-0
-0
-0
-0
-0
-0
-0
-0
-0
-0
-0
-0
-0
-0
-0
-0
-0
-0
0
0
0
0
0
0
0
0
0
0
0
0
0
0
0
0
0
0
0
0
0
0
0
0
0
0
0
0
0
0
0
0
0
0
0
0
0
0
0
0
0
0
0
0
0
0
0
0
0
0
-0
-0
-0
-0
-0
-0
-0
-0
-0
-0
-0
-0
-0
-0
-0
-0
-0
-0
-0
-0
-0
-0
-0
-0
-0
-0
-0
-0
-0
-0
-0
-0
-0
-0
-0
-0
-0
-0
-0
-0
-0
-0
-0
-0
-0
-0
-0
-0
-0
-0
0
0
0
0
0
0
0
0
0
0
0
0
0
0
0
0
0
0
0
0
0
0
0
0
0
0
0
0
0
0
0
0
0
0
0
0
0
0
0
0
0
0
0
0
0
0
0
0
0
0
-0
-0
-0
-0
-0
-0
-0
-0
-0
-0
-0
-0
-0
-0
-0
-0
-0
-0
-0
-0
-0
-0
-0
-0
-0
-0
-0
-0
-0
-0
-0
-0
-0
-0
-0
-0
-0
-0
-0
-0
-0
-0
-0
-0
-0
-0
-0
-0
-0
0
0
0
0
0
0
0
0
0
0
0
0
0
0
0
0
0
0
0
0
0
0
0
0
0
0
0
0
0
0
0
0
0
0
0
0
0
0
0
0
0
0
0
0
0
0
0
0
0
0
0
-0
-0
-0
-0
-0
-0
-0
-0
-0
-0
-0
-0
-0
-0
-0
-0
-0
-0
-0
-0
-0
-0
-0
-0
-0
-0
-0
-0
-0
-0
-0
-0
-0
-0
-0
-0
-0
-0
-0
-0
-0
-0
-0
-0
-0
-0
-0
-0
-0
-0
0
0
0
0
0
0
0
0
0
0
0
0
0
0
0
0
0
0
0
0
0
0
0
0
0
0
0
0
0
0
0
0
0
0
0
0
0
0
0
0
0
0
0
0
0
0
0
0
0
0
-0
-0
-0
-0
-0
-0
-0
-0
-0
-0
-0
-0
-0
-0
-0
-0
-0
-0
-0
-0
-0
-0
-0
-0
-0
-0
-0
-0
-0
-0
-0
-0
-0
-0
-0
-0
-0
-0
-0
-0
-0
-0
-0
-0
-0
-0
-0
-0
-0
-0
0
0
0
0
0
0
0
0
0
0
0
0
0
0
0
0
0
0
0
0
0
0
0
0
0
0
0
0
0
0
0
0
0
0
0
0
0
0
0
0
0
0
0
0
0
0
0
0
0
-0
-0
-0
-0
-0
-0
-0
-0
-0
-0
-0
-0
-0
-0
-0
-0
-0
-0
-0
-0
-0
-0
-0
-0
-0
-0
-0
-0
-0
-0
-0
-0
-0
-0
-0
-0
-0
-0
-0
-0
-0
-0
-0
-0
-0
-0
-0
-0
-0
-0
-0
0
0
0
0
0
0
0
0
0
0
0
0
0
0
0
0
0
0
0
0
0
0
0
0
0
0
0
0
0
0
0
0
0
0
0
0
0
0
0
0
0
0
0
0
0
0
0
0
0
0
-0
-0
-0
-0
-0
-0
-0
-0
-0
-0
-0
-0
-0
-0
-0
-0
-0
-0
-0
-0
-0
-0
-0
-0
-0
-0
-0
-0
-0
-0
-0
-0
-0
-0
-0
-0
-0
-0
-0
-0
-0
-0
-0
-0
-0
-0
-0
-0
-0
0
0
0
0
0
0
0
0
0
0
0
0
0
0
0
0
0
0
0
0
0
0
0
0
0
0
0
0
0
0
0
0
0
0
0
0
0
0
0
0
0
0
0
0
0
0
0
0
0
0
0
-0
-0
-0
-0
-0
-0
-0
-0
-0
-0
-0
-0
-0
-0
-0
-0
-0
-0
-0
-0
-0
-0
-0
-0
-0
-0
-0
-0
-0
-0
-0
-0
-0
-0
-0
-0
-0
-0
-0
-0
-0
-0
-0
-0
-0
-0
-0
-0
-0
-0
0
0
0
0
0
0
0
0
0
0
0
0
0
0
0
0
0
0
0
0
0
0
0
0
0
0
0
0
0
0
0
0
0
0
0
0
0
0
0
0
0
0
0
0
0
0
0
0
0
0
-0
-0
-0
-0
-0
-0
-0
-0
-0
-0
-0
-0
-0
-0
-0
-0
-0
-0
-0
-0
-0
-0
-0
-0
-0
-0
-0
-0
-0
-0
-0
-0
-0
-0
-0
-0
-0
-0
-0
-0
-0
-0
-0
-0
-0
-0
-0
-0
-0
0
0
0
0
0
0
0
0
0
0
0
0
0
0
0
0
0
0
0
0
0
0
0
0
0
0
0
0
0
0
0
0
0
0
0
0
0
0
0
0
0
0
0
0
0
0
0
0
0
0
-0
-0
-0
-0
-0
-0
-0
-0
-0
-0
-0
-0
-0
-0
-0
-0
-0
-0
-0
-0
-0
-0
-0
-0
-0
-0
-0
-0
-0
-0
-0
-0
-0
-0
-0
-0
-0
-0
-0
-0
-0
-0
-0
-0
-0
-0
-0
-0
-0
-0
-0
0
0
0
0
0
0
0
0
0
0
0
0
0
0
0
0
0
0
0
0
0
0
0
0
0
0
0
0
0
0
0
0
0
0
0
0
0
0
0
0
0
0
0
0
0
0
0
0
0
0
-0
-0
-0
-0
-0
-0
-0
-0
-0
-0
-0
-0
-0
-0
-0
-0
-0
-0
-0
-0
-0
-0
-0
-0
-0
-0
-0
-0
-0
-0
-0
-0
-0
-0
-0
-0
-0
-0
-0
-0
-0
-0
-0
-0
-0
-0
-0
-0
-0
0
0
0
0
0
0
0
0
0
0
0
0
0
0
0
0
0
0
0
0
0
0
0
0
0
0
0
0
0
0
0
0
0
0
0
0
0
0
0
0
0
0
0
0
0
0
0
0
0
0
-0
-0
-0
-0
-0
-0
-0
-0
-0
-0
-0
-0
-0
-0
-0
-0
-0
-0
-0
-0
-0
-0
-0
-0
-0
-0
-0
-0
-0
-0
-0
-0
-0
-0
-0
-0
-0
-0
-0
-0
-0
-0
-0
-0
-0
-0
-0
-0
-0
-0
0
0
0
0
0
0
0
0
0
0
0
0
0
0
0
0
0
0
0
0
0
0
0
0
0
0
0
0
0
0
0
0
0
0
0
0
0
0
0
0
0
0
0
0
0
0
0
0
0
0
0
-0
-0
-0
-0
-0
-0
-0
-0
-0
-0
-0
-0
-0
-0
-0
-0
-0
-0
-0
-0
-0
-0
-0
-0
-0
-0
-0
-0
-0
-0
-0
-0
-0
-0
-0
-0
-0
-0
-0
-0
-0
-0
-0
-0
-0
-0
-0
-0
-0
-0
0
0
0
0
0
0
0
0
0
0
0
0
0
0
0
0
0
0
0
0
0
0
0
0
0
0
0
0
0
0
0
0
0
0
0
0
0
0
0
0
0
0
0
0
0
0
0
0
0
-0
-0
-0
-0
-0
-0
-0
-0
-0
-0
-0
-0
-0
-0
-0
-0
-0
-0
-0
-0
-0
-0
-0
-0
-0
-0
-0
-0
-0
-0
-0
-0
-0
-0
-0
-0
-0
-0
-0
-0
-0
-0
-0
-0
-0
-0
-0
-0
-0
-0
0
0
0
0
0
0
0
0
0
0
0
0
0
0
0
0
0
0
0
0
0
0
0
0
0
0
0
0
0
0
0
0
0
0
0
0
0
0
0
0
0
0
0
0
0
0
0
0
0
0
-0
-0
-0
-0
-0
-0
-0
-0
-0
-0
-0
-0
-0
-0
-0
-0
-0
-0
-0
-0
-0
-0
-0
-0
-0
-0
-0
-0
-0
-0
-0
-0
-0
-0
-0
-0
-0
-0
-0
-0
-0
-0
-0
-0
-0
-0
-0
-0
-0
-0
-0
0
0
0
0
0
0
0
0
0
0
0
0
0
0
0
0
0
0
0
0
0
0
0
0
0
0
0
0
0
0
0
0
0
0
0
0
0
0
0
0
0
0
0
0
0
0
0
0
0
0
-0
-0
-0
-0
-0
-0
-0
-0
-0
-0
-0
-0
-0
-0
-0
-0
-0
-0
-0
-0
-0
-0
-0
-0
-0
-0
-0
-0
-0
-0
-0
-0
-0
-0
-0
-0
-0
-0
-0
-0
-0
-0
-0
-0
-0
-0
-0
-0
-0
0
0
0
0
0
0
0
0
0
0
0
0
0
0
0
0
0
0
0
0
0
0
0
0
0
0
0
0
0
0
0
0
0
0
0
0
0
0
0
0
0
0
0
0
0
0
0
0
0
0
-0
-0
-0
-0
-0
-0
-0
-0
-0
-0
-0
-0
-0
-0
-0
-0
-0
-0
-0
-0
-0
-0
-0
-0
-0
-0
-0
-0
-0
-0
-0
-0
-0
-0
-0
-0
-0
-0
-0
-0
-0
-0
-0
-0
-0
-0
-0
-0
-0
-0
0
0
0
0
0
0
0
0
0
0
0
0
0
0
0
0
0
0
0
0
0
0
0
0
0
0
0
0
0
0
0
0
0
0
0
0
0
0
0
0
0
0
0
0
0
0
0
0
0
0
-0
-0
-0
-0
-0
-0
-0
-0
-0
-0
-0
-0
-0
-0
-0
-0
-0
-0
-0
-0
-0
-0
-0
-0
-0
-0
-0
-0
-0
-0
-0
-0
-0
-0
-0
-0
-0
-0
-0
-0
-0
-0
-0
-0
-0
-0
-0
-0
-0
-0
-0
0
0
0
0
0
0
0
0
0
0
0
0
0
0
0
0
0
0
0
0
0
0
0
0
0
0
0
0
0
0
0
0
0
0
0
0
0
0
0
0
0
0
0
0
0
0
0
0
0
0
-0
-0
-0
-0
-0
-0
-0
-0
-0
-0
-0
-0
-0
-0
-0
-0
-0
-0
-0
-0
-0
-0
-0
-0
-0
-0
-0
-0
-0
-0
-0
-0
-0
-0
-0
-0
-0
-0
-0
-0
-0
-0
-0
-0
-0
-0
-0
-0
-0
-0
0
0
0
0
0
0
0
0
0
0
0
0
0
0
0
0
0
0
0
0
0
0
0
0
0
0
0
0
0
0
0
0
0
0
0
0
0
0
0
0
0
0
0
0
0
0
0
0
0
-0
-0
-0
-0
-0
-0
-0
-0
-0
-0
-0
-0
-0
-0
-0
-0
-0
-0
-0
-0
-0
-0
-0
-0
-0
-0
-0
-0
-0
-0
-0
-0
-0
-0
-0
-0
-0
-0
-0
-0
-0
-0
-0
-0
-0
-0
-0
-0
-0
-0
0
0
0
0
0
0
0
0
0
0
0
0
0
0
0
0
0
0
0
0
0
0
0
0
0
0
0
0
0
0
0
0
0
0
0
0
0
0
0
0
0
0
0
0
0
0
0
0
0
0
0
-0
-0
-0
-0
-0
-0
-0
-0
-0
-0
-0
-0
-0
-0
-0
-0
-0
-0
-0
-0
-0
-0
-0
-0
-0
-0
-0
-0
-0
-0
-0
-0
-0
-0
-0
-0
-0
-0
-0
-0
-0
-0
-0
-0
-0
-0
-0
-0
-0
-0
0
0
0
0
0
0
0
0
0
0
0
0
0
0
0
0
0
0
0
0
0
0
0
0
0
0
0
0
0
0
0
0
0
0
0
0
0
0
0
0
0
0
0
0
0
0
0
0
0
0
-0
-0
-0
-0
-0
-0
-0
-0
-0
-0
-0
-0
-0
-0
-0
-0
-0
-0
-0
-0
-0
-0
-0
-0
-0
-0
-0
-0
-0
-0
-0
-0
-0
-0
-0
-0
-0
-0
-0
-0
-0
-0
-0
-0
-0
-0
-0
-0
-0
0
0
0
0
0
0
0
0
0
0
0
0
0
0
0
0
0
0
0
0
0
0
0
0
0
0
0
0
0
0
0
0
0
0
0
0
0
0
0
0
0
0
0
0
0
0
0
0
0
0
-0
-0
-0
-0
-0
-0
-0
-0
-0
-0
-0
-0
-0
-0
-0
-0
-0
-0
-0
-0
-0
-0
-0
-0
-0
-0
-0
-0
-0
-0
-0
-0
-0
-0
-0
-0
-0
-0
-0
-0
-0
-0
-0
-0
-0
-0
-0
-0
-0
-0
-0
0
0
0
0
0
0
0
0
0
0
0
0
0
0
0
0
0
0
0
0
0
0
0
0
0
0
0
0
0
0
0
0
0
0
0
0
0
0
0
0
0
0
0
0
0
0
0
0
0
0
-0
-0
-0
-0
-0
-0
-0
-0
-0
-0
-0
-0
-0
-0
-0
-0
-0
-0
-0
-0
-0
-0
-0
-0
-0
-0
-0
-0
-0
-0
-0
-0
-0
-0
-0
-0
-0
-0
-0
-0
-0
-0
-0
-0
-0
-0
-0
-0
-0
-0
0
0
0
0
0
0
0
0
0
0
0
0
0
0
0
0
0
0
0
0
0
0
0
0
0
0
0
0
0
0
0
0
0
0
0
0
0
0
0
0
0
0
0
0
0
0
0
0
0
-0
-0
-0
-0
-0
-0
-0
-0
-0
-0
-0
-0
-0
-0
-0
-0
-0
-0
-0
-0
-0
-0
-0
-0
-0
-0
-0
-0
-0
-0
-0
-0
-0
-0
-0
-0
-0
-0
-0
-0
-0
-0
-0
-0
-0
-0
-0
-0
-0
-0
0
0
0
0
0
0
0
0
0
0
0
0
0
0
0
0
0
0
0
0
0
0
0
0
0
0
0
0
0
0
0
0
0
0
0
0
0
0
0
0
0
0
0
0
0
0
0
0
0
0
-0
-2.4488e-08
-9.776e-08
-2.1924e-07
-3.8796e-07
-6.0258e-07
-8.6141e-07
-1.1624e-06
-1.5031e-06
-1.8808e-06
-2.2924e-06
-2.7345e-06
-3.2037e-06
-3.6959e-06
-4.207e-06
-4.7327e-06
-5.2686e-06
-5.8099e-06
-6.3519e-06
-6.8896e-06
-7.4182e-06
-7.9327e-06
-8.428e-06
-8.8993e-06
-9.3415e-06
-9.75e-06
-1.012e-05
-1.0447e-05
-1.0727e-05
-1.0955e-05
-1.1127e-05
-1.1241e-05
-1.1292e-05
-1.1278e-05
-1.1196e-05
-1.1043e-05
-1.0818e-05
-1.0519e-05
-1.0145e-05
-9.6952e-06
-9.1694e-06
-8.5679e-06
-7.8911e-06
-7.1403e-06
-6.317e-06
-5.4232e-06
-4.4615e-06
-3.4347e-06
-2.3462e-06
-1.1999e-06
-2.1013e-19
1.2489e-06
2.5418e-06
3.8732e-06
5.2374e-06
6.6284e-06
8.0398e-06
9.4651e-06
1.0897e-05
1.2329e-05
1.3754e-05
1.5164e-05
1.6552e-05
1.7911e-05
1.9232e-05
2.0509e-05
2.1733e-05
2.2898e-05
2.3996e-05
2.502e-05
2.5964e-05
2.682e-05
2.7583e-05
2.8246e-05
2.8803e-05
2.925e-05
2.9582e-05
2.9793e-05
2.9881e-05
2.9842e-05
2.9673e-05
2.9372e-05
2.8936e-05
2.8366e-05
2.766e-05
2.6819e-05
2.5843e-05
2.4734e-05
2.3494e-05
2.2125e-05
2.0631e-05
1.9016e-05
1.7285e-05
1.5443e-05
1.3495e-05
1.1449e-05
9.3109e-06
7.0886e-06
4.7902e-06
2.4243e-06
-1.3762e-18
-2.4733e-06
-4.9858e-06
-7.5271e-06
-1.0087e-05
-1.2654e-05
-1.5218e-05
-1.7768e-05
-2.0291e-05
-2.2778e-05
-2.5216e-05
-2.7594e-05
-2.9901e-05
-3.2126e-05
-3.4257e-05
-3.6284e-05
-3.8197e-05
-3.9986e-05
-4.164e-05
-4.3151e-05
-4.4509e-05
-4.5707e-05
-4.6737e-05
-4.7592e-05
-4.8265e-05
-4.875e-05
-4.9043e-05
-4.9139e-05
-4.9036e-05
-4.8729e-05
-4.8219e-05
-4.7502e-05
-4.658e-05
-4.5454e-05
-4.4125e-05
-4.2595e-05
-4.0868e-05
-3.8949e-05
-3.6842e-05
-3.4555e-05
-3.2093e-05
-2.9465e-05
-2.668e-05
-2.3746e-05
-2.0674e-05
-1.7475e-05
-1.416e-05
-1.0743e-05
-7.2342e-06
-3.6488e-06
1.4336e-18
3.6977e-06
7.4298e-06
1.1181e-05
1.4936e-05
1.868e-05
2.2397e-05
2.607e-05
2.9686e-05
3.3227e-05
3.6678e-05
4.0024e-05
4.325e-05
4.6341e-05
4.9282e-05
5.206e-05
5.4662e-05
5.7074e-05
5.9284e-05
6.1282e-05
6.3055e-05
6.4595e-05
6.5892e-05
6.6938e-05
6.7726e-05
6.825e-05
6.8505e-05
6.8486e-05
6.819e-05
6.7617e-05
6.6764e-05
6.5633e-05
6.4225e-05
6.2542e-05
6.0589e-05
5.8371e-05
5.5893e-05
5.3164e-05
5.0191e-05
4.6985e-05
4.3555e-05
3.9914e-05
3.6074e-05
3.2048e-05
2.7852e-05
2.3501e-05
1.901e-05
1.4397e-05
9.6782e-06
4.8732e-06
3.3632e-18
-4.9221e-06
-9.8738e-06
-1.4835e-05
-1.9786e-05
-2.4706e-05
-2.9575e-05
-3.4373e-05
-3.908e-05
-4.3675e-05
-4.814e-05
-5.2454e-05
-5.6598e-05
-6.0555e-05
-6.4307e-05
-6.7836e-05
-7.1126e-05
-7.4162e-05
-7.6928e-05
-7.9412e-05
-8.1601e-05
-8.3482e-05
-8.5046e-05
-8.6284e-05
-8.7188e-05
-8.775e-05
-8.7966e-05
-8.7832e-05
-8.7345e-05
-8.6504e-05
-8.531e-05
-8.3764e-05
-8.1869e-05
-7.963e-05
-7.7053e-05
-7.4146e-05
-7.0918e-05
-6.7379e-05
-6.354e-05
-5.9414e-05
-5.5017e-05
-5.0362e-05
-4.5468e-05
-4.0351e-05
-3.5031e-05
-2.9527e-05
-2.3859e-05
-1.805e-05
-1.2122e-05
-6.0976e-06
-5.2551e-18
6.1466e-06
1.2318e-05
1.8489e-05
2.4635e-05
3.0732e-05
3.6754e-05
4.2676e-05
4.8474e-05
5.4124e-05
5.9601e-05
6.4883e-05
6.9947e-05
7.477e-05
7.9332e-05
8.3612e-05
8.7591e-05
9.125e-05
9.4573e-05
9.7543e-05
0.00010015
0.00010237
0.0001042
0.00010563
0.00010665
0.00010725
0.00010743
0.00010718
0.0001065
0.00010539
0.00010386
0.00010189
9.9513e-05
9.6718e-05
9.3518e-05
8.9922e-05
8.5943e-05
8.1593e-05
7.6888e-05
7.1844e-05
6.6479e-05
6.0811e-05
5.4862e-05
4.8654e-05
4.2209e-05
3.5552e-05
2.8709e-05
2.1704e-05
1.4566e-05
7.322e-06
7.5674e-18
-7.371e-06
-1.4762e-05
-2.2143e-05
-2.9485e-05
-3.6758e-05
-4.3932e-05
-5.0979e-05
-5.7868e-05
-6.4572e-05
-7.1063e-05
-7.7313e-05
-8.3296e-05
-8.8985e-05
-9.4357e-05
-9.9388e-05
-0.00010405
-0.00010834
-0.00011222
-0.00011567
-0.00011869
-0.00012126
-0.00012336
-0.00012498
-0.00012611
-0.00012675
-0.00012689
-0.00012652
-0.00012565
-0.00012428
-0.0001224
-0.00012002
-0.00011716
-0.00011381
-0.00010998
-0.0001057
-0.00010097
-9.5808e-05
-9.0237e-05
-8.4274e-05
-7.794e-05
-7.126e-05
-6.4256e-05
-5.6956e-05
-4.9388e-05
-4.1578e-05
-3.3558e-05
-2.5358e-05
-1.701e-05
-8.5464e-06
-2.5411e-18
8.5954e-06
1.7206e-05
2.5797e-05
3.4334e-05
4.2783e-05
5.111e-05
5.9281e-05
6.7262e-05
7.5021e-05
8.2525e-05
8.9743e-05
9.6644e-05
0.0001032
0.00010938
0.00011516
0.00012052
0.00012543
0.00012986
0.0001338
0.00013724
0.00014014
0.00014251
0.00014432
0.00014557
0.00014625
0.00014635
0.00014587
0.00014481
0.00014317
0.00014095
0.00013816
0.0001348
0.00013089
0.00012645
0.00012147
0.00011599
0.00011002
0.00010359
9.6704e-05
8.9402e-05
8.1708e-05
7.3651e-05
6.5259e-05
5.6566e-05
4.7604e-05
3.8408e-05
2.9012e-05
1.9454e-05
9.7708e-06
1.3453e-17
-9.8198e-06
-1.965e-05
-2.9451e-05
-3.9184e-05
-4.8809e-05
-5.8289e-05
-6.7584e-05
-7.6657e-05
-8.547e-05
-9.3987e-05
-0.00010217
-0.00010999
-0.00011741
-0.00012441
-0.00013094
-0.00013698
-0.00014251
-0.0001475
-0.00015193
-0.00015578
-0.00015903
-0.00016166
-0.00016367
-0.00016503
-0.00016575
-0.00016581
-0.00016522
-0.00016396
-0.00016205
-0.00015949
-0.00015629
-0.00015245
-0.00014798
-0.00014291
-0.00013725
-0.00013102
-0.00012424
-0.00011693
-0.00010913
-0.00010086
-9.2157e-05
-8.3045e-05
-7.3562e-05
-6.3744e-05
-5.363e-05
-4.3257e-05
-3.2666e-05
-2.1898e-05
-1.0995e-05
-7.0511e-18
1.1044e-05
2.2094e-05
3.3105e-05
4.4033e-05
5.4835e-05
6.5467e-05
7.5887e-05
8.6051e-05
9.5918e-05
0.00010545
0.0001146
0.00012334
0.00013163
0.00013943
0.00014672
0.00015345
0.0001596
0.00016515
0.00017007
0.00017433
0.00017792
0.00018082
0.00018302
0.0001845
0.00018525
0.00018527
0.00018456
0.00018312
0.00018094
0.00017804
0.00017442
0.00017009
0.00016507
0.00015938
0.00015303
0.00014604
0.00013845
0.00013028
0.00012156
0.00011233
0.00010261
9.2439e-05
8.1865e-05
7.0923e-05
5.9656e-05
4.8107e-05
3.632e-05
2.4342e-05
1.222e-05
9.9169e-18
-1.2195e-05
-2.4293e-05
-3.6247e-05
-4.801e-05
-5.9535e-05
-7.0779e-05
-8.1699e-05
-9.2251e-05
-0.0001024
-0.0001121
-0.00012131
-0.00013002
-0.00013817
-0.00014574
-0.00015271
-0.00015905
-0.00016473
-0.00016974
-0.00017405
-0.00017767
-0.00018056
-0.00018273
-0.00018418
-0.00018488
-0.00018486
-0.00018411
-0.00018263
-0.00018044
-0.00017754
-0.00017396
-0.0001697
-0.0001648
-0.00015926
-0.00015312
-0.0001464
-0.00013913
-0.00013135
-0.00012307
-0.00011435
-0.00010522
-9.5709e-05
-8.5863e-05
-7.5721e-05
-6.5324e-05
-5.4715e-05
-4.3936e-05
-3.3032e-05
-2.2045e-05
-1.102e-05
-1.0811e-17
1.0971e-05
2.1849e-05
3.2593e-05
4.316e-05
5.3509e-05
6.3601e-05
7.3396e-05
8.2857e-05
9.1948e-05
0.00010063
0.00010888
0.00011667
0.00012395
0.00013072
0.00013693
0.00014258
0.00014764
0.00015209
0.00015592
0.00015912
0.00016168
0.00016358
0.00016483
0.00016542
0.00016536
0.00016464
0.00016328
0.00016128
0.00015865
0.00015541
0.00015157
0.00014715
0.00014217
0.00013665
0.00013062
0.00012411
0.00011713
0.00010973
0.00010192
9.3758e-05
8.5261e-05
7.6469e-05
6.7418e-05
5.8145e-05
4.8689e-05
3.9087e-05
2.9378e-05
1.9601e-05
9.7953e-06
2.4393e-18
-9.7463e-06
-1.9405e-05
-2.8939e-05
-3.8311e-05
-4.7484e-05
-5.6422e-05
-6.5093e-05
-7.3463e-05
-8.1499e-05
-8.9173e-05
-9.6455e-05
-0.00010332
-0.00010974
-0.00011569
-0.00012116
-0.00012612
-0.00013055
-0.00013445
-0.00013779
-0.00014058
-0.00014279
-0.00014443
-0.00014548
-0.00014596
-0.00014586
-0.00014518
-0.00014394
-0.00014213
-0.00013977
-0.00013687
-0.00013344
-0.00012951
-0.00012508
-0.00012019
-0.00011485
-0.00010908
-0.00010292
-9.6377e-05
-8.9494e-05
-8.2296e-05
-7.4812e-05
-6.7075e-05
-5.9115e-05
-5.0967e-05
-4.2663e-05
-3.4237e-05
-2.5724e-05
-1.7157e-05
-8.5709e-06
-1.1338e-17
8.5219e-06
1.6961e-05
2.5285e-05
3.3461e-05
4.1458e-05
4.9244e-05
5.679e-05
6.4068e-05
7.1051e-05
7.7711e-05
8.4025e-05
8.997e-05
9.5524e-05
0.00010067
0.00010538
0.00010965
0.00011346
0.0001168
0.00011966
0.00012203
0.0001239
0.00012527
0.00012614
0.0001265
0.00012636
0.00012572
0.00012459
0.00012297
0.00012088
0.00011832
0.00011531
0.00011186
0.000108
0.00010373
9.9072e-05
9.4057e-05
8.8701e-05
8.3029e-05
7.7065e-05
7.0834e-05
6.4364e-05
5.768e-05
5.0813e-05
4.3788e-05
3.6637e-05
2.9388e-05
2.207e-05
1.4713e-05
7.3465e-06
4.3422e-18
-7.2975e-06
-1.4517e-05
-2.1631e-05
-2.8612e-05
-3.5432e-05
-4.2066e-05
-4.8488e-05
-5.4674e-05
-6.0602e-05
-6.6249e-05
-7.1595e-05
-7.6621e-05
-8.1309e-05
-8.5643e-05
-8.9607e-05
-9.3188e-05
-9.6376e-05
-9.916e-05
-0.00010153
-0.00010348
-0.00010501
-0.00010612
-0.00010679
-0.00010704
-0.00010686
-0.00010626
-0.00010524
-0.00010382
-0.00010199
-9.9775e-05
-9.718e-05
-9.422e-05
-9.0908e-05
-8.7261e-05
-8.3296e-05
-7.9032e-05
-7.4486e-05
-6.968e-05
-6.4635e-05
-5.9372e-05
-5.3915e-05
-4.8286e-05
-4.251e-05
-3.661e-05
-3.0611e-05
-2.4538e-05
-1.8416e-05
-1.2269e-05
-6.1221e-06
-4.663e-18
6.0731e-06
1.2073e-05
1.7977e-05
2.3762e-05
2.9406e-05
3.4887e-05
4.0185e-05
4.528e-05
5.0153e-05
5.4787e-05
5.9166e-05
6.3273e-05
6.7094e-05
7.0618e-05
7.3831e-05
7.6724e-05
7.9288e-05
8.1516e-05
8.3401e-05
8.4939e-05
8.6126e-05
8.6962e-05
8.7445e-05
8.7577e-05
8.736e-05
8.6798e-05
8.5897e-05
8.4663e-05
8.3104e-05
8.123e-05
7.905e-05
7.6576e-05
7.382e-05
7.0797e-05
6.7521e-05
6.4007e-05
6.0271e-05
5.6331e-05
5.2205e-05
4.791e-05
4.3466e-05
3.8892e-05
3.4207e-05
2.9432e-05
2.4585e-05
1.9689e-05
1.4762e-05
9.8249e-06
4.8977e-06
4.5633e-18
-4.8487e-06
-9.6294e-06
-1.4323e-05
-1.8913e-05
-2.338e-05
-2.7709e-05
-3.1882e-05
-3.5886e-05
-3.9705e-05
-4.3326e-05
-4.6736e-05
-4.9924e-05
-5.2879e-05
-5.5593e-05
-5.8055e-05
-6.026e-05
-6.22e-05
-6.3872e-05
-6.527e-05
-6.6393e-05
-6.7239e-05
-6.7807e-05
-6.8099e-05
-6.8115e-05
-6.786e-05
-6.7337e-05
-6.6551e-05
-6.5509e-05
-6.4217e-05
-6.2684e-05
-6.0919e-05
-5.8931e-05
-5.6732e-05
-5.4333e-05
-5.1745e-05
-4.8982e-05
-4.6056e-05
-4.2983e-05
-3.9775e-05
-3.6449e-05
-3.3018e-05
-2.9498e-05
-2.5904e-05
-2.2253e-05
-1.856e-05
-1.4839e-05
-1.1108e-05
-7.3809e-06
-3.6732e-06
-7.4004e-19
3.6243e-06
7.1854e-06
1.0669e-05
1.4063e-05
1.7354e-05
2.053e-05
2.358e-05
2.6492e-05
2.9256e-05
3.1864e-05
3.4306e-05
3.6575e-05
3.8664e-05
4.0568e-05
4.2279e-05
4.3795e-05
4.5112e-05
4.6228e-05
4.714e-05
4.7848e-05
4.8352e-05
4.8653e-05
4.8753e-05
4.8654e-05
4.836e-05
4.7875e-05
4.7205e-05
4.6354e-05
4.533e-05
4.4139e-05
4.2788e-05
4.1287e-05
3.9644e-05
3.7868e-05
3.5969e-05
3.3957e-05
3.1841e-05
2.9634e-05
2.7345e-05
2.4987e-05
2.2569e-05
2.0104e-05
1.7602e-05
1.5075e-05
1.2534e-05
9.9899e-06
7.454e-06
4.9369e-06
2.4488e-06
3.1027e-18
-2.3999e-06
-4.7414e-06
-7.0156e-06
-9.214e-06
-1.1329e-05
-1.3352e-05
-1.5277e-05
-1.7097e-05
-1.8808e-05
-2.0402e-05
-2.1876e-05
-2.3227e-05
-2.445e-05
-2.5543e-05
-2.6503e-05
-2.7331e-05
-2.8024e-05
-2.8583e-05
-2.9009e-05
-2.9302e-05
-2.9464e-05
-2.9498e-05
-2.9406e-05
-2.9192e-05
-2.886e-05
-2.8414e-05
-2.7859e-05
-2.72e-05
-2.6442e-05
-2.5593e-05
-2.4658e-05
-2.3643e-05
-2.2556e-05
-2.1404e-05
-2.0193e-05
-1.8932e-05
-1.7626e-05
-1.6285e-05
-1.4916e-05
-1.3525e-05
-1.212e-05
-1.0709e-05
-9.299e-06
-7.8963e-06
-6.5079e-06
-5.1404e-06
-3.8001e-06
-2.4929e-06
-1.2244e-06
-6.554e-19
1.1754e-06
2.2974e-06
3.3616e-06
4.3645e-06
5.3027e-06
6.1734e-06
6.9743e-06
7.7032e-06
8.3589e-06
8.9402e-06
9.4466e-06
9.878e-06
1.0235e-05
1.0518e-05
1.0728e-05
1.0867e-05
1.0936e-05
1.0939e-05
1.0878e-05
1.0756e-05
1.0577e-05
1.0343e-05
1.006e-05
9.7308e-06
9.36e-06
8.9523e-06
8.5123e-06
8.0449e-06
7.5549e-06
7.0473e-06
6.527e-06
5.999e-06
5.4682e-06
4.9393e-06
4.4172e-06
3.9065e-06
3.4116e-06
2.9367e-06
2.486e-06
2.0631e-06
1.6718e-06
1.3152e-06
9.9632e-07
7.1784e-07
4.8207e-07
2.9097e-07
1.4616e-07
4.888e-08
0
0
-0
-0
-0
-0
-0
-0
-0
-0
-0
-0
-0
-0
-0
-0
-0
-0
-0
-0
-0
-0
-0
-0
-0
-0
-0
-0
-0
-0
-0
-0
-0
-0
-0
-0
-0
-0
-0
-0
-0
-0
-0
-0
-0
-0
-0
-0
-0
-0
-0
-0
0
0
0
0
0
0
0
0
0
0
0
0
0
0
0
0
0
0
0
0
0
0
0
0
0
0
0
0
0
0
0
0
0
0
0
0
0
0
0
0
0
0
0
0
0
0
0
0
0
0
-0
-0
-0
-0
-0
-0
-0
-0
-0
-0
-0
-0
-0
-0
-0
-0
-0
-0
-0
-0
-0
-0
-0
-0
-0
-0
-0
-0
-0
-0
-0
-0
-0
-0
-0
-0
-0
-0
-0
-0
-0
-0
-0
-0
-0
-0
-0
-0
-0
-0
0
0
0
0
0
0
0
0
0
0
0
0
0
0
0
0
0
0
0
0
0
0
0
0
0
0
0
0
0
0
0
0
0
0
0
0
0
0
0
0
0
0
0
0
0
0
0
0
0
0
-0
-0
-0
-0
-0
-0
-0
-0
-0
-0
-0
-0
-0
-0
-0
-0
-0
-0
-0
-0
-0
-0
-0
-0
-0
-0
-0
-0
-0
-0
-0
-0
-0
-0
-0
-0
-0
-0
-0
-0
-0
-0
-0
-0
-0
-0
-0
-0
-0
-0
0
0
0
0
0
0
0
0
0
0
0
0
0
0
0
0
0
0
0
0
0
0
0
0
0
0
0
0
0
0
0
0
0
0
0
0
0
0
0
0
0
0
0
0
0
0
0
0
0
0
-0
-0
-0
-0
-0
-0
-0
-0
-0
-0
-0
-0
-0
-0
-0
-0
-0
-0
-0
-0
-0
-0
-0
-0
-0
-0
-0
-0
-0
-0
-0
-0
-0
-0
-0
-0
-0
-0
-0
-0
-0
-0
-0
-0
-0
-0
-0
-0
-0
-0
0
0
0
0
0
0
0
0
0
0
0
0
0
0
0
0
0
0
0
0
0
0
0
0
0
0
0
0
0
0
0
0
0
0
0
0
0
0
0
0
0
0
0
0
0
0
0
0
0
0
-0
-0
-0
-0
-0
-0
-0
-0
-0
-0
-0
-0
-0
-0
-0
-0
-0
-0
-0
-0
-0
-0
-0
-0
-0
-0
-0
-0
-0
-0
-0
-0
-0
-0
-0
-0
-0
-0
-0
-0
-0
-0
-0
-0
-0
-0
-0
-0
-0
-0
0
0
0
0
0
0
0
0
0
0
0
0
0
0
0
0
0
0
0
0
0
0
0
0
0
0
0
0
0
0
0
0
0
0
0
0
0
0
0
0
0
0
0
0
0
0
0
0
0
0
-0
-0
-0
-0
-0
-0
-0
-0
-0
-0
-0
-0
-0
-0
-0
-0
-0
-0
-0
-0
-0
-0
-0
-0
-0
-0
-0
-0
-0
-0
-0
-0
-0
-0
-0
-0
-0
-0
-0
-0
-0
-0
-0
-0
-0
-0
-0
-0
-0
-0
0
0
0
0
0
0
0
0
0
0
0
0
0
0
0
0
0
0
0
0
0
0
0
0
0
0
0
0
0
0
0
0
0
0
0
0
0
0
0
0
0
0
0
0
0
0
0
0
0
0
-0
-0
-0
-0
-0
-0
-0
-0
-0
-0
-0
-0
-0
-0
-0
-0
-0
-0
-0
-0
-0
-0
-0
-0
-0
-0
-0
-0
-0
-0
-0
-0
-0
-0
-0
-0
-0
-0
-0
-0
-0
-0
-0
-0
-0
-0
-0
-0
-0
-0
0
0
0
0
0
0
0
0
0
0
0
0
0
0
0
0
0
0
0
0
0
0
0
0
0
0
0
0
0
0
0
0
0
0
0
0
0
0
0
0
0
0
0
0
0
0
0
0
0
0
-0
-0
-0
-0
-0
-0
-0
-0
-0
-0
-0
-0
-0
-0
-0
-0
-0
-0
-0
-0
-0
-0
-0
-0
-0
-0
-0
-0
-0
-0
-0
-0
-0
-0
-0
-0
-0
-0
-0
-0
-0
-0
-0
-0
-0
-0
-0
-0
-0
-0
0
0
0
0
0
0
0
0
0
0
0
0
0
0
0
0
0
0
0
0
0
0
0
0
0
0
0
0
0
0
0
0
0
0
0
0
0
0
0
0
0
0
0
0
0
0
0
0
0
0
-0
-0
-0
-0
-0
-0
-0
-0
-0
-0
-0
-0
-0
-0
-0
-0
-0
-0
-0
-0
-0
-0
-0
-0
-0
-0
-0
-0
-0
-0
-0
-0
-0
-0
-0
-0
-0
-0
-0
-0
-0
-0
-0
-0
-0
-0
-0
-0
-0
-0
0
0
0
0
0
0
0
0
0
0
0
0
0
0
0
0
0
0
0
0
0
0
0
0
0
0
0
0
0
0
0
0
0
0
0
0
0
0
0
0
0
0
0
0
0
0
0
0
0
0
-0
-0
-0
-0
-0
-0
-0
-0
-0
-0
-0
-0
-0
-0
-0
-0
-0
-0
-0
-0
-0
-0
-0
-0
-0
-0
-0
-0
-0
-0
-0
-0
-0
-0
-0
-0
-0
-0
-0
-0
-0
-0
-0
-0
-0
-0
-0
-0
-0
-0
0
0
0
0
0
0
0
0
0
0
0
0
0
0
0
0
0
0
0
0
0
0
0
0
0
0
0
0
0
0
0
0
0
0
0
0
0
0
0
0
0
0
0
0
0
0
0
0
0
0
-0
-0
-0
-0
-0
-0
-0
-0
-0
-0
-0
-0
-0
-0
-0
-0
-0
-0
-0
-0
-0
-0
-0
-0
-0
-0
-0
-0
-0
-0
-0
-0
-0
-0
-0
-0
-0
-0
-0
-0
-0
-0
-0
-0
-0
-0
-0
-0
-0
-0
0
0
0
0
0
0
0
0
0
0
0
0
0
0
0
0
0
0
0
0
0
0
0
0
0
0
0
0
0
0
0
0
0
0
0
0
0
0
0
0
0
0
0
0
0
0
0
0
0
-0
-0
-0
-0
-0
-0
-0
-0
-0
-0
-0
-0
-0
-0
-0
-0
-0
-0
-0
-0
-0
-0
-0
-0
-0
-0
-0
-0
-0
-0
-0
-0
-0
-0
-0
-0
-0
-0
-0
-0
-0
-0
-0
-0
-0
-0
-0
-0
-0
-0
-0
0
0
0
0
0
0
0
0
0
0
0
0
0
0
0
0
0
0
0
0
0
0
0
0
0
0
0
0
0
0
0
0
0
0
0
0
0
0
0
0
0
0
0
0
0
0
0
0
0
0
-0
-0
-0
-0
-0
-0
-0
-0
-0
-0
-0
-0
-0
-0
-0
-0
-0
-0
-0
-0
-0
-0
-0
-0
-0
-0
-0
-0
-0
-0
-0
-0
-0
-0
-0
-0
-0
-0
-0
-0
-0
-0
-0
-0
-0
-0
-0
-0
-0
0
0
0
0
0
0
0
0
0
0
0
0
0
0
0
0
0
0
0
0
0
0
0
0
0
0
0
0
0
0
0
0
0
0
0
0
0
0
0
0
0
0
0
0
0
0
0
0
0
0
0
-0
-0
-0
-0
-0
-0
-0
-0
-0
-0
-0
-0
-0
-0
-0
-0
-0
-0
-0
-0
-0
-0
-0
-0
-0
-0
-0
-0
-0
-0
-0
-0
-0
-0
-0
-0
-0
-0
-0
-0
-0
-0
-0
-0
-0
-0
-0
-0
-0
-0
0
0
0
0
0
0
0
0
0
0
0
0
0
0
0
0
0
0
0
0
0
0
0
0
0
0
0
0
0
0
0
0
0
0
0
0
0
0
0
0
0
0
0
0
0
0
0
0
0
0
-0
-0
-0
-0
-0
-0
-0
-0
-0
-0
-0
-0
-0
-0
-0
-0
-0
-0
-0
-0
-0
-0
-0
-0
-0
-0
-0
-0
-0
-0
-0
-0
-0
-0
-0
-0
-0
-0
-0
-0
-0
-0
-0
-0
-0
-0
-0
-0
-0
-0
0
0
0
0
0
0
0
0
0
0
0
0
0
0
0
0
0
0
0
0
0
0
0
0
0
0
0
0
0
0
0
0
0
0
0
0
0
0
0
0
0
0
0
0
0
0
0
0
0
-0
-0
-0
-0
-0
-0
-0
-0
-0
-0
-0
-0
-0
-0
-0
-0
-0
-0
-0
-0
-0
-0
-0
-0
-0
-0
-0
-0
-0
-0
-0
-0
-0
-0
-0
-0
-0
-0
-0
-0
-0
-0
-0
-0
-0
-0
-0
-0
-0
-0
-0
0
0
0
0
0
0
0
0
0
0
0
0
0
0
0
0
0
0
0
0
0
0
0
0
0
0
0
0
0
0
0
0
0
0
0
0
0
0
0
0
0
0
0
0
0
0
0
0
0
-0
-0
-0
-0
-0
-0
-0
-0
-0
-0
-0
-0
-0
-0
-0
-0
-0
-0
-0
-0
-0
-0
-0
-0
-0
-0
-0
-0
-0
-0
-0
-0
-0
-0
-0
-0
-0
-0
-0
-0
-0
-0
-0
-0
-0
-0
-0
-0
-0
-0
-0
0
0
0
0
0
0
0
0
0
0
0
0
0
0
0
0
0
0
0
0
0
0
0
0
0
0
0
0
0
0
0
0
0
0
0
0
0
0
0
0
0
0
0
0
0
0
0
0
0
0
-0
-0
-0
-0
-0
-0
-0
-0
-0
-0
-0
-0
-0
-0
-0
-0
-0
-0
-0
-0
-0
-0
-0
-0
-0
-0
-0
-0
-0
-0
-0
-0
-0
-0
-0
-0
-0
-0
-0
-0
-0
-0
-0
-0
-0
-0
-0
-0
-0
-0
0
0
0
0
0
0
0
0
0
0
0
0
0
0
0
0
0
0
0
0
0
0
0
0
0
0
0
0
0
0
0
0
0
0
0
0
0
0
0
0
0
0
0
0
0
0
0
0
0
0
-0
-0
-0
-0
-0
-0
-0
-0
-0
-0
-0
-0
-0
-0
-0
-0
-0
-0
-0
-0
-0
-0
-0
-0
-0
-0
-0
-0
-0
-0
-0
-0
-0
-0
-0
-0
-0
-0
-0
-0
-0
-0
-0
-0
-0
-0
-0
-0
-0
-0
0
0
0
0
0
0
0
0
0
0
0
0
0
0
0
0
0
0
0
0
0
0
0
0
0
0
0
0
0
0
0
0
0
0
0
0
0
0
0
0
0
0
0
0
0
0
0
0
0
0
-0
-0
-0
-0
-0
-0
-0
-0
-0
-0
-0
-0
-0
-0
-0
-0
-0
-0
-0
-0
-0
-0
-0
-0
-0
-0
-0
-0
-0
-0
-0
-0
-0
-0
-0
-0
-0
-0
-0
-0
-0
-0
-0
-0
-0
-0
-0
-0
-0
-0
0
0
0
0
0
0
0
0
0
0
0
0
0
0
0
0
0
0
0
0
0
0
0
0
0
0
0
0
0
0
0
0
0
0
0
0
0
0
0
0
0
0
0
0
0
0
0
0
0
-0
-0
-0
-0
-0
-0
-0
-0
-0
-0
-0
-0
-0
-0
-0
-0
-0
-0
-0
-0
-0
-0
-0
-0
-0
-0
-0
-0
-0
-0
-0
-0
-0
-0
-0
-0
-0
-0
-0
-0
-0
-0
-0
-0
-0
-0
-0
-0
-0
-0
-0
0
0
0
0
0
0
0
0
0
0
0
0
0
0
0
0
0
0
0
0
0
0
0
0
0
0
0
0
0
0
0
0
0
0
0
0
0
0
0
0
0
0
0
0
0
0
0
0
0
-0
-0
-0
-0
-0
-0
-0
-0
-0
-0
-0
-0
-0
-0
-0
-0
-0
-0
-0
-0
-0
-0
-0
-0
-0
-0
-0
-0
-0
-0
-0
-0
-0
-0
-0
-0
-0
-0
-0
-0
-0
-0
-0
-0
-0
-0
-0
-0
-0
-0
-0
0
0
0
0
0
0
0
0
0
0
0
0
0
0
0
0
0
0
0
0
0
0
0
0
0
0
0
0
0
0
0
0
0
0
0
0
0
0
0
0
0
0
0
0
0
0
0
0
0
0
-0
-0
-0
-0
-0
-0
-0
-0
-0
-0
-0
-0
-0
-0
-0
-0
-0
-0
-0
-0
-0
-0
-0
-0
-0
-0
-0
-0
-0
-0
-0
-0
-0
-0
-0
-0
-0
-0
-0
-0
-0
-0
-0
-0
-0
-0
-0
-0
-0
-0
0
0
0
0
0
0
0
0
0
0
0
0
0
0
0
0
0
0
0
0
0
0
0
0
0
0
0
0
0
0
0
0
0
0
0
0
0
0
0
0
0
0
0
0
0
0
0
0
0
0
-0
-0
-0
-0
-0
-0
-0
-0
-0
-0
-0
-0
-0
-0
-0
-0
-0
-0
-0
-0
-0
-0
-0
-0
-0
-0
-0
-0
-0
-0
-0
-0
-0
-0
-0
-0
-0
-0
-0
-0
-0
-0
-0
-0
-0
-0
-0
-0
-0
-0
0
0
0
0
0
0
0
0
0
0
0
0
0
0
0
0
0
0
0
0
0
0
0
0
0
0
0
0
0
0
0
0
0
0
0
0
0
0
0
0
0
0
0
0
0
0
0
0
0
0
-0
-0
-0
-0
-0
-0
-0
-0
-0
-0
-0
-0
-0
-0
-0
-0
-0
-0
-0
-0
-0
-0
-0
-0
-0
-0
-0
-0
-0
-0
-0
-0
-0
-0
-0
-0
-0
-0
-0
-0
-0
-0
-0
-0
-0
-0
-0
-0
-0
-0
0
0
0
0
0
0
0
0
0
0
0
0
0
0
0
0
0
0
0
0
0
0
0
0
0
0
0
0
0
0
0
0
0
0
0
0
0
0
0
0
0
0
0
0
0
0
0
0
0
-0
-0
-0
-0
-0
-0
-0
-0
-0
-0
-0
-0
-0
-0
-0
-0
-0
-0
-0
-0
-0
-0
-0
-0
-0
-0
-0
-0
-0
-0
-0
-0
-0
-0
-0
-0
-0
-0
-0
-0
-0
-0
-0
-0
-0
-0
-0
-0
-0
-0
-0
0
0
0
0
0
0
0
0
0
0
0
0
0
0
0
0
0
0
0
0
0
0
0
0
0
0
0
0
0
0
0
0
0
0
0
0
0
0
0
0
0
0
0
0
0
0
0
0
0
-0
-0
-0
-0
-0
-0
-0
-0
-0
-0
-0
-0
-0
-0
-0
-0
-0
-0
-0
-0
-0
-0
-0
-0
-0
-0
-0
-0
-0
-0
-0
-0
-0
-0
-0
-0
-0
-0
-0
-0
-0
-0
-0
-0
-0
-0
-0
-0
-0
-0
-0
0
0
0
0
0
0
0
0
0
0
0
0
0
0
0
0
0
0
0
0
0
0
0
0
0
0
0
0
0
0
0
0
0
0
0
0
0
0
0
0
0
0
0
0
0
0
0
0
0
0
-0
-0
-0
-0
-0
-0
-0
-0
-0
-0
-0
-0
-0
-0
-0
-0
-0
-0
-0
-0
-0
-0
-0
-0
-0
-0
-0
-0
-0
-0
-0
-0
-0
-0
-0
-0
-0
-0
-0
-0
-0
-0
-0
-0
-0
-0
-0
-0
-0
-0
0
0
0
0
0
0
0
0
0
0
0
0
0
0
0
0
0
0
0
0
0
0
0
0
0
0
0
0
0
0
0
0
0
0
0
0
0
0
0
0
0
0
0
0
0
0
0
0
0
0
-0
-0
-0
-0
-0
-0
-0
-0
-0
-0
-0
-0
-0
-0
-0
-0
-0
-0
-0
-0
-0
-0
-0
-0
-0
-0
-0
-0
-0
-0
-0
-0
-0
-0
-0
-0
-0
-0
-0
-0
-0
-0
-0
-0
-0
-0
-0
-0
-0
-0
0
0
0
0
0
0
0
0
0
0
0
0
0
0
0
0
0
0
0
0
0
0
0
0
0
0
0
0
0
0
0
0
0
0
0
0
0
0
0
0
0
0
0
0
0
0
0
0
0
0
-0
-0
-0
-0
-0
-0
-0
-0
-0
-0
-0
-0
-0
-0
-0
-0
-0
-0
-0
-0
-0
-0
-0
-0
-0
-0
-0
-0
-0
-0
-0
-0
-0
-0
-0
-0
-0
-0
-0
-0
-0
-0
-0
-0
-0
-0
-0
-0
-0
-0
0
0
0
0
0
0
0
0
0
0
0
0
0
0
0
0
0
0
0
0
0
0
0
0
0
0
0
0
0
0
0
0
0
0
0
0
0
0
0
0
0
0
0
0
0
0
0
0
0
-0
-0
-0
-0
-0
-0
-0
-0
-0
-0
-0
-0
-0
-0
-0
-0
-0
-0
-0
-0
-0
-0
-0
-0
-0
-0
-0
-0
-0
-0
-0
-0
-0
-0
-0
-0
-0
-0
-0
-0
-0
-0
-0
-0
-0
-0
-0
-0
-0
-0
-0
0
0
0
0
0
0
0
0
0
0
0
0
0
0
0
0
0
0
0
0
0
0
0
0
0
0
0
0
0
0
0
0
0
0
0
0
0
0
0
0
0
0
0
0
0
0
0
0
0
-0
-0
-0
-0
-0
-0
-0
-0
-0
-0
-0
-0
-0
-0
-0
-0
-0
-0
-0
-0
-0
-0
-0
-0
-0
-0
-0
-0
-0
-0
-0
-0
-0
-0
-0
-0
-0
-0
-0
-0
-0
-0
-0
-0
-0
-0
-0
-0
-0
-0
-0
0
0
0
0
0
0
0
0
0
0
0
0
0
0
0
0
0
0
0
0
0
0
0
0
0
0
0
0
0
0
0
0
0
0
0
0
0
0
0
0
0
0
0
0
0
0
0
0
0
-0
