0
0
0
0
0
0
0
0
0
0
0
0
0
0
0
0
0
0
0
0
0
0
0
0
0
0
0
0
0
0
0
0
0
0
0
0
0
0
0
0
0
0
0
0
0
0
0
0
0
0
0
-0
-0
-0
-0
-0
-0
-0
-0
-0
-0
-0
-0
-0
-0
-0
-0
-0
-0
-0
-0
-0
-0
-0
-0
-0
-0
-0
-0
-0
-0
-0
-0
-0
-0
-0
-0
-0
-0
-0
-0
-0
-0
-0
-0
-0
-0
-0
-0
-0
-0
0
0
0
0
0
0
0
0
0
0
0
0
0
0
0
0
0
0
0
0
0
0
0
0
0
0
0
0
0
0
0
0
0
0
0
0
0
0
0
0
0
0
0
0
0
0
0
0
0
0
-0
-0
-0
-0
-0
-0
-0
-0
-0
-0
-0
-0
-0
-0
-0
-0
-0
-0
-0
-0
-0
-0
-0
-0
-0
-0
-0
-0
-0
-0
-0
-0
-0
-0
-0
-0
-0
-0
-0
-0
-0
-0
-0
-0
-0
-0
-0
-0
-0
-0
0
0
0
0
0
0
0
0
0
0
0
0
0
0
0
0
0
0
0
0
0
0
0
0
0
0
0
0
0
0
0
0
0
0
0
0
0
0
0
0
0
0
0
0
0
0
0
0
0
0
-0
-0
-0
-0
-0
-0
-0
-0
-0
-0
-0
-0
-0
-0
-0
-0
-0
-0
-0
-0
-0
-0
-0
-0
-0
-0
-0
-0
-0
-0
-0
-0
-0
-0
-0
-0
-0
-0
-0
-0
-0
-0
-0
-0
-0
-0
-0
-0
-0
-0
0
0
0
0
0
0
0
0
0
0
0
0
0
0
0
0
0
0
0
0
0
0
0
0
0
0
0
0
0
0
0
0
0
0
0
0
0
0
0
0
0
0
0
0
0
0
0
0
0
-0
-0
-0
-0
-0
-0
-0
-0
-0
-0
-0
-0
-0
-0
-0
-0
-0
-0
-0
-0
-0
-0
-0
-0
-0
-0
-0
-0
-0
-0
-0
-0
-0
-0
-0
-0
-0
-0
-0
-0
-0
-0
-0
-0
-0
-0
-0
-0
-0
-0
-0
0
0
0
0
0
0
0
0
0
0
0
0
0
0
0
0
0
0
0
0
0
0
0
0
0
0
0
0
0
0
0
0
0
0
0
0
0
0
0
0
0
0
0
0
0
0
0
0
0
0
-0
-0
-0
-0
-0
-0
-0
-0
-0
-0
-0
-0
-0
-0
-0
-0
-0
-0
-0
-0
-0
-0
-0
-0
-0
-0
-0
-0
-0
-0
-0
-0
-0
-0
-0
-0
-0
-0
-0
-0
-0
-0
-0
-0
-0
-0
-0
-0
-0
-0
0
0
0
0
0
0
0
0
0
0
0
0
0
0
0
0
0
0
0
0
0
0
0
0
0
0
0
0
0
0
0
0
0
0
0
0
0
0
0
0
0
0
0
0
0
0
0
0
0
-0
-0
-0
-0
-0
-0
-0
-0
-0
-0
-0
-0
-0
-0
-0
-0
-0
-0
-0
-0
-0
-0
-0
-0
-0
-0
-0
-0
-0
-0
-0
-0
-0
-0
-0
-0
-0
-0
-0
-0
-0
-0
-0
-0
-0
-0
-0
-0
-0
-0
-0
0
0
0
0
0
0
0
0
0
0
0
0
0
0
0
0
0
0
0
0
0
0
0
0
0
0
0
0
0
0
0
0
0
0
0
0
0
0
0
0
0
0
0
0
0
0
0
0
0
-0
-0
-0
-0
-0
-0
-0
-0
-0
-0
-0
-0
-0
-0
-0
-0
-0
-0
-0
-0
-0
-0
-0
-0
-0
-0
-0
-0
-0
-0
-0
-0
-0
-0
-0
-0
-0
-0
-0
-0
-0
-0
-0
-0
-0
-0
-0
-0
-0
-0
0
0
0
0
0
0
0
0
0
0
0
0
0
0
0
0
0
0
0
0
0
0
0
0
0
0
0
0
0
0
0
0
0
0
0
0
0
0
0
0
0
0
0
0
0
0
0
0
0
0
0
-0
-0
-0
-0
-0
-0
-0
-0
-0
-0
-0
-0
-0
-0
-0
-0
-0
-0
-0
-0
-0
-0
-0
-0
-0
-0
-0
-0
-0
-0
-0
-0
-0
-0
-0
-0
-0
-0
-0
-0
-0
-0
-0
-0
-0
-0
-0
-0
-0
-0
0
0
0
0
0
0
0
0
0
0
0
0
0
0
0
0
0
0
0
0
0
0
0
0
0
0
0
0
0
0
0
0
0
0
0
0
0
0
0
0
0
0
0
0
0
0
0
0
0
0
-0
-0
-0
-0
-0
-0
-0
-0
-0
-0
-0
-0
-0
-0
-0
-0
-0
-0
-0
-0
-0
-0
-0
-0
-0
-0
-0
-0
-0
-0
-0
-0
-0
-0
-0
-0
-0
-0
-0
-0
-0
-0
-0
-0
-0
-0
-0
-0
-0
-0
0
0
0
0
0
0
0
0
0
0
0
0
0
0
0
0
0
0
0
0
0
0
0
0
0
0
0
0
0
0
0
0
0
0
0
0
0
0
0
0
0
0
0
0
0
0
0
0
0
-0
-0
-0
-0
-0
-0
-0
-0
-0
-0
-0
-0
-0
-0
-0
-0
-0
-0
-0
-0
-0
-0
-0
-0
-0
-0
-0
-0
-0
-0
-0
-0
-0
-0
-0
-0
-0
-0
-0
-0
-0
-0
-0
-0
-0
-0
-0
-0
-0
-0
-0
0
0
0
0
0
0
0
0
0
0
0
0
0
0
0
0
0
0
0
0
0
0
0
0
0
0
0
0
0
0
0
0
0
0
0
0
0
0
0
0
0
0
0
0
0
0
0
0
0
-0
-0
-0
-0
-0
-0
-0
-0
-0
-0
-0
-0
-0
-0
-0
-0
-0
-0
-0
-0
-0
-0
-0
-0
-0
-0
-0
-0
-0
-0
-0
-0
-0
-0
-0
-0
-0
-0
-0
-0
-0
-0
-0
-0
-0
-0
-0
-0
-0
-0
0
0
0
0
0
0
0
0
0
0
0
0
0
0
0
0
0
0
0
0
0
0
0
0
0
0
0
0
0
0
0
0
0
0
0
0
0
0
0
0
0
0
0
0
0
0
0
0
0
0
-0
-0
-0
-0
-0
-0
-0
-0
-0
-0
-0
-0
-0
-0
-0
-0
-0
-0
-0
-0
-0
-0
-0
-0
-0
-0
-0
-0
-0
-0
-0
-0
-0
-0
-0
-0
-0
-0
-0
-0
-0
-0
-0
-0
-0
-0
-0
-0
-0
-0
-0
0
0
0
0
0
0
0
0
0
0
0
0
0
0
0
0
0
0
0
0
0
0
0
0
0
0
0
0
0
0
0
0
0
0
0
0
0
0
0
0
0
0
0
0
0
0
0
0
0
-0
-0
-0
-0
-0
-0
-0
-0
-0
-0
-0
-0
-0
-0
-0
-0
-0
-0
-0
-0
-0
-0
-0
-0
-0
-0
-0
-0
-0
-0
-0
-0
-0
-0
-0
-0
-0
-0
-0
-0
-0
-0
-0
-0
-0
-0
-0
-0
-0
-0
0
0
0
0
0
0
0
0
0
0
0
0
0
0
0
0
0
0
0
0
0
0
0
0
0
0
0
0
0
0
0
0
0
0
0
0
0
0
0
0
0
0
0
0
0
0
0
0
0
0
-0
-0
-0
-0
-0
-0
-0
-0
-0
-0
-0
-0
-0
-0
-0
-0
-0
-0
-0
-0
-0
-0
-0
-0
-0
-0
-0
-0
-0
-0
-0
-0
-0
-0
-0
-0
-0
-0
-0
-0
-0
-0
-0
-0
-0
-0
-0
-0
-0
-0
0
0
0
0
0
0
0
0
0
0
0
0
0
0
0
0
0
0
0
0
0
0
0
0
0
0
0
0
0
0
0
0
0
0
0
0
0
0
0
0
0
0
0
0
0
0
0
0
0
0
-0
-0
-0
-0
-0
-0
-0
-0
-0
-0
-0
-0
-0
-0
-0
-0
-0
-0
-0
-0
-0
-0
-0
-0
-0
-0
-0
-0
-0
-0
-0
-0
-0
-0
-0
-0
-0
-0
-0
-0
-0
-0
-0
-0
-0
-0
-0
-0
-0
-0
-0
0
0
0
0
0
0
0
0
0
0
0
0
0
0
0
0
0
0
0
0
0
0
0
0
0
0
0
0
0
0
0
0
0
0
0
0
0
0
0
0
0
0
0
0
0
0
0
0
0
0
-0
-0
-0
-0
-0
-0
-0
-0
-0
-0
-0
-0
-0
-0
-0
-0
-0
-0
-0
-0
-0
-0
-0
-0
-0
-0
-0
-0
-0
-0
-0
-0
-0
-0
-0
-0
-0
-0
-0
-0
-0
-0
-0
-0
-0
-0
-0
-0
-0
-0
0
0
0
0
0
0
0
0
0
0
0
0
0
0
0
0
0
0
0
0
0
0
0
0
0
0
0
0
0
0
0
0
0
0
0
0
0
0
0
0
0
0
0
0
0
0
0
0
0
0
-0
-0
-0
-0
-0
-0
-0
-0
-0
-0
-0
-0
-0
-0
-0
-0
-0
-0
-0
-0
-0
-0
-0
-0
-0
-0
-0
-0
-0
-0
-0
-0
-0
-0
-0
-0
-0
-0
-0
-0
-0
-0
-0
-0
-0
-0
-0
-0
-0
-0
0
0
0
0
0
0
0
0
0
0
0
0
0
0
0
0
0
0
0
0
0
0
0
0
0
0
0
0
0
0
0
0
0
0
0
0
0
0
0
0
0
0
0
0
0
0
0
0
0
0
-0
-0
-0
-0
-0
-0
-0
-0
-0
-0
-0
-0
-0
-0
-0
-0
-0
-0
-0
-0
-0
-0
-0
-0
-0
-0
-0
-0
-0
-0
-0
-0
-0
-0
-0
-0
-0
-0
-0
-0
-0
-0
-0
-0
-0
-0
-0
-0
-0
-0
0
0
0
0
0
0
0
0
0
0
0
0
0
0
0
0
0
0
0
0
0
0
0
0
0
0
0
0
0
0
0
0
0
0
0
0
0
0
0
0
0
0
0
0
0
0
0
0
0
0
-0
-0
-0
-0
-0
-0
-0
-0
-0
-0
-0
-0
-0
-0
-0
-0
-0
-0
-0
-0
-0
-0
-0
-0
-0
-0
-0
-0
-0
-0
-0
-0
-0
-0
-0
-0
-0
-0
-0
-0
-0
-0
-0
-0
-0
-0
-0
-0
-0
0
0
0
0
0
0
0
0
0
0
0
0
0
0
0
0
0
0
0
0
0
0
0
0
0
0
0
0
0
0
0
0
0
0
0
0
0
0
0
0
0
0
0
0
0
0
0
0
0
0
0
-0
-0
-0
-0
-0
-0
-0
-0
-0
-0
-0
-0
-0
-0
-0
-0
-0
-0
-0
-0
-0
-0
-0
-0
-0
-0
-0
-0
-0
-0
-0
-0
-0
-0
-0
-0
-0
-0
-0
-0
-0
-0
-0
-0
-0
-0
-0
-0
-0
-0
6.1221e-08
2.444e-07
5.4809e-07
9.6989e-07
1.5065e-06
2.1535e-06
2.9059e-06
3.7577e-06
4.7019e-06
5.7309e-06
6.8364e-06
8.0092e-06
9.2397e-06
1.0518e-05
1.1832e-05
1.3172e-05
1.4525e-05
1.588e-05
1.7224e-05
1.8546e-05
1.9832e-05
2.107e-05
2.2248e-05
2.3354e-05
2.4375e-05
2.53e-05
2.6117e-05
2.6816e-05
2.7387e-05
2.7818e-05
2.8102e-05
2.8231e-05
2.8195e-05
2.7989e-05
2.7608e-05
2.7045e-05
2.6298e-05
2.5362e-05
2.4238e-05
2.2924e-05
2.142e-05
1.9728e-05
1.7851e-05
1.5793e-05
1.3558e-05
1.1154e-05
8.5867e-06
5.8656e-06
2.9998e-06
7.6436e-19
-3.1223e-06
-6.3544e-06
-9.6829e-06
-1.3094e-05
-1.6571e-05
-2.01e-05
-2.3663e-05
-2.7243e-05
-3.0823e-05
-3.4385e-05
-3.7911e-05
-4.1381e-05
-4.4777e-05
-4.808e-05
-5.1271e-05
-5.4333e-05
-5.7245e-05
-5.999e-05
-6.2551e-05
-6.491e-05
-6.705e-05
-6.8957e-05
-7.0614e-05
-7.2008e-05
-7.3125e-05
-7.3954e-05
-7.4483e-05
-7.4703e-05
-7.4605e-05
-7.4182e-05
-7.3429e-05
-7.2341e-05
-7.0915e-05
-6.915e-05
-6.7047e-05
-6.4608e-05
-6.1835e-05
-5.8734e-05
-5.5312e-05
-5.1578e-05
-4.7541e-05
-4.3213e-05
-3.8608e-05
-3.3739e-05
-2.8623e-05
-2.3277e-05
-1.7722e-05
-1.1976e-05
-6.0609e-06
1.9129e-19
6.1833e-06
1.2464e-05
1.8818e-05
2.5217e-05
3.1636e-05
3.8046e-05
4.4419e-05
5.0729e-05
5.6945e-05
6.304e-05
6.8985e-05
7.4753e-05
8.0314e-05
8.5643e-05
9.0711e-05
9.5493e-05
9.9965e-05
0.0001041
0.00010788
0.00011127
0.00011427
0.00011684
0.00011898
0.00012066
0.00012188
0.00012261
0.00012285
0.00012259
0.00012182
0.00012055
0.00011876
0.00011645
0.00011364
0.00011031
0.00010649
0.00010217
9.7372e-05
9.2106e-05
8.6387e-05
8.0233e-05
7.3663e-05
6.6699e-05
5.9364e-05
5.1685e-05
4.3687e-05
3.5401e-05
2.6856e-05
1.8086e-05
9.1219e-06
1.2897e-18
-9.2443e-06
-1.8574e-05
-2.7953e-05
-3.7341e-05
-4.67e-05
-5.5992e-05
-6.5176e-05
-7.4214e-05
-8.3067e-05
-9.1694e-05
-0.00010006
-0.00010812
-0.00011585
-0.00012321
-0.00013015
-0.00013665
-0.00014268
-0.00014821
-0.0001532
-0.00015764
-0.00016149
-0.00016473
-0.00016734
-0.00016932
-0.00017063
-0.00017126
-0.00017121
-0.00017048
-0.00016904
-0.00016691
-0.00016408
-0.00016056
-0.00015636
-0.00015147
-0.00014593
-0.00013973
-0.00013291
-0.00012548
-0.00011746
-0.00010889
-9.9784e-05
-9.0184e-05
-8.0121e-05
-6.9631e-05
-5.8752e-05
-4.7525e-05
-3.5991e-05
-2.4196e-05
-1.2183e-05
1.7204e-18
1.2305e-05
2.4684e-05
3.7087e-05
4.9464e-05
6.1765e-05
7.3938e-05
8.5933e-05
9.77e-05
0.00010919
0.00012035
0.00013113
0.0001415
0.00015139
0.00016077
0.00016959
0.00017782
0.0001854
0.00019232
0.00019853
0.000204
0.00020871
0.00021262
0.00021571
0.00021797
0.00021938
0.00021992
0.00021958
0.00021836
0.00021626
0.00021327
0.00020941
0.00020467
0.00019907
0.00019263
0.00018537
0.0001773
0.00016845
0.00015885
0.00014854
0.00013754
0.00012591
0.00011367
0.00010088
8.7577e-05
7.3816e-05
5.9648e-05
4.5126e-05
3.0306e-05
1.5244e-05
4.7731e-19
-1.5366e-05
-3.0794e-05
-4.6222e-05
-6.1588e-05
-7.6829e-05
-9.1884e-05
-0.00010669
-0.00012119
-0.00013531
-0.000149
-0.00016221
-0.00017487
-0.00018693
-0.00019833
-0.00020903
-0.00021898
-0.00022812
-0.00023643
-0.00024386
-0.00025037
-0.00025592
-0.0002605
-0.00026408
-0.00026662
-0.00026813
-0.00026857
-0.00026795
-0.00026625
-0.00026348
-0.00025964
-0.00025474
-0.00024878
-0.00024179
-0.00023379
-0.00022481
-0.00021486
-0.00020398
-0.00019222
-0.00017961
-0.0001662
-0.00015203
-0.00013716
-0.00012163
-0.00010552
-8.8881e-05
-7.1772e-05
-5.4261e-05
-3.6416e-05
-1.8305e-05
4.5873e-18
1.8427e-05
3.6904e-05
5.5357e-05
7.3712e-05
9.1894e-05
0.00010983
0.00012745
0.00014467
0.00016143
0.00017766
0.00019328
0.00020824
0.00022246
0.00023589
0.00024847
0.00026014
0.00027084
0.00028054
0.00028918
0.00029673
0.00030314
0.00030839
0.00031244
0.00031528
0.00031687
0.00031722
0.00031631
0.00031414
0.0003107
0.000306
0.00030006
0.00029289
0.00028451
0.00027496
0.00026425
0.00025242
0.00023952
0.00022559
0.00021068
0.00019485
0.00017815
0.00016064
0.00014239
0.00012347
0.00010395
8.3896e-05
6.3396e-05
4.2526e-05
2.1366e-05
-1.6729e-18
-2.1488e-05
-4.3014e-05
-6.4492e-05
-8.5835e-05
-0.00010696
-0.00012778
-0.0001482
-0.00016816
-0.00018755
-0.00020631
-0.00022436
-0.00024161
-0.000258
-0.00027346
-0.00028791
-0.0003013
-0.00031356
-0.00032465
-0.00033451
-0.00034309
-0.00035036
-0.00035628
-0.00036081
-0.00036393
-0.00036563
-0.00036588
-0.00036468
-0.00036202
-0.00035792
-0.00035237
-0.00034539
-0.000337
-0.00032723
-0.00031612
-0.00030368
-0.00028998
-0.00027506
-0.00025896
-0.00024176
-0.00022351
-0.00020427
-0.00018413
-0.00016315
-0.00014142
-0.00011901
-9.6019e-05
-7.2531e-05
-4.8636e-05
-2.4427e-05
-2.2925e-18
2.455e-05
4.9124e-05
7.3627e-05
9.7959e-05
0.00012202
0.00014572
0.00016896
0.00019164
0.00021367
0.00023497
0.00025543
0.00027498
0.00029354
0.00031102
0.00032735
0.00034246
0.00035628
0.00036876
0.00037984
0.00038946
0.00039758
0.00040416
0.00040917
0.00041258
0.00041438
0.00041453
0.00041304
0.00040991
0.00040513
0.00039873
0.00039072
0.00038111
0.00036995
0.00035728
0.00034312
0.00032755
0.0003106
0.00029234
0.00027283
0.00025216
0.00023039
0.00020761
0.0001839
0.00015936
0.00013407
0.00010814
8.1665e-05
5.4746e-05
2.7488e-05
-5.1609e-18
-2.7611e-05
-5.5234e-05
-8.2762e-05
-0.00011008
-0.00013709
-0.00016367
-0.00018972
-0.00021513
-0.0002398
-0.00026362
-0.00028651
-0.00030835
-0.00032907
-0.00034858
-0.00036679
-0.00038362
-0.000399
-0.00041287
-0.00042516
-0.00043582
-0.0004448
-0.00045205
-0.00045754
-0.00046124
-0.00046312
-0.00046318
-0.00046141
-0.00045779
-0.00045235
-0.00044509
-0.00043604
-0.00042522
-0.00041267
-0.00039844
-0.00038256
-0.00036511
-0.00034613
-0.00032571
-0.00030391
-0.00028081
-0.00025651
-0.0002311
-0.00020466
-0.00017731
-0.00014914
-0.00012027
-9.08e-05
-6.0856e-05
-3.0549e-05
4.7786e-19
3.0488e-05
6.0733e-05
9.0618e-05
0.00012002
0.00014884
0.00017695
0.00020425
0.00023063
0.00025599
0.00028024
0.00030329
0.00032504
0.00034542
0.00036436
0.00038178
0.00039762
0.00041182
0.00042434
0.00043514
0.00044417
0.00045141
0.00045684
0.00046044
0.00046221
0.00046215
0.00046026
0.00045657
0.00045109
0.00044385
0.00043489
0.00042426
0.00041199
0.00039815
0.0003828
0.000366
0.00034783
0.00032836
0.00030769
0.00028588
0.00026305
0.00023927
0.00021466
0.0001893
0.00016331
0.00013679
0.00010984
8.2579e-05
5.5112e-05
2.7549e-05
-8.1528e-18
-2.7427e-05
-5.4623e-05
-8.1483e-05
-0.0001079
-0.00013377
-0.000159
-0.00018349
-0.00020714
-0.00022987
-0.00025159
-0.00027221
-0.00029167
-0.00030988
-0.00032679
-0.00034234
-0.00035645
-0.0003691
-0.00038023
-0.00038981
-0.0003978
-0.00040419
-0.00040895
-0.00041207
-0.00041356
-0.0004134
-0.00041161
-0.00040821
-0.0004032
-0.00039663
-0.00038853
-0.00037893
-0.00036788
-0.00035543
-0.00034164
-0.00032656
-0.00031027
-0.00029283
-0.00027432
-0.00025481
-0.00023439
-0.00021315
-0.00019117
-0.00016854
-0.00014536
-0.00012172
-9.7716e-05
-7.3444e-05
-4.9002e-05
-2.4488e-05
3.051e-18
2.4366e-05
4.8513e-05
7.2348e-05
9.5777e-05
0.00011871
0.00014106
0.00016273
0.00018366
0.00020375
0.00022293
0.00024114
0.0002583
0.00027435
0.00028923
0.0003029
0.00031529
0.00032638
0.00033612
0.00034448
0.00035144
0.00035697
0.00036106
0.00036371
0.0003649
0.00036465
0.00036296
0.00035984
0.00035532
0.00034942
0.00034217
0.0003336
0.00032377
0.00031271
0.00030048
0.00028712
0.0002727
0.00025729
0.00024094
0.00022374
0.00020574
0.00018703
0.00016769
0.00014779
0.00012742
0.00010666
8.5593e-05
6.4309e-05
4.2892e-05
2.1427e-05
9.997e-19
-2.1305e-05
-4.2403e-05
-6.3213e-05
-8.3653e-05
-0.00010364
-0.00012311
-0.00014198
-0.00016017
-0.00017763
-0.00019428
-0.00021006
-0.00022493
-0.00023881
-0.00025167
-0.00026346
-0.00027413
-0.00028366
-0.00029201
-0.00029916
-0.00030508
-0.00030975
-0.00031318
-0.00031534
-0.00031625
-0.0003159
-0.0003143
-0.00031147
-0.00030743
-0.0003022
-0.0002958
-0.00028828
-0.00027966
-0.00026999
-0.00025931
-0.00024768
-0.00023514
-0.00022175
-0.00020757
-0.00019266
-0.00017709
-0.00016091
-0.0001442
-0.00012703
-0.00010947
-9.1593e-05
-7.3469e-05
-5.5174e-05
-3.6782e-05
-1.8366e-05
4.2863e-18
1.8244e-05
3.6293e-05
5.4078e-05
7.1529e-05
8.858e-05
0.00010516
0.00012122
0.00013669
0.00015151
0.00016562
0.00017899
0.00019155
0.00020327
0.00021411
0.00022402
0.00023297
0.00024094
0.0002479
0.00025383
0.00025871
0.00026253
0.00026529
0.00026698
0.0002676
0.00026715
0.00026565
0.00026311
0.00025954
0.00025498
0.00024944
0.00024295
0.00023555
0.00022727
0.00021815
0.00020824
0.00019758
0.00018622
0.0001742
0.00016159
0.00014843
0.00013479
0.00012072
0.00010627
9.1525e-05
7.6528e-05
6.1346e-05
4.604e-05
3.0672e-05
1.5305e-05
-9.5231e-19
-1.5183e-05
-3.0183e-05
-4.4943e-05
-5.9406e-05
-7.3515e-05
-8.7218e-05
-0.00010046
-0.0001132
-0.00012538
-0.00013697
-0.00014791
-0.00015818
-0.00016774
-0.00017654
-0.00018458
-0.00019181
-0.00019822
-0.00020379
-0.0002085
-0.00021235
-0.00021532
-0.0002174
-0.00021861
-0.00021894
-0.0002184
-0.000217
-0.00021474
-0.00021166
-0.00020776
-0.00020307
-0.00019762
-0.00019144
-0.00018455
-0.00017699
-0.0001688
-0.00016002
-0.00015068
-0.00014083
-0.00013051
-0.00011978
-0.00010867
-9.723e-05
-8.5518e-05
-7.3579e-05
-6.1463e-05
-4.9222e-05
-3.6905e-05
-2.4562e-05
-1.2244e-05
4.1839e-18
1.2122e-05
2.4073e-05
3.5809e-05
4.7282e-05
5.8451e-05
6.9272e-05
7.9706e-05
8.9715e-05
9.9262e-05
0.00010831
0.00011684
0.00012481
0.0001322
0.00013898
0.00014514
0.00015065
0.0001555
0.00015968
0.00016318
0.00016598
0.0001681
0.00016952
0.00017025
0.00017029
0.00016965
0.00016834
0.00016638
0.00016377
0.00016054
0.00015671
0.0001523
0.00014733
0.00014183
0.00013583
0.00012936
0.00012245
0.00011514
0.00010746
9.9438e-05
9.1121e-05
8.2544e-05
7.3744e-05
6.4761e-05
5.5633e-05
4.6399e-05
3.7098e-05
2.777e-05
1.8452e-05
9.1831e-06
-1.5665e-18
-9.0607e-06
-1.7963e-05
-2.6674e-05
-3.5159e-05
-4.3386e-05
-5.1326e-05
-5.8949e-05
-6.6229e-05
-7.314e-05
-7.966e-05
-8.5765e-05
-9.1438e-05
-9.6661e-05
-0.00010142
-0.0001057
-0.00010949
-0.00011278
-0.00011557
-0.00011785
-0.00011962
-0.00012088
-0.00012163
-0.00012188
-0.00012163
-0.0001209
-0.00011969
-0.00011801
-0.00011589
-0.00011332
-0.00011035
-0.00010697
-0.00010322
-9.911e-05
-9.467e-05
-8.9922e-05
-8.4891e-05
-7.9603e-05
-7.4085e-05
-6.8364e-05
-6.2467e-05
-5.6423e-05
-5.0259e-05
-4.4004e-05
-3.7687e-05
-3.1334e-05
-2.4975e-05
-1.8635e-05
-1.2342e-05
-6.1221e-06
2.3899e-22
5.9996e-06
1.1853e-05
1.7539e-05
2.3035e-05
2.8321e-05
3.338e-05
3.8192e-05
4.2744e-05
4.7019e-05
5.1005e-05
5.4691e-05
5.8067e-05
6.1124e-05
6.3856e-05
6.6258e-05
6.8327e-05
7.0061e-05
7.1459e-05
7.2523e-05
7.3255e-05
7.3661e-05
7.3745e-05
7.3516e-05
7.2981e-05
7.215e-05
7.1035e-05
6.9646e-05
6.7999e-05
6.6106e-05
6.3982e-05
6.1644e-05
5.9108e-05
5.639e-05
5.3509e-05
5.0483e-05
4.7329e-05
4.4066e-05
4.0713e-05
3.7289e-05
3.3812e-05
3.0301e-05
2.6773e-05
2.3248e-05
1.9741e-05
1.627e-05
1.2851e-05
9.5002e-06
6.2322e-06
3.061e-06
-8.4292e-19
-2.9386e-06
-5.7434e-06
-8.4041e-06
-1.0911e-05
-1.3257e-05
-1.5434e-05
-1.7436e-05
-1.9258e-05
-2.0897e-05
-2.2351e-05
-2.3617e-05
-2.4695e-05
-2.5587e-05
-2.6294e-05
-2.6819e-05
-2.7166e-05
-2.7341e-05
-2.7348e-05
-2.7196e-05
-2.6891e-05
-2.6442e-05
-2.5859e-05
-2.515e-05
-2.4327e-05
-2.34e-05
-2.2381e-05
-2.1281e-05
-2.0112e-05
-1.8887e-05
-1.7618e-05
-1.6318e-05
-1.4998e-05
-1.367e-05
-1.2348e-05
-1.1043e-05
-9.7663e-06
-8.5289e-06
-7.3418e-06
-6.2149e-06
-5.1578e-06
-4.1794e-06
-3.288e-06
-2.4908e-06
-1.7946e-06
-1.2052e-06
-7.2742e-07
-3.6539e-07
-1.222e-07
-0
-0
0
0
0
0
0
0
0
0
0
0
0
0
0
0
0
0
0
0
0
0
0
0
0
0
0
0
0
0
0
0
0
0
0
0
0
0
0
0
0
0
0
0
0
0
0
0
0
0
0
0
-0
-0
-0
-0
-0
-0
-0
-0
-0
-0
-0
-0
-0
-0
-0
-0
-0
-0
-0
-0
-0
-0
-0
-0
-0
-0
-0
-0
-0
-0
-0
-0
-0
-0
-0
-0
-0
-0
-0
-0
-0
-0
-0
-0
-0
-0
-0
-0
-0
-0
0
0
0
0
0
0
0
0
0
0
0
0
0
0
0
0
0
0
0
0
0
0
0
0
0
0
0
0
0
0
0
0
0
0
0
0
0
0
0
0
0
0
0
0
0
0
0
0
0
0
-0
-0
-0
-0
-0
-0
-0
-0
-0
-0
-0
-0
-0
-0
-0
-0
-0
-0
-0
-0
-0
-0
-0
-0
-0
-0
-0
-0
-0
-0
-0
-0
-0
-0
-0
-0
-0
-0
-0
-0
-0
-0
-0
-0
-0
-0
-0
-0
-0
-0
0
0
0
0
0
0
0
0
0
0
0
0
0
0
0
0
0
0
0
0
0
0
0
0
0
0
0
0
0
0
0
0
0
0
0
0
0
0
0
0
0
0
0
0
0
0
0
0
0
0
-0
-0
-0
-0
-0
-0
-0
-0
-0
-0
-0
-0
-0
-0
-0
-0
-0
-0
-0
-0
-0
-0
-0
-0
-0
-0
-0
-0
-0
-0
-0
-0
-0
-0
-0
-0
-0
-0
-0
-0
-0
-0
-0
-0
-0
-0
-0
-0
-0
-0
0
0
0
0
0
0
0
0
0
0
0
0
0
0
0
0
0
0
0
0
0
0
0
0
0
0
0
0
0
0
0
0
0
0
0
0
0
0
0
0
0
0
0
0
0
0
0
0
0
0
-0
-0
-0
-0
-0
-0
-0
-0
-0
-0
-0
-0
-0
-0
-0
-0
-0
-0
-0
-0
-0
-0
-0
-0
-0
-0
-0
-0
-0
-0
-0
-0
-0
-0
-0
-0
-0
-0
-0
-0
-0
-0
-0
-0
-0
-0
-0
-0
-0
-0
0
0
0
0
0
0
0
0
0
0
0
0
0
0
0
0
0
0
0
0
0
0
0
0
0
0
0
0
0
0
0
0
0
0
0
0
0
0
0
0
0
0
0
0
0
0
0
0
0
0
-0
-0
-0
-0
-0
-0
-0
-0
-0
-0
-0
-0
-0
-0
-0
-0
-0
-0
-0
-0
-0
-0
-0
-0
-0
-0
-0
-0
-0
-0
-0
-0
-0
-0
-0
-0
-0
-0
-0
-0
-0
-0
-0
-0
-0
-0
-0
-0
-0
-0
0
0
0
0
0
0
0
0
0
0
0
0
0
0
0
0
0
0
0
0
0
0
0
0
0
0
0
0
0
0
0
0
0
0
0
0
0
0
0
0
0
0
0
0
0
0
0
0
0
-0
-0
-0
-0
-0
-0
-0
-0
-0
-0
-0
-0
-0
-0
-0
-0
-0
-0
-0
-0
-0
-0
-0
-0
-0
-0
-0
-0
-0
-0
-0
-0
-0
-0
-0
-0
-0
-0
-0
-0
-0
-0
-0
-0
-0
-0
-0
-0
-0
-0
-0
0
0
0
0
0
0
0
0
0
0
0
0
0
0
0
0
0
0
0
0
0
0
0
0
0
0
0
0
0
0
0
0
0
0
0
0
0
0
0
0
0
0
0
0
0
0
0
0
0
0
-0
-0
-0
-0
-0
-0
-0
-0
-0
-0
-0
-0
-0
-0
-0
-0
-0
-0
-0
-0
-0
-0
-0
-0
-0
-0
-0
-0
-0
-0
-0
-0
-0
-0
-0
-0
-0
-0
-0
-0
-0
-0
-0
-0
-0
-0
-0
-0
-0
-0
0
0
0
0
0
0
0
0
0
0
0
0
0
0
0
0
0
0
0
0
0
0
0
0
0
0
0
0
0
0
0
0
0
0
0
0
0
0
0
0
0
0
0
0
0
0
0
0
0
0
-0
-0
-0
-0
-0
-0
-0
-0
-0
-0
-0
-0
-0
-0
-0
-0
-0
-0
-0
-0
-0
-0
-0
-0
-0
-0
-0
-0
-0
-0
-0
-0
-0
-0
-0
-0
-0
-0
-0
-0
-0
-0
-0
-0
-0
-0
-0
-0
-0
0
0
0
0
0
0
0
0
0
0
0
0
0
0
0
0
0
0
0
0
0
0
0
0
0
0
0
0
0
0
0
0
0
0
0
0
0
0
0
0
0
0
0
0
0
0
0
0
0
0
0
-0
-0
-0
-0
-0
-0
-0
-0
-0
-0
-0
-0
-0
-0
-0
-0
-0
-0
-0
-0
-0
-0
-0
-0
-0
-0
-0
-0
-0
-0
-0
-0
-0
-0
-0
-0
-0
-0
-0
-0
-0
-0
-0
-0
-0
-0
-0
-0
-0
-0
0
0
0
0
0
0
0
0
0
0
0
0
0
0
0
0
0
0
0
0
0
0
0
0
0
0
0
0
0
0
0
0
0
0
0
0
0
0
0
0
0
0
0
0
0
0
0
0
0
-0
-0
-0
-0
-0
-0
-0
-0
-0
-0
-0
-0
-0
-0
-0
-0
-0
-0
-0
-0
-0
-0
-0
-0
-0
-0
-0
-0
-0
-0
-0
-0
-0
-0
-0
-0
-0
-0
-0
-0
-0
-0
-0
-0
-0
-0
-0
-0
-0
-0
-0
0
0
0
0
0
0
0
0
0
0
0
0
0
0
0
0
0
0
0
0
0
0
0
0
0
0
0
0
0
0
0
0
0
0
0
0
0
0
0
0
0
0
0
0
0
0
0
0
0
0
-0
-0
-0
-0
-0
-0
-0
-0
-0
-0
-0
-0
-0
-0
-0
-0
-0
-0
-0
-0
-0
-0
-0
-0
-0
-0
-0
-0
-0
-0
-0
-0
-0
-0
-0
-0
-0
-0
-0
-0
-0
-0
-0
-0
-0
-0
-0
-0
-0
-0
0
0
0
0
0
0
0
0
0
0
0
0
0
0
0
0
0
0
0
0
0
0
0
0
0
0
0
0
0
0
0
0
0
0
0
0
0
0
0
0
0
0
0
0
0
0
0
0
0
-0
-0
-0
-0
-0
-0
-0
-0
-0
-0
-0
-0
-0
-0
-0
-0
-0
-0
-0
-0
-0
-0
-0
-0
-0
-0
-0
-0
-0
-0
-0
-0
-0
-0
-0
-0
-0
-0
-0
-0
-0
-0
-0
-0
-0
-0
-0
-0
-0
-0
0
0
0
0
0
0
0
0
0
0
0
0
0
0
0
0
0
0
0
0
0
0
0
0
0
0
0
0
0
0
0
0
0
0
0
0
0
0
0
0
0
0
0
0
0
0
0
0
0
0
0
-0
-0
-0
-0
-0
-0
-0
-0
-0
-0
-0
-0
-0
-0
-0
-0
-0
-0
-0
-0
-0
-0
-0
-0
-0
-0
-0
-0
-0
-0
-0
-0
-0
-0
-0
-0
-0
-0
-0
-0
-0
-0
-0
-0
-0
-0
-0
-0
-0
-0
0
0
0
0
0
0
0
0
0
0
0
0
0
0
0
0
0
0
0
0
0
0
0
0
0
0
0
0
0
0
0
0
0
0
0
0
0
0
0
0
0
0
0
0
0
0
0
0
0
-0
-0
-0
-0
-0
-0
-0
-0
-0
-0
-0
-0
-0
-0
-0
-0
-0
-0
-0
-0
-0
-0
-0
-0
-0
-0
-0
-0
-0
-0
-0
-0
-0
-0
-0
-0
-0
-0
-0
-0
-0
-0
-0
-0
-0
-0
-0
-0
-0
-0
0
0
0
0
0
0
0
0
0
0
0
0
0
0
0
0
0
0
0
0
0
0
0
0
0
0
0
0
0
0
0
0
0
0
0
0
0
0
0
0
0
0
0
0
0
0
0
0
0
0
-0
-0
-0
-0
-0
-0
-0
-0
-0
-0
-0
-0
-0
-0
-0
-0
-0
-0
-0
-0
-0
-0
-0
-0
-0
-0
-0
-0
-0
-0
-0
-0
-0
-0
-0
-0
-0
-0
-0
-0
-0
-0
-0
-0
-0
-0
-0
-0
-0
-0
-0
0
0
0
0
0
0
0
0
0
0
0
0
0
0
0
0
0
0
0
0
0
0
0
0
0
0
0
0
0
0
0
0
0
0
0
0
0
0
0
0
0
0
0
0
0
0
0
0
0
0
-0
-0
-0
-0
-0
-0
-0
-0
-0
-0
-0
-0
-0
-0
-0
-0
-0
-0
-0
-0
-0
-0
-0
-0
-0
-0
-0
-0
-0
-0
-0
-0
-0
-0
-0
-0
-0
-0
-0
-0
-0
-0
-0
-0
-0
-0
-0
-0
-0
0
0
0
0
0
0
0
0
0
0
0
0
0
0
0
0
0
0
0
0
0
0
0
0
0
0
0
0
0
0
0
0
0
0
0
0
0
0
0
0
0
0
0
0
0
0
0
0
0
0
-0
-0
-0
-0
-0
-0
-0
-0
-0
-0
-0
-0
-0
-0
-0
-0
-0
-0
-0
-0
-0
-0
-0
-0
-0
-0
-0
-0
-0
-0
-0
-0
-0
-0
-0
-0
-0
-0
-0
-0
-0
-0
-0
-0
-0
-0
-0
-0
-0
-0
0
0
0
0
0
0
0
0
0
0
0
0
0
0
0
0
0
0
0
0
0
0
0
0
0
0
0
0
0
0
0
0
0
0
0
0
0
0
0
0
0
0
0
0
0
0
0
0
0
0
0
-0
-0
-0
-0
-0
-0
-0
-0
-0
-0
-0
-0
-0
-0
-0
-0
-0
-0
-0
-0
-0
-0
-0
-0
-0
-0
-0
-0
-0
-0
-0
-0
-0
-0
-0
-0
-0
-0
-0
-0
-0
-0
-0
-0
-0
-0
-0
-0
-0
-0
0
0
0
0
0
0
0
0
0
0
0
0
0
0
0
0
0
0
0
0
0
0
0
0
0
0
0
0
0
0
0
0
0
0
0
0
0
0
0
0
0
0
0
0
0
0
0
0
0
-0
-0
-0
-0
-0
-0
-0
-0
-0
-0
-0
-0
-0
-0
-0
-0
-0
-0
-0
-0
-0
-0
-0
-0
-0
-0
-0
-0
-0
-0
-0
-0
-0
-0
-0
-0
-0
-0
-0
-0
-0
-0
-0
-0
-0
-0
-0
-0
-0
-0
0
0
0
0
0
0
0
0
0
0
0
0
0
0
0
0
0
0
0
0
0
0
0
0
0
0
0
0
0
0
0
0
0
0
0
0
0
0
0
0
0
0
0
0
0
0
0
0
0
0
-0
-0
-0
-0
-0
-0
-0
-0
-0
-0
-0
-0
-0
-0
-0
-0
-0
-0
-0
-0
-0
-0
-0
-0
-0
-0
-0
-0
-0
-0
-0
-0
-0
-0
-0
-0
-0
-0
-0
-0
-0
-0
-0
-0
-0
-0
-0
-0
-0
-0
0
0
0
0
0
0
0
0
0
0
0
0
0
0
0
0
0
0
0
0
0
0
0
0
0
0
0
0
0
0
0
0
0
0
0
0
0
0
0
0
0
0
0
0
0
0
0
0
0
0
0
-0
-0
-0
-0
-0
-0
-0
-0
-0
-0
-0
-0
-0
-0
-0
-0
-0
-0
-0
-0
-0
-0
-0
-0
-0
-0
-0
-0
-0
-0
-0
-0
-0
-0
-0
-0
-0
-0
-0
-0
-0
-0
-0
-0
-0
-0
-0
-0
-0
-0
0
0
0
0
0
0
0
0
0
0
0
0
0
0
0
0
0
0
0
0
0
0
0
0
0
0
0
0
0
0
0
0
0
0
0
0
0
0
0
0
0
0
0
0
0
0
0
0
0
0
-0
-0
-0
-0
-0
-0
-0
-0
-0
-0
-0
-0
-0
-0
-0
-0
-0
-0
-0
-0
-0
-0
-0
-0
-0
-0
-0
-0
-0
-0
-0
-0
-0
-0
-0
-0
-0
-0
-0
-0
-0
-0
-0
-0
-0
-0
-0
-0
-0
0
0
0
0
0
0
0
0
0
0
0
0
0
0
0
0
0
0
0
0
0
0
0
0
0
0
0
0
0
0
0
0
0
0
0
0
0
0
0
0
0
0
0
0
0
0
0
0
0
0
-0
-0
-0
-0
-0
-0
-0
-0
-0
-0
-0
-0
-0
-0
-0
-0
-0
-0
-0
-0
-0
-0
-0
-0
-0
-0
-0
-0
-0
-0
-0
-0
-0
-0
-0
-0
-0
-0
-0
-0
-0
-0
-0
-0
-0
-0
-0
-0
-0
-0
-0
0
0
0
0
0
0
0
0
0
0
0
0
0
0
0
0
0
0
0
0
0
0
0
0
0
0
0
0
0
0
0
0
0
0
0
0
0
0
0
0
0
0
0
0
0
0
0
0
0
0
-0
-0
-0
-0
-0
-0
-0
-0
-0
-0
-0
-0
-0
-0
-0
-0
-0
-0
-0
-0
-0
-0
-0
-0
-0
-0
-0
-0
-0
-0
-0
-0
-0
-0
-0
-0
-0
-0
-0
-0
-0
-0
-0
-0
-0
-0
-0
-0
-0
-0
0
0
0
0
0
0
0
0
0
0
0
0
0
0
0
0
0
0
0
0
0
0
0
0
0
0
0
0
0
0
0
0
0
0
0
0
0
0
0
0
0
0
0
0
0
0
0
0
0
-0
-0
-0
-0
-0
-0
-0
-0
-0
-0
-0
-0
-0
-0
-0
-0
-0
-0
-0
-0
-0
-0
-0
-0
-0
-0
-0
-0
-0
-0
-0
-0
-0
-0
-0
-0
-0
-0
-0
-0
-0
-0
-0
-0
-0
-0
-0
-0
-0
-0
0
0
0
0
0
0
0
0
0
0
0
0
0
0
0
0
0
0
0
0
0
0
0
0
0
0
0
0
0
0
0
0
0
0
0
0
0
0
0
0
0
0
0
0
0
0
0
0
0
0
0
-0
-0
-0
-0
-0
-0
-0
-0
-0
-0
-0
-0
-0
-0
-0
-0
-0
-0
-0
-0
-0
-0
-0
-0
-0
-0
-0
-0
-0
-0
-0
-0
-0
-0
-0
-0
-0
-0
-0
-0
-0
-0
-0
-0
-0
-0
-0
-0
-0
-0
0
0
0
0
0
0
0
0
0
0
0
0
0
0
0
0
0
0
0
0
0
0
0
0
0
0
0
0
0
0
0
0
0
0
0
0
0
0
0
0
0
0
0
0
0
0
0
0
0
0
-0
-0
-0
-0
-0
-0
-0
-0
-0
-0
-0
-0
-0
-0
-0
-0
-0
-0
-0
-0
-0
-0
-0
-0
-0
-0
-0
-0
-0
-0
-0
-0
-0
-0
-0
-0
-0
-0
-0
-0
-0
-0
-0
-0
-0
-0
-0
-0
-0
0
0
0
0
0
0
0
0
0
0
0
0
0
0
0
0
0
0
0
0
0
0
0
0
0
0
0
0
0
0
0
0
0
0
0
0
0
0
0
0
0
0
0
0
0
0
0
0
0
0
-0
-0
-0
-0
-0
-0
-0
-0
-0
-0
-0
-0
-0
-0
-0
-0
-0
-0
-0
-0
-0
-0
-0
-0
-0
-0
-0
-0
-0
-0
-0
-0
-0
-0
-0
-0
-0
-0
-0
-0
-0
-0
-0
-0
-0
-0
-0
-0
-0
-0
0
6.1221e-08
2.444e-07
5.4809e-07
9.6989e-07
1.5065e-06
2.1535e-06
2.9059e-06
3.7577e-06
4.7019e-06
5.7309e-06
6.8364e-06
8.0092e-06
9.2397e-06
1.0518e-05
1.1832e-05
1.3172e-05
1.4525e-05
1.588e-05
1.7224e-05
1.8546e-05
1.9832e-05
2.107e-05
2.2248e-05
2.3354e-05
2.4375e-05
2.53e-05
2.6117e-05
2.6816e-05
2.7387e-05
2.7818e-05
2.8102e-05
2.8231e-05
2.8195e-05
2.7989e-05
2.7608e-05
2.7045e-05
2.6298e-05
2.5362e-05
2.4238e-05
2.2924e-05
2.142e-05
1.9728e-05
1.7851e-05
1.5793e-05
1.3558e-05
1.1154e-05
8.5867e-06
5.8656e-06
2.9998e-06
5.2531e-19
-3.1223e-06
-6.3544e-06
-9.6829e-06
-1.3094e-05
-1.6571e-05
-2.01e-05
-2.3663e-05
-2.7243e-05
-3.0823e-05
-3.4385e-05
-3.7911e-05
-4.1381e-05
-4.4777e-05
-4.808e-05
-5.1271e-05
-5.4333e-05
-5.7245e-05
-5.999e-05
-6.2551e-05
-6.491e-05
-6.705e-05
-6.8957e-05
-7.0614e-05
-7.2008e-05
-7.3125e-05
-7.3954e-05
-7.4483e-05
-7.4703e-05
-7.4605e-05
-7.4182e-05
-7.3429e-05
-7.2341e-05
-7.0915e-05
-6.915e-05
-6.7047e-05
-6.4608e-05
-6.1835e-05
-5.8734e-05
-5.5312e-05
-5.1578e-05
-4.7541e-05
-4.3213e-05
-3.8608e-05
-3.3739e-05
-2.8623e-05
-2.3277e-05
-1.7722e-05
-1.1976e-05
-6.0609e-06
3.4405e-18
6.1833e-06
1.2464e-05
1.8818e-05
2.5217e-05
3.1636e-05
3.8046e-05
4.4419e-05
5.0729e-05
5.6945e-05
6.304e-05
6.8985e-05
7.4753e-05
8.0314e-05
8.5643e-05
9.0711e-05
9.5493e-05
9.9965e-05
0.0001041
0.00010788
0.00011127
0.00011427
0.00011684
0.00011898
0.00012066
0.00012188
0.00012261
0.00012285
0.00012259
0.00012182
0.00012055
0.00011876
0.00011645
0.00011364
0.00011031
0.00010649
0.00010217
9.7372e-05
9.2106e-05
8.6387e-05
8.0233e-05
7.3663e-05
6.6699e-05
5.9364e-05
5.1685e-05
4.3687e-05
3.5401e-05
2.6856e-05
1.8086e-05
9.1219e-06
-3.5841e-18
-9.2443e-06
-1.8574e-05
-2.7953e-05
-3.7341e-05
-4.67e-05
-5.5992e-05
-6.5176e-05
-7.4214e-05
-8.3067e-05
-9.1694e-05
-0.00010006
-0.00010812
-0.00011585
-0.00012321
-0.00013015
-0.00013665
-0.00014268
-0.00014821
-0.0001532
-0.00015764
-0.00016149
-0.00016473
-0.00016734
-0.00016932
-0.00017063
-0.00017126
-0.00017121
-0.00017048
-0.00016904
-0.00016691
-0.00016408
-0.00016056
-0.00015636
-0.00015147
-0.00014593
-0.00013973
-0.00013291
-0.00012548
-0.00011746
-0.00010889
-9.9784e-05
-9.0184e-05
-8.0121e-05
-6.9631e-05
-5.8752e-05
-4.7525e-05
-3.5991e-05
-2.4196e-05
-1.2183e-05
-8.4079e-18
1.2305e-05
2.4684e-05
3.7087e-05
4.9464e-05
6.1765e-05
7.3938e-05
8.5933e-05
9.77e-05
0.00010919
0.00012035
0.00013113
0.0001415
0.00015139
0.00016077
0.00016959
0.00017782
0.0001854
0.00019232
0.00019853
0.000204
0.00020871
0.00021262
0.00021571
0.00021797
0.00021938
0.00021992
0.00021958
0.00021836
0.00021626
0.00021327
0.00020941
0.00020467
0.00019907
0.00019263
0.00018537
0.0001773
0.00016845
0.00015885
0.00014854
0.00013754
0.00012591
0.00011367
0.00010088
8.7577e-05
7.3816e-05
5.9648e-05
4.5126e-05
3.0306e-05
1.5244e-05
1.3138e-17
-1.5366e-05
-3.0794e-05
-4.6222e-05
-6.1588e-05
-7.6829e-05
-9.1884e-05
-0.00010669
-0.00012119
-0.00013531
-0.000149
-0.00016221
-0.00017487
-0.00018693
-0.00019833
-0.00020903
-0.00021898
-0.00022812
-0.00023643
-0.00024386
-0.00025037
-0.00025592
-0.0002605
-0.00026408
-0.00026662
-0.00026813
-0.00026857
-0.00026795
-0.00026625
-0.00026348
-0.00025964
-0.00025474
-0.00024878
-0.00024179
-0.00023379
-0.00022481
-0.00021486
-0.00020398
-0.00019222
-0.00017961
-0.0001662
-0.00015203
-0.00013716
-0.00012163
-0.00010552
-8.8881e-05
-7.1772e-05
-5.4261e-05
-3.6416e-05
-1.8305e-05
-1.8919e-17
1.8427e-05
3.6904e-05
5.5357e-05
7.3712e-05
9.1894e-05
0.00010983
0.00012745
0.00014467
0.00016143
0.00017766
0.00019328
0.00020824
0.00022246
0.00023589
0.00024847
0.00026014
0.00027084
0.00028054
0.00028918
0.00029673
0.00030314
0.00030839
0.00031244
0.00031528
0.00031687
0.00031722
0.00031631
0.00031414
0.0003107
0.000306
0.00030006
0.00029289
0.00028451
0.00027496
0.00026425
0.00025242
0.00023952
0.00022559
0.00021068
0.00019485
0.00017815
0.00016064
0.00014239
0.00012347
0.00010395
8.3896e-05
6.3396e-05
4.2526e-05
2.1366e-05
6.3527e-18
-2.1488e-05
-4.3014e-05
-6.4492e-05
-8.5835e-05
-0.00010696
-0.00012778
-0.0001482
-0.00016816
-0.00018755
-0.00020631
-0.00022436
-0.00024161
-0.000258
-0.00027346
-0.00028791
-0.0003013
-0.00031356
-0.00032465
-0.00033451
-0.00034309
-0.00035036
-0.00035628
-0.00036081
-0.00036393
-0.00036563
-0.00036588
-0.00036468
-0.00036202
-0.00035792
-0.00035237
-0.00034539
-0.000337
-0.00032723
-0.00031612
-0.00030368
-0.00028998
-0.00027506
-0.00025896
-0.00024176
-0.00022351
-0.00020427
-0.00018413
-0.00016315
-0.00014142
-0.00011901
-9.6019e-05
-7.2531e-05
-4.8636e-05
-2.4427e-05
-3.3634e-17
2.455e-05
4.9124e-05
7.3627e-05
9.7959e-05
0.00012202
0.00014572
0.00016896
0.00019164
0.00021367
0.00023497
0.00025543
0.00027498
0.00029354
0.00031102
0.00032735
0.00034246
0.00035628
0.00036876
0.00037984
0.00038946
0.00039758
0.00040416
0.00040917
0.00041258
0.00041438
0.00041453
0.00041304
0.00040991
0.00040513
0.00039873
0.00039072
0.00038111
0.00036995
0.00035728
0.00034312
0.00032755
0.0003106
0.00029234
0.00027283
0.00025216
0.00023039
0.00020761
0.0001839
0.00015936
0.00013407
0.00010814
8.1665e-05
5.4746e-05
2.7488e-05
1.7628e-17
-2.7611e-05
-5.5234e-05
-8.2762e-05
-0.00011008
-0.00013709
-0.00016367
-0.00018972
-0.00021513
-0.0002398
-0.00026362
-0.00028651
-0.00030835
-0.00032907
-0.00034858
-0.00036679
-0.00038362
-0.000399
-0.00041287
-0.00042516
-0.00043582
-0.0004448
-0.00045205
-0.00045754
-0.00046124
-0.00046312
-0.00046318
-0.00046141
-0.00045779
-0.00045235
-0.00044509
-0.00043604
-0.00042522
-0.00041267
-0.00039844
-0.00038256
-0.00036511
-0.00034613
-0.00032571
-0.00030391
-0.00028081
-0.00025651
-0.0002311
-0.00020466
-0.00017731
-0.00014914
-0.00012027
-9.08e-05
-6.0856e-05
-3.0549e-05
-2.4792e-17
3.0488e-05
6.0733e-05
9.0618e-05
0.00012002
0.00014884
0.00017695
0.00020425
0.00023063
0.00025599
0.00028024
0.00030329
0.00032504
0.00034542
0.00036436
0.00038178
0.00039762
0.00041182
0.00042434
0.00043514
0.00044417
0.00045141
0.00045684
0.00046044
0.00046221
0.00046215
0.00046026
0.00045657
0.00045109
0.00044385
0.00043489
0.00042426
0.00041199
0.00039815
0.0003828
0.000366
0.00034783
0.00032836
0.00030769
0.00028588
0.00026305
0.00023927
0.00021466
0.0001893
0.00016331
0.00013679
0.00010984
8.2579e-05
5.5112e-05
2.7549e-05
2.7027e-17
-2.7427e-05
-5.4623e-05
-8.1483e-05
-0.0001079
-0.00013377
-0.000159
-0.00018349
-0.00020714
-0.00022987
-0.00025159
-0.00027221
-0.00029167
-0.00030988
-0.00032679
-0.00034234
-0.00035645
-0.0003691
-0.00038023
-0.00038981
-0.0003978
-0.00040419
-0.00040895
-0.00041207
-0.00041356
-0.0004134
-0.00041161
-0.00040821
-0.0004032
-0.00039663
-0.00038853
-0.00037893
-0.00036788
-0.00035543
-0.00034164
-0.00032656
-0.00031027
-0.00029283
-0.00027432
-0.00025481
-0.00023439
-0.00021315
-0.00019117
-0.00016854
-0.00014536
-0.00012172
-9.7716e-05
-7.3444e-05
-4.9002e-05
-2.4488e-05
-6.0982e-18
2.4366e-05
4.8513e-05
7.2348e-05
9.5777e-05
0.00011871
0.00014106
0.00016273
0.00018366
0.00020375
0.00022293
0.00024114
0.0002583
0.00027435
0.00028923
0.0003029
0.00031529
0.00032638
0.00033612
0.00034448
0.00035144
0.00035697
0.00036106
0.00036371
0.0003649
0.00036465
0.00036296
0.00035984
0.00035532
0.00034942
0.00034217
0.0003336
0.00032377
0.00031271
0.00030048
0.00028712
0.0002727
0.00025729
0.00024094
0.00022374
0.00020574
0.00018703
0.00016769
0.00014779
0.00012742
0.00010666
8.5593e-05
6.4309e-05
4.2892e-05
2.1427e-05
2.8345e-17
-2.1305e-05
-4.2403e-05
-6.3213e-05
-8.3653e-05
-0.00010364
-0.00012311
-0.00014198
-0.00016017
-0.00017763
-0.00019428
-0.00021006
-0.00022493
-0.00023881
-0.00025167
-0.00026346
-0.00027413
-0.00028366
-0.00029201
-0.00029916
-0.00030508
-0.00030975
-0.00031318
-0.00031534
-0.00031625
-0.0003159
-0.0003143
-0.00031147
-0.00030743
-0.0003022
-0.0002958
-0.00028828
-0.00027966
-0.00026999
-0.00025931
-0.00024768
-0.00023514
-0.00022175
-0.00020757
-0.00019266
-0.00017709
-0.00016091
-0.0001442
-0.00012703
-0.00010947
-9.1593e-05
-7.3469e-05
-5.5174e-05
-3.6782e-05
-1.8366e-05
-1.0855e-17
1.8244e-05
3.6293e-05
5.4078e-05
7.1529e-05
8.858e-05
0.00010516
0.00012122
0.00013669
0.00015151
0.00016562
0.00017899
0.00019155
0.00020327
0.00021411
0.00022402
0.00023297
0.00024094
0.0002479
0.00025383
0.00025871
0.00026253
0.00026529
0.00026698
0.0002676
0.00026715
0.00026565
0.00026311
0.00025954
0.00025498
0.00024944
0.00024295
0.00023555
0.00022727
0.00021815
0.00020824
0.00019758
0.00018622
0.0001742
0.00016159
0.00014843
0.00013479
0.00012072
0.00010627
9.1525e-05
7.6528e-05
6.1346e-05
4.604e-05
3.0672e-05
1.5305e-05
1.1657e-17
-1.5183e-05
-3.0183e-05
-4.4943e-05
-5.9406e-05
-7.3515e-05
-8.7218e-05
-0.00010046
-0.0001132
-0.00012538
-0.00013697
-0.00014791
-0.00015818
-0.00016774
-0.00017654
-0.00018458
-0.00019181
-0.00019822
-0.00020379
-0.0002085
-0.00021235
-0.00021532
-0.0002174
-0.00021861
-0.00021894
-0.0002184
-0.000217
-0.00021474
-0.00021166
-0.00020776
-0.00020307
-0.00019762
-0.00019144
-0.00018455
-0.00017699
-0.0001688
-0.00016002
-0.00015068
-0.00014083
-0.00013051
-0.00011978
-0.00010867
-9.723e-05
-8.5518e-05
-7.3579e-05
-6.1463e-05
-4.9222e-05
-3.6905e-05
-2.4562e-05
-1.2244e-05
-1.1408e-17
1.2122e-05
2.4073e-05
3.5809e-05
4.7282e-05
5.8451e-05
6.9272e-05
7.9706e-05
8.9715e-05
9.9262e-05
0.00010831
0.00011684
0.00012481
0.0001322
0.00013898
0.00014514
0.00015065
0.0001555
0.00015968
0.00016318
0.00016598
0.0001681
0.00016952
0.00017025
0.00017029
0.00016965
0.00016834
0.00016638
0.00016377
0.00016054
0.00015671
0.0001523
0.00014733
0.00014183
0.00013583
0.00012936
0.00012245
0.00011514
0.00010746
9.9438e-05
9.1121e-05
8.2544e-05
7.3744e-05
6.4761e-05
5.5633e-05
4.6399e-05
3.7098e-05
2.777e-05
1.8452e-05
9.1831e-06
1.8501e-18
-9.0607e-06
-1.7963e-05
-2.6674e-05
-3.5159e-05
-4.3386e-05
-5.1326e-05
-5.8949e-05
-6.6229e-05
-7.314e-05
-7.966e-05
-8.5765e-05
-9.1438e-05
-9.6661e-05
-0.00010142
-0.0001057
-0.00010949
-0.00011278
-0.00011557
-0.00011785
-0.00011962
-0.00012088
-0.00012163
-0.00012188
-0.00012163
-0.0001209
-0.00011969
-0.00011801
-0.00011589
-0.00011332
-0.00011035
-0.00010697
-0.00010322
-9.911e-05
-9.467e-05
-8.9922e-05
-8.4891e-05
-7.9603e-05
-7.4085e-05
-6.8364e-05
-6.2467e-05
-5.6423e-05
-5.0259e-05
-4.4004e-05
-3.7687e-05
-3.1334e-05
-2.4975e-05
-1.8635e-05
-1.2342e-05
-6.1221e-06
-7.7567e-18
5.9996e-06
1.1853e-05
1.7539e-05
2.3035e-05
2.8321e-05
3.338e-05
3.8192e-05
4.2744e-05
4.7019e-05
5.1005e-05
5.4691e-05
5.8067e-05
6.1124e-05
6.3856e-05
6.6258e-05
6.8327e-05
7.0061e-05
7.1459e-05
7.2523e-05
7.3255e-05
7.3661e-05
7.3745e-05
7.3516e-05
7.2981e-05
7.215e-05
7.1035e-05
6.9646e-05
6.7999e-05
6.6106e-05
6.3982e-05
6.1644e-05
5.9108e-05
5.639e-05
5.3509e-05
5.0483e-05
4.7329e-05
4.4066e-05
4.0713e-05
3.7289e-05
3.3812e-05
3.0301e-05
2.6773e-05
2.3248e-05
1.9741e-05
1.627e-05
1.2851e-05
9.5002e-06
6.2322e-06
3.061e-06
1.6385e-18
-2.9386e-06
-5.7434e-06
-8.4041e-06
-1.0911e-05
-1.3257e-05
-1.5434e-05
-1.7436e-05
-1.9258e-05
-2.0897e-05
-2.2351e-05
-2.3617e-05
-2.4695e-05
-2.5587e-05
-2.6294e-05
-2.6819e-05
-2.7166e-05
-2.7341e-05
-2.7348e-05
-2.7196e-05
-2.6891e-05
-2.6442e-05
-2.5859e-05
-2.515e-05
-2.4327e-05
-2.34e-05
-2.2381e-05
-2.1281e-05
-2.0112e-05
-1.8887e-05
-1.7618e-05
-1.6318e-05
-1.4998e-05
-1.367e-05
-1.2348e-05
-1.1043e-05
-9.7663e-06
-8.5289e-06
-7.3418e-06
-6.2149e-06
-5.1578e-06
-4.1794e-06
-3.288e-06
-2.4908e-06
-1.7946e-06
-1.2052e-06
-7.2742e-07
-3.6539e-07
-1.222e-07
-0
-0
0
0
0
0
0
0
0
0
0
0
0
0
0
0
0
0
0
0
0
0
0
0
0
0
0
0
0
0
0
0
0
0
0
0
0
0
0
0
0
0
0
0
0
0
0
0
0
0
0
0
-0
-0
-0
-0
-0
-0
-0
-0
-0
-0
-0
-0
-0
-0
-0
-0
-0
-0
-0
-0
-0
-0
-0
-0
-0
-0
-0
-0
-0
-0
-0
-0
-0
-0
-0
-0
-0
-0
-0
-0
-0
-0
-0
-0
-0
-0
-0
-0
-0
-0
0
0
0
0
0
0
0
0
0
0
0
0
0
0
0
0
0
0
0
0
0
0
0
0
0
0
0
0
0
0
0
0
0
0
0
0
0
0
0
0
0
0
0
0
0
0
0
0
0
0
-0
-0
-0
-0
-0
-0
-0
-0
-0
-0
-0
-0
-0
-0
-0
-0
-0
-0
-0
-0
-0
-0
-0
-0
-0
-0
-0
-0
-0
-0
-0
-0
-0
-0
-0
-0
-0
-0
-0
-0
-0
-0
-0
-0
-0
-0
-0
-0
-0
-0
0
0
0
0
0
0
0
0
0
0
0
0
0
0
0
0
0
0
0
0
0
0
0
0
0
0
0
0
0
0
0
0
0
0
0
0
0
0
0
0
0
0
0
0
0
0
0
0
0
0
-0
-0
-0
-0
-0
-0
-0
-0
-0
-0
-0
-0
-0
-0
-0
-0
-0
-0
-0
-0
-0
-0
-0
-0
-0
-0
-0
-0
-0
-0
-0
-0
-0
-0
-0
-0
-0
-0
-0
-0
-0
-0
-0
-0
-0
-0
-0
-0
-0
-0
0
0
0
0
0
0
0
0
0
0
0
0
0
0
0
0
0
0
0
0
0
0
0
0
0
0
0
0
0
0
0
0
0
0
0
0
0
0
0
0
0
0
0
0
0
0
0
0
0
0
-0
-0
-0
-0
-0
-0
-0
-0
-0
-0
-0
-0
-0
-0
-0
-0
-0
-0
-0
-0
-0
-0
-0
-0
-0
-0
-0
-0
-0
-0
-0
-0
-0
-0
-0
-0
-0
-0
-0
-0
-0
-0
-0
-0
-0
-0
-0
-0
-0
-0
0
0
0
0
0
0
0
0
0
0
0
0
0
0
0
0
0
0
0
0
0
0
0
0
0
0
0
0
0
0
0
0
0
0
0
0
0
0
0
0
0
0
0
0
0
0
0
0
0
0
-0
-0
-0
-0
-0
-0
-0
-0
-0
-0
-0
-0
-0
-0
-0
-0
-0
-0
-0
-0
-0
-0
-0
-0
-0
-0
-0
-0
-0
-0
-0
-0
-0
-0
-0
-0
-0
-0
-0
-0
-0
-0
-0
-0
-0
-0
-0
-0
-0
-0
0
0
0
0
0
0
0
0
0
0
0
0
0
0
0
0
0
0
0
0
0
0
0
0
0
0
0
0
0
0
0
0
0
0
0
0
0
0
0
0
0
0
0
0
0
0
0
0
0
0
-0
-0
-0
-0
-0
-0
-0
-0
-0
-0
-0
-0
-0
-0
-0
-0
-0
-0
-0
-0
-0
-0
-0
-0
-0
-0
-0
-0
-0
-0
-0
-0
-0
-0
-0
-0
-0
-0
-0
-0
-0
-0
-0
-0
-0
-0
-0
-0
-0
-0
0
0
0
0
0
0
0
0
0
0
0
0
0
0
0
0
0
0
0
0
0
0
0
0
0
0
0
0
0
0
0
0
0
0
0
0
0
0
0
0
0
0
0
0
0
0
0
0
0
0
-0
-0
-0
-0
-0
-0
-0
-0
-0
-0
-0
-0
-0
-0
-0
-0
-0
-0
-0
-0
-0
-0
-0
-0
-0
-0
-0
-0
-0
-0
-0
-0
-0
-0
-0
-0
-0
-0
-0
-0
-0
-0
-0
-0
-0
-0
-0
-0
-0
-0
0
0
0
0
0
0
0
0
0
0
0
0
0
0
0
0
0
0
0
0
0
0
0
0
0
0
0
0
0
0
0
0
0
0
0
0
0
0
0
0
0
0
0
0
0
0
0
0
0
0
-0
-0
-0
-0
-0
-0
-0
-0
-0
-0
-0
-0
-0
-0
-0
-0
-0
-0
-0
-0
-0
-0
-0
-0
-0
-0
-0
-0
-0
-0
-0
-0
-0
-0
-0
-0
-0
-0
-0
-0
-0
-0
-0
-0
-0
-0
-0
-0
-0
-0
0
0
0
0
0
0
0
0
0
0
0
0
0
0
0
0
0
0
0
0
0
0
0
0
0
0
0
0
0
0
0
0
0
0
0
0
0
0
0
0
0
0
0
0
0
0
0
0
0
0
-0
-0
-0
-0
-0
-0
-0
-0
-0
-0
-0
-0
-0
-0
-0
-0
-0
-0
-0
-0
-0
-0
-0
-0
-0
-0
-0
-0
-0
-0
-0
-0
-0
-0
-0
-0
-0
-0
-0
-0
-0
-0
-0
-0
-0
-0
-0
-0
-0
-0
0
0
0
0
0
0
0
0
0
0
0
0
0
0
0
0
0
0
0
0
0
0
0
0
0
0
0
0
0
0
0
0
0
0
0
0
0
0
0
0
0
0
0
0
0
0
0
0
0
0
-0
-0
-0
-0
-0
-0
-0
-0
-0
-0
-0
-0
-0
-0
-0
-0
-0
-0
-0
-0
-0
-0
-0
-0
-0
-0
-0
-0
-0
-0
-0
-0
-0
-0
-0
-0
-0
-0
-0
-0
-0
-0
-0
-0
-0
-0
-0
-0
-0
-0
0
0
0
0
0
0
0
0
0
0
0
0
0
0
0
0
0
0
0
0
0
0
0
0
0
0
0
0
0
0
0
0
0
0
0
0
0
0
0
0
0
0
0
0
0
0
0
0
0
0
-0
-0
-0
-0
-0
-0
-0
-0
-0
-0
-0
-0
-0
-0
-0
-0
-0
-0
-0
-0
-0
-0
-0
-0
-0
-0
-0
-0
-0
-0
-0
-0
-0
-0
-0
-0
-0
-0
-0
-0
-0
-0
-0
-0
-0
-0
-0
-0
-0
0
0
0
0
0
0
0
0
0
0
0
0
0
0
0
0
0
0
0
0
0
0
0
0
0
0
0
0
0
0
0
0
0
0
0
0
0
0
0
0
0
0
0
0
0
0
0
0
0
0
0
-0
-0
-0
-0
-0
-0
-0
-0
-0
-0
-0
-0
-0
-0
-0
-0
-0
-0
-0
-0
-0
-0
-0
-0
-0
-0
-0
-0
-0
-0
-0
-0
-0
-0
-0
-0
-0
-0
-0
-0
-0
-0
-0
-0
-0
-0
-0
-0
-0
-0
0
0
0
0
0
0
0
0
0
0
0
0
0
0
0
0
0
0
0
0
0
0
0
0
0
0
0
0
0
0
0
0
0
0
0
0
0
0
0
0
0
0
0
0
0
0
0
0
0
-0
-0
-0
-0
-0
-0
-0
-0
-0
-0
-0
-0
-0
-0
-0
-0
-0
-0
-0
-0
-0
-0
-0
-0
-0
-0
-0
-0
-0
-0
-0
-0
-0
-0
-0
-0
-0
-0
-0
-0
-0
-0
-0
-0
-0
-0
-0
-0
-0
-0
-0
0
0
0
0
0
0
0
0
0
0
0
0
0
0
0
0
0
0
0
0
0
0
0
0
0
0
0
0
0
0
0
0
0
0
0
0
0
0
0
0
0
0
0
0
0
0
0
0
0
0
-0
-0
-0
-0
-0
-0
-0
-0
-0
-0
-0
-0
-0
-0
-0
-0
-0
-0
-0
-0
-0
-0
-0
-0
-0
-0
-0
-0
-0
-0
-0
-0
-0
-0
-0
-0
-0
-0
-0
-0
-0
-0
-0
-0
-0
-0
-0
-0
-0
-0
0
0
0
0
0
0
0
0
0
0
0
0
0
0
0
0
0
0
0
0
0
0
0
0
0
0
0
0
0
0
0
0
0
0
0
0
0
0
0
0
0
0
0
0
0
0
0
0
0
0
-0
-0
-0
-0
-0
-0
-0
-0
-0
-0
-0
-0
-0
-0
-0
-0
-0
-0
-0
-0
-0
-0
-0
-0
-0
-0
-0
-0
-0
-0
-0
-0
-0
-0
-0
-0
-0
-0
-0
-0
-0
-0
-0
-0
-0
-0
-0
-0
-0
0
0
0
0
0
0
0
0
0
0
0
0
0
0
0
0
0
0
0
0
0
0
0
0
0
0
0
0
0
0
0
0
0
0
0
0
0
0
0
0
0
0
0
0
0
0
0
0
0
0
0
-0
-0
-0
-0
-0
-0
-0
-0
-0
-0
-0
-0
-0
-0
-0
-0
-0
-0
-0
-0
-0
-0
-0
-0
-0
-0
-0
-0
-0
-0
-0
-0
-0
-0
-0
-0
-0
-0
-0
-0
-0
-0
-0
-0
-0
-0
-0
-0
-0
0
0
0
0
0
0
0
0
0
0
0
0
0
0
0
0
0
0
0
0
0
0
0
0
0
0
0
0
0
0
0
0
0
0
0
0
0
0
0
0
0
0
0
0
0
0
0
0
0
0
0
-0
-0
-0
-0
-0
-0
-0
-0
-0
-0
-0
-0
-0
-0
-0
-0
-0
-0
-0
-0
-0
-0
-0
-0
-0
-0
-0
-0
-0
-0
-0
-0
-0
-0
-0
-0
-0
-0
-0
-0
-0
-0
-0
-0
-0
-0
-0
-0
-0
-0
0
0
0
0
0
0
0
0
0
0
0
0
0
0
0
0
0
0
0
0
0
0
0
0
0
0
0
0
0
0
0
0
0
0
0
0
0
0
0
0
0
0
0
0
0
0
0
0
0
0
-0
-0
-0
-0
-0
-0
-0
-0
-0
-0
-0
-0
-0
-0
-0
-0
-0
-0
-0
-0
-0
-0
-0
-0
-0
-0
-0
-0
-0
-0
-0
-0
-0
-0
-0
-0
-0
-0
-0
-0
-0
-0
-0
-0
-0
-0
-0
-0
-0
-0
0
0
0
0
0
0
0
0
0
0
0
0
0
0
0
0
0
0
0
0
0
0
0
0
0
0
0
0
0
0
0
0
0
0
0
0
0
0
0
0
0
0
0
0
0
0
0
0
0
0
-0
-0
-0
-0
-0
-0
-0
-0
-0
-0
-0
-0
-0
-0
-0
-0
-0
-0
-0
-0
-0
-0
-0
-0
-0
-0
-0
-0
-0
-0
-0
-0
-0
-0
-0
-0
-0
-0
-0
-0
-0
-0
-0
-0
-0
-0
-0
-0
-0
-0
0
0
0
0
0
0
0
0
0
0
0
0
0
0
0
0
0
0
0
0
0
0
0
0
0
0
0
0
0
0
0
0
0
0
0
0
0
0
0
0
0
0
0
0
0
0
0
0
0
0
-0
-0
-0
-0
-0
-0
-0
-0
-0
-0
-0
-0
-0
-0
-0
-0
-0
-0
-0
-0
-0
-0
-0
-0
-0
-0
-0
-0
-0
-0
-0
-0
-0
-0
-0
-0
-0
-0
-0
-0
-0
-0
-0
-0
-0
-0
-0
-0
-0
0
0
0
0
0
0
0
0
0
0
0
0
0
0
0
0
0
0
0
0
0
0
0
0
0
0
0
0
0
0
0
0
0
0
0
0
0
0
0
0
0
0
0
0
0
0
0
0
0
0
0
-0
-0
-0
-0
-0
-0
-0
-0
-0
-0
-0
-0
-0
-0
-0
-0
-0
-0
-0
-0
-0
-0
-0
-0
-0
-0
-0
-0
-0
-0
-0
-0
-0
-0
-0
-0
-0
-0
-0
-0
-0
-0
-0
-0
-0
-0
-0
-0
-0
0
0
0
0
0
0
0
0
0
0
0
0
0
0
0
0
0
0
0
0
0
0
0
0
0
0
0
0
0
0
0
0
0
0
0
0
0
0
0
0
0
0
0
0
0
0
0
0
0
0
0
-0
-0
-0
-0
-0
-0
-0
-0
-0
-0
-0
-0
-0
-0
-0
-0
-0
-0
-0
-0
-0
-0
-0
-0
-0
-0
-0
-0
-0
-0
-0
-0
-0
-0
-0
-0
-0
-0
-0
-0
-0
-0
-0
-0
-0
-0
-0
-0
-0
-0
0
0
0
0
0
0
0
0
0
0
0
0
0
0
0
0
0
0
0
0
0
0
0
0
0
0
0
0
0
0
0
0
0
0
0
0
0
0
0
0
0
0
0
0
0
0
0
0
0
0
-0
-0
-0
-0
-0
-0
-0
-0
-0
-0
-0
-0
-0
-0
-0
-0
-0
-0
-0
-0
-0
-0
-0
-0
-0
-0
-0
-0
-0
-0
-0
-0
-0
-0
-0
-0
-0
-0
-0
-0
-0
-0
-0
-0
-0
-0
-0
-0
-0
-0
0
0
0
0
0
0
0
0
0
0
0
0
0
0
0
0
0
0
0
0
0
0
0
0
0
0
0
0
0
0
0
0
0
0
0
0
0
0
0
0
0
0
0
0
0
0
0
0
0
0
-0
-0
-0
-0
-0
-0
-0
-0
-0
-0
-0
-0
-0
-0
-0
-0
-0
-0
-0
-0
-0
-0
-0
-0
-0
-0
-0
-0
-0
-0
-0
-0
-0
-0
-0
-0
-0
-0
-0
-0
-0
-0
-0
-0
-0
-0
-0
-0
-0
-0
0
0
0
0
0
0
0
0
0
0
0
0
0
0
0
0
0
0
0
0
0
0
0
0
0
0
0
0
0
0
0
0
0
0
0
0
0
0
0
0
0
0
0
0
0
0
0
0
0
0
-0
-0
-0
-0
-0
-0
-0
-0
-0
-0
-0
-0
-0
-0
-0
-0
-0
-0
-0
-0
-0
-0
-0
-0
-0
-0
-0
-0
-0
-0
-0
-0
-0
-0
-0
-0
-0
-0
-0
-0
-0
-0
-0
-0
-0
-0
-0
-0
-0
0
0
0
0
0
0
0
0
0
0
0
0
0
0
0
0
0
0
0
0
0
0
0
0
0
0
0
0
0
0
0
0
0
0
0
0
0
0
0
0
0
0
0
0
0
0
0
0
0
0
0
-0
-0
-0
-0
-0
-0
-0
-0
-0
-0
-0
-0
-0
-0
-0
-0
-0
-0
-0
-0
-0
-0
-0
-0
-0
-0
-0
-0
-0
-0
-0
-0
-0
-0
-0
-0
-0
-0
-0
-0
-0
-0
-0
-0
-0
-0
-0
-0
-0
0
0
0
0
0
0
0
0
0
0
0
0
0
0
0
0
0
0
0
0
0
0
0
0
0
0
0
0
0
0
0
0
0
0
0
0
0
0
0
0
0
0
0
0
0
0
0
0
0
0
0
-0
-0
-0
-0
-0
-0
-0
-0
-0
-0
-0
-0
-0
-0
-0
-0
-0
-0
-0
-0
-0
-0
-0
-0
-0
-0
-0
-0
-0
-0
-0
-0
-0
-0
-0
-0
-0
-0
-0
-0
-0
-0
-0
-0
-0
-0
-0
-0
-0
-0
0
0
0
0
0
0
0
0
0
0
0
0
0
0
0
0
0
0
0
0
0
0
0
0
0
0
0
0
0
0
0
0
0
0
0
0
0
0
0
0
0
0
0
0
0
0
0
0
0
0
-0
-0
-0
-0
-0
-0
-0
-0
-0
-0
-0
-0
-0
-0
-0
-0
-0
-0
-0
-0
-0
-0
-0
-0
-0
-0
-0
-0
-0
-0
-0
-0
-0
-0
-0
-0
-0
-0
-0
-0
-0
-0
-0
-0
-0
-0
-0
-0
-0
-0
0
0
0
0
0
0
0
0
0
0
0
0
0
0
0
0
0
0
0
0
0
0
0
0
0
0
0
0
0
0
0
0
0
0
0
0
0
0
0
0
0
0
0
0
0
0
0
0
0
0
-0
-0
-0
-0
-0
-0
-0
-0
-0
-0
-0
-0
-0
-0
-0
-0
-0
-0
-0
-0
-0
-0
-0
-0
-0
-0
-0
-0
-0
-0
-0
-0
-0
-0
-0
-0
-0
-0
-0
-0
-0
-0
-0
-0
-0
-0
-0
-0
-0
-0
0
0
0
0
0
0
0
0
0
0
0
0
0
0
0
0
0
0
0
0
0
0
0
0
0
0
0
0
0
0
0
0
0
0
0
0
0
0
0
0
0
0
0
0
0
0
0
0
0
0
-0
-0
-0
-0
-0
-0
-0
-0
-0
-0
-0
-0
-0
-0
-0
-0
-0
-0
-0
-0
-0
-0
-0
-0
-0
-0
-0
-0
-0
-0
-0
-0
-0
-0
-0
-0
-0
-0
-0
-0
-0
-0
-0
-0
-0
-0
-0
-0
-0
0
0
0
0
0
0
0
0
0
0
0
0
0
0
0
0
0
0
0
0
0
0
0
0
0
0
0
0
0
0
0
0
0
0
0
0
0
0
0
0
0
0
0
0
0
0
0
0
0
0
0
-0
-0
-0
-0
-0
-0
-0
-0
-0
-0
-0
-0
-0
-0
-0
-0
-0
-0
-0
-0
-0
-0
-0
-0
-0
-0
-0
-0
-0
-0
-0
-0
-0
-0
-0
-0
-0
-0
-0
-0
-0
-0
-0
-0
-0
-0
-0
-0
-0
0
0
0
0
0
0
0
0
0
0
0
0
0
0
0
0
0
0
0
0
0
0
0
0
0
0
0
0
0
0
0
0
0
0
0
0
0
0
0
0
0
0
0
0
0
0
0
0
0
0
0
-0
-0
-0
-0
-0
-0
-0
-0
-0
-0
-0
-0
-0
-0
-0
-0
-0
-0
-0
-0
-0
-0
-0
-0
-0
-0
-0
-0
-0
-0
-0
-0
-0
-0
-0
-0
-0
-0
-0
-0
-0
-0
-0
-0
-0
-0
-0
-0
-0
0
