-0
-0
-0
-0
-0
-0
-0
-0
-0
-0
-0
-0
-0
-0
-0
-0
-0
-0
-0
-0
-0
-0
-0
-0
-0
-0
-0
-0
-0
-0
-0
-0
-0
-0
-0
-0
-0
-0
-0
-0
-0
-0
-0
-0
-0
-0
-0
-0
-0
-0
-0
0
0
0
0
0
0
0
0
0
0
0
0
0
0
0
0
0
0
0
0
0
0
0
0
0
0
0
0
0
0
0
0
0
0
0
0
0
0
0
0
0
0
0
0
0
0
0
0
0
0
-0
-0
-0
-0
-0
-0
-0
-0
-0
-0
-0
-0
-0
-0
-0
-0
-0
-0
-0
-0
-0
-0
-0
-0
-0
-0
-0
-0
-0
-0
-0
-0
-0
-0
-0
-0
-0
-0
-0
-0
-0
-0
-0
-0
-0
-0
-0
-0
-0
-0
0
0
0
0
0
0
0
0
0
0
0
0
0
0
0
0
0
0
0
0
0
0
0
0
0
0
0
0
0
0
0
0
0
0
0
0
0
0
0
0
0
0
0
0
0
0
0
0
0
0
-0
-0
-0
-0
-0
-0
-0
-0
-0
-0
-0
-0
-0
-0
-0
-0
-0
-0
-0
-0
-0
-0
-0
-0
-0
-0
-0
-0
-0
-0
-0
-0
-0
-0
-0
-0
-0
-0
-0
-0
-0
-0
-0
-0
-0
-0
-0
-0
-0
-0
0
0
0
0
0
0
0
0
0
0
0
0
0
0
0
0
0
0
0
0
0
0
0
0
0
0
0
0
0
0
0
0
0
0
0
0
0
0
0
0
0
0
0
0
0
0
0
0
0
0
-0
-0
-0
-0
-0
-0
-0
-0
-0
-0
-0
-0
-0
-0
-0
-0
-0
-0
-0
-0
-0
-0
-0
-0
-0
-0
-0
-0
-0
-0
-0
-0
-0
-0
-0
-0
-0
-0
-0
-0
-0
-0
-0
-0
-0
-0
-0
-0
-0
0
0
0
0
0
0
0
0
0
0
0
0
0
0
0
0
0
0
0
0
0
0
0
0
0
0
0
0
0
0
0
0
0
0
0
0
0
0
0
0
0
0
0
0
0
0
0
0
0
0
0
-0
-0
-0
-0
-0
-0
-0
-0
-0
-0
-0
-0
-0
-0
-0
-0
-0
-0
-0
-0
-0
-0
-0
-0
-0
-0
-0
-0
-0
-0
-0
-0
-0
-0
-0
-0
-0
-0
-0
-0
-0
-0
-0
-0
-0
-0
-0
-0
-0
-0
0
0
0
0
0
0
0
0
0
0
0
0
0
0
0
0
0
0
0
0
0
0
0
0
0
0
0
0
0
0
0
0
0
0
0
0
0
0
0
0
0
0
0
0
0
0
0
0
0
0
-0
-0
-0
-0
-0
-0
-0
-0
-0
-0
-0
-0
-0
-0
-0
-0
-0
-0
-0
-0
-0
-0
-0
-0
-0
-0
-0
-0
-0
-0
-0
-0
-0
-0
-0
-0
-0
-0
-0
-0
-0
-0
-0
-0
-0
-0
-0
-0
-0
0
0
0
0
0
0
0
0
0
0
0
0
0
0
0
0
0
0
0
0
0
0
0
0
0
0
0
0
0
0
0
0
0
0
0
0
0
0
0
0
0
0
0
0
0
0
0
0
0
0
0
-0
-0
-0
-0
-0
-0
-0
-0
-0
-0
-0
-0
-0
-0
-0
-0
-0
-0
-0
-0
-0
-0
-0
-0
-0
-0
-0
-0
-0
-0
-0
-0
-0
-0
-0
-0
-0
-0
-0
-0
-0
-0
-0
-0
-0
-0
-0
-0
-0
0
0
0
0
0
0
0
0
0
0
0
0
0
0
0
0
0
0
0
0
0
0
0
0
0
0
0
0
0
0
0
0
0
0
0
0
0
0
0
0
0
0
0
0
0
0
0
0
0
0
-0
-0
-0
-0
-0
-0
-0
-0
-0
-0
-0
-0
-0
-0
-0
-0
-0
-0
-0
-0
-0
-0
-0
-0
-0
-0
-0
-0
-0
-0
-0
-0
-0
-0
-0
-0
-0
-0
-0
-0
-0
-0
-0
-0
-0
-0
-0
-0
-0
-0
-0
0
0
0
0
0
0
0
0
0
0
0
0
0
0
0
0
0
0
0
0
0
0
0
0
0
0
0
0
0
0
0
0
0
0
0
0
0
0
0
0
0
0
0
0
0
0
0
0
0
0
-0
-0
-0
-0
-0
-0
-0
-0
-0
-0
-0
-0
-0
-0
-0
-0
-0
-0
-0
-0
-0
-0
-0
-0
-0
-0
-0
-0
-0
-0
-0
-0
-0
-0
-0
-0
-0
-0
-0
-0
-0
-0
-0
-0
-0
-0
-0
-0
-0
-0
0
0
0
0
0
0
0
0
0
0
0
0
0
0
0
0
0
0
0
0
0
0
0
0
0
0
0
0
0
0
0
0
0
0
0
0
0
0
0
0
0
0
0
0
0
0
0
0
0
0
-0
-0
-0
-0
-0
-0
-0
-0
-0
-0
-0
-0
-0
-0
-0
-0
-0
-0
-0
-0
-0
-0
-0
-0
-0
-0
-0
-0
-0
-0
-0
-0
-0
-0
-0
-0
-0
-0
-0
-0
-0
-0
-0
-0
-0
-0
-0
-0
-0
0
0
0
0
0
0
0
0
0
0
0
0
0
0
0
0
0
0
0
0
0
0
0
0
0
0
0
0
0
0
0
0
0
0
0
0
0
0
0
0
0
0
0
0
0
0
0
0
0
0
0
-0
-0
-0
-0
-0
-0
-0
-0
-0
-0
-0
-0
-0
-0
-0
-0
-0
-0
-0
-0
-0
-0
-0
-0
-0
-0
-0
-0
-0
-0
-0
-0
-0
-0
-0
-0
-0
-0
-0
-0
-0
-0
-0
-0
-0
-0
-0
-0
-0
0
0
0
0
0
0
0
0
0
0
0
0
0
0
0
0
0
0
0
0
0
0
0
0
0
0
0
0
0
0
0
0
0
0
0
0
0
0
0
0
0
0
0
0
0
0
0
0
0
0
-0
-0
-0
-0
-0
-0
-0
-0
-0
-0
-0
-0
-0
-0
-0
-0
-0
-0
-0
-0
-0
-0
-0
-0
-0
-0
-0
-0
-0
-0
-0
-0
-0
-0
-0
-0
-0
-0
-0
-0
-0
-0
-0
-0
-0
-0
-0
-0
-0
-0
0
0
0
0
0
0
0
0
0
0
0
0
0
0
0
0
0
0
0
0
0
0
0
0
0
0
0
0
0
0
0
0
0
0
0
0
0
0
0
0
0
0
0
0
0
0
0
0
0
0
0
-0
-0
-0
-0
-0
-0
-0
-0
-0
-0
-0
-0
-0
-0
-0
-0
-0
-0
-0
-0
-0
-0
-0
-0
-0
-0
-0
-0
-0
-0
-0
-0
-0
-0
-0
-0
-0
-0
-0
-0
-0
-0
-0
-0
-0
-0
-0
-0
-0
0
0
0
0
0
0
0
0
0
0
0
0
0
0
0
0
0
0
0
0
0
0
0
0
0
0
0
0
0
0
0
0
0
0
0
0
0
0
0
0
0
0
0
0
0
0
0
0
0
0
-0
-0
-0
-0
-0
-0
-0
-0
-0
-0
-0
-0
-0
-0
-0
-0
-0
-0
-0
-0
-0
-0
-0
-0
-0
-0
-0
-0
-0
-0
-0
-0
-0
-0
-0
-0
-0
-0
-0
-0
-0
-0
-0
-0
-0
-0
-0
-0
-0
-0
0
0
0
0
0
0
0
0
0
0
0
0
0
0
0
0
0
0
0
0
0
0
0
0
0
0
0
0
0
0
0
0
0
0
0
0
0
0
0
0
0
0
0
0
0
0
0
0
0
0
-0
-0
-0
-0
-0
-0
-0
-0
-0
-0
-0
-0
-0
-0
-0
-0
-0
-0
-0
-0
-0
-0
-0
-0
-0
-0
-0
-0
-0
-0
-0
-0
-0
-0
-0
-0
-0
-0
-0
-0
-0
-0
-0
-0
-0
-0
-0
-0
-0
-0
0
0
0
0
0
0
0
0
0
0
0
0
0
0
0
0
0
0
0
0
0
0
0
0
0
0
0
0
0
0
0
0
0
0
0
0
0
0
0
0
0
0
0
0
0
0
0
0
0
0
0
-0
-0
-0
-0
-0
-0
-0
-0
-0
-0
-0
-0
-0
-0
-0
-0
-0
-0
-0
-0
-0
-0
-0
-0
-0
-0
-0
-0
-0
-0
-0
-0
-0
-0
-0
-0
-0
-0
-0
-0
-0
-0
-0
-0
-0
-0
-0
-0
-0
-0
0
0
0
0
0
0
0
0
0
0
0
0
0
0
0
0
0
0
0
0
0
0
0
0
0
0
0
0
0
0
0
0
0
0
0
0
0
0
0
0
0
0
0
0
0
0
0
0
0
0
-0
-0
-0
-0
-0
-0
-0
-0
-0
-0
-0
-0
-0
-0
-0
-0
-0
-0
-0
-0
-0
-0
-0
-0
-0
-0
-0
-0
-0
-0
-0
-0
-0
-0
-0
-0
-0
-0
-0
-0
-0
-0
-0
-0
-0
-0
-0
-0
-0
-0
0
0
0
0
0
0
0
0
0
0
0
0
0
0
0
0
0
0
0
0
0
0
0
0
0
0
0
0
0
0
0
0
0
0
0
0
0
0
0
0
0
0
0
0
0
0
0
0
0
0
-0
-0
-0
-0
-0
-0
-0
-0
-0
-0
-0
-0
-0
-0
-0
-0
-0
-0
-0
-0
-0
-0
-0
-0
-0
-0
-0
-0
-0
-0
-0
-0
-0
-0
-0
-0
-0
-0
-0
-0
-0
-0
-0
-0
-0
-0
-0
-0
-0
-0
0
0
0
0
0
0
0
0
0
0
0
0
0
0
0
0
0
0
0
0
0
0
0
0
0
0
0
0
0
0
0
0
0
0
0
0
0
0
0
0
0
0
0
0
0
0
0
0
0
0
-0
-0
-0
-0
-0
-0
-0
-0
-0
-0
-0
-0
-0
-0
-0
-0
-0
-0
-0
-0
-0
-0
-0
-0
-0
-0
-0
-0
-0
-0
-0
-0
-0
-0
-0
-0
-0
-0
-0
-0
-0
-0
-0
-0
-0
-0
-0
-0
-0
-0
0
0
0
0
0
0
0
0
0
0
0
0
0
0
0
0
0
0
0
0
0
0
0
0
0
0
0
0
0
0
0
0
0
0
0
0
0
0
0
0
0
0
0
0
0
0
0
0
0
-0
-0
-0
-0
-0
-0
-0
-0
-0
-0
-0
-0
-0
-0
-0
-0
-0
-0
-0
-0
-0
-0
-0
-0
-0
-0
-0
-0
-0
-0
-0
-0
-0
-0
-0
-0
-0
-0
-0
-0
-0
-0
-0
-0
-0
-0
-0
-0
-0
-0
-0
0
0
0
0
0
0
0
0
0
0
0
0
0
0
0
0
0
0
0
0
0
0
0
0
0
0
0
0
0
0
0
0
0
0
0
0
0
0
0
0
0
0
0
0
0
0
0
0
0
0
-1.1773e-09
-4.7e-09
-1.054e-08
-1.8652e-08
-2.897e-08
-4.1414e-08
-5.5884e-08
-7.2263e-08
-9.0421e-08
-1.1021e-07
-1.3147e-07
-1.5402e-07
-1.7769e-07
-2.0226e-07
-2.2754e-07
-2.533e-07
-2.7932e-07
-3.0538e-07
-3.3123e-07
-3.5665e-07
-3.8138e-07
-4.0519e-07
-4.2785e-07
-4.4911e-07
-4.6875e-07
-4.8654e-07
-5.0226e-07
-5.157e-07
-5.2667e-07
-5.3497e-07
-5.4043e-07
-5.429e-07
-5.4221e-07
-5.3826e-07
-5.3092e-07
-5.201e-07
-5.0572e-07
-4.8774e-07
-4.6612e-07
-4.4084e-07
-4.1192e-07
-3.7938e-07
-3.4328e-07
-3.037e-07
-2.6073e-07
-2.145e-07
-1.6513e-07
-1.128e-07
-5.7689e-08
-1.4699e-20
6.0043e-08
1.222e-07
1.8621e-07
2.518e-07
3.1867e-07
3.8653e-07
4.5505e-07
5.2391e-07
5.9276e-07
6.6126e-07
7.2905e-07
7.9579e-07
8.6109e-07
9.2462e-07
9.8599e-07
1.0449e-06
1.1009e-06
1.1537e-06
1.2029e-06
1.2483e-06
1.2894e-06
1.3261e-06
1.358e-06
1.3848e-06
1.4062e-06
1.4222e-06
1.4324e-06
1.4366e-06
1.4347e-06
1.4266e-06
1.4121e-06
1.3912e-06
1.3638e-06
1.3298e-06
1.2894e-06
1.2425e-06
1.1891e-06
1.1295e-06
1.0637e-06
9.9189e-07
9.1425e-07
8.3103e-07
7.4245e-07
6.4882e-07
5.5044e-07
4.4764e-07
3.408e-07
2.303e-07
1.1655e-07
-3.6786e-21
-1.1891e-07
-2.397e-07
-3.6188e-07
-4.8495e-07
-6.0838e-07
-7.3165e-07
-8.5422e-07
-9.7555e-07
-1.0951e-06
-1.2123e-06
-1.3266e-06
-1.4375e-06
-1.5445e-06
-1.647e-06
-1.7444e-06
-1.8364e-06
-1.9224e-06
-2.0019e-06
-2.0746e-06
-2.1399e-06
-2.1975e-06
-2.247e-06
-2.2881e-06
-2.3204e-06
-2.3437e-06
-2.3578e-06
-2.3625e-06
-2.3575e-06
-2.3428e-06
-2.3182e-06
-2.2838e-06
-2.2394e-06
-2.1853e-06
-2.1214e-06
-2.0478e-06
-1.9648e-06
-1.8725e-06
-1.7713e-06
-1.6613e-06
-1.5429e-06
-1.4166e-06
-1.2827e-06
-1.1416e-06
-9.9394e-07
-8.4014e-07
-6.8079e-07
-5.1647e-07
-3.478e-07
-1.7542e-07
-2.4803e-20
1.7778e-07
3.572e-07
5.3755e-07
7.1809e-07
8.9808e-07
1.0768e-06
1.2534e-06
1.4272e-06
1.5974e-06
1.7634e-06
1.9242e-06
2.0793e-06
2.2279e-06
2.3693e-06
2.5029e-06
2.628e-06
2.7439e-06
2.8502e-06
2.9462e-06
3.0315e-06
3.1055e-06
3.1679e-06
3.2182e-06
3.2561e-06
3.2813e-06
3.2935e-06
3.2926e-06
3.2784e-06
3.2508e-06
3.2098e-06
3.1554e-06
3.0877e-06
3.0068e-06
2.9129e-06
2.8063e-06
2.6872e-06
2.5559e-06
2.413e-06
2.2589e-06
2.094e-06
1.9189e-06
1.7343e-06
1.5408e-06
1.3391e-06
1.1298e-06
9.1394e-07
6.9214e-07
4.653e-07
2.3429e-07
-3.3084e-20
-2.3664e-07
-4.747e-07
-7.1322e-07
-9.5124e-07
-1.1878e-06
-1.4219e-06
-1.6526e-06
-1.8788e-06
-2.0998e-06
-2.3144e-06
-2.5218e-06
-2.7211e-06
-2.9113e-06
-3.0917e-06
-3.2613e-06
-3.4195e-06
-3.5655e-06
-3.6985e-06
-3.8179e-06
-3.9231e-06
-4.0136e-06
-4.0888e-06
-4.1483e-06
-4.1917e-06
-4.2188e-06
-4.2291e-06
-4.2227e-06
-4.1993e-06
-4.1589e-06
-4.1014e-06
-4.0271e-06
-3.936e-06
-3.8284e-06
-3.7045e-06
-3.5647e-06
-3.4095e-06
-3.2394e-06
-3.0548e-06
-2.8565e-06
-2.645e-06
-2.4213e-06
-2.186e-06
-1.94e-06
-1.6842e-06
-1.4195e-06
-1.1471e-06
-8.6781e-07
-5.828e-07
-2.9315e-07
-9.179e-21
2.9551e-07
5.922e-07
8.8889e-07
1.1844e-06
1.4775e-06
1.767e-06
2.0517e-06
2.3305e-06
2.6021e-06
2.8655e-06
3.1194e-06
3.3628e-06
3.5947e-06
3.814e-06
4.0198e-06
4.2111e-06
4.387e-06
4.5468e-06
4.6896e-06
4.8147e-06
4.9216e-06
5.0097e-06
5.0784e-06
5.1274e-06
5.1562e-06
5.1648e-06
5.1528e-06
5.1202e-06
5.0669e-06
4.993e-06
4.8988e-06
4.7843e-06
4.6499e-06
4.496e-06
4.3232e-06
4.1319e-06
3.9228e-06
3.6966e-06
3.454e-06
3.1961e-06
2.9236e-06
2.6376e-06
2.3391e-06
2.0293e-06
1.7093e-06
1.3802e-06
1.0435e-06
7.003e-07
3.5202e-07
-8.8216e-20
-3.5437e-07
-7.097e-07
-1.0646e-06
-1.4175e-06
-1.7672e-06
-2.1121e-06
-2.4509e-06
-2.7821e-06
-3.1044e-06
-3.4165e-06
-3.717e-06
-4.0046e-06
-4.2781e-06
-4.5364e-06
-4.7783e-06
-5.0026e-06
-5.2085e-06
-5.395e-06
-5.5612e-06
-5.7063e-06
-5.8297e-06
-5.9306e-06
-6.0085e-06
-6.063e-06
-6.0937e-06
-6.1004e-06
-6.0829e-06
-6.0411e-06
-5.9749e-06
-5.8847e-06
-5.7704e-06
-5.6325e-06
-5.4714e-06
-5.2876e-06
-5.0816e-06
-4.8542e-06
-4.6062e-06
-4.3383e-06
-4.0516e-06
-3.7471e-06
-3.4259e-06
-3.0892e-06
-2.7383e-06
-2.3744e-06
-1.999e-06
-1.6134e-06
-1.2191e-06
-8.178e-07
-4.1089e-07
3.2171e-20
4.1324e-07
8.272e-07
1.2402e-06
1.6507e-06
2.0569e-06
2.4572e-06
2.8501e-06
3.2338e-06
3.6068e-06
3.9676e-06
4.3146e-06
4.6464e-06
4.9615e-06
5.2588e-06
5.5367e-06
5.7942e-06
6.0301e-06
6.2433e-06
6.4329e-06
6.598e-06
6.7377e-06
6.8515e-06
6.9386e-06
6.9987e-06
7.0312e-06
7.0361e-06
7.013e-06
6.962e-06
6.883e-06
6.7763e-06
6.6421e-06
6.4808e-06
6.293e-06
6.0792e-06
5.8401e-06
5.5766e-06
5.2896e-06
4.9801e-06
4.6492e-06
4.2982e-06
3.9283e-06
3.5409e-06
3.1375e-06
2.7195e-06
2.2887e-06
1.8465e-06
1.3948e-06
9.353e-07
4.6975e-07
4.4087e-20
-4.7211e-07
-9.447e-07
-1.4159e-06
-1.8838e-06
-2.3466e-06
-2.8023e-06
-3.2492e-06
-3.6854e-06
-4.1091e-06
-4.5186e-06
-4.9121e-06
-5.2881e-06
-5.645e-06
-5.9811e-06
-6.2952e-06
-6.5858e-06
-6.8516e-06
-7.0916e-06
-7.3046e-06
-7.4896e-06
-7.6458e-06
-7.7723e-06
-7.8687e-06
-7.9343e-06
-7.9687e-06
-7.9717e-06
-7.9431e-06
-7.8829e-06
-7.791e-06
-7.6679e-06
-7.5138e-06
-7.3291e-06
-7.1145e-06
-6.8707e-06
-6.5985e-06
-6.2989e-06
-5.973e-06
-5.6218e-06
-5.2468e-06
-4.8492e-06
-4.4306e-06
-3.9925e-06
-3.5366e-06
-3.0646e-06
-2.5784e-06
-2.0797e-06
-1.5705e-06
-1.0528e-06
-5.2862e-07
9.9249e-20
5.3097e-07
1.0622e-06
1.5916e-06
2.117e-06
2.6363e-06
3.1475e-06
3.6484e-06
4.1371e-06
4.6115e-06
5.0696e-06
5.5097e-06
5.9299e-06
6.3284e-06
6.7035e-06
7.0536e-06
7.3773e-06
7.6732e-06
7.9399e-06
8.1762e-06
8.3812e-06
8.5538e-06
8.6932e-06
8.7988e-06
8.87e-06
8.9062e-06
8.9074e-06
8.8732e-06
8.8037e-06
8.6991e-06
8.5595e-06
8.3854e-06
8.1774e-06
7.9361e-06
7.6623e-06
7.357e-06
7.0213e-06
6.6564e-06
6.2636e-06
5.8444e-06
5.4003e-06
4.933e-06
4.4442e-06
3.9358e-06
3.4098e-06
2.8681e-06
2.3128e-06
1.7462e-06
1.1703e-06
5.8748e-07
-9.1896e-21
-5.8631e-07
-1.1679e-06
-1.7426e-06
-2.3082e-06
-2.8623e-06
-3.4029e-06
-3.9278e-06
-4.4351e-06
-4.9229e-06
-5.3893e-06
-5.8324e-06
-6.2508e-06
-6.6427e-06
-7.0069e-06
-7.3418e-06
-7.6464e-06
-7.9196e-06
-8.1604e-06
-8.368e-06
-8.5417e-06
-8.6809e-06
-8.7853e-06
-8.8546e-06
-8.8887e-06
-8.8875e-06
-8.8512e-06
-8.7802e-06
-8.6748e-06
-8.5356e-06
-8.3634e-06
-8.1588e-06
-7.9229e-06
-7.6567e-06
-7.3615e-06
-7.0384e-06
-6.689e-06
-6.3147e-06
-5.9171e-06
-5.4978e-06
-5.0586e-06
-4.6014e-06
-4.128e-06
-3.6404e-06
-3.1406e-06
-2.6305e-06
-2.1123e-06
-1.5881e-06
-1.0598e-06
-5.298e-07
1.5678e-19
5.2744e-07
1.0504e-06
1.567e-06
2.075e-06
2.5726e-06
3.0577e-06
3.5286e-06
3.9835e-06
4.4206e-06
4.8382e-06
5.2348e-06
5.609e-06
5.9593e-06
6.2845e-06
6.5834e-06
6.8549e-06
7.0981e-06
7.3121e-06
7.4963e-06
7.6501e-06
7.7729e-06
7.8644e-06
7.9245e-06
7.953e-06
7.95e-06
7.9156e-06
7.8501e-06
7.7539e-06
7.6276e-06
7.4717e-06
7.2871e-06
7.0746e-06
6.8352e-06
6.5699e-06
6.28e-06
5.9667e-06
5.6313e-06
5.2753e-06
4.9002e-06
4.5076e-06
4.0991e-06
3.6764e-06
3.2412e-06
2.7954e-06
2.3408e-06
1.8792e-06
1.4124e-06
9.4235e-07
4.7093e-07
-5.8673e-20
-4.6857e-07
-9.3295e-07
-1.3913e-06
-1.8419e-06
-2.2829e-06
-2.7126e-06
-3.1295e-06
-3.5319e-06
-3.9182e-06
-4.2872e-06
-4.6373e-06
-4.9672e-06
-5.2759e-06
-5.5621e-06
-5.8249e-06
-6.0633e-06
-6.2765e-06
-6.4639e-06
-6.6247e-06
-6.7584e-06
-6.8648e-06
-6.9435e-06
-6.9944e-06
-7.0174e-06
-7.0125e-06
-6.9799e-06
-6.92e-06
-6.833e-06
-6.7195e-06
-6.5801e-06
-6.4155e-06
-6.2263e-06
-6.0137e-06
-5.7784e-06
-5.5215e-06
-5.2443e-06
-4.9479e-06
-4.6335e-06
-4.3026e-06
-3.9565e-06
-3.5967e-06
-3.2247e-06
-2.8421e-06
-2.4503e-06
-2.0511e-06
-1.646e-06
-1.2367e-06
-8.2485e-07
-4.1206e-07
-1.9225e-20
4.0971e-07
8.1545e-07
1.2156e-06
1.6087e-06
1.9932e-06
2.3675e-06
2.7303e-06
3.0802e-06
3.4159e-06
3.7361e-06
4.0397e-06
4.3255e-06
4.5925e-06
4.8398e-06
5.0665e-06
5.2718e-06
5.455e-06
5.6156e-06
5.753e-06
5.8668e-06
5.9568e-06
6.0226e-06
6.0643e-06
6.0817e-06
6.075e-06
6.0443e-06
5.9899e-06
5.9121e-06
5.8115e-06
5.6885e-06
5.5438e-06
5.3781e-06
5.1921e-06
4.9868e-06
4.7631e-06
4.5219e-06
4.2645e-06
3.9918e-06
3.705e-06
3.4055e-06
3.0944e-06
2.7731e-06
2.4429e-06
2.1052e-06
1.7614e-06
1.4129e-06
1.061e-06
7.0735e-07
3.532e-07
-8.243e-20
-3.5084e-07
-6.9795e-07
-1.04e-06
-1.3756e-06
-1.7035e-06
-2.0224e-06
-2.3311e-06
-2.6286e-06
-2.9136e-06
-3.1851e-06
-3.4421e-06
-3.6837e-06
-3.9091e-06
-4.1174e-06
-4.308e-06
-4.4802e-06
-4.6335e-06
-4.7673e-06
-4.8813e-06
-4.9752e-06
-5.0487e-06
-5.1018e-06
-5.1342e-06
-5.1461e-06
-5.1375e-06
-5.1086e-06
-5.0598e-06
-4.9912e-06
-4.9035e-06
-4.7969e-06
-4.6721e-06
-4.5298e-06
-4.3706e-06
-4.1953e-06
-4.0046e-06
-3.7996e-06
-3.5811e-06
-3.35e-06
-3.1074e-06
-2.8544e-06
-2.5921e-06
-2.3215e-06
-2.0437e-06
-1.7601e-06
-1.4717e-06
-1.1797e-06
-8.8538e-07
-5.8985e-07
-2.9433e-07
1.8314e-20
2.9198e-07
5.8045e-07
8.643e-07
1.1424e-06
1.4138e-06
1.6773e-06
1.932e-06
2.1769e-06
2.4112e-06
2.634e-06
2.8445e-06
3.042e-06
3.2257e-06
3.3951e-06
3.5496e-06
3.6887e-06
3.8119e-06
3.919e-06
4.0097e-06
4.0836e-06
4.1407e-06
4.1809e-06
4.2041e-06
4.2104e-06
4.2e-06
4.173e-06
4.1297e-06
4.0704e-06
3.9954e-06
3.9053e-06
3.8005e-06
3.6815e-06
3.549e-06
3.4037e-06
3.2462e-06
3.0772e-06
2.8977e-06
2.7082e-06
2.5099e-06
2.3034e-06
2.0897e-06
1.8698e-06
1.6446e-06
1.415e-06
1.182e-06
9.4658e-07
7.0971e-07
4.7235e-07
2.3546e-07
-8.046e-20
-2.3311e-07
-4.6295e-07
-6.8863e-07
-9.0927e-07
-1.124e-06
-1.3322e-06
-1.5328e-06
-1.7253e-06
-1.9089e-06
-2.083e-06
-2.2469e-06
-2.4002e-06
-2.5423e-06
-2.6727e-06
-2.7911e-06
-2.8971e-06
-2.9904e-06
-3.0708e-06
-3.138e-06
-3.192e-06
-3.2326e-06
-3.26e-06
-3.274e-06
-3.2748e-06
-3.2625e-06
-3.2373e-06
-3.1996e-06
-3.1495e-06
-3.0874e-06
-3.0137e-06
-2.9288e-06
-2.8332e-06
-2.7275e-06
-2.6121e-06
-2.4877e-06
-2.3549e-06
-2.2142e-06
-2.0665e-06
-1.9123e-06
-1.7523e-06
-1.5874e-06
-1.4182e-06
-1.2454e-06
-1.0699e-06
-8.9229e-07
-7.1343e-07
-5.3404e-07
-3.5485e-07
-1.766e-07
3.0125e-20
1.7424e-07
3.4545e-07
5.1296e-07
6.7613e-07
8.3435e-07
9.8703e-07
1.1336e-06
1.2736e-06
1.4065e-06
1.5319e-06
1.6493e-06
1.7584e-06
1.8589e-06
1.9504e-06
2.0327e-06
2.1055e-06
2.1689e-06
2.2225e-06
2.2663e-06
2.3004e-06
2.3246e-06
2.3391e-06
2.3439e-06
2.3391e-06
2.325e-06
2.3017e-06
2.2695e-06
2.2286e-06
2.1793e-06
2.122e-06
2.0571e-06
1.985e-06
1.906e-06
1.8206e-06
1.7293e-06
1.6325e-06
1.5308e-06
1.4247e-06
1.3147e-06
1.2013e-06
1.085e-06
9.6652e-07
8.4624e-07
7.2475e-07
6.0258e-07
4.8028e-07
3.5837e-07
2.3735e-07
1.1773e-07
-4.5959e-24
-1.1538e-07
-2.2795e-07
-3.3729e-07
-4.4298e-07
-5.4464e-07
-6.4192e-07
-7.3447e-07
-8.2199e-07
-9.0421e-07
-9.8087e-07
-1.0517e-06
-1.1167e-06
-1.1755e-06
-1.228e-06
-1.2742e-06
-1.314e-06
-1.3473e-06
-1.3742e-06
-1.3947e-06
-1.4088e-06
-1.4166e-06
-1.4182e-06
-1.4138e-06
-1.4035e-06
-1.3875e-06
-1.366e-06
-1.3394e-06
-1.3077e-06
-1.2713e-06
-1.2304e-06
-1.1855e-06
-1.1367e-06
-1.0844e-06
-1.029e-06
-9.7082e-07
-9.1017e-07
-8.4743e-07
-7.8295e-07
-7.171e-07
-6.5024e-07
-5.8271e-07
-5.1487e-07
-4.4707e-07
-3.7963e-07
-3.1288e-07
-2.4714e-07
-1.827e-07
-1.1985e-07
-5.8866e-08
1.621e-20
5.6511e-08
1.1045e-07
1.6162e-07
2.0983e-07
2.5494e-07
2.968e-07
3.353e-07
3.7035e-07
4.0187e-07
4.2982e-07
4.5416e-07
4.749e-07
4.9205e-07
5.0565e-07
5.1575e-07
5.2243e-07
5.2578e-07
5.2593e-07
5.23e-07
5.1714e-07
5.0851e-07
4.9728e-07
4.8366e-07
4.6783e-07
4.5e-07
4.304e-07
4.0925e-07
3.8678e-07
3.6322e-07
3.3881e-07
3.138e-07
2.8841e-07
2.6289e-07
2.3747e-07
2.1237e-07
1.8781e-07
1.6402e-07
1.4119e-07
1.1952e-07
9.9189e-08
8.0374e-08
6.323e-08
4.79e-08
3.4512e-08
2.3176e-08
1.3989e-08
7.0268e-09
2.35e-09
0
0
-0
-0
-0
-0
-0
-0
-0
-0
-0
-0
-0
-0
-0
-0
-0
-0
-0
-0
-0
-0
-0
-0
-0
-0
-0
-0
-0
-0
-0
-0
-0
-0
-0
-0
-0
-0
-0
-0
-0
-0
-0
-0
-0
-0
-0
-0
-0
-0
-0
-0
0
0
0
0
0
0
0
0
0
0
0
0
0
0
0
0
0
0
0
0
0
0
0
0
0
0
0
0
0
0
0
0
0
0
0
0
0
0
0
0
0
0
0
0
0
0
0
0
0
0
-0
-0
-0
-0
-0
-0
-0
-0
-0
-0
-0
-0
-0
-0
-0
-0
-0
-0
-0
-0
-0
-0
-0
-0
-0
-0
-0
-0
-0
-0
-0
-0
-0
-0
-0
-0
-0
-0
-0
-0
-0
-0
-0
-0
-0
-0
-0
-0
-0
-0
0
0
0
0
0
0
0
0
0
0
0
0
0
0
0
0
0
0
0
0
0
0
0
0
0
0
0
0
0
0
0
0
0
0
0
0
0
0
0
0
0
0
0
0
0
0
0
0
0
0
-0
-0
-0
-0
-0
-0
-0
-0
-0
-0
-0
-0
-0
-0
-0
-0
-0
-0
-0
-0
-0
-0
-0
-0
-0
-0
-0
-0
-0
-0
-0
-0
-0
-0
-0
-0
-0
-0
-0
-0
-0
-0
-0
-0
-0
-0
-0
-0
-0
-0
0
0
0
0
0
0
0
0
0
0
0
0
0
0
0
0
0
0
0
0
0
0
0
0
0
0
0
0
0
0
0
0
0
0
0
0
0
0
0
0
0
0
0
0
0
0
0
0
0
0
-0
-0
-0
-0
-0
-0
-0
-0
-0
-0
-0
-0
-0
-0
-0
-0
-0
-0
-0
-0
-0
-0
-0
-0
-0
-0
-0
-0
-0
-0
-0
-0
-0
-0
-0
-0
-0
-0
-0
-0
-0
-0
-0
-0
-0
-0
-0
-0
-0
-0
0
0
0
0
0
0
0
0
0
0
0
0
0
0
0
0
0
0
0
0
0
0
0
0
0
0
0
0
0
0
0
0
0
0
0
0
0
0
0
0
0
0
0
0
0
0
0
0
0
0
-0
-0
-0
-0
-0
-0
-0
-0
-0
-0
-0
-0
-0
-0
-0
-0
-0
-0
-0
-0
-0
-0
-0
-0
-0
-0
-0
-0
-0
-0
-0
-0
-0
-0
-0
-0
-0
-0
-0
-0
-0
-0
-0
-0
-0
-0
-0
-0
-0
-0
0
0
0
0
0
0
0
0
0
0
0
0
0
0
0
0
0
0
0
0
0
0
0
0
0
0
0
0
0
0
0
0
0
0
0
0
0
0
0
0
0
0
0
0
0
0
0
0
0
0
-0
-0
-0
-0
-0
-0
-0
-0
-0
-0
-0
-0
-0
-0
-0
-0
-0
-0
-0
-0
-0
-0
-0
-0
-0
-0
-0
-0
-0
-0
-0
-0
-0
-0
-0
-0
-0
-0
-0
-0
-0
-0
-0
-0
-0
-0
-0
-0
-0
0
0
0
0
0
0
0
0
0
0
0
0
0
0
0
0
0
0
0
0
0
0
0
0
0
0
0
0
0
0
0
0
0
0
0
0
0
0
0
0
0
0
0
0
0
0
0
0
0
0
0
-0
-0
-0
-0
-0
-0
-0
-0
-0
-0
-0
-0
-0
-0
-0
-0
-0
-0
-0
-0
-0
-0
-0
-0
-0
-0
-0
-0
-0
-0
-0
-0
-0
-0
-0
-0
-0
-0
-0
-0
-0
-0
-0
-0
-0
-0
-0
-0
-0
-0
0
0
0
0
0
0
0
0
0
0
0
0
0
0
0
0
0
0
0
0
0
0
0
0
0
0
0
0
0
0
0
0
0
0
0
0
0
0
0
0
0
0
0
0
0
0
0
0
0
0
-0
-0
-0
-0
-0
-0
-0
-0
-0
-0
-0
-0
-0
-0
-0
-0
-0
-0
-0
-0
-0
-0
-0
-0
-0
-0
-0
-0
-0
-0
-0
-0
-0
-0
-0
-0
-0
-0
-0
-0
-0
-0
-0
-0
-0
-0
-0
-0
-0
-0
0
0
0
0
0
0
0
0
0
0
0
0
0
0
0
0
0
0
0
0
0
0
0
0
0
0
0
0
0
0
0
0
0
0
0
0
0
0
0
0
0
0
0
0
0
0
0
0
0
-0
-0
-0
-0
-0
-0
-0
-0
-0
-0
-0
-0
-0
-0
-0
-0
-0
-0
-0
-0
-0
-0
-0
-0
-0
-0
-0
-0
-0
-0
-0
-0
-0
-0
-0
-0
-0
-0
-0
-0
-0
-0
-0
-0
-0
-0
-0
-0
-0
-0
-0
0
0
0
0
0
0
0
0
0
0
0
0
0
0
0
0
0
0
0
0
0
0
0
0
0
0
0
0
0
0
0
0
0
0
0
0
0
0
0
0
0
0
0
0
0
0
0
0
0
0
-0
-0
-0
-0
-0
-0
-0
-0
-0
-0
-0
-0
-0
-0
-0
-0
-0
-0
-0
-0
-0
-0
-0
-0
-0
-0
-0
-0
-0
-0
-0
-0
-0
-0
-0
-0
-0
-0
-0
-0
-0
-0
-0
-0
-0
-0
-0
-0
-0
0
0
0
0
0
0
0
0
0
0
0
0
0
0
0
0
0
0
0
0
0
0
0
0
0
0
0
0
0
0
0
0
0
0
0
0
0
0
0
0
0
0
0
0
0
0
0
0
0
0
0
-0
-0
-0
-0
-0
-0
-0
-0
-0
-0
-0
-0
-0
-0
-0
-0
-0
-0
-0
-0
-0
-0
-0
-0
-0
-0
-0
-0
-0
-0
-0
-0
-0
-0
-0
-0
-0
-0
-0
-0
-0
-0
-0
-0
-0
-0
-0
-0
-0
-0
0
0
0
0
0
0
0
0
0
0
0
0
0
0
0
0
0
0
0
0
0
0
0
0
0
0
0
0
0
0
0
0
0
0
0
0
0
0
0
0
0
0
0
0
0
0
0
0
0
0
-0
-0
-0
-0
-0
-0
-0
-0
-0
-0
-0
-0
-0
-0
-0
-0
-0
-0
-0
-0
-0
-0
-0
-0
-0
-0
-0
-0
-0
-0
-0
-0
-0
-0
-0
-0
-0
-0
-0
-0
-0
-0
-0
-0
-0
-0
-0
-0
-0
0
0
0
0
0
0
0
0
0
0
0
0
0
0
0
0
0
0
0
0
0
0
0
0
0
0
0
0
0
0
0
0
0
0
0
0
0
0
0
0
0
0
0
0
0
0
0
0
0
0
-0
-0
-0
-0
-0
-0
-0
-0
-0
-0
-0
-0
-0
-0
-0
-0
-0
-0
-0
-0
-0
-0
-0
-0
-0
-0
-0
-0
-0
-0
-0
-0
-0
-0
-0
-0
-0
-0
-0
-0
-0
-0
-0
-0
-0
-0
-0
-0
-0
-0
-0
0
0
0
0
0
0
0
0
0
0
0
0
0
0
0
0
0
0
0
0
0
0
0
0
0
0
0
0
0
0
0
0
0
0
0
0
0
0
0
0
0
0
0
0
0
0
0
0
0
0
-0
-0
-0
-0
-0
-0
-0
-0
-0
-0
-0
-0
-0
-0
-0
-0
-0
-0
-0
-0
-0
-0
-0
-0
-0
-0
-0
-0
-0
-0
-0
-0
-0
-0
-0
-0
-0
-0
-0
-0
-0
-0
-0
-0
-0
-0
-0
-0
-0
0
0
0
0
0
0
0
0
0
0
0
0
0
0
0
0
0
0
0
0
0
0
0
0
0
0
0
0
0
0
0
0
0
0
0
0
0
0
0
0
0
0
0
0
0
0
0
0
0
0
-0
-0
-0
-0
-0
-0
-0
-0
-0
-0
-0
-0
-0
-0
-0
-0
-0
-0
-0
-0
-0
-0
-0
-0
-0
-0
-0
-0
-0
-0
-0
-0
-0
-0
-0
-0
-0
-0
-0
-0
-0
-0
-0
-0
-0
-0
-0
-0
-0
-0
0
0
0
0
0
0
0
0
0
0
0
0
0
0
0
0
0
0
0
0
0
0
0
0
0
0
0
0
0
0
0
0
0
0
0
0
0
0
0
0
0
0
0
0
0
0
0
0
0
0
0
-0
-0
-0
-0
-0
-0
-0
-0
-0
-0
-0
-0
-0
-0
-0
-0
-0
-0
-0
-0
-0
-0
-0
-0
-0
-0
-0
-0
-0
-0
-0
-0
-0
-0
-0
-0
-0
-0
-0
-0
-0
-0
-0
-0
-0
-0
-0
-0
-0
-0
0
0
0
0
0
0
0
0
0
0
0
0
0
0
0
0
0
0
0
0
0
0
0
0
0
0
0
0
0
0
0
0
0
0
0
0
0
0
0
0
0
0
0
0
0
0
0
0
0
-0
-0
-0
-0
-0
-0
-0
-0
-0
-0
-0
-0
-0
-0
-0
-0
-0
-0
-0
-0
-0
-0
-0
-0
-0
-0
-0
-0
-0
-0
-0
-0
-0
-0
-0
-0
-0
-0
-0
-0
-0
-0
-0
-0
-0
-0
-0
-0
-0
-0
0
0
0
0
0
0
0
0
0
0
0
0
0
0
0
0
0
0
0
0
0
0
0
0
0
0
0
0
0
0
0
0
0
0
0
0
0
0
0
0
0
0
0
0
0
0
0
0
0
0
-0
-0
-0
-0
-0
-0
-0
-0
-0
-0
-0
-0
-0
-0
-0
-0
-0
-0
-0
-0
-0
-0
-0
-0
-0
-0
-0
-0
-0
-0
-0
-0
-0
-0
-0
-0
-0
-0
-0
-0
-0
-0
-0
-0
-0
-0
-0
-0
-0
-0
-0
0
0
0
0
0
0
0
0
0
0
0
0
0
0
0
0
0
0
0
0
0
0
0
0
0
0
0
0
0
0
0
0
0
0
0
0
0
0
0
0
0
0
0
0
0
0
0
0
0
0
-0
-0
-0
-0
-0
-0
-0
-0
-0
-0
-0
-0
-0
-0
-0
-0
-0
-0
-0
-0
-0
-0
-0
-0
-0
-0
-0
-0
-0
-0
-0
-0
-0
-0
-0
-0
-0
-0
-0
-0
-0
-0
-0
-0
-0
-0
-0
-0
-0
0
0
0
0
0
0
0
0
0
0
0
0
0
0
0
0
0
0
0
0
0
0
0
0
0
0
0
0
0
0
0
0
0
0
0
0
0
0
0
0
0
0
0
0
0
0
0
0
0
0
-0
-0
-0
-0
-0
-0
-0
-0
-0
-0
-0
-0
-0
-0
-0
-0
-0
-0
-0
-0
-0
-0
-0
-0
-0
-0
-0
-0
-0
-0
-0
-0
-0
-0
-0
-0
-0
-0
-0
-0
-0
-0
-0
-0
-0
-0
-0
-0
-0
-0
0
0
0
0
0
0
0
0
0
0
0
0
0
0
0
0
0
0
0
0
0
0
0
0
0
0
0
0
0
0
0
0
0
0
0
0
0
0
0
0
0
0
0
0
0
0
0
0
0
0
-0
-0
-0
-0
-0
-0
-0
-0
-0
-0
-0
-0
-0
-0
-0
-0
-0
-0
-0
-0
-0
-0
-0
-0
-0
-0
-0
-0
-0
-0
-0
-0
-0
-0
-0
-0
-0
-0
-0
-0
-0
-0
-0
-0
-0
-0
-0
-0
-0
-0
-0
0
0
0
0
0
0
0
0
0
0
0
0
0
0
0
0
0
0
0
0
0
0
0
0
0
0
0
0
0
0
0
0
0
0
0
0
0
0
0
0
0
0
0
0
0
0
0
0
0
0
-0
-0
-0
-0
-0
-0
-0
-0
-0
-0
-0
-0
-0
-0
-0
-0
-0
-0
-0
-0
-0
-0
-0
-0
-0
-0
-0
-0
-0
-0
-0
-0
-0
-0
-0
-0
-0
-0
-0
-0
-0
-0
-0
-0
-0
-0
-0
-0
-0
-0
0
0
0
0
0
0
0
0
0
0
0
0
0
0
0
0
0
0
0
0
0
0
0
0
0
0
0
0
0
0
0
0
0
0
0
0
0
0
0
0
0
0
0
0
0
0
0
0
0
-0
-0
-0
-0
-0
-0
-0
-0
-0
-0
-0
-0
-0
-0
-0
-0
-0
-0
-0
-0
-0
-0
-0
-0
-0
-0
-0
-0
-0
-0
-0
-0
-0
-0
-0
-0
-0
-0
-0
-0
-0
-0
-0
-0
-0
-0
-0
-0
-0
-0
0
0
0
0
0
0
0
0
0
0
0
0
0
0
0
0
0
0
0
0
0
0
0
0
0
0
0
0
0
0
0
0
0
0
0
0
0
0
0
0
0
0
0
0
0
0
0
0
0
0
0
-0
-0
-0
-0
-0
-0
-0
-0
-0
-0
-0
-0
-0
-0
-0
-0
-0
-0
-0
-0
-0
-0
-0
-0
-0
-0
-0
-0
-0
-0
-0
-0
-0
-0
-0
-0
-0
-0
-0
-0
-0
-0
-0
-0
-0
-0
-0
-0
-0
-0
0
0
0
0
0
0
0
0
0
0
0
0
0
0
0
0
0
0
0
0
0
0
0
0
0
0
0
0
0
0
0
0
0
0
0
0
0
0
0
0
0
0
0
0
0
0
0
0
0
0
-0
-0
-0
-0
-0
-0
-0
-0
-0
-0
-0
-0
-0
-0
-0
-0
-0
-0
-0
-0
-0
-0
-0
-0
-0
-0
-0
-0
-0
-0
-0
-0
-0
-0
-0
-0
-0
-0
-0
-0
-0
-0
-0
-0
-0
-0
-0
-0
-0
0
0
0
0
0
0
0
0
0
0
0
0
0
0
0
0
0
0
0
0
0
0
0
0
0
0
0
0
0
0
0
0
0
0
0
0
0
0
0
0
0
0
0
0
0
0
0
0
0
0
-0
-0
-0
-0
-0
-0
-0
-0
-0
-0
-0
-0
-0
-0
-0
-0
-0
-0
-0
-0
-0
-0
-0
-0
-0
-0
-0
-0
-0
-0
-0
-0
-0
-0
-0
-0
-0
-0
-0
-0
-0
-0
-0
-0
-0
-0
-0
-0
-0
-0
-0
0
0
0
0
0
0
0
0
0
0
0
0
0
0
0
0
0
0
0
0
0
0
0
0
0
0
0
0
0
0
0
0
0
0
0
0
0
0
0
0
0
0
0
0
0
0
0
0
0
0
-0
-0
-0
-0
-0
-0
-0
-0
-0
-0
-0
-0
-0
-0
-0
-0
-0
-0
-0
-0
-0
-0
-0
-0
-0
-0
-0
-0
-0
-0
-0
-0
-0
-0
-0
-0
-0
-0
-0
-0
-0
-0
-0
-0
-0
-0
-0
-0
-0
-0
0
0
0
0
0
0
0
0
0
0
0
0
0
0
0
0
0
0
0
0
0
0
0
0
0
0
0
0
0
0
0
0
0
0
0
0
0
0
0
0
0
0
0
0
0
0
0
0
0
-0
-0
-0
-0
-0
-0
-0
-0
-0
-0
-0
-0
-0
-0
-0
-0
-0
-0
-0
-0
-0
-0
-0
-0
-0
-0
-0
-0
-0
-0
-0
-0
-0
-0
-0
-0
-0
-0
-0
-0
-0
-0
-0
-0
-0
-0
-0
-0
-0
-0
0
0
0
0
0
0
0
0
0
0
0
0
0
0
0
0
0
0
0
0
0
0
0
0
0
0
0
0
0
0
0
0
0
0
0
0
0
0
0
0
0
0
0
0
0
0
0
0
0
0
-0
-1.1773e-09
-4.7e-09
-1.054e-08
-1.8652e-08
-2.897e-08
-4.1414e-08
-5.5884e-08
-7.2263e-08
-9.0421e-08
-1.1021e-07
-1.3147e-07
-1.5402e-07
-1.7769e-07
-2.0226e-07
-2.2754e-07
-2.533e-07
-2.7932e-07
-3.0538e-07
-3.3123e-07
-3.5665e-07
-3.8138e-07
-4.0519e-07
-4.2785e-07
-4.4911e-07
-4.6875e-07
-4.8654e-07
-5.0226e-07
-5.157e-07
-5.2667e-07
-5.3497e-07
-5.4043e-07
-5.429e-07
-5.4221e-07
-5.3826e-07
-5.3092e-07
-5.201e-07
-5.0572e-07
-4.8774e-07
-4.6612e-07
-4.4084e-07
-4.1192e-07
-3.7938e-07
-3.4328e-07
-3.037e-07
-2.6073e-07
-2.145e-07
-1.6513e-07
-1.128e-07
-5.7689e-08
-1.0102e-20
6.0043e-08
1.222e-07
1.8621e-07
2.518e-07
3.1867e-07
3.8653e-07
4.5505e-07
5.2391e-07
5.9276e-07
6.6126e-07
7.2905e-07
7.9579e-07
8.6109e-07
9.2462e-07
9.8599e-07
1.0449e-06
1.1009e-06
1.1537e-06
1.2029e-06
1.2483e-06
1.2894e-06
1.3261e-06
1.358e-06
1.3848e-06
1.4062e-06
1.4222e-06
1.4324e-06
1.4366e-06
1.4347e-06
1.4266e-06
1.4121e-06
1.3912e-06
1.3638e-06
1.3298e-06
1.2894e-06
1.2425e-06
1.1891e-06
1.1295e-06
1.0637e-06
9.9189e-07
9.1425e-07
8.3103e-07
7.4245e-07
6.4882e-07
5.5044e-07
4.4764e-07
3.408e-07
2.303e-07
1.1655e-07
-6.6163e-20
-1.1891e-07
-2.397e-07
-3.6188e-07
-4.8495e-07
-6.0838e-07
-7.3165e-07
-8.5422e-07
-9.7555e-07
-1.0951e-06
-1.2123e-06
-1.3266e-06
-1.4375e-06
-1.5445e-06
-1.647e-06
-1.7444e-06
-1.8364e-06
-1.9224e-06
-2.0019e-06
-2.0746e-06
-2.1399e-06
-2.1975e-06
-2.247e-06
-2.2881e-06
-2.3204e-06
-2.3437e-06
-2.3578e-06
-2.3625e-06
-2.3575e-06
-2.3428e-06
-2.3182e-06
-2.2838e-06
-2.2394e-06
-2.1853e-06
-2.1214e-06
-2.0478e-06
-1.9648e-06
-1.8725e-06
-1.7713e-06
-1.6613e-06
-1.5429e-06
-1.4166e-06
-1.2827e-06
-1.1416e-06
-9.9394e-07
-8.4014e-07
-6.8079e-07
-5.1647e-07
-3.478e-07
-1.7542e-07
6.8925e-20
1.7778e-07
3.572e-07
5.3755e-07
7.1809e-07
8.9808e-07
1.0768e-06
1.2534e-06
1.4272e-06
1.5974e-06
1.7634e-06
1.9242e-06
2.0793e-06
2.2279e-06
2.3693e-06
2.5029e-06
2.628e-06
2.7439e-06
2.8502e-06
2.9462e-06
3.0315e-06
3.1055e-06
3.1679e-06
3.2182e-06
3.2561e-06
3.2813e-06
3.2935e-06
3.2926e-06
3.2784e-06
3.2508e-06
3.2098e-06
3.1554e-06
3.0877e-06
3.0068e-06
2.9129e-06
2.8063e-06
2.6872e-06
2.5559e-06
2.413e-06
2.2589e-06
2.094e-06
1.9189e-06
1.7343e-06
1.5408e-06
1.3391e-06
1.1298e-06
9.1394e-07
6.9214e-07
4.653e-07
2.3429e-07
1.6169e-19
-2.3664e-07
-4.747e-07
-7.1322e-07
-9.5124e-07
-1.1878e-06
-1.4219e-06
-1.6526e-06
-1.8788e-06
-2.0998e-06
-2.3144e-06
-2.5218e-06
-2.7211e-06
-2.9113e-06
-3.0917e-06
-3.2613e-06
-3.4195e-06
-3.5655e-06
-3.6985e-06
-3.8179e-06
-3.9231e-06
-4.0136e-06
-4.0888e-06
-4.1483e-06
-4.1917e-06
-4.2188e-06
-4.2291e-06
-4.2227e-06
-4.1993e-06
-4.1589e-06
-4.1014e-06
-4.0271e-06
-3.936e-06
-3.8284e-06
-3.7045e-06
-3.5647e-06
-3.4095e-06
-3.2394e-06
-3.0548e-06
-2.8565e-06
-2.645e-06
-2.4213e-06
-2.186e-06
-1.94e-06
-1.6842e-06
-1.4195e-06
-1.1471e-06
-8.6781e-07
-5.828e-07
-2.9315e-07
-2.5265e-19
2.9551e-07
5.922e-07
8.8889e-07
1.1844e-06
1.4775e-06
1.767e-06
2.0517e-06
2.3305e-06
2.6021e-06
2.8655e-06
3.1194e-06
3.3628e-06
3.5947e-06
3.814e-06
4.0198e-06
4.2111e-06
4.387e-06
4.5468e-06
4.6896e-06
4.8147e-06
4.9216e-06
5.0097e-06
5.0784e-06
5.1274e-06
5.1562e-06
5.1648e-06
5.1528e-06
5.1202e-06
5.0669e-06
4.993e-06
4.8988e-06
4.7843e-06
4.6499e-06
4.496e-06
4.3232e-06
4.1319e-06
3.9228e-06
3.6966e-06
3.454e-06
3.1961e-06
2.9236e-06
2.6376e-06
2.3391e-06
2.0293e-06
1.7093e-06
1.3802e-06
1.0435e-06
7.003e-07
3.5202e-07
3.6382e-19
-3.5437e-07
-7.097e-07
-1.0646e-06
-1.4175e-06
-1.7672e-06
-2.1121e-06
-2.4509e-06
-2.7821e-06
-3.1044e-06
-3.4165e-06
-3.717e-06
-4.0046e-06
-4.2781e-06
-4.5364e-06
-4.7783e-06
-5.0026e-06
-5.2085e-06
-5.395e-06
-5.5612e-06
-5.7063e-06
-5.8297e-06
-5.9306e-06
-6.0085e-06
-6.063e-06
-6.0937e-06
-6.1004e-06
-6.0829e-06
-6.0411e-06
-5.9749e-06
-5.8847e-06
-5.7704e-06
-5.6325e-06
-5.4714e-06
-5.2876e-06
-5.0816e-06
-4.8542e-06
-4.6062e-06
-4.3383e-06
-4.0516e-06
-3.7471e-06
-3.4259e-06
-3.0892e-06
-2.7383e-06
-2.3744e-06
-1.999e-06
-1.6134e-06
-1.2191e-06
-8.178e-07
-4.1089e-07
-1.2217e-19
4.1324e-07
8.272e-07
1.2402e-06
1.6507e-06
2.0569e-06
2.4572e-06
2.8501e-06
3.2338e-06
3.6068e-06
3.9676e-06
4.3146e-06
4.6464e-06
4.9615e-06
5.2588e-06
5.5367e-06
5.7942e-06
6.0301e-06
6.2433e-06
6.4329e-06
6.598e-06
6.7377e-06
6.8515e-06
6.9386e-06
6.9987e-06
7.0312e-06
7.0361e-06
7.013e-06
6.962e-06
6.883e-06
6.7763e-06
6.6421e-06
6.4808e-06
6.293e-06
6.0792e-06
5.8401e-06
5.5766e-06
5.2896e-06
4.9801e-06
4.6492e-06
4.2982e-06
3.9283e-06
3.5409e-06
3.1375e-06
2.7195e-06
2.2887e-06
1.8465e-06
1.3948e-06
9.353e-07
4.6975e-07
6.468e-19
-4.7211e-07
-9.447e-07
-1.4159e-06
-1.8838e-06
-2.3466e-06
-2.8023e-06
-3.2492e-06
-3.6854e-06
-4.1091e-06
-4.5186e-06
-4.9121e-06
-5.2881e-06
-5.645e-06
-5.9811e-06
-6.2952e-06
-6.5858e-06
-6.8516e-06
-7.0916e-06
-7.3046e-06
-7.4896e-06
-7.6458e-06
-7.7723e-06
-7.8687e-06
-7.9343e-06
-7.9687e-06
-7.9717e-06
-7.9431e-06
-7.8829e-06
-7.791e-06
-7.6679e-06
-7.5138e-06
-7.3291e-06
-7.1145e-06
-6.8707e-06
-6.5985e-06
-6.2989e-06
-5.973e-06
-5.6218e-06
-5.2468e-06
-4.8492e-06
-4.4306e-06
-3.9925e-06
-3.5366e-06
-3.0646e-06
-2.5784e-06
-2.0797e-06
-1.5705e-06
-1.0528e-06
-5.2862e-07
-3.3899e-19
5.3097e-07
1.0622e-06
1.5916e-06
2.117e-06
2.6363e-06
3.1475e-06
3.6484e-06
4.1371e-06
4.6115e-06
5.0696e-06
5.5097e-06
5.9299e-06
6.3284e-06
6.7035e-06
7.0536e-06
7.3773e-06
7.6732e-06
7.9399e-06
8.1762e-06
8.3812e-06
8.5538e-06
8.6932e-06
8.7988e-06
8.87e-06
8.9062e-06
8.9074e-06
8.8732e-06
8.8037e-06
8.6991e-06
8.5595e-06
8.3854e-06
8.1774e-06
7.9361e-06
7.6623e-06
7.357e-06
7.0213e-06
6.6564e-06
6.2636e-06
5.8444e-06
5.4003e-06
4.933e-06
4.4442e-06
3.9358e-06
3.4098e-06
2.8681e-06
2.3128e-06
1.7462e-06
1.1703e-06
5.8748e-07
4.7677e-19
-5.8631e-07
-1.1679e-06
-1.7426e-06
-2.3082e-06
-2.8623e-06
-3.4029e-06
-3.9278e-06
-4.4351e-06
-4.9229e-06
-5.3893e-06
-5.8324e-06
-6.2508e-06
-6.6427e-06
-7.0069e-06
-7.3418e-06
-7.6464e-06
-7.9196e-06
-8.1604e-06
-8.368e-06
-8.5417e-06
-8.6809e-06
-8.7853e-06
-8.8546e-06
-8.8887e-06
-8.8875e-06
-8.8512e-06
-8.7802e-06
-8.6748e-06
-8.5356e-06
-8.3634e-06
-8.1588e-06
-7.9229e-06
-7.6567e-06
-7.3615e-06
-7.0384e-06
-6.689e-06
-6.3147e-06
-5.9171e-06
-5.4978e-06
-5.0586e-06
-4.6014e-06
-4.128e-06
-3.6404e-06
-3.1406e-06
-2.6305e-06
-2.1123e-06
-1.5881e-06
-1.0598e-06
-5.298e-07
-5.1976e-19
5.2744e-07
1.0504e-06
1.567e-06
2.075e-06
2.5726e-06
3.0577e-06
3.5286e-06
3.9835e-06
4.4206e-06
4.8382e-06
5.2348e-06
5.609e-06
5.9593e-06
6.2845e-06
6.5834e-06
6.8549e-06
7.0981e-06
7.3121e-06
7.4963e-06
7.6501e-06
7.7729e-06
7.8644e-06
7.9245e-06
7.953e-06
7.95e-06
7.9156e-06
7.8501e-06
7.7539e-06
7.6276e-06
7.4717e-06
7.2871e-06
7.0746e-06
6.8352e-06
6.5699e-06
6.28e-06
5.9667e-06
5.6313e-06
5.2753e-06
4.9002e-06
4.5076e-06
4.0991e-06
3.6764e-06
3.2412e-06
2.7954e-06
2.3408e-06
1.8792e-06
1.4124e-06
9.4235e-07
4.7093e-07
1.1727e-19
-4.6857e-07
-9.3295e-07
-1.3913e-06
-1.8419e-06
-2.2829e-06
-2.7126e-06
-3.1295e-06
-3.5319e-06
-3.9182e-06
-4.2872e-06
-4.6373e-06
-4.9672e-06
-5.2759e-06
-5.5621e-06
-5.8249e-06
-6.0633e-06
-6.2765e-06
-6.4639e-06
-6.6247e-06
-6.7584e-06
-6.8648e-06
-6.9435e-06
-6.9944e-06
-7.0174e-06
-7.0125e-06
-6.9799e-06
-6.92e-06
-6.833e-06
-6.7195e-06
-6.5801e-06
-6.4155e-06
-6.2263e-06
-6.0137e-06
-5.7784e-06
-5.5215e-06
-5.2443e-06
-4.9479e-06
-4.6335e-06
-4.3026e-06
-3.9565e-06
-3.5967e-06
-3.2247e-06
-2.8421e-06
-2.4503e-06
-2.0511e-06
-1.646e-06
-1.2367e-06
-8.2485e-07
-4.1206e-07
-5.4509e-19
4.0971e-07
8.1545e-07
1.2156e-06
1.6087e-06
1.9932e-06
2.3675e-06
2.7303e-06
3.0802e-06
3.4159e-06
3.7361e-06
4.0397e-06
4.3255e-06
4.5925e-06
4.8398e-06
5.0665e-06
5.2718e-06
5.455e-06
5.6156e-06
5.753e-06
5.8668e-06
5.9568e-06
6.0226e-06
6.0643e-06
6.0817e-06
6.075e-06
6.0443e-06
5.9899e-06
5.9121e-06
5.8115e-06
5.6885e-06
5.5438e-06
5.3781e-06
5.1921e-06
4.9868e-06
4.7631e-06
4.5219e-06
4.2645e-06
3.9918e-06
3.705e-06
3.4055e-06
3.0944e-06
2.7731e-06
2.4429e-06
2.1052e-06
1.7614e-06
1.4129e-06
1.061e-06
7.0735e-07
3.532e-07
2.0876e-19
-3.5084e-07
-6.9795e-07
-1.04e-06
-1.3756e-06
-1.7035e-06
-2.0224e-06
-2.3311e-06
-2.6286e-06
-2.9136e-06
-3.1851e-06
-3.4421e-06
-3.6837e-06
-3.9091e-06
-4.1174e-06
-4.308e-06
-4.4802e-06
-4.6335e-06
-4.7673e-06
-4.8813e-06
-4.9752e-06
-5.0487e-06
-5.1018e-06
-5.1342e-06
-5.1461e-06
-5.1375e-06
-5.1086e-06
-5.0598e-06
-4.9912e-06
-4.9035e-06
-4.7969e-06
-4.6721e-06
-4.5298e-06
-4.3706e-06
-4.1953e-06
-4.0046e-06
-3.7996e-06
-3.5811e-06
-3.35e-06
-3.1074e-06
-2.8544e-06
-2.5921e-06
-2.3215e-06
-2.0437e-06
-1.7601e-06
-1.4717e-06
-1.1797e-06
-8.8538e-07
-5.8985e-07
-2.9433e-07
-2.2418e-19
2.9198e-07
5.8045e-07
8.643e-07
1.1424e-06
1.4138e-06
1.6773e-06
1.932e-06
2.1769e-06
2.4112e-06
2.634e-06
2.8445e-06
3.042e-06
3.2257e-06
3.3951e-06
3.5496e-06
3.6887e-06
3.8119e-06
3.919e-06
4.0097e-06
4.0836e-06
4.1407e-06
4.1809e-06
4.2041e-06
4.2104e-06
4.2e-06
4.173e-06
4.1297e-06
4.0704e-06
3.9954e-06
3.9053e-06
3.8005e-06
3.6815e-06
3.549e-06
3.4037e-06
3.2462e-06
3.0772e-06
2.8977e-06
2.7082e-06
2.5099e-06
2.3034e-06
2.0897e-06
1.8698e-06
1.6446e-06
1.415e-06
1.182e-06
9.4658e-07
7.0971e-07
4.7235e-07
2.3546e-07
2.1939e-19
-2.3311e-07
-4.6295e-07
-6.8863e-07
-9.0927e-07
-1.124e-06
-1.3322e-06
-1.5328e-06
-1.7253e-06
-1.9089e-06
-2.083e-06
-2.2469e-06
-2.4002e-06
-2.5423e-06
-2.6727e-06
-2.7911e-06
-2.8971e-06
-2.9904e-06
-3.0708e-06
-3.138e-06
-3.192e-06
-3.2326e-06
-3.26e-06
-3.274e-06
-3.2748e-06
-3.2625e-06
-3.2373e-06
-3.1996e-06
-3.1495e-06
-3.0874e-06
-3.0137e-06
-2.9288e-06
-2.8332e-06
-2.7275e-06
-2.6121e-06
-2.4877e-06
-2.3549e-06
-2.2142e-06
-2.0665e-06
-1.9123e-06
-1.7523e-06
-1.5874e-06
-1.4182e-06
-1.2454e-06
-1.0699e-06
-8.9229e-07
-7.1343e-07
-5.3404e-07
-3.5485e-07
-1.766e-07
-3.5579e-20
1.7424e-07
3.4545e-07
5.1296e-07
6.7613e-07
8.3435e-07
9.8703e-07
1.1336e-06
1.2736e-06
1.4065e-06
1.5319e-06
1.6493e-06
1.7584e-06
1.8589e-06
1.9504e-06
2.0327e-06
2.1055e-06
2.1689e-06
2.2225e-06
2.2663e-06
2.3004e-06
2.3246e-06
2.3391e-06
2.3439e-06
2.3391e-06
2.325e-06
2.3017e-06
2.2695e-06
2.2286e-06
2.1793e-06
2.122e-06
2.0571e-06
1.985e-06
1.906e-06
1.8206e-06
1.7293e-06
1.6325e-06
1.5308e-06
1.4247e-06
1.3147e-06
1.2013e-06
1.085e-06
9.6652e-07
8.4624e-07
7.2475e-07
6.0258e-07
4.8028e-07
3.5837e-07
2.3735e-07
1.1773e-07
1.4917e-19
-1.1538e-07
-2.2795e-07
-3.3729e-07
-4.4298e-07
-5.4464e-07
-6.4192e-07
-7.3447e-07
-8.2199e-07
-9.0421e-07
-9.8087e-07
-1.0517e-06
-1.1167e-06
-1.1755e-06
-1.228e-06
-1.2742e-06
-1.314e-06
-1.3473e-06
-1.3742e-06
-1.3947e-06
-1.4088e-06
-1.4166e-06
-1.4182e-06
-1.4138e-06
-1.4035e-06
-1.3875e-06
-1.366e-06
-1.3394e-06
-1.3077e-06
-1.2713e-06
-1.2304e-06
-1.1855e-06
-1.1367e-06
-1.0844e-06
-1.029e-06
-9.7082e-07
-9.1017e-07
-8.4743e-07
-7.8295e-07
-7.171e-07
-6.5024e-07
-5.8271e-07
-5.1487e-07
-4.4707e-07
-3.7963e-07
-3.1288e-07
-2.4714e-07
-1.827e-07
-1.1985e-07
-5.8866e-08
-3.151e-20
5.6511e-08
1.1045e-07
1.6162e-07
2.0983e-07
2.5494e-07
2.968e-07
3.353e-07
3.7035e-07
4.0187e-07
4.2982e-07
4.5416e-07
4.749e-07
4.9205e-07
5.0565e-07
5.1575e-07
5.2243e-07
5.2578e-07
5.2593e-07
5.23e-07
5.1714e-07
5.0851e-07
4.9728e-07
4.8366e-07
4.6783e-07
4.5e-07
4.304e-07
4.0925e-07
3.8678e-07
3.6322e-07
3.3881e-07
3.138e-07
2.8841e-07
2.6289e-07
2.3747e-07
2.1237e-07
1.8781e-07
1.6402e-07
1.4119e-07
1.1952e-07
9.9189e-08
8.0374e-08
6.323e-08
4.79e-08
3.4512e-08
2.3176e-08
1.3989e-08
7.0268e-09
2.35e-09
0
0
-0
-0
-0
-0
-0
-0
-0
-0
-0
-0
-0
-0
-0
-0
-0
-0
-0
-0
-0
-0
-0
-0
-0
-0
-0
-0
-0
-0
-0
-0
-0
-0
-0
-0
-0
-0
-0
-0
-0
-0
-0
-0
-0
-0
-0
-0
-0
-0
-0
-0
0
0
0
0
0
0
0
0
0
0
0
0
0
0
0
0
0
0
0
0
0
0
0
0
0
0
0
0
0
0
0
0
0
0
0
0
0
0
0
0
0
0
0
0
0
0
0
0
0
0
-0
-0
-0
-0
-0
-0
-0
-0
-0
-0
-0
-0
-0
-0
-0
-0
-0
-0
-0
-0
-0
-0
-0
-0
-0
-0
-0
-0
-0
-0
-0
-0
-0
-0
-0
-0
-0
-0
-0
-0
-0
-0
-0
-0
-0
-0
-0
-0
-0
-0
0
0
0
0
0
0
0
0
0
0
0
0
0
0
0
0
0
0
0
0
0
0
0
0
0
0
0
0
0
0
0
0
0
0
0
0
0
0
0
0
0
0
0
0
0
0
0
0
0
0
-0
-0
-0
-0
-0
-0
-0
-0
-0
-0
-0
-0
-0
-0
-0
-0
-0
-0
-0
-0
-0
-0
-0
-0
-0
-0
-0
-0
-0
-0
-0
-0
-0
-0
-0
-0
-0
-0
-0
-0
-0
-0
-0
-0
-0
-0
-0
-0
-0
-0
0
0
0
0
0
0
0
0
0
0
0
0
0
0
0
0
0
0
0
0
0
0
0
0
0
0
0
0
0
0
0
0
0
0
0
0
0
0
0
0
0
0
0
0
0
0
0
0
0
0
-0
-0
-0
-0
-0
-0
-0
-0
-0
-0
-0
-0
-0
-0
-0
-0
-0
-0
-0
-0
-0
-0
-0
-0
-0
-0
-0
-0
-0
-0
-0
-0
-0
-0
-0
-0
-0
-0
-0
-0
-0
-0
-0
-0
-0
-0
-0
-0
-0
-0
0
0
0
0
0
0
0
0
0
0
0
0
0
0
0
0
0
0
0
0
0
0
0
0
0
0
0
0
0
0
0
0
0
0
0
0
0
0
0
0
0
0
0
0
0
0
0
0
0
0
-0
-0
-0
-0
-0
-0
-0
-0
-0
-0
-0
-0
-0
-0
-0
-0
-0
-0
-0
-0
-0
-0
-0
-0
-0
-0
-0
-0
-0
-0
-0
-0
-0
-0
-0
-0
-0
-0
-0
-0
-0
-0
-0
-0
-0
-0
-0
-0
-0
-0
0
0
0
0
0
0
0
0
0
0
0
0
0
0
0
0
0
0
0
0
0
0
0
0
0
0
0
0
0
0
0
0
0
0
0
0
0
0
0
0
0
0
0
0
0
0
0
0
0
0
-0
-0
-0
-0
-0
-0
-0
-0
-0
-0
-0
-0
-0
-0
-0
-0
-0
-0
-0
-0
-0
-0
-0
-0
-0
-0
-0
-0
-0
-0
-0
-0
-0
-0
-0
-0
-0
-0
-0
-0
-0
-0
-0
-0
-0
-0
-0
-0
-0
-0
0
0
0
0
0
0
0
0
0
0
0
0
0
0
0
0
0
0
0
0
0
0
0
0
0
0
0
0
0
0
0
0
0
0
0
0
0
0
0
0
0
0
0
0
0
0
0
0
0
0
-0
-0
-0
-0
-0
-0
-0
-0
-0
-0
-0
-0
-0
-0
-0
-0
-0
-0
-0
-0
-0
-0
-0
-0
-0
-0
-0
-0
-0
-0
-0
-0
-0
-0
-0
-0
-0
-0
-0
-0
-0
-0
-0
-0
-0
-0
-0
-0
-0
-0
0
0
0
0
0
0
0
0
0
0
0
0
0
0
0
0
0
0
0
0
0
0
0
0
0
0
0
0
0
0
0
0
0
0
0
0
0
0
0
0
0
0
0
0
0
0
0
0
0
0
-0
-0
-0
-0
-0
-0
-0
-0
-0
-0
-0
-0
-0
-0
-0
-0
-0
-0
-0
-0
-0
-0
-0
-0
-0
-0
-0
-0
-0
-0
-0
-0
-0
-0
-0
-0
-0
-0
-0
-0
-0
-0
-0
-0
-0
-0
-0
-0
-0
-0
0
0
0
0
0
0
0
0
0
0
0
0
0
0
0
0
0
0
0
0
0
0
0
0
0
0
0
0
0
0
0
0
0
0
0
0
0
0
0
0
0
0
0
0
0
0
0
0
0
0
-0
-0
-0
-0
-0
-0
-0
-0
-0
-0
-0
-0
-0
-0
-0
-0
-0
-0
-0
-0
-0
-0
-0
-0
-0
-0
-0
-0
-0
-0
-0
-0
-0
-0
-0
-0
-0
-0
-0
-0
-0
-0
-0
-0
-0
-0
-0
-0
-0
-0
0
0
0
0
0
0
0
0
0
0
0
0
0
0
0
0
0
0
0
0
0
0
0
0
0
0
0
0
0
0
0
0
0
0
0
0
0
0
0
0
0
0
0
0
0
0
0
0
0
0
-0
-0
-0
-0
-0
-0
-0
-0
-0
-0
-0
-0
-0
-0
-0
-0
-0
-0
-0
-0
-0
-0
-0
-0
-0
-0
-0
-0
-0
-0
-0
-0
-0
-0
-0
-0
-0
-0
-0
-0
-0
-0
-0
-0
-0
-0
-0
-0
-0
-0
0
0
0
0
0
0
0
0
0
0
0
0
0
0
0
0
0
0
0
0
0
0
0
0
0
0
0
0
0
0
0
0
0
0
0
0
0
0
0
0
0
0
0
0
0
0
0
0
0
0
-0
-0
-0
-0
-0
-0
-0
-0
-0
-0
-0
-0
-0
-0
-0
-0
-0
-0
-0
-0
-0
-0
-0
-0
-0
-0
-0
-0
-0
-0
-0
-0
-0
-0
-0
-0
-0
-0
-0
-0
-0
-0
-0
-0
-0
-0
-0
-0
-0
-0
0
0
0
0
0
0
0
0
0
0
0
0
0
0
0
0
0
0
0
0
0
0
0
0
0
0
0
0
0
0
0
0
0
0
0
0
0
0
0
0
0
0
0
0
0
0
0
0
0
-0
-0
-0
-0
-0
-0
-0
-0
-0
-0
-0
-0
-0
-0
-0
-0
-0
-0
-0
-0
-0
-0
-0
-0
-0
-0
-0
-0
-0
-0
-0
-0
-0
-0
-0
-0
-0
-0
-0
-0
-0
-0
-0
-0
-0
-0
-0
-0
-0
-0
-0
0
0
0
0
0
0
0
0
0
0
0
0
0
0
0
0
0
0
0
0
0
0
0
0
0
0
0
0
0
0
0
0
0
0
0
0
0
0
0
0
0
0
0
0
0
0
0
0
0
0
-0
-0
-0
-0
-0
-0
-0
-0
-0
-0
-0
-0
-0
-0
-0
-0
-0
-0
-0
-0
-0
-0
-0
-0
-0
-0
-0
-0
-0
-0
-0
-0
-0
-0
-0
-0
-0
-0
-0
-0
-0
-0
-0
-0
-0
-0
-0
-0
-0
0
0
0
0
0
0
0
0
0
0
0
0
0
0
0
0
0
0
0
0
0
0
0
0
0
0
0
0
0
0
0
0
0
0
0
0
0
0
0
0
0
0
0
0
0
0
0
0
0
0
0
-0
-0
-0
-0
-0
-0
-0
-0
-0
-0
-0
-0
-0
-0
-0
-0
-0
-0
-0
-0
-0
-0
-0
-0
-0
-0
-0
-0
-0
-0
-0
-0
-0
-0
-0
-0
-0
-0
-0
-0
-0
-0
-0
-0
-0
-0
-0
-0
-0
-0
0
0
0
0
0
0
0
0
0
0
0
0
0
0
0
0
0
0
0
0
0
0
0
0
0
0
0
0
0
0
0
0
0
0
0
0
0
0
0
0
0
0
0
0
0
0
0
0
0
0
-0
-0
-0
-0
-0
-0
-0
-0
-0
-0
-0
-0
-0
-0
-0
-0
-0
-0
-0
-0
-0
-0
-0
-0
-0
-0
-0
-0
-0
-0
-0
-0
-0
-0
-0
-0
-0
-0
-0
-0
-0
-0
-0
-0
-0
-0
-0
-0
-0
-0
0
0
0
0
0
0
0
0
0
0
0
0
0
0
0
0
0
0
0
0
0
0
0
0
0
0
0
0
0
0
0
0
0
0
0
0
0
0
0
0
0
0
0
0
0
0
0
0
0
-0
-0
-0
-0
-0
-0
-0
-0
-0
-0
-0
-0
-0
-0
-0
-0
-0
-0
-0
-0
-0
-0
-0
-0
-0
-0
-0
-0
-0
-0
-0
-0
-0
-0
-0
-0
-0
-0
-0
-0
-0
-0
-0
-0
-0
-0
-0
-0
-0
-0
-0
0
0
0
0
0
0
0
0
0
0
0
0
0
0
0
0
0
0
0
0
0
0
0
0
0
0
0
0
0
0
0
0
0
0
0
0
0
0
0
0
0
0
0
0
0
0
0
0
0
-0
-0
-0
-0
-0
-0
-0
-0
-0
-0
-0
-0
-0
-0
-0
-0
-0
-0
-0
-0
-0
-0
-0
-0
-0
-0
-0
-0
-0
-0
-0
-0
-0
-0
-0
-0
-0
-0
-0
-0
-0
-0
-0
-0
-0
-0
-0
-0
-0
-0
-0
0
0
0
0
0
0
0
0
0
0
0
0
0
0
0
0
0
0
0
0
0
0
0
0
0
0
0
0
0
0
0
0
0
0
0
0
0
0
0
0
0
0
0
0
0
0
0
0
0
0
-0
-0
-0
-0
-0
-0
-0
-0
-0
-0
-0
-0
-0
-0
-0
-0
-0
-0
-0
-0
-0
-0
-0
-0
-0
-0
-0
-0
-0
-0
-0
-0
-0
-0
-0
-0
-0
-0
-0
-0
-0
-0
-0
-0
-0
-0
-0
-0
-0
-0
0
0
0
0
0
0
0
0
0
0
0
0
0
0
0
0
0
0
0
0
0
0
0
0
0
0
0
0
0
0
0
0
0
0
0
0
0
0
0
0
0
0
0
0
0
0
0
0
0
0
-0
-0
-0
-0
-0
-0
-0
-0
-0
-0
-0
-0
-0
-0
-0
-0
-0
-0
-0
-0
-0
-0
-0
-0
-0
-0
-0
-0
-0
-0
-0
-0
-0
-0
-0
-0
-0
-0
-0
-0
-0
-0
-0
-0
-0
-0
-0
-0
-0
-0
0
0
0
0
0
0
0
0
0
0
0
0
0
0
0
0
0
0
0
0
0
0
0
0
0
0
0
0
0
0
0
0
0
0
0
0
0
0
0
0
0
0
0
0
0
0
0
0
0
0
-0
-0
-0
-0
-0
-0
-0
-0
-0
-0
-0
-0
-0
-0
-0
-0
-0
-0
-0
-0
-0
-0
-0
-0
-0
-0
-0
-0
-0
-0
-0
-0
-0
-0
-0
-0
-0
-0
-0
-0
-0
-0
-0
-0
-0
-0
-0
-0
-0
-0
0
0
0
0
0
0
0
0
0
0
0
0
0
0
0
0
0
0
0
0
0
0
0
0
0
0
0
0
0
0
0
0
0
0
0
0
0
0
0
0
0
0
0
0
0
0
0
0
0
-0
-0
-0
-0
-0
-0
-0
-0
-0
-0
-0
-0
-0
-0
-0
-0
-0
-0
-0
-0
-0
-0
-0
-0
-0
-0
-0
-0
-0
-0
-0
-0
-0
-0
-0
-0
-0
-0
-0
-0
-0
-0
-0
-0
-0
-0
-0
-0
-0
-0
-0
0
0
0
0
0
0
0
0
0
0
0
0
0
0
0
0
0
0
0
0
0
0
0
0
0
0
0
0
0
0
0
0
0
0
0
0
0
0
0
0
0
0
0
0
0
0
0
0
0
-0
-0
-0
-0
-0
-0
-0
-0
-0
-0
-0
-0
-0
-0
-0
-0
-0
-0
-0
-0
-0
-0
-0
-0
-0
-0
-0
-0
-0
-0
-0
-0
-0
-0
-0
-0
-0
-0
-0
-0
-0
-0
-0
-0
-0
-0
-0
-0
-0
-0
-0
0
0
0
0
0
0
0
0
0
0
0
0
0
0
0
0
0
0
0
0
0
0
0
0
0
0
0
0
0
0
0
0
0
0
0
0
0
0
0
0
0
0
0
0
0
0
0
0
0
0
-0
-0
-0
-0
-0
-0
-0
-0
-0
-0
-0
-0
-0
-0
-0
-0
-0
-0
-0
-0
-0
-0
-0
-0
-0
-0
-0
-0
-0
-0
-0
-0
-0
-0
-0
-0
-0
-0
-0
-0
-0
-0
-0
-0
-0
-0
-0
-0
-0
-0
0
0
0
0
0
0
0
0
0
0
0
0
0
0
0
0
0
0
0
0
0
0
0
0
0
0
0
0
0
0
0
0
0
0
0
0
0
0
0
0
0
0
0
0
0
0
0
0
0
0
-0
-0
-0
-0
-0
-0
-0
-0
-0
-0
-0
-0
-0
-0
-0
-0
-0
-0
-0
-0
-0
-0
-0
-0
-0
-0
-0
-0
-0
-0
-0
-0
-0
-0
-0
-0
-0
-0
-0
-0
-0
-0
-0
-0
-0
-0
-0
-0
-0
-0
0
0
0
0
0
0
0
0
0
0
0
0
0
0
0
0
0
0
0
0
0
0
0
0
0
0
0
0
0
0
0
0
0
0
0
0
0
0
0
0
0
0
0
0
0
0
0
0
0
0
-0
-0
-0
-0
-0
-0
-0
-0
-0
-0
-0
-0
-0
-0
-0
-0
-0
-0
-0
-0
-0
-0
-0
-0
-0
-0
-0
-0
-0
-0
-0
-0
-0
-0
-0
-0
-0
-0
-0
-0
-0
-0
-0
-0
-0
-0
-0
-0
-0
-0
0
0
0
0
0
0
0
0
0
0
0
0
0
0
0
0
0
0
0
0
0
0
0
0
0
0
0
0
0
0
0
0
0
0
0
0
0
0
0
0
0
0
0
0
0
0
0
0
0
-0
-0
-0
-0
-0
-0
-0
-0
-0
-0
-0
-0
-0
-0
-0
-0
-0
-0
-0
-0
-0
-0
-0
-0
-0
-0
-0
-0
-0
-0
-0
-0
-0
-0
-0
-0
-0
-0
-0
-0
-0
-0
-0
-0
-0
-0
-0
-0
-0
-0
-0
0
0
0
0
0
0
0
0
0
0
0
0
0
0
0
0
0
0
0
0
0
0
0
0
0
0
0
0
0
0
0
0
0
0
0
0
0
0
0
0
0
0
0
0
0
0
0
0
0
-0
-0
-0
-0
-0
-0
-0
-0
-0
-0
-0
-0
-0
-0
-0
-0
-0
-0
-0
-0
-0
-0
-0
-0
-0
-0
-0
-0
-0
-0
-0
-0
-0
-0
-0
-0
-0
-0
-0
-0
-0
-0
-0
-0
-0
-0
-0
-0
-0
-0
-0
0
0
0
0
0
0
0
0
0
0
0
0
0
0
0
0
0
0
0
0
0
0
0
0
0
0
0
0
0
0
0
0
0
0
0
0
0
0
0
0
0
0
0
0
0
0
0
0
0
0
-0
-0
-0
-0
-0
-0
-0
-0
-0
-0
-0
-0
-0
-0
-0
-0
-0
-0
-0
-0
-0
-0
-0
-0
-0
-0
-0
-0
-0
-0
-0
-0
-0
-0
-0
-0
-0
-0
-0
-0
-0
-0
-0
-0
-0
-0
-0
-0
-0
-0
0
0
0
0
0
0
0
0
0
0
0
0
0
0
0
0
0
0
0
0
0
0
0
0
0
0
0
0
0
0
0
0
0
0
0
0
0
0
0
0
0
0
0
0
0
0
0
0
0
0
-0
-0
-0
-0
-0
-0
-0
-0
-0
-0
-0
-0
-0
-0
-0
-0
-0
-0
-0
-0
-0
-0
-0
-0
-0
-0
-0
-0
-0
-0
-0
-0
-0
-0
-0
-0
-0
-0
-0
-0
-0
-0
-0
-0
-0
-0
-0
-0
-0
-0
0
0
0
0
0
0
0
0
0
0
0
0
0
0
0
0
0
0
0
0
0
0
0
0
0
0
0
0
0
0
0
0
0
0
0
0
0
0
0
0
0
0
0
0
0
0
0
0
0
0
-0
-0
-0
-0
-0
-0
-0
-0
-0
-0
-0
-0
-0
-0
-0
-0
-0
-0
-0
-0
-0
-0
-0
-0
-0
-0
-0
-0
-0
-0
-0
-0
-0
-0
-0
-0
-0
-0
-0
-0
-0
-0
-0
-0
-0
-0
-0
-0
-0
-0
0
0
0
0
0
0
0
0
0
0
0
0
0
0
0
0
0
0
0
0
0
0
0
0
0
0
0
0
0
0
0
0
0
0
0
0
0
0
0
0
0
0
0
0
0
0
0
0
0
-0
-0
-0
-0
-0
-0
-0
-0
-0
-0
-0
-0
-0
-0
-0
-0
-0
-0
-0
-0
-0
-0
-0
-0
-0
-0
-0
-0
-0
-0
-0
-0
-0
-0
-0
-0
-0
-0
-0
-0
-0
-0
-0
-0
-0
-0
-0
-0
-0
-0
-0
0
0
0
0
0
0
0
0
0
0
0
0
0
0
0
0
0
0
0
0
0
0
0
0
0
0
0
0
0
0
0
0
0
0
0
0
0
0
0
0
0
0
0
0
0
0
0
0
0
-0
-0
-0
-0
-0
-0
-0
-0
-0
-0
-0
-0
-0
-0
-0
-0
-0
-0
-0
-0
-0
-0
-0
-0
-0
-0
-0
-0
-0
-0
-0
-0
-0
-0
-0
-0
-0
-0
-0
-0
-0
-0
-0
-0
-0
-0
-0
-0
-0
-0
-0
0
0
0
0
0
0
0
0
0
0
0
0
0
0
0
0
0
0
0
0
0
0
0
0
0
0
0
0
0
0
0
0
0
0
0
0
0
0
0
0
0
0
0
0
0
0
0
0
0
-0
