-0
-0
-0
-0
-0
-0
-0
-0
-0
-0
-0
-0
-0
-0
-0
-0
-0
-0
-0
-0
-0
-0
-0
-0
-0
-0
-0
-0
-0
-0
-0
-0
-0
-0
-0
-0
-0
-0
-0
-0
-0
-0
-0
-0
-0
-0
-0
-0
-0
-0
-0
0
0
0
0
0
0
0
0
0
0
0
0
0
0
0
0
0
0
0
0
0
0
0
0
0
0
0
0
0
0
0
0
0
0
0
0
0
0
0
0
0
0
0
0
0
0
0
0
0
0
-0
-0
-0
-0
-0
-0
-0
-0
-0
-0
-0
-0
-0
-0
-0
-0
-0
-0
-0
-0
-0
-0
-0
-0
-0
-0
-0
-0
-0
-0
-0
-0
-0
-0
-0
-0
-0
-0
-0
-0
-0
-0
-0
-0
-0
-0
-0
-0
-0
-0
0
0
0
0
0
0
0
0
0
0
0
0
0
0
0
0
0
0
0
0
0
0
0
0
0
0
0
0
0
0
0
0
0
0
0
0
0
0
0
0
0
0
0
0
0
0
0
0
0
0
-0
-0
-0
-0
-0
-0
-0
-0
-0
-0
-0
-0
-0
-0
-0
-0
-0
-0
-0
-0
-0
-0
-0
-0
-0
-0
-0
-0
-0
-0
-0
-0
-0
-0
-0
-0
-0
-0
-0
-0
-0
-0
-0
-0
-0
-0
-0
-0
-0
-0
0
0
0
0
0
0
0
0
0
0
0
0
0
0
0
0
0
0
0
0
0
0
0
0
0
0
0
0
0
0
0
0
0
0
0
0
0
0
0
0
0
0
0
0
0
0
0
0
0
0
-0
-0
-0
-0
-0
-0
-0
-0
-0
-0
-0
-0
-0
-0
-0
-0
-0
-0
-0
-0
-0
-0
-0
-0
-0
-0
-0
-0
-0
-0
-0
-0
-0
-0
-0
-0
-0
-0
-0
-0
-0
-0
-0
-0
-0
-0
-0
-0
-0
0
0
0
0
0
0
0
0
0
0
0
0
0
0
0
0
0
0
0
0
0
0
0
0
0
0
0
0
0
0
0
0
0
0
0
0
0
0
0
0
0
0
0
0
0
0
0
0
0
0
0
-0
-0
-0
-0
-0
-0
-0
-0
-0
-0
-0
-0
-0
-0
-0
-0
-0
-0
-0
-0
-0
-0
-0
-0
-0
-0
-0
-0
-0
-0
-0
-0
-0
-0
-0
-0
-0
-0
-0
-0
-0
-0
-0
-0
-0
-0
-0
-0
-0
-0
0
0
0
0
0
0
0
0
0
0
0
0
0
0
0
0
0
0
0
0
0
0
0
0
0
0
0
0
0
0
0
0
0
0
0
0
0
0
0
0
0
0
0
0
0
0
0
0
0
0
-0
-0
-0
-0
-0
-0
-0
-0
-0
-0
-0
-0
-0
-0
-0
-0
-0
-0
-0
-0
-0
-0
-0
-0
-0
-0
-0
-0
-0
-0
-0
-0
-0
-0
-0
-0
-0
-0
-0
-0
-0
-0
-0
-0
-0
-0
-0
-0
-0
0
0
0
0
0
0
0
0
0
0
0
0
0
0
0
0
0
0
0
0
0
0
0
0
0
0
0
0
0
0
0
0
0
0
0
0
0
0
0
0
0
0
0
0
0
0
0
0
0
0
0
-0
-0
-0
-0
-0
-0
-0
-0
-0
-0
-0
-0
-0
-0
-0
-0
-0
-0
-0
-0
-0
-0
-0
-0
-0
-0
-0
-0
-0
-0
-0
-0
-0
-0
-0
-0
-0
-0
-0
-0
-0
-0
-0
-0
-0
-0
-0
-0
-0
0
0
0
0
0
0
0
0
0
0
0
0
0
0
0
0
0
0
0
0
0
0
0
0
0
0
0
0
0
0
0
0
0
0
0
0
0
0
0
0
0
0
0
0
0
0
0
0
0
0
-0
-0
-0
-0
-0
-0
-0
-0
-0
-0
-0
-0
-0
-0
-0
-0
-0
-0
-0
-0
-0
-0
-0
-0
-0
-0
-0
-0
-0
-0
-0
-0
-0
-0
-0
-0
-0
-0
-0
-0
-0
-0
-0
-0
-0
-0
-0
-0
-0
-0
-0
0
0
0
0
0
0
0
0
0
0
0
0
0
0
0
0
0
0
0
0
0
0
0
0
0
0
0
0
0
0
0
0
0
0
0
0
0
0
0
0
0
0
0
0
0
0
0
0
0
0
-0
-0
-0
-0
-0
-0
-0
-0
-0
-0
-0
-0
-0
-0
-0
-0
-0
-0
-0
-0
-0
-0
-0
-0
-0
-0
-0
-0
-0
-0
-0
-0
-0
-0
-0
-0
-0
-0
-0
-0
-0
-0
-0
-0
-0
-0
-0
-0
-0
-0
0
0
0
0
0
0
0
0
0
0
0
0
0
0
0
0
0
0
0
0
0
0
0
0
0
0
0
0
0
0
0
0
0
0
0
0
0
0
0
0
0
0
0
0
0
0
0
0
0
0
-0
-0
-0
-0
-0
-0
-0
-0
-0
-0
-0
-0
-0
-0
-0
-0
-0
-0
-0
-0
-0
-0
-0
-0
-0
-0
-0
-0
-0
-0
-0
-0
-0
-0
-0
-0
-0
-0
-0
-0
-0
-0
-0
-0
-0
-0
-0
-0
-0
0
0
0
0
0
0
0
0
0
0
0
0
0
0
0
0
0
0
0
0
0
0
0
0
0
0
0
0
0
0
0
0
0
0
0
0
0
0
0
0
0
0
0
0
0
0
0
0
0
0
0
-0
-0
-0
-0
-0
-0
-0
-0
-0
-0
-0
-0
-0
-0
-0
-0
-0
-0
-0
-0
-0
-0
-0
-0
-0
-0
-0
-0
-0
-0
-0
-0
-0
-0
-0
-0
-0
-0
-0
-0
-0
-0
-0
-0
-0
-0
-0
-0
-0
0
0
0
0
0
0
0
0
0
0
0
0
0
0
0
0
0
0
0
0
0
0
0
0
0
0
0
0
0
0
0
0
0
0
0
0
0
0
0
0
0
0
0
0
0
0
0
0
0
0
-0
-0
-0
-0
-0
-0
-0
-0
-0
-0
-0
-0
-0
-0
-0
-0
-0
-0
-0
-0
-0
-0
-0
-0
-0
-0
-0
-0
-0
-0
-0
-0
-0
-0
-0
-0
-0
-0
-0
-0
-0
-0
-0
-0
-0
-0
-0
-0
-0
-0
0
0
0
0
0
0
0
0
0
0
0
0
0
0
0
0
0
0
0
0
0
0
0
0
0
0
0
0
0
0
0
0
0
0
0
0
0
0
0
0
0
0
0
0
0
0
0
0
0
0
0
-0
-0
-0
-0
-0
-0
-0
-0
-0
-0
-0
-0
-0
-0
-0
-0
-0
-0
-0
-0
-0
-0
-0
-0
-0
-0
-0
-0
-0
-0
-0
-0
-0
-0
-0
-0
-0
-0
-0
-0
-0
-0
-0
-0
-0
-0
-0
-0
-0
0
0
0
0
0
0
0
0
0
0
0
0
0
0
0
0
0
0
0
0
0
0
0
0
0
0
0
0
0
0
0
0
0
0
0
0
0
0
0
0
0
0
0
0
0
0
0
0
0
0
-0
-0
-0
-0
-0
-0
-0
-0
-0
-0
-0
-0
-0
-0
-0
-0
-0
-0
-0
-0
-0
-0
-0
-0
-0
-0
-0
-0
-0
-0
-0
-0
-0
-0
-0
-0
-0
-0
-0
-0
-0
-0
-0
-0
-0
-0
-0
-0
-0
-0
0
0
0
0
0
0
0
0
0
0
0
0
0
0
0
0
0
0
0
0
0
0
0
0
0
0
0
0
0
0
0
0
0
0
0
0
0
0
0
0
0
0
0
0
0
0
0
0
0
0
-0
-0
-0
-0
-0
-0
-0
-0
-0
-0
-0
-0
-0
-0
-0
-0
-0
-0
-0
-0
-0
-0
-0
-0
-0
-0
-0
-0
-0
-0
-0
-0
-0
-0
-0
-0
-0
-0
-0
-0
-0
-0
-0
-0
-0
-0
-0
-0
-0
-0
0
0
0
0
0
0
0
0
0
0
0
0
0
0
0
0
0
0
0
0
0
0
0
0
0
0
0
0
0
0
0
0
0
0
0
0
0
0
0
0
0
0
0
0
0
0
0
0
0
0
0
-0
-0
-0
-0
-0
-0
-0
-0
-0
-0
-0
-0
-0
-0
-0
-0
-0
-0
-0
-0
-0
-0
-0
-0
-0
-0
-0
-0
-0
-0
-0
-0
-0
-0
-0
-0
-0
-0
-0
-0
-0
-0
-0
-0
-0
-0
-0
-0
-0
-0
0
0
0
0
0
0
0
0
0
0
0
0
0
0
0
0
0
0
0
0
0
0
0
0
0
0
0
0
0
0
0
0
0
0
0
0
0
0
0
0
0
0
0
0
0
0
0
0
0
0
-0
-0
-0
-0
-0
-0
-0
-0
-0
-0
-0
-0
-0
-0
-0
-0
-0
-0
-0
-0
-0
-0
-0
-0
-0
-0
-0
-0
-0
-0
-0
-0
-0
-0
-0
-0
-0
-0
-0
-0
-0
-0
-0
-0
-0
-0
-0
-0
-0
-0
0
0
0
0
0
0
0
0
0
0
0
0
0
0
0
0
0
0
0
0
0
0
0
0
0
0
0
0
0
0
0
0
0
0
0
0
0
0
0
0
0
0
0
0
0
0
0
0
0
0
-0
-0
-0
-0
-0
-0
-0
-0
-0
-0
-0
-0
-0
-0
-0
-0
-0
-0
-0
-0
-0
-0
-0
-0
-0
-0
-0
-0
-0
-0
-0
-0
-0
-0
-0
-0
-0
-0
-0
-0
-0
-0
-0
-0
-0
-0
-0
-0
-0
-0
0
0
0
0
0
0
0
0
0
0
0
0
0
0
0
0
0
0
0
0
0
0
0
0
0
0
0
0
0
0
0
0
0
0
0
0
0
0
0
0
0
0
0
0
0
0
0
0
0
0
-0
-0
-0
-0
-0
-0
-0
-0
-0
-0
-0
-0
-0
-0
-0
-0
-0
-0
-0
-0
-0
-0
-0
-0
-0
-0
-0
-0
-0
-0
-0
-0
-0
-0
-0
-0
-0
-0
-0
-0
-0
-0
-0
-0
-0
-0
-0
-0
-0
-0
0
0
0
0
0
0
0
0
0
0
0
0
0
0
0
0
0
0
0
0
0
0
0
0
0
0
0
0
0
0
0
0
0
0
0
0
0
0
0
0
0
0
0
0
0
0
0
0
0
-0
-0
-0
-0
-0
-0
-0
-0
-0
-0
-0
-0
-0
-0
-0
-0
-0
-0
-0
-0
-0
-0
-0
-0
-0
-0
-0
-0
-0
-0
-0
-0
-0
-0
-0
-0
-0
-0
-0
-0
-0
-0
-0
-0
-0
-0
-0
-0
-0
-0
-0
0
0
0
0
0
0
0
0
0
0
0
0
0
0
0
0
0
0
0
0
0
0
0
0
0
0
0
0
0
0
0
0
0
0
0
0
0
0
0
0
0
0
0
0
0
0
0
0
0
0
-2.3546e-09
-9.4e-09
-2.108e-08
-3.7303e-08
-5.7941e-08
-8.2828e-08
-1.1177e-07
-1.4453e-07
-1.8084e-07
-2.2042e-07
-2.6294e-07
-3.0805e-07
-3.5537e-07
-4.0452e-07
-4.5507e-07
-5.066e-07
-5.5865e-07
-6.1076e-07
-6.6247e-07
-7.1329e-07
-7.6276e-07
-8.1039e-07
-8.557e-07
-8.9822e-07
-9.375e-07
-9.7308e-07
-1.0045e-06
-1.0314e-06
-1.0533e-06
-1.0699e-06
-1.0809e-06
-1.0858e-06
-1.0844e-06
-1.0765e-06
-1.0618e-06
-1.0402e-06
-1.0114e-06
-9.7548e-07
-9.3223e-07
-8.8168e-07
-8.2383e-07
-7.5876e-07
-6.8657e-07
-6.0741e-07
-5.2147e-07
-4.2899e-07
-3.3026e-07
-2.256e-07
-1.1538e-07
-2.9398e-20
1.2009e-07
2.444e-07
3.7242e-07
5.036e-07
6.3735e-07
7.7306e-07
9.101e-07
1.0478e-06
1.1855e-06
1.3225e-06
1.4581e-06
1.5916e-06
1.7222e-06
1.8492e-06
1.972e-06
2.0897e-06
2.2017e-06
2.3073e-06
2.4058e-06
2.4965e-06
2.5789e-06
2.6522e-06
2.7159e-06
2.7695e-06
2.8125e-06
2.8444e-06
2.8647e-06
2.8732e-06
2.8694e-06
2.8532e-06
2.8242e-06
2.7823e-06
2.7275e-06
2.6596e-06
2.5787e-06
2.4849e-06
2.3783e-06
2.259e-06
2.1274e-06
1.9838e-06
1.8285e-06
1.6621e-06
1.4849e-06
1.2976e-06
1.1009e-06
8.9528e-07
6.816e-07
4.606e-07
2.3311e-07
-7.3572e-21
-2.3782e-07
-4.794e-07
-7.2376e-07
-9.6989e-07
-1.2168e-06
-1.4633e-06
-1.7084e-06
-1.9511e-06
-2.1902e-06
-2.4246e-06
-2.6533e-06
-2.8751e-06
-3.089e-06
-3.2939e-06
-3.4889e-06
-3.6728e-06
-3.8448e-06
-4.0039e-06
-4.1491e-06
-4.2798e-06
-4.3949e-06
-4.494e-06
-4.5761e-06
-4.6408e-06
-4.6875e-06
-4.7157e-06
-4.7249e-06
-4.715e-06
-4.6855e-06
-4.6364e-06
-4.5675e-06
-4.4789e-06
-4.3706e-06
-4.2427e-06
-4.0956e-06
-3.9296e-06
-3.7451e-06
-3.5425e-06
-3.3226e-06
-3.0859e-06
-2.8332e-06
-2.5653e-06
-2.2832e-06
-1.9879e-06
-1.6803e-06
-1.3616e-06
-1.0329e-06
-6.956e-07
-3.5084e-07
-4.9605e-20
3.5555e-07
7.144e-07
1.0751e-06
1.4362e-06
1.7962e-06
2.1535e-06
2.5068e-06
2.8544e-06
3.1949e-06
3.5267e-06
3.8484e-06
4.1586e-06
4.4558e-06
4.7387e-06
5.0058e-06
5.2559e-06
5.4879e-06
5.7004e-06
5.8925e-06
6.063e-06
6.211e-06
6.3358e-06
6.4363e-06
6.5121e-06
6.5625e-06
6.587e-06
6.5852e-06
6.5568e-06
6.5016e-06
6.4196e-06
6.3109e-06
6.1754e-06
6.0137e-06
5.8259e-06
5.6126e-06
5.3743e-06
5.1119e-06
4.8261e-06
4.5177e-06
4.188e-06
3.8379e-06
3.4686e-06
3.0816e-06
2.6781e-06
2.2597e-06
1.8279e-06
1.3843e-06
9.306e-07
4.6857e-07
-6.6168e-20
-4.7328e-07
-9.494e-07
-1.4264e-06
-1.9025e-06
-2.3756e-06
-2.8438e-06
-3.3051e-06
-3.7577e-06
-4.1995e-06
-4.6288e-06
-5.0436e-06
-5.4421e-06
-5.8226e-06
-6.1834e-06
-6.5227e-06
-6.8391e-06
-7.1309e-06
-7.397e-06
-7.6358e-06
-7.8462e-06
-8.0271e-06
-8.1775e-06
-8.2966e-06
-8.3834e-06
-8.4375e-06
-8.4583e-06
-8.4454e-06
-8.3986e-06
-8.3177e-06
-8.2029e-06
-8.0542e-06
-7.872e-06
-7.6567e-06
-7.409e-06
-7.1295e-06
-6.819e-06
-6.4787e-06
-6.1096e-06
-5.7129e-06
-5.2901e-06
-4.8425e-06
-4.3719e-06
-3.8799e-06
-3.3683e-06
-2.8391e-06
-2.2942e-06
-1.7356e-06
-1.1656e-06
-5.8631e-07
-1.8358e-20
5.9102e-07
1.1844e-06
1.7778e-06
2.3688e-06
2.955e-06
3.534e-06
4.1034e-06
4.661e-06
5.2042e-06
5.7309e-06
6.2388e-06
6.7257e-06
7.1895e-06
7.6281e-06
8.0396e-06
8.4222e-06
8.774e-06
9.0935e-06
9.3791e-06
9.6294e-06
9.8432e-06
1.0019e-05
1.0157e-05
1.0255e-05
1.0312e-05
1.033e-05
1.0306e-05
1.024e-05
1.0134e-05
9.9861e-06
9.7975e-06
9.5685e-06
9.2998e-06
8.9921e-06
8.6464e-06
8.2638e-06
7.8455e-06
7.3931e-06
6.9081e-06
6.3922e-06
5.8472e-06
5.2752e-06
4.6782e-06
4.0586e-06
3.4185e-06
2.7605e-06
2.087e-06
1.4006e-06
7.0404e-07
-1.7643e-19
-7.0875e-07
-1.4194e-06
-2.1291e-06
-2.8351e-06
-3.5344e-06
-4.2242e-06
-4.9018e-06
-5.5643e-06
-6.2089e-06
-6.833e-06
-7.434e-06
-8.0092e-06
-8.5563e-06
-9.0728e-06
-9.5565e-06
-1.0005e-05
-1.0417e-05
-1.079e-05
-1.1122e-05
-1.1413e-05
-1.1659e-05
-1.1861e-05
-1.2017e-05
-1.2126e-05
-1.2187e-05
-1.2201e-05
-1.2166e-05
-1.2082e-05
-1.195e-05
-1.1769e-05
-1.1541e-05
-1.1265e-05
-1.0943e-05
-1.0575e-05
-1.0163e-05
-9.7085e-06
-9.2123e-06
-8.6766e-06
-8.1033e-06
-7.4943e-06
-6.8519e-06
-6.1785e-06
-5.4766e-06
-4.7488e-06
-3.9979e-06
-3.2268e-06
-2.4383e-06
-1.6356e-06
-8.2177e-07
6.4343e-20
8.2648e-07
1.6544e-06
2.4805e-06
3.3014e-06
4.1138e-06
4.9145e-06
5.7001e-06
6.4675e-06
7.2136e-06
7.9351e-06
8.6291e-06
9.2927e-06
9.9231e-06
1.0518e-05
1.1073e-05
1.1588e-05
1.206e-05
1.2487e-05
1.2866e-05
1.3196e-05
1.3475e-05
1.3703e-05
1.3877e-05
1.3997e-05
1.4062e-05
1.4072e-05
1.4026e-05
1.3924e-05
1.3766e-05
1.3553e-05
1.3284e-05
1.2962e-05
1.2586e-05
1.2158e-05
1.168e-05
1.1153e-05
1.0579e-05
9.9602e-06
9.2984e-06
8.5964e-06
7.8566e-06
7.0818e-06
6.2749e-06
5.439e-06
4.5773e-06
3.693e-06
2.7896e-06
1.8706e-06
9.395e-07
8.8175e-20
-9.4421e-07
-1.8894e-06
-2.8318e-06
-3.7677e-06
-4.6932e-06
-5.6047e-06
-6.4985e-06
-7.3708e-06
-8.2182e-06
-9.0372e-06
-9.8243e-06
-1.0576e-05
-1.129e-05
-1.1962e-05
-1.259e-05
-1.3172e-05
-1.3703e-05
-1.4183e-05
-1.4609e-05
-1.4979e-05
-1.5292e-05
-1.5545e-05
-1.5737e-05
-1.5869e-05
-1.5937e-05
-1.5943e-05
-1.5886e-05
-1.5766e-05
-1.5582e-05
-1.5336e-05
-1.5028e-05
-1.4658e-05
-1.4229e-05
-1.3741e-05
-1.3197e-05
-1.2598e-05
-1.1946e-05
-1.1244e-05
-1.0494e-05
-9.6985e-06
-8.8612e-06
-7.9851e-06
-7.0733e-06
-6.1293e-06
-5.1567e-06
-4.1593e-06
-3.141e-06
-2.1056e-06
-1.0572e-06
1.985e-19
1.0619e-06
2.1244e-06
3.1831e-06
4.2339e-06
5.2726e-06
6.2949e-06
7.2968e-06
8.2741e-06
9.2229e-06
1.0139e-05
1.1019e-05
1.186e-05
1.2657e-05
1.3407e-05
1.4107e-05
1.4755e-05
1.5346e-05
1.588e-05
1.6352e-05
1.6762e-05
1.7108e-05
1.7386e-05
1.7598e-05
1.774e-05
1.7812e-05
1.7815e-05
1.7746e-05
1.7607e-05
1.7398e-05
1.7119e-05
1.6771e-05
1.6355e-05
1.5872e-05
1.5325e-05
1.4714e-05
1.4043e-05
1.3313e-05
1.2527e-05
1.1689e-05
1.0801e-05
9.8659e-06
8.8884e-06
7.8716e-06
6.8195e-06
5.7361e-06
4.6256e-06
3.4923e-06
2.3406e-06
1.175e-06
-1.8379e-20
-1.1726e-06
-2.3359e-06
-3.4853e-06
-4.6163e-06
-5.7245e-06
-6.8057e-06
-7.8556e-06
-8.8703e-06
-9.8458e-06
-1.0779e-05
-1.1665e-05
-1.2502e-05
-1.3285e-05
-1.4014e-05
-1.4684e-05
-1.5293e-05
-1.5839e-05
-1.6321e-05
-1.6736e-05
-1.7083e-05
-1.7362e-05
-1.7571e-05
-1.7709e-05
-1.7777e-05
-1.7775e-05
-1.7702e-05
-1.756e-05
-1.735e-05
-1.7071e-05
-1.6727e-05
-1.6318e-05
-1.5846e-05
-1.5313e-05
-1.4723e-05
-1.4077e-05
-1.3378e-05
-1.2629e-05
-1.1834e-05
-1.0996e-05
-1.0117e-05
-9.2028e-06
-8.2561e-06
-7.2808e-06
-6.2811e-06
-5.261e-06
-4.2246e-06
-3.1761e-06
-2.1197e-06
-1.0596e-06
3.1357e-19
1.0549e-06
2.1009e-06
3.134e-06
4.15e-06
5.1451e-06
6.1155e-06
7.0573e-06
7.967e-06
8.8411e-06
9.6764e-06
1.047e-05
1.1218e-05
1.1919e-05
1.2569e-05
1.3167e-05
1.371e-05
1.4196e-05
1.4624e-05
1.4993e-05
1.53e-05
1.5546e-05
1.5729e-05
1.5849e-05
1.5906e-05
1.59e-05
1.5831e-05
1.57e-05
1.5508e-05
1.5255e-05
1.4943e-05
1.4574e-05
1.4149e-05
1.367e-05
1.314e-05
1.256e-05
1.1933e-05
1.1263e-05
1.0551e-05
9.8004e-06
9.0152e-06
8.1981e-06
7.3528e-06
6.4825e-06
5.5909e-06
4.6816e-06
3.7583e-06
2.8248e-06
1.8847e-06
9.4186e-07
-1.1735e-19
-9.3715e-07
-1.8659e-06
-2.7826e-06
-3.6837e-06
-4.5657e-06
-5.4252e-06
-6.259e-06
-7.0637e-06
-7.8365e-06
-8.5743e-06
-9.2745e-06
-9.9345e-06
-1.0552e-05
-1.1124e-05
-1.165e-05
-1.2127e-05
-1.2553e-05
-1.2928e-05
-1.3249e-05
-1.3517e-05
-1.373e-05
-1.3887e-05
-1.3989e-05
-1.4035e-05
-1.4025e-05
-1.396e-05
-1.384e-05
-1.3666e-05
-1.3439e-05
-1.316e-05
-1.2831e-05
-1.2453e-05
-1.2027e-05
-1.1557e-05
-1.1043e-05
-1.0489e-05
-9.8957e-06
-9.2671e-06
-8.6052e-06
-7.9131e-06
-7.1935e-06
-6.4495e-06
-5.6842e-06
-4.9007e-06
-4.1022e-06
-3.292e-06
-2.4734e-06
-1.6497e-06
-8.2413e-07
-3.845e-20
8.1942e-07
1.6309e-06
2.4313e-06
3.2174e-06
3.9863e-06
4.735e-06
5.4606e-06
6.1604e-06
6.8318e-06
7.4722e-06
8.0793e-06
8.651e-06
9.185e-06
9.6796e-06
1.0133e-05
1.0544e-05
1.091e-05
1.1231e-05
1.1506e-05
1.1734e-05
1.1914e-05
1.2045e-05
1.2129e-05
1.2163e-05
1.215e-05
1.2089e-05
1.198e-05
1.1824e-05
1.1623e-05
1.1377e-05
1.1088e-05
1.0756e-05
1.0384e-05
9.9736e-06
9.5262e-06
9.0439e-06
8.5289e-06
7.9835e-06
7.4101e-06
6.811e-06
6.1888e-06
5.5462e-06
4.8858e-06
4.2104e-06
3.5228e-06
2.8257e-06
2.1221e-06
1.4147e-06
7.0639e-07
-1.6486e-19
-7.0168e-07
-1.3959e-06
-2.0799e-06
-2.7511e-06
-3.4069e-06
-4.0448e-06
-4.6623e-06
-5.2571e-06
-5.8271e-06
-6.3701e-06
-6.8842e-06
-7.3674e-06
-7.8182e-06
-8.2349e-06
-8.616e-06
-8.9604e-06
-9.2669e-06
-9.5346e-06
-9.7627e-06
-9.9504e-06
-1.0097e-05
-1.0204e-05
-1.0268e-05
-1.0292e-05
-1.0275e-05
-1.0217e-05
-1.012e-05
-9.9825e-06
-9.8069e-06
-9.5938e-06
-9.3443e-06
-9.0596e-06
-8.7412e-06
-8.3905e-06
-8.0093e-06
-7.5992e-06
-7.1621e-06
-6.7e-06
-6.2149e-06
-5.7089e-06
-5.1841e-06
-4.6429e-06
-4.0875e-06
-3.5202e-06
-2.9434e-06
-2.3594e-06
-1.7708e-06
-1.1797e-06
-5.8866e-07
3.6627e-20
5.8395e-07
1.1609e-06
1.7286e-06
2.2848e-06
2.8275e-06
3.3545e-06
3.8639e-06
4.3538e-06
4.8224e-06
5.268e-06
5.689e-06
6.0839e-06
6.4514e-06
6.7901e-06
7.0991e-06
7.3773e-06
7.6239e-06
7.8381e-06
8.0193e-06
8.1672e-06
8.2814e-06
8.3617e-06
8.4082e-06
8.4209e-06
8.4e-06
8.346e-06
8.2594e-06
8.1407e-06
7.9908e-06
7.8106e-06
7.6009e-06
7.363e-06
7.0981e-06
6.8074e-06
6.4924e-06
6.1545e-06
5.7953e-06
5.4165e-06
5.0197e-06
4.6068e-06
4.1794e-06
3.7396e-06
3.2891e-06
2.83e-06
2.364e-06
1.8932e-06
1.4194e-06
9.447e-07
4.7093e-07
-1.6092e-19
-4.6622e-07
-9.259e-07
-1.3773e-06
-1.8185e-06
-2.2481e-06
-2.6643e-06
-3.0656e-06
-3.4506e-06
-3.8178e-06
-4.1659e-06
-4.4938e-06
-4.8004e-06
-5.0846e-06
-5.3454e-06
-5.5822e-06
-5.7942e-06
-5.9808e-06
-6.1415e-06
-6.276e-06
-6.384e-06
-6.4653e-06
-6.5199e-06
-6.548e-06
-6.5496e-06
-6.525e-06
-6.4747e-06
-6.3991e-06
-6.2989e-06
-6.1747e-06
-6.0273e-06
-5.8576e-06
-5.6665e-06
-5.455e-06
-5.2243e-06
-4.9755e-06
-4.7098e-06
-4.4285e-06
-4.133e-06
-3.8245e-06
-3.5047e-06
-3.1748e-06
-2.8363e-06
-2.4908e-06
-2.1397e-06
-1.7846e-06
-1.4269e-06
-1.0681e-06
-7.097e-07
-3.532e-07
6.025e-20
3.4849e-07
6.909e-07
1.0259e-06
1.3523e-06
1.6687e-06
1.9741e-06
2.2673e-06
2.5473e-06
2.8131e-06
3.0638e-06
3.2987e-06
3.5169e-06
3.7177e-06
3.9007e-06
4.0653e-06
4.2111e-06
4.3377e-06
4.445e-06
4.5327e-06
4.6007e-06
4.6492e-06
4.6781e-06
4.6877e-06
4.6783e-06
4.65e-06
4.6034e-06
4.5389e-06
4.4571e-06
4.3586e-06
4.2441e-06
4.1143e-06
3.9699e-06
3.8119e-06
3.6412e-06
3.4585e-06
3.265e-06
3.0617e-06
2.8494e-06
2.6294e-06
2.4026e-06
2.1701e-06
1.933e-06
1.6925e-06
1.4495e-06
1.2052e-06
9.6056e-07
7.1673e-07
4.747e-07
2.3546e-07
-9.1919e-24
-2.3076e-07
-4.559e-07
-6.7457e-07
-8.8596e-07
-1.0893e-06
-1.2838e-06
-1.4689e-06
-1.644e-06
-1.8084e-06
-1.9617e-06
-2.1035e-06
-2.2333e-06
-2.3509e-06
-2.456e-06
-2.5484e-06
-2.628e-06
-2.6946e-06
-2.7484e-06
-2.7893e-06
-2.8175e-06
-2.8331e-06
-2.8364e-06
-2.8275e-06
-2.807e-06
-2.775e-06
-2.7321e-06
-2.6787e-06
-2.6153e-06
-2.5425e-06
-2.4609e-06
-2.3709e-06
-2.2734e-06
-2.1689e-06
-2.058e-06
-1.9416e-06
-1.8203e-06
-1.6949e-06
-1.5659e-06
-1.4342e-06
-1.3005e-06
-1.1654e-06
-1.0297e-06
-8.9414e-07
-7.5926e-07
-6.2576e-07
-4.9427e-07
-3.6539e-07
-2.397e-07
-1.1773e-07
3.242e-20
1.1302e-07
2.209e-07
3.2323e-07
4.1966e-07
5.0988e-07
5.936e-07
6.706e-07
7.407e-07
8.0374e-07
8.5964e-07
9.0833e-07
9.4981e-07
9.8411e-07
1.0113e-06
1.0315e-06
1.0449e-06
1.0516e-06
1.0519e-06
1.046e-06
1.0343e-06
1.017e-06
9.9457e-07
9.6731e-07
9.3565e-07
9e-07
8.608e-07
8.1849e-07
7.7355e-07
7.2644e-07
6.7763e-07
6.276e-07
5.7683e-07
5.2578e-07
4.7493e-07
4.2473e-07
3.7563e-07
3.2804e-07
2.8238e-07
2.3903e-07
1.9838e-07
1.6075e-07
1.2646e-07
9.58e-08
6.9023e-08
4.6353e-08
2.7978e-08
1.4054e-08
4.7e-09
0
0
-0
-0
-0
-0
-0
-0
-0
-0
-0
-0
-0
-0
-0
-0
-0
-0
-0
-0
-0
-0
-0
-0
-0
-0
-0
-0
-0
-0
-0
-0
-0
-0
-0
-0
-0
-0
-0
-0
-0
-0
-0
-0
-0
-0
-0
-0
-0
-0
-0
-0
0
0
0
0
0
0
0
0
0
0
0
0
0
0
0
0
0
0
0
0
0
0
0
0
0
0
0
0
0
0
0
0
0
0
0
0
0
0
0
0
0
0
0
0
0
0
0
0
0
0
-0
-0
-0
-0
-0
-0
-0
-0
-0
-0
-0
-0
-0
-0
-0
-0
-0
-0
-0
-0
-0
-0
-0
-0
-0
-0
-0
-0
-0
-0
-0
-0
-0
-0
-0
-0
-0
-0
-0
-0
-0
-0
-0
-0
-0
-0
-0
-0
-0
-0
0
0
0
0
0
0
0
0
0
0
0
0
0
0
0
0
0
0
0
0
0
0
0
0
0
0
0
0
0
0
0
0
0
0
0
0
0
0
0
0
0
0
0
0
0
0
0
0
0
0
-0
-0
-0
-0
-0
-0
-0
-0
-0
-0
-0
-0
-0
-0
-0
-0
-0
-0
-0
-0
-0
-0
-0
-0
-0
-0
-0
-0
-0
-0
-0
-0
-0
-0
-0
-0
-0
-0
-0
-0
-0
-0
-0
-0
-0
-0
-0
-0
-0
-0
0
0
0
0
0
0
0
0
0
0
0
0
0
0
0
0
0
0
0
0
0
0
0
0
0
0
0
0
0
0
0
0
0
0
0
0
0
0
0
0
0
0
0
0
0
0
0
0
0
0
-0
-0
-0
-0
-0
-0
-0
-0
-0
-0
-0
-0
-0
-0
-0
-0
-0
-0
-0
-0
-0
-0
-0
-0
-0
-0
-0
-0
-0
-0
-0
-0
-0
-0
-0
-0
-0
-0
-0
-0
-0
-0
-0
-0
-0
-0
-0
-0
-0
-0
0
0
0
0
0
0
0
0
0
0
0
0
0
0
0
0
0
0
0
0
0
0
0
0
0
0
0
0
0
0
0
0
0
0
0
0
0
0
0
0
0
0
0
0
0
0
0
0
0
0
-0
-0
-0
-0
-0
-0
-0
-0
-0
-0
-0
-0
-0
-0
-0
-0
-0
-0
-0
-0
-0
-0
-0
-0
-0
-0
-0
-0
-0
-0
-0
-0
-0
-0
-0
-0
-0
-0
-0
-0
-0
-0
-0
-0
-0
-0
-0
-0
-0
-0
0
0
0
0
0
0
0
0
0
0
0
0
0
0
0
0
0
0
0
0
0
0
0
0
0
0
0
0
0
0
0
0
0
0
0
0
0
0
0
0
0
0
0
0
0
0
0
0
0
0
-0
-0
-0
-0
-0
-0
-0
-0
-0
-0
-0
-0
-0
-0
-0
-0
-0
-0
-0
-0
-0
-0
-0
-0
-0
-0
-0
-0
-0
-0
-0
-0
-0
-0
-0
-0
-0
-0
-0
-0
-0
-0
-0
-0
-0
-0
-0
-0
-0
0
0
0
0
0
0
0
0
0
0
0
0
0
0
0
0
0
0
0
0
0
0
0
0
0
0
0
0
0
0
0
0
0
0
0
0
0
0
0
0
0
0
0
0
0
0
0
0
0
0
0
-0
-0
-0
-0
-0
-0
-0
-0
-0
-0
-0
-0
-0
-0
-0
-0
-0
-0
-0
-0
-0
-0
-0
-0
-0
-0
-0
-0
-0
-0
-0
-0
-0
-0
-0
-0
-0
-0
-0
-0
-0
-0
-0
-0
-0
-0
-0
-0
-0
-0
0
0
0
0
0
0
0
0
0
0
0
0
0
0
0
0
0
0
0
0
0
0
0
0
0
0
0
0
0
0
0
0
0
0
0
0
0
0
0
0
0
0
0
0
0
0
0
0
0
0
-0
-0
-0
-0
-0
-0
-0
-0
-0
-0
-0
-0
-0
-0
-0
-0
-0
-0
-0
-0
-0
-0
-0
-0
-0
-0
-0
-0
-0
-0
-0
-0
-0
-0
-0
-0
-0
-0
-0
-0
-0
-0
-0
-0
-0
-0
-0
-0
-0
-0
0
0
0
0
0
0
0
0
0
0
0
0
0
0
0
0
0
0
0
0
0
0
0
0
0
0
0
0
0
0
0
0
0
0
0
0
0
0
0
0
0
0
0
0
0
0
0
0
0
-0
-0
-0
-0
-0
-0
-0
-0
-0
-0
-0
-0
-0
-0
-0
-0
-0
-0
-0
-0
-0
-0
-0
-0
-0
-0
-0
-0
-0
-0
-0
-0
-0
-0
-0
-0
-0
-0
-0
-0
-0
-0
-0
-0
-0
-0
-0
-0
-0
-0
-0
0
0
0
0
0
0
0
0
0
0
0
0
0
0
0
0
0
0
0
0
0
0
0
0
0
0
0
0
0
0
0
0
0
0
0
0
0
0
0
0
0
0
0
0
0
0
0
0
0
0
-0
-0
-0
-0
-0
-0
-0
-0
-0
-0
-0
-0
-0
-0
-0
-0
-0
-0
-0
-0
-0
-0
-0
-0
-0
-0
-0
-0
-0
-0
-0
-0
-0
-0
-0
-0
-0
-0
-0
-0
-0
-0
-0
-0
-0
-0
-0
-0
-0
0
0
0
0
0
0
0
0
0
0
0
0
0
0
0
0
0
0
0
0
0
0
0
0
0
0
0
0
0
0
0
0
0
0
0
0
0
0
0
0
0
0
0
0
0
0
0
0
0
0
0
-0
-0
-0
-0
-0
-0
-0
-0
-0
-0
-0
-0
-0
-0
-0
-0
-0
-0
-0
-0
-0
-0
-0
-0
-0
-0
-0
-0
-0
-0
-0
-0
-0
-0
-0
-0
-0
-0
-0
-0
-0
-0
-0
-0
-0
-0
-0
-0
-0
-0
0
0
0
0
0
0
0
0
0
0
0
0
0
0
0
0
0
0
0
0
0
0
0
0
0
0
0
0
0
0
0
0
0
0
0
0
0
0
0
0
0
0
0
0
0
0
0
0
0
0
-0
-0
-0
-0
-0
-0
-0
-0
-0
-0
-0
-0
-0
-0
-0
-0
-0
-0
-0
-0
-0
-0
-0
-0
-0
-0
-0
-0
-0
-0
-0
-0
-0
-0
-0
-0
-0
-0
-0
-0
-0
-0
-0
-0
-0
-0
-0
-0
-0
0
0
0
0
0
0
0
0
0
0
0
0
0
0
0
0
0
0
0
0
0
0
0
0
0
0
0
0
0
0
0
0
0
0
0
0
0
0
0
0
0
0
0
0
0
0
0
0
0
0
-0
-0
-0
-0
-0
-0
-0
-0
-0
-0
-0
-0
-0
-0
-0
-0
-0
-0
-0
-0
-0
-0
-0
-0
-0
-0
-0
-0
-0
-0
-0
-0
-0
-0
-0
-0
-0
-0
-0
-0
-0
-0
-0
-0
-0
-0
-0
-0
-0
-0
-0
0
0
0
0
0
0
0
0
0
0
0
0
0
0
0
0
0
0
0
0
0
0
0
0
0
0
0
0
0
0
0
0
0
0
0
0
0
0
0
0
0
0
0
0
0
0
0
0
0
0
-0
-0
-0
-0
-0
-0
-0
-0
-0
-0
-0
-0
-0
-0
-0
-0
-0
-0
-0
-0
-0
-0
-0
-0
-0
-0
-0
-0
-0
-0
-0
-0
-0
-0
-0
-0
-0
-0
-0
-0
-0
-0
-0
-0
-0
-0
-0
-0
-0
0
0
0
0
0
0
0
0
0
0
0
0
0
0
0
0
0
0
0
0
0
0
0
0
0
0
0
0
0
0
0
0
0
0
0
0
0
0
0
0
0
0
0
0
0
0
0
0
0
0
-0
-0
-0
-0
-0
-0
-0
-0
-0
-0
-0
-0
-0
-0
-0
-0
-0
-0
-0
-0
-0
-0
-0
-0
-0
-0
-0
-0
-0
-0
-0
-0
-0
-0
-0
-0
-0
-0
-0
-0
-0
-0
-0
-0
-0
-0
-0
-0
-0
-0
0
0
0
0
0
0
0
0
0
0
0
0
0
0
0
0
0
0
0
0
0
0
0
0
0
0
0
0
0
0
0
0
0
0
0
0
0
0
0
0
0
0
0
0
0
0
0
0
0
0
0
-0
-0
-0
-0
-0
-0
-0
-0
-0
-0
-0
-0
-0
-0
-0
-0
-0
-0
-0
-0
-0
-0
-0
-0
-0
-0
-0
-0
-0
-0
-0
-0
-0
-0
-0
-0
-0
-0
-0
-0
-0
-0
-0
-0
-0
-0
-0
-0
-0
-0
0
0
0
0
0
0
0
0
0
0
0
0
0
0
0
0
0
0
0
0
0
0
0
0
0
0
0
0
0
0
0
0
0
0
0
0
0
0
0
0
0
0
0
0
0
0
0
0
0
-0
-0
-0
-0
-0
-0
-0
-0
-0
-0
-0
-0
-0
-0
-0
-0
-0
-0
-0
-0
-0
-0
-0
-0
-0
-0
-0
-0
-0
-0
-0
-0
-0
-0
-0
-0
-0
-0
-0
-0
-0
-0
-0
-0
-0
-0
-0
-0
-0
-0
0
0
0
0
0
0
0
0
0
0
0
0
0
0
0
0
0
0
0
0
0
0
0
0
0
0
0
0
0
0
0
0
0
0
0
0
0
0
0
0
0
0
0
0
0
0
0
0
0
0
-0
-0
-0
-0
-0
-0
-0
-0
-0
-0
-0
-0
-0
-0
-0
-0
-0
-0
-0
-0
-0
-0
-0
-0
-0
-0
-0
-0
-0
-0
-0
-0
-0
-0
-0
-0
-0
-0
-0
-0
-0
-0
-0
-0
-0
-0
-0
-0
-0
-0
-0
0
0
0
0
0
0
0
0
0
0
0
0
0
0
0
0
0
0
0
0
0
0
0
0
0
0
0
0
0
0
0
0
0
0
0
0
0
0
0
0
0
0
0
0
0
0
0
0
0
0
-0
-0
-0
-0
-0
-0
-0
-0
-0
-0
-0
-0
-0
-0
-0
-0
-0
-0
-0
-0
-0
-0
-0
-0
-0
-0
-0
-0
-0
-0
-0
-0
-0
-0
-0
-0
-0
-0
-0
-0
-0
-0
-0
-0
-0
-0
-0
-0
-0
0
0
0
0
0
0
0
0
0
0
0
0
0
0
0
0
0
0
0
0
0
0
0
0
0
0
0
0
0
0
0
0
0
0
0
0
0
0
0
0
0
0
0
0
0
0
0
0
0
0
-0
-0
-0
-0
-0
-0
-0
-0
-0
-0
-0
-0
-0
-0
-0
-0
-0
-0
-0
-0
-0
-0
-0
-0
-0
-0
-0
-0
-0
-0
-0
-0
-0
-0
-0
-0
-0
-0
-0
-0
-0
-0
-0
-0
-0
-0
-0
-0
-0
-0
0
0
0
0
0
0
0
0
0
0
0
0
0
0
0
0
0
0
0
0
0
0
0
0
0
0
0
0
0
0
0
0
0
0
0
0
0
0
0
0
0
0
0
0
0
0
0
0
0
0
-0
-0
-0
-0
-0
-0
-0
-0
-0
-0
-0
-0
-0
-0
-0
-0
-0
-0
-0
-0
-0
-0
-0
-0
-0
-0
-0
-0
-0
-0
-0
-0
-0
-0
-0
-0
-0
-0
-0
-0
-0
-0
-0
-0
-0
-0
-0
-0
-0
-0
-0
0
0
0
0
0
0
0
0
0
0
0
0
0
0
0
0
0
0
0
0
0
0
0
0
0
0
0
0
0
0
0
0
0
0
0
0
0
0
0
0
0
0
0
0
0
0
0
0
0
0
-0
-0
-0
-0
-0
-0
-0
-0
-0
-0
-0
-0
-0
-0
-0
-0
-0
-0
-0
-0
-0
-0
-0
-0
-0
-0
-0
-0
-0
-0
-0
-0
-0
-0
-0
-0
-0
-0
-0
-0
-0
-0
-0
-0
-0
-0
-0
-0
-0
-0
0
0
0
0
0
0
0
0
0
0
0
0
0
0
0
0
0
0
0
0
0
0
0
0
0
0
0
0
0
0
0
0
0
0
0
0
0
0
0
0
0
0
0
0
0
0
0
0
0
-0
-0
-0
-0
-0
-0
-0
-0
-0
-0
-0
-0
-0
-0
-0
-0
-0
-0
-0
-0
-0
-0
-0
-0
-0
-0
-0
-0
-0
-0
-0
-0
-0
-0
-0
-0
-0
-0
-0
-0
-0
-0
-0
-0
-0
-0
-0
-0
-0
-0
0
0
0
0
0
0
0
0
0
0
0
0
0
0
0
0
0
0
0
0
0
0
0
0
0
0
0
0
0
0
0
0
0
0
0
0
0
0
0
0
0
0
0
0
0
0
0
0
0
0
0
-0
-0
-0
-0
-0
-0
-0
-0
-0
-0
-0
-0
-0
-0
-0
-0
-0
-0
-0
-0
-0
-0
-0
-0
-0
-0
-0
-0
-0
-0
-0
-0
-0
-0
-0
-0
-0
-0
-0
-0
-0
-0
-0
-0
-0
-0
-0
-0
-0
-0
0
0
0
0
0
0
0
0
0
0
0
0
0
0
0
0
0
0
0
0
0
0
0
0
0
0
0
0
0
0
0
0
0
0
0
0
0
0
0
0
0
0
0
0
0
0
0
0
0
0
-0
-0
-0
-0
-0
-0
-0
-0
-0
-0
-0
-0
-0
-0
-0
-0
-0
-0
-0
-0
-0
-0
-0
-0
-0
-0
-0
-0
-0
-0
-0
-0
-0
-0
-0
-0
-0
-0
-0
-0
-0
-0
-0
-0
-0
-0
-0
-0
-0
0
0
0
0
0
0
0
0
0
0
0
0
0
0
0
0
0
0
0
0
0
0
0
0
0
0
0
0
0
0
0
0
0
0
0
0
0
0
0
0
0
0
0
0
0
0
0
0
0
0
-0
-0
-0
-0
-0
-0
-0
-0
-0
-0
-0
-0
-0
-0
-0
-0
-0
-0
-0
-0
-0
-0
-0
-0
-0
-0
-0
-0
-0
-0
-0
-0
-0
-0
-0
-0
-0
-0
-0
-0
-0
-0
-0
-0
-0
-0
-0
-0
-0
-0
-0
0
0
0
0
0
0
0
0
0
0
0
0
0
0
0
0
0
0
0
0
0
0
0
0
0
0
0
0
0
0
0
0
0
0
0
0
0
0
0
0
0
0
0
0
0
0
0
0
0
0
-0
-0
-0
-0
-0
-0
-0
-0
-0
-0
-0
-0
-0
-0
-0
-0
-0
-0
-0
-0
-0
-0
-0
-0
-0
-0
-0
-0
-0
-0
-0
-0
-0
-0
-0
-0
-0
-0
-0
-0
-0
-0
-0
-0
-0
-0
-0
-0
-0
-0
0
0
0
0
0
0
0
0
0
0
0
0
0
0
0
0
0
0
0
0
0
0
0
0
0
0
0
0
0
0
0
0
0
0
0
0
0
0
0
0
0
0
0
0
0
0
0
0
0
-0
-0
-0
-0
-0
-0
-0
-0
-0
-0
-0
-0
-0
-0
-0
-0
-0
-0
-0
-0
-0
-0
-0
-0
-0
-0
-0
-0
-0
-0
-0
-0
-0
-0
-0
-0
-0
-0
-0
-0
-0
-0
-0
-0
-0
-0
-0
-0
-0
-0
0
0
0
0
0
0
0
0
0
0
0
0
0
0
0
0
0
0
0
0
0
0
0
0
0
0
0
0
0
0
0
0
0
0
0
0
0
0
0
0
0
0
0
0
0
0
0
0
0
0
-0
-2.3546e-09
-9.4e-09
-2.108e-08
-3.7303e-08
-5.7941e-08
-8.2828e-08
-1.1177e-07
-1.4453e-07
-1.8084e-07
-2.2042e-07
-2.6294e-07
-3.0805e-07
-3.5537e-07
-4.0452e-07
-4.5507e-07
-5.066e-07
-5.5865e-07
-6.1076e-07
-6.6247e-07
-7.1329e-07
-7.6276e-07
-8.1039e-07
-8.557e-07
-8.9822e-07
-9.375e-07
-9.7308e-07
-1.0045e-06
-1.0314e-06
-1.0533e-06
-1.0699e-06
-1.0809e-06
-1.0858e-06
-1.0844e-06
-1.0765e-06
-1.0618e-06
-1.0402e-06
-1.0114e-06
-9.7548e-07
-9.3223e-07
-8.8168e-07
-8.2383e-07
-7.5876e-07
-6.8657e-07
-6.0741e-07
-5.2147e-07
-4.2899e-07
-3.3026e-07
-2.256e-07
-1.1538e-07
-2.0204e-20
1.2009e-07
2.444e-07
3.7242e-07
5.036e-07
6.3735e-07
7.7306e-07
9.101e-07
1.0478e-06
1.1855e-06
1.3225e-06
1.4581e-06
1.5916e-06
1.7222e-06
1.8492e-06
1.972e-06
2.0897e-06
2.2017e-06
2.3073e-06
2.4058e-06
2.4965e-06
2.5789e-06
2.6522e-06
2.7159e-06
2.7695e-06
2.8125e-06
2.8444e-06
2.8647e-06
2.8732e-06
2.8694e-06
2.8532e-06
2.8242e-06
2.7823e-06
2.7275e-06
2.6596e-06
2.5787e-06
2.4849e-06
2.3783e-06
2.259e-06
2.1274e-06
1.9838e-06
1.8285e-06
1.6621e-06
1.4849e-06
1.2976e-06
1.1009e-06
8.9528e-07
6.816e-07
4.606e-07
2.3311e-07
-1.3233e-19
-2.3782e-07
-4.794e-07
-7.2376e-07
-9.6989e-07
-1.2168e-06
-1.4633e-06
-1.7084e-06
-1.9511e-06
-2.1902e-06
-2.4246e-06
-2.6533e-06
-2.8751e-06
-3.089e-06
-3.2939e-06
-3.4889e-06
-3.6728e-06
-3.8448e-06
-4.0039e-06
-4.1491e-06
-4.2798e-06
-4.3949e-06
-4.494e-06
-4.5761e-06
-4.6408e-06
-4.6875e-06
-4.7157e-06
-4.7249e-06
-4.715e-06
-4.6855e-06
-4.6364e-06
-4.5675e-06
-4.4789e-06
-4.3706e-06
-4.2427e-06
-4.0956e-06
-3.9296e-06
-3.7451e-06
-3.5425e-06
-3.3226e-06
-3.0859e-06
-2.8332e-06
-2.5653e-06
-2.2832e-06
-1.9879e-06
-1.6803e-06
-1.3616e-06
-1.0329e-06
-6.956e-07
-3.5084e-07
1.3785e-19
3.5555e-07
7.144e-07
1.0751e-06
1.4362e-06
1.7962e-06
2.1535e-06
2.5068e-06
2.8544e-06
3.1949e-06
3.5267e-06
3.8484e-06
4.1586e-06
4.4558e-06
4.7387e-06
5.0058e-06
5.2559e-06
5.4879e-06
5.7004e-06
5.8925e-06
6.063e-06
6.211e-06
6.3358e-06
6.4363e-06
6.5121e-06
6.5625e-06
6.587e-06
6.5852e-06
6.5568e-06
6.5016e-06
6.4196e-06
6.3109e-06
6.1754e-06
6.0137e-06
5.8259e-06
5.6126e-06
5.3743e-06
5.1119e-06
4.8261e-06
4.5177e-06
4.188e-06
3.8379e-06
3.4686e-06
3.0816e-06
2.6781e-06
2.2597e-06
1.8279e-06
1.3843e-06
9.306e-07
4.6857e-07
3.2338e-19
-4.7328e-07
-9.494e-07
-1.4264e-06
-1.9025e-06
-2.3756e-06
-2.8438e-06
-3.3051e-06
-3.7577e-06
-4.1995e-06
-4.6288e-06
-5.0436e-06
-5.4421e-06
-5.8226e-06
-6.1834e-06
-6.5227e-06
-6.8391e-06
-7.1309e-06
-7.397e-06
-7.6358e-06
-7.8462e-06
-8.0271e-06
-8.1775e-06
-8.2966e-06
-8.3834e-06
-8.4375e-06
-8.4583e-06
-8.4454e-06
-8.3986e-06
-8.3177e-06
-8.2029e-06
-8.0542e-06
-7.872e-06
-7.6567e-06
-7.409e-06
-7.1295e-06
-6.819e-06
-6.4787e-06
-6.1096e-06
-5.7129e-06
-5.2901e-06
-4.8425e-06
-4.3719e-06
-3.8799e-06
-3.3683e-06
-2.8391e-06
-2.2942e-06
-1.7356e-06
-1.1656e-06
-5.8631e-07
-5.0529e-19
5.9102e-07
1.1844e-06
1.7778e-06
2.3688e-06
2.955e-06
3.534e-06
4.1034e-06
4.661e-06
5.2042e-06
5.7309e-06
6.2388e-06
6.7257e-06
7.1895e-06
7.6281e-06
8.0396e-06
8.4222e-06
8.774e-06
9.0935e-06
9.3791e-06
9.6294e-06
9.8432e-06
1.0019e-05
1.0157e-05
1.0255e-05
1.0312e-05
1.033e-05
1.0306e-05
1.024e-05
1.0134e-05
9.9861e-06
9.7975e-06
9.5685e-06
9.2998e-06
8.9921e-06
8.6464e-06
8.2638e-06
7.8455e-06
7.3931e-06
6.9081e-06
6.3922e-06
5.8472e-06
5.2752e-06
4.6782e-06
4.0586e-06
3.4185e-06
2.7605e-06
2.087e-06
1.4006e-06
7.0404e-07
7.2764e-19
-7.0875e-07
-1.4194e-06
-2.1291e-06
-2.8351e-06
-3.5344e-06
-4.2242e-06
-4.9018e-06
-5.5643e-06
-6.2089e-06
-6.833e-06
-7.434e-06
-8.0092e-06
-8.5563e-06
-9.0728e-06
-9.5565e-06
-1.0005e-05
-1.0417e-05
-1.079e-05
-1.1122e-05
-1.1413e-05
-1.1659e-05
-1.1861e-05
-1.2017e-05
-1.2126e-05
-1.2187e-05
-1.2201e-05
-1.2166e-05
-1.2082e-05
-1.195e-05
-1.1769e-05
-1.1541e-05
-1.1265e-05
-1.0943e-05
-1.0575e-05
-1.0163e-05
-9.7085e-06
-9.2123e-06
-8.6766e-06
-8.1033e-06
-7.4943e-06
-6.8519e-06
-6.1785e-06
-5.4766e-06
-4.7488e-06
-3.9979e-06
-3.2268e-06
-2.4383e-06
-1.6356e-06
-8.2177e-07
-2.4433e-19
8.2648e-07
1.6544e-06
2.4805e-06
3.3014e-06
4.1138e-06
4.9145e-06
5.7001e-06
6.4675e-06
7.2136e-06
7.9351e-06
8.6291e-06
9.2927e-06
9.9231e-06
1.0518e-05
1.1073e-05
1.1588e-05
1.206e-05
1.2487e-05
1.2866e-05
1.3196e-05
1.3475e-05
1.3703e-05
1.3877e-05
1.3997e-05
1.4062e-05
1.4072e-05
1.4026e-05
1.3924e-05
1.3766e-05
1.3553e-05
1.3284e-05
1.2962e-05
1.2586e-05
1.2158e-05
1.168e-05
1.1153e-05
1.0579e-05
9.9602e-06
9.2984e-06
8.5964e-06
7.8566e-06
7.0818e-06
6.2749e-06
5.439e-06
4.5773e-06
3.693e-06
2.7896e-06
1.8706e-06
9.395e-07
1.2936e-18
-9.4421e-07
-1.8894e-06
-2.8318e-06
-3.7677e-06
-4.6932e-06
-5.6047e-06
-6.4985e-06
-7.3708e-06
-8.2182e-06
-9.0372e-06
-9.8243e-06
-1.0576e-05
-1.129e-05
-1.1962e-05
-1.259e-05
-1.3172e-05
-1.3703e-05
-1.4183e-05
-1.4609e-05
-1.4979e-05
-1.5292e-05
-1.5545e-05
-1.5737e-05
-1.5869e-05
-1.5937e-05
-1.5943e-05
-1.5886e-05
-1.5766e-05
-1.5582e-05
-1.5336e-05
-1.5028e-05
-1.4658e-05
-1.4229e-05
-1.3741e-05
-1.3197e-05
-1.2598e-05
-1.1946e-05
-1.1244e-05
-1.0494e-05
-9.6985e-06
-8.8612e-06
-7.9851e-06
-7.0733e-06
-6.1293e-06
-5.1567e-06
-4.1593e-06
-3.141e-06
-2.1056e-06
-1.0572e-06
-6.7799e-19
1.0619e-06
2.1244e-06
3.1831e-06
4.2339e-06
5.2726e-06
6.2949e-06
7.2968e-06
8.2741e-06
9.2229e-06
1.0139e-05
1.1019e-05
1.186e-05
1.2657e-05
1.3407e-05
1.4107e-05
1.4755e-05
1.5346e-05
1.588e-05
1.6352e-05
1.6762e-05
1.7108e-05
1.7386e-05
1.7598e-05
1.774e-05
1.7812e-05
1.7815e-05
1.7746e-05
1.7607e-05
1.7398e-05
1.7119e-05
1.6771e-05
1.6355e-05
1.5872e-05
1.5325e-05
1.4714e-05
1.4043e-05
1.3313e-05
1.2527e-05
1.1689e-05
1.0801e-05
9.8659e-06
8.8884e-06
7.8716e-06
6.8195e-06
5.7361e-06
4.6256e-06
3.4923e-06
2.3406e-06
1.175e-06
9.5355e-19
-1.1726e-06
-2.3359e-06
-3.4853e-06
-4.6163e-06
-5.7245e-06
-6.8057e-06
-7.8556e-06
-8.8703e-06
-9.8458e-06
-1.0779e-05
-1.1665e-05
-1.2502e-05
-1.3285e-05
-1.4014e-05
-1.4684e-05
-1.5293e-05
-1.5839e-05
-1.6321e-05
-1.6736e-05
-1.7083e-05
-1.7362e-05
-1.7571e-05
-1.7709e-05
-1.7777e-05
-1.7775e-05
-1.7702e-05
-1.756e-05
-1.735e-05
-1.7071e-05
-1.6727e-05
-1.6318e-05
-1.5846e-05
-1.5313e-05
-1.4723e-05
-1.4077e-05
-1.3378e-05
-1.2629e-05
-1.1834e-05
-1.0996e-05
-1.0117e-05
-9.2028e-06
-8.2561e-06
-7.2808e-06
-6.2811e-06
-5.261e-06
-4.2246e-06
-3.1761e-06
-2.1197e-06
-1.0596e-06
-1.0395e-18
1.0549e-06
2.1009e-06
3.134e-06
4.15e-06
5.1451e-06
6.1155e-06
7.0573e-06
7.967e-06
8.8411e-06
9.6764e-06
1.047e-05
1.1218e-05
1.1919e-05
1.2569e-05
1.3167e-05
1.371e-05
1.4196e-05
1.4624e-05
1.4993e-05
1.53e-05
1.5546e-05
1.5729e-05
1.5849e-05
1.5906e-05
1.59e-05
1.5831e-05
1.57e-05
1.5508e-05
1.5255e-05
1.4943e-05
1.4574e-05
1.4149e-05
1.367e-05
1.314e-05
1.256e-05
1.1933e-05
1.1263e-05
1.0551e-05
9.8004e-06
9.0152e-06
8.1981e-06
7.3528e-06
6.4825e-06
5.5909e-06
4.6816e-06
3.7583e-06
2.8248e-06
1.8847e-06
9.4186e-07
2.3454e-19
-9.3715e-07
-1.8659e-06
-2.7826e-06
-3.6837e-06
-4.5657e-06
-5.4252e-06
-6.259e-06
-7.0637e-06
-7.8365e-06
-8.5743e-06
-9.2745e-06
-9.9345e-06
-1.0552e-05
-1.1124e-05
-1.165e-05
-1.2127e-05
-1.2553e-05
-1.2928e-05
-1.3249e-05
-1.3517e-05
-1.373e-05
-1.3887e-05
-1.3989e-05
-1.4035e-05
-1.4025e-05
-1.396e-05
-1.384e-05
-1.3666e-05
-1.3439e-05
-1.316e-05
-1.2831e-05
-1.2453e-05
-1.2027e-05
-1.1557e-05
-1.1043e-05
-1.0489e-05
-9.8957e-06
-9.2671e-06
-8.6052e-06
-7.9131e-06
-7.1935e-06
-6.4495e-06
-5.6842e-06
-4.9007e-06
-4.1022e-06
-3.292e-06
-2.4734e-06
-1.6497e-06
-8.2413e-07
-1.0902e-18
8.1942e-07
1.6309e-06
2.4313e-06
3.2174e-06
3.9863e-06
4.735e-06
5.4606e-06
6.1604e-06
6.8318e-06
7.4722e-06
8.0793e-06
8.651e-06
9.185e-06
9.6796e-06
1.0133e-05
1.0544e-05
1.091e-05
1.1231e-05
1.1506e-05
1.1734e-05
1.1914e-05
1.2045e-05
1.2129e-05
1.2163e-05
1.215e-05
1.2089e-05
1.198e-05
1.1824e-05
1.1623e-05
1.1377e-05
1.1088e-05
1.0756e-05
1.0384e-05
9.9736e-06
9.5262e-06
9.0439e-06
8.5289e-06
7.9835e-06
7.4101e-06
6.811e-06
6.1888e-06
5.5462e-06
4.8858e-06
4.2104e-06
3.5228e-06
2.8257e-06
2.1221e-06
1.4147e-06
7.0639e-07
4.1752e-19
-7.0168e-07
-1.3959e-06
-2.0799e-06
-2.7511e-06
-3.4069e-06
-4.0448e-06
-4.6623e-06
-5.2571e-06
-5.8271e-06
-6.3701e-06
-6.8842e-06
-7.3674e-06
-7.8182e-06
-8.2349e-06
-8.616e-06
-8.9604e-06
-9.2669e-06
-9.5346e-06
-9.7627e-06
-9.9504e-06
-1.0097e-05
-1.0204e-05
-1.0268e-05
-1.0292e-05
-1.0275e-05
-1.0217e-05
-1.012e-05
-9.9825e-06
-9.8069e-06
-9.5938e-06
-9.3443e-06
-9.0596e-06
-8.7412e-06
-8.3905e-06
-8.0093e-06
-7.5992e-06
-7.1621e-06
-6.7e-06
-6.2149e-06
-5.7089e-06
-5.1841e-06
-4.6429e-06
-4.0875e-06
-3.5202e-06
-2.9434e-06
-2.3594e-06
-1.7708e-06
-1.1797e-06
-5.8866e-07
-4.4836e-19
5.8395e-07
1.1609e-06
1.7286e-06
2.2848e-06
2.8275e-06
3.3545e-06
3.8639e-06
4.3538e-06
4.8224e-06
5.268e-06
5.689e-06
6.0839e-06
6.4514e-06
6.7901e-06
7.0991e-06
7.3773e-06
7.6239e-06
7.8381e-06
8.0193e-06
8.1672e-06
8.2814e-06
8.3617e-06
8.4082e-06
8.4209e-06
8.4e-06
8.346e-06
8.2594e-06
8.1407e-06
7.9908e-06
7.8106e-06
7.6009e-06
7.363e-06
7.0981e-06
6.8074e-06
6.4924e-06
6.1545e-06
5.7953e-06
5.4165e-06
5.0197e-06
4.6068e-06
4.1794e-06
3.7396e-06
3.2891e-06
2.83e-06
2.364e-06
1.8932e-06
1.4194e-06
9.447e-07
4.7093e-07
4.3878e-19
-4.6622e-07
-9.259e-07
-1.3773e-06
-1.8185e-06
-2.2481e-06
-2.6643e-06
-3.0656e-06
-3.4506e-06
-3.8178e-06
-4.1659e-06
-4.4938e-06
-4.8004e-06
-5.0846e-06
-5.3454e-06
-5.5822e-06
-5.7942e-06
-5.9808e-06
-6.1415e-06
-6.276e-06
-6.384e-06
-6.4653e-06
-6.5199e-06
-6.548e-06
-6.5496e-06
-6.525e-06
-6.4747e-06
-6.3991e-06
-6.2989e-06
-6.1747e-06
-6.0273e-06
-5.8576e-06
-5.6665e-06
-5.455e-06
-5.2243e-06
-4.9755e-06
-4.7098e-06
-4.4285e-06
-4.133e-06
-3.8245e-06
-3.5047e-06
-3.1748e-06
-2.8363e-06
-2.4908e-06
-2.1397e-06
-1.7846e-06
-1.4269e-06
-1.0681e-06
-7.097e-07
-3.532e-07
-7.1157e-20
3.4849e-07
6.909e-07
1.0259e-06
1.3523e-06
1.6687e-06
1.9741e-06
2.2673e-06
2.5473e-06
2.8131e-06
3.0638e-06
3.2987e-06
3.5169e-06
3.7177e-06
3.9007e-06
4.0653e-06
4.2111e-06
4.3377e-06
4.445e-06
4.5327e-06
4.6007e-06
4.6492e-06
4.6781e-06
4.6877e-06
4.6783e-06
4.65e-06
4.6034e-06
4.5389e-06
4.4571e-06
4.3586e-06
4.2441e-06
4.1143e-06
3.9699e-06
3.8119e-06
3.6412e-06
3.4585e-06
3.265e-06
3.0617e-06
2.8494e-06
2.6294e-06
2.4026e-06
2.1701e-06
1.933e-06
1.6925e-06
1.4495e-06
1.2052e-06
9.6056e-07
7.1673e-07
4.747e-07
2.3546e-07
2.9833e-19
-2.3076e-07
-4.559e-07
-6.7457e-07
-8.8596e-07
-1.0893e-06
-1.2838e-06
-1.4689e-06
-1.644e-06
-1.8084e-06
-1.9617e-06
-2.1035e-06
-2.2333e-06
-2.3509e-06
-2.456e-06
-2.5484e-06
-2.628e-06
-2.6946e-06
-2.7484e-06
-2.7893e-06
-2.8175e-06
-2.8331e-06
-2.8364e-06
-2.8275e-06
-2.807e-06
-2.775e-06
-2.7321e-06
-2.6787e-06
-2.6153e-06
-2.5425e-06
-2.4609e-06
-2.3709e-06
-2.2734e-06
-2.1689e-06
-2.058e-06
-1.9416e-06
-1.8203e-06
-1.6949e-06
-1.5659e-06
-1.4342e-06
-1.3005e-06
-1.1654e-06
-1.0297e-06
-8.9414e-07
-7.5926e-07
-6.2576e-07
-4.9427e-07
-3.6539e-07
-2.397e-07
-1.1773e-07
-6.3019e-20
1.1302e-07
2.209e-07
3.2323e-07
4.1966e-07
5.0988e-07
5.936e-07
6.706e-07
7.407e-07
8.0374e-07
8.5964e-07
9.0833e-07
9.4981e-07
9.8411e-07
1.0113e-06
1.0315e-06
1.0449e-06
1.0516e-06
1.0519e-06
1.046e-06
1.0343e-06
1.017e-06
9.9457e-07
9.6731e-07
9.3565e-07
9e-07
8.608e-07
8.1849e-07
7.7355e-07
7.2644e-07
6.7763e-07
6.276e-07
5.7683e-07
5.2578e-07
4.7493e-07
4.2473e-07
3.7563e-07
3.2804e-07
2.8238e-07
2.3903e-07
1.9838e-07
1.6075e-07
1.2646e-07
9.58e-08
6.9023e-08
4.6353e-08
2.7978e-08
1.4054e-08
4.7e-09
0
0
-0
-0
-0
-0
-0
-0
-0
-0
-0
-0
-0
-0
-0
-0
-0
-0
-0
-0
-0
-0
-0
-0
-0
-0
-0
-0
-0
-0
-0
-0
-0
-0
-0
-0
-0
-0
-0
-0
-0
-0
-0
-0
-0
-0
-0
-0
-0
-0
-0
-0
0
0
0
0
0
0
0
0
0
0
0
0
0
0
0
0
0
0
0
0
0
0
0
0
0
0
0
0
0
0
0
0
0
0
0
0
0
0
0
0
0
0
0
0
0
0
0
0
0
0
-0
-0
-0
-0
-0
-0
-0
-0
-0
-0
-0
-0
-0
-0
-0
-0
-0
-0
-0
-0
-0
-0
-0
-0
-0
-0
-0
-0
-0
-0
-0
-0
-0
-0
-0
-0
-0
-0
-0
-0
-0
-0
-0
-0
-0
-0
-0
-0
-0
-0
0
0
0
0
0
0
0
0
0
0
0
0
0
0
0
0
0
0
0
0
0
0
0
0
0
0
0
0
0
0
0
0
0
0
0
0
0
0
0
0
0
0
0
0
0
0
0
0
0
0
-0
-0
-0
-0
-0
-0
-0
-0
-0
-0
-0
-0
-0
-0
-0
-0
-0
-0
-0
-0
-0
-0
-0
-0
-0
-0
-0
-0
-0
-0
-0
-0
-0
-0
-0
-0
-0
-0
-0
-0
-0
-0
-0
-0
-0
-0
-0
-0
-0
-0
0
0
0
0
0
0
0
0
0
0
0
0
0
0
0
0
0
0
0
0
0
0
0
0
0
0
0
0
0
0
0
0
0
0
0
0
0
0
0
0
0
0
0
0
0
0
0
0
0
0
-0
-0
-0
-0
-0
-0
-0
-0
-0
-0
-0
-0
-0
-0
-0
-0
-0
-0
-0
-0
-0
-0
-0
-0
-0
-0
-0
-0
-0
-0
-0
-0
-0
-0
-0
-0
-0
-0
-0
-0
-0
-0
-0
-0
-0
-0
-0
-0
-0
-0
0
0
0
0
0
0
0
0
0
0
0
0
0
0
0
0
0
0
0
0
0
0
0
0
0
0
0
0
0
0
0
0
0
0
0
0
0
0
0
0
0
0
0
0
0
0
0
0
0
0
-0
-0
-0
-0
-0
-0
-0
-0
-0
-0
-0
-0
-0
-0
-0
-0
-0
-0
-0
-0
-0
-0
-0
-0
-0
-0
-0
-0
-0
-0
-0
-0
-0
-0
-0
-0
-0
-0
-0
-0
-0
-0
-0
-0
-0
-0
-0
-0
-0
-0
0
0
0
0
0
0
0
0
0
0
0
0
0
0
0
0
0
0
0
0
0
0
0
0
0
0
0
0
0
0
0
0
0
0
0
0
0
0
0
0
0
0
0
0
0
0
0
0
0
0
-0
-0
-0
-0
-0
-0
-0
-0
-0
-0
-0
-0
-0
-0
-0
-0
-0
-0
-0
-0
-0
-0
-0
-0
-0
-0
-0
-0
-0
-0
-0
-0
-0
-0
-0
-0
-0
-0
-0
-0
-0
-0
-0
-0
-0
-0
-0
-0
-0
-0
0
0
0
0
0
0
0
0
0
0
0
0
0
0
0
0
0
0
0
0
0
0
0
0
0
0
0
0
0
0
0
0
0
0
0
0
0
0
0
0
0
0
0
0
0
0
0
0
0
0
-0
-0
-0
-0
-0
-0
-0
-0
-0
-0
-0
-0
-0
-0
-0
-0
-0
-0
-0
-0
-0
-0
-0
-0
-0
-0
-0
-0
-0
-0
-0
-0
-0
-0
-0
-0
-0
-0
-0
-0
-0
-0
-0
-0
-0
-0
-0
-0
-0
-0
0
0
0
0
0
0
0
0
0
0
0
0
0
0
0
0
0
0
0
0
0
0
0
0
0
0
0
0
0
0
0
0
0
0
0
0
0
0
0
0
0
0
0
0
0
0
0
0
0
0
-0
-0
-0
-0
-0
-0
-0
-0
-0
-0
-0
-0
-0
-0
-0
-0
-0
-0
-0
-0
-0
-0
-0
-0
-0
-0
-0
-0
-0
-0
-0
-0
-0
-0
-0
-0
-0
-0
-0
-0
-0
-0
-0
-0
-0
-0
-0
-0
-0
-0
0
0
0
0
0
0
0
0
0
0
0
0
0
0
0
0
0
0
0
0
0
0
0
0
0
0
0
0
0
0
0
0
0
0
0
0
0
0
0
0
0
0
0
0
0
0
0
0
0
0
-0
-0
-0
-0
-0
-0
-0
-0
-0
-0
-0
-0
-0
-0
-0
-0
-0
-0
-0
-0
-0
-0
-0
-0
-0
-0
-0
-0
-0
-0
-0
-0
-0
-0
-0
-0
-0
-0
-0
-0
-0
-0
-0
-0
-0
-0
-0
-0
-0
-0
0
0
0
0
0
0
0
0
0
0
0
0
0
0
0
0
0
0
0
0
0
0
0
0
0
0
0
0
0
0
0
0
0
0
0
0
0
0
0
0
0
0
0
0
0
0
0
0
0
0
-0
-0
-0
-0
-0
-0
-0
-0
-0
-0
-0
-0
-0
-0
-0
-0
-0
-0
-0
-0
-0
-0
-0
-0
-0
-0
-0
-0
-0
-0
-0
-0
-0
-0
-0
-0
-0
-0
-0
-0
-0
-0
-0
-0
-0
-0
-0
-0
-0
-0
0
0
0
0
0
0
0
0
0
0
0
0
0
0
0
0
0
0
0
0
0
0
0
0
0
0
0
0
0
0
0
0
0
0
0
0
0
0
0
0
0
0
0
0
0
0
0
0
0
0
-0
-0
-0
-0
-0
-0
-0
-0
-0
-0
-0
-0
-0
-0
-0
-0
-0
-0
-0
-0
-0
-0
-0
-0
-0
-0
-0
-0
-0
-0
-0
-0
-0
-0
-0
-0
-0
-0
-0
-0
-0
-0
-0
-0
-0
-0
-0
-0
-0
-0
0
0
0
0
0
0
0
0
0
0
0
0
0
0
0
0
0
0
0
0
0
0
0
0
0
0
0
0
0
0
0
0
0
0
0
0
0
0
0
0
0
0
0
0
0
0
0
0
0
-0
-0
-0
-0
-0
-0
-0
-0
-0
-0
-0
-0
-0
-0
-0
-0
-0
-0
-0
-0
-0
-0
-0
-0
-0
-0
-0
-0
-0
-0
-0
-0
-0
-0
-0
-0
-0
-0
-0
-0
-0
-0
-0
-0
-0
-0
-0
-0
-0
-0
-0
0
0
0
0
0
0
0
0
0
0
0
0
0
0
0
0
0
0
0
0
0
0
0
0
0
0
0
0
0
0
0
0
0
0
0
0
0
0
0
0
0
0
0
0
0
0
0
0
0
0
-0
-0
-0
-0
-0
-0
-0
-0
-0
-0
-0
-0
-0
-0
-0
-0
-0
-0
-0
-0
-0
-0
-0
-0
-0
-0
-0
-0
-0
-0
-0
-0
-0
-0
-0
-0
-0
-0
-0
-0
-0
-0
-0
-0
-0
-0
-0
-0
-0
0
0
0
0
0
0
0
0
0
0
0
0
0
0
0
0
0
0
0
0
0
0
0
0
0
0
0
0
0
0
0
0
0
0
0
0
0
0
0
0
0
0
0
0
0
0
0
0
0
0
0
-0
-0
-0
-0
-0
-0
-0
-0
-0
-0
-0
-0
-0
-0
-0
-0
-0
-0
-0
-0
-0
-0
-0
-0
-0
-0
-0
-0
-0
-0
-0
-0
-0
-0
-0
-0
-0
-0
-0
-0
-0
-0
-0
-0
-0
-0
-0
-0
-0
-0
0
0
0
0
0
0
0
0
0
0
0
0
0
0
0
0
0
0
0
0
0
0
0
0
0
0
0
0
0
0
0
0
0
0
0
0
0
0
0
0
0
0
0
0
0
0
0
0
0
0
-0
-0
-0
-0
-0
-0
-0
-0
-0
-0
-0
-0
-0
-0
-0
-0
-0
-0
-0
-0
-0
-0
-0
-0
-0
-0
-0
-0
-0
-0
-0
-0
-0
-0
-0
-0
-0
-0
-0
-0
-0
-0
-0
-0
-0
-0
-0
-0
-0
-0
0
0
0
0
0
0
0
0
0
0
0
0
0
0
0
0
0
0
0
0
0
0
0
0
0
0
0
0
0
0
0
0
0
0
0
0
0
0
0
0
0
0
0
0
0
0
0
0
0
-0
-0
-0
-0
-0
-0
-0
-0
-0
-0
-0
-0
-0
-0
-0
-0
-0
-0
-0
-0
-0
-0
-0
-0
-0
-0
-0
-0
-0
-0
-0
-0
-0
-0
-0
-0
-0
-0
-0
-0
-0
-0
-0
-0
-0
-0
-0
-0
-0
-0
-0
0
0
0
0
0
0
0
0
0
0
0
0
0
0
0
0
0
0
0
0
0
0
0
0
0
0
0
0
0
0
0
0
0
0
0
0
0
0
0
0
0
0
0
0
0
0
0
0
0
-0
-0
-0
-0
-0
-0
-0
-0
-0
-0
-0
-0
-0
-0
-0
-0
-0
-0
-0
-0
-0
-0
-0
-0
-0
-0
-0
-0
-0
-0
-0
-0
-0
-0
-0
-0
-0
-0
-0
-0
-0
-0
-0
-0
-0
-0
-0
-0
-0
-0
-0
0
0
0
0
0
0
0
0
0
0
0
0
0
0
0
0
0
0
0
0
0
0
0
0
0
0
0
0
0
0
0
0
0
0
0
0
0
0
0
0
0
0
0
0
0
0
0
0
0
0
-0
-0
-0
-0
-0
-0
-0
-0
-0
-0
-0
-0
-0
-0
-0
-0
-0
-0
-0
-0
-0
-0
-0
-0
-0
-0
-0
-0
-0
-0
-0
-0
-0
-0
-0
-0
-0
-0
-0
-0
-0
-0
-0
-0
-0
-0
-0
-0
-0
-0
0
0
0
0
0
0
0
0
0
0
0
0
0
0
0
0
0
0
0
0
0
0
0
0
0
0
0
0
0
0
0
0
0
0
0
0
0
0
0
0
0
0
0
0
0
0
0
0
0
0
-0
-0
-0
-0
-0
-0
-0
-0
-0
-0
-0
-0
-0
-0
-0
-0
-0
-0
-0
-0
-0
-0
-0
-0
-0
-0
-0
-0
-0
-0
-0
-0
-0
-0
-0
-0
-0
-0
-0
-0
-0
-0
-0
-0
-0
-0
-0
-0
-0
-0
0
0
0
0
0
0
0
0
0
0
0
0
0
0
0
0
0
0
0
0
0
0
0
0
0
0
0
0
0
0
0
0
0
0
0
0
0
0
0
0
0
0
0
0
0
0
0
0
0
0
-0
-0
-0
-0
-0
-0
-0
-0
-0
-0
-0
-0
-0
-0
-0
-0
-0
-0
-0
-0
-0
-0
-0
-0
-0
-0
-0
-0
-0
-0
-0
-0
-0
-0
-0
-0
-0
-0
-0
-0
-0
-0
-0
-0
-0
-0
-0
-0
-0
-0
0
0
0
0
0
0
0
0
0
0
0
0
0
0
0
0
0
0
0
0
0
0
0
0
0
0
0
0
0
0
0
0
0
0
0
0
0
0
0
0
0
0
0
0
0
0
0
0
0
-0
-0
-0
-0
-0
-0
-0
-0
-0
-0
-0
-0
-0
-0
-0
-0
-0
-0
-0
-0
-0
-0
-0
-0
-0
-0
-0
-0
-0
-0
-0
-0
-0
-0
-0
-0
-0
-0
-0
-0
-0
-0
-0
-0
-0
-0
-0
-0
-0
-0
-0
0
0
0
0
0
0
0
0
0
0
0
0
0
0
0
0
0
0
0
0
0
0
0
0
0
0
0
0
0
0
0
0
0
0
0
0
0
0
0
0
0
0
0
0
0
0
0
0
0
-0
-0
-0
-0
-0
-0
-0
-0
-0
-0
-0
-0
-0
-0
-0
-0
-0
-0
-0
-0
-0
-0
-0
-0
-0
-0
-0
-0
-0
-0
-0
-0
-0
-0
-0
-0
-0
-0
-0
-0
-0
-0
-0
-0
-0
-0
-0
-0
-0
-0
-0
0
0
0
0
0
0
0
0
0
0
0
0
0
0
0
0
0
0
0
0
0
0
0
0
0
0
0
0
0
0
0
0
0
0
0
0
0
0
0
0
0
0
0
0
0
0
0
0
0
0
-0
-0
-0
-0
-0
-0
-0
-0
-0
-0
-0
-0
-0
-0
-0
-0
-0
-0
-0
-0
-0
-0
-0
-0
-0
-0
-0
-0
-0
-0
-0
-0
-0
-0
-0
-0
-0
-0
-0
-0
-0
-0
-0
-0
-0
-0
-0
-0
-0
-0
0
0
0
0
0
0
0
0
0
0
0
0
0
0
0
0
0
0
0
0
0
0
0
0
0
0
0
0
0
0
0
0
0
0
0
0
0
0
0
0
0
0
0
0
0
0
0
0
0
0
-0
-0
-0
-0
-0
-0
-0
-0
-0
-0
-0
-0
-0
-0
-0
-0
-0
-0
-0
-0
-0
-0
-0
-0
-0
-0
-0
-0
-0
-0
-0
-0
-0
-0
-0
-0
-0
-0
-0
-0
-0
-0
-0
-0
-0
-0
-0
-0
-0
-0
0
0
0
0
0
0
0
0
0
0
0
0
0
0
0
0
0
0
0
0
0
0
0
0
0
0
0
0
0
0
0
0
0
0
0
0
0
0
0
0
0
0
0
0
0
0
0
0
0
0
-0
-0
-0
-0
-0
-0
-0
-0
-0
-0
-0
-0
-0
-0
-0
-0
-0
-0
-0
-0
-0
-0
-0
-0
-0
-0
-0
-0
-0
-0
-0
-0
-0
-0
-0
-0
-0
-0
-0
-0
-0
-0
-0
-0
-0
-0
-0
-0
-0
-0
0
0
0
0
0
0
0
0
0
0
0
0
0
0
0
0
0
0
0
0
0
0
0
0
0
0
0
0
0
0
0
0
0
0
0
0
0
0
0
0
0
0
0
0
0
0
0
0
0
-0
-0
-0
-0
-0
-0
-0
-0
-0
-0
-0
-0
-0
-0
-0
-0
-0
-0
-0
-0
-0
-0
-0
-0
-0
-0
-0
-0
-0
-0
-0
-0
-0
-0
-0
-0
-0
-0
-0
-0
-0
-0
-0
-0
-0
-0
-0
-0
-0
-0
-0
0
0
0
0
0
0
0
0
0
0
0
0
0
0
0
0
0
0
0
0
0
0
0
0
0
0
0
0
0
0
0
0
0
0
0
0
0
0
0
0
0
0
0
0
0
0
0
0
0
-0
-0
-0
-0
-0
-0
-0
-0
-0
-0
-0
-0
-0
-0
-0
-0
-0
-0
-0
-0
-0
-0
-0
-0
-0
-0
-0
-0
-0
-0
-0
-0
-0
-0
-0
-0
-0
-0
-0
-0
-0
-0
-0
-0
-0
-0
-0
-0
-0
-0
-0
0
0
0
0
0
0
0
0
0
0
0
0
0
0
0
0
0
0
0
0
0
0
0
0
0
0
0
0
0
0
0
0
0
0
0
0
0
0
0
0
0
0
0
0
0
0
0
0
0
0
-0
-0
-0
-0
-0
-0
-0
-0
-0
-0
-0
-0
-0
-0
-0
-0
-0
-0
-0
-0
-0
-0
-0
-0
-0
-0
-0
-0
-0
-0
-0
-0
-0
-0
-0
-0
-0
-0
-0
-0
-0
-0
-0
-0
-0
-0
-0
-0
-0
-0
0
0
0
0
0
0
0
0
0
0
0
0
0
0
0
0
0
0
0
0
0
0
0
0
0
0
0
0
0
0
0
0
0
0
0
0
0
0
0
0
0
0
0
0
0
0
0
0
0
0
-0
-0
-0
-0
-0
-0
-0
-0
-0
-0
-0
-0
-0
-0
-0
-0
-0
-0
-0
-0
-0
-0
-0
-0
-0
-0
-0
-0
-0
-0
-0
-0
-0
-0
-0
-0
-0
-0
-0
-0
-0
-0
-0
-0
-0
-0
-0
-0
-0
-0
0
0
0
0
0
0
0
0
0
0
0
0
0
0
0
0
0
0
0
0
0
0
0
0
0
0
0
0
0
0
0
0
0
0
0
0
0
0
0
0
0
0
0
0
0
0
0
0
0
0
-0
-0
-0
-0
-0
-0
-0
-0
-0
-0
-0
-0
-0
-0
-0
-0
-0
-0
-0
-0
-0
-0
-0
-0
-0
-0
-0
-0
-0
-0
-0
-0
-0
-0
-0
-0
-0
-0
-0
-0
-0
-0
-0
-0
-0
-0
-0
-0
-0
-0
0
0
0
0
0
0
0
0
0
0
0
0
0
0
0
0
0
0
0
0
0
0
0
0
0
0
0
0
0
0
0
0
0
0
0
0
0
0
0
0
0
0
0
0
0
0
0
0
0
-0
-0
-0
-0
-0
-0
-0
-0
-0
-0
-0
-0
-0
-0
-0
-0
-0
-0
-0
-0
-0
-0
-0
-0
-0
-0
-0
-0
-0
-0
-0
-0
-0
-0
-0
-0
-0
-0
-0
-0
-0
-0
-0
-0
-0
-0
-0
-0
-0
-0
-0
0
0
0
0
0
0
0
0
0
0
0
0
0
0
0
0
0
0
0
0
0
0
0
0
0
0
0
0
0
0
0
0
0
0
0
0
0
0
0
0
0
0
0
0
0
0
0
0
0
-0
-0
-0
-0
-0
-0
-0
-0
-0
-0
-0
-0
-0
-0
-0
-0
-0
-0
-0
-0
-0
-0
-0
-0
-0
-0
-0
-0
-0
-0
-0
-0
-0
-0
-0
-0
-0
-0
-0
-0
-0
-0
-0
-0
-0
-0
-0
-0
-0
-0
-0
0
0
0
0
0
0
0
0
0
0
0
0
0
0
0
0
0
0
0
0
0
0
0
0
0
0
0
0
0
0
0
0
0
0
0
0
0
0
0
0
0
0
0
0
0
0
0
0
0
-0
