0
0
0
0
0
0
0
0
0
0
0
0
0
0
0
0
0
0
0
0
0
0
0
0
0
0
0
0
0
0
0
0
0
0
0
0
0
0
0
0
0
0
0
0
0
0
0
0
0
0
0
-0
-0
-0
-0
-0
-0
-0
-0
-0
-0
-0
-0
-0
-0
-0
-0
-0
-0
-0
-0
-0
-0
-0
-0
-0
-0
-0
-0
-0
-0
-0
-0
-0
-0
-0
-0
-0
-0
-0
-0
-0
-0
-0
-0
-0
-0
-0
-0
-0
-0
0
0
0
0
0
0
0
0
0
0
0
0
0
0
0
0
0
0
0
0
0
0
0
0
0
0
0
0
0
0
0
0
0
0
0
0
0
0
0
0
0
0
0
0
0
0
0
0
0
0
-0
-0
-0
-0
-0
-0
-0
-0
-0
-0
-0
-0
-0
-0
-0
-0
-0
-0
-0
-0
-0
-0
-0
-0
-0
-0
-0
-0
-0
-0
-0
-0
-0
-0
-0
-0
-0
-0
-0
-0
-0
-0
-0
-0
-0
-0
-0
-0
-0
-0
0
0
0
0
0
0
0
0
0
0
0
0
0
0
0
0
0
0
0
0
0
0
0
0
0
0
0
0
0
0
0
0
0
0
0
0
0
0
0
0
0
0
0
0
0
0
0
0
0
0
-0
-0
-0
-0
-0
-0
-0
-0
-0
-0
-0
-0
-0
-0
-0
-0
-0
-0
-0
-0
-0
-0
-0
-0
-0
-0
-0
-0
-0
-0
-0
-0
-0
-0
-0
-0
-0
-0
-0
-0
-0
-0
-0
-0
-0
-0
-0
-0
-0
-0
0
0
0
0
0
0
0
0
0
0
0
0
0
0
0
0
0
0
0
0
0
0
0
0
0
0
0
0
0
0
0
0
0
0
0
0
0
0
0
0
0
0
0
0
0
0
0
0
0
-0
-0
-0
-0
-0
-0
-0
-0
-0
-0
-0
-0
-0
-0
-0
-0
-0
-0
-0
-0
-0
-0
-0
-0
-0
-0
-0
-0
-0
-0
-0
-0
-0
-0
-0
-0
-0
-0
-0
-0
-0
-0
-0
-0
-0
-0
-0
-0
-0
-0
-0
0
0
0
0
0
0
0
0
0
0
0
0
0
0
0
0
0
0
0
0
0
0
0
0
0
0
0
0
0
0
0
0
0
0
0
0
0
0
0
0
0
0
0
0
0
0
0
0
0
0
-0
-0
-0
-0
-0
-0
-0
-0
-0
-0
-0
-0
-0
-0
-0
-0
-0
-0
-0
-0
-0
-0
-0
-0
-0
-0
-0
-0
-0
-0
-0
-0
-0
-0
-0
-0
-0
-0
-0
-0
-0
-0
-0
-0
-0
-0
-0
-0
-0
-0
0
0
0
0
0
0
0
0
0
0
0
0
0
0
0
0
0
0
0
0
0
0
0
0
0
0
0
0
0
0
0
0
0
0
0
0
0
0
0
0
0
0
0
0
0
0
0
0
0
-0
-0
-0
-0
-0
-0
-0
-0
-0
-0
-0
-0
-0
-0
-0
-0
-0
-0
-0
-0
-0
-0
-0
-0
-0
-0
-0
-0
-0
-0
-0
-0
-0
-0
-0
-0
-0
-0
-0
-0
-0
-0
-0
-0
-0
-0
-0
-0
-0
-0
-0
0
0
0
0
0
0
0
0
0
0
0
0
0
0
0
0
0
0
0
0
0
0
0
0
0
0
0
0
0
0
0
0
0
0
0
0
0
0
0
0
0
0
0
0
0
0
0
0
0
-0
-0
-0
-0
-0
-0
-0
-0
-0
-0
-0
-0
-0
-0
-0
-0
-0
-0
-0
-0
-0
-0
-0
-0
-0
-0
-0
-0
-0
-0
-0
-0
-0
-0
-0
-0
-0
-0
-0
-0
-0
-0
-0
-0
-0
-0
-0
-0
-0
-0
0
0
0
0
0
0
0
0
0
0
0
0
0
0
0
0
0
0
0
0
0
0
0
0
0
0
0
0
0
0
0
0
0
0
0
0
0
0
0
0
0
0
0
0
0
0
0
0
0
0
0
-0
-0
-0
-0
-0
-0
-0
-0
-0
-0
-0
-0
-0
-0
-0
-0
-0
-0
-0
-0
-0
-0
-0
-0
-0
-0
-0
-0
-0
-0
-0
-0
-0
-0
-0
-0
-0
-0
-0
-0
-0
-0
-0
-0
-0
-0
-0
-0
-0
-0
0
0
0
0
0
0
0
0
0
0
0
0
0
0
0
0
0
0
0
0
0
0
0
0
0
0
0
0
0
0
0
0
0
0
0
0
0
0
0
0
0
0
0
0
0
0
0
0
0
0
-0
-0
-0
-0
-0
-0
-0
-0
-0
-0
-0
-0
-0
-0
-0
-0
-0
-0
-0
-0
-0
-0
-0
-0
-0
-0
-0
-0
-0
-0
-0
-0
-0
-0
-0
-0
-0
-0
-0
-0
-0
-0
-0
-0
-0
-0
-0
-0
-0
-0
0
0
0
0
0
0
0
0
0
0
0
0
0
0
0
0
0
0
0
0
0
0
0
0
0
0
0
0
0
0
0
0
0
0
0
0
0
0
0
0
0
0
0
0
0
0
0
0
0
-0
-0
-0
-0
-0
-0
-0
-0
-0
-0
-0
-0
-0
-0
-0
-0
-0
-0
-0
-0
-0
-0
-0
-0
-0
-0
-0
-0
-0
-0
-0
-0
-0
-0
-0
-0
-0
-0
-0
-0
-0
-0
-0
-0
-0
-0
-0
-0
-0
-0
-0
0
0
0
0
0
0
0
0
0
0
0
0
0
0
0
0
0
0
0
0
0
0
0
0
0
0
0
0
0
0
0
0
0
0
0
0
0
0
0
0
0
0
0
0
0
0
0
0
0
-0
-0
-0
-0
-0
-0
-0
-0
-0
-0
-0
-0
-0
-0
-0
-0
-0
-0
-0
-0
-0
-0
-0
-0
-0
-0
-0
-0
-0
-0
-0
-0
-0
-0
-0
-0
-0
-0
-0
-0
-0
-0
-0
-0
-0
-0
-0
-0
-0
-0
0
0
0
0
0
0
0
0
0
0
0
0
0
0
0
0
0
0
0
0
0
0
0
0
0
0
0
0
0
0
0
0
0
0
0
0
0
0
0
0
0
0
0
0
0
0
0
0
0
0
-0
-0
-0
-0
-0
-0
-0
-0
-0
-0
-0
-0
-0
-0
-0
-0
-0
-0
-0
-0
-0
-0
-0
-0
-0
-0
-0
-0
-0
-0
-0
-0
-0
-0
-0
-0
-0
-0
-0
-0
-0
-0
-0
-0
-0
-0
-0
-0
-0
-0
-0
0
0
0
0
0
0
0
0
0
0
0
0
0
0
0
0
0
0
0
0
0
0
0
0
0
0
0
0
0
0
0
0
0
0
0
0
0
0
0
0
0
0
0
0
0
0
0
0
0
-0
-0
-0
-0
-0
-0
-0
-0
-0
-0
-0
-0
-0
-0
-0
-0
-0
-0
-0
-0
-0
-0
-0
-0
-0
-0
-0
-0
-0
-0
-0
-0
-0
-0
-0
-0
-0
-0
-0
-0
-0
-0
-0
-0
-0
-0
-0
-0
-0
-0
0
0
0
0
0
0
0
0
0
0
0
0
0
0
0
0
0
0
0
0
0
0
0
0
0
0
0
0
0
0
0
0
0
0
0
0
0
0
0
0
0
0
0
0
0
0
0
0
0
0
-0
-0
-0
-0
-0
-0
-0
-0
-0
-0
-0
-0
-0
-0
-0
-0
-0
-0
-0
-0
-0
-0
-0
-0
-0
-0
-0
-0
-0
-0
-0
-0
-0
-0
-0
-0
-0
-0
-0
-0
-0
-0
-0
-0
-0
-0
-0
-0
-0
-0
0
0
0
0
0
0
0
0
0
0
0
0
0
0
0
0
0
0
0
0
0
0
0
0
0
0
0
0
0
0
0
0
0
0
0
0
0
0
0
0
0
0
0
0
0
0
0
0
0
0
-0
-0
-0
-0
-0
-0
-0
-0
-0
-0
-0
-0
-0
-0
-0
-0
-0
-0
-0
-0
-0
-0
-0
-0
-0
-0
-0
-0
-0
-0
-0
-0
-0
-0
-0
-0
-0
-0
-0
-0
-0
-0
-0
-0
-0
-0
-0
-0
-0
-0
-0
0
0
0
0
0
0
0
0
0
0
0
0
0
0
0
0
0
0
0
0
0
0
0
0
0
0
0
0
0
0
0
0
0
0
0
0
0
0
0
0
0
0
0
0
0
0
0
0
0
0
-0
-0
-0
-0
-0
-0
-0
-0
-0
-0
-0
-0
-0
-0
-0
-0
-0
-0
-0
-0
-0
-0
-0
-0
-0
-0
-0
-0
-0
-0
-0
-0
-0
-0
-0
-0
-0
-0
-0
-0
-0
-0
-0
-0
-0
-0
-0
-0
-0
-0
0
0
0
0
0
0
0
0
0
0
0
0
0
0
0
0
0
0
0
0
0
0
0
0
0
0
0
0
0
0
0
0
0
0
0
0
0
0
0
0
0
0
0
0
0
0
0
0
0
0
-0
-0
-0
-0
-0
-0
-0
-0
-0
-0
-0
-0
-0
-0
-0
-0
-0
-0
-0
-0
-0
-0
-0
-0
-0
-0
-0
-0
-0
-0
-0
-0
-0
-0
-0
-0
-0
-0
-0
-0
-0
-0
-0
-0
-0
-0
-0
-0
-0
-0
0
0
0
0
0
0
0
0
0
0
0
0
0
0
0
0
0
0
0
0
0
0
0
0
0
0
0
0
0
0
0
0
0
0
0
0
0
0
0
0
0
0
0
0
0
0
0
0
0
0
-0
-0
-0
-0
-0
-0
-0
-0
-0
-0
-0
-0
-0
-0
-0
-0
-0
-0
-0
-0
-0
-0
-0
-0
-0
-0
-0
-0
-0
-0
-0
-0
-0
-0
-0
-0
-0
-0
-0
-0
-0
-0
-0
-0
-0
-0
-0
-0
-0
-0
0
0
0
0
0
0
0
0
0
0
0
0
0
0
0
0
0
0
0
0
0
0
0
0
0
0
0
0
0
0
0
0
0
0
0
0
0
0
0
0
0
0
0
0
0
0
0
0
0
0
-0
-0
-0
-0
-0
-0
-0
-0
-0
-0
-0
-0
-0
-0
-0
-0
-0
-0
-0
-0
-0
-0
-0
-0
-0
-0
-0
-0
-0
-0
-0
-0
-0
-0
-0
-0
-0
-0
-0
-0
-0
-0
-0
-0
-0
-0
-0
-0
-0
0
0
0
0
0
0
0
0
0
0
0
0
0
0
0
0
0
0
0
0
0
0
0
0
0
0
0
0
0
0
0
0
0
0
0
0
0
0
0
0
0
0
0
0
0
0
0
0
0
0
0
-0
-0
-0
-0
-0
-0
-0
-0
-0
-0
-0
-0
-0
-0
-0
-0
-0
-0
-0
-0
-0
-0
-0
-0
-0
-0
-0
-0
-0
-0
-0
-0
-0
-0
-0
-0
-0
-0
-0
-0
-0
-0
-0
-0
-0
-0
-0
-0
-0
-0
8.4767e-08
3.384e-07
7.5889e-07
1.3429e-06
2.0859e-06
2.9818e-06
4.0236e-06
5.2029e-06
6.5103e-06
7.9351e-06
9.4657e-06
1.109e-05
1.2793e-05
1.4563e-05
1.6383e-05
1.8237e-05
2.0111e-05
2.1987e-05
2.3849e-05
2.5679e-05
2.7459e-05
2.9174e-05
3.0805e-05
3.2336e-05
3.375e-05
3.5031e-05
3.6163e-05
3.713e-05
3.792e-05
3.8518e-05
3.8911e-05
3.9089e-05
3.9039e-05
3.8755e-05
3.8226e-05
3.7447e-05
3.6412e-05
3.5117e-05
3.356e-05
3.174e-05
2.9658e-05
2.7315e-05
2.4716e-05
2.1867e-05
1.8773e-05
1.5444e-05
1.1889e-05
8.1216e-06
4.1536e-06
1.0583e-18
-4.3231e-06
-8.7984e-06
-1.3407e-05
-1.8129e-05
-2.2945e-05
-2.783e-05
-3.2764e-05
-3.7721e-05
-4.2679e-05
-4.7611e-05
-5.2492e-05
-5.7297e-05
-6.1999e-05
-6.6572e-05
-7.0991e-05
-7.523e-05
-7.9262e-05
-8.3063e-05
-8.6609e-05
-8.9875e-05
-9.2839e-05
-9.5478e-05
-9.7773e-05
-9.9703e-05
-0.00010125
-0.0001024
-0.00010313
-0.00010343
-0.0001033
-0.00010271
-0.00010167
-0.00010016
-9.819e-05
-9.5747e-05
-9.2835e-05
-8.9457e-05
-8.5617e-05
-8.1324e-05
-7.6586e-05
-7.1416e-05
-6.5826e-05
-5.9834e-05
-5.3457e-05
-4.6715e-05
-3.9631e-05
-3.223e-05
-2.4538e-05
-1.6582e-05
-8.392e-06
2.6486e-19
8.5615e-06
1.7258e-05
2.6055e-05
3.4916e-05
4.3803e-05
5.2679e-05
6.1504e-05
7.024e-05
7.8847e-05
8.7286e-05
9.5518e-05
0.0001035
0.0001112
0.00011858
0.0001256
0.00013222
0.00013841
0.00014414
0.00014937
0.00015407
0.00015822
0.00016178
0.00016474
0.00016707
0.00016875
0.00016976
0.0001701
0.00016974
0.00016868
0.00016691
0.00016443
0.00016124
0.00015734
0.00015274
0.00014744
0.00014147
0.00013482
0.00012753
0.00011961
0.00011109
0.00010199
9.2352e-05
8.2197e-05
7.1563e-05
6.049e-05
4.9017e-05
3.7186e-05
2.5042e-05
1.263e-05
1.7858e-18
-1.28e-05
-2.5718e-05
-3.8704e-05
-5.1703e-05
-6.4662e-05
-7.7527e-05
-9.0244e-05
-0.00010276
-0.00011502
-0.00012696
-0.00013854
-0.00014971
-0.00016041
-0.00017059
-0.00018021
-0.00018921
-0.00019756
-0.00020521
-0.00021213
-0.00021827
-0.0002236
-0.00022809
-0.00023171
-0.00023444
-0.00023625
-0.00023713
-0.00023707
-0.00023604
-0.00023406
-0.00023111
-0.00022719
-0.00022232
-0.00021649
-0.00020973
-0.00020205
-0.00019348
-0.00018403
-0.00017374
-0.00016264
-0.00015077
-0.00013816
-0.00012487
-0.00011094
-9.6412e-05
-8.1349e-05
-6.5803e-05
-4.9834e-05
-3.3502e-05
-1.6869e-05
2.3821e-18
1.7038e-05
3.4178e-05
5.1352e-05
6.8489e-05
8.552e-05
0.00010238
0.00011898
0.00013528
0.00015118
0.00016664
0.00018157
0.00019592
0.00020961
0.0002226
0.00023482
0.00024621
0.00025671
0.00026629
0.00027489
0.00028246
0.00028898
0.00029439
0.00029868
0.0003018
0.00030375
0.0003045
0.00030403
0.00030235
0.00029944
0.0002953
0.00028995
0.00028339
0.00027564
0.00026672
0.00025666
0.00024549
0.00023323
0.00021994
0.00020566
0.00019044
0.00017433
0.00015739
0.00013968
0.00012126
0.00010221
8.259e-05
6.2482e-05
4.1962e-05
2.1107e-05
6.6089e-19
-2.1277e-05
-4.2638e-05
-6.4e-05
-8.5276e-05
-0.00010638
-0.00012722
-0.00014772
-0.00016779
-0.00018735
-0.00020631
-0.0002246
-0.00024212
-0.00025882
-0.00027461
-0.00028943
-0.0003032
-0.00031586
-0.00032737
-0.00033765
-0.00034666
-0.00035436
-0.0003607
-0.00036564
-0.00036917
-0.00037125
-0.00037186
-0.000371
-0.00036865
-0.00036482
-0.0003595
-0.00035271
-0.00034447
-0.00033479
-0.00032372
-0.00031127
-0.0002975
-0.00028244
-0.00026615
-0.00024869
-0.00023012
-0.0002105
-0.00018991
-0.00016842
-0.00014611
-0.00012307
-9.9376e-05
-7.5131e-05
-5.0422e-05
-2.5345e-05
6.3516e-18
2.5515e-05
5.1098e-05
7.6648e-05
0.00010206
0.00012724
0.00015207
0.00017646
0.00020031
0.00022352
0.00024599
0.00026762
0.00028833
0.00030803
0.00032662
0.00034403
0.00036019
0.00037502
0.00038844
0.00040041
0.00041086
0.00041974
0.000427
0.00043261
0.00043654
0.00043875
0.00043923
0.00043797
0.00043496
0.0004302
0.0004237
0.00041547
0.00040554
0.00039394
0.00038071
0.00036588
0.0003495
0.00033164
0.00031236
0.00029172
0.00026979
0.00024667
0.00022243
0.00019716
0.00017096
0.00014392
0.00011616
8.7779e-05
5.8882e-05
2.9584e-05
-2.3163e-18
-2.9753e-05
-5.9558e-05
-8.9297e-05
-0.00011885
-0.0001481
-0.00017692
-0.0002052
-0.00023283
-0.00025969
-0.00028566
-0.00031065
-0.00033454
-0.00035723
-0.00037863
-0.00039864
-0.00041718
-0.00043417
-0.00044952
-0.00046317
-0.00047505
-0.00048511
-0.0004933
-0.00049958
-0.0005039
-0.00050625
-0.0005066
-0.00050494
-0.00050126
-0.00049558
-0.00048789
-0.00047823
-0.00046662
-0.00045309
-0.0004377
-0.00042049
-0.00040151
-0.00038085
-0.00035857
-0.00033474
-0.00030947
-0.00028284
-0.00025494
-0.0002259
-0.00019581
-0.00016478
-0.00013295
-0.00010043
-6.7342e-05
-3.3822e-05
-3.1743e-18
3.3992e-05
6.8018e-05
0.00010194
0.00013564
0.00016896
0.00020177
0.00023394
0.00026535
0.00029586
0.00032534
0.00035367
0.00038075
0.00040644
0.00043064
0.00045325
0.00047417
0.00049332
0.00051059
0.00052593
0.00053925
0.00055049
0.00055961
0.00056655
0.00057127
0.00057375
0.00057397
0.0005719
0.00056757
0.00056095
0.00055209
0.00054099
0.0005277
0.00051225
0.00049469
0.0004751
0.00045352
0.00043006
0.00040477
0.00037777
0.00034914
0.000319
0.00028746
0.00025464
0.00022065
0.00018564
0.00014974
0.00011308
7.5802e-05
3.806e-05
-7.1459e-18
-3.823e-05
-7.6478e-05
-0.00011459
-0.00015242
-0.00018981
-0.00022662
-0.00026268
-0.00029787
-0.00033203
-0.00036501
-0.0003967
-0.00042695
-0.00045564
-0.00048265
-0.00050786
-0.00053117
-0.00055247
-0.00057167
-0.00058869
-0.00060345
-0.00061587
-0.00062591
-0.00063351
-0.00063864
-0.00064125
-0.00064133
-0.00063887
-0.00063387
-0.00062633
-0.00061628
-0.00060375
-0.00058877
-0.0005714
-0.00055168
-0.0005297
-0.00050553
-0.00047926
-0.00045098
-0.0004208
-0.00038882
-0.00035517
-0.00031998
-0.00028338
-0.0002455
-0.0002065
-0.00016652
-0.00012572
-8.4262e-05
-4.2299e-05
6.6165e-19
4.2214e-05
8.4092e-05
0.00012547
0.00016619
0.00020608
0.00024501
0.0002828
0.00031933
0.00035445
0.00038803
0.00041993
0.00045006
0.00047828
0.00050449
0.00052861
0.00055054
0.00057021
0.00058755
0.0006025
0.000615
0.00062503
0.00063254
0.00063753
0.00063998
0.0006399
0.00063729
0.00063218
0.00062459
0.00061457
0.00060216
0.00058743
0.00057045
0.00055128
0.00053003
0.00050677
0.00048161
0.00045466
0.00042603
0.00039584
0.00036422
0.0003313
0.00029722
0.00026211
0.00022612
0.0001894
0.00015209
0.00011434
7.6309e-05
3.8145e-05
-1.1289e-17
-3.7976e-05
-7.5632e-05
-0.00011282
-0.0001494
-0.00018522
-0.00022016
-0.00025406
-0.00028681
-0.00031828
-0.00034835
-0.00037691
-0.00040385
-0.00042907
-0.00045248
-0.000474
-0.00049355
-0.00051106
-0.00052647
-0.00053974
-0.0005508
-0.00055965
-0.00056624
-0.00057057
-0.00057262
-0.0005724
-0.00056992
-0.00056521
-0.00055828
-0.00054919
-0.00053797
-0.00052467
-0.00050937
-0.00049213
-0.00047303
-0.00045216
-0.0004296
-0.00040545
-0.00037982
-0.00035281
-0.00032455
-0.00029513
-0.0002647
-0.00023337
-0.00020127
-0.00016854
-0.0001353
-0.00010169
-6.7849e-05
-3.3907e-05
4.2245e-18
3.3737e-05
6.7172e-05
0.00010017
0.00013261
0.00016437
0.00019531
0.00022532
0.00025429
0.00028211
0.00030868
0.00033388
0.00035764
0.00037987
0.00040047
0.00041939
0.00043656
0.00045191
0.0004654
0.00047698
0.00048661
0.00049427
0.00049994
0.0005036
0.00050525
0.0005049
0.00050256
0.00049824
0.00049198
0.00048381
0.00047377
0.00046191
0.0004483
0.00043298
0.00041604
0.00039755
0.00037759
0.00035625
0.00033361
0.00030979
0.00028487
0.00025897
0.00023218
0.00020463
0.00017642
0.00014768
0.00011851
8.9044e-05
5.9389e-05
2.9669e-05
1.3842e-18
-2.9499e-05
-5.8712e-05
-8.7526e-05
-0.00011583
-0.00014351
-0.00017046
-0.00019658
-0.00022178
-0.00024594
-0.000269
-0.00029086
-0.00031143
-0.00033066
-0.00034846
-0.00036479
-0.00037957
-0.00039276
-0.00040432
-0.00041422
-0.00042241
-0.00042889
-0.00043363
-0.00043663
-0.00043788
-0.0004374
-0.00043519
-0.00043127
-0.00042567
-0.00041843
-0.00040957
-0.00039915
-0.00038722
-0.00037383
-0.00035905
-0.00034294
-0.00032558
-0.00030704
-0.00028741
-0.00026676
-0.00024519
-0.0002228
-0.00019966
-0.00017589
-0.00015158
-0.00012682
-0.00010173
-7.6395e-05
-5.0929e-05
-2.543e-05
5.9349e-18
2.5261e-05
5.0252e-05
7.4878e-05
9.9041e-05
0.00012265
0.00014561
0.00016784
0.00018926
0.00020978
0.00022932
0.00024783
0.00026523
0.00028145
0.00029645
0.00031018
0.00032258
0.00033361
0.00034325
0.00035146
0.00035822
0.00036351
0.00036733
0.00036966
0.00037052
0.0003699
0.00036782
0.0003643
0.00035937
0.00035305
0.00034538
0.00033639
0.00032614
0.00031468
0.00030206
0.00028833
0.00027357
0.00025784
0.0002412
0.00022374
0.00020552
0.00018663
0.00016714
0.00014715
0.00012673
0.00010596
8.494e-05
6.3747e-05
4.2469e-05
2.1192e-05
-1.3186e-18
-2.1022e-05
-4.1792e-05
-6.2229e-05
-8.2254e-05
-0.00010179
-0.00012076
-0.0001391
-0.00015674
-0.00017361
-0.00018965
-0.0002048
-0.00021902
-0.00023225
-0.00024445
-0.00025557
-0.00026558
-0.00027446
-0.00028217
-0.0002887
-0.00029402
-0.00029813
-0.00030102
-0.00030269
-0.00030315
-0.0003024
-0.00030046
-0.00029734
-0.00029307
-0.00028767
-0.00028118
-0.00027363
-0.00026507
-0.00025553
-0.00024507
-0.00023373
-0.00022156
-0.00020863
-0.00019499
-0.00018071
-0.00016584
-0.00015046
-0.00013463
-0.00011841
-0.00010188
-8.5103e-05
-6.8153e-05
-5.1099e-05
-3.4009e-05
-1.6953e-05
5.7931e-18
1.6784e-05
3.3332e-05
4.9581e-05
6.5468e-05
8.0932e-05
9.5915e-05
0.00011036
0.00012422
0.00013744
0.00014997
0.00016178
0.00017281
0.00018304
0.00019244
0.00020096
0.00020859
0.00021531
0.00022109
0.00022594
0.00022982
0.00023275
0.00023472
0.00023573
0.00023578
0.0002349
0.00023309
0.00023037
0.00022676
0.00022229
0.00021698
0.00021087
0.00020399
0.00019638
0.00018807
0.00017912
0.00016955
0.00015943
0.00014879
0.00013768
0.00012617
0.00011429
0.00010211
8.9669e-05
7.703e-05
6.4245e-05
5.1367e-05
3.8451e-05
2.5549e-05
1.2715e-05
-2.169e-18
-1.2546e-05
-2.4872e-05
-3.6933e-05
-4.8681e-05
-6.0073e-05
-7.1066e-05
-8.1622e-05
-9.1702e-05
-0.00010127
-0.0001103
-0.00011875
-0.00012661
-0.00013384
-0.00014043
-0.00014635
-0.0001516
-0.00015616
-0.00016002
-0.00016318
-0.00016563
-0.00016737
-0.00016841
-0.00016876
-0.00016842
-0.0001674
-0.00016572
-0.0001634
-0.00016046
-0.00015691
-0.00015279
-0.00014811
-0.00014292
-0.00013723
-0.00013108
-0.00012451
-0.00011754
-0.00011022
-0.00010258
-9.4657e-05
-8.6493e-05
-7.8124e-05
-6.9589e-05
-6.0929e-05
-5.2182e-05
-4.3386e-05
-3.458e-05
-2.5802e-05
-1.7089e-05
-8.4767e-06
3.3091e-22
8.3072e-06
1.6412e-05
2.4285e-05
3.1894e-05
3.9214e-05
4.6218e-05
5.2882e-05
5.9183e-05
6.5103e-05
7.0622e-05
7.5726e-05
8.04e-05
8.4633e-05
8.8416e-05
9.1743e-05
9.4607e-05
9.7007e-05
9.8943e-05
0.00010042
0.00010143
0.00010199
0.00010211
0.00010179
0.00010105
9.99e-05
9.8356e-05
9.6434e-05
9.4152e-05
9.1531e-05
8.8591e-05
8.5353e-05
8.1842e-05
7.8079e-05
7.409e-05
6.9899e-05
6.5532e-05
6.1015e-05
5.6372e-05
5.1631e-05
4.6817e-05
4.1955e-05
3.7071e-05
3.2189e-05
2.7333e-05
2.2527e-05
1.7794e-05
1.3154e-05
8.6292e-06
4.2384e-06
-1.1671e-18
-4.0688e-06
-7.9524e-06
-1.1636e-05
-1.5108e-05
-1.8356e-05
-2.137e-05
-2.4142e-05
-2.6665e-05
-2.8935e-05
-3.0947e-05
-3.27e-05
-3.4193e-05
-3.5428e-05
-3.6407e-05
-3.7134e-05
-3.7615e-05
-3.7856e-05
-3.7867e-05
-3.7656e-05
-3.7234e-05
-3.6612e-05
-3.5804e-05
-3.4823e-05
-3.3683e-05
-3.24e-05
-3.0989e-05
-2.9466e-05
-2.7848e-05
-2.6152e-05
-2.4395e-05
-2.2594e-05
-2.0766e-05
-1.8928e-05
-1.7098e-05
-1.529e-05
-1.3523e-05
-1.1809e-05
-1.0166e-05
-8.6052e-06
-7.1416e-06
-5.7869e-06
-4.5526e-06
-3.4488e-06
-2.4848e-06
-1.6687e-06
-1.0072e-06
-5.0593e-07
-1.692e-07
-0
-0
0
0
0
0
0
0
0
0
0
0
0
0
0
0
0
0
0
0
0
0
0
0
0
0
0
0
0
0
0
0
0
0
0
0
0
0
0
0
0
0
0
0
0
0
0
0
0
0
0
0
-0
-0
-0
-0
-0
-0
-0
-0
-0
-0
-0
-0
-0
-0
-0
-0
-0
-0
-0
-0
-0
-0
-0
-0
-0
-0
-0
-0
-0
-0
-0
-0
-0
-0
-0
-0
-0
-0
-0
-0
-0
-0
-0
-0
-0
-0
-0
-0
-0
-0
0
0
0
0
0
0
0
0
0
0
0
0
0
0
0
0
0
0
0
0
0
0
0
0
0
0
0
0
0
0
0
0
0
0
0
0
0
0
0
0
0
0
0
0
0
0
0
0
0
0
-0
-0
-0
-0
-0
-0
-0
-0
-0
-0
-0
-0
-0
-0
-0
-0
-0
-0
-0
-0
-0
-0
-0
-0
-0
-0
-0
-0
-0
-0
-0
-0
-0
-0
-0
-0
-0
-0
-0
-0
-0
-0
-0
-0
-0
-0
-0
-0
-0
-0
0
0
0
0
0
0
0
0
0
0
0
0
0
0
0
0
0
0
0
0
0
0
0
0
0
0
0
0
0
0
0
0
0
0
0
0
0
0
0
0
0
0
0
0
0
0
0
0
0
0
-0
-0
-0
-0
-0
-0
-0
-0
-0
-0
-0
-0
-0
-0
-0
-0
-0
-0
-0
-0
-0
-0
-0
-0
-0
-0
-0
-0
-0
-0
-0
-0
-0
-0
-0
-0
-0
-0
-0
-0
-0
-0
-0
-0
-0
-0
-0
-0
-0
-0
0
0
0
0
0
0
0
0
0
0
0
0
0
0
0
0
0
0
0
0
0
0
0
0
0
0
0
0
0
0
0
0
0
0
0
0
0
0
0
0
0
0
0
0
0
0
0
0
0
0
-0
-0
-0
-0
-0
-0
-0
-0
-0
-0
-0
-0
-0
-0
-0
-0
-0
-0
-0
-0
-0
-0
-0
-0
-0
-0
-0
-0
-0
-0
-0
-0
-0
-0
-0
-0
-0
-0
-0
-0
-0
-0
-0
-0
-0
-0
-0
-0
-0
-0
0
0
0
0
0
0
0
0
0
0
0
0
0
0
0
0
0
0
0
0
0
0
0
0
0
0
0
0
0
0
0
0
0
0
0
0
0
0
0
0
0
0
0
0
0
0
0
0
0
0
-0
-0
-0
-0
-0
-0
-0
-0
-0
-0
-0
-0
-0
-0
-0
-0
-0
-0
-0
-0
-0
-0
-0
-0
-0
-0
-0
-0
-0
-0
-0
-0
-0
-0
-0
-0
-0
-0
-0
-0
-0
-0
-0
-0
-0
-0
-0
-0
-0
-0
0
0
0
0
0
0
0
0
0
0
0
0
0
0
0
0
0
0
0
0
0
0
0
0
0
0
0
0
0
0
0
0
0
0
0
0
0
0
0
0
0
0
0
0
0
0
0
0
0
-0
-0
-0
-0
-0
-0
-0
-0
-0
-0
-0
-0
-0
-0
-0
-0
-0
-0
-0
-0
-0
-0
-0
-0
-0
-0
-0
-0
-0
-0
-0
-0
-0
-0
-0
-0
-0
-0
-0
-0
-0
-0
-0
-0
-0
-0
-0
-0
-0
-0
-0
0
0
0
0
0
0
0
0
0
0
0
0
0
0
0
0
0
0
0
0
0
0
0
0
0
0
0
0
0
0
0
0
0
0
0
0
0
0
0
0
0
0
0
0
0
0
0
0
0
0
-0
-0
-0
-0
-0
-0
-0
-0
-0
-0
-0
-0
-0
-0
-0
-0
-0
-0
-0
-0
-0
-0
-0
-0
-0
-0
-0
-0
-0
-0
-0
-0
-0
-0
-0
-0
-0
-0
-0
-0
-0
-0
-0
-0
-0
-0
-0
-0
-0
-0
0
0
0
0
0
0
0
0
0
0
0
0
0
0
0
0
0
0
0
0
0
0
0
0
0
0
0
0
0
0
0
0
0
0
0
0
0
0
0
0
0
0
0
0
0
0
0
0
0
0
-0
-0
-0
-0
-0
-0
-0
-0
-0
-0
-0
-0
-0
-0
-0
-0
-0
-0
-0
-0
-0
-0
-0
-0
-0
-0
-0
-0
-0
-0
-0
-0
-0
-0
-0
-0
-0
-0
-0
-0
-0
-0
-0
-0
-0
-0
-0
-0
-0
0
0
0
0
0
0
0
0
0
0
0
0
0
0
0
0
0
0
0
0
0
0
0
0
0
0
0
0
0
0
0
0
0
0
0
0
0
0
0
0
0
0
0
0
0
0
0
0
0
0
0
-0
-0
-0
-0
-0
-0
-0
-0
-0
-0
-0
-0
-0
-0
-0
-0
-0
-0
-0
-0
-0
-0
-0
-0
-0
-0
-0
-0
-0
-0
-0
-0
-0
-0
-0
-0
-0
-0
-0
-0
-0
-0
-0
-0
-0
-0
-0
-0
-0
-0
0
0
0
0
0
0
0
0
0
0
0
0
0
0
0
0
0
0
0
0
0
0
0
0
0
0
0
0
0
0
0
0
0
0
0
0
0
0
0
0
0
0
0
0
0
0
0
0
0
-0
-0
-0
-0
-0
-0
-0
-0
-0
-0
-0
-0
-0
-0
-0
-0
-0
-0
-0
-0
-0
-0
-0
-0
-0
-0
-0
-0
-0
-0
-0
-0
-0
-0
-0
-0
-0
-0
-0
-0
-0
-0
-0
-0
-0
-0
-0
-0
-0
-0
-0
0
0
0
0
0
0
0
0
0
0
0
0
0
0
0
0
0
0
0
0
0
0
0
0
0
0
0
0
0
0
0
0
0
0
0
0
0
0
0
0
0
0
0
0
0
0
0
0
0
0
-0
-0
-0
-0
-0
-0
-0
-0
-0
-0
-0
-0
-0
-0
-0
-0
-0
-0
-0
-0
-0
-0
-0
-0
-0
-0
-0
-0
-0
-0
-0
-0
-0
-0
-0
-0
-0
-0
-0
-0
-0
-0
-0
-0
-0
-0
-0
-0
-0
-0
0
0
0
0
0
0
0
0
0
0
0
0
0
0
0
0
0
0
0
0
0
0
0
0
0
0
0
0
0
0
0
0
0
0
0
0
0
0
0
0
0
0
0
0
0
0
0
0
0
-0
-0
-0
-0
-0
-0
-0
-0
-0
-0
-0
-0
-0
-0
-0
-0
-0
-0
-0
-0
-0
-0
-0
-0
-0
-0
-0
-0
-0
-0
-0
-0
-0
-0
-0
-0
-0
-0
-0
-0
-0
-0
-0
-0
-0
-0
-0
-0
-0
-0
0
0
0
0
0
0
0
0
0
0
0
0
0
0
0
0
0
0
0
0
0
0
0
0
0
0
0
0
0
0
0
0
0
0
0
0
0
0
0
0
0
0
0
0
0
0
0
0
0
0
0
-0
-0
-0
-0
-0
-0
-0
-0
-0
-0
-0
-0
-0
-0
-0
-0
-0
-0
-0
-0
-0
-0
-0
-0
-0
-0
-0
-0
-0
-0
-0
-0
-0
-0
-0
-0
-0
-0
-0
-0
-0
-0
-0
-0
-0
-0
-0
-0
-0
-0
0
0
0
0
0
0
0
0
0
0
0
0
0
0
0
0
0
0
0
0
0
0
0
0
0
0
0
0
0
0
0
0
0
0
0
0
0
0
0
0
0
0
0
0
0
0
0
0
0
-0
-0
-0
-0
-0
-0
-0
-0
-0
-0
-0
-0
-0
-0
-0
-0
-0
-0
-0
-0
-0
-0
-0
-0
-0
-0
-0
-0
-0
-0
-0
-0
-0
-0
-0
-0
-0
-0
-0
-0
-0
-0
-0
-0
-0
-0
-0
-0
-0
-0
0
0
0
0
0
0
0
0
0
0
0
0
0
0
0
0
0
0
0
0
0
0
0
0
0
0
0
0
0
0
0
0
0
0
0
0
0
0
0
0
0
0
0
0
0
0
0
0
0
0
-0
-0
-0
-0
-0
-0
-0
-0
-0
-0
-0
-0
-0
-0
-0
-0
-0
-0
-0
-0
-0
-0
-0
-0
-0
-0
-0
-0
-0
-0
-0
-0
-0
-0
-0
-0
-0
-0
-0
-0
-0
-0
-0
-0
-0
-0
-0
-0
-0
-0
-0
0
0
0
0
0
0
0
0
0
0
0
0
0
0
0
0
0
0
0
0
0
0
0
0
0
0
0
0
0
0
0
0
0
0
0
0
0
0
0
0
0
0
0
0
0
0
0
0
0
0
-0
-0
-0
-0
-0
-0
-0
-0
-0
-0
-0
-0
-0
-0
-0
-0
-0
-0
-0
-0
-0
-0
-0
-0
-0
-0
-0
-0
-0
-0
-0
-0
-0
-0
-0
-0
-0
-0
-0
-0
-0
-0
-0
-0
-0
-0
-0
-0
-0
0
0
0
0
0
0
0
0
0
0
0
0
0
0
0
0
0
0
0
0
0
0
0
0
0
0
0
0
0
0
0
0
0
0
0
0
0
0
0
0
0
0
0
0
0
0
0
0
0
0
-0
-0
-0
-0
-0
-0
-0
-0
-0
-0
-0
-0
-0
-0
-0
-0
-0
-0
-0
-0
-0
-0
-0
-0
-0
-0
-0
-0
-0
-0
-0
-0
-0
-0
-0
-0
-0
-0
-0
-0
-0
-0
-0
-0
-0
-0
-0
-0
-0
-0
0
0
0
0
0
0
0
0
0
0
0
0
0
0
0
0
0
0
0
0
0
0
0
0
0
0
0
0
0
0
0
0
0
0
0
0
0
0
0
0
0
0
0
0
0
0
0
0
0
0
0
-0
-0
-0
-0
-0
-0
-0
-0
-0
-0
-0
-0
-0
-0
-0
-0
-0
-0
-0
-0
-0
-0
-0
-0
-0
-0
-0
-0
-0
-0
-0
-0
-0
-0
-0
-0
-0
-0
-0
-0
-0
-0
-0
-0
-0
-0
-0
-0
-0
-0
0
0
0
0
0
0
0
0
0
0
0
0
0
0
0
0
0
0
0
0
0
0
0
0
0
0
0
0
0
0
0
0
0
0
0
0
0
0
0
0
0
0
0
0
0
0
0
0
0
-0
-0
-0
-0
-0
-0
-0
-0
-0
-0
-0
-0
-0
-0
-0
-0
-0
-0
-0
-0
-0
-0
-0
-0
-0
-0
-0
-0
-0
-0
-0
-0
-0
-0
-0
-0
-0
-0
-0
-0
-0
-0
-0
-0
-0
-0
-0
-0
-0
-0
0
0
0
0
0
0
0
0
0
0
0
0
0
0
0
0
0
0
0
0
0
0
0
0
0
0
0
0
0
0
0
0
0
0
0
0
0
0
0
0
0
0
0
0
0
0
0
0
0
0
-0
-0
-0
-0
-0
-0
-0
-0
-0
-0
-0
-0
-0
-0
-0
-0
-0
-0
-0
-0
-0
-0
-0
-0
-0
-0
-0
-0
-0
-0
-0
-0
-0
-0
-0
-0
-0
-0
-0
-0
-0
-0
-0
-0
-0
-0
-0
-0
-0
-0
0
0
0
0
0
0
0
0
0
0
0
0
0
0
0
0
0
0
0
0
0
0
0
0
0
0
0
0
0
0
0
0
0
0
0
0
0
0
0
0
0
0
0
0
0
0
0
0
0
0
0
-0
-0
-0
-0
-0
-0
-0
-0
-0
-0
-0
-0
-0
-0
-0
-0
-0
-0
-0
-0
-0
-0
-0
-0
-0
-0
-0
-0
-0
-0
-0
-0
-0
-0
-0
-0
-0
-0
-0
-0
-0
-0
-0
-0
-0
-0
-0
-0
-0
-0
0
0
0
0
0
0
0
0
0
0
0
0
0
0
0
0
0
0
0
0
0
0
0
0
0
0
0
0
0
0
0
0
0
0
0
0
0
0
0
0
0
0
0
0
0
0
0
0
0
0
-0
-0
-0
-0
-0
-0
-0
-0
-0
-0
-0
-0
-0
-0
-0
-0
-0
-0
-0
-0
-0
-0
-0
-0
-0
-0
-0
-0
-0
-0
-0
-0
-0
-0
-0
-0
-0
-0
-0
-0
-0
-0
-0
-0
-0
-0
-0
-0
-0
0
0
0
0
0
0
0
0
0
0
0
0
0
0
0
0
0
0
0
0
0
0
0
0
0
0
0
0
0
0
0
0
0
0
0
0
0
0
0
0
0
0
0
0
0
0
0
0
0
0
-0
-0
-0
-0
-0
-0
-0
-0
-0
-0
-0
-0
-0
-0
-0
-0
-0
-0
-0
-0
-0
-0
-0
-0
-0
-0
-0
-0
-0
-0
-0
-0
-0
-0
-0
-0
-0
-0
-0
-0
-0
-0
-0
-0
-0
-0
-0
-0
-0
-0
-0
0
0
0
0
0
0
0
0
0
0
0
0
0
0
0
0
0
0
0
0
0
0
0
0
0
0
0
0
0
0
0
0
0
0
0
0
0
0
0
0
0
0
0
0
0
0
0
0
0
0
-0
-0
-0
-0
-0
-0
-0
-0
-0
-0
-0
-0
-0
-0
-0
-0
-0
-0
-0
-0
-0
-0
-0
-0
-0
-0
-0
-0
-0
-0
-0
-0
-0
-0
-0
-0
-0
-0
-0
-0
-0
-0
-0
-0
-0
-0
-0
-0
-0
-0
0
0
0
0
0
0
0
0
0
0
0
0
0
0
0
0
0
0
0
0
0
0
0
0
0
0
0
0
0
0
0
0
0
0
0
0
0
0
0
0
0
0
0
0
0
0
0
0
0
-0
-0
-0
-0
-0
-0
-0
-0
-0
-0
-0
-0
-0
-0
-0
-0
-0
-0
-0
-0
-0
-0
-0
-0
-0
-0
-0
-0
-0
-0
-0
-0
-0
-0
-0
-0
-0
-0
-0
-0
-0
-0
-0
-0
-0
-0
-0
-0
-0
-0
0
0
0
0
0
0
0
0
0
0
0
0
0
0
0
0
0
0
0
0
0
0
0
0
0
0
0
0
0
0
0
0
0
0
0
0
0
0
0
0
0
0
0
0
0
0
0
0
0
0
0
-0
-0
-0
-0
-0
-0
-0
-0
-0
-0
-0
-0
-0
-0
-0
-0
-0
-0
-0
-0
-0
-0
-0
-0
-0
-0
-0
-0
-0
-0
-0
-0
-0
-0
-0
-0
-0
-0
-0
-0
-0
-0
-0
-0
-0
-0
-0
-0
-0
-0
0
0
0
0
0
0
0
0
0
0
0
0
0
0
0
0
0
0
0
0
0
0
0
0
0
0
0
0
0
0
0
0
0
0
0
0
0
0
0
0
0
0
0
0
0
0
0
0
0
0
-0
-0
-0
-0
-0
-0
-0
-0
-0
-0
-0
-0
-0
-0
-0
-0
-0
-0
-0
-0
-0
-0
-0
-0
-0
-0
-0
-0
-0
-0
-0
-0
-0
-0
-0
-0
-0
-0
-0
-0
-0
-0
-0
-0
-0
-0
-0
-0
-0
0
0
0
0
0
0
0
0
0
0
0
0
0
0
0
0
0
0
0
0
0
0
0
0
0
0
0
0
0
0
0
0
0
0
0
0
0
0
0
0
0
0
0
0
0
0
0
0
0
0
-0
-0
-0
-0
-0
-0
-0
-0
-0
-0
-0
-0
-0
-0
-0
-0
-0
-0
-0
-0
-0
-0
-0
-0
-0
-0
-0
-0
-0
-0
-0
-0
-0
-0
-0
-0
-0
-0
-0
-0
-0
-0
-0
-0
-0
-0
-0
-0
-0
-0
0
8.4767e-08
3.384e-07
7.5889e-07
1.3429e-06
2.0859e-06
2.9818e-06
4.0236e-06
5.2029e-06
6.5103e-06
7.9351e-06
9.4657e-06
1.109e-05
1.2793e-05
1.4563e-05
1.6383e-05
1.8237e-05
2.0111e-05
2.1987e-05
2.3849e-05
2.5679e-05
2.7459e-05
2.9174e-05
3.0805e-05
3.2336e-05
3.375e-05
3.5031e-05
3.6163e-05
3.713e-05
3.792e-05
3.8518e-05
3.8911e-05
3.9089e-05
3.9039e-05
3.8755e-05
3.8226e-05
3.7447e-05
3.6412e-05
3.5117e-05
3.356e-05
3.174e-05
2.9658e-05
2.7315e-05
2.4716e-05
2.1867e-05
1.8773e-05
1.5444e-05
1.1889e-05
8.1216e-06
4.1536e-06
7.2736e-19
-4.3231e-06
-8.7984e-06
-1.3407e-05
-1.8129e-05
-2.2945e-05
-2.783e-05
-3.2764e-05
-3.7721e-05
-4.2679e-05
-4.7611e-05
-5.2492e-05
-5.7297e-05
-6.1999e-05
-6.6572e-05
-7.0991e-05
-7.523e-05
-7.9262e-05
-8.3063e-05
-8.6609e-05
-8.9875e-05
-9.2839e-05
-9.5478e-05
-9.7773e-05
-9.9703e-05
-0.00010125
-0.0001024
-0.00010313
-0.00010343
-0.0001033
-0.00010271
-0.00010167
-0.00010016
-9.819e-05
-9.5747e-05
-9.2835e-05
-8.9457e-05
-8.5617e-05
-8.1324e-05
-7.6586e-05
-7.1416e-05
-6.5826e-05
-5.9834e-05
-5.3457e-05
-4.6715e-05
-3.9631e-05
-3.223e-05
-2.4538e-05
-1.6582e-05
-8.392e-06
4.7638e-18
8.5615e-06
1.7258e-05
2.6055e-05
3.4916e-05
4.3803e-05
5.2679e-05
6.1504e-05
7.024e-05
7.8847e-05
8.7286e-05
9.5518e-05
0.0001035
0.0001112
0.00011858
0.0001256
0.00013222
0.00013841
0.00014414
0.00014937
0.00015407
0.00015822
0.00016178
0.00016474
0.00016707
0.00016875
0.00016976
0.0001701
0.00016974
0.00016868
0.00016691
0.00016443
0.00016124
0.00015734
0.00015274
0.00014744
0.00014147
0.00013482
0.00012753
0.00011961
0.00011109
0.00010199
9.2352e-05
8.2197e-05
7.1563e-05
6.049e-05
4.9017e-05
3.7186e-05
2.5042e-05
1.263e-05
-4.9626e-18
-1.28e-05
-2.5718e-05
-3.8704e-05
-5.1703e-05
-6.4662e-05
-7.7527e-05
-9.0244e-05
-0.00010276
-0.00011502
-0.00012696
-0.00013854
-0.00014971
-0.00016041
-0.00017059
-0.00018021
-0.00018921
-0.00019756
-0.00020521
-0.00021213
-0.00021827
-0.0002236
-0.00022809
-0.00023171
-0.00023444
-0.00023625
-0.00023713
-0.00023707
-0.00023604
-0.00023406
-0.00023111
-0.00022719
-0.00022232
-0.00021649
-0.00020973
-0.00020205
-0.00019348
-0.00018403
-0.00017374
-0.00016264
-0.00015077
-0.00013816
-0.00012487
-0.00011094
-9.6412e-05
-8.1349e-05
-6.5803e-05
-4.9834e-05
-3.3502e-05
-1.6869e-05
-1.1642e-17
1.7038e-05
3.4178e-05
5.1352e-05
6.8489e-05
8.552e-05
0.00010238
0.00011898
0.00013528
0.00015118
0.00016664
0.00018157
0.00019592
0.00020961
0.0002226
0.00023482
0.00024621
0.00025671
0.00026629
0.00027489
0.00028246
0.00028898
0.00029439
0.00029868
0.0003018
0.00030375
0.0003045
0.00030403
0.00030235
0.00029944
0.0002953
0.00028995
0.00028339
0.00027564
0.00026672
0.00025666
0.00024549
0.00023323
0.00021994
0.00020566
0.00019044
0.00017433
0.00015739
0.00013968
0.00012126
0.00010221
8.259e-05
6.2482e-05
4.1962e-05
2.1107e-05
1.8191e-17
-2.1277e-05
-4.2638e-05
-6.4e-05
-8.5276e-05
-0.00010638
-0.00012722
-0.00014772
-0.00016779
-0.00018735
-0.00020631
-0.0002246
-0.00024212
-0.00025882
-0.00027461
-0.00028943
-0.0003032
-0.00031586
-0.00032737
-0.00033765
-0.00034666
-0.00035436
-0.0003607
-0.00036564
-0.00036917
-0.00037125
-0.00037186
-0.000371
-0.00036865
-0.00036482
-0.0003595
-0.00035271
-0.00034447
-0.00033479
-0.00032372
-0.00031127
-0.0002975
-0.00028244
-0.00026615
-0.00024869
-0.00023012
-0.0002105
-0.00018991
-0.00016842
-0.00014611
-0.00012307
-9.9376e-05
-7.5131e-05
-5.0422e-05
-2.5345e-05
-2.6195e-17
2.5515e-05
5.1098e-05
7.6648e-05
0.00010206
0.00012724
0.00015207
0.00017646
0.00020031
0.00022352
0.00024599
0.00026762
0.00028833
0.00030803
0.00032662
0.00034403
0.00036019
0.00037502
0.00038844
0.00040041
0.00041086
0.00041974
0.000427
0.00043261
0.00043654
0.00043875
0.00043923
0.00043797
0.00043496
0.0004302
0.0004237
0.00041547
0.00040554
0.00039394
0.00038071
0.00036588
0.0003495
0.00033164
0.00031236
0.00029172
0.00026979
0.00024667
0.00022243
0.00019716
0.00017096
0.00014392
0.00011616
8.7779e-05
5.8882e-05
2.9584e-05
8.796e-18
-2.9753e-05
-5.9558e-05
-8.9297e-05
-0.00011885
-0.0001481
-0.00017692
-0.0002052
-0.00023283
-0.00025969
-0.00028566
-0.00031065
-0.00033454
-0.00035723
-0.00037863
-0.00039864
-0.00041718
-0.00043417
-0.00044952
-0.00046317
-0.00047505
-0.00048511
-0.0004933
-0.00049958
-0.0005039
-0.00050625
-0.0005066
-0.00050494
-0.00050126
-0.00049558
-0.00048789
-0.00047823
-0.00046662
-0.00045309
-0.0004377
-0.00042049
-0.00040151
-0.00038085
-0.00035857
-0.00033474
-0.00030947
-0.00028284
-0.00025494
-0.0002259
-0.00019581
-0.00016478
-0.00013295
-0.00010043
-6.7342e-05
-3.3822e-05
-4.657e-17
3.3992e-05
6.8018e-05
0.00010194
0.00013564
0.00016896
0.00020177
0.00023394
0.00026535
0.00029586
0.00032534
0.00035367
0.00038075
0.00040644
0.00043064
0.00045325
0.00047417
0.00049332
0.00051059
0.00052593
0.00053925
0.00055049
0.00055961
0.00056655
0.00057127
0.00057375
0.00057397
0.0005719
0.00056757
0.00056095
0.00055209
0.00054099
0.0005277
0.00051225
0.00049469
0.0004751
0.00045352
0.00043006
0.00040477
0.00037777
0.00034914
0.000319
0.00028746
0.00025464
0.00022065
0.00018564
0.00014974
0.00011308
7.5802e-05
3.806e-05
2.4408e-17
-3.823e-05
-7.6478e-05
-0.00011459
-0.00015242
-0.00018981
-0.00022662
-0.00026268
-0.00029787
-0.00033203
-0.00036501
-0.0003967
-0.00042695
-0.00045564
-0.00048265
-0.00050786
-0.00053117
-0.00055247
-0.00057167
-0.00058869
-0.00060345
-0.00061587
-0.00062591
-0.00063351
-0.00063864
-0.00064125
-0.00064133
-0.00063887
-0.00063387
-0.00062633
-0.00061628
-0.00060375
-0.00058877
-0.0005714
-0.00055168
-0.0005297
-0.00050553
-0.00047926
-0.00045098
-0.0004208
-0.00038882
-0.00035517
-0.00031998
-0.00028338
-0.0002455
-0.0002065
-0.00016652
-0.00012572
-8.4262e-05
-4.2299e-05
-3.4328e-17
4.2214e-05
8.4092e-05
0.00012547
0.00016619
0.00020608
0.00024501
0.0002828
0.00031933
0.00035445
0.00038803
0.00041993
0.00045006
0.00047828
0.00050449
0.00052861
0.00055054
0.00057021
0.00058755
0.0006025
0.000615
0.00062503
0.00063254
0.00063753
0.00063998
0.0006399
0.00063729
0.00063218
0.00062459
0.00061457
0.00060216
0.00058743
0.00057045
0.00055128
0.00053003
0.00050677
0.00048161
0.00045466
0.00042603
0.00039584
0.00036422
0.0003313
0.00029722
0.00026211
0.00022612
0.0001894
0.00015209
0.00011434
7.6309e-05
3.8145e-05
3.7423e-17
-3.7976e-05
-7.5632e-05
-0.00011282
-0.0001494
-0.00018522
-0.00022016
-0.00025406
-0.00028681
-0.00031828
-0.00034835
-0.00037691
-0.00040385
-0.00042907
-0.00045248
-0.000474
-0.00049355
-0.00051106
-0.00052647
-0.00053974
-0.0005508
-0.00055965
-0.00056624
-0.00057057
-0.00057262
-0.0005724
-0.00056992
-0.00056521
-0.00055828
-0.00054919
-0.00053797
-0.00052467
-0.00050937
-0.00049213
-0.00047303
-0.00045216
-0.0004296
-0.00040545
-0.00037982
-0.00035281
-0.00032455
-0.00029513
-0.0002647
-0.00023337
-0.00020127
-0.00016854
-0.0001353
-0.00010169
-6.7849e-05
-3.3907e-05
-8.4436e-18
3.3737e-05
6.7172e-05
0.00010017
0.00013261
0.00016437
0.00019531
0.00022532
0.00025429
0.00028211
0.00030868
0.00033388
0.00035764
0.00037987
0.00040047
0.00041939
0.00043656
0.00045191
0.0004654
0.00047698
0.00048661
0.00049427
0.00049994
0.0005036
0.00050525
0.0005049
0.00050256
0.00049824
0.00049198
0.00048381
0.00047377
0.00046191
0.0004483
0.00043298
0.00041604
0.00039755
0.00037759
0.00035625
0.00033361
0.00030979
0.00028487
0.00025897
0.00023218
0.00020463
0.00017642
0.00014768
0.00011851
8.9044e-05
5.9389e-05
2.9669e-05
3.9247e-17
-2.9499e-05
-5.8712e-05
-8.7526e-05
-0.00011583
-0.00014351
-0.00017046
-0.00019658
-0.00022178
-0.00024594
-0.000269
-0.00029086
-0.00031143
-0.00033066
-0.00034846
-0.00036479
-0.00037957
-0.00039276
-0.00040432
-0.00041422
-0.00042241
-0.00042889
-0.00043363
-0.00043663
-0.00043788
-0.0004374
-0.00043519
-0.00043127
-0.00042567
-0.00041843
-0.00040957
-0.00039915
-0.00038722
-0.00037383
-0.00035905
-0.00034294
-0.00032558
-0.00030704
-0.00028741
-0.00026676
-0.00024519
-0.0002228
-0.00019966
-0.00017589
-0.00015158
-0.00012682
-0.00010173
-7.6395e-05
-5.0929e-05
-2.543e-05
-1.5031e-17
2.5261e-05
5.0252e-05
7.4878e-05
9.9041e-05
0.00012265
0.00014561
0.00016784
0.00018926
0.00020978
0.00022932
0.00024783
0.00026523
0.00028145
0.00029645
0.00031018
0.00032258
0.00033361
0.00034325
0.00035146
0.00035822
0.00036351
0.00036733
0.00036966
0.00037052
0.0003699
0.00036782
0.0003643
0.00035937
0.00035305
0.00034538
0.00033639
0.00032614
0.00031468
0.00030206
0.00028833
0.00027357
0.00025784
0.0002412
0.00022374
0.00020552
0.00018663
0.00016714
0.00014715
0.00012673
0.00010596
8.494e-05
6.3747e-05
4.2469e-05
2.1192e-05
1.6141e-17
-2.1022e-05
-4.1792e-05
-6.2229e-05
-8.2254e-05
-0.00010179
-0.00012076
-0.0001391
-0.00015674
-0.00017361
-0.00018965
-0.0002048
-0.00021902
-0.00023225
-0.00024445
-0.00025557
-0.00026558
-0.00027446
-0.00028217
-0.0002887
-0.00029402
-0.00029813
-0.00030102
-0.00030269
-0.00030315
-0.0003024
-0.00030046
-0.00029734
-0.00029307
-0.00028767
-0.00028118
-0.00027363
-0.00026507
-0.00025553
-0.00024507
-0.00023373
-0.00022156
-0.00020863
-0.00019499
-0.00018071
-0.00016584
-0.00015046
-0.00013463
-0.00011841
-0.00010188
-8.5103e-05
-6.8153e-05
-5.1099e-05
-3.4009e-05
-1.6953e-05
-1.5796e-17
1.6784e-05
3.3332e-05
4.9581e-05
6.5468e-05
8.0932e-05
9.5915e-05
0.00011036
0.00012422
0.00013744
0.00014997
0.00016178
0.00017281
0.00018304
0.00019244
0.00020096
0.00020859
0.00021531
0.00022109
0.00022594
0.00022982
0.00023275
0.00023472
0.00023573
0.00023578
0.0002349
0.00023309
0.00023037
0.00022676
0.00022229
0.00021698
0.00021087
0.00020399
0.00019638
0.00018807
0.00017912
0.00016955
0.00015943
0.00014879
0.00013768
0.00012617
0.00011429
0.00010211
8.9669e-05
7.703e-05
6.4245e-05
5.1367e-05
3.8451e-05
2.5549e-05
1.2715e-05
2.5617e-18
-1.2546e-05
-2.4872e-05
-3.6933e-05
-4.8681e-05
-6.0073e-05
-7.1066e-05
-8.1622e-05
-9.1702e-05
-0.00010127
-0.0001103
-0.00011875
-0.00012661
-0.00013384
-0.00014043
-0.00014635
-0.0001516
-0.00015616
-0.00016002
-0.00016318
-0.00016563
-0.00016737
-0.00016841
-0.00016876
-0.00016842
-0.0001674
-0.00016572
-0.0001634
-0.00016046
-0.00015691
-0.00015279
-0.00014811
-0.00014292
-0.00013723
-0.00013108
-0.00012451
-0.00011754
-0.00011022
-0.00010258
-9.4657e-05
-8.6493e-05
-7.8124e-05
-6.9589e-05
-6.0929e-05
-5.2182e-05
-4.3386e-05
-3.458e-05
-2.5802e-05
-1.7089e-05
-8.4767e-06
-1.074e-17
8.3072e-06
1.6412e-05
2.4285e-05
3.1894e-05
3.9214e-05
4.6218e-05
5.2882e-05
5.9183e-05
6.5103e-05
7.0622e-05
7.5726e-05
8.04e-05
8.4633e-05
8.8416e-05
9.1743e-05
9.4607e-05
9.7007e-05
9.8943e-05
0.00010042
0.00010143
0.00010199
0.00010211
0.00010179
0.00010105
9.99e-05
9.8356e-05
9.6434e-05
9.4152e-05
9.1531e-05
8.8591e-05
8.5353e-05
8.1842e-05
7.8079e-05
7.409e-05
6.9899e-05
6.5532e-05
6.1015e-05
5.6372e-05
5.1631e-05
4.6817e-05
4.1955e-05
3.7071e-05
3.2189e-05
2.7333e-05
2.2527e-05
1.7794e-05
1.3154e-05
8.6292e-06
4.2384e-06
2.2687e-18
-4.0688e-06
-7.9524e-06
-1.1636e-05
-1.5108e-05
-1.8356e-05
-2.137e-05
-2.4142e-05
-2.6665e-05
-2.8935e-05
-3.0947e-05
-3.27e-05
-3.4193e-05
-3.5428e-05
-3.6407e-05
-3.7134e-05
-3.7615e-05
-3.7856e-05
-3.7867e-05
-3.7656e-05
-3.7234e-05
-3.6612e-05
-3.5804e-05
-3.4823e-05
-3.3683e-05
-3.24e-05
-3.0989e-05
-2.9466e-05
-2.7848e-05
-2.6152e-05
-2.4395e-05
-2.2594e-05
-2.0766e-05
-1.8928e-05
-1.7098e-05
-1.529e-05
-1.3523e-05
-1.1809e-05
-1.0166e-05
-8.6052e-06
-7.1416e-06
-5.7869e-06
-4.5526e-06
-3.4488e-06
-2.4848e-06
-1.6687e-06
-1.0072e-06
-5.0593e-07
-1.692e-07
-0
-0
0
0
0
0
0
0
0
0
0
0
0
0
0
0
0
0
0
0
0
0
0
0
0
0
0
0
0
0
0
0
0
0
0
0
0
0
0
0
0
0
0
0
0
0
0
0
0
0
0
0
-0
-0
-0
-0
-0
-0
-0
-0
-0
-0
-0
-0
-0
-0
-0
-0
-0
-0
-0
-0
-0
-0
-0
-0
-0
-0
-0
-0
-0
-0
-0
-0
-0
-0
-0
-0
-0
-0
-0
-0
-0
-0
-0
-0
-0
-0
-0
-0
-0
-0
0
0
0
0
0
0
0
0
0
0
0
0
0
0
0
0
0
0
0
0
0
0
0
0
0
0
0
0
0
0
0
0
0
0
0
0
0
0
0
0
0
0
0
0
0
0
0
0
0
0
-0
-0
-0
-0
-0
-0
-0
-0
-0
-0
-0
-0
-0
-0
-0
-0
-0
-0
-0
-0
-0
-0
-0
-0
-0
-0
-0
-0
-0
-0
-0
-0
-0
-0
-0
-0
-0
-0
-0
-0
-0
-0
-0
-0
-0
-0
-0
-0
-0
-0
0
0
0
0
0
0
0
0
0
0
0
0
0
0
0
0
0
0
0
0
0
0
0
0
0
0
0
0
0
0
0
0
0
0
0
0
0
0
0
0
0
0
0
0
0
0
0
0
0
0
-0
-0
-0
-0
-0
-0
-0
-0
-0
-0
-0
-0
-0
-0
-0
-0
-0
-0
-0
-0
-0
-0
-0
-0
-0
-0
-0
-0
-0
-0
-0
-0
-0
-0
-0
-0
-0
-0
-0
-0
-0
-0
-0
-0
-0
-0
-0
-0
-0
-0
0
0
0
0
0
0
0
0
0
0
0
0
0
0
0
0
0
0
0
0
0
0
0
0
0
0
0
0
0
0
0
0
0
0
0
0
0
0
0
0
0
0
0
0
0
0
0
0
0
0
-0
-0
-0
-0
-0
-0
-0
-0
-0
-0
-0
-0
-0
-0
-0
-0
-0
-0
-0
-0
-0
-0
-0
-0
-0
-0
-0
-0
-0
-0
-0
-0
-0
-0
-0
-0
-0
-0
-0
-0
-0
-0
-0
-0
-0
-0
-0
-0
-0
-0
0
0
0
0
0
0
0
0
0
0
0
0
0
0
0
0
0
0
0
0
0
0
0
0
0
0
0
0
0
0
0
0
0
0
0
0
0
0
0
0
0
0
0
0
0
0
0
0
0
0
-0
-0
-0
-0
-0
-0
-0
-0
-0
-0
-0
-0
-0
-0
-0
-0
-0
-0
-0
-0
-0
-0
-0
-0
-0
-0
-0
-0
-0
-0
-0
-0
-0
-0
-0
-0
-0
-0
-0
-0
-0
-0
-0
-0
-0
-0
-0
-0
-0
-0
0
0
0
0
0
0
0
0
0
0
0
0
0
0
0
0
0
0
0
0
0
0
0
0
0
0
0
0
0
0
0
0
0
0
0
0
0
0
0
0
0
0
0
0
0
0
0
0
0
0
-0
-0
-0
-0
-0
-0
-0
-0
-0
-0
-0
-0
-0
-0
-0
-0
-0
-0
-0
-0
-0
-0
-0
-0
-0
-0
-0
-0
-0
-0
-0
-0
-0
-0
-0
-0
-0
-0
-0
-0
-0
-0
-0
-0
-0
-0
-0
-0
-0
-0
0
0
0
0
0
0
0
0
0
0
0
0
0
0
0
0
0
0
0
0
0
0
0
0
0
0
0
0
0
0
0
0
0
0
0
0
0
0
0
0
0
0
0
0
0
0
0
0
0
0
-0
-0
-0
-0
-0
-0
-0
-0
-0
-0
-0
-0
-0
-0
-0
-0
-0
-0
-0
-0
-0
-0
-0
-0
-0
-0
-0
-0
-0
-0
-0
-0
-0
-0
-0
-0
-0
-0
-0
-0
-0
-0
-0
-0
-0
-0
-0
-0
-0
-0
0
0
0
0
0
0
0
0
0
0
0
0
0
0
0
0
0
0
0
0
0
0
0
0
0
0
0
0
0
0
0
0
0
0
0
0
0
0
0
0
0
0
0
0
0
0
0
0
0
0
-0
-0
-0
-0
-0
-0
-0
-0
-0
-0
-0
-0
-0
-0
-0
-0
-0
-0
-0
-0
-0
-0
-0
-0
-0
-0
-0
-0
-0
-0
-0
-0
-0
-0
-0
-0
-0
-0
-0
-0
-0
-0
-0
-0
-0
-0
-0
-0
-0
-0
0
0
0
0
0
0
0
0
0
0
0
0
0
0
0
0
0
0
0
0
0
0
0
0
0
0
0
0
0
0
0
0
0
0
0
0
0
0
0
0
0
0
0
0
0
0
0
0
0
0
-0
-0
-0
-0
-0
-0
-0
-0
-0
-0
-0
-0
-0
-0
-0
-0
-0
-0
-0
-0
-0
-0
-0
-0
-0
-0
-0
-0
-0
-0
-0
-0
-0
-0
-0
-0
-0
-0
-0
-0
-0
-0
-0
-0
-0
-0
-0
-0
-0
-0
0
0
0
0
0
0
0
0
0
0
0
0
0
0
0
0
0
0
0
0
0
0
0
0
0
0
0
0
0
0
0
0
0
0
0
0
0
0
0
0
0
0
0
0
0
0
0
0
0
0
-0
-0
-0
-0
-0
-0
-0
-0
-0
-0
-0
-0
-0
-0
-0
-0
-0
-0
-0
-0
-0
-0
-0
-0
-0
-0
-0
-0
-0
-0
-0
-0
-0
-0
-0
-0
-0
-0
-0
-0
-0
-0
-0
-0
-0
-0
-0
-0
-0
-0
0
0
0
0
0
0
0
0
0
0
0
0
0
0
0
0
0
0
0
0
0
0
0
0
0
0
0
0
0
0
0
0
0
0
0
0
0
0
0
0
0
0
0
0
0
0
0
0
0
0
-0
-0
-0
-0
-0
-0
-0
-0
-0
-0
-0
-0
-0
-0
-0
-0
-0
-0
-0
-0
-0
-0
-0
-0
-0
-0
-0
-0
-0
-0
-0
-0
-0
-0
-0
-0
-0
-0
-0
-0
-0
-0
-0
-0
-0
-0
-0
-0
-0
0
0
0
0
0
0
0
0
0
0
0
0
0
0
0
0
0
0
0
0
0
0
0
0
0
0
0
0
0
0
0
0
0
0
0
0
0
0
0
0
0
0
0
0
0
0
0
0
0
0
0
-0
-0
-0
-0
-0
-0
-0
-0
-0
-0
-0
-0
-0
-0
-0
-0
-0
-0
-0
-0
-0
-0
-0
-0
-0
-0
-0
-0
-0
-0
-0
-0
-0
-0
-0
-0
-0
-0
-0
-0
-0
-0
-0
-0
-0
-0
-0
-0
-0
-0
0
0
0
0
0
0
0
0
0
0
0
0
0
0
0
0
0
0
0
0
0
0
0
0
0
0
0
0
0
0
0
0
0
0
0
0
0
0
0
0
0
0
0
0
0
0
0
0
0
-0
-0
-0
-0
-0
-0
-0
-0
-0
-0
-0
-0
-0
-0
-0
-0
-0
-0
-0
-0
-0
-0
-0
-0
-0
-0
-0
-0
-0
-0
-0
-0
-0
-0
-0
-0
-0
-0
-0
-0
-0
-0
-0
-0
-0
-0
-0
-0
-0
-0
-0
0
0
0
0
0
0
0
0
0
0
0
0
0
0
0
0
0
0
0
0
0
0
0
0
0
0
0
0
0
0
0
0
0
0
0
0
0
0
0
0
0
0
0
0
0
0
0
0
0
0
-0
-0
-0
-0
-0
-0
-0
-0
-0
-0
-0
-0
-0
-0
-0
-0
-0
-0
-0
-0
-0
-0
-0
-0
-0
-0
-0
-0
-0
-0
-0
-0
-0
-0
-0
-0
-0
-0
-0
-0
-0
-0
-0
-0
-0
-0
-0
-0
-0
-0
0
0
0
0
0
0
0
0
0
0
0
0
0
0
0
0
0
0
0
0
0
0
0
0
0
0
0
0
0
0
0
0
0
0
0
0
0
0
0
0
0
0
0
0
0
0
0
0
0
0
-0
-0
-0
-0
-0
-0
-0
-0
-0
-0
-0
-0
-0
-0
-0
-0
-0
-0
-0
-0
-0
-0
-0
-0
-0
-0
-0
-0
-0
-0
-0
-0
-0
-0
-0
-0
-0
-0
-0
-0
-0
-0
-0
-0
-0
-0
-0
-0
-0
0
0
0
0
0
0
0
0
0
0
0
0
0
0
0
0
0
0
0
0
0
0
0
0
0
0
0
0
0
0
0
0
0
0
0
0
0
0
0
0
0
0
0
0
0
0
0
0
0
0
0
-0
-0
-0
-0
-0
-0
-0
-0
-0
-0
-0
-0
-0
-0
-0
-0
-0
-0
-0
-0
-0
-0
-0
-0
-0
-0
-0
-0
-0
-0
-0
-0
-0
-0
-0
-0
-0
-0
-0
-0
-0
-0
-0
-0
-0
-0
-0
-0
-0
0
0
0
0
0
0
0
0
0
0
0
0
0
0
0
0
0
0
0
0
0
0
0
0
0
0
0
0
0
0
0
0
0
0
0
0
0
0
0
0
0
0
0
0
0
0
0
0
0
0
0
-0
-0
-0
-0
-0
-0
-0
-0
-0
-0
-0
-0
-0
-0
-0
-0
-0
-0
-0
-0
-0
-0
-0
-0
-0
-0
-0
-0
-0
-0
-0
-0
-0
-0
-0
-0
-0
-0
-0
-0
-0
-0
-0
-0
-0
-0
-0
-0
-0
-0
0
0
0
0
0
0
0
0
0
0
0
0
0
0
0
0
0
0
0
0
0
0
0
0
0
0
0
0
0
0
0
0
0
0
0
0
0
0
0
0
0
0
0
0
0
0
0
0
0
0
-0
-0
-0
-0
-0
-0
-0
-0
-0
-0
-0
-0
-0
-0
-0
-0
-0
-0
-0
-0
-0
-0
-0
-0
-0
-0
-0
-0
-0
-0
-0
-0
-0
-0
-0
-0
-0
-0
-0
-0
-0
-0
-0
-0
-0
-0
-0
-0
-0
-0
0
0
0
0
0
0
0
0
0
0
0
0
0
0
0
0
0
0
0
0
0
0
0
0
0
0
0
0
0
0
0
0
0
0
0
0
0
0
0
0
0
0
0
0
0
0
0
0
0
0
-0
-0
-0
-0
-0
-0
-0
-0
-0
-0
-0
-0
-0
-0
-0
-0
-0
-0
-0
-0
-0
-0
-0
-0
-0
-0
-0
-0
-0
-0
-0
-0
-0
-0
-0
-0
-0
-0
-0
-0
-0
-0
-0
-0
-0
-0
-0
-0
-0
-0
0
0
0
0
0
0
0
0
0
0
0
0
0
0
0
0
0
0
0
0
0
0
0
0
0
0
0
0
0
0
0
0
0
0
0
0
0
0
0
0
0
0
0
0
0
0
0
0
0
0
-0
-0
-0
-0
-0
-0
-0
-0
-0
-0
-0
-0
-0
-0
-0
-0
-0
-0
-0
-0
-0
-0
-0
-0
-0
-0
-0
-0
-0
-0
-0
-0
-0
-0
-0
-0
-0
-0
-0
-0
-0
-0
-0
-0
-0
-0
-0
-0
-0
0
0
0
0
0
0
0
0
0
0
0
0
0
0
0
0
0
0
0
0
0
0
0
0
0
0
0
0
0
0
0
0
0
0
0
0
0
0
0
0
0
0
0
0
0
0
0
0
0
0
0
-0
-0
-0
-0
-0
-0
-0
-0
-0
-0
-0
-0
-0
-0
-0
-0
-0
-0
-0
-0
-0
-0
-0
-0
-0
-0
-0
-0
-0
-0
-0
-0
-0
-0
-0
-0
-0
-0
-0
-0
-0
-0
-0
-0
-0
-0
-0
-0
-0
0
0
0
0
0
0
0
0
0
0
0
0
0
0
0
0
0
0
0
0
0
0
0
0
0
0
0
0
0
0
0
0
0
0
0
0
0
0
0
0
0
0
0
0
0
0
0
0
0
0
0
-0
-0
-0
-0
-0
-0
-0
-0
-0
-0
-0
-0
-0
-0
-0
-0
-0
-0
-0
-0
-0
-0
-0
-0
-0
-0
-0
-0
-0
-0
-0
-0
-0
-0
-0
-0
-0
-0
-0
-0
-0
-0
-0
-0
-0
-0
-0
-0
-0
-0
0
0
0
0
0
0
0
0
0
0
0
0
0
0
0
0
0
0
0
0
0
0
0
0
0
0
0
0
0
0
0
0
0
0
0
0
0
0
0
0
0
0
0
0
0
0
0
0
0
0
-0
-0
-0
-0
-0
-0
-0
-0
-0
-0
-0
-0
-0
-0
-0
-0
-0
-0
-0
-0
-0
-0
-0
-0
-0
-0
-0
-0
-0
-0
-0
-0
-0
-0
-0
-0
-0
-0
-0
-0
-0
-0
-0
-0
-0
-0
-0
-0
-0
-0
0
0
0
0
0
0
0
0
0
0
0
0
0
0
0
0
0
0
0
0
0
0
0
0
0
0
0
0
0
0
0
0
0
0
0
0
0
0
0
0
0
0
0
0
0
0
0
0
0
0
-0
-0
-0
-0
-0
-0
-0
-0
-0
-0
-0
-0
-0
-0
-0
-0
-0
-0
-0
-0
-0
-0
-0
-0
-0
-0
-0
-0
-0
-0
-0
-0
-0
-0
-0
-0
-0
-0
-0
-0
-0
-0
-0
-0
-0
-0
-0
-0
-0
-0
0
0
0
0
0
0
0
0
0
0
0
0
0
0
0
0
0
0
0
0
0
0
0
0
0
0
0
0
0
0
0
0
0
0
0
0
0
0
0
0
0
0
0
0
0
0
0
0
0
0
-0
-0
-0
-0
-0
-0
-0
-0
-0
-0
-0
-0
-0
-0
-0
-0
-0
-0
-0
-0
-0
-0
-0
-0
-0
-0
-0
-0
-0
-0
-0
-0
-0
-0
-0
-0
-0
-0
-0
-0
-0
-0
-0
-0
-0
-0
-0
-0
-0
0
0
0
0
0
0
0
0
0
0
0
0
0
0
0
0
0
0
0
0
0
0
0
0
0
0
0
0
0
0
0
0
0
0
0
0
0
0
0
0
0
0
0
0
0
0
0
0
0
0
0
-0
-0
-0
-0
-0
-0
-0
-0
-0
-0
-0
-0
-0
-0
-0
-0
-0
-0
-0
-0
-0
-0
-0
-0
-0
-0
-0
-0
-0
-0
-0
-0
-0
-0
-0
-0
-0
-0
-0
-0
-0
-0
-0
-0
-0
-0
-0
-0
-0
0
0
0
0
0
0
0
0
0
0
0
0
0
0
0
0
0
0
0
0
0
0
0
0
0
0
0
0
0
0
0
0
0
0
0
0
0
0
0
0
0
0
0
0
0
0
0
0
0
0
0
-0
-0
-0
-0
-0
-0
-0
-0
-0
-0
-0
-0
-0
-0
-0
-0
-0
-0
-0
-0
-0
-0
-0
-0
-0
-0
-0
-0
-0
-0
-0
-0
-0
-0
-0
-0
-0
-0
-0
-0
-0
-0
-0
-0
-0
-0
-0
-0
-0
-0
0
0
0
0
0
0
0
0
0
0
0
0
0
0
0
0
0
0
0
0
0
0
0
0
0
0
0
0
0
0
0
0
0
0
0
0
0
0
0
0
0
0
0
0
0
0
0
0
0
0
-0
-0
-0
-0
-0
-0
-0
-0
-0
-0
-0
-0
-0
-0
-0
-0
-0
-0
-0
-0
-0
-0
-0
-0
-0
-0
-0
-0
-0
-0
-0
-0
-0
-0
-0
-0
-0
-0
-0
-0
-0
-0
-0
-0
-0
-0
-0
-0
-0
-0
0
0
0
0
0
0
0
0
0
0
0
0
0
0
0
0
0
0
0
0
0
0
0
0
0
0
0
0
0
0
0
0
0
0
0
0
0
0
0
0
0
0
0
0
0
0
0
0
0
0
-0
-0
-0
-0
-0
-0
-0
-0
-0
-0
-0
-0
-0
-0
-0
-0
-0
-0
-0
-0
-0
-0
-0
-0
-0
-0
-0
-0
-0
-0
-0
-0
-0
-0
-0
-0
-0
-0
-0
-0
-0
-0
-0
-0
-0
-0
-0
-0
-0
-0
0
0
0
0
0
0
0
0
0
0
0
0
0
0
0
0
0
0
0
0
0
0
0
0
0
0
0
0
0
0
0
0
0
0
0
0
0
0
0
0
0
0
0
0
0
0
0
0
0
0
-0
-0
-0
-0
-0
-0
-0
-0
-0
-0
-0
-0
-0
-0
-0
-0
-0
-0
-0
-0
-0
-0
-0
-0
-0
-0
-0
-0
-0
-0
-0
-0
-0
-0
-0
-0
-0
-0
-0
-0
-0
-0
-0
-0
-0
-0
-0
-0
-0
0
0
0
0
0
0
0
0
0
0
0
0
0
0
0
0
0
0
0
0
0
0
0
0
0
0
0
0
0
0
0
0
0
0
0
0
0
0
0
0
0
0
0
0
0
0
0
0
0
0
0
-0
-0
-0
-0
-0
-0
-0
-0
-0
-0
-0
-0
-0
-0
-0
-0
-0
-0
-0
-0
-0
-0
-0
-0
-0
-0
-0
-0
-0
-0
-0
-0
-0
-0
-0
-0
-0
-0
-0
-0
-0
-0
-0
-0
-0
-0
-0
-0
-0
0
0
0
0
0
0
0
0
0
0
0
0
0
0
0
0
0
0
0
0
0
0
0
0
0
0
0
0
0
0
0
0
0
0
0
0
0
0
0
0
0
0
0
0
0
0
0
0
0
0
0
-0
-0
-0
-0
-0
-0
-0
-0
-0
-0
-0
-0
-0
-0
-0
-0
-0
-0
-0
-0
-0
-0
-0
-0
-0
-0
-0
-0
-0
-0
-0
-0
-0
-0
-0
-0
-0
-0
-0
-0
-0
-0
-0
-0
-0
-0
-0
-0
-0
0
