-0
-0
-0
-0
-0
-0
-0
-0
-0
-0
-0
-0
-0
-0
-0
-0
-0
-0
-0
-0
-0
-0
-0
-0
-0
-0
-0
-0
-0
-0
-0
-0
-0
-0
-0
-0
-0
-0
-0
-0
-0
-0
-0
-0
-0
-0
-0
-0
-0
-0
-0
0
0
0
0
0
0
0
0
0
0
0
0
0
0
0
0
0
0
0
0
0
0
0
0
0
0
0
0
0
0
0
0
0
0
0
0
0
0
0
0
0
0
0
0
0
0
0
0
0
0
-0
-0
-0
-0
-0
-0
-0
-0
-0
-0
-0
-0
-0
-0
-0
-0
-0
-0
-0
-0
-0
-0
-0
-0
-0
-0
-0
-0
-0
-0
-0
-0
-0
-0
-0
-0
-0
-0
-0
-0
-0
-0
-0
-0
-0
-0
-0
-0
-0
-0
0
0
0
0
0
0
0
0
0
0
0
0
0
0
0
0
0
0
0
0
0
0
0
0
0
0
0
0
0
0
0
0
0
0
0
0
0
0
0
0
0
0
0
0
0
0
0
0
0
0
-0
-0
-0
-0
-0
-0
-0
-0
-0
-0
-0
-0
-0
-0
-0
-0
-0
-0
-0
-0
-0
-0
-0
-0
-0
-0
-0
-0
-0
-0
-0
-0
-0
-0
-0
-0
-0
-0
-0
-0
-0
-0
-0
-0
-0
-0
-0
-0
-0
-0
0
0
0
0
0
0
0
0
0
0
0
0
0
0
0
0
0
0
0
0
0
0
0
0
0
0
0
0
0
0
0
0
0
0
0
0
0
0
0
0
0
0
0
0
0
0
0
0
0
0
-0
-0
-0
-0
-0
-0
-0
-0
-0
-0
-0
-0
-0
-0
-0
-0
-0
-0
-0
-0
-0
-0
-0
-0
-0
-0
-0
-0
-0
-0
-0
-0
-0
-0
-0
-0
-0
-0
-0
-0
-0
-0
-0
-0
-0
-0
-0
-0
-0
0
0
0
0
0
0
0
0
0
0
0
0
0
0
0
0
0
0
0
0
0
0
0
0
0
0
0
0
0
0
0
0
0
0
0
0
0
0
0
0
0
0
0
0
0
0
0
0
0
0
0
-0
-0
-0
-0
-0
-0
-0
-0
-0
-0
-0
-0
-0
-0
-0
-0
-0
-0
-0
-0
-0
-0
-0
-0
-0
-0
-0
-0
-0
-0
-0
-0
-0
-0
-0
-0
-0
-0
-0
-0
-0
-0
-0
-0
-0
-0
-0
-0
-0
-0
0
0
0
0
0
0
0
0
0
0
0
0
0
0
0
0
0
0
0
0
0
0
0
0
0
0
0
0
0
0
0
0
0
0
0
0
0
0
0
0
0
0
0
0
0
0
0
0
0
0
-0
-0
-0
-0
-0
-0
-0
-0
-0
-0
-0
-0
-0
-0
-0
-0
-0
-0
-0
-0
-0
-0
-0
-0
-0
-0
-0
-0
-0
-0
-0
-0
-0
-0
-0
-0
-0
-0
-0
-0
-0
-0
-0
-0
-0
-0
-0
-0
-0
0
0
0
0
0
0
0
0
0
0
0
0
0
0
0
0
0
0
0
0
0
0
0
0
0
0
0
0
0
0
0
0
0
0
0
0
0
0
0
0
0
0
0
0
0
0
0
0
0
0
0
-0
-0
-0
-0
-0
-0
-0
-0
-0
-0
-0
-0
-0
-0
-0
-0
-0
-0
-0
-0
-0
-0
-0
-0
-0
-0
-0
-0
-0
-0
-0
-0
-0
-0
-0
-0
-0
-0
-0
-0
-0
-0
-0
-0
-0
-0
-0
-0
-0
0
0
0
0
0
0
0
0
0
0
0
0
0
0
0
0
0
0
0
0
0
0
0
0
0
0
0
0
0
0
0
0
0
0
0
0
0
0
0
0
0
0
0
0
0
0
0
0
0
0
-0
-0
-0
-0
-0
-0
-0
-0
-0
-0
-0
-0
-0
-0
-0
-0
-0
-0
-0
-0
-0
-0
-0
-0
-0
-0
-0
-0
-0
-0
-0
-0
-0
-0
-0
-0
-0
-0
-0
-0
-0
-0
-0
-0
-0
-0
-0
-0
-0
-0
-0
0
0
0
0
0
0
0
0
0
0
0
0
0
0
0
0
0
0
0
0
0
0
0
0
0
0
0
0
0
0
0
0
0
0
0
0
0
0
0
0
0
0
0
0
0
0
0
0
0
0
-0
-0
-0
-0
-0
-0
-0
-0
-0
-0
-0
-0
-0
-0
-0
-0
-0
-0
-0
-0
-0
-0
-0
-0
-0
-0
-0
-0
-0
-0
-0
-0
-0
-0
-0
-0
-0
-0
-0
-0
-0
-0
-0
-0
-0
-0
-0
-0
-0
-0
0
0
0
0
0
0
0
0
0
0
0
0
0
0
0
0
0
0
0
0
0
0
0
0
0
0
0
0
0
0
0
0
0
0
0
0
0
0
0
0
0
0
0
0
0
0
0
0
0
0
-0
-0
-0
-0
-0
-0
-0
-0
-0
-0
-0
-0
-0
-0
-0
-0
-0
-0
-0
-0
-0
-0
-0
-0
-0
-0
-0
-0
-0
-0
-0
-0
-0
-0
-0
-0
-0
-0
-0
-0
-0
-0
-0
-0
-0
-0
-0
-0
-0
0
0
0
0
0
0
0
0
0
0
0
0
0
0
0
0
0
0
0
0
0
0
0
0
0
0
0
0
0
0
0
0
0
0
0
0
0
0
0
0
0
0
0
0
0
0
0
0
0
0
0
-0
-0
-0
-0
-0
-0
-0
-0
-0
-0
-0
-0
-0
-0
-0
-0
-0
-0
-0
-0
-0
-0
-0
-0
-0
-0
-0
-0
-0
-0
-0
-0
-0
-0
-0
-0
-0
-0
-0
-0
-0
-0
-0
-0
-0
-0
-0
-0
-0
0
0
0
0
0
0
0
0
0
0
0
0
0
0
0
0
0
0
0
0
0
0
0
0
0
0
0
0
0
0
0
0
0
0
0
0
0
0
0
0
0
0
0
0
0
0
0
0
0
0
-0
-0
-0
-0
-0
-0
-0
-0
-0
-0
-0
-0
-0
-0
-0
-0
-0
-0
-0
-0
-0
-0
-0
-0
-0
-0
-0
-0
-0
-0
-0
-0
-0
-0
-0
-0
-0
-0
-0
-0
-0
-0
-0
-0
-0
-0
-0
-0
-0
-0
0
0
0
0
0
0
0
0
0
0
0
0
0
0
0
0
0
0
0
0
0
0
0
0
0
0
0
0
0
0
0
0
0
0
0
0
0
0
0
0
0
0
0
0
0
0
0
0
0
0
0
-0
-0
-0
-0
-0
-0
-0
-0
-0
-0
-0
-0
-0
-0
-0
-0
-0
-0
-0
-0
-0
-0
-0
-0
-0
-0
-0
-0
-0
-0
-0
-0
-0
-0
-0
-0
-0
-0
-0
-0
-0
-0
-0
-0
-0
-0
-0
-0
-0
0
0
0
0
0
0
0
0
0
0
0
0
0
0
0
0
0
0
0
0
0
0
0
0
0
0
0
0
0
0
0
0
0
0
0
0
0
0
0
0
0
0
0
0
0
0
0
0
0
0
-0
-0
-0
-0
-0
-0
-0
-0
-0
-0
-0
-0
-0
-0
-0
-0
-0
-0
-0
-0
-0
-0
-0
-0
-0
-0
-0
-0
-0
-0
-0
-0
-0
-0
-0
-0
-0
-0
-0
-0
-0
-0
-0
-0
-0
-0
-0
-0
-0
-0
0
0
0
0
0
0
0
0
0
0
0
0
0
0
0
0
0
0
0
0
0
0
0
0
0
0
0
0
0
0
0
0
0
0
0
0
0
0
0
0
0
0
0
0
0
0
0
0
0
0
-0
-0
-0
-0
-0
-0
-0
-0
-0
-0
-0
-0
-0
-0
-0
-0
-0
-0
-0
-0
-0
-0
-0
-0
-0
-0
-0
-0
-0
-0
-0
-0
-0
-0
-0
-0
-0
-0
-0
-0
-0
-0
-0
-0
-0
-0
-0
-0
-0
-0
0
0
0
0
0
0
0
0
0
0
0
0
0
0
0
0
0
0
0
0
0
0
0
0
0
0
0
0
0
0
0
0
0
0
0
0
0
0
0
0
0
0
0
0
0
0
0
0
0
0
0
-0
-0
-0
-0
-0
-0
-0
-0
-0
-0
-0
-0
-0
-0
-0
-0
-0
-0
-0
-0
-0
-0
-0
-0
-0
-0
-0
-0
-0
-0
-0
-0
-0
-0
-0
-0
-0
-0
-0
-0
-0
-0
-0
-0
-0
-0
-0
-0
-0
-0
0
0
0
0
0
0
0
0
0
0
0
0
0
0
0
0
0
0
0
0
0
0
0
0
0
0
0
0
0
0
0
0
0
0
0
0
0
0
0
0
0
0
0
0
0
0
0
0
0
0
-0
-0
-0
-0
-0
-0
-0
-0
-0
-0
-0
-0
-0
-0
-0
-0
-0
-0
-0
-0
-0
-0
-0
-0
-0
-0
-0
-0
-0
-0
-0
-0
-0
-0
-0
-0
-0
-0
-0
-0
-0
-0
-0
-0
-0
-0
-0
-0
-0
-0
0
0
0
0
0
0
0
0
0
0
0
0
0
0
0
0
0
0
0
0
0
0
0
0
0
0
0
0
0
0
0
0
0
0
0
0
0
0
0
0
0
0
0
0
0
0
0
0
0
0
-0
-0
-0
-0
-0
-0
-0
-0
-0
-0
-0
-0
-0
-0
-0
-0
-0
-0
-0
-0
-0
-0
-0
-0
-0
-0
-0
-0
-0
-0
-0
-0
-0
-0
-0
-0
-0
-0
-0
-0
-0
-0
-0
-0
-0
-0
-0
-0
-0
-0
0
0
0
0
0
0
0
0
0
0
0
0
0
0
0
0
0
0
0
0
0
0
0
0
0
0
0
0
0
0
0
0
0
0
0
0
0
0
0
0
0
0
0
0
0
0
0
0
0
0
-0
-0
-0
-0
-0
-0
-0
-0
-0
-0
-0
-0
-0
-0
-0
-0
-0
-0
-0
-0
-0
-0
-0
-0
-0
-0
-0
-0
-0
-0
-0
-0
-0
-0
-0
-0
-0
-0
-0
-0
-0
-0
-0
-0
-0
-0
-0
-0
-0
-0
0
0
0
0
0
0
0
0
0
0
0
0
0
0
0
0
0
0
0
0
0
0
0
0
0
0
0
0
0
0
0
0
0
0
0
0
0
0
0
0
0
0
0
0
0
0
0
0
0
-0
-0
-0
-0
-0
-0
-0
-0
-0
-0
-0
-0
-0
-0
-0
-0
-0
-0
-0
-0
-0
-0
-0
-0
-0
-0
-0
-0
-0
-0
-0
-0
-0
-0
-0
-0
-0
-0
-0
-0
-0
-0
-0
-0
-0
-0
-0
-0
-0
-0
-0
0
0
0
0
0
0
0
0
0
0
0
0
0
0
0
0
0
0
0
0
0
0
0
0
0
0
0
0
0
0
0
0
0
0
0
0
0
0
0
0
0
0
0
0
0
0
0
0
0
0
-1.2715e-08
-5.076e-08
-1.1383e-07
-2.0144e-07
-3.1288e-07
-4.4727e-07
-6.0354e-07
-7.8044e-07
-9.7654e-07
-1.1903e-06
-1.4199e-06
-1.6634e-06
-1.919e-06
-2.1844e-06
-2.4574e-06
-2.7356e-06
-3.0167e-06
-3.2981e-06
-3.5773e-06
-3.8518e-06
-4.1189e-06
-4.3761e-06
-4.6208e-06
-4.8504e-06
-5.0625e-06
-5.2546e-06
-5.4244e-06
-5.5696e-06
-5.688e-06
-5.7777e-06
-5.8367e-06
-5.8633e-06
-5.8559e-06
-5.8132e-06
-5.7339e-06
-5.617e-06
-5.4618e-06
-5.2676e-06
-5.0341e-06
-4.7611e-06
-4.4487e-06
-4.0973e-06
-3.7075e-06
-3.28e-06
-2.8159e-06
-2.3165e-06
-1.7834e-06
-1.2182e-06
-6.2304e-07
-1.5875e-19
6.4847e-07
1.3198e-06
2.0111e-06
2.7194e-06
3.4417e-06
4.1745e-06
4.9146e-06
5.6582e-06
6.4018e-06
7.1416e-06
7.8738e-06
8.5945e-06
9.2998e-06
9.9859e-06
1.0649e-05
1.1284e-05
1.1889e-05
1.2459e-05
1.2991e-05
1.3481e-05
1.3926e-05
1.4322e-05
1.4666e-05
1.4955e-05
1.5187e-05
1.536e-05
1.547e-05
1.5515e-05
1.5495e-05
1.5407e-05
1.5251e-05
1.5025e-05
1.4729e-05
1.4362e-05
1.3925e-05
1.3418e-05
1.2843e-05
1.2199e-05
1.1488e-05
1.0712e-05
9.8739e-06
8.9751e-06
8.0185e-06
7.0073e-06
5.9447e-06
4.8345e-06
3.6806e-06
2.4872e-06
1.2588e-06
-3.9729e-20
-1.2842e-06
-2.5888e-06
-3.9083e-06
-5.2374e-06
-6.5705e-06
-7.9018e-06
-9.2256e-06
-1.0536e-05
-1.1827e-05
-1.3093e-05
-1.4328e-05
-1.5526e-05
-1.6681e-05
-1.7787e-05
-1.884e-05
-1.9833e-05
-2.0762e-05
-2.1621e-05
-2.2405e-05
-2.3111e-05
-2.3733e-05
-2.4267e-05
-2.4711e-05
-2.506e-05
-2.5313e-05
-2.5465e-05
-2.5515e-05
-2.5461e-05
-2.5302e-05
-2.5037e-05
-2.4665e-05
-2.4186e-05
-2.3601e-05
-2.2911e-05
-2.2117e-05
-2.122e-05
-2.0223e-05
-1.913e-05
-1.7942e-05
-1.6664e-05
-1.5299e-05
-1.3853e-05
-1.233e-05
-1.0735e-05
-9.0735e-06
-7.3525e-06
-5.5779e-06
-3.7562e-06
-1.8945e-06
-2.6787e-19
1.92e-06
3.8578e-06
5.8055e-06
7.7554e-06
9.6993e-06
1.1629e-05
1.3537e-05
1.5414e-05
1.7252e-05
1.9044e-05
2.0782e-05
2.2457e-05
2.4061e-05
2.5589e-05
2.7031e-05
2.8382e-05
2.9635e-05
3.0782e-05
3.1819e-05
3.274e-05
3.354e-05
3.4213e-05
3.4756e-05
3.5165e-05
3.5438e-05
3.557e-05
3.556e-05
3.5407e-05
3.5109e-05
3.4666e-05
3.4079e-05
3.3347e-05
3.2474e-05
3.146e-05
3.0308e-05
2.9021e-05
2.7604e-05
2.6061e-05
2.4396e-05
2.2615e-05
2.0724e-05
1.8731e-05
1.6641e-05
1.4462e-05
1.2202e-05
9.8705e-06
7.4751e-06
5.0252e-06
2.5303e-06
-3.5731e-19
-2.5557e-06
-5.1268e-06
-7.7028e-06
-1.0273e-05
-1.2828e-05
-1.5356e-05
-1.7848e-05
-2.0291e-05
-2.2678e-05
-2.4996e-05
-2.7236e-05
-2.9388e-05
-3.1442e-05
-3.339e-05
-3.5223e-05
-3.6931e-05
-3.8507e-05
-3.9944e-05
-4.1233e-05
-4.237e-05
-4.3347e-05
-4.4159e-05
-4.4801e-05
-4.527e-05
-4.5563e-05
-4.5675e-05
-4.5605e-05
-4.5352e-05
-4.4916e-05
-4.4295e-05
-4.3493e-05
-4.2509e-05
-4.1346e-05
-4.0008e-05
-3.8499e-05
-3.6823e-05
-3.4985e-05
-3.2992e-05
-3.085e-05
-2.8566e-05
-2.615e-05
-2.3608e-05
-2.0952e-05
-1.8189e-05
-1.5331e-05
-1.2388e-05
-9.3723e-06
-6.2942e-06
-3.1661e-06
-9.9134e-20
3.1915e-06
6.3958e-06
9.6e-06
1.2791e-05
1.5957e-05
1.9084e-05
2.2159e-05
2.5169e-05
2.8103e-05
3.0947e-05
3.3689e-05
3.6319e-05
3.8823e-05
4.1192e-05
4.3414e-05
4.548e-05
4.738e-05
4.9105e-05
5.0647e-05
5.1999e-05
5.3153e-05
5.4104e-05
5.4847e-05
5.5376e-05
5.5688e-05
5.578e-05
5.565e-05
5.5298e-05
5.4723e-05
5.3925e-05
5.2907e-05
5.167e-05
5.0219e-05
4.8557e-05
4.669e-05
4.4624e-05
4.2366e-05
3.9923e-05
3.7304e-05
3.4518e-05
3.1575e-05
2.8486e-05
2.5263e-05
2.1916e-05
1.846e-05
1.4906e-05
1.127e-05
7.5632e-06
3.8018e-06
-9.5274e-19
-3.8272e-06
-7.6648e-06
-1.1497e-05
-1.5309e-05
-1.9086e-05
-2.2811e-05
-2.647e-05
-3.0047e-05
-3.3528e-05
-3.6898e-05
-4.0143e-05
-4.325e-05
-4.6204e-05
-4.8993e-05
-5.1605e-05
-5.4029e-05
-5.6252e-05
-5.8266e-05
-6.0061e-05
-6.1628e-05
-6.296e-05
-6.405e-05
-6.4892e-05
-6.5481e-05
-6.5813e-05
-6.5885e-05
-6.5695e-05
-6.5244e-05
-6.4529e-05
-6.3554e-05
-6.2321e-05
-6.0832e-05
-5.9092e-05
-5.7106e-05
-5.4882e-05
-5.2426e-05
-4.9747e-05
-4.6854e-05
-4.3758e-05
-4.0469e-05
-3.7e-05
-3.3364e-05
-2.9574e-05
-2.5644e-05
-2.1589e-05
-1.7424e-05
-1.3167e-05
-8.8322e-06
-4.4376e-06
3.4745e-19
4.463e-06
8.9338e-06
1.3394e-05
1.7827e-05
2.2214e-05
2.6538e-05
3.0781e-05
3.4925e-05
3.8953e-05
4.285e-05
4.6597e-05
5.0181e-05
5.3585e-05
5.6795e-05
5.9796e-05
6.2577e-05
6.5125e-05
6.7428e-05
6.9475e-05
7.1258e-05
7.2767e-05
7.3996e-05
7.4937e-05
7.5586e-05
7.5938e-05
7.599e-05
7.5741e-05
7.5189e-05
7.4336e-05
7.3184e-05
7.1735e-05
6.9993e-05
6.7964e-05
6.5655e-05
6.3073e-05
6.0227e-05
5.7127e-05
5.3785e-05
5.0211e-05
4.642e-05
4.2425e-05
3.8242e-05
3.3885e-05
2.9371e-05
2.4717e-05
1.9942e-05
1.5064e-05
1.0101e-05
5.0733e-06
4.7614e-19
-5.0987e-06
-1.0203e-05
-1.5292e-05
-2.0345e-05
-2.5343e-05
-3.0265e-05
-3.5092e-05
-3.9802e-05
-4.4379e-05
-4.8801e-05
-5.3051e-05
-5.7112e-05
-6.0965e-05
-6.4596e-05
-6.7988e-05
-7.1126e-05
-7.3998e-05
-7.6589e-05
-7.8889e-05
-8.0887e-05
-8.2574e-05
-8.3941e-05
-8.4982e-05
-8.5691e-05
-8.6062e-05
-8.6095e-05
-8.5786e-05
-8.5135e-05
-8.4143e-05
-8.2813e-05
-8.1149e-05
-7.9154e-05
-7.6837e-05
-7.4204e-05
-7.1264e-05
-6.8029e-05
-6.4508e-05
-6.0716e-05
-5.6665e-05
-5.2372e-05
-4.7851e-05
-4.3119e-05
-3.8196e-05
-3.3098e-05
-2.7846e-05
-2.246e-05
-1.6961e-05
-1.137e-05
-5.7091e-06
1.0719e-18
5.7345e-06
1.1472e-05
1.7189e-05
2.2863e-05
2.8472e-05
3.3993e-05
3.9403e-05
4.468e-05
4.9804e-05
5.4752e-05
5.9505e-05
6.4043e-05
6.8346e-05
7.2397e-05
7.6179e-05
7.9675e-05
8.287e-05
8.575e-05
8.8303e-05
9.0517e-05
9.2381e-05
9.3887e-05
9.5027e-05
9.5796e-05
9.6188e-05
9.62e-05
9.5831e-05
9.508e-05
9.395e-05
9.2443e-05
9.0563e-05
8.8316e-05
8.5709e-05
8.2753e-05
7.9456e-05
7.583e-05
7.1889e-05
6.7647e-05
6.3119e-05
5.8323e-05
5.3276e-05
4.7997e-05
4.2507e-05
3.6825e-05
3.0975e-05
2.4978e-05
1.8859e-05
1.2639e-05
6.3448e-06
-9.9447e-20
-6.3703e-06
-1.2741e-05
-1.9086e-05
-2.5381e-05
-3.1601e-05
-3.772e-05
-4.3714e-05
-4.9558e-05
-5.5229e-05
-6.0704e-05
-6.5959e-05
-7.0974e-05
-7.5727e-05
-8.0199e-05
-8.437e-05
-8.8224e-05
-9.1743e-05
-9.4912e-05
-9.7717e-05
-0.00010015
-0.00010219
-0.00010383
-0.00010507
-0.0001059
-0.00010631
-0.0001063
-0.00010588
-0.00010503
-0.00010376
-0.00010207
-9.9977e-05
-9.7477e-05
-9.4582e-05
-9.1301e-05
-8.7647e-05
-8.3632e-05
-7.927e-05
-7.4578e-05
-6.9573e-05
-6.4274e-05
-5.8701e-05
-5.2875e-05
-4.6818e-05
-4.0553e-05
-3.4104e-05
-2.7496e-05
-2.0756e-05
-1.3908e-05
-6.9806e-06
2.0742e-18
7.006e-06
1.401e-05
2.0983e-05
2.7899e-05
3.473e-05
4.1447e-05
4.8025e-05
5.4436e-05
6.0654e-05
6.6655e-05
7.2413e-05
7.7905e-05
8.3108e-05
8.8e-05
9.2562e-05
9.6773e-05
0.00010062
0.00010407
0.00010713
0.00010978
0.00011199
0.00011378
0.00011512
0.00011601
0.00011644
0.00011641
0.00011592
0.00011497
0.00011356
0.0001117
0.00010939
0.00010664
0.00010345
9.985e-05
9.5838e-05
9.1433e-05
8.6651e-05
8.1509e-05
7.6027e-05
7.0226e-05
6.4126e-05
5.7753e-05
5.1129e-05
4.428e-05
3.7233e-05
3.0014e-05
2.2653e-05
1.5177e-05
7.6163e-06
-9.5289e-19
-7.6418e-06
-1.5279e-05
-2.2881e-05
-3.0417e-05
-3.7858e-05
-4.5174e-05
-5.2336e-05
-5.9314e-05
-6.6079e-05
-7.2606e-05
-7.8867e-05
-8.4836e-05
-9.0489e-05
-9.5802e-05
-0.00010075
-0.00010532
-0.00010949
-0.00011323
-0.00011655
-0.00011941
-0.0001218
-0.00012372
-0.00012516
-0.00012611
-0.00012656
-0.00012651
-0.00012597
-0.00012492
-0.00012337
-0.00012133
-0.0001188
-0.0001158
-0.00011233
-0.0001084
-0.00010403
-9.9234e-05
-9.4031e-05
-8.844e-05
-8.2481e-05
-7.6177e-05
-6.9552e-05
-6.263e-05
-5.544e-05
-4.8007e-05
-4.0361e-05
-3.2532e-05
-2.455e-05
-1.6446e-05
-8.2521e-06
-3.867e-19
8.2775e-06
1.6548e-05
2.4778e-05
3.2935e-05
4.0987e-05
4.8902e-05
5.6647e-05
6.4191e-05
7.1505e-05
7.8557e-05
8.5321e-05
9.1767e-05
9.787e-05
0.0001036
0.00010894
0.00011387
0.00011836
0.0001224
0.00012596
0.00012903
0.00013161
0.00013367
0.00013521
0.00013622
0.00013669
0.00013662
0.00013601
0.00013486
0.00013318
0.00013096
0.00012822
0.00012496
0.0001212
0.00011695
0.00011222
0.00010704
0.00010141
9.5371e-05
8.8935e-05
8.2128e-05
7.4977e-05
6.7508e-05
5.9751e-05
5.1734e-05
4.349e-05
3.505e-05
2.6447e-05
1.7715e-05
8.8878e-06
-2.0842e-18
-8.9133e-06
-1.7817e-05
-2.6675e-05
-3.5453e-05
-4.4116e-05
-5.2629e-05
-6.0958e-05
-6.9069e-05
-7.693e-05
-8.4509e-05
-9.1775e-05
-9.8698e-05
-0.00010525
-0.0001114
-0.00011714
-0.00012242
-0.00012723
-0.00013156
-0.00013537
-0.00013866
-0.00014142
-0.00014362
-0.00014525
-0.00014632
-0.00014681
-0.00014672
-0.00014606
-0.00014481
-0.00014298
-0.00014059
-0.00013763
-0.00013412
-0.00013007
-0.0001255
-0.00012041
-0.00011484
-0.00010879
-0.0001023
-9.5389e-05
-8.808e-05
-8.0402e-05
-7.2386e-05
-6.4062e-05
-5.5462e-05
-4.6619e-05
-3.7568e-05
-2.8345e-05
-1.8984e-05
-9.5236e-06
5.9574e-19
9.549e-06
1.9086e-05
2.8572e-05
3.7971e-05
4.7245e-05
5.6356e-05
6.5269e-05
7.3947e-05
8.2355e-05
9.046e-05
9.8229e-05
0.00010563
0.00011263
0.00011921
0.00012533
0.00013097
0.00013611
0.00014072
0.00014479
0.00014829
0.00015122
0.00015356
0.0001553
0.00015643
0.00015694
0.00015683
0.0001561
0.00015475
0.00015279
0.00015022
0.00014705
0.00014328
0.00013894
0.00013405
0.0001286
0.00012264
0.00011617
0.00010923
0.00010184
9.4031e-05
8.5827e-05
7.7264e-05
6.8373e-05
5.9189e-05
4.9748e-05
4.0086e-05
3.0242e-05
2.0253e-05
1.0159e-05
-3.4933e-18
-1.0185e-05
-2.0355e-05
-3.047e-05
-4.0489e-05
-5.0374e-05
-6.0083e-05
-6.958e-05
-7.8825e-05
-8.778e-05
-9.6411e-05
-0.00010468
-0.00011256
-0.00012001
-0.00012701
-0.00013352
-0.00013952
-0.00014498
-0.00014988
-0.0001542
-0.00015792
-0.00016103
-0.00016351
-0.00016534
-0.00016653
-0.00016706
-0.00016693
-0.00016615
-0.0001647
-0.0001626
-0.00015985
-0.00015646
-0.00015245
-0.00014782
-0.00014259
-0.00013679
-0.00013044
-0.00012355
-0.00011616
-0.0001083
-9.9982e-05
-9.1253e-05
-8.2141e-05
-7.2684e-05
-6.2916e-05
-5.2877e-05
-4.2604e-05
-3.2139e-05
-2.1522e-05
-1.0795e-05
1.856e-18
1.0821e-05
2.1624e-05
3.2367e-05
4.3007e-05
5.3502e-05
6.3811e-05
7.3891e-05
8.3702e-05
9.3206e-05
0.00010236
0.00011114
0.00011949
0.00012739
0.00013481
0.00014171
0.00014807
0.00015385
0.00015904
0.00016362
0.00016755
0.00017084
0.00017345
0.00017539
0.00017664
0.00017719
0.00017704
0.00017619
0.00017465
0.00017241
0.00016948
0.00016587
0.00016161
0.00015669
0.00015114
0.00014499
0.00013824
0.00013094
0.0001231
0.00011475
0.00010593
9.6678e-05
8.7019e-05
7.6995e-05
6.6643e-05
5.6005e-05
4.5122e-05
3.4036e-05
2.2791e-05
1.1431e-05
-4.5124e-22
-1.1456e-05
-2.2893e-05
-3.4264e-05
-4.5525e-05
-5.6631e-05
-6.7538e-05
-7.8202e-05
-8.858e-05
-9.8631e-05
-0.00010831
-0.00011759
-0.00012642
-0.00013477
-0.00014261
-0.0001499
-0.00015661
-0.00016272
-0.0001682
-0.00017303
-0.00017718
-0.00018064
-0.0001834
-0.00018543
-0.00018674
-0.00018731
-0.00018714
-0.00018624
-0.00018459
-0.00018221
-0.00017911
-0.00017529
-0.00017077
-0.00016556
-0.00015969
-0.00015318
-0.00014604
-0.00013832
-0.00013003
-0.0001212
-0.00011188
-0.0001021
-9.1897e-05
-8.1306e-05
-7.0371e-05
-5.9134e-05
-4.764e-05
-3.5934e-05
-2.406e-05
-1.2067e-05
3.3942e-18
1.2092e-05
2.4162e-05
3.6161e-05
4.8043e-05
5.976e-05
7.1265e-05
8.2513e-05
9.3458e-05
0.00010406
0.00011427
0.00012404
0.00013335
0.00014215
0.00015041
0.00015809
0.00016516
0.0001716
0.00017736
0.00018244
0.00018681
0.00019045
0.00019334
0.00019548
0.00019685
0.00019744
0.00019725
0.00019628
0.00019454
0.00019202
0.00018874
0.0001847
0.00017993
0.00017444
0.00016824
0.00016137
0.00015384
0.0001457
0.00013696
0.00012766
0.00011784
0.00010753
9.6775e-05
8.5617e-05
7.4098e-05
6.2263e-05
5.0158e-05
3.7831e-05
2.5329e-05
1.2702e-05
4.3656e-18
-1.2715e-05
-2.538e-05
-3.7945e-05
-5.036e-05
-6.2576e-05
-7.4545e-05
-8.622e-05
-9.7555e-05
-0.0001085
-0.00011903
-0.00012908
-0.00013862
-0.00014762
-0.00015603
-0.00016383
-0.00017098
-0.00017745
-0.00018323
-0.00018828
-0.00019259
-0.00019614
-0.00019891
-0.0002009
-0.0002021
-0.0002025
-0.0002021
-0.0002009
-0.00019891
-0.00019614
-0.00019259
-0.00018828
-0.00018323
-0.00017745
-0.00017098
-0.00016383
-0.00015603
-0.00014762
-0.00013862
-0.00012908
-0.00011903
-0.0001085
-9.7555e-05
-8.622e-05
-7.4545e-05
-6.2576e-05
-5.036e-05
-3.7945e-05
-2.538e-05
-1.2715e-05
-7.9332e-19
1.2715e-05
2.538e-05
3.7945e-05
5.036e-05
6.2576e-05
7.4545e-05
8.622e-05
9.7555e-05
0.0001085
0.00011903
0.00012908
0.00013862
0.00014762
0.00015603
0.00016383
0.00017098
0.00017745
0.00018323
0.00018828
0.00019259
0.00019614
0.00019891
0.0002009
0.0002021
0.0002025
0.0002021
0.0002009
0.00019891
0.00019614
0.00019259
0.00018828
0.00018323
0.00017745
0.00017098
0.00016383
0.00015603
0.00014762
0.00013862
0.00012908
0.00011903
0.0001085
9.7555e-05
8.622e-05
7.4545e-05
6.2576e-05
5.036e-05
3.7945e-05
2.538e-05
1.2715e-05
2.9764e-18
-1.2715e-05
-2.538e-05
-3.7945e-05
-5.036e-05
-6.2576e-05
-7.4545e-05
-8.622e-05
-9.7555e-05
-0.0001085
-0.00011903
-0.00012908
-0.00013862
-0.00014762
-0.00015603
-0.00016383
-0.00017098
-0.00017745
-0.00018323
-0.00018828
-0.00019259
-0.00019614
-0.00019891
-0.0002009
-0.0002021
-0.0002025
-0.0002021
-0.0002009
-0.00019891
-0.00019614
-0.00019259
-0.00018828
-0.00018323
-0.00017745
-0.00017098
-0.00016383
-0.00015603
-0.00014762
-0.00013862
-0.00012908
-0.00011903
-0.0001085
-9.7555e-05
-8.622e-05
-7.4545e-05
-6.2576e-05
-5.036e-05
-3.7945e-05
-2.538e-05
-1.2715e-05
-5.1595e-18
1.2715e-05
2.538e-05
3.7945e-05
5.036e-05
6.2576e-05
7.4545e-05
8.622e-05
9.7555e-05
0.0001085
0.00011903
0.00012908
0.00013862
0.00014762
0.00015603
0.00016383
0.00017098
0.00017745
0.00018323
0.00018828
0.00019259
0.00019614
0.00019891
0.0002009
0.0002021
0.0002025
0.0002021
0.0002009
0.00019891
0.00019614
0.00019259
0.00018828
0.00018323
0.00017745
0.00017098
0.00016383
0.00015603
0.00014762
0.00013862
0.00012908
0.00011903
0.0001085
9.7555e-05
8.622e-05
7.4545e-05
6.2576e-05
5.036e-05
3.7945e-05
2.538e-05
1.2715e-05
1.5871e-18
-1.2715e-05
-2.538e-05
-3.7945e-05
-5.036e-05
-6.2576e-05
-7.4545e-05
-8.622e-05
-9.7555e-05
-0.0001085
-0.00011903
-0.00012908
-0.00013862
-0.00014762
-0.00015603
-0.00016383
-0.00017098
-0.00017745
-0.00018323
-0.00018828
-0.00019259
-0.00019614
-0.00019891
-0.0002009
-0.0002021
-0.0002025
-0.0002021
-0.0002009
-0.00019891
-0.00019614
-0.00019259
-0.00018828
-0.00018323
-0.00017745
-0.00017098
-0.00016383
-0.00015603
-0.00014762
-0.00013862
-0.00012908
-0.00011903
-0.0001085
-9.7555e-05
-8.622e-05
-7.4545e-05
-6.2576e-05
-5.036e-05
-3.7945e-05
-2.538e-05
-1.2715e-05
-3.7702e-18
1.2715e-05
2.538e-05
3.7945e-05
5.036e-05
6.2576e-05
7.4545e-05
8.622e-05
9.7555e-05
0.0001085
0.00011903
0.00012908
0.00013862
0.00014762
0.00015603
0.00016383
0.00017098
0.00017745
0.00018323
0.00018828
0.00019259
0.00019614
0.00019891
0.0002009
0.0002021
0.0002025
0.0002021
0.0002009
0.00019891
0.00019614
0.00019259
0.00018828
0.00018323
0.00017745
0.00017098
0.00016383
0.00015603
0.00014762
0.00013862
0.00012908
0.00011903
0.0001085
9.7555e-05
8.622e-05
7.4545e-05
6.2576e-05
5.036e-05
3.7945e-05
2.538e-05
1.2715e-05
1.9789e-19
-1.2715e-05
-2.538e-05
-3.7945e-05
-5.036e-05
-6.2576e-05
-7.4545e-05
-8.622e-05
-9.7555e-05
-0.0001085
-0.00011903
-0.00012908
-0.00013862
-0.00014762
-0.00015603
-0.00016383
-0.00017098
-0.00017745
-0.00018323
-0.00018828
-0.00019259
-0.00019614
-0.00019891
-0.0002009
-0.0002021
-0.0002025
-0.0002021
-0.0002009
-0.00019891
-0.00019614
-0.00019259
-0.00018828
-0.00018323
-0.00017745
-0.00017098
-0.00016383
-0.00015603
-0.00014762
-0.00013862
-0.00012908
-0.00011903
-0.0001085
-9.7555e-05
-8.622e-05
-7.4545e-05
-6.2576e-05
-5.036e-05
-3.7945e-05
-2.538e-05
-1.2715e-05
-2.381e-18
1.2715e-05
2.538e-05
3.7945e-05
5.036e-05
6.2576e-05
7.4545e-05
8.622e-05
9.7555e-05
0.0001085
0.00011903
0.00012908
0.00013862
0.00014762
0.00015603
0.00016383
0.00017098
0.00017745
0.00018323
0.00018828
0.00019259
0.00019614
0.00019891
0.0002009
0.0002021
0.0002025
0.0002021
0.0002009
0.00019891
0.00019614
0.00019259
0.00018828
0.00018323
0.00017745
0.00017098
0.00016383
0.00015603
0.00014762
0.00013862
0.00012908
0.00011903
0.0001085
9.7555e-05
8.622e-05
7.4545e-05
6.2576e-05
5.036e-05
3.7945e-05
2.538e-05
1.2715e-05
4.564e-18
-1.2715e-05
-2.538e-05
-3.7945e-05
-5.036e-05
-6.2576e-05
-7.4545e-05
-8.622e-05
-9.7555e-05
-0.0001085
-0.00011903
-0.00012908
-0.00013862
-0.00014762
-0.00015603
-0.00016383
-0.00017098
-0.00017745
-0.00018323
-0.00018828
-0.00019259
-0.00019614
-0.00019891
-0.0002009
-0.0002021
-0.0002025
-0.0002021
-0.0002009
-0.00019891
-0.00019614
-0.00019259
-0.00018828
-0.00018323
-0.00017745
-0.00017098
-0.00016383
-0.00015603
-0.00014762
-0.00013862
-0.00012908
-0.00011903
-0.0001085
-9.7555e-05
-8.622e-05
-7.4545e-05
-6.2576e-05
-5.036e-05
-3.7945e-05
-2.538e-05
-1.2715e-05
-9.9171e-19
1.2715e-05
2.538e-05
3.7945e-05
5.036e-05
6.2576e-05
7.4545e-05
8.622e-05
9.7555e-05
0.0001085
0.00011903
0.00012908
0.00013862
0.00014762
0.00015603
0.00016383
0.00017098
0.00017745
0.00018323
0.00018828
0.00019259
0.00019614
0.00019891
0.0002009
0.0002021
0.0002025
0.0002021
0.0002009
0.00019891
0.00019614
0.00019259
0.00018828
0.00018323
0.00017745
0.00017098
0.00016383
0.00015603
0.00014762
0.00013862
0.00012908
0.00011903
0.0001085
9.7555e-05
8.622e-05
7.4545e-05
6.2576e-05
5.036e-05
3.7945e-05
2.538e-05
1.2715e-05
3.1748e-18
-1.2715e-05
-2.538e-05
-3.7945e-05
-5.036e-05
-6.2576e-05
-7.4545e-05
-8.622e-05
-9.7555e-05
-0.0001085
-0.00011903
-0.00012908
-0.00013862
-0.00014762
-0.00015603
-0.00016383
-0.00017098
-0.00017745
-0.00018323
-0.00018828
-0.00019259
-0.00019614
-0.00019891
-0.0002009
-0.0002021
-0.0002025
-0.0002021
-0.0002009
-0.00019891
-0.00019614
-0.00019259
-0.00018828
-0.00018323
-0.00017745
-0.00017098
-0.00016383
-0.00015603
-0.00014762
-0.00013862
-0.00012908
-0.00011903
-0.0001085
-9.7555e-05
-8.622e-05
-7.4545e-05
-6.2576e-05
-5.036e-05
-3.7945e-05
-2.538e-05
-1.2715e-05
3.9754e-19
1.2715e-05
2.538e-05
3.7945e-05
5.036e-05
6.2576e-05
7.4545e-05
8.622e-05
9.7555e-05
0.0001085
0.00011903
0.00012908
0.00013862
0.00014762
0.00015603
0.00016383
0.00017098
0.00017745
0.00018323
0.00018828
0.00019259
0.00019614
0.00019891
0.0002009
0.0002021
0.0002025
0.0002021
0.0002009
0.00019891
0.00019614
0.00019259
0.00018828
0.00018323
0.00017745
0.00017098
0.00016383
0.00015603
0.00014762
0.00013862
0.00012908
0.00011903
0.0001085
9.7555e-05
8.622e-05
7.4545e-05
6.2576e-05
5.036e-05
3.7945e-05
2.538e-05
1.2715e-05
1.7855e-18
-1.2715e-05
-2.538e-05
-3.7945e-05
-5.036e-05
-6.2576e-05
-7.4545e-05
-8.622e-05
-9.7555e-05
-0.0001085
-0.00011903
-0.00012908
-0.00013862
-0.00014762
-0.00015603
-0.00016383
-0.00017098
-0.00017745
-0.00018323
-0.00018828
-0.00019259
-0.00019614
-0.00019891
-0.0002009
-0.0002021
-0.0002025
-0.0002021
-0.0002009
-0.00019891
-0.00019614
-0.00019259
-0.00018828
-0.00018323
-0.00017745
-0.00017098
-0.00016383
-0.00015603
-0.00014762
-0.00013862
-0.00012908
-0.00011903
-0.0001085
-9.7555e-05
-8.622e-05
-7.4545e-05
-6.2576e-05
-5.036e-05
-3.7945e-05
-2.538e-05
-1.2715e-05
-3.9686e-18
1.2715e-05
2.538e-05
3.7945e-05
5.036e-05
6.2576e-05
7.4545e-05
8.622e-05
9.7555e-05
0.0001085
0.00011903
0.00012908
0.00013862
0.00014762
0.00015603
0.00016383
0.00017098
0.00017745
0.00018323
0.00018828
0.00019259
0.00019614
0.00019891
0.0002009
0.0002021
0.0002025
0.0002021
0.0002009
0.00019891
0.00019614
0.00019259
0.00018828
0.00018323
0.00017745
0.00017098
0.00016383
0.00015603
0.00014762
0.00013862
0.00012908
0.00011903
0.0001085
9.7555e-05
8.622e-05
7.4545e-05
6.2576e-05
5.036e-05
3.7945e-05
2.538e-05
1.2715e-05
3.9628e-19
-1.2715e-05
-2.538e-05
-3.7945e-05
-5.036e-05
-6.2576e-05
-7.4545e-05
-8.622e-05
-9.7555e-05
-0.0001085
-0.00011903
-0.00012908
-0.00013862
-0.00014762
-0.00015603
-0.00016383
-0.00017098
-0.00017745
-0.00018323
-0.00018828
-0.00019259
-0.00019614
-0.00019891
-0.0002009
-0.0002021
-0.0002025
-0.0002021
-0.0002009
-0.00019891
-0.00019614
-0.00019259
-0.00018828
-0.00018323
-0.00017745
-0.00017098
-0.00016383
-0.00015603
-0.00014762
-0.00013862
-0.00012908
-0.00011903
-0.0001085
-9.7555e-05
-8.622e-05
-7.4545e-05
-6.2576e-05
-5.036e-05
-3.7945e-05
-2.538e-05
-1.2715e-05
-2.5794e-18
1.2715e-05
2.538e-05
3.7945e-05
5.036e-05
6.2576e-05
7.4545e-05
8.622e-05
9.7555e-05
0.0001085
0.00011903
0.00012908
0.00013862
0.00014762
0.00015603
0.00016383
0.00017098
0.00017745
0.00018323
0.00018828
0.00019259
0.00019614
0.00019891
0.0002009
0.0002021
0.0002025
0.0002021
0.0002009
0.00019891
0.00019614
0.00019259
0.00018828
0.00018323
0.00017745
0.00017098
0.00016383
0.00015603
0.00014762
0.00013862
0.00012908
0.00011903
0.0001085
9.7555e-05
8.622e-05
7.4545e-05
6.2576e-05
5.036e-05
3.7945e-05
2.538e-05
1.2715e-05
-9.9297e-19
-1.2715e-05
-2.538e-05
-3.7945e-05
-5.036e-05
-6.2576e-05
-7.4545e-05
-8.622e-05
-9.7555e-05
-0.0001085
-0.00011903
-0.00012908
-0.00013862
-0.00014762
-0.00015603
-0.00016383
-0.00017098
-0.00017745
-0.00018323
-0.00018828
-0.00019259
-0.00019614
-0.00019891
-0.0002009
-0.0002021
-0.0002025
-0.0002021
-0.0002009
-0.00019891
-0.00019614
-0.00019259
-0.00018828
-0.00018323
-0.00017745
-0.00017098
-0.00016383
-0.00015603
-0.00014762
-0.00013862
-0.00012908
-0.00011903
-0.0001085
-9.7555e-05
-8.622e-05
-7.4545e-05
-6.2576e-05
-5.036e-05
-3.7945e-05
-2.538e-05
-1.2715e-05
-1.1901e-18
1.2715e-05
2.538e-05
3.7945e-05
5.036e-05
6.2576e-05
7.4545e-05
8.622e-05
9.7555e-05
0.0001085
0.00011903
0.00012908
0.00013862
0.00014762
0.00015603
0.00016383
0.00017098
0.00017745
0.00018323
0.00018828
0.00019259
0.00019614
0.00019891
0.0002009
0.0002021
0.0002025
0.0002021
0.0002009
0.00019891
0.00019614
0.00019259
0.00018828
0.00018323
0.00017745
0.00017098
0.00016383
0.00015603
0.00014762
0.00013862
0.00012908
0.00011903
0.0001085
9.7555e-05
8.622e-05
7.4545e-05
6.2576e-05
5.036e-05
3.7945e-05
2.538e-05
1.2715e-05
3.3732e-18
-1.2715e-05
-2.538e-05
-3.7945e-05
-5.036e-05
-6.2576e-05
-7.4545e-05
-8.622e-05
-9.7555e-05
-0.0001085
-0.00011903
-0.00012908
-0.00013862
-0.00014762
-0.00015603
-0.00016383
-0.00017098
-0.00017745
-0.00018323
-0.00018828
-0.00019259
-0.00019614
-0.00019891
-0.0002009
-0.0002021
-0.0002025
-0.0002021
-0.0002009
-0.00019891
-0.00019614
-0.00019259
-0.00018828
-0.00018323
-0.00017745
-0.00017098
-0.00016383
-0.00015603
-0.00014762
-0.00013862
-0.00012908
-0.00011903
-0.0001085
-9.7555e-05
-8.622e-05
-7.4545e-05
-6.2576e-05
-5.036e-05
-3.7945e-05
-2.538e-05
-1.2715e-05
1.9914e-19
1.2715e-05
2.538e-05
3.7945e-05
5.036e-05
6.2576e-05
7.4545e-05
8.622e-05
9.7555e-05
0.0001085
0.00011903
0.00012908
0.00013862
0.00014762
0.00015603
0.00016383
0.00017098
0.00017745
0.00018323
0.00018828
0.00019259
0.00019614
0.00019891
0.0002009
0.0002021
0.0002025
0.0002021
0.0002009
0.00019891
0.00019614
0.00019259
0.00018828
0.00018323
0.00017745
0.00017098
0.00016383
0.00015603
0.00014762
0.00013862
0.00012908
0.00011903
0.0001085
9.7555e-05
8.622e-05
7.4545e-05
6.2576e-05
5.036e-05
3.7945e-05
2.538e-05
1.2715e-05
1.9839e-18
-1.2715e-05
-2.538e-05
-3.7945e-05
-5.036e-05
-6.2576e-05
-7.4545e-05
-8.622e-05
-9.7555e-05
-0.0001085
-0.00011903
-0.00012908
-0.00013862
-0.00014762
-0.00015603
-0.00016383
-0.00017098
-0.00017745
-0.00018323
-0.00018828
-0.00019259
-0.00019614
-0.00019891
-0.0002009
-0.0002021
-0.0002025
-0.0002021
-0.0002009
-0.00019891
-0.00019614
-0.00019259
-0.00018828
-0.00018323
-0.00017745
-0.00017098
-0.00016383
-0.00015603
-0.00014762
-0.00013862
-0.00012908
-0.00011903
-0.0001085
-9.7555e-05
-8.622e-05
-7.4545e-05
-6.2576e-05
-5.036e-05
-3.7945e-05
-2.538e-05
-1.2715e-05
-4.167e-18
1.2715e-05
2.538e-05
3.7945e-05
5.036e-05
6.2576e-05
7.4545e-05
8.622e-05
9.7555e-05
0.0001085
0.00011903
0.00012908
0.00013862
0.00014762
0.00015603
0.00016383
0.00017098
0.00017745
0.00018323
0.00018828
0.00019259
0.00019614
0.00019891
0.0002009
0.0002021
0.0002025
0.0002021
0.0002009
0.00019891
0.00019614
0.00019259
0.00018828
0.00018323
0.00017745
0.00017098
0.00016383
0.00015603
0.00014762
0.00013862
0.00012908
0.00011903
0.0001085
9.7555e-05
8.622e-05
7.4545e-05
6.2576e-05
5.036e-05
3.7945e-05
2.538e-05
1.2715e-05
6.3501e-18
-1.2715e-05
-2.538e-05
-3.7945e-05
-5.036e-05
-6.2576e-05
-7.4545e-05
-8.622e-05
-9.7555e-05
-0.0001085
-0.00011903
-0.00012908
-0.00013862
-0.00014762
-0.00015603
-0.00016383
-0.00017098
-0.00017745
-0.00018323
-0.00018828
-0.00019259
-0.00019614
-0.00019891
-0.0002009
-0.0002021
-0.0002025
-0.0002021
-0.0002009
-0.00019891
-0.00019614
-0.00019259
-0.00018828
-0.00018323
-0.00017745
-0.00017098
-0.00016383
-0.00015603
-0.00014762
-0.00013862
-0.00012908
-0.00011903
-0.0001085
-9.7555e-05
-8.622e-05
-7.4545e-05
-6.2576e-05
-5.036e-05
-3.7945e-05
-2.538e-05
-1.2715e-05
2.9776e-18
1.2715e-05
2.538e-05
3.7945e-05
5.036e-05
6.2576e-05
7.4545e-05
8.622e-05
9.7555e-05
0.0001085
0.00011903
0.00012908
0.00013862
0.00014762
0.00015603
0.00016383
0.00017098
0.00017745
0.00018323
0.00018828
0.00019259
0.00019614
0.00019891
0.0002009
0.0002021
0.0002025
0.0002021
0.0002009
0.00019891
0.00019614
0.00019259
0.00018828
0.00018323
0.00017745
0.00017098
0.00016383
0.00015603
0.00014762
0.00013862
0.00012908
0.00011903
0.0001085
9.7555e-05
8.622e-05
7.4545e-05
6.2576e-05
5.036e-05
3.7945e-05
2.538e-05
1.2715e-05
-7.9457e-19
-1.2715e-05
-2.538e-05
-3.7945e-05
-5.036e-05
-6.2576e-05
-7.4545e-05
-8.622e-05
-9.7555e-05
-0.0001085
-0.00011903
-0.00012908
-0.00013862
-0.00014762
-0.00015603
-0.00016383
-0.00017098
-0.00017745
-0.00018323
-0.00018828
-0.00019259
-0.00019614
-0.00019891
-0.0002009
-0.0002021
-0.0002025
-0.0002021
-0.0002009
-0.00019891
-0.00019614
-0.00019259
-0.00018828
-0.00018323
-0.00017745
-0.00017098
-0.00016383
-0.00015603
-0.00014762
-0.00013862
-0.00012908
-0.00011903
-0.0001085
-9.7555e-05
-8.622e-05
-7.4545e-05
-6.2576e-05
-5.036e-05
-3.7945e-05
-2.538e-05
-1.2715e-05
-1.3885e-18
1.2715e-05
2.538e-05
3.7945e-05
5.036e-05
6.2576e-05
7.4545e-05
8.622e-05
9.7555e-05
0.0001085
0.00011903
0.00012908
0.00013862
0.00014762
0.00015603
0.00016383
0.00017098
0.00017745
0.00018323
0.00018828
0.00019259
0.00019614
0.00019891
0.0002009
0.0002021
0.0002025
0.0002021
0.0002009
0.00019891
0.00019614
0.00019259
0.00018828
0.00018323
0.00017745
0.00017098
0.00016383
0.00015603
0.00014762
0.00013862
0.00012908
0.00011903
0.0001085
9.7555e-05
8.622e-05
7.4545e-05
6.2576e-05
5.036e-05
3.7945e-05
2.538e-05
1.2715e-05
3.5716e-18
-1.2715e-05
-2.538e-05
-3.7945e-05
-5.036e-05
-6.2576e-05
-7.4545e-05
-8.622e-05
-9.7555e-05
-0.0001085
-0.00011903
-0.00012908
-0.00013862
-0.00014762
-0.00015603
-0.00016383
-0.00017098
-0.00017745
-0.00018323
-0.00018828
-0.00019259
-0.00019614
-0.00019891
-0.0002009
-0.0002021
-0.0002025
-0.0002021
-0.0002009
-0.00019891
-0.00019614
-0.00019259
-0.00018828
-0.00018323
-0.00017745
-0.00017098
-0.00016383
-0.00015603
-0.00014762
-0.00013862
-0.00012908
-0.00011903
-0.0001085
-9.7555e-05
-8.622e-05
-7.4545e-05
-6.2576e-05
-5.036e-05
-3.7945e-05
-2.538e-05
-1.2715e-05
5.7561e-18
1.2715e-05
2.538e-05
3.7945e-05
5.036e-05
6.2576e-05
7.4545e-05
8.622e-05
9.7555e-05
0.0001085
0.00011903
0.00012908
0.00013862
0.00014762
0.00015603
0.00016383
0.00017098
0.00017745
0.00018323
0.00018828
0.00019259
0.00019614
0.00019891
0.0002009
0.0002021
0.0002025
0.0002021
0.0002009
0.00019891
0.00019614
0.00019259
0.00018828
0.00018323
0.00017745
0.00017098
0.00016383
0.00015603
0.00014762
0.00013862
0.00012908
0.00011903
0.0001085
9.7555e-05
8.622e-05
7.4545e-05
6.2576e-05
5.036e-05
3.7945e-05
2.538e-05
1.2715e-05
-3.5731e-18
-1.2715e-05
-2.538e-05
-3.7945e-05
-5.036e-05
-6.2576e-05
-7.4545e-05
-8.622e-05
-9.7555e-05
-0.0001085
-0.00011903
-0.00012908
-0.00013862
-0.00014762
-0.00015603
-0.00016383
-0.00017098
-0.00017745
-0.00018323
-0.00018828
-0.00019259
-0.00019614
-0.00019891
-0.0002009
-0.0002021
-0.0002025
-0.0002021
-0.0002009
-0.00019891
-0.00019614
-0.00019259
-0.00018828
-0.00018323
-0.00017745
-0.00017098
-0.00016383
-0.00015603
-0.00014762
-0.00013862
-0.00012908
-0.00011903
-0.0001085
-9.7555e-05
-8.622e-05
-7.4545e-05
-6.2576e-05
-5.036e-05
-3.7945e-05
-2.538e-05
-1.2715e-05
1.39e-18
1.2715e-05
2.538e-05
3.7945e-05
5.036e-05
6.2576e-05
7.4545e-05
8.622e-05
9.7555e-05
0.0001085
0.00011903
0.00012908
0.00013862
0.00014762
0.00015603
0.00016383
0.00017098
0.00017745
0.00018323
0.00018828
0.00019259
0.00019614
0.00019891
0.0002009
0.0002021
0.0002025
0.0002021
0.0002009
0.00019891
0.00019614
0.00019259
0.00018828
0.00018323
0.00017745
0.00017098
0.00016383
0.00015603
0.00014762
0.00013862
0.00012908
0.00011903
0.0001085
9.7555e-05
8.622e-05
7.4545e-05
6.2576e-05
5.036e-05
3.7945e-05
2.538e-05
1.2715e-05
7.9307e-19
-1.2715e-05
-2.538e-05
-3.7945e-05
-5.036e-05
-6.2576e-05
-7.4545e-05
-8.622e-05
-9.7555e-05
-0.0001085
-0.00011903
-0.00012908
-0.00013862
-0.00014762
-0.00015603
-0.00016383
-0.00017098
-0.00017745
-0.00018323
-0.00018828
-0.00019259
-0.00019614
-0.00019891
-0.0002009
-0.0002021
-0.0002025
-0.0002021
-0.0002009
-0.00019891
-0.00019614
-0.00019259
-0.00018828
-0.00018323
-0.00017745
-0.00017098
-0.00016383
-0.00015603
-0.00014762
-0.00013862
-0.00012908
-0.00011903
-0.0001085
-9.7555e-05
-8.622e-05
-7.4545e-05
-6.2576e-05
-5.036e-05
-3.7945e-05
-2.538e-05
-1.2715e-05
-2.9761e-18
1.2715e-05
2.538e-05
3.7945e-05
5.036e-05
6.2576e-05
7.4545e-05
8.622e-05
9.7555e-05
0.0001085
0.00011903
0.00012908
0.00013862
0.00014762
0.00015603
0.00016383
0.00017098
0.00017745
0.00018323
0.00018828
0.00019259
0.00019614
0.00019891
0.0002009
0.0002021
0.0002025
0.0002021
0.0002009
0.00019891
0.00019614
0.00019259
0.00018828
0.00018323
0.00017745
0.00017098
0.00016383
0.00015603
0.00014762
0.00013862
0.00012908
0.00011903
0.0001085
9.7555e-05
8.622e-05
7.4545e-05
6.2576e-05
5.036e-05
3.7945e-05
2.538e-05
1.2715e-05
-6.3516e-18
-1.2715e-05
-2.538e-05
-3.7945e-05
-5.036e-05
-6.2576e-05
-7.4545e-05
-8.622e-05
-9.7555e-05
-0.0001085
-0.00011903
-0.00012908
-0.00013862
-0.00014762
-0.00015603
-0.00016383
-0.00017098
-0.00017745
-0.00018323
-0.00018828
-0.00019259
-0.00019614
-0.00019891
-0.0002009
-0.0002021
-0.0002025
-0.0002021
-0.0002009
-0.00019891
-0.00019614
-0.00019259
-0.00018828
-0.00018323
-0.00017745
-0.00017098
-0.00016383
-0.00015603
-0.00014762
-0.00013862
-0.00012908
-0.00011903
-0.0001085
-9.7555e-05
-8.622e-05
-7.4545e-05
-6.2576e-05
-5.036e-05
-3.7945e-05
-2.538e-05
-1.2715e-05
4.1685e-18
1.2715e-05
2.538e-05
3.7945e-05
5.036e-05
6.2576e-05
7.4545e-05
8.622e-05
9.7555e-05
0.0001085
0.00011903
0.00012908
0.00013862
0.00014762
0.00015603
0.00016383
0.00017098
0.00017745
0.00018323
0.00018828
0.00019259
0.00019614
0.00019891
0.0002009
0.0002021
0.0002025
0.0002021
0.0002009
0.00019891
0.00019614
0.00019259
0.00018828
0.00018323
0.00017745
0.00017098
0.00016383
0.00015603
0.00014762
0.00013862
0.00012908
0.00011903
0.0001085
9.7555e-05
8.622e-05
7.4545e-05
6.2576e-05
5.036e-05
3.7945e-05
2.538e-05
1.2715e-05
-1.9854e-18
-1.2715e-05
-2.538e-05
-3.7945e-05
-5.036e-05
-6.2576e-05
-7.4545e-05
-8.622e-05
-9.7555e-05
-0.0001085
-0.00011903
-0.00012908
-0.00013862
-0.00014762
-0.00015603
-0.00016383
-0.00017098
-0.00017745
-0.00018323
-0.00018828
-0.00019259
-0.00019614
-0.00019891
-0.0002009
-0.0002021
-0.0002025
-0.0002021
-0.0002009
-0.00019891
-0.00019614
-0.00019259
-0.00018828
-0.00018323
-0.00017745
-0.00017098
-0.00016383
-0.00015603
-0.00014762
-0.00013862
-0.00012908
-0.00011903
-0.0001085
-9.7555e-05
-8.622e-05
-7.4545e-05
-6.2576e-05
-5.036e-05
-3.7945e-05
-2.538e-05
-1.2715e-05
-1.9764e-19
1.2715e-05
2.538e-05
3.7945e-05
5.036e-05
6.2576e-05
7.4545e-05
8.622e-05
9.7555e-05
0.0001085
0.00011903
0.00012908
0.00013862
0.00014762
0.00015603
0.00016383
0.00017098
0.00017745
0.00018323
0.00018828
0.00019259
0.00019614
0.00019891
0.0002009
0.0002021
0.0002025
0.0002021
0.0002009
0.00019891
0.00019614
0.00019259
0.00018828
0.00018323
0.00017745
0.00017098
0.00016383
0.00015603
0.00014762
0.00013862
0.00012908
0.00011903
0.0001085
9.7555e-05
8.622e-05
7.4545e-05
6.2576e-05
5.036e-05
3.7945e-05
2.538e-05
1.2715e-05
2.3807e-18
-1.2715e-05
-2.538e-05
-3.7945e-05
-5.036e-05
-6.2576e-05
-7.4545e-05
-8.622e-05
-9.7555e-05
-0.0001085
-0.00011903
-0.00012908
-0.00013862
-0.00014762
-0.00015603
-0.00016383
-0.00017098
-0.00017745
-0.00018323
-0.00018828
-0.00019259
-0.00019614
-0.00019891
-0.0002009
-0.0002021
-0.0002025
-0.0002021
-0.0002009
-0.00019891
-0.00019614
-0.00019259
-0.00018828
-0.00018323
-0.00017745
-0.00017098
-0.00016383
-0.00015603
-0.00014762
-0.00013862
-0.00012908
-0.00011903
-0.0001085
-9.7555e-05
-8.622e-05
-7.4545e-05
-6.2576e-05
-5.036e-05
-3.7945e-05
-2.538e-05
-1.2715e-05
6.947e-18
1.2715e-05
2.538e-05
3.7945e-05
5.036e-05
6.2576e-05
7.4545e-05
8.622e-05
9.7555e-05
0.0001085
0.00011903
0.00012908
0.00013862
0.00014762
0.00015603
0.00016383
0.00017098
0.00017745
0.00018323
0.00018828
0.00019259
0.00019614
0.00019891
0.0002009
0.0002021
0.0002025
0.0002021
0.0002009
0.00019891
0.00019614
0.00019259
0.00018828
0.00018323
0.00017745
0.00017098
0.00016383
0.00015603
0.00014762
0.00013862
0.00012908
0.00011903
0.0001085
9.7555e-05
8.622e-05
7.4545e-05
6.2576e-05
5.036e-05
3.7945e-05
2.538e-05
1.2715e-05
-4.7639e-18
-1.2715e-05
-2.538e-05
-3.7945e-05
-5.036e-05
-6.2576e-05
-7.4545e-05
-8.622e-05
-9.7555e-05
-0.0001085
-0.00011903
-0.00012908
-0.00013862
-0.00014762
-0.00015603
-0.00016383
-0.00017098
-0.00017745
-0.00018323
-0.00018828
-0.00019259
-0.00019614
-0.00019891
-0.0002009
-0.0002021
-0.0002025
-0.0002021
-0.0002009
-0.00019891
-0.00019614
-0.00019259
-0.00018828
-0.00018323
-0.00017745
-0.00017098
-0.00016383
-0.00015603
-0.00014762
-0.00013862
-0.00012908
-0.00011903
-0.0001085
-9.7555e-05
-8.622e-05
-7.4545e-05
-6.2576e-05
-5.036e-05
-3.7945e-05
-2.538e-05
-1.2715e-05
2.5809e-18
1.2715e-05
2.538e-05
3.7945e-05
5.036e-05
6.2576e-05
7.4545e-05
8.622e-05
9.7555e-05
0.0001085
0.00011903
0.00012908
0.00013862
0.00014762
0.00015603
0.00016383
0.00017098
0.00017745
0.00018323
0.00018828
0.00019259
0.00019614
0.00019891
0.0002009
0.0002021
0.0002025
0.0002021
0.0002009
0.00019891
0.00019614
0.00019259
0.00018828
0.00018323
0.00017745
0.00017098
0.00016383
0.00015603
0.00014762
0.00013862
0.00012908
0.00011903
0.0001085
9.7555e-05
8.622e-05
7.4545e-05
6.2576e-05
5.036e-05
3.7945e-05
2.538e-05
1.2715e-05
-3.9779e-19
-1.2715e-05
-2.538e-05
-3.7945e-05
-5.036e-05
-6.2576e-05
-7.4545e-05
-8.622e-05
-9.7555e-05
-0.0001085
-0.00011903
-0.00012908
-0.00013862
-0.00014762
-0.00015603
-0.00016383
-0.00017098
-0.00017745
-0.00018323
-0.00018828
-0.00019259
-0.00019614
-0.00019891
-0.0002009
-0.0002021
-0.0002025
-0.0002021
-0.0002009
-0.00019891
-0.00019614
-0.00019259
-0.00018828
-0.00018323
-0.00017745
-0.00017098
-0.00016383
-0.00015603
-0.00014762
-0.00013862
-0.00012908
-0.00011903
-0.0001085
-9.7555e-05
-8.622e-05
-7.4545e-05
-6.2576e-05
-5.036e-05
-3.7945e-05
-2.538e-05
-1.2715e-05
-1.7853e-18
1.2715e-05
2.538e-05
3.7945e-05
5.036e-05
6.2576e-05
7.4545e-05
8.622e-05
9.7555e-05
0.0001085
0.00011903
0.00012908
0.00013862
0.00014762
0.00015603
0.00016383
0.00017098
0.00017745
0.00018323
0.00018828
0.00019259
0.00019614
0.00019891
0.0002009
0.0002021
0.0002025
0.0002021
0.0002009
0.00019891
0.00019614
0.00019259
0.00018828
0.00018323
0.00017745
0.00017098
0.00016383
0.00015603
0.00014762
0.00013862
0.00012908
0.00011903
0.0001085
9.7555e-05
8.622e-05
7.4545e-05
6.2576e-05
5.036e-05
3.7945e-05
2.538e-05
1.2715e-05
3.9684e-18
-1.2715e-05
-2.538e-05
-3.7945e-05
-5.036e-05
-6.2576e-05
-7.4545e-05
-8.622e-05
-9.7555e-05
-0.0001085
-0.00011903
-0.00012908
-0.00013862
-0.00014762
-0.00015603
-0.00016383
-0.00017098
-0.00017745
-0.00018323
-0.00018828
-0.00019259
-0.00019614
-0.00019891
-0.0002009
-0.0002021
-0.0002025
-0.0002021
-0.0002009
-0.00019891
-0.00019614
-0.00019259
-0.00018828
-0.00018323
-0.00017745
-0.00017098
-0.00016383
-0.00015603
-0.00014762
-0.00013862
-0.00012908
-0.00011903
-0.0001085
-9.7555e-05
-8.622e-05
-7.4545e-05
-6.2576e-05
-5.036e-05
-3.7945e-05
-2.538e-05
-1.2715e-05
-6.1514e-18
1.2715e-05
2.538e-05
3.7945e-05
5.036e-05
6.2576e-05
7.4545e-05
8.622e-05
9.7555e-05
0.0001085
0.00011903
0.00012908
0.00013862
0.00014762
0.00015603
0.00016383
0.00017098
0.00017745
0.00018323
0.00018828
0.00019259
0.00019614
0.00019891
0.0002009
0.0002021
0.0002025
0.0002021
0.0002009
0.00019891
0.00019614
0.00019259
0.00018828
0.00018323
0.00017745
0.00017098
0.00016383
0.00015603
0.00014762
0.00013862
0.00012908
0.00011903
0.0001085
9.7555e-05
8.622e-05
7.4545e-05
6.2576e-05
5.036e-05
3.7945e-05
2.538e-05
1.2715e-05
-3.1763e-18
-1.2715e-05
-2.538e-05
-3.7945e-05
-5.036e-05
-6.2576e-05
-7.4545e-05
-8.622e-05
-9.7555e-05
-0.0001085
-0.00011903
-0.00012908
-0.00013862
-0.00014762
-0.00015603
-0.00016383
-0.00017098
-0.00017745
-0.00018323
-0.00018828
-0.00019259
-0.00019614
-0.00019891
-0.0002009
-0.0002021
-0.0002025
-0.0002021
-0.0002009
-0.00019891
-0.00019614
-0.00019259
-0.00018828
-0.00018323
-0.00017745
-0.00017098
-0.00016383
-0.00015603
-0.00014762
-0.00013862
-0.00012908
-0.00011903
-0.0001085
-9.7555e-05
-8.622e-05
-7.4545e-05
-6.2576e-05
-5.036e-05
-3.7945e-05
-2.538e-05
-1.2715e-05
9.9322e-19
1.2715e-05
2.538e-05
3.7945e-05
5.036e-05
6.2576e-05
7.4545e-05
8.622e-05
9.7555e-05
0.0001085
0.00011903
0.00012908
0.00013862
0.00014762
0.00015603
0.00016383
0.00017098
0.00017745
0.00018323
0.00018828
0.00019259
0.00019614
0.00019891
0.0002009
0.0002021
0.0002025
0.0002021
0.0002009
0.00019891
0.00019614
0.00019259
0.00018828
0.00018323
0.00017745
0.00017098
0.00016383
0.00015603
0.00014762
0.00013862
0.00012908
0.00011903
0.0001085
9.7555e-05
8.622e-05
7.4545e-05
6.2576e-05
5.036e-05
3.7945e-05
2.538e-05
1.2715e-05
1.1899e-18
-1.2715e-05
-2.538e-05
-3.7945e-05
-5.036e-05
-6.2576e-05
-7.4545e-05
-8.622e-05
-9.7555e-05
-0.0001085
-0.00011903
-0.00012908
-0.00013862
-0.00014762
-0.00015603
-0.00016383
-0.00017098
-0.00017745
-0.00018323
-0.00018828
-0.00019259
-0.00019614
-0.00019891
-0.0002009
-0.0002021
-0.0002025
-0.0002021
-0.0002009
-0.00019891
-0.00019614
-0.00019259
-0.00018828
-0.00018323
-0.00017745
-0.00017098
-0.00016383
-0.00015603
-0.00014762
-0.00013862
-0.00012908
-0.00011903
-0.0001085
-9.7555e-05
-8.622e-05
-7.4545e-05
-6.2576e-05
-5.036e-05
-3.7945e-05
-2.538e-05
-1.2715e-05
-3.3729e-18
1.2715e-05
2.538e-05
3.7945e-05
5.036e-05
6.2576e-05
7.4545e-05
8.622e-05
9.7555e-05
0.0001085
0.00011903
0.00012908
0.00013862
0.00014762
0.00015603
0.00016383
0.00017098
0.00017745
0.00018323
0.00018828
0.00019259
0.00019614
0.00019891
0.0002009
0.0002021
0.0002025
0.0002021
0.0002009
0.00019891
0.00019614
0.00019259
0.00018828
0.00018323
0.00017745
0.00017098
0.00016383
0.00015603
0.00014762
0.00013862
0.00012908
0.00011903
0.0001085
9.7555e-05
8.622e-05
7.4545e-05
6.2576e-05
5.036e-05
3.7945e-05
2.538e-05
1.2715e-05
5.556e-18
-1.2715e-05
-2.538e-05
-3.7945e-05
-5.036e-05
-6.2576e-05
-7.4545e-05
-8.622e-05
-9.7555e-05
-0.0001085
-0.00011903
-0.00012908
-0.00013862
-0.00014762
-0.00015603
-0.00016383
-0.00017098
-0.00017745
-0.00018323
-0.00018828
-0.00019259
-0.00019614
-0.00019891
-0.0002009
-0.0002021
-0.0002025
-0.0002021
-0.0002009
-0.00019891
-0.00019614
-0.00019259
-0.00018828
-0.00018323
-0.00017745
-0.00017098
-0.00016383
-0.00015603
-0.00014762
-0.00013862
-0.00012908
-0.00011903
-0.0001085
-9.7555e-05
-8.622e-05
-7.4545e-05
-6.2576e-05
-5.036e-05
-3.7945e-05
-2.538e-05
-1.2715e-05
3.7717e-18
1.2715e-05
2.538e-05
3.7945e-05
5.036e-05
6.2576e-05
7.4545e-05
8.622e-05
9.7555e-05
0.0001085
0.00011903
0.00012908
0.00013862
0.00014762
0.00015603
0.00016383
0.00017098
0.00017745
0.00018323
0.00018828
0.00019259
0.00019614
0.00019891
0.0002009
0.0002021
0.0002025
0.0002021
0.0002009
0.00019891
0.00019614
0.00019259
0.00018828
0.00018323
0.00017745
0.00017098
0.00016383
0.00015603
0.00014762
0.00013862
0.00012908
0.00011903
0.0001085
9.7555e-05
8.622e-05
7.4545e-05
6.2576e-05
5.036e-05
3.7945e-05
2.538e-05
1.2715e-05
-1.5886e-18
-1.2715e-05
-2.538e-05
-3.7945e-05
-5.036e-05
-6.2576e-05
-7.4545e-05
-8.622e-05
-9.7555e-05
-0.0001085
-0.00011903
-0.00012908
-0.00013862
-0.00014762
-0.00015603
-0.00016383
-0.00017098
-0.00017745
-0.00018323
-0.00018828
-0.00019259
-0.00019614
-0.00019891
-0.0002009
-0.0002021
-0.0002025
-0.0002021
-0.0002009
-0.00019891
-0.00019614
-0.00019259
-0.00018828
-0.00018323
-0.00017745
-0.00017098
-0.00016383
-0.00015603
-0.00014762
-0.00013862
-0.00012908
-0.00011903
-0.0001085
-9.7555e-05
-8.622e-05
-7.4545e-05
-6.2576e-05
-5.036e-05
-3.7945e-05
-2.538e-05
-1.2715e-05
-5.9443e-19
1.2715e-05
2.538e-05
3.7945e-05
5.036e-05
6.2576e-05
7.4545e-05
8.622e-05
9.7555e-05
0.0001085
0.00011903
0.00012908
0.00013862
0.00014762
0.00015603
0.00016383
0.00017098
0.00017745
0.00018323
0.00018828
0.00019259
0.00019614
0.00019891
0.0002009
0.0002021
0.0002025
0.0002021
0.0002009
0.00019891
0.00019614
0.00019259
0.00018828
0.00018323
0.00017745
0.00017098
0.00016383
0.00015603
0.00014762
0.00013862
0.00012908
0.00011903
0.0001085
9.7555e-05
8.622e-05
7.4545e-05
6.2576e-05
5.036e-05
3.7945e-05
2.538e-05
1.2715e-05
2.7775e-18
-1.2715e-05
-2.538e-05
-3.7945e-05
-5.036e-05
-6.2576e-05
-7.4545e-05
-8.622e-05
-9.7555e-05
-0.0001085
-0.00011903
-0.00012908
-0.00013862
-0.00014762
-0.00015603
-0.00016383
-0.00017098
-0.00017745
-0.00018323
-0.00018828
-0.00019259
-0.00019614
-0.00019891
-0.0002009
-0.0002021
-0.0002025
-0.0002021
-0.0002009
-0.00019891
-0.00019614
-0.00019259
-0.00018828
-0.00018323
-0.00017745
-0.00017098
-0.00016383
-0.00015603
-0.00014762
-0.00013862
-0.00012908
-0.00011903
-0.0001085
-9.7555e-05
-8.622e-05
-7.4545e-05
-6.2576e-05
-5.036e-05
-3.7945e-05
-2.538e-05
-1.2715e-05
-4.9606e-18
1.2715e-05
2.538e-05
3.7945e-05
5.036e-05
6.2576e-05
7.4545e-05
8.622e-05
9.7555e-05
0.0001085
0.00011903
0.00012908
0.00013862
0.00014762
0.00015603
0.00016383
0.00017098
0.00017745
0.00018323
0.00018828
0.00019259
0.00019614
0.00019891
0.0002009
0.0002021
0.0002025
0.0002021
0.0002009
0.00019891
0.00019614
0.00019259
0.00018828
0.00018323
0.00017745
0.00017098
0.00016383
0.00015603
0.00014762
0.00013862
0.00012908
0.00011903
0.0001085
9.7555e-05
8.622e-05
7.4545e-05
6.2576e-05
5.036e-05
3.7945e-05
2.538e-05
1.2715e-05
-4.3671e-18
-1.2715e-05
-2.538e-05
-3.7945e-05
-5.036e-05
-6.2576e-05
-7.4545e-05
-8.622e-05
-9.7555e-05
-0.0001085
-0.00011903
-0.00012908
-0.00013862
-0.00014762
-0.00015603
-0.00016383
-0.00017098
-0.00017745
-0.00018323
-0.00018828
-0.00019259
-0.00019614
-0.00019891
-0.0002009
-0.0002021
-0.0002025
-0.0002021
-0.0002009
-0.00019891
-0.00019614
-0.00019259
-0.00018828
-0.00018323
-0.00017745
-0.00017098
-0.00016383
-0.00015603
-0.00014762
-0.00013862
-0.00012908
-0.00011903
-0.0001085
-9.7555e-05
-8.622e-05
-7.4545e-05
-6.2576e-05
-5.036e-05
-3.7945e-05
-2.538e-05
-1.2715e-05
2.1841e-18
1.2715e-05
2.538e-05
3.7945e-05
5.036e-05
6.2576e-05
7.4545e-05
8.622e-05
9.7555e-05
0.0001085
0.00011903
0.00012908
0.00013862
0.00014762
0.00015603
0.00016383
0.00017098
0.00017745
0.00018323
0.00018828
0.00019259
0.00019614
0.00019891
0.0002009
0.0002021
0.0002025
0.0002021
0.0002009
0.00019891
0.00019614
0.00019259
0.00018828
0.00018323
0.00017745
0.00017098
0.00016383
0.00015603
0.00014762
0.00013862
0.00012908
0.00011903
0.0001085
9.7555e-05
8.622e-05
7.4545e-05
6.2576e-05
5.036e-05
3.7945e-05
2.538e-05
1.2715e-05
-1.0017e-21
-1.269e-05
-2.5304e-05
-3.7793e-05
-5.0108e-05
-6.22e-05
-7.4023e-05
-8.5531e-05
-9.6677e-05
-0.00010742
-0.00011772
-0.00012753
-0.00013682
-0.00014555
-0.00015369
-0.0001612
-0.00016807
-0.00017426
-0.00017975
-0.00018451
-0.00018854
-0.00019182
-0.00019434
-0.00019608
-0.00019705
-0.00019724
-0.00019664
-0.00019528
-0.00019314
-0.00019025
-0.00018662
-0.00018225
-0.00017718
-0.00017142
-0.00016499
-0.00015793
-0.00015026
-0.00014201
-0.00013321
-0.00012392
-0.00011415
-0.00010395
-9.336e-05
-8.2427e-05
-7.1191e-05
-5.9697e-05
-4.7993e-05
-3.6123e-05
-2.4136e-05
-1.2079e-05
-2.0708e-18
1.2054e-05
2.4035e-05
3.5896e-05
4.759e-05
5.9072e-05
7.0296e-05
8.122e-05
9.1799e-05
0.00010199
0.00011177
0.00012108
0.00012989
0.00013817
0.00014589
0.00015301
0.00015952
0.00016539
0.00017058
0.0001751
0.00017892
0.00018202
0.00018439
0.00018604
0.00018694
0.00018711
0.00018654
0.00018523
0.0001832
0.00018045
0.00017699
0.00017284
0.00016802
0.00016255
0.00015644
0.00014974
0.00014245
0.00013463
0.00012628
0.00011746
0.0001082
9.8522e-05
8.8482e-05
7.8116e-05
6.7463e-05
5.6569e-05
4.5475e-05
3.4226e-05
2.2867e-05
1.1444e-05
-6.4239e-18
-1.1418e-05
-2.2766e-05
-3.3998e-05
-4.5072e-05
-5.5943e-05
-6.6569e-05
-7.6909e-05
-8.6922e-05
-9.6569e-05
-0.00010581
-0.00011462
-0.00012296
-0.00013079
-0.00013809
-0.00014482
-0.00015097
-0.00015651
-0.00016142
-0.00016569
-0.00016929
-0.00017221
-0.00017445
-0.00017599
-0.00017684
-0.00017699
-0.00017643
-0.00017519
-0.00017325
-0.00017064
-0.00016736
-0.00016343
-0.00015886
-0.00015367
-0.00014789
-0.00014155
-0.00013465
-0.00012725
-0.00011935
-0.00011101
-0.00010224
-9.3097e-05
-8.3605e-05
-7.3805e-05
-6.3736e-05
-5.344e-05
-4.2957e-05
-3.2329e-05
-2.1598e-05
-1.0808e-05
4.2132e-18
1.0782e-05
2.1497e-05
3.2101e-05
4.2554e-05
5.2814e-05
6.2842e-05
7.2597e-05
8.2044e-05
9.1144e-05
9.9863e-05
0.00010817
0.00011603
0.00012341
0.00013028
0.00013663
0.00014242
0.00014764
0.00015226
0.00015627
0.00015966
0.0001624
0.0001645
0.00016595
0.00016673
0.00016686
0.00016633
0.00016514
0.00016331
0.00016083
0.00015773
0.00015401
0.0001497
0.0001448
0.00013935
0.00013335
0.00012685
0.00011986
0.00011242
0.00010455
9.6292e-05
8.7672e-05
7.8727e-05
6.9494e-05
6.0009e-05
5.0311e-05
4.0439e-05
3.0432e-05
2.0329e-05
1.0172e-05
6.9763e-18
-1.0147e-05
-2.0228e-05
-3.0204e-05
-4.0036e-05
-4.9685e-05
-5.9114e-05
-6.8286e-05
-7.7166e-05
-8.5719e-05
-9.3912e-05
-0.00010171
-0.00010909
-0.00011603
-0.00012248
-0.00012844
-0.00013387
-0.00013877
-0.0001431
-0.00014686
-0.00015003
-0.0001526
-0.00015456
-0.0001559
-0.00015663
-0.00015674
-0.00015622
-0.0001551
-0.00015336
-0.00015103
-0.0001481
-0.0001446
-0.00014054
-0.00013593
-0.0001308
-0.00012516
-0.00011905
-0.00011248
-0.00010549
-9.81e-05
-9.0341e-05
-8.2247e-05
-7.3849e-05
-6.5183e-05
-5.6282e-05
-4.7182e-05
-3.7921e-05
-2.8534e-05
-1.906e-05
-9.5363e-06
-8.1749e-18
9.5109e-06
1.8959e-05
2.8307e-05
3.7518e-05
4.6557e-05
5.5387e-05
6.3975e-05
7.2288e-05
8.0294e-05
8.7961e-05
9.526e-05
0.00010216
0.00010865
0.00011468
0.00012025
0.00012533
0.00012989
0.00013394
0.00013744
0.0001404
0.00014279
0.00014461
0.00014586
0.00014652
0.00014661
0.00014612
0.00014505
0.00014342
0.00014122
0.00013847
0.00013518
0.00013137
0.00012706
0.00012225
0.00011697
0.00011125
0.0001051
9.8559e-05
9.1646e-05
8.439e-05
7.6821e-05
6.8971e-05
6.0872e-05
5.2554e-05
4.4053e-05
3.5403e-05
2.6637e-05
1.7791e-05
8.9006e-06
9.1551e-18
-8.8751e-06
-1.769e-05
-2.641e-05
-3.5e-05
-4.3428e-05
-5.166e-05
-5.9664e-05
-6.7411e-05
-7.4868e-05
-8.2009e-05
-8.8806e-05
-9.5232e-05
-0.00010126
-0.00010688
-0.00011206
-0.00011678
-0.00012102
-0.00012478
-0.00012803
-0.00013077
-0.00013298
-0.00013466
-0.00013581
-0.00013642
-0.00013648
-0.00013601
-0.00013501
-0.00013347
-0.00013141
-0.00012884
-0.00012577
-0.00012221
-0.00011818
-0.0001137
-0.00010878
-0.00010345
-9.7722e-05
-9.1628e-05
-8.5192e-05
-7.8438e-05
-7.1396e-05
-6.4094e-05
-5.6561e-05
-4.8827e-05
-4.0925e-05
-3.2885e-05
-2.474e-05
-1.6522e-05
-8.2648e-06
-2.4465e-18
8.2394e-06
1.6421e-05
2.4512e-05
3.2482e-05
4.0299e-05
4.7933e-05
5.5353e-05
6.2533e-05
6.9443e-05
7.6058e-05
8.2352e-05
8.8301e-05
9.3884e-05
9.9078e-05
0.00010387
0.00010823
0.00011215
0.00011562
0.00011862
0.00012114
0.00012317
0.00012472
0.00012577
0.00012631
0.00012636
0.00012591
0.00012496
0.00012353
0.00012161
0.00011921
0.00011636
0.00011305
0.00010931
0.00010515
0.00010059
9.5646e-05
9.0341e-05
8.4697e-05
7.8738e-05
7.2487e-05
6.5971e-05
5.9216e-05
5.225e-05
4.51e-05
3.7796e-05
3.0367e-05
2.2843e-05
1.5253e-05
7.629e-06
1.0461e-17
-7.6036e-06
-1.5152e-05
-2.2615e-05
-2.9964e-05
-3.717e-05
-4.4205e-05
-5.1042e-05
-5.7655e-05
-6.4018e-05
-7.0107e-05
-7.5898e-05
-8.137e-05
-8.6503e-05
-9.1277e-05
-9.5674e-05
-9.9679e-05
-0.00010328
-0.00010646
-0.0001092
-0.00011151
-0.00011337
-0.00011477
-0.00011572
-0.00011621
-0.00011624
-0.0001158
-0.00011492
-0.00011358
-0.0001118
-0.00010958
-0.00010694
-0.00010389
-0.00010044
-9.6602e-05
-9.2398e-05
-8.7844e-05
-8.296e-05
-7.7766e-05
-7.2284e-05
-6.6536e-05
-6.0546e-05
-5.4338e-05
-4.7938e-05
-4.1373e-05
-3.4667e-05
-2.7849e-05
-2.0945e-05
-1.3984e-05
-6.9933e-06
-4.4666e-18
6.9679e-06
1.3883e-05
2.0718e-05
2.7446e-05
3.4041e-05
4.0478e-05
4.6731e-05
5.2777e-05
5.8593e-05
6.4155e-05
6.9444e-05
7.4439e-05
7.9122e-05
8.3475e-05
8.7483e-05
9.113e-05
9.4405e-05
9.7294e-05
9.9788e-05
0.00010188
0.00010356
0.00010483
0.00010568
0.0001061
0.00010611
0.0001057
0.00010487
0.00010363
0.00010199
9.9954e-05
9.7529e-05
9.4729e-05
9.1565e-05
8.8053e-05
8.4207e-05
8.0043e-05
7.5579e-05
7.0835e-05
6.583e-05
6.0584e-05
5.5121e-05
4.946e-05
4.3627e-05
3.7645e-05
3.1538e-05
2.5331e-05
1.9048e-05
1.2715e-05
6.3575e-06
5.1491e-18
-6.3321e-06
-1.2614e-05
-1.8821e-05
-2.4928e-05
-3.0913e-05
-3.6751e-05
-4.242e-05
-4.79e-05
-5.3167e-05
-5.8204e-05
-6.299e-05
-6.7508e-05
-7.1741e-05
-7.5674e-05
-7.9292e-05
-8.2582e-05
-8.5532e-05
-8.8132e-05
-9.0374e-05
-9.225e-05
-9.3754e-05
-9.4882e-05
-9.563e-05
-9.5998e-05
-9.5985e-05
-9.5593e-05
-9.4826e-05
-9.3688e-05
-9.2185e-05
-9.0324e-05
-8.8115e-05
-8.5567e-05
-8.2693e-05
-7.9504e-05
-7.6015e-05
-7.2241e-05
-6.8199e-05
-6.3904e-05
-5.9376e-05
-5.4633e-05
-4.9695e-05
-4.4583e-05
-3.9316e-05
-3.3918e-05
-2.8409e-05
-2.2813e-05
-1.7151e-05
-1.1446e-05
-5.7218e-06
-5.6134e-18
5.6964e-06
1.1345e-05
1.6923e-05
2.241e-05
2.7784e-05
3.3024e-05
3.8109e-05
4.3022e-05
4.7742e-05
5.2253e-05
5.6536e-05
6.0577e-05
6.4361e-05
6.7873e-05
7.11e-05
7.4033e-05
7.6659e-05
7.8971e-05
8.096e-05
8.2621e-05
8.3947e-05
8.4936e-05
8.5585e-05
8.5893e-05
8.586e-05
8.5488e-05
8.4781e-05
8.3742e-05
8.2378e-05
8.0695e-05
7.8701e-05
7.6406e-05
7.382e-05
7.0955e-05
6.7824e-05
6.444e-05
6.0818e-05
5.6973e-05
5.2922e-05
4.8682e-05
4.427e-05
3.9705e-05
3.5005e-05
3.0191e-05
2.5281e-05
2.0295e-05
1.5254e-05
1.0177e-05
5.086e-06
1.2665e-18
-5.0606e-06
-1.0076e-05
-1.5026e-05
-1.9892e-05
-2.4655e-05
-2.9296e-05
-3.3798e-05
-3.8144e-05
-4.2317e-05
-4.6301e-05
-5.0082e-05
-5.3646e-05
-5.698e-05
-6.0071e-05
-6.2909e-05
-6.5484e-05
-6.7787e-05
-6.981e-05
-7.1546e-05
-7.2991e-05
-7.414e-05
-7.499e-05
-7.554e-05
-7.5788e-05
-7.5735e-05
-7.5383e-05
-7.4736e-05
-7.3797e-05
-7.2571e-05
-7.1065e-05
-6.9287e-05
-6.7244e-05
-6.4947e-05
-6.2406e-05
-5.9633e-05
-5.6639e-05
-5.3437e-05
-5.0042e-05
-4.6468e-05
-4.2731e-05
-3.8845e-05
-3.4827e-05
-3.0694e-05
-2.6464e-05
-2.2152e-05
-1.7777e-05
-1.3357e-05
-8.9084e-06
-4.4503e-06
-5.887e-18
4.4248e-06
8.8069e-06
1.3129e-05
1.7374e-05
2.1526e-05
2.5569e-05
2.9487e-05
3.3266e-05
3.6892e-05
4.035e-05
4.3628e-05
4.6715e-05
4.9599e-05
5.227e-05
5.4718e-05
5.6935e-05
5.8914e-05
6.0648e-05
6.2132e-05
6.3362e-05
6.4333e-05
6.5045e-05
6.5494e-05
6.5683e-05
6.561e-05
6.5278e-05
6.4691e-05
6.3851e-05
6.2764e-05
6.1436e-05
5.9873e-05
5.8083e-05
5.6075e-05
5.3858e-05
5.1441e-05
4.8837e-05
4.6056e-05
4.3111e-05
4.0014e-05
3.6779e-05
3.342e-05
2.9949e-05
2.6383e-05
2.2736e-05
1.9023e-05
1.5259e-05
1.1459e-05
7.6394e-06
3.8145e-06
2.2546e-18
-3.7891e-06
-7.5379e-06
-1.1232e-05
-1.4856e-05
-1.8397e-05
-2.1842e-05
-2.5176e-05
-2.8389e-05
-3.1466e-05
-3.4399e-05
-3.7175e-05
-3.9784e-05
-4.2218e-05
-4.4468e-05
-4.6527e-05
-4.8386e-05
-5.0041e-05
-5.1487e-05
-5.2718e-05
-5.3732e-05
-5.4526e-05
-5.5099e-05
-5.5449e-05
-5.5578e-05
-5.5485e-05
-5.5173e-05
-5.4646e-05
-5.3905e-05
-5.2957e-05
-5.1806e-05
-5.0459e-05
-4.8922e-05
-4.7202e-05
-4.5309e-05
-4.325e-05
-4.1036e-05
-3.8675e-05
-3.618e-05
-3.356e-05
-3.0828e-05
-2.7994e-05
-2.5072e-05
-2.2072e-05
-1.9009e-05
-1.5894e-05
-1.2741e-05
-9.5621e-06
-6.3704e-06
-3.1788e-06
-2.4212e-18
3.1533e-06
6.2689e-06
9.3344e-06
1.2338e-05
1.5269e-05
1.8114e-05
2.0865e-05
2.3511e-05
2.6041e-05
2.8447e-05
3.0721e-05
3.2853e-05
3.4837e-05
3.6667e-05
3.8335e-05
3.9838e-05
4.1169e-05
4.2326e-05
4.3304e-05
4.4103e-05
4.4719e-05
4.5153e-05
4.5404e-05
4.5473e-05
4.536e-05
4.5068e-05
4.4601e-05
4.396e-05
4.315e-05
4.2177e-05
4.1045e-05
3.976e-05
3.833e-05
3.676e-05
3.5059e-05
3.3234e-05
3.1295e-05
2.9249e-05
2.7106e-05
2.4877e-05
2.2569e-05
2.0194e-05
1.7761e-05
1.5282e-05
1.2765e-05
1.0223e-05
7.6648e-06
5.1014e-06
2.543e-06
2.3694e-18
-2.5176e-06
-4.9999e-06
-7.4372e-06
-9.8201e-06
-1.214e-05
-1.4387e-05
-1.6554e-05
-1.8633e-05
-2.0616e-05
-2.2496e-05
-2.4267e-05
-2.5922e-05
-2.7457e-05
-2.8865e-05
-3.0144e-05
-3.1289e-05
-3.2296e-05
-3.3164e-05
-3.389e-05
-3.4473e-05
-3.4913e-05
-3.5208e-05
-3.5359e-05
-3.5368e-05
-3.5235e-05
-3.4963e-05
-3.4555e-05
-3.4014e-05
-3.3343e-05
-3.2548e-05
-3.1631e-05
-3.0599e-05
-2.9457e-05
-2.8211e-05
-2.6867e-05
-2.5433e-05
-2.3914e-05
-2.2318e-05
-2.0653e-05
-1.8925e-05
-1.7144e-05
-1.5316e-05
-1.345e-05
-1.1555e-05
-9.6367e-06
-7.705e-06
-5.7676e-06
-3.8324e-06
-1.9073e-06
-3.8425e-19
1.8818e-06
3.7309e-06
5.5399e-06
7.3022e-06
9.0109e-06
1.066e-05
1.2243e-05
1.3755e-05
1.5191e-05
1.6545e-05
1.7813e-05
1.8991e-05
2.0076e-05
2.1064e-05
2.1953e-05
2.274e-05
2.3424e-05
2.4003e-05
2.4476e-05
2.4844e-05
2.5106e-05
2.5262e-05
2.5314e-05
2.5263e-05
2.511e-05
2.4858e-05
2.451e-05
2.4068e-05
2.3537e-05
2.2918e-05
2.2217e-05
2.1438e-05
2.0584e-05
1.9662e-05
1.8676e-05
1.7631e-05
1.6533e-05
1.5387e-05
1.4199e-05
1.2974e-05
1.1719e-05
1.0438e-05
9.1394e-06
7.8272e-06
6.5079e-06
5.187e-06
3.8704e-06
2.5634e-06
1.2715e-06
1.611e-18
-1.2461e-06
-2.4619e-06
-3.6427e-06
-4.7842e-06
-5.8821e-06
-6.9327e-06
-7.9323e-06
-8.8775e-06
-9.7654e-06
-1.0593e-05
-1.1359e-05
-1.206e-05
-1.2695e-05
-1.3262e-05
-1.3761e-05
-1.4191e-05
-1.4551e-05
-1.4841e-05
-1.5062e-05
-1.5215e-05
-1.5299e-05
-1.5316e-05
-1.5269e-05
-1.5158e-05
-1.4985e-05
-1.4753e-05
-1.4465e-05
-1.4123e-05
-1.373e-05
-1.3289e-05
-1.2803e-05
-1.2276e-05
-1.1712e-05
-1.1113e-05
-1.0485e-05
-9.8298e-06
-9.1522e-06
-8.4559e-06
-7.7447e-06
-7.0226e-06
-6.2933e-06
-5.5606e-06
-4.8283e-06
-4.1e-06
-3.3791e-06
-2.6691e-06
-1.9731e-06
-1.2944e-06
-6.3575e-07
-3.4031e-19
6.1032e-07
1.1929e-06
1.7455e-06
2.2662e-06
2.7533e-06
3.2054e-06
3.6213e-06
3.9998e-06
4.3402e-06
4.642e-06
4.905e-06
5.129e-06
5.3142e-06
5.461e-06
5.5701e-06
5.6422e-06
5.6785e-06
5.6801e-06
5.6484e-06
5.5851e-06
5.4919e-06
5.3707e-06
5.2235e-06
5.0525e-06
4.86e-06
4.6483e-06
4.4199e-06
4.1772e-06
3.9228e-06
3.6592e-06
3.389e-06
3.1149e-06
2.8392e-06
2.5646e-06
2.2936e-06
2.0284e-06
1.7714e-06
1.5248e-06
1.2908e-06
1.0712e-06
8.6804e-07
6.8289e-07
5.1732e-07
3.7273e-07
2.503e-07
1.5108e-07
7.5889e-08
2.538e-08
0
0
-0
-0
-0
-0
-0
-0
-0
-0
-0
-0
-0
-0
-0
-0
-0
-0
-0
-0
-0
-0
-0
-0
-0
-0
-0
-0
-0
-0
-0
-0
-0
-0
-0
-0
-0
-0
-0
-0
-0
-0
-0
-0
-0
-0
-0
-0
-0
-0
-0
-0
0
0
0
0
0
0
0
0
0
0
0
0
0
0
0
0
0
0
0
0
0
0
0
0
0
0
0
0
0
0
0
0
0
0
0
0
0
0
0
0
0
0
0
0
0
0
0
0
0
0
-0
-0
-0
-0
-0
-0
-0
-0
-0
-0
-0
-0
-0
-0
-0
-0
-0
-0
-0
-0
-0
-0
-0
-0
-0
-0
-0
-0
-0
-0
-0
-0
-0
-0
-0
-0
-0
-0
-0
-0
-0
-0
-0
-0
-0
-0
-0
-0
-0
-0
0
0
0
0
0
0
0
0
0
0
0
0
0
0
0
0
0
0
0
0
0
0
0
0
0
0
0
0
0
0
0
0
0
0
0
0
0
0
0
0
0
0
0
0
0
0
0
0
0
0
-0
-0
-0
-0
-0
-0
-0
-0
-0
-0
-0
-0
-0
-0
-0
-0
-0
-0
-0
-0
-0
-0
-0
-0
-0
-0
-0
-0
-0
-0
-0
-0
-0
-0
-0
-0
-0
-0
-0
-0
-0
-0
-0
-0
-0
-0
-0
-0
-0
-0
0
0
0
0
0
0
0
0
0
0
0
0
0
0
0
0
0
0
0
0
0
0
0
0
0
0
0
0
0
0
0
0
0
0
0
0
0
0
0
0
0
0
0
0
0
0
0
0
0
0
-0
-0
-0
-0
-0
-0
-0
-0
-0
-0
-0
-0
-0
-0
-0
-0
-0
-0
-0
-0
-0
-0
-0
-0
-0
-0
-0
-0
-0
-0
-0
-0
-0
-0
-0
-0
-0
-0
-0
-0
-0
-0
-0
-0
-0
-0
-0
-0
-0
-0
0
0
0
0
0
0
0
0
0
0
0
0
0
0
0
0
0
0
0
0
0
0
0
0
0
0
0
0
0
0
0
0
0
0
0
0
0
0
0
0
0
0
0
0
0
0
0
0
0
0
-0
-0
-0
-0
-0
-0
-0
-0
-0
-0
-0
-0
-0
-0
-0
-0
-0
-0
-0
-0
-0
-0
-0
-0
-0
-0
-0
-0
-0
-0
-0
-0
-0
-0
-0
-0
-0
-0
-0
-0
-0
-0
-0
-0
-0
-0
-0
-0
-0
-0
0
0
0
0
0
0
0
0
0
0
0
0
0
0
0
0
0
0
0
0
0
0
0
0
0
0
0
0
0
0
0
0
0
0
0
0
0
0
0
0
0
0
0
0
0
0
0
0
0
0
-0
-0
-0
-0
-0
-0
-0
-0
-0
-0
-0
-0
-0
-0
-0
-0
-0
-0
-0
-0
-0
-0
-0
-0
-0
-0
-0
-0
-0
-0
-0
-0
-0
-0
-0
-0
-0
-0
-0
-0
-0
-0
-0
-0
-0
-0
-0
-0
-0
-0
0
0
0
0
0
0
0
0
0
0
0
0
0
0
0
0
0
0
0
0
0
0
0
0
0
0
0
0
0
0
0
0
0
0
0
0
0
0
0
0
0
0
0
0
0
0
0
0
0
0
-0
-0
-0
-0
-0
-0
-0
-0
-0
-0
-0
-0
-0
-0
-0
-0
-0
-0
-0
-0
-0
-0
-0
-0
-0
-0
-0
-0
-0
-0
-0
-0
-0
-0
-0
-0
-0
-0
-0
-0
-0
-0
-0
-0
-0
-0
-0
-0
-0
-0
0
0
0
0
0
0
0
0
0
0
0
0
0
0
0
0
0
0
0
0
0
0
0
0
0
0
0
0
0
0
0
0
0
0
0
0
0
0
0
0
0
0
0
0
0
0
0
0
0
0
-0
-0
-0
-0
-0
-0
-0
-0
-0
-0
-0
-0
-0
-0
-0
-0
-0
-0
-0
-0
-0
-0
-0
-0
-0
-0
-0
-0
-0
-0
-0
-0
-0
-0
-0
-0
-0
-0
-0
-0
-0
-0
-0
-0
-0
-0
-0
-0
-0
-0
0
0
0
0
0
0
0
0
0
0
0
0
0
0
0
0
0
0
0
0
0
0
0
0
0
0
0
0
0
0
0
0
0
0
0
0
0
0
0
0
0
0
0
0
0
0
0
0
0
0
-0
-0
-0
-0
-0
-0
-0
-0
-0
-0
-0
-0
-0
-0
-0
-0
-0
-0
-0
-0
-0
-0
-0
-0
-0
-0
-0
-0
-0
-0
-0
-0
-0
-0
-0
-0
-0
-0
-0
-0
-0
-0
-0
-0
-0
-0
-0
-0
-0
-0
0
0
0
0
0
0
0
0
0
0
0
0
0
0
0
0
0
0
0
0
0
0
0
0
0
0
0
0
0
0
0
0
0
0
0
0
0
0
0
0
0
0
0
0
0
0
0
0
0
0
-0
-0
-0
-0
-0
-0
-0
-0
-0
-0
-0
-0
-0
-0
-0
-0
-0
-0
-0
-0
-0
-0
-0
-0
-0
-0
-0
-0
-0
-0
-0
-0
-0
-0
-0
-0
-0
-0
-0
-0
-0
-0
-0
-0
-0
-0
-0
-0
-0
-0
0
0
0
0
0
0
0
0
0
0
0
0
0
0
0
0
0
0
0
0
0
0
0
0
0
0
0
0
0
0
0
0
0
0
0
0
0
0
0
0
0
0
0
0
0
0
0
0
0
0
-0
-0
-0
-0
-0
-0
-0
-0
-0
-0
-0
-0
-0
-0
-0
-0
-0
-0
-0
-0
-0
-0
-0
-0
-0
-0
-0
-0
-0
-0
-0
-0
-0
-0
-0
-0
-0
-0
-0
-0
-0
-0
-0
-0
-0
-0
-0
-0
-0
-0
0
0
0
0
0
0
0
0
0
0
0
0
0
0
0
0
0
0
0
0
0
0
0
0
0
0
0
0
0
0
0
0
0
0
0
0
0
0
0
0
0
0
0
0
0
0
0
0
0
-0
-0
-0
-0
-0
-0
-0
-0
-0
-0
-0
-0
-0
-0
-0
-0
-0
-0
-0
-0
-0
-0
-0
-0
-0
-0
-0
-0
-0
-0
-0
-0
-0
-0
-0
-0
-0
-0
-0
-0
-0
-0
-0
-0
-0
-0
-0
-0
-0
-0
-0
0
0
0
0
0
0
0
0
0
0
0
0
0
0
0
0
0
0
0
0
0
0
0
0
0
0
0
0
0
0
0
0
0
0
0
0
0
0
0
0
0
0
0
0
0
0
0
0
0
0
-0
-0
-0
-0
-0
-0
-0
-0
-0
-0
-0
-0
-0
-0
-0
-0
-0
-0
-0
-0
-0
-0
-0
-0
-0
-0
-0
-0
-0
-0
-0
-0
-0
-0
-0
-0
-0
-0
-0
-0
-0
-0
-0
-0
-0
-0
-0
-0
-0
0
0
0
0
0
0
0
0
0
0
0
0
0
0
0
0
0
0
0
0
0
0
0
0
0
0
0
0
0
0
0
0
0
0
0
0
0
0
0
0
0
0
0
0
0
0
0
0
0
0
0
-0
-0
-0
-0
-0
-0
-0
-0
-0
-0
-0
-0
-0
-0
-0
-0
-0
-0
-0
-0
-0
-0
-0
-0
-0
-0
-0
-0
-0
-0
-0
-0
-0
-0
-0
-0
-0
-0
-0
-0
-0
-0
-0
-0
-0
-0
-0
-0
-0
-0
0
0
0
0
0
0
0
0
0
0
0
0
0
0
0
0
0
0
0
0
0
0
0
0
0
0
0
0
0
0
0
0
0
0
0
0
0
0
0
0
0
0
0
0
0
0
0
0
0
0
-0
-0
-0
-0
-0
-0
-0
-0
-0
-0
-0
-0
-0
-0
-0
-0
-0
-0
-0
-0
-0
-0
-0
-0
-0
-0
-0
-0
-0
-0
-0
-0
-0
-0
-0
-0
-0
-0
-0
-0
-0
-0
-0
-0
-0
-0
-0
-0
-0
-0
0
0
0
0
0
0
0
0
0
0
0
0
0
0
0
0
0
0
0
0
0
0
0
0
0
0
0
0
0
0
0
0
0
0
0
0
0
0
0
0
0
0
0
0
0
0
0
0
0
-0
-0
-0
-0
-0
-0
-0
-0
-0
-0
-0
-0
-0
-0
-0
-0
-0
-0
-0
-0
-0
-0
-0
-0
-0
-0
-0
-0
-0
-0
-0
-0
-0
-0
-0
-0
-0
-0
-0
-0
-0
-0
-0
-0
-0
-0
-0
-0
-0
-0
-0
0
0
0
0
0
0
0
0
0
0
0
0
0
0
0
0
0
0
0
0
0
0
0
0
0
0
0
0
0
0
0
0
0
0
0
0
0
0
0
0
0
0
0
0
0
0
0
0
0
-0
-0
-0
-0
-0
-0
-0
-0
-0
-0
-0
-0
-0
-0
-0
-0
-0
-0
-0
-0
-0
-0
-0
-0
-0
-0
-0
-0
-0
-0
-0
-0
-0
-0
-0
-0
-0
-0
-0
-0
-0
-0
-0
-0
-0
-0
-0
-0
-0
-0
-0
0
0
0
0
0
0
0
0
0
0
0
0
0
0
0
0
0
0
0
0
0
0
0
0
0
0
0
0
0
0
0
0
0
0
0
0
0
0
0
0
0
0
0
0
0
0
0
0
0
0
-0
-0
-0
-0
-0
-0
-0
-0
-0
-0
-0
-0
-0
-0
-0
-0
-0
-0
-0
-0
-0
-0
-0
-0
-0
-0
-0
-0
-0
-0
-0
-0
-0
-0
-0
-0
-0
-0
-0
-0
-0
-0
-0
-0
-0
-0
-0
-0
-0
-0
0
0
0
0
0
0
0
0
0
0
0
0
0
0
0
0
0
0
0
0
0
0
0
0
0
0
0
0
0
0
0
0
0
0
0
0
0
0
0
0
0
0
0
0
0
0
0
0
0
0
-0
-0
-0
-0
-0
-0
-0
-0
-0
-0
-0
-0
-0
-0
-0
-0
-0
-0
-0
-0
-0
-0
-0
-0
-0
-0
-0
-0
-0
-0
-0
-0
-0
-0
-0
-0
-0
-0
-0
-0
-0
-0
-0
-0
-0
-0
-0
-0
-0
-0
0
0
0
0
0
0
0
0
0
0
0
0
0
0
0
0
0
0
0
0
0
0
0
0
0
0
0
0
0
0
0
0
0
0
0
0
0
0
0
0
0
0
0
0
0
0
0
0
0
0
-0
-0
-0
-0
-0
-0
-0
-0
-0
-0
-0
-0
-0
-0
-0
-0
-0
-0
-0
-0
-0
-0
-0
-0
-0
-0
-0
-0
-0
-0
-0
-0
-0
-0
-0
-0
-0
-0
-0
-0
-0
-0
-0
-0
-0
-0
-0
-0
-0
-0
0
0
0
0
0
0
0
0
0
0
0
0
0
0
0
0
0
0
0
0
0
0
0
0
0
0
0
0
0
0
0
0
0
0
0
0
0
0
0
0
0
0
0
0
0
0
0
0
0
-0
-0
-0
-0
-0
-0
-0
-0
-0
-0
-0
-0
-0
-0
-0
-0
-0
-0
-0
-0
-0
-0
-0
-0
-0
-0
-0
-0
-0
-0
-0
-0
-0
-0
-0
-0
-0
-0
-0
-0
-0
-0
-0
-0
-0
-0
-0
-0
-0
-0
-0
0
0
0
0
0
0
0
0
0
0
0
0
0
0
0
0
0
0
0
0
0
0
0
0
0
0
0
0
0
0
0
0
0
0
0
0
0
0
0
0
0
0
0
0
0
0
0
0
0
-0
-0
-0
-0
-0
-0
-0
-0
-0
-0
-0
-0
-0
-0
-0
-0
-0
-0
-0
-0
-0
-0
-0
-0
-0
-0
-0
-0
-0
-0
-0
-0
-0
-0
-0
-0
-0
-0
-0
-0
-0
-0
-0
-0
-0
-0
-0
-0
-0
-0
-0
0
0
0
0
0
0
0
0
0
0
0
0
0
0
0
0
0
0
0
0
0
0
0
0
0
0
0
0
0
0
0
0
0
0
0
0
0
0
0
0
0
0
0
0
0
0
0
0
0
0
-0
-0
-0
-0
-0
-0
-0
-0
-0
-0
-0
-0
-0
-0
-0
-0
-0
-0
-0
-0
-0
-0
-0
-0
-0
-0
-0
-0
-0
-0
-0
-0
-0
-0
-0
-0
-0
-0
-0
-0
-0
-0
-0
-0
-0
-0
-0
-0
-0
-0
0
0
0
0
0
0
0
0
0
0
0
0
0
0
0
0
0
0
0
0
0
0
0
0
0
0
0
0
0
0
0
0
0
0
0
0
0
0
0
0
0
0
0
0
0
0
0
0
0
0
-0
-0
-0
-0
-0
-0
-0
-0
-0
-0
-0
-0
-0
-0
-0
-0
-0
-0
-0
-0
-0
-0
-0
-0
-0
-0
-0
-0
-0
-0
-0
-0
-0
-0
-0
-0
-0
-0
-0
-0
-0
-0
-0
-0
-0
-0
-0
-0
-0
-0
0
0
0
0
0
0
0
0
0
0
0
0
0
0
0
0
0
0
0
0
0
0
0
0
0
0
0
0
0
0
0
0
0
0
0
0
0
0
0
0
0
0
0
0
0
0
0
0
0
0
-0
-0
-0
-0
-0
-0
-0
-0
-0
-0
-0
-0
-0
-0
-0
-0
-0
-0
-0
-0
-0
-0
-0
-0
-0
-0
-0
-0
-0
-0
-0
-0
-0
-0
-0
-0
-0
-0
-0
-0
-0
-0
-0
-0
-0
-0
-0
-0
-0
-0
0
0
0
0
0
0
0
0
0
0
0
0
0
0
0
0
0
0
0
0
0
0
0
0
0
0
0
0
0
0
0
0
0
0
0
0
0
0
0
0
0
0
0
0
0
0
0
0
0
-0
-0
-0
-0
-0
-0
-0
-0
-0
-0
-0
-0
-0
-0
-0
-0
-0
-0
-0
-0
-0
-0
-0
-0
-0
-0
-0
-0
-0
-0
-0
-0
-0
-0
-0
-0
-0
-0
-0
-0
-0
-0
-0
-0
-0
-0
-0
-0
-0
-0
-0
0
0
0
0
0
0
0
0
0
0
0
0
0
0
0
0
0
0
0
0
0
0
0
0
0
0
0
0
0
0
0
0
0
0
0
0
0
0
0
0
0
0
0
0
0
0
0
0
0
-0
-0
-0
-0
-0
-0
-0
-0
-0
-0
-0
-0
-0
-0
-0
-0
-0
-0
-0
-0
-0
-0
-0
-0
-0
-0
-0
-0
-0
-0
-0
-0
-0
-0
-0
-0
-0
-0
-0
-0
-0
-0
-0
-0
-0
-0
-0
-0
-0
-0
-0
0
0
0
0
0
0
0
0
0
0
0
0
0
0
0
0
0
0
0
0
0
0
0
0
0
0
0
0
0
0
0
0
0
0
0
0
0
0
0
0
0
0
0
0
0
0
0
0
0
0
-0
-0
-0
-0
-0
-0
-0
-0
-0
-0
-0
-0
-0
-0
-0
-0
-0
-0
-0
-0
-0
-0
-0
-0
-0
-0
-0
-0
-0
-0
-0
-0
-0
-0
-0
-0
-0
-0
-0
-0
-0
-0
-0
-0
-0
-0
-0
-0
-0
-0
0
0
0
0
0
0
0
0
0
0
0
0
0
0
0
0
0
0
0
0
0
0
0
0
0
0
0
0
0
0
0
0
0
0
0
0
0
0
0
0
0
0
0
0
0
0
0
0
0
0
-0
-0
-0
-0
-0
-0
-0
-0
-0
-0
-0
-0
-0
-0
-0
-0
-0
-0
-0
-0
-0
-0
-0
-0
-0
-0
-0
-0
-0
-0
-0
-0
-0
-0
-0
-0
-0
-0
-0
-0
-0
-0
-0
-0
-0
-0
-0
-0
-0
-0
0
0
0
0
0
0
0
0
0
0
0
0
0
0
0
0
0
0
0
0
0
0
0
0
0
0
0
0
0
0
0
0
0
0
0
0
0
0
0
0
0
0
0
0
0
0
0
0
0
0
-0
-0
-0
-0
-0
-0
-0
-0
-0
-0
-0
-0
-0
-0
-0
-0
-0
-0
-0
-0
-0
-0
-0
-0
-0
-0
-0
-0
-0
-0
-0
-0
-0
-0
-0
-0
-0
-0
-0
-0
-0
-0
-0
-0
-0
-0
-0
-0
-0
-0
0
0
0
0
0
0
0
0
0
0
0
0
0
0
0
0
0
0
0
0
0
0
0
0
0
0
0
0
0
0
0
0
0
0
0
0
0
0
0
0
0
0
0
0
0
0
0
0
0
-0
-0
-0
-0
-0
-0
-0
-0
-0
-0
-0
-0
-0
-0
-0
-0
-0
-0
-0
-0
-0
-0
-0
-0
-0
-0
-0
-0
-0
-0
-0
-0
-0
-0
-0
-0
-0
-0
-0
-0
-0
-0
-0
-0
-0
-0
-0
-0
-0
-0
-0
0
0
0
0
0
0
0
0
0
0
0
0
0
0
0
0
0
0
0
0
0
0
0
0
0
0
0
0
0
0
0
0
0
0
0
0
0
0
0
0
0
0
0
0
0
0
0
0
0
-0
-0
-0
-0
-0
-0
-0
-0
-0
-0
-0
-0
-0
-0
-0
-0
-0
-0
-0
-0
-0
-0
-0
-0
-0
-0
-0
-0
-0
-0
-0
-0
-0
-0
-0
-0
-0
-0
-0
-0
-0
-0
-0
-0
-0
-0
-0
-0
-0
-0
-0
0
0
0
0
0
0
0
0
0
0
0
0
0
0
0
0
0
0
0
0
0
0
0
0
0
0
0
0
0
0
0
0
0
0
0
0
0
0
0
0
0
0
0
0
0
0
0
0
0
-0
