-0
-0
-0
-0
-0
-0
-0
-0
-0
-0
-0
-0
-0
-0
-0
-0
-0
-0
-0
-0
-0
-0
-0
-0
-0
-0
-0
-0
-0
-0
-0
-0
-0
-0
-0
-0
-0
-0
-0
-0
-0
-0
-0
-0
-0
-0
-0
-0
-0
-0
-0
0
0
0
0
0
0
0
0
0
0
0
0
0
0
0
0
0
0
0
0
0
0
0
0
0
0
0
0
0
0
0
0
0
0
0
0
0
0
0
0
0
0
0
0
0
0
0
0
0
0
-0
-0
-0
-0
-0
-0
-0
-0
-0
-0
-0
-0
-0
-0
-0
-0
-0
-0
-0
-0
-0
-0
-0
-0
-0
-0
-0
-0
-0
-0
-0
-0
-0
-0
-0
-0
-0
-0
-0
-0
-0
-0
-0
-0
-0
-0
-0
-0
-0
-0
0
0
0
0
0
0
0
0
0
0
0
0
0
0
0
0
0
0
0
0
0
0
0
0
0
0
0
0
0
0
0
0
0
0
0
0
0
0
0
0
0
0
0
0
0
0
0
0
0
0
-0
-0
-0
-0
-0
-0
-0
-0
-0
-0
-0
-0
-0
-0
-0
-0
-0
-0
-0
-0
-0
-0
-0
-0
-0
-0
-0
-0
-0
-0
-0
-0
-0
-0
-0
-0
-0
-0
-0
-0
-0
-0
-0
-0
-0
-0
-0
-0
-0
-0
0
0
0
0
0
0
0
0
0
0
0
0
0
0
0
0
0
0
0
0
0
0
0
0
0
0
0
0
0
0
0
0
0
0
0
0
0
0
0
0
0
0
0
0
0
0
0
0
0
0
-0
-0
-0
-0
-0
-0
-0
-0
-0
-0
-0
-0
-0
-0
-0
-0
-0
-0
-0
-0
-0
-0
-0
-0
-0
-0
-0
-0
-0
-0
-0
-0
-0
-0
-0
-0
-0
-0
-0
-0
-0
-0
-0
-0
-0
-0
-0
-0
-0
0
0
0
0
0
0
0
0
0
0
0
0
0
0
0
0
0
0
0
0
0
0
0
0
0
0
0
0
0
0
0
0
0
0
0
0
0
0
0
0
0
0
0
0
0
0
0
0
0
0
0
-0
-0
-0
-0
-0
-0
-0
-0
-0
-0
-0
-0
-0
-0
-0
-0
-0
-0
-0
-0
-0
-0
-0
-0
-0
-0
-0
-0
-0
-0
-0
-0
-0
-0
-0
-0
-0
-0
-0
-0
-0
-0
-0
-0
-0
-0
-0
-0
-0
-0
0
0
0
0
0
0
0
0
0
0
0
0
0
0
0
0
0
0
0
0
0
0
0
0
0
0
0
0
0
0
0
0
0
0
0
0
0
0
0
0
0
0
0
0
0
0
0
0
0
0
-0
-0
-0
-0
-0
-0
-0
-0
-0
-0
-0
-0
-0
-0
-0
-0
-0
-0
-0
-0
-0
-0
-0
-0
-0
-0
-0
-0
-0
-0
-0
-0
-0
-0
-0
-0
-0
-0
-0
-0
-0
-0
-0
-0
-0
-0
-0
-0
-0
0
0
0
0
0
0
0
0
0
0
0
0
0
0
0
0
0
0
0
0
0
0
0
0
0
0
0
0
0
0
0
0
0
0
0
0
0
0
0
0
0
0
0
0
0
0
0
0
0
0
0
-0
-0
-0
-0
-0
-0
-0
-0
-0
-0
-0
-0
-0
-0
-0
-0
-0
-0
-0
-0
-0
-0
-0
-0
-0
-0
-0
-0
-0
-0
-0
-0
-0
-0
-0
-0
-0
-0
-0
-0
-0
-0
-0
-0
-0
-0
-0
-0
-0
0
0
0
0
0
0
0
0
0
0
0
0
0
0
0
0
0
0
0
0
0
0
0
0
0
0
0
0
0
0
0
0
0
0
0
0
0
0
0
0
0
0
0
0
0
0
0
0
0
0
-0
-0
-0
-0
-0
-0
-0
-0
-0
-0
-0
-0
-0
-0
-0
-0
-0
-0
-0
-0
-0
-0
-0
-0
-0
-0
-0
-0
-0
-0
-0
-0
-0
-0
-0
-0
-0
-0
-0
-0
-0
-0
-0
-0
-0
-0
-0
-0
-0
-0
-0
0
0
0
0
0
0
0
0
0
0
0
0
0
0
0
0
0
0
0
0
0
0
0
0
0
0
0
0
0
0
0
0
0
0
0
0
0
0
0
0
0
0
0
0
0
0
0
0
0
0
-0
-0
-0
-0
-0
-0
-0
-0
-0
-0
-0
-0
-0
-0
-0
-0
-0
-0
-0
-0
-0
-0
-0
-0
-0
-0
-0
-0
-0
-0
-0
-0
-0
-0
-0
-0
-0
-0
-0
-0
-0
-0
-0
-0
-0
-0
-0
-0
-0
-0
0
0
0
0
0
0
0
0
0
0
0
0
0
0
0
0
0
0
0
0
0
0
0
0
0
0
0
0
0
0
0
0
0
0
0
0
0
0
0
0
0
0
0
0
0
0
0
0
0
0
-0
-0
-0
-0
-0
-0
-0
-0
-0
-0
-0
-0
-0
-0
-0
-0
-0
-0
-0
-0
-0
-0
-0
-0
-0
-0
-0
-0
-0
-0
-0
-0
-0
-0
-0
-0
-0
-0
-0
-0
-0
-0
-0
-0
-0
-0
-0
-0
-0
0
0
0
0
0
0
0
0
0
0
0
0
0
0
0
0
0
0
0
0
0
0
0
0
0
0
0
0
0
0
0
0
0
0
0
0
0
0
0
0
0
0
0
0
0
0
0
0
0
0
0
-0
-0
-0
-0
-0
-0
-0
-0
-0
-0
-0
-0
-0
-0
-0
-0
-0
-0
-0
-0
-0
-0
-0
-0
-0
-0
-0
-0
-0
-0
-0
-0
-0
-0
-0
-0
-0
-0
-0
-0
-0
-0
-0
-0
-0
-0
-0
-0
-0
0
0
0
0
0
0
0
0
0
0
0
0
0
0
0
0
0
0
0
0
0
0
0
0
0
0
0
0
0
0
0
0
0
0
0
0
0
0
0
0
0
0
0
0
0
0
0
0
0
0
-0
-0
-0
-0
-0
-0
-0
-0
-0
-0
-0
-0
-0
-0
-0
-0
-0
-0
-0
-0
-0
-0
-0
-0
-0
-0
-0
-0
-0
-0
-0
-0
-0
-0
-0
-0
-0
-0
-0
-0
-0
-0
-0
-0
-0
-0
-0
-0
-0
-0
0
0
0
0
0
0
0
0
0
0
0
0
0
0
0
0
0
0
0
0
0
0
0
0
0
0
0
0
0
0
0
0
0
0
0
0
0
0
0
0
0
0
0
0
0
0
0
0
0
0
0
-0
-0
-0
-0
-0
-0
-0
-0
-0
-0
-0
-0
-0
-0
-0
-0
-0
-0
-0
-0
-0
-0
-0
-0
-0
-0
-0
-0
-0
-0
-0
-0
-0
-0
-0
-0
-0
-0
-0
-0
-0
-0
-0
-0
-0
-0
-0
-0
-0
0
0
0
0
0
0
0
0
0
0
0
0
0
0
0
0
0
0
0
0
0
0
0
0
0
0
0
0
0
0
0
0
0
0
0
0
0
0
0
0
0
0
0
0
0
0
0
0
0
0
-0
-0
-0
-0
-0
-0
-0
-0
-0
-0
-0
-0
-0
-0
-0
-0
-0
-0
-0
-0
-0
-0
-0
-0
-0
-0
-0
-0
-0
-0
-0
-0
-0
-0
-0
-0
-0
-0
-0
-0
-0
-0
-0
-0
-0
-0
-0
-0
-0
-0
0
0
0
0
0
0
0
0
0
0
0
0
0
0
0
0
0
0
0
0
0
0
0
0
0
0
0
0
0
0
0
0
0
0
0
0
0
0
0
0
0
0
0
0
0
0
0
0
0
0
-0
-0
-0
-0
-0
-0
-0
-0
-0
-0
-0
-0
-0
-0
-0
-0
-0
-0
-0
-0
-0
-0
-0
-0
-0
-0
-0
-0
-0
-0
-0
-0
-0
-0
-0
-0
-0
-0
-0
-0
-0
-0
-0
-0
-0
-0
-0
-0
-0
-0
0
0
0
0
0
0
0
0
0
0
0
0
0
0
0
0
0
0
0
0
0
0
0
0
0
0
0
0
0
0
0
0
0
0
0
0
0
0
0
0
0
0
0
0
0
0
0
0
0
0
0
-0
-0
-0
-0
-0
-0
-0
-0
-0
-0
-0
-0
-0
-0
-0
-0
-0
-0
-0
-0
-0
-0
-0
-0
-0
-0
-0
-0
-0
-0
-0
-0
-0
-0
-0
-0
-0
-0
-0
-0
-0
-0
-0
-0
-0
-0
-0
-0
-0
-0
0
0
0
0
0
0
0
0
0
0
0
0
0
0
0
0
0
0
0
0
0
0
0
0
0
0
0
0
0
0
0
0
0
0
0
0
0
0
0
0
0
0
0
0
0
0
0
0
0
0
-0
-0
-0
-0
-0
-0
-0
-0
-0
-0
-0
-0
-0
-0
-0
-0
-0
-0
-0
-0
-0
-0
-0
-0
-0
-0
-0
-0
-0
-0
-0
-0
-0
-0
-0
-0
-0
-0
-0
-0
-0
-0
-0
-0
-0
-0
-0
-0
-0
-0
0
0
0
0
0
0
0
0
0
0
0
0
0
0
0
0
0
0
0
0
0
0
0
0
0
0
0
0
0
0
0
0
0
0
0
0
0
0
0
0
0
0
0
0
0
0
0
0
0
0
-0
-0
-0
-0
-0
-0
-0
-0
-0
-0
-0
-0
-0
-0
-0
-0
-0
-0
-0
-0
-0
-0
-0
-0
-0
-0
-0
-0
-0
-0
-0
-0
-0
-0
-0
-0
-0
-0
-0
-0
-0
-0
-0
-0
-0
-0
-0
-0
-0
-0
0
0
0
0
0
0
0
0
0
0
0
0
0
0
0
0
0
0
0
0
0
0
0
0
0
0
0
0
0
0
0
0
0
0
0
0
0
0
0
0
0
0
0
0
0
0
0
0
0
0
-0
-0
-0
-0
-0
-0
-0
-0
-0
-0
-0
-0
-0
-0
-0
-0
-0
-0
-0
-0
-0
-0
-0
-0
-0
-0
-0
-0
-0
-0
-0
-0
-0
-0
-0
-0
-0
-0
-0
-0
-0
-0
-0
-0
-0
-0
-0
-0
-0
-0
0
0
0
0
0
0
0
0
0
0
0
0
0
0
0
0
0
0
0
0
0
0
0
0
0
0
0
0
0
0
0
0
0
0
0
0
0
0
0
0
0
0
0
0
0
0
0
0
0
-0
-0
-0
-0
-0
-0
-0
-0
-0
-0
-0
-0
-0
-0
-0
-0
-0
-0
-0
-0
-0
-0
-0
-0
-0
-0
-0
-0
-0
-0
-0
-0
-0
-0
-0
-0
-0
-0
-0
-0
-0
-0
-0
-0
-0
-0
-0
-0
-0
-0
-0
0
0
0
0
0
0
0
0
0
0
0
0
0
0
0
0
0
0
0
0
0
0
0
0
0
0
0
0
0
0
0
0
0
0
0
0
0
0
0
0
0
0
0
0
0
0
0
0
0
0
-1.6953e-08
-6.768e-08
-1.5178e-07
-2.6859e-07
-4.1717e-07
-5.9636e-07
-8.0472e-07
-1.0406e-06
-1.3021e-06
-1.587e-06
-1.8931e-06
-2.2179e-06
-2.5587e-06
-2.9125e-06
-3.2765e-06
-3.6475e-06
-4.0222e-06
-4.3975e-06
-4.7698e-06
-5.1357e-06
-5.4919e-06
-5.8348e-06
-6.161e-06
-6.4672e-06
-6.75e-06
-7.0061e-06
-7.2325e-06
-7.4261e-06
-7.584e-06
-7.7036e-06
-7.7822e-06
-7.8177e-06
-7.8079e-06
-7.7509e-06
-7.6452e-06
-7.4894e-06
-7.2824e-06
-7.0235e-06
-6.7121e-06
-6.3481e-06
-5.9316e-06
-5.4631e-06
-4.9433e-06
-4.3733e-06
-3.7546e-06
-3.0887e-06
-2.3779e-06
-1.6243e-06
-8.3072e-07
-2.1167e-19
8.6463e-07
1.7597e-06
2.6814e-06
3.6259e-06
4.5889e-06
5.566e-06
6.5527e-06
7.5443e-06
8.5357e-06
9.5221e-06
1.0498e-05
1.1459e-05
1.24e-05
1.3314e-05
1.4198e-05
1.5046e-05
1.5852e-05
1.6613e-05
1.7322e-05
1.7975e-05
1.8568e-05
1.9096e-05
1.9555e-05
1.9941e-05
2.025e-05
2.048e-05
2.0626e-05
2.0687e-05
2.066e-05
2.0543e-05
2.0334e-05
2.0033e-05
1.9638e-05
1.9149e-05
1.8567e-05
1.7891e-05
1.7123e-05
1.6265e-05
1.5317e-05
1.4283e-05
1.3165e-05
1.1967e-05
1.0691e-05
9.343e-06
7.9263e-06
6.446e-06
4.9075e-06
3.3163e-06
1.6784e-06
-5.2972e-20
-1.7123e-06
-3.4517e-06
-5.2111e-06
-6.9832e-06
-8.7606e-06
-1.0536e-05
-1.2301e-05
-1.4048e-05
-1.5769e-05
-1.7457e-05
-1.9104e-05
-2.0701e-05
-2.2241e-05
-2.3716e-05
-2.512e-05
-2.6444e-05
-2.7683e-05
-2.8828e-05
-2.9874e-05
-3.0814e-05
-3.1644e-05
-3.2357e-05
-3.2948e-05
-3.3414e-05
-3.375e-05
-3.3953e-05
-3.402e-05
-3.3948e-05
-3.3736e-05
-3.3382e-05
-3.2886e-05
-3.2248e-05
-3.1468e-05
-3.0548e-05
-2.9489e-05
-2.8293e-05
-2.6965e-05
-2.5506e-05
-2.3923e-05
-2.2218e-05
-2.0399e-05
-1.847e-05
-1.6439e-05
-1.4313e-05
-1.2098e-05
-9.8034e-06
-7.4372e-06
-5.0083e-06
-2.5261e-06
-3.5716e-19
2.56e-06
5.1437e-06
7.7407e-06
1.0341e-05
1.2932e-05
1.5505e-05
1.8049e-05
2.0552e-05
2.3003e-05
2.5392e-05
2.7709e-05
2.9942e-05
3.2082e-05
3.4118e-05
3.6042e-05
3.7843e-05
3.9513e-05
4.1043e-05
4.2426e-05
4.3653e-05
4.4719e-05
4.5617e-05
4.6342e-05
4.6887e-05
4.725e-05
4.7426e-05
4.7413e-05
4.7209e-05
4.6812e-05
4.6221e-05
4.5438e-05
4.4463e-05
4.3298e-05
4.1946e-05
4.041e-05
3.8695e-05
3.6806e-05
3.4748e-05
3.2528e-05
3.0153e-05
2.7633e-05
2.4974e-05
2.2187e-05
1.9282e-05
1.627e-05
1.3161e-05
9.9668e-06
6.7003e-06
3.3737e-06
-4.7641e-19
-3.4076e-06
-6.8357e-06
-1.027e-05
-1.3698e-05
-1.7104e-05
-2.0475e-05
-2.3797e-05
-2.7055e-05
-3.0237e-05
-3.3327e-05
-3.6314e-05
-3.9183e-05
-4.1923e-05
-4.452e-05
-4.6963e-05
-4.9241e-05
-5.1343e-05
-5.3258e-05
-5.4978e-05
-5.6493e-05
-5.7795e-05
-5.8878e-05
-5.9735e-05
-6.0361e-05
-6.075e-05
-6.09e-05
-6.0807e-05
-6.047e-05
-5.9887e-05
-5.9061e-05
-5.799e-05
-5.6678e-05
-5.5128e-05
-5.3345e-05
-5.1332e-05
-4.9097e-05
-4.6647e-05
-4.3989e-05
-4.1133e-05
-3.8088e-05
-3.4866e-05
-3.1478e-05
-2.7935e-05
-2.4252e-05
-2.0441e-05
-1.6518e-05
-1.2496e-05
-8.3923e-06
-4.2214e-06
-1.3218e-19
4.2553e-06
8.5277e-06
1.28e-05
1.7055e-05
2.1276e-05
2.5445e-05
2.9545e-05
3.3559e-05
3.747e-05
4.1263e-05
4.4919e-05
4.8425e-05
5.1764e-05
5.4922e-05
5.7885e-05
6.064e-05
6.3173e-05
6.5473e-05
6.753e-05
6.9332e-05
7.0871e-05
7.2139e-05
7.3129e-05
7.3834e-05
7.425e-05
7.4373e-05
7.42e-05
7.373e-05
7.2963e-05
7.19e-05
7.0542e-05
6.8894e-05
6.6959e-05
6.4743e-05
6.2254e-05
5.9499e-05
5.6488e-05
5.323e-05
4.9738e-05
4.6024e-05
4.21e-05
3.7981e-05
3.3683e-05
2.9222e-05
2.4613e-05
1.9875e-05
1.5026e-05
1.0084e-05
5.0691e-06
-1.2703e-18
-5.103e-06
-1.022e-05
-1.533e-05
-2.0412e-05
-2.5448e-05
-3.0414e-05
-3.5293e-05
-4.0063e-05
-4.4704e-05
-4.9198e-05
-5.3524e-05
-5.7666e-05
-6.1605e-05
-6.5324e-05
-6.8807e-05
-7.2038e-05
-7.5003e-05
-7.7688e-05
-8.0082e-05
-8.2171e-05
-8.3947e-05
-8.54e-05
-8.6522e-05
-8.7307e-05
-8.775e-05
-8.7846e-05
-8.7594e-05
-8.6991e-05
-8.6039e-05
-8.4739e-05
-8.3094e-05
-8.1109e-05
-7.8789e-05
-7.6141e-05
-7.3176e-05
-6.9901e-05
-6.6329e-05
-6.2472e-05
-5.8343e-05
-5.3959e-05
-4.9334e-05
-4.4485e-05
-3.9431e-05
-3.4191e-05
-2.8785e-05
-2.3233e-05
-1.7556e-05
-1.1776e-05
-5.9168e-06
4.6327e-19
5.9507e-06
1.1912e-05
1.7859e-05
2.377e-05
2.9619e-05
3.5384e-05
4.1041e-05
4.6566e-05
5.1938e-05
5.7133e-05
6.213e-05
6.6908e-05
7.1446e-05
7.5726e-05
7.9729e-05
8.3436e-05
8.6833e-05
8.9904e-05
9.2634e-05
9.5011e-05
9.7023e-05
9.8661e-05
9.9916e-05
0.00010078
0.00010125
0.00010132
0.00010099
0.00010025
9.9115e-05
9.7578e-05
9.5646e-05
9.3324e-05
9.0619e-05
8.754e-05
8.4097e-05
8.0303e-05
7.617e-05
7.1713e-05
6.6949e-05
6.1894e-05
5.6567e-05
5.0989e-05
4.5179e-05
3.9161e-05
3.2957e-05
2.659e-05
2.0085e-05
1.3468e-05
6.7644e-06
6.3486e-19
-6.7983e-06
-1.3604e-05
-2.0389e-05
-2.7127e-05
-3.3791e-05
-4.0354e-05
-4.6789e-05
-5.307e-05
-5.9171e-05
-6.5068e-05
-7.0735e-05
-7.6149e-05
-8.1287e-05
-8.6128e-05
-9.065e-05
-9.4835e-05
-9.8663e-05
-0.00010212
-0.00010519
-0.00010785
-0.0001101
-0.00011192
-0.00011331
-0.00011425
-0.00011475
-0.00011479
-0.00011438
-0.00011351
-0.00011219
-0.00011042
-0.0001082
-0.00010554
-0.00010245
-9.8938e-05
-9.5019e-05
-9.0705e-05
-8.6011e-05
-8.0955e-05
-7.5554e-05
-6.9829e-05
-6.3801e-05
-5.7492e-05
-5.0927e-05
-4.4131e-05
-3.7128e-05
-2.9947e-05
-2.2615e-05
-1.516e-05
-7.6121e-06
1.4292e-18
7.646e-06
1.5296e-05
2.2919e-05
3.0484e-05
3.7963e-05
4.5323e-05
5.2537e-05
5.9574e-05
6.6405e-05
7.3003e-05
7.934e-05
8.539e-05
9.1128e-05
9.653e-05
0.00010157
0.00010623
0.00011049
0.00011433
0.00011774
0.00012069
0.00012317
0.00012518
0.0001267
0.00012773
0.00012825
0.00012827
0.00012777
0.00012677
0.00012527
0.00012326
0.00012075
0.00011775
0.00011428
0.00011034
0.00010594
0.00010111
9.5852e-05
9.0196e-05
8.4159e-05
7.7764e-05
7.1035e-05
6.3996e-05
5.6675e-05
4.91e-05
4.13e-05
3.3305e-05
2.5145e-05
1.6852e-05
8.4598e-06
-1.326e-19
-8.4937e-06
-1.6988e-05
-2.5448e-05
-3.3842e-05
-4.2134e-05
-5.0293e-05
-5.8285e-05
-6.6077e-05
-7.3639e-05
-8.0938e-05
-8.7945e-05
-9.4632e-05
-0.00010097
-0.00010693
-0.00011249
-0.00011763
-0.00012232
-0.00012655
-0.00013029
-0.00013353
-0.00013625
-0.00013844
-0.0001401
-0.0001412
-0.00014175
-0.00014174
-0.00014117
-0.00014003
-0.00013834
-0.0001361
-0.0001333
-0.00012997
-0.00012611
-0.00012174
-0.00011686
-0.00011151
-0.00010569
-9.9437e-05
-9.2764e-05
-8.5699e-05
-7.8268e-05
-7.05e-05
-6.2424e-05
-5.407e-05
-4.5472e-05
-3.6662e-05
-2.7674e-05
-1.8544e-05
-9.3074e-06
2.7656e-18
9.3413e-06
1.868e-05
2.7978e-05
3.7199e-05
4.6306e-05
5.5263e-05
6.4033e-05
7.2581e-05
8.0872e-05
8.8873e-05
9.6551e-05
0.00010387
0.00011081
0.00011733
0.00012342
0.00012903
0.00013415
0.00013876
0.00014284
0.00014637
0.00014933
0.0001517
0.00015349
0.00015467
0.00015525
0.00015521
0.00015456
0.0001533
0.00015142
0.00014894
0.00014585
0.00014218
0.00013794
0.00013313
0.00012778
0.00012191
0.00011553
0.00010868
0.00010137
9.3634e-05
8.5502e-05
7.7004e-05
6.8172e-05
5.904e-05
4.9644e-05
4.0019e-05
3.0204e-05
2.0236e-05
1.0155e-05
-1.2705e-18
-1.0189e-05
-2.0372e-05
-3.0508e-05
-4.0556e-05
-5.0478e-05
-6.0233e-05
-6.9781e-05
-7.9085e-05
-8.8106e-05
-9.6808e-05
-0.00010516
-0.00011311
-0.00012065
-0.00012774
-0.00013434
-0.00014043
-0.00014598
-0.00015098
-0.00015539
-0.00015921
-0.0001624
-0.00016497
-0.00016688
-0.00016815
-0.00016875
-0.00016869
-0.00016796
-0.00016656
-0.00016449
-0.00016177
-0.00015841
-0.0001544
-0.00014977
-0.00014453
-0.00013871
-0.00013231
-0.00012538
-0.00011792
-0.00010997
-0.00010157
-9.2736e-05
-8.3507e-05
-7.392e-05
-6.4009e-05
-5.3815e-05
-4.3376e-05
-3.2734e-05
-2.1928e-05
-1.1003e-05
-5.156e-19
1.1037e-05
2.2064e-05
3.3037e-05
4.3914e-05
5.465e-05
6.5202e-05
7.5529e-05
8.5588e-05
9.534e-05
0.00010474
0.00011376
0.00012236
0.00013049
0.00013814
0.00014526
0.00015183
0.00015781
0.00016319
0.00016795
0.00017205
0.00017548
0.00017823
0.00018028
0.00018162
0.00018225
0.00018216
0.00018135
0.00017982
0.00017757
0.00017461
0.00017096
0.00016661
0.0001616
0.00015593
0.00014963
0.00014271
0.00013522
0.00012716
0.00011858
0.0001095
9.9969e-05
9.0011e-05
7.9668e-05
6.8979e-05
5.7987e-05
4.6734e-05
3.5263e-05
2.362e-05
1.185e-05
-2.7789e-18
-1.1884e-05
-2.3756e-05
-3.5567e-05
-4.7271e-05
-5.8821e-05
-7.0172e-05
-8.1277e-05
-9.2092e-05
-0.00010257
-0.00011268
-0.00012237
-0.0001316
-0.00014033
-0.00014854
-0.00015618
-0.00016323
-0.00016964
-0.00017541
-0.0001805
-0.00018489
-0.00018855
-0.00019149
-0.00019367
-0.00019509
-0.00019575
-0.00019563
-0.00019474
-0.00019308
-0.00019065
-0.00018745
-0.00018351
-0.00017883
-0.00017343
-0.00016733
-0.00016055
-0.00015312
-0.00014506
-0.0001364
-0.00012719
-0.00011744
-0.0001072
-9.6515e-05
-8.5416e-05
-7.3949e-05
-6.2159e-05
-5.0091e-05
-3.7793e-05
-2.5312e-05
-1.2698e-05
7.9432e-19
1.2732e-05
2.5448e-05
3.8096e-05
5.0628e-05
6.2993e-05
7.5142e-05
8.7025e-05
9.8596e-05
0.00010981
0.00012061
0.00013097
0.00014084
0.00015017
0.00015894
0.0001671
0.00017462
0.00018147
0.00018762
0.00019305
0.00019772
0.00020163
0.00020475
0.00020706
0.00020857
0.00020925
0.00020911
0.00020814
0.00020634
0.00020372
0.00020029
0.00019606
0.00019105
0.00018526
0.00017873
0.00017147
0.00016352
0.0001549
0.00014564
0.00013579
0.00012537
0.00011444
0.00010302
9.1164e-05
7.8919e-05
6.633e-05
5.3448e-05
4.0323e-05
2.7004e-05
1.3546e-05
-4.6578e-18
-1.358e-05
-2.714e-05
-4.0626e-05
-5.3986e-05
-6.7165e-05
-8.0111e-05
-9.2773e-05
-0.0001051
-0.00011704
-0.00012855
-0.00013958
-0.00015008
-0.00016002
-0.00016934
-0.00017802
-0.00018602
-0.0001933
-0.00019984
-0.0002056
-0.00021056
-0.00021471
-0.00021801
-0.00022046
-0.00022204
-0.00022275
-0.00022258
-0.00022153
-0.0002196
-0.0002168
-0.00021313
-0.00020861
-0.00020326
-0.00019709
-0.00019013
-0.00018239
-0.00017392
-0.00016474
-0.00015489
-0.0001444
-0.00013331
-0.00012167
-0.00010952
-9.6912e-05
-8.3888e-05
-7.0502e-05
-5.6806e-05
-4.2852e-05
-2.8696e-05
-1.4393e-05
2.4747e-18
1.4427e-05
2.8832e-05
4.3156e-05
5.7343e-05
7.1337e-05
8.5081e-05
9.8521e-05
0.0001116
0.00012427
0.00013648
0.00014818
0.00015932
0.00016986
0.00017975
0.00018895
0.00019742
0.00020513
0.00021206
0.00021815
0.0002234
0.00022778
0.00023127
0.00023385
0.00023551
0.00023625
0.00023605
0.00023492
0.00023286
0.00022987
0.00022597
0.00022117
0.00021548
0.00020892
0.00020152
0.00019331
0.00018432
0.00017458
0.00016413
0.000153
0.00014124
0.0001289
0.00011603
0.00010266
8.8858e-05
7.4674e-05
6.0163e-05
4.5382e-05
3.0388e-05
1.5241e-05
-6.0165e-22
-1.5275e-05
-3.0524e-05
-4.5685e-05
-6.07e-05
-7.5508e-05
-9.0051e-05
-0.00010427
-0.00011811
-0.00013151
-0.00014442
-0.00015679
-0.00016856
-0.0001797
-0.00019015
-0.00019987
-0.00020882
-0.00021696
-0.00022427
-0.00023071
-0.00023624
-0.00024086
-0.00024453
-0.00024724
-0.00024899
-0.00024975
-0.00024953
-0.00024832
-0.00024612
-0.00024295
-0.00023881
-0.00023372
-0.00022769
-0.00022075
-0.00021292
-0.00020424
-0.00019472
-0.00018442
-0.00017337
-0.00016161
-0.00014918
-0.00013614
-0.00012253
-0.00010841
-9.3828e-05
-7.8846e-05
-6.352e-05
-4.7912e-05
-3.208e-05
-1.6089e-05
4.5256e-18
1.6123e-05
3.2216e-05
4.8215e-05
6.4058e-05
7.968e-05
9.502e-05
0.00011002
0.00012461
0.00013874
0.00015235
0.00016539
0.0001778
0.00018954
0.00020055
0.00021079
0.00022022
0.00022879
0.00023649
0.00024326
0.00024908
0.00025393
0.00025779
0.00026064
0.00026246
0.00026325
0.000263
0.00026171
0.00025938
0.00025603
0.00025165
0.00024627
0.00023991
0.00023258
0.00022432
0.00021516
0.00020513
0.00019426
0.00018261
0.00017021
0.00015711
0.00014337
0.00012903
0.00011416
9.8797e-05
8.3017e-05
6.6878e-05
5.0441e-05
3.3772e-05
1.6936e-05
5.8209e-18
-1.6953e-05
-3.384e-05
-5.0593e-05
-6.7146e-05
-8.3435e-05
-9.9394e-05
-0.00011496
-0.00013007
-0.00014467
-0.0001587
-0.0001721
-0.00018483
-0.00019682
-0.00020804
-0.00021843
-0.00022797
-0.0002366
-0.0002443
-0.00025104
-0.00025679
-0.00026152
-0.00026522
-0.00026787
-0.00026947
-0.00027
-0.00026947
-0.00026787
-0.00026522
-0.00026152
-0.00025679
-0.00025104
-0.0002443
-0.0002366
-0.00022797
-0.00021843
-0.00020804
-0.00019682
-0.00018483
-0.0001721
-0.0001587
-0.00014467
-0.00013007
-0.00011496
-9.9394e-05
-8.3435e-05
-6.7146e-05
-5.0593e-05
-3.384e-05
-1.6953e-05
-1.0578e-18
1.6953e-05
3.384e-05
5.0593e-05
6.7146e-05
8.3435e-05
9.9394e-05
0.00011496
0.00013007
0.00014467
0.0001587
0.0001721
0.00018483
0.00019682
0.00020804
0.00021843
0.00022797
0.0002366
0.0002443
0.00025104
0.00025679
0.00026152
0.00026522
0.00026787
0.00026947
0.00027
0.00026947
0.00026787
0.00026522
0.00026152
0.00025679
0.00025104
0.0002443
0.0002366
0.00022797
0.00021843
0.00020804
0.00019682
0.00018483
0.0001721
0.0001587
0.00014467
0.00013007
0.00011496
9.9394e-05
8.3435e-05
6.7146e-05
5.0593e-05
3.384e-05
1.6953e-05
3.9685e-18
-1.6953e-05
-3.384e-05
-5.0593e-05
-6.7146e-05
-8.3435e-05
-9.9394e-05
-0.00011496
-0.00013007
-0.00014467
-0.0001587
-0.0001721
-0.00018483
-0.00019682
-0.00020804
-0.00021843
-0.00022797
-0.0002366
-0.0002443
-0.00025104
-0.00025679
-0.00026152
-0.00026522
-0.00026787
-0.00026947
-0.00027
-0.00026947
-0.00026787
-0.00026522
-0.00026152
-0.00025679
-0.00025104
-0.0002443
-0.0002366
-0.00022797
-0.00021843
-0.00020804
-0.00019682
-0.00018483
-0.0001721
-0.0001587
-0.00014467
-0.00013007
-0.00011496
-9.9394e-05
-8.3435e-05
-6.7146e-05
-5.0593e-05
-3.384e-05
-1.6953e-05
-6.8793e-18
1.6953e-05
3.384e-05
5.0593e-05
6.7146e-05
8.3435e-05
9.9394e-05
0.00011496
0.00013007
0.00014467
0.0001587
0.0001721
0.00018483
0.00019682
0.00020804
0.00021843
0.00022797
0.0002366
0.0002443
0.00025104
0.00025679
0.00026152
0.00026522
0.00026787
0.00026947
0.00027
0.00026947
0.00026787
0.00026522
0.00026152
0.00025679
0.00025104
0.0002443
0.0002366
0.00022797
0.00021843
0.00020804
0.00019682
0.00018483
0.0001721
0.0001587
0.00014467
0.00013007
0.00011496
9.9394e-05
8.3435e-05
6.7146e-05
5.0593e-05
3.384e-05
1.6953e-05
2.1162e-18
-1.6953e-05
-3.384e-05
-5.0593e-05
-6.7146e-05
-8.3435e-05
-9.9394e-05
-0.00011496
-0.00013007
-0.00014467
-0.0001587
-0.0001721
-0.00018483
-0.00019682
-0.00020804
-0.00021843
-0.00022797
-0.0002366
-0.0002443
-0.00025104
-0.00025679
-0.00026152
-0.00026522
-0.00026787
-0.00026947
-0.00027
-0.00026947
-0.00026787
-0.00026522
-0.00026152
-0.00025679
-0.00025104
-0.0002443
-0.0002366
-0.00022797
-0.00021843
-0.00020804
-0.00019682
-0.00018483
-0.0001721
-0.0001587
-0.00014467
-0.00013007
-0.00011496
-9.9394e-05
-8.3435e-05
-6.7146e-05
-5.0593e-05
-3.384e-05
-1.6953e-05
-5.027e-18
1.6953e-05
3.384e-05
5.0593e-05
6.7146e-05
8.3435e-05
9.9394e-05
0.00011496
0.00013007
0.00014467
0.0001587
0.0001721
0.00018483
0.00019682
0.00020804
0.00021843
0.00022797
0.0002366
0.0002443
0.00025104
0.00025679
0.00026152
0.00026522
0.00026787
0.00026947
0.00027
0.00026947
0.00026787
0.00026522
0.00026152
0.00025679
0.00025104
0.0002443
0.0002366
0.00022797
0.00021843
0.00020804
0.00019682
0.00018483
0.0001721
0.0001587
0.00014467
0.00013007
0.00011496
9.9394e-05
8.3435e-05
6.7146e-05
5.0593e-05
3.384e-05
1.6953e-05
2.6386e-19
-1.6953e-05
-3.384e-05
-5.0593e-05
-6.7146e-05
-8.3435e-05
-9.9394e-05
-0.00011496
-0.00013007
-0.00014467
-0.0001587
-0.0001721
-0.00018483
-0.00019682
-0.00020804
-0.00021843
-0.00022797
-0.0002366
-0.0002443
-0.00025104
-0.00025679
-0.00026152
-0.00026522
-0.00026787
-0.00026947
-0.00027
-0.00026947
-0.00026787
-0.00026522
-0.00026152
-0.00025679
-0.00025104
-0.0002443
-0.0002366
-0.00022797
-0.00021843
-0.00020804
-0.00019682
-0.00018483
-0.0001721
-0.0001587
-0.00014467
-0.00013007
-0.00011496
-9.9394e-05
-8.3435e-05
-6.7146e-05
-5.0593e-05
-3.384e-05
-1.6953e-05
-3.1746e-18
1.6953e-05
3.384e-05
5.0593e-05
6.7146e-05
8.3435e-05
9.9394e-05
0.00011496
0.00013007
0.00014467
0.0001587
0.0001721
0.00018483
0.00019682
0.00020804
0.00021843
0.00022797
0.0002366
0.0002443
0.00025104
0.00025679
0.00026152
0.00026522
0.00026787
0.00026947
0.00027
0.00026947
0.00026787
0.00026522
0.00026152
0.00025679
0.00025104
0.0002443
0.0002366
0.00022797
0.00021843
0.00020804
0.00019682
0.00018483
0.0001721
0.0001587
0.00014467
0.00013007
0.00011496
9.9394e-05
8.3435e-05
6.7146e-05
5.0593e-05
3.384e-05
1.6953e-05
6.0854e-18
-1.6953e-05
-3.384e-05
-5.0593e-05
-6.7146e-05
-8.3435e-05
-9.9394e-05
-0.00011496
-0.00013007
-0.00014467
-0.0001587
-0.0001721
-0.00018483
-0.00019682
-0.00020804
-0.00021843
-0.00022797
-0.0002366
-0.0002443
-0.00025104
-0.00025679
-0.00026152
-0.00026522
-0.00026787
-0.00026947
-0.00027
-0.00026947
-0.00026787
-0.00026522
-0.00026152
-0.00025679
-0.00025104
-0.0002443
-0.0002366
-0.00022797
-0.00021843
-0.00020804
-0.00019682
-0.00018483
-0.0001721
-0.0001587
-0.00014467
-0.00013007
-0.00011496
-9.9394e-05
-8.3435e-05
-6.7146e-05
-5.0593e-05
-3.384e-05
-1.6953e-05
-1.3223e-18
1.6953e-05
3.384e-05
5.0593e-05
6.7146e-05
8.3435e-05
9.9394e-05
0.00011496
0.00013007
0.00014467
0.0001587
0.0001721
0.00018483
0.00019682
0.00020804
0.00021843
0.00022797
0.0002366
0.0002443
0.00025104
0.00025679
0.00026152
0.00026522
0.00026787
0.00026947
0.00027
0.00026947
0.00026787
0.00026522
0.00026152
0.00025679
0.00025104
0.0002443
0.0002366
0.00022797
0.00021843
0.00020804
0.00019682
0.00018483
0.0001721
0.0001587
0.00014467
0.00013007
0.00011496
9.9394e-05
8.3435e-05
6.7146e-05
5.0593e-05
3.384e-05
1.6953e-05
4.233e-18
-1.6953e-05
-3.384e-05
-5.0593e-05
-6.7146e-05
-8.3435e-05
-9.9394e-05
-0.00011496
-0.00013007
-0.00014467
-0.0001587
-0.0001721
-0.00018483
-0.00019682
-0.00020804
-0.00021843
-0.00022797
-0.0002366
-0.0002443
-0.00025104
-0.00025679
-0.00026152
-0.00026522
-0.00026787
-0.00026947
-0.00027
-0.00026947
-0.00026787
-0.00026522
-0.00026152
-0.00025679
-0.00025104
-0.0002443
-0.0002366
-0.00022797
-0.00021843
-0.00020804
-0.00019682
-0.00018483
-0.0001721
-0.0001587
-0.00014467
-0.00013007
-0.00011496
-9.9394e-05
-8.3435e-05
-6.7146e-05
-5.0593e-05
-3.384e-05
-1.6953e-05
5.3005e-19
1.6953e-05
3.384e-05
5.0593e-05
6.7146e-05
8.3435e-05
9.9394e-05
0.00011496
0.00013007
0.00014467
0.0001587
0.0001721
0.00018483
0.00019682
0.00020804
0.00021843
0.00022797
0.0002366
0.0002443
0.00025104
0.00025679
0.00026152
0.00026522
0.00026787
0.00026947
0.00027
0.00026947
0.00026787
0.00026522
0.00026152
0.00025679
0.00025104
0.0002443
0.0002366
0.00022797
0.00021843
0.00020804
0.00019682
0.00018483
0.0001721
0.0001587
0.00014467
0.00013007
0.00011496
9.9394e-05
8.3435e-05
6.7146e-05
5.0593e-05
3.384e-05
1.6953e-05
2.3807e-18
-1.6953e-05
-3.384e-05
-5.0593e-05
-6.7146e-05
-8.3435e-05
-9.9394e-05
-0.00011496
-0.00013007
-0.00014467
-0.0001587
-0.0001721
-0.00018483
-0.00019682
-0.00020804
-0.00021843
-0.00022797
-0.0002366
-0.0002443
-0.00025104
-0.00025679
-0.00026152
-0.00026522
-0.00026787
-0.00026947
-0.00027
-0.00026947
-0.00026787
-0.00026522
-0.00026152
-0.00025679
-0.00025104
-0.0002443
-0.0002366
-0.00022797
-0.00021843
-0.00020804
-0.00019682
-0.00018483
-0.0001721
-0.0001587
-0.00014467
-0.00013007
-0.00011496
-9.9394e-05
-8.3435e-05
-6.7146e-05
-5.0593e-05
-3.384e-05
-1.6953e-05
-5.2915e-18
1.6953e-05
3.384e-05
5.0593e-05
6.7146e-05
8.3435e-05
9.9394e-05
0.00011496
0.00013007
0.00014467
0.0001587
0.0001721
0.00018483
0.00019682
0.00020804
0.00021843
0.00022797
0.0002366
0.0002443
0.00025104
0.00025679
0.00026152
0.00026522
0.00026787
0.00026947
0.00027
0.00026947
0.00026787
0.00026522
0.00026152
0.00025679
0.00025104
0.0002443
0.0002366
0.00022797
0.00021843
0.00020804
0.00019682
0.00018483
0.0001721
0.0001587
0.00014467
0.00013007
0.00011496
9.9394e-05
8.3435e-05
6.7146e-05
5.0593e-05
3.384e-05
1.6953e-05
5.2838e-19
-1.6953e-05
-3.384e-05
-5.0593e-05
-6.7146e-05
-8.3435e-05
-9.9394e-05
-0.00011496
-0.00013007
-0.00014467
-0.0001587
-0.0001721
-0.00018483
-0.00019682
-0.00020804
-0.00021843
-0.00022797
-0.0002366
-0.0002443
-0.00025104
-0.00025679
-0.00026152
-0.00026522
-0.00026787
-0.00026947
-0.00027
-0.00026947
-0.00026787
-0.00026522
-0.00026152
-0.00025679
-0.00025104
-0.0002443
-0.0002366
-0.00022797
-0.00021843
-0.00020804
-0.00019682
-0.00018483
-0.0001721
-0.0001587
-0.00014467
-0.00013007
-0.00011496
-9.9394e-05
-8.3435e-05
-6.7146e-05
-5.0593e-05
-3.384e-05
-1.6953e-05
-3.4391e-18
1.6953e-05
3.384e-05
5.0593e-05
6.7146e-05
8.3435e-05
9.9394e-05
0.00011496
0.00013007
0.00014467
0.0001587
0.0001721
0.00018483
0.00019682
0.00020804
0.00021843
0.00022797
0.0002366
0.0002443
0.00025104
0.00025679
0.00026152
0.00026522
0.00026787
0.00026947
0.00027
0.00026947
0.00026787
0.00026522
0.00026152
0.00025679
0.00025104
0.0002443
0.0002366
0.00022797
0.00021843
0.00020804
0.00019682
0.00018483
0.0001721
0.0001587
0.00014467
0.00013007
0.00011496
9.9394e-05
8.3435e-05
6.7146e-05
5.0593e-05
3.384e-05
1.6953e-05
-1.324e-18
-1.6953e-05
-3.384e-05
-5.0593e-05
-6.7146e-05
-8.3435e-05
-9.9394e-05
-0.00011496
-0.00013007
-0.00014467
-0.0001587
-0.0001721
-0.00018483
-0.00019682
-0.00020804
-0.00021843
-0.00022797
-0.0002366
-0.0002443
-0.00025104
-0.00025679
-0.00026152
-0.00026522
-0.00026787
-0.00026947
-0.00027
-0.00026947
-0.00026787
-0.00026522
-0.00026152
-0.00025679
-0.00025104
-0.0002443
-0.0002366
-0.00022797
-0.00021843
-0.00020804
-0.00019682
-0.00018483
-0.0001721
-0.0001587
-0.00014467
-0.00013007
-0.00011496
-9.9394e-05
-8.3435e-05
-6.7146e-05
-5.0593e-05
-3.384e-05
-1.6953e-05
-1.5868e-18
1.6953e-05
3.384e-05
5.0593e-05
6.7146e-05
8.3435e-05
9.9394e-05
0.00011496
0.00013007
0.00014467
0.0001587
0.0001721
0.00018483
0.00019682
0.00020804
0.00021843
0.00022797
0.0002366
0.0002443
0.00025104
0.00025679
0.00026152
0.00026522
0.00026787
0.00026947
0.00027
0.00026947
0.00026787
0.00026522
0.00026152
0.00025679
0.00025104
0.0002443
0.0002366
0.00022797
0.00021843
0.00020804
0.00019682
0.00018483
0.0001721
0.0001587
0.00014467
0.00013007
0.00011496
9.9394e-05
8.3435e-05
6.7146e-05
5.0593e-05
3.384e-05
1.6953e-05
4.4976e-18
-1.6953e-05
-3.384e-05
-5.0593e-05
-6.7146e-05
-8.3435e-05
-9.9394e-05
-0.00011496
-0.00013007
-0.00014467
-0.0001587
-0.0001721
-0.00018483
-0.00019682
-0.00020804
-0.00021843
-0.00022797
-0.0002366
-0.0002443
-0.00025104
-0.00025679
-0.00026152
-0.00026522
-0.00026787
-0.00026947
-0.00027
-0.00026947
-0.00026787
-0.00026522
-0.00026152
-0.00025679
-0.00025104
-0.0002443
-0.0002366
-0.00022797
-0.00021843
-0.00020804
-0.00019682
-0.00018483
-0.0001721
-0.0001587
-0.00014467
-0.00013007
-0.00011496
-9.9394e-05
-8.3435e-05
-6.7146e-05
-5.0593e-05
-3.384e-05
-1.6953e-05
2.6553e-19
1.6953e-05
3.384e-05
5.0593e-05
6.7146e-05
8.3435e-05
9.9394e-05
0.00011496
0.00013007
0.00014467
0.0001587
0.0001721
0.00018483
0.00019682
0.00020804
0.00021843
0.00022797
0.0002366
0.0002443
0.00025104
0.00025679
0.00026152
0.00026522
0.00026787
0.00026947
0.00027
0.00026947
0.00026787
0.00026522
0.00026152
0.00025679
0.00025104
0.0002443
0.0002366
0.00022797
0.00021843
0.00020804
0.00019682
0.00018483
0.0001721
0.0001587
0.00014467
0.00013007
0.00011496
9.9394e-05
8.3435e-05
6.7146e-05
5.0593e-05
3.384e-05
1.6953e-05
2.6452e-18
-1.6953e-05
-3.384e-05
-5.0593e-05
-6.7146e-05
-8.3435e-05
-9.9394e-05
-0.00011496
-0.00013007
-0.00014467
-0.0001587
-0.0001721
-0.00018483
-0.00019682
-0.00020804
-0.00021843
-0.00022797
-0.0002366
-0.0002443
-0.00025104
-0.00025679
-0.00026152
-0.00026522
-0.00026787
-0.00026947
-0.00027
-0.00026947
-0.00026787
-0.00026522
-0.00026152
-0.00025679
-0.00025104
-0.0002443
-0.0002366
-0.00022797
-0.00021843
-0.00020804
-0.00019682
-0.00018483
-0.0001721
-0.0001587
-0.00014467
-0.00013007
-0.00011496
-9.9394e-05
-8.3435e-05
-6.7146e-05
-5.0593e-05
-3.384e-05
-1.6953e-05
-5.556e-18
1.6953e-05
3.384e-05
5.0593e-05
6.7146e-05
8.3435e-05
9.9394e-05
0.00011496
0.00013007
0.00014467
0.0001587
0.0001721
0.00018483
0.00019682
0.00020804
0.00021843
0.00022797
0.0002366
0.0002443
0.00025104
0.00025679
0.00026152
0.00026522
0.00026787
0.00026947
0.00027
0.00026947
0.00026787
0.00026522
0.00026152
0.00025679
0.00025104
0.0002443
0.0002366
0.00022797
0.00021843
0.00020804
0.00019682
0.00018483
0.0001721
0.0001587
0.00014467
0.00013007
0.00011496
9.9394e-05
8.3435e-05
6.7146e-05
5.0593e-05
3.384e-05
1.6953e-05
8.4668e-18
-1.6953e-05
-3.384e-05
-5.0593e-05
-6.7146e-05
-8.3435e-05
-9.9394e-05
-0.00011496
-0.00013007
-0.00014467
-0.0001587
-0.0001721
-0.00018483
-0.00019682
-0.00020804
-0.00021843
-0.00022797
-0.0002366
-0.0002443
-0.00025104
-0.00025679
-0.00026152
-0.00026522
-0.00026787
-0.00026947
-0.00027
-0.00026947
-0.00026787
-0.00026522
-0.00026152
-0.00025679
-0.00025104
-0.0002443
-0.0002366
-0.00022797
-0.00021843
-0.00020804
-0.00019682
-0.00018483
-0.0001721
-0.0001587
-0.00014467
-0.00013007
-0.00011496
-9.9394e-05
-8.3435e-05
-6.7146e-05
-5.0593e-05
-3.384e-05
-1.6953e-05
3.9702e-18
1.6953e-05
3.384e-05
5.0593e-05
6.7146e-05
8.3435e-05
9.9394e-05
0.00011496
0.00013007
0.00014467
0.0001587
0.0001721
0.00018483
0.00019682
0.00020804
0.00021843
0.00022797
0.0002366
0.0002443
0.00025104
0.00025679
0.00026152
0.00026522
0.00026787
0.00026947
0.00027
0.00026947
0.00026787
0.00026522
0.00026152
0.00025679
0.00025104
0.0002443
0.0002366
0.00022797
0.00021843
0.00020804
0.00019682
0.00018483
0.0001721
0.0001587
0.00014467
0.00013007
0.00011496
9.9394e-05
8.3435e-05
6.7146e-05
5.0593e-05
3.384e-05
1.6953e-05
-1.0594e-18
-1.6953e-05
-3.384e-05
-5.0593e-05
-6.7146e-05
-8.3435e-05
-9.9394e-05
-0.00011496
-0.00013007
-0.00014467
-0.0001587
-0.0001721
-0.00018483
-0.00019682
-0.00020804
-0.00021843
-0.00022797
-0.0002366
-0.0002443
-0.00025104
-0.00025679
-0.00026152
-0.00026522
-0.00026787
-0.00026947
-0.00027
-0.00026947
-0.00026787
-0.00026522
-0.00026152
-0.00025679
-0.00025104
-0.0002443
-0.0002366
-0.00022797
-0.00021843
-0.00020804
-0.00019682
-0.00018483
-0.0001721
-0.0001587
-0.00014467
-0.00013007
-0.00011496
-9.9394e-05
-8.3435e-05
-6.7146e-05
-5.0593e-05
-3.384e-05
-1.6953e-05
-1.8513e-18
1.6953e-05
3.384e-05
5.0593e-05
6.7146e-05
8.3435e-05
9.9394e-05
0.00011496
0.00013007
0.00014467
0.0001587
0.0001721
0.00018483
0.00019682
0.00020804
0.00021843
0.00022797
0.0002366
0.0002443
0.00025104
0.00025679
0.00026152
0.00026522
0.00026787
0.00026947
0.00027
0.00026947
0.00026787
0.00026522
0.00026152
0.00025679
0.00025104
0.0002443
0.0002366
0.00022797
0.00021843
0.00020804
0.00019682
0.00018483
0.0001721
0.0001587
0.00014467
0.00013007
0.00011496
9.9394e-05
8.3435e-05
6.7146e-05
5.0593e-05
3.384e-05
1.6953e-05
4.7621e-18
-1.6953e-05
-3.384e-05
-5.0593e-05
-6.7146e-05
-8.3435e-05
-9.9394e-05
-0.00011496
-0.00013007
-0.00014467
-0.0001587
-0.0001721
-0.00018483
-0.00019682
-0.00020804
-0.00021843
-0.00022797
-0.0002366
-0.0002443
-0.00025104
-0.00025679
-0.00026152
-0.00026522
-0.00026787
-0.00026947
-0.00027
-0.00026947
-0.00026787
-0.00026522
-0.00026152
-0.00025679
-0.00025104
-0.0002443
-0.0002366
-0.00022797
-0.00021843
-0.00020804
-0.00019682
-0.00018483
-0.0001721
-0.0001587
-0.00014467
-0.00013007
-0.00011496
-9.9394e-05
-8.3435e-05
-6.7146e-05
-5.0593e-05
-3.384e-05
-1.6953e-05
7.6749e-18
1.6953e-05
3.384e-05
5.0593e-05
6.7146e-05
8.3435e-05
9.9394e-05
0.00011496
0.00013007
0.00014467
0.0001587
0.0001721
0.00018483
0.00019682
0.00020804
0.00021843
0.00022797
0.0002366
0.0002443
0.00025104
0.00025679
0.00026152
0.00026522
0.00026787
0.00026947
0.00027
0.00026947
0.00026787
0.00026522
0.00026152
0.00025679
0.00025104
0.0002443
0.0002366
0.00022797
0.00021843
0.00020804
0.00019682
0.00018483
0.0001721
0.0001587
0.00014467
0.00013007
0.00011496
9.9394e-05
8.3435e-05
6.7146e-05
5.0593e-05
3.384e-05
1.6953e-05
-4.7641e-18
-1.6953e-05
-3.384e-05
-5.0593e-05
-6.7146e-05
-8.3435e-05
-9.9394e-05
-0.00011496
-0.00013007
-0.00014467
-0.0001587
-0.0001721
-0.00018483
-0.00019682
-0.00020804
-0.00021843
-0.00022797
-0.0002366
-0.0002443
-0.00025104
-0.00025679
-0.00026152
-0.00026522
-0.00026787
-0.00026947
-0.00027
-0.00026947
-0.00026787
-0.00026522
-0.00026152
-0.00025679
-0.00025104
-0.0002443
-0.0002366
-0.00022797
-0.00021843
-0.00020804
-0.00019682
-0.00018483
-0.0001721
-0.0001587
-0.00014467
-0.00013007
-0.00011496
-9.9394e-05
-8.3435e-05
-6.7146e-05
-5.0593e-05
-3.384e-05
-1.6953e-05
1.8533e-18
1.6953e-05
3.384e-05
5.0593e-05
6.7146e-05
8.3435e-05
9.9394e-05
0.00011496
0.00013007
0.00014467
0.0001587
0.0001721
0.00018483
0.00019682
0.00020804
0.00021843
0.00022797
0.0002366
0.0002443
0.00025104
0.00025679
0.00026152
0.00026522
0.00026787
0.00026947
0.00027
0.00026947
0.00026787
0.00026522
0.00026152
0.00025679
0.00025104
0.0002443
0.0002366
0.00022797
0.00021843
0.00020804
0.00019682
0.00018483
0.0001721
0.0001587
0.00014467
0.00013007
0.00011496
9.9394e-05
8.3435e-05
6.7146e-05
5.0593e-05
3.384e-05
1.6953e-05
1.0574e-18
-1.6953e-05
-3.384e-05
-5.0593e-05
-6.7146e-05
-8.3435e-05
-9.9394e-05
-0.00011496
-0.00013007
-0.00014467
-0.0001587
-0.0001721
-0.00018483
-0.00019682
-0.00020804
-0.00021843
-0.00022797
-0.0002366
-0.0002443
-0.00025104
-0.00025679
-0.00026152
-0.00026522
-0.00026787
-0.00026947
-0.00027
-0.00026947
-0.00026787
-0.00026522
-0.00026152
-0.00025679
-0.00025104
-0.0002443
-0.0002366
-0.00022797
-0.00021843
-0.00020804
-0.00019682
-0.00018483
-0.0001721
-0.0001587
-0.00014467
-0.00013007
-0.00011496
-9.9394e-05
-8.3435e-05
-6.7146e-05
-5.0593e-05
-3.384e-05
-1.6953e-05
-3.9682e-18
1.6953e-05
3.384e-05
5.0593e-05
6.7146e-05
8.3435e-05
9.9394e-05
0.00011496
0.00013007
0.00014467
0.0001587
0.0001721
0.00018483
0.00019682
0.00020804
0.00021843
0.00022797
0.0002366
0.0002443
0.00025104
0.00025679
0.00026152
0.00026522
0.00026787
0.00026947
0.00027
0.00026947
0.00026787
0.00026522
0.00026152
0.00025679
0.00025104
0.0002443
0.0002366
0.00022797
0.00021843
0.00020804
0.00019682
0.00018483
0.0001721
0.0001587
0.00014467
0.00013007
0.00011496
9.9394e-05
8.3435e-05
6.7146e-05
5.0593e-05
3.384e-05
1.6953e-05
-8.4688e-18
-1.6953e-05
-3.384e-05
-5.0593e-05
-6.7146e-05
-8.3435e-05
-9.9394e-05
-0.00011496
-0.00013007
-0.00014467
-0.0001587
-0.0001721
-0.00018483
-0.00019682
-0.00020804
-0.00021843
-0.00022797
-0.0002366
-0.0002443
-0.00025104
-0.00025679
-0.00026152
-0.00026522
-0.00026787
-0.00026947
-0.00027
-0.00026947
-0.00026787
-0.00026522
-0.00026152
-0.00025679
-0.00025104
-0.0002443
-0.0002366
-0.00022797
-0.00021843
-0.00020804
-0.00019682
-0.00018483
-0.0001721
-0.0001587
-0.00014467
-0.00013007
-0.00011496
-9.9394e-05
-8.3435e-05
-6.7146e-05
-5.0593e-05
-3.384e-05
-1.6953e-05
5.558e-18
1.6953e-05
3.384e-05
5.0593e-05
6.7146e-05
8.3435e-05
9.9394e-05
0.00011496
0.00013007
0.00014467
0.0001587
0.0001721
0.00018483
0.00019682
0.00020804
0.00021843
0.00022797
0.0002366
0.0002443
0.00025104
0.00025679
0.00026152
0.00026522
0.00026787
0.00026947
0.00027
0.00026947
0.00026787
0.00026522
0.00026152
0.00025679
0.00025104
0.0002443
0.0002366
0.00022797
0.00021843
0.00020804
0.00019682
0.00018483
0.0001721
0.0001587
0.00014467
0.00013007
0.00011496
9.9394e-05
8.3435e-05
6.7146e-05
5.0593e-05
3.384e-05
1.6953e-05
-2.6472e-18
-1.6953e-05
-3.384e-05
-5.0593e-05
-6.7146e-05
-8.3435e-05
-9.9394e-05
-0.00011496
-0.00013007
-0.00014467
-0.0001587
-0.0001721
-0.00018483
-0.00019682
-0.00020804
-0.00021843
-0.00022797
-0.0002366
-0.0002443
-0.00025104
-0.00025679
-0.00026152
-0.00026522
-0.00026787
-0.00026947
-0.00027
-0.00026947
-0.00026787
-0.00026522
-0.00026152
-0.00025679
-0.00025104
-0.0002443
-0.0002366
-0.00022797
-0.00021843
-0.00020804
-0.00019682
-0.00018483
-0.0001721
-0.0001587
-0.00014467
-0.00013007
-0.00011496
-9.9394e-05
-8.3435e-05
-6.7146e-05
-5.0593e-05
-3.384e-05
-1.6953e-05
-2.6352e-19
1.6953e-05
3.384e-05
5.0593e-05
6.7146e-05
8.3435e-05
9.9394e-05
0.00011496
0.00013007
0.00014467
0.0001587
0.0001721
0.00018483
0.00019682
0.00020804
0.00021843
0.00022797
0.0002366
0.0002443
0.00025104
0.00025679
0.00026152
0.00026522
0.00026787
0.00026947
0.00027
0.00026947
0.00026787
0.00026522
0.00026152
0.00025679
0.00025104
0.0002443
0.0002366
0.00022797
0.00021843
0.00020804
0.00019682
0.00018483
0.0001721
0.0001587
0.00014467
0.00013007
0.00011496
9.9394e-05
8.3435e-05
6.7146e-05
5.0593e-05
3.384e-05
1.6953e-05
3.1743e-18
-1.6953e-05
-3.384e-05
-5.0593e-05
-6.7146e-05
-8.3435e-05
-9.9394e-05
-0.00011496
-0.00013007
-0.00014467
-0.0001587
-0.0001721
-0.00018483
-0.00019682
-0.00020804
-0.00021843
-0.00022797
-0.0002366
-0.0002443
-0.00025104
-0.00025679
-0.00026152
-0.00026522
-0.00026787
-0.00026947
-0.00027
-0.00026947
-0.00026787
-0.00026522
-0.00026152
-0.00025679
-0.00025104
-0.0002443
-0.0002366
-0.00022797
-0.00021843
-0.00020804
-0.00019682
-0.00018483
-0.0001721
-0.0001587
-0.00014467
-0.00013007
-0.00011496
-9.9394e-05
-8.3435e-05
-6.7146e-05
-5.0593e-05
-3.384e-05
-1.6953e-05
9.2627e-18
1.6953e-05
3.384e-05
5.0593e-05
6.7146e-05
8.3435e-05
9.9394e-05
0.00011496
0.00013007
0.00014467
0.0001587
0.0001721
0.00018483
0.00019682
0.00020804
0.00021843
0.00022797
0.0002366
0.0002443
0.00025104
0.00025679
0.00026152
0.00026522
0.00026787
0.00026947
0.00027
0.00026947
0.00026787
0.00026522
0.00026152
0.00025679
0.00025104
0.0002443
0.0002366
0.00022797
0.00021843
0.00020804
0.00019682
0.00018483
0.0001721
0.0001587
0.00014467
0.00013007
0.00011496
9.9394e-05
8.3435e-05
6.7146e-05
5.0593e-05
3.384e-05
1.6953e-05
-6.3519e-18
-1.6953e-05
-3.384e-05
-5.0593e-05
-6.7146e-05
-8.3435e-05
-9.9394e-05
-0.00011496
-0.00013007
-0.00014467
-0.0001587
-0.0001721
-0.00018483
-0.00019682
-0.00020804
-0.00021843
-0.00022797
-0.0002366
-0.0002443
-0.00025104
-0.00025679
-0.00026152
-0.00026522
-0.00026787
-0.00026947
-0.00027
-0.00026947
-0.00026787
-0.00026522
-0.00026152
-0.00025679
-0.00025104
-0.0002443
-0.0002366
-0.00022797
-0.00021843
-0.00020804
-0.00019682
-0.00018483
-0.0001721
-0.0001587
-0.00014467
-0.00013007
-0.00011496
-9.9394e-05
-8.3435e-05
-6.7146e-05
-5.0593e-05
-3.384e-05
-1.6953e-05
3.4411e-18
1.6953e-05
3.384e-05
5.0593e-05
6.7146e-05
8.3435e-05
9.9394e-05
0.00011496
0.00013007
0.00014467
0.0001587
0.0001721
0.00018483
0.00019682
0.00020804
0.00021843
0.00022797
0.0002366
0.0002443
0.00025104
0.00025679
0.00026152
0.00026522
0.00026787
0.00026947
0.00027
0.00026947
0.00026787
0.00026522
0.00026152
0.00025679
0.00025104
0.0002443
0.0002366
0.00022797
0.00021843
0.00020804
0.00019682
0.00018483
0.0001721
0.0001587
0.00014467
0.00013007
0.00011496
9.9394e-05
8.3435e-05
6.7146e-05
5.0593e-05
3.384e-05
1.6953e-05
-5.3038e-19
-1.6953e-05
-3.384e-05
-5.0593e-05
-6.7146e-05
-8.3435e-05
-9.9394e-05
-0.00011496
-0.00013007
-0.00014467
-0.0001587
-0.0001721
-0.00018483
-0.00019682
-0.00020804
-0.00021843
-0.00022797
-0.0002366
-0.0002443
-0.00025104
-0.00025679
-0.00026152
-0.00026522
-0.00026787
-0.00026947
-0.00027
-0.00026947
-0.00026787
-0.00026522
-0.00026152
-0.00025679
-0.00025104
-0.0002443
-0.0002366
-0.00022797
-0.00021843
-0.00020804
-0.00019682
-0.00018483
-0.0001721
-0.0001587
-0.00014467
-0.00013007
-0.00011496
-9.9394e-05
-8.3435e-05
-6.7146e-05
-5.0593e-05
-3.384e-05
-1.6953e-05
-2.3804e-18
1.6953e-05
3.384e-05
5.0593e-05
6.7146e-05
8.3435e-05
9.9394e-05
0.00011496
0.00013007
0.00014467
0.0001587
0.0001721
0.00018483
0.00019682
0.00020804
0.00021843
0.00022797
0.0002366
0.0002443
0.00025104
0.00025679
0.00026152
0.00026522
0.00026787
0.00026947
0.00027
0.00026947
0.00026787
0.00026522
0.00026152
0.00025679
0.00025104
0.0002443
0.0002366
0.00022797
0.00021843
0.00020804
0.00019682
0.00018483
0.0001721
0.0001587
0.00014467
0.00013007
0.00011496
9.9394e-05
8.3435e-05
6.7146e-05
5.0593e-05
3.384e-05
1.6953e-05
5.2911e-18
-1.6953e-05
-3.384e-05
-5.0593e-05
-6.7146e-05
-8.3435e-05
-9.9394e-05
-0.00011496
-0.00013007
-0.00014467
-0.0001587
-0.0001721
-0.00018483
-0.00019682
-0.00020804
-0.00021843
-0.00022797
-0.0002366
-0.0002443
-0.00025104
-0.00025679
-0.00026152
-0.00026522
-0.00026787
-0.00026947
-0.00027
-0.00026947
-0.00026787
-0.00026522
-0.00026152
-0.00025679
-0.00025104
-0.0002443
-0.0002366
-0.00022797
-0.00021843
-0.00020804
-0.00019682
-0.00018483
-0.0001721
-0.0001587
-0.00014467
-0.00013007
-0.00011496
-9.9394e-05
-8.3435e-05
-6.7146e-05
-5.0593e-05
-3.384e-05
-1.6953e-05
-8.2019e-18
1.6953e-05
3.384e-05
5.0593e-05
6.7146e-05
8.3435e-05
9.9394e-05
0.00011496
0.00013007
0.00014467
0.0001587
0.0001721
0.00018483
0.00019682
0.00020804
0.00021843
0.00022797
0.0002366
0.0002443
0.00025104
0.00025679
0.00026152
0.00026522
0.00026787
0.00026947
0.00027
0.00026947
0.00026787
0.00026522
0.00026152
0.00025679
0.00025104
0.0002443
0.0002366
0.00022797
0.00021843
0.00020804
0.00019682
0.00018483
0.0001721
0.0001587
0.00014467
0.00013007
0.00011496
9.9394e-05
8.3435e-05
6.7146e-05
5.0593e-05
3.384e-05
1.6953e-05
-4.2351e-18
-1.6953e-05
-3.384e-05
-5.0593e-05
-6.7146e-05
-8.3435e-05
-9.9394e-05
-0.00011496
-0.00013007
-0.00014467
-0.0001587
-0.0001721
-0.00018483
-0.00019682
-0.00020804
-0.00021843
-0.00022797
-0.0002366
-0.0002443
-0.00025104
-0.00025679
-0.00026152
-0.00026522
-0.00026787
-0.00026947
-0.00027
-0.00026947
-0.00026787
-0.00026522
-0.00026152
-0.00025679
-0.00025104
-0.0002443
-0.0002366
-0.00022797
-0.00021843
-0.00020804
-0.00019682
-0.00018483
-0.0001721
-0.0001587
-0.00014467
-0.00013007
-0.00011496
-9.9394e-05
-8.3435e-05
-6.7146e-05
-5.0593e-05
-3.384e-05
-1.6953e-05
1.3243e-18
1.6953e-05
3.384e-05
5.0593e-05
6.7146e-05
8.3435e-05
9.9394e-05
0.00011496
0.00013007
0.00014467
0.0001587
0.0001721
0.00018483
0.00019682
0.00020804
0.00021843
0.00022797
0.0002366
0.0002443
0.00025104
0.00025679
0.00026152
0.00026522
0.00026787
0.00026947
0.00027
0.00026947
0.00026787
0.00026522
0.00026152
0.00025679
0.00025104
0.0002443
0.0002366
0.00022797
0.00021843
0.00020804
0.00019682
0.00018483
0.0001721
0.0001587
0.00014467
0.00013007
0.00011496
9.9394e-05
8.3435e-05
6.7146e-05
5.0593e-05
3.384e-05
1.6953e-05
1.5865e-18
-1.6953e-05
-3.384e-05
-5.0593e-05
-6.7146e-05
-8.3435e-05
-9.9394e-05
-0.00011496
-0.00013007
-0.00014467
-0.0001587
-0.0001721
-0.00018483
-0.00019682
-0.00020804
-0.00021843
-0.00022797
-0.0002366
-0.0002443
-0.00025104
-0.00025679
-0.00026152
-0.00026522
-0.00026787
-0.00026947
-0.00027
-0.00026947
-0.00026787
-0.00026522
-0.00026152
-0.00025679
-0.00025104
-0.0002443
-0.0002366
-0.00022797
-0.00021843
-0.00020804
-0.00019682
-0.00018483
-0.0001721
-0.0001587
-0.00014467
-0.00013007
-0.00011496
-9.9394e-05
-8.3435e-05
-6.7146e-05
-5.0593e-05
-3.384e-05
-1.6953e-05
-4.4972e-18
1.6953e-05
3.384e-05
5.0593e-05
6.7146e-05
8.3435e-05
9.9394e-05
0.00011496
0.00013007
0.00014467
0.0001587
0.0001721
0.00018483
0.00019682
0.00020804
0.00021843
0.00022797
0.0002366
0.0002443
0.00025104
0.00025679
0.00026152
0.00026522
0.00026787
0.00026947
0.00027
0.00026947
0.00026787
0.00026522
0.00026152
0.00025679
0.00025104
0.0002443
0.0002366
0.00022797
0.00021843
0.00020804
0.00019682
0.00018483
0.0001721
0.0001587
0.00014467
0.00013007
0.00011496
9.9394e-05
8.3435e-05
6.7146e-05
5.0593e-05
3.384e-05
1.6953e-05
7.408e-18
-1.6953e-05
-3.384e-05
-5.0593e-05
-6.7146e-05
-8.3435e-05
-9.9394e-05
-0.00011496
-0.00013007
-0.00014467
-0.0001587
-0.0001721
-0.00018483
-0.00019682
-0.00020804
-0.00021843
-0.00022797
-0.0002366
-0.0002443
-0.00025104
-0.00025679
-0.00026152
-0.00026522
-0.00026787
-0.00026947
-0.00027
-0.00026947
-0.00026787
-0.00026522
-0.00026152
-0.00025679
-0.00025104
-0.0002443
-0.0002366
-0.00022797
-0.00021843
-0.00020804
-0.00019682
-0.00018483
-0.0001721
-0.0001587
-0.00014467
-0.00013007
-0.00011496
-9.9394e-05
-8.3435e-05
-6.7146e-05
-5.0593e-05
-3.384e-05
-1.6953e-05
5.029e-18
1.6953e-05
3.384e-05
5.0593e-05
6.7146e-05
8.3435e-05
9.9394e-05
0.00011496
0.00013007
0.00014467
0.0001587
0.0001721
0.00018483
0.00019682
0.00020804
0.00021843
0.00022797
0.0002366
0.0002443
0.00025104
0.00025679
0.00026152
0.00026522
0.00026787
0.00026947
0.00027
0.00026947
0.00026787
0.00026522
0.00026152
0.00025679
0.00025104
0.0002443
0.0002366
0.00022797
0.00021843
0.00020804
0.00019682
0.00018483
0.0001721
0.0001587
0.00014467
0.00013007
0.00011496
9.9394e-05
8.3435e-05
6.7146e-05
5.0593e-05
3.384e-05
1.6953e-05
-2.1182e-18
-1.6953e-05
-3.384e-05
-5.0593e-05
-6.7146e-05
-8.3435e-05
-9.9394e-05
-0.00011496
-0.00013007
-0.00014467
-0.0001587
-0.0001721
-0.00018483
-0.00019682
-0.00020804
-0.00021843
-0.00022797
-0.0002366
-0.0002443
-0.00025104
-0.00025679
-0.00026152
-0.00026522
-0.00026787
-0.00026947
-0.00027
-0.00026947
-0.00026787
-0.00026522
-0.00026152
-0.00025679
-0.00025104
-0.0002443
-0.0002366
-0.00022797
-0.00021843
-0.00020804
-0.00019682
-0.00018483
-0.0001721
-0.0001587
-0.00014467
-0.00013007
-0.00011496
-9.9394e-05
-8.3435e-05
-6.7146e-05
-5.0593e-05
-3.384e-05
-1.6953e-05
-7.9257e-19
1.6953e-05
3.384e-05
5.0593e-05
6.7146e-05
8.3435e-05
9.9394e-05
0.00011496
0.00013007
0.00014467
0.0001587
0.0001721
0.00018483
0.00019682
0.00020804
0.00021843
0.00022797
0.0002366
0.0002443
0.00025104
0.00025679
0.00026152
0.00026522
0.00026787
0.00026947
0.00027
0.00026947
0.00026787
0.00026522
0.00026152
0.00025679
0.00025104
0.0002443
0.0002366
0.00022797
0.00021843
0.00020804
0.00019682
0.00018483
0.0001721
0.0001587
0.00014467
0.00013007
0.00011496
9.9394e-05
8.3435e-05
6.7146e-05
5.0593e-05
3.384e-05
1.6953e-05
3.7033e-18
-1.6953e-05
-3.384e-05
-5.0593e-05
-6.7146e-05
-8.3435e-05
-9.9394e-05
-0.00011496
-0.00013007
-0.00014467
-0.0001587
-0.0001721
-0.00018483
-0.00019682
-0.00020804
-0.00021843
-0.00022797
-0.0002366
-0.0002443
-0.00025104
-0.00025679
-0.00026152
-0.00026522
-0.00026787
-0.00026947
-0.00027
-0.00026947
-0.00026787
-0.00026522
-0.00026152
-0.00025679
-0.00025104
-0.0002443
-0.0002366
-0.00022797
-0.00021843
-0.00020804
-0.00019682
-0.00018483
-0.0001721
-0.0001587
-0.00014467
-0.00013007
-0.00011496
-9.9394e-05
-8.3435e-05
-6.7146e-05
-5.0593e-05
-3.384e-05
-1.6953e-05
-6.6141e-18
1.6953e-05
3.384e-05
5.0593e-05
6.7146e-05
8.3435e-05
9.9394e-05
0.00011496
0.00013007
0.00014467
0.0001587
0.0001721
0.00018483
0.00019682
0.00020804
0.00021843
0.00022797
0.0002366
0.0002443
0.00025104
0.00025679
0.00026152
0.00026522
0.00026787
0.00026947
0.00027
0.00026947
0.00026787
0.00026522
0.00026152
0.00025679
0.00025104
0.0002443
0.0002366
0.00022797
0.00021843
0.00020804
0.00019682
0.00018483
0.0001721
0.0001587
0.00014467
0.00013007
0.00011496
9.9394e-05
8.3435e-05
6.7146e-05
5.0593e-05
3.384e-05
1.6953e-05
-5.8229e-18
-1.6953e-05
-3.384e-05
-5.0593e-05
-6.7146e-05
-8.3435e-05
-9.9394e-05
-0.00011496
-0.00013007
-0.00014467
-0.0001587
-0.0001721
-0.00018483
-0.00019682
-0.00020804
-0.00021843
-0.00022797
-0.0002366
-0.0002443
-0.00025104
-0.00025679
-0.00026152
-0.00026522
-0.00026787
-0.00026947
-0.00027
-0.00026947
-0.00026787
-0.00026522
-0.00026152
-0.00025679
-0.00025104
-0.0002443
-0.0002366
-0.00022797
-0.00021843
-0.00020804
-0.00019682
-0.00018483
-0.0001721
-0.0001587
-0.00014467
-0.00013007
-0.00011496
-9.9394e-05
-8.3435e-05
-6.7146e-05
-5.0593e-05
-3.384e-05
-1.6953e-05
2.9121e-18
1.6953e-05
3.384e-05
5.0593e-05
6.7146e-05
8.3435e-05
9.9394e-05
0.00011496
0.00013007
0.00014467
0.0001587
0.0001721
0.00018483
0.00019682
0.00020804
0.00021843
0.00022797
0.0002366
0.0002443
0.00025104
0.00025679
0.00026152
0.00026522
0.00026787
0.00026947
0.00027
0.00026947
0.00026787
0.00026522
0.00026152
0.00025679
0.00025104
0.0002443
0.0002366
0.00022797
0.00021843
0.00020804
0.00019682
0.00018483
0.0001721
0.0001587
0.00014467
0.00013007
0.00011496
9.9394e-05
8.3435e-05
6.7146e-05
5.0593e-05
3.384e-05
1.6953e-05
-1.3357e-21
-1.692e-05
-3.3738e-05
-5.0391e-05
-6.6811e-05
-8.2934e-05
-9.8698e-05
-0.00011404
-0.0001289
-0.00014323
-0.00015696
-0.00017004
-0.00018242
-0.00019407
-0.00020492
-0.00021494
-0.00022409
-0.00023234
-0.00023966
-0.00024602
-0.00025139
-0.00025576
-0.00025912
-0.00026144
-0.00026273
-0.00026298
-0.00026219
-0.00026037
-0.00025753
-0.00025367
-0.00024882
-0.00024301
-0.00023624
-0.00022856
-0.00021999
-0.00021057
-0.00020034
-0.00018934
-0.00017762
-0.00016522
-0.0001522
-0.0001386
-0.00012448
-0.0001099
-9.4921e-05
-7.9597e-05
-6.399e-05
-4.8164e-05
-3.2182e-05
-1.6106e-05
-2.761e-18
1.6072e-05
3.2046e-05
4.7861e-05
6.3453e-05
7.8762e-05
9.3728e-05
0.00010829
0.0001224
0.00013599
0.00014902
0.00016143
0.00017318
0.00018422
0.00019452
0.00020402
0.00021269
0.00022051
0.00022745
0.00023347
0.00023855
0.00024269
0.00024586
0.00024805
0.00024926
0.00024948
0.00024872
0.00024698
0.00024427
0.0002406
0.00023599
0.00023045
0.00022403
0.00021673
0.00020859
0.00019965
0.00018994
0.0001795
0.00016838
0.00015662
0.00014426
0.00013136
0.00011798
0.00010415
8.9951e-05
7.5425e-05
6.0633e-05
4.5635e-05
3.049e-05
1.5258e-05
-8.5653e-18
-1.5224e-05
-3.0354e-05
-4.5331e-05
-6.0096e-05
-7.4591e-05
-8.8759e-05
-0.00010254
-0.0001159
-0.00012876
-0.00014109
-0.00015283
-0.00016394
-0.00017438
-0.00018411
-0.0001931
-0.0002013
-0.00020868
-0.00021523
-0.00022091
-0.00022571
-0.00022961
-0.0002326
-0.00023465
-0.00023578
-0.00023598
-0.00023524
-0.00023358
-0.000231
-0.00022752
-0.00022315
-0.0002179
-0.00021181
-0.0002049
-0.00019719
-0.00018873
-0.00017954
-0.00016966
-0.00015914
-0.00014801
-0.00013633
-0.00012413
-0.00011147
-9.8406e-05
-8.4982e-05
-7.1253e-05
-5.7276e-05
-4.3105e-05
-2.8798e-05
-1.441e-05
5.6176e-18
1.4377e-05
2.8662e-05
4.2802e-05
5.6739e-05
7.0419e-05
8.3789e-05
9.6797e-05
0.00010939
0.00012153
0.00013315
0.00014422
0.0001547
0.00016454
0.00017371
0.00018217
0.0001899
0.00019685
0.00020302
0.00020836
0.00021287
0.00021654
0.00021933
0.00022126
0.00022231
0.00022248
0.00022177
0.00022019
0.00021774
0.00021444
0.00021031
0.00020535
0.0001996
0.00019307
0.00018579
0.00017781
0.00016914
0.00015982
0.0001499
0.0001394
0.00012839
0.0001169
0.00010497
9.2658e-05
8.0012e-05
6.7081e-05
5.3918e-05
4.0576e-05
2.7106e-05
1.3563e-05
9.3017e-18
-1.3529e-05
-2.697e-05
-4.0272e-05
-5.3381e-05
-6.6247e-05
-7.8819e-05
-9.1049e-05
-0.00010289
-0.00011429
-0.00012522
-0.00013562
-0.00014546
-0.0001547
-0.00016331
-0.00017125
-0.0001785
-0.00018502
-0.0001908
-0.00019581
-0.00020004
-0.00020346
-0.00020607
-0.00020787
-0.00020884
-0.00020898
-0.0002083
-0.0002068
-0.00020448
-0.00020137
-0.00019747
-0.0001928
-0.00018738
-0.00018124
-0.0001744
-0.00016688
-0.00015873
-0.00014998
-0.00014065
-0.0001308
-0.00012045
-0.00010966
-9.8466e-05
-8.691e-05
-7.5042e-05
-6.291e-05
-5.0561e-05
-3.8046e-05
-2.5414e-05
-1.2715e-05
-1.09e-17
1.2681e-05
2.5278e-05
3.7742e-05
5.0024e-05
6.2075e-05
7.3849e-05
8.5301e-05
9.6384e-05
0.00010706
0.00011728
0.00012701
0.00013622
0.00014486
0.00015291
0.00016033
0.0001671
0.00017319
0.00017859
0.00018326
0.0001872
0.00019038
0.00019281
0.00019447
0.00019536
0.00019548
0.00019482
0.0001934
0.00019122
0.00018829
0.00018463
0.00018025
0.00017517
0.00016941
0.000163
0.00015596
0.00014833
0.00014014
0.00013141
0.00012219
0.00011252
0.00010243
9.1962e-05
8.1162e-05
7.0073e-05
5.8738e-05
4.7204e-05
3.5516e-05
2.3722e-05
1.1867e-05
1.2207e-17
-1.1834e-05
-2.3586e-05
-3.5213e-05
-4.6667e-05
-5.7904e-05
-6.888e-05
-7.9553e-05
-8.9881e-05
-9.9825e-05
-0.00010935
-0.00011841
-0.00012698
-0.00013502
-0.00014251
-0.00014941
-0.0001557
-0.00016136
-0.00016637
-0.00017071
-0.00017436
-0.00017731
-0.00017955
-0.00018108
-0.00018189
-0.00018198
-0.00018135
-0.00018001
-0.00017796
-0.00017522
-0.00017179
-0.00016769
-0.00016295
-0.00015758
-0.0001516
-0.00014504
-0.00013793
-0.0001303
-0.00012217
-0.00011359
-0.00010458
-9.5195e-05
-8.5458e-05
-7.5414e-05
-6.5103e-05
-5.4566e-05
-4.3847e-05
-3.2987e-05
-2.203e-05
-1.102e-05
-3.2621e-18
1.0986e-05
2.1894e-05
3.2683e-05
4.3309e-05
5.3732e-05
6.391e-05
7.3805e-05
8.3377e-05
9.2591e-05
0.00010141
0.0001098
0.00011774
0.00012518
0.0001321
0.00013849
0.0001443
0.00014953
0.00015416
0.00015815
0.00016152
0.00016423
0.00016629
0.00016769
0.00016842
0.00016848
0.00016788
0.00016662
0.0001647
0.00016214
0.00015895
0.00015514
0.00015074
0.00014575
0.0001402
0.00013412
0.00012753
0.00012045
0.00011293
0.00010498
9.665e-05
8.7961e-05
7.8955e-05
6.9666e-05
6.0133e-05
5.0394e-05
4.0489e-05
3.0457e-05
2.0338e-05
1.0172e-05
1.3948e-17
-1.0138e-05
-2.0202e-05
-3.0153e-05
-3.9952e-05
-4.956e-05
-5.894e-05
-6.8057e-05
-7.6873e-05
-8.5357e-05
-9.3475e-05
-0.0001012
-0.00010849
-0.00011534
-0.0001217
-0.00012757
-0.00013291
-0.0001377
-0.00014194
-0.0001456
-0.00014868
-0.00015116
-0.00015303
-0.00015429
-0.00015494
-0.00015498
-0.0001544
-0.00015322
-0.00015144
-0.00014906
-0.00014611
-0.00014259
-0.00013852
-0.00013392
-0.0001288
-0.0001232
-0.00011713
-0.00011061
-0.00010369
-9.6379e-05
-8.8714e-05
-8.0728e-05
-7.2451e-05
-6.3918e-05
-5.5163e-05
-4.6223e-05
-3.7132e-05
-2.7927e-05
-1.8646e-05
-9.3244e-06
-5.9554e-18
9.2905e-06
1.851e-05
2.7624e-05
3.6595e-05
4.5388e-05
5.3971e-05
6.2309e-05
7.037e-05
7.8124e-05
8.554e-05
9.2592e-05
9.9252e-05
0.0001055
0.0001113
0.00011664
0.00012151
0.00012587
0.00012973
0.00013305
0.00013584
0.00013808
0.00013977
0.0001409
0.00014147
0.00014148
0.00014093
0.00013983
0.00013818
0.00013599
0.00013327
0.00013004
0.0001263
0.00012209
0.0001174
0.00011228
0.00010672
0.00010077
9.4447e-05
8.7773e-05
8.0779e-05
7.3494e-05
6.5947e-05
5.817e-05
5.0194e-05
4.2051e-05
3.3775e-05
2.5398e-05
1.6954e-05
8.4767e-06
6.8655e-18
-8.4428e-06
-1.6818e-05
-2.5094e-05
-3.3237e-05
-4.1217e-05
-4.9001e-05
-5.6561e-05
-6.3866e-05
-7.089e-05
-7.7605e-05
-8.3987e-05
-9.0011e-05
-9.5655e-05
-0.0001009
-0.00010572
-0.00011011
-0.00011404
-0.00011751
-0.0001205
-0.000123
-0.00012501
-0.00012651
-0.00012751
-0.000128
-0.00012798
-0.00012746
-0.00012644
-0.00012492
-0.00012291
-0.00012043
-0.00011749
-0.00011409
-0.00011026
-0.00010601
-0.00010135
-9.6322e-05
-9.0932e-05
-8.5206e-05
-7.9168e-05
-7.2844e-05
-6.626e-05
-5.9444e-05
-5.2422e-05
-4.5224e-05
-3.7879e-05
-3.0417e-05
-2.2868e-05
-1.5262e-05
-7.629e-06
-7.4845e-18
7.5951e-06
1.5126e-05
2.2564e-05
2.988e-05
3.7045e-05
4.4031e-05
5.0813e-05
5.7362e-05
6.3656e-05
6.967e-05
7.5382e-05
8.077e-05
8.5814e-05
9.0497e-05
9.4801e-05
9.871e-05
0.00010221
0.00010529
0.00010795
0.00011016
0.00011193
0.00011325
0.00011411
0.00011452
0.00011448
0.00011398
0.00011304
0.00011166
0.00010984
0.00010759
0.00010493
0.00010187
9.8427e-05
9.4607e-05
9.0432e-05
8.592e-05
8.109e-05
7.5964e-05
7.0563e-05
6.4909e-05
5.9027e-05
5.294e-05
4.6674e-05
4.0254e-05
3.3708e-05
2.706e-05
2.0338e-05
1.357e-05
6.7814e-06
1.6887e-18
-6.7475e-06
-1.3434e-05
-2.0035e-05
-2.6523e-05
-3.2873e-05
-3.9062e-05
-4.5064e-05
-5.0859e-05
-5.6423e-05
-6.1735e-05
-6.6777e-05
-7.1528e-05
-7.5973e-05
-8.0095e-05
-8.3879e-05
-8.7312e-05
-9.0382e-05
-9.308e-05
-9.5395e-05
-9.7322e-05
-9.8854e-05
-9.9987e-05
-0.00010072
-0.00010105
-0.00010098
-0.00010051
-9.9648e-05
-9.8396e-05
-9.6761e-05
-9.4754e-05
-9.2383e-05
-8.9659e-05
-8.6597e-05
-8.3209e-05
-7.951e-05
-7.5518e-05
-7.1249e-05
-6.6723e-05
-6.1958e-05
-5.6974e-05
-5.1793e-05
-4.6436e-05
-4.0926e-05
-3.5285e-05
-2.9536e-05
-2.3703e-05
-1.7809e-05
-1.1878e-05
-5.9337e-06
-7.8493e-18
5.8998e-06
1.1742e-05
1.7505e-05
2.3165e-05
2.8701e-05
3.4092e-05
3.9316e-05
4.4355e-05
4.9189e-05
5.38e-05
5.8171e-05
6.2287e-05
6.6132e-05
6.9693e-05
7.2957e-05
7.5914e-05
7.8552e-05
8.0864e-05
8.2843e-05
8.4482e-05
8.5778e-05
8.6726e-05
8.7326e-05
8.7577e-05
8.748e-05
8.7038e-05
8.6254e-05
8.5135e-05
8.3686e-05
8.1914e-05
7.9831e-05
7.7444e-05
7.4766e-05
7.181e-05
6.8588e-05
6.5116e-05
6.1408e-05
5.7481e-05
5.3352e-05
4.9039e-05
4.4559e-05
3.9933e-05
3.5178e-05
3.0315e-05
2.5364e-05
2.0345e-05
1.5279e-05
1.0186e-05
5.086e-06
3.0061e-18
-5.0521e-06
-1.005e-05
-1.4976e-05
-1.9808e-05
-2.453e-05
-2.9122e-05
-3.3568e-05
-3.7851e-05
-4.1955e-05
-4.5865e-05
-4.9566e-05
-5.3046e-05
-5.6291e-05
-5.9291e-05
-6.2035e-05
-6.4515e-05
-6.6722e-05
-6.8649e-05
-7.0291e-05
-7.1643e-05
-7.2702e-05
-7.3465e-05
-7.3932e-05
-7.4103e-05
-7.398e-05
-7.3565e-05
-7.2861e-05
-7.1874e-05
-7.061e-05
-6.9075e-05
-6.7279e-05
-6.5229e-05
-6.2936e-05
-6.0412e-05
-5.7667e-05
-5.4714e-05
-5.1567e-05
-4.824e-05
-4.4747e-05
-4.1104e-05
-3.7326e-05
-3.3429e-05
-2.943e-05
-2.5345e-05
-2.1192e-05
-1.6988e-05
-1.2749e-05
-8.4938e-06
-4.2384e-06
-3.2282e-18
4.2045e-06
8.3585e-06
1.2446e-05
1.6451e-05
2.0358e-05
2.4153e-05
2.782e-05
3.1348e-05
3.4722e-05
3.793e-05
4.0961e-05
4.3804e-05
4.645e-05
4.8889e-05
5.1114e-05
5.3117e-05
5.4892e-05
5.6434e-05
5.7739e-05
5.8804e-05
5.9626e-05
6.0204e-05
6.0539e-05
6.063e-05
6.048e-05
6.0091e-05
5.9467e-05
5.8613e-05
5.7534e-05
5.6236e-05
5.4727e-05
5.3014e-05
5.1106e-05
4.9013e-05
4.6745e-05
4.4312e-05
4.1726e-05
3.8999e-05
3.6142e-05
3.3169e-05
3.0092e-05
2.6925e-05
2.3682e-05
2.0376e-05
1.7021e-05
1.3631e-05
1.022e-05
6.8018e-06
3.3907e-06
3.1592e-18
-3.3568e-06
-6.6665e-06
-9.9162e-06
-1.3094e-05
-1.6186e-05
-1.9183e-05
-2.2072e-05
-2.4844e-05
-2.7488e-05
-2.9995e-05
-3.2356e-05
-3.4563e-05
-3.6609e-05
-3.8487e-05
-4.0192e-05
-4.1718e-05
-4.3062e-05
-4.4219e-05
-4.5187e-05
-4.5965e-05
-4.655e-05
-4.6944e-05
-4.7145e-05
-4.7157e-05
-4.698e-05
-4.6618e-05
-4.6074e-05
-4.5352e-05
-4.4458e-05
-4.3397e-05
-4.2175e-05
-4.0799e-05
-3.9276e-05
-3.7615e-05
-3.5823e-05
-3.391e-05
-3.1885e-05
-2.9757e-05
-2.7537e-05
-2.5234e-05
-2.2858e-05
-2.0422e-05
-1.7934e-05
-1.5406e-05
-1.2849e-05
-1.0273e-05
-7.6901e-06
-5.1098e-06
-2.543e-06
-5.1233e-19
2.5091e-06
4.9745e-06
7.3866e-06
9.7362e-06
1.2015e-05
1.4213e-05
1.6324e-05
1.834e-05
2.0254e-05
2.206e-05
2.375e-05
2.5321e-05
2.6768e-05
2.8085e-05
2.927e-05
3.032e-05
3.1232e-05
3.2004e-05
3.2635e-05
3.3125e-05
3.3474e-05
3.3683e-05
3.3752e-05
3.3683e-05
3.348e-05
3.3144e-05
3.268e-05
3.2091e-05
3.1382e-05
3.0557e-05
2.9623e-05
2.8583e-05
2.7446e-05
2.6216e-05
2.4902e-05
2.3508e-05
2.2044e-05
2.0516e-05
1.8931e-05
1.7299e-05
1.5625e-05
1.3918e-05
1.2186e-05
1.0436e-05
8.6772e-06
6.9161e-06
5.1605e-06
3.4178e-06
1.6953e-06
2.148e-18
-1.6614e-06
-3.2825e-06
-4.8569e-06
-6.3789e-06
-7.8429e-06
-9.2436e-06
-1.0576e-05
-1.1837e-05
-1.3021e-05
-1.4124e-05
-1.5145e-05
-1.608e-05
-1.6927e-05
-1.7683e-05
-1.8349e-05
-1.8921e-05
-1.9401e-05
-1.9789e-05
-2.0083e-05
-2.0286e-05
-2.0398e-05
-2.0422e-05
-2.0358e-05
-2.021e-05
-1.998e-05
-1.9671e-05
-1.9287e-05
-1.883e-05
-1.8306e-05
-1.7718e-05
-1.7071e-05
-1.6368e-05
-1.5616e-05
-1.4818e-05
-1.398e-05
-1.3106e-05
-1.2203e-05
-1.1274e-05
-1.0326e-05
-9.3634e-06
-8.391e-06
-7.4142e-06
-6.4378e-06
-5.4666e-06
-4.5055e-06
-3.5588e-06
-2.6308e-06
-1.7258e-06
-8.4767e-07
-4.5374e-19
8.1377e-07
1.5905e-06
2.3273e-06
3.0216e-06
3.6711e-06
4.2739e-06
4.8283e-06
5.333e-06
5.7869e-06
6.1894e-06
6.54e-06
6.8386e-06
7.0856e-06
7.2814e-06
7.4268e-06
7.523e-06
7.5713e-06
7.5734e-06
7.5312e-06
7.4468e-06
7.3225e-06
7.1609e-06
6.9646e-06
6.7367e-06
6.48e-06
6.1977e-06
5.8932e-06
5.5696e-06
5.2303e-06
4.8789e-06
4.5187e-06
4.1532e-06
3.7856e-06
3.4195e-06
3.0581e-06
2.7045e-06
2.3619e-06
2.0331e-06
1.721e-06
1.4283e-06
1.1574e-06
9.1051e-07
6.8976e-07
4.9697e-07
3.3374e-07
2.0144e-07
1.0119e-07
3.384e-08
0
0
-0
-0
-0
-0
-0
-0
-0
-0
-0
-0
-0
-0
-0
-0
-0
-0
-0
-0
-0
-0
-0
-0
-0
-0
-0
-0
-0
-0
-0
-0
-0
-0
-0
-0
-0
-0
-0
-0
-0
-0
-0
-0
-0
-0
-0
-0
-0
-0
-0
-0
0
0
0
0
0
0
0
0
0
0
0
0
0
0
0
0
0
0
0
0
0
0
0
0
0
0
0
0
0
0
0
0
0
0
0
0
0
0
0
0
0
0
0
0
0
0
0
0
0
0
-0
-0
-0
-0
-0
-0
-0
-0
-0
-0
-0
-0
-0
-0
-0
-0
-0
-0
-0
-0
-0
-0
-0
-0
-0
-0
-0
-0
-0
-0
-0
-0
-0
-0
-0
-0
-0
-0
-0
-0
-0
-0
-0
-0
-0
-0
-0
-0
-0
-0
0
0
0
0
0
0
0
0
0
0
0
0
0
0
0
0
0
0
0
0
0
0
0
0
0
0
0
0
0
0
0
0
0
0
0
0
0
0
0
0
0
0
0
0
0
0
0
0
0
0
-0
-0
-0
-0
-0
-0
-0
-0
-0
-0
-0
-0
-0
-0
-0
-0
-0
-0
-0
-0
-0
-0
-0
-0
-0
-0
-0
-0
-0
-0
-0
-0
-0
-0
-0
-0
-0
-0
-0
-0
-0
-0
-0
-0
-0
-0
-0
-0
-0
-0
0
0
0
0
0
0
0
0
0
0
0
0
0
0
0
0
0
0
0
0
0
0
0
0
0
0
0
0
0
0
0
0
0
0
0
0
0
0
0
0
0
0
0
0
0
0
0
0
0
0
-0
-0
-0
-0
-0
-0
-0
-0
-0
-0
-0
-0
-0
-0
-0
-0
-0
-0
-0
-0
-0
-0
-0
-0
-0
-0
-0
-0
-0
-0
-0
-0
-0
-0
-0
-0
-0
-0
-0
-0
-0
-0
-0
-0
-0
-0
-0
-0
-0
-0
0
0
0
0
0
0
0
0
0
0
0
0
0
0
0
0
0
0
0
0
0
0
0
0
0
0
0
0
0
0
0
0
0
0
0
0
0
0
0
0
0
0
0
0
0
0
0
0
0
0
-0
-0
-0
-0
-0
-0
-0
-0
-0
-0
-0
-0
-0
-0
-0
-0
-0
-0
-0
-0
-0
-0
-0
-0
-0
-0
-0
-0
-0
-0
-0
-0
-0
-0
-0
-0
-0
-0
-0
-0
-0
-0
-0
-0
-0
-0
-0
-0
-0
-0
0
0
0
0
0
0
0
0
0
0
0
0
0
0
0
0
0
0
0
0
0
0
0
0
0
0
0
0
0
0
0
0
0
0
0
0
0
0
0
0
0
0
0
0
0
0
0
0
0
0
-0
-0
-0
-0
-0
-0
-0
-0
-0
-0
-0
-0
-0
-0
-0
-0
-0
-0
-0
-0
-0
-0
-0
-0
-0
-0
-0
-0
-0
-0
-0
-0
-0
-0
-0
-0
-0
-0
-0
-0
-0
-0
-0
-0
-0
-0
-0
-0
-0
-0
0
0
0
0
0
0
0
0
0
0
0
0
0
0
0
0
0
0
0
0
0
0
0
0
0
0
0
0
0
0
0
0
0
0
0
0
0
0
0
0
0
0
0
0
0
0
0
0
0
0
-0
-0
-0
-0
-0
-0
-0
-0
-0
-0
-0
-0
-0
-0
-0
-0
-0
-0
-0
-0
-0
-0
-0
-0
-0
-0
-0
-0
-0
-0
-0
-0
-0
-0
-0
-0
-0
-0
-0
-0
-0
-0
-0
-0
-0
-0
-0
-0
-0
-0
0
0
0
0
0
0
0
0
0
0
0
0
0
0
0
0
0
0
0
0
0
0
0
0
0
0
0
0
0
0
0
0
0
0
0
0
0
0
0
0
0
0
0
0
0
0
0
0
0
0
-0
-0
-0
-0
-0
-0
-0
-0
-0
-0
-0
-0
-0
-0
-0
-0
-0
-0
-0
-0
-0
-0
-0
-0
-0
-0
-0
-0
-0
-0
-0
-0
-0
-0
-0
-0
-0
-0
-0
-0
-0
-0
-0
-0
-0
-0
-0
-0
-0
-0
0
0
0
0
0
0
0
0
0
0
0
0
0
0
0
0
0
0
0
0
0
0
0
0
0
0
0
0
0
0
0
0
0
0
0
0
0
0
0
0
0
0
0
0
0
0
0
0
0
0
-0
-0
-0
-0
-0
-0
-0
-0
-0
-0
-0
-0
-0
-0
-0
-0
-0
-0
-0
-0
-0
-0
-0
-0
-0
-0
-0
-0
-0
-0
-0
-0
-0
-0
-0
-0
-0
-0
-0
-0
-0
-0
-0
-0
-0
-0
-0
-0
-0
-0
0
0
0
0
0
0
0
0
0
0
0
0
0
0
0
0
0
0
0
0
0
0
0
0
0
0
0
0
0
0
0
0
0
0
0
0
0
0
0
0
0
0
0
0
0
0
0
0
0
0
-0
-0
-0
-0
-0
-0
-0
-0
-0
-0
-0
-0
-0
-0
-0
-0
-0
-0
-0
-0
-0
-0
-0
-0
-0
-0
-0
-0
-0
-0
-0
-0
-0
-0
-0
-0
-0
-0
-0
-0
-0
-0
-0
-0
-0
-0
-0
-0
-0
-0
0
0
0
0
0
0
0
0
0
0
0
0
0
0
0
0
0
0
0
0
0
0
0
0
0
0
0
0
0
0
0
0
0
0
0
0
0
0
0
0
0
0
0
0
0
0
0
0
0
0
-0
-0
-0
-0
-0
-0
-0
-0
-0
-0
-0
-0
-0
-0
-0
-0
-0
-0
-0
-0
-0
-0
-0
-0
-0
-0
-0
-0
-0
-0
-0
-0
-0
-0
-0
-0
-0
-0
-0
-0
-0
-0
-0
-0
-0
-0
-0
-0
-0
-0
0
0
0
0
0
0
0
0
0
0
0
0
0
0
0
0
0
0
0
0
0
0
0
0
0
0
0
0
0
0
0
0
0
0
0
0
0
0
0
0
0
0
0
0
0
0
0
0
0
-0
-0
-0
-0
-0
-0
-0
-0
-0
-0
-0
-0
-0
-0
-0
-0
-0
-0
-0
-0
-0
-0
-0
-0
-0
-0
-0
-0
-0
-0
-0
-0
-0
-0
-0
-0
-0
-0
-0
-0
-0
-0
-0
-0
-0
-0
-0
-0
-0
-0
-0
0
0
0
0
0
0
0
0
0
0
0
0
0
0
0
0
0
0
0
0
0
0
0
0
0
0
0
0
0
0
0
0
0
0
0
0
0
0
0
0
0
0
0
0
0
0
0
0
0
0
-0
-0
-0
-0
-0
-0
-0
-0
-0
-0
-0
-0
-0
-0
-0
-0
-0
-0
-0
-0
-0
-0
-0
-0
-0
-0
-0
-0
-0
-0
-0
-0
-0
-0
-0
-0
-0
-0
-0
-0
-0
-0
-0
-0
-0
-0
-0
-0
-0
0
0
0
0
0
0
0
0
0
0
0
0
0
0
0
0
0
0
0
0
0
0
0
0
0
0
0
0
0
0
0
0
0
0
0
0
0
0
0
0
0
0
0
0
0
0
0
0
0
0
0
-0
-0
-0
-0
-0
-0
-0
-0
-0
-0
-0
-0
-0
-0
-0
-0
-0
-0
-0
-0
-0
-0
-0
-0
-0
-0
-0
-0
-0
-0
-0
-0
-0
-0
-0
-0
-0
-0
-0
-0
-0
-0
-0
-0
-0
-0
-0
-0
-0
-0
0
0
0
0
0
0
0
0
0
0
0
0
0
0
0
0
0
0
0
0
0
0
0
0
0
0
0
0
0
0
0
0
0
0
0
0
0
0
0
0
0
0
0
0
0
0
0
0
0
0
-0
-0
-0
-0
-0
-0
-0
-0
-0
-0
-0
-0
-0
-0
-0
-0
-0
-0
-0
-0
-0
-0
-0
-0
-0
-0
-0
-0
-0
-0
-0
-0
-0
-0
-0
-0
-0
-0
-0
-0
-0
-0
-0
-0
-0
-0
-0
-0
-0
-0
0
0
0
0
0
0
0
0
0
0
0
0
0
0
0
0
0
0
0
0
0
0
0
0
0
0
0
0
0
0
0
0
0
0
0
0
0
0
0
0
0
0
0
0
0
0
0
0
0
-0
-0
-0
-0
-0
-0
-0
-0
-0
-0
-0
-0
-0
-0
-0
-0
-0
-0
-0
-0
-0
-0
-0
-0
-0
-0
-0
-0
-0
-0
-0
-0
-0
-0
-0
-0
-0
-0
-0
-0
-0
-0
-0
-0
-0
-0
-0
-0
-0
-0
-0
0
0
0
0
0
0
0
0
0
0
0
0
0
0
0
0
0
0
0
0
0
0
0
0
0
0
0
0
0
0
0
0
0
0
0
0
0
0
0
0
0
0
0
0
0
0
0
0
0
-0
-0
-0
-0
-0
-0
-0
-0
-0
-0
-0
-0
-0
-0
-0
-0
-0
-0
-0
-0
-0
-0
-0
-0
-0
-0
-0
-0
-0
-0
-0
-0
-0
-0
-0
-0
-0
-0
-0
-0
-0
-0
-0
-0
-0
-0
-0
-0
-0
-0
-0
0
0
0
0
0
0
0
0
0
0
0
0
0
0
0
0
0
0
0
0
0
0
0
0
0
0
0
0
0
0
0
0
0
0
0
0
0
0
0
0
0
0
0
0
0
0
0
0
0
0
-0
-0
-0
-0
-0
-0
-0
-0
-0
-0
-0
-0
-0
-0
-0
-0
-0
-0
-0
-0
-0
-0
-0
-0
-0
-0
-0
-0
-0
-0
-0
-0
-0
-0
-0
-0
-0
-0
-0
-0
-0
-0
-0
-0
-0
-0
-0
-0
-0
-0
0
0
0
0
0
0
0
0
0
0
0
0
0
0
0
0
0
0
0
0
0
0
0
0
0
0
0
0
0
0
0
0
0
0
0
0
0
0
0
0
0
0
0
0
0
0
0
0
0
0
-0
-0
-0
-0
-0
-0
-0
-0
-0
-0
-0
-0
-0
-0
-0
-0
-0
-0
-0
-0
-0
-0
-0
-0
-0
-0
-0
-0
-0
-0
-0
-0
-0
-0
-0
-0
-0
-0
-0
-0
-0
-0
-0
-0
-0
-0
-0
-0
-0
-0
0
0
0
0
0
0
0
0
0
0
0
0
0
0
0
0
0
0
0
0
0
0
0
0
0
0
0
0
0
0
0
0
0
0
0
0
0
0
0
0
0
0
0
0
0
0
0
0
0
0
-0
-0
-0
-0
-0
-0
-0
-0
-0
-0
-0
-0
-0
-0
-0
-0
-0
-0
-0
-0
-0
-0
-0
-0
-0
-0
-0
-0
-0
-0
-0
-0
-0
-0
-0
-0
-0
-0
-0
-0
-0
-0
-0
-0
-0
-0
-0
-0
-0
-0
0
0
0
0
0
0
0
0
0
0
0
0
0
0
0
0
0
0
0
0
0
0
0
0
0
0
0
0
0
0
0
0
0
0
0
0
0
0
0
0
0
0
0
0
0
0
0
0
0
-0
-0
-0
-0
-0
-0
-0
-0
-0
-0
-0
-0
-0
-0
-0
-0
-0
-0
-0
-0
-0
-0
-0
-0
-0
-0
-0
-0
-0
-0
-0
-0
-0
-0
-0
-0
-0
-0
-0
-0
-0
-0
-0
-0
-0
-0
-0
-0
-0
-0
-0
0
0
0
0
0
0
0
0
0
0
0
0
0
0
0
0
0
0
0
0
0
0
0
0
0
0
0
0
0
0
0
0
0
0
0
0
0
0
0
0
0
0
0
0
0
0
0
0
0
-0
-0
-0
-0
-0
-0
-0
-0
-0
-0
-0
-0
-0
-0
-0
-0
-0
-0
-0
-0
-0
-0
-0
-0
-0
-0
-0
-0
-0
-0
-0
-0
-0
-0
-0
-0
-0
-0
-0
-0
-0
-0
-0
-0
-0
-0
-0
-0
-0
-0
-0
0
0
0
0
0
0
0
0
0
0
0
0
0
0
0
0
0
0
0
0
0
0
0
0
0
0
0
0
0
0
0
0
0
0
0
0
0
0
0
0
0
0
0
0
0
0
0
0
0
0
-0
-0
-0
-0
-0
-0
-0
-0
-0
-0
-0
-0
-0
-0
-0
-0
-0
-0
-0
-0
-0
-0
-0
-0
-0
-0
-0
-0
-0
-0
-0
-0
-0
-0
-0
-0
-0
-0
-0
-0
-0
-0
-0
-0
-0
-0
-0
-0
-0
-0
0
0
0
0
0
0
0
0
0
0
0
0
0
0
0
0
0
0
0
0
0
0
0
0
0
0
0
0
0
0
0
0
0
0
0
0
0
0
0
0
0
0
0
0
0
0
0
0
0
0
-0
-0
-0
-0
-0
-0
-0
-0
-0
-0
-0
-0
-0
-0
-0
-0
-0
-0
-0
-0
-0
-0
-0
-0
-0
-0
-0
-0
-0
-0
-0
-0
-0
-0
-0
-0
-0
-0
-0
-0
-0
-0
-0
-0
-0
-0
-0
-0
-0
-0
0
0
0
0
0
0
0
0
0
0
0
0
0
0
0
0
0
0
0
0
0
0
0
0
0
0
0
0
0
0
0
0
0
0
0
0
0
0
0
0
0
0
0
0
0
0
0
0
0
0
-0
-0
-0
-0
-0
-0
-0
-0
-0
-0
-0
-0
-0
-0
-0
-0
-0
-0
-0
-0
-0
-0
-0
-0
-0
-0
-0
-0
-0
-0
-0
-0
-0
-0
-0
-0
-0
-0
-0
-0
-0
-0
-0
-0
-0
-0
-0
-0
-0
-0
0
0
0
0
0
0
0
0
0
0
0
0
0
0
0
0
0
0
0
0
0
0
0
0
0
0
0
0
0
0
0
0
0
0
0
0
0
0
0
0
0
0
0
0
0
0
0
0
0
-0
-0
-0
-0
-0
-0
-0
-0
-0
-0
-0
-0
-0
-0
-0
-0
-0
-0
-0
-0
-0
-0
-0
-0
-0
-0
-0
-0
-0
-0
-0
-0
-0
-0
-0
-0
-0
-0
-0
-0
-0
-0
-0
-0
-0
-0
-0
-0
-0
-0
-0
0
0
0
0
0
0
0
0
0
0
0
0
0
0
0
0
0
0
0
0
0
0
0
0
0
0
0
0
0
0
0
0
0
0
0
0
0
0
0
0
0
0
0
0
0
0
0
0
0
-0
-0
-0
-0
-0
-0
-0
-0
-0
-0
-0
-0
-0
-0
-0
-0
-0
-0
-0
-0
-0
-0
-0
-0
-0
-0
-0
-0
-0
-0
-0
-0
-0
-0
-0
-0
-0
-0
-0
-0
-0
-0
-0
-0
-0
-0
-0
-0
-0
-0
-0
0
0
0
0
0
0
0
0
0
0
0
0
0
0
0
0
0
0
0
0
0
0
0
0
0
0
0
0
0
0
0
0
0
0
0
0
0
0
0
0
0
0
0
0
0
0
0
0
0
0
-0
-0
-0
-0
-0
-0
-0
-0
-0
-0
-0
-0
-0
-0
-0
-0
-0
-0
-0
-0
-0
-0
-0
-0
-0
-0
-0
-0
-0
-0
-0
-0
-0
-0
-0
-0
-0
-0
-0
-0
-0
-0
-0
-0
-0
-0
-0
-0
-0
-0
0
0
0
0
0
0
0
0
0
0
0
0
0
0
0
0
0
0
0
0
0
0
0
0
0
0
0
0
0
0
0
0
0
0
0
0
0
0
0
0
0
0
0
0
0
0
0
0
0
0
-0
-0
-0
-0
-0
-0
-0
-0
-0
-0
-0
-0
-0
-0
-0
-0
-0
-0
-0
-0
-0
-0
-0
-0
-0
-0
-0
-0
-0
-0
-0
-0
-0
-0
-0
-0
-0
-0
-0
-0
-0
-0
-0
-0
-0
-0
-0
-0
-0
-0
0
0
0
0
0
0
0
0
0
0
0
0
0
0
0
0
0
0
0
0
0
0
0
0
0
0
0
0
0
0
0
0
0
0
0
0
0
0
0
0
0
0
0
0
0
0
0
0
0
0
-0
-0
-0
-0
-0
-0
-0
-0
-0
-0
-0
-0
-0
-0
-0
-0
-0
-0
-0
-0
-0
-0
-0
-0
-0
-0
-0
-0
-0
-0
-0
-0
-0
-0
-0
-0
-0
-0
-0
-0
-0
-0
-0
-0
-0
-0
-0
-0
-0
-0
0
0
0
0
0
0
0
0
0
0
0
0
0
0
0
0
0
0
0
0
0
0
0
0
0
0
0
0
0
0
0
0
0
0
0
0
0
0
0
0
0
0
0
0
0
0
0
0
0
-0
-0
-0
-0
-0
-0
-0
-0
-0
-0
-0
-0
-0
-0
-0
-0
-0
-0
-0
-0
-0
-0
-0
-0
-0
-0
-0
-0
-0
-0
-0
-0
-0
-0
-0
-0
-0
-0
-0
-0
-0
-0
-0
-0
-0
-0
-0
-0
-0
-0
-0
0
0
0
0
0
0
0
0
0
0
0
0
0
0
0
0
0
0
0
0
0
0
0
0
0
0
0
0
0
0
0
0
0
0
0
0
0
0
0
0
0
0
0
0
0
0
0
0
0
-0
-0
-0
-0
-0
-0
-0
-0
-0
-0
-0
-0
-0
-0
-0
-0
-0
-0
-0
-0
-0
-0
-0
-0
-0
-0
-0
-0
-0
-0
-0
-0
-0
-0
-0
-0
-0
-0
-0
-0
-0
-0
-0
-0
-0
-0
-0
-0
-0
-0
-0
0
0
0
0
0
0
0
0
0
0
0
0
0
0
0
0
0
0
0
0
0
0
0
0
0
0
0
0
0
0
0
0
0
0
0
0
0
0
0
0
0
0
0
0
0
0
0
0
0
-0
