-0
-0
-0
-0
-0
-0
-0
-0
-0
-0
-0
-0
-0
-0
-0
-0
-0
-0
-0
-0
-0
-0
-0
-0
-0
-0
-0
-0
-0
-0
-0
-0
-0
-0
-0
-0
-0
-0
-0
-0
-0
-0
-0
-0
-0
-0
-0
-0
-0
-0
-0
0
0
0
0
0
0
0
0
0
0
0
0
0
0
0
0
0
0
0
0
0
0
0
0
0
0
0
0
0
0
0
0
0
0
0
0
0
0
0
0
0
0
0
0
0
0
0
0
0
0
-0
-0
-0
-0
-0
-0
-0
-0
-0
-0
-0
-0
-0
-0
-0
-0
-0
-0
-0
-0
-0
-0
-0
-0
-0
-0
-0
-0
-0
-0
-0
-0
-0
-0
-0
-0
-0
-0
-0
-0
-0
-0
-0
-0
-0
-0
-0
-0
-0
-0
0
0
0
0
0
0
0
0
0
0
0
0
0
0
0
0
0
0
0
0
0
0
0
0
0
0
0
0
0
0
0
0
0
0
0
0
0
0
0
0
0
0
0
0
0
0
0
0
0
0
-0
-0
-0
-0
-0
-0
-0
-0
-0
-0
-0
-0
-0
-0
-0
-0
-0
-0
-0
-0
-0
-0
-0
-0
-0
-0
-0
-0
-0
-0
-0
-0
-0
-0
-0
-0
-0
-0
-0
-0
-0
-0
-0
-0
-0
-0
-0
-0
-0
-0
0
0
0
0
0
0
0
0
0
0
0
0
0
0
0
0
0
0
0
0
0
0
0
0
0
0
0
0
0
0
0
0
0
0
0
0
0
0
0
0
0
0
0
0
0
0
0
0
0
0
-0
-0
-0
-0
-0
-0
-0
-0
-0
-0
-0
-0
-0
-0
-0
-0
-0
-0
-0
-0
-0
-0
-0
-0
-0
-0
-0
-0
-0
-0
-0
-0
-0
-0
-0
-0
-0
-0
-0
-0
-0
-0
-0
-0
-0
-0
-0
-0
-0
0
0
0
0
0
0
0
0
0
0
0
0
0
0
0
0
0
0
0
0
0
0
0
0
0
0
0
0
0
0
0
0
0
0
0
0
0
0
0
0
0
0
0
0
0
0
0
0
0
0
0
-0
-0
-0
-0
-0
-0
-0
-0
-0
-0
-0
-0
-0
-0
-0
-0
-0
-0
-0
-0
-0
-0
-0
-0
-0
-0
-0
-0
-0
-0
-0
-0
-0
-0
-0
-0
-0
-0
-0
-0
-0
-0
-0
-0
-0
-0
-0
-0
-0
-0
0
0
0
0
0
0
0
0
0
0
0
0
0
0
0
0
0
0
0
0
0
0
0
0
0
0
0
0
0
0
0
0
0
0
0
0
0
0
0
0
0
0
0
0
0
0
0
0
0
0
-0
-0
-0
-0
-0
-0
-0
-0
-0
-0
-0
-0
-0
-0
-0
-0
-0
-0
-0
-0
-0
-0
-0
-0
-0
-0
-0
-0
-0
-0
-0
-0
-0
-0
-0
-0
-0
-0
-0
-0
-0
-0
-0
-0
-0
-0
-0
-0
-0
0
0
0
0
0
0
0
0
0
0
0
0
0
0
0
0
0
0
0
0
0
0
0
0
0
0
0
0
0
0
0
0
0
0
0
0
0
0
0
0
0
0
0
0
0
0
0
0
0
0
0
-0
-0
-0
-0
-0
-0
-0
-0
-0
-0
-0
-0
-0
-0
-0
-0
-0
-0
-0
-0
-0
-0
-0
-0
-0
-0
-0
-0
-0
-0
-0
-0
-0
-0
-0
-0
-0
-0
-0
-0
-0
-0
-0
-0
-0
-0
-0
-0
-0
0
0
0
0
0
0
0
0
0
0
0
0
0
0
0
0
0
0
0
0
0
0
0
0
0
0
0
0
0
0
0
0
0
0
0
0
0
0
0
0
0
0
0
0
0
0
0
0
0
0
-0
-0
-0
-0
-0
-0
-0
-0
-0
-0
-0
-0
-0
-0
-0
-0
-0
-0
-0
-0
-0
-0
-0
-0
-0
-0
-0
-0
-0
-0
-0
-0
-0
-0
-0
-0
-0
-0
-0
-0
-0
-0
-0
-0
-0
-0
-0
-0
-0
-0
-0
0
0
0
0
0
0
0
0
0
0
0
0
0
0
0
0
0
0
0
0
0
0
0
0
0
0
0
0
0
0
0
0
0
0
0
0
0
0
0
0
0
0
0
0
0
0
0
0
0
0
-0
-0
-0
-0
-0
-0
-0
-0
-0
-0
-0
-0
-0
-0
-0
-0
-0
-0
-0
-0
-0
-0
-0
-0
-0
-0
-0
-0
-0
-0
-0
-0
-0
-0
-0
-0
-0
-0
-0
-0
-0
-0
-0
-0
-0
-0
-0
-0
-0
-0
0
0
0
0
0
0
0
0
0
0
0
0
0
0
0
0
0
0
0
0
0
0
0
0
0
0
0
0
0
0
0
0
0
0
0
0
0
0
0
0
0
0
0
0
0
0
0
0
0
0
-0
-0
-0
-0
-0
-0
-0
-0
-0
-0
-0
-0
-0
-0
-0
-0
-0
-0
-0
-0
-0
-0
-0
-0
-0
-0
-0
-0
-0
-0
-0
-0
-0
-0
-0
-0
-0
-0
-0
-0
-0
-0
-0
-0
-0
-0
-0
-0
-0
0
0
0
0
0
0
0
0
0
0
0
0
0
0
0
0
0
0
0
0
0
0
0
0
0
0
0
0
0
0
0
0
0
0
0
0
0
0
0
0
0
0
0
0
0
0
0
0
0
0
0
-0
-0
-0
-0
-0
-0
-0
-0
-0
-0
-0
-0
-0
-0
-0
-0
-0
-0
-0
-0
-0
-0
-0
-0
-0
-0
-0
-0
-0
-0
-0
-0
-0
-0
-0
-0
-0
-0
-0
-0
-0
-0
-0
-0
-0
-0
-0
-0
-0
0
0
0
0
0
0
0
0
0
0
0
0
0
0
0
0
0
0
0
0
0
0
0
0
0
0
0
0
0
0
0
0
0
0
0
0
0
0
0
0
0
0
0
0
0
0
0
0
0
0
-0
-0
-0
-0
-0
-0
-0
-0
-0
-0
-0
-0
-0
-0
-0
-0
-0
-0
-0
-0
-0
-0
-0
-0
-0
-0
-0
-0
-0
-0
-0
-0
-0
-0
-0
-0
-0
-0
-0
-0
-0
-0
-0
-0
-0
-0
-0
-0
-0
-0
0
0
0
0
0
0
0
0
0
0
0
0
0
0
0
0
0
0
0
0
0
0
0
0
0
0
0
0
0
0
0
0
0
0
0
0
0
0
0
0
0
0
0
0
0
0
0
0
0
0
0
-0
-0
-0
-0
-0
-0
-0
-0
-0
-0
-0
-0
-0
-0
-0
-0
-0
-0
-0
-0
-0
-0
-0
-0
-0
-0
-0
-0
-0
-0
-0
-0
-0
-0
-0
-0
-0
-0
-0
-0
-0
-0
-0
-0
-0
-0
-0
-0
-0
0
0
0
0
0
0
0
0
0
0
0
0
0
0
0
0
0
0
0
0
0
0
0
0
0
0
0
0
0
0
0
0
0
0
0
0
0
0
0
0
0
0
0
0
0
0
0
0
0
0
-0
-0
-0
-0
-0
-0
-0
-0
-0
-0
-0
-0
-0
-0
-0
-0
-0
-0
-0
-0
-0
-0
-0
-0
-0
-0
-0
-0
-0
-0
-0
-0
-0
-0
-0
-0
-0
-0
-0
-0
-0
-0
-0
-0
-0
-0
-0
-0
-0
-0
0
0
0
0
0
0
0
0
0
0
0
0
0
0
0
0
0
0
0
0
0
0
0
0
0
0
0
0
0
0
0
0
0
0
0
0
0
0
0
0
0
0
0
0
0
0
0
0
0
0
-0
-0
-0
-0
-0
-0
-0
-0
-0
-0
-0
-0
-0
-0
-0
-0
-0
-0
-0
-0
-0
-0
-0
-0
-0
-0
-0
-0
-0
-0
-0
-0
-0
-0
-0
-0
-0
-0
-0
-0
-0
-0
-0
-0
-0
-0
-0
-0
-0
-0
0
0
0
0
0
0
0
0
0
0
0
0
0
0
0
0
0
0
0
0
0
0
0
0
0
0
0
0
0
0
0
0
0
0
0
0
0
0
0
0
0
0
0
0
0
0
0
0
0
0
0
-0
-0
-0
-0
-0
-0
-0
-0
-0
-0
-0
-0
-0
-0
-0
-0
-0
-0
-0
-0
-0
-0
-0
-0
-0
-0
-0
-0
-0
-0
-0
-0
-0
-0
-0
-0
-0
-0
-0
-0
-0
-0
-0
-0
-0
-0
-0
-0
-0
-0
0
0
0
0
0
0
0
0
0
0
0
0
0
0
0
0
0
0
0
0
0
0
0
0
0
0
0
0
0
0
0
0
0
0
0
0
0
0
0
0
0
0
0
0
0
0
0
0
0
0
-0
-0
-0
-0
-0
-0
-0
-0
-0
-0
-0
-0
-0
-0
-0
-0
-0
-0
-0
-0
-0
-0
-0
-0
-0
-0
-0
-0
-0
-0
-0
-0
-0
-0
-0
-0
-0
-0
-0
-0
-0
-0
-0
-0
-0
-0
-0
-0
-0
-0
0
0
0
0
0
0
0
0
0
0
0
0
0
0
0
0
0
0
0
0
0
0
0
0
0
0
0
0
0
0
0
0
0
0
0
0
0
0
0
0
0
0
0
0
0
0
0
0
0
0
-0
-0
-0
-0
-0
-0
-0
-0
-0
-0
-0
-0
-0
-0
-0
-0
-0
-0
-0
-0
-0
-0
-0
-0
-0
-0
-0
-0
-0
-0
-0
-0
-0
-0
-0
-0
-0
-0
-0
-0
-0
-0
-0
-0
-0
-0
-0
-0
-0
-0
0
0
0
0
0
0
0
0
0
0
0
0
0
0
0
0
0
0
0
0
0
0
0
0
0
0
0
0
0
0
0
0
0
0
0
0
0
0
0
0
0
0
0
0
0
0
0
0
0
0
-0
-0
-0
-0
-0
-0
-0
-0
-0
-0
-0
-0
-0
-0
-0
-0
-0
-0
-0
-0
-0
-0
-0
-0
-0
-0
-0
-0
-0
-0
-0
-0
-0
-0
-0
-0
-0
-0
-0
-0
-0
-0
-0
-0
-0
-0
-0
-0
-0
-0
0
0
0
0
0
0
0
0
0
0
0
0
0
0
0
0
0
0
0
0
0
0
0
0
0
0
0
0
0
0
0
0
0
0
0
0
0
0
0
0
0
0
0
0
0
0
0
0
0
-0
-0
-0
-0
-0
-0
-0
-0
-0
-0
-0
-0
-0
-0
-0
-0
-0
-0
-0
-0
-0
-0
-0
-0
-0
-0
-0
-0
-0
-0
-0
-0
-0
-0
-0
-0
-0
-0
-0
-0
-0
-0
-0
-0
-0
-0
-0
-0
-0
-0
-0
0
0
0
0
0
0
0
0
0
0
0
0
0
0
0
0
0
0
0
0
0
0
0
0
0
0
0
0
0
0
0
0
0
0
0
0
0
0
0
0
0
0
0
0
0
0
0
0
0
0
-7.0639e-10
-2.82e-09
-6.3241e-09
-1.1191e-08
-1.7382e-08
-2.4848e-08
-3.353e-08
-4.3358e-08
-5.4252e-08
-6.6126e-08
-7.8881e-08
-9.2414e-08
-1.0661e-07
-1.2136e-07
-1.3652e-07
-1.5198e-07
-1.6759e-07
-1.8323e-07
-1.9874e-07
-2.1399e-07
-2.2883e-07
-2.4312e-07
-2.5671e-07
-2.6947e-07
-2.8125e-07
-2.9192e-07
-3.0135e-07
-3.0942e-07
-3.16e-07
-3.2098e-07
-3.2426e-07
-3.2574e-07
-3.2533e-07
-3.2296e-07
-3.1855e-07
-3.1206e-07
-3.0343e-07
-2.9264e-07
-2.7967e-07
-2.645e-07
-2.4715e-07
-2.2763e-07
-2.0597e-07
-1.8222e-07
-1.5644e-07
-1.287e-07
-9.9078e-08
-6.768e-08
-3.4613e-08
-8.8195e-21
3.6026e-08
7.332e-08
1.1173e-07
1.5108e-07
1.912e-07
2.3192e-07
2.7303e-07
3.1434e-07
3.5566e-07
3.9676e-07
4.3743e-07
4.7747e-07
5.1666e-07
5.5477e-07
5.9159e-07
6.2691e-07
6.6052e-07
6.9219e-07
7.2174e-07
7.4896e-07
7.7366e-07
7.9565e-07
8.1477e-07
8.3086e-07
8.4375e-07
8.5331e-07
8.5942e-07
8.6196e-07
8.6083e-07
8.5595e-07
8.4726e-07
8.347e-07
8.1825e-07
7.9789e-07
7.7362e-07
7.4547e-07
7.1348e-07
6.777e-07
6.3822e-07
5.9513e-07
5.4855e-07
4.9862e-07
4.4547e-07
3.8929e-07
3.3026e-07
2.6859e-07
2.0448e-07
1.3818e-07
6.9933e-08
-2.2071e-21
-7.1346e-08
-1.4382e-07
-2.1713e-07
-2.9097e-07
-3.6503e-07
-4.3899e-07
-5.1253e-07
-5.8533e-07
-6.5706e-07
-7.2738e-07
-7.9598e-07
-8.6253e-07
-9.267e-07
-9.8818e-07
-1.0467e-06
-1.1018e-06
-1.1534e-06
-1.2012e-06
-1.2447e-06
-1.2839e-06
-1.3185e-06
-1.3482e-06
-1.3728e-06
-1.3922e-06
-1.4063e-06
-1.4147e-06
-1.4175e-06
-1.4145e-06
-1.4057e-06
-1.3909e-06
-1.3703e-06
-1.3437e-06
-1.3112e-06
-1.2728e-06
-1.2287e-06
-1.1789e-06
-1.1235e-06
-1.0628e-06
-9.9677e-07
-9.2576e-07
-8.4996e-07
-7.696e-07
-6.8497e-07
-5.9636e-07
-5.0408e-07
-4.0847e-07
-3.0988e-07
-2.0868e-07
-1.0525e-07
-1.4882e-20
1.0667e-07
2.1432e-07
3.2253e-07
4.3086e-07
5.3885e-07
6.4606e-07
7.5203e-07
8.5632e-07
9.5846e-07
1.058e-06
1.1545e-06
1.2476e-06
1.3367e-06
1.4216e-06
1.5017e-06
1.5768e-06
1.6464e-06
1.7101e-06
1.7677e-06
1.8189e-06
1.8633e-06
1.9007e-06
1.9309e-06
1.9536e-06
1.9688e-06
1.9761e-06
1.9755e-06
1.967e-06
1.9505e-06
1.9259e-06
1.8933e-06
1.8526e-06
1.8041e-06
1.7478e-06
1.6838e-06
1.6123e-06
1.5336e-06
1.4478e-06
1.3553e-06
1.2564e-06
1.1514e-06
1.0406e-06
9.2447e-07
8.0343e-07
6.7791e-07
5.4836e-07
4.1528e-07
2.7918e-07
1.4057e-07
-1.985e-20
-1.4199e-07
-2.8482e-07
-4.2793e-07
-5.7074e-07
-7.1267e-07
-8.5313e-07
-9.9153e-07
-1.1273e-06
-1.2599e-06
-1.3886e-06
-1.5131e-06
-1.6326e-06
-1.7468e-06
-1.855e-06
-1.9568e-06
-2.0517e-06
-2.1393e-06
-2.2191e-06
-2.2907e-06
-2.3539e-06
-2.4081e-06
-2.4533e-06
-2.489e-06
-2.515e-06
-2.5313e-06
-2.5375e-06
-2.5336e-06
-2.5196e-06
-2.4953e-06
-2.4609e-06
-2.4163e-06
-2.3616e-06
-2.297e-06
-2.2227e-06
-2.1388e-06
-2.0457e-06
-1.9436e-06
-1.8329e-06
-1.7139e-06
-1.587e-06
-1.4528e-06
-1.3116e-06
-1.164e-06
-1.0105e-06
-8.5173e-07
-6.8825e-07
-5.2069e-07
-3.4968e-07
-1.7589e-07
-5.5074e-21
1.773e-07
3.5532e-07
5.3333e-07
7.1063e-07
8.8649e-07
1.0602e-06
1.231e-06
1.3983e-06
1.5613e-06
1.7193e-06
1.8716e-06
2.0177e-06
2.1568e-06
2.2884e-06
2.4119e-06
2.5267e-06
2.6322e-06
2.7281e-06
2.8137e-06
2.8888e-06
2.953e-06
3.0058e-06
3.047e-06
3.0764e-06
3.0938e-06
3.0989e-06
3.0917e-06
3.0721e-06
3.0401e-06
2.9958e-06
2.9393e-06
2.8706e-06
2.7899e-06
2.6976e-06
2.5939e-06
2.4791e-06
2.3537e-06
2.2179e-06
2.0724e-06
1.9176e-06
1.7542e-06
1.5826e-06
1.4035e-06
1.2176e-06
1.0256e-06
8.2814e-07
6.2609e-07
4.2018e-07
2.1121e-07
-5.293e-20
-2.1262e-07
-4.2582e-07
-6.3874e-07
-8.5052e-07
-1.0603e-06
-1.2673e-06
-1.4705e-06
-1.6693e-06
-1.8627e-06
-2.0499e-06
-2.2302e-06
-2.4028e-06
-2.5669e-06
-2.7218e-06
-2.867e-06
-3.0016e-06
-3.1251e-06
-3.237e-06
-3.3367e-06
-3.4238e-06
-3.4978e-06
-3.5583e-06
-3.6051e-06
-3.6378e-06
-3.6563e-06
-3.6603e-06
-3.6497e-06
-3.6246e-06
-3.585e-06
-3.5308e-06
-3.4623e-06
-3.3795e-06
-3.2829e-06
-3.1726e-06
-3.049e-06
-2.9125e-06
-2.7637e-06
-2.603e-06
-2.431e-06
-2.2483e-06
-2.0556e-06
-1.8535e-06
-1.643e-06
-1.4246e-06
-1.1994e-06
-9.6803e-07
-7.3149e-07
-4.9068e-07
-2.4653e-07
1.9303e-20
2.4794e-07
4.9632e-07
7.4414e-07
9.9041e-07
1.2341e-06
1.4743e-06
1.71e-06
1.9403e-06
2.1641e-06
2.3805e-06
2.5887e-06
2.7878e-06
2.9769e-06
3.1553e-06
3.322e-06
3.4765e-06
3.6181e-06
3.746e-06
3.8597e-06
3.9588e-06
4.0426e-06
4.1109e-06
4.1632e-06
4.1992e-06
4.2188e-06
4.2217e-06
4.2078e-06
4.1772e-06
4.1298e-06
4.0658e-06
3.9853e-06
3.8885e-06
3.7758e-06
3.6475e-06
3.5041e-06
3.346e-06
3.1737e-06
2.988e-06
2.7895e-06
2.5789e-06
2.357e-06
2.1245e-06
1.8825e-06
1.6317e-06
1.3732e-06
1.1079e-06
8.3689e-07
5.6118e-07
2.8185e-07
2.6452e-20
-2.8326e-07
-5.6682e-07
-8.4954e-07
-1.1303e-06
-1.408e-06
-1.6814e-06
-1.9495e-06
-2.2112e-06
-2.4655e-06
-2.7112e-06
-2.9473e-06
-3.1729e-06
-3.387e-06
-3.5887e-06
-3.7771e-06
-3.9515e-06
-4.111e-06
-4.2549e-06
-4.3827e-06
-4.4937e-06
-4.5875e-06
-4.6634e-06
-4.7212e-06
-4.7606e-06
-4.7813e-06
-4.783e-06
-4.7659e-06
-4.7297e-06
-4.6746e-06
-4.6007e-06
-4.5083e-06
-4.3975e-06
-4.2687e-06
-4.1224e-06
-3.9591e-06
-3.7794e-06
-3.5838e-06
-3.3731e-06
-3.1481e-06
-2.9095e-06
-2.6584e-06
-2.3955e-06
-2.122e-06
-1.8388e-06
-1.547e-06
-1.2478e-06
-9.4229e-07
-6.3168e-07
-3.1717e-07
5.9549e-20
3.1858e-07
6.3732e-07
9.5494e-07
1.2702e-06
1.5818e-06
1.8885e-06
2.189e-06
2.4822e-06
2.7669e-06
3.0418e-06
3.3058e-06
3.5579e-06
3.797e-06
4.0221e-06
4.2322e-06
4.4264e-06
4.6039e-06
4.7639e-06
4.9057e-06
5.0287e-06
5.1323e-06
5.2159e-06
5.2793e-06
5.322e-06
5.3438e-06
5.3444e-06
5.3239e-06
5.2822e-06
5.2195e-06
5.1357e-06
5.0313e-06
4.9064e-06
4.7616e-06
4.5974e-06
4.4142e-06
4.2128e-06
3.9938e-06
3.7582e-06
3.5066e-06
3.2402e-06
2.9598e-06
2.6665e-06
2.3615e-06
2.0459e-06
1.7208e-06
1.3877e-06
1.0477e-06
7.0218e-07
3.5249e-07
-5.5248e-21
-3.539e-07
-7.0782e-07
-1.0603e-06
-1.4101e-06
-1.7556e-06
-2.0955e-06
-2.4285e-06
-2.7532e-06
-3.0683e-06
-3.3724e-06
-3.6644e-06
-3.943e-06
-4.2071e-06
-4.4555e-06
-4.6872e-06
-4.9013e-06
-5.0968e-06
-5.2729e-06
-5.4287e-06
-5.5637e-06
-5.6771e-06
-5.7685e-06
-5.8374e-06
-5.8834e-06
-5.9062e-06
-5.9058e-06
-5.882e-06
-5.8348e-06
-5.7643e-06
-5.6707e-06
-5.5543e-06
-5.4154e-06
-5.2546e-06
-5.0723e-06
-4.8693e-06
-4.6462e-06
-4.4039e-06
-4.1432e-06
-3.8652e-06
-3.5708e-06
-3.2612e-06
-2.9375e-06
-2.601e-06
-2.2529e-06
-1.8947e-06
-1.5276e-06
-1.1531e-06
-7.7268e-07
-3.8781e-07
1.1523e-19
3.8922e-07
7.7832e-07
1.1657e-06
1.55e-06
1.9294e-06
2.3026e-06
2.668e-06
3.0242e-06
3.3697e-06
3.703e-06
4.0229e-06
4.328e-06
4.6171e-06
4.8889e-06
5.1423e-06
5.3763e-06
5.5897e-06
5.7818e-06
5.9517e-06
6.0986e-06
6.2219e-06
6.321e-06
6.3954e-06
6.4448e-06
6.4687e-06
6.4672e-06
6.4401e-06
6.3873e-06
6.3091e-06
6.2056e-06
6.0773e-06
5.9244e-06
5.7475e-06
5.5472e-06
5.3243e-06
5.0796e-06
4.8139e-06
4.5283e-06
4.2237e-06
3.9014e-06
3.5626e-06
3.2085e-06
2.8405e-06
2.46e-06
2.0685e-06
1.6675e-06
1.2585e-06
8.4318e-07
4.2313e-07
-5.2938e-20
-4.2454e-07
-8.4882e-07
-1.2711e-06
-1.6898e-06
-2.1032e-06
-2.5097e-06
-2.9075e-06
-3.2952e-06
-3.6711e-06
-4.0337e-06
-4.3815e-06
-4.7131e-06
-5.0271e-06
-5.3223e-06
-5.5974e-06
-5.8512e-06
-6.0827e-06
-6.2908e-06
-6.4747e-06
-6.6336e-06
-6.7668e-06
-6.8736e-06
-6.9535e-06
-7.0061e-06
-7.0313e-06
-7.0286e-06
-6.9981e-06
-6.9399e-06
-6.8539e-06
-6.7406e-06
-6.6003e-06
-6.4333e-06
-6.2404e-06
-6.0222e-06
-5.7794e-06
-5.513e-06
-5.224e-06
-4.9133e-06
-4.5823e-06
-4.2321e-06
-3.864e-06
-3.4795e-06
-3.08e-06
-2.6671e-06
-2.2423e-06
-1.8074e-06
-1.3639e-06
-9.1368e-07
-4.5845e-07
-2.1483e-20
4.5986e-07
9.1932e-07
1.3765e-06
1.8297e-06
2.2771e-06
2.7168e-06
3.147e-06
3.5662e-06
3.9725e-06
4.3643e-06
4.74e-06
5.0982e-06
5.4372e-06
5.7557e-06
6.0525e-06
6.3261e-06
6.5756e-06
6.7998e-06
6.9977e-06
7.1686e-06
7.3116e-06
7.4261e-06
7.5115e-06
7.5675e-06
7.5938e-06
7.59e-06
7.5562e-06
7.4924e-06
7.3988e-06
7.2756e-06
7.1233e-06
6.9423e-06
6.7333e-06
6.4971e-06
6.2345e-06
5.9464e-06
5.634e-06
5.2984e-06
4.9408e-06
4.5627e-06
4.1654e-06
3.7505e-06
3.3195e-06
2.8741e-06
2.4161e-06
1.9472e-06
1.4693e-06
9.8418e-07
4.9377e-07
-1.1579e-19
-4.9518e-07
-9.8982e-07
-1.482e-06
-1.9696e-06
-2.4509e-06
-2.9238e-06
-3.3865e-06
-3.8372e-06
-4.2739e-06
-4.6949e-06
-5.0986e-06
-5.4832e-06
-5.8472e-06
-6.1891e-06
-6.5075e-06
-6.8011e-06
-7.0685e-06
-7.3087e-06
-7.5207e-06
-7.7036e-06
-7.8564e-06
-7.9786e-06
-8.0696e-06
-8.1289e-06
-8.1563e-06
-8.1514e-06
-8.1143e-06
-8.0449e-06
-7.9436e-06
-7.8106e-06
-7.6462e-06
-7.4513e-06
-7.2262e-06
-6.972e-06
-6.6896e-06
-6.3798e-06
-6.0441e-06
-5.6835e-06
-5.2994e-06
-4.8933e-06
-4.4668e-06
-4.0214e-06
-3.559e-06
-3.0812e-06
-2.5899e-06
-2.0871e-06
-1.5747e-06
-1.0547e-06
-5.2909e-07
3.3097e-20
5.305e-07
1.0603e-06
1.5874e-06
2.1095e-06
2.6247e-06
3.1309e-06
3.626e-06
4.1082e-06
4.5753e-06
5.0256e-06
5.4571e-06
5.8683e-06
6.2573e-06
6.6226e-06
6.9626e-06
7.276e-06
7.5614e-06
7.8177e-06
8.0437e-06
8.2385e-06
8.4012e-06
8.5312e-06
8.6277e-06
8.6903e-06
8.7188e-06
8.7128e-06
8.6723e-06
8.5975e-06
8.4884e-06
8.3455e-06
8.1692e-06
7.9602e-06
7.7192e-06
7.447e-06
7.1446e-06
6.8133e-06
6.4541e-06
6.0685e-06
5.6579e-06
5.2239e-06
4.7682e-06
4.2924e-06
3.7985e-06
3.2883e-06
2.7638e-06
2.227e-06
1.6801e-06
1.1252e-06
5.6441e-07
-1.9407e-19
-5.6582e-07
-1.1308e-06
-1.6928e-06
-2.2494e-06
-2.7985e-06
-3.338e-06
-3.8655e-06
-4.3791e-06
-4.8767e-06
-5.3562e-06
-5.8157e-06
-6.2533e-06
-6.6673e-06
-7.056e-06
-7.4177e-06
-7.7509e-06
-8.0544e-06
-8.3267e-06
-8.5667e-06
-8.7735e-06
-8.9461e-06
-9.0837e-06
-9.1857e-06
-9.2517e-06
-9.2813e-06
-9.2742e-06
-9.2304e-06
-9.15e-06
-9.0332e-06
-8.8805e-06
-8.6922e-06
-8.4692e-06
-8.2121e-06
-7.9219e-06
-7.5997e-06
-7.2467e-06
-6.8642e-06
-6.4536e-06
-6.0165e-06
-5.5546e-06
-5.0696e-06
-4.5634e-06
-4.038e-06
-3.4953e-06
-2.9376e-06
-2.3669e-06
-1.7855e-06
-1.1957e-06
-5.9973e-07
1.0311e-19
6.0114e-07
1.2013e-06
1.7982e-06
2.3893e-06
2.9724e-06
3.545e-06
4.105e-06
4.6501e-06
5.1781e-06
5.6868e-06
6.1742e-06
6.6384e-06
7.0774e-06
7.4894e-06
7.8727e-06
8.2259e-06
8.5473e-06
8.8356e-06
9.0897e-06
9.3085e-06
9.4909e-06
9.6362e-06
9.7438e-06
9.8131e-06
9.8438e-06
9.8356e-06
9.7885e-06
9.7025e-06
9.5781e-06
9.4155e-06
9.2152e-06
8.9781e-06
8.705e-06
8.3968e-06
8.0548e-06
7.6801e-06
7.2742e-06
6.8386e-06
6.375e-06
5.8852e-06
5.371e-06
4.8344e-06
4.2775e-06
3.7024e-06
3.1114e-06
2.5068e-06
1.8909e-06
1.2662e-06
6.3505e-07
-2.5069e-23
-6.3646e-07
-1.2718e-06
-1.9036e-06
-2.5292e-06
-3.1462e-06
-3.7521e-06
-4.3445e-06
-4.9211e-06
-5.4795e-06
-6.0175e-06
-6.5328e-06
-7.0235e-06
-7.4874e-06
-7.9228e-06
-8.3278e-06
-8.7008e-06
-9.0402e-06
-9.3446e-06
-9.6127e-06
-9.8434e-06
-1.0036e-05
-1.0189e-05
-1.0302e-05
-1.0374e-05
-1.0406e-05
-1.0397e-05
-1.0347e-05
-1.0255e-05
-1.0123e-05
-9.9504e-06
-9.7382e-06
-9.4871e-06
-9.1979e-06
-8.8718e-06
-8.5098e-06
-8.1135e-06
-7.6842e-06
-7.2237e-06
-6.7336e-06
-6.2158e-06
-5.6724e-06
-5.1054e-06
-4.517e-06
-3.9095e-06
-3.2852e-06
-2.6467e-06
-1.9963e-06
-1.3367e-06
-6.7037e-07
1.8857e-19
6.7178e-07
1.3423e-06
2.009e-06
2.6691e-06
3.32e-06
3.9592e-06
4.584e-06
5.1921e-06
5.7809e-06
6.3481e-06
6.8914e-06
7.4085e-06
7.8975e-06
8.3562e-06
8.7829e-06
9.1757e-06
9.5331e-06
9.8536e-06
1.0136e-05
1.0378e-05
1.0581e-05
1.0741e-05
1.086e-05
1.0936e-05
1.0969e-05
1.0958e-05
1.0905e-05
1.0808e-05
1.0668e-05
1.0485e-05
1.0261e-05
9.9961e-06
9.6909e-06
9.3467e-06
8.9649e-06
8.5469e-06
8.0943e-06
7.6087e-06
7.0921e-06
6.5465e-06
5.9738e-06
5.3764e-06
4.7565e-06
4.1166e-06
3.4591e-06
2.7866e-06
2.1017e-06
1.4072e-06
7.0569e-07
2.4254e-19
-7.0639e-07
-1.41e-06
-2.108e-06
-2.7978e-06
-3.4764e-06
-4.1414e-06
-4.79e-06
-5.4197e-06
-6.0281e-06
-6.6126e-06
-7.171e-06
-7.7012e-06
-8.2009e-06
-8.6683e-06
-9.1014e-06
-9.4987e-06
-9.8585e-06
-1.0179e-05
-1.046e-05
-1.0699e-05
-1.0897e-05
-1.1051e-05
-1.1161e-05
-1.1228e-05
-1.125e-05
-1.1228e-05
-1.1161e-05
-1.1051e-05
-1.0897e-05
-1.0699e-05
-1.046e-05
-1.0179e-05
-9.8585e-06
-9.4987e-06
-9.1014e-06
-8.6683e-06
-8.2009e-06
-7.7012e-06
-7.171e-06
-6.6126e-06
-6.0281e-06
-5.4197e-06
-4.79e-06
-4.1414e-06
-3.4764e-06
-2.7978e-06
-2.108e-06
-1.41e-06
-7.0639e-07
-4.4073e-20
7.0639e-07
1.41e-06
2.108e-06
2.7978e-06
3.4764e-06
4.1414e-06
4.79e-06
5.4197e-06
6.0281e-06
6.6126e-06
7.171e-06
7.7012e-06
8.2009e-06
8.6683e-06
9.1014e-06
9.4987e-06
9.8585e-06
1.0179e-05
1.046e-05
1.0699e-05
1.0897e-05
1.1051e-05
1.1161e-05
1.1228e-05
1.125e-05
1.1228e-05
1.1161e-05
1.1051e-05
1.0897e-05
1.0699e-05
1.046e-05
1.0179e-05
9.8585e-06
9.4987e-06
9.1014e-06
8.6683e-06
8.2009e-06
7.7012e-06
7.171e-06
6.6126e-06
6.0281e-06
5.4197e-06
4.79e-06
4.1414e-06
3.4764e-06
2.7978e-06
2.108e-06
1.41e-06
7.0639e-07
1.6536e-19
-7.0639e-07
-1.41e-06
-2.108e-06
-2.7978e-06
-3.4764e-06
-4.1414e-06
-4.79e-06
-5.4197e-06
-6.0281e-06
-6.6126e-06
-7.171e-06
-7.7012e-06
-8.2009e-06
-8.6683e-06
-9.1014e-06
-9.4987e-06
-9.8585e-06
-1.0179e-05
-1.046e-05
-1.0699e-05
-1.0897e-05
-1.1051e-05
-1.1161e-05
-1.1228e-05
-1.125e-05
-1.1228e-05
-1.1161e-05
-1.1051e-05
-1.0897e-05
-1.0699e-05
-1.046e-05
-1.0179e-05
-9.8585e-06
-9.4987e-06
-9.1014e-06
-8.6683e-06
-8.2009e-06
-7.7012e-06
-7.171e-06
-6.6126e-06
-6.0281e-06
-5.4197e-06
-4.79e-06
-4.1414e-06
-3.4764e-06
-2.7978e-06
-2.108e-06
-1.41e-06
-7.0639e-07
-2.8664e-19
7.0639e-07
1.41e-06
2.108e-06
2.7978e-06
3.4764e-06
4.1414e-06
4.79e-06
5.4197e-06
6.0281e-06
6.6126e-06
7.171e-06
7.7012e-06
8.2009e-06
8.6683e-06
9.1014e-06
9.4987e-06
9.8585e-06
1.0179e-05
1.046e-05
1.0699e-05
1.0897e-05
1.1051e-05
1.1161e-05
1.1228e-05
1.125e-05
1.1228e-05
1.1161e-05
1.1051e-05
1.0897e-05
1.0699e-05
1.046e-05
1.0179e-05
9.8585e-06
9.4987e-06
9.1014e-06
8.6683e-06
8.2009e-06
7.7012e-06
7.171e-06
6.6126e-06
6.0281e-06
5.4197e-06
4.79e-06
4.1414e-06
3.4764e-06
2.7978e-06
2.108e-06
1.41e-06
7.0639e-07
8.8175e-20
-7.0639e-07
-1.41e-06
-2.108e-06
-2.7978e-06
-3.4764e-06
-4.1414e-06
-4.79e-06
-5.4197e-06
-6.0281e-06
-6.6126e-06
-7.171e-06
-7.7012e-06
-8.2009e-06
-8.6683e-06
-9.1014e-06
-9.4987e-06
-9.8585e-06
-1.0179e-05
-1.046e-05
-1.0699e-05
-1.0897e-05
-1.1051e-05
-1.1161e-05
-1.1228e-05
-1.125e-05
-1.1228e-05
-1.1161e-05
-1.1051e-05
-1.0897e-05
-1.0699e-05
-1.046e-05
-1.0179e-05
-9.8585e-06
-9.4987e-06
-9.1014e-06
-8.6683e-06
-8.2009e-06
-7.7012e-06
-7.171e-06
-6.6126e-06
-6.0281e-06
-5.4197e-06
-4.79e-06
-4.1414e-06
-3.4764e-06
-2.7978e-06
-2.108e-06
-1.41e-06
-7.0639e-07
-2.0946e-19
7.0639e-07
1.41e-06
2.108e-06
2.7978e-06
3.4764e-06
4.1414e-06
4.79e-06
5.4197e-06
6.0281e-06
6.6126e-06
7.171e-06
7.7012e-06
8.2009e-06
8.6683e-06
9.1014e-06
9.4987e-06
9.8585e-06
1.0179e-05
1.046e-05
1.0699e-05
1.0897e-05
1.1051e-05
1.1161e-05
1.1228e-05
1.125e-05
1.1228e-05
1.1161e-05
1.1051e-05
1.0897e-05
1.0699e-05
1.046e-05
1.0179e-05
9.8585e-06
9.4987e-06
9.1014e-06
8.6683e-06
8.2009e-06
7.7012e-06
7.171e-06
6.6126e-06
6.0281e-06
5.4197e-06
4.79e-06
4.1414e-06
3.4764e-06
2.7978e-06
2.108e-06
1.41e-06
7.0639e-07
1.0994e-20
-7.0639e-07
-1.41e-06
-2.108e-06
-2.7978e-06
-3.4764e-06
-4.1414e-06
-4.79e-06
-5.4197e-06
-6.0281e-06
-6.6126e-06
-7.171e-06
-7.7012e-06
-8.2009e-06
-8.6683e-06
-9.1014e-06
-9.4987e-06
-9.8585e-06
-1.0179e-05
-1.046e-05
-1.0699e-05
-1.0897e-05
-1.1051e-05
-1.1161e-05
-1.1228e-05
-1.125e-05
-1.1228e-05
-1.1161e-05
-1.1051e-05
-1.0897e-05
-1.0699e-05
-1.046e-05
-1.0179e-05
-9.8585e-06
-9.4987e-06
-9.1014e-06
-8.6683e-06
-8.2009e-06
-7.7012e-06
-7.171e-06
-6.6126e-06
-6.0281e-06
-5.4197e-06
-4.79e-06
-4.1414e-06
-3.4764e-06
-2.7978e-06
-2.108e-06
-1.41e-06
-7.0639e-07
-1.3228e-19
7.0639e-07
1.41e-06
2.108e-06
2.7978e-06
3.4764e-06
4.1414e-06
4.79e-06
5.4197e-06
6.0281e-06
6.6126e-06
7.171e-06
7.7012e-06
8.2009e-06
8.6683e-06
9.1014e-06
9.4987e-06
9.8585e-06
1.0179e-05
1.046e-05
1.0699e-05
1.0897e-05
1.1051e-05
1.1161e-05
1.1228e-05
1.125e-05
1.1228e-05
1.1161e-05
1.1051e-05
1.0897e-05
1.0699e-05
1.046e-05
1.0179e-05
9.8585e-06
9.4987e-06
9.1014e-06
8.6683e-06
8.2009e-06
7.7012e-06
7.171e-06
6.6126e-06
6.0281e-06
5.4197e-06
4.79e-06
4.1414e-06
3.4764e-06
2.7978e-06
2.108e-06
1.41e-06
7.0639e-07
2.5356e-19
-7.0639e-07
-1.41e-06
-2.108e-06
-2.7978e-06
-3.4764e-06
-4.1414e-06
-4.79e-06
-5.4197e-06
-6.0281e-06
-6.6126e-06
-7.171e-06
-7.7012e-06
-8.2009e-06
-8.6683e-06
-9.1014e-06
-9.4987e-06
-9.8585e-06
-1.0179e-05
-1.046e-05
-1.0699e-05
-1.0897e-05
-1.1051e-05
-1.1161e-05
-1.1228e-05
-1.125e-05
-1.1228e-05
-1.1161e-05
-1.1051e-05
-1.0897e-05
-1.0699e-05
-1.046e-05
-1.0179e-05
-9.8585e-06
-9.4987e-06
-9.1014e-06
-8.6683e-06
-8.2009e-06
-7.7012e-06
-7.171e-06
-6.6126e-06
-6.0281e-06
-5.4197e-06
-4.79e-06
-4.1414e-06
-3.4764e-06
-2.7978e-06
-2.108e-06
-1.41e-06
-7.0639e-07
-5.5095e-20
7.0639e-07
1.41e-06
2.108e-06
2.7978e-06
3.4764e-06
4.1414e-06
4.79e-06
5.4197e-06
6.0281e-06
6.6126e-06
7.171e-06
7.7012e-06
8.2009e-06
8.6683e-06
9.1014e-06
9.4987e-06
9.8585e-06
1.0179e-05
1.046e-05
1.0699e-05
1.0897e-05
1.1051e-05
1.1161e-05
1.1228e-05
1.125e-05
1.1228e-05
1.1161e-05
1.1051e-05
1.0897e-05
1.0699e-05
1.046e-05
1.0179e-05
9.8585e-06
9.4987e-06
9.1014e-06
8.6683e-06
8.2009e-06
7.7012e-06
7.171e-06
6.6126e-06
6.0281e-06
5.4197e-06
4.79e-06
4.1414e-06
3.4764e-06
2.7978e-06
2.108e-06
1.41e-06
7.0639e-07
1.7638e-19
-7.0639e-07
-1.41e-06
-2.108e-06
-2.7978e-06
-3.4764e-06
-4.1414e-06
-4.79e-06
-5.4197e-06
-6.0281e-06
-6.6126e-06
-7.171e-06
-7.7012e-06
-8.2009e-06
-8.6683e-06
-9.1014e-06
-9.4987e-06
-9.8585e-06
-1.0179e-05
-1.046e-05
-1.0699e-05
-1.0897e-05
-1.1051e-05
-1.1161e-05
-1.1228e-05
-1.125e-05
-1.1228e-05
-1.1161e-05
-1.1051e-05
-1.0897e-05
-1.0699e-05
-1.046e-05
-1.0179e-05
-9.8585e-06
-9.4987e-06
-9.1014e-06
-8.6683e-06
-8.2009e-06
-7.7012e-06
-7.171e-06
-6.6126e-06
-6.0281e-06
-5.4197e-06
-4.79e-06
-4.1414e-06
-3.4764e-06
-2.7978e-06
-2.108e-06
-1.41e-06
-7.0639e-07
2.2085e-20
7.0639e-07
1.41e-06
2.108e-06
2.7978e-06
3.4764e-06
4.1414e-06
4.79e-06
5.4197e-06
6.0281e-06
6.6126e-06
7.171e-06
7.7012e-06
8.2009e-06
8.6683e-06
9.1014e-06
9.4987e-06
9.8585e-06
1.0179e-05
1.046e-05
1.0699e-05
1.0897e-05
1.1051e-05
1.1161e-05
1.1228e-05
1.125e-05
1.1228e-05
1.1161e-05
1.1051e-05
1.0897e-05
1.0699e-05
1.046e-05
1.0179e-05
9.8585e-06
9.4987e-06
9.1014e-06
8.6683e-06
8.2009e-06
7.7012e-06
7.171e-06
6.6126e-06
6.0281e-06
5.4197e-06
4.79e-06
4.1414e-06
3.4764e-06
2.7978e-06
2.108e-06
1.41e-06
7.0639e-07
9.9196e-20
-7.0639e-07
-1.41e-06
-2.108e-06
-2.7978e-06
-3.4764e-06
-4.1414e-06
-4.79e-06
-5.4197e-06
-6.0281e-06
-6.6126e-06
-7.171e-06
-7.7012e-06
-8.2009e-06
-8.6683e-06
-9.1014e-06
-9.4987e-06
-9.8585e-06
-1.0179e-05
-1.046e-05
-1.0699e-05
-1.0897e-05
-1.1051e-05
-1.1161e-05
-1.1228e-05
-1.125e-05
-1.1228e-05
-1.1161e-05
-1.1051e-05
-1.0897e-05
-1.0699e-05
-1.046e-05
-1.0179e-05
-9.8585e-06
-9.4987e-06
-9.1014e-06
-8.6683e-06
-8.2009e-06
-7.7012e-06
-7.171e-06
-6.6126e-06
-6.0281e-06
-5.4197e-06
-4.79e-06
-4.1414e-06
-3.4764e-06
-2.7978e-06
-2.108e-06
-1.41e-06
-7.0639e-07
-2.2048e-19
7.0639e-07
1.41e-06
2.108e-06
2.7978e-06
3.4764e-06
4.1414e-06
4.79e-06
5.4197e-06
6.0281e-06
6.6126e-06
7.171e-06
7.7012e-06
8.2009e-06
8.6683e-06
9.1014e-06
9.4987e-06
9.8585e-06
1.0179e-05
1.046e-05
1.0699e-05
1.0897e-05
1.1051e-05
1.1161e-05
1.1228e-05
1.125e-05
1.1228e-05
1.1161e-05
1.1051e-05
1.0897e-05
1.0699e-05
1.046e-05
1.0179e-05
9.8585e-06
9.4987e-06
9.1014e-06
8.6683e-06
8.2009e-06
7.7012e-06
7.171e-06
6.6126e-06
6.0281e-06
5.4197e-06
4.79e-06
4.1414e-06
3.4764e-06
2.7978e-06
2.108e-06
1.41e-06
7.0639e-07
2.2016e-20
-7.0639e-07
-1.41e-06
-2.108e-06
-2.7978e-06
-3.4764e-06
-4.1414e-06
-4.79e-06
-5.4197e-06
-6.0281e-06
-6.6126e-06
-7.171e-06
-7.7012e-06
-8.2009e-06
-8.6683e-06
-9.1014e-06
-9.4987e-06
-9.8585e-06
-1.0179e-05
-1.046e-05
-1.0699e-05
-1.0897e-05
-1.1051e-05
-1.1161e-05
-1.1228e-05
-1.125e-05
-1.1228e-05
-1.1161e-05
-1.1051e-05
-1.0897e-05
-1.0699e-05
-1.046e-05
-1.0179e-05
-9.8585e-06
-9.4987e-06
-9.1014e-06
-8.6683e-06
-8.2009e-06
-7.7012e-06
-7.171e-06
-6.6126e-06
-6.0281e-06
-5.4197e-06
-4.79e-06
-4.1414e-06
-3.4764e-06
-2.7978e-06
-2.108e-06
-1.41e-06
-7.0639e-07
-1.433e-19
7.0639e-07
1.41e-06
2.108e-06
2.7978e-06
3.4764e-06
4.1414e-06
4.79e-06
5.4197e-06
6.0281e-06
6.6126e-06
7.171e-06
7.7012e-06
8.2009e-06
8.6683e-06
9.1014e-06
9.4987e-06
9.8585e-06
1.0179e-05
1.046e-05
1.0699e-05
1.0897e-05
1.1051e-05
1.1161e-05
1.1228e-05
1.125e-05
1.1228e-05
1.1161e-05
1.1051e-05
1.0897e-05
1.0699e-05
1.046e-05
1.0179e-05
9.8585e-06
9.4987e-06
9.1014e-06
8.6683e-06
8.2009e-06
7.7012e-06
7.171e-06
6.6126e-06
6.0281e-06
5.4197e-06
4.79e-06
4.1414e-06
3.4764e-06
2.7978e-06
2.108e-06
1.41e-06
7.0639e-07
-5.5165e-20
-7.0639e-07
-1.41e-06
-2.108e-06
-2.7978e-06
-3.4764e-06
-4.1414e-06
-4.79e-06
-5.4197e-06
-6.0281e-06
-6.6126e-06
-7.171e-06
-7.7012e-06
-8.2009e-06
-8.6683e-06
-9.1014e-06
-9.4987e-06
-9.8585e-06
-1.0179e-05
-1.046e-05
-1.0699e-05
-1.0897e-05
-1.1051e-05
-1.1161e-05
-1.1228e-05
-1.125e-05
-1.1228e-05
-1.1161e-05
-1.1051e-05
-1.0897e-05
-1.0699e-05
-1.046e-05
-1.0179e-05
-9.8585e-06
-9.4987e-06
-9.1014e-06
-8.6683e-06
-8.2009e-06
-7.7012e-06
-7.171e-06
-6.6126e-06
-6.0281e-06
-5.4197e-06
-4.79e-06
-4.1414e-06
-3.4764e-06
-2.7978e-06
-2.108e-06
-1.41e-06
-7.0639e-07
-6.6117e-20
7.0639e-07
1.41e-06
2.108e-06
2.7978e-06
3.4764e-06
4.1414e-06
4.79e-06
5.4197e-06
6.0281e-06
6.6126e-06
7.171e-06
7.7012e-06
8.2009e-06
8.6683e-06
9.1014e-06
9.4987e-06
9.8585e-06
1.0179e-05
1.046e-05
1.0699e-05
1.0897e-05
1.1051e-05
1.1161e-05
1.1228e-05
1.125e-05
1.1228e-05
1.1161e-05
1.1051e-05
1.0897e-05
1.0699e-05
1.046e-05
1.0179e-05
9.8585e-06
9.4987e-06
9.1014e-06
8.6683e-06
8.2009e-06
7.7012e-06
7.171e-06
6.6126e-06
6.0281e-06
5.4197e-06
4.79e-06
4.1414e-06
3.4764e-06
2.7978e-06
2.108e-06
1.41e-06
7.0639e-07
1.874e-19
-7.0639e-07
-1.41e-06
-2.108e-06
-2.7978e-06
-3.4764e-06
-4.1414e-06
-4.79e-06
-5.4197e-06
-6.0281e-06
-6.6126e-06
-7.171e-06
-7.7012e-06
-8.2009e-06
-8.6683e-06
-9.1014e-06
-9.4987e-06
-9.8585e-06
-1.0179e-05
-1.046e-05
-1.0699e-05
-1.0897e-05
-1.1051e-05
-1.1161e-05
-1.1228e-05
-1.125e-05
-1.1228e-05
-1.1161e-05
-1.1051e-05
-1.0897e-05
-1.0699e-05
-1.046e-05
-1.0179e-05
-9.8585e-06
-9.4987e-06
-9.1014e-06
-8.6683e-06
-8.2009e-06
-7.7012e-06
-7.171e-06
-6.6126e-06
-6.0281e-06
-5.4197e-06
-4.79e-06
-4.1414e-06
-3.4764e-06
-2.7978e-06
-2.108e-06
-1.41e-06
-7.0639e-07
1.1064e-20
7.0639e-07
1.41e-06
2.108e-06
2.7978e-06
3.4764e-06
4.1414e-06
4.79e-06
5.4197e-06
6.0281e-06
6.6126e-06
7.171e-06
7.7012e-06
8.2009e-06
8.6683e-06
9.1014e-06
9.4987e-06
9.8585e-06
1.0179e-05
1.046e-05
1.0699e-05
1.0897e-05
1.1051e-05
1.1161e-05
1.1228e-05
1.125e-05
1.1228e-05
1.1161e-05
1.1051e-05
1.0897e-05
1.0699e-05
1.046e-05
1.0179e-05
9.8585e-06
9.4987e-06
9.1014e-06
8.6683e-06
8.2009e-06
7.7012e-06
7.171e-06
6.6126e-06
6.0281e-06
5.4197e-06
4.79e-06
4.1414e-06
3.4764e-06
2.7978e-06
2.108e-06
1.41e-06
7.0639e-07
1.1022e-19
-7.0639e-07
-1.41e-06
-2.108e-06
-2.7978e-06
-3.4764e-06
-4.1414e-06
-4.79e-06
-5.4197e-06
-6.0281e-06
-6.6126e-06
-7.171e-06
-7.7012e-06
-8.2009e-06
-8.6683e-06
-9.1014e-06
-9.4987e-06
-9.8585e-06
-1.0179e-05
-1.046e-05
-1.0699e-05
-1.0897e-05
-1.1051e-05
-1.1161e-05
-1.1228e-05
-1.125e-05
-1.1228e-05
-1.1161e-05
-1.1051e-05
-1.0897e-05
-1.0699e-05
-1.046e-05
-1.0179e-05
-9.8585e-06
-9.4987e-06
-9.1014e-06
-8.6683e-06
-8.2009e-06
-7.7012e-06
-7.171e-06
-6.6126e-06
-6.0281e-06
-5.4197e-06
-4.79e-06
-4.1414e-06
-3.4764e-06
-2.7978e-06
-2.108e-06
-1.41e-06
-7.0639e-07
-2.315e-19
7.0639e-07
1.41e-06
2.108e-06
2.7978e-06
3.4764e-06
4.1414e-06
4.79e-06
5.4197e-06
6.0281e-06
6.6126e-06
7.171e-06
7.7012e-06
8.2009e-06
8.6683e-06
9.1014e-06
9.4987e-06
9.8585e-06
1.0179e-05
1.046e-05
1.0699e-05
1.0897e-05
1.1051e-05
1.1161e-05
1.1228e-05
1.125e-05
1.1228e-05
1.1161e-05
1.1051e-05
1.0897e-05
1.0699e-05
1.046e-05
1.0179e-05
9.8585e-06
9.4987e-06
9.1014e-06
8.6683e-06
8.2009e-06
7.7012e-06
7.171e-06
6.6126e-06
6.0281e-06
5.4197e-06
4.79e-06
4.1414e-06
3.4764e-06
2.7978e-06
2.108e-06
1.41e-06
7.0639e-07
3.5278e-19
-7.0639e-07
-1.41e-06
-2.108e-06
-2.7978e-06
-3.4764e-06
-4.1414e-06
-4.79e-06
-5.4197e-06
-6.0281e-06
-6.6126e-06
-7.171e-06
-7.7012e-06
-8.2009e-06
-8.6683e-06
-9.1014e-06
-9.4987e-06
-9.8585e-06
-1.0179e-05
-1.046e-05
-1.0699e-05
-1.0897e-05
-1.1051e-05
-1.1161e-05
-1.1228e-05
-1.125e-05
-1.1228e-05
-1.1161e-05
-1.1051e-05
-1.0897e-05
-1.0699e-05
-1.046e-05
-1.0179e-05
-9.8585e-06
-9.4987e-06
-9.1014e-06
-8.6683e-06
-8.2009e-06
-7.7012e-06
-7.171e-06
-6.6126e-06
-6.0281e-06
-5.4197e-06
-4.79e-06
-4.1414e-06
-3.4764e-06
-2.7978e-06
-2.108e-06
-1.41e-06
-7.0639e-07
1.6542e-19
7.0639e-07
1.41e-06
2.108e-06
2.7978e-06
3.4764e-06
4.1414e-06
4.79e-06
5.4197e-06
6.0281e-06
6.6126e-06
7.171e-06
7.7012e-06
8.2009e-06
8.6683e-06
9.1014e-06
9.4987e-06
9.8585e-06
1.0179e-05
1.046e-05
1.0699e-05
1.0897e-05
1.1051e-05
1.1161e-05
1.1228e-05
1.125e-05
1.1228e-05
1.1161e-05
1.1051e-05
1.0897e-05
1.0699e-05
1.046e-05
1.0179e-05
9.8585e-06
9.4987e-06
9.1014e-06
8.6683e-06
8.2009e-06
7.7012e-06
7.171e-06
6.6126e-06
6.0281e-06
5.4197e-06
4.79e-06
4.1414e-06
3.4764e-06
2.7978e-06
2.108e-06
1.41e-06
7.0639e-07
-4.4143e-20
-7.0639e-07
-1.41e-06
-2.108e-06
-2.7978e-06
-3.4764e-06
-4.1414e-06
-4.79e-06
-5.4197e-06
-6.0281e-06
-6.6126e-06
-7.171e-06
-7.7012e-06
-8.2009e-06
-8.6683e-06
-9.1014e-06
-9.4987e-06
-9.8585e-06
-1.0179e-05
-1.046e-05
-1.0699e-05
-1.0897e-05
-1.1051e-05
-1.1161e-05
-1.1228e-05
-1.125e-05
-1.1228e-05
-1.1161e-05
-1.1051e-05
-1.0897e-05
-1.0699e-05
-1.046e-05
-1.0179e-05
-9.8585e-06
-9.4987e-06
-9.1014e-06
-8.6683e-06
-8.2009e-06
-7.7012e-06
-7.171e-06
-6.6126e-06
-6.0281e-06
-5.4197e-06
-4.79e-06
-4.1414e-06
-3.4764e-06
-2.7978e-06
-2.108e-06
-1.41e-06
-7.0639e-07
-7.7139e-20
7.0639e-07
1.41e-06
2.108e-06
2.7978e-06
3.4764e-06
4.1414e-06
4.79e-06
5.4197e-06
6.0281e-06
6.6126e-06
7.171e-06
7.7012e-06
8.2009e-06
8.6683e-06
9.1014e-06
9.4987e-06
9.8585e-06
1.0179e-05
1.046e-05
1.0699e-05
1.0897e-05
1.1051e-05
1.1161e-05
1.1228e-05
1.125e-05
1.1228e-05
1.1161e-05
1.1051e-05
1.0897e-05
1.0699e-05
1.046e-05
1.0179e-05
9.8585e-06
9.4987e-06
9.1014e-06
8.6683e-06
8.2009e-06
7.7012e-06
7.171e-06
6.6126e-06
6.0281e-06
5.4197e-06
4.79e-06
4.1414e-06
3.4764e-06
2.7978e-06
2.108e-06
1.41e-06
7.0639e-07
1.9842e-19
-7.0639e-07
-1.41e-06
-2.108e-06
-2.7978e-06
-3.4764e-06
-4.1414e-06
-4.79e-06
-5.4197e-06
-6.0281e-06
-6.6126e-06
-7.171e-06
-7.7012e-06
-8.2009e-06
-8.6683e-06
-9.1014e-06
-9.4987e-06
-9.8585e-06
-1.0179e-05
-1.046e-05
-1.0699e-05
-1.0897e-05
-1.1051e-05
-1.1161e-05
-1.1228e-05
-1.125e-05
-1.1228e-05
-1.1161e-05
-1.1051e-05
-1.0897e-05
-1.0699e-05
-1.046e-05
-1.0179e-05
-9.8585e-06
-9.4987e-06
-9.1014e-06
-8.6683e-06
-8.2009e-06
-7.7012e-06
-7.171e-06
-6.6126e-06
-6.0281e-06
-5.4197e-06
-4.79e-06
-4.1414e-06
-3.4764e-06
-2.7978e-06
-2.108e-06
-1.41e-06
-7.0639e-07
3.1979e-19
7.0639e-07
1.41e-06
2.108e-06
2.7978e-06
3.4764e-06
4.1414e-06
4.79e-06
5.4197e-06
6.0281e-06
6.6126e-06
7.171e-06
7.7012e-06
8.2009e-06
8.6683e-06
9.1014e-06
9.4987e-06
9.8585e-06
1.0179e-05
1.046e-05
1.0699e-05
1.0897e-05
1.1051e-05
1.1161e-05
1.1228e-05
1.125e-05
1.1228e-05
1.1161e-05
1.1051e-05
1.0897e-05
1.0699e-05
1.046e-05
1.0179e-05
9.8585e-06
9.4987e-06
9.1014e-06
8.6683e-06
8.2009e-06
7.7012e-06
7.171e-06
6.6126e-06
6.0281e-06
5.4197e-06
4.79e-06
4.1414e-06
3.4764e-06
2.7978e-06
2.108e-06
1.41e-06
7.0639e-07
-1.985e-19
-7.0639e-07
-1.41e-06
-2.108e-06
-2.7978e-06
-3.4764e-06
-4.1414e-06
-4.79e-06
-5.4197e-06
-6.0281e-06
-6.6126e-06
-7.171e-06
-7.7012e-06
-8.2009e-06
-8.6683e-06
-9.1014e-06
-9.4987e-06
-9.8585e-06
-1.0179e-05
-1.046e-05
-1.0699e-05
-1.0897e-05
-1.1051e-05
-1.1161e-05
-1.1228e-05
-1.125e-05
-1.1228e-05
-1.1161e-05
-1.1051e-05
-1.0897e-05
-1.0699e-05
-1.046e-05
-1.0179e-05
-9.8585e-06
-9.4987e-06
-9.1014e-06
-8.6683e-06
-8.2009e-06
-7.7012e-06
-7.171e-06
-6.6126e-06
-6.0281e-06
-5.4197e-06
-4.79e-06
-4.1414e-06
-3.4764e-06
-2.7978e-06
-2.108e-06
-1.41e-06
-7.0639e-07
7.7222e-20
7.0639e-07
1.41e-06
2.108e-06
2.7978e-06
3.4764e-06
4.1414e-06
4.79e-06
5.4197e-06
6.0281e-06
6.6126e-06
7.171e-06
7.7012e-06
8.2009e-06
8.6683e-06
9.1014e-06
9.4987e-06
9.8585e-06
1.0179e-05
1.046e-05
1.0699e-05
1.0897e-05
1.1051e-05
1.1161e-05
1.1228e-05
1.125e-05
1.1228e-05
1.1161e-05
1.1051e-05
1.0897e-05
1.0699e-05
1.046e-05
1.0179e-05
9.8585e-06
9.4987e-06
9.1014e-06
8.6683e-06
8.2009e-06
7.7012e-06
7.171e-06
6.6126e-06
6.0281e-06
5.4197e-06
4.79e-06
4.1414e-06
3.4764e-06
2.7978e-06
2.108e-06
1.41e-06
7.0639e-07
4.4059e-20
-7.0639e-07
-1.41e-06
-2.108e-06
-2.7978e-06
-3.4764e-06
-4.1414e-06
-4.79e-06
-5.4197e-06
-6.0281e-06
-6.6126e-06
-7.171e-06
-7.7012e-06
-8.2009e-06
-8.6683e-06
-9.1014e-06
-9.4987e-06
-9.8585e-06
-1.0179e-05
-1.046e-05
-1.0699e-05
-1.0897e-05
-1.1051e-05
-1.1161e-05
-1.1228e-05
-1.125e-05
-1.1228e-05
-1.1161e-05
-1.1051e-05
-1.0897e-05
-1.0699e-05
-1.046e-05
-1.0179e-05
-9.8585e-06
-9.4987e-06
-9.1014e-06
-8.6683e-06
-8.2009e-06
-7.7012e-06
-7.171e-06
-6.6126e-06
-6.0281e-06
-5.4197e-06
-4.79e-06
-4.1414e-06
-3.4764e-06
-2.7978e-06
-2.108e-06
-1.41e-06
-7.0639e-07
-1.6534e-19
7.0639e-07
1.41e-06
2.108e-06
2.7978e-06
3.4764e-06
4.1414e-06
4.79e-06
5.4197e-06
6.0281e-06
6.6126e-06
7.171e-06
7.7012e-06
8.2009e-06
8.6683e-06
9.1014e-06
9.4987e-06
9.8585e-06
1.0179e-05
1.046e-05
1.0699e-05
1.0897e-05
1.1051e-05
1.1161e-05
1.1228e-05
1.125e-05
1.1228e-05
1.1161e-05
1.1051e-05
1.0897e-05
1.0699e-05
1.046e-05
1.0179e-05
9.8585e-06
9.4987e-06
9.1014e-06
8.6683e-06
8.2009e-06
7.7012e-06
7.171e-06
6.6126e-06
6.0281e-06
5.4197e-06
4.79e-06
4.1414e-06
3.4764e-06
2.7978e-06
2.108e-06
1.41e-06
7.0639e-07
-3.5287e-19
-7.0639e-07
-1.41e-06
-2.108e-06
-2.7978e-06
-3.4764e-06
-4.1414e-06
-4.79e-06
-5.4197e-06
-6.0281e-06
-6.6126e-06
-7.171e-06
-7.7012e-06
-8.2009e-06
-8.6683e-06
-9.1014e-06
-9.4987e-06
-9.8585e-06
-1.0179e-05
-1.046e-05
-1.0699e-05
-1.0897e-05
-1.1051e-05
-1.1161e-05
-1.1228e-05
-1.125e-05
-1.1228e-05
-1.1161e-05
-1.1051e-05
-1.0897e-05
-1.0699e-05
-1.046e-05
-1.0179e-05
-9.8585e-06
-9.4987e-06
-9.1014e-06
-8.6683e-06
-8.2009e-06
-7.7012e-06
-7.171e-06
-6.6126e-06
-6.0281e-06
-5.4197e-06
-4.79e-06
-4.1414e-06
-3.4764e-06
-2.7978e-06
-2.108e-06
-1.41e-06
-7.0639e-07
2.3158e-19
7.0639e-07
1.41e-06
2.108e-06
2.7978e-06
3.4764e-06
4.1414e-06
4.79e-06
5.4197e-06
6.0281e-06
6.6126e-06
7.171e-06
7.7012e-06
8.2009e-06
8.6683e-06
9.1014e-06
9.4987e-06
9.8585e-06
1.0179e-05
1.046e-05
1.0699e-05
1.0897e-05
1.1051e-05
1.1161e-05
1.1228e-05
1.125e-05
1.1228e-05
1.1161e-05
1.1051e-05
1.0897e-05
1.0699e-05
1.046e-05
1.0179e-05
9.8585e-06
9.4987e-06
9.1014e-06
8.6683e-06
8.2009e-06
7.7012e-06
7.171e-06
6.6126e-06
6.0281e-06
5.4197e-06
4.79e-06
4.1414e-06
3.4764e-06
2.7978e-06
2.108e-06
1.41e-06
7.0639e-07
-1.103e-19
-7.0639e-07
-1.41e-06
-2.108e-06
-2.7978e-06
-3.4764e-06
-4.1414e-06
-4.79e-06
-5.4197e-06
-6.0281e-06
-6.6126e-06
-7.171e-06
-7.7012e-06
-8.2009e-06
-8.6683e-06
-9.1014e-06
-9.4987e-06
-9.8585e-06
-1.0179e-05
-1.046e-05
-1.0699e-05
-1.0897e-05
-1.1051e-05
-1.1161e-05
-1.1228e-05
-1.125e-05
-1.1228e-05
-1.1161e-05
-1.1051e-05
-1.0897e-05
-1.0699e-05
-1.046e-05
-1.0179e-05
-9.8585e-06
-9.4987e-06
-9.1014e-06
-8.6683e-06
-8.2009e-06
-7.7012e-06
-7.171e-06
-6.6126e-06
-6.0281e-06
-5.4197e-06
-4.79e-06
-4.1414e-06
-3.4764e-06
-2.7978e-06
-2.108e-06
-1.41e-06
-7.0639e-07
-1.098e-20
7.0639e-07
1.41e-06
2.108e-06
2.7978e-06
3.4764e-06
4.1414e-06
4.79e-06
5.4197e-06
6.0281e-06
6.6126e-06
7.171e-06
7.7012e-06
8.2009e-06
8.6683e-06
9.1014e-06
9.4987e-06
9.8585e-06
1.0179e-05
1.046e-05
1.0699e-05
1.0897e-05
1.1051e-05
1.1161e-05
1.1228e-05
1.125e-05
1.1228e-05
1.1161e-05
1.1051e-05
1.0897e-05
1.0699e-05
1.046e-05
1.0179e-05
9.8585e-06
9.4987e-06
9.1014e-06
8.6683e-06
8.2009e-06
7.7012e-06
7.171e-06
6.6126e-06
6.0281e-06
5.4197e-06
4.79e-06
4.1414e-06
3.4764e-06
2.7978e-06
2.108e-06
1.41e-06
7.0639e-07
1.3226e-19
-7.0639e-07
-1.41e-06
-2.108e-06
-2.7978e-06
-3.4764e-06
-4.1414e-06
-4.79e-06
-5.4197e-06
-6.0281e-06
-6.6126e-06
-7.171e-06
-7.7012e-06
-8.2009e-06
-8.6683e-06
-9.1014e-06
-9.4987e-06
-9.8585e-06
-1.0179e-05
-1.046e-05
-1.0699e-05
-1.0897e-05
-1.1051e-05
-1.1161e-05
-1.1228e-05
-1.125e-05
-1.1228e-05
-1.1161e-05
-1.1051e-05
-1.0897e-05
-1.0699e-05
-1.046e-05
-1.0179e-05
-9.8585e-06
-9.4987e-06
-9.1014e-06
-8.6683e-06
-8.2009e-06
-7.7012e-06
-7.171e-06
-6.6126e-06
-6.0281e-06
-5.4197e-06
-4.79e-06
-4.1414e-06
-3.4764e-06
-2.7978e-06
-2.108e-06
-1.41e-06
-7.0639e-07
3.8594e-19
7.0639e-07
1.41e-06
2.108e-06
2.7978e-06
3.4764e-06
4.1414e-06
4.79e-06
5.4197e-06
6.0281e-06
6.6126e-06
7.171e-06
7.7012e-06
8.2009e-06
8.6683e-06
9.1014e-06
9.4987e-06
9.8585e-06
1.0179e-05
1.046e-05
1.0699e-05
1.0897e-05
1.1051e-05
1.1161e-05
1.1228e-05
1.125e-05
1.1228e-05
1.1161e-05
1.1051e-05
1.0897e-05
1.0699e-05
1.046e-05
1.0179e-05
9.8585e-06
9.4987e-06
9.1014e-06
8.6683e-06
8.2009e-06
7.7012e-06
7.171e-06
6.6126e-06
6.0281e-06
5.4197e-06
4.79e-06
4.1414e-06
3.4764e-06
2.7978e-06
2.108e-06
1.41e-06
7.0639e-07
-2.6466e-19
-7.0639e-07
-1.41e-06
-2.108e-06
-2.7978e-06
-3.4764e-06
-4.1414e-06
-4.79e-06
-5.4197e-06
-6.0281e-06
-6.6126e-06
-7.171e-06
-7.7012e-06
-8.2009e-06
-8.6683e-06
-9.1014e-06
-9.4987e-06
-9.8585e-06
-1.0179e-05
-1.046e-05
-1.0699e-05
-1.0897e-05
-1.1051e-05
-1.1161e-05
-1.1228e-05
-1.125e-05
-1.1228e-05
-1.1161e-05
-1.1051e-05
-1.0897e-05
-1.0699e-05
-1.046e-05
-1.0179e-05
-9.8585e-06
-9.4987e-06
-9.1014e-06
-8.6683e-06
-8.2009e-06
-7.7012e-06
-7.171e-06
-6.6126e-06
-6.0281e-06
-5.4197e-06
-4.79e-06
-4.1414e-06
-3.4764e-06
-2.7978e-06
-2.108e-06
-1.41e-06
-7.0639e-07
1.4338e-19
7.0639e-07
1.41e-06
2.108e-06
2.7978e-06
3.4764e-06
4.1414e-06
4.79e-06
5.4197e-06
6.0281e-06
6.6126e-06
7.171e-06
7.7012e-06
8.2009e-06
8.6683e-06
9.1014e-06
9.4987e-06
9.8585e-06
1.0179e-05
1.046e-05
1.0699e-05
1.0897e-05
1.1051e-05
1.1161e-05
1.1228e-05
1.125e-05
1.1228e-05
1.1161e-05
1.1051e-05
1.0897e-05
1.0699e-05
1.046e-05
1.0179e-05
9.8585e-06
9.4987e-06
9.1014e-06
8.6683e-06
8.2009e-06
7.7012e-06
7.171e-06
6.6126e-06
6.0281e-06
5.4197e-06
4.79e-06
4.1414e-06
3.4764e-06
2.7978e-06
2.108e-06
1.41e-06
7.0639e-07
-2.2099e-20
-7.0639e-07
-1.41e-06
-2.108e-06
-2.7978e-06
-3.4764e-06
-4.1414e-06
-4.79e-06
-5.4197e-06
-6.0281e-06
-6.6126e-06
-7.171e-06
-7.7012e-06
-8.2009e-06
-8.6683e-06
-9.1014e-06
-9.4987e-06
-9.8585e-06
-1.0179e-05
-1.046e-05
-1.0699e-05
-1.0897e-05
-1.1051e-05
-1.1161e-05
-1.1228e-05
-1.125e-05
-1.1228e-05
-1.1161e-05
-1.1051e-05
-1.0897e-05
-1.0699e-05
-1.046e-05
-1.0179e-05
-9.8585e-06
-9.4987e-06
-9.1014e-06
-8.6683e-06
-8.2009e-06
-7.7012e-06
-7.171e-06
-6.6126e-06
-6.0281e-06
-5.4197e-06
-4.79e-06
-4.1414e-06
-3.4764e-06
-2.7978e-06
-2.108e-06
-1.41e-06
-7.0639e-07
-9.9182e-20
7.0639e-07
1.41e-06
2.108e-06
2.7978e-06
3.4764e-06
4.1414e-06
4.79e-06
5.4197e-06
6.0281e-06
6.6126e-06
7.171e-06
7.7012e-06
8.2009e-06
8.6683e-06
9.1014e-06
9.4987e-06
9.8585e-06
1.0179e-05
1.046e-05
1.0699e-05
1.0897e-05
1.1051e-05
1.1161e-05
1.1228e-05
1.125e-05
1.1228e-05
1.1161e-05
1.1051e-05
1.0897e-05
1.0699e-05
1.046e-05
1.0179e-05
9.8585e-06
9.4987e-06
9.1014e-06
8.6683e-06
8.2009e-06
7.7012e-06
7.171e-06
6.6126e-06
6.0281e-06
5.4197e-06
4.79e-06
4.1414e-06
3.4764e-06
2.7978e-06
2.108e-06
1.41e-06
7.0639e-07
2.2046e-19
-7.0639e-07
-1.41e-06
-2.108e-06
-2.7978e-06
-3.4764e-06
-4.1414e-06
-4.79e-06
-5.4197e-06
-6.0281e-06
-6.6126e-06
-7.171e-06
-7.7012e-06
-8.2009e-06
-8.6683e-06
-9.1014e-06
-9.4987e-06
-9.8585e-06
-1.0179e-05
-1.046e-05
-1.0699e-05
-1.0897e-05
-1.1051e-05
-1.1161e-05
-1.1228e-05
-1.125e-05
-1.1228e-05
-1.1161e-05
-1.1051e-05
-1.0897e-05
-1.0699e-05
-1.046e-05
-1.0179e-05
-9.8585e-06
-9.4987e-06
-9.1014e-06
-8.6683e-06
-8.2009e-06
-7.7012e-06
-7.171e-06
-6.6126e-06
-6.0281e-06
-5.4197e-06
-4.79e-06
-4.1414e-06
-3.4764e-06
-2.7978e-06
-2.108e-06
-1.41e-06
-7.0639e-07
-3.4175e-19
7.0639e-07
1.41e-06
2.108e-06
2.7978e-06
3.4764e-06
4.1414e-06
4.79e-06
5.4197e-06
6.0281e-06
6.6126e-06
7.171e-06
7.7012e-06
8.2009e-06
8.6683e-06
9.1014e-06
9.4987e-06
9.8585e-06
1.0179e-05
1.046e-05
1.0699e-05
1.0897e-05
1.1051e-05
1.1161e-05
1.1228e-05
1.125e-05
1.1228e-05
1.1161e-05
1.1051e-05
1.0897e-05
1.0699e-05
1.046e-05
1.0179e-05
9.8585e-06
9.4987e-06
9.1014e-06
8.6683e-06
8.2009e-06
7.7012e-06
7.171e-06
6.6126e-06
6.0281e-06
5.4197e-06
4.79e-06
4.1414e-06
3.4764e-06
2.7978e-06
2.108e-06
1.41e-06
7.0639e-07
-1.7646e-19
-7.0639e-07
-1.41e-06
-2.108e-06
-2.7978e-06
-3.4764e-06
-4.1414e-06
-4.79e-06
-5.4197e-06
-6.0281e-06
-6.6126e-06
-7.171e-06
-7.7012e-06
-8.2009e-06
-8.6683e-06
-9.1014e-06
-9.4987e-06
-9.8585e-06
-1.0179e-05
-1.046e-05
-1.0699e-05
-1.0897e-05
-1.1051e-05
-1.1161e-05
-1.1228e-05
-1.125e-05
-1.1228e-05
-1.1161e-05
-1.1051e-05
-1.0897e-05
-1.0699e-05
-1.046e-05
-1.0179e-05
-9.8585e-06
-9.4987e-06
-9.1014e-06
-8.6683e-06
-8.2009e-06
-7.7012e-06
-7.171e-06
-6.6126e-06
-6.0281e-06
-5.4197e-06
-4.79e-06
-4.1414e-06
-3.4764e-06
-2.7978e-06
-2.108e-06
-1.41e-06
-7.0639e-07
5.5179e-20
7.0639e-07
1.41e-06
2.108e-06
2.7978e-06
3.4764e-06
4.1414e-06
4.79e-06
5.4197e-06
6.0281e-06
6.6126e-06
7.171e-06
7.7012e-06
8.2009e-06
8.6683e-06
9.1014e-06
9.4987e-06
9.8585e-06
1.0179e-05
1.046e-05
1.0699e-05
1.0897e-05
1.1051e-05
1.1161e-05
1.1228e-05
1.125e-05
1.1228e-05
1.1161e-05
1.1051e-05
1.0897e-05
1.0699e-05
1.046e-05
1.0179e-05
9.8585e-06
9.4987e-06
9.1014e-06
8.6683e-06
8.2009e-06
7.7012e-06
7.171e-06
6.6126e-06
6.0281e-06
5.4197e-06
4.79e-06
4.1414e-06
3.4764e-06
2.7978e-06
2.108e-06
1.41e-06
7.0639e-07
6.6103e-20
-7.0639e-07
-1.41e-06
-2.108e-06
-2.7978e-06
-3.4764e-06
-4.1414e-06
-4.79e-06
-5.4197e-06
-6.0281e-06
-6.6126e-06
-7.171e-06
-7.7012e-06
-8.2009e-06
-8.6683e-06
-9.1014e-06
-9.4987e-06
-9.8585e-06
-1.0179e-05
-1.046e-05
-1.0699e-05
-1.0897e-05
-1.1051e-05
-1.1161e-05
-1.1228e-05
-1.125e-05
-1.1228e-05
-1.1161e-05
-1.1051e-05
-1.0897e-05
-1.0699e-05
-1.046e-05
-1.0179e-05
-9.8585e-06
-9.4987e-06
-9.1014e-06
-8.6683e-06
-8.2009e-06
-7.7012e-06
-7.171e-06
-6.6126e-06
-6.0281e-06
-5.4197e-06
-4.79e-06
-4.1414e-06
-3.4764e-06
-2.7978e-06
-2.108e-06
-1.41e-06
-7.0639e-07
-1.8738e-19
7.0639e-07
1.41e-06
2.108e-06
2.7978e-06
3.4764e-06
4.1414e-06
4.79e-06
5.4197e-06
6.0281e-06
6.6126e-06
7.171e-06
7.7012e-06
8.2009e-06
8.6683e-06
9.1014e-06
9.4987e-06
9.8585e-06
1.0179e-05
1.046e-05
1.0699e-05
1.0897e-05
1.1051e-05
1.1161e-05
1.1228e-05
1.125e-05
1.1228e-05
1.1161e-05
1.1051e-05
1.0897e-05
1.0699e-05
1.046e-05
1.0179e-05
9.8585e-06
9.4987e-06
9.1014e-06
8.6683e-06
8.2009e-06
7.7012e-06
7.171e-06
6.6126e-06
6.0281e-06
5.4197e-06
4.79e-06
4.1414e-06
3.4764e-06
2.7978e-06
2.108e-06
1.41e-06
7.0639e-07
3.0867e-19
-7.0639e-07
-1.41e-06
-2.108e-06
-2.7978e-06
-3.4764e-06
-4.1414e-06
-4.79e-06
-5.4197e-06
-6.0281e-06
-6.6126e-06
-7.171e-06
-7.7012e-06
-8.2009e-06
-8.6683e-06
-9.1014e-06
-9.4987e-06
-9.8585e-06
-1.0179e-05
-1.046e-05
-1.0699e-05
-1.0897e-05
-1.1051e-05
-1.1161e-05
-1.1228e-05
-1.125e-05
-1.1228e-05
-1.1161e-05
-1.1051e-05
-1.0897e-05
-1.0699e-05
-1.046e-05
-1.0179e-05
-9.8585e-06
-9.4987e-06
-9.1014e-06
-8.6683e-06
-8.2009e-06
-7.7012e-06
-7.171e-06
-6.6126e-06
-6.0281e-06
-5.4197e-06
-4.79e-06
-4.1414e-06
-3.4764e-06
-2.7978e-06
-2.108e-06
-1.41e-06
-7.0639e-07
2.0954e-19
7.0639e-07
1.41e-06
2.108e-06
2.7978e-06
3.4764e-06
4.1414e-06
4.79e-06
5.4197e-06
6.0281e-06
6.6126e-06
7.171e-06
7.7012e-06
8.2009e-06
8.6683e-06
9.1014e-06
9.4987e-06
9.8585e-06
1.0179e-05
1.046e-05
1.0699e-05
1.0897e-05
1.1051e-05
1.1161e-05
1.1228e-05
1.125e-05
1.1228e-05
1.1161e-05
1.1051e-05
1.0897e-05
1.0699e-05
1.046e-05
1.0179e-05
9.8585e-06
9.4987e-06
9.1014e-06
8.6683e-06
8.2009e-06
7.7012e-06
7.171e-06
6.6126e-06
6.0281e-06
5.4197e-06
4.79e-06
4.1414e-06
3.4764e-06
2.7978e-06
2.108e-06
1.41e-06
7.0639e-07
-8.8258e-20
-7.0639e-07
-1.41e-06
-2.108e-06
-2.7978e-06
-3.4764e-06
-4.1414e-06
-4.79e-06
-5.4197e-06
-6.0281e-06
-6.6126e-06
-7.171e-06
-7.7012e-06
-8.2009e-06
-8.6683e-06
-9.1014e-06
-9.4987e-06
-9.8585e-06
-1.0179e-05
-1.046e-05
-1.0699e-05
-1.0897e-05
-1.1051e-05
-1.1161e-05
-1.1228e-05
-1.125e-05
-1.1228e-05
-1.1161e-05
-1.1051e-05
-1.0897e-05
-1.0699e-05
-1.046e-05
-1.0179e-05
-9.8585e-06
-9.4987e-06
-9.1014e-06
-8.6683e-06
-8.2009e-06
-7.7012e-06
-7.171e-06
-6.6126e-06
-6.0281e-06
-5.4197e-06
-4.79e-06
-4.1414e-06
-3.4764e-06
-2.7978e-06
-2.108e-06
-1.41e-06
-7.0639e-07
-3.3024e-20
7.0639e-07
1.41e-06
2.108e-06
2.7978e-06
3.4764e-06
4.1414e-06
4.79e-06
5.4197e-06
6.0281e-06
6.6126e-06
7.171e-06
7.7012e-06
8.2009e-06
8.6683e-06
9.1014e-06
9.4987e-06
9.8585e-06
1.0179e-05
1.046e-05
1.0699e-05
1.0897e-05
1.1051e-05
1.1161e-05
1.1228e-05
1.125e-05
1.1228e-05
1.1161e-05
1.1051e-05
1.0897e-05
1.0699e-05
1.046e-05
1.0179e-05
9.8585e-06
9.4987e-06
9.1014e-06
8.6683e-06
8.2009e-06
7.7012e-06
7.171e-06
6.6126e-06
6.0281e-06
5.4197e-06
4.79e-06
4.1414e-06
3.4764e-06
2.7978e-06
2.108e-06
1.41e-06
7.0639e-07
1.5431e-19
-7.0639e-07
-1.41e-06
-2.108e-06
-2.7978e-06
-3.4764e-06
-4.1414e-06
-4.79e-06
-5.4197e-06
-6.0281e-06
-6.6126e-06
-7.171e-06
-7.7012e-06
-8.2009e-06
-8.6683e-06
-9.1014e-06
-9.4987e-06
-9.8585e-06
-1.0179e-05
-1.046e-05
-1.0699e-05
-1.0897e-05
-1.1051e-05
-1.1161e-05
-1.1228e-05
-1.125e-05
-1.1228e-05
-1.1161e-05
-1.1051e-05
-1.0897e-05
-1.0699e-05
-1.046e-05
-1.0179e-05
-9.8585e-06
-9.4987e-06
-9.1014e-06
-8.6683e-06
-8.2009e-06
-7.7012e-06
-7.171e-06
-6.6126e-06
-6.0281e-06
-5.4197e-06
-4.79e-06
-4.1414e-06
-3.4764e-06
-2.7978e-06
-2.108e-06
-1.41e-06
-7.0639e-07
-2.7559e-19
7.0639e-07
1.41e-06
2.108e-06
2.7978e-06
3.4764e-06
4.1414e-06
4.79e-06
5.4197e-06
6.0281e-06
6.6126e-06
7.171e-06
7.7012e-06
8.2009e-06
8.6683e-06
9.1014e-06
9.4987e-06
9.8585e-06
1.0179e-05
1.046e-05
1.0699e-05
1.0897e-05
1.1051e-05
1.1161e-05
1.1228e-05
1.125e-05
1.1228e-05
1.1161e-05
1.1051e-05
1.0897e-05
1.0699e-05
1.046e-05
1.0179e-05
9.8585e-06
9.4987e-06
9.1014e-06
8.6683e-06
8.2009e-06
7.7012e-06
7.171e-06
6.6126e-06
6.0281e-06
5.4197e-06
4.79e-06
4.1414e-06
3.4764e-06
2.7978e-06
2.108e-06
1.41e-06
7.0639e-07
-2.4262e-19
-7.0639e-07
-1.41e-06
-2.108e-06
-2.7978e-06
-3.4764e-06
-4.1414e-06
-4.79e-06
-5.4197e-06
-6.0281e-06
-6.6126e-06
-7.171e-06
-7.7012e-06
-8.2009e-06
-8.6683e-06
-9.1014e-06
-9.4987e-06
-9.8585e-06
-1.0179e-05
-1.046e-05
-1.0699e-05
-1.0897e-05
-1.1051e-05
-1.1161e-05
-1.1228e-05
-1.125e-05
-1.1228e-05
-1.1161e-05
-1.1051e-05
-1.0897e-05
-1.0699e-05
-1.046e-05
-1.0179e-05
-9.8585e-06
-9.4987e-06
-9.1014e-06
-8.6683e-06
-8.2009e-06
-7.7012e-06
-7.171e-06
-6.6126e-06
-6.0281e-06
-5.4197e-06
-4.79e-06
-4.1414e-06
-3.4764e-06
-2.7978e-06
-2.108e-06
-1.41e-06
-7.0639e-07
1.2134e-19
7.0639e-07
1.41e-06
2.108e-06
2.7978e-06
3.4764e-06
4.1414e-06
4.79e-06
5.4197e-06
6.0281e-06
6.6126e-06
7.171e-06
7.7012e-06
8.2009e-06
8.6683e-06
9.1014e-06
9.4987e-06
9.8585e-06
1.0179e-05
1.046e-05
1.0699e-05
1.0897e-05
1.1051e-05
1.1161e-05
1.1228e-05
1.125e-05
1.1228e-05
1.1161e-05
1.1051e-05
1.0897e-05
1.0699e-05
1.046e-05
1.0179e-05
9.8585e-06
9.4987e-06
9.1014e-06
8.6683e-06
8.2009e-06
7.7012e-06
7.171e-06
6.6126e-06
6.0281e-06
5.4197e-06
4.79e-06
4.1414e-06
3.4764e-06
2.7978e-06
2.108e-06
1.41e-06
7.0639e-07
-5.5653e-23
-7.0498e-07
-1.4058e-06
-2.0996e-06
-2.7838e-06
-3.4556e-06
-4.1124e-06
-4.7517e-06
-5.371e-06
-5.9678e-06
-6.5398e-06
-7.085e-06
-7.601e-06
-8.0861e-06
-8.5382e-06
-8.9558e-06
-9.3372e-06
-9.681e-06
-9.9859e-06
-1.0251e-05
-1.0475e-05
-1.0657e-05
-1.0797e-05
-1.0893e-05
-1.0947e-05
-1.0957e-05
-1.0925e-05
-1.0849e-05
-1.073e-05
-1.057e-05
-1.0368e-05
-1.0125e-05
-9.8434e-06
-9.5233e-06
-9.1662e-06
-8.7738e-06
-8.3475e-06
-7.8893e-06
-7.4008e-06
-6.8842e-06
-6.3415e-06
-5.7749e-06
-5.1867e-06
-4.5793e-06
-3.955e-06
-3.3165e-06
-2.6663e-06
-2.0069e-06
-1.3409e-06
-6.7107e-07
-1.1504e-19
6.6966e-07
1.3353e-06
1.9942e-06
2.6439e-06
3.2818e-06
3.9053e-06
4.5122e-06
5.1e-06
5.6664e-06
6.2092e-06
6.7264e-06
7.216e-06
7.676e-06
8.1048e-06
8.5007e-06
8.8623e-06
9.1881e-06
9.4769e-06
9.7278e-06
9.9397e-06
1.0112e-05
1.0244e-05
1.0335e-05
1.0386e-05
1.0395e-05
1.0363e-05
1.0291e-05
1.0178e-05
1.0025e-05
9.8327e-06
9.6023e-06
9.3344e-06
9.0303e-06
8.6913e-06
8.3187e-06
7.9141e-06
7.4792e-06
7.0158e-06
6.5256e-06
6.0108e-06
5.4735e-06
4.9157e-06
4.3398e-06
3.748e-06
3.1427e-06
2.5264e-06
1.9015e-06
1.2704e-06
6.3575e-07
-3.5689e-19
-6.3434e-07
-1.2648e-06
-1.8888e-06
-2.504e-06
-3.1079e-06
-3.6983e-06
-4.2727e-06
-4.829e-06
-5.365e-06
-5.8786e-06
-6.3679e-06
-6.8309e-06
-7.266e-06
-7.6714e-06
-8.0457e-06
-8.3873e-06
-8.6952e-06
-8.968e-06
-9.2048e-06
-9.4048e-06
-9.5672e-06
-9.6915e-06
-9.7773e-06
-9.8243e-06
-9.8325e-06
-9.8019e-06
-9.7326e-06
-9.6252e-06
-9.48e-06
-9.2978e-06
-9.0793e-06
-8.8255e-06
-8.5374e-06
-8.2164e-06
-7.8636e-06
-7.4807e-06
-7.0692e-06
-6.6307e-06
-6.1671e-06
-5.6802e-06
-5.1721e-06
-4.6447e-06
-4.1003e-06
-3.5409e-06
-2.9689e-06
-2.3865e-06
-1.796e-06
-1.1999e-06
-6.0043e-07
2.3407e-19
5.9902e-07
1.1943e-06
1.7834e-06
2.3641e-06
2.9341e-06
3.4912e-06
4.0332e-06
4.558e-06
5.0636e-06
5.548e-06
6.0093e-06
6.4459e-06
6.8559e-06
7.238e-06
7.5906e-06
7.9124e-06
8.2022e-06
8.459e-06
8.6818e-06
8.8698e-06
9.0224e-06
9.139e-06
9.2192e-06
9.2629e-06
9.27e-06
9.2405e-06
9.1746e-06
9.0727e-06
8.9352e-06
8.7628e-06
8.5563e-06
8.3165e-06
8.0445e-06
7.7414e-06
7.4086e-06
7.0473e-06
6.6591e-06
6.2456e-06
5.8085e-06
5.3496e-06
4.8707e-06
4.3737e-06
3.8608e-06
3.3338e-06
2.7951e-06
2.2466e-06
1.6906e-06
1.1294e-06
5.6511e-07
3.8757e-19
-5.637e-07
-1.1238e-06
-1.678e-06
-2.2242e-06
-2.7603e-06
-3.2841e-06
-3.7937e-06
-4.287e-06
-4.7622e-06
-5.2173e-06
-5.6508e-06
-6.0608e-06
-6.4459e-06
-6.8046e-06
-7.1355e-06
-7.4375e-06
-7.7093e-06
-7.95e-06
-8.1588e-06
-8.3348e-06
-8.4775e-06
-8.5864e-06
-8.6612e-06
-8.7015e-06
-8.7075e-06
-8.6791e-06
-8.6165e-06
-8.5201e-06
-8.3904e-06
-8.2278e-06
-8.0333e-06
-7.8075e-06
-7.5516e-06
-7.2665e-06
-6.9535e-06
-6.6139e-06
-6.2491e-06
-5.8606e-06
-5.45e-06
-5.019e-06
-4.5693e-06
-4.1027e-06
-3.6213e-06
-3.1268e-06
-2.6212e-06
-2.1067e-06
-1.5852e-06
-1.0589e-06
-5.298e-07
-4.5416e-19
5.2838e-07
1.0533e-06
1.5726e-06
2.0843e-06
2.5865e-06
3.0771e-06
3.5542e-06
4.016e-06
4.4608e-06
4.8867e-06
5.2922e-06
5.6758e-06
6.0359e-06
6.3712e-06
6.6805e-06
6.9625e-06
7.2164e-06
7.4411e-06
7.6358e-06
7.7999e-06
7.9327e-06
8.0339e-06
8.1031e-06
8.1402e-06
8.145e-06
8.1177e-06
8.0585e-06
7.9676e-06
7.8455e-06
7.6929e-06
7.5103e-06
7.2986e-06
7.0587e-06
6.7916e-06
6.4984e-06
6.1805e-06
5.839e-06
5.4755e-06
5.0914e-06
4.6883e-06
4.2679e-06
3.8317e-06
3.3818e-06
2.9197e-06
2.4474e-06
1.9668e-06
1.4798e-06
9.8841e-07
4.9448e-07
5.0862e-19
-4.9306e-07
-9.8277e-07
-1.4672e-06
-1.9444e-06
-2.4127e-06
-2.87e-06
-3.3147e-06
-3.745e-06
-4.1594e-06
-4.5561e-06
-4.9337e-06
-5.2907e-06
-5.6258e-06
-5.9378e-06
-6.2254e-06
-6.4876e-06
-6.7235e-06
-6.9321e-06
-7.1128e-06
-7.2649e-06
-7.3879e-06
-7.4813e-06
-7.545e-06
-7.5788e-06
-7.5825e-06
-7.5563e-06
-7.5004e-06
-7.415e-06
-7.3007e-06
-7.1579e-06
-6.9873e-06
-6.7896e-06
-6.5657e-06
-6.3166e-06
-6.0434e-06
-5.7471e-06
-5.429e-06
-5.0905e-06
-4.7329e-06
-4.3577e-06
-3.9665e-06
-3.5608e-06
-3.1423e-06
-2.7126e-06
-2.2736e-06
-1.8269e-06
-1.3744e-06
-9.1791e-07
-4.5916e-07
-1.3592e-19
4.5774e-07
9.1227e-07
1.3618e-06
1.8046e-06
2.2388e-06
2.6629e-06
3.0752e-06
3.474e-06
3.858e-06
4.2254e-06
4.5751e-06
4.9056e-06
5.2158e-06
5.5044e-06
5.7703e-06
6.0127e-06
6.2305e-06
6.4231e-06
6.5898e-06
6.7299e-06
6.843e-06
6.9288e-06
6.987e-06
7.0174e-06
7.02e-06
6.9949e-06
6.9423e-06
6.8625e-06
6.7559e-06
6.6229e-06
6.4643e-06
6.2806e-06
6.0728e-06
5.8417e-06
5.5883e-06
5.3137e-06
5.0189e-06
4.7054e-06
4.3743e-06
4.0271e-06
3.6651e-06
3.2898e-06
2.9028e-06
2.5055e-06
2.0998e-06
1.6871e-06
1.269e-06
8.4741e-07
4.2384e-07
5.8115e-19
-4.2242e-07
-8.4177e-07
-1.2564e-06
-1.6647e-06
-2.065e-06
-2.4559e-06
-2.8357e-06
-3.2031e-06
-3.5566e-06
-3.8948e-06
-4.2166e-06
-4.5206e-06
-4.8057e-06
-5.0709e-06
-5.3152e-06
-5.5377e-06
-5.7376e-06
-5.9142e-06
-6.0668e-06
-6.1949e-06
-6.2982e-06
-6.3763e-06
-6.4289e-06
-6.456e-06
-6.4575e-06
-6.4335e-06
-6.3843e-06
-6.31e-06
-6.211e-06
-6.088e-06
-5.9413e-06
-5.7717e-06
-5.5799e-06
-5.3668e-06
-5.1332e-06
-4.8802e-06
-4.6089e-06
-4.3203e-06
-4.0158e-06
-3.6964e-06
-3.3637e-06
-3.0188e-06
-2.6632e-06
-2.2985e-06
-1.9259e-06
-1.5472e-06
-1.1636e-06
-7.7691e-07
-3.8852e-07
-2.4814e-19
3.871e-07
7.7127e-07
1.151e-06
1.5248e-06
1.8912e-06
2.2488e-06
2.5962e-06
2.9321e-06
3.2551e-06
3.5642e-06
3.858e-06
4.1355e-06
4.3957e-06
4.6375e-06
4.8602e-06
5.0628e-06
5.2447e-06
5.4052e-06
5.5438e-06
5.66e-06
5.7534e-06
5.8237e-06
5.8708e-06
5.8946e-06
5.895e-06
5.8721e-06
5.8262e-06
5.7574e-06
5.6662e-06
5.553e-06
5.4183e-06
5.2627e-06
5.087e-06
4.8918e-06
4.6781e-06
4.4468e-06
4.1989e-06
3.9353e-06
3.6572e-06
3.3658e-06
3.0623e-06
2.7478e-06
2.4237e-06
2.0914e-06
1.7521e-06
1.4073e-06
1.0582e-06
7.0641e-07
3.532e-07
2.8606e-19
-3.5178e-07
-7.0077e-07
-1.0456e-06
-1.3849e-06
-1.7174e-06
-2.0417e-06
-2.3567e-06
-2.6611e-06
-2.9537e-06
-3.2336e-06
-3.4995e-06
-3.7505e-06
-3.9856e-06
-4.2041e-06
-4.4051e-06
-4.5879e-06
-4.7518e-06
-4.8962e-06
-5.0208e-06
-5.125e-06
-5.2086e-06
-5.2712e-06
-5.3128e-06
-5.3332e-06
-5.3325e-06
-5.3107e-06
-5.2681e-06
-5.2049e-06
-5.1214e-06
-5.018e-06
-4.8953e-06
-4.7537e-06
-4.594e-06
-4.4169e-06
-4.2231e-06
-4.0134e-06
-3.7888e-06
-3.5502e-06
-3.2987e-06
-3.0352e-06
-2.7608e-06
-2.4768e-06
-2.1842e-06
-1.8843e-06
-1.5783e-06
-1.2674e-06
-9.5283e-07
-6.3591e-07
-3.1788e-07
-3.1186e-19
3.1646e-07
6.3027e-07
9.4019e-07
1.245e-06
1.5435e-06
1.8346e-06
2.1172e-06
2.3901e-06
2.6523e-06
2.9029e-06
3.1409e-06
3.3654e-06
3.5756e-06
3.7707e-06
3.95e-06
4.1129e-06
4.2589e-06
4.3873e-06
4.4978e-06
4.59e-06
4.6637e-06
4.7187e-06
4.7547e-06
4.7718e-06
4.77e-06
4.7494e-06
4.7101e-06
4.6524e-06
4.5766e-06
4.483e-06
4.3723e-06
4.2448e-06
4.1011e-06
3.942e-06
3.768e-06
3.58e-06
3.3788e-06
3.1652e-06
2.9401e-06
2.7045e-06
2.4594e-06
2.2058e-06
1.9447e-06
1.6773e-06
1.4045e-06
1.1275e-06
8.4743e-07
5.6541e-07
2.8256e-07
7.0363e-20
-2.8114e-07
-5.5977e-07
-8.3478e-07
-1.1051e-06
-1.3697e-06
-1.6276e-06
-1.8777e-06
-2.1191e-06
-2.3509e-06
-2.5723e-06
-2.7824e-06
-2.9803e-06
-3.1655e-06
-3.3373e-06
-3.495e-06
-3.638e-06
-3.7659e-06
-3.8783e-06
-3.9748e-06
-4.0551e-06
-4.1189e-06
-4.1661e-06
-4.1966e-06
-4.2104e-06
-4.2075e-06
-4.188e-06
-4.152e-06
-4.0998e-06
-4.0317e-06
-3.9481e-06
-3.8493e-06
-3.7358e-06
-3.6082e-06
-3.467e-06
-3.3129e-06
-3.1466e-06
-2.9687e-06
-2.7801e-06
-2.5816e-06
-2.3739e-06
-2.158e-06
-1.9348e-06
-1.7052e-06
-1.4702e-06
-1.2307e-06
-9.8761e-07
-7.4203e-07
-4.9491e-07
-2.4724e-07
-3.2705e-19
2.4582e-07
4.8927e-07
7.2938e-07
9.6523e-07
1.1959e-06
1.4205e-06
1.6382e-06
1.8481e-06
2.0495e-06
2.2417e-06
2.4238e-06
2.5953e-06
2.7555e-06
2.9039e-06
3.0399e-06
3.1631e-06
3.273e-06
3.3693e-06
3.4518e-06
3.5201e-06
3.5741e-06
3.6136e-06
3.6386e-06
3.649e-06
3.645e-06
3.6266e-06
3.5939e-06
3.5473e-06
3.4869e-06
3.4131e-06
3.3263e-06
3.2268e-06
3.1153e-06
2.9921e-06
2.8579e-06
2.7132e-06
2.5587e-06
2.3951e-06
2.223e-06
2.0433e-06
1.8566e-06
1.6639e-06
1.4657e-06
1.2631e-06
1.0568e-06
8.4772e-07
6.3663e-07
4.2441e-07
2.1192e-07
1.2525e-19
-2.1051e-07
-4.1877e-07
-6.2398e-07
-8.2534e-07
-1.0221e-06
-1.2134e-06
-1.3987e-06
-1.5771e-06
-1.7481e-06
-1.911e-06
-2.0653e-06
-2.2102e-06
-2.3455e-06
-2.4705e-06
-2.5848e-06
-2.6881e-06
-2.7801e-06
-2.8604e-06
-2.9288e-06
-2.9851e-06
-3.0292e-06
-3.0611e-06
-3.0805e-06
-3.0876e-06
-3.0825e-06
-3.0652e-06
-3.0359e-06
-2.9947e-06
-2.9421e-06
-2.8781e-06
-2.8033e-06
-2.7179e-06
-2.6223e-06
-2.5172e-06
-2.4028e-06
-2.2798e-06
-2.1486e-06
-2.01e-06
-1.8645e-06
-1.7127e-06
-1.5552e-06
-1.3929e-06
-1.2262e-06
-1.0561e-06
-8.8302e-07
-7.0783e-07
-5.3123e-07
-3.5391e-07
-1.766e-07
-1.3451e-19
1.7519e-07
3.4827e-07
5.1858e-07
6.8545e-07
8.4825e-07
1.0064e-06
1.1592e-06
1.3062e-06
1.4467e-06
1.5804e-06
1.7067e-06
1.8252e-06
1.9354e-06
2.037e-06
2.1297e-06
2.2132e-06
2.2872e-06
2.3514e-06
2.4058e-06
2.4502e-06
2.4844e-06
2.5085e-06
2.5225e-06
2.5263e-06
2.52e-06
2.5038e-06
2.4778e-06
2.4422e-06
2.3972e-06
2.3432e-06
2.2803e-06
2.2089e-06
2.1294e-06
2.0422e-06
1.9477e-06
1.8463e-06
1.7386e-06
1.6249e-06
1.5059e-06
1.382e-06
1.2538e-06
1.1219e-06
9.8674e-07
8.4899e-07
7.0919e-07
5.6795e-07
4.2582e-07
2.8341e-07
1.4128e-07
1.3163e-19
-1.3987e-07
-2.7777e-07
-4.1318e-07
-5.4556e-07
-6.7443e-07
-7.9929e-07
-9.1968e-07
-1.0352e-06
-1.1453e-06
-1.2498e-06
-1.3482e-06
-1.4401e-06
-1.5254e-06
-1.6036e-06
-1.6747e-06
-1.7383e-06
-1.7942e-06
-1.8425e-06
-1.8828e-06
-1.9152e-06
-1.9396e-06
-1.956e-06
-1.9644e-06
-1.9649e-06
-1.9575e-06
-1.9424e-06
-1.9197e-06
-1.8897e-06
-1.8524e-06
-1.8082e-06
-1.7573e-06
-1.6999e-06
-1.6365e-06
-1.5673e-06
-1.4926e-06
-1.4129e-06
-1.3285e-06
-1.2399e-06
-1.1474e-06
-1.0514e-06
-9.5243e-07
-8.509e-07
-7.4724e-07
-6.4192e-07
-5.3537e-07
-4.2806e-07
-3.2042e-07
-2.1291e-07
-1.0596e-07
-2.1347e-20
1.0455e-07
2.0727e-07
3.0777e-07
4.0568e-07
5.0061e-07
5.9222e-07
6.8018e-07
7.6418e-07
8.4393e-07
9.1915e-07
9.896e-07
1.0551e-06
1.1153e-06
1.1702e-06
1.2196e-06
1.2633e-06
1.3013e-06
1.3335e-06
1.3598e-06
1.3802e-06
1.3948e-06
1.4034e-06
1.4063e-06
1.4035e-06
1.395e-06
1.381e-06
1.3617e-06
1.3371e-06
1.3076e-06
1.2732e-06
1.2343e-06
1.191e-06
1.1436e-06
1.0923e-06
1.0376e-06
9.7951e-07
9.185e-07
8.5483e-07
7.8881e-07
7.2077e-07
6.5103e-07
5.7991e-07
5.0774e-07
4.3485e-07
3.6155e-07
2.8817e-07
2.1502e-07
1.4241e-07
7.0639e-08
8.95e-20
-6.9227e-08
-1.3677e-07
-2.0237e-07
-2.6579e-07
-3.2679e-07
-3.8515e-07
-4.4068e-07
-4.932e-07
-5.4252e-07
-5.8852e-07
-6.3105e-07
-6.7e-07
-7.0528e-07
-7.368e-07
-7.6452e-07
-7.8839e-07
-8.0839e-07
-8.2452e-07
-8.368e-07
-8.4525e-07
-8.4993e-07
-8.5091e-07
-8.4826e-07
-8.4209e-07
-8.325e-07
-8.1963e-07
-8.0361e-07
-7.846e-07
-7.6276e-07
-7.3826e-07
-7.1128e-07
-6.8201e-07
-6.5066e-07
-6.1741e-07
-5.8249e-07
-5.461e-07
-5.0846e-07
-4.6977e-07
-4.3026e-07
-3.9014e-07
-3.4963e-07
-3.0892e-07
-2.6824e-07
-2.2778e-07
-1.8773e-07
-1.4828e-07
-1.0962e-07
-7.191e-08
-3.532e-08
-1.8906e-20
3.3907e-08
6.627e-08
9.697e-08
1.259e-07
1.5296e-07
1.7808e-07
2.0118e-07
2.2221e-07
2.4112e-07
2.5789e-07
2.725e-07
2.8494e-07
2.9523e-07
3.0339e-07
3.0945e-07
3.1346e-07
3.1547e-07
3.1556e-07
3.138e-07
3.1028e-07
3.051e-07
2.9837e-07
2.9019e-07
2.807e-07
2.7e-07
2.5824e-07
2.4555e-07
2.3207e-07
2.1793e-07
2.0329e-07
1.8828e-07
1.7305e-07
1.5774e-07
1.4248e-07
1.2742e-07
1.1269e-07
9.8411e-08
8.4713e-08
7.171e-08
5.9513e-08
4.8224e-08
3.7938e-08
2.874e-08
2.0707e-08
1.3906e-08
8.3933e-09
4.2161e-09
1.41e-09
0
0
-0
-0
-0
-0
-0
-0
-0
-0
-0
-0
-0
-0
-0
-0
-0
-0
-0
-0
-0
-0
-0
-0
-0
-0
-0
-0
-0
-0
-0
-0
-0
-0
-0
-0
-0
-0
-0
-0
-0
-0
-0
-0
-0
-0
-0
-0
-0
-0
-0
-0
0
0
0
0
0
0
0
0
0
0
0
0
0
0
0
0
0
0
0
0
0
0
0
0
0
0
0
0
0
0
0
0
0
0
0
0
0
0
0
0
0
0
0
0
0
0
0
0
0
0
-0
-0
-0
-0
-0
-0
-0
-0
-0
-0
-0
-0
-0
-0
-0
-0
-0
-0
-0
-0
-0
-0
-0
-0
-0
-0
-0
-0
-0
-0
-0
-0
-0
-0
-0
-0
-0
-0
-0
-0
-0
-0
-0
-0
-0
-0
-0
-0
-0
-0
0
0
0
0
0
0
0
0
0
0
0
0
0
0
0
0
0
0
0
0
0
0
0
0
0
0
0
0
0
0
0
0
0
0
0
0
0
0
0
0
0
0
0
0
0
0
0
0
0
0
-0
-0
-0
-0
-0
-0
-0
-0
-0
-0
-0
-0
-0
-0
-0
-0
-0
-0
-0
-0
-0
-0
-0
-0
-0
-0
-0
-0
-0
-0
-0
-0
-0
-0
-0
-0
-0
-0
-0
-0
-0
-0
-0
-0
-0
-0
-0
-0
-0
-0
0
0
0
0
0
0
0
0
0
0
0
0
0
0
0
0
0
0
0
0
0
0
0
0
0
0
0
0
0
0
0
0
0
0
0
0
0
0
0
0
0
0
0
0
0
0
0
0
0
0
-0
-0
-0
-0
-0
-0
-0
-0
-0
-0
-0
-0
-0
-0
-0
-0
-0
-0
-0
-0
-0
-0
-0
-0
-0
-0
-0
-0
-0
-0
-0
-0
-0
-0
-0
-0
-0
-0
-0
-0
-0
-0
-0
-0
-0
-0
-0
-0
-0
-0
0
0
0
0
0
0
0
0
0
0
0
0
0
0
0
0
0
0
0
0
0
0
0
0
0
0
0
0
0
0
0
0
0
0
0
0
0
0
0
0
0
0
0
0
0
0
0
0
0
0
-0
-0
-0
-0
-0
-0
-0
-0
-0
-0
-0
-0
-0
-0
-0
-0
-0
-0
-0
-0
-0
-0
-0
-0
-0
-0
-0
-0
-0
-0
-0
-0
-0
-0
-0
-0
-0
-0
-0
-0
-0
-0
-0
-0
-0
-0
-0
-0
-0
-0
0
0
0
0
0
0
0
0
0
0
0
0
0
0
0
0
0
0
0
0
0
0
0
0
0
0
0
0
0
0
0
0
0
0
0
0
0
0
0
0
0
0
0
0
0
0
0
0
0
0
-0
-0
-0
-0
-0
-0
-0
-0
-0
-0
-0
-0
-0
-0
-0
-0
-0
-0
-0
-0
-0
-0
-0
-0
-0
-0
-0
-0
-0
-0
-0
-0
-0
-0
-0
-0
-0
-0
-0
-0
-0
-0
-0
-0
-0
-0
-0
-0
-0
-0
0
0
0
0
0
0
0
0
0
0
0
0
0
0
0
0
0
0
0
0
0
0
0
0
0
0
0
0
0
0
0
0
0
0
0
0
0
0
0
0
0
0
0
0
0
0
0
0
0
0
-0
-0
-0
-0
-0
-0
-0
-0
-0
-0
-0
-0
-0
-0
-0
-0
-0
-0
-0
-0
-0
-0
-0
-0
-0
-0
-0
-0
-0
-0
-0
-0
-0
-0
-0
-0
-0
-0
-0
-0
-0
-0
-0
-0
-0
-0
-0
-0
-0
-0
0
0
0
0
0
0
0
0
0
0
0
0
0
0
0
0
0
0
0
0
0
0
0
0
0
0
0
0
0
0
0
0
0
0
0
0
0
0
0
0
0
0
0
0
0
0
0
0
0
0
-0
-0
-0
-0
-0
-0
-0
-0
-0
-0
-0
-0
-0
-0
-0
-0
-0
-0
-0
-0
-0
-0
-0
-0
-0
-0
-0
-0
-0
-0
-0
-0
-0
-0
-0
-0
-0
-0
-0
-0
-0
-0
-0
-0
-0
-0
-0
-0
-0
-0
0
0
0
0
0
0
0
0
0
0
0
0
0
0
0
0
0
0
0
0
0
0
0
0
0
0
0
0
0
0
0
0
0
0
0
0
0
0
0
0
0
0
0
0
0
0
0
0
0
0
-0
-0
-0
-0
-0
-0
-0
-0
-0
-0
-0
-0
-0
-0
-0
-0
-0
-0
-0
-0
-0
-0
-0
-0
-0
-0
-0
-0
-0
-0
-0
-0
-0
-0
-0
-0
-0
-0
-0
-0
-0
-0
-0
-0
-0
-0
-0
-0
-0
-0
0
0
0
0
0
0
0
0
0
0
0
0
0
0
0
0
0
0
0
0
0
0
0
0
0
0
0
0
0
0
0
0
0
0
0
0
0
0
0
0
0
0
0
0
0
0
0
0
0
0
-0
-0
-0
-0
-0
-0
-0
-0
-0
-0
-0
-0
-0
-0
-0
-0
-0
-0
-0
-0
-0
-0
-0
-0
-0
-0
-0
-0
-0
-0
-0
-0
-0
-0
-0
-0
-0
-0
-0
-0
-0
-0
-0
-0
-0
-0
-0
-0
-0
-0
0
0
0
0
0
0
0
0
0
0
0
0
0
0
0
0
0
0
0
0
0
0
0
0
0
0
0
0
0
0
0
0
0
0
0
0
0
0
0
0
0
0
0
0
0
0
0
0
0
0
-0
-0
-0
-0
-0
-0
-0
-0
-0
-0
-0
-0
-0
-0
-0
-0
-0
-0
-0
-0
-0
-0
-0
-0
-0
-0
-0
-0
-0
-0
-0
-0
-0
-0
-0
-0
-0
-0
-0
-0
-0
-0
-0
-0
-0
-0
-0
-0
-0
-0
0
0
0
0
0
0
0
0
0
0
0
0
0
0
0
0
0
0
0
0
0
0
0
0
0
0
0
0
0
0
0
0
0
0
0
0
0
0
0
0
0
0
0
0
0
0
0
0
0
-0
-0
-0
-0
-0
-0
-0
-0
-0
-0
-0
-0
-0
-0
-0
-0
-0
-0
-0
-0
-0
-0
-0
-0
-0
-0
-0
-0
-0
-0
-0
-0
-0
-0
-0
-0
-0
-0
-0
-0
-0
-0
-0
-0
-0
-0
-0
-0
-0
-0
-0
0
0
0
0
0
0
0
0
0
0
0
0
0
0
0
0
0
0
0
0
0
0
0
0
0
0
0
0
0
0
0
0
0
0
0
0
0
0
0
0
0
0
0
0
0
0
0
0
0
0
-0
-0
-0
-0
-0
-0
-0
-0
-0
-0
-0
-0
-0
-0
-0
-0
-0
-0
-0
-0
-0
-0
-0
-0
-0
-0
-0
-0
-0
-0
-0
-0
-0
-0
-0
-0
-0
-0
-0
-0
-0
-0
-0
-0
-0
-0
-0
-0
-0
0
0
0
0
0
0
0
0
0
0
0
0
0
0
0
0
0
0
0
0
0
0
0
0
0
0
0
0
0
0
0
0
0
0
0
0
0
0
0
0
0
0
0
0
0
0
0
0
0
0
0
-0
-0
-0
-0
-0
-0
-0
-0
-0
-0
-0
-0
-0
-0
-0
-0
-0
-0
-0
-0
-0
-0
-0
-0
-0
-0
-0
-0
-0
-0
-0
-0
-0
-0
-0
-0
-0
-0
-0
-0
-0
-0
-0
-0
-0
-0
-0
-0
-0
-0
0
0
0
0
0
0
0
0
0
0
0
0
0
0
0
0
0
0
0
0
0
0
0
0
0
0
0
0
0
0
0
0
0
0
0
0
0
0
0
0
0
0
0
0
0
0
0
0
0
0
-0
-0
-0
-0
-0
-0
-0
-0
-0
-0
-0
-0
-0
-0
-0
-0
-0
-0
-0
-0
-0
-0
-0
-0
-0
-0
-0
-0
-0
-0
-0
-0
-0
-0
-0
-0
-0
-0
-0
-0
-0
-0
-0
-0
-0
-0
-0
-0
-0
-0
0
0
0
0
0
0
0
0
0
0
0
0
0
0
0
0
0
0
0
0
0
0
0
0
0
0
0
0
0
0
0
0
0
0
0
0
0
0
0
0
0
0
0
0
0
0
0
0
0
-0
-0
-0
-0
-0
-0
-0
-0
-0
-0
-0
-0
-0
-0
-0
-0
-0
-0
-0
-0
-0
-0
-0
-0
-0
-0
-0
-0
-0
-0
-0
-0
-0
-0
-0
-0
-0
-0
-0
-0
-0
-0
-0
-0
-0
-0
-0
-0
-0
-0
-0
0
0
0
0
0
0
0
0
0
0
0
0
0
0
0
0
0
0
0
0
0
0
0
0
0
0
0
0
0
0
0
0
0
0
0
0
0
0
0
0
0
0
0
0
0
0
0
0
0
-0
-0
-0
-0
-0
-0
-0
-0
-0
-0
-0
-0
-0
-0
-0
-0
-0
-0
-0
-0
-0
-0
-0
-0
-0
-0
-0
-0
-0
-0
-0
-0
-0
-0
-0
-0
-0
-0
-0
-0
-0
-0
-0
-0
-0
-0
-0
-0
-0
-0
-0
0
0
0
0
0
0
0
0
0
0
0
0
0
0
0
0
0
0
0
0
0
0
0
0
0
0
0
0
0
0
0
0
0
0
0
0
0
0
0
0
0
0
0
0
0
0
0
0
0
0
-0
-0
-0
-0
-0
-0
-0
-0
-0
-0
-0
-0
-0
-0
-0
-0
-0
-0
-0
-0
-0
-0
-0
-0
-0
-0
-0
-0
-0
-0
-0
-0
-0
-0
-0
-0
-0
-0
-0
-0
-0
-0
-0
-0
-0
-0
-0
-0
-0
-0
0
0
0
0
0
0
0
0
0
0
0
0
0
0
0
0
0
0
0
0
0
0
0
0
0
0
0
0
0
0
0
0
0
0
0
0
0
0
0
0
0
0
0
0
0
0
0
0
0
0
-0
-0
-0
-0
-0
-0
-0
-0
-0
-0
-0
-0
-0
-0
-0
-0
-0
-0
-0
-0
-0
-0
-0
-0
-0
-0
-0
-0
-0
-0
-0
-0
-0
-0
-0
-0
-0
-0
-0
-0
-0
-0
-0
-0
-0
-0
-0
-0
-0
-0
0
0
0
0
0
0
0
0
0
0
0
0
0
0
0
0
0
0
0
0
0
0
0
0
0
0
0
0
0
0
0
0
0
0
0
0
0
0
0
0
0
0
0
0
0
0
0
0
0
0
-0
-0
-0
-0
-0
-0
-0
-0
-0
-0
-0
-0
-0
-0
-0
-0
-0
-0
-0
-0
-0
-0
-0
-0
-0
-0
-0
-0
-0
-0
-0
-0
-0
-0
-0
-0
-0
-0
-0
-0
-0
-0
-0
-0
-0
-0
-0
-0
-0
-0
0
0
0
0
0
0
0
0
0
0
0
0
0
0
0
0
0
0
0
0
0
0
0
0
0
0
0
0
0
0
0
0
0
0
0
0
0
0
0
0
0
0
0
0
0
0
0
0
0
-0
-0
-0
-0
-0
-0
-0
-0
-0
-0
-0
-0
-0
-0
-0
-0
-0
-0
-0
-0
-0
-0
-0
-0
-0
-0
-0
-0
-0
-0
-0
-0
-0
-0
-0
-0
-0
-0
-0
-0
-0
-0
-0
-0
-0
-0
-0
-0
-0
-0
-0
0
0
0
0
0
0
0
0
0
0
0
0
0
0
0
0
0
0
0
0
0
0
0
0
0
0
0
0
0
0
0
0
0
0
0
0
0
0
0
0
0
0
0
0
0
0
0
0
0
-0
-0
-0
-0
-0
-0
-0
-0
-0
-0
-0
-0
-0
-0
-0
-0
-0
-0
-0
-0
-0
-0
-0
-0
-0
-0
-0
-0
-0
-0
-0
-0
-0
-0
-0
-0
-0
-0
-0
-0
-0
-0
-0
-0
-0
-0
-0
-0
-0
-0
-0
0
0
0
0
0
0
0
0
0
0
0
0
0
0
0
0
0
0
0
0
0
0
0
0
0
0
0
0
0
0
0
0
0
0
0
0
0
0
0
0
0
0
0
0
0
0
0
0
0
0
-0
-0
-0
-0
-0
-0
-0
-0
-0
-0
-0
-0
-0
-0
-0
-0
-0
-0
-0
-0
-0
-0
-0
-0
-0
-0
-0
-0
-0
-0
-0
-0
-0
-0
-0
-0
-0
-0
-0
-0
-0
-0
-0
-0
-0
-0
-0
-0
-0
-0
0
0
0
0
0
0
0
0
0
0
0
0
0
0
0
0
0
0
0
0
0
0
0
0
0
0
0
0
0
0
0
0
0
0
0
0
0
0
0
0
0
0
0
0
0
0
0
0
0
0
-0
-0
-0
-0
-0
-0
-0
-0
-0
-0
-0
-0
-0
-0
-0
-0
-0
-0
-0
-0
-0
-0
-0
-0
-0
-0
-0
-0
-0
-0
-0
-0
-0
-0
-0
-0
-0
-0
-0
-0
-0
-0
-0
-0
-0
-0
-0
-0
-0
-0
0
0
0
0
0
0
0
0
0
0
0
0
0
0
0
0
0
0
0
0
0
0
0
0
0
0
0
0
0
0
0
0
0
0
0
0
0
0
0
0
0
0
0
0
0
0
0
0
0
0
-0
-0
-0
-0
-0
-0
-0
-0
-0
-0
-0
-0
-0
-0
-0
-0
-0
-0
-0
-0
-0
-0
-0
-0
-0
-0
-0
-0
-0
-0
-0
-0
-0
-0
-0
-0
-0
-0
-0
-0
-0
-0
-0
-0
-0
-0
-0
-0
-0
-0
0
0
0
0
0
0
0
0
0
0
0
0
0
0
0
0
0
0
0
0
0
0
0
0
0
0
0
0
0
0
0
0
0
0
0
0
0
0
0
0
0
0
0
0
0
0
0
0
0
-0
-0
-0
-0
-0
-0
-0
-0
-0
-0
-0
-0
-0
-0
-0
-0
-0
-0
-0
-0
-0
-0
-0
-0
-0
-0
-0
-0
-0
-0
-0
-0
-0
-0
-0
-0
-0
-0
-0
-0
-0
-0
-0
-0
-0
-0
-0
-0
-0
-0
-0
0
0
0
0
0
0
0
0
0
0
0
0
0
0
0
0
0
0
0
0
0
0
0
0
0
0
0
0
0
0
0
0
0
0
0
0
0
0
0
0
0
0
0
0
0
0
0
0
0
-0
-0
-0
-0
-0
-0
-0
-0
-0
-0
-0
-0
-0
-0
-0
-0
-0
-0
-0
-0
-0
-0
-0
-0
-0
-0
-0
-0
-0
-0
-0
-0
-0
-0
-0
-0
-0
-0
-0
-0
-0
-0
-0
-0
-0
-0
-0
-0
-0
-0
-0
0
0
0
0
0
0
0
0
0
0
0
0
0
0
0
0
0
0
0
0
0
0
0
0
0
0
0
0
0
0
0
0
0
0
0
0
0
0
0
0
0
0
0
0
0
0
0
0
0
0
-0
-0
-0
-0
-0
-0
-0
-0
-0
-0
-0
-0
-0
-0
-0
-0
-0
-0
-0
-0
-0
-0
-0
-0
-0
-0
-0
-0
-0
-0
-0
-0
-0
-0
-0
-0
-0
-0
-0
-0
-0
-0
-0
-0
-0
-0
-0
-0
-0
-0
0
0
0
0
0
0
0
0
0
0
0
0
0
0
0
0
0
0
0
0
0
0
0
0
0
0
0
0
0
0
0
0
0
0
0
0
0
0
0
0
0
0
0
0
0
0
0
0
0
0
-0
-0
-0
-0
-0
-0
-0
-0
-0
-0
-0
-0
-0
-0
-0
-0
-0
-0
-0
-0
-0
-0
-0
-0
-0
-0
-0
-0
-0
-0
-0
-0
-0
-0
-0
-0
-0
-0
-0
-0
-0
-0
-0
-0
-0
-0
-0
-0
-0
-0
0
0
0
0
0
0
0
0
0
0
0
0
0
0
0
0
0
0
0
0
0
0
0
0
0
0
0
0
0
0
0
0
0
0
0
0
0
0
0
0
0
0
0
0
0
0
0
0
0
0
-0
-0
-0
-0
-0
-0
-0
-0
-0
-0
-0
-0
-0
-0
-0
-0
-0
-0
-0
-0
-0
-0
-0
-0
-0
-0
-0
-0
-0
-0
-0
-0
-0
-0
-0
-0
-0
-0
-0
-0
-0
-0
-0
-0
-0
-0
-0
-0
-0
-0
0
0
0
0
0
0
0
0
0
0
0
0
0
0
0
0
0
0
0
0
0
0
0
0
0
0
0
0
0
0
0
0
0
0
0
0
0
0
0
0
0
0
0
0
0
0
0
0
0
-0
-0
-0
-0
-0
-0
-0
-0
-0
-0
-0
-0
-0
-0
-0
-0
-0
-0
-0
-0
-0
-0
-0
-0
-0
-0
-0
-0
-0
-0
-0
-0
-0
-0
-0
-0
-0
-0
-0
-0
-0
-0
-0
-0
-0
-0
-0
-0
-0
-0
-0
0
0
0
0
0
0
0
0
0
0
0
0
0
0
0
0
0
0
0
0
0
0
0
0
0
0
0
0
0
0
0
0
0
0
0
0
0
0
0
0
0
0
0
0
0
0
0
0
0
-0
-0
-0
-0
-0
-0
-0
-0
-0
-0
-0
-0
-0
-0
-0
-0
-0
-0
-0
-0
-0
-0
-0
-0
-0
-0
-0
-0
-0
-0
-0
-0
-0
-0
-0
-0
-0
-0
-0
-0
-0
-0
-0
-0
-0
-0
-0
-0
-0
-0
-0
0
0
0
0
0
0
0
0
0
0
0
0
0
0
0
0
0
0
0
0
0
0
0
0
0
0
0
0
0
0
0
0
0
0
0
0
0
0
0
0
0
0
0
0
0
0
0
0
0
-0
