-0
-0
-0
-0
-0
-0
-0
-0
-0
-0
-0
-0
-0
-0
-0
-0
-0
-0
-0
-0
-0
-0
-0
-0
-0
-0
-0
-0
-0
-0
-0
-0
-0
-0
-0
-0
-0
-0
-0
-0
-0
-0
-0
-0
-0
-0
-0
-0
-0
-0
-0
0
0
0
0
0
0
0
0
0
0
0
0
0
0
0
0
0
0
0
0
0
0
0
0
0
0
0
0
0
0
0
0
0
0
0
0
0
0
0
0
0
0
0
0
0
0
0
0
0
0
-0
-0
-0
-0
-0
-0
-0
-0
-0
-0
-0
-0
-0
-0
-0
-0
-0
-0
-0
-0
-0
-0
-0
-0
-0
-0
-0
-0
-0
-0
-0
-0
-0
-0
-0
-0
-0
-0
-0
-0
-0
-0
-0
-0
-0
-0
-0
-0
-0
-0
0
0
0
0
0
0
0
0
0
0
0
0
0
0
0
0
0
0
0
0
0
0
0
0
0
0
0
0
0
0
0
0
0
0
0
0
0
0
0
0
0
0
0
0
0
0
0
0
0
0
-0
-0
-0
-0
-0
-0
-0
-0
-0
-0
-0
-0
-0
-0
-0
-0
-0
-0
-0
-0
-0
-0
-0
-0
-0
-0
-0
-0
-0
-0
-0
-0
-0
-0
-0
-0
-0
-0
-0
-0
-0
-0
-0
-0
-0
-0
-0
-0
-0
-0
0
0
0
0
0
0
0
0
0
0
0
0
0
0
0
0
0
0
0
0
0
0
0
0
0
0
0
0
0
0
0
0
0
0
0
0
0
0
0
0
0
0
0
0
0
0
0
0
0
0
-0
-0
-0
-0
-0
-0
-0
-0
-0
-0
-0
-0
-0
-0
-0
-0
-0
-0
-0
-0
-0
-0
-0
-0
-0
-0
-0
-0
-0
-0
-0
-0
-0
-0
-0
-0
-0
-0
-0
-0
-0
-0
-0
-0
-0
-0
-0
-0
-0
0
0
0
0
0
0
0
0
0
0
0
0
0
0
0
0
0
0
0
0
0
0
0
0
0
0
0
0
0
0
0
0
0
0
0
0
0
0
0
0
0
0
0
0
0
0
0
0
0
0
0
-0
-0
-0
-0
-0
-0
-0
-0
-0
-0
-0
-0
-0
-0
-0
-0
-0
-0
-0
-0
-0
-0
-0
-0
-0
-0
-0
-0
-0
-0
-0
-0
-0
-0
-0
-0
-0
-0
-0
-0
-0
-0
-0
-0
-0
-0
-0
-0
-0
-0
0
0
0
0
0
0
0
0
0
0
0
0
0
0
0
0
0
0
0
0
0
0
0
0
0
0
0
0
0
0
0
0
0
0
0
0
0
0
0
0
0
0
0
0
0
0
0
0
0
0
-0
-0
-0
-0
-0
-0
-0
-0
-0
-0
-0
-0
-0
-0
-0
-0
-0
-0
-0
-0
-0
-0
-0
-0
-0
-0
-0
-0
-0
-0
-0
-0
-0
-0
-0
-0
-0
-0
-0
-0
-0
-0
-0
-0
-0
-0
-0
-0
-0
0
0
0
0
0
0
0
0
0
0
0
0
0
0
0
0
0
0
0
0
0
0
0
0
0
0
0
0
0
0
0
0
0
0
0
0
0
0
0
0
0
0
0
0
0
0
0
0
0
0
0
-0
-0
-0
-0
-0
-0
-0
-0
-0
-0
-0
-0
-0
-0
-0
-0
-0
-0
-0
-0
-0
-0
-0
-0
-0
-0
-0
-0
-0
-0
-0
-0
-0
-0
-0
-0
-0
-0
-0
-0
-0
-0
-0
-0
-0
-0
-0
-0
-0
0
0
0
0
0
0
0
0
0
0
0
0
0
0
0
0
0
0
0
0
0
0
0
0
0
0
0
0
0
0
0
0
0
0
0
0
0
0
0
0
0
0
0
0
0
0
0
0
0
0
-0
-0
-0
-0
-0
-0
-0
-0
-0
-0
-0
-0
-0
-0
-0
-0
-0
-0
-0
-0
-0
-0
-0
-0
-0
-0
-0
-0
-0
-0
-0
-0
-0
-0
-0
-0
-0
-0
-0
-0
-0
-0
-0
-0
-0
-0
-0
-0
-0
-0
-0
0
0
0
0
0
0
0
0
0
0
0
0
0
0
0
0
0
0
0
0
0
0
0
0
0
0
0
0
0
0
0
0
0
0
0
0
0
0
0
0
0
0
0
0
0
0
0
0
0
0
-0
-0
-0
-0
-0
-0
-0
-0
-0
-0
-0
-0
-0
-0
-0
-0
-0
-0
-0
-0
-0
-0
-0
-0
-0
-0
-0
-0
-0
-0
-0
-0
-0
-0
-0
-0
-0
-0
-0
-0
-0
-0
-0
-0
-0
-0
-0
-0
-0
-0
0
0
0
0
0
0
0
0
0
0
0
0
0
0
0
0
0
0
0
0
0
0
0
0
0
0
0
0
0
0
0
0
0
0
0
0
0
0
0
0
0
0
0
0
0
0
0
0
0
0
-0
-0
-0
-0
-0
-0
-0
-0
-0
-0
-0
-0
-0
-0
-0
-0
-0
-0
-0
-0
-0
-0
-0
-0
-0
-0
-0
-0
-0
-0
-0
-0
-0
-0
-0
-0
-0
-0
-0
-0
-0
-0
-0
-0
-0
-0
-0
-0
-0
0
0
0
0
0
0
0
0
0
0
0
0
0
0
0
0
0
0
0
0
0
0
0
0
0
0
0
0
0
0
0
0
0
0
0
0
0
0
0
0
0
0
0
0
0
0
0
0
0
0
0
-0
-0
-0
-0
-0
-0
-0
-0
-0
-0
-0
-0
-0
-0
-0
-0
-0
-0
-0
-0
-0
-0
-0
-0
-0
-0
-0
-0
-0
-0
-0
-0
-0
-0
-0
-0
-0
-0
-0
-0
-0
-0
-0
-0
-0
-0
-0
-0
-0
0
0
0
0
0
0
0
0
0
0
0
0
0
0
0
0
0
0
0
0
0
0
0
0
0
0
0
0
0
0
0
0
0
0
0
0
0
0
0
0
0
0
0
0
0
0
0
0
0
0
-0
-0
-0
-0
-0
-0
-0
-0
-0
-0
-0
-0
-0
-0
-0
-0
-0
-0
-0
-0
-0
-0
-0
-0
-0
-0
-0
-0
-0
-0
-0
-0
-0
-0
-0
-0
-0
-0
-0
-0
-0
-0
-0
-0
-0
-0
-0
-0
-0
-0
0
0
0
0
0
0
0
0
0
0
0
0
0
0
0
0
0
0
0
0
0
0
0
0
0
0
0
0
0
0
0
0
0
0
0
0
0
0
0
0
0
0
0
0
0
0
0
0
0
0
0
-0
-0
-0
-0
-0
-0
-0
-0
-0
-0
-0
-0
-0
-0
-0
-0
-0
-0
-0
-0
-0
-0
-0
-0
-0
-0
-0
-0
-0
-0
-0
-0
-0
-0
-0
-0
-0
-0
-0
-0
-0
-0
-0
-0
-0
-0
-0
-0
-0
0
0
0
0
0
0
0
0
0
0
0
0
0
0
0
0
0
0
0
0
0
0
0
0
0
0
0
0
0
0
0
0
0
0
0
0
0
0
0
0
0
0
0
0
0
0
0
0
0
0
-0
-0
-0
-0
-0
-0
-0
-0
-0
-0
-0
-0
-0
-0
-0
-0
-0
-0
-0
-0
-0
-0
-0
-0
-0
-0
-0
-0
-0
-0
-0
-0
-0
-0
-0
-0
-0
-0
-0
-0
-0
-0
-0
-0
-0
-0
-0
-0
-0
-0
0
0
0
0
0
0
0
0
0
0
0
0
0
0
0
0
0
0
0
0
0
0
0
0
0
0
0
0
0
0
0
0
0
0
0
0
0
0
0
0
0
0
0
0
0
0
0
0
0
0
-0
-0
-0
-0
-0
-0
-0
-0
-0
-0
-0
-0
-0
-0
-0
-0
-0
-0
-0
-0
-0
-0
-0
-0
-0
-0
-0
-0
-0
-0
-0
-0
-0
-0
-0
-0
-0
-0
-0
-0
-0
-0
-0
-0
-0
-0
-0
-0
-0
-0
0
0
0
0
0
0
0
0
0
0
0
0
0
0
0
0
0
0
0
0
0
0
0
0
0
0
0
0
0
0
0
0
0
0
0
0
0
0
0
0
0
0
0
0
0
0
0
0
0
0
0
-0
-0
-0
-0
-0
-0
-0
-0
-0
-0
-0
-0
-0
-0
-0
-0
-0
-0
-0
-0
-0
-0
-0
-0
-0
-0
-0
-0
-0
-0
-0
-0
-0
-0
-0
-0
-0
-0
-0
-0
-0
-0
-0
-0
-0
-0
-0
-0
-0
-0
0
0
0
0
0
0
0
0
0
0
0
0
0
0
0
0
0
0
0
0
0
0
0
0
0
0
0
0
0
0
0
0
0
0
0
0
0
0
0
0
0
0
0
0
0
0
0
0
0
0
-0
-0
-0
-0
-0
-0
-0
-0
-0
-0
-0
-0
-0
-0
-0
-0
-0
-0
-0
-0
-0
-0
-0
-0
-0
-0
-0
-0
-0
-0
-0
-0
-0
-0
-0
-0
-0
-0
-0
-0
-0
-0
-0
-0
-0
-0
-0
-0
-0
-0
0
0
0
0
0
0
0
0
0
0
0
0
0
0
0
0
0
0
0
0
0
0
0
0
0
0
0
0
0
0
0
0
0
0
0
0
0
0
0
0
0
0
0
0
0
0
0
0
0
0
-0
-0
-0
-0
-0
-0
-0
-0
-0
-0
-0
-0
-0
-0
-0
-0
-0
-0
-0
-0
-0
-0
-0
-0
-0
-0
-0
-0
-0
-0
-0
-0
-0
-0
-0
-0
-0
-0
-0
-0
-0
-0
-0
-0
-0
-0
-0
-0
-0
-0
0
0
0
0
0
0
0
0
0
0
0
0
0
0
0
0
0
0
0
0
0
0
0
0
0
0
0
0
0
0
0
0
0
0
0
0
0
0
0
0
0
0
0
0
0
0
0
0
0
0
-0
-0
-0
-0
-0
-0
-0
-0
-0
-0
-0
-0
-0
-0
-0
-0
-0
-0
-0
-0
-0
-0
-0
-0
-0
-0
-0
-0
-0
-0
-0
-0
-0
-0
-0
-0
-0
-0
-0
-0
-0
-0
-0
-0
-0
-0
-0
-0
-0
-0
0
0
0
0
0
0
0
0
0
0
0
0
0
0
0
0
0
0
0
0
0
0
0
0
0
0
0
0
0
0
0
0
0
0
0
0
0
0
0
0
0
0
0
0
0
0
0
0
0
-0
-0
-0
-0
-0
-0
-0
-0
-0
-0
-0
-0
-0
-0
-0
-0
-0
-0
-0
-0
-0
-0
-0
-0
-0
-0
-0
-0
-0
-0
-0
-0
-0
-0
-0
-0
-0
-0
-0
-0
-0
-0
-0
-0
-0
-0
-0
-0
-0
-0
-0
0
0
0
0
0
0
0
0
0
0
0
0
0
0
0
0
0
0
0
0
0
0
0
0
0
0
0
0
0
0
0
0
0
0
0
0
0
0
0
0
0
0
0
0
0
0
0
0
0
0
-1.8837e-09
-7.52e-09
-1.6864e-08
-2.9843e-08
-4.6353e-08
-6.6262e-08
-8.9414e-08
-1.1562e-07
-1.4467e-07
-1.7634e-07
-2.1035e-07
-2.4644e-07
-2.843e-07
-3.2362e-07
-3.6406e-07
-4.0528e-07
-4.4692e-07
-4.8861e-07
-5.2997e-07
-5.7063e-07
-6.1021e-07
-6.4831e-07
-6.8456e-07
-7.1858e-07
-7.5e-07
-7.7846e-07
-8.0361e-07
-8.2512e-07
-8.4267e-07
-8.5595e-07
-8.6469e-07
-8.6863e-07
-8.6754e-07
-8.6121e-07
-8.4947e-07
-8.3215e-07
-8.0916e-07
-7.8038e-07
-7.4579e-07
-7.0534e-07
-6.5907e-07
-6.0701e-07
-5.4926e-07
-4.8592e-07
-4.1717e-07
-3.4319e-07
-2.6421e-07
-1.8048e-07
-9.2302e-08
-2.3519e-20
9.6069e-08
1.9552e-07
2.9794e-07
4.0288e-07
5.0988e-07
6.1845e-07
7.2808e-07
8.3825e-07
9.4841e-07
1.058e-06
1.1665e-06
1.2733e-06
1.3778e-06
1.4794e-06
1.5776e-06
1.6718e-06
1.7614e-06
1.8458e-06
1.9246e-06
1.9972e-06
2.0631e-06
2.1217e-06
2.1727e-06
2.2156e-06
2.25e-06
2.2755e-06
2.2918e-06
2.2986e-06
2.2955e-06
2.2825e-06
2.2594e-06
2.2259e-06
2.182e-06
2.1277e-06
2.063e-06
1.9879e-06
1.9026e-06
1.8072e-06
1.7019e-06
1.587e-06
1.4628e-06
1.3296e-06
1.1879e-06
1.0381e-06
8.807e-07
7.1623e-07
5.4528e-07
3.6848e-07
1.8649e-07
-5.8857e-21
-1.9026e-07
-3.8352e-07
-5.7901e-07
-7.7591e-07
-9.734e-07
-1.1706e-06
-1.3668e-06
-1.5609e-06
-1.7522e-06
-1.9397e-06
-2.1226e-06
-2.3001e-06
-2.4712e-06
-2.6352e-06
-2.7911e-06
-2.9383e-06
-3.0758e-06
-3.2031e-06
-3.3193e-06
-3.4238e-06
-3.516e-06
-3.5952e-06
-3.6609e-06
-3.7127e-06
-3.75e-06
-3.7725e-06
-3.78e-06
-3.772e-06
-3.7484e-06
-3.7091e-06
-3.654e-06
-3.5831e-06
-3.4965e-06
-3.3942e-06
-3.2765e-06
-3.1437e-06
-2.9961e-06
-2.834e-06
-2.6581e-06
-2.4687e-06
-2.2665e-06
-2.0523e-06
-1.8266e-06
-1.5903e-06
-1.3442e-06
-1.0893e-06
-8.2635e-07
-5.5648e-07
-2.8067e-07
-3.9684e-20
2.8444e-07
5.7152e-07
8.6008e-07
1.1489e-06
1.4369e-06
1.7228e-06
2.0054e-06
2.2835e-06
2.5559e-06
2.8214e-06
3.0788e-06
3.3269e-06
3.5647e-06
3.7909e-06
4.0046e-06
4.2048e-06
4.3903e-06
4.5603e-06
4.714e-06
4.8504e-06
4.9688e-06
5.0686e-06
5.1491e-06
5.2097e-06
5.25e-06
5.2696e-06
5.2681e-06
5.2454e-06
5.2013e-06
5.1357e-06
5.0487e-06
4.9404e-06
4.8109e-06
4.6607e-06
4.49e-06
4.2995e-06
4.0895e-06
3.8608e-06
3.6142e-06
3.3504e-06
3.0703e-06
2.7749e-06
2.4653e-06
2.1425e-06
1.8077e-06
1.4623e-06
1.1074e-06
7.4448e-07
3.7486e-07
-5.2934e-20
-3.7863e-07
-7.5952e-07
-1.1412e-06
-1.522e-06
-1.9005e-06
-2.275e-06
-2.6441e-06
-3.0061e-06
-3.3596e-06
-3.703e-06
-4.0349e-06
-4.3537e-06
-4.6581e-06
-4.9467e-06
-5.2182e-06
-5.4712e-06
-5.7048e-06
-5.9176e-06
-6.1086e-06
-6.277e-06
-6.4217e-06
-6.542e-06
-6.6372e-06
-6.7067e-06
-6.75e-06
-6.7666e-06
-6.7563e-06
-6.7188e-06
-6.6542e-06
-6.5623e-06
-6.4434e-06
-6.2976e-06
-6.1254e-06
-5.9272e-06
-5.7036e-06
-5.4552e-06
-5.183e-06
-4.8877e-06
-4.5703e-06
-4.2321e-06
-3.874e-06
-3.4975e-06
-3.1039e-06
-2.6947e-06
-2.2713e-06
-1.8353e-06
-1.3885e-06
-9.3248e-07
-4.6905e-07
-1.4686e-20
4.7281e-07
9.4752e-07
1.4222e-06
1.895e-06
2.364e-06
2.8272e-06
3.2828e-06
3.7288e-06
4.1634e-06
4.5847e-06
4.991e-06
5.3805e-06
5.7516e-06
6.1025e-06
6.4317e-06
6.7377e-06
7.0192e-06
7.2748e-06
7.5033e-06
7.7036e-06
7.8746e-06
8.0155e-06
8.1254e-06
8.2038e-06
8.25e-06
8.2637e-06
8.2445e-06
8.1923e-06
8.107e-06
7.9889e-06
7.838e-06
7.6548e-06
7.4398e-06
7.1937e-06
6.9171e-06
6.611e-06
6.2764e-06
5.9145e-06
5.5265e-06
5.1137e-06
4.6778e-06
4.2202e-06
3.7426e-06
3.2469e-06
2.7348e-06
2.2084e-06
1.6696e-06
1.1205e-06
5.6323e-07
-1.4115e-19
-5.67e-07
-1.1355e-06
-1.7033e-06
-2.2681e-06
-2.8275e-06
-3.3794e-06
-3.9214e-06
-4.4514e-06
-4.9671e-06
-5.4664e-06
-5.9472e-06
-6.4074e-06
-6.845e-06
-7.2582e-06
-7.6452e-06
-8.0042e-06
-8.3337e-06
-8.6321e-06
-8.898e-06
-9.1301e-06
-9.3275e-06
-9.4889e-06
-9.6136e-06
-9.7008e-06
-9.75e-06
-9.7607e-06
-9.7326e-06
-9.6657e-06
-9.5599e-06
-9.4155e-06
-9.2327e-06
-9.0121e-06
-8.7543e-06
-8.4602e-06
-8.1306e-06
-7.7668e-06
-7.3699e-06
-6.9413e-06
-6.4826e-06
-5.9954e-06
-5.4815e-06
-4.9428e-06
-4.3813e-06
-3.799e-06
-3.1983e-06
-2.5814e-06
-1.9506e-06
-1.3085e-06
-6.5742e-07
5.1474e-20
6.6118e-07
1.3235e-06
1.9844e-06
2.6411e-06
3.291e-06
3.9316e-06
4.5601e-06
5.174e-06
5.7709e-06
6.3481e-06
6.9033e-06
7.4342e-06
7.9385e-06
8.414e-06
8.8587e-06
9.2707e-06
9.6481e-06
9.9893e-06
1.0293e-05
1.0557e-05
1.078e-05
1.0962e-05
1.1102e-05
1.1198e-05
1.125e-05
1.1258e-05
1.1221e-05
1.1139e-05
1.1013e-05
1.0842e-05
1.0627e-05
1.0369e-05
1.0069e-05
9.7267e-06
9.3441e-06
8.9225e-06
8.4633e-06
7.9681e-06
7.4387e-06
6.8771e-06
6.2852e-06
5.6654e-06
5.0199e-06
4.3512e-06
3.6619e-06
2.9544e-06
2.2317e-06
1.4965e-06
7.516e-07
7.054e-20
-7.5537e-07
-1.5115e-06
-2.2654e-06
-3.0141e-06
-3.7546e-06
-4.4838e-06
-5.1988e-06
-5.8967e-06
-6.5746e-06
-7.2298e-06
-7.8594e-06
-8.461e-06
-9.0319e-06
-9.5698e-06
-1.0072e-05
-1.0537e-05
-1.0963e-05
-1.1347e-05
-1.1687e-05
-1.1983e-05
-1.2233e-05
-1.2436e-05
-1.259e-05
-1.2695e-05
-1.275e-05
-1.2755e-05
-1.2709e-05
-1.2613e-05
-1.2466e-05
-1.2269e-05
-1.2022e-05
-1.1727e-05
-1.1383e-05
-1.0993e-05
-1.0558e-05
-1.0078e-05
-9.5568e-06
-8.9949e-06
-8.3949e-06
-7.7588e-06
-7.089e-06
-6.3881e-06
-5.6586e-06
-4.9034e-06
-4.1254e-06
-3.3275e-06
-2.5128e-06
-1.6845e-06
-8.4579e-07
1.588e-19
8.4956e-07
1.6995e-06
2.5465e-06
3.3872e-06
4.2181e-06
5.0359e-06
5.8374e-06
6.6193e-06
7.3783e-06
8.1114e-06
8.8156e-06
9.4878e-06
1.0125e-05
1.0726e-05
1.1286e-05
1.1804e-05
1.2277e-05
1.2704e-05
1.3082e-05
1.341e-05
1.3686e-05
1.3909e-05
1.4078e-05
1.4192e-05
1.425e-05
1.4252e-05
1.4197e-05
1.4086e-05
1.3919e-05
1.3695e-05
1.3417e-05
1.3084e-05
1.2698e-05
1.226e-05
1.1771e-05
1.1234e-05
1.065e-05
1.0022e-05
9.351e-06
8.6404e-06
7.8927e-06
7.1107e-06
6.2973e-06
5.4556e-06
4.5889e-06
3.7005e-06
2.7939e-06
1.8725e-06
9.3997e-07
-1.4733e-20
-9.4374e-07
-1.8875e-06
-2.8276e-06
-3.7602e-06
-4.6816e-06
-5.5881e-06
-6.4761e-06
-7.3419e-06
-8.1821e-06
-8.9931e-06
-9.7717e-06
-1.0515e-05
-1.1219e-05
-1.1881e-05
-1.2499e-05
-1.307e-05
-1.3592e-05
-1.4061e-05
-1.4477e-05
-1.4836e-05
-1.5139e-05
-1.5383e-05
-1.5566e-05
-1.5689e-05
-1.575e-05
-1.5749e-05
-1.5685e-05
-1.5559e-05
-1.5371e-05
-1.5122e-05
-1.4811e-05
-1.4441e-05
-1.4012e-05
-1.3526e-05
-1.2985e-05
-1.239e-05
-1.1744e-05
-1.1049e-05
-1.0307e-05
-9.5221e-06
-8.6965e-06
-7.8333e-06
-6.9359e-06
-6.0078e-06
-5.0524e-06
-4.0735e-06
-3.0749e-06
-2.0605e-06
-1.0342e-06
3.0728e-19
1.0379e-06
2.0755e-06
3.1087e-06
4.1332e-06
5.1451e-06
6.1403e-06
7.1148e-06
8.0646e-06
8.9858e-06
9.8748e-06
1.0728e-05
1.1541e-05
1.2312e-05
1.3037e-05
1.3713e-05
1.4337e-05
1.4906e-05
1.5418e-05
1.5871e-05
1.6263e-05
1.6592e-05
1.6856e-05
1.7054e-05
1.7186e-05
1.725e-05
1.7246e-05
1.7174e-05
1.7033e-05
1.6824e-05
1.6548e-05
1.6206e-05
1.5798e-05
1.5327e-05
1.4793e-05
1.4198e-05
1.3546e-05
1.2837e-05
1.2075e-05
1.1263e-05
1.0404e-05
9.5002e-06
8.5559e-06
7.5746e-06
6.56e-06
5.516e-06
4.4466e-06
3.356e-06
2.2485e-06
1.1283e-06
-1.4117e-19
-1.1321e-06
-2.2635e-06
-3.3897e-06
-4.5063e-06
-5.6087e-06
-6.6925e-06
-7.7534e-06
-8.7872e-06
-9.7896e-06
-1.0756e-05
-1.1684e-05
-1.2568e-05
-1.3406e-05
-1.4193e-05
-1.4926e-05
-1.5603e-05
-1.622e-05
-1.6775e-05
-1.7266e-05
-1.769e-05
-1.8045e-05
-1.8329e-05
-1.8543e-05
-1.8683e-05
-1.875e-05
-1.8743e-05
-1.8662e-05
-1.8506e-05
-1.8277e-05
-1.7975e-05
-1.7601e-05
-1.7156e-05
-1.6641e-05
-1.6059e-05
-1.5412e-05
-1.4701e-05
-1.3931e-05
-1.3102e-05
-1.2219e-05
-1.1285e-05
-1.0304e-05
-9.2786e-06
-8.2133e-06
-7.1122e-06
-5.9795e-06
-4.8196e-06
-3.6371e-06
-2.4365e-06
-1.2225e-06
-5.7289e-20
1.2263e-06
2.4515e-06
3.6708e-06
4.8793e-06
6.0722e-06
7.2447e-06
8.3921e-06
9.5098e-06
1.0593e-05
1.1638e-05
1.264e-05
1.3595e-05
1.4499e-05
1.5349e-05
1.614e-05
1.687e-05
1.7535e-05
1.8133e-05
1.8661e-05
1.9116e-05
1.9498e-05
1.9803e-05
2.0031e-05
2.018e-05
2.025e-05
2.024e-05
2.015e-05
1.998e-05
1.973e-05
1.9402e-05
1.8995e-05
1.8513e-05
1.7956e-05
1.7326e-05
1.6625e-05
1.5857e-05
1.5024e-05
1.4129e-05
1.3176e-05
1.2167e-05
1.1108e-05
1.0001e-05
8.852e-06
7.6644e-06
6.443e-06
5.1926e-06
3.9181e-06
2.6245e-06
1.3167e-06
-3.0877e-19
-1.3205e-06
-2.6395e-06
-3.9519e-06
-5.2523e-06
-6.5357e-06
-7.7969e-06
-9.0308e-06
-1.0232e-05
-1.1397e-05
-1.252e-05
-1.3596e-05
-1.4622e-05
-1.5593e-05
-1.6504e-05
-1.7353e-05
-1.8136e-05
-1.8849e-05
-1.949e-05
-2.0055e-05
-2.0543e-05
-2.095e-05
-2.1276e-05
-2.1519e-05
-2.1677e-05
-2.175e-05
-2.1737e-05
-2.1638e-05
-2.1453e-05
-2.1183e-05
-2.0828e-05
-2.039e-05
-1.987e-05
-1.927e-05
-1.8592e-05
-1.7839e-05
-1.7013e-05
-1.6117e-05
-1.5156e-05
-1.4132e-05
-1.3049e-05
-1.1911e-05
-1.0724e-05
-9.4906e-06
-8.2165e-06
-6.9065e-06
-5.5657e-06
-4.1992e-06
-2.8125e-06
-1.4109e-06
8.8258e-20
1.4147e-06
2.8275e-06
4.2329e-06
5.6254e-06
6.9992e-06
8.3491e-06
9.6694e-06
1.0955e-05
1.2201e-05
1.3402e-05
1.4552e-05
1.5649e-05
1.6686e-05
1.766e-05
1.8567e-05
1.9403e-05
2.0164e-05
2.0847e-05
2.145e-05
2.1969e-05
2.2403e-05
2.275e-05
2.3007e-05
2.3174e-05
2.325e-05
2.3234e-05
2.3126e-05
2.2927e-05
2.2636e-05
2.2255e-05
2.1785e-05
2.1227e-05
2.0584e-05
1.9859e-05
1.9052e-05
1.8169e-05
1.7211e-05
1.6183e-05
1.5088e-05
1.3931e-05
1.2715e-05
1.1446e-05
1.0129e-05
8.7687e-06
7.3701e-06
5.9387e-06
4.4803e-06
3.0005e-06
1.5051e-06
-5.1753e-19
-1.5089e-06
-3.0155e-06
-4.514e-06
-5.9984e-06
-7.4628e-06
-8.9013e-06
-1.0308e-05
-1.1678e-05
-1.3005e-05
-1.4283e-05
-1.5509e-05
-1.6676e-05
-1.778e-05
-1.8816e-05
-1.978e-05
-2.0669e-05
-2.1478e-05
-2.2204e-05
-2.2845e-05
-2.3396e-05
-2.3856e-05
-2.4223e-05
-2.4495e-05
-2.4671e-05
-2.475e-05
-2.4731e-05
-2.4614e-05
-2.44e-05
-2.4089e-05
-2.3681e-05
-2.3179e-05
-2.2584e-05
-2.1899e-05
-2.1125e-05
-2.0266e-05
-1.9324e-05
-1.8304e-05
-1.721e-05
-1.6044e-05
-1.4812e-05
-1.3519e-05
-1.2169e-05
-1.0768e-05
-9.3209e-06
-7.8336e-06
-6.3117e-06
-4.7614e-06
-3.1885e-06
-1.5993e-06
2.7497e-19
1.603e-06
3.2035e-06
4.7951e-06
6.3714e-06
7.9263e-06
9.4534e-06
1.0947e-05
1.24e-05
1.3808e-05
1.5165e-05
1.6465e-05
1.7702e-05
1.8873e-05
1.9972e-05
2.0994e-05
2.1936e-05
2.2793e-05
2.3562e-05
2.4239e-05
2.4823e-05
2.5309e-05
2.5697e-05
2.5983e-05
2.6168e-05
2.625e-05
2.6228e-05
2.6103e-05
2.5873e-05
2.5542e-05
2.5108e-05
2.4574e-05
2.3942e-05
2.3213e-05
2.2392e-05
2.1479e-05
2.048e-05
1.9398e-05
1.8236e-05
1.7e-05
1.5694e-05
1.4323e-05
1.2892e-05
1.1407e-05
9.8731e-06
8.2971e-06
6.6848e-06
5.0424e-06
3.3765e-06
1.6935e-06
-6.685e-23
-1.6972e-06
-3.3915e-06
-5.0762e-06
-6.7445e-06
-8.3898e-06
-1.0006e-05
-1.1585e-05
-1.3123e-05
-1.4612e-05
-1.6047e-05
-1.7421e-05
-1.8729e-05
-1.9966e-05
-2.1127e-05
-2.2208e-05
-2.3202e-05
-2.4107e-05
-2.4919e-05
-2.5634e-05
-2.6249e-05
-2.6762e-05
-2.717e-05
-2.7472e-05
-2.7665e-05
-2.775e-05
-2.7725e-05
-2.7591e-05
-2.7347e-05
-2.6994e-05
-2.6534e-05
-2.5969e-05
-2.5299e-05
-2.4528e-05
-2.3658e-05
-2.2693e-05
-2.1636e-05
-2.0491e-05
-1.9263e-05
-1.7956e-05
-1.6576e-05
-1.5126e-05
-1.3614e-05
-1.2045e-05
-1.0425e-05
-8.7606e-06
-7.0578e-06
-5.3235e-06
-3.5645e-06
-1.7876e-06
5.0284e-19
1.7914e-06
3.5795e-06
5.3572e-06
7.1175e-06
8.8533e-06
1.0558e-05
1.2224e-05
1.3846e-05
1.5416e-05
1.6928e-05
1.8377e-05
1.9756e-05
2.106e-05
2.2283e-05
2.3421e-05
2.4469e-05
2.5422e-05
2.6276e-05
2.7029e-05
2.7676e-05
2.8215e-05
2.8643e-05
2.896e-05
2.9162e-05
2.925e-05
2.9222e-05
2.9079e-05
2.882e-05
2.8447e-05
2.7961e-05
2.7363e-05
2.6656e-05
2.5842e-05
2.4925e-05
2.3906e-05
2.2792e-05
2.1585e-05
2.029e-05
1.8912e-05
1.7457e-05
1.593e-05
1.4337e-05
1.2684e-05
1.0977e-05
9.2242e-06
7.4309e-06
5.6046e-06
3.7525e-06
1.8818e-06
6.4676e-19
-1.8837e-06
-3.76e-06
-5.6214e-06
-7.4607e-06
-9.2705e-06
-1.1044e-05
-1.2773e-05
-1.4453e-05
-1.6075e-05
-1.7634e-05
-1.9123e-05
-2.0536e-05
-2.1869e-05
-2.3115e-05
-2.4271e-05
-2.533e-05
-2.6289e-05
-2.7145e-05
-2.7893e-05
-2.8532e-05
-2.9057e-05
-2.9469e-05
-2.9763e-05
-2.9941e-05
-3e-05
-2.9941e-05
-2.9763e-05
-2.9469e-05
-2.9057e-05
-2.8532e-05
-2.7893e-05
-2.7145e-05
-2.6289e-05
-2.533e-05
-2.4271e-05
-2.3115e-05
-2.1869e-05
-2.0536e-05
-1.9123e-05
-1.7634e-05
-1.6075e-05
-1.4453e-05
-1.2773e-05
-1.1044e-05
-9.2705e-06
-7.4607e-06
-5.6214e-06
-3.76e-06
-1.8837e-06
-1.1753e-19
1.8837e-06
3.76e-06
5.6214e-06
7.4607e-06
9.2705e-06
1.1044e-05
1.2773e-05
1.4453e-05
1.6075e-05
1.7634e-05
1.9123e-05
2.0536e-05
2.1869e-05
2.3115e-05
2.4271e-05
2.533e-05
2.6289e-05
2.7145e-05
2.7893e-05
2.8532e-05
2.9057e-05
2.9469e-05
2.9763e-05
2.9941e-05
3e-05
2.9941e-05
2.9763e-05
2.9469e-05
2.9057e-05
2.8532e-05
2.7893e-05
2.7145e-05
2.6289e-05
2.533e-05
2.4271e-05
2.3115e-05
2.1869e-05
2.0536e-05
1.9123e-05
1.7634e-05
1.6075e-05
1.4453e-05
1.2773e-05
1.1044e-05
9.2705e-06
7.4607e-06
5.6214e-06
3.76e-06
1.8837e-06
4.4095e-19
-1.8837e-06
-3.76e-06
-5.6214e-06
-7.4607e-06
-9.2705e-06
-1.1044e-05
-1.2773e-05
-1.4453e-05
-1.6075e-05
-1.7634e-05
-1.9123e-05
-2.0536e-05
-2.1869e-05
-2.3115e-05
-2.4271e-05
-2.533e-05
-2.6289e-05
-2.7145e-05
-2.7893e-05
-2.8532e-05
-2.9057e-05
-2.9469e-05
-2.9763e-05
-2.9941e-05
-3e-05
-2.9941e-05
-2.9763e-05
-2.9469e-05
-2.9057e-05
-2.8532e-05
-2.7893e-05
-2.7145e-05
-2.6289e-05
-2.533e-05
-2.4271e-05
-2.3115e-05
-2.1869e-05
-2.0536e-05
-1.9123e-05
-1.7634e-05
-1.6075e-05
-1.4453e-05
-1.2773e-05
-1.1044e-05
-9.2705e-06
-7.4607e-06
-5.6214e-06
-3.76e-06
-1.8837e-06
-7.6437e-19
1.8837e-06
3.76e-06
5.6214e-06
7.4607e-06
9.2705e-06
1.1044e-05
1.2773e-05
1.4453e-05
1.6075e-05
1.7634e-05
1.9123e-05
2.0536e-05
2.1869e-05
2.3115e-05
2.4271e-05
2.533e-05
2.6289e-05
2.7145e-05
2.7893e-05
2.8532e-05
2.9057e-05
2.9469e-05
2.9763e-05
2.9941e-05
3e-05
2.9941e-05
2.9763e-05
2.9469e-05
2.9057e-05
2.8532e-05
2.7893e-05
2.7145e-05
2.6289e-05
2.533e-05
2.4271e-05
2.3115e-05
2.1869e-05
2.0536e-05
1.9123e-05
1.7634e-05
1.6075e-05
1.4453e-05
1.2773e-05
1.1044e-05
9.2705e-06
7.4607e-06
5.6214e-06
3.76e-06
1.8837e-06
2.3513e-19
-1.8837e-06
-3.76e-06
-5.6214e-06
-7.4607e-06
-9.2705e-06
-1.1044e-05
-1.2773e-05
-1.4453e-05
-1.6075e-05
-1.7634e-05
-1.9123e-05
-2.0536e-05
-2.1869e-05
-2.3115e-05
-2.4271e-05
-2.533e-05
-2.6289e-05
-2.7145e-05
-2.7893e-05
-2.8532e-05
-2.9057e-05
-2.9469e-05
-2.9763e-05
-2.9941e-05
-3e-05
-2.9941e-05
-2.9763e-05
-2.9469e-05
-2.9057e-05
-2.8532e-05
-2.7893e-05
-2.7145e-05
-2.6289e-05
-2.533e-05
-2.4271e-05
-2.3115e-05
-2.1869e-05
-2.0536e-05
-1.9123e-05
-1.7634e-05
-1.6075e-05
-1.4453e-05
-1.2773e-05
-1.1044e-05
-9.2705e-06
-7.4607e-06
-5.6214e-06
-3.76e-06
-1.8837e-06
-5.5855e-19
1.8837e-06
3.76e-06
5.6214e-06
7.4607e-06
9.2705e-06
1.1044e-05
1.2773e-05
1.4453e-05
1.6075e-05
1.7634e-05
1.9123e-05
2.0536e-05
2.1869e-05
2.3115e-05
2.4271e-05
2.533e-05
2.6289e-05
2.7145e-05
2.7893e-05
2.8532e-05
2.9057e-05
2.9469e-05
2.9763e-05
2.9941e-05
3e-05
2.9941e-05
2.9763e-05
2.9469e-05
2.9057e-05
2.8532e-05
2.7893e-05
2.7145e-05
2.6289e-05
2.533e-05
2.4271e-05
2.3115e-05
2.1869e-05
2.0536e-05
1.9123e-05
1.7634e-05
1.6075e-05
1.4453e-05
1.2773e-05
1.1044e-05
9.2705e-06
7.4607e-06
5.6214e-06
3.76e-06
1.8837e-06
2.9317e-20
-1.8837e-06
-3.76e-06
-5.6214e-06
-7.4607e-06
-9.2705e-06
-1.1044e-05
-1.2773e-05
-1.4453e-05
-1.6075e-05
-1.7634e-05
-1.9123e-05
-2.0536e-05
-2.1869e-05
-2.3115e-05
-2.4271e-05
-2.533e-05
-2.6289e-05
-2.7145e-05
-2.7893e-05
-2.8532e-05
-2.9057e-05
-2.9469e-05
-2.9763e-05
-2.9941e-05
-3e-05
-2.9941e-05
-2.9763e-05
-2.9469e-05
-2.9057e-05
-2.8532e-05
-2.7893e-05
-2.7145e-05
-2.6289e-05
-2.533e-05
-2.4271e-05
-2.3115e-05
-2.1869e-05
-2.0536e-05
-1.9123e-05
-1.7634e-05
-1.6075e-05
-1.4453e-05
-1.2773e-05
-1.1044e-05
-9.2705e-06
-7.4607e-06
-5.6214e-06
-3.76e-06
-1.8837e-06
-3.5274e-19
1.8837e-06
3.76e-06
5.6214e-06
7.4607e-06
9.2705e-06
1.1044e-05
1.2773e-05
1.4453e-05
1.6075e-05
1.7634e-05
1.9123e-05
2.0536e-05
2.1869e-05
2.3115e-05
2.4271e-05
2.533e-05
2.6289e-05
2.7145e-05
2.7893e-05
2.8532e-05
2.9057e-05
2.9469e-05
2.9763e-05
2.9941e-05
3e-05
2.9941e-05
2.9763e-05
2.9469e-05
2.9057e-05
2.8532e-05
2.7893e-05
2.7145e-05
2.6289e-05
2.533e-05
2.4271e-05
2.3115e-05
2.1869e-05
2.0536e-05
1.9123e-05
1.7634e-05
1.6075e-05
1.4453e-05
1.2773e-05
1.1044e-05
9.2705e-06
7.4607e-06
5.6214e-06
3.76e-06
1.8837e-06
6.7615e-19
-1.8837e-06
-3.76e-06
-5.6214e-06
-7.4607e-06
-9.2705e-06
-1.1044e-05
-1.2773e-05
-1.4453e-05
-1.6075e-05
-1.7634e-05
-1.9123e-05
-2.0536e-05
-2.1869e-05
-2.3115e-05
-2.4271e-05
-2.533e-05
-2.6289e-05
-2.7145e-05
-2.7893e-05
-2.8532e-05
-2.9057e-05
-2.9469e-05
-2.9763e-05
-2.9941e-05
-3e-05
-2.9941e-05
-2.9763e-05
-2.9469e-05
-2.9057e-05
-2.8532e-05
-2.7893e-05
-2.7145e-05
-2.6289e-05
-2.533e-05
-2.4271e-05
-2.3115e-05
-2.1869e-05
-2.0536e-05
-1.9123e-05
-1.7634e-05
-1.6075e-05
-1.4453e-05
-1.2773e-05
-1.1044e-05
-9.2705e-06
-7.4607e-06
-5.6214e-06
-3.76e-06
-1.8837e-06
-1.4692e-19
1.8837e-06
3.76e-06
5.6214e-06
7.4607e-06
9.2705e-06
1.1044e-05
1.2773e-05
1.4453e-05
1.6075e-05
1.7634e-05
1.9123e-05
2.0536e-05
2.1869e-05
2.3115e-05
2.4271e-05
2.533e-05
2.6289e-05
2.7145e-05
2.7893e-05
2.8532e-05
2.9057e-05
2.9469e-05
2.9763e-05
2.9941e-05
3e-05
2.9941e-05
2.9763e-05
2.9469e-05
2.9057e-05
2.8532e-05
2.7893e-05
2.7145e-05
2.6289e-05
2.533e-05
2.4271e-05
2.3115e-05
2.1869e-05
2.0536e-05
1.9123e-05
1.7634e-05
1.6075e-05
1.4453e-05
1.2773e-05
1.1044e-05
9.2705e-06
7.4607e-06
5.6214e-06
3.76e-06
1.8837e-06
4.7034e-19
-1.8837e-06
-3.76e-06
-5.6214e-06
-7.4607e-06
-9.2705e-06
-1.1044e-05
-1.2773e-05
-1.4453e-05
-1.6075e-05
-1.7634e-05
-1.9123e-05
-2.0536e-05
-2.1869e-05
-2.3115e-05
-2.4271e-05
-2.533e-05
-2.6289e-05
-2.7145e-05
-2.7893e-05
-2.8532e-05
-2.9057e-05
-2.9469e-05
-2.9763e-05
-2.9941e-05
-3e-05
-2.9941e-05
-2.9763e-05
-2.9469e-05
-2.9057e-05
-2.8532e-05
-2.7893e-05
-2.7145e-05
-2.6289e-05
-2.533e-05
-2.4271e-05
-2.3115e-05
-2.1869e-05
-2.0536e-05
-1.9123e-05
-1.7634e-05
-1.6075e-05
-1.4453e-05
-1.2773e-05
-1.1044e-05
-9.2705e-06
-7.4607e-06
-5.6214e-06
-3.76e-06
-1.8837e-06
5.8894e-20
1.8837e-06
3.76e-06
5.6214e-06
7.4607e-06
9.2705e-06
1.1044e-05
1.2773e-05
1.4453e-05
1.6075e-05
1.7634e-05
1.9123e-05
2.0536e-05
2.1869e-05
2.3115e-05
2.4271e-05
2.533e-05
2.6289e-05
2.7145e-05
2.7893e-05
2.8532e-05
2.9057e-05
2.9469e-05
2.9763e-05
2.9941e-05
3e-05
2.9941e-05
2.9763e-05
2.9469e-05
2.9057e-05
2.8532e-05
2.7893e-05
2.7145e-05
2.6289e-05
2.533e-05
2.4271e-05
2.3115e-05
2.1869e-05
2.0536e-05
1.9123e-05
1.7634e-05
1.6075e-05
1.4453e-05
1.2773e-05
1.1044e-05
9.2705e-06
7.4607e-06
5.6214e-06
3.76e-06
1.8837e-06
2.6452e-19
-1.8837e-06
-3.76e-06
-5.6214e-06
-7.4607e-06
-9.2705e-06
-1.1044e-05
-1.2773e-05
-1.4453e-05
-1.6075e-05
-1.7634e-05
-1.9123e-05
-2.0536e-05
-2.1869e-05
-2.3115e-05
-2.4271e-05
-2.533e-05
-2.6289e-05
-2.7145e-05
-2.7893e-05
-2.8532e-05
-2.9057e-05
-2.9469e-05
-2.9763e-05
-2.9941e-05
-3e-05
-2.9941e-05
-2.9763e-05
-2.9469e-05
-2.9057e-05
-2.8532e-05
-2.7893e-05
-2.7145e-05
-2.6289e-05
-2.533e-05
-2.4271e-05
-2.3115e-05
-2.1869e-05
-2.0536e-05
-1.9123e-05
-1.7634e-05
-1.6075e-05
-1.4453e-05
-1.2773e-05
-1.1044e-05
-9.2705e-06
-7.4607e-06
-5.6214e-06
-3.76e-06
-1.8837e-06
-5.8794e-19
1.8837e-06
3.76e-06
5.6214e-06
7.4607e-06
9.2705e-06
1.1044e-05
1.2773e-05
1.4453e-05
1.6075e-05
1.7634e-05
1.9123e-05
2.0536e-05
2.1869e-05
2.3115e-05
2.4271e-05
2.533e-05
2.6289e-05
2.7145e-05
2.7893e-05
2.8532e-05
2.9057e-05
2.9469e-05
2.9763e-05
2.9941e-05
3e-05
2.9941e-05
2.9763e-05
2.9469e-05
2.9057e-05
2.8532e-05
2.7893e-05
2.7145e-05
2.6289e-05
2.533e-05
2.4271e-05
2.3115e-05
2.1869e-05
2.0536e-05
1.9123e-05
1.7634e-05
1.6075e-05
1.4453e-05
1.2773e-05
1.1044e-05
9.2705e-06
7.4607e-06
5.6214e-06
3.76e-06
1.8837e-06
5.8709e-20
-1.8837e-06
-3.76e-06
-5.6214e-06
-7.4607e-06
-9.2705e-06
-1.1044e-05
-1.2773e-05
-1.4453e-05
-1.6075e-05
-1.7634e-05
-1.9123e-05
-2.0536e-05
-2.1869e-05
-2.3115e-05
-2.4271e-05
-2.533e-05
-2.6289e-05
-2.7145e-05
-2.7893e-05
-2.8532e-05
-2.9057e-05
-2.9469e-05
-2.9763e-05
-2.9941e-05
-3e-05
-2.9941e-05
-2.9763e-05
-2.9469e-05
-2.9057e-05
-2.8532e-05
-2.7893e-05
-2.7145e-05
-2.6289e-05
-2.533e-05
-2.4271e-05
-2.3115e-05
-2.1869e-05
-2.0536e-05
-1.9123e-05
-1.7634e-05
-1.6075e-05
-1.4453e-05
-1.2773e-05
-1.1044e-05
-9.2705e-06
-7.4607e-06
-5.6214e-06
-3.76e-06
-1.8837e-06
-3.8213e-19
1.8837e-06
3.76e-06
5.6214e-06
7.4607e-06
9.2705e-06
1.1044e-05
1.2773e-05
1.4453e-05
1.6075e-05
1.7634e-05
1.9123e-05
2.0536e-05
2.1869e-05
2.3115e-05
2.4271e-05
2.533e-05
2.6289e-05
2.7145e-05
2.7893e-05
2.8532e-05
2.9057e-05
2.9469e-05
2.9763e-05
2.9941e-05
3e-05
2.9941e-05
2.9763e-05
2.9469e-05
2.9057e-05
2.8532e-05
2.7893e-05
2.7145e-05
2.6289e-05
2.533e-05
2.4271e-05
2.3115e-05
2.1869e-05
2.0536e-05
1.9123e-05
1.7634e-05
1.6075e-05
1.4453e-05
1.2773e-05
1.1044e-05
9.2705e-06
7.4607e-06
5.6214e-06
3.76e-06
1.8837e-06
-1.4711e-19
-1.8837e-06
-3.76e-06
-5.6214e-06
-7.4607e-06
-9.2705e-06
-1.1044e-05
-1.2773e-05
-1.4453e-05
-1.6075e-05
-1.7634e-05
-1.9123e-05
-2.0536e-05
-2.1869e-05
-2.3115e-05
-2.4271e-05
-2.533e-05
-2.6289e-05
-2.7145e-05
-2.7893e-05
-2.8532e-05
-2.9057e-05
-2.9469e-05
-2.9763e-05
-2.9941e-05
-3e-05
-2.9941e-05
-2.9763e-05
-2.9469e-05
-2.9057e-05
-2.8532e-05
-2.7893e-05
-2.7145e-05
-2.6289e-05
-2.533e-05
-2.4271e-05
-2.3115e-05
-2.1869e-05
-2.0536e-05
-1.9123e-05
-1.7634e-05
-1.6075e-05
-1.4453e-05
-1.2773e-05
-1.1044e-05
-9.2705e-06
-7.4607e-06
-5.6214e-06
-3.76e-06
-1.8837e-06
-1.7631e-19
1.8837e-06
3.76e-06
5.6214e-06
7.4607e-06
9.2705e-06
1.1044e-05
1.2773e-05
1.4453e-05
1.6075e-05
1.7634e-05
1.9123e-05
2.0536e-05
2.1869e-05
2.3115e-05
2.4271e-05
2.533e-05
2.6289e-05
2.7145e-05
2.7893e-05
2.8532e-05
2.9057e-05
2.9469e-05
2.9763e-05
2.9941e-05
3e-05
2.9941e-05
2.9763e-05
2.9469e-05
2.9057e-05
2.8532e-05
2.7893e-05
2.7145e-05
2.6289e-05
2.533e-05
2.4271e-05
2.3115e-05
2.1869e-05
2.0536e-05
1.9123e-05
1.7634e-05
1.6075e-05
1.4453e-05
1.2773e-05
1.1044e-05
9.2705e-06
7.4607e-06
5.6214e-06
3.76e-06
1.8837e-06
4.9973e-19
-1.8837e-06
-3.76e-06
-5.6214e-06
-7.4607e-06
-9.2705e-06
-1.1044e-05
-1.2773e-05
-1.4453e-05
-1.6075e-05
-1.7634e-05
-1.9123e-05
-2.0536e-05
-2.1869e-05
-2.3115e-05
-2.4271e-05
-2.533e-05
-2.6289e-05
-2.7145e-05
-2.7893e-05
-2.8532e-05
-2.9057e-05
-2.9469e-05
-2.9763e-05
-2.9941e-05
-3e-05
-2.9941e-05
-2.9763e-05
-2.9469e-05
-2.9057e-05
-2.8532e-05
-2.7893e-05
-2.7145e-05
-2.6289e-05
-2.533e-05
-2.4271e-05
-2.3115e-05
-2.1869e-05
-2.0536e-05
-1.9123e-05
-1.7634e-05
-1.6075e-05
-1.4453e-05
-1.2773e-05
-1.1044e-05
-9.2705e-06
-7.4607e-06
-5.6214e-06
-3.76e-06
-1.8837e-06
2.9503e-20
1.8837e-06
3.76e-06
5.6214e-06
7.4607e-06
9.2705e-06
1.1044e-05
1.2773e-05
1.4453e-05
1.6075e-05
1.7634e-05
1.9123e-05
2.0536e-05
2.1869e-05
2.3115e-05
2.4271e-05
2.533e-05
2.6289e-05
2.7145e-05
2.7893e-05
2.8532e-05
2.9057e-05
2.9469e-05
2.9763e-05
2.9941e-05
3e-05
2.9941e-05
2.9763e-05
2.9469e-05
2.9057e-05
2.8532e-05
2.7893e-05
2.7145e-05
2.6289e-05
2.533e-05
2.4271e-05
2.3115e-05
2.1869e-05
2.0536e-05
1.9123e-05
1.7634e-05
1.6075e-05
1.4453e-05
1.2773e-05
1.1044e-05
9.2705e-06
7.4607e-06
5.6214e-06
3.76e-06
1.8837e-06
2.9392e-19
-1.8837e-06
-3.76e-06
-5.6214e-06
-7.4607e-06
-9.2705e-06
-1.1044e-05
-1.2773e-05
-1.4453e-05
-1.6075e-05
-1.7634e-05
-1.9123e-05
-2.0536e-05
-2.1869e-05
-2.3115e-05
-2.4271e-05
-2.533e-05
-2.6289e-05
-2.7145e-05
-2.7893e-05
-2.8532e-05
-2.9057e-05
-2.9469e-05
-2.9763e-05
-2.9941e-05
-3e-05
-2.9941e-05
-2.9763e-05
-2.9469e-05
-2.9057e-05
-2.8532e-05
-2.7893e-05
-2.7145e-05
-2.6289e-05
-2.533e-05
-2.4271e-05
-2.3115e-05
-2.1869e-05
-2.0536e-05
-1.9123e-05
-1.7634e-05
-1.6075e-05
-1.4453e-05
-1.2773e-05
-1.1044e-05
-9.2705e-06
-7.4607e-06
-5.6214e-06
-3.76e-06
-1.8837e-06
-6.1733e-19
1.8837e-06
3.76e-06
5.6214e-06
7.4607e-06
9.2705e-06
1.1044e-05
1.2773e-05
1.4453e-05
1.6075e-05
1.7634e-05
1.9123e-05
2.0536e-05
2.1869e-05
2.3115e-05
2.4271e-05
2.533e-05
2.6289e-05
2.7145e-05
2.7893e-05
2.8532e-05
2.9057e-05
2.9469e-05
2.9763e-05
2.9941e-05
3e-05
2.9941e-05
2.9763e-05
2.9469e-05
2.9057e-05
2.8532e-05
2.7893e-05
2.7145e-05
2.6289e-05
2.533e-05
2.4271e-05
2.3115e-05
2.1869e-05
2.0536e-05
1.9123e-05
1.7634e-05
1.6075e-05
1.4453e-05
1.2773e-05
1.1044e-05
9.2705e-06
7.4607e-06
5.6214e-06
3.76e-06
1.8837e-06
9.4075e-19
-1.8837e-06
-3.76e-06
-5.6214e-06
-7.4607e-06
-9.2705e-06
-1.1044e-05
-1.2773e-05
-1.4453e-05
-1.6075e-05
-1.7634e-05
-1.9123e-05
-2.0536e-05
-2.1869e-05
-2.3115e-05
-2.4271e-05
-2.533e-05
-2.6289e-05
-2.7145e-05
-2.7893e-05
-2.8532e-05
-2.9057e-05
-2.9469e-05
-2.9763e-05
-2.9941e-05
-3e-05
-2.9941e-05
-2.9763e-05
-2.9469e-05
-2.9057e-05
-2.8532e-05
-2.7893e-05
-2.7145e-05
-2.6289e-05
-2.533e-05
-2.4271e-05
-2.3115e-05
-2.1869e-05
-2.0536e-05
-1.9123e-05
-1.7634e-05
-1.6075e-05
-1.4453e-05
-1.2773e-05
-1.1044e-05
-9.2705e-06
-7.4607e-06
-5.6214e-06
-3.76e-06
-1.8837e-06
4.4113e-19
1.8837e-06
3.76e-06
5.6214e-06
7.4607e-06
9.2705e-06
1.1044e-05
1.2773e-05
1.4453e-05
1.6075e-05
1.7634e-05
1.9123e-05
2.0536e-05
2.1869e-05
2.3115e-05
2.4271e-05
2.533e-05
2.6289e-05
2.7145e-05
2.7893e-05
2.8532e-05
2.9057e-05
2.9469e-05
2.9763e-05
2.9941e-05
3e-05
2.9941e-05
2.9763e-05
2.9469e-05
2.9057e-05
2.8532e-05
2.7893e-05
2.7145e-05
2.6289e-05
2.533e-05
2.4271e-05
2.3115e-05
2.1869e-05
2.0536e-05
1.9123e-05
1.7634e-05
1.6075e-05
1.4453e-05
1.2773e-05
1.1044e-05
9.2705e-06
7.4607e-06
5.6214e-06
3.76e-06
1.8837e-06
-1.1771e-19
-1.8837e-06
-3.76e-06
-5.6214e-06
-7.4607e-06
-9.2705e-06
-1.1044e-05
-1.2773e-05
-1.4453e-05
-1.6075e-05
-1.7634e-05
-1.9123e-05
-2.0536e-05
-2.1869e-05
-2.3115e-05
-2.4271e-05
-2.533e-05
-2.6289e-05
-2.7145e-05
-2.7893e-05
-2.8532e-05
-2.9057e-05
-2.9469e-05
-2.9763e-05
-2.9941e-05
-3e-05
-2.9941e-05
-2.9763e-05
-2.9469e-05
-2.9057e-05
-2.8532e-05
-2.7893e-05
-2.7145e-05
-2.6289e-05
-2.533e-05
-2.4271e-05
-2.3115e-05
-2.1869e-05
-2.0536e-05
-1.9123e-05
-1.7634e-05
-1.6075e-05
-1.4453e-05
-1.2773e-05
-1.1044e-05
-9.2705e-06
-7.4607e-06
-5.6214e-06
-3.76e-06
-1.8837e-06
-2.057e-19
1.8837e-06
3.76e-06
5.6214e-06
7.4607e-06
9.2705e-06
1.1044e-05
1.2773e-05
1.4453e-05
1.6075e-05
1.7634e-05
1.9123e-05
2.0536e-05
2.1869e-05
2.3115e-05
2.4271e-05
2.533e-05
2.6289e-05
2.7145e-05
2.7893e-05
2.8532e-05
2.9057e-05
2.9469e-05
2.9763e-05
2.9941e-05
3e-05
2.9941e-05
2.9763e-05
2.9469e-05
2.9057e-05
2.8532e-05
2.7893e-05
2.7145e-05
2.6289e-05
2.533e-05
2.4271e-05
2.3115e-05
2.1869e-05
2.0536e-05
1.9123e-05
1.7634e-05
1.6075e-05
1.4453e-05
1.2773e-05
1.1044e-05
9.2705e-06
7.4607e-06
5.6214e-06
3.76e-06
1.8837e-06
5.2912e-19
-1.8837e-06
-3.76e-06
-5.6214e-06
-7.4607e-06
-9.2705e-06
-1.1044e-05
-1.2773e-05
-1.4453e-05
-1.6075e-05
-1.7634e-05
-1.9123e-05
-2.0536e-05
-2.1869e-05
-2.3115e-05
-2.4271e-05
-2.533e-05
-2.6289e-05
-2.7145e-05
-2.7893e-05
-2.8532e-05
-2.9057e-05
-2.9469e-05
-2.9763e-05
-2.9941e-05
-3e-05
-2.9941e-05
-2.9763e-05
-2.9469e-05
-2.9057e-05
-2.8532e-05
-2.7893e-05
-2.7145e-05
-2.6289e-05
-2.533e-05
-2.4271e-05
-2.3115e-05
-2.1869e-05
-2.0536e-05
-1.9123e-05
-1.7634e-05
-1.6075e-05
-1.4453e-05
-1.2773e-05
-1.1044e-05
-9.2705e-06
-7.4607e-06
-5.6214e-06
-3.76e-06
-1.8837e-06
8.5276e-19
1.8837e-06
3.76e-06
5.6214e-06
7.4607e-06
9.2705e-06
1.1044e-05
1.2773e-05
1.4453e-05
1.6075e-05
1.7634e-05
1.9123e-05
2.0536e-05
2.1869e-05
2.3115e-05
2.4271e-05
2.533e-05
2.6289e-05
2.7145e-05
2.7893e-05
2.8532e-05
2.9057e-05
2.9469e-05
2.9763e-05
2.9941e-05
3e-05
2.9941e-05
2.9763e-05
2.9469e-05
2.9057e-05
2.8532e-05
2.7893e-05
2.7145e-05
2.6289e-05
2.533e-05
2.4271e-05
2.3115e-05
2.1869e-05
2.0536e-05
1.9123e-05
1.7634e-05
1.6075e-05
1.4453e-05
1.2773e-05
1.1044e-05
9.2705e-06
7.4607e-06
5.6214e-06
3.76e-06
1.8837e-06
-5.2934e-19
-1.8837e-06
-3.76e-06
-5.6214e-06
-7.4607e-06
-9.2705e-06
-1.1044e-05
-1.2773e-05
-1.4453e-05
-1.6075e-05
-1.7634e-05
-1.9123e-05
-2.0536e-05
-2.1869e-05
-2.3115e-05
-2.4271e-05
-2.533e-05
-2.6289e-05
-2.7145e-05
-2.7893e-05
-2.8532e-05
-2.9057e-05
-2.9469e-05
-2.9763e-05
-2.9941e-05
-3e-05
-2.9941e-05
-2.9763e-05
-2.9469e-05
-2.9057e-05
-2.8532e-05
-2.7893e-05
-2.7145e-05
-2.6289e-05
-2.533e-05
-2.4271e-05
-2.3115e-05
-2.1869e-05
-2.0536e-05
-1.9123e-05
-1.7634e-05
-1.6075e-05
-1.4453e-05
-1.2773e-05
-1.1044e-05
-9.2705e-06
-7.4607e-06
-5.6214e-06
-3.76e-06
-1.8837e-06
2.0593e-19
1.8837e-06
3.76e-06
5.6214e-06
7.4607e-06
9.2705e-06
1.1044e-05
1.2773e-05
1.4453e-05
1.6075e-05
1.7634e-05
1.9123e-05
2.0536e-05
2.1869e-05
2.3115e-05
2.4271e-05
2.533e-05
2.6289e-05
2.7145e-05
2.7893e-05
2.8532e-05
2.9057e-05
2.9469e-05
2.9763e-05
2.9941e-05
3e-05
2.9941e-05
2.9763e-05
2.9469e-05
2.9057e-05
2.8532e-05
2.7893e-05
2.7145e-05
2.6289e-05
2.533e-05
2.4271e-05
2.3115e-05
2.1869e-05
2.0536e-05
1.9123e-05
1.7634e-05
1.6075e-05
1.4453e-05
1.2773e-05
1.1044e-05
9.2705e-06
7.4607e-06
5.6214e-06
3.76e-06
1.8837e-06
1.1749e-19
-1.8837e-06
-3.76e-06
-5.6214e-06
-7.4607e-06
-9.2705e-06
-1.1044e-05
-1.2773e-05
-1.4453e-05
-1.6075e-05
-1.7634e-05
-1.9123e-05
-2.0536e-05
-2.1869e-05
-2.3115e-05
-2.4271e-05
-2.533e-05
-2.6289e-05
-2.7145e-05
-2.7893e-05
-2.8532e-05
-2.9057e-05
-2.9469e-05
-2.9763e-05
-2.9941e-05
-3e-05
-2.9941e-05
-2.9763e-05
-2.9469e-05
-2.9057e-05
-2.8532e-05
-2.7893e-05
-2.7145e-05
-2.6289e-05
-2.533e-05
-2.4271e-05
-2.3115e-05
-2.1869e-05
-2.0536e-05
-1.9123e-05
-1.7634e-05
-1.6075e-05
-1.4453e-05
-1.2773e-05
-1.1044e-05
-9.2705e-06
-7.4607e-06
-5.6214e-06
-3.76e-06
-1.8837e-06
-4.4091e-19
1.8837e-06
3.76e-06
5.6214e-06
7.4607e-06
9.2705e-06
1.1044e-05
1.2773e-05
1.4453e-05
1.6075e-05
1.7634e-05
1.9123e-05
2.0536e-05
2.1869e-05
2.3115e-05
2.4271e-05
2.533e-05
2.6289e-05
2.7145e-05
2.7893e-05
2.8532e-05
2.9057e-05
2.9469e-05
2.9763e-05
2.9941e-05
3e-05
2.9941e-05
2.9763e-05
2.9469e-05
2.9057e-05
2.8532e-05
2.7893e-05
2.7145e-05
2.6289e-05
2.533e-05
2.4271e-05
2.3115e-05
2.1869e-05
2.0536e-05
1.9123e-05
1.7634e-05
1.6075e-05
1.4453e-05
1.2773e-05
1.1044e-05
9.2705e-06
7.4607e-06
5.6214e-06
3.76e-06
1.8837e-06
-9.4097e-19
-1.8837e-06
-3.76e-06
-5.6214e-06
-7.4607e-06
-9.2705e-06
-1.1044e-05
-1.2773e-05
-1.4453e-05
-1.6075e-05
-1.7634e-05
-1.9123e-05
-2.0536e-05
-2.1869e-05
-2.3115e-05
-2.4271e-05
-2.533e-05
-2.6289e-05
-2.7145e-05
-2.7893e-05
-2.8532e-05
-2.9057e-05
-2.9469e-05
-2.9763e-05
-2.9941e-05
-3e-05
-2.9941e-05
-2.9763e-05
-2.9469e-05
-2.9057e-05
-2.8532e-05
-2.7893e-05
-2.7145e-05
-2.6289e-05
-2.533e-05
-2.4271e-05
-2.3115e-05
-2.1869e-05
-2.0536e-05
-1.9123e-05
-1.7634e-05
-1.6075e-05
-1.4453e-05
-1.2773e-05
-1.1044e-05
-9.2705e-06
-7.4607e-06
-5.6214e-06
-3.76e-06
-1.8837e-06
6.1756e-19
1.8837e-06
3.76e-06
5.6214e-06
7.4607e-06
9.2705e-06
1.1044e-05
1.2773e-05
1.4453e-05
1.6075e-05
1.7634e-05
1.9123e-05
2.0536e-05
2.1869e-05
2.3115e-05
2.4271e-05
2.533e-05
2.6289e-05
2.7145e-05
2.7893e-05
2.8532e-05
2.9057e-05
2.9469e-05
2.9763e-05
2.9941e-05
3e-05
2.9941e-05
2.9763e-05
2.9469e-05
2.9057e-05
2.8532e-05
2.7893e-05
2.7145e-05
2.6289e-05
2.533e-05
2.4271e-05
2.3115e-05
2.1869e-05
2.0536e-05
1.9123e-05
1.7634e-05
1.6075e-05
1.4453e-05
1.2773e-05
1.1044e-05
9.2705e-06
7.4607e-06
5.6214e-06
3.76e-06
1.8837e-06
-2.9414e-19
-1.8837e-06
-3.76e-06
-5.6214e-06
-7.4607e-06
-9.2705e-06
-1.1044e-05
-1.2773e-05
-1.4453e-05
-1.6075e-05
-1.7634e-05
-1.9123e-05
-2.0536e-05
-2.1869e-05
-2.3115e-05
-2.4271e-05
-2.533e-05
-2.6289e-05
-2.7145e-05
-2.7893e-05
-2.8532e-05
-2.9057e-05
-2.9469e-05
-2.9763e-05
-2.9941e-05
-3e-05
-2.9941e-05
-2.9763e-05
-2.9469e-05
-2.9057e-05
-2.8532e-05
-2.7893e-05
-2.7145e-05
-2.6289e-05
-2.533e-05
-2.4271e-05
-2.3115e-05
-2.1869e-05
-2.0536e-05
-1.9123e-05
-1.7634e-05
-1.6075e-05
-1.4453e-05
-1.2773e-05
-1.1044e-05
-9.2705e-06
-7.4607e-06
-5.6214e-06
-3.76e-06
-1.8837e-06
-2.928e-20
1.8837e-06
3.76e-06
5.6214e-06
7.4607e-06
9.2705e-06
1.1044e-05
1.2773e-05
1.4453e-05
1.6075e-05
1.7634e-05
1.9123e-05
2.0536e-05
2.1869e-05
2.3115e-05
2.4271e-05
2.533e-05
2.6289e-05
2.7145e-05
2.7893e-05
2.8532e-05
2.9057e-05
2.9469e-05
2.9763e-05
2.9941e-05
3e-05
2.9941e-05
2.9763e-05
2.9469e-05
2.9057e-05
2.8532e-05
2.7893e-05
2.7145e-05
2.6289e-05
2.533e-05
2.4271e-05
2.3115e-05
2.1869e-05
2.0536e-05
1.9123e-05
1.7634e-05
1.6075e-05
1.4453e-05
1.2773e-05
1.1044e-05
9.2705e-06
7.4607e-06
5.6214e-06
3.76e-06
1.8837e-06
3.527e-19
-1.8837e-06
-3.76e-06
-5.6214e-06
-7.4607e-06
-9.2705e-06
-1.1044e-05
-1.2773e-05
-1.4453e-05
-1.6075e-05
-1.7634e-05
-1.9123e-05
-2.0536e-05
-2.1869e-05
-2.3115e-05
-2.4271e-05
-2.533e-05
-2.6289e-05
-2.7145e-05
-2.7893e-05
-2.8532e-05
-2.9057e-05
-2.9469e-05
-2.9763e-05
-2.9941e-05
-3e-05
-2.9941e-05
-2.9763e-05
-2.9469e-05
-2.9057e-05
-2.8532e-05
-2.7893e-05
-2.7145e-05
-2.6289e-05
-2.533e-05
-2.4271e-05
-2.3115e-05
-2.1869e-05
-2.0536e-05
-1.9123e-05
-1.7634e-05
-1.6075e-05
-1.4453e-05
-1.2773e-05
-1.1044e-05
-9.2705e-06
-7.4607e-06
-5.6214e-06
-3.76e-06
-1.8837e-06
1.0292e-18
1.8837e-06
3.76e-06
5.6214e-06
7.4607e-06
9.2705e-06
1.1044e-05
1.2773e-05
1.4453e-05
1.6075e-05
1.7634e-05
1.9123e-05
2.0536e-05
2.1869e-05
2.3115e-05
2.4271e-05
2.533e-05
2.6289e-05
2.7145e-05
2.7893e-05
2.8532e-05
2.9057e-05
2.9469e-05
2.9763e-05
2.9941e-05
3e-05
2.9941e-05
2.9763e-05
2.9469e-05
2.9057e-05
2.8532e-05
2.7893e-05
2.7145e-05
2.6289e-05
2.533e-05
2.4271e-05
2.3115e-05
2.1869e-05
2.0536e-05
1.9123e-05
1.7634e-05
1.6075e-05
1.4453e-05
1.2773e-05
1.1044e-05
9.2705e-06
7.4607e-06
5.6214e-06
3.76e-06
1.8837e-06
-7.0577e-19
-1.8837e-06
-3.76e-06
-5.6214e-06
-7.4607e-06
-9.2705e-06
-1.1044e-05
-1.2773e-05
-1.4453e-05
-1.6075e-05
-1.7634e-05
-1.9123e-05
-2.0536e-05
-2.1869e-05
-2.3115e-05
-2.4271e-05
-2.533e-05
-2.6289e-05
-2.7145e-05
-2.7893e-05
-2.8532e-05
-2.9057e-05
-2.9469e-05
-2.9763e-05
-2.9941e-05
-3e-05
-2.9941e-05
-2.9763e-05
-2.9469e-05
-2.9057e-05
-2.8532e-05
-2.7893e-05
-2.7145e-05
-2.6289e-05
-2.533e-05
-2.4271e-05
-2.3115e-05
-2.1869e-05
-2.0536e-05
-1.9123e-05
-1.7634e-05
-1.6075e-05
-1.4453e-05
-1.2773e-05
-1.1044e-05
-9.2705e-06
-7.4607e-06
-5.6214e-06
-3.76e-06
-1.8837e-06
3.8235e-19
1.8837e-06
3.76e-06
5.6214e-06
7.4607e-06
9.2705e-06
1.1044e-05
1.2773e-05
1.4453e-05
1.6075e-05
1.7634e-05
1.9123e-05
2.0536e-05
2.1869e-05
2.3115e-05
2.4271e-05
2.533e-05
2.6289e-05
2.7145e-05
2.7893e-05
2.8532e-05
2.9057e-05
2.9469e-05
2.9763e-05
2.9941e-05
3e-05
2.9941e-05
2.9763e-05
2.9469e-05
2.9057e-05
2.8532e-05
2.7893e-05
2.7145e-05
2.6289e-05
2.533e-05
2.4271e-05
2.3115e-05
2.1869e-05
2.0536e-05
1.9123e-05
1.7634e-05
1.6075e-05
1.4453e-05
1.2773e-05
1.1044e-05
9.2705e-06
7.4607e-06
5.6214e-06
3.76e-06
1.8837e-06
-5.8932e-20
-1.8837e-06
-3.76e-06
-5.6214e-06
-7.4607e-06
-9.2705e-06
-1.1044e-05
-1.2773e-05
-1.4453e-05
-1.6075e-05
-1.7634e-05
-1.9123e-05
-2.0536e-05
-2.1869e-05
-2.3115e-05
-2.4271e-05
-2.533e-05
-2.6289e-05
-2.7145e-05
-2.7893e-05
-2.8532e-05
-2.9057e-05
-2.9469e-05
-2.9763e-05
-2.9941e-05
-3e-05
-2.9941e-05
-2.9763e-05
-2.9469e-05
-2.9057e-05
-2.8532e-05
-2.7893e-05
-2.7145e-05
-2.6289e-05
-2.533e-05
-2.4271e-05
-2.3115e-05
-2.1869e-05
-2.0536e-05
-1.9123e-05
-1.7634e-05
-1.6075e-05
-1.4453e-05
-1.2773e-05
-1.1044e-05
-9.2705e-06
-7.4607e-06
-5.6214e-06
-3.76e-06
-1.8837e-06
-2.6449e-19
1.8837e-06
3.76e-06
5.6214e-06
7.4607e-06
9.2705e-06
1.1044e-05
1.2773e-05
1.4453e-05
1.6075e-05
1.7634e-05
1.9123e-05
2.0536e-05
2.1869e-05
2.3115e-05
2.4271e-05
2.533e-05
2.6289e-05
2.7145e-05
2.7893e-05
2.8532e-05
2.9057e-05
2.9469e-05
2.9763e-05
2.9941e-05
3e-05
2.9941e-05
2.9763e-05
2.9469e-05
2.9057e-05
2.8532e-05
2.7893e-05
2.7145e-05
2.6289e-05
2.533e-05
2.4271e-05
2.3115e-05
2.1869e-05
2.0536e-05
1.9123e-05
1.7634e-05
1.6075e-05
1.4453e-05
1.2773e-05
1.1044e-05
9.2705e-06
7.4607e-06
5.6214e-06
3.76e-06
1.8837e-06
5.879e-19
-1.8837e-06
-3.76e-06
-5.6214e-06
-7.4607e-06
-9.2705e-06
-1.1044e-05
-1.2773e-05
-1.4453e-05
-1.6075e-05
-1.7634e-05
-1.9123e-05
-2.0536e-05
-2.1869e-05
-2.3115e-05
-2.4271e-05
-2.533e-05
-2.6289e-05
-2.7145e-05
-2.7893e-05
-2.8532e-05
-2.9057e-05
-2.9469e-05
-2.9763e-05
-2.9941e-05
-3e-05
-2.9941e-05
-2.9763e-05
-2.9469e-05
-2.9057e-05
-2.8532e-05
-2.7893e-05
-2.7145e-05
-2.6289e-05
-2.533e-05
-2.4271e-05
-2.3115e-05
-2.1869e-05
-2.0536e-05
-1.9123e-05
-1.7634e-05
-1.6075e-05
-1.4453e-05
-1.2773e-05
-1.1044e-05
-9.2705e-06
-7.4607e-06
-5.6214e-06
-3.76e-06
-1.8837e-06
-9.1132e-19
1.8837e-06
3.76e-06
5.6214e-06
7.4607e-06
9.2705e-06
1.1044e-05
1.2773e-05
1.4453e-05
1.6075e-05
1.7634e-05
1.9123e-05
2.0536e-05
2.1869e-05
2.3115e-05
2.4271e-05
2.533e-05
2.6289e-05
2.7145e-05
2.7893e-05
2.8532e-05
2.9057e-05
2.9469e-05
2.9763e-05
2.9941e-05
3e-05
2.9941e-05
2.9763e-05
2.9469e-05
2.9057e-05
2.8532e-05
2.7893e-05
2.7145e-05
2.6289e-05
2.533e-05
2.4271e-05
2.3115e-05
2.1869e-05
2.0536e-05
1.9123e-05
1.7634e-05
1.6075e-05
1.4453e-05
1.2773e-05
1.1044e-05
9.2705e-06
7.4607e-06
5.6214e-06
3.76e-06
1.8837e-06
-4.7056e-19
-1.8837e-06
-3.76e-06
-5.6214e-06
-7.4607e-06
-9.2705e-06
-1.1044e-05
-1.2773e-05
-1.4453e-05
-1.6075e-05
-1.7634e-05
-1.9123e-05
-2.0536e-05
-2.1869e-05
-2.3115e-05
-2.4271e-05
-2.533e-05
-2.6289e-05
-2.7145e-05
-2.7893e-05
-2.8532e-05
-2.9057e-05
-2.9469e-05
-2.9763e-05
-2.9941e-05
-3e-05
-2.9941e-05
-2.9763e-05
-2.9469e-05
-2.9057e-05
-2.8532e-05
-2.7893e-05
-2.7145e-05
-2.6289e-05
-2.533e-05
-2.4271e-05
-2.3115e-05
-2.1869e-05
-2.0536e-05
-1.9123e-05
-1.7634e-05
-1.6075e-05
-1.4453e-05
-1.2773e-05
-1.1044e-05
-9.2705e-06
-7.4607e-06
-5.6214e-06
-3.76e-06
-1.8837e-06
1.4714e-19
1.8837e-06
3.76e-06
5.6214e-06
7.4607e-06
9.2705e-06
1.1044e-05
1.2773e-05
1.4453e-05
1.6075e-05
1.7634e-05
1.9123e-05
2.0536e-05
2.1869e-05
2.3115e-05
2.4271e-05
2.533e-05
2.6289e-05
2.7145e-05
2.7893e-05
2.8532e-05
2.9057e-05
2.9469e-05
2.9763e-05
2.9941e-05
3e-05
2.9941e-05
2.9763e-05
2.9469e-05
2.9057e-05
2.8532e-05
2.7893e-05
2.7145e-05
2.6289e-05
2.533e-05
2.4271e-05
2.3115e-05
2.1869e-05
2.0536e-05
1.9123e-05
1.7634e-05
1.6075e-05
1.4453e-05
1.2773e-05
1.1044e-05
9.2705e-06
7.4607e-06
5.6214e-06
3.76e-06
1.8837e-06
1.7627e-19
-1.8837e-06
-3.76e-06
-5.6214e-06
-7.4607e-06
-9.2705e-06
-1.1044e-05
-1.2773e-05
-1.4453e-05
-1.6075e-05
-1.7634e-05
-1.9123e-05
-2.0536e-05
-2.1869e-05
-2.3115e-05
-2.4271e-05
-2.533e-05
-2.6289e-05
-2.7145e-05
-2.7893e-05
-2.8532e-05
-2.9057e-05
-2.9469e-05
-2.9763e-05
-2.9941e-05
-3e-05
-2.9941e-05
-2.9763e-05
-2.9469e-05
-2.9057e-05
-2.8532e-05
-2.7893e-05
-2.7145e-05
-2.6289e-05
-2.533e-05
-2.4271e-05
-2.3115e-05
-2.1869e-05
-2.0536e-05
-1.9123e-05
-1.7634e-05
-1.6075e-05
-1.4453e-05
-1.2773e-05
-1.1044e-05
-9.2705e-06
-7.4607e-06
-5.6214e-06
-3.76e-06
-1.8837e-06
-4.9969e-19
1.8837e-06
3.76e-06
5.6214e-06
7.4607e-06
9.2705e-06
1.1044e-05
1.2773e-05
1.4453e-05
1.6075e-05
1.7634e-05
1.9123e-05
2.0536e-05
2.1869e-05
2.3115e-05
2.4271e-05
2.533e-05
2.6289e-05
2.7145e-05
2.7893e-05
2.8532e-05
2.9057e-05
2.9469e-05
2.9763e-05
2.9941e-05
3e-05
2.9941e-05
2.9763e-05
2.9469e-05
2.9057e-05
2.8532e-05
2.7893e-05
2.7145e-05
2.6289e-05
2.533e-05
2.4271e-05
2.3115e-05
2.1869e-05
2.0536e-05
1.9123e-05
1.7634e-05
1.6075e-05
1.4453e-05
1.2773e-05
1.1044e-05
9.2705e-06
7.4607e-06
5.6214e-06
3.76e-06
1.8837e-06
8.2311e-19
-1.8837e-06
-3.76e-06
-5.6214e-06
-7.4607e-06
-9.2705e-06
-1.1044e-05
-1.2773e-05
-1.4453e-05
-1.6075e-05
-1.7634e-05
-1.9123e-05
-2.0536e-05
-2.1869e-05
-2.3115e-05
-2.4271e-05
-2.533e-05
-2.6289e-05
-2.7145e-05
-2.7893e-05
-2.8532e-05
-2.9057e-05
-2.9469e-05
-2.9763e-05
-2.9941e-05
-3e-05
-2.9941e-05
-2.9763e-05
-2.9469e-05
-2.9057e-05
-2.8532e-05
-2.7893e-05
-2.7145e-05
-2.6289e-05
-2.533e-05
-2.4271e-05
-2.3115e-05
-2.1869e-05
-2.0536e-05
-1.9123e-05
-1.7634e-05
-1.6075e-05
-1.4453e-05
-1.2773e-05
-1.1044e-05
-9.2705e-06
-7.4607e-06
-5.6214e-06
-3.76e-06
-1.8837e-06
5.5877e-19
1.8837e-06
3.76e-06
5.6214e-06
7.4607e-06
9.2705e-06
1.1044e-05
1.2773e-05
1.4453e-05
1.6075e-05
1.7634e-05
1.9123e-05
2.0536e-05
2.1869e-05
2.3115e-05
2.4271e-05
2.533e-05
2.6289e-05
2.7145e-05
2.7893e-05
2.8532e-05
2.9057e-05
2.9469e-05
2.9763e-05
2.9941e-05
3e-05
2.9941e-05
2.9763e-05
2.9469e-05
2.9057e-05
2.8532e-05
2.7893e-05
2.7145e-05
2.6289e-05
2.533e-05
2.4271e-05
2.3115e-05
2.1869e-05
2.0536e-05
1.9123e-05
1.7634e-05
1.6075e-05
1.4453e-05
1.2773e-05
1.1044e-05
9.2705e-06
7.4607e-06
5.6214e-06
3.76e-06
1.8837e-06
-2.3536e-19
-1.8837e-06
-3.76e-06
-5.6214e-06
-7.4607e-06
-9.2705e-06
-1.1044e-05
-1.2773e-05
-1.4453e-05
-1.6075e-05
-1.7634e-05
-1.9123e-05
-2.0536e-05
-2.1869e-05
-2.3115e-05
-2.4271e-05
-2.533e-05
-2.6289e-05
-2.7145e-05
-2.7893e-05
-2.8532e-05
-2.9057e-05
-2.9469e-05
-2.9763e-05
-2.9941e-05
-3e-05
-2.9941e-05
-2.9763e-05
-2.9469e-05
-2.9057e-05
-2.8532e-05
-2.7893e-05
-2.7145e-05
-2.6289e-05
-2.533e-05
-2.4271e-05
-2.3115e-05
-2.1869e-05
-2.0536e-05
-1.9123e-05
-1.7634e-05
-1.6075e-05
-1.4453e-05
-1.2773e-05
-1.1044e-05
-9.2705e-06
-7.4607e-06
-5.6214e-06
-3.76e-06
-1.8837e-06
-8.8063e-20
1.8837e-06
3.76e-06
5.6214e-06
7.4607e-06
9.2705e-06
1.1044e-05
1.2773e-05
1.4453e-05
1.6075e-05
1.7634e-05
1.9123e-05
2.0536e-05
2.1869e-05
2.3115e-05
2.4271e-05
2.533e-05
2.6289e-05
2.7145e-05
2.7893e-05
2.8532e-05
2.9057e-05
2.9469e-05
2.9763e-05
2.9941e-05
3e-05
2.9941e-05
2.9763e-05
2.9469e-05
2.9057e-05
2.8532e-05
2.7893e-05
2.7145e-05
2.6289e-05
2.533e-05
2.4271e-05
2.3115e-05
2.1869e-05
2.0536e-05
1.9123e-05
1.7634e-05
1.6075e-05
1.4453e-05
1.2773e-05
1.1044e-05
9.2705e-06
7.4607e-06
5.6214e-06
3.76e-06
1.8837e-06
4.1148e-19
-1.8837e-06
-3.76e-06
-5.6214e-06
-7.4607e-06
-9.2705e-06
-1.1044e-05
-1.2773e-05
-1.4453e-05
-1.6075e-05
-1.7634e-05
-1.9123e-05
-2.0536e-05
-2.1869e-05
-2.3115e-05
-2.4271e-05
-2.533e-05
-2.6289e-05
-2.7145e-05
-2.7893e-05
-2.8532e-05
-2.9057e-05
-2.9469e-05
-2.9763e-05
-2.9941e-05
-3e-05
-2.9941e-05
-2.9763e-05
-2.9469e-05
-2.9057e-05
-2.8532e-05
-2.7893e-05
-2.7145e-05
-2.6289e-05
-2.533e-05
-2.4271e-05
-2.3115e-05
-2.1869e-05
-2.0536e-05
-1.9123e-05
-1.7634e-05
-1.6075e-05
-1.4453e-05
-1.2773e-05
-1.1044e-05
-9.2705e-06
-7.4607e-06
-5.6214e-06
-3.76e-06
-1.8837e-06
-7.349e-19
1.8837e-06
3.76e-06
5.6214e-06
7.4607e-06
9.2705e-06
1.1044e-05
1.2773e-05
1.4453e-05
1.6075e-05
1.7634e-05
1.9123e-05
2.0536e-05
2.1869e-05
2.3115e-05
2.4271e-05
2.533e-05
2.6289e-05
2.7145e-05
2.7893e-05
2.8532e-05
2.9057e-05
2.9469e-05
2.9763e-05
2.9941e-05
3e-05
2.9941e-05
2.9763e-05
2.9469e-05
2.9057e-05
2.8532e-05
2.7893e-05
2.7145e-05
2.6289e-05
2.533e-05
2.4271e-05
2.3115e-05
2.1869e-05
2.0536e-05
1.9123e-05
1.7634e-05
1.6075e-05
1.4453e-05
1.2773e-05
1.1044e-05
9.2705e-06
7.4607e-06
5.6214e-06
3.76e-06
1.8837e-06
-6.4698e-19
-1.8837e-06
-3.76e-06
-5.6214e-06
-7.4607e-06
-9.2705e-06
-1.1044e-05
-1.2773e-05
-1.4453e-05
-1.6075e-05
-1.7634e-05
-1.9123e-05
-2.0536e-05
-2.1869e-05
-2.3115e-05
-2.4271e-05
-2.533e-05
-2.6289e-05
-2.7145e-05
-2.7893e-05
-2.8532e-05
-2.9057e-05
-2.9469e-05
-2.9763e-05
-2.9941e-05
-3e-05
-2.9941e-05
-2.9763e-05
-2.9469e-05
-2.9057e-05
-2.8532e-05
-2.7893e-05
-2.7145e-05
-2.6289e-05
-2.533e-05
-2.4271e-05
-2.3115e-05
-2.1869e-05
-2.0536e-05
-1.9123e-05
-1.7634e-05
-1.6075e-05
-1.4453e-05
-1.2773e-05
-1.1044e-05
-9.2705e-06
-7.4607e-06
-5.6214e-06
-3.76e-06
-1.8837e-06
3.2357e-19
1.8837e-06
3.76e-06
5.6214e-06
7.4607e-06
9.2705e-06
1.1044e-05
1.2773e-05
1.4453e-05
1.6075e-05
1.7634e-05
1.9123e-05
2.0536e-05
2.1869e-05
2.3115e-05
2.4271e-05
2.533e-05
2.6289e-05
2.7145e-05
2.7893e-05
2.8532e-05
2.9057e-05
2.9469e-05
2.9763e-05
2.9941e-05
3e-05
2.9941e-05
2.9763e-05
2.9469e-05
2.9057e-05
2.8532e-05
2.7893e-05
2.7145e-05
2.6289e-05
2.533e-05
2.4271e-05
2.3115e-05
2.1869e-05
2.0536e-05
1.9123e-05
1.7634e-05
1.6075e-05
1.4453e-05
1.2773e-05
1.1044e-05
9.2705e-06
7.4607e-06
5.6214e-06
3.76e-06
1.8837e-06
-1.4841e-22
-1.8799e-06
-3.7487e-06
-5.599e-06
-7.4234e-06
-9.2149e-06
-1.0966e-05
-1.2671e-05
-1.4323e-05
-1.5914e-05
-1.744e-05
-1.8893e-05
-2.0269e-05
-2.1563e-05
-2.2769e-05
-2.3882e-05
-2.4899e-05
-2.5816e-05
-2.6629e-05
-2.7335e-05
-2.7933e-05
-2.8418e-05
-2.8791e-05
-2.9049e-05
-2.9192e-05
-2.922e-05
-2.9132e-05
-2.893e-05
-2.8614e-05
-2.8186e-05
-2.7647e-05
-2.7001e-05
-2.6249e-05
-2.5395e-05
-2.4443e-05
-2.3397e-05
-2.226e-05
-2.1038e-05
-1.9735e-05
-1.8358e-05
-1.6911e-05
-1.54e-05
-1.3831e-05
-1.2211e-05
-1.0547e-05
-8.8441e-06
-7.11e-06
-5.3516e-06
-3.5758e-06
-1.7895e-06
-3.0678e-19
1.7858e-06
3.5607e-06
5.3179e-06
7.0504e-06
8.7514e-06
1.0414e-05
1.2033e-05
1.36e-05
1.511e-05
1.6558e-05
1.7937e-05
1.9243e-05
2.0469e-05
2.1613e-05
2.2669e-05
2.3633e-05
2.4502e-05
2.5272e-05
2.5941e-05
2.6506e-05
2.6965e-05
2.7317e-05
2.7561e-05
2.7695e-05
2.772e-05
2.7635e-05
2.7442e-05
2.7141e-05
2.6733e-05
2.6221e-05
2.5606e-05
2.4892e-05
2.4081e-05
2.3177e-05
2.2183e-05
2.1104e-05
1.9945e-05
1.8709e-05
1.7402e-05
1.6029e-05
1.4596e-05
1.3109e-05
1.1573e-05
9.9946e-06
8.3805e-06
6.737e-06
5.0705e-06
3.3878e-06
1.6953e-06
-9.5169e-19
-1.6916e-06
-3.3727e-06
-5.0368e-06
-6.6773e-06
-8.2878e-06
-9.8621e-06
-1.1394e-05
-1.2877e-05
-1.4307e-05
-1.5676e-05
-1.6981e-05
-1.8216e-05
-1.9376e-05
-2.0457e-05
-2.1455e-05
-2.2366e-05
-2.3187e-05
-2.3915e-05
-2.4546e-05
-2.5079e-05
-2.5512e-05
-2.5844e-05
-2.6073e-05
-2.6198e-05
-2.622e-05
-2.6138e-05
-2.5954e-05
-2.5667e-05
-2.528e-05
-2.4794e-05
-2.4211e-05
-2.3535e-05
-2.2766e-05
-2.191e-05
-2.097e-05
-1.9949e-05
-1.8851e-05
-1.7682e-05
-1.6446e-05
-1.5147e-05
-1.3792e-05
-1.2386e-05
-1.0934e-05
-9.4424e-06
-7.917e-06
-6.364e-06
-4.7895e-06
-3.1998e-06
-1.6012e-06
6.2418e-19
1.5974e-06
3.1847e-06
4.7557e-06
6.3043e-06
7.8243e-06
9.3099e-06
1.0755e-05
1.2155e-05
1.3503e-05
1.4795e-05
1.6025e-05
1.7189e-05
1.8283e-05
1.9301e-05
2.0242e-05
2.11e-05
2.1873e-05
2.2557e-05
2.3151e-05
2.3653e-05
2.406e-05
2.4371e-05
2.4585e-05
2.4701e-05
2.472e-05
2.4641e-05
2.4466e-05
2.4194e-05
2.3827e-05
2.3367e-05
2.2817e-05
2.2177e-05
2.1452e-05
2.0644e-05
1.9756e-05
1.8793e-05
1.7758e-05
1.6655e-05
1.5489e-05
1.4266e-05
1.2988e-05
1.1663e-05
1.0295e-05
8.8902e-06
7.4535e-06
5.9909e-06
4.5084e-06
3.0118e-06
1.507e-06
1.0335e-18
-1.5032e-06
-2.9967e-06
-4.4747e-06
-5.9313e-06
-7.3608e-06
-8.7577e-06
-1.0117e-05
-1.1432e-05
-1.2699e-05
-1.3913e-05
-1.5069e-05
-1.6162e-05
-1.7189e-05
-1.8146e-05
-1.9028e-05
-1.9833e-05
-2.0558e-05
-2.12e-05
-2.1757e-05
-2.2226e-05
-2.2607e-05
-2.2897e-05
-2.3096e-05
-2.3204e-05
-2.322e-05
-2.3144e-05
-2.2977e-05
-2.272e-05
-2.2374e-05
-2.1941e-05
-2.1422e-05
-2.082e-05
-2.0138e-05
-1.9377e-05
-1.8543e-05
-1.7637e-05
-1.6664e-05
-1.5628e-05
-1.4533e-05
-1.3384e-05
-1.2185e-05
-1.0941e-05
-9.6567e-06
-8.338e-06
-6.99e-06
-5.6179e-06
-4.2273e-06
-2.8238e-06
-1.4128e-06
-1.2111e-18
1.409e-06
2.8087e-06
4.1936e-06
5.5582e-06
6.8973e-06
8.2055e-06
9.4778e-06
1.0709e-05
1.1895e-05
1.3031e-05
1.4113e-05
1.5135e-05
1.6096e-05
1.699e-05
1.7815e-05
1.8567e-05
1.9244e-05
1.9843e-05
2.0362e-05
2.08e-05
2.1154e-05
2.1424e-05
2.1608e-05
2.1707e-05
2.172e-05
2.1647e-05
2.1489e-05
2.1247e-05
2.0921e-05
2.0514e-05
2.0027e-05
1.9463e-05
1.8823e-05
1.8111e-05
1.7329e-05
1.6481e-05
1.5571e-05
1.4601e-05
1.3577e-05
1.2502e-05
1.1381e-05
1.0218e-05
9.018e-06
7.7858e-06
6.5264e-06
5.2449e-06
3.9463e-06
2.6358e-06
1.3186e-06
1.3563e-18
-1.3148e-06
-2.6207e-06
-3.9125e-06
-5.1852e-06
-6.4337e-06
-7.6533e-06
-8.8392e-06
-9.9868e-06
-1.1092e-05
-1.215e-05
-1.3156e-05
-1.4109e-05
-1.5002e-05
-1.5834e-05
-1.6601e-05
-1.73e-05
-1.7929e-05
-1.8486e-05
-1.8967e-05
-1.9373e-05
-1.9701e-05
-1.995e-05
-2.012e-05
-2.021e-05
-2.022e-05
-2.015e-05
-2.0001e-05
-1.9773e-05
-1.9469e-05
-1.9088e-05
-1.8633e-05
-1.8106e-05
-1.7509e-05
-1.6844e-05
-1.6116e-05
-1.5326e-05
-1.4477e-05
-1.3575e-05
-1.2621e-05
-1.1621e-05
-1.0577e-05
-9.4954e-06
-8.3793e-06
-7.2336e-06
-6.0629e-06
-4.8718e-06
-3.6652e-06
-2.4478e-06
-1.2244e-06
-3.6245e-19
1.2206e-06
2.4327e-06
3.6314e-06
4.8121e-06
5.9702e-06
7.1011e-06
8.2005e-06
9.2641e-06
1.0288e-05
1.1268e-05
1.22e-05
1.3082e-05
1.3909e-05
1.4678e-05
1.5388e-05
1.6034e-05
1.6615e-05
1.7128e-05
1.7573e-05
1.7946e-05
1.8248e-05
1.8477e-05
1.8632e-05
1.8713e-05
1.872e-05
1.8653e-05
1.8513e-05
1.83e-05
1.8016e-05
1.7661e-05
1.7238e-05
1.6748e-05
1.6194e-05
1.5578e-05
1.4902e-05
1.417e-05
1.3384e-05
1.2548e-05
1.1665e-05
1.0739e-05
9.7735e-06
8.7727e-06
7.7407e-06
6.6815e-06
5.5994e-06
4.4988e-06
3.3841e-06
2.2598e-06
1.1302e-06
1.5497e-18
-1.1265e-06
-2.2447e-06
-3.3504e-06
-4.4391e-06
-5.5067e-06
-6.5489e-06
-7.5618e-06
-8.5415e-06
-9.4841e-06
-1.0386e-05
-1.1244e-05
-1.2055e-05
-1.2815e-05
-1.3523e-05
-1.4174e-05
-1.4767e-05
-1.53e-05
-1.5771e-05
-1.6178e-05
-1.652e-05
-1.6795e-05
-1.7003e-05
-1.7144e-05
-1.7216e-05
-1.722e-05
-1.7156e-05
-1.7025e-05
-1.6827e-05
-1.6563e-05
-1.6235e-05
-1.5843e-05
-1.5391e-05
-1.488e-05
-1.4311e-05
-1.3689e-05
-1.3014e-05
-1.229e-05
-1.1521e-05
-1.0709e-05
-9.8572e-06
-8.9697e-06
-8.0501e-06
-7.102e-06
-6.1293e-06
-5.1359e-06
-4.1258e-06
-3.103e-06
-2.0718e-06
-1.036e-06
-6.6172e-19
1.0323e-06
2.0567e-06
3.0693e-06
4.0661e-06
5.0432e-06
5.9967e-06
6.9232e-06
7.8189e-06
8.6804e-06
9.5045e-06
1.0288e-05
1.1028e-05
1.1722e-05
1.2367e-05
1.296e-05
1.3501e-05
1.3986e-05
1.4414e-05
1.4783e-05
1.5093e-05
1.5342e-05
1.553e-05
1.5656e-05
1.5719e-05
1.572e-05
1.5659e-05
1.5537e-05
1.5353e-05
1.511e-05
1.4808e-05
1.4449e-05
1.4034e-05
1.3565e-05
1.3045e-05
1.2475e-05
1.1858e-05
1.1197e-05
1.0494e-05
9.7526e-06
8.9755e-06
8.166e-06
7.3275e-06
6.4633e-06
5.5771e-06
4.6723e-06
3.7527e-06
2.822e-06
1.8838e-06
9.4186e-07
7.6284e-19
-9.3809e-07
-1.8687e-06
-2.7882e-06
-3.693e-06
-4.5796e-06
-5.4446e-06
-6.2845e-06
-7.0962e-06
-7.8767e-06
-8.6228e-06
-9.3319e-06
-1.0001e-05
-1.0628e-05
-1.1211e-05
-1.1747e-05
-1.2234e-05
-1.2671e-05
-1.3057e-05
-1.3389e-05
-1.3667e-05
-1.3889e-05
-1.4057e-05
-1.4167e-05
-1.4222e-05
-1.422e-05
-1.4162e-05
-1.4048e-05
-1.388e-05
-1.3657e-05
-1.3381e-05
-1.3054e-05
-1.2677e-05
-1.2251e-05
-1.1778e-05
-1.1262e-05
-1.0702e-05
-1.0104e-05
-9.4673e-06
-8.7965e-06
-8.0938e-06
-7.3623e-06
-6.6048e-06
-5.8247e-06
-5.0249e-06
-4.2088e-06
-3.3797e-06
-2.5409e-06
-1.6958e-06
-8.4767e-07
-8.3161e-19
8.439e-07
1.6807e-06
2.5072e-06
3.32e-06
4.1161e-06
4.8924e-06
5.6458e-06
6.3736e-06
7.0729e-06
7.7411e-06
8.3758e-06
8.9744e-06
9.5349e-06
1.0055e-05
1.0533e-05
1.0968e-05
1.1357e-05
1.1699e-05
1.1994e-05
1.224e-05
1.2437e-05
1.2583e-05
1.2679e-05
1.2725e-05
1.272e-05
1.2665e-05
1.256e-05
1.2406e-05
1.2204e-05
1.1955e-05
1.1659e-05
1.1319e-05
1.0936e-05
1.0512e-05
1.0048e-05
9.5467e-06
9.0101e-06
8.4405e-06
7.8403e-06
7.2121e-06
6.5585e-06
5.8822e-06
5.186e-06
4.4727e-06
3.7453e-06
3.0067e-06
2.2598e-06
1.5078e-06
7.5349e-07
1.8764e-19
-7.4972e-07
-1.4927e-06
-2.2261e-06
-2.947e-06
-3.6526e-06
-4.3402e-06
-5.0072e-06
-5.651e-06
-6.2692e-06
-6.8595e-06
-7.4196e-06
-7.9476e-06
-8.4415e-06
-8.8994e-06
-9.3199e-06
-9.7013e-06
-1.0042e-05
-1.0342e-05
-1.0599e-05
-1.0814e-05
-1.0984e-05
-1.111e-05
-1.1191e-05
-1.1228e-05
-1.122e-05
-1.1168e-05
-1.1072e-05
-1.0933e-05
-1.0751e-05
-1.0528e-05
-1.0265e-05
-9.9621e-06
-9.6218e-06
-9.2454e-06
-8.8345e-06
-8.3909e-06
-7.9166e-06
-7.4136e-06
-6.8842e-06
-6.3304e-06
-5.7548e-06
-5.1596e-06
-4.5473e-06
-3.9205e-06
-3.2818e-06
-2.6336e-06
-1.9787e-06
-1.3198e-06
-6.593e-07
-8.7215e-19
6.5553e-07
1.3047e-06
1.945e-06
2.5739e-06
3.1891e-06
3.788e-06
4.3685e-06
4.9283e-06
5.4654e-06
5.9778e-06
6.4635e-06
6.9208e-06
7.348e-06
7.7437e-06
8.1064e-06
8.4348e-06
8.728e-06
8.9849e-06
9.2048e-06
9.3869e-06
9.5309e-06
9.6362e-06
9.7029e-06
9.7308e-06
9.72e-06
9.6709e-06
9.5838e-06
9.4594e-06
9.2984e-06
9.1016e-06
8.8701e-06
8.6049e-06
8.3074e-06
7.9789e-06
7.6209e-06
7.2351e-06
6.8231e-06
6.3868e-06
5.928e-06
5.4488e-06
4.951e-06
4.437e-06
3.9087e-06
3.3683e-06
2.8182e-06
2.2606e-06
1.6977e-06
1.1318e-06
5.6511e-07
3.3401e-19
-5.6135e-07
-1.1167e-06
-1.6639e-06
-2.2009e-06
-2.7255e-06
-3.2358e-06
-3.7298e-06
-4.2057e-06
-4.6617e-06
-5.0961e-06
-5.5073e-06
-5.894e-06
-6.2546e-06
-6.5879e-06
-6.8928e-06
-7.1683e-06
-7.4136e-06
-7.6277e-06
-7.8101e-06
-7.9603e-06
-8.078e-06
-8.1628e-06
-8.2147e-06
-8.2337e-06
-8.22e-06
-8.1738e-06
-8.0957e-06
-7.986e-06
-7.8455e-06
-7.675e-06
-7.4754e-06
-7.2477e-06
-6.9929e-06
-6.7124e-06
-6.4074e-06
-6.0793e-06
-5.7297e-06
-5.36e-06
-4.9719e-06
-4.5671e-06
-4.1473e-06
-3.7143e-06
-3.27e-06
-2.8162e-06
-2.3547e-06
-1.8876e-06
-1.4166e-06
-9.4376e-07
-4.7093e-07
-3.5869e-19
4.6716e-07
9.2872e-07
1.3829e-06
1.8279e-06
2.262e-06
2.6836e-06
3.0912e-06
3.4831e-06
3.858e-06
4.2144e-06
4.5512e-06
4.8671e-06
5.1611e-06
5.4321e-06
5.6793e-06
5.9019e-06
6.0991e-06
6.2705e-06
6.4155e-06
6.5338e-06
6.6251e-06
6.6894e-06
6.7265e-06
6.7367e-06
6.72e-06
6.6768e-06
6.6075e-06
6.5126e-06
6.3926e-06
6.2484e-06
6.0807e-06
5.8904e-06
5.6785e-06
5.4459e-06
5.1939e-06
4.9236e-06
4.6362e-06
4.3332e-06
4.0158e-06
3.6854e-06
3.3436e-06
2.9917e-06
2.6313e-06
2.264e-06
1.8912e-06
1.5145e-06
1.1355e-06
7.5576e-07
3.7674e-07
3.5102e-19
-3.7298e-07
-7.4072e-07
-1.1018e-06
-1.4548e-06
-1.7985e-06
-2.1314e-06
-2.4525e-06
-2.7604e-06
-3.0542e-06
-3.3327e-06
-3.5951e-06
-3.8403e-06
-4.0676e-06
-4.2763e-06
-4.4658e-06
-4.6354e-06
-4.7846e-06
-4.9132e-06
-5.0208e-06
-5.1072e-06
-5.1722e-06
-5.2159e-06
-5.2384e-06
-5.2396e-06
-5.22e-06
-5.1798e-06
-5.1193e-06
-5.0391e-06
-4.9398e-06
-4.8219e-06
-4.6861e-06
-4.5332e-06
-4.364e-06
-4.1794e-06
-3.9804e-06
-3.7678e-06
-3.5428e-06
-3.3064e-06
-3.0596e-06
-2.8037e-06
-2.5398e-06
-2.2691e-06
-1.9926e-06
-1.7118e-06
-1.4277e-06
-1.1415e-06
-8.5446e-07
-5.6776e-07
-2.8256e-07
-5.6926e-20
2.7879e-07
5.5272e-07
8.2073e-07
1.0818e-06
1.335e-06
1.5793e-06
1.8138e-06
2.0378e-06
2.2505e-06
2.4511e-06
2.6389e-06
2.8135e-06
2.9742e-06
3.1206e-06
3.2522e-06
3.3689e-06
3.4702e-06
3.556e-06
3.6261e-06
3.6806e-06
3.7194e-06
3.7425e-06
3.7502e-06
3.7426e-06
3.72e-06
3.6827e-06
3.6311e-06
3.5657e-06
3.4869e-06
3.3953e-06
3.2914e-06
3.1759e-06
3.0495e-06
2.9129e-06
2.7668e-06
2.612e-06
2.4493e-06
2.2795e-06
2.1035e-06
1.9221e-06
1.7361e-06
1.5464e-06
1.354e-06
1.1596e-06
9.6413e-07
7.6845e-07
5.7339e-07
3.7976e-07
1.8837e-07
2.3867e-19
-1.846e-07
-3.6472e-07
-5.3966e-07
-7.0877e-07
-8.7143e-07
-1.0271e-06
-1.1752e-06
-1.3152e-06
-1.4467e-06
-1.5694e-06
-1.6828e-06
-1.7867e-06
-1.8807e-06
-1.9648e-06
-2.0387e-06
-2.1024e-06
-2.1557e-06
-2.1987e-06
-2.2315e-06
-2.254e-06
-2.2665e-06
-2.2691e-06
-2.262e-06
-2.2456e-06
-2.22e-06
-2.1857e-06
-2.143e-06
-2.0923e-06
-2.034e-06
-1.9687e-06
-1.8967e-06
-1.8187e-06
-1.7351e-06
-1.6464e-06
-1.5533e-06
-1.4563e-06
-1.3559e-06
-1.2527e-06
-1.1474e-06
-1.0404e-06
-9.3234e-07
-8.238e-07
-7.1531e-07
-6.0741e-07
-5.0061e-07
-3.9542e-07
-2.9231e-07
-1.9176e-07
-9.4186e-08
-5.0416e-20
9.0418e-08
1.7672e-07
2.5859e-07
3.3573e-07
4.079e-07
4.7488e-07
5.3648e-07
5.9256e-07
6.4299e-07
6.8771e-07
7.2666e-07
7.5985e-07
7.8729e-07
8.0904e-07
8.252e-07
8.3588e-07
8.4125e-07
8.4149e-07
8.368e-07
8.2742e-07
8.1361e-07
7.9565e-07
7.7385e-07
7.4852e-07
7.2e-07
6.8864e-07
6.548e-07
6.1884e-07
5.8115e-07
5.421e-07
5.0208e-07
4.6146e-07
4.2063e-07
3.7995e-07
3.3979e-07
3.005e-07
2.6243e-07
2.259e-07
1.9123e-07
1.587e-07
1.286e-07
1.0117e-07
7.664e-08
5.5219e-08
3.7082e-08
2.2382e-08
1.1243e-08
3.76e-09
0
0
-0
-0
-0
-0
-0
-0
-0
-0
-0
-0
-0
-0
-0
-0
-0
-0
-0
-0
-0
-0
-0
-0
-0
-0
-0
-0
-0
-0
-0
-0
-0
-0
-0
-0
-0
-0
-0
-0
-0
-0
-0
-0
-0
-0
-0
-0
-0
-0
-0
-0
0
0
0
0
0
0
0
0
0
0
0
0
0
0
0
0
0
0
0
0
0
0
0
0
0
0
0
0
0
0
0
0
0
0
0
0
0
0
0
0
0
0
0
0
0
0
0
0
0
0
-0
-0
-0
-0
-0
-0
-0
-0
-0
-0
-0
-0
-0
-0
-0
-0
-0
-0
-0
-0
-0
-0
-0
-0
-0
-0
-0
-0
-0
-0
-0
-0
-0
-0
-0
-0
-0
-0
-0
-0
-0
-0
-0
-0
-0
-0
-0
-0
-0
-0
0
0
0
0
0
0
0
0
0
0
0
0
0
0
0
0
0
0
0
0
0
0
0
0
0
0
0
0
0
0
0
0
0
0
0
0
0
0
0
0
0
0
0
0
0
0
0
0
0
0
-0
-0
-0
-0
-0
-0
-0
-0
-0
-0
-0
-0
-0
-0
-0
-0
-0
-0
-0
-0
-0
-0
-0
-0
-0
-0
-0
-0
-0
-0
-0
-0
-0
-0
-0
-0
-0
-0
-0
-0
-0
-0
-0
-0
-0
-0
-0
-0
-0
-0
0
0
0
0
0
0
0
0
0
0
0
0
0
0
0
0
0
0
0
0
0
0
0
0
0
0
0
0
0
0
0
0
0
0
0
0
0
0
0
0
0
0
0
0
0
0
0
0
0
0
-0
-0
-0
-0
-0
-0
-0
-0
-0
-0
-0
-0
-0
-0
-0
-0
-0
-0
-0
-0
-0
-0
-0
-0
-0
-0
-0
-0
-0
-0
-0
-0
-0
-0
-0
-0
-0
-0
-0
-0
-0
-0
-0
-0
-0
-0
-0
-0
-0
-0
0
0
0
0
0
0
0
0
0
0
0
0
0
0
0
0
0
0
0
0
0
0
0
0
0
0
0
0
0
0
0
0
0
0
0
0
0
0
0
0
0
0
0
0
0
0
0
0
0
0
-0
-0
-0
-0
-0
-0
-0
-0
-0
-0
-0
-0
-0
-0
-0
-0
-0
-0
-0
-0
-0
-0
-0
-0
-0
-0
-0
-0
-0
-0
-0
-0
-0
-0
-0
-0
-0
-0
-0
-0
-0
-0
-0
-0
-0
-0
-0
-0
-0
-0
0
0
0
0
0
0
0
0
0
0
0
0
0
0
0
0
0
0
0
0
0
0
0
0
0
0
0
0
0
0
0
0
0
0
0
0
0
0
0
0
0
0
0
0
0
0
0
0
0
0
-0
-0
-0
-0
-0
-0
-0
-0
-0
-0
-0
-0
-0
-0
-0
-0
-0
-0
-0
-0
-0
-0
-0
-0
-0
-0
-0
-0
-0
-0
-0
-0
-0
-0
-0
-0
-0
-0
-0
-0
-0
-0
-0
-0
-0
-0
-0
-0
-0
-0
0
0
0
0
0
0
0
0
0
0
0
0
0
0
0
0
0
0
0
0
0
0
0
0
0
0
0
0
0
0
0
0
0
0
0
0
0
0
0
0
0
0
0
0
0
0
0
0
0
0
-0
-0
-0
-0
-0
-0
-0
-0
-0
-0
-0
-0
-0
-0
-0
-0
-0
-0
-0
-0
-0
-0
-0
-0
-0
-0
-0
-0
-0
-0
-0
-0
-0
-0
-0
-0
-0
-0
-0
-0
-0
-0
-0
-0
-0
-0
-0
-0
-0
-0
0
0
0
0
0
0
0
0
0
0
0
0
0
0
0
0
0
0
0
0
0
0
0
0
0
0
0
0
0
0
0
0
0
0
0
0
0
0
0
0
0
0
0
0
0
0
0
0
0
0
-0
-0
-0
-0
-0
-0
-0
-0
-0
-0
-0
-0
-0
-0
-0
-0
-0
-0
-0
-0
-0
-0
-0
-0
-0
-0
-0
-0
-0
-0
-0
-0
-0
-0
-0
-0
-0
-0
-0
-0
-0
-0
-0
-0
-0
-0
-0
-0
-0
-0
0
0
0
0
0
0
0
0
0
0
0
0
0
0
0
0
0
0
0
0
0
0
0
0
0
0
0
0
0
0
0
0
0
0
0
0
0
0
0
0
0
0
0
0
0
0
0
0
0
0
-0
-0
-0
-0
-0
-0
-0
-0
-0
-0
-0
-0
-0
-0
-0
-0
-0
-0
-0
-0
-0
-0
-0
-0
-0
-0
-0
-0
-0
-0
-0
-0
-0
-0
-0
-0
-0
-0
-0
-0
-0
-0
-0
-0
-0
-0
-0
-0
-0
-0
0
0
0
0
0
0
0
0
0
0
0
0
0
0
0
0
0
0
0
0
0
0
0
0
0
0
0
0
0
0
0
0
0
0
0
0
0
0
0
0
0
0
0
0
0
0
0
0
0
0
-0
-0
-0
-0
-0
-0
-0
-0
-0
-0
-0
-0
-0
-0
-0
-0
-0
-0
-0
-0
-0
-0
-0
-0
-0
-0
-0
-0
-0
-0
-0
-0
-0
-0
-0
-0
-0
-0
-0
-0
-0
-0
-0
-0
-0
-0
-0
-0
-0
-0
0
0
0
0
0
0
0
0
0
0
0
0
0
0
0
0
0
0
0
0
0
0
0
0
0
0
0
0
0
0
0
0
0
0
0
0
0
0
0
0
0
0
0
0
0
0
0
0
0
0
-0
-0
-0
-0
-0
-0
-0
-0
-0
-0
-0
-0
-0
-0
-0
-0
-0
-0
-0
-0
-0
-0
-0
-0
-0
-0
-0
-0
-0
-0
-0
-0
-0
-0
-0
-0
-0
-0
-0
-0
-0
-0
-0
-0
-0
-0
-0
-0
-0
-0
0
0
0
0
0
0
0
0
0
0
0
0
0
0
0
0
0
0
0
0
0
0
0
0
0
0
0
0
0
0
0
0
0
0
0
0
0
0
0
0
0
0
0
0
0
0
0
0
0
-0
-0
-0
-0
-0
-0
-0
-0
-0
-0
-0
-0
-0
-0
-0
-0
-0
-0
-0
-0
-0
-0
-0
-0
-0
-0
-0
-0
-0
-0
-0
-0
-0
-0
-0
-0
-0
-0
-0
-0
-0
-0
-0
-0
-0
-0
-0
-0
-0
-0
-0
0
0
0
0
0
0
0
0
0
0
0
0
0
0
0
0
0
0
0
0
0
0
0
0
0
0
0
0
0
0
0
0
0
0
0
0
0
0
0
0
0
0
0
0
0
0
0
0
0
0
-0
-0
-0
-0
-0
-0
-0
-0
-0
-0
-0
-0
-0
-0
-0
-0
-0
-0
-0
-0
-0
-0
-0
-0
-0
-0
-0
-0
-0
-0
-0
-0
-0
-0
-0
-0
-0
-0
-0
-0
-0
-0
-0
-0
-0
-0
-0
-0
-0
0
0
0
0
0
0
0
0
0
0
0
0
0
0
0
0
0
0
0
0
0
0
0
0
0
0
0
0
0
0
0
0
0
0
0
0
0
0
0
0
0
0
0
0
0
0
0
0
0
0
0
-0
-0
-0
-0
-0
-0
-0
-0
-0
-0
-0
-0
-0
-0
-0
-0
-0
-0
-0
-0
-0
-0
-0
-0
-0
-0
-0
-0
-0
-0
-0
-0
-0
-0
-0
-0
-0
-0
-0
-0
-0
-0
-0
-0
-0
-0
-0
-0
-0
-0
0
0
0
0
0
0
0
0
0
0
0
0
0
0
0
0
0
0
0
0
0
0
0
0
0
0
0
0
0
0
0
0
0
0
0
0
0
0
0
0
0
0
0
0
0
0
0
0
0
0
-0
-0
-0
-0
-0
-0
-0
-0
-0
-0
-0
-0
-0
-0
-0
-0
-0
-0
-0
-0
-0
-0
-0
-0
-0
-0
-0
-0
-0
-0
-0
-0
-0
-0
-0
-0
-0
-0
-0
-0
-0
-0
-0
-0
-0
-0
-0
-0
-0
-0
0
0
0
0
0
0
0
0
0
0
0
0
0
0
0
0
0
0
0
0
0
0
0
0
0
0
0
0
0
0
0
0
0
0
0
0
0
0
0
0
0
0
0
0
0
0
0
0
0
-0
-0
-0
-0
-0
-0
-0
-0
-0
-0
-0
-0
-0
-0
-0
-0
-0
-0
-0
-0
-0
-0
-0
-0
-0
-0
-0
-0
-0
-0
-0
-0
-0
-0
-0
-0
-0
-0
-0
-0
-0
-0
-0
-0
-0
-0
-0
-0
-0
-0
-0
0
0
0
0
0
0
0
0
0
0
0
0
0
0
0
0
0
0
0
0
0
0
0
0
0
0
0
0
0
0
0
0
0
0
0
0
0
0
0
0
0
0
0
0
0
0
0
0
0
-0
-0
-0
-0
-0
-0
-0
-0
-0
-0
-0
-0
-0
-0
-0
-0
-0
-0
-0
-0
-0
-0
-0
-0
-0
-0
-0
-0
-0
-0
-0
-0
-0
-0
-0
-0
-0
-0
-0
-0
-0
-0
-0
-0
-0
-0
-0
-0
-0
-0
-0
0
0
0
0
0
0
0
0
0
0
0
0
0
0
0
0
0
0
0
0
0
0
0
0
0
0
0
0
0
0
0
0
0
0
0
0
0
0
0
0
0
0
0
0
0
0
0
0
0
0
-0
-0
-0
-0
-0
-0
-0
-0
-0
-0
-0
-0
-0
-0
-0
-0
-0
-0
-0
-0
-0
-0
-0
-0
-0
-0
-0
-0
-0
-0
-0
-0
-0
-0
-0
-0
-0
-0
-0
-0
-0
-0
-0
-0
-0
-0
-0
-0
-0
-0
0
0
0
0
0
0
0
0
0
0
0
0
0
0
0
0
0
0
0
0
0
0
0
0
0
0
0
0
0
0
0
0
0
0
0
0
0
0
0
0
0
0
0
0
0
0
0
0
0
0
-0
-0
-0
-0
-0
-0
-0
-0
-0
-0
-0
-0
-0
-0
-0
-0
-0
-0
-0
-0
-0
-0
-0
-0
-0
-0
-0
-0
-0
-0
-0
-0
-0
-0
-0
-0
-0
-0
-0
-0
-0
-0
-0
-0
-0
-0
-0
-0
-0
-0
0
0
0
0
0
0
0
0
0
0
0
0
0
0
0
0
0
0
0
0
0
0
0
0
0
0
0
0
0
0
0
0
0
0
0
0
0
0
0
0
0
0
0
0
0
0
0
0
0
0
-0
-0
-0
-0
-0
-0
-0
-0
-0
-0
-0
-0
-0
-0
-0
-0
-0
-0
-0
-0
-0
-0
-0
-0
-0
-0
-0
-0
-0
-0
-0
-0
-0
-0
-0
-0
-0
-0
-0
-0
-0
-0
-0
-0
-0
-0
-0
-0
-0
-0
0
0
0
0
0
0
0
0
0
0
0
0
0
0
0
0
0
0
0
0
0
0
0
0
0
0
0
0
0
0
0
0
0
0
0
0
0
0
0
0
0
0
0
0
0
0
0
0
0
-0
-0
-0
-0
-0
-0
-0
-0
-0
-0
-0
-0
-0
-0
-0
-0
-0
-0
-0
-0
-0
-0
-0
-0
-0
-0
-0
-0
-0
-0
-0
-0
-0
-0
-0
-0
-0
-0
-0
-0
-0
-0
-0
-0
-0
-0
-0
-0
-0
-0
-0
0
0
0
0
0
0
0
0
0
0
0
0
0
0
0
0
0
0
0
0
0
0
0
0
0
0
0
0
0
0
0
0
0
0
0
0
0
0
0
0
0
0
0
0
0
0
0
0
0
-0
-0
-0
-0
-0
-0
-0
-0
-0
-0
-0
-0
-0
-0
-0
-0
-0
-0
-0
-0
-0
-0
-0
-0
-0
-0
-0
-0
-0
-0
-0
-0
-0
-0
-0
-0
-0
-0
-0
-0
-0
-0
-0
-0
-0
-0
-0
-0
-0
-0
-0
0
0
0
0
0
0
0
0
0
0
0
0
0
0
0
0
0
0
0
0
0
0
0
0
0
0
0
0
0
0
0
0
0
0
0
0
0
0
0
0
0
0
0
0
0
0
0
0
0
0
-0
-0
-0
-0
-0
-0
-0
-0
-0
-0
-0
-0
-0
-0
-0
-0
-0
-0
-0
-0
-0
-0
-0
-0
-0
-0
-0
-0
-0
-0
-0
-0
-0
-0
-0
-0
-0
-0
-0
-0
-0
-0
-0
-0
-0
-0
-0
-0
-0
-0
0
0
0
0
0
0
0
0
0
0
0
0
0
0
0
0
0
0
0
0
0
0
0
0
0
0
0
0
0
0
0
0
0
0
0
0
0
0
0
0
0
0
0
0
0
0
0
0
0
0
-0
-0
-0
-0
-0
-0
-0
-0
-0
-0
-0
-0
-0
-0
-0
-0
-0
-0
-0
-0
-0
-0
-0
-0
-0
-0
-0
-0
-0
-0
-0
-0
-0
-0
-0
-0
-0
-0
-0
-0
-0
-0
-0
-0
-0
-0
-0
-0
-0
-0
0
0
0
0
0
0
0
0
0
0
0
0
0
0
0
0
0
0
0
0
0
0
0
0
0
0
0
0
0
0
0
0
0
0
0
0
0
0
0
0
0
0
0
0
0
0
0
0
0
0
-0
-0
-0
-0
-0
-0
-0
-0
-0
-0
-0
-0
-0
-0
-0
-0
-0
-0
-0
-0
-0
-0
-0
-0
-0
-0
-0
-0
-0
-0
-0
-0
-0
-0
-0
-0
-0
-0
-0
-0
-0
-0
-0
-0
-0
-0
-0
-0
-0
-0
0
0
0
0
0
0
0
0
0
0
0
0
0
0
0
0
0
0
0
0
0
0
0
0
0
0
0
0
0
0
0
0
0
0
0
0
0
0
0
0
0
0
0
0
0
0
0
0
0
-0
-0
-0
-0
-0
-0
-0
-0
-0
-0
-0
-0
-0
-0
-0
-0
-0
-0
-0
-0
-0
-0
-0
-0
-0
-0
-0
-0
-0
-0
-0
-0
-0
-0
-0
-0
-0
-0
-0
-0
-0
-0
-0
-0
-0
-0
-0
-0
-0
-0
-0
0
0
0
0
0
0
0
0
0
0
0
0
0
0
0
0
0
0
0
0
0
0
0
0
0
0
0
0
0
0
0
0
0
0
0
0
0
0
0
0
0
0
0
0
0
0
0
0
0
-0
-0
-0
-0
-0
-0
-0
-0
-0
-0
-0
-0
-0
-0
-0
-0
-0
-0
-0
-0
-0
-0
-0
-0
-0
-0
-0
-0
-0
-0
-0
-0
-0
-0
-0
-0
-0
-0
-0
-0
-0
-0
-0
-0
-0
-0
-0
-0
-0
-0
-0
0
0
0
0
0
0
0
0
0
0
0
0
0
0
0
0
0
0
0
0
0
0
0
0
0
0
0
0
0
0
0
0
0
0
0
0
0
0
0
0
0
0
0
0
0
0
0
0
0
0
-0
-0
-0
-0
-0
-0
-0
-0
-0
-0
-0
-0
-0
-0
-0
-0
-0
-0
-0
-0
-0
-0
-0
-0
-0
-0
-0
-0
-0
-0
-0
-0
-0
-0
-0
-0
-0
-0
-0
-0
-0
-0
-0
-0
-0
-0
-0
-0
-0
-0
0
0
0
0
0
0
0
0
0
0
0
0
0
0
0
0
0
0
0
0
0
0
0
0
0
0
0
0
0
0
0
0
0
0
0
0
0
0
0
0
0
0
0
0
0
0
0
0
0
0
-0
-0
-0
-0
-0
-0
-0
-0
-0
-0
-0
-0
-0
-0
-0
-0
-0
-0
-0
-0
-0
-0
-0
-0
-0
-0
-0
-0
-0
-0
-0
-0
-0
-0
-0
-0
-0
-0
-0
-0
-0
-0
-0
-0
-0
-0
-0
-0
-0
-0
0
0
0
0
0
0
0
0
0
0
0
0
0
0
0
0
0
0
0
0
0
0
0
0
0
0
0
0
0
0
0
0
0
0
0
0
0
0
0
0
0
0
0
0
0
0
0
0
0
0
-0
-0
-0
-0
-0
-0
-0
-0
-0
-0
-0
-0
-0
-0
-0
-0
-0
-0
-0
-0
-0
-0
-0
-0
-0
-0
-0
-0
-0
-0
-0
-0
-0
-0
-0
-0
-0
-0
-0
-0
-0
-0
-0
-0
-0
-0
-0
-0
-0
-0
0
0
0
0
0
0
0
0
0
0
0
0
0
0
0
0
0
0
0
0
0
0
0
0
0
0
0
0
0
0
0
0
0
0
0
0
0
0
0
0
0
0
0
0
0
0
0
0
0
-0
-0
-0
-0
-0
-0
-0
-0
-0
-0
-0
-0
-0
-0
-0
-0
-0
-0
-0
-0
-0
-0
-0
-0
-0
-0
-0
-0
-0
-0
-0
-0
-0
-0
-0
-0
-0
-0
-0
-0
-0
-0
-0
-0
-0
-0
-0
-0
-0
-0
-0
0
0
0
0
0
0
0
0
0
0
0
0
0
0
0
0
0
0
0
0
0
0
0
0
0
0
0
0
0
0
0
0
0
0
0
0
0
0
0
0
0
0
0
0
0
0
0
0
0
-0
-0
-0
-0
-0
-0
-0
-0
-0
-0
-0
-0
-0
-0
-0
-0
-0
-0
-0
-0
-0
-0
-0
-0
-0
-0
-0
-0
-0
-0
-0
-0
-0
-0
-0
-0
-0
-0
-0
-0
-0
-0
-0
-0
-0
-0
-0
-0
-0
-0
-0
0
0
0
0
0
0
0
0
0
0
0
0
0
0
0
0
0
0
0
0
0
0
0
0
0
0
0
0
0
0
0
0
0
0
0
0
0
0
0
0
0
0
0
0
0
0
0
0
0
-0
