-0
-0
-0
-0
-0
-0
-0
-0
-0
-0
-0
-0
-0
-0
-0
-0
-0
-0
-0
-0
-0
-0
-0
-0
-0
-0
-0
-0
-0
-0
-0
-0
-0
-0
-0
-0
-0
-0
-0
-0
-0
-0
-0
-0
-0
-0
-0
-0
-0
-0
-0
0
0
0
0
0
0
0
0
0
0
0
0
0
0
0
0
0
0
0
0
0
0
0
0
0
0
0
0
0
0
0
0
0
0
0
0
0
0
0
0
0
0
0
0
0
0
0
0
0
0
-0
-0
-0
-0
-0
-0
-0
-0
-0
-0
-0
-0
-0
-0
-0
-0
-0
-0
-0
-0
-0
-0
-0
-0
-0
-0
-0
-0
-0
-0
-0
-0
-0
-0
-0
-0
-0
-0
-0
-0
-0
-0
-0
-0
-0
-0
-0
-0
-0
-0
0
0
0
0
0
0
0
0
0
0
0
0
0
0
0
0
0
0
0
0
0
0
0
0
0
0
0
0
0
0
0
0
0
0
0
0
0
0
0
0
0
0
0
0
0
0
0
0
0
0
-0
-0
-0
-0
-0
-0
-0
-0
-0
-0
-0
-0
-0
-0
-0
-0
-0
-0
-0
-0
-0
-0
-0
-0
-0
-0
-0
-0
-0
-0
-0
-0
-0
-0
-0
-0
-0
-0
-0
-0
-0
-0
-0
-0
-0
-0
-0
-0
-0
-0
0
0
0
0
0
0
0
0
0
0
0
0
0
0
0
0
0
0
0
0
0
0
0
0
0
0
0
0
0
0
0
0
0
0
0
0
0
0
0
0
0
0
0
0
0
0
0
0
0
0
-0
-0
-0
-0
-0
-0
-0
-0
-0
-0
-0
-0
-0
-0
-0
-0
-0
-0
-0
-0
-0
-0
-0
-0
-0
-0
-0
-0
-0
-0
-0
-0
-0
-0
-0
-0
-0
-0
-0
-0
-0
-0
-0
-0
-0
-0
-0
-0
-0
0
0
0
0
0
0
0
0
0
0
0
0
0
0
0
0
0
0
0
0
0
0
0
0
0
0
0
0
0
0
0
0
0
0
0
0
0
0
0
0
0
0
0
0
0
0
0
0
0
0
0
-0
-0
-0
-0
-0
-0
-0
-0
-0
-0
-0
-0
-0
-0
-0
-0
-0
-0
-0
-0
-0
-0
-0
-0
-0
-0
-0
-0
-0
-0
-0
-0
-0
-0
-0
-0
-0
-0
-0
-0
-0
-0
-0
-0
-0
-0
-0
-0
-0
-0
0
0
0
0
0
0
0
0
0
0
0
0
0
0
0
0
0
0
0
0
0
0
0
0
0
0
0
0
0
0
0
0
0
0
0
0
0
0
0
0
0
0
0
0
0
0
0
0
0
0
-0
-0
-0
-0
-0
-0
-0
-0
-0
-0
-0
-0
-0
-0
-0
-0
-0
-0
-0
-0
-0
-0
-0
-0
-0
-0
-0
-0
-0
-0
-0
-0
-0
-0
-0
-0
-0
-0
-0
-0
-0
-0
-0
-0
-0
-0
-0
-0
-0
0
0
0
0
0
0
0
0
0
0
0
0
0
0
0
0
0
0
0
0
0
0
0
0
0
0
0
0
0
0
0
0
0
0
0
0
0
0
0
0
0
0
0
0
0
0
0
0
0
0
0
-0
-0
-0
-0
-0
-0
-0
-0
-0
-0
-0
-0
-0
-0
-0
-0
-0
-0
-0
-0
-0
-0
-0
-0
-0
-0
-0
-0
-0
-0
-0
-0
-0
-0
-0
-0
-0
-0
-0
-0
-0
-0
-0
-0
-0
-0
-0
-0
-0
0
0
0
0
0
0
0
0
0
0
0
0
0
0
0
0
0
0
0
0
0
0
0
0
0
0
0
0
0
0
0
0
0
0
0
0
0
0
0
0
0
0
0
0
0
0
0
0
0
0
-0
-0
-0
-0
-0
-0
-0
-0
-0
-0
-0
-0
-0
-0
-0
-0
-0
-0
-0
-0
-0
-0
-0
-0
-0
-0
-0
-0
-0
-0
-0
-0
-0
-0
-0
-0
-0
-0
-0
-0
-0
-0
-0
-0
-0
-0
-0
-0
-0
-0
-0
0
0
0
0
0
0
0
0
0
0
0
0
0
0
0
0
0
0
0
0
0
0
0
0
0
0
0
0
0
0
0
0
0
0
0
0
0
0
0
0
0
0
0
0
0
0
0
0
0
0
-0
-0
-0
-0
-0
-0
-0
-0
-0
-0
-0
-0
-0
-0
-0
-0
-0
-0
-0
-0
-0
-0
-0
-0
-0
-0
-0
-0
-0
-0
-0
-0
-0
-0
-0
-0
-0
-0
-0
-0
-0
-0
-0
-0
-0
-0
-0
-0
-0
-0
0
0
0
0
0
0
0
0
0
0
0
0
0
0
0
0
0
0
0
0
0
0
0
0
0
0
0
0
0
0
0
0
0
0
0
0
0
0
0
0
0
0
0
0
0
0
0
0
0
0
-0
-0
-0
-0
-0
-0
-0
-0
-0
-0
-0
-0
-0
-0
-0
-0
-0
-0
-0
-0
-0
-0
-0
-0
-0
-0
-0
-0
-0
-0
-0
-0
-0
-0
-0
-0
-0
-0
-0
-0
-0
-0
-0
-0
-0
-0
-0
-0
-0
0
0
0
0
0
0
0
0
0
0
0
0
0
0
0
0
0
0
0
0
0
0
0
0
0
0
0
0
0
0
0
0
0
0
0
0
0
0
0
0
0
0
0
0
0
0
0
0
0
0
0
-0
-0
-0
-0
-0
-0
-0
-0
-0
-0
-0
-0
-0
-0
-0
-0
-0
-0
-0
-0
-0
-0
-0
-0
-0
-0
-0
-0
-0
-0
-0
-0
-0
-0
-0
-0
-0
-0
-0
-0
-0
-0
-0
-0
-0
-0
-0
-0
-0
0
0
0
0
0
0
0
0
0
0
0
0
0
0
0
0
0
0
0
0
0
0
0
0
0
0
0
0
0
0
0
0
0
0
0
0
0
0
0
0
0
0
0
0
0
0
0
0
0
0
-0
-0
-0
-0
-0
-0
-0
-0
-0
-0
-0
-0
-0
-0
-0
-0
-0
-0
-0
-0
-0
-0
-0
-0
-0
-0
-0
-0
-0
-0
-0
-0
-0
-0
-0
-0
-0
-0
-0
-0
-0
-0
-0
-0
-0
-0
-0
-0
-0
-0
0
0
0
0
0
0
0
0
0
0
0
0
0
0
0
0
0
0
0
0
0
0
0
0
0
0
0
0
0
0
0
0
0
0
0
0
0
0
0
0
0
0
0
0
0
0
0
0
0
0
0
-0
-0
-0
-0
-0
-0
-0
-0
-0
-0
-0
-0
-0
-0
-0
-0
-0
-0
-0
-0
-0
-0
-0
-0
-0
-0
-0
-0
-0
-0
-0
-0
-0
-0
-0
-0
-0
-0
-0
-0
-0
-0
-0
-0
-0
-0
-0
-0
-0
0
0
0
0
0
0
0
0
0
0
0
0
0
0
0
0
0
0
0
0
0
0
0
0
0
0
0
0
0
0
0
0
0
0
0
0
0
0
0
0
0
0
0
0
0
0
0
0
0
0
-0
-0
-0
-0
-0
-0
-0
-0
-0
-0
-0
-0
-0
-0
-0
-0
-0
-0
-0
-0
-0
-0
-0
-0
-0
-0
-0
-0
-0
-0
-0
-0
-0
-0
-0
-0
-0
-0
-0
-0
-0
-0
-0
-0
-0
-0
-0
-0
-0
-0
0
0
0
0
0
0
0
0
0
0
0
0
0
0
0
0
0
0
0
0
0
0
0
0
0
0
0
0
0
0
0
0
0
0
0
0
0
0
0
0
0
0
0
0
0
0
0
0
0
0
-0
-0
-0
-0
-0
-0
-0
-0
-0
-0
-0
-0
-0
-0
-0
-0
-0
-0
-0
-0
-0
-0
-0
-0
-0
-0
-0
-0
-0
-0
-0
-0
-0
-0
-0
-0
-0
-0
-0
-0
-0
-0
-0
-0
-0
-0
-0
-0
-0
-0
0
0
0
0
0
0
0
0
0
0
0
0
0
0
0
0
0
0
0
0
0
0
0
0
0
0
0
0
0
0
0
0
0
0
0
0
0
0
0
0
0
0
0
0
0
0
0
0
0
0
0
-0
-0
-0
-0
-0
-0
-0
-0
-0
-0
-0
-0
-0
-0
-0
-0
-0
-0
-0
-0
-0
-0
-0
-0
-0
-0
-0
-0
-0
-0
-0
-0
-0
-0
-0
-0
-0
-0
-0
-0
-0
-0
-0
-0
-0
-0
-0
-0
-0
-0
0
0
0
0
0
0
0
0
0
0
0
0
0
0
0
0
0
0
0
0
0
0
0
0
0
0
0
0
0
0
0
0
0
0
0
0
0
0
0
0
0
0
0
0
0
0
0
0
0
0
-0
-0
-0
-0
-0
-0
-0
-0
-0
-0
-0
-0
-0
-0
-0
-0
-0
-0
-0
-0
-0
-0
-0
-0
-0
-0
-0
-0
-0
-0
-0
-0
-0
-0
-0
-0
-0
-0
-0
-0
-0
-0
-0
-0
-0
-0
-0
-0
-0
-0
0
0
0
0
0
0
0
0
0
0
0
0
0
0
0
0
0
0
0
0
0
0
0
0
0
0
0
0
0
0
0
0
0
0
0
0
0
0
0
0
0
0
0
0
0
0
0
0
0
0
-0
-0
-0
-0
-0
-0
-0
-0
-0
-0
-0
-0
-0
-0
-0
-0
-0
-0
-0
-0
-0
-0
-0
-0
-0
-0
-0
-0
-0
-0
-0
-0
-0
-0
-0
-0
-0
-0
-0
-0
-0
-0
-0
-0
-0
-0
-0
-0
-0
-0
0
0
0
0
0
0
0
0
0
0
0
0
0
0
0
0
0
0
0
0
0
0
0
0
0
0
0
0
0
0
0
0
0
0
0
0
0
0
0
0
0
0
0
0
0
0
0
0
0
0
-0
-0
-0
-0
-0
-0
-0
-0
-0
-0
-0
-0
-0
-0
-0
-0
-0
-0
-0
-0
-0
-0
-0
-0
-0
-0
-0
-0
-0
-0
-0
-0
-0
-0
-0
-0
-0
-0
-0
-0
-0
-0
-0
-0
-0
-0
-0
-0
-0
-0
0
0
0
0
0
0
0
0
0
0
0
0
0
0
0
0
0
0
0
0
0
0
0
0
0
0
0
0
0
0
0
0
0
0
0
0
0
0
0
0
0
0
0
0
0
0
0
0
0
-0
-0
-0
-0
-0
-0
-0
-0
-0
-0
-0
-0
-0
-0
-0
-0
-0
-0
-0
-0
-0
-0
-0
-0
-0
-0
-0
-0
-0
-0
-0
-0
-0
-0
-0
-0
-0
-0
-0
-0
-0
-0
-0
-0
-0
-0
-0
-0
-0
-0
-0
0
0
0
0
0
0
0
0
0
0
0
0
0
0
0
0
0
0
0
0
0
0
0
0
0
0
0
0
0
0
0
0
0
0
0
0
0
0
0
0
0
0
0
0
0
0
0
0
0
0
-2.3546e-10
-9.4e-10
-2.108e-09
-3.7303e-09
-5.7941e-09
-8.2828e-09
-1.1177e-08
-1.4453e-08
-1.8084e-08
-2.2042e-08
-2.6294e-08
-3.0805e-08
-3.5537e-08
-4.0452e-08
-4.5507e-08
-5.066e-08
-5.5865e-08
-6.1076e-08
-6.6247e-08
-7.1329e-08
-7.6276e-08
-8.1039e-08
-8.557e-08
-8.9822e-08
-9.375e-08
-9.7308e-08
-1.0045e-07
-1.0314e-07
-1.0533e-07
-1.0699e-07
-1.0809e-07
-1.0858e-07
-1.0844e-07
-1.0765e-07
-1.0618e-07
-1.0402e-07
-1.0114e-07
-9.7548e-08
-9.3223e-08
-8.8168e-08
-8.2383e-08
-7.5876e-08
-6.8657e-08
-6.0741e-08
-5.2147e-08
-4.2899e-08
-3.3026e-08
-2.256e-08
-1.1538e-08
-2.9398e-21
1.2009e-08
2.444e-08
3.7242e-08
5.036e-08
6.3735e-08
7.7306e-08
9.101e-08
1.0478e-07
1.1855e-07
1.3225e-07
1.4581e-07
1.5916e-07
1.7222e-07
1.8492e-07
1.972e-07
2.0897e-07
2.2017e-07
2.3073e-07
2.4058e-07
2.4965e-07
2.5789e-07
2.6522e-07
2.7159e-07
2.7695e-07
2.8125e-07
2.8444e-07
2.8647e-07
2.8732e-07
2.8694e-07
2.8532e-07
2.8242e-07
2.7823e-07
2.7275e-07
2.6596e-07
2.5787e-07
2.4849e-07
2.3783e-07
2.259e-07
2.1274e-07
1.9838e-07
1.8285e-07
1.6621e-07
1.4849e-07
1.2976e-07
1.1009e-07
8.9528e-08
6.816e-08
4.606e-08
2.3311e-08
-7.3572e-22
-2.3782e-08
-4.794e-08
-7.2376e-08
-9.6989e-08
-1.2168e-07
-1.4633e-07
-1.7084e-07
-1.9511e-07
-2.1902e-07
-2.4246e-07
-2.6533e-07
-2.8751e-07
-3.089e-07
-3.2939e-07
-3.4889e-07
-3.6728e-07
-3.8448e-07
-4.0039e-07
-4.1491e-07
-4.2798e-07
-4.3949e-07
-4.494e-07
-4.5761e-07
-4.6408e-07
-4.6875e-07
-4.7157e-07
-4.7249e-07
-4.715e-07
-4.6855e-07
-4.6364e-07
-4.5675e-07
-4.4789e-07
-4.3706e-07
-4.2427e-07
-4.0956e-07
-3.9296e-07
-3.7451e-07
-3.5425e-07
-3.3226e-07
-3.0859e-07
-2.8332e-07
-2.5653e-07
-2.2832e-07
-1.9879e-07
-1.6803e-07
-1.3616e-07
-1.0329e-07
-6.956e-08
-3.5084e-08
-4.9605e-21
3.5555e-08
7.144e-08
1.0751e-07
1.4362e-07
1.7962e-07
2.1535e-07
2.5068e-07
2.8544e-07
3.1949e-07
3.5267e-07
3.8484e-07
4.1586e-07
4.4558e-07
4.7387e-07
5.0058e-07
5.2559e-07
5.4879e-07
5.7004e-07
5.8925e-07
6.063e-07
6.211e-07
6.3358e-07
6.4363e-07
6.5121e-07
6.5625e-07
6.587e-07
6.5852e-07
6.5568e-07
6.5016e-07
6.4196e-07
6.3109e-07
6.1754e-07
6.0137e-07
5.8259e-07
5.6126e-07
5.3743e-07
5.1119e-07
4.8261e-07
4.5177e-07
4.188e-07
3.8379e-07
3.4686e-07
3.0816e-07
2.6781e-07
2.2597e-07
1.8279e-07
1.3843e-07
9.306e-08
4.6857e-08
-6.6168e-21
-4.7328e-08
-9.494e-08
-1.4264e-07
-1.9025e-07
-2.3756e-07
-2.8438e-07
-3.3051e-07
-3.7577e-07
-4.1995e-07
-4.6288e-07
-5.0436e-07
-5.4421e-07
-5.8226e-07
-6.1834e-07
-6.5227e-07
-6.8391e-07
-7.1309e-07
-7.397e-07
-7.6358e-07
-7.8462e-07
-8.0271e-07
-8.1775e-07
-8.2966e-07
-8.3834e-07
-8.4375e-07
-8.4583e-07
-8.4454e-07
-8.3986e-07
-8.3177e-07
-8.2029e-07
-8.0542e-07
-7.872e-07
-7.6567e-07
-7.409e-07
-7.1295e-07
-6.819e-07
-6.4787e-07
-6.1096e-07
-5.7129e-07
-5.2901e-07
-4.8425e-07
-4.3719e-07
-3.8799e-07
-3.3683e-07
-2.8391e-07
-2.2942e-07
-1.7356e-07
-1.1656e-07
-5.8631e-08
-1.8358e-21
5.9102e-08
1.1844e-07
1.7778e-07
2.3688e-07
2.955e-07
3.534e-07
4.1034e-07
4.661e-07
5.2042e-07
5.7309e-07
6.2388e-07
6.7257e-07
7.1895e-07
7.6281e-07
8.0396e-07
8.4222e-07
8.774e-07
9.0935e-07
9.3791e-07
9.6294e-07
9.8432e-07
1.0019e-06
1.0157e-06
1.0255e-06
1.0313e-06
1.033e-06
1.0306e-06
1.024e-06
1.0134e-06
9.9861e-07
9.7975e-07
9.5685e-07
9.2998e-07
8.9921e-07
8.6464e-07
8.2638e-07
7.8455e-07
7.3931e-07
6.9081e-07
6.3922e-07
5.8472e-07
5.2752e-07
4.6782e-07
4.0586e-07
3.4185e-07
2.7605e-07
2.087e-07
1.4006e-07
7.0404e-08
-1.7643e-20
-7.0875e-08
-1.4194e-07
-2.1291e-07
-2.8351e-07
-3.5344e-07
-4.2242e-07
-4.9018e-07
-5.5643e-07
-6.2089e-07
-6.833e-07
-7.434e-07
-8.0092e-07
-8.5563e-07
-9.0728e-07
-9.5565e-07
-1.0005e-06
-1.0417e-06
-1.079e-06
-1.1122e-06
-1.1413e-06
-1.1659e-06
-1.1861e-06
-1.2017e-06
-1.2126e-06
-1.2187e-06
-1.2201e-06
-1.2166e-06
-1.2082e-06
-1.195e-06
-1.1769e-06
-1.1541e-06
-1.1265e-06
-1.0943e-06
-1.0575e-06
-1.0163e-06
-9.7085e-07
-9.2123e-07
-8.6766e-07
-8.1033e-07
-7.4943e-07
-6.8519e-07
-6.1785e-07
-5.4766e-07
-4.7488e-07
-3.9979e-07
-3.2268e-07
-2.4383e-07
-1.6356e-07
-8.2177e-08
6.4343e-21
8.2648e-08
1.6544e-07
2.4805e-07
3.3014e-07
4.1138e-07
4.9145e-07
5.7001e-07
6.4675e-07
7.2136e-07
7.9351e-07
8.6291e-07
9.2927e-07
9.9231e-07
1.0518e-06
1.1073e-06
1.1588e-06
1.206e-06
1.2487e-06
1.2866e-06
1.3196e-06
1.3475e-06
1.3703e-06
1.3877e-06
1.3997e-06
1.4062e-06
1.4072e-06
1.4026e-06
1.3924e-06
1.3766e-06
1.3553e-06
1.3284e-06
1.2962e-06
1.2586e-06
1.2158e-06
1.168e-06
1.1153e-06
1.0579e-06
9.9602e-07
9.2984e-07
8.5964e-07
7.8566e-07
7.0818e-07
6.2749e-07
5.439e-07
4.5773e-07
3.693e-07
2.7896e-07
1.8706e-07
9.395e-08
8.8175e-21
-9.4421e-08
-1.8894e-07
-2.8318e-07
-3.7677e-07
-4.6932e-07
-5.6047e-07
-6.4985e-07
-7.3708e-07
-8.2182e-07
-9.0372e-07
-9.8243e-07
-1.0576e-06
-1.129e-06
-1.1962e-06
-1.259e-06
-1.3172e-06
-1.3703e-06
-1.4183e-06
-1.4609e-06
-1.4979e-06
-1.5292e-06
-1.5545e-06
-1.5737e-06
-1.5869e-06
-1.5937e-06
-1.5943e-06
-1.5886e-06
-1.5766e-06
-1.5582e-06
-1.5336e-06
-1.5028e-06
-1.4658e-06
-1.4229e-06
-1.3741e-06
-1.3197e-06
-1.2598e-06
-1.1946e-06
-1.1244e-06
-1.0494e-06
-9.6985e-07
-8.8612e-07
-7.9851e-07
-7.0733e-07
-6.1293e-07
-5.1567e-07
-4.1593e-07
-3.141e-07
-2.1056e-07
-1.0572e-07
1.985e-20
1.0619e-07
2.1244e-07
3.1831e-07
4.2339e-07
5.2726e-07
6.2949e-07
7.2968e-07
8.2741e-07
9.2229e-07
1.0139e-06
1.1019e-06
1.186e-06
1.2657e-06
1.3407e-06
1.4107e-06
1.4755e-06
1.5346e-06
1.588e-06
1.6352e-06
1.6762e-06
1.7108e-06
1.7386e-06
1.7598e-06
1.774e-06
1.7812e-06
1.7815e-06
1.7746e-06
1.7607e-06
1.7398e-06
1.7119e-06
1.6771e-06
1.6355e-06
1.5872e-06
1.5325e-06
1.4714e-06
1.4043e-06
1.3313e-06
1.2527e-06
1.1689e-06
1.0801e-06
9.8659e-07
8.8884e-07
7.8716e-07
6.8195e-07
5.7361e-07
4.6256e-07
3.4923e-07
2.3406e-07
1.175e-07
-1.8379e-21
-1.1726e-07
-2.3359e-07
-3.4853e-07
-4.6163e-07
-5.7245e-07
-6.8057e-07
-7.8556e-07
-8.8703e-07
-9.8458e-07
-1.0779e-06
-1.1665e-06
-1.2502e-06
-1.3285e-06
-1.4014e-06
-1.4684e-06
-1.5293e-06
-1.5839e-06
-1.6321e-06
-1.6736e-06
-1.7083e-06
-1.7362e-06
-1.7571e-06
-1.7709e-06
-1.7777e-06
-1.7775e-06
-1.7702e-06
-1.756e-06
-1.735e-06
-1.7071e-06
-1.6727e-06
-1.6318e-06
-1.5846e-06
-1.5313e-06
-1.4723e-06
-1.4077e-06
-1.3378e-06
-1.2629e-06
-1.1834e-06
-1.0996e-06
-1.0117e-06
-9.2028e-07
-8.2561e-07
-7.2808e-07
-6.2811e-07
-5.261e-07
-4.2246e-07
-3.1761e-07
-2.1197e-07
-1.0596e-07
3.1357e-20
1.0549e-07
2.1009e-07
3.134e-07
4.15e-07
5.1451e-07
6.1155e-07
7.0573e-07
7.967e-07
8.8411e-07
9.6764e-07
1.047e-06
1.1218e-06
1.1919e-06
1.2569e-06
1.3167e-06
1.371e-06
1.4196e-06
1.4624e-06
1.4993e-06
1.53e-06
1.5546e-06
1.5729e-06
1.5849e-06
1.5906e-06
1.59e-06
1.5831e-06
1.57e-06
1.5508e-06
1.5255e-06
1.4943e-06
1.4574e-06
1.4149e-06
1.367e-06
1.314e-06
1.256e-06
1.1933e-06
1.1263e-06
1.0551e-06
9.8004e-07
9.0152e-07
8.1981e-07
7.3528e-07
6.4825e-07
5.5909e-07
4.6816e-07
3.7583e-07
2.8248e-07
1.8847e-07
9.4186e-08
-1.1735e-20
-9.3715e-08
-1.8659e-07
-2.7826e-07
-3.6837e-07
-4.5657e-07
-5.4252e-07
-6.259e-07
-7.0637e-07
-7.8365e-07
-8.5743e-07
-9.2745e-07
-9.9345e-07
-1.0552e-06
-1.1124e-06
-1.165e-06
-1.2127e-06
-1.2553e-06
-1.2928e-06
-1.3249e-06
-1.3517e-06
-1.373e-06
-1.3887e-06
-1.3989e-06
-1.4035e-06
-1.4025e-06
-1.396e-06
-1.384e-06
-1.3666e-06
-1.3439e-06
-1.316e-06
-1.2831e-06
-1.2453e-06
-1.2027e-06
-1.1557e-06
-1.1043e-06
-1.0489e-06
-9.8957e-07
-9.2671e-07
-8.6052e-07
-7.9131e-07
-7.1935e-07
-6.4495e-07
-5.6842e-07
-4.9007e-07
-4.1022e-07
-3.292e-07
-2.4734e-07
-1.6497e-07
-8.2413e-08
-3.845e-21
8.1942e-08
1.6309e-07
2.4313e-07
3.2174e-07
3.9863e-07
4.735e-07
5.4606e-07
6.1604e-07
6.8318e-07
7.4722e-07
8.0793e-07
8.651e-07
9.185e-07
9.6796e-07
1.0133e-06
1.0544e-06
1.091e-06
1.1231e-06
1.1506e-06
1.1734e-06
1.1914e-06
1.2045e-06
1.2129e-06
1.2163e-06
1.215e-06
1.2089e-06
1.198e-06
1.1824e-06
1.1623e-06
1.1377e-06
1.1088e-06
1.0756e-06
1.0384e-06
9.9736e-07
9.5262e-07
9.0439e-07
8.5289e-07
7.9835e-07
7.4101e-07
6.811e-07
6.1888e-07
5.5462e-07
4.8858e-07
4.2104e-07
3.5228e-07
2.8257e-07
2.1221e-07
1.4147e-07
7.0639e-08
-1.6486e-20
-7.0168e-08
-1.3959e-07
-2.0799e-07
-2.7511e-07
-3.4069e-07
-4.0448e-07
-4.6623e-07
-5.2571e-07
-5.8271e-07
-6.3701e-07
-6.8842e-07
-7.3674e-07
-7.8182e-07
-8.2349e-07
-8.616e-07
-8.9604e-07
-9.2669e-07
-9.5346e-07
-9.7627e-07
-9.9504e-07
-1.0097e-06
-1.0204e-06
-1.0268e-06
-1.0292e-06
-1.0275e-06
-1.0217e-06
-1.012e-06
-9.9825e-07
-9.8069e-07
-9.5938e-07
-9.3443e-07
-9.0596e-07
-8.7412e-07
-8.3905e-07
-8.0093e-07
-7.5992e-07
-7.1621e-07
-6.7e-07
-6.2149e-07
-5.7089e-07
-5.1841e-07
-4.6429e-07
-4.0875e-07
-3.5202e-07
-2.9434e-07
-2.3594e-07
-1.7708e-07
-1.1797e-07
-5.8866e-08
3.6627e-21
5.8395e-08
1.1609e-07
1.7286e-07
2.2848e-07
2.8275e-07
3.3545e-07
3.8639e-07
4.3538e-07
4.8224e-07
5.268e-07
5.689e-07
6.0839e-07
6.4514e-07
6.7901e-07
7.0991e-07
7.3773e-07
7.6239e-07
7.8381e-07
8.0193e-07
8.1672e-07
8.2814e-07
8.3617e-07
8.4082e-07
8.4209e-07
8.4e-07
8.346e-07
8.2594e-07
8.1407e-07
7.9908e-07
7.8106e-07
7.6009e-07
7.363e-07
7.0981e-07
6.8074e-07
6.4924e-07
6.1545e-07
5.7953e-07
5.4165e-07
5.0197e-07
4.6068e-07
4.1794e-07
3.7396e-07
3.2891e-07
2.83e-07
2.364e-07
1.8932e-07
1.4194e-07
9.447e-08
4.7093e-08
-1.6092e-20
-4.6622e-08
-9.259e-08
-1.3773e-07
-1.8185e-07
-2.2481e-07
-2.6643e-07
-3.0656e-07
-3.4506e-07
-3.8178e-07
-4.1659e-07
-4.4938e-07
-4.8004e-07
-5.0846e-07
-5.3454e-07
-5.5822e-07
-5.7942e-07
-5.9808e-07
-6.1415e-07
-6.276e-07
-6.384e-07
-6.4653e-07
-6.5199e-07
-6.548e-07
-6.5496e-07
-6.525e-07
-6.4747e-07
-6.3991e-07
-6.2989e-07
-6.1747e-07
-6.0273e-07
-5.8576e-07
-5.6665e-07
-5.455e-07
-5.2243e-07
-4.9755e-07
-4.7098e-07
-4.4285e-07
-4.133e-07
-3.8245e-07
-3.5047e-07
-3.1748e-07
-2.8363e-07
-2.4908e-07
-2.1397e-07
-1.7846e-07
-1.4269e-07
-1.0681e-07
-7.097e-08
-3.532e-08
6.025e-21
3.4849e-08
6.909e-08
1.0259e-07
1.3523e-07
1.6687e-07
1.9741e-07
2.2673e-07
2.5473e-07
2.8131e-07
3.0638e-07
3.2987e-07
3.5169e-07
3.7177e-07
3.9007e-07
4.0653e-07
4.2111e-07
4.3377e-07
4.445e-07
4.5327e-07
4.6007e-07
4.6492e-07
4.6781e-07
4.6877e-07
4.6783e-07
4.65e-07
4.6034e-07
4.5389e-07
4.4571e-07
4.3586e-07
4.2441e-07
4.1143e-07
3.9699e-07
3.8119e-07
3.6412e-07
3.4585e-07
3.265e-07
3.0617e-07
2.8494e-07
2.6294e-07
2.4026e-07
2.1701e-07
1.933e-07
1.6925e-07
1.4495e-07
1.2052e-07
9.6056e-08
7.1673e-08
4.747e-08
2.3546e-08
-9.1919e-25
-2.3076e-08
-4.559e-08
-6.7457e-08
-8.8596e-08
-1.0893e-07
-1.2838e-07
-1.4689e-07
-1.644e-07
-1.8084e-07
-1.9617e-07
-2.1035e-07
-2.2333e-07
-2.3509e-07
-2.456e-07
-2.5484e-07
-2.628e-07
-2.6946e-07
-2.7484e-07
-2.7893e-07
-2.8175e-07
-2.8331e-07
-2.8364e-07
-2.8275e-07
-2.807e-07
-2.775e-07
-2.7321e-07
-2.6787e-07
-2.6153e-07
-2.5425e-07
-2.4609e-07
-2.3709e-07
-2.2734e-07
-2.1689e-07
-2.058e-07
-1.9416e-07
-1.8203e-07
-1.6949e-07
-1.5659e-07
-1.4342e-07
-1.3005e-07
-1.1654e-07
-1.0297e-07
-8.9414e-08
-7.5926e-08
-6.2576e-08
-4.9427e-08
-3.6539e-08
-2.397e-08
-1.1773e-08
3.242e-21
1.1302e-08
2.209e-08
3.2323e-08
4.1966e-08
5.0988e-08
5.936e-08
6.706e-08
7.407e-08
8.0374e-08
8.5964e-08
9.0833e-08
9.4981e-08
9.8411e-08
1.0113e-07
1.0315e-07
1.0449e-07
1.0516e-07
1.0519e-07
1.046e-07
1.0343e-07
1.017e-07
9.9457e-08
9.6731e-08
9.3565e-08
9e-08
8.608e-08
8.1849e-08
7.7355e-08
7.2644e-08
6.7763e-08
6.276e-08
5.7683e-08
5.2578e-08
4.7493e-08
4.2473e-08
3.7563e-08
3.2804e-08
2.8238e-08
2.3903e-08
1.9838e-08
1.6075e-08
1.2646e-08
9.58e-09
6.9023e-09
4.6353e-09
2.7978e-09
1.4054e-09
4.7e-10
0
0
-0
-0
-0
-0
-0
-0
-0
-0
-0
-0
-0
-0
-0
-0
-0
-0
-0
-0
-0
-0
-0
-0
-0
-0
-0
-0
-0
-0
-0
-0
-0
-0
-0
-0
-0
-0
-0
-0
-0
-0
-0
-0
-0
-0
-0
-0
-0
-0
-0
-0
0
0
0
0
0
0
0
0
0
0
0
0
0
0
0
0
0
0
0
0
0
0
0
0
0
0
0
0
0
0
0
0
0
0
0
0
0
0
0
0
0
0
0
0
0
0
0
0
0
0
-0
-0
-0
-0
-0
-0
-0
-0
-0
-0
-0
-0
-0
-0
-0
-0
-0
-0
-0
-0
-0
-0
-0
-0
-0
-0
-0
-0
-0
-0
-0
-0
-0
-0
-0
-0
-0
-0
-0
-0
-0
-0
-0
-0
-0
-0
-0
-0
-0
-0
0
0
0
0
0
0
0
0
0
0
0
0
0
0
0
0
0
0
0
0
0
0
0
0
0
0
0
0
0
0
0
0
0
0
0
0
0
0
0
0
0
0
0
0
0
0
0
0
0
0
-0
-0
-0
-0
-0
-0
-0
-0
-0
-0
-0
-0
-0
-0
-0
-0
-0
-0
-0
-0
-0
-0
-0
-0
-0
-0
-0
-0
-0
-0
-0
-0
-0
-0
-0
-0
-0
-0
-0
-0
-0
-0
-0
-0
-0
-0
-0
-0
-0
-0
0
0
0
0
0
0
0
0
0
0
0
0
0
0
0
0
0
0
0
0
0
0
0
0
0
0
0
0
0
0
0
0
0
0
0
0
0
0
0
0
0
0
0
0
0
0
0
0
0
0
-0
-0
-0
-0
-0
-0
-0
-0
-0
-0
-0
-0
-0
-0
-0
-0
-0
-0
-0
-0
-0
-0
-0
-0
-0
-0
-0
-0
-0
-0
-0
-0
-0
-0
-0
-0
-0
-0
-0
-0
-0
-0
-0
-0
-0
-0
-0
-0
-0
-0
0
0
0
0
0
0
0
0
0
0
0
0
0
0
0
0
0
0
0
0
0
0
0
0
0
0
0
0
0
0
0
0
0
0
0
0
0
0
0
0
0
0
0
0
0
0
0
0
0
0
-0
-0
-0
-0
-0
-0
-0
-0
-0
-0
-0
-0
-0
-0
-0
-0
-0
-0
-0
-0
-0
-0
-0
-0
-0
-0
-0
-0
-0
-0
-0
-0
-0
-0
-0
-0
-0
-0
-0
-0
-0
-0
-0
-0
-0
-0
-0
-0
-0
-0
0
0
0
0
0
0
0
0
0
0
0
0
0
0
0
0
0
0
0
0
0
0
0
0
0
0
0
0
0
0
0
0
0
0
0
0
0
0
0
0
0
0
0
0
0
0
0
0
0
0
-0
-0
-0
-0
-0
-0
-0
-0
-0
-0
-0
-0
-0
-0
-0
-0
-0
-0
-0
-0
-0
-0
-0
-0
-0
-0
-0
-0
-0
-0
-0
-0
-0
-0
-0
-0
-0
-0
-0
-0
-0
-0
-0
-0
-0
-0
-0
-0
-0
0
0
0
0
0
0
0
0
0
0
0
0
0
0
0
0
0
0
0
0
0
0
0
0
0
0
0
0
0
0
0
0
0
0
0
0
0
0
0
0
0
0
0
0
0
0
0
0
0
0
0
-0
-0
-0
-0
-0
-0
-0
-0
-0
-0
-0
-0
-0
-0
-0
-0
-0
-0
-0
-0
-0
-0
-0
-0
-0
-0
-0
-0
-0
-0
-0
-0
-0
-0
-0
-0
-0
-0
-0
-0
-0
-0
-0
-0
-0
-0
-0
-0
-0
-0
0
0
0
0
0
0
0
0
0
0
0
0
0
0
0
0
0
0
0
0
0
0
0
0
0
0
0
0
0
0
0
0
0
0
0
0
0
0
0
0
0
0
0
0
0
0
0
0
0
0
-0
-0
-0
-0
-0
-0
-0
-0
-0
-0
-0
-0
-0
-0
-0
-0
-0
-0
-0
-0
-0
-0
-0
-0
-0
-0
-0
-0
-0
-0
-0
-0
-0
-0
-0
-0
-0
-0
-0
-0
-0
-0
-0
-0
-0
-0
-0
-0
-0
-0
0
0
0
0
0
0
0
0
0
0
0
0
0
0
0
0
0
0
0
0
0
0
0
0
0
0
0
0
0
0
0
0
0
0
0
0
0
0
0
0
0
0
0
0
0
0
0
0
0
-0
-0
-0
-0
-0
-0
-0
-0
-0
-0
-0
-0
-0
-0
-0
-0
-0
-0
-0
-0
-0
-0
-0
-0
-0
-0
-0
-0
-0
-0
-0
-0
-0
-0
-0
-0
-0
-0
-0
-0
-0
-0
-0
-0
-0
-0
-0
-0
-0
-0
-0
0
0
0
0
0
0
0
0
0
0
0
0
0
0
0
0
0
0
0
0
0
0
0
0
0
0
0
0
0
0
0
0
0
0
0
0
0
0
0
0
0
0
0
0
0
0
0
0
0
0
-0
-0
-0
-0
-0
-0
-0
-0
-0
-0
-0
-0
-0
-0
-0
-0
-0
-0
-0
-0
-0
-0
-0
-0
-0
-0
-0
-0
-0
-0
-0
-0
-0
-0
-0
-0
-0
-0
-0
-0
-0
-0
-0
-0
-0
-0
-0
-0
-0
0
0
0
0
0
0
0
0
0
0
0
0
0
0
0
0
0
0
0
0
0
0
0
0
0
0
0
0
0
0
0
0
0
0
0
0
0
0
0
0
0
0
0
0
0
0
0
0
0
0
0
-0
-0
-0
-0
-0
-0
-0
-0
-0
-0
-0
-0
-0
-0
-0
-0
-0
-0
-0
-0
-0
-0
-0
-0
-0
-0
-0
-0
-0
-0
-0
-0
-0
-0
-0
-0
-0
-0
-0
-0
-0
-0
-0
-0
-0
-0
-0
-0
-0
-0
0
0
0
0
0
0
0
0
0
0
0
0
0
0
0
0
0
0
0
0
0
0
0
0
0
0
0
0
0
0
0
0
0
0
0
0
0
0
0
0
0
0
0
0
0
0
0
0
0
0
-0
-0
-0
-0
-0
-0
-0
-0
-0
-0
-0
-0
-0
-0
-0
-0
-0
-0
-0
-0
-0
-0
-0
-0
-0
-0
-0
-0
-0
-0
-0
-0
-0
-0
-0
-0
-0
-0
-0
-0
-0
-0
-0
-0
-0
-0
-0
-0
-0
0
0
0
0
0
0
0
0
0
0
0
0
0
0
0
0
0
0
0
0
0
0
0
0
0
0
0
0
0
0
0
0
0
0
0
0
0
0
0
0
0
0
0
0
0
0
0
0
0
0
-0
-0
-0
-0
-0
-0
-0
-0
-0
-0
-0
-0
-0
-0
-0
-0
-0
-0
-0
-0
-0
-0
-0
-0
-0
-0
-0
-0
-0
-0
-0
-0
-0
-0
-0
-0
-0
-0
-0
-0
-0
-0
-0
-0
-0
-0
-0
-0
-0
-0
-0
0
0
0
0
0
0
0
0
0
0
0
0
0
0
0
0
0
0
0
0
0
0
0
0
0
0
0
0
0
0
0
0
0
0
0
0
0
0
0
0
0
0
0
0
0
0
0
0
0
0
-0
-0
-0
-0
-0
-0
-0
-0
-0
-0
-0
-0
-0
-0
-0
-0
-0
-0
-0
-0
-0
-0
-0
-0
-0
-0
-0
-0
-0
-0
-0
-0
-0
-0
-0
-0
-0
-0
-0
-0
-0
-0
-0
-0
-0
-0
-0
-0
-0
0
0
0
0
0
0
0
0
0
0
0
0
0
0
0
0
0
0
0
0
0
0
0
0
0
0
0
0
0
0
0
0
0
0
0
0
0
0
0
0
0
0
0
0
0
0
0
0
0
0
-0
-0
-0
-0
-0
-0
-0
-0
-0
-0
-0
-0
-0
-0
-0
-0
-0
-0
-0
-0
-0
-0
-0
-0
-0
-0
-0
-0
-0
-0
-0
-0
-0
-0
-0
-0
-0
-0
-0
-0
-0
-0
-0
-0
-0
-0
-0
-0
-0
-0
0
0
0
0
0
0
0
0
0
0
0
0
0
0
0
0
0
0
0
0
0
0
0
0
0
0
0
0
0
0
0
0
0
0
0
0
0
0
0
0
0
0
0
0
0
0
0
0
0
0
0
-0
-0
-0
-0
-0
-0
-0
-0
-0
-0
-0
-0
-0
-0
-0
-0
-0
-0
-0
-0
-0
-0
-0
-0
-0
-0
-0
-0
-0
-0
-0
-0
-0
-0
-0
-0
-0
-0
-0
-0
-0
-0
-0
-0
-0
-0
-0
-0
-0
-0
0
0
0
0
0
0
0
0
0
0
0
0
0
0
0
0
0
0
0
0
0
0
0
0
0
0
0
0
0
0
0
0
0
0
0
0
0
0
0
0
0
0
0
0
0
0
0
0
0
-0
-0
-0
-0
-0
-0
-0
-0
-0
-0
-0
-0
-0
-0
-0
-0
-0
-0
-0
-0
-0
-0
-0
-0
-0
-0
-0
-0
-0
-0
-0
-0
-0
-0
-0
-0
-0
-0
-0
-0
-0
-0
-0
-0
-0
-0
-0
-0
-0
-0
0
0
0
0
0
0
0
0
0
0
0
0
0
0
0
0
0
0
0
0
0
0
0
0
0
0
0
0
0
0
0
0
0
0
0
0
0
0
0
0
0
0
0
0
0
0
0
0
0
0
-0
-0
-0
-0
-0
-0
-0
-0
-0
-0
-0
-0
-0
-0
-0
-0
-0
-0
-0
-0
-0
-0
-0
-0
-0
-0
-0
-0
-0
-0
-0
-0
-0
-0
-0
-0
-0
-0
-0
-0
-0
-0
-0
-0
-0
-0
-0
-0
-0
-0
-0
0
0
0
0
0
0
0
0
0
0
0
0
0
0
0
0
0
0
0
0
0
0
0
0
0
0
0
0
0
0
0
0
0
0
0
0
0
0
0
0
0
0
0
0
0
0
0
0
0
0
-0
-0
-0
-0
-0
-0
-0
-0
-0
-0
-0
-0
-0
-0
-0
-0
-0
-0
-0
-0
-0
-0
-0
-0
-0
-0
-0
-0
-0
-0
-0
-0
-0
-0
-0
-0
-0
-0
-0
-0
-0
-0
-0
-0
-0
-0
-0
-0
-0
0
0
0
0
0
0
0
0
0
0
0
0
0
0
0
0
0
0
0
0
0
0
0
0
0
0
0
0
0
0
0
0
0
0
0
0
0
0
0
0
0
0
0
0
0
0
0
0
0
0
-0
-0
-0
-0
-0
-0
-0
-0
-0
-0
-0
-0
-0
-0
-0
-0
-0
-0
-0
-0
-0
-0
-0
-0
-0
-0
-0
-0
-0
-0
-0
-0
-0
-0
-0
-0
-0
-0
-0
-0
-0
-0
-0
-0
-0
-0
-0
-0
-0
-0
0
0
0
0
0
0
0
0
0
0
0
0
0
0
0
0
0
0
0
0
0
0
0
0
0
0
0
0
0
0
0
0
0
0
0
0
0
0
0
0
0
0
0
0
0
0
0
0
0
0
-0
-0
-0
-0
-0
-0
-0
-0
-0
-0
-0
-0
-0
-0
-0
-0
-0
-0
-0
-0
-0
-0
-0
-0
-0
-0
-0
-0
-0
-0
-0
-0
-0
-0
-0
-0
-0
-0
-0
-0
-0
-0
-0
-0
-0
-0
-0
-0
-0
-0
-0
0
0
0
0
0
0
0
0
0
0
0
0
0
0
0
0
0
0
0
0
0
0
0
0
0
0
0
0
0
0
0
0
0
0
0
0
0
0
0
0
0
0
0
0
0
0
0
0
0
0
-0
-0
-0
-0
-0
-0
-0
-0
-0
-0
-0
-0
-0
-0
-0
-0
-0
-0
-0
-0
-0
-0
-0
-0
-0
-0
-0
-0
-0
-0
-0
-0
-0
-0
-0
-0
-0
-0
-0
-0
-0
-0
-0
-0
-0
-0
-0
-0
-0
-0
0
0
0
0
0
0
0
0
0
0
0
0
0
0
0
0
0
0
0
0
0
0
0
0
0
0
0
0
0
0
0
0
0
0
0
0
0
0
0
0
0
0
0
0
0
0
0
0
0
-0
-0
-0
-0
-0
-0
-0
-0
-0
-0
-0
-0
-0
-0
-0
-0
-0
-0
-0
-0
-0
-0
-0
-0
-0
-0
-0
-0
-0
-0
-0
-0
-0
-0
-0
-0
-0
-0
-0
-0
-0
-0
-0
-0
-0
-0
-0
-0
-0
-0
0
0
0
0
0
0
0
0
0
0
0
0
0
0
0
0
0
0
0
0
0
0
0
0
0
0
0
0
0
0
0
0
0
0
0
0
0
0
0
0
0
0
0
0
0
0
0
0
0
0
0
-0
-0
-0
-0
-0
-0
-0
-0
-0
-0
-0
-0
-0
-0
-0
-0
-0
-0
-0
-0
-0
-0
-0
-0
-0
-0
-0
-0
-0
-0
-0
-0
-0
-0
-0
-0
-0
-0
-0
-0
-0
-0
-0
-0
-0
-0
-0
-0
-0
-0
0
0
0
0
0
0
0
0
0
0
0
0
0
0
0
0
0
0
0
0
0
0
0
0
0
0
0
0
0
0
0
0
0
0
0
0
0
0
0
0
0
0
0
0
0
0
0
0
0
0
-0
-0
-0
-0
-0
-0
-0
-0
-0
-0
-0
-0
-0
-0
-0
-0
-0
-0
-0
-0
-0
-0
-0
-0
-0
-0
-0
-0
-0
-0
-0
-0
-0
-0
-0
-0
-0
-0
-0
-0
-0
-0
-0
-0
-0
-0
-0
-0
-0
0
0
0
0
0
0
0
0
0
0
0
0
0
0
0
0
0
0
0
0
0
0
0
0
0
0
0
0
0
0
0
0
0
0
0
0
0
0
0
0
0
0
0
0
0
0
0
0
0
0
-0
-0
-0
-0
-0
-0
-0
-0
-0
-0
-0
-0
-0
-0
-0
-0
-0
-0
-0
-0
-0
-0
-0
-0
-0
-0
-0
-0
-0
-0
-0
-0
-0
-0
-0
-0
-0
-0
-0
-0
-0
-0
-0
-0
-0
-0
-0
-0
-0
-0
-0
0
0
0
0
0
0
0
0
0
0
0
0
0
0
0
0
0
0
0
0
0
0
0
0
0
0
0
0
0
0
0
0
0
0
0
0
0
0
0
0
0
0
0
0
0
0
0
0
0
0
-0
-0
-0
-0
-0
-0
-0
-0
-0
-0
-0
-0
-0
-0
-0
-0
-0
-0
-0
-0
-0
-0
-0
-0
-0
-0
-0
-0
-0
-0
-0
-0
-0
-0
-0
-0
-0
-0
-0
-0
-0
-0
-0
-0
-0
-0
-0
-0
-0
-0
0
0
0
0
0
0
0
0
0
0
0
0
0
0
0
0
0
0
0
0
0
0
0
0
0
0
0
0
0
0
0
0
0
0
0
0
0
0
0
0
0
0
0
0
0
0
0
0
0
-0
-0
-0
-0
-0
-0
-0
-0
-0
-0
-0
-0
-0
-0
-0
-0
-0
-0
-0
-0
-0
-0
-0
-0
-0
-0
-0
-0
-0
-0
-0
-0
-0
-0
-0
-0
-0
-0
-0
-0
-0
-0
-0
-0
-0
-0
-0
-0
-0
-0
0
0
0
0
0
0
0
0
0
0
0
0
0
0
0
0
0
0
0
0
0
0
0
0
0
0
0
0
0
0
0
0
0
0
0
0
0
0
0
0
0
0
0
0
0
0
0
0
0
0
-0
-2.3546e-10
-9.4e-10
-2.108e-09
-3.7303e-09
-5.7941e-09
-8.2828e-09
-1.1177e-08
-1.4453e-08
-1.8084e-08
-2.2042e-08
-2.6294e-08
-3.0805e-08
-3.5537e-08
-4.0452e-08
-4.5507e-08
-5.066e-08
-5.5865e-08
-6.1076e-08
-6.6247e-08
-7.1329e-08
-7.6276e-08
-8.1039e-08
-8.557e-08
-8.9822e-08
-9.375e-08
-9.7308e-08
-1.0045e-07
-1.0314e-07
-1.0533e-07
-1.0699e-07
-1.0809e-07
-1.0858e-07
-1.0844e-07
-1.0765e-07
-1.0618e-07
-1.0402e-07
-1.0114e-07
-9.7548e-08
-9.3223e-08
-8.8168e-08
-8.2383e-08
-7.5876e-08
-6.8657e-08
-6.0741e-08
-5.2147e-08
-4.2899e-08
-3.3026e-08
-2.256e-08
-1.1538e-08
-2.0204e-21
1.2009e-08
2.444e-08
3.7242e-08
5.036e-08
6.3735e-08
7.7306e-08
9.101e-08
1.0478e-07
1.1855e-07
1.3225e-07
1.4581e-07
1.5916e-07
1.7222e-07
1.8492e-07
1.972e-07
2.0897e-07
2.2017e-07
2.3073e-07
2.4058e-07
2.4965e-07
2.5789e-07
2.6522e-07
2.7159e-07
2.7695e-07
2.8125e-07
2.8444e-07
2.8647e-07
2.8732e-07
2.8694e-07
2.8532e-07
2.8242e-07
2.7823e-07
2.7275e-07
2.6596e-07
2.5787e-07
2.4849e-07
2.3783e-07
2.259e-07
2.1274e-07
1.9838e-07
1.8285e-07
1.6621e-07
1.4849e-07
1.2976e-07
1.1009e-07
8.9528e-08
6.816e-08
4.606e-08
2.3311e-08
-1.3233e-20
-2.3782e-08
-4.794e-08
-7.2376e-08
-9.6989e-08
-1.2168e-07
-1.4633e-07
-1.7084e-07
-1.9511e-07
-2.1902e-07
-2.4246e-07
-2.6533e-07
-2.8751e-07
-3.089e-07
-3.2939e-07
-3.4889e-07
-3.6728e-07
-3.8448e-07
-4.0039e-07
-4.1491e-07
-4.2798e-07
-4.3949e-07
-4.494e-07
-4.5761e-07
-4.6408e-07
-4.6875e-07
-4.7157e-07
-4.7249e-07
-4.715e-07
-4.6855e-07
-4.6364e-07
-4.5675e-07
-4.4789e-07
-4.3706e-07
-4.2427e-07
-4.0956e-07
-3.9296e-07
-3.7451e-07
-3.5425e-07
-3.3226e-07
-3.0859e-07
-2.8332e-07
-2.5653e-07
-2.2832e-07
-1.9879e-07
-1.6803e-07
-1.3616e-07
-1.0329e-07
-6.956e-08
-3.5084e-08
1.3785e-20
3.5555e-08
7.144e-08
1.0751e-07
1.4362e-07
1.7962e-07
2.1535e-07
2.5068e-07
2.8544e-07
3.1949e-07
3.5267e-07
3.8484e-07
4.1586e-07
4.4558e-07
4.7387e-07
5.0058e-07
5.2559e-07
5.4879e-07
5.7004e-07
5.8925e-07
6.063e-07
6.211e-07
6.3358e-07
6.4363e-07
6.5121e-07
6.5625e-07
6.587e-07
6.5852e-07
6.5568e-07
6.5016e-07
6.4196e-07
6.3109e-07
6.1754e-07
6.0137e-07
5.8259e-07
5.6126e-07
5.3743e-07
5.1119e-07
4.8261e-07
4.5177e-07
4.188e-07
3.8379e-07
3.4686e-07
3.0816e-07
2.6781e-07
2.2597e-07
1.8279e-07
1.3843e-07
9.306e-08
4.6857e-08
3.2338e-20
-4.7328e-08
-9.494e-08
-1.4264e-07
-1.9025e-07
-2.3756e-07
-2.8438e-07
-3.3051e-07
-3.7577e-07
-4.1995e-07
-4.6288e-07
-5.0436e-07
-5.4421e-07
-5.8226e-07
-6.1834e-07
-6.5227e-07
-6.8391e-07
-7.1309e-07
-7.397e-07
-7.6358e-07
-7.8462e-07
-8.0271e-07
-8.1775e-07
-8.2966e-07
-8.3834e-07
-8.4375e-07
-8.4583e-07
-8.4454e-07
-8.3986e-07
-8.3177e-07
-8.2029e-07
-8.0542e-07
-7.872e-07
-7.6567e-07
-7.409e-07
-7.1295e-07
-6.819e-07
-6.4787e-07
-6.1096e-07
-5.7129e-07
-5.2901e-07
-4.8425e-07
-4.3719e-07
-3.8799e-07
-3.3683e-07
-2.8391e-07
-2.2942e-07
-1.7356e-07
-1.1656e-07
-5.8631e-08
-5.0529e-20
5.9102e-08
1.1844e-07
1.7778e-07
2.3688e-07
2.955e-07
3.534e-07
4.1034e-07
4.661e-07
5.2042e-07
5.7309e-07
6.2388e-07
6.7257e-07
7.1895e-07
7.6281e-07
8.0396e-07
8.4222e-07
8.774e-07
9.0935e-07
9.3791e-07
9.6294e-07
9.8432e-07
1.0019e-06
1.0157e-06
1.0255e-06
1.0313e-06
1.033e-06
1.0306e-06
1.024e-06
1.0134e-06
9.9861e-07
9.7975e-07
9.5685e-07
9.2998e-07
8.9921e-07
8.6464e-07
8.2638e-07
7.8455e-07
7.3931e-07
6.9081e-07
6.3922e-07
5.8472e-07
5.2752e-07
4.6782e-07
4.0586e-07
3.4185e-07
2.7605e-07
2.087e-07
1.4006e-07
7.0404e-08
7.2764e-20
-7.0875e-08
-1.4194e-07
-2.1291e-07
-2.8351e-07
-3.5344e-07
-4.2242e-07
-4.9018e-07
-5.5643e-07
-6.2089e-07
-6.833e-07
-7.434e-07
-8.0092e-07
-8.5563e-07
-9.0728e-07
-9.5565e-07
-1.0005e-06
-1.0417e-06
-1.079e-06
-1.1122e-06
-1.1413e-06
-1.1659e-06
-1.1861e-06
-1.2017e-06
-1.2126e-06
-1.2187e-06
-1.2201e-06
-1.2166e-06
-1.2082e-06
-1.195e-06
-1.1769e-06
-1.1541e-06
-1.1265e-06
-1.0943e-06
-1.0575e-06
-1.0163e-06
-9.7085e-07
-9.2123e-07
-8.6766e-07
-8.1033e-07
-7.4943e-07
-6.8519e-07
-6.1785e-07
-5.4766e-07
-4.7488e-07
-3.9979e-07
-3.2268e-07
-2.4383e-07
-1.6356e-07
-8.2177e-08
-2.4433e-20
8.2648e-08
1.6544e-07
2.4805e-07
3.3014e-07
4.1138e-07
4.9145e-07
5.7001e-07
6.4675e-07
7.2136e-07
7.9351e-07
8.6291e-07
9.2927e-07
9.9231e-07
1.0518e-06
1.1073e-06
1.1588e-06
1.206e-06
1.2487e-06
1.2866e-06
1.3196e-06
1.3475e-06
1.3703e-06
1.3877e-06
1.3997e-06
1.4062e-06
1.4072e-06
1.4026e-06
1.3924e-06
1.3766e-06
1.3553e-06
1.3284e-06
1.2962e-06
1.2586e-06
1.2158e-06
1.168e-06
1.1153e-06
1.0579e-06
9.9602e-07
9.2984e-07
8.5964e-07
7.8566e-07
7.0818e-07
6.2749e-07
5.439e-07
4.5773e-07
3.693e-07
2.7896e-07
1.8706e-07
9.395e-08
1.2936e-19
-9.4421e-08
-1.8894e-07
-2.8318e-07
-3.7677e-07
-4.6932e-07
-5.6047e-07
-6.4985e-07
-7.3708e-07
-8.2182e-07
-9.0372e-07
-9.8243e-07
-1.0576e-06
-1.129e-06
-1.1962e-06
-1.259e-06
-1.3172e-06
-1.3703e-06
-1.4183e-06
-1.4609e-06
-1.4979e-06
-1.5292e-06
-1.5545e-06
-1.5737e-06
-1.5869e-06
-1.5937e-06
-1.5943e-06
-1.5886e-06
-1.5766e-06
-1.5582e-06
-1.5336e-06
-1.5028e-06
-1.4658e-06
-1.4229e-06
-1.3741e-06
-1.3197e-06
-1.2598e-06
-1.1946e-06
-1.1244e-06
-1.0494e-06
-9.6985e-07
-8.8612e-07
-7.9851e-07
-7.0733e-07
-6.1293e-07
-5.1567e-07
-4.1593e-07
-3.141e-07
-2.1056e-07
-1.0572e-07
-6.7799e-20
1.0619e-07
2.1244e-07
3.1831e-07
4.2339e-07
5.2726e-07
6.2949e-07
7.2968e-07
8.2741e-07
9.2229e-07
1.0139e-06
1.1019e-06
1.186e-06
1.2657e-06
1.3407e-06
1.4107e-06
1.4755e-06
1.5346e-06
1.588e-06
1.6352e-06
1.6762e-06
1.7108e-06
1.7386e-06
1.7598e-06
1.774e-06
1.7812e-06
1.7815e-06
1.7746e-06
1.7607e-06
1.7398e-06
1.7119e-06
1.6771e-06
1.6355e-06
1.5872e-06
1.5325e-06
1.4714e-06
1.4043e-06
1.3313e-06
1.2527e-06
1.1689e-06
1.0801e-06
9.8659e-07
8.8884e-07
7.8716e-07
6.8195e-07
5.7361e-07
4.6256e-07
3.4923e-07
2.3406e-07
1.175e-07
9.5355e-20
-1.1726e-07
-2.3359e-07
-3.4853e-07
-4.6163e-07
-5.7245e-07
-6.8057e-07
-7.8556e-07
-8.8703e-07
-9.8458e-07
-1.0779e-06
-1.1665e-06
-1.2502e-06
-1.3285e-06
-1.4014e-06
-1.4684e-06
-1.5293e-06
-1.5839e-06
-1.6321e-06
-1.6736e-06
-1.7083e-06
-1.7362e-06
-1.7571e-06
-1.7709e-06
-1.7777e-06
-1.7775e-06
-1.7702e-06
-1.756e-06
-1.735e-06
-1.7071e-06
-1.6727e-06
-1.6318e-06
-1.5846e-06
-1.5313e-06
-1.4723e-06
-1.4077e-06
-1.3378e-06
-1.2629e-06
-1.1834e-06
-1.0996e-06
-1.0117e-06
-9.2028e-07
-8.2561e-07
-7.2808e-07
-6.2811e-07
-5.261e-07
-4.2246e-07
-3.1761e-07
-2.1197e-07
-1.0596e-07
-1.0395e-19
1.0549e-07
2.1009e-07
3.134e-07
4.15e-07
5.1451e-07
6.1155e-07
7.0573e-07
7.967e-07
8.8411e-07
9.6764e-07
1.047e-06
1.1218e-06
1.1919e-06
1.2569e-06
1.3167e-06
1.371e-06
1.4196e-06
1.4624e-06
1.4993e-06
1.53e-06
1.5546e-06
1.5729e-06
1.5849e-06
1.5906e-06
1.59e-06
1.5831e-06
1.57e-06
1.5508e-06
1.5255e-06
1.4943e-06
1.4574e-06
1.4149e-06
1.367e-06
1.314e-06
1.256e-06
1.1933e-06
1.1263e-06
1.0551e-06
9.8004e-07
9.0152e-07
8.1981e-07
7.3528e-07
6.4825e-07
5.5909e-07
4.6816e-07
3.7583e-07
2.8248e-07
1.8847e-07
9.4186e-08
2.3454e-20
-9.3715e-08
-1.8659e-07
-2.7826e-07
-3.6837e-07
-4.5657e-07
-5.4252e-07
-6.259e-07
-7.0637e-07
-7.8365e-07
-8.5743e-07
-9.2745e-07
-9.9345e-07
-1.0552e-06
-1.1124e-06
-1.165e-06
-1.2127e-06
-1.2553e-06
-1.2928e-06
-1.3249e-06
-1.3517e-06
-1.373e-06
-1.3887e-06
-1.3989e-06
-1.4035e-06
-1.4025e-06
-1.396e-06
-1.384e-06
-1.3666e-06
-1.3439e-06
-1.316e-06
-1.2831e-06
-1.2453e-06
-1.2027e-06
-1.1557e-06
-1.1043e-06
-1.0489e-06
-9.8957e-07
-9.2671e-07
-8.6052e-07
-7.9131e-07
-7.1935e-07
-6.4495e-07
-5.6842e-07
-4.9007e-07
-4.1022e-07
-3.292e-07
-2.4734e-07
-1.6497e-07
-8.2413e-08
-1.0902e-19
8.1942e-08
1.6309e-07
2.4313e-07
3.2174e-07
3.9863e-07
4.735e-07
5.4606e-07
6.1604e-07
6.8318e-07
7.4722e-07
8.0793e-07
8.651e-07
9.185e-07
9.6796e-07
1.0133e-06
1.0544e-06
1.091e-06
1.1231e-06
1.1506e-06
1.1734e-06
1.1914e-06
1.2045e-06
1.2129e-06
1.2163e-06
1.215e-06
1.2089e-06
1.198e-06
1.1824e-06
1.1623e-06
1.1377e-06
1.1088e-06
1.0756e-06
1.0384e-06
9.9736e-07
9.5262e-07
9.0439e-07
8.5289e-07
7.9835e-07
7.4101e-07
6.811e-07
6.1888e-07
5.5462e-07
4.8858e-07
4.2104e-07
3.5228e-07
2.8257e-07
2.1221e-07
1.4147e-07
7.0639e-08
4.1752e-20
-7.0168e-08
-1.3959e-07
-2.0799e-07
-2.7511e-07
-3.4069e-07
-4.0448e-07
-4.6623e-07
-5.2571e-07
-5.8271e-07
-6.3701e-07
-6.8842e-07
-7.3674e-07
-7.8182e-07
-8.2349e-07
-8.616e-07
-8.9604e-07
-9.2669e-07
-9.5346e-07
-9.7627e-07
-9.9504e-07
-1.0097e-06
-1.0204e-06
-1.0268e-06
-1.0292e-06
-1.0275e-06
-1.0217e-06
-1.012e-06
-9.9825e-07
-9.8069e-07
-9.5938e-07
-9.3443e-07
-9.0596e-07
-8.7412e-07
-8.3905e-07
-8.0093e-07
-7.5992e-07
-7.1621e-07
-6.7e-07
-6.2149e-07
-5.7089e-07
-5.1841e-07
-4.6429e-07
-4.0875e-07
-3.5202e-07
-2.9434e-07
-2.3594e-07
-1.7708e-07
-1.1797e-07
-5.8866e-08
-4.4836e-20
5.8395e-08
1.1609e-07
1.7286e-07
2.2848e-07
2.8275e-07
3.3545e-07
3.8639e-07
4.3538e-07
4.8224e-07
5.268e-07
5.689e-07
6.0839e-07
6.4514e-07
6.7901e-07
7.0991e-07
7.3773e-07
7.6239e-07
7.8381e-07
8.0193e-07
8.1672e-07
8.2814e-07
8.3617e-07
8.4082e-07
8.4209e-07
8.4e-07
8.346e-07
8.2594e-07
8.1407e-07
7.9908e-07
7.8106e-07
7.6009e-07
7.363e-07
7.0981e-07
6.8074e-07
6.4924e-07
6.1545e-07
5.7953e-07
5.4165e-07
5.0197e-07
4.6068e-07
4.1794e-07
3.7396e-07
3.2891e-07
2.83e-07
2.364e-07
1.8932e-07
1.4194e-07
9.447e-08
4.7093e-08
4.3878e-20
-4.6622e-08
-9.259e-08
-1.3773e-07
-1.8185e-07
-2.2481e-07
-2.6643e-07
-3.0656e-07
-3.4506e-07
-3.8178e-07
-4.1659e-07
-4.4938e-07
-4.8004e-07
-5.0846e-07
-5.3454e-07
-5.5822e-07
-5.7942e-07
-5.9808e-07
-6.1415e-07
-6.276e-07
-6.384e-07
-6.4653e-07
-6.5199e-07
-6.548e-07
-6.5496e-07
-6.525e-07
-6.4747e-07
-6.3991e-07
-6.2989e-07
-6.1747e-07
-6.0273e-07
-5.8576e-07
-5.6665e-07
-5.455e-07
-5.2243e-07
-4.9755e-07
-4.7098e-07
-4.4285e-07
-4.133e-07
-3.8245e-07
-3.5047e-07
-3.1748e-07
-2.8363e-07
-2.4908e-07
-2.1397e-07
-1.7846e-07
-1.4269e-07
-1.0681e-07
-7.097e-08
-3.532e-08
-7.1157e-21
3.4849e-08
6.909e-08
1.0259e-07
1.3523e-07
1.6687e-07
1.9741e-07
2.2673e-07
2.5473e-07
2.8131e-07
3.0638e-07
3.2987e-07
3.5169e-07
3.7177e-07
3.9007e-07
4.0653e-07
4.2111e-07
4.3377e-07
4.445e-07
4.5327e-07
4.6007e-07
4.6492e-07
4.6781e-07
4.6877e-07
4.6783e-07
4.65e-07
4.6034e-07
4.5389e-07
4.4571e-07
4.3586e-07
4.2441e-07
4.1143e-07
3.9699e-07
3.8119e-07
3.6412e-07
3.4585e-07
3.265e-07
3.0617e-07
2.8494e-07
2.6294e-07
2.4026e-07
2.1701e-07
1.933e-07
1.6925e-07
1.4495e-07
1.2052e-07
9.6056e-08
7.1673e-08
4.747e-08
2.3546e-08
2.9833e-20
-2.3076e-08
-4.559e-08
-6.7457e-08
-8.8596e-08
-1.0893e-07
-1.2838e-07
-1.4689e-07
-1.644e-07
-1.8084e-07
-1.9617e-07
-2.1035e-07
-2.2333e-07
-2.3509e-07
-2.456e-07
-2.5484e-07
-2.628e-07
-2.6946e-07
-2.7484e-07
-2.7893e-07
-2.8175e-07
-2.8331e-07
-2.8364e-07
-2.8275e-07
-2.807e-07
-2.775e-07
-2.7321e-07
-2.6787e-07
-2.6153e-07
-2.5425e-07
-2.4609e-07
-2.3709e-07
-2.2734e-07
-2.1689e-07
-2.058e-07
-1.9416e-07
-1.8203e-07
-1.6949e-07
-1.5659e-07
-1.4342e-07
-1.3005e-07
-1.1654e-07
-1.0297e-07
-8.9414e-08
-7.5926e-08
-6.2576e-08
-4.9427e-08
-3.6539e-08
-2.397e-08
-1.1773e-08
-6.3019e-21
1.1302e-08
2.209e-08
3.2323e-08
4.1966e-08
5.0988e-08
5.936e-08
6.706e-08
7.407e-08
8.0374e-08
8.5964e-08
9.0833e-08
9.4981e-08
9.8411e-08
1.0113e-07
1.0315e-07
1.0449e-07
1.0516e-07
1.0519e-07
1.046e-07
1.0343e-07
1.017e-07
9.9457e-08
9.6731e-08
9.3565e-08
9e-08
8.608e-08
8.1849e-08
7.7355e-08
7.2644e-08
6.7763e-08
6.276e-08
5.7683e-08
5.2578e-08
4.7493e-08
4.2473e-08
3.7563e-08
3.2804e-08
2.8238e-08
2.3903e-08
1.9838e-08
1.6075e-08
1.2646e-08
9.58e-09
6.9023e-09
4.6353e-09
2.7978e-09
1.4054e-09
4.7e-10
0
0
-0
-0
-0
-0
-0
-0
-0
-0
-0
-0
-0
-0
-0
-0
-0
-0
-0
-0
-0
-0
-0
-0
-0
-0
-0
-0
-0
-0
-0
-0
-0
-0
-0
-0
-0
-0
-0
-0
-0
-0
-0
-0
-0
-0
-0
-0
-0
-0
-0
-0
0
0
0
0
0
0
0
0
0
0
0
0
0
0
0
0
0
0
0
0
0
0
0
0
0
0
0
0
0
0
0
0
0
0
0
0
0
0
0
0
0
0
0
0
0
0
0
0
0
0
-0
-0
-0
-0
-0
-0
-0
-0
-0
-0
-0
-0
-0
-0
-0
-0
-0
-0
-0
-0
-0
-0
-0
-0
-0
-0
-0
-0
-0
-0
-0
-0
-0
-0
-0
-0
-0
-0
-0
-0
-0
-0
-0
-0
-0
-0
-0
-0
-0
-0
0
0
0
0
0
0
0
0
0
0
0
0
0
0
0
0
0
0
0
0
0
0
0
0
0
0
0
0
0
0
0
0
0
0
0
0
0
0
0
0
0
0
0
0
0
0
0
0
0
0
-0
-0
-0
-0
-0
-0
-0
-0
-0
-0
-0
-0
-0
-0
-0
-0
-0
-0
-0
-0
-0
-0
-0
-0
-0
-0
-0
-0
-0
-0
-0
-0
-0
-0
-0
-0
-0
-0
-0
-0
-0
-0
-0
-0
-0
-0
-0
-0
-0
-0
0
0
0
0
0
0
0
0
0
0
0
0
0
0
0
0
0
0
0
0
0
0
0
0
0
0
0
0
0
0
0
0
0
0
0
0
0
0
0
0
0
0
0
0
0
0
0
0
0
0
-0
-0
-0
-0
-0
-0
-0
-0
-0
-0
-0
-0
-0
-0
-0
-0
-0
-0
-0
-0
-0
-0
-0
-0
-0
-0
-0
-0
-0
-0
-0
-0
-0
-0
-0
-0
-0
-0
-0
-0
-0
-0
-0
-0
-0
-0
-0
-0
-0
-0
0
0
0
0
0
0
0
0
0
0
0
0
0
0
0
0
0
0
0
0
0
0
0
0
0
0
0
0
0
0
0
0
0
0
0
0
0
0
0
0
0
0
0
0
0
0
0
0
0
0
-0
-0
-0
-0
-0
-0
-0
-0
-0
-0
-0
-0
-0
-0
-0
-0
-0
-0
-0
-0
-0
-0
-0
-0
-0
-0
-0
-0
-0
-0
-0
-0
-0
-0
-0
-0
-0
-0
-0
-0
-0
-0
-0
-0
-0
-0
-0
-0
-0
-0
0
0
0
0
0
0
0
0
0
0
0
0
0
0
0
0
0
0
0
0
0
0
0
0
0
0
0
0
0
0
0
0
0
0
0
0
0
0
0
0
0
0
0
0
0
0
0
0
0
0
-0
-0
-0
-0
-0
-0
-0
-0
-0
-0
-0
-0
-0
-0
-0
-0
-0
-0
-0
-0
-0
-0
-0
-0
-0
-0
-0
-0
-0
-0
-0
-0
-0
-0
-0
-0
-0
-0
-0
-0
-0
-0
-0
-0
-0
-0
-0
-0
-0
-0
0
0
0
0
0
0
0
0
0
0
0
0
0
0
0
0
0
0
0
0
0
0
0
0
0
0
0
0
0
0
0
0
0
0
0
0
0
0
0
0
0
0
0
0
0
0
0
0
0
0
-0
-0
-0
-0
-0
-0
-0
-0
-0
-0
-0
-0
-0
-0
-0
-0
-0
-0
-0
-0
-0
-0
-0
-0
-0
-0
-0
-0
-0
-0
-0
-0
-0
-0
-0
-0
-0
-0
-0
-0
-0
-0
-0
-0
-0
-0
-0
-0
-0
-0
0
0
0
0
0
0
0
0
0
0
0
0
0
0
0
0
0
0
0
0
0
0
0
0
0
0
0
0
0
0
0
0
0
0
0
0
0
0
0
0
0
0
0
0
0
0
0
0
0
0
-0
-0
-0
-0
-0
-0
-0
-0
-0
-0
-0
-0
-0
-0
-0
-0
-0
-0
-0
-0
-0
-0
-0
-0
-0
-0
-0
-0
-0
-0
-0
-0
-0
-0
-0
-0
-0
-0
-0
-0
-0
-0
-0
-0
-0
-0
-0
-0
-0
-0
0
0
0
0
0
0
0
0
0
0
0
0
0
0
0
0
0
0
0
0
0
0
0
0
0
0
0
0
0
0
0
0
0
0
0
0
0
0
0
0
0
0
0
0
0
0
0
0
0
0
-0
-0
-0
-0
-0
-0
-0
-0
-0
-0
-0
-0
-0
-0
-0
-0
-0
-0
-0
-0
-0
-0
-0
-0
-0
-0
-0
-0
-0
-0
-0
-0
-0
-0
-0
-0
-0
-0
-0
-0
-0
-0
-0
-0
-0
-0
-0
-0
-0
-0
0
0
0
0
0
0
0
0
0
0
0
0
0
0
0
0
0
0
0
0
0
0
0
0
0
0
0
0
0
0
0
0
0
0
0
0
0
0
0
0
0
0
0
0
0
0
0
0
0
0
-0
-0
-0
-0
-0
-0
-0
-0
-0
-0
-0
-0
-0
-0
-0
-0
-0
-0
-0
-0
-0
-0
-0
-0
-0
-0
-0
-0
-0
-0
-0
-0
-0
-0
-0
-0
-0
-0
-0
-0
-0
-0
-0
-0
-0
-0
-0
-0
-0
-0
0
0
0
0
0
0
0
0
0
0
0
0
0
0
0
0
0
0
0
0
0
0
0
0
0
0
0
0
0
0
0
0
0
0
0
0
0
0
0
0
0
0
0
0
0
0
0
0
0
0
-0
-0
-0
-0
-0
-0
-0
-0
-0
-0
-0
-0
-0
-0
-0
-0
-0
-0
-0
-0
-0
-0
-0
-0
-0
-0
-0
-0
-0
-0
-0
-0
-0
-0
-0
-0
-0
-0
-0
-0
-0
-0
-0
-0
-0
-0
-0
-0
-0
-0
0
0
0
0
0
0
0
0
0
0
0
0
0
0
0
0
0
0
0
0
0
0
0
0
0
0
0
0
0
0
0
0
0
0
0
0
0
0
0
0
0
0
0
0
0
0
0
0
0
-0
-0
-0
-0
-0
-0
-0
-0
-0
-0
-0
-0
-0
-0
-0
-0
-0
-0
-0
-0
-0
-0
-0
-0
-0
-0
-0
-0
-0
-0
-0
-0
-0
-0
-0
-0
-0
-0
-0
-0
-0
-0
-0
-0
-0
-0
-0
-0
-0
-0
-0
0
0
0
0
0
0
0
0
0
0
0
0
0
0
0
0
0
0
0
0
0
0
0
0
0
0
0
0
0
0
0
0
0
0
0
0
0
0
0
0
0
0
0
0
0
0
0
0
0
0
-0
-0
-0
-0
-0
-0
-0
-0
-0
-0
-0
-0
-0
-0
-0
-0
-0
-0
-0
-0
-0
-0
-0
-0
-0
-0
-0
-0
-0
-0
-0
-0
-0
-0
-0
-0
-0
-0
-0
-0
-0
-0
-0
-0
-0
-0
-0
-0
-0
0
0
0
0
0
0
0
0
0
0
0
0
0
0
0
0
0
0
0
0
0
0
0
0
0
0
0
0
0
0
0
0
0
0
0
0
0
0
0
0
0
0
0
0
0
0
0
0
0
0
0
-0
-0
-0
-0
-0
-0
-0
-0
-0
-0
-0
-0
-0
-0
-0
-0
-0
-0
-0
-0
-0
-0
-0
-0
-0
-0
-0
-0
-0
-0
-0
-0
-0
-0
-0
-0
-0
-0
-0
-0
-0
-0
-0
-0
-0
-0
-0
-0
-0
-0
0
0
0
0
0
0
0
0
0
0
0
0
0
0
0
0
0
0
0
0
0
0
0
0
0
0
0
0
0
0
0
0
0
0
0
0
0
0
0
0
0
0
0
0
0
0
0
0
0
0
-0
-0
-0
-0
-0
-0
-0
-0
-0
-0
-0
-0
-0
-0
-0
-0
-0
-0
-0
-0
-0
-0
-0
-0
-0
-0
-0
-0
-0
-0
-0
-0
-0
-0
-0
-0
-0
-0
-0
-0
-0
-0
-0
-0
-0
-0
-0
-0
-0
-0
0
0
0
0
0
0
0
0
0
0
0
0
0
0
0
0
0
0
0
0
0
0
0
0
0
0
0
0
0
0
0
0
0
0
0
0
0
0
0
0
0
0
0
0
0
0
0
0
0
-0
-0
-0
-0
-0
-0
-0
-0
-0
-0
-0
-0
-0
-0
-0
-0
-0
-0
-0
-0
-0
-0
-0
-0
-0
-0
-0
-0
-0
-0
-0
-0
-0
-0
-0
-0
-0
-0
-0
-0
-0
-0
-0
-0
-0
-0
-0
-0
-0
-0
-0
0
0
0
0
0
0
0
0
0
0
0
0
0
0
0
0
0
0
0
0
0
0
0
0
0
0
0
0
0
0
0
0
0
0
0
0
0
0
0
0
0
0
0
0
0
0
0
0
0
-0
-0
-0
-0
-0
-0
-0
-0
-0
-0
-0
-0
-0
-0
-0
-0
-0
-0
-0
-0
-0
-0
-0
-0
-0
-0
-0
-0
-0
-0
-0
-0
-0
-0
-0
-0
-0
-0
-0
-0
-0
-0
-0
-0
-0
-0
-0
-0
-0
-0
-0
0
0
0
0
0
0
0
0
0
0
0
0
0
0
0
0
0
0
0
0
0
0
0
0
0
0
0
0
0
0
0
0
0
0
0
0
0
0
0
0
0
0
0
0
0
0
0
0
0
0
-0
-0
-0
-0
-0
-0
-0
-0
-0
-0
-0
-0
-0
-0
-0
-0
-0
-0
-0
-0
-0
-0
-0
-0
-0
-0
-0
-0
-0
-0
-0
-0
-0
-0
-0
-0
-0
-0
-0
-0
-0
-0
-0
-0
-0
-0
-0
-0
-0
-0
0
0
0
0
0
0
0
0
0
0
0
0
0
0
0
0
0
0
0
0
0
0
0
0
0
0
0
0
0
0
0
0
0
0
0
0
0
0
0
0
0
0
0
0
0
0
0
0
0
0
-0
-0
-0
-0
-0
-0
-0
-0
-0
-0
-0
-0
-0
-0
-0
-0
-0
-0
-0
-0
-0
-0
-0
-0
-0
-0
-0
-0
-0
-0
-0
-0
-0
-0
-0
-0
-0
-0
-0
-0
-0
-0
-0
-0
-0
-0
-0
-0
-0
-0
0
0
0
0
0
0
0
0
0
0
0
0
0
0
0
0
0
0
0
0
0
0
0
0
0
0
0
0
0
0
0
0
0
0
0
0
0
0
0
0
0
0
0
0
0
0
0
0
0
0
-0
-0
-0
-0
-0
-0
-0
-0
-0
-0
-0
-0
-0
-0
-0
-0
-0
-0
-0
-0
-0
-0
-0
-0
-0
-0
-0
-0
-0
-0
-0
-0
-0
-0
-0
-0
-0
-0
-0
-0
-0
-0
-0
-0
-0
-0
-0
-0
-0
-0
0
0
0
0
0
0
0
0
0
0
0
0
0
0
0
0
0
0
0
0
0
0
0
0
0
0
0
0
0
0
0
0
0
0
0
0
0
0
0
0
0
0
0
0
0
0
0
0
0
-0
-0
-0
-0
-0
-0
-0
-0
-0
-0
-0
-0
-0
-0
-0
-0
-0
-0
-0
-0
-0
-0
-0
-0
-0
-0
-0
-0
-0
-0
-0
-0
-0
-0
-0
-0
-0
-0
-0
-0
-0
-0
-0
-0
-0
-0
-0
-0
-0
-0
-0
0
0
0
0
0
0
0
0
0
0
0
0
0
0
0
0
0
0
0
0
0
0
0
0
0
0
0
0
0
0
0
0
0
0
0
0
0
0
0
0
0
0
0
0
0
0
0
0
0
-0
-0
-0
-0
-0
-0
-0
-0
-0
-0
-0
-0
-0
-0
-0
-0
-0
-0
-0
-0
-0
-0
-0
-0
-0
-0
-0
-0
-0
-0
-0
-0
-0
-0
-0
-0
-0
-0
-0
-0
-0
-0
-0
-0
-0
-0
-0
-0
-0
-0
-0
0
0
0
0
0
0
0
0
0
0
0
0
0
0
0
0
0
0
0
0
0
0
0
0
0
0
0
0
0
0
0
0
0
0
0
0
0
0
0
0
0
0
0
0
0
0
0
0
0
0
-0
-0
-0
-0
-0
-0
-0
-0
-0
-0
-0
-0
-0
-0
-0
-0
-0
-0
-0
-0
-0
-0
-0
-0
-0
-0
-0
-0
-0
-0
-0
-0
-0
-0
-0
-0
-0
-0
-0
-0
-0
-0
-0
-0
-0
-0
-0
-0
-0
-0
0
0
0
0
0
0
0
0
0
0
0
0
0
0
0
0
0
0
0
0
0
0
0
0
0
0
0
0
0
0
0
0
0
0
0
0
0
0
0
0
0
0
0
0
0
0
0
0
0
0
-0
-0
-0
-0
-0
-0
-0
-0
-0
-0
-0
-0
-0
-0
-0
-0
-0
-0
-0
-0
-0
-0
-0
-0
-0
-0
-0
-0
-0
-0
-0
-0
-0
-0
-0
-0
-0
-0
-0
-0
-0
-0
-0
-0
-0
-0
-0
-0
-0
-0
0
0
0
0
0
0
0
0
0
0
0
0
0
0
0
0
0
0
0
0
0
0
0
0
0
0
0
0
0
0
0
0
0
0
0
0
0
0
0
0
0
0
0
0
0
0
0
0
0
0
-0
-0
-0
-0
-0
-0
-0
-0
-0
-0
-0
-0
-0
-0
-0
-0
-0
-0
-0
-0
-0
-0
-0
-0
-0
-0
-0
-0
-0
-0
-0
-0
-0
-0
-0
-0
-0
-0
-0
-0
-0
-0
-0
-0
-0
-0
-0
-0
-0
-0
0
0
0
0
0
0
0
0
0
0
0
0
0
0
0
0
0
0
0
0
0
0
0
0
0
0
0
0
0
0
0
0
0
0
0
0
0
0
0
0
0
0
0
0
0
0
0
0
0
-0
-0
-0
-0
-0
-0
-0
-0
-0
-0
-0
-0
-0
-0
-0
-0
-0
-0
-0
-0
-0
-0
-0
-0
-0
-0
-0
-0
-0
-0
-0
-0
-0
-0
-0
-0
-0
-0
-0
-0
-0
-0
-0
-0
-0
-0
-0
-0
-0
-0
-0
0
0
0
0
0
0
0
0
0
0
0
0
0
0
0
0
0
0
0
0
0
0
0
0
0
0
0
0
0
0
0
0
0
0
0
0
0
0
0
0
0
0
0
0
0
0
0
0
0
-0
-0
-0
-0
-0
-0
-0
-0
-0
-0
-0
-0
-0
-0
-0
-0
-0
-0
-0
-0
-0
-0
-0
-0
-0
-0
-0
-0
-0
-0
-0
-0
-0
-0
-0
-0
-0
-0
-0
-0
-0
-0
-0
-0
-0
-0
-0
-0
-0
-0
-0
0
0
0
0
0
0
0
0
0
0
0
0
0
0
0
0
0
0
0
0
0
0
0
0
0
0
0
0
0
0
0
0
0
0
0
0
0
0
0
0
0
0
0
0
0
0
0
0
0
0
-0
-0
-0
-0
-0
-0
-0
-0
-0
-0
-0
-0
-0
-0
-0
-0
-0
-0
-0
-0
-0
-0
-0
-0
-0
-0
-0
-0
-0
-0
-0
-0
-0
-0
-0
-0
-0
-0
-0
-0
-0
-0
-0
-0
-0
-0
-0
-0
-0
-0
0
0
0
0
0
0
0
0
0
0
0
0
0
0
0
0
0
0
0
0
0
0
0
0
0
0
0
0
0
0
0
0
0
0
0
0
0
0
0
0
0
0
0
0
0
0
0
0
0
0
-0
-0
-0
-0
-0
-0
-0
-0
-0
-0
-0
-0
-0
-0
-0
-0
-0
-0
-0
-0
-0
-0
-0
-0
-0
-0
-0
-0
-0
-0
-0
-0
-0
-0
-0
-0
-0
-0
-0
-0
-0
-0
-0
-0
-0
-0
-0
-0
-0
-0
0
0
0
0
0
0
0
0
0
0
0
0
0
0
0
0
0
0
0
0
0
0
0
0
0
0
0
0
0
0
0
0
0
0
0
0
0
0
0
0
0
0
0
0
0
0
0
0
0
0
-0
-0
-0
-0
-0
-0
-0
-0
-0
-0
-0
-0
-0
-0
-0
-0
-0
-0
-0
-0
-0
-0
-0
-0
-0
-0
-0
-0
-0
-0
-0
-0
-0
-0
-0
-0
-0
-0
-0
-0
-0
-0
-0
-0
-0
-0
-0
-0
-0
-0
0
0
0
0
0
0
0
0
0
0
0
0
0
0
0
0
0
0
0
0
0
0
0
0
0
0
0
0
0
0
0
0
0
0
0
0
0
0
0
0
0
0
0
0
0
0
0
0
0
-0
-0
-0
-0
-0
-0
-0
-0
-0
-0
-0
-0
-0
-0
-0
-0
-0
-0
-0
-0
-0
-0
-0
-0
-0
-0
-0
-0
-0
-0
-0
-0
-0
-0
-0
-0
-0
-0
-0
-0
-0
-0
-0
-0
-0
-0
-0
-0
-0
-0
-0
0
0
0
0
0
0
0
0
0
0
0
0
0
0
0
0
0
0
0
0
0
0
0
0
0
0
0
0
0
0
0
0
0
0
0
0
0
0
0
0
0
0
0
0
0
0
0
0
0
-0
-0
-0
-0
-0
-0
-0
-0
-0
-0
-0
-0
-0
-0
-0
-0
-0
-0
-0
-0
-0
-0
-0
-0
-0
-0
-0
-0
-0
-0
-0
-0
-0
-0
-0
-0
-0
-0
-0
-0
-0
-0
-0
-0
-0
-0
-0
-0
-0
-0
-0
0
0
0
0
0
0
0
0
0
0
0
0
0
0
0
0
0
0
0
0
0
0
0
0
0
0
0
0
0
0
0
0
0
0
0
0
0
0
0
0
0
0
0
0
0
0
0
0
0
-0
