-0
-0
-0
-0
-0
-0
-0
-0
-0
-0
-0
-0
-0
-0
-0
-0
-0
-0
-0
-0
-0
-0
-0
-0
-0
-0
-0
-0
-0
-0
-0
-0
-0
-0
-0
-0
-0
-0
-0
-0
-0
-0
-0
-0
-0
-0
-0
-0
-0
-0
-0
0
0
0
0
0
0
0
0
0
0
0
0
0
0
0
0
0
0
0
0
0
0
0
0
0
0
0
0
0
0
0
0
0
0
0
0
0
0
0
0
0
0
0
0
0
0
0
0
0
0
-0
-0
-0
-0
-0
-0
-0
-0
-0
-0
-0
-0
-0
-0
-0
-0
-0
-0
-0
-0
-0
-0
-0
-0
-0
-0
-0
-0
-0
-0
-0
-0
-0
-0
-0
-0
-0
-0
-0
-0
-0
-0
-0
-0
-0
-0
-0
-0
-0
-0
0
0
0
0
0
0
0
0
0
0
0
0
0
0
0
0
0
0
0
0
0
0
0
0
0
0
0
0
0
0
0
0
0
0
0
0
0
0
0
0
0
0
0
0
0
0
0
0
0
0
-0
-0
-0
-0
-0
-0
-0
-0
-0
-0
-0
-0
-0
-0
-0
-0
-0
-0
-0
-0
-0
-0
-0
-0
-0
-0
-0
-0
-0
-0
-0
-0
-0
-0
-0
-0
-0
-0
-0
-0
-0
-0
-0
-0
-0
-0
-0
-0
-0
-0
0
0
0
0
0
0
0
0
0
0
0
0
0
0
0
0
0
0
0
0
0
0
0
0
0
0
0
0
0
0
0
0
0
0
0
0
0
0
0
0
0
0
0
0
0
0
0
0
0
0
-0
-0
-0
-0
-0
-0
-0
-0
-0
-0
-0
-0
-0
-0
-0
-0
-0
-0
-0
-0
-0
-0
-0
-0
-0
-0
-0
-0
-0
-0
-0
-0
-0
-0
-0
-0
-0
-0
-0
-0
-0
-0
-0
-0
-0
-0
-0
-0
-0
0
0
0
0
0
0
0
0
0
0
0
0
0
0
0
0
0
0
0
0
0
0
0
0
0
0
0
0
0
0
0
0
0
0
0
0
0
0
0
0
0
0
0
0
0
0
0
0
0
0
0
-0
-0
-0
-0
-0
-0
-0
-0
-0
-0
-0
-0
-0
-0
-0
-0
-0
-0
-0
-0
-0
-0
-0
-0
-0
-0
-0
-0
-0
-0
-0
-0
-0
-0
-0
-0
-0
-0
-0
-0
-0
-0
-0
-0
-0
-0
-0
-0
-0
-0
0
0
0
0
0
0
0
0
0
0
0
0
0
0
0
0
0
0
0
0
0
0
0
0
0
0
0
0
0
0
0
0
0
0
0
0
0
0
0
0
0
0
0
0
0
0
0
0
0
0
-0
-0
-0
-0
-0
-0
-0
-0
-0
-0
-0
-0
-0
-0
-0
-0
-0
-0
-0
-0
-0
-0
-0
-0
-0
-0
-0
-0
-0
-0
-0
-0
-0
-0
-0
-0
-0
-0
-0
-0
-0
-0
-0
-0
-0
-0
-0
-0
-0
0
0
0
0
0
0
0
0
0
0
0
0
0
0
0
0
0
0
0
0
0
0
0
0
0
0
0
0
0
0
0
0
0
0
0
0
0
0
0
0
0
0
0
0
0
0
0
0
0
0
0
-0
-0
-0
-0
-0
-0
-0
-0
-0
-0
-0
-0
-0
-0
-0
-0
-0
-0
-0
-0
-0
-0
-0
-0
-0
-0
-0
-0
-0
-0
-0
-0
-0
-0
-0
-0
-0
-0
-0
-0
-0
-0
-0
-0
-0
-0
-0
-0
-0
0
0
0
0
0
0
0
0
0
0
0
0
0
0
0
0
0
0
0
0
0
0
0
0
0
0
0
0
0
0
0
0
0
0
0
0
0
0
0
0
0
0
0
0
0
0
0
0
0
0
-0
-0
-0
-0
-0
-0
-0
-0
-0
-0
-0
-0
-0
-0
-0
-0
-0
-0
-0
-0
-0
-0
-0
-0
-0
-0
-0
-0
-0
-0
-0
-0
-0
-0
-0
-0
-0
-0
-0
-0
-0
-0
-0
-0
-0
-0
-0
-0
-0
-0
-0
0
0
0
0
0
0
0
0
0
0
0
0
0
0
0
0
0
0
0
0
0
0
0
0
0
0
0
0
0
0
0
0
0
0
0
0
0
0
0
0
0
0
0
0
0
0
0
0
0
0
-0
-0
-0
-0
-0
-0
-0
-0
-0
-0
-0
-0
-0
-0
-0
-0
-0
-0
-0
-0
-0
-0
-0
-0
-0
-0
-0
-0
-0
-0
-0
-0
-0
-0
-0
-0
-0
-0
-0
-0
-0
-0
-0
-0
-0
-0
-0
-0
-0
-0
0
0
0
0
0
0
0
0
0
0
0
0
0
0
0
0
0
0
0
0
0
0
0
0
0
0
0
0
0
0
0
0
0
0
0
0
0
0
0
0
0
0
0
0
0
0
0
0
0
0
-0
-0
-0
-0
-0
-0
-0
-0
-0
-0
-0
-0
-0
-0
-0
-0
-0
-0
-0
-0
-0
-0
-0
-0
-0
-0
-0
-0
-0
-0
-0
-0
-0
-0
-0
-0
-0
-0
-0
-0
-0
-0
-0
-0
-0
-0
-0
-0
-0
0
0
0
0
0
0
0
0
0
0
0
0
0
0
0
0
0
0
0
0
0
0
0
0
0
0
0
0
0
0
0
0
0
0
0
0
0
0
0
0
0
0
0
0
0
0
0
0
0
0
0
-0
-0
-0
-0
-0
-0
-0
-0
-0
-0
-0
-0
-0
-0
-0
-0
-0
-0
-0
-0
-0
-0
-0
-0
-0
-0
-0
-0
-0
-0
-0
-0
-0
-0
-0
-0
-0
-0
-0
-0
-0
-0
-0
-0
-0
-0
-0
-0
-0
0
0
0
0
0
0
0
0
0
0
0
0
0
0
0
0
0
0
0
0
0
0
0
0
0
0
0
0
0
0
0
0
0
0
0
0
0
0
0
0
0
0
0
0
0
0
0
0
0
0
-0
-0
-0
-0
-0
-0
-0
-0
-0
-0
-0
-0
-0
-0
-0
-0
-0
-0
-0
-0
-0
-0
-0
-0
-0
-0
-0
-0
-0
-0
-0
-0
-0
-0
-0
-0
-0
-0
-0
-0
-0
-0
-0
-0
-0
-0
-0
-0
-0
-0
0
0
0
0
0
0
0
0
0
0
0
0
0
0
0
0
0
0
0
0
0
0
0
0
0
0
0
0
0
0
0
0
0
0
0
0
0
0
0
0
0
0
0
0
0
0
0
0
0
0
0
-0
-0
-0
-0
-0
-0
-0
-0
-0
-0
-0
-0
-0
-0
-0
-0
-0
-0
-0
-0
-0
-0
-0
-0
-0
-0
-0
-0
-0
-0
-0
-0
-0
-0
-0
-0
-0
-0
-0
-0
-0
-0
-0
-0
-0
-0
-0
-0
-0
0
0
0
0
0
0
0
0
0
0
0
0
0
0
0
0
0
0
0
0
0
0
0
0
0
0
0
0
0
0
0
0
0
0
0
0
0
0
0
0
0
0
0
0
0
0
0
0
0
0
-0
-0
-0
-0
-0
-0
-0
-0
-0
-0
-0
-0
-0
-0
-0
-0
-0
-0
-0
-0
-0
-0
-0
-0
-0
-0
-0
-0
-0
-0
-0
-0
-0
-0
-0
-0
-0
-0
-0
-0
-0
-0
-0
-0
-0
-0
-0
-0
-0
-0
0
0
0
0
0
0
0
0
0
0
0
0
0
0
0
0
0
0
0
0
0
0
0
0
0
0
0
0
0
0
0
0
0
0
0
0
0
0
0
0
0
0
0
0
0
0
0
0
0
0
-0
-0
-0
-0
-0
-0
-0
-0
-0
-0
-0
-0
-0
-0
-0
-0
-0
-0
-0
-0
-0
-0
-0
-0
-0
-0
-0
-0
-0
-0
-0
-0
-0
-0
-0
-0
-0
-0
-0
-0
-0
-0
-0
-0
-0
-0
-0
-0
-0
-0
0
0
0
0
0
0
0
0
0
0
0
0
0
0
0
0
0
0
0
0
0
0
0
0
0
0
0
0
0
0
0
0
0
0
0
0
0
0
0
0
0
0
0
0
0
0
0
0
0
0
0
-0
-0
-0
-0
-0
-0
-0
-0
-0
-0
-0
-0
-0
-0
-0
-0
-0
-0
-0
-0
-0
-0
-0
-0
-0
-0
-0
-0
-0
-0
-0
-0
-0
-0
-0
-0
-0
-0
-0
-0
-0
-0
-0
-0
-0
-0
-0
-0
-0
-0
0
0
0
0
0
0
0
0
0
0
0
0
0
0
0
0
0
0
0
0
0
0
0
0
0
0
0
0
0
0
0
0
0
0
0
0
0
0
0
0
0
0
0
0
0
0
0
0
0
0
-0
-0
-0
-0
-0
-0
-0
-0
-0
-0
-0
-0
-0
-0
-0
-0
-0
-0
-0
-0
-0
-0
-0
-0
-0
-0
-0
-0
-0
-0
-0
-0
-0
-0
-0
-0
-0
-0
-0
-0
-0
-0
-0
-0
-0
-0
-0
-0
-0
-0
0
0
0
0
0
0
0
0
0
0
0
0
0
0
0
0
0
0
0
0
0
0
0
0
0
0
0
0
0
0
0
0
0
0
0
0
0
0
0
0
0
0
0
0
0
0
0
0
0
0
-0
-0
-0
-0
-0
-0
-0
-0
-0
-0
-0
-0
-0
-0
-0
-0
-0
-0
-0
-0
-0
-0
-0
-0
-0
-0
-0
-0
-0
-0
-0
-0
-0
-0
-0
-0
-0
-0
-0
-0
-0
-0
-0
-0
-0
-0
-0
-0
-0
-0
0
0
0
0
0
0
0
0
0
0
0
0
0
0
0
0
0
0
0
0
0
0
0
0
0
0
0
0
0
0
0
0
0
0
0
0
0
0
0
0
0
0
0
0
0
0
0
0
0
0
-0
-0
-0
-0
-0
-0
-0
-0
-0
-0
-0
-0
-0
-0
-0
-0
-0
-0
-0
-0
-0
-0
-0
-0
-0
-0
-0
-0
-0
-0
-0
-0
-0
-0
-0
-0
-0
-0
-0
-0
-0
-0
-0
-0
-0
-0
-0
-0
-0
-0
0
0
0
0
0
0
0
0
0
0
0
0
0
0
0
0
0
0
0
0
0
0
0
0
0
0
0
0
0
0
0
0
0
0
0
0
0
0
0
0
0
0
0
0
0
0
0
0
0
-0
-0
-0
-0
-0
-0
-0
-0
-0
-0
-0
-0
-0
-0
-0
-0
-0
-0
-0
-0
-0
-0
-0
-0
-0
-0
-0
-0
-0
-0
-0
-0
-0
-0
-0
-0
-0
-0
-0
-0
-0
-0
-0
-0
-0
-0
-0
-0
-0
-0
-0
0
0
0
0
0
0
0
0
0
0
0
0
0
0
0
0
0
0
0
0
0
0
0
0
0
0
0
0
0
0
0
0
0
0
0
0
0
0
0
0
0
0
0
0
0
0
0
0
0
0
-2.3546e-10
-9.4e-10
-2.108e-09
-3.7303e-09
-5.7941e-09
-8.2828e-09
-1.1177e-08
-1.4453e-08
-1.8084e-08
-2.2042e-08
-2.6294e-08
-3.0805e-08
-3.5537e-08
-4.0452e-08
-4.5507e-08
-5.066e-08
-5.5865e-08
-6.1076e-08
-6.6247e-08
-7.1329e-08
-7.6276e-08
-8.1039e-08
-8.557e-08
-8.9822e-08
-9.375e-08
-9.7308e-08
-1.0045e-07
-1.0314e-07
-1.0533e-07
-1.0699e-07
-1.0809e-07
-1.0858e-07
-1.0844e-07
-1.0765e-07
-1.0618e-07
-1.0402e-07
-1.0114e-07
-9.7548e-08
-9.3223e-08
-8.8168e-08
-8.2383e-08
-7.5876e-08
-6.8657e-08
-6.0741e-08
-5.2147e-08
-4.2899e-08
-3.3026e-08
-2.256e-08
-1.1538e-08
-2.9398e-21
1.2009e-08
2.444e-08
3.7242e-08
5.036e-08
6.3735e-08
7.7306e-08
9.101e-08
1.0478e-07
1.1855e-07
1.3225e-07
1.4581e-07
1.5916e-07
1.7222e-07
1.8492e-07
1.972e-07
2.0897e-07
2.2017e-07
2.3073e-07
2.4058e-07
2.4965e-07
2.5789e-07
2.6522e-07
2.7159e-07
2.7695e-07
2.8125e-07
2.8444e-07
2.8647e-07
2.8732e-07
2.8694e-07
2.8532e-07
2.8242e-07
2.7823e-07
2.7275e-07
2.6596e-07
2.5787e-07
2.4849e-07
2.3783e-07
2.259e-07
2.1274e-07
1.9838e-07
1.8285e-07
1.6621e-07
1.4849e-07
1.2976e-07
1.1009e-07
8.9528e-08
6.816e-08
4.606e-08
2.3311e-08
-7.3572e-22
-2.3782e-08
-4.794e-08
-7.2376e-08
-9.6989e-08
-1.2168e-07
-1.4633e-07
-1.7084e-07
-1.9511e-07
-2.1902e-07
-2.4246e-07
-2.6533e-07
-2.8751e-07
-3.089e-07
-3.2939e-07
-3.4889e-07
-3.6728e-07
-3.8448e-07
-4.0039e-07
-4.1491e-07
-4.2798e-07
-4.3949e-07
-4.494e-07
-4.5761e-07
-4.6408e-07
-4.6875e-07
-4.7157e-07
-4.7249e-07
-4.715e-07
-4.6855e-07
-4.6364e-07
-4.5675e-07
-4.4789e-07
-4.3706e-07
-4.2427e-07
-4.0956e-07
-3.9296e-07
-3.7451e-07
-3.5425e-07
-3.3226e-07
-3.0859e-07
-2.8332e-07
-2.5653e-07
-2.2832e-07
-1.9879e-07
-1.6803e-07
-1.3616e-07
-1.0329e-07
-6.956e-08
-3.5084e-08
-4.9605e-21
3.5555e-08
7.144e-08
1.0751e-07
1.4362e-07
1.7962e-07
2.1535e-07
2.5068e-07
2.8544e-07
3.1949e-07
3.5267e-07
3.8484e-07
4.1586e-07
4.4558e-07
4.7387e-07
5.0058e-07
5.2559e-07
5.4879e-07
5.7004e-07
5.8925e-07
6.063e-07
6.211e-07
6.3358e-07
6.4363e-07
6.5121e-07
6.5625e-07
6.587e-07
6.5852e-07
6.5568e-07
6.5016e-07
6.4196e-07
6.3109e-07
6.1754e-07
6.0137e-07
5.8259e-07
5.6126e-07
5.3743e-07
5.1119e-07
4.8261e-07
4.5177e-07
4.188e-07
3.8379e-07
3.4686e-07
3.0816e-07
2.6781e-07
2.2597e-07
1.8279e-07
1.3843e-07
9.306e-08
4.6857e-08
-6.6168e-21
-4.7328e-08
-9.494e-08
-1.4264e-07
-1.9025e-07
-2.3756e-07
-2.8438e-07
-3.3051e-07
-3.7577e-07
-4.1995e-07
-4.6288e-07
-5.0436e-07
-5.4421e-07
-5.8226e-07
-6.1834e-07
-6.5227e-07
-6.8391e-07
-7.1309e-07
-7.397e-07
-7.6358e-07
-7.8462e-07
-8.0271e-07
-8.1775e-07
-8.2966e-07
-8.3834e-07
-8.4375e-07
-8.4583e-07
-8.4454e-07
-8.3986e-07
-8.3177e-07
-8.2029e-07
-8.0542e-07
-7.872e-07
-7.6567e-07
-7.409e-07
-7.1295e-07
-6.819e-07
-6.4787e-07
-6.1096e-07
-5.7129e-07
-5.2901e-07
-4.8425e-07
-4.3719e-07
-3.8799e-07
-3.3683e-07
-2.8391e-07
-2.2942e-07
-1.7356e-07
-1.1656e-07
-5.8631e-08
-1.8358e-21
5.9102e-08
1.1844e-07
1.7778e-07
2.3688e-07
2.955e-07
3.534e-07
4.1034e-07
4.661e-07
5.2042e-07
5.7309e-07
6.2388e-07
6.7257e-07
7.1895e-07
7.6281e-07
8.0396e-07
8.4222e-07
8.774e-07
9.0935e-07
9.3791e-07
9.6294e-07
9.8432e-07
1.0019e-06
1.0157e-06
1.0255e-06
1.0313e-06
1.033e-06
1.0306e-06
1.024e-06
1.0134e-06
9.9861e-07
9.7975e-07
9.5685e-07
9.2998e-07
8.9921e-07
8.6464e-07
8.2638e-07
7.8455e-07
7.3931e-07
6.9081e-07
6.3922e-07
5.8472e-07
5.2752e-07
4.6782e-07
4.0586e-07
3.4185e-07
2.7605e-07
2.087e-07
1.4006e-07
7.0404e-08
-1.7643e-20
-7.0875e-08
-1.4194e-07
-2.1291e-07
-2.8351e-07
-3.5344e-07
-4.2242e-07
-4.9018e-07
-5.5643e-07
-6.2089e-07
-6.833e-07
-7.434e-07
-8.0092e-07
-8.5563e-07
-9.0728e-07
-9.5565e-07
-1.0005e-06
-1.0417e-06
-1.079e-06
-1.1122e-06
-1.1413e-06
-1.1659e-06
-1.1861e-06
-1.2017e-06
-1.2126e-06
-1.2187e-06
-1.2201e-06
-1.2166e-06
-1.2082e-06
-1.195e-06
-1.1769e-06
-1.1541e-06
-1.1265e-06
-1.0943e-06
-1.0575e-06
-1.0163e-06
-9.7085e-07
-9.2123e-07
-8.6766e-07
-8.1033e-07
-7.4943e-07
-6.8519e-07
-6.1785e-07
-5.4766e-07
-4.7488e-07
-3.9979e-07
-3.2268e-07
-2.4383e-07
-1.6356e-07
-8.2177e-08
6.4343e-21
8.2648e-08
1.6544e-07
2.4805e-07
3.3014e-07
4.1138e-07
4.9145e-07
5.7001e-07
6.4675e-07
7.2136e-07
7.9351e-07
8.6291e-07
9.2927e-07
9.9231e-07
1.0518e-06
1.1073e-06
1.1588e-06
1.206e-06
1.2487e-06
1.2866e-06
1.3196e-06
1.3475e-06
1.3703e-06
1.3877e-06
1.3997e-06
1.4062e-06
1.4072e-06
1.4026e-06
1.3924e-06
1.3766e-06
1.3553e-06
1.3284e-06
1.2962e-06
1.2586e-06
1.2158e-06
1.168e-06
1.1153e-06
1.0579e-06
9.9602e-07
9.2984e-07
8.5964e-07
7.8566e-07
7.0818e-07
6.2749e-07
5.439e-07
4.5773e-07
3.693e-07
2.7896e-07
1.8706e-07
9.395e-08
8.8175e-21
-9.4421e-08
-1.8894e-07
-2.8318e-07
-3.7677e-07
-4.6932e-07
-5.6047e-07
-6.4985e-07
-7.3708e-07
-8.2182e-07
-9.0372e-07
-9.8243e-07
-1.0576e-06
-1.129e-06
-1.1962e-06
-1.259e-06
-1.3172e-06
-1.3703e-06
-1.4183e-06
-1.4609e-06
-1.4979e-06
-1.5292e-06
-1.5545e-06
-1.5737e-06
-1.5869e-06
-1.5937e-06
-1.5943e-06
-1.5886e-06
-1.5766e-06
-1.5582e-06
-1.5336e-06
-1.5028e-06
-1.4658e-06
-1.4229e-06
-1.3741e-06
-1.3197e-06
-1.2598e-06
-1.1946e-06
-1.1244e-06
-1.0494e-06
-9.6985e-07
-8.8612e-07
-7.9851e-07
-7.0733e-07
-6.1293e-07
-5.1567e-07
-4.1593e-07
-3.141e-07
-2.1056e-07
-1.0572e-07
1.985e-20
1.0619e-07
2.1244e-07
3.1831e-07
4.2339e-07
5.2726e-07
6.2949e-07
7.2968e-07
8.2741e-07
9.2229e-07
1.0139e-06
1.1019e-06
1.186e-06
1.2657e-06
1.3407e-06
1.4107e-06
1.4755e-06
1.5346e-06
1.588e-06
1.6352e-06
1.6762e-06
1.7108e-06
1.7386e-06
1.7598e-06
1.774e-06
1.7812e-06
1.7815e-06
1.7746e-06
1.7607e-06
1.7398e-06
1.7119e-06
1.6771e-06
1.6355e-06
1.5872e-06
1.5325e-06
1.4714e-06
1.4043e-06
1.3313e-06
1.2527e-06
1.1689e-06
1.0801e-06
9.8659e-07
8.8884e-07
7.8716e-07
6.8195e-07
5.7361e-07
4.6256e-07
3.4923e-07
2.3406e-07
1.175e-07
-1.8416e-21
-1.1797e-07
-2.3594e-07
-3.5345e-07
-4.7002e-07
-5.852e-07
-6.9852e-07
-8.0951e-07
-9.1774e-07
-1.0228e-06
-1.1241e-06
-1.2215e-06
-1.3143e-06
-1.4024e-06
-1.4852e-06
-1.5624e-06
-1.6338e-06
-1.6989e-06
-1.7576e-06
-1.8096e-06
-1.8546e-06
-1.8924e-06
-1.9228e-06
-1.9458e-06
-1.9611e-06
-1.9687e-06
-1.9686e-06
-1.9607e-06
-1.9449e-06
-1.9214e-06
-1.8902e-06
-1.8514e-06
-1.8051e-06
-1.7515e-06
-1.6908e-06
-1.6231e-06
-1.5487e-06
-1.468e-06
-1.3811e-06
-1.2884e-06
-1.1903e-06
-1.0871e-06
-9.7916e-07
-8.6699e-07
-7.5097e-07
-6.3155e-07
-5.0919e-07
-3.8437e-07
-2.5756e-07
-1.2927e-07
3.8411e-20
1.2974e-07
2.5944e-07
3.8858e-07
5.1665e-07
6.4314e-07
7.6754e-07
8.8935e-07
1.0081e-06
1.1232e-06
1.2343e-06
1.341e-06
1.4427e-06
1.539e-06
1.6296e-06
1.7141e-06
1.7921e-06
1.8632e-06
1.9273e-06
1.9839e-06
2.0329e-06
2.074e-06
2.107e-06
2.1318e-06
2.1483e-06
2.1562e-06
2.1557e-06
2.1467e-06
2.1291e-06
2.103e-06
2.0685e-06
2.0258e-06
1.9748e-06
1.9158e-06
1.8491e-06
1.7748e-06
1.6932e-06
1.6046e-06
1.5094e-06
1.4079e-06
1.3005e-06
1.1875e-06
1.0695e-06
9.4683e-07
8.2e-07
6.8949e-07
5.5582e-07
4.195e-07
2.8106e-07
1.4104e-07
-1.7646e-20
-1.4151e-07
-2.8294e-07
-4.2372e-07
-5.6328e-07
-7.0108e-07
-8.3656e-07
-9.6918e-07
-1.0984e-06
-1.2237e-06
-1.3446e-06
-1.4605e-06
-1.571e-06
-1.6757e-06
-1.7741e-06
-1.8658e-06
-1.9504e-06
-2.0276e-06
-2.0969e-06
-2.1582e-06
-2.2112e-06
-2.2556e-06
-2.2912e-06
-2.3178e-06
-2.3354e-06
-2.3437e-06
-2.3429e-06
-2.3327e-06
-2.3133e-06
-2.2846e-06
-2.2469e-06
-2.2001e-06
-2.1444e-06
-2.0801e-06
-2.0074e-06
-1.9265e-06
-1.8377e-06
-1.7413e-06
-1.6378e-06
-1.5274e-06
-1.4107e-06
-1.288e-06
-1.1598e-06
-1.0267e-06
-8.8902e-07
-7.4743e-07
-6.0245e-07
-4.5463e-07
-3.0456e-07
-1.5282e-07
-7.1612e-21
1.5329e-07
3.0644e-07
4.5885e-07
6.0991e-07
7.5902e-07
9.0559e-07
1.049e-06
1.1887e-06
1.3242e-06
1.4548e-06
1.58e-06
1.6994e-06
1.8124e-06
1.9186e-06
2.0175e-06
2.1087e-06
2.1919e-06
2.2666e-06
2.3326e-06
2.3895e-06
2.4372e-06
2.4754e-06
2.5038e-06
2.5225e-06
2.5313e-06
2.53e-06
2.5187e-06
2.4975e-06
2.4663e-06
2.4252e-06
2.3744e-06
2.3141e-06
2.2444e-06
2.1657e-06
2.0782e-06
1.9821e-06
1.878e-06
1.7661e-06
1.6469e-06
1.5209e-06
1.3885e-06
1.2502e-06
1.1065e-06
9.5804e-07
8.0538e-07
6.4908e-07
4.8977e-07
3.2806e-07
1.6459e-07
-3.8596e-20
-1.6506e-07
-3.2994e-07
-4.9398e-07
-6.5654e-07
-8.1696e-07
-9.7461e-07
-1.1288e-06
-1.2791e-06
-1.4246e-06
-1.565e-06
-1.6995e-06
-1.8277e-06
-1.9491e-06
-2.063e-06
-2.1692e-06
-2.267e-06
-2.3562e-06
-2.4362e-06
-2.5069e-06
-2.5679e-06
-2.6188e-06
-2.6595e-06
-2.6899e-06
-2.7096e-06
-2.7187e-06
-2.7171e-06
-2.7048e-06
-2.6816e-06
-2.6479e-06
-2.6035e-06
-2.5487e-06
-2.4838e-06
-2.4087e-06
-2.324e-06
-2.2299e-06
-2.1266e-06
-2.0147e-06
-1.8945e-06
-1.7665e-06
-1.6311e-06
-1.4889e-06
-1.3405e-06
-1.1863e-06
-1.0271e-06
-8.6332e-07
-6.9571e-07
-5.249e-07
-3.5156e-07
-1.7636e-07
1.1032e-20
1.7683e-07
3.5344e-07
5.2912e-07
7.0317e-07
8.749e-07
1.0436e-06
1.2087e-06
1.3694e-06
1.5251e-06
1.6752e-06
1.819e-06
1.9561e-06
2.0858e-06
2.2075e-06
2.3209e-06
2.4253e-06
2.5205e-06
2.6059e-06
2.6812e-06
2.7462e-06
2.8004e-06
2.8437e-06
2.8759e-06
2.8968e-06
2.9062e-06
2.9043e-06
2.8908e-06
2.8658e-06
2.8295e-06
2.7818e-06
2.7231e-06
2.6534e-06
2.5731e-06
2.4823e-06
2.3815e-06
2.2711e-06
2.1514e-06
2.0228e-06
1.886e-06
1.7413e-06
1.5894e-06
1.4308e-06
1.2662e-06
1.0961e-06
9.2126e-07
7.4234e-07
5.6004e-07
3.7506e-07
1.8814e-07
-6.4691e-20
-1.8861e-07
-3.7694e-07
-5.6425e-07
-7.498e-07
-9.3285e-07
-1.1127e-06
-1.2885e-06
-1.4597e-06
-1.6256e-06
-1.7854e-06
-1.9386e-06
-2.0844e-06
-2.2224e-06
-2.352e-06
-2.4726e-06
-2.5836e-06
-2.6848e-06
-2.7756e-06
-2.8556e-06
-2.9245e-06
-2.982e-06
-3.0279e-06
-3.0619e-06
-3.0839e-06
-3.0937e-06
-3.0914e-06
-3.0768e-06
-3.05e-06
-3.0111e-06
-2.9602e-06
-2.8974e-06
-2.8231e-06
-2.7374e-06
-2.6406e-06
-2.5332e-06
-2.4156e-06
-2.2881e-06
-2.1512e-06
-2.0055e-06
-1.8515e-06
-1.6899e-06
-1.5211e-06
-1.346e-06
-1.1651e-06
-9.792e-07
-7.8897e-07
-5.9517e-07
-3.9856e-07
-1.9991e-07
3.4371e-20
2.0038e-07
4.0044e-07
5.9939e-07
7.9643e-07
9.9079e-07
1.1817e-06
1.3683e-06
1.55e-06
1.726e-06
1.8956e-06
2.0581e-06
2.2128e-06
2.3591e-06
2.4965e-06
2.6242e-06
2.742e-06
2.8491e-06
2.9452e-06
3.0299e-06
3.1028e-06
3.1636e-06
3.2121e-06
3.2479e-06
3.271e-06
3.2812e-06
3.2785e-06
3.2628e-06
3.2342e-06
3.1927e-06
3.1385e-06
3.0717e-06
2.9927e-06
2.9017e-06
2.7989e-06
2.6849e-06
2.56e-06
2.4247e-06
2.2795e-06
2.125e-06
1.9617e-06
1.7903e-06
1.6115e-06
1.4258e-06
1.2341e-06
1.0371e-06
8.356e-07
6.303e-07
4.2206e-07
2.1168e-07
-8.3562e-24
-2.1215e-07
-4.2394e-07
-6.3452e-07
-8.4306e-07
-1.0487e-06
-1.2507e-06
-1.4482e-06
-1.6404e-06
-1.8265e-06
-2.0058e-06
-2.1776e-06
-2.3412e-06
-2.4958e-06
-2.6409e-06
-2.7759e-06
-2.9003e-06
-3.0134e-06
-3.1149e-06
-3.2042e-06
-3.2811e-06
-3.3452e-06
-3.3963e-06
-3.434e-06
-3.4582e-06
-3.4688e-06
-3.4656e-06
-3.4488e-06
-3.4184e-06
-3.3743e-06
-3.3168e-06
-3.2461e-06
-3.1624e-06
-3.066e-06
-2.9573e-06
-2.8366e-06
-2.7045e-06
-2.5614e-06
-2.4079e-06
-2.2445e-06
-2.0719e-06
-1.8908e-06
-1.7018e-06
-1.5057e-06
-1.3032e-06
-1.0951e-06
-8.8223e-07
-6.6544e-07
-4.4556e-07
-2.2346e-07
6.2855e-20
2.2393e-07
4.4744e-07
6.6965e-07
8.8969e-07
1.1067e-06
1.3197e-06
1.528e-06
1.7307e-06
1.927e-06
2.116e-06
2.2971e-06
2.4695e-06
2.6325e-06
2.7854e-06
2.9276e-06
3.0586e-06
3.1777e-06
3.2845e-06
3.3786e-06
3.4595e-06
3.5269e-06
3.5804e-06
3.62e-06
3.6453e-06
3.6562e-06
3.6528e-06
3.6349e-06
3.6025e-06
3.5559e-06
3.4951e-06
3.4204e-06
3.332e-06
3.2303e-06
3.1156e-06
2.9883e-06
2.849e-06
2.6981e-06
2.5362e-06
2.364e-06
2.1822e-06
1.9913e-06
1.7921e-06
1.5855e-06
1.3722e-06
1.153e-06
9.2886e-07
7.0057e-07
4.6906e-07
2.3523e-07
8.0845e-20
-2.3546e-07
-4.7e-07
-7.0268e-07
-9.3259e-07
-1.1588e-06
-1.3805e-06
-1.5967e-06
-1.8066e-06
-2.0094e-06
-2.2042e-06
-2.3903e-06
-2.5671e-06
-2.7336e-06
-2.8894e-06
-3.0338e-06
-3.1662e-06
-3.2862e-06
-3.3931e-06
-3.4867e-06
-3.5665e-06
-3.6322e-06
-3.6836e-06
-3.7204e-06
-3.7426e-06
-3.75e-06
-3.7426e-06
-3.7204e-06
-3.6836e-06
-3.6322e-06
-3.5665e-06
-3.4867e-06
-3.3931e-06
-3.2862e-06
-3.1662e-06
-3.0338e-06
-2.8894e-06
-2.7336e-06
-2.5671e-06
-2.3903e-06
-2.2042e-06
-2.0094e-06
-1.8066e-06
-1.5967e-06
-1.3805e-06
-1.1588e-06
-9.3259e-07
-7.0268e-07
-4.7e-07
-2.3546e-07
-1.4691e-20
2.3546e-07
4.7e-07
7.0268e-07
9.3259e-07
1.1588e-06
1.3805e-06
1.5967e-06
1.8066e-06
2.0094e-06
2.2042e-06
2.3903e-06
2.5671e-06
2.7336e-06
2.8894e-06
3.0338e-06
3.1662e-06
3.2862e-06
3.3931e-06
3.4867e-06
3.5665e-06
3.6322e-06
3.6836e-06
3.7204e-06
3.7426e-06
3.75e-06
3.7426e-06
3.7204e-06
3.6836e-06
3.6322e-06
3.5665e-06
3.4867e-06
3.3931e-06
3.2862e-06
3.1662e-06
3.0338e-06
2.8894e-06
2.7336e-06
2.5671e-06
2.3903e-06
2.2042e-06
2.0094e-06
1.8066e-06
1.5967e-06
1.3805e-06
1.1588e-06
9.3259e-07
7.0268e-07
4.7e-07
2.3546e-07
5.5118e-20
-2.3546e-07
-4.7e-07
-7.0268e-07
-9.3259e-07
-1.1588e-06
-1.3805e-06
-1.5967e-06
-1.8066e-06
-2.0094e-06
-2.2042e-06
-2.3903e-06
-2.5671e-06
-2.7336e-06
-2.8894e-06
-3.0338e-06
-3.1662e-06
-3.2862e-06
-3.3931e-06
-3.4867e-06
-3.5665e-06
-3.6322e-06
-3.6836e-06
-3.7204e-06
-3.7426e-06
-3.75e-06
-3.7426e-06
-3.7204e-06
-3.6836e-06
-3.6322e-06
-3.5665e-06
-3.4867e-06
-3.3931e-06
-3.2862e-06
-3.1662e-06
-3.0338e-06
-2.8894e-06
-2.7336e-06
-2.5671e-06
-2.3903e-06
-2.2042e-06
-2.0094e-06
-1.8066e-06
-1.5967e-06
-1.3805e-06
-1.1588e-06
-9.3259e-07
-7.0268e-07
-4.7e-07
-2.3546e-07
-9.5546e-20
2.3546e-07
4.7e-07
7.0268e-07
9.3259e-07
1.1588e-06
1.3805e-06
1.5967e-06
1.8066e-06
2.0094e-06
2.2042e-06
2.3903e-06
2.5671e-06
2.7336e-06
2.8894e-06
3.0338e-06
3.1662e-06
3.2862e-06
3.3931e-06
3.4867e-06
3.5665e-06
3.6322e-06
3.6836e-06
3.7204e-06
3.7426e-06
3.75e-06
3.7426e-06
3.7204e-06
3.6836e-06
3.6322e-06
3.5665e-06
3.4867e-06
3.3931e-06
3.2862e-06
3.1662e-06
3.0338e-06
2.8894e-06
2.7336e-06
2.5671e-06
2.3903e-06
2.2042e-06
2.0094e-06
1.8066e-06
1.5967e-06
1.3805e-06
1.1588e-06
9.3259e-07
7.0268e-07
4.7e-07
2.3546e-07
2.9392e-20
-2.3546e-07
-4.7e-07
-7.0268e-07
-9.3259e-07
-1.1588e-06
-1.3805e-06
-1.5967e-06
-1.8066e-06
-2.0094e-06
-2.2042e-06
-2.3903e-06
-2.5671e-06
-2.7336e-06
-2.8894e-06
-3.0338e-06
-3.1662e-06
-3.2862e-06
-3.3931e-06
-3.4867e-06
-3.5665e-06
-3.6322e-06
-3.6836e-06
-3.7204e-06
-3.7426e-06
-3.75e-06
-3.7426e-06
-3.7204e-06
-3.6836e-06
-3.6322e-06
-3.5665e-06
-3.4867e-06
-3.3931e-06
-3.2862e-06
-3.1662e-06
-3.0338e-06
-2.8894e-06
-2.7336e-06
-2.5671e-06
-2.3903e-06
-2.2042e-06
-2.0094e-06
-1.8066e-06
-1.5967e-06
-1.3805e-06
-1.1588e-06
-9.3259e-07
-7.0268e-07
-4.7e-07
-2.3546e-07
-6.9819e-20
2.3546e-07
4.7e-07
7.0268e-07
9.3259e-07
1.1588e-06
1.3805e-06
1.5967e-06
1.8066e-06
2.0094e-06
2.2042e-06
2.3903e-06
2.5671e-06
2.7336e-06
2.8894e-06
3.0338e-06
3.1662e-06
3.2862e-06
3.3931e-06
3.4867e-06
3.5665e-06
3.6322e-06
3.6836e-06
3.7204e-06
3.7426e-06
3.75e-06
3.7426e-06
3.7204e-06
3.6836e-06
3.6322e-06
3.5665e-06
3.4867e-06
3.3931e-06
3.2862e-06
3.1662e-06
3.0338e-06
2.8894e-06
2.7336e-06
2.5671e-06
2.3903e-06
2.2042e-06
2.0094e-06
1.8066e-06
1.5967e-06
1.3805e-06
1.1588e-06
9.3259e-07
7.0268e-07
4.7e-07
2.3546e-07
3.6647e-21
-2.3546e-07
-4.7e-07
-7.0268e-07
-9.3259e-07
-1.1588e-06
-1.3805e-06
-1.5967e-06
-1.8066e-06
-2.0094e-06
-2.2042e-06
-2.3903e-06
-2.5671e-06
-2.7336e-06
-2.8894e-06
-3.0338e-06
-3.1662e-06
-3.2862e-06
-3.3931e-06
-3.4867e-06
-3.5665e-06
-3.6322e-06
-3.6836e-06
-3.7204e-06
-3.7426e-06
-3.75e-06
-3.7426e-06
-3.7204e-06
-3.6836e-06
-3.6322e-06
-3.5665e-06
-3.4867e-06
-3.3931e-06
-3.2862e-06
-3.1662e-06
-3.0338e-06
-2.8894e-06
-2.7336e-06
-2.5671e-06
-2.3903e-06
-2.2042e-06
-2.0094e-06
-1.8066e-06
-1.5967e-06
-1.3805e-06
-1.1588e-06
-9.3259e-07
-7.0268e-07
-4.7e-07
-2.3546e-07
-4.4092e-20
2.3546e-07
4.7e-07
7.0268e-07
9.3259e-07
1.1588e-06
1.3805e-06
1.5967e-06
1.8066e-06
2.0094e-06
2.2042e-06
2.3903e-06
2.5671e-06
2.7336e-06
2.8894e-06
3.0338e-06
3.1662e-06
3.2862e-06
3.3931e-06
3.4867e-06
3.5665e-06
3.6322e-06
3.6836e-06
3.7204e-06
3.7426e-06
3.75e-06
3.7426e-06
3.7204e-06
3.6836e-06
3.6322e-06
3.5665e-06
3.4867e-06
3.3931e-06
3.2862e-06
3.1662e-06
3.0338e-06
2.8894e-06
2.7336e-06
2.5671e-06
2.3903e-06
2.2042e-06
2.0094e-06
1.8066e-06
1.5967e-06
1.3805e-06
1.1588e-06
9.3259e-07
7.0268e-07
4.7e-07
2.3546e-07
8.4519e-20
-2.3546e-07
-4.7e-07
-7.0268e-07
-9.3259e-07
-1.1588e-06
-1.3805e-06
-1.5967e-06
-1.8066e-06
-2.0094e-06
-2.2042e-06
-2.3903e-06
-2.5671e-06
-2.7336e-06
-2.8894e-06
-3.0338e-06
-3.1662e-06
-3.2862e-06
-3.3931e-06
-3.4867e-06
-3.5665e-06
-3.6322e-06
-3.6836e-06
-3.7204e-06
-3.7426e-06
-3.75e-06
-3.7426e-06
-3.7204e-06
-3.6836e-06
-3.6322e-06
-3.5665e-06
-3.4867e-06
-3.3931e-06
-3.2862e-06
-3.1662e-06
-3.0338e-06
-2.8894e-06
-2.7336e-06
-2.5671e-06
-2.3903e-06
-2.2042e-06
-2.0094e-06
-1.8066e-06
-1.5967e-06
-1.3805e-06
-1.1588e-06
-9.3259e-07
-7.0268e-07
-4.7e-07
-2.3546e-07
-1.8365e-20
2.3546e-07
4.7e-07
7.0268e-07
9.3259e-07
1.1588e-06
1.3805e-06
1.5967e-06
1.8066e-06
2.0094e-06
2.2042e-06
2.3903e-06
2.5671e-06
2.7336e-06
2.8894e-06
3.0338e-06
3.1662e-06
3.2862e-06
3.3931e-06
3.4867e-06
3.5665e-06
3.6322e-06
3.6836e-06
3.7204e-06
3.7426e-06
3.75e-06
3.7426e-06
3.7204e-06
3.6836e-06
3.6322e-06
3.5665e-06
3.4867e-06
3.3931e-06
3.2862e-06
3.1662e-06
3.0338e-06
2.8894e-06
2.7336e-06
2.5671e-06
2.3903e-06
2.2042e-06
2.0094e-06
1.8066e-06
1.5967e-06
1.3805e-06
1.1588e-06
9.3259e-07
7.0268e-07
4.7e-07
2.3546e-07
5.8792e-20
-2.3546e-07
-4.7e-07
-7.0268e-07
-9.3259e-07
-1.1588e-06
-1.3805e-06
-1.5967e-06
-1.8066e-06
-2.0094e-06
-2.2042e-06
-2.3903e-06
-2.5671e-06
-2.7336e-06
-2.8894e-06
-3.0338e-06
-3.1662e-06
-3.2862e-06
-3.3931e-06
-3.4867e-06
-3.5665e-06
-3.6322e-06
-3.6836e-06
-3.7204e-06
-3.7426e-06
-3.75e-06
-3.7426e-06
-3.7204e-06
-3.6836e-06
-3.6322e-06
-3.5665e-06
-3.4867e-06
-3.3931e-06
-3.2862e-06
-3.1662e-06
-3.0338e-06
-2.8894e-06
-2.7336e-06
-2.5671e-06
-2.3903e-06
-2.2042e-06
-2.0094e-06
-1.8066e-06
-1.5967e-06
-1.3805e-06
-1.1588e-06
-9.3259e-07
-7.0268e-07
-4.7e-07
-2.3546e-07
7.3618e-21
2.3546e-07
4.7e-07
7.0268e-07
9.3259e-07
1.1588e-06
1.3805e-06
1.5967e-06
1.8066e-06
2.0094e-06
2.2042e-06
2.3903e-06
2.5671e-06
2.7336e-06
2.8894e-06
3.0338e-06
3.1662e-06
3.2862e-06
3.3931e-06
3.4867e-06
3.5665e-06
3.6322e-06
3.6836e-06
3.7204e-06
3.7426e-06
3.75e-06
3.7426e-06
3.7204e-06
3.6836e-06
3.6322e-06
3.5665e-06
3.4867e-06
3.3931e-06
3.2862e-06
3.1662e-06
3.0338e-06
2.8894e-06
2.7336e-06
2.5671e-06
2.3903e-06
2.2042e-06
2.0094e-06
1.8066e-06
1.5967e-06
1.3805e-06
1.1588e-06
9.3259e-07
7.0268e-07
4.7e-07
2.3546e-07
3.3065e-20
-2.3546e-07
-4.7e-07
-7.0268e-07
-9.3259e-07
-1.1588e-06
-1.3805e-06
-1.5967e-06
-1.8066e-06
-2.0094e-06
-2.2042e-06
-2.3903e-06
-2.5671e-06
-2.7336e-06
-2.8894e-06
-3.0338e-06
-3.1662e-06
-3.2862e-06
-3.3931e-06
-3.4867e-06
-3.5665e-06
-3.6322e-06
-3.6836e-06
-3.7204e-06
-3.7426e-06
-3.75e-06
-3.7426e-06
-3.7204e-06
-3.6836e-06
-3.6322e-06
-3.5665e-06
-3.4867e-06
-3.3931e-06
-3.2862e-06
-3.1662e-06
-3.0338e-06
-2.8894e-06
-2.7336e-06
-2.5671e-06
-2.3903e-06
-2.2042e-06
-2.0094e-06
-1.8066e-06
-1.5967e-06
-1.3805e-06
-1.1588e-06
-9.3259e-07
-7.0268e-07
-4.7e-07
-2.3546e-07
-7.3493e-20
2.3546e-07
4.7e-07
7.0268e-07
9.3259e-07
1.1588e-06
1.3805e-06
1.5967e-06
1.8066e-06
2.0094e-06
2.2042e-06
2.3903e-06
2.5671e-06
2.7336e-06
2.8894e-06
3.0338e-06
3.1662e-06
3.2862e-06
3.3931e-06
3.4867e-06
3.5665e-06
3.6322e-06
3.6836e-06
3.7204e-06
3.7426e-06
3.75e-06
3.7426e-06
3.7204e-06
3.6836e-06
3.6322e-06
3.5665e-06
3.4867e-06
3.3931e-06
3.2862e-06
3.1662e-06
3.0338e-06
2.8894e-06
2.7336e-06
2.5671e-06
2.3903e-06
2.2042e-06
2.0094e-06
1.8066e-06
1.5967e-06
1.3805e-06
1.1588e-06
9.3259e-07
7.0268e-07
4.7e-07
2.3546e-07
7.3386e-21
-2.3546e-07
-4.7e-07
-7.0268e-07
-9.3259e-07
-1.1588e-06
-1.3805e-06
-1.5967e-06
-1.8066e-06
-2.0094e-06
-2.2042e-06
-2.3903e-06
-2.5671e-06
-2.7336e-06
-2.8894e-06
-3.0338e-06
-3.1662e-06
-3.2862e-06
-3.3931e-06
-3.4867e-06
-3.5665e-06
-3.6322e-06
-3.6836e-06
-3.7204e-06
-3.7426e-06
-3.75e-06
-3.7426e-06
-3.7204e-06
-3.6836e-06
-3.6322e-06
-3.5665e-06
-3.4867e-06
-3.3931e-06
-3.2862e-06
-3.1662e-06
-3.0338e-06
-2.8894e-06
-2.7336e-06
-2.5671e-06
-2.3903e-06
-2.2042e-06
-2.0094e-06
-1.8066e-06
-1.5967e-06
-1.3805e-06
-1.1588e-06
-9.3259e-07
-7.0268e-07
-4.7e-07
-2.3546e-07
-4.7766e-20
2.3546e-07
4.7e-07
7.0268e-07
9.3259e-07
1.1588e-06
1.3805e-06
1.5967e-06
1.8066e-06
2.0094e-06
2.2042e-06
2.3903e-06
2.5671e-06
2.7336e-06
2.8894e-06
3.0338e-06
3.1662e-06
3.2862e-06
3.3931e-06
3.4867e-06
3.5665e-06
3.6322e-06
3.6836e-06
3.7204e-06
3.7426e-06
3.75e-06
3.7426e-06
3.7204e-06
3.6836e-06
3.6322e-06
3.5665e-06
3.4867e-06
3.3931e-06
3.2862e-06
3.1662e-06
3.0338e-06
2.8894e-06
2.7336e-06
2.5671e-06
2.3903e-06
2.2042e-06
2.0094e-06
1.8066e-06
1.5967e-06
1.3805e-06
1.1588e-06
9.3259e-07
7.0268e-07
4.7e-07
2.3546e-07
-1.8388e-20
-2.3546e-07
-4.7e-07
-7.0268e-07
-9.3259e-07
-1.1588e-06
-1.3805e-06
-1.5967e-06
-1.8066e-06
-2.0094e-06
-2.2042e-06
-2.3903e-06
-2.5671e-06
-2.7336e-06
-2.8894e-06
-3.0338e-06
-3.1662e-06
-3.2862e-06
-3.3931e-06
-3.4867e-06
-3.5665e-06
-3.6322e-06
-3.6836e-06
-3.7204e-06
-3.7426e-06
-3.75e-06
-3.7426e-06
-3.7204e-06
-3.6836e-06
-3.6322e-06
-3.5665e-06
-3.4867e-06
-3.3931e-06
-3.2862e-06
-3.1662e-06
-3.0338e-06
-2.8894e-06
-2.7336e-06
-2.5671e-06
-2.3903e-06
-2.2042e-06
-2.0094e-06
-1.8066e-06
-1.5967e-06
-1.3805e-06
-1.1588e-06
-9.3259e-07
-7.0268e-07
-4.7e-07
-2.3546e-07
-2.2039e-20
2.3546e-07
4.7e-07
7.0268e-07
9.3259e-07
1.1588e-06
1.3805e-06
1.5967e-06
1.8066e-06
2.0094e-06
2.2042e-06
2.3903e-06
2.5671e-06
2.7336e-06
2.8894e-06
3.0338e-06
3.1662e-06
3.2862e-06
3.3931e-06
3.4867e-06
3.5665e-06
3.6322e-06
3.6836e-06
3.7204e-06
3.7426e-06
3.75e-06
3.7426e-06
3.7204e-06
3.6836e-06
3.6322e-06
3.5665e-06
3.4867e-06
3.3931e-06
3.2862e-06
3.1662e-06
3.0338e-06
2.8894e-06
2.7336e-06
2.5671e-06
2.3903e-06
2.2042e-06
2.0094e-06
1.8066e-06
1.5967e-06
1.3805e-06
1.1588e-06
9.3259e-07
7.0268e-07
4.7e-07
2.3546e-07
6.2466e-20
-2.3546e-07
-4.7e-07
-7.0268e-07
-9.3259e-07
-1.1588e-06
-1.3805e-06
-1.5967e-06
-1.8066e-06
-2.0094e-06
-2.2042e-06
-2.3903e-06
-2.5671e-06
-2.7336e-06
-2.8894e-06
-3.0338e-06
-3.1662e-06
-3.2862e-06
-3.3931e-06
-3.4867e-06
-3.5665e-06
-3.6322e-06
-3.6836e-06
-3.7204e-06
-3.7426e-06
-3.75e-06
-3.7426e-06
-3.7204e-06
-3.6836e-06
-3.6322e-06
-3.5665e-06
-3.4867e-06
-3.3931e-06
-3.2862e-06
-3.1662e-06
-3.0338e-06
-2.8894e-06
-2.7336e-06
-2.5671e-06
-2.3903e-06
-2.2042e-06
-2.0094e-06
-1.8066e-06
-1.5967e-06
-1.3805e-06
-1.1588e-06
-9.3259e-07
-7.0268e-07
-4.7e-07
-2.3546e-07
3.6879e-21
2.3546e-07
4.7e-07
7.0268e-07
9.3259e-07
1.1588e-06
1.3805e-06
1.5967e-06
1.8066e-06
2.0094e-06
2.2042e-06
2.3903e-06
2.5671e-06
2.7336e-06
2.8894e-06
3.0338e-06
3.1662e-06
3.2862e-06
3.3931e-06
3.4867e-06
3.5665e-06
3.6322e-06
3.6836e-06
3.7204e-06
3.7426e-06
3.75e-06
3.7426e-06
3.7204e-06
3.6836e-06
3.6322e-06
3.5665e-06
3.4867e-06
3.3931e-06
3.2862e-06
3.1662e-06
3.0338e-06
2.8894e-06
2.7336e-06
2.5671e-06
2.3903e-06
2.2042e-06
2.0094e-06
1.8066e-06
1.5967e-06
1.3805e-06
1.1588e-06
9.3259e-07
7.0268e-07
4.7e-07
2.3546e-07
3.6739e-20
-2.3546e-07
-4.7e-07
-7.0268e-07
-9.3259e-07
-1.1588e-06
-1.3805e-06
-1.5967e-06
-1.8066e-06
-2.0094e-06
-2.2042e-06
-2.3903e-06
-2.5671e-06
-2.7336e-06
-2.8894e-06
-3.0338e-06
-3.1662e-06
-3.2862e-06
-3.3931e-06
-3.4867e-06
-3.5665e-06
-3.6322e-06
-3.6836e-06
-3.7204e-06
-3.7426e-06
-3.75e-06
-3.7426e-06
-3.7204e-06
-3.6836e-06
-3.6322e-06
-3.5665e-06
-3.4867e-06
-3.3931e-06
-3.2862e-06
-3.1662e-06
-3.0338e-06
-2.8894e-06
-2.7336e-06
-2.5671e-06
-2.3903e-06
-2.2042e-06
-2.0094e-06
-1.8066e-06
-1.5967e-06
-1.3805e-06
-1.1588e-06
-9.3259e-07
-7.0268e-07
-4.7e-07
-2.3546e-07
-7.7167e-20
2.3546e-07
4.7e-07
7.0268e-07
9.3259e-07
1.1588e-06
1.3805e-06
1.5967e-06
1.8066e-06
2.0094e-06
2.2042e-06
2.3903e-06
2.5671e-06
2.7336e-06
2.8894e-06
3.0338e-06
3.1662e-06
3.2862e-06
3.3931e-06
3.4867e-06
3.5665e-06
3.6322e-06
3.6836e-06
3.7204e-06
3.7426e-06
3.75e-06
3.7426e-06
3.7204e-06
3.6836e-06
3.6322e-06
3.5665e-06
3.4867e-06
3.3931e-06
3.2862e-06
3.1662e-06
3.0338e-06
2.8894e-06
2.7336e-06
2.5671e-06
2.3903e-06
2.2042e-06
2.0094e-06
1.8066e-06
1.5967e-06
1.3805e-06
1.1588e-06
9.3259e-07
7.0268e-07
4.7e-07
2.3546e-07
1.1759e-19
-2.3546e-07
-4.7e-07
-7.0268e-07
-9.3259e-07
-1.1588e-06
-1.3805e-06
-1.5967e-06
-1.8066e-06
-2.0094e-06
-2.2042e-06
-2.3903e-06
-2.5671e-06
-2.7336e-06
-2.8894e-06
-3.0338e-06
-3.1662e-06
-3.2862e-06
-3.3931e-06
-3.4867e-06
-3.5665e-06
-3.6322e-06
-3.6836e-06
-3.7204e-06
-3.7426e-06
-3.75e-06
-3.7426e-06
-3.7204e-06
-3.6836e-06
-3.6322e-06
-3.5665e-06
-3.4867e-06
-3.3931e-06
-3.2862e-06
-3.1662e-06
-3.0338e-06
-2.8894e-06
-2.7336e-06
-2.5671e-06
-2.3903e-06
-2.2042e-06
-2.0094e-06
-1.8066e-06
-1.5967e-06
-1.3805e-06
-1.1588e-06
-9.3259e-07
-7.0268e-07
-4.7e-07
-2.3546e-07
5.5142e-20
2.3546e-07
4.7e-07
7.0268e-07
9.3259e-07
1.1588e-06
1.3805e-06
1.5967e-06
1.8066e-06
2.0094e-06
2.2042e-06
2.3903e-06
2.5671e-06
2.7336e-06
2.8894e-06
3.0338e-06
3.1662e-06
3.2862e-06
3.3931e-06
3.4867e-06
3.5665e-06
3.6322e-06
3.6836e-06
3.7204e-06
3.7426e-06
3.75e-06
3.7426e-06
3.7204e-06
3.6836e-06
3.6322e-06
3.5665e-06
3.4867e-06
3.3931e-06
3.2862e-06
3.1662e-06
3.0338e-06
2.8894e-06
2.7336e-06
2.5671e-06
2.3903e-06
2.2042e-06
2.0094e-06
1.8066e-06
1.5967e-06
1.3805e-06
1.1588e-06
9.3259e-07
7.0268e-07
4.7e-07
2.3546e-07
-1.4714e-20
-2.3546e-07
-4.7e-07
-7.0268e-07
-9.3259e-07
-1.1588e-06
-1.3805e-06
-1.5967e-06
-1.8066e-06
-2.0094e-06
-2.2042e-06
-2.3903e-06
-2.5671e-06
-2.7336e-06
-2.8894e-06
-3.0338e-06
-3.1662e-06
-3.2862e-06
-3.3931e-06
-3.4867e-06
-3.5665e-06
-3.6322e-06
-3.6836e-06
-3.7204e-06
-3.7426e-06
-3.75e-06
-3.7426e-06
-3.7204e-06
-3.6836e-06
-3.6322e-06
-3.5665e-06
-3.4867e-06
-3.3931e-06
-3.2862e-06
-3.1662e-06
-3.0338e-06
-2.8894e-06
-2.7336e-06
-2.5671e-06
-2.3903e-06
-2.2042e-06
-2.0094e-06
-1.8066e-06
-1.5967e-06
-1.3805e-06
-1.1588e-06
-9.3259e-07
-7.0268e-07
-4.7e-07
-2.3546e-07
-2.5713e-20
2.3546e-07
4.7e-07
7.0268e-07
9.3259e-07
1.1588e-06
1.3805e-06
1.5967e-06
1.8066e-06
2.0094e-06
2.2042e-06
2.3903e-06
2.5671e-06
2.7336e-06
2.8894e-06
3.0338e-06
3.1662e-06
3.2862e-06
3.3931e-06
3.4867e-06
3.5665e-06
3.6322e-06
3.6836e-06
3.7204e-06
3.7426e-06
3.75e-06
3.7426e-06
3.7204e-06
3.6836e-06
3.6322e-06
3.5665e-06
3.4867e-06
3.3931e-06
3.2862e-06
3.1662e-06
3.0338e-06
2.8894e-06
2.7336e-06
2.5671e-06
2.3903e-06
2.2042e-06
2.0094e-06
1.8066e-06
1.5967e-06
1.3805e-06
1.1588e-06
9.3259e-07
7.0268e-07
4.7e-07
2.3546e-07
6.614e-20
-2.3546e-07
-4.7e-07
-7.0268e-07
-9.3259e-07
-1.1588e-06
-1.3805e-06
-1.5967e-06
-1.8066e-06
-2.0094e-06
-2.2042e-06
-2.3903e-06
-2.5671e-06
-2.7336e-06
-2.8894e-06
-3.0338e-06
-3.1662e-06
-3.2862e-06
-3.3931e-06
-3.4867e-06
-3.5665e-06
-3.6322e-06
-3.6836e-06
-3.7204e-06
-3.7426e-06
-3.75e-06
-3.7426e-06
-3.7204e-06
-3.6836e-06
-3.6322e-06
-3.5665e-06
-3.4867e-06
-3.3931e-06
-3.2862e-06
-3.1662e-06
-3.0338e-06
-2.8894e-06
-2.7336e-06
-2.5671e-06
-2.3903e-06
-2.2042e-06
-2.0094e-06
-1.8066e-06
-1.5967e-06
-1.3805e-06
-1.1588e-06
-9.3259e-07
-7.0268e-07
-4.7e-07
-2.3546e-07
1.066e-19
2.3546e-07
4.7e-07
7.0268e-07
9.3259e-07
1.1588e-06
1.3805e-06
1.5967e-06
1.8066e-06
2.0094e-06
2.2042e-06
2.3903e-06
2.5671e-06
2.7336e-06
2.8894e-06
3.0338e-06
3.1662e-06
3.2862e-06
3.3931e-06
3.4867e-06
3.5665e-06
3.6322e-06
3.6836e-06
3.7204e-06
3.7426e-06
3.75e-06
3.7426e-06
3.7204e-06
3.6836e-06
3.6322e-06
3.5665e-06
3.4867e-06
3.3931e-06
3.2862e-06
3.1662e-06
3.0338e-06
2.8894e-06
2.7336e-06
2.5671e-06
2.3903e-06
2.2042e-06
2.0094e-06
1.8066e-06
1.5967e-06
1.3805e-06
1.1588e-06
9.3259e-07
7.0268e-07
4.7e-07
2.3546e-07
-6.6168e-20
-2.3546e-07
-4.7e-07
-7.0268e-07
-9.3259e-07
-1.1588e-06
-1.3805e-06
-1.5967e-06
-1.8066e-06
-2.0094e-06
-2.2042e-06
-2.3903e-06
-2.5671e-06
-2.7336e-06
-2.8894e-06
-3.0338e-06
-3.1662e-06
-3.2862e-06
-3.3931e-06
-3.4867e-06
-3.5665e-06
-3.6322e-06
-3.6836e-06
-3.7204e-06
-3.7426e-06
-3.75e-06
-3.7426e-06
-3.7204e-06
-3.6836e-06
-3.6322e-06
-3.5665e-06
-3.4867e-06
-3.3931e-06
-3.2862e-06
-3.1662e-06
-3.0338e-06
-2.8894e-06
-2.7336e-06
-2.5671e-06
-2.3903e-06
-2.2042e-06
-2.0094e-06
-1.8066e-06
-1.5967e-06
-1.3805e-06
-1.1588e-06
-9.3259e-07
-7.0268e-07
-4.7e-07
-2.3546e-07
2.5741e-20
2.3546e-07
4.7e-07
7.0268e-07
9.3259e-07
1.1588e-06
1.3805e-06
1.5967e-06
1.8066e-06
2.0094e-06
2.2042e-06
2.3903e-06
2.5671e-06
2.7336e-06
2.8894e-06
3.0338e-06
3.1662e-06
3.2862e-06
3.3931e-06
3.4867e-06
3.5665e-06
3.6322e-06
3.6836e-06
3.7204e-06
3.7426e-06
3.75e-06
3.7426e-06
3.7204e-06
3.6836e-06
3.6322e-06
3.5665e-06
3.4867e-06
3.3931e-06
3.2862e-06
3.1662e-06
3.0338e-06
2.8894e-06
2.7336e-06
2.5671e-06
2.3903e-06
2.2042e-06
2.0094e-06
1.8066e-06
1.5967e-06
1.3805e-06
1.1588e-06
9.3259e-07
7.0268e-07
4.7e-07
2.3546e-07
1.4686e-20
-2.3546e-07
-4.7e-07
-7.0268e-07
-9.3259e-07
-1.1588e-06
-1.3805e-06
-1.5967e-06
-1.8066e-06
-2.0094e-06
-2.2042e-06
-2.3903e-06
-2.5671e-06
-2.7336e-06
-2.8894e-06
-3.0338e-06
-3.1662e-06
-3.2862e-06
-3.3931e-06
-3.4867e-06
-3.5665e-06
-3.6322e-06
-3.6836e-06
-3.7204e-06
-3.7426e-06
-3.75e-06
-3.7426e-06
-3.7204e-06
-3.6836e-06
-3.6322e-06
-3.5665e-06
-3.4867e-06
-3.3931e-06
-3.2862e-06
-3.1662e-06
-3.0338e-06
-2.8894e-06
-2.7336e-06
-2.5671e-06
-2.3903e-06
-2.2042e-06
-2.0094e-06
-1.8066e-06
-1.5967e-06
-1.3805e-06
-1.1588e-06
-9.3259e-07
-7.0268e-07
-4.7e-07
-2.3546e-07
-5.5114e-20
2.3546e-07
4.7e-07
7.0268e-07
9.3259e-07
1.1588e-06
1.3805e-06
1.5967e-06
1.8066e-06
2.0094e-06
2.2042e-06
2.3903e-06
2.5671e-06
2.7336e-06
2.8894e-06
3.0338e-06
3.1662e-06
3.2862e-06
3.3931e-06
3.4867e-06
3.5665e-06
3.6322e-06
3.6836e-06
3.7204e-06
3.7426e-06
3.75e-06
3.7426e-06
3.7204e-06
3.6836e-06
3.6322e-06
3.5665e-06
3.4867e-06
3.3931e-06
3.2862e-06
3.1662e-06
3.0338e-06
2.8894e-06
2.7336e-06
2.5671e-06
2.3903e-06
2.2042e-06
2.0094e-06
1.8066e-06
1.5967e-06
1.3805e-06
1.1588e-06
9.3259e-07
7.0268e-07
4.7e-07
2.3546e-07
-1.1762e-19
-2.3546e-07
-4.7e-07
-7.0268e-07
-9.3259e-07
-1.1588e-06
-1.3805e-06
-1.5967e-06
-1.8066e-06
-2.0094e-06
-2.2042e-06
-2.3903e-06
-2.5671e-06
-2.7336e-06
-2.8894e-06
-3.0338e-06
-3.1662e-06
-3.2862e-06
-3.3931e-06
-3.4867e-06
-3.5665e-06
-3.6322e-06
-3.6836e-06
-3.7204e-06
-3.7426e-06
-3.75e-06
-3.7426e-06
-3.7204e-06
-3.6836e-06
-3.6322e-06
-3.5665e-06
-3.4867e-06
-3.3931e-06
-3.2862e-06
-3.1662e-06
-3.0338e-06
-2.8894e-06
-2.7336e-06
-2.5671e-06
-2.3903e-06
-2.2042e-06
-2.0094e-06
-1.8066e-06
-1.5967e-06
-1.3805e-06
-1.1588e-06
-9.3259e-07
-7.0268e-07
-4.7e-07
-2.3546e-07
7.7195e-20
2.3546e-07
4.7e-07
7.0268e-07
9.3259e-07
1.1588e-06
1.3805e-06
1.5967e-06
1.8066e-06
2.0094e-06
2.2042e-06
2.3903e-06
2.5671e-06
2.7336e-06
2.8894e-06
3.0338e-06
3.1662e-06
3.2862e-06
3.3931e-06
3.4867e-06
3.5665e-06
3.6322e-06
3.6836e-06
3.7204e-06
3.7426e-06
3.75e-06
3.7426e-06
3.7204e-06
3.6836e-06
3.6322e-06
3.5665e-06
3.4867e-06
3.3931e-06
3.2862e-06
3.1662e-06
3.0338e-06
2.8894e-06
2.7336e-06
2.5671e-06
2.3903e-06
2.2042e-06
2.0094e-06
1.8066e-06
1.5967e-06
1.3805e-06
1.1588e-06
9.3259e-07
7.0268e-07
4.7e-07
2.3546e-07
-3.6767e-20
-2.3546e-07
-4.7e-07
-7.0268e-07
-9.3259e-07
-1.1588e-06
-1.3805e-06
-1.5967e-06
-1.8066e-06
-2.0094e-06
-2.2042e-06
-2.3903e-06
-2.5671e-06
-2.7336e-06
-2.8894e-06
-3.0338e-06
-3.1662e-06
-3.2862e-06
-3.3931e-06
-3.4867e-06
-3.5665e-06
-3.6322e-06
-3.6836e-06
-3.7204e-06
-3.7426e-06
-3.75e-06
-3.7426e-06
-3.7204e-06
-3.6836e-06
-3.6322e-06
-3.5665e-06
-3.4867e-06
-3.3931e-06
-3.2862e-06
-3.1662e-06
-3.0338e-06
-2.8894e-06
-2.7336e-06
-2.5671e-06
-2.3903e-06
-2.2042e-06
-2.0094e-06
-1.8066e-06
-1.5967e-06
-1.3805e-06
-1.1588e-06
-9.3259e-07
-7.0268e-07
-4.7e-07
-2.3546e-07
-3.66e-21
2.3546e-07
4.7e-07
7.0268e-07
9.3259e-07
1.1588e-06
1.3805e-06
1.5967e-06
1.8066e-06
2.0094e-06
2.2042e-06
2.3903e-06
2.5671e-06
2.7336e-06
2.8894e-06
3.0338e-06
3.1662e-06
3.2862e-06
3.3931e-06
3.4867e-06
3.5665e-06
3.6322e-06
3.6836e-06
3.7204e-06
3.7426e-06
3.75e-06
3.7426e-06
3.7204e-06
3.6836e-06
3.6322e-06
3.5665e-06
3.4867e-06
3.3931e-06
3.2862e-06
3.1662e-06
3.0338e-06
2.8894e-06
2.7336e-06
2.5671e-06
2.3903e-06
2.2042e-06
2.0094e-06
1.8066e-06
1.5967e-06
1.3805e-06
1.1588e-06
9.3259e-07
7.0268e-07
4.7e-07
2.3546e-07
4.4087e-20
-2.3546e-07
-4.7e-07
-7.0268e-07
-9.3259e-07
-1.1588e-06
-1.3805e-06
-1.5967e-06
-1.8066e-06
-2.0094e-06
-2.2042e-06
-2.3903e-06
-2.5671e-06
-2.7336e-06
-2.8894e-06
-3.0338e-06
-3.1662e-06
-3.2862e-06
-3.3931e-06
-3.4867e-06
-3.5665e-06
-3.6322e-06
-3.6836e-06
-3.7204e-06
-3.7426e-06
-3.75e-06
-3.7426e-06
-3.7204e-06
-3.6836e-06
-3.6322e-06
-3.5665e-06
-3.4867e-06
-3.3931e-06
-3.2862e-06
-3.1662e-06
-3.0338e-06
-2.8894e-06
-2.7336e-06
-2.5671e-06
-2.3903e-06
-2.2042e-06
-2.0094e-06
-1.8066e-06
-1.5967e-06
-1.3805e-06
-1.1588e-06
-9.3259e-07
-7.0268e-07
-4.7e-07
-2.3546e-07
1.2865e-19
2.3546e-07
4.7e-07
7.0268e-07
9.3259e-07
1.1588e-06
1.3805e-06
1.5967e-06
1.8066e-06
2.0094e-06
2.2042e-06
2.3903e-06
2.5671e-06
2.7336e-06
2.8894e-06
3.0338e-06
3.1662e-06
3.2862e-06
3.3931e-06
3.4867e-06
3.5665e-06
3.6322e-06
3.6836e-06
3.7204e-06
3.7426e-06
3.75e-06
3.7426e-06
3.7204e-06
3.6836e-06
3.6322e-06
3.5665e-06
3.4867e-06
3.3931e-06
3.2862e-06
3.1662e-06
3.0338e-06
2.8894e-06
2.7336e-06
2.5671e-06
2.3903e-06
2.2042e-06
2.0094e-06
1.8066e-06
1.5967e-06
1.3805e-06
1.1588e-06
9.3259e-07
7.0268e-07
4.7e-07
2.3546e-07
-8.8221e-20
-2.3546e-07
-4.7e-07
-7.0268e-07
-9.3259e-07
-1.1588e-06
-1.3805e-06
-1.5967e-06
-1.8066e-06
-2.0094e-06
-2.2042e-06
-2.3903e-06
-2.5671e-06
-2.7336e-06
-2.8894e-06
-3.0338e-06
-3.1662e-06
-3.2862e-06
-3.3931e-06
-3.4867e-06
-3.5665e-06
-3.6322e-06
-3.6836e-06
-3.7204e-06
-3.7426e-06
-3.75e-06
-3.7426e-06
-3.7204e-06
-3.6836e-06
-3.6322e-06
-3.5665e-06
-3.4867e-06
-3.3931e-06
-3.2862e-06
-3.1662e-06
-3.0338e-06
-2.8894e-06
-2.7336e-06
-2.5671e-06
-2.3903e-06
-2.2042e-06
-2.0094e-06
-1.8066e-06
-1.5967e-06
-1.3805e-06
-1.1588e-06
-9.3259e-07
-7.0268e-07
-4.7e-07
-2.3546e-07
4.7794e-20
2.3546e-07
4.7e-07
7.0268e-07
9.3259e-07
1.1588e-06
1.3805e-06
1.5967e-06
1.8066e-06
2.0094e-06
2.2042e-06
2.3903e-06
2.5671e-06
2.7336e-06
2.8894e-06
3.0338e-06
3.1662e-06
3.2862e-06
3.3931e-06
3.4867e-06
3.5665e-06
3.6322e-06
3.6836e-06
3.7204e-06
3.7426e-06
3.75e-06
3.7426e-06
3.7204e-06
3.6836e-06
3.6322e-06
3.5665e-06
3.4867e-06
3.3931e-06
3.2862e-06
3.1662e-06
3.0338e-06
2.8894e-06
2.7336e-06
2.5671e-06
2.3903e-06
2.2042e-06
2.0094e-06
1.8066e-06
1.5967e-06
1.3805e-06
1.1588e-06
9.3259e-07
7.0268e-07
4.7e-07
2.3546e-07
-7.3665e-21
-2.3546e-07
-4.7e-07
-7.0268e-07
-9.3259e-07
-1.1588e-06
-1.3805e-06
-1.5967e-06
-1.8066e-06
-2.0094e-06
-2.2042e-06
-2.3903e-06
-2.5671e-06
-2.7336e-06
-2.8894e-06
-3.0338e-06
-3.1662e-06
-3.2862e-06
-3.3931e-06
-3.4867e-06
-3.5665e-06
-3.6322e-06
-3.6836e-06
-3.7204e-06
-3.7426e-06
-3.75e-06
-3.7426e-06
-3.7204e-06
-3.6836e-06
-3.6322e-06
-3.5665e-06
-3.4867e-06
-3.3931e-06
-3.2862e-06
-3.1662e-06
-3.0338e-06
-2.8894e-06
-2.7336e-06
-2.5671e-06
-2.3903e-06
-2.2042e-06
-2.0094e-06
-1.8066e-06
-1.5967e-06
-1.3805e-06
-1.1588e-06
-9.3259e-07
-7.0268e-07
-4.7e-07
-2.3546e-07
-3.3061e-20
2.3546e-07
4.7e-07
7.0268e-07
9.3259e-07
1.1588e-06
1.3805e-06
1.5967e-06
1.8066e-06
2.0094e-06
2.2042e-06
2.3903e-06
2.5671e-06
2.7336e-06
2.8894e-06
3.0338e-06
3.1662e-06
3.2862e-06
3.3931e-06
3.4867e-06
3.5665e-06
3.6322e-06
3.6836e-06
3.7204e-06
3.7426e-06
3.75e-06
3.7426e-06
3.7204e-06
3.6836e-06
3.6322e-06
3.5665e-06
3.4867e-06
3.3931e-06
3.2862e-06
3.1662e-06
3.0338e-06
2.8894e-06
2.7336e-06
2.5671e-06
2.3903e-06
2.2042e-06
2.0094e-06
1.8066e-06
1.5967e-06
1.3805e-06
1.1588e-06
9.3259e-07
7.0268e-07
4.7e-07
2.3546e-07
7.3488e-20
-2.3546e-07
-4.7e-07
-7.0268e-07
-9.3259e-07
-1.1588e-06
-1.3805e-06
-1.5967e-06
-1.8066e-06
-2.0094e-06
-2.2042e-06
-2.3903e-06
-2.5671e-06
-2.7336e-06
-2.8894e-06
-3.0338e-06
-3.1662e-06
-3.2862e-06
-3.3931e-06
-3.4867e-06
-3.5665e-06
-3.6322e-06
-3.6836e-06
-3.7204e-06
-3.7426e-06
-3.75e-06
-3.7426e-06
-3.7204e-06
-3.6836e-06
-3.6322e-06
-3.5665e-06
-3.4867e-06
-3.3931e-06
-3.2862e-06
-3.1662e-06
-3.0338e-06
-2.8894e-06
-2.7336e-06
-2.5671e-06
-2.3903e-06
-2.2042e-06
-2.0094e-06
-1.8066e-06
-1.5967e-06
-1.3805e-06
-1.1588e-06
-9.3259e-07
-7.0268e-07
-4.7e-07
-2.3546e-07
-1.1392e-19
2.3546e-07
4.7e-07
7.0268e-07
9.3259e-07
1.1588e-06
1.3805e-06
1.5967e-06
1.8066e-06
2.0094e-06
2.2042e-06
2.3903e-06
2.5671e-06
2.7336e-06
2.8894e-06
3.0338e-06
3.1662e-06
3.2862e-06
3.3931e-06
3.4867e-06
3.5665e-06
3.6322e-06
3.6836e-06
3.7204e-06
3.7426e-06
3.75e-06
3.7426e-06
3.7204e-06
3.6836e-06
3.6322e-06
3.5665e-06
3.4867e-06
3.3931e-06
3.2862e-06
3.1662e-06
3.0338e-06
2.8894e-06
2.7336e-06
2.5671e-06
2.3903e-06
2.2042e-06
2.0094e-06
1.8066e-06
1.5967e-06
1.3805e-06
1.1588e-06
9.3259e-07
7.0268e-07
4.7e-07
2.3546e-07
-5.882e-20
-2.3546e-07
-4.7e-07
-7.0268e-07
-9.3259e-07
-1.1588e-06
-1.3805e-06
-1.5967e-06
-1.8066e-06
-2.0094e-06
-2.2042e-06
-2.3903e-06
-2.5671e-06
-2.7336e-06
-2.8894e-06
-3.0338e-06
-3.1662e-06
-3.2862e-06
-3.3931e-06
-3.4867e-06
-3.5665e-06
-3.6322e-06
-3.6836e-06
-3.7204e-06
-3.7426e-06
-3.75e-06
-3.7426e-06
-3.7204e-06
-3.6836e-06
-3.6322e-06
-3.5665e-06
-3.4867e-06
-3.3931e-06
-3.2862e-06
-3.1662e-06
-3.0338e-06
-2.8894e-06
-2.7336e-06
-2.5671e-06
-2.3903e-06
-2.2042e-06
-2.0094e-06
-1.8066e-06
-1.5967e-06
-1.3805e-06
-1.1588e-06
-9.3259e-07
-7.0268e-07
-4.7e-07
-2.3546e-07
1.8393e-20
2.3546e-07
4.7e-07
7.0268e-07
9.3259e-07
1.1588e-06
1.3805e-06
1.5967e-06
1.8066e-06
2.0094e-06
2.2042e-06
2.3903e-06
2.5671e-06
2.7336e-06
2.8894e-06
3.0338e-06
3.1662e-06
3.2862e-06
3.3931e-06
3.4867e-06
3.5665e-06
3.6322e-06
3.6836e-06
3.7204e-06
3.7426e-06
3.75e-06
3.7426e-06
3.7204e-06
3.6836e-06
3.6322e-06
3.5665e-06
3.4867e-06
3.3931e-06
3.2862e-06
3.1662e-06
3.0338e-06
2.8894e-06
2.7336e-06
2.5671e-06
2.3903e-06
2.2042e-06
2.0094e-06
1.8066e-06
1.5967e-06
1.3805e-06
1.1588e-06
9.3259e-07
7.0268e-07
4.7e-07
2.3546e-07
2.2034e-20
-2.3546e-07
-4.7e-07
-7.0268e-07
-9.3259e-07
-1.1588e-06
-1.3805e-06
-1.5967e-06
-1.8066e-06
-2.0094e-06
-2.2042e-06
-2.3903e-06
-2.5671e-06
-2.7336e-06
-2.8894e-06
-3.0338e-06
-3.1662e-06
-3.2862e-06
-3.3931e-06
-3.4867e-06
-3.5665e-06
-3.6322e-06
-3.6836e-06
-3.7204e-06
-3.7426e-06
-3.75e-06
-3.7426e-06
-3.7204e-06
-3.6836e-06
-3.6322e-06
-3.5665e-06
-3.4867e-06
-3.3931e-06
-3.2862e-06
-3.1662e-06
-3.0338e-06
-2.8894e-06
-2.7336e-06
-2.5671e-06
-2.3903e-06
-2.2042e-06
-2.0094e-06
-1.8066e-06
-1.5967e-06
-1.3805e-06
-1.1588e-06
-9.3259e-07
-7.0268e-07
-4.7e-07
-2.3546e-07
-6.2462e-20
2.3546e-07
4.7e-07
7.0268e-07
9.3259e-07
1.1588e-06
1.3805e-06
1.5967e-06
1.8066e-06
2.0094e-06
2.2042e-06
2.3903e-06
2.5671e-06
2.7336e-06
2.8894e-06
3.0338e-06
3.1662e-06
3.2862e-06
3.3931e-06
3.4867e-06
3.5665e-06
3.6322e-06
3.6836e-06
3.7204e-06
3.7426e-06
3.75e-06
3.7426e-06
3.7204e-06
3.6836e-06
3.6322e-06
3.5665e-06
3.4867e-06
3.3931e-06
3.2862e-06
3.1662e-06
3.0338e-06
2.8894e-06
2.7336e-06
2.5671e-06
2.3903e-06
2.2042e-06
2.0094e-06
1.8066e-06
1.5967e-06
1.3805e-06
1.1588e-06
9.3259e-07
7.0268e-07
4.7e-07
2.3546e-07
1.0289e-19
-2.3546e-07
-4.7e-07
-7.0268e-07
-9.3259e-07
-1.1588e-06
-1.3805e-06
-1.5967e-06
-1.8066e-06
-2.0094e-06
-2.2042e-06
-2.3903e-06
-2.5671e-06
-2.7336e-06
-2.8894e-06
-3.0338e-06
-3.1662e-06
-3.2862e-06
-3.3931e-06
-3.4867e-06
-3.5665e-06
-3.6322e-06
-3.6836e-06
-3.7204e-06
-3.7426e-06
-3.75e-06
-3.7426e-06
-3.7204e-06
-3.6836e-06
-3.6322e-06
-3.5665e-06
-3.4867e-06
-3.3931e-06
-3.2862e-06
-3.1662e-06
-3.0338e-06
-2.8894e-06
-2.7336e-06
-2.5671e-06
-2.3903e-06
-2.2042e-06
-2.0094e-06
-1.8066e-06
-1.5967e-06
-1.3805e-06
-1.1588e-06
-9.3259e-07
-7.0268e-07
-4.7e-07
-2.3546e-07
6.9847e-20
2.3546e-07
4.7e-07
7.0268e-07
9.3259e-07
1.1588e-06
1.3805e-06
1.5967e-06
1.8066e-06
2.0094e-06
2.2042e-06
2.3903e-06
2.5671e-06
2.7336e-06
2.8894e-06
3.0338e-06
3.1662e-06
3.2862e-06
3.3931e-06
3.4867e-06
3.5665e-06
3.6322e-06
3.6836e-06
3.7204e-06
3.7426e-06
3.75e-06
3.7426e-06
3.7204e-06
3.6836e-06
3.6322e-06
3.5665e-06
3.4867e-06
3.3931e-06
3.2862e-06
3.1662e-06
3.0338e-06
2.8894e-06
2.7336e-06
2.5671e-06
2.3903e-06
2.2042e-06
2.0094e-06
1.8066e-06
1.5967e-06
1.3805e-06
1.1588e-06
9.3259e-07
7.0268e-07
4.7e-07
2.3546e-07
-2.9419e-20
-2.3546e-07
-4.7e-07
-7.0268e-07
-9.3259e-07
-1.1588e-06
-1.3805e-06
-1.5967e-06
-1.8066e-06
-2.0094e-06
-2.2042e-06
-2.3903e-06
-2.5671e-06
-2.7336e-06
-2.8894e-06
-3.0338e-06
-3.1662e-06
-3.2862e-06
-3.3931e-06
-3.4867e-06
-3.5665e-06
-3.6322e-06
-3.6836e-06
-3.7204e-06
-3.7426e-06
-3.75e-06
-3.7426e-06
-3.7204e-06
-3.6836e-06
-3.6322e-06
-3.5665e-06
-3.4867e-06
-3.3931e-06
-3.2862e-06
-3.1662e-06
-3.0338e-06
-2.8894e-06
-2.7336e-06
-2.5671e-06
-2.3903e-06
-2.2042e-06
-2.0094e-06
-1.8066e-06
-1.5967e-06
-1.3805e-06
-1.1588e-06
-9.3259e-07
-7.0268e-07
-4.7e-07
-2.3546e-07
-1.1008e-20
2.3546e-07
4.7e-07
7.0268e-07
9.3259e-07
1.1588e-06
1.3805e-06
1.5967e-06
1.8066e-06
2.0094e-06
2.2042e-06
2.3903e-06
2.5671e-06
2.7336e-06
2.8894e-06
3.0338e-06
3.1662e-06
3.2862e-06
3.3931e-06
3.4867e-06
3.5665e-06
3.6322e-06
3.6836e-06
3.7204e-06
3.7426e-06
3.75e-06
3.7426e-06
3.7204e-06
3.6836e-06
3.6322e-06
3.5665e-06
3.4867e-06
3.3931e-06
3.2862e-06
3.1662e-06
3.0338e-06
2.8894e-06
2.7336e-06
2.5671e-06
2.3903e-06
2.2042e-06
2.0094e-06
1.8066e-06
1.5967e-06
1.3805e-06
1.1588e-06
9.3259e-07
7.0268e-07
4.7e-07
2.3546e-07
5.1435e-20
-2.3546e-07
-4.7e-07
-7.0268e-07
-9.3259e-07
-1.1588e-06
-1.3805e-06
-1.5967e-06
-1.8066e-06
-2.0094e-06
-2.2042e-06
-2.3903e-06
-2.5671e-06
-2.7336e-06
-2.8894e-06
-3.0338e-06
-3.1662e-06
-3.2862e-06
-3.3931e-06
-3.4867e-06
-3.5665e-06
-3.6322e-06
-3.6836e-06
-3.7204e-06
-3.7426e-06
-3.75e-06
-3.7426e-06
-3.7204e-06
-3.6836e-06
-3.6322e-06
-3.5665e-06
-3.4867e-06
-3.3931e-06
-3.2862e-06
-3.1662e-06
-3.0338e-06
-2.8894e-06
-2.7336e-06
-2.5671e-06
-2.3903e-06
-2.2042e-06
-2.0094e-06
-1.8066e-06
-1.5967e-06
-1.3805e-06
-1.1588e-06
-9.3259e-07
-7.0268e-07
-4.7e-07
-2.3546e-07
-9.1862e-20
2.3546e-07
4.7e-07
7.0268e-07
9.3259e-07
1.1588e-06
1.3805e-06
1.5967e-06
1.8066e-06
2.0094e-06
2.2042e-06
2.3903e-06
2.5671e-06
2.7336e-06
2.8894e-06
3.0338e-06
3.1662e-06
3.2862e-06
3.3931e-06
3.4867e-06
3.5665e-06
3.6322e-06
3.6836e-06
3.7204e-06
3.7426e-06
3.75e-06
3.7426e-06
3.7204e-06
3.6836e-06
3.6322e-06
3.5665e-06
3.4867e-06
3.3931e-06
3.2862e-06
3.1662e-06
3.0338e-06
2.8894e-06
2.7336e-06
2.5671e-06
2.3903e-06
2.2042e-06
2.0094e-06
1.8066e-06
1.5967e-06
1.3805e-06
1.1588e-06
9.3259e-07
7.0268e-07
4.7e-07
2.3546e-07
-8.0873e-20
-2.3546e-07
-4.7e-07
-7.0268e-07
-9.3259e-07
-1.1588e-06
-1.3805e-06
-1.5967e-06
-1.8066e-06
-2.0094e-06
-2.2042e-06
-2.3903e-06
-2.5671e-06
-2.7336e-06
-2.8894e-06
-3.0338e-06
-3.1662e-06
-3.2862e-06
-3.3931e-06
-3.4867e-06
-3.5665e-06
-3.6322e-06
-3.6836e-06
-3.7204e-06
-3.7426e-06
-3.75e-06
-3.7426e-06
-3.7204e-06
-3.6836e-06
-3.6322e-06
-3.5665e-06
-3.4867e-06
-3.3931e-06
-3.2862e-06
-3.1662e-06
-3.0338e-06
-2.8894e-06
-2.7336e-06
-2.5671e-06
-2.3903e-06
-2.2042e-06
-2.0094e-06
-1.8066e-06
-1.5967e-06
-1.3805e-06
-1.1588e-06
-9.3259e-07
-7.0268e-07
-4.7e-07
-2.3546e-07
4.0446e-20
2.3546e-07
4.7e-07
7.0268e-07
9.3259e-07
1.1588e-06
1.3805e-06
1.5967e-06
1.8066e-06
2.0094e-06
2.2042e-06
2.3903e-06
2.5671e-06
2.7336e-06
2.8894e-06
3.0338e-06
3.1662e-06
3.2862e-06
3.3931e-06
3.4867e-06
3.5665e-06
3.6322e-06
3.6836e-06
3.7204e-06
3.7426e-06
3.75e-06
3.7426e-06
3.7204e-06
3.6836e-06
3.6322e-06
3.5665e-06
3.4867e-06
3.3931e-06
3.2862e-06
3.1662e-06
3.0338e-06
2.8894e-06
2.7336e-06
2.5671e-06
2.3903e-06
2.2042e-06
2.0094e-06
1.8066e-06
1.5967e-06
1.3805e-06
1.1588e-06
9.3259e-07
7.0268e-07
4.7e-07
2.3546e-07
-1.8551e-23
-2.3499e-07
-4.6859e-07
-6.9987e-07
-9.2792e-07
-1.1519e-06
-1.3708e-06
-1.5839e-06
-1.7903e-06
-1.9893e-06
-2.1799e-06
-2.3617e-06
-2.5337e-06
-2.6954e-06
-2.8461e-06
-2.9853e-06
-3.1124e-06
-3.227e-06
-3.3286e-06
-3.4169e-06
-3.4916e-06
-3.5523e-06
-3.5989e-06
-3.6311e-06
-3.649e-06
-3.6525e-06
-3.6416e-06
-3.6163e-06
-3.5768e-06
-3.5232e-06
-3.4559e-06
-3.3751e-06
-3.2811e-06
-3.1744e-06
-3.0554e-06
-2.9246e-06
-2.7825e-06
-2.6298e-06
-2.4669e-06
-2.2947e-06
-2.1138e-06
-1.925e-06
-1.7289e-06
-1.5264e-06
-1.3183e-06
-1.1055e-06
-8.8876e-07
-6.6895e-07
-4.4697e-07
-2.2369e-07
-3.8348e-20
2.2322e-07
4.4509e-07
6.6474e-07
8.8129e-07
1.0939e-06
1.3018e-06
1.5041e-06
1.7e-06
1.8888e-06
2.0697e-06
2.2421e-06
2.4053e-06
2.5587e-06
2.7016e-06
2.8336e-06
2.9541e-06
3.0627e-06
3.159e-06
3.2426e-06
3.3132e-06
3.3707e-06
3.4147e-06
3.4451e-06
3.4619e-06
3.465e-06
3.4544e-06
3.4302e-06
3.3926e-06
3.3416e-06
3.2776e-06
3.2008e-06
3.1115e-06
3.0101e-06
2.8971e-06
2.7729e-06
2.638e-06
2.4931e-06
2.3386e-06
2.1752e-06
2.0036e-06
1.8245e-06
1.6386e-06
1.4466e-06
1.2493e-06
1.0476e-06
8.4213e-07
6.3382e-07
4.2347e-07
2.1192e-07
-1.1896e-19
-2.1145e-07
-4.2159e-07
-6.296e-07
-8.3467e-07
-1.036e-06
-1.2328e-06
-1.4242e-06
-1.6097e-06
-1.7883e-06
-1.9595e-06
-2.1226e-06
-2.277e-06
-2.422e-06
-2.5571e-06
-2.6819e-06
-2.7958e-06
-2.8984e-06
-2.9893e-06
-3.0683e-06
-3.1349e-06
-3.1891e-06
-3.2305e-06
-3.2591e-06
-3.2748e-06
-3.2775e-06
-3.2673e-06
-3.2442e-06
-3.2084e-06
-3.16e-06
-3.0993e-06
-3.0264e-06
-2.9418e-06
-2.8458e-06
-2.7388e-06
-2.6212e-06
-2.4936e-06
-2.3564e-06
-2.2102e-06
-2.0557e-06
-1.8934e-06
-1.724e-06
-1.5482e-06
-1.3668e-06
-1.1803e-06
-9.8963e-07
-7.955e-07
-5.9868e-07
-3.9997e-07
-2.0014e-07
7.8023e-20
1.9967e-07
3.9809e-07
5.9447e-07
7.8804e-07
9.7804e-07
1.1637e-06
1.3444e-06
1.5193e-06
1.6879e-06
1.8493e-06
2.0031e-06
2.1486e-06
2.2853e-06
2.4127e-06
2.5302e-06
2.6375e-06
2.7341e-06
2.8197e-06
2.8939e-06
2.9566e-06
3.0075e-06
3.0463e-06
3.0731e-06
3.0876e-06
3.09e-06
3.0802e-06
3.0582e-06
3.0242e-06
2.9784e-06
2.9209e-06
2.8521e-06
2.7722e-06
2.6815e-06
2.5805e-06
2.4695e-06
2.3491e-06
2.2197e-06
2.0819e-06
1.9362e-06
1.7832e-06
1.6236e-06
1.4579e-06
1.2869e-06
1.1113e-06
9.3169e-07
7.4887e-07
5.6355e-07
3.7647e-07
1.8837e-07
1.2919e-19
-1.879e-07
-3.7459e-07
-5.5933e-07
-7.4141e-07
-9.201e-07
-1.0947e-06
-1.2646e-06
-1.429e-06
-1.5874e-06
-1.7391e-06
-1.8836e-06
-2.0203e-06
-2.1486e-06
-2.2682e-06
-2.3785e-06
-2.4792e-06
-2.5698e-06
-2.65e-06
-2.7196e-06
-2.7783e-06
-2.8258e-06
-2.8621e-06
-2.8871e-06
-2.9005e-06
-2.9025e-06
-2.893e-06
-2.8722e-06
-2.84e-06
-2.7968e-06
-2.7426e-06
-2.6778e-06
-2.6025e-06
-2.5172e-06
-2.4222e-06
-2.3178e-06
-2.2046e-06
-2.083e-06
-1.9535e-06
-1.8167e-06
-1.673e-06
-1.5231e-06
-1.3676e-06
-1.2071e-06
-1.0423e-06
-8.7375e-07
-7.0224e-07
-5.2842e-07
-3.5297e-07
-1.766e-07
-1.5139e-19
1.7613e-07
3.5109e-07
5.242e-07
6.9478e-07
8.6216e-07
1.0257e-06
1.1847e-06
1.3387e-06
1.4869e-06
1.6289e-06
1.7641e-06
1.8919e-06
2.012e-06
2.1237e-06
2.2268e-06
2.3208e-06
2.4055e-06
2.4804e-06
2.5453e-06
2.6e-06
2.6442e-06
2.678e-06
2.701e-06
2.7134e-06
2.715e-06
2.7059e-06
2.6862e-06
2.6559e-06
2.6152e-06
2.5643e-06
2.5034e-06
2.4329e-06
2.3529e-06
2.2639e-06
2.1661e-06
2.0602e-06
1.9463e-06
1.8252e-06
1.6971e-06
1.5628e-06
1.4226e-06
1.2772e-06
1.1273e-06
9.7323e-07
8.158e-07
6.5561e-07
4.9328e-07
3.2947e-07
1.6483e-07
1.6954e-19
-1.6435e-07
-3.2759e-07
-4.8907e-07
-6.4815e-07
-8.0422e-07
-9.5666e-07
-1.1049e-06
-1.2483e-06
-1.3865e-06
-1.5187e-06
-1.6446e-06
-1.7636e-06
-1.8753e-06
-1.9793e-06
-2.0751e-06
-2.1625e-06
-2.2412e-06
-2.3107e-06
-2.3709e-06
-2.4216e-06
-2.4626e-06
-2.4938e-06
-2.515e-06
-2.5263e-06
-2.5275e-06
-2.5188e-06
-2.5001e-06
-2.4717e-06
-2.4336e-06
-2.386e-06
-2.3291e-06
-2.2632e-06
-2.1886e-06
-2.1055e-06
-2.0145e-06
-1.9157e-06
-1.8097e-06
-1.6968e-06
-1.5776e-06
-1.4526e-06
-1.3222e-06
-1.1869e-06
-1.0474e-06
-9.0421e-07
-7.5786e-07
-6.0898e-07
-4.5815e-07
-3.0597e-07
-1.5305e-07
-4.5306e-20
1.5258e-07
3.0409e-07
4.5393e-07
6.0152e-07
7.4628e-07
8.8764e-07
1.0251e-06
1.158e-06
1.286e-06
1.4085e-06
1.525e-06
1.6352e-06
1.7386e-06
1.8348e-06
1.9234e-06
2.0042e-06
2.0768e-06
2.141e-06
2.1966e-06
2.2433e-06
2.281e-06
2.3096e-06
2.329e-06
2.3391e-06
2.34e-06
2.3316e-06
2.3141e-06
2.2875e-06
2.252e-06
2.2076e-06
2.1548e-06
2.0935e-06
2.0243e-06
1.9472e-06
1.8628e-06
1.7712e-06
1.673e-06
1.5685e-06
1.4581e-06
1.3424e-06
1.2217e-06
1.0966e-06
9.6758e-07
8.3518e-07
6.9992e-07
5.6235e-07
4.2301e-07
2.8247e-07
1.4128e-07
1.9372e-19
-1.4081e-07
-2.8059e-07
-4.188e-07
-5.5489e-07
-6.8834e-07
-8.1862e-07
-9.4523e-07
-1.0677e-06
-1.1855e-06
-1.2983e-06
-1.4055e-06
-1.5069e-06
-1.6019e-06
-1.6903e-06
-1.7717e-06
-1.8459e-06
-1.9125e-06
-1.9714e-06
-2.0223e-06
-2.065e-06
-2.0994e-06
-2.1254e-06
-2.143e-06
-2.152e-06
-2.1525e-06
-2.1445e-06
-2.1281e-06
-2.1033e-06
-2.0703e-06
-2.0293e-06
-1.9804e-06
-1.9239e-06
-1.86e-06
-1.7889e-06
-1.7111e-06
-1.6267e-06
-1.5363e-06
-1.4401e-06
-1.3386e-06
-1.2321e-06
-1.1212e-06
-1.0063e-06
-8.8775e-07
-7.6616e-07
-6.4198e-07
-5.1572e-07
-3.8788e-07
-2.5897e-07
-1.2951e-07
-8.2715e-20
1.2903e-07
2.5709e-07
3.8366e-07
5.0826e-07
6.3039e-07
7.4959e-07
8.654e-07
9.7736e-07
1.085e-06
1.1881e-06
1.286e-06
1.3785e-06
1.4652e-06
1.5458e-06
1.6201e-06
1.6876e-06
1.7482e-06
1.8017e-06
1.8479e-06
1.8867e-06
1.9178e-06
1.9412e-06
1.9569e-06
1.9649e-06
1.965e-06
1.9574e-06
1.9421e-06
1.9191e-06
1.8887e-06
1.851e-06
1.8061e-06
1.7542e-06
1.6957e-06
1.6306e-06
1.5594e-06
1.4823e-06
1.3996e-06
1.3118e-06
1.2191e-06
1.1219e-06
1.0208e-06
9.1593e-07
8.0792e-07
6.9714e-07
5.8404e-07
4.6909e-07
3.5275e-07
2.3547e-07
1.1773e-07
9.5355e-20
-1.1726e-07
-2.3359e-07
-3.4853e-07
-4.6163e-07
-5.7245e-07
-6.8057e-07
-7.8556e-07
-8.8703e-07
-9.8458e-07
-1.0779e-06
-1.1665e-06
-1.2502e-06
-1.3285e-06
-1.4014e-06
-1.4684e-06
-1.5293e-06
-1.5839e-06
-1.6321e-06
-1.6736e-06
-1.7083e-06
-1.7362e-06
-1.7571e-06
-1.7709e-06
-1.7777e-06
-1.7775e-06
-1.7702e-06
-1.756e-06
-1.735e-06
-1.7071e-06
-1.6727e-06
-1.6318e-06
-1.5846e-06
-1.5313e-06
-1.4723e-06
-1.4077e-06
-1.3378e-06
-1.2629e-06
-1.1834e-06
-1.0996e-06
-1.0117e-06
-9.2028e-07
-8.2561e-07
-7.2808e-07
-6.2811e-07
-5.261e-07
-4.2246e-07
-3.1761e-07
-2.1197e-07
-1.0596e-07
-1.0395e-19
1.0549e-07
2.1009e-07
3.134e-07
4.15e-07
5.1451e-07
6.1155e-07
7.0573e-07
7.967e-07
8.8411e-07
9.6764e-07
1.047e-06
1.1218e-06
1.1919e-06
1.2569e-06
1.3167e-06
1.371e-06
1.4196e-06
1.4624e-06
1.4993e-06
1.53e-06
1.5546e-06
1.5729e-06
1.5849e-06
1.5906e-06
1.59e-06
1.5831e-06
1.57e-06
1.5508e-06
1.5255e-06
1.4943e-06
1.4574e-06
1.4149e-06
1.367e-06
1.314e-06
1.256e-06
1.1933e-06
1.1263e-06
1.0551e-06
9.8004e-07
9.0152e-07
8.1981e-07
7.3528e-07
6.4825e-07
5.5909e-07
4.6816e-07
3.7583e-07
2.8248e-07
1.8847e-07
9.4186e-08
2.3454e-20
-9.3715e-08
-1.8659e-07
-2.7826e-07
-3.6837e-07
-4.5657e-07
-5.4252e-07
-6.259e-07
-7.0637e-07
-7.8365e-07
-8.5743e-07
-9.2745e-07
-9.9345e-07
-1.0552e-06
-1.1124e-06
-1.165e-06
-1.2127e-06
-1.2553e-06
-1.2928e-06
-1.3249e-06
-1.3517e-06
-1.373e-06
-1.3887e-06
-1.3989e-06
-1.4035e-06
-1.4025e-06
-1.396e-06
-1.384e-06
-1.3666e-06
-1.3439e-06
-1.316e-06
-1.2831e-06
-1.2453e-06
-1.2027e-06
-1.1557e-06
-1.1043e-06
-1.0489e-06
-9.8957e-07
-9.2671e-07
-8.6052e-07
-7.9131e-07
-7.1935e-07
-6.4495e-07
-5.6842e-07
-4.9007e-07
-4.1022e-07
-3.292e-07
-2.4734e-07
-1.6497e-07
-8.2413e-08
-1.0902e-19
8.1942e-08
1.6309e-07
2.4313e-07
3.2174e-07
3.9863e-07
4.735e-07
5.4606e-07
6.1604e-07
6.8318e-07
7.4722e-07
8.0793e-07
8.651e-07
9.185e-07
9.6796e-07
1.0133e-06
1.0544e-06
1.091e-06
1.1231e-06
1.1506e-06
1.1734e-06
1.1914e-06
1.2045e-06
1.2129e-06
1.2163e-06
1.215e-06
1.2089e-06
1.198e-06
1.1824e-06
1.1623e-06
1.1377e-06
1.1088e-06
1.0756e-06
1.0384e-06
9.9736e-07
9.5262e-07
9.0439e-07
8.5289e-07
7.9835e-07
7.4101e-07
6.811e-07
6.1888e-07
5.5462e-07
4.8858e-07
4.2104e-07
3.5228e-07
2.8257e-07
2.1221e-07
1.4147e-07
7.0639e-08
4.1752e-20
-7.0168e-08
-1.3959e-07
-2.0799e-07
-2.7511e-07
-3.4069e-07
-4.0448e-07
-4.6623e-07
-5.2571e-07
-5.8271e-07
-6.3701e-07
-6.8842e-07
-7.3674e-07
-7.8182e-07
-8.2349e-07
-8.616e-07
-8.9604e-07
-9.2669e-07
-9.5346e-07
-9.7627e-07
-9.9504e-07
-1.0097e-06
-1.0204e-06
-1.0268e-06
-1.0292e-06
-1.0275e-06
-1.0217e-06
-1.012e-06
-9.9825e-07
-9.8069e-07
-9.5938e-07
-9.3443e-07
-9.0596e-07
-8.7412e-07
-8.3905e-07
-8.0093e-07
-7.5992e-07
-7.1621e-07
-6.7e-07
-6.2149e-07
-5.7089e-07
-5.1841e-07
-4.6429e-07
-4.0875e-07
-3.5202e-07
-2.9434e-07
-2.3594e-07
-1.7708e-07
-1.1797e-07
-5.8866e-08
-4.4836e-20
5.8395e-08
1.1609e-07
1.7286e-07
2.2848e-07
2.8275e-07
3.3545e-07
3.8639e-07
4.3538e-07
4.8224e-07
5.268e-07
5.689e-07
6.0839e-07
6.4514e-07
6.7901e-07
7.0991e-07
7.3773e-07
7.6239e-07
7.8381e-07
8.0193e-07
8.1672e-07
8.2814e-07
8.3617e-07
8.4082e-07
8.4209e-07
8.4e-07
8.346e-07
8.2594e-07
8.1407e-07
7.9908e-07
7.8106e-07
7.6009e-07
7.363e-07
7.0981e-07
6.8074e-07
6.4924e-07
6.1545e-07
5.7953e-07
5.4165e-07
5.0197e-07
4.6068e-07
4.1794e-07
3.7396e-07
3.2891e-07
2.83e-07
2.364e-07
1.8932e-07
1.4194e-07
9.447e-08
4.7093e-08
4.3878e-20
-4.6622e-08
-9.259e-08
-1.3773e-07
-1.8185e-07
-2.2481e-07
-2.6643e-07
-3.0656e-07
-3.4506e-07
-3.8178e-07
-4.1659e-07
-4.4938e-07
-4.8004e-07
-5.0846e-07
-5.3454e-07
-5.5822e-07
-5.7942e-07
-5.9808e-07
-6.1415e-07
-6.276e-07
-6.384e-07
-6.4653e-07
-6.5199e-07
-6.548e-07
-6.5496e-07
-6.525e-07
-6.4747e-07
-6.3991e-07
-6.2989e-07
-6.1747e-07
-6.0273e-07
-5.8576e-07
-5.6665e-07
-5.455e-07
-5.2243e-07
-4.9755e-07
-4.7098e-07
-4.4285e-07
-4.133e-07
-3.8245e-07
-3.5047e-07
-3.1748e-07
-2.8363e-07
-2.4908e-07
-2.1397e-07
-1.7846e-07
-1.4269e-07
-1.0681e-07
-7.097e-08
-3.532e-08
-7.1157e-21
3.4849e-08
6.909e-08
1.0259e-07
1.3523e-07
1.6687e-07
1.9741e-07
2.2673e-07
2.5473e-07
2.8131e-07
3.0638e-07
3.2987e-07
3.5169e-07
3.7177e-07
3.9007e-07
4.0653e-07
4.2111e-07
4.3377e-07
4.445e-07
4.5327e-07
4.6007e-07
4.6492e-07
4.6781e-07
4.6877e-07
4.6783e-07
4.65e-07
4.6034e-07
4.5389e-07
4.4571e-07
4.3586e-07
4.2441e-07
4.1143e-07
3.9699e-07
3.8119e-07
3.6412e-07
3.4585e-07
3.265e-07
3.0617e-07
2.8494e-07
2.6294e-07
2.4026e-07
2.1701e-07
1.933e-07
1.6925e-07
1.4495e-07
1.2052e-07
9.6056e-08
7.1673e-08
4.747e-08
2.3546e-08
2.9833e-20
-2.3076e-08
-4.559e-08
-6.7457e-08
-8.8596e-08
-1.0893e-07
-1.2838e-07
-1.4689e-07
-1.644e-07
-1.8084e-07
-1.9617e-07
-2.1035e-07
-2.2333e-07
-2.3509e-07
-2.456e-07
-2.5484e-07
-2.628e-07
-2.6946e-07
-2.7484e-07
-2.7893e-07
-2.8175e-07
-2.8331e-07
-2.8364e-07
-2.8275e-07
-2.807e-07
-2.775e-07
-2.7321e-07
-2.6787e-07
-2.6153e-07
-2.5425e-07
-2.4609e-07
-2.3709e-07
-2.2734e-07
-2.1689e-07
-2.058e-07
-1.9416e-07
-1.8203e-07
-1.6949e-07
-1.5659e-07
-1.4342e-07
-1.3005e-07
-1.1654e-07
-1.0297e-07
-8.9414e-08
-7.5926e-08
-6.2576e-08
-4.9427e-08
-3.6539e-08
-2.397e-08
-1.1773e-08
-6.3019e-21
1.1302e-08
2.209e-08
3.2323e-08
4.1966e-08
5.0988e-08
5.936e-08
6.706e-08
7.407e-08
8.0374e-08
8.5964e-08
9.0833e-08
9.4981e-08
9.8411e-08
1.0113e-07
1.0315e-07
1.0449e-07
1.0516e-07
1.0519e-07
1.046e-07
1.0343e-07
1.017e-07
9.9457e-08
9.6731e-08
9.3565e-08
9e-08
8.608e-08
8.1849e-08
7.7355e-08
7.2644e-08
6.7763e-08
6.276e-08
5.7683e-08
5.2578e-08
4.7493e-08
4.2473e-08
3.7563e-08
3.2804e-08
2.8238e-08
2.3903e-08
1.9838e-08
1.6075e-08
1.2646e-08
9.58e-09
6.9023e-09
4.6353e-09
2.7978e-09
1.4054e-09
4.7e-10
0
0
-0
-0
-0
-0
-0
-0
-0
-0
-0
-0
-0
-0
-0
-0
-0
-0
-0
-0
-0
-0
-0
-0
-0
-0
-0
-0
-0
-0
-0
-0
-0
-0
-0
-0
-0
-0
-0
-0
-0
-0
-0
-0
-0
-0
-0
-0
-0
-0
-0
-0
0
0
0
0
0
0
0
0
0
0
0
0
0
0
0
0
0
0
0
0
0
0
0
0
0
0
0
0
0
0
0
0
0
0
0
0
0
0
0
0
0
0
0
0
0
0
0
0
0
0
-0
-0
-0
-0
-0
-0
-0
-0
-0
-0
-0
-0
-0
-0
-0
-0
-0
-0
-0
-0
-0
-0
-0
-0
-0
-0
-0
-0
-0
-0
-0
-0
-0
-0
-0
-0
-0
-0
-0
-0
-0
-0
-0
-0
-0
-0
-0
-0
-0
-0
0
0
0
0
0
0
0
0
0
0
0
0
0
0
0
0
0
0
0
0
0
0
0
0
0
0
0
0
0
0
0
0
0
0
0
0
0
0
0
0
0
0
0
0
0
0
0
0
0
0
-0
-0
-0
-0
-0
-0
-0
-0
-0
-0
-0
-0
-0
-0
-0
-0
-0
-0
-0
-0
-0
-0
-0
-0
-0
-0
-0
-0
-0
-0
-0
-0
-0
-0
-0
-0
-0
-0
-0
-0
-0
-0
-0
-0
-0
-0
-0
-0
-0
-0
0
0
0
0
0
0
0
0
0
0
0
0
0
0
0
0
0
0
0
0
0
0
0
0
0
0
0
0
0
0
0
0
0
0
0
0
0
0
0
0
0
0
0
0
0
0
0
0
0
0
-0
-0
-0
-0
-0
-0
-0
-0
-0
-0
-0
-0
-0
-0
-0
-0
-0
-0
-0
-0
-0
-0
-0
-0
-0
-0
-0
-0
-0
-0
-0
-0
-0
-0
-0
-0
-0
-0
-0
-0
-0
-0
-0
-0
-0
-0
-0
-0
-0
-0
0
0
0
0
0
0
0
0
0
0
0
0
0
0
0
0
0
0
0
0
0
0
0
0
0
0
0
0
0
0
0
0
0
0
0
0
0
0
0
0
0
0
0
0
0
0
0
0
0
0
-0
-0
-0
-0
-0
-0
-0
-0
-0
-0
-0
-0
-0
-0
-0
-0
-0
-0
-0
-0
-0
-0
-0
-0
-0
-0
-0
-0
-0
-0
-0
-0
-0
-0
-0
-0
-0
-0
-0
-0
-0
-0
-0
-0
-0
-0
-0
-0
-0
-0
0
0
0
0
0
0
0
0
0
0
0
0
0
0
0
0
0
0
0
0
0
0
0
0
0
0
0
0
0
0
0
0
0
0
0
0
0
0
0
0
0
0
0
0
0
0
0
0
0
0
-0
-0
-0
-0
-0
-0
-0
-0
-0
-0
-0
-0
-0
-0
-0
-0
-0
-0
-0
-0
-0
-0
-0
-0
-0
-0
-0
-0
-0
-0
-0
-0
-0
-0
-0
-0
-0
-0
-0
-0
-0
-0
-0
-0
-0
-0
-0
-0
-0
-0
0
0
0
0
0
0
0
0
0
0
0
0
0
0
0
0
0
0
0
0
0
0
0
0
0
0
0
0
0
0
0
0
0
0
0
0
0
0
0
0
0
0
0
0
0
0
0
0
0
0
-0
-0
-0
-0
-0
-0
-0
-0
-0
-0
-0
-0
-0
-0
-0
-0
-0
-0
-0
-0
-0
-0
-0
-0
-0
-0
-0
-0
-0
-0
-0
-0
-0
-0
-0
-0
-0
-0
-0
-0
-0
-0
-0
-0
-0
-0
-0
-0
-0
-0
0
0
0
0
0
0
0
0
0
0
0
0
0
0
0
0
0
0
0
0
0
0
0
0
0
0
0
0
0
0
0
0
0
0
0
0
0
0
0
0
0
0
0
0
0
0
0
0
0
0
-0
-0
-0
-0
-0
-0
-0
-0
-0
-0
-0
-0
-0
-0
-0
-0
-0
-0
-0
-0
-0
-0
-0
-0
-0
-0
-0
-0
-0
-0
-0
-0
-0
-0
-0
-0
-0
-0
-0
-0
-0
-0
-0
-0
-0
-0
-0
-0
-0
-0
0
0
0
0
0
0
0
0
0
0
0
0
0
0
0
0
0
0
0
0
0
0
0
0
0
0
0
0
0
0
0
0
0
0
0
0
0
0
0
0
0
0
0
0
0
0
0
0
0
0
-0
-0
-0
-0
-0
-0
-0
-0
-0
-0
-0
-0
-0
-0
-0
-0
-0
-0
-0
-0
-0
-0
-0
-0
-0
-0
-0
-0
-0
-0
-0
-0
-0
-0
-0
-0
-0
-0
-0
-0
-0
-0
-0
-0
-0
-0
-0
-0
-0
-0
0
0
0
0
0
0
0
0
0
0
0
0
0
0
0
0
0
0
0
0
0
0
0
0
0
0
0
0
0
0
0
0
0
0
0
0
0
0
0
0
0
0
0
0
0
0
0
0
0
0
-0
-0
-0
-0
-0
-0
-0
-0
-0
-0
-0
-0
-0
-0
-0
-0
-0
-0
-0
-0
-0
-0
-0
-0
-0
-0
-0
-0
-0
-0
-0
-0
-0
-0
-0
-0
-0
-0
-0
-0
-0
-0
-0
-0
-0
-0
-0
-0
-0
-0
0
0
0
0
0
0
0
0
0
0
0
0
0
0
0
0
0
0
0
0
0
0
0
0
0
0
0
0
0
0
0
0
0
0
0
0
0
0
0
0
0
0
0
0
0
0
0
0
0
0
-0
-0
-0
-0
-0
-0
-0
-0
-0
-0
-0
-0
-0
-0
-0
-0
-0
-0
-0
-0
-0
-0
-0
-0
-0
-0
-0
-0
-0
-0
-0
-0
-0
-0
-0
-0
-0
-0
-0
-0
-0
-0
-0
-0
-0
-0
-0
-0
-0
-0
0
0
0
0
0
0
0
0
0
0
0
0
0
0
0
0
0
0
0
0
0
0
0
0
0
0
0
0
0
0
0
0
0
0
0
0
0
0
0
0
0
0
0
0
0
0
0
0
0
-0
-0
-0
-0
-0
-0
-0
-0
-0
-0
-0
-0
-0
-0
-0
-0
-0
-0
-0
-0
-0
-0
-0
-0
-0
-0
-0
-0
-0
-0
-0
-0
-0
-0
-0
-0
-0
-0
-0
-0
-0
-0
-0
-0
-0
-0
-0
-0
-0
-0
-0
0
0
0
0
0
0
0
0
0
0
0
0
0
0
0
0
0
0
0
0
0
0
0
0
0
0
0
0
0
0
0
0
0
0
0
0
0
0
0
0
0
0
0
0
0
0
0
0
0
0
-0
-0
-0
-0
-0
-0
-0
-0
-0
-0
-0
-0
-0
-0
-0
-0
-0
-0
-0
-0
-0
-0
-0
-0
-0
-0
-0
-0
-0
-0
-0
-0
-0
-0
-0
-0
-0
-0
-0
-0
-0
-0
-0
-0
-0
-0
-0
-0
-0
0
0
0
0
0
0
0
0
0
0
0
0
0
0
0
0
0
0
0
0
0
0
0
0
0
0
0
0
0
0
0
0
0
0
0
0
0
0
0
0
0
0
0
0
0
0
0
0
0
0
0
-0
-0
-0
-0
-0
-0
-0
-0
-0
-0
-0
-0
-0
-0
-0
-0
-0
-0
-0
-0
-0
-0
-0
-0
-0
-0
-0
-0
-0
-0
-0
-0
-0
-0
-0
-0
-0
-0
-0
-0
-0
-0
-0
-0
-0
-0
-0
-0
-0
-0
0
0
0
0
0
0
0
0
0
0
0
0
0
0
0
0
0
0
0
0
0
0
0
0
0
0
0
0
0
0
0
0
0
0
0
0
0
0
0
0
0
0
0
0
0
0
0
0
0
0
-0
-0
-0
-0
-0
-0
-0
-0
-0
-0
-0
-0
-0
-0
-0
-0
-0
-0
-0
-0
-0
-0
-0
-0
-0
-0
-0
-0
-0
-0
-0
-0
-0
-0
-0
-0
-0
-0
-0
-0
-0
-0
-0
-0
-0
-0
-0
-0
-0
-0
0
0
0
0
0
0
0
0
0
0
0
0
0
0
0
0
0
0
0
0
0
0
0
0
0
0
0
0
0
0
0
0
0
0
0
0
0
0
0
0
0
0
0
0
0
0
0
0
0
-0
-0
-0
-0
-0
-0
-0
-0
-0
-0
-0
-0
-0
-0
-0
-0
-0
-0
-0
-0
-0
-0
-0
-0
-0
-0
-0
-0
-0
-0
-0
-0
-0
-0
-0
-0
-0
-0
-0
-0
-0
-0
-0
-0
-0
-0
-0
-0
-0
-0
-0
0
0
0
0
0
0
0
0
0
0
0
0
0
0
0
0
0
0
0
0
0
0
0
0
0
0
0
0
0
0
0
0
0
0
0
0
0
0
0
0
0
0
0
0
0
0
0
0
0
-0
-0
-0
-0
-0
-0
-0
-0
-0
-0
-0
-0
-0
-0
-0
-0
-0
-0
-0
-0
-0
-0
-0
-0
-0
-0
-0
-0
-0
-0
-0
-0
-0
-0
-0
-0
-0
-0
-0
-0
-0
-0
-0
-0
-0
-0
-0
-0
-0
-0
-0
0
0
0
0
0
0
0
0
0
0
0
0
0
0
0
0
0
0
0
0
0
0
0
0
0
0
0
0
0
0
0
0
0
0
0
0
0
0
0
0
0
0
0
0
0
0
0
0
0
0
-0
-0
-0
-0
-0
-0
-0
-0
-0
-0
-0
-0
-0
-0
-0
-0
-0
-0
-0
-0
-0
-0
-0
-0
-0
-0
-0
-0
-0
-0
-0
-0
-0
-0
-0
-0
-0
-0
-0
-0
-0
-0
-0
-0
-0
-0
-0
-0
-0
-0
0
0
0
0
0
0
0
0
0
0
0
0
0
0
0
0
0
0
0
0
0
0
0
0
0
0
0
0
0
0
0
0
0
0
0
0
0
0
0
0
0
0
0
0
0
0
0
0
0
0
-0
-0
-0
-0
-0
-0
-0
-0
-0
-0
-0
-0
-0
-0
-0
-0
-0
-0
-0
-0
-0
-0
-0
-0
-0
-0
-0
-0
-0
-0
-0
-0
-0
-0
-0
-0
-0
-0
-0
-0
-0
-0
-0
-0
-0
-0
-0
-0
-0
-0
0
0
0
0
0
0
0
0
0
0
0
0
0
0
0
0
0
0
0
0
0
0
0
0
0
0
0
0
0
0
0
0
0
0
0
0
0
0
0
0
0
0
0
0
0
0
0
0
0
0
-0
-0
-0
-0
-0
-0
-0
-0
-0
-0
-0
-0
-0
-0
-0
-0
-0
-0
-0
-0
-0
-0
-0
-0
-0
-0
-0
-0
-0
-0
-0
-0
-0
-0
-0
-0
-0
-0
-0
-0
-0
-0
-0
-0
-0
-0
-0
-0
-0
-0
0
0
0
0
0
0
0
0
0
0
0
0
0
0
0
0
0
0
0
0
0
0
0
0
0
0
0
0
0
0
0
0
0
0
0
0
0
0
0
0
0
0
0
0
0
0
0
0
0
-0
-0
-0
-0
-0
-0
-0
-0
-0
-0
-0
-0
-0
-0
-0
-0
-0
-0
-0
-0
-0
-0
-0
-0
-0
-0
-0
-0
-0
-0
-0
-0
-0
-0
-0
-0
-0
-0
-0
-0
-0
-0
-0
-0
-0
-0
-0
-0
-0
-0
-0
0
0
0
0
0
0
0
0
0
0
0
0
0
0
0
0
0
0
0
0
0
0
0
0
0
0
0
0
0
0
0
0
0
0
0
0
0
0
0
0
0
0
0
0
0
0
0
0
0
-0
-0
-0
-0
-0
-0
-0
-0
-0
-0
-0
-0
-0
-0
-0
-0
-0
-0
-0
-0
-0
-0
-0
-0
-0
-0
-0
-0
-0
-0
-0
-0
-0
-0
-0
-0
-0
-0
-0
-0
-0
-0
-0
-0
-0
-0
-0
-0
-0
-0
-0
0
0
0
0
0
0
0
0
0
0
0
0
0
0
0
0
0
0
0
0
0
0
0
0
0
0
0
0
0
0
0
0
0
0
0
0
0
0
0
0
0
0
0
0
0
0
0
0
0
0
-0
-0
-0
-0
-0
-0
-0
-0
-0
-0
-0
-0
-0
-0
-0
-0
-0
-0
-0
-0
-0
-0
-0
-0
-0
-0
-0
-0
-0
-0
-0
-0
-0
-0
-0
-0
-0
-0
-0
-0
-0
-0
-0
-0
-0
-0
-0
-0
-0
-0
0
0
0
0
0
0
0
0
0
0
0
0
0
0
0
0
0
0
0
0
0
0
0
0
0
0
0
0
0
0
0
0
0
0
0
0
0
0
0
0
0
0
0
0
0
0
0
0
0
0
-0
-0
-0
-0
-0
-0
-0
-0
-0
-0
-0
-0
-0
-0
-0
-0
-0
-0
-0
-0
-0
-0
-0
-0
-0
-0
-0
-0
-0
-0
-0
-0
-0
-0
-0
-0
-0
-0
-0
-0
-0
-0
-0
-0
-0
-0
-0
-0
-0
-0
0
0
0
0
0
0
0
0
0
0
0
0
0
0
0
0
0
0
0
0
0
0
0
0
0
0
0
0
0
0
0
0
0
0
0
0
0
0
0
0
0
0
0
0
0
0
0
0
0
0
-0
-0
-0
-0
-0
-0
-0
-0
-0
-0
-0
-0
-0
-0
-0
-0
-0
-0
-0
-0
-0
-0
-0
-0
-0
-0
-0
-0
-0
-0
-0
-0
-0
-0
-0
-0
-0
-0
-0
-0
-0
-0
-0
-0
-0
-0
-0
-0
-0
-0
0
0
0
0
0
0
0
0
0
0
0
0
0
0
0
0
0
0
0
0
0
0
0
0
0
0
0
0
0
0
0
0
0
0
0
0
0
0
0
0
0
0
0
0
0
0
0
0
0
-0
-0
-0
-0
-0
-0
-0
-0
-0
-0
-0
-0
-0
-0
-0
-0
-0
-0
-0
-0
-0
-0
-0
-0
-0
-0
-0
-0
-0
-0
-0
-0
-0
-0
-0
-0
-0
-0
-0
-0
-0
-0
-0
-0
-0
-0
-0
-0
-0
-0
-0
0
0
0
0
0
0
0
0
0
0
0
0
0
0
0
0
0
0
0
0
0
0
0
0
0
0
0
0
0
0
0
0
0
0
0
0
0
0
0
0
0
0
0
0
0
0
0
0
0
-0
-0
-0
-0
-0
-0
-0
-0
-0
-0
-0
-0
-0
-0
-0
-0
-0
-0
-0
-0
-0
-0
-0
-0
-0
-0
-0
-0
-0
-0
-0
-0
-0
-0
-0
-0
-0
-0
-0
-0
-0
-0
-0
-0
-0
-0
-0
-0
-0
-0
-0
0
0
0
0
0
0
0
0
0
0
0
0
0
0
0
0
0
0
0
0
0
0
0
0
0
0
0
0
0
0
0
0
0
0
0
0
0
0
0
0
0
0
0
0
0
0
0
0
0
0
-0
-0
-0
-0
-0
-0
-0
-0
-0
-0
-0
-0
-0
-0
-0
-0
-0
-0
-0
-0
-0
-0
-0
-0
-0
-0
-0
-0
-0
-0
-0
-0
-0
-0
-0
-0
-0
-0
-0
-0
-0
-0
-0
-0
-0
-0
-0
-0
-0
-0
0
0
0
0
0
0
0
0
0
0
0
0
0
0
0
0
0
0
0
0
0
0
0
0
0
0
0
0
0
0
0
0
0
0
0
0
0
0
0
0
0
0
0
0
0
0
0
0
0
0
-0
-0
-0
-0
-0
-0
-0
-0
-0
-0
-0
-0
-0
-0
-0
-0
-0
-0
-0
-0
-0
-0
-0
-0
-0
-0
-0
-0
-0
-0
-0
-0
-0
-0
-0
-0
-0
-0
-0
-0
-0
-0
-0
-0
-0
-0
-0
-0
-0
-0
0
0
0
0
0
0
0
0
0
0
0
0
0
0
0
0
0
0
0
0
0
0
0
0
0
0
0
0
0
0
0
0
0
0
0
0
0
0
0
0
0
0
0
0
0
0
0
0
0
0
-0
-0
-0
-0
-0
-0
-0
-0
-0
-0
-0
-0
-0
-0
-0
-0
-0
-0
-0
-0
-0
-0
-0
-0
-0
-0
-0
-0
-0
-0
-0
-0
-0
-0
-0
-0
-0
-0
-0
-0
-0
-0
-0
-0
-0
-0
-0
-0
-0
-0
0
0
0
0
0
0
0
0
0
0
0
0
0
0
0
0
0
0
0
0
0
0
0
0
0
0
0
0
0
0
0
0
0
0
0
0
0
0
0
0
0
0
0
0
0
0
0
0
0
-0
-0
-0
-0
-0
-0
-0
-0
-0
-0
-0
-0
-0
-0
-0
-0
-0
-0
-0
-0
-0
-0
-0
-0
-0
-0
-0
-0
-0
-0
-0
-0
-0
-0
-0
-0
-0
-0
-0
-0
-0
-0
-0
-0
-0
-0
-0
-0
-0
-0
-0
0
0
0
0
0
0
0
0
0
0
0
0
0
0
0
0
0
0
0
0
0
0
0
0
0
0
0
0
0
0
0
0
0
0
0
0
0
0
0
0
0
0
0
0
0
0
0
0
0
-0
-0
-0
-0
-0
-0
-0
-0
-0
-0
-0
-0
-0
-0
-0
-0
-0
-0
-0
-0
-0
-0
-0
-0
-0
-0
-0
-0
-0
-0
-0
-0
-0
-0
-0
-0
-0
-0
-0
-0
-0
-0
-0
-0
-0
-0
-0
-0
-0
-0
-0
0
0
0
0
0
0
0
0
0
0
0
0
0
0
0
0
0
0
0
0
0
0
0
0
0
0
0
0
0
0
0
0
0
0
0
0
0
0
0
0
0
0
0
0
0
0
0
0
0
-0
