-0
-0
-0
-0
-0
-0
-0
-0
-0
-0
-0
-0
-0
-0
-0
-0
-0
-0
-0
-0
-0
-0
-0
-0
-0
-0
-0
-0
-0
-0
-0
-0
-0
-0
-0
-0
-0
-0
-0
-0
-0
-0
-0
-0
-0
-0
-0
-0
-0
-0
-0
0
0
0
0
0
0
0
0
0
0
0
0
0
0
0
0
0
0
0
0
0
0
0
0
0
0
0
0
0
0
0
0
0
0
0
0
0
0
0
0
0
0
0
0
0
0
0
0
0
0
-0
-0
-0
-0
-0
-0
-0
-0
-0
-0
-0
-0
-0
-0
-0
-0
-0
-0
-0
-0
-0
-0
-0
-0
-0
-0
-0
-0
-0
-0
-0
-0
-0
-0
-0
-0
-0
-0
-0
-0
-0
-0
-0
-0
-0
-0
-0
-0
-0
-0
0
0
0
0
0
0
0
0
0
0
0
0
0
0
0
0
0
0
0
0
0
0
0
0
0
0
0
0
0
0
0
0
0
0
0
0
0
0
0
0
0
0
0
0
0
0
0
0
0
0
-0
-0
-0
-0
-0
-0
-0
-0
-0
-0
-0
-0
-0
-0
-0
-0
-0
-0
-0
-0
-0
-0
-0
-0
-0
-0
-0
-0
-0
-0
-0
-0
-0
-0
-0
-0
-0
-0
-0
-0
-0
-0
-0
-0
-0
-0
-0
-0
-0
-0
0
0
0
0
0
0
0
0
0
0
0
0
0
0
0
0
0
0
0
0
0
0
0
0
0
0
0
0
0
0
0
0
0
0
0
0
0
0
0
0
0
0
0
0
0
0
0
0
0
0
-0
-0
-0
-0
-0
-0
-0
-0
-0
-0
-0
-0
-0
-0
-0
-0
-0
-0
-0
-0
-0
-0
-0
-0
-0
-0
-0
-0
-0
-0
-0
-0
-0
-0
-0
-0
-0
-0
-0
-0
-0
-0
-0
-0
-0
-0
-0
-0
-0
0
0
0
0
0
0
0
0
0
0
0
0
0
0
0
0
0
0
0
0
0
0
0
0
0
0
0
0
0
0
0
0
0
0
0
0
0
0
0
0
0
0
0
0
0
0
0
0
0
0
0
-0
-0
-0
-0
-0
-0
-0
-0
-0
-0
-0
-0
-0
-0
-0
-0
-0
-0
-0
-0
-0
-0
-0
-0
-0
-0
-0
-0
-0
-0
-0
-0
-0
-0
-0
-0
-0
-0
-0
-0
-0
-0
-0
-0
-0
-0
-0
-0
-0
-0
0
0
0
0
0
0
0
0
0
0
0
0
0
0
0
0
0
0
0
0
0
0
0
0
0
0
0
0
0
0
0
0
0
0
0
0
0
0
0
0
0
0
0
0
0
0
0
0
0
0
-0
-0
-0
-0
-0
-0
-0
-0
-0
-0
-0
-0
-0
-0
-0
-0
-0
-0
-0
-0
-0
-0
-0
-0
-0
-0
-0
-0
-0
-0
-0
-0
-0
-0
-0
-0
-0
-0
-0
-0
-0
-0
-0
-0
-0
-0
-0
-0
-0
0
0
0
0
0
0
0
0
0
0
0
0
0
0
0
0
0
0
0
0
0
0
0
0
0
0
0
0
0
0
0
0
0
0
0
0
0
0
0
0
0
0
0
0
0
0
0
0
0
0
0
-0
-0
-0
-0
-0
-0
-0
-0
-0
-0
-0
-0
-0
-0
-0
-0
-0
-0
-0
-0
-0
-0
-0
-0
-0
-0
-0
-0
-0
-0
-0
-0
-0
-0
-0
-0
-0
-0
-0
-0
-0
-0
-0
-0
-0
-0
-0
-0
-0
0
0
0
0
0
0
0
0
0
0
0
0
0
0
0
0
0
0
0
0
0
0
0
0
0
0
0
0
0
0
0
0
0
0
0
0
0
0
0
0
0
0
0
0
0
0
0
0
0
0
-0
-0
-0
-0
-0
-0
-0
-0
-0
-0
-0
-0
-0
-0
-0
-0
-0
-0
-0
-0
-0
-0
-0
-0
-0
-0
-0
-0
-0
-0
-0
-0
-0
-0
-0
-0
-0
-0
-0
-0
-0
-0
-0
-0
-0
-0
-0
-0
-0
-0
-0
0
0
0
0
0
0
0
0
0
0
0
0
0
0
0
0
0
0
0
0
0
0
0
0
0
0
0
0
0
0
0
0
0
0
0
0
0
0
0
0
0
0
0
0
0
0
0
0
0
0
-0
-0
-0
-0
-0
-0
-0
-0
-0
-0
-0
-0
-0
-0
-0
-0
-0
-0
-0
-0
-0
-0
-0
-0
-0
-0
-0
-0
-0
-0
-0
-0
-0
-0
-0
-0
-0
-0
-0
-0
-0
-0
-0
-0
-0
-0
-0
-0
-0
-0
0
0
0
0
0
0
0
0
0
0
0
0
0
0
0
0
0
0
0
0
0
0
0
0
0
0
0
0
0
0
0
0
0
0
0
0
0
0
0
0
0
0
0
0
0
0
0
0
0
0
-0
-0
-0
-0
-0
-0
-0
-0
-0
-0
-0
-0
-0
-0
-0
-0
-0
-0
-0
-0
-0
-0
-0
-0
-0
-0
-0
-0
-0
-0
-0
-0
-0
-0
-0
-0
-0
-0
-0
-0
-0
-0
-0
-0
-0
-0
-0
-0
-0
0
0
0
0
0
0
0
0
0
0
0
0
0
0
0
0
0
0
0
0
0
0
0
0
0
0
0
0
0
0
0
0
0
0
0
0
0
0
0
0
0
0
0
0
0
0
0
0
0
0
0
-0
-0
-0
-0
-0
-0
-0
-0
-0
-0
-0
-0
-0
-0
-0
-0
-0
-0
-0
-0
-0
-0
-0
-0
-0
-0
-0
-0
-0
-0
-0
-0
-0
-0
-0
-0
-0
-0
-0
-0
-0
-0
-0
-0
-0
-0
-0
-0
-0
0
0
0
0
0
0
0
0
0
0
0
0
0
0
0
0
0
0
0
0
0
0
0
0
0
0
0
0
0
0
0
0
0
0
0
0
0
0
0
0
0
0
0
0
0
0
0
0
0
0
-0
-0
-0
-0
-0
-0
-0
-0
-0
-0
-0
-0
-0
-0
-0
-0
-0
-0
-0
-0
-0
-0
-0
-0
-0
-0
-0
-0
-0
-0
-0
-0
-0
-0
-0
-0
-0
-0
-0
-0
-0
-0
-0
-0
-0
-0
-0
-0
-0
-0
0
0
0
0
0
0
0
0
0
0
0
0
0
0
0
0
0
0
0
0
0
0
0
0
0
0
0
0
0
0
0
0
0
0
0
0
0
0
0
0
0
0
0
0
0
0
0
0
0
0
0
-0
-0
-0
-0
-0
-0
-0
-0
-0
-0
-0
-0
-0
-0
-0
-0
-0
-0
-0
-0
-0
-0
-0
-0
-0
-0
-0
-0
-0
-0
-0
-0
-0
-0
-0
-0
-0
-0
-0
-0
-0
-0
-0
-0
-0
-0
-0
-0
-0
0
0
0
0
0
0
0
0
0
0
0
0
0
0
0
0
0
0
0
0
0
0
0
0
0
0
0
0
0
0
0
0
0
0
0
0
0
0
0
0
0
0
0
0
0
0
0
0
0
0
-0
-0
-0
-0
-0
-0
-0
-0
-0
-0
-0
-0
-0
-0
-0
-0
-0
-0
-0
-0
-0
-0
-0
-0
-0
-0
-0
-0
-0
-0
-0
-0
-0
-0
-0
-0
-0
-0
-0
-0
-0
-0
-0
-0
-0
-0
-0
-0
-0
-0
0
0
0
0
0
0
0
0
0
0
0
0
0
0
0
0
0
0
0
0
0
0
0
0
0
0
0
0
0
0
0
0
0
0
0
0
0
0
0
0
0
0
0
0
0
0
0
0
0
0
-0
-0
-0
-0
-0
-0
-0
-0
-0
-0
-0
-0
-0
-0
-0
-0
-0
-0
-0
-0
-0
-0
-0
-0
-0
-0
-0
-0
-0
-0
-0
-0
-0
-0
-0
-0
-0
-0
-0
-0
-0
-0
-0
-0
-0
-0
-0
-0
-0
-0
0
0
0
0
0
0
0
0
0
0
0
0
0
0
0
0
0
0
0
0
0
0
0
0
0
0
0
0
0
0
0
0
0
0
0
0
0
0
0
0
0
0
0
0
0
0
0
0
0
0
0
-0
-0
-0
-0
-0
-0
-0
-0
-0
-0
-0
-0
-0
-0
-0
-0
-0
-0
-0
-0
-0
-0
-0
-0
-0
-0
-0
-0
-0
-0
-0
-0
-0
-0
-0
-0
-0
-0
-0
-0
-0
-0
-0
-0
-0
-0
-0
-0
-0
-0
0
0
0
0
0
0
0
0
0
0
0
0
0
0
0
0
0
0
0
0
0
0
0
0
0
0
0
0
0
0
0
0
0
0
0
0
0
0
0
0
0
0
0
0
0
0
0
0
0
0
-0
-0
-0
-0
-0
-0
-0
-0
-0
-0
-0
-0
-0
-0
-0
-0
-0
-0
-0
-0
-0
-0
-0
-0
-0
-0
-0
-0
-0
-0
-0
-0
-0
-0
-0
-0
-0
-0
-0
-0
-0
-0
-0
-0
-0
-0
-0
-0
-0
-0
0
0
0
0
0
0
0
0
0
0
0
0
0
0
0
0
0
0
0
0
0
0
0
0
0
0
0
0
0
0
0
0
0
0
0
0
0
0
0
0
0
0
0
0
0
0
0
0
0
0
-0
-0
-0
-0
-0
-0
-0
-0
-0
-0
-0
-0
-0
-0
-0
-0
-0
-0
-0
-0
-0
-0
-0
-0
-0
-0
-0
-0
-0
-0
-0
-0
-0
-0
-0
-0
-0
-0
-0
-0
-0
-0
-0
-0
-0
-0
-0
-0
-0
-0
0
0
0
0
0
0
0
0
0
0
0
0
0
0
0
0
0
0
0
0
0
0
0
0
0
0
0
0
0
0
0
0
0
0
0
0
0
0
0
0
0
0
0
0
0
0
0
0
0
0
-0
-0
-0
-0
-0
-0
-0
-0
-0
-0
-0
-0
-0
-0
-0
-0
-0
-0
-0
-0
-0
-0
-0
-0
-0
-0
-0
-0
-0
-0
-0
-0
-0
-0
-0
-0
-0
-0
-0
-0
-0
-0
-0
-0
-0
-0
-0
-0
-0
-0
0
0
0
0
0
0
0
0
0
0
0
0
0
0
0
0
0
0
0
0
0
0
0
0
0
0
0
0
0
0
0
0
0
0
0
0
0
0
0
0
0
0
0
0
0
0
0
0
0
-0
-0
-0
-0
-0
-0
-0
-0
-0
-0
-0
-0
-0
-0
-0
-0
-0
-0
-0
-0
-0
-0
-0
-0
-0
-0
-0
-0
-0
-0
-0
-0
-0
-0
-0
-0
-0
-0
-0
-0
-0
-0
-0
-0
-0
-0
-0
-0
-0
-0
-0
0
0
0
0
0
0
0
0
0
0
0
0
0
0
0
0
0
0
0
0
0
0
0
0
0
0
0
0
0
0
0
0
0
0
0
0
0
0
0
0
0
0
0
0
0
0
0
0
0
0
-4.8977e-08
-1.9552e-07
-4.3847e-07
-7.7591e-07
-1.2052e-06
-1.7228e-06
-2.3248e-06
-3.0061e-06
-3.7615e-06
-4.5847e-06
-5.4691e-06
-6.4074e-06
-7.3917e-06
-8.414e-06
-9.4655e-06
-1.0537e-05
-1.162e-05
-1.2704e-05
-1.3779e-05
-1.4836e-05
-1.5865e-05
-1.6856e-05
-1.7799e-05
-1.8683e-05
-1.95e-05
-2.024e-05
-2.0894e-05
-2.1453e-05
-2.1909e-05
-2.2255e-05
-2.2482e-05
-2.2584e-05
-2.2556e-05
-2.2392e-05
-2.2086e-05
-2.1636e-05
-2.1038e-05
-2.029e-05
-1.939e-05
-1.8339e-05
-1.7136e-05
-1.5782e-05
-1.4281e-05
-1.2634e-05
-1.0846e-05
-8.923e-06
-6.8694e-06
-4.6925e-06
-2.3999e-06
-6.1149e-19
2.4978e-06
5.0835e-06
7.7463e-06
1.0475e-05
1.3257e-05
1.608e-05
1.893e-05
2.1795e-05
2.4659e-05
2.7508e-05
3.0329e-05
3.3105e-05
3.5822e-05
3.8464e-05
4.1017e-05
4.3466e-05
4.5796e-05
4.7992e-05
5.0041e-05
5.1928e-05
5.364e-05
5.5165e-05
5.6491e-05
5.7606e-05
5.85e-05
5.9163e-05
5.9586e-05
5.9762e-05
5.9684e-05
5.9346e-05
5.8743e-05
5.7873e-05
5.6732e-05
5.532e-05
5.3638e-05
5.1686e-05
4.9468e-05
4.6987e-05
4.425e-05
4.1263e-05
3.8033e-05
3.4571e-05
3.0886e-05
2.6991e-05
2.2898e-05
1.8622e-05
1.4177e-05
9.5805e-06
4.8487e-06
-1.5303e-19
-4.9466e-06
-9.9715e-06
-1.5054e-05
-2.0174e-05
-2.5308e-05
-3.0437e-05
-3.5536e-05
-4.0583e-05
-4.5556e-05
-5.0432e-05
-5.5188e-05
-5.9802e-05
-6.4251e-05
-6.8514e-05
-7.2569e-05
-7.6395e-05
-7.9972e-05
-8.328e-05
-8.6302e-05
-8.9019e-05
-9.1415e-05
-9.3474e-05
-9.5183e-05
-9.6529e-05
-9.75e-05
-9.8086e-05
-9.8279e-05
-9.8072e-05
-9.7459e-05
-9.6437e-05
-9.5005e-05
-9.3161e-05
-9.0908e-05
-8.8249e-05
-8.5189e-05
-8.1736e-05
-7.7898e-05
-7.3685e-05
-6.911e-05
-6.4186e-05
-5.893e-05
-5.3359e-05
-4.7491e-05
-4.1348e-05
-3.495e-05
-2.8321e-05
-2.1485e-05
-1.4468e-05
-7.2975e-06
-1.0318e-18
7.3955e-06
1.486e-05
2.2362e-05
2.9873e-05
3.736e-05
4.4793e-05
5.2141e-05
5.9371e-05
6.6453e-05
7.3356e-05
8.0048e-05
8.6499e-05
9.2681e-05
9.8564e-05
0.00010412
0.00010932
0.00011415
0.00011857
0.00012256
0.00012611
0.00012919
0.00013178
0.00013388
0.00013545
0.0001365
0.00013701
0.00013697
0.00013638
0.00013523
0.00013353
0.00013127
0.00012845
0.00012508
0.00012118
0.00011674
0.00011179
0.00010633
0.00010038
9.3969e-05
8.711e-05
7.9827e-05
7.2147e-05
6.4097e-05
5.5705e-05
4.7001e-05
3.802e-05
2.8793e-05
1.9356e-05
9.7463e-06
-1.3763e-18
-9.8443e-06
-1.9748e-05
-2.967e-05
-3.9572e-05
-4.9412e-05
-5.915e-05
-6.8746e-05
-7.816e-05
-8.735e-05
-9.6279e-05
-0.00010491
-0.0001132
-0.00012111
-0.00012861
-0.00013567
-0.00014225
-0.00014832
-0.00015386
-0.00015882
-0.0001632
-0.00016696
-0.00017009
-0.00017257
-0.00017438
-0.0001755
-0.00017593
-0.00017566
-0.00017469
-0.00017301
-0.00017062
-0.00016753
-0.00016374
-0.00015926
-0.00015411
-0.00014829
-0.00014184
-0.00013476
-0.00012708
-0.00011883
-0.00011003
-0.00010072
-9.0936e-05
-8.0702e-05
-7.0061e-05
-5.9053e-05
-4.7719e-05
-3.6101e-05
-2.4244e-05
-1.2195e-05
-3.8185e-19
1.2293e-05
2.4636e-05
3.6978e-05
4.927e-05
6.1463e-05
7.3507e-05
8.5352e-05
9.6948e-05
0.00010825
0.0001192
0.00012977
0.00013989
0.00014954
0.00015866
0.00016722
0.00017518
0.0001825
0.00018915
0.00019509
0.00020029
0.00020474
0.0002084
0.00021126
0.0002133
0.0002145
0.00021486
0.00021436
0.000213
0.00021078
0.00020771
0.00020379
0.00019903
0.00019344
0.00018704
0.00017984
0.00017189
0.00016319
0.00015378
0.00014369
0.00013296
0.00012162
0.00010972
9.7308e-05
8.4418e-05
7.1105e-05
5.7418e-05
4.3409e-05
2.9132e-05
1.4644e-05
-3.6698e-18
-1.4742e-05
-2.9523e-05
-4.4286e-05
-5.8969e-05
-7.3515e-05
-8.7864e-05
-0.00010196
-0.00011574
-0.00012914
-0.00014213
-0.00015463
-0.00016659
-0.00017797
-0.00018871
-0.00019878
-0.00020811
-0.00021668
-0.00022443
-0.00023135
-0.00023738
-0.00024251
-0.00024671
-0.00024995
-0.00025222
-0.0002535
-0.00025378
-0.00025305
-0.00025131
-0.00024856
-0.0002448
-0.00024005
-0.00023431
-0.00022761
-0.00021996
-0.0002114
-0.00020194
-0.00019162
-0.00018047
-0.00016855
-0.00015588
-0.00014252
-0.00012851
-0.00011391
-9.8775e-05
-8.3156e-05
-6.7116e-05
-5.0717e-05
-3.402e-05
-1.7093e-05
1.3383e-18
1.7191e-05
3.4411e-05
5.1594e-05
6.8668e-05
8.5567e-05
0.00010222
0.00011856
0.00013452
0.00015004
0.00016505
0.00017949
0.00019329
0.0002064
0.00021876
0.00023033
0.00024104
0.00025085
0.00025972
0.00026761
0.00027447
0.00028029
0.00028502
0.00028865
0.00029114
0.0002925
0.0002927
0.00029174
0.00028962
0.00028633
0.00028189
0.00027631
0.0002696
0.00026179
0.00025289
0.00024295
0.00023199
0.00022005
0.00020717
0.00019341
0.0001788
0.00016342
0.0001473
0.00013052
0.00011313
9.5208e-05
7.6815e-05
5.8024e-05
3.8908e-05
1.9542e-05
1.834e-18
-1.964e-05
-3.9299e-05
-5.8901e-05
-7.8367e-05
-9.7618e-05
-0.00011658
-0.00013517
-0.00015331
-0.00017094
-0.00018797
-0.00020435
-0.00021999
-0.00023483
-0.00024881
-0.00026188
-0.00027397
-0.00028503
-0.00029501
-0.00030387
-0.00031157
-0.00031806
-0.00032333
-0.00032734
-0.00033007
-0.0003315
-0.00033162
-0.00033043
-0.00032793
-0.00032411
-0.00031898
-0.00031257
-0.00030489
-0.00029596
-0.00028582
-0.0002745
-0.00026204
-0.00024848
-0.00023387
-0.00021827
-0.00020173
-0.00018431
-0.00016609
-0.00014712
-0.00012749
-0.00010726
-8.6514e-05
-6.5332e-05
-4.3796e-05
-2.199e-05
4.1287e-18
2.2088e-05
4.4187e-05
6.6209e-05
8.8066e-05
0.00010967
0.00013093
0.00015177
0.0001721
0.00019184
0.0002109
0.0002292
0.00024668
0.00026326
0.00027886
0.00029343
0.0003069
0.0003192
0.0003303
0.00034013
0.00034866
0.00035584
0.00036164
0.00036603
0.00036899
0.0003705
0.00037055
0.00036913
0.00036624
0.00036188
0.00035608
0.00034883
0.00034018
0.00033014
0.00031875
0.00030605
0.00029209
0.00027691
0.00026057
0.00024313
0.00022465
0.00020521
0.00018488
0.00016373
0.00014185
0.00011931
9.6213e-05
7.264e-05
4.8684e-05
2.4439e-05
-3.8229e-19
-2.439e-05
-4.8587e-05
-7.2494e-05
-9.6019e-05
-0.00011907
-0.00014156
-0.0001634
-0.0001845
-0.00020479
-0.00022419
-0.00024263
-0.00026003
-0.00027634
-0.00029149
-0.00030542
-0.00031809
-0.00032946
-0.00033947
-0.00034811
-0.00035533
-0.00036113
-0.00036547
-0.00036835
-0.00036977
-0.00036972
-0.00036821
-0.00036526
-0.00036087
-0.00035508
-0.00034792
-0.00033941
-0.00032959
-0.00031852
-0.00030624
-0.0002928
-0.00027826
-0.00026269
-0.00024615
-0.00022871
-0.00021044
-0.00019142
-0.00017173
-0.00015144
-0.00013065
-0.00010943
-8.7872e-05
-6.6063e-05
-4.409e-05
-2.2039e-05
6.5223e-18
2.1942e-05
4.3699e-05
6.5186e-05
8.632e-05
0.00010702
0.0001272
0.00014679
0.00016571
0.0001839
0.00020127
0.00021777
0.00023333
0.00024791
0.00026144
0.00027387
0.00028516
0.00029528
0.00030418
0.00031185
0.00031824
0.00032335
0.00032716
0.00032966
0.00033085
0.00033072
0.00032929
0.00032656
0.00032256
0.00031731
0.00031082
0.00030314
0.0002943
0.00028434
0.00027331
0.00026125
0.00024821
0.00023426
0.00021945
0.00020385
0.00018752
0.00017052
0.00015294
0.00013484
0.00011629
9.7377e-05
7.8173e-05
5.8755e-05
3.9202e-05
1.9591e-05
-2.4408e-18
-1.9493e-05
-3.8811e-05
-5.7878e-05
-7.6621e-05
-9.4967e-05
-0.00011284
-0.00013019
-0.00014693
-0.000163
-0.00017835
-0.00019291
-0.00020664
-0.00021948
-0.00023139
-0.00024232
-0.00025223
-0.0002611
-0.0002689
-0.00027559
-0.00028115
-0.00028558
-0.00028885
-0.00029097
-0.00029192
-0.00029172
-0.00029037
-0.00028787
-0.00028425
-0.00027953
-0.00027373
-0.00026688
-0.00025902
-0.00025017
-0.00024038
-0.0002297
-0.00021816
-0.00020583
-0.00019275
-0.00017899
-0.00016459
-0.00014962
-0.00013415
-0.00011823
-0.00010193
-8.5326e-05
-6.8474e-05
-5.1447e-05
-3.4314e-05
-1.7142e-05
-7.9976e-19
1.7044e-05
3.3923e-05
5.057e-05
6.6922e-05
8.2915e-05
9.8488e-05
0.00011358
0.00012814
0.0001421
0.00015542
0.00016805
0.00017994
0.00019105
0.00020134
0.00021077
0.00021931
0.00022693
0.00023361
0.00023932
0.00024406
0.0002478
0.00025054
0.00025227
0.000253
0.00025272
0.00025144
0.00024918
0.00024595
0.00024176
0.00023664
0.00023062
0.00022373
0.00021599
0.00020745
0.00019814
0.00018811
0.0001774
0.00016606
0.00015413
0.00014167
0.00012873
0.00011536
0.00010163
8.7577e-05
7.3274e-05
5.8775e-05
4.414e-05
2.9426e-05
1.4693e-05
-3.4291e-18
-1.4595e-05
-2.9035e-05
-4.3263e-05
-5.7224e-05
-7.0864e-05
-8.4131e-05
-9.6975e-05
-0.00010935
-0.0001212
-0.0001325
-0.00014319
-0.00015324
-0.00016262
-0.00017129
-0.00017921
-0.00018638
-0.00019275
-0.00019832
-0.00020306
-0.00020697
-0.00021003
-0.00021223
-0.00021358
-0.00021408
-0.00021372
-0.00021252
-0.00021049
-0.00020764
-0.00020398
-0.00019955
-0.00019436
-0.00018844
-0.00018182
-0.00017452
-0.00016659
-0.00015806
-0.00014897
-0.00013936
-0.00012927
-0.00011874
-0.00010783
-9.6572e-05
-8.502e-05
-7.322e-05
-6.1222e-05
-4.9076e-05
-3.6832e-05
-2.4538e-05
-1.2244e-05
7.6184e-19
1.2146e-05
2.4147e-05
3.5955e-05
4.7525e-05
5.8812e-05
6.9774e-05
8.037e-05
9.056e-05
0.00010031
0.00010957
0.00011833
0.00012655
0.00013419
0.00014124
0.00014766
0.00015345
0.00015858
0.00016303
0.0001668
0.00016988
0.00017225
0.00017392
0.00017489
0.00017515
0.00017472
0.0001736
0.00017179
0.00016933
0.00016621
0.00016246
0.0001581
0.00015315
0.00014764
0.00014159
0.00013504
0.00012801
0.00012054
0.00011266
0.00010441
9.5821e-05
8.6933e-05
7.7784e-05
6.8414e-05
5.8863e-05
4.9171e-05
3.9378e-05
2.9524e-05
1.965e-05
9.7953e-06
-3.3471e-18
-9.6974e-06
-1.9259e-05
-2.8647e-05
-3.7826e-05
-4.676e-05
-5.5417e-05
-6.3765e-05
-7.1772e-05
-7.941e-05
-8.6651e-05
-9.3472e-05
-9.9848e-05
-0.00010576
-0.00011119
-0.00011611
-0.00012052
-0.0001244
-0.00012774
-0.00013054
-0.00013279
-0.00013448
-0.00013561
-0.0001362
-0.00013623
-0.00013572
-0.00013467
-0.0001331
-0.00013102
-0.00012843
-0.00012537
-0.00012184
-0.00011786
-0.00011346
-0.00010867
-0.00010349
-9.7963e-05
-9.2112e-05
-8.5965e-05
-7.9551e-05
-7.2897e-05
-6.6035e-05
-5.8996e-05
-5.1809e-05
-4.4506e-05
-3.7119e-05
-2.9679e-05
-2.2216e-05
-1.4762e-05
-7.3465e-06
1.2532e-18
7.2485e-06
1.4371e-05
2.1339e-05
2.8127e-05
3.4709e-05
4.1061e-05
4.7159e-05
5.2983e-05
5.8512e-05
6.3728e-05
6.8612e-05
7.3151e-05
7.7329e-05
8.1135e-05
8.4558e-05
8.7591e-05
9.0225e-05
9.2455e-05
9.4279e-05
9.5695e-05
9.6703e-05
9.7305e-05
9.7505e-05
9.7308e-05
9.672e-05
9.5751e-05
9.441e-05
9.2708e-05
9.0659e-05
8.8277e-05
8.5577e-05
8.2575e-05
7.9288e-05
7.5736e-05
7.1938e-05
6.7913e-05
6.3683e-05
5.9268e-05
5.4691e-05
4.9974e-05
4.5138e-05
4.0207e-05
3.5203e-05
3.0149e-05
2.5067e-05
1.998e-05
1.4908e-05
9.8738e-06
4.8977e-06
-1.9119e-22
-4.7997e-06
-9.4827e-06
-1.4031e-05
-1.8428e-05
-2.2657e-05
-2.6704e-05
-3.0554e-05
-3.4195e-05
-3.7615e-05
-4.0804e-05
-4.3753e-05
-4.6453e-05
-4.8899e-05
-5.1085e-05
-5.3007e-05
-5.4662e-05
-5.6049e-05
-5.7167e-05
-5.8018e-05
-5.8604e-05
-5.8929e-05
-5.8996e-05
-5.8813e-05
-5.8385e-05
-5.772e-05
-5.6828e-05
-5.5717e-05
-5.4399e-05
-5.2885e-05
-5.1186e-05
-4.9315e-05
-4.7286e-05
-4.5112e-05
-4.2807e-05
-4.0386e-05
-3.7863e-05
-3.5253e-05
-3.2571e-05
-2.9831e-05
-2.705e-05
-2.4241e-05
-2.1419e-05
-1.8598e-05
-1.5793e-05
-1.3016e-05
-1.0281e-05
-7.6002e-06
-4.9858e-06
-2.4488e-06
6.7434e-19
2.3509e-06
4.5947e-06
6.7232e-06
8.729e-06
1.0605e-05
1.2347e-05
1.3949e-05
1.5406e-05
1.6718e-05
1.788e-05
1.8893e-05
1.9756e-05
2.0469e-05
2.1035e-05
2.1455e-05
2.1733e-05
2.1873e-05
2.1879e-05
2.1757e-05
2.1513e-05
2.1154e-05
2.0687e-05
2.012e-05
1.9462e-05
1.872e-05
1.7905e-05
1.7025e-05
1.609e-05
1.511e-05
1.4095e-05
1.3054e-05
1.1998e-05
1.0936e-05
9.8786e-06
8.8345e-06
7.813e-06
6.8231e-06
5.8734e-06
4.9719e-06
4.1263e-06
3.3436e-06
2.6304e-06
1.9926e-06
1.4357e-06
9.6413e-07
5.8193e-07
2.9231e-07
9.776e-08
0
0
-0
-0
-0
-0
-0
-0
-0
-0
-0
-0
-0
-0
-0
-0
-0
-0
-0
-0
-0
-0
-0
-0
-0
-0
-0
-0
-0
-0
-0
-0
-0
-0
-0
-0
-0
-0
-0
-0
-0
-0
-0
-0
-0
-0
-0
-0
-0
-0
-0
-0
0
0
0
0
0
0
0
0
0
0
0
0
0
0
0
0
0
0
0
0
0
0
0
0
0
0
0
0
0
0
0
0
0
0
0
0
0
0
0
0
0
0
0
0
0
0
0
0
0
0
-0
-0
-0
-0
-0
-0
-0
-0
-0
-0
-0
-0
-0
-0
-0
-0
-0
-0
-0
-0
-0
-0
-0
-0
-0
-0
-0
-0
-0
-0
-0
-0
-0
-0
-0
-0
-0
-0
-0
-0
-0
-0
-0
-0
-0
-0
-0
-0
-0
-0
0
0
0
0
0
0
0
0
0
0
0
0
0
0
0
0
0
0
0
0
0
0
0
0
0
0
0
0
0
0
0
0
0
0
0
0
0
0
0
0
0
0
0
0
0
0
0
0
0
0
-0
-0
-0
-0
-0
-0
-0
-0
-0
-0
-0
-0
-0
-0
-0
-0
-0
-0
-0
-0
-0
-0
-0
-0
-0
-0
-0
-0
-0
-0
-0
-0
-0
-0
-0
-0
-0
-0
-0
-0
-0
-0
-0
-0
-0
-0
-0
-0
-0
-0
0
0
0
0
0
0
0
0
0
0
0
0
0
0
0
0
0
0
0
0
0
0
0
0
0
0
0
0
0
0
0
0
0
0
0
0
0
0
0
0
0
0
0
0
0
0
0
0
0
0
-0
-0
-0
-0
-0
-0
-0
-0
-0
-0
-0
-0
-0
-0
-0
-0
-0
-0
-0
-0
-0
-0
-0
-0
-0
-0
-0
-0
-0
-0
-0
-0
-0
-0
-0
-0
-0
-0
-0
-0
-0
-0
-0
-0
-0
-0
-0
-0
-0
-0
0
0
0
0
0
0
0
0
0
0
0
0
0
0
0
0
0
0
0
0
0
0
0
0
0
0
0
0
0
0
0
0
0
0
0
0
0
0
0
0
0
0
0
0
0
0
0
0
0
0
-0
-0
-0
-0
-0
-0
-0
-0
-0
-0
-0
-0
-0
-0
-0
-0
-0
-0
-0
-0
-0
-0
-0
-0
-0
-0
-0
-0
-0
-0
-0
-0
-0
-0
-0
-0
-0
-0
-0
-0
-0
-0
-0
-0
-0
-0
-0
-0
-0
-0
0
0
0
0
0
0
0
0
0
0
0
0
0
0
0
0
0
0
0
0
0
0
0
0
0
0
0
0
0
0
0
0
0
0
0
0
0
0
0
0
0
0
0
0
0
0
0
0
0
0
-0
-0
-0
-0
-0
-0
-0
-0
-0
-0
-0
-0
-0
-0
-0
-0
-0
-0
-0
-0
-0
-0
-0
-0
-0
-0
-0
-0
-0
-0
-0
-0
-0
-0
-0
-0
-0
-0
-0
-0
-0
-0
-0
-0
-0
-0
-0
-0
-0
0
0
0
0
0
0
0
0
0
0
0
0
0
0
0
0
0
0
0
0
0
0
0
0
0
0
0
0
0
0
0
0
0
0
0
0
0
0
0
0
0
0
0
0
0
0
0
0
0
0
0
-0
-0
-0
-0
-0
-0
-0
-0
-0
-0
-0
-0
-0
-0
-0
-0
-0
-0
-0
-0
-0
-0
-0
-0
-0
-0
-0
-0
-0
-0
-0
-0
-0
-0
-0
-0
-0
-0
-0
-0
-0
-0
-0
-0
-0
-0
-0
-0
-0
-0
0
0
0
0
0
0
0
0
0
0
0
0
0
0
0
0
0
0
0
0
0
0
0
0
0
0
0
0
0
0
0
0
0
0
0
0
0
0
0
0
0
0
0
0
0
0
0
0
0
0
-0
-0
-0
-0
-0
-0
-0
-0
-0
-0
-0
-0
-0
-0
-0
-0
-0
-0
-0
-0
-0
-0
-0
-0
-0
-0
-0
-0
-0
-0
-0
-0
-0
-0
-0
-0
-0
-0
-0
-0
-0
-0
-0
-0
-0
-0
-0
-0
-0
-0
0
0
0
0
0
0
0
0
0
0
0
0
0
0
0
0
0
0
0
0
0
0
0
0
0
0
0
0
0
0
0
0
0
0
0
0
0
0
0
0
0
0
0
0
0
0
0
0
0
-0
-0
-0
-0
-0
-0
-0
-0
-0
-0
-0
-0
-0
-0
-0
-0
-0
-0
-0
-0
-0
-0
-0
-0
-0
-0
-0
-0
-0
-0
-0
-0
-0
-0
-0
-0
-0
-0
-0
-0
-0
-0
-0
-0
-0
-0
-0
-0
-0
-0
-0
0
0
0
0
0
0
0
0
0
0
0
0
0
0
0
0
0
0
0
0
0
0
0
0
0
0
0
0
0
0
0
0
0
0
0
0
0
0
0
0
0
0
0
0
0
0
0
0
0
0
-0
-0
-0
-0
-0
-0
-0
-0
-0
-0
-0
-0
-0
-0
-0
-0
-0
-0
-0
-0
-0
-0
-0
-0
-0
-0
-0
-0
-0
-0
-0
-0
-0
-0
-0
-0
-0
-0
-0
-0
-0
-0
-0
-0
-0
-0
-0
-0
-0
0
0
0
0
0
0
0
0
0
0
0
0
0
0
0
0
0
0
0
0
0
0
0
0
0
0
0
0
0
0
0
0
0
0
0
0
0
0
0
0
0
0
0
0
0
0
0
0
0
0
0
-0
-0
-0
-0
-0
-0
-0
-0
-0
-0
-0
-0
-0
-0
-0
-0
-0
-0
-0
-0
-0
-0
-0
-0
-0
-0
-0
-0
-0
-0
-0
-0
-0
-0
-0
-0
-0
-0
-0
-0
-0
-0
-0
-0
-0
-0
-0
-0
-0
-0
0
0
0
0
0
0
0
0
0
0
0
0
0
0
0
0
0
0
0
0
0
0
0
0
0
0
0
0
0
0
0
0
0
0
0
0
0
0
0
0
0
0
0
0
0
0
0
0
0
0
-0
-0
-0
-0
-0
-0
-0
-0
-0
-0
-0
-0
-0
-0
-0
-0
-0
-0
-0
-0
-0
-0
-0
-0
-0
-0
-0
-0
-0
-0
-0
-0
-0
-0
-0
-0
-0
-0
-0
-0
-0
-0
-0
-0
-0
-0
-0
-0
-0
0
0
0
0
0
0
0
0
0
0
0
0
0
0
0
0
0
0
0
0
0
0
0
0
0
0
0
0
0
0
0
0
0
0
0
0
0
0
0
0
0
0
0
0
0
0
0
0
0
0
-0
-0
-0
-0
-0
-0
-0
-0
-0
-0
-0
-0
-0
-0
-0
-0
-0
-0
-0
-0
-0
-0
-0
-0
-0
-0
-0
-0
-0
-0
-0
-0
-0
-0
-0
-0
-0
-0
-0
-0
-0
-0
-0
-0
-0
-0
-0
-0
-0
-0
-0
0
0
0
0
0
0
0
0
0
0
0
0
0
0
0
0
0
0
0
0
0
0
0
0
0
0
0
0
0
0
0
0
0
0
0
0
0
0
0
0
0
0
0
0
0
0
0
0
0
0
-0
-0
-0
-0
-0
-0
-0
-0
-0
-0
-0
-0
-0
-0
-0
-0
-0
-0
-0
-0
-0
-0
-0
-0
-0
-0
-0
-0
-0
-0
-0
-0
-0
-0
-0
-0
-0
-0
-0
-0
-0
-0
-0
-0
-0
-0
-0
-0
-0
0
0
0
0
0
0
0
0
0
0
0
0
0
0
0
0
0
0
0
0
0
0
0
0
0
0
0
0
0
0
0
0
0
0
0
0
0
0
0
0
0
0
0
0
0
0
0
0
0
0
-0
-0
-0
-0
-0
-0
-0
-0
-0
-0
-0
-0
-0
-0
-0
-0
-0
-0
-0
-0
-0
-0
-0
-0
-0
-0
-0
-0
-0
-0
-0
-0
-0
-0
-0
-0
-0
-0
-0
-0
-0
-0
-0
-0
-0
-0
-0
-0
-0
-0
0
0
0
0
0
0
0
0
0
0
0
0
0
0
0
0
0
0
0
0
0
0
0
0
0
0
0
0
0
0
0
0
0
0
0
0
0
0
0
0
0
0
0
0
0
0
0
0
0
0
0
-0
-0
-0
-0
-0
-0
-0
-0
-0
-0
-0
-0
-0
-0
-0
-0
-0
-0
-0
-0
-0
-0
-0
-0
-0
-0
-0
-0
-0
-0
-0
-0
-0
-0
-0
-0
-0
-0
-0
-0
-0
-0
-0
-0
-0
-0
-0
-0
-0
-0
0
0
0
0
0
0
0
0
0
0
0
0
0
0
0
0
0
0
0
0
0
0
0
0
0
0
0
0
0
0
0
0
0
0
0
0
0
0
0
0
0
0
0
0
0
0
0
0
0
-0
-0
-0
-0
-0
-0
-0
-0
-0
-0
-0
-0
-0
-0
-0
-0
-0
-0
-0
-0
-0
-0
-0
-0
-0
-0
-0
-0
-0
-0
-0
-0
-0
-0
-0
-0
-0
-0
-0
-0
-0
-0
-0
-0
-0
-0
-0
-0
-0
-0
0
0
0
0
0
0
0
0
0
0
0
0
0
0
0
0
0
0
0
0
0
0
0
0
0
0
0
0
0
0
0
0
0
0
0
0
0
0
0
0
0
0
0
0
0
0
0
0
0
0
-0
-0
-0
-0
-0
-0
-0
-0
-0
-0
-0
-0
-0
-0
-0
-0
-0
-0
-0
-0
-0
-0
-0
-0
-0
-0
-0
-0
-0
-0
-0
-0
-0
-0
-0
-0
-0
-0
-0
-0
-0
-0
-0
-0
-0
-0
-0
-0
-0
-0
-0
0
0
0
0
0
0
0
0
0
0
0
0
0
0
0
0
0
0
0
0
0
0
0
0
0
0
0
0
0
0
0
0
0
0
0
0
0
0
0
0
0
0
0
0
0
0
0
0
0
0
-0
-0
-0
-0
-0
-0
-0
-0
-0
-0
-0
-0
-0
-0
-0
-0
-0
-0
-0
-0
-0
-0
-0
-0
-0
-0
-0
-0
-0
-0
-0
-0
-0
-0
-0
-0
-0
-0
-0
-0
-0
-0
-0
-0
-0
-0
-0
-0
-0
0
0
0
0
0
0
0
0
0
0
0
0
0
0
0
0
0
0
0
0
0
0
0
0
0
0
0
0
0
0
0
0
0
0
0
0
0
0
0
0
0
0
0
0
0
0
0
0
0
0
-0
-0
-0
-0
-0
-0
-0
-0
-0
-0
-0
-0
-0
-0
-0
-0
-0
-0
-0
-0
-0
-0
-0
-0
-0
-0
-0
-0
-0
-0
-0
-0
-0
-0
-0
-0
-0
-0
-0
-0
-0
-0
-0
-0
-0
-0
-0
-0
-0
-0
0
0
0
0
0
0
0
0
0
0
0
0
0
0
0
0
0
0
0
0
0
0
0
0
0
0
0
0
0
0
0
0
0
0
0
0
0
0
0
0
0
0
0
0
0
0
0
0
0
0
-0
-0
-0
-0
-0
-0
-0
-0
-0
-0
-0
-0
-0
-0
-0
-0
-0
-0
-0
-0
-0
-0
-0
-0
-0
-0
-0
-0
-0
-0
-0
-0
-0
-0
-0
-0
-0
-0
-0
-0
-0
-0
-0
-0
-0
-0
-0
-0
-0
-0
-0
0
0
0
0
0
0
0
0
0
0
0
0
0
0
0
0
0
0
0
0
0
0
0
0
0
0
0
0
0
0
0
0
0
0
0
0
0
0
0
0
0
0
0
0
0
0
0
0
0
0
-0
-0
-0
-0
-0
-0
-0
-0
-0
-0
-0
-0
-0
-0
-0
-0
-0
-0
-0
-0
-0
-0
-0
-0
-0
-0
-0
-0
-0
-0
-0
-0
-0
-0
-0
-0
-0
-0
-0
-0
-0
-0
-0
-0
-0
-0
-0
-0
-0
-0
0
0
0
0
0
0
0
0
0
0
0
0
0
0
0
0
0
0
0
0
0
0
0
0
0
0
0
0
0
0
0
0
0
0
0
0
0
0
0
0
0
0
0
0
0
0
0
0
0
-0
-0
-0
-0
-0
-0
-0
-0
-0
-0
-0
-0
-0
-0
-0
-0
-0
-0
-0
-0
-0
-0
-0
-0
-0
-0
-0
-0
-0
-0
-0
-0
-0
-0
-0
-0
-0
-0
-0
-0
-0
-0
-0
-0
-0
-0
-0
-0
-0
-0
0
0
0
0
0
0
0
0
0
0
0
0
0
0
0
0
0
0
0
0
0
0
0
0
0
0
0
0
0
0
0
0
0
0
0
0
0
0
0
0
0
0
0
0
0
0
0
0
0
0
0
-0
-0
-0
-0
-0
-0
-0
-0
-0
-0
-0
-0
-0
-0
-0
-0
-0
-0
-0
-0
-0
-0
-0
-0
-0
-0
-0
-0
-0
-0
-0
-0
-0
-0
-0
-0
-0
-0
-0
-0
-0
-0
-0
-0
-0
-0
-0
-0
-0
-0
0
0
0
0
0
0
0
0
0
0
0
0
0
0
0
0
0
0
0
0
0
0
0
0
0
0
0
0
0
0
0
0
0
0
0
0
0
0
0
0
0
0
0
0
0
0
0
0
0
0
-0
-0
-0
-0
-0
-0
-0
-0
-0
-0
-0
-0
-0
-0
-0
-0
-0
-0
-0
-0
-0
-0
-0
-0
-0
-0
-0
-0
-0
-0
-0
-0
-0
-0
-0
-0
-0
-0
-0
-0
-0
-0
-0
-0
-0
-0
-0
-0
-0
0
0
0
0
0
0
0
0
0
0
0
0
0
0
0
0
0
0
0
0
0
0
0
0
0
0
0
0
0
0
0
0
0
0
0
0
0
0
0
0
0
0
0
0
0
0
0
0
0
0
-0
-0
-0
-0
-0
-0
-0
-0
-0
-0
-0
-0
-0
-0
-0
-0
-0
-0
-0
-0
-0
-0
-0
-0
-0
-0
-0
-0
-0
-0
-0
-0
-0
-0
-0
-0
-0
-0
-0
-0
-0
-0
-0
-0
-0
-0
-0
-0
-0
-0
-0
0
0
0
0
0
0
0
0
0
0
0
0
0
0
0
0
0
0
0
0
0
0
0
0
0
0
0
0
0
0
0
0
0
0
0
0
0
0
0
0
0
0
0
0
0
0
0
0
0
0
-0
-0
-0
-0
-0
-0
-0
-0
-0
-0
-0
-0
-0
-0
-0
-0
-0
-0
-0
-0
-0
-0
-0
-0
-0
-0
-0
-0
-0
-0
-0
-0
-0
-0
-0
-0
-0
-0
-0
-0
-0
-0
-0
-0
-0
-0
-0
-0
-0
-0
0
0
0
0
0
0
0
0
0
0
0
0
0
0
0
0
0
0
0
0
0
0
0
0
0
0
0
0
0
0
0
0
0
0
0
0
0
0
0
0
0
0
0
0
0
0
0
0
0
-0
-0
-0
-0
-0
-0
-0
-0
-0
-0
-0
-0
-0
-0
-0
-0
-0
-0
-0
-0
-0
-0
-0
-0
-0
-0
-0
-0
-0
-0
-0
-0
-0
-0
-0
-0
-0
-0
-0
-0
-0
-0
-0
-0
-0
-0
-0
-0
-0
-0
0
0
0
0
0
0
0
0
0
0
0
0
0
0
0
0
0
0
0
0
0
0
0
0
0
0
0
0
0
0
0
0
0
0
0
0
0
0
0
0
0
0
0
0
0
0
0
0
0
0
-0
-4.8977e-08
-1.9552e-07
-4.3847e-07
-7.7591e-07
-1.2052e-06
-1.7228e-06
-2.3248e-06
-3.0061e-06
-3.7615e-06
-4.5847e-06
-5.4691e-06
-6.4074e-06
-7.3917e-06
-8.414e-06
-9.4655e-06
-1.0537e-05
-1.162e-05
-1.2704e-05
-1.3779e-05
-1.4836e-05
-1.5865e-05
-1.6856e-05
-1.7799e-05
-1.8683e-05
-1.95e-05
-2.024e-05
-2.0894e-05
-2.1453e-05
-2.1909e-05
-2.2255e-05
-2.2482e-05
-2.2584e-05
-2.2556e-05
-2.2392e-05
-2.2086e-05
-2.1636e-05
-2.1038e-05
-2.029e-05
-1.939e-05
-1.8339e-05
-1.7136e-05
-1.5782e-05
-1.4281e-05
-1.2634e-05
-1.0846e-05
-8.923e-06
-6.8694e-06
-4.6925e-06
-2.3999e-06
-4.2025e-19
2.4978e-06
5.0835e-06
7.7463e-06
1.0475e-05
1.3257e-05
1.608e-05
1.893e-05
2.1795e-05
2.4659e-05
2.7508e-05
3.0329e-05
3.3105e-05
3.5822e-05
3.8464e-05
4.1017e-05
4.3466e-05
4.5796e-05
4.7992e-05
5.0041e-05
5.1928e-05
5.364e-05
5.5165e-05
5.6491e-05
5.7606e-05
5.85e-05
5.9163e-05
5.9586e-05
5.9762e-05
5.9684e-05
5.9346e-05
5.8743e-05
5.7873e-05
5.6732e-05
5.532e-05
5.3638e-05
5.1686e-05
4.9468e-05
4.6987e-05
4.425e-05
4.1263e-05
3.8033e-05
3.4571e-05
3.0886e-05
2.6991e-05
2.2898e-05
1.8622e-05
1.4177e-05
9.5805e-06
4.8487e-06
-2.7524e-18
-4.9466e-06
-9.9715e-06
-1.5054e-05
-2.0174e-05
-2.5308e-05
-3.0437e-05
-3.5536e-05
-4.0583e-05
-4.5556e-05
-5.0432e-05
-5.5188e-05
-5.9802e-05
-6.4251e-05
-6.8514e-05
-7.2569e-05
-7.6395e-05
-7.9972e-05
-8.328e-05
-8.6302e-05
-8.9019e-05
-9.1415e-05
-9.3474e-05
-9.5183e-05
-9.6529e-05
-9.75e-05
-9.8086e-05
-9.8279e-05
-9.8072e-05
-9.7459e-05
-9.6437e-05
-9.5005e-05
-9.3161e-05
-9.0908e-05
-8.8249e-05
-8.5189e-05
-8.1736e-05
-7.7898e-05
-7.3685e-05
-6.911e-05
-6.4186e-05
-5.893e-05
-5.3359e-05
-4.7491e-05
-4.1348e-05
-3.495e-05
-2.8321e-05
-2.1485e-05
-1.4468e-05
-7.2975e-06
2.8673e-18
7.3955e-06
1.486e-05
2.2362e-05
2.9873e-05
3.736e-05
4.4793e-05
5.2141e-05
5.9371e-05
6.6453e-05
7.3356e-05
8.0048e-05
8.6499e-05
9.2681e-05
9.8564e-05
0.00010412
0.00010932
0.00011415
0.00011857
0.00012256
0.00012611
0.00012919
0.00013178
0.00013388
0.00013545
0.0001365
0.00013701
0.00013697
0.00013638
0.00013523
0.00013353
0.00013127
0.00012845
0.00012508
0.00012118
0.00011674
0.00011179
0.00010633
0.00010038
9.3969e-05
8.711e-05
7.9827e-05
7.2147e-05
6.4097e-05
5.5705e-05
4.7001e-05
3.802e-05
2.8793e-05
1.9356e-05
9.7463e-06
6.7263e-18
-9.8443e-06
-1.9748e-05
-2.967e-05
-3.9572e-05
-4.9412e-05
-5.915e-05
-6.8746e-05
-7.816e-05
-8.735e-05
-9.6279e-05
-0.00010491
-0.0001132
-0.00012111
-0.00012861
-0.00013567
-0.00014225
-0.00014832
-0.00015386
-0.00015882
-0.0001632
-0.00016696
-0.00017009
-0.00017257
-0.00017438
-0.0001755
-0.00017593
-0.00017566
-0.00017469
-0.00017301
-0.00017062
-0.00016753
-0.00016374
-0.00015926
-0.00015411
-0.00014829
-0.00014184
-0.00013476
-0.00012708
-0.00011883
-0.00011003
-0.00010072
-9.0936e-05
-8.0702e-05
-7.0061e-05
-5.9053e-05
-4.7719e-05
-3.6101e-05
-2.4244e-05
-1.2195e-05
-1.051e-17
1.2293e-05
2.4636e-05
3.6978e-05
4.927e-05
6.1463e-05
7.3507e-05
8.5352e-05
9.6948e-05
0.00010825
0.0001192
0.00012977
0.00013989
0.00014954
0.00015866
0.00016722
0.00017518
0.0001825
0.00018915
0.00019509
0.00020029
0.00020474
0.0002084
0.00021126
0.0002133
0.0002145
0.00021486
0.00021436
0.000213
0.00021078
0.00020771
0.00020379
0.00019903
0.00019344
0.00018704
0.00017984
0.00017189
0.00016319
0.00015378
0.00014369
0.00013296
0.00012162
0.00010972
9.7308e-05
8.4418e-05
7.1105e-05
5.7418e-05
4.3409e-05
2.9132e-05
1.4644e-05
1.5135e-17
-1.4742e-05
-2.9523e-05
-4.4286e-05
-5.8969e-05
-7.3515e-05
-8.7864e-05
-0.00010196
-0.00011574
-0.00012914
-0.00014213
-0.00015463
-0.00016659
-0.00017797
-0.00018871
-0.00019878
-0.00020811
-0.00021668
-0.00022443
-0.00023135
-0.00023738
-0.00024251
-0.00024671
-0.00024995
-0.00025222
-0.0002535
-0.00025378
-0.00025305
-0.00025131
-0.00024856
-0.0002448
-0.00024005
-0.00023431
-0.00022761
-0.00021996
-0.0002114
-0.00020194
-0.00019162
-0.00018047
-0.00016855
-0.00015588
-0.00014252
-0.00012851
-0.00011391
-9.8775e-05
-8.3156e-05
-6.7116e-05
-5.0717e-05
-3.402e-05
-1.7093e-05
-5.0821e-18
1.7191e-05
3.4411e-05
5.1594e-05
6.8668e-05
8.5567e-05
0.00010222
0.00011856
0.00013452
0.00015004
0.00016505
0.00017949
0.00019329
0.0002064
0.00021876
0.00023033
0.00024104
0.00025085
0.00025972
0.00026761
0.00027447
0.00028029
0.00028502
0.00028865
0.00029114
0.0002925
0.0002927
0.00029174
0.00028962
0.00028633
0.00028189
0.00027631
0.0002696
0.00026179
0.00025289
0.00024295
0.00023199
0.00022005
0.00020717
0.00019341
0.0001788
0.00016342
0.0001473
0.00013052
0.00011313
9.5208e-05
7.6815e-05
5.8024e-05
3.8908e-05
1.9542e-05
2.6907e-17
-1.964e-05
-3.9299e-05
-5.8901e-05
-7.8367e-05
-9.7618e-05
-0.00011658
-0.00013517
-0.00015331
-0.00017094
-0.00018797
-0.00020435
-0.00021999
-0.00023483
-0.00024881
-0.00026188
-0.00027397
-0.00028503
-0.00029501
-0.00030387
-0.00031157
-0.00031806
-0.00032333
-0.00032734
-0.00033007
-0.0003315
-0.00033162
-0.00033043
-0.00032793
-0.00032411
-0.00031898
-0.00031257
-0.00030489
-0.00029596
-0.00028582
-0.0002745
-0.00026204
-0.00024848
-0.00023387
-0.00021827
-0.00020173
-0.00018431
-0.00016609
-0.00014712
-0.00012749
-0.00010726
-8.6514e-05
-6.5332e-05
-4.3796e-05
-2.199e-05
-1.4102e-17
2.2088e-05
4.4187e-05
6.6209e-05
8.8066e-05
0.00010967
0.00013093
0.00015177
0.0001721
0.00019184
0.0002109
0.0002292
0.00024668
0.00026326
0.00027886
0.00029343
0.0003069
0.0003192
0.0003303
0.00034013
0.00034866
0.00035584
0.00036164
0.00036603
0.00036899
0.0003705
0.00037055
0.00036913
0.00036624
0.00036188
0.00035608
0.00034883
0.00034018
0.00033014
0.00031875
0.00030605
0.00029209
0.00027691
0.00026057
0.00024313
0.00022465
0.00020521
0.00018488
0.00016373
0.00014185
0.00011931
9.6213e-05
7.264e-05
4.8684e-05
2.4439e-05
1.9834e-17
-2.439e-05
-4.8587e-05
-7.2494e-05
-9.6019e-05
-0.00011907
-0.00014156
-0.0001634
-0.0001845
-0.00020479
-0.00022419
-0.00024263
-0.00026003
-0.00027634
-0.00029149
-0.00030542
-0.00031809
-0.00032946
-0.00033947
-0.00034811
-0.00035533
-0.00036113
-0.00036547
-0.00036835
-0.00036977
-0.00036972
-0.00036821
-0.00036526
-0.00036087
-0.00035508
-0.00034792
-0.00033941
-0.00032959
-0.00031852
-0.00030624
-0.0002928
-0.00027826
-0.00026269
-0.00024615
-0.00022871
-0.00021044
-0.00019142
-0.00017173
-0.00015144
-0.00013065
-0.00010943
-8.7872e-05
-6.6063e-05
-4.409e-05
-2.2039e-05
-2.1622e-17
2.1942e-05
4.3699e-05
6.5186e-05
8.632e-05
0.00010702
0.0001272
0.00014679
0.00016571
0.0001839
0.00020127
0.00021777
0.00023333
0.00024791
0.00026144
0.00027387
0.00028516
0.00029528
0.00030418
0.00031185
0.00031824
0.00032335
0.00032716
0.00032966
0.00033085
0.00033072
0.00032929
0.00032656
0.00032256
0.00031731
0.00031082
0.00030314
0.0002943
0.00028434
0.00027331
0.00026125
0.00024821
0.00023426
0.00021945
0.00020385
0.00018752
0.00017052
0.00015294
0.00013484
0.00011629
9.7377e-05
7.8173e-05
5.8755e-05
3.9202e-05
1.9591e-05
4.8785e-18
-1.9493e-05
-3.8811e-05
-5.7878e-05
-7.6621e-05
-9.4967e-05
-0.00011284
-0.00013019
-0.00014693
-0.000163
-0.00017835
-0.00019291
-0.00020664
-0.00021948
-0.00023139
-0.00024232
-0.00025223
-0.0002611
-0.0002689
-0.00027559
-0.00028115
-0.00028558
-0.00028885
-0.00029097
-0.00029192
-0.00029172
-0.00029037
-0.00028787
-0.00028425
-0.00027953
-0.00027373
-0.00026688
-0.00025902
-0.00025017
-0.00024038
-0.0002297
-0.00021816
-0.00020583
-0.00019275
-0.00017899
-0.00016459
-0.00014962
-0.00013415
-0.00011823
-0.00010193
-8.5326e-05
-6.8474e-05
-5.1447e-05
-3.4314e-05
-1.7142e-05
-2.2676e-17
1.7044e-05
3.3923e-05
5.057e-05
6.6922e-05
8.2915e-05
9.8488e-05
0.00011358
0.00012814
0.0001421
0.00015542
0.00016805
0.00017994
0.00019105
0.00020134
0.00021077
0.00021931
0.00022693
0.00023361
0.00023932
0.00024406
0.0002478
0.00025054
0.00025227
0.000253
0.00025272
0.00025144
0.00024918
0.00024595
0.00024176
0.00023664
0.00023062
0.00022373
0.00021599
0.00020745
0.00019814
0.00018811
0.0001774
0.00016606
0.00015413
0.00014167
0.00012873
0.00011536
0.00010163
8.7577e-05
7.3274e-05
5.8775e-05
4.414e-05
2.9426e-05
1.4693e-05
8.6843e-18
-1.4595e-05
-2.9035e-05
-4.3263e-05
-5.7224e-05
-7.0864e-05
-8.4131e-05
-9.6975e-05
-0.00010935
-0.0001212
-0.0001325
-0.00014319
-0.00015324
-0.00016262
-0.00017129
-0.00017921
-0.00018638
-0.00019275
-0.00019832
-0.00020306
-0.00020697
-0.00021003
-0.00021223
-0.00021358
-0.00021408
-0.00021372
-0.00021252
-0.00021049
-0.00020764
-0.00020398
-0.00019955
-0.00019436
-0.00018844
-0.00018182
-0.00017452
-0.00016659
-0.00015806
-0.00014897
-0.00013936
-0.00012927
-0.00011874
-0.00010783
-9.6572e-05
-8.502e-05
-7.322e-05
-6.1222e-05
-4.9076e-05
-3.6832e-05
-2.4538e-05
-1.2244e-05
-9.3259e-18
1.2146e-05
2.4147e-05
3.5955e-05
4.7525e-05
5.8812e-05
6.9774e-05
8.037e-05
9.056e-05
0.00010031
0.00010957
0.00011833
0.00012655
0.00013419
0.00014124
0.00014766
0.00015345
0.00015858
0.00016303
0.0001668
0.00016988
0.00017225
0.00017392
0.00017489
0.00017515
0.00017472
0.0001736
0.00017179
0.00016933
0.00016621
0.00016246
0.0001581
0.00015315
0.00014764
0.00014159
0.00013504
0.00012801
0.00012054
0.00011266
0.00010441
9.5821e-05
8.6933e-05
7.7784e-05
6.8414e-05
5.8863e-05
4.9171e-05
3.9378e-05
2.9524e-05
1.965e-05
9.7953e-06
9.1266e-18
-9.6974e-06
-1.9259e-05
-2.8647e-05
-3.7826e-05
-4.676e-05
-5.5417e-05
-6.3765e-05
-7.1772e-05
-7.941e-05
-8.6651e-05
-9.3472e-05
-9.9848e-05
-0.00010576
-0.00011119
-0.00011611
-0.00012052
-0.0001244
-0.00012774
-0.00013054
-0.00013279
-0.00013448
-0.00013561
-0.0001362
-0.00013623
-0.00013572
-0.00013467
-0.0001331
-0.00013102
-0.00012843
-0.00012537
-0.00012184
-0.00011786
-0.00011346
-0.00010867
-0.00010349
-9.7963e-05
-9.2112e-05
-8.5965e-05
-7.9551e-05
-7.2897e-05
-6.6035e-05
-5.8996e-05
-5.1809e-05
-4.4506e-05
-3.7119e-05
-2.9679e-05
-2.2216e-05
-1.4762e-05
-7.3465e-06
-1.4801e-18
7.2485e-06
1.4371e-05
2.1339e-05
2.8127e-05
3.4709e-05
4.1061e-05
4.7159e-05
5.2983e-05
5.8512e-05
6.3728e-05
6.8612e-05
7.3151e-05
7.7329e-05
8.1135e-05
8.4558e-05
8.7591e-05
9.0225e-05
9.2455e-05
9.4279e-05
9.5695e-05
9.6703e-05
9.7305e-05
9.7505e-05
9.7308e-05
9.672e-05
9.5751e-05
9.441e-05
9.2708e-05
9.0659e-05
8.8277e-05
8.5577e-05
8.2575e-05
7.9288e-05
7.5736e-05
7.1938e-05
6.7913e-05
6.3683e-05
5.9268e-05
5.4691e-05
4.9974e-05
4.5138e-05
4.0207e-05
3.5203e-05
3.0149e-05
2.5067e-05
1.998e-05
1.4908e-05
9.8738e-06
4.8977e-06
6.2053e-18
-4.7997e-06
-9.4827e-06
-1.4031e-05
-1.8428e-05
-2.2657e-05
-2.6704e-05
-3.0554e-05
-3.4195e-05
-3.7615e-05
-4.0804e-05
-4.3753e-05
-4.6453e-05
-4.8899e-05
-5.1085e-05
-5.3007e-05
-5.4662e-05
-5.6049e-05
-5.7167e-05
-5.8018e-05
-5.8604e-05
-5.8929e-05
-5.8996e-05
-5.8813e-05
-5.8385e-05
-5.772e-05
-5.6828e-05
-5.5717e-05
-5.4399e-05
-5.2885e-05
-5.1186e-05
-4.9315e-05
-4.7286e-05
-4.5112e-05
-4.2807e-05
-4.0386e-05
-3.7863e-05
-3.5253e-05
-3.2571e-05
-2.9831e-05
-2.705e-05
-2.4241e-05
-2.1419e-05
-1.8598e-05
-1.5793e-05
-1.3016e-05
-1.0281e-05
-7.6002e-06
-4.9858e-06
-2.4488e-06
-1.3108e-18
2.3509e-06
4.5947e-06
6.7232e-06
8.729e-06
1.0605e-05
1.2347e-05
1.3949e-05
1.5406e-05
1.6718e-05
1.788e-05
1.8893e-05
1.9756e-05
2.0469e-05
2.1035e-05
2.1455e-05
2.1733e-05
2.1873e-05
2.1879e-05
2.1757e-05
2.1513e-05
2.1154e-05
2.0687e-05
2.012e-05
1.9462e-05
1.872e-05
1.7905e-05
1.7025e-05
1.609e-05
1.511e-05
1.4095e-05
1.3054e-05
1.1998e-05
1.0936e-05
9.8786e-06
8.8345e-06
7.813e-06
6.8231e-06
5.8734e-06
4.9719e-06
4.1263e-06
3.3436e-06
2.6304e-06
1.9926e-06
1.4357e-06
9.6413e-07
5.8193e-07
2.9231e-07
9.776e-08
0
0
-0
-0
-0
-0
-0
-0
-0
-0
-0
-0
-0
-0
-0
-0
-0
-0
-0
-0
-0
-0
-0
-0
-0
-0
-0
-0
-0
-0
-0
-0
-0
-0
-0
-0
-0
-0
-0
-0
-0
-0
-0
-0
-0
-0
-0
-0
-0
-0
-0
-0
0
0
0
0
0
0
0
0
0
0
0
0
0
0
0
0
0
0
0
0
0
0
0
0
0
0
0
0
0
0
0
0
0
0
0
0
0
0
0
0
0
0
0
0
0
0
0
0
0
0
-0
-0
-0
-0
-0
-0
-0
-0
-0
-0
-0
-0
-0
-0
-0
-0
-0
-0
-0
-0
-0
-0
-0
-0
-0
-0
-0
-0
-0
-0
-0
-0
-0
-0
-0
-0
-0
-0
-0
-0
-0
-0
-0
-0
-0
-0
-0
-0
-0
-0
0
0
0
0
0
0
0
0
0
0
0
0
0
0
0
0
0
0
0
0
0
0
0
0
0
0
0
0
0
0
0
0
0
0
0
0
0
0
0
0
0
0
0
0
0
0
0
0
0
0
-0
-0
-0
-0
-0
-0
-0
-0
-0
-0
-0
-0
-0
-0
-0
-0
-0
-0
-0
-0
-0
-0
-0
-0
-0
-0
-0
-0
-0
-0
-0
-0
-0
-0
-0
-0
-0
-0
-0
-0
-0
-0
-0
-0
-0
-0
-0
-0
-0
-0
0
0
0
0
0
0
0
0
0
0
0
0
0
0
0
0
0
0
0
0
0
0
0
0
0
0
0
0
0
0
0
0
0
0
0
0
0
0
0
0
0
0
0
0
0
0
0
0
0
0
-0
-0
-0
-0
-0
-0
-0
-0
-0
-0
-0
-0
-0
-0
-0
-0
-0
-0
-0
-0
-0
-0
-0
-0
-0
-0
-0
-0
-0
-0
-0
-0
-0
-0
-0
-0
-0
-0
-0
-0
-0
-0
-0
-0
-0
-0
-0
-0
-0
-0
0
0
0
0
0
0
0
0
0
0
0
0
0
0
0
0
0
0
0
0
0
0
0
0
0
0
0
0
0
0
0
0
0
0
0
0
0
0
0
0
0
0
0
0
0
0
0
0
0
0
-0
-0
-0
-0
-0
-0
-0
-0
-0
-0
-0
-0
-0
-0
-0
-0
-0
-0
-0
-0
-0
-0
-0
-0
-0
-0
-0
-0
-0
-0
-0
-0
-0
-0
-0
-0
-0
-0
-0
-0
-0
-0
-0
-0
-0
-0
-0
-0
-0
-0
0
0
0
0
0
0
0
0
0
0
0
0
0
0
0
0
0
0
0
0
0
0
0
0
0
0
0
0
0
0
0
0
0
0
0
0
0
0
0
0
0
0
0
0
0
0
0
0
0
0
-0
-0
-0
-0
-0
-0
-0
-0
-0
-0
-0
-0
-0
-0
-0
-0
-0
-0
-0
-0
-0
-0
-0
-0
-0
-0
-0
-0
-0
-0
-0
-0
-0
-0
-0
-0
-0
-0
-0
-0
-0
-0
-0
-0
-0
-0
-0
-0
-0
-0
0
0
0
0
0
0
0
0
0
0
0
0
0
0
0
0
0
0
0
0
0
0
0
0
0
0
0
0
0
0
0
0
0
0
0
0
0
0
0
0
0
0
0
0
0
0
0
0
0
0
-0
-0
-0
-0
-0
-0
-0
-0
-0
-0
-0
-0
-0
-0
-0
-0
-0
-0
-0
-0
-0
-0
-0
-0
-0
-0
-0
-0
-0
-0
-0
-0
-0
-0
-0
-0
-0
-0
-0
-0
-0
-0
-0
-0
-0
-0
-0
-0
-0
-0
0
0
0
0
0
0
0
0
0
0
0
0
0
0
0
0
0
0
0
0
0
0
0
0
0
0
0
0
0
0
0
0
0
0
0
0
0
0
0
0
0
0
0
0
0
0
0
0
0
0
-0
-0
-0
-0
-0
-0
-0
-0
-0
-0
-0
-0
-0
-0
-0
-0
-0
-0
-0
-0
-0
-0
-0
-0
-0
-0
-0
-0
-0
-0
-0
-0
-0
-0
-0
-0
-0
-0
-0
-0
-0
-0
-0
-0
-0
-0
-0
-0
-0
-0
0
0
0
0
0
0
0
0
0
0
0
0
0
0
0
0
0
0
0
0
0
0
0
0
0
0
0
0
0
0
0
0
0
0
0
0
0
0
0
0
0
0
0
0
0
0
0
0
0
0
-0
-0
-0
-0
-0
-0
-0
-0
-0
-0
-0
-0
-0
-0
-0
-0
-0
-0
-0
-0
-0
-0
-0
-0
-0
-0
-0
-0
-0
-0
-0
-0
-0
-0
-0
-0
-0
-0
-0
-0
-0
-0
-0
-0
-0
-0
-0
-0
-0
-0
0
0
0
0
0
0
0
0
0
0
0
0
0
0
0
0
0
0
0
0
0
0
0
0
0
0
0
0
0
0
0
0
0
0
0
0
0
0
0
0
0
0
0
0
0
0
0
0
0
0
-0
-0
-0
-0
-0
-0
-0
-0
-0
-0
-0
-0
-0
-0
-0
-0
-0
-0
-0
-0
-0
-0
-0
-0
-0
-0
-0
-0
-0
-0
-0
-0
-0
-0
-0
-0
-0
-0
-0
-0
-0
-0
-0
-0
-0
-0
-0
-0
-0
-0
0
0
0
0
0
0
0
0
0
0
0
0
0
0
0
0
0
0
0
0
0
0
0
0
0
0
0
0
0
0
0
0
0
0
0
0
0
0
0
0
0
0
0
0
0
0
0
0
0
0
-0
-0
-0
-0
-0
-0
-0
-0
-0
-0
-0
-0
-0
-0
-0
-0
-0
-0
-0
-0
-0
-0
-0
-0
-0
-0
-0
-0
-0
-0
-0
-0
-0
-0
-0
-0
-0
-0
-0
-0
-0
-0
-0
-0
-0
-0
-0
-0
-0
-0
0
0
0
0
0
0
0
0
0
0
0
0
0
0
0
0
0
0
0
0
0
0
0
0
0
0
0
0
0
0
0
0
0
0
0
0
0
0
0
0
0
0
0
0
0
0
0
0
0
-0
-0
-0
-0
-0
-0
-0
-0
-0
-0
-0
-0
-0
-0
-0
-0
-0
-0
-0
-0
-0
-0
-0
-0
-0
-0
-0
-0
-0
-0
-0
-0
-0
-0
-0
-0
-0
-0
-0
-0
-0
-0
-0
-0
-0
-0
-0
-0
-0
-0
-0
0
0
0
0
0
0
0
0
0
0
0
0
0
0
0
0
0
0
0
0
0
0
0
0
0
0
0
0
0
0
0
0
0
0
0
0
0
0
0
0
0
0
0
0
0
0
0
0
0
0
-0
-0
-0
-0
-0
-0
-0
-0
-0
-0
-0
-0
-0
-0
-0
-0
-0
-0
-0
-0
-0
-0
-0
-0
-0
-0
-0
-0
-0
-0
-0
-0
-0
-0
-0
-0
-0
-0
-0
-0
-0
-0
-0
-0
-0
-0
-0
-0
-0
0
0
0
0
0
0
0
0
0
0
0
0
0
0
0
0
0
0
0
0
0
0
0
0
0
0
0
0
0
0
0
0
0
0
0
0
0
0
0
0
0
0
0
0
0
0
0
0
0
0
0
-0
-0
-0
-0
-0
-0
-0
-0
-0
-0
-0
-0
-0
-0
-0
-0
-0
-0
-0
-0
-0
-0
-0
-0
-0
-0
-0
-0
-0
-0
-0
-0
-0
-0
-0
-0
-0
-0
-0
-0
-0
-0
-0
-0
-0
-0
-0
-0
-0
-0
0
0
0
0
0
0
0
0
0
0
0
0
0
0
0
0
0
0
0
0
0
0
0
0
0
0
0
0
0
0
0
0
0
0
0
0
0
0
0
0
0
0
0
0
0
0
0
0
0
0
-0
-0
-0
-0
-0
-0
-0
-0
-0
-0
-0
-0
-0
-0
-0
-0
-0
-0
-0
-0
-0
-0
-0
-0
-0
-0
-0
-0
-0
-0
-0
-0
-0
-0
-0
-0
-0
-0
-0
-0
-0
-0
-0
-0
-0
-0
-0
-0
-0
-0
0
0
0
0
0
0
0
0
0
0
0
0
0
0
0
0
0
0
0
0
0
0
0
0
0
0
0
0
0
0
0
0
0
0
0
0
0
0
0
0
0
0
0
0
0
0
0
0
0
-0
-0
-0
-0
-0
-0
-0
-0
-0
-0
-0
-0
-0
-0
-0
-0
-0
-0
-0
-0
-0
-0
-0
-0
-0
-0
-0
-0
-0
-0
-0
-0
-0
-0
-0
-0
-0
-0
-0
-0
-0
-0
-0
-0
-0
-0
-0
-0
-0
-0
-0
0
0
0
0
0
0
0
0
0
0
0
0
0
0
0
0
0
0
0
0
0
0
0
0
0
0
0
0
0
0
0
0
0
0
0
0
0
0
0
0
0
0
0
0
0
0
0
0
0
-0
-0
-0
-0
-0
-0
-0
-0
-0
-0
-0
-0
-0
-0
-0
-0
-0
-0
-0
-0
-0
-0
-0
-0
-0
-0
-0
-0
-0
-0
-0
-0
-0
-0
-0
-0
-0
-0
-0
-0
-0
-0
-0
-0
-0
-0
-0
-0
-0
-0
-0
0
0
0
0
0
0
0
0
0
0
0
0
0
0
0
0
0
0
0
0
0
0
0
0
0
0
0
0
0
0
0
0
0
0
0
0
0
0
0
0
0
0
0
0
0
0
0
0
0
0
-0
-0
-0
-0
-0
-0
-0
-0
-0
-0
-0
-0
-0
-0
-0
-0
-0
-0
-0
-0
-0
-0
-0
-0
-0
-0
-0
-0
-0
-0
-0
-0
-0
-0
-0
-0
-0
-0
-0
-0
-0
-0
-0
-0
-0
-0
-0
-0
-0
-0
0
0
0
0
0
0
0
0
0
0
0
0
0
0
0
0
0
0
0
0
0
0
0
0
0
0
0
0
0
0
0
0
0
0
0
0
0
0
0
0
0
0
0
0
0
0
0
0
0
0
-0
-0
-0
-0
-0
-0
-0
-0
-0
-0
-0
-0
-0
-0
-0
-0
-0
-0
-0
-0
-0
-0
-0
-0
-0
-0
-0
-0
-0
-0
-0
-0
-0
-0
-0
-0
-0
-0
-0
-0
-0
-0
-0
-0
-0
-0
-0
-0
-0
-0
0
0
0
0
0
0
0
0
0
0
0
0
0
0
0
0
0
0
0
0
0
0
0
0
0
0
0
0
0
0
0
0
0
0
0
0
0
0
0
0
0
0
0
0
0
0
0
0
0
0
-0
-0
-0
-0
-0
-0
-0
-0
-0
-0
-0
-0
-0
-0
-0
-0
-0
-0
-0
-0
-0
-0
-0
-0
-0
-0
-0
-0
-0
-0
-0
-0
-0
-0
-0
-0
-0
-0
-0
-0
-0
-0
-0
-0
-0
-0
-0
-0
-0
-0
0
0
0
0
0
0
0
0
0
0
0
0
0
0
0
0
0
0
0
0
0
0
0
0
0
0
0
0
0
0
0
0
0
0
0
0
0
0
0
0
0
0
0
0
0
0
0
0
0
-0
-0
-0
-0
-0
-0
-0
-0
-0
-0
-0
-0
-0
-0
-0
-0
-0
-0
-0
-0
-0
-0
-0
-0
-0
-0
-0
-0
-0
-0
-0
-0
-0
-0
-0
-0
-0
-0
-0
-0
-0
-0
-0
-0
-0
-0
-0
-0
-0
-0
-0
0
0
0
0
0
0
0
0
0
0
0
0
0
0
0
0
0
0
0
0
0
0
0
0
0
0
0
0
0
0
0
0
0
0
0
0
0
0
0
0
0
0
0
0
0
0
0
0
0
-0
-0
-0
-0
-0
-0
-0
-0
-0
-0
-0
-0
-0
-0
-0
-0
-0
-0
-0
-0
-0
-0
-0
-0
-0
-0
-0
-0
-0
-0
-0
-0
-0
-0
-0
-0
-0
-0
-0
-0
-0
-0
-0
-0
-0
-0
-0
-0
-0
-0
-0
0
0
0
0
0
0
0
0
0
0
0
0
0
0
0
0
0
0
0
0
0
0
0
0
0
0
0
0
0
0
0
0
0
0
0
0
0
0
0
0
0
0
0
0
0
0
0
0
0
0
-0
-0
-0
-0
-0
-0
-0
-0
-0
-0
-0
-0
-0
-0
-0
-0
-0
-0
-0
-0
-0
-0
-0
-0
-0
-0
-0
-0
-0
-0
-0
-0
-0
-0
-0
-0
-0
-0
-0
-0
-0
-0
-0
-0
-0
-0
-0
-0
-0
-0
0
0
0
0
0
0
0
0
0
0
0
0
0
0
0
0
0
0
0
0
0
0
0
0
0
0
0
0
0
0
0
0
0
0
0
0
0
0
0
0
0
0
0
0
0
0
0
0
0
0
-0
-0
-0
-0
-0
-0
-0
-0
-0
-0
-0
-0
-0
-0
-0
-0
-0
-0
-0
-0
-0
-0
-0
-0
-0
-0
-0
-0
-0
-0
-0
-0
-0
-0
-0
-0
-0
-0
-0
-0
-0
-0
-0
-0
-0
-0
-0
-0
-0
-0
0
0
0
0
0
0
0
0
0
0
0
0
0
0
0
0
0
0
0
0
0
0
0
0
0
0
0
0
0
0
0
0
0
0
0
0
0
0
0
0
0
0
0
0
0
0
0
0
0
0
-0
-0
-0
-0
-0
-0
-0
-0
-0
-0
-0
-0
-0
-0
-0
-0
-0
-0
-0
-0
-0
-0
-0
-0
-0
-0
-0
-0
-0
-0
-0
-0
-0
-0
-0
-0
-0
-0
-0
-0
-0
-0
-0
-0
-0
-0
-0
-0
-0
-0
0
0
0
0
0
0
0
0
0
0
0
0
0
0
0
0
0
0
0
0
0
0
0
0
0
0
0
0
0
0
0
0
0
0
0
0
0
0
0
0
0
0
0
0
0
0
0
0
0
-0
-0
-0
-0
-0
-0
-0
-0
-0
-0
-0
-0
-0
-0
-0
-0
-0
-0
-0
-0
-0
-0
-0
-0
-0
-0
-0
-0
-0
-0
-0
-0
-0
-0
-0
-0
-0
-0
-0
-0
-0
-0
-0
-0
-0
-0
-0
-0
-0
-0
-0
0
0
0
0
0
0
0
0
0
0
0
0
0
0
0
0
0
0
0
0
0
0
0
0
0
0
0
0
0
0
0
0
0
0
0
0
0
0
0
0
0
0
0
0
0
0
0
0
0
-0
-0
-0
-0
-0
-0
-0
-0
-0
-0
-0
-0
-0
-0
-0
-0
-0
-0
-0
-0
-0
-0
-0
-0
-0
-0
-0
-0
-0
-0
-0
-0
-0
-0
-0
-0
-0
-0
-0
-0
-0
-0
-0
-0
-0
-0
-0
-0
-0
-0
-0
0
0
0
0
0
0
0
0
0
0
0
0
0
0
0
0
0
0
0
0
0
0
0
0
0
0
0
0
0
0
0
0
0
0
0
0
0
0
0
0
0
0
0
0
0
0
0
0
0
0
-0
-0
-0
-0
-0
-0
-0
-0
-0
-0
-0
-0
-0
-0
-0
-0
-0
-0
-0
-0
-0
-0
-0
-0
-0
-0
-0
-0
-0
-0
-0
-0
-0
-0
-0
-0
-0
-0
-0
-0
-0
-0
-0
-0
-0
-0
-0
-0
-0
-0
0
0
0
0
0
0
0
0
0
0
0
0
0
0
0
0
0
0
0
0
0
0
0
0
0
0
0
0
0
0
0
0
0
0
0
0
0
0
0
0
0
0
0
0
0
0
0
0
0
0
-0
-0
-0
-0
-0
-0
-0
-0
-0
-0
-0
-0
-0
-0
-0
-0
-0
-0
-0
-0
-0
-0
-0
-0
-0
-0
-0
-0
-0
-0
-0
-0
-0
-0
-0
-0
-0
-0
-0
-0
-0
-0
-0
-0
-0
-0
-0
-0
-0
-0
0
0
0
0
0
0
0
0
0
0
0
0
0
0
0
0
0
0
0
0
0
0
0
0
0
0
0
0
0
0
0
0
0
0
0
0
0
0
0
0
0
0
0
0
0
0
0
0
0
0
-0
-0
-0
-0
-0
-0
-0
-0
-0
-0
-0
-0
-0
-0
-0
-0
-0
-0
-0
-0
-0
-0
-0
-0
-0
-0
-0
-0
-0
-0
-0
-0
-0
-0
-0
-0
-0
-0
-0
-0
-0
-0
-0
-0
-0
-0
-0
-0
-0
-0
0
0
0
0
0
0
0
0
0
0
0
0
0
0
0
0
0
0
0
0
0
0
0
0
0
0
0
0
0
0
0
0
0
0
0
0
0
0
0
0
0
0
0
0
0
0
0
0
0
-0
-0
-0
-0
-0
-0
-0
-0
-0
-0
-0
-0
-0
-0
-0
-0
-0
-0
-0
-0
-0
-0
-0
-0
-0
-0
-0
-0
-0
-0
-0
-0
-0
-0
-0
-0
-0
-0
-0
-0
-0
-0
-0
-0
-0
-0
-0
-0
-0
-0
-0
0
0
0
0
0
0
0
0
0
0
0
0
0
0
0
0
0
0
0
0
0
0
0
0
0
0
0
0
0
0
0
0
0
0
0
0
0
0
0
0
0
0
0
0
0
0
0
0
0
-0
-0
-0
-0
-0
-0
-0
-0
-0
-0
-0
-0
-0
-0
-0
-0
-0
-0
-0
-0
-0
-0
-0
-0
-0
-0
-0
-0
-0
-0
-0
-0
-0
-0
-0
-0
-0
-0
-0
-0
-0
-0
-0
-0
-0
-0
-0
-0
-0
-0
-0
0
0
0
0
0
0
0
0
0
0
0
0
0
0
0
0
0
0
0
0
0
0
0
0
0
0
0
0
0
0
0
0
0
0
0
0
0
0
0
0
0
0
0
0
0
0
0
0
0
-0
