0
0
0
0
0
0
0
0
0
0
0
0
0
0
0
0
0
0
0
0
0
0
0
0
0
0
0
0
0
0
0
0
0
0
0
0
0
0
0
0
0
0
0
0
0
0
0
0
0
0
0
-0
-0
-0
-0
-0
-0
-0
-0
-0
-0
-0
-0
-0
-0
-0
-0
-0
-0
-0
-0
-0
-0
-0
-0
-0
-0
-0
-0
-0
-0
-0
-0
-0
-0
-0
-0
-0
-0
-0
-0
-0
-0
-0
-0
-0
-0
-0
-0
-0
-0
0
0
0
0
0
0
0
0
0
0
0
0
0
0
0
0
0
0
0
0
0
0
0
0
0
0
0
0
0
0
0
0
0
0
0
0
0
0
0
0
0
0
0
0
0
0
0
0
0
0
-0
-0
-0
-0
-0
-0
-0
-0
-0
-0
-0
-0
-0
-0
-0
-0
-0
-0
-0
-0
-0
-0
-0
-0
-0
-0
-0
-0
-0
-0
-0
-0
-0
-0
-0
-0
-0
-0
-0
-0
-0
-0
-0
-0
-0
-0
-0
-0
-0
-0
0
0
0
0
0
0
0
0
0
0
0
0
0
0
0
0
0
0
0
0
0
0
0
0
0
0
0
0
0
0
0
0
0
0
0
0
0
0
0
0
0
0
0
0
0
0
0
0
0
0
-0
-0
-0
-0
-0
-0
-0
-0
-0
-0
-0
-0
-0
-0
-0
-0
-0
-0
-0
-0
-0
-0
-0
-0
-0
-0
-0
-0
-0
-0
-0
-0
-0
-0
-0
-0
-0
-0
-0
-0
-0
-0
-0
-0
-0
-0
-0
-0
-0
-0
0
0
0
0
0
0
0
0
0
0
0
0
0
0
0
0
0
0
0
0
0
0
0
0
0
0
0
0
0
0
0
0
0
0
0
0
0
0
0
0
0
0
0
0
0
0
0
0
0
-0
-0
-0
-0
-0
-0
-0
-0
-0
-0
-0
-0
-0
-0
-0
-0
-0
-0
-0
-0
-0
-0
-0
-0
-0
-0
-0
-0
-0
-0
-0
-0
-0
-0
-0
-0
-0
-0
-0
-0
-0
-0
-0
-0
-0
-0
-0
-0
-0
-0
-0
0
0
0
0
0
0
0
0
0
0
0
0
0
0
0
0
0
0
0
0
0
0
0
0
0
0
0
0
0
0
0
0
0
0
0
0
0
0
0
0
0
0
0
0
0
0
0
0
0
0
-0
-0
-0
-0
-0
-0
-0
-0
-0
-0
-0
-0
-0
-0
-0
-0
-0
-0
-0
-0
-0
-0
-0
-0
-0
-0
-0
-0
-0
-0
-0
-0
-0
-0
-0
-0
-0
-0
-0
-0
-0
-0
-0
-0
-0
-0
-0
-0
-0
-0
0
0
0
0
0
0
0
0
0
0
0
0
0
0
0
0
0
0
0
0
0
0
0
0
0
0
0
0
0
0
0
0
0
0
0
0
0
0
0
0
0
0
0
0
0
0
0
0
0
-0
-0
-0
-0
-0
-0
-0
-0
-0
-0
-0
-0
-0
-0
-0
-0
-0
-0
-0
-0
-0
-0
-0
-0
-0
-0
-0
-0
-0
-0
-0
-0
-0
-0
-0
-0
-0
-0
-0
-0
-0
-0
-0
-0
-0
-0
-0
-0
-0
-0
-0
0
0
0
0
0
0
0
0
0
0
0
0
0
0
0
0
0
0
0
0
0
0
0
0
0
0
0
0
0
0
0
0
0
0
0
0
0
0
0
0
0
0
0
0
0
0
0
0
0
-0
-0
-0
-0
-0
-0
-0
-0
-0
-0
-0
-0
-0
-0
-0
-0
-0
-0
-0
-0
-0
-0
-0
-0
-0
-0
-0
-0
-0
-0
-0
-0
-0
-0
-0
-0
-0
-0
-0
-0
-0
-0
-0
-0
-0
-0
-0
-0
-0
-0
0
0
0
0
0
0
0
0
0
0
0
0
0
0
0
0
0
0
0
0
0
0
0
0
0
0
0
0
0
0
0
0
0
0
0
0
0
0
0
0
0
0
0
0
0
0
0
0
0
0
0
-0
-0
-0
-0
-0
-0
-0
-0
-0
-0
-0
-0
-0
-0
-0
-0
-0
-0
-0
-0
-0
-0
-0
-0
-0
-0
-0
-0
-0
-0
-0
-0
-0
-0
-0
-0
-0
-0
-0
-0
-0
-0
-0
-0
-0
-0
-0
-0
-0
-0
0
0
0
0
0
0
0
0
0
0
0
0
0
0
0
0
0
0
0
0
0
0
0
0
0
0
0
0
0
0
0
0
0
0
0
0
0
0
0
0
0
0
0
0
0
0
0
0
0
0
-0
-0
-0
-0
-0
-0
-0
-0
-0
-0
-0
-0
-0
-0
-0
-0
-0
-0
-0
-0
-0
-0
-0
-0
-0
-0
-0
-0
-0
-0
-0
-0
-0
-0
-0
-0
-0
-0
-0
-0
-0
-0
-0
-0
-0
-0
-0
-0
-0
-0
0
0
0
0
0
0
0
0
0
0
0
0
0
0
0
0
0
0
0
0
0
0
0
0
0
0
0
0
0
0
0
0
0
0
0
0
0
0
0
0
0
0
0
0
0
0
0
0
0
-0
-0
-0
-0
-0
-0
-0
-0
-0
-0
-0
-0
-0
-0
-0
-0
-0
-0
-0
-0
-0
-0
-0
-0
-0
-0
-0
-0
-0
-0
-0
-0
-0
-0
-0
-0
-0
-0
-0
-0
-0
-0
-0
-0
-0
-0
-0
-0
-0
-0
-0
0
0
0
0
0
0
0
0
0
0
0
0
0
0
0
0
0
0
0
0
0
0
0
0
0
0
0
0
0
0
0
0
0
0
0
0
0
0
0
0
0
0
0
0
0
0
0
0
0
-0
-0
-0
-0
-0
-0
-0
-0
-0
-0
-0
-0
-0
-0
-0
-0
-0
-0
-0
-0
-0
-0
-0
-0
-0
-0
-0
-0
-0
-0
-0
-0
-0
-0
-0
-0
-0
-0
-0
-0
-0
-0
-0
-0
-0
-0
-0
-0
-0
-0
0
0
0
0
0
0
0
0
0
0
0
0
0
0
0
0
0
0
0
0
0
0
0
0
0
0
0
0
0
0
0
0
0
0
0
0
0
0
0
0
0
0
0
0
0
0
0
0
0
0
-0
-0
-0
-0
-0
-0
-0
-0
-0
-0
-0
-0
-0
-0
-0
-0
-0
-0
-0
-0
-0
-0
-0
-0
-0
-0
-0
-0
-0
-0
-0
-0
-0
-0
-0
-0
-0
-0
-0
-0
-0
-0
-0
-0
-0
-0
-0
-0
-0
-0
-0
0
0
0
0
0
0
0
0
0
0
0
0
0
0
0
0
0
0
0
0
0
0
0
0
0
0
0
0
0
0
0
0
0
0
0
0
0
0
0
0
0
0
0
0
0
0
0
0
0
-0
-0
-0
-0
-0
-0
-0
-0
-0
-0
-0
-0
-0
-0
-0
-0
-0
-0
-0
-0
-0
-0
-0
-0
-0
-0
-0
-0
-0
-0
-0
-0
-0
-0
-0
-0
-0
-0
-0
-0
-0
-0
-0
-0
-0
-0
-0
-0
-0
-0
0
0
0
0
0
0
0
0
0
0
0
0
0
0
0
0
0
0
0
0
0
0
0
0
0
0
0
0
0
0
0
0
0
0
0
0
0
0
0
0
0
0
0
0
0
0
0
0
0
0
-0
-0
-0
-0
-0
-0
-0
-0
-0
-0
-0
-0
-0
-0
-0
-0
-0
-0
-0
-0
-0
-0
-0
-0
-0
-0
-0
-0
-0
-0
-0
-0
-0
-0
-0
-0
-0
-0
-0
-0
-0
-0
-0
-0
-0
-0
-0
-0
-0
-0
0
0
0
0
0
0
0
0
0
0
0
0
0
0
0
0
0
0
0
0
0
0
0
0
0
0
0
0
0
0
0
0
0
0
0
0
0
0
0
0
0
0
0
0
0
0
0
0
0
0
-0
-0
-0
-0
-0
-0
-0
-0
-0
-0
-0
-0
-0
-0
-0
-0
-0
-0
-0
-0
-0
-0
-0
-0
-0
-0
-0
-0
-0
-0
-0
-0
-0
-0
-0
-0
-0
-0
-0
-0
-0
-0
-0
-0
-0
-0
-0
-0
-0
-0
-0
0
0
0
0
0
0
0
0
0
0
0
0
0
0
0
0
0
0
0
0
0
0
0
0
0
0
0
0
0
0
0
0
0
0
0
0
0
0
0
0
0
0
0
0
0
0
0
0
0
0
-0
-0
-0
-0
-0
-0
-0
-0
-0
-0
-0
-0
-0
-0
-0
-0
-0
-0
-0
-0
-0
-0
-0
-0
-0
-0
-0
-0
-0
-0
-0
-0
-0
-0
-0
-0
-0
-0
-0
-0
-0
-0
-0
-0
-0
-0
-0
-0
-0
-0
0
0
0
0
0
0
0
0
0
0
0
0
0
0
0
0
0
0
0
0
0
0
0
0
0
0
0
0
0
0
0
0
0
0
0
0
0
0
0
0
0
0
0
0
0
0
0
0
0
0
-0
-0
-0
-0
-0
-0
-0
-0
-0
-0
-0
-0
-0
-0
-0
-0
-0
-0
-0
-0
-0
-0
-0
-0
-0
-0
-0
-0
-0
-0
-0
-0
-0
-0
-0
-0
-0
-0
-0
-0
-0
-0
-0
-0
-0
-0
-0
-0
-0
-0
0
0
0
0
0
0
0
0
0
0
0
0
0
0
0
0
0
0
0
0
0
0
0
0
0
0
0
0
0
0
0
0
0
0
0
0
0
0
0
0
0
0
0
0
0
0
0
0
0
0
-0
-0
-0
-0
-0
-0
-0
-0
-0
-0
-0
-0
-0
-0
-0
-0
-0
-0
-0
-0
-0
-0
-0
-0
-0
-0
-0
-0
-0
-0
-0
-0
-0
-0
-0
-0
-0
-0
-0
-0
-0
-0
-0
-0
-0
-0
-0
-0
-0
-0
0
0
0
0
0
0
0
0
0
0
0
0
0
0
0
0
0
0
0
0
0
0
0
0
0
0
0
0
0
0
0
0
0
0
0
0
0
0
0
0
0
0
0
0
0
0
0
0
0
0
-0
-0
-0
-0
-0
-0
-0
-0
-0
-0
-0
-0
-0
-0
-0
-0
-0
-0
-0
-0
-0
-0
-0
-0
-0
-0
-0
-0
-0
-0
-0
-0
-0
-0
-0
-0
-0
-0
-0
-0
-0
-0
-0
-0
-0
-0
-0
-0
-0
0
0
0
0
0
0
0
0
0
0
0
0
0
0
0
0
0
0
0
0
0
0
0
0
0
0
0
0
0
0
0
0
0
0
0
0
0
0
0
0
0
0
0
0
0
0
0
0
0
0
0
-0
-0
-0
-0
-0
-0
-0
-0
-0
-0
-0
-0
-0
-0
-0
-0
-0
-0
-0
-0
-0
-0
-0
-0
-0
-0
-0
-0
-0
-0
-0
-0
-0
-0
-0
-0
-0
-0
-0
-0
-0
-0
-0
-0
-0
-0
-0
-0
-0
-0
1.2244e-07
4.888e-07
1.0962e-06
1.9398e-06
3.0129e-06
4.3071e-06
5.8119e-06
7.5154e-06
9.4038e-06
1.1462e-05
1.3673e-05
1.6018e-05
1.8479e-05
2.1035e-05
2.3664e-05
2.6343e-05
2.905e-05
3.1759e-05
3.4448e-05
3.7091e-05
3.9663e-05
4.214e-05
4.4496e-05
4.6708e-05
4.875e-05
5.06e-05
5.2235e-05
5.3633e-05
5.4773e-05
5.5637e-05
5.6205e-05
5.6461e-05
5.639e-05
5.5979e-05
5.5215e-05
5.409e-05
5.2595e-05
5.0725e-05
4.8476e-05
4.5847e-05
4.2839e-05
3.9456e-05
3.5702e-05
3.1585e-05
2.7116e-05
2.2307e-05
1.7173e-05
1.1731e-05
5.9996e-06
1.5287e-18
-6.2445e-06
-1.2709e-05
-1.9366e-05
-2.6187e-05
-3.3142e-05
-4.0199e-05
-4.7325e-05
-5.4486e-05
-6.1647e-05
-6.8771e-05
-7.5822e-05
-8.2762e-05
-8.9554e-05
-9.616e-05
-0.00010254
-0.00010867
-0.00011449
-0.00011998
-0.0001251
-0.00012982
-0.0001341
-0.00013791
-0.00014123
-0.00014402
-0.00014625
-0.00014791
-0.00014897
-0.00014941
-0.00014921
-0.00014836
-0.00014686
-0.00014468
-0.00014183
-0.0001383
-0.00013409
-0.00012922
-0.00012367
-0.00011747
-0.00011062
-0.00010316
-9.5082e-05
-8.6427e-05
-7.7215e-05
-6.7477e-05
-5.7245e-05
-4.6555e-05
-3.5443e-05
-2.3951e-05
-1.2122e-05
3.8257e-19
1.2367e-05
2.4929e-05
3.7636e-05
5.0434e-05
6.3271e-05
7.6091e-05
8.8839e-05
0.00010146
0.00011389
0.00012608
0.00013797
0.00014951
0.00016063
0.00017129
0.00018142
0.00019099
0.00019993
0.0002082
0.00021575
0.00022255
0.00022854
0.00023369
0.00023796
0.00024132
0.00024375
0.00024522
0.0002457
0.00024518
0.00024365
0.00024109
0.00023751
0.0002329
0.00022727
0.00022062
0.00021297
0.00020434
0.00019474
0.00018421
0.00017277
0.00016047
0.00014733
0.0001334
0.00011873
0.00010337
8.7375e-05
7.0802e-05
5.3713e-05
3.6171e-05
1.8244e-05
2.5795e-18
-1.8489e-05
-3.7149e-05
-5.5905e-05
-7.4682e-05
-9.34e-05
-0.00011198
-0.00013035
-0.00014843
-0.00016613
-0.00018339
-0.00020012
-0.00021625
-0.0002317
-0.00024641
-0.0002603
-0.00027331
-0.00028537
-0.00029642
-0.00030641
-0.00031528
-0.00032297
-0.00032946
-0.00033469
-0.00033863
-0.00034125
-0.00034252
-0.00034243
-0.00034095
-0.00033808
-0.00033382
-0.00032816
-0.00032112
-0.00031271
-0.00030294
-0.00029185
-0.00027947
-0.00026582
-0.00025095
-0.00023492
-0.00021777
-0.00019957
-0.00018037
-0.00016024
-0.00013926
-0.0001175
-9.5049e-05
-7.1983e-05
-4.8391e-05
-2.4366e-05
3.4407e-18
2.4611e-05
4.9369e-05
7.4175e-05
9.8929e-05
0.00012353
0.00014788
0.00017187
0.0001954
0.00021838
0.0002407
0.00026227
0.00028299
0.00030278
0.00032154
0.00033918
0.00035563
0.00037081
0.00038464
0.00039706
0.000408
0.00041741
0.00042523
0.00043142
0.00043594
0.00043875
0.00043983
0.00043916
0.00043672
0.00043252
0.00042655
0.00041882
0.00040934
0.00039815
0.00038527
0.00037073
0.00035459
0.00033689
0.0003177
0.00029707
0.00027508
0.00025181
0.00022734
0.00020176
0.00017515
0.00014763
0.0001193
9.0252e-05
6.0611e-05
3.0488e-05
9.5462e-19
-3.0733e-05
-6.1589e-05
-9.2445e-05
-0.00012318
-0.00015366
-0.00018377
-0.00021338
-0.00024237
-0.00027062
-0.00029801
-0.00032442
-0.00034974
-0.00037385
-0.00039666
-0.00041806
-0.00043795
-0.00045625
-0.00047286
-0.00048771
-0.00050073
-0.00051185
-0.00052101
-0.00052815
-0.00053325
-0.00053625
-0.00053714
-0.00053589
-0.0005325
-0.00052696
-0.00051928
-0.00050947
-0.00049756
-0.00048359
-0.00046759
-0.00044961
-0.00042972
-0.00040797
-0.00038444
-0.00035922
-0.00033239
-0.00030405
-0.00027431
-0.00024327
-0.00021105
-0.00017776
-0.00014354
-0.00010852
-7.2831e-05
-3.661e-05
9.1745e-18
3.6855e-05
7.3809e-05
0.00011071
0.00014742
0.00018379
0.00021966
0.00025489
0.00028934
0.00032286
0.00035532
0.00038657
0.00041648
0.00044493
0.00047179
0.00049694
0.00052027
0.00054169
0.00056108
0.00057837
0.00059346
0.00060628
0.00061678
0.00062488
0.00063055
0.00063375
0.00063445
0.00063262
0.00062827
0.00062139
0.000612
0.00060012
0.00058579
0.00056903
0.00054991
0.00052849
0.00050484
0.00047904
0.00045118
0.00042137
0.0003897
0.0003563
0.00032128
0.00028478
0.00024694
0.00020789
0.00016779
0.00012679
8.5051e-05
4.2732e-05
-3.3458e-18
-4.2977e-05
-8.6029e-05
-0.00012898
-0.00017167
-0.00021392
-0.00025555
-0.00029641
-0.00033631
-0.00037511
-0.00041263
-0.00044871
-0.00048322
-0.000516
-0.00054691
-0.00057582
-0.0006026
-0.00062713
-0.0006493
-0.00066902
-0.00068619
-0.00070072
-0.00071255
-0.00072161
-0.00072786
-0.00073125
-0.00073175
-0.00072935
-0.00072404
-0.00071583
-0.00070473
-0.00069078
-0.00067401
-0.00065447
-0.00063223
-0.00060737
-0.00057997
-0.00055012
-0.00051793
-0.00048352
-0.00044701
-0.00040854
-0.00036825
-0.0003263
-0.00028283
-0.00023802
-0.00019204
-0.00014506
-9.7271e-05
-4.8854e-05
-4.5851e-18
4.9099e-05
9.8249e-05
0.00014725
0.00019592
0.00024405
0.00029144
0.00033792
0.00038328
0.00042735
0.00046993
0.00051086
0.00054997
0.00058707
0.00062204
0.0006547
0.00068492
0.00071257
0.00073752
0.00075967
0.00077892
0.00079516
0.00080832
0.00081835
0.00082517
0.00082875
0.00082906
0.00082608
0.00081982
0.00081027
0.00079746
0.00078143
0.00076223
0.00073991
0.00071455
0.00068625
0.00065509
0.00062119
0.00058467
0.00054567
0.00050432
0.00046078
0.00041522
0.00036781
0.00031872
0.00026815
0.00021629
0.00016333
0.00010949
5.4976e-05
-1.0322e-17
-5.5221e-05
-0.00011047
-0.00016552
-0.00022017
-0.00027418
-0.00032734
-0.00037943
-0.00043025
-0.00047959
-0.00052724
-0.00057301
-0.00061671
-0.00065815
-0.00069716
-0.00073358
-0.00076724
-0.00079801
-0.00082575
-0.00085033
-0.00087164
-0.0008896
-0.0009041
-0.00091508
-0.00092248
-0.00092625
-0.00092637
-0.00092282
-0.00091559
-0.00090471
-0.00089019
-0.00087208
-0.00085045
-0.00082535
-0.00079688
-0.00076513
-0.00073022
-0.00069227
-0.00065142
-0.00060782
-0.00056163
-0.00051303
-0.00046219
-0.00040932
-0.00035461
-0.00029828
-0.00024053
-0.0001816
-0.00012171
-6.1098e-05
9.5572e-19
6.0976e-05
0.00012147
0.00018124
0.00024005
0.00029768
0.0003539
0.00040849
0.00046126
0.00051198
0.00056048
0.00060657
0.00065008
0.00069084
0.00072871
0.00076355
0.00079523
0.00082364
0.00084868
0.00087027
0.00088833
0.00090282
0.00091367
0.00092088
0.00092442
0.0009243
0.00092053
0.00091314
0.00090218
0.00088771
0.00086979
0.00084851
0.00082398
0.0007963
0.00076559
0.000732
0.00069566
0.00065673
0.00061537
0.00057177
0.0005261
0.00047855
0.00042931
0.0003786
0.00032662
0.00027357
0.00021968
0.00016516
0.00011022
5.5099e-05
-1.6306e-17
-5.4854e-05
-0.00010925
-0.00016297
-0.0002158
-0.00026755
-0.000318
-0.00036698
-0.00041428
-0.00045974
-0.00050317
-0.00054442
-0.00058334
-0.00061977
-0.00065359
-0.00068467
-0.00071291
-0.0007382
-0.00076046
-0.00077962
-0.00079561
-0.00080838
-0.0008179
-0.00082415
-0.00082711
-0.0008268
-0.00082322
-0.00081641
-0.00080641
-0.00079327
-0.00077706
-0.00075786
-0.00073576
-0.00071086
-0.00068327
-0.00065312
-0.00062053
-0.00058565
-0.00054863
-0.00050962
-0.00046879
-0.0004263
-0.00038234
-0.00033709
-0.00029073
-0.00024344
-0.00019543
-0.00014689
-9.8004e-05
-4.8977e-05
6.102e-18
4.8732e-05
9.7027e-05
0.0001447
0.00019155
0.00023742
0.00028211
0.00032547
0.00036731
0.0004075
0.00044586
0.00048227
0.00051659
0.00054869
0.00057846
0.00060579
0.00063059
0.00065276
0.00067224
0.00068896
0.00070288
0.00071394
0.00072213
0.00072742
0.00072981
0.0007293
0.00072591
0.00071968
0.00071064
0.00069883
0.00068433
0.00066721
0.00064754
0.00062542
0.00060095
0.00057424
0.00054541
0.00051458
0.00048189
0.00044747
0.00041148
0.00037406
0.00033537
0.00029558
0.00025483
0.00021331
0.00017119
0.00012862
8.5784e-05
4.2855e-05
1.9994e-18
-4.261e-05
-8.4807e-05
-0.00012643
-0.00016731
-0.00020729
-0.00024622
-0.00028395
-0.00032034
-0.00035525
-0.00038856
-0.00042013
-0.00044985
-0.00047762
-0.00050334
-0.00052691
-0.00054826
-0.00056732
-0.00058402
-0.00059831
-0.00061015
-0.00061951
-0.00062636
-0.00063069
-0.0006325
-0.0006318
-0.00062861
-0.00062295
-0.00061486
-0.0006044
-0.0005916
-0.00057655
-0.00055932
-0.00053998
-0.00051863
-0.00049536
-0.00047028
-0.0004435
-0.00041514
-0.00038532
-0.00035417
-0.00032182
-0.0002884
-0.00025406
-0.00021894
-0.00018319
-0.00014694
-0.00011035
-7.3564e-05
-3.6732e-05
8.5727e-18
3.6488e-05
7.2587e-05
0.00010816
0.00014306
0.00017716
0.00021033
0.00024244
0.00027337
0.00030301
0.00033125
0.00035798
0.00038311
0.00040655
0.00042821
0.00044803
0.00046594
0.00048188
0.0004958
0.00050766
0.00051742
0.00052507
0.00053058
0.00053396
0.00053519
0.0005343
0.0005313
0.00052622
0.00051909
0.00050996
0.00049888
0.0004859
0.0004711
0.00045454
0.00043631
0.00041648
0.00039516
0.00037243
0.0003484
0.00032317
0.00029686
0.00026957
0.00024143
0.00021255
0.00018305
0.00015306
0.00012269
9.2079e-05
6.1344e-05
3.061e-05
-1.9046e-18
-3.0365e-05
-6.0367e-05
-8.9887e-05
-0.00011881
-0.00014703
-0.00017444
-0.00020093
-0.0002264
-0.00025077
-0.00027394
-0.00029583
-0.00031636
-0.00033547
-0.00035309
-0.00036915
-0.00038362
-0.00039644
-0.00040758
-0.000417
-0.00042469
-0.00043063
-0.00043481
-0.00043722
-0.00043788
-0.0004368
-0.00043399
-0.00042949
-0.00042332
-0.00041552
-0.00040615
-0.00039525
-0.00038288
-0.0003691
-0.00035398
-0.0003376
-0.00032003
-0.00030136
-0.00028166
-0.00026103
-0.00023955
-0.00021733
-0.00019446
-0.00017104
-0.00014716
-0.00012293
-9.8444e-05
-7.3809e-05
-4.9124e-05
-2.4488e-05
8.3678e-18
2.4243e-05
4.8147e-05
7.1617e-05
9.4564e-05
0.0001169
0.00013854
0.00015941
0.00017943
0.00019852
0.00021663
0.00023368
0.00024962
0.0002644
0.00027796
0.00029028
0.0003013
0.000311
0.00031936
0.00032635
0.00033197
0.0003362
0.00033904
0.00034049
0.00034058
0.0003393
0.00033668
0.00033276
0.00032754
0.00032109
0.00031342
0.00030459
0.00029466
0.00028366
0.00027166
0.00025872
0.00024491
0.00023028
0.00021491
0.00019888
0.00018224
0.00016509
0.00014749
0.00012952
0.00011127
9.2798e-05
7.4197e-05
5.554e-05
3.6904e-05
1.8366e-05
-3.133e-18
-1.8121e-05
-3.5927e-05
-5.3347e-05
-7.0317e-05
-8.6772e-05
-0.00010265
-0.0001179
-0.00013246
-0.00014628
-0.00015932
-0.00017153
-0.00018288
-0.00019332
-0.00020284
-0.0002114
-0.00021898
-0.00022556
-0.00023114
-0.0002357
-0.00023924
-0.00024176
-0.00024326
-0.00024376
-0.00024327
-0.0002418
-0.00023938
-0.00023602
-0.00023177
-0.00022665
-0.00022069
-0.00021394
-0.00020644
-0.00019822
-0.00018934
-0.00017984
-0.00016978
-0.00015921
-0.00014817
-0.00013673
-0.00012493
-0.00011285
-0.00010052
-8.8009e-05
-7.5374e-05
-6.2669e-05
-4.9949e-05
-3.727e-05
-2.4684e-05
-1.2244e-05
4.7798e-22
1.1999e-05
2.3707e-05
3.5078e-05
4.607e-05
5.6643e-05
6.6759e-05
7.6385e-05
8.5487e-05
9.4038e-05
0.00010201
0.00010938
0.00011613
0.00012225
0.00012771
0.00013252
0.00013665
0.00014012
0.00014292
0.00014505
0.00014651
0.00014732
0.00014749
0.00014703
0.00014596
0.0001443
0.00014207
0.00013929
0.000136
0.00013221
0.00012796
0.00012329
0.00011822
0.00011278
0.00010702
0.00010097
9.4658e-05
8.8132e-05
8.1427e-05
7.4579e-05
6.7625e-05
6.0602e-05
5.3547e-05
4.6495e-05
3.9481e-05
3.2539e-05
2.5702e-05
1.9e-05
1.2464e-05
6.1221e-06
-1.6858e-18
-5.8772e-06
-1.1487e-05
-1.6808e-05
-2.1823e-05
-2.6514e-05
-3.0867e-05
-3.4871e-05
-3.8516e-05
-4.1794e-05
-4.4701e-05
-4.7233e-05
-4.939e-05
-5.1174e-05
-5.2588e-05
-5.3638e-05
-5.4333e-05
-5.4682e-05
-5.4697e-05
-5.4392e-05
-5.3782e-05
-5.2885e-05
-5.1717e-05
-5.03e-05
-4.8654e-05
-4.68e-05
-4.4761e-05
-4.2562e-05
-4.0225e-05
-3.7775e-05
-3.5237e-05
-3.2635e-05
-2.9995e-05
-2.7341e-05
-2.4697e-05
-2.2086e-05
-1.9533e-05
-1.7058e-05
-1.4684e-05
-1.243e-05
-1.0316e-05
-8.3589e-06
-6.5759e-06
-4.9816e-06
-3.5892e-06
-2.4103e-06
-1.4548e-06
-7.3079e-07
-2.444e-07
-0
-0
0
0
0
0
0
0
0
0
0
0
0
0
0
0
0
0
0
0
0
0
0
0
0
0
0
0
0
0
0
0
0
0
0
0
0
0
0
0
0
0
0
0
0
0
0
0
0
0
0
0
-0
-0
-0
-0
-0
-0
-0
-0
-0
-0
-0
-0
-0
-0
-0
-0
-0
-0
-0
-0
-0
-0
-0
-0
-0
-0
-0
-0
-0
-0
-0
-0
-0
-0
-0
-0
-0
-0
-0
-0
-0
-0
-0
-0
-0
-0
-0
-0
-0
-0
0
0
0
0
0
0
0
0
0
0
0
0
0
0
0
0
0
0
0
0
0
0
0
0
0
0
0
0
0
0
0
0
0
0
0
0
0
0
0
0
0
0
0
0
0
0
0
0
0
0
-0
-0
-0
-0
-0
-0
-0
-0
-0
-0
-0
-0
-0
-0
-0
-0
-0
-0
-0
-0
-0
-0
-0
-0
-0
-0
-0
-0
-0
-0
-0
-0
-0
-0
-0
-0
-0
-0
-0
-0
-0
-0
-0
-0
-0
-0
-0
-0
-0
-0
0
0
0
0
0
0
0
0
0
0
0
0
0
0
0
0
0
0
0
0
0
0
0
0
0
0
0
0
0
0
0
0
0
0
0
0
0
0
0
0
0
0
0
0
0
0
0
0
0
0
-0
-0
-0
-0
-0
-0
-0
-0
-0
-0
-0
-0
-0
-0
-0
-0
-0
-0
-0
-0
-0
-0
-0
-0
-0
-0
-0
-0
-0
-0
-0
-0
-0
-0
-0
-0
-0
-0
-0
-0
-0
-0
-0
-0
-0
-0
-0
-0
-0
-0
0
0
0
0
0
0
0
0
0
0
0
0
0
0
0
0
0
0
0
0
0
0
0
0
0
0
0
0
0
0
0
0
0
0
0
0
0
0
0
0
0
0
0
0
0
0
0
0
0
0
-0
-0
-0
-0
-0
-0
-0
-0
-0
-0
-0
-0
-0
-0
-0
-0
-0
-0
-0
-0
-0
-0
-0
-0
-0
-0
-0
-0
-0
-0
-0
-0
-0
-0
-0
-0
-0
-0
-0
-0
-0
-0
-0
-0
-0
-0
-0
-0
-0
-0
0
0
0
0
0
0
0
0
0
0
0
0
0
0
0
0
0
0
0
0
0
0
0
0
0
0
0
0
0
0
0
0
0
0
0
0
0
0
0
0
0
0
0
0
0
0
0
0
0
0
-0
-0
-0
-0
-0
-0
-0
-0
-0
-0
-0
-0
-0
-0
-0
-0
-0
-0
-0
-0
-0
-0
-0
-0
-0
-0
-0
-0
-0
-0
-0
-0
-0
-0
-0
-0
-0
-0
-0
-0
-0
-0
-0
-0
-0
-0
-0
-0
-0
-0
0
0
0
0
0
0
0
0
0
0
0
0
0
0
0
0
0
0
0
0
0
0
0
0
0
0
0
0
0
0
0
0
0
0
0
0
0
0
0
0
0
0
0
0
0
0
0
0
0
-0
-0
-0
-0
-0
-0
-0
-0
-0
-0
-0
-0
-0
-0
-0
-0
-0
-0
-0
-0
-0
-0
-0
-0
-0
-0
-0
-0
-0
-0
-0
-0
-0
-0
-0
-0
-0
-0
-0
-0
-0
-0
-0
-0
-0
-0
-0
-0
-0
-0
-0
0
0
0
0
0
0
0
0
0
0
0
0
0
0
0
0
0
0
0
0
0
0
0
0
0
0
0
0
0
0
0
0
0
0
0
0
0
0
0
0
0
0
0
0
0
0
0
0
0
0
-0
-0
-0
-0
-0
-0
-0
-0
-0
-0
-0
-0
-0
-0
-0
-0
-0
-0
-0
-0
-0
-0
-0
-0
-0
-0
-0
-0
-0
-0
-0
-0
-0
-0
-0
-0
-0
-0
-0
-0
-0
-0
-0
-0
-0
-0
-0
-0
-0
-0
0
0
0
0
0
0
0
0
0
0
0
0
0
0
0
0
0
0
0
0
0
0
0
0
0
0
0
0
0
0
0
0
0
0
0
0
0
0
0
0
0
0
0
0
0
0
0
0
0
0
-0
-0
-0
-0
-0
-0
-0
-0
-0
-0
-0
-0
-0
-0
-0
-0
-0
-0
-0
-0
-0
-0
-0
-0
-0
-0
-0
-0
-0
-0
-0
-0
-0
-0
-0
-0
-0
-0
-0
-0
-0
-0
-0
-0
-0
-0
-0
-0
-0
0
0
0
0
0
0
0
0
0
0
0
0
0
0
0
0
0
0
0
0
0
0
0
0
0
0
0
0
0
0
0
0
0
0
0
0
0
0
0
0
0
0
0
0
0
0
0
0
0
0
0
-0
-0
-0
-0
-0
-0
-0
-0
-0
-0
-0
-0
-0
-0
-0
-0
-0
-0
-0
-0
-0
-0
-0
-0
-0
-0
-0
-0
-0
-0
-0
-0
-0
-0
-0
-0
-0
-0
-0
-0
-0
-0
-0
-0
-0
-0
-0
-0
-0
-0
0
0
0
0
0
0
0
0
0
0
0
0
0
0
0
0
0
0
0
0
0
0
0
0
0
0
0
0
0
0
0
0
0
0
0
0
0
0
0
0
0
0
0
0
0
0
0
0
0
-0
-0
-0
-0
-0
-0
-0
-0
-0
-0
-0
-0
-0
-0
-0
-0
-0
-0
-0
-0
-0
-0
-0
-0
-0
-0
-0
-0
-0
-0
-0
-0
-0
-0
-0
-0
-0
-0
-0
-0
-0
-0
-0
-0
-0
-0
-0
-0
-0
-0
-0
0
0
0
0
0
0
0
0
0
0
0
0
0
0
0
0
0
0
0
0
0
0
0
0
0
0
0
0
0
0
0
0
0
0
0
0
0
0
0
0
0
0
0
0
0
0
0
0
0
0
-0
-0
-0
-0
-0
-0
-0
-0
-0
-0
-0
-0
-0
-0
-0
-0
-0
-0
-0
-0
-0
-0
-0
-0
-0
-0
-0
-0
-0
-0
-0
-0
-0
-0
-0
-0
-0
-0
-0
-0
-0
-0
-0
-0
-0
-0
-0
-0
-0
-0
0
0
0
0
0
0
0
0
0
0
0
0
0
0
0
0
0
0
0
0
0
0
0
0
0
0
0
0
0
0
0
0
0
0
0
0
0
0
0
0
0
0
0
0
0
0
0
0
0
-0
-0
-0
-0
-0
-0
-0
-0
-0
-0
-0
-0
-0
-0
-0
-0
-0
-0
-0
-0
-0
-0
-0
-0
-0
-0
-0
-0
-0
-0
-0
-0
-0
-0
-0
-0
-0
-0
-0
-0
-0
-0
-0
-0
-0
-0
-0
-0
-0
-0
0
0
0
0
0
0
0
0
0
0
0
0
0
0
0
0
0
0
0
0
0
0
0
0
0
0
0
0
0
0
0
0
0
0
0
0
0
0
0
0
0
0
0
0
0
0
0
0
0
0
0
-0
-0
-0
-0
-0
-0
-0
-0
-0
-0
-0
-0
-0
-0
-0
-0
-0
-0
-0
-0
-0
-0
-0
-0
-0
-0
-0
-0
-0
-0
-0
-0
-0
-0
-0
-0
-0
-0
-0
-0
-0
-0
-0
-0
-0
-0
-0
-0
-0
-0
0
0
0
0
0
0
0
0
0
0
0
0
0
0
0
0
0
0
0
0
0
0
0
0
0
0
0
0
0
0
0
0
0
0
0
0
0
0
0
0
0
0
0
0
0
0
0
0
0
-0
-0
-0
-0
-0
-0
-0
-0
-0
-0
-0
-0
-0
-0
-0
-0
-0
-0
-0
-0
-0
-0
-0
-0
-0
-0
-0
-0
-0
-0
-0
-0
-0
-0
-0
-0
-0
-0
-0
-0
-0
-0
-0
-0
-0
-0
-0
-0
-0
-0
0
0
0
0
0
0
0
0
0
0
0
0
0
0
0
0
0
0
0
0
0
0
0
0
0
0
0
0
0
0
0
0
0
0
0
0
0
0
0
0
0
0
0
0
0
0
0
0
0
0
-0
-0
-0
-0
-0
-0
-0
-0
-0
-0
-0
-0
-0
-0
-0
-0
-0
-0
-0
-0
-0
-0
-0
-0
-0
-0
-0
-0
-0
-0
-0
-0
-0
-0
-0
-0
-0
-0
-0
-0
-0
-0
-0
-0
-0
-0
-0
-0
-0
-0
-0
0
0
0
0
0
0
0
0
0
0
0
0
0
0
0
0
0
0
0
0
0
0
0
0
0
0
0
0
0
0
0
0
0
0
0
0
0
0
0
0
0
0
0
0
0
0
0
0
0
0
-0
-0
-0
-0
-0
-0
-0
-0
-0
-0
-0
-0
-0
-0
-0
-0
-0
-0
-0
-0
-0
-0
-0
-0
-0
-0
-0
-0
-0
-0
-0
-0
-0
-0
-0
-0
-0
-0
-0
-0
-0
-0
-0
-0
-0
-0
-0
-0
-0
0
0
0
0
0
0
0
0
0
0
0
0
0
0
0
0
0
0
0
0
0
0
0
0
0
0
0
0
0
0
0
0
0
0
0
0
0
0
0
0
0
0
0
0
0
0
0
0
0
0
-0
-0
-0
-0
-0
-0
-0
-0
-0
-0
-0
-0
-0
-0
-0
-0
-0
-0
-0
-0
-0
-0
-0
-0
-0
-0
-0
-0
-0
-0
-0
-0
-0
-0
-0
-0
-0
-0
-0
-0
-0
-0
-0
-0
-0
-0
-0
-0
-0
-0
0
0
0
0
0
0
0
0
0
0
0
0
0
0
0
0
0
0
0
0
0
0
0
0
0
0
0
0
0
0
0
0
0
0
0
0
0
0
0
0
0
0
0
0
0
0
0
0
0
0
0
-0
-0
-0
-0
-0
-0
-0
-0
-0
-0
-0
-0
-0
-0
-0
-0
-0
-0
-0
-0
-0
-0
-0
-0
-0
-0
-0
-0
-0
-0
-0
-0
-0
-0
-0
-0
-0
-0
-0
-0
-0
-0
-0
-0
-0
-0
-0
-0
-0
-0
0
0
0
0
0
0
0
0
0
0
0
0
0
0
0
0
0
0
0
0
0
0
0
0
0
0
0
0
0
0
0
0
0
0
0
0
0
0
0
0
0
0
0
0
0
0
0
0
0
-0
-0
-0
-0
-0
-0
-0
-0
-0
-0
-0
-0
-0
-0
-0
-0
-0
-0
-0
-0
-0
-0
-0
-0
-0
-0
-0
-0
-0
-0
-0
-0
-0
-0
-0
-0
-0
-0
-0
-0
-0
-0
-0
-0
-0
-0
-0
-0
-0
-0
0
0
0
0
0
0
0
0
0
0
0
0
0
0
0
0
0
0
0
0
0
0
0
0
0
0
0
0
0
0
0
0
0
0
0
0
0
0
0
0
0
0
0
0
0
0
0
0
0
0
-0
-0
-0
-0
-0
-0
-0
-0
-0
-0
-0
-0
-0
-0
-0
-0
-0
-0
-0
-0
-0
-0
-0
-0
-0
-0
-0
-0
-0
-0
-0
-0
-0
-0
-0
-0
-0
-0
-0
-0
-0
-0
-0
-0
-0
-0
-0
-0
-0
-0
0
0
0
0
0
0
0
0
0
0
0
0
0
0
0
0
0
0
0
0
0
0
0
0
0
0
0
0
0
0
0
0
0
0
0
0
0
0
0
0
0
0
0
0
0
0
0
0
0
0
0
-0
-0
-0
-0
-0
-0
-0
-0
-0
-0
-0
-0
-0
-0
-0
-0
-0
-0
-0
-0
-0
-0
-0
-0
-0
-0
-0
-0
-0
-0
-0
-0
-0
-0
-0
-0
-0
-0
-0
-0
-0
-0
-0
-0
-0
-0
-0
-0
-0
-0
0
0
0
0
0
0
0
0
0
0
0
0
0
0
0
0
0
0
0
0
0
0
0
0
0
0
0
0
0
0
0
0
0
0
0
0
0
0
0
0
0
0
0
0
0
0
0
0
0
0
-0
-0
-0
-0
-0
-0
-0
-0
-0
-0
-0
-0
-0
-0
-0
-0
-0
-0
-0
-0
-0
-0
-0
-0
-0
-0
-0
-0
-0
-0
-0
-0
-0
-0
-0
-0
-0
-0
-0
-0
-0
-0
-0
-0
-0
-0
-0
-0
-0
0
0
0
0
0
0
0
0
0
0
0
0
0
0
0
0
0
0
0
0
0
0
0
0
0
0
0
0
0
0
0
0
0
0
0
0
0
0
0
0
0
0
0
0
0
0
0
0
0
0
-0
-0
-0
-0
-0
-0
-0
-0
-0
-0
-0
-0
-0
-0
-0
-0
-0
-0
-0
-0
-0
-0
-0
-0
-0
-0
-0
-0
-0
-0
-0
-0
-0
-0
-0
-0
-0
-0
-0
-0
-0
-0
-0
-0
-0
-0
-0
-0
-0
-0
-0
0
0
0
0
0
0
0
0
0
0
0
0
0
0
0
0
0
0
0
0
0
0
0
0
0
0
0
0
0
0
0
0
0
0
0
0
0
0
0
0
0
0
0
0
0
0
0
0
0
0
-0
-0
-0
-0
-0
-0
-0
-0
-0
-0
-0
-0
-0
-0
-0
-0
-0
-0
-0
-0
-0
-0
-0
-0
-0
-0
-0
-0
-0
-0
-0
-0
-0
-0
-0
-0
-0
-0
-0
-0
-0
-0
-0
-0
-0
-0
-0
-0
-0
-0
0
0
0
0
0
0
0
0
0
0
0
0
0
0
0
0
0
0
0
0
0
0
0
0
0
0
0
0
0
0
0
0
0
0
0
0
0
0
0
0
0
0
0
0
0
0
0
0
0
-0
-0
-0
-0
-0
-0
-0
-0
-0
-0
-0
-0
-0
-0
-0
-0
-0
-0
-0
-0
-0
-0
-0
-0
-0
-0
-0
-0
-0
-0
-0
-0
-0
-0
-0
-0
-0
-0
-0
-0
-0
-0
-0
-0
-0
-0
-0
-0
-0
-0
0
0
0
0
0
0
0
0
0
0
0
0
0
0
0
0
0
0
0
0
0
0
0
0
0
0
0
0
0
0
0
0
0
0
0
0
0
0
0
0
0
0
0
0
0
0
0
0
0
0
0
-0
-0
-0
-0
-0
-0
-0
-0
-0
-0
-0
-0
-0
-0
-0
-0
-0
-0
-0
-0
-0
-0
-0
-0
-0
-0
-0
-0
-0
-0
-0
-0
-0
-0
-0
-0
-0
-0
-0
-0
-0
-0
-0
-0
-0
-0
-0
-0
-0
-0
0
0
0
0
0
0
0
0
0
0
0
0
0
0
0
0
0
0
0
0
0
0
0
0
0
0
0
0
0
0
0
0
0
0
0
0
0
0
0
0
0
0
0
0
0
0
0
0
0
0
-0
-0
-0
-0
-0
-0
-0
-0
-0
-0
-0
-0
-0
-0
-0
-0
-0
-0
-0
-0
-0
-0
-0
-0
-0
-0
-0
-0
-0
-0
-0
-0
-0
-0
-0
-0
-0
-0
-0
-0
-0
-0
-0
-0
-0
-0
-0
-0
-0
0
0
0
0
0
0
0
0
0
0
0
0
0
0
0
0
0
0
0
0
0
0
0
0
0
0
0
0
0
0
0
0
0
0
0
0
0
0
0
0
0
0
0
0
0
0
0
0
0
0
-0
-0
-0
-0
-0
-0
-0
-0
-0
-0
-0
-0
-0
-0
-0
-0
-0
-0
-0
-0
-0
-0
-0
-0
-0
-0
-0
-0
-0
-0
-0
-0
-0
-0
-0
-0
-0
-0
-0
-0
-0
-0
-0
-0
-0
-0
-0
-0
-0
-0
0
1.2244e-07
4.888e-07
1.0962e-06
1.9398e-06
3.0129e-06
4.3071e-06
5.8119e-06
7.5154e-06
9.4038e-06
1.1462e-05
1.3673e-05
1.6018e-05
1.8479e-05
2.1035e-05
2.3664e-05
2.6343e-05
2.905e-05
3.1759e-05
3.4448e-05
3.7091e-05
3.9663e-05
4.214e-05
4.4496e-05
4.6708e-05
4.875e-05
5.06e-05
5.2235e-05
5.3633e-05
5.4773e-05
5.5637e-05
5.6205e-05
5.6461e-05
5.639e-05
5.5979e-05
5.5215e-05
5.409e-05
5.2595e-05
5.0725e-05
4.8476e-05
4.5847e-05
4.2839e-05
3.9456e-05
3.5702e-05
3.1585e-05
2.7116e-05
2.2307e-05
1.7173e-05
1.1731e-05
5.9996e-06
1.0506e-18
-6.2445e-06
-1.2709e-05
-1.9366e-05
-2.6187e-05
-3.3142e-05
-4.0199e-05
-4.7325e-05
-5.4486e-05
-6.1647e-05
-6.8771e-05
-7.5822e-05
-8.2762e-05
-8.9554e-05
-9.616e-05
-0.00010254
-0.00010867
-0.00011449
-0.00011998
-0.0001251
-0.00012982
-0.0001341
-0.00013791
-0.00014123
-0.00014402
-0.00014625
-0.00014791
-0.00014897
-0.00014941
-0.00014921
-0.00014836
-0.00014686
-0.00014468
-0.00014183
-0.0001383
-0.00013409
-0.00012922
-0.00012367
-0.00011747
-0.00011062
-0.00010316
-9.5082e-05
-8.6427e-05
-7.7215e-05
-6.7477e-05
-5.7245e-05
-4.6555e-05
-3.5443e-05
-2.3951e-05
-1.2122e-05
6.881e-18
1.2367e-05
2.4929e-05
3.7636e-05
5.0434e-05
6.3271e-05
7.6091e-05
8.8839e-05
0.00010146
0.00011389
0.00012608
0.00013797
0.00014951
0.00016063
0.00017129
0.00018142
0.00019099
0.00019993
0.0002082
0.00021575
0.00022255
0.00022854
0.00023369
0.00023796
0.00024132
0.00024375
0.00024522
0.0002457
0.00024518
0.00024365
0.00024109
0.00023751
0.0002329
0.00022727
0.00022062
0.00021297
0.00020434
0.00019474
0.00018421
0.00017277
0.00016047
0.00014733
0.0001334
0.00011873
0.00010337
8.7375e-05
7.0802e-05
5.3713e-05
3.6171e-05
1.8244e-05
-7.1682e-18
-1.8489e-05
-3.7149e-05
-5.5905e-05
-7.4682e-05
-9.34e-05
-0.00011198
-0.00013035
-0.00014843
-0.00016613
-0.00018339
-0.00020012
-0.00021625
-0.0002317
-0.00024641
-0.0002603
-0.00027331
-0.00028537
-0.00029642
-0.00030641
-0.00031528
-0.00032297
-0.00032946
-0.00033469
-0.00033863
-0.00034125
-0.00034252
-0.00034243
-0.00034095
-0.00033808
-0.00033382
-0.00032816
-0.00032112
-0.00031271
-0.00030294
-0.00029185
-0.00027947
-0.00026582
-0.00025095
-0.00023492
-0.00021777
-0.00019957
-0.00018037
-0.00016024
-0.00013926
-0.0001175
-9.5049e-05
-7.1983e-05
-4.8391e-05
-2.4366e-05
-1.6816e-17
2.4611e-05
4.9369e-05
7.4175e-05
9.8929e-05
0.00012353
0.00014788
0.00017187
0.0001954
0.00021838
0.0002407
0.00026227
0.00028299
0.00030278
0.00032154
0.00033918
0.00035563
0.00037081
0.00038464
0.00039706
0.000408
0.00041741
0.00042523
0.00043142
0.00043594
0.00043875
0.00043983
0.00043916
0.00043672
0.00043252
0.00042655
0.00041882
0.00040934
0.00039815
0.00038527
0.00037073
0.00035459
0.00033689
0.0003177
0.00029707
0.00027508
0.00025181
0.00022734
0.00020176
0.00017515
0.00014763
0.0001193
9.0252e-05
6.0611e-05
3.0488e-05
2.6275e-17
-3.0733e-05
-6.1589e-05
-9.2445e-05
-0.00012318
-0.00015366
-0.00018377
-0.00021338
-0.00024237
-0.00027062
-0.00029801
-0.00032442
-0.00034974
-0.00037385
-0.00039666
-0.00041806
-0.00043795
-0.00045625
-0.00047286
-0.00048771
-0.00050073
-0.00051185
-0.00052101
-0.00052815
-0.00053325
-0.00053625
-0.00053714
-0.00053589
-0.0005325
-0.00052696
-0.00051928
-0.00050947
-0.00049756
-0.00048359
-0.00046759
-0.00044961
-0.00042972
-0.00040797
-0.00038444
-0.00035922
-0.00033239
-0.00030405
-0.00027431
-0.00024327
-0.00021105
-0.00017776
-0.00014354
-0.00010852
-7.2831e-05
-3.661e-05
-3.7837e-17
3.6855e-05
7.3809e-05
0.00011071
0.00014742
0.00018379
0.00021966
0.00025489
0.00028934
0.00032286
0.00035532
0.00038657
0.00041648
0.00044493
0.00047179
0.00049694
0.00052027
0.00054169
0.00056108
0.00057837
0.00059346
0.00060628
0.00061678
0.00062488
0.00063055
0.00063375
0.00063445
0.00063262
0.00062827
0.00062139
0.000612
0.00060012
0.00058579
0.00056903
0.00054991
0.00052849
0.00050484
0.00047904
0.00045118
0.00042137
0.0003897
0.0003563
0.00032128
0.00028478
0.00024694
0.00020789
0.00016779
0.00012679
8.5051e-05
4.2732e-05
1.2705e-17
-4.2977e-05
-8.6029e-05
-0.00012898
-0.00017167
-0.00021392
-0.00025555
-0.00029641
-0.00033631
-0.00037511
-0.00041263
-0.00044871
-0.00048322
-0.000516
-0.00054691
-0.00057582
-0.0006026
-0.00062713
-0.0006493
-0.00066902
-0.00068619
-0.00070072
-0.00071255
-0.00072161
-0.00072786
-0.00073125
-0.00073175
-0.00072935
-0.00072404
-0.00071583
-0.00070473
-0.00069078
-0.00067401
-0.00065447
-0.00063223
-0.00060737
-0.00057997
-0.00055012
-0.00051793
-0.00048352
-0.00044701
-0.00040854
-0.00036825
-0.0003263
-0.00028283
-0.00023802
-0.00019204
-0.00014506
-9.7271e-05
-4.8854e-05
-6.7267e-17
4.9099e-05
9.8249e-05
0.00014725
0.00019592
0.00024405
0.00029144
0.00033792
0.00038328
0.00042735
0.00046993
0.00051086
0.00054997
0.00058707
0.00062204
0.0006547
0.00068492
0.00071257
0.00073752
0.00075967
0.00077892
0.00079516
0.00080832
0.00081835
0.00082517
0.00082875
0.00082906
0.00082608
0.00081982
0.00081027
0.00079746
0.00078143
0.00076223
0.00073991
0.00071455
0.00068625
0.00065509
0.00062119
0.00058467
0.00054567
0.00050432
0.00046078
0.00041522
0.00036781
0.00031872
0.00026815
0.00021629
0.00016333
0.00010949
5.4976e-05
3.5255e-17
-5.5221e-05
-0.00011047
-0.00016552
-0.00022017
-0.00027418
-0.00032734
-0.00037943
-0.00043025
-0.00047959
-0.00052724
-0.00057301
-0.00061671
-0.00065815
-0.00069716
-0.00073358
-0.00076724
-0.00079801
-0.00082575
-0.00085033
-0.00087164
-0.0008896
-0.0009041
-0.00091508
-0.00092248
-0.00092625
-0.00092637
-0.00092282
-0.00091559
-0.00090471
-0.00089019
-0.00087208
-0.00085045
-0.00082535
-0.00079688
-0.00076513
-0.00073022
-0.00069227
-0.00065142
-0.00060782
-0.00056163
-0.00051303
-0.00046219
-0.00040932
-0.00035461
-0.00029828
-0.00024053
-0.0001816
-0.00012171
-6.1098e-05
-4.9584e-17
6.0976e-05
0.00012147
0.00018124
0.00024005
0.00029768
0.0003539
0.00040849
0.00046126
0.00051198
0.00056048
0.00060657
0.00065008
0.00069084
0.00072871
0.00076355
0.00079523
0.00082364
0.00084868
0.00087027
0.00088833
0.00090282
0.00091367
0.00092088
0.00092442
0.0009243
0.00092053
0.00091314
0.00090218
0.00088771
0.00086979
0.00084851
0.00082398
0.0007963
0.00076559
0.000732
0.00069566
0.00065673
0.00061537
0.00057177
0.0005261
0.00047855
0.00042931
0.0003786
0.00032662
0.00027357
0.00021968
0.00016516
0.00011022
5.5099e-05
5.4055e-17
-5.4854e-05
-0.00010925
-0.00016297
-0.0002158
-0.00026755
-0.000318
-0.00036698
-0.00041428
-0.00045974
-0.00050317
-0.00054442
-0.00058334
-0.00061977
-0.00065359
-0.00068467
-0.00071291
-0.0007382
-0.00076046
-0.00077962
-0.00079561
-0.00080838
-0.0008179
-0.00082415
-0.00082711
-0.0008268
-0.00082322
-0.00081641
-0.00080641
-0.00079327
-0.00077706
-0.00075786
-0.00073576
-0.00071086
-0.00068327
-0.00065312
-0.00062053
-0.00058565
-0.00054863
-0.00050962
-0.00046879
-0.0004263
-0.00038234
-0.00033709
-0.00029073
-0.00024344
-0.00019543
-0.00014689
-9.8004e-05
-4.8977e-05
-1.2196e-17
4.8732e-05
9.7027e-05
0.0001447
0.00019155
0.00023742
0.00028211
0.00032547
0.00036731
0.0004075
0.00044586
0.00048227
0.00051659
0.00054869
0.00057846
0.00060579
0.00063059
0.00065276
0.00067224
0.00068896
0.00070288
0.00071394
0.00072213
0.00072742
0.00072981
0.0007293
0.00072591
0.00071968
0.00071064
0.00069883
0.00068433
0.00066721
0.00064754
0.00062542
0.00060095
0.00057424
0.00054541
0.00051458
0.00048189
0.00044747
0.00041148
0.00037406
0.00033537
0.00029558
0.00025483
0.00021331
0.00017119
0.00012862
8.5784e-05
4.2855e-05
5.6689e-17
-4.261e-05
-8.4807e-05
-0.00012643
-0.00016731
-0.00020729
-0.00024622
-0.00028395
-0.00032034
-0.00035525
-0.00038856
-0.00042013
-0.00044985
-0.00047762
-0.00050334
-0.00052691
-0.00054826
-0.00056732
-0.00058402
-0.00059831
-0.00061015
-0.00061951
-0.00062636
-0.00063069
-0.0006325
-0.0006318
-0.00062861
-0.00062295
-0.00061486
-0.0006044
-0.0005916
-0.00057655
-0.00055932
-0.00053998
-0.00051863
-0.00049536
-0.00047028
-0.0004435
-0.00041514
-0.00038532
-0.00035417
-0.00032182
-0.0002884
-0.00025406
-0.00021894
-0.00018319
-0.00014694
-0.00011035
-7.3564e-05
-3.6732e-05
-2.1711e-17
3.6488e-05
7.2587e-05
0.00010816
0.00014306
0.00017716
0.00021033
0.00024244
0.00027337
0.00030301
0.00033125
0.00035798
0.00038311
0.00040655
0.00042821
0.00044803
0.00046594
0.00048188
0.0004958
0.00050766
0.00051742
0.00052507
0.00053058
0.00053396
0.00053519
0.0005343
0.0005313
0.00052622
0.00051909
0.00050996
0.00049888
0.0004859
0.0004711
0.00045454
0.00043631
0.00041648
0.00039516
0.00037243
0.0003484
0.00032317
0.00029686
0.00026957
0.00024143
0.00021255
0.00018305
0.00015306
0.00012269
9.2079e-05
6.1344e-05
3.061e-05
2.3315e-17
-3.0365e-05
-6.0367e-05
-8.9887e-05
-0.00011881
-0.00014703
-0.00017444
-0.00020093
-0.0002264
-0.00025077
-0.00027394
-0.00029583
-0.00031636
-0.00033547
-0.00035309
-0.00036915
-0.00038362
-0.00039644
-0.00040758
-0.000417
-0.00042469
-0.00043063
-0.00043481
-0.00043722
-0.00043788
-0.0004368
-0.00043399
-0.00042949
-0.00042332
-0.00041552
-0.00040615
-0.00039525
-0.00038288
-0.0003691
-0.00035398
-0.0003376
-0.00032003
-0.00030136
-0.00028166
-0.00026103
-0.00023955
-0.00021733
-0.00019446
-0.00017104
-0.00014716
-0.00012293
-9.8444e-05
-7.3809e-05
-4.9124e-05
-2.4488e-05
-2.2817e-17
2.4243e-05
4.8147e-05
7.1617e-05
9.4564e-05
0.0001169
0.00013854
0.00015941
0.00017943
0.00019852
0.00021663
0.00023368
0.00024962
0.0002644
0.00027796
0.00029028
0.0003013
0.000311
0.00031936
0.00032635
0.00033197
0.0003362
0.00033904
0.00034049
0.00034058
0.0003393
0.00033668
0.00033276
0.00032754
0.00032109
0.00031342
0.00030459
0.00029466
0.00028366
0.00027166
0.00025872
0.00024491
0.00023028
0.00021491
0.00019888
0.00018224
0.00016509
0.00014749
0.00012952
0.00011127
9.2798e-05
7.4197e-05
5.554e-05
3.6904e-05
1.8366e-05
3.7002e-18
-1.8121e-05
-3.5927e-05
-5.3347e-05
-7.0317e-05
-8.6772e-05
-0.00010265
-0.0001179
-0.00013246
-0.00014628
-0.00015932
-0.00017153
-0.00018288
-0.00019332
-0.00020284
-0.0002114
-0.00021898
-0.00022556
-0.00023114
-0.0002357
-0.00023924
-0.00024176
-0.00024326
-0.00024376
-0.00024327
-0.0002418
-0.00023938
-0.00023602
-0.00023177
-0.00022665
-0.00022069
-0.00021394
-0.00020644
-0.00019822
-0.00018934
-0.00017984
-0.00016978
-0.00015921
-0.00014817
-0.00013673
-0.00012493
-0.00011285
-0.00010052
-8.8009e-05
-7.5374e-05
-6.2669e-05
-4.9949e-05
-3.727e-05
-2.4684e-05
-1.2244e-05
-1.5513e-17
1.1999e-05
2.3707e-05
3.5078e-05
4.607e-05
5.6643e-05
6.6759e-05
7.6385e-05
8.5487e-05
9.4038e-05
0.00010201
0.00010938
0.00011613
0.00012225
0.00012771
0.00013252
0.00013665
0.00014012
0.00014292
0.00014505
0.00014651
0.00014732
0.00014749
0.00014703
0.00014596
0.0001443
0.00014207
0.00013929
0.000136
0.00013221
0.00012796
0.00012329
0.00011822
0.00011278
0.00010702
0.00010097
9.4658e-05
8.8132e-05
8.1427e-05
7.4579e-05
6.7625e-05
6.0602e-05
5.3547e-05
4.6495e-05
3.9481e-05
3.2539e-05
2.5702e-05
1.9e-05
1.2464e-05
6.1221e-06
3.277e-18
-5.8772e-06
-1.1487e-05
-1.6808e-05
-2.1823e-05
-2.6514e-05
-3.0867e-05
-3.4871e-05
-3.8516e-05
-4.1794e-05
-4.4701e-05
-4.7233e-05
-4.939e-05
-5.1174e-05
-5.2588e-05
-5.3638e-05
-5.4333e-05
-5.4682e-05
-5.4697e-05
-5.4392e-05
-5.3782e-05
-5.2885e-05
-5.1717e-05
-5.03e-05
-4.8654e-05
-4.68e-05
-4.4761e-05
-4.2562e-05
-4.0225e-05
-3.7775e-05
-3.5237e-05
-3.2635e-05
-2.9995e-05
-2.7341e-05
-2.4697e-05
-2.2086e-05
-1.9533e-05
-1.7058e-05
-1.4684e-05
-1.243e-05
-1.0316e-05
-8.3589e-06
-6.5759e-06
-4.9816e-06
-3.5892e-06
-2.4103e-06
-1.4548e-06
-7.3079e-07
-2.444e-07
-0
-0
0
0
0
0
0
0
0
0
0
0
0
0
0
0
0
0
0
0
0
0
0
0
0
0
0
0
0
0
0
0
0
0
0
0
0
0
0
0
0
0
0
0
0
0
0
0
0
0
0
0
-0
-0
-0
-0
-0
-0
-0
-0
-0
-0
-0
-0
-0
-0
-0
-0
-0
-0
-0
-0
-0
-0
-0
-0
-0
-0
-0
-0
-0
-0
-0
-0
-0
-0
-0
-0
-0
-0
-0
-0
-0
-0
-0
-0
-0
-0
-0
-0
-0
-0
0
0
0
0
0
0
0
0
0
0
0
0
0
0
0
0
0
0
0
0
0
0
0
0
0
0
0
0
0
0
0
0
0
0
0
0
0
0
0
0
0
0
0
0
0
0
0
0
0
0
-0
-0
-0
-0
-0
-0
-0
-0
-0
-0
-0
-0
-0
-0
-0
-0
-0
-0
-0
-0
-0
-0
-0
-0
-0
-0
-0
-0
-0
-0
-0
-0
-0
-0
-0
-0
-0
-0
-0
-0
-0
-0
-0
-0
-0
-0
-0
-0
-0
-0
0
0
0
0
0
0
0
0
0
0
0
0
0
0
0
0
0
0
0
0
0
0
0
0
0
0
0
0
0
0
0
0
0
0
0
0
0
0
0
0
0
0
0
0
0
0
0
0
0
0
-0
-0
-0
-0
-0
-0
-0
-0
-0
-0
-0
-0
-0
-0
-0
-0
-0
-0
-0
-0
-0
-0
-0
-0
-0
-0
-0
-0
-0
-0
-0
-0
-0
-0
-0
-0
-0
-0
-0
-0
-0
-0
-0
-0
-0
-0
-0
-0
-0
-0
0
0
0
0
0
0
0
0
0
0
0
0
0
0
0
0
0
0
0
0
0
0
0
0
0
0
0
0
0
0
0
0
0
0
0
0
0
0
0
0
0
0
0
0
0
0
0
0
0
0
-0
-0
-0
-0
-0
-0
-0
-0
-0
-0
-0
-0
-0
-0
-0
-0
-0
-0
-0
-0
-0
-0
-0
-0
-0
-0
-0
-0
-0
-0
-0
-0
-0
-0
-0
-0
-0
-0
-0
-0
-0
-0
-0
-0
-0
-0
-0
-0
-0
-0
0
0
0
0
0
0
0
0
0
0
0
0
0
0
0
0
0
0
0
0
0
0
0
0
0
0
0
0
0
0
0
0
0
0
0
0
0
0
0
0
0
0
0
0
0
0
0
0
0
0
-0
-0
-0
-0
-0
-0
-0
-0
-0
-0
-0
-0
-0
-0
-0
-0
-0
-0
-0
-0
-0
-0
-0
-0
-0
-0
-0
-0
-0
-0
-0
-0
-0
-0
-0
-0
-0
-0
-0
-0
-0
-0
-0
-0
-0
-0
-0
-0
-0
-0
0
0
0
0
0
0
0
0
0
0
0
0
0
0
0
0
0
0
0
0
0
0
0
0
0
0
0
0
0
0
0
0
0
0
0
0
0
0
0
0
0
0
0
0
0
0
0
0
0
0
-0
-0
-0
-0
-0
-0
-0
-0
-0
-0
-0
-0
-0
-0
-0
-0
-0
-0
-0
-0
-0
-0
-0
-0
-0
-0
-0
-0
-0
-0
-0
-0
-0
-0
-0
-0
-0
-0
-0
-0
-0
-0
-0
-0
-0
-0
-0
-0
-0
-0
0
0
0
0
0
0
0
0
0
0
0
0
0
0
0
0
0
0
0
0
0
0
0
0
0
0
0
0
0
0
0
0
0
0
0
0
0
0
0
0
0
0
0
0
0
0
0
0
0
0
-0
-0
-0
-0
-0
-0
-0
-0
-0
-0
-0
-0
-0
-0
-0
-0
-0
-0
-0
-0
-0
-0
-0
-0
-0
-0
-0
-0
-0
-0
-0
-0
-0
-0
-0
-0
-0
-0
-0
-0
-0
-0
-0
-0
-0
-0
-0
-0
-0
-0
0
0
0
0
0
0
0
0
0
0
0
0
0
0
0
0
0
0
0
0
0
0
0
0
0
0
0
0
0
0
0
0
0
0
0
0
0
0
0
0
0
0
0
0
0
0
0
0
0
0
-0
-0
-0
-0
-0
-0
-0
-0
-0
-0
-0
-0
-0
-0
-0
-0
-0
-0
-0
-0
-0
-0
-0
-0
-0
-0
-0
-0
-0
-0
-0
-0
-0
-0
-0
-0
-0
-0
-0
-0
-0
-0
-0
-0
-0
-0
-0
-0
-0
-0
0
0
0
0
0
0
0
0
0
0
0
0
0
0
0
0
0
0
0
0
0
0
0
0
0
0
0
0
0
0
0
0
0
0
0
0
0
0
0
0
0
0
0
0
0
0
0
0
0
0
-0
-0
-0
-0
-0
-0
-0
-0
-0
-0
-0
-0
-0
-0
-0
-0
-0
-0
-0
-0
-0
-0
-0
-0
-0
-0
-0
-0
-0
-0
-0
-0
-0
-0
-0
-0
-0
-0
-0
-0
-0
-0
-0
-0
-0
-0
-0
-0
-0
-0
0
0
0
0
0
0
0
0
0
0
0
0
0
0
0
0
0
0
0
0
0
0
0
0
0
0
0
0
0
0
0
0
0
0
0
0
0
0
0
0
0
0
0
0
0
0
0
0
0
0
-0
-0
-0
-0
-0
-0
-0
-0
-0
-0
-0
-0
-0
-0
-0
-0
-0
-0
-0
-0
-0
-0
-0
-0
-0
-0
-0
-0
-0
-0
-0
-0
-0
-0
-0
-0
-0
-0
-0
-0
-0
-0
-0
-0
-0
-0
-0
-0
-0
-0
0
0
0
0
0
0
0
0
0
0
0
0
0
0
0
0
0
0
0
0
0
0
0
0
0
0
0
0
0
0
0
0
0
0
0
0
0
0
0
0
0
0
0
0
0
0
0
0
0
0
-0
-0
-0
-0
-0
-0
-0
-0
-0
-0
-0
-0
-0
-0
-0
-0
-0
-0
-0
-0
-0
-0
-0
-0
-0
-0
-0
-0
-0
-0
-0
-0
-0
-0
-0
-0
-0
-0
-0
-0
-0
-0
-0
-0
-0
-0
-0
-0
-0
0
0
0
0
0
0
0
0
0
0
0
0
0
0
0
0
0
0
0
0
0
0
0
0
0
0
0
0
0
0
0
0
0
0
0
0
0
0
0
0
0
0
0
0
0
0
0
0
0
0
0
-0
-0
-0
-0
-0
-0
-0
-0
-0
-0
-0
-0
-0
-0
-0
-0
-0
-0
-0
-0
-0
-0
-0
-0
-0
-0
-0
-0
-0
-0
-0
-0
-0
-0
-0
-0
-0
-0
-0
-0
-0
-0
-0
-0
-0
-0
-0
-0
-0
-0
0
0
0
0
0
0
0
0
0
0
0
0
0
0
0
0
0
0
0
0
0
0
0
0
0
0
0
0
0
0
0
0
0
0
0
0
0
0
0
0
0
0
0
0
0
0
0
0
0
-0
-0
-0
-0
-0
-0
-0
-0
-0
-0
-0
-0
-0
-0
-0
-0
-0
-0
-0
-0
-0
-0
-0
-0
-0
-0
-0
-0
-0
-0
-0
-0
-0
-0
-0
-0
-0
-0
-0
-0
-0
-0
-0
-0
-0
-0
-0
-0
-0
-0
-0
0
0
0
0
0
0
0
0
0
0
0
0
0
0
0
0
0
0
0
0
0
0
0
0
0
0
0
0
0
0
0
0
0
0
0
0
0
0
0
0
0
0
0
0
0
0
0
0
0
0
-0
-0
-0
-0
-0
-0
-0
-0
-0
-0
-0
-0
-0
-0
-0
-0
-0
-0
-0
-0
-0
-0
-0
-0
-0
-0
-0
-0
-0
-0
-0
-0
-0
-0
-0
-0
-0
-0
-0
-0
-0
-0
-0
-0
-0
-0
-0
-0
-0
-0
0
0
0
0
0
0
0
0
0
0
0
0
0
0
0
0
0
0
0
0
0
0
0
0
0
0
0
0
0
0
0
0
0
0
0
0
0
0
0
0
0
0
0
0
0
0
0
0
0
0
-0
-0
-0
-0
-0
-0
-0
-0
-0
-0
-0
-0
-0
-0
-0
-0
-0
-0
-0
-0
-0
-0
-0
-0
-0
-0
-0
-0
-0
-0
-0
-0
-0
-0
-0
-0
-0
-0
-0
-0
-0
-0
-0
-0
-0
-0
-0
-0
-0
0
0
0
0
0
0
0
0
0
0
0
0
0
0
0
0
0
0
0
0
0
0
0
0
0
0
0
0
0
0
0
0
0
0
0
0
0
0
0
0
0
0
0
0
0
0
0
0
0
0
0
-0
-0
-0
-0
-0
-0
-0
-0
-0
-0
-0
-0
-0
-0
-0
-0
-0
-0
-0
-0
-0
-0
-0
-0
-0
-0
-0
-0
-0
-0
-0
-0
-0
-0
-0
-0
-0
-0
-0
-0
-0
-0
-0
-0
-0
-0
-0
-0
-0
0
0
0
0
0
0
0
0
0
0
0
0
0
0
0
0
0
0
0
0
0
0
0
0
0
0
0
0
0
0
0
0
0
0
0
0
0
0
0
0
0
0
0
0
0
0
0
0
0
0
0
-0
-0
-0
-0
-0
-0
-0
-0
-0
-0
-0
-0
-0
-0
-0
-0
-0
-0
-0
-0
-0
-0
-0
-0
-0
-0
-0
-0
-0
-0
-0
-0
-0
-0
-0
-0
-0
-0
-0
-0
-0
-0
-0
-0
-0
-0
-0
-0
-0
-0
0
0
0
0
0
0
0
0
0
0
0
0
0
0
0
0
0
0
0
0
0
0
0
0
0
0
0
0
0
0
0
0
0
0
0
0
0
0
0
0
0
0
0
0
0
0
0
0
0
0
-0
-0
-0
-0
-0
-0
-0
-0
-0
-0
-0
-0
-0
-0
-0
-0
-0
-0
-0
-0
-0
-0
-0
-0
-0
-0
-0
-0
-0
-0
-0
-0
-0
-0
-0
-0
-0
-0
-0
-0
-0
-0
-0
-0
-0
-0
-0
-0
-0
-0
0
0
0
0
0
0
0
0
0
0
0
0
0
0
0
0
0
0
0
0
0
0
0
0
0
0
0
0
0
0
0
0
0
0
0
0
0
0
0
0
0
0
0
0
0
0
0
0
0
0
-0
-0
-0
-0
-0
-0
-0
-0
-0
-0
-0
-0
-0
-0
-0
-0
-0
-0
-0
-0
-0
-0
-0
-0
-0
-0
-0
-0
-0
-0
-0
-0
-0
-0
-0
-0
-0
-0
-0
-0
-0
-0
-0
-0
-0
-0
-0
-0
-0
-0
0
0
0
0
0
0
0
0
0
0
0
0
0
0
0
0
0
0
0
0
0
0
0
0
0
0
0
0
0
0
0
0
0
0
0
0
0
0
0
0
0
0
0
0
0
0
0
0
0
0
-0
-0
-0
-0
-0
-0
-0
-0
-0
-0
-0
-0
-0
-0
-0
-0
-0
-0
-0
-0
-0
-0
-0
-0
-0
-0
-0
-0
-0
-0
-0
-0
-0
-0
-0
-0
-0
-0
-0
-0
-0
-0
-0
-0
-0
-0
-0
-0
-0
0
0
0
0
0
0
0
0
0
0
0
0
0
0
0
0
0
0
0
0
0
0
0
0
0
0
0
0
0
0
0
0
0
0
0
0
0
0
0
0
0
0
0
0
0
0
0
0
0
0
0
-0
-0
-0
-0
-0
-0
-0
-0
-0
-0
-0
-0
-0
-0
-0
-0
-0
-0
-0
-0
-0
-0
-0
-0
-0
-0
-0
-0
-0
-0
-0
-0
-0
-0
-0
-0
-0
-0
-0
-0
-0
-0
-0
-0
-0
-0
-0
-0
-0
0
0
0
0
0
0
0
0
0
0
0
0
0
0
0
0
0
0
0
0
0
0
0
0
0
0
0
0
0
0
0
0
0
0
0
0
0
0
0
0
0
0
0
0
0
0
0
0
0
0
0
-0
-0
-0
-0
-0
-0
-0
-0
-0
-0
-0
-0
-0
-0
-0
-0
-0
-0
-0
-0
-0
-0
-0
-0
-0
-0
-0
-0
-0
-0
-0
-0
-0
-0
-0
-0
-0
-0
-0
-0
-0
-0
-0
-0
-0
-0
-0
-0
-0
-0
0
0
0
0
0
0
0
0
0
0
0
0
0
0
0
0
0
0
0
0
0
0
0
0
0
0
0
0
0
0
0
0
0
0
0
0
0
0
0
0
0
0
0
0
0
0
0
0
0
0
-0
-0
-0
-0
-0
-0
-0
-0
-0
-0
-0
-0
-0
-0
-0
-0
-0
-0
-0
-0
-0
-0
-0
-0
-0
-0
-0
-0
-0
-0
-0
-0
-0
-0
-0
-0
-0
-0
-0
-0
-0
-0
-0
-0
-0
-0
-0
-0
-0
-0
0
0
0
0
0
0
0
0
0
0
0
0
0
0
0
0
0
0
0
0
0
0
0
0
0
0
0
0
0
0
0
0
0
0
0
0
0
0
0
0
0
0
0
0
0
0
0
0
0
0
-0
-0
-0
-0
-0
-0
-0
-0
-0
-0
-0
-0
-0
-0
-0
-0
-0
-0
-0
-0
-0
-0
-0
-0
-0
-0
-0
-0
-0
-0
-0
-0
-0
-0
-0
-0
-0
-0
-0
-0
-0
-0
-0
-0
-0
-0
-0
-0
-0
-0
0
0
0
0
0
0
0
0
0
0
0
0
0
0
0
0
0
0
0
0
0
0
0
0
0
0
0
0
0
0
0
0
0
0
0
0
0
0
0
0
0
0
0
0
0
0
0
0
0
0
-0
-0
-0
-0
-0
-0
-0
-0
-0
-0
-0
-0
-0
-0
-0
-0
-0
-0
-0
-0
-0
-0
-0
-0
-0
-0
-0
-0
-0
-0
-0
-0
-0
-0
-0
-0
-0
-0
-0
-0
-0
-0
-0
-0
-0
-0
-0
-0
-0
0
0
0
0
0
0
0
0
0
0
0
0
0
0
0
0
0
0
0
0
0
0
0
0
0
0
0
0
0
0
0
0
0
0
0
0
0
0
0
0
0
0
0
0
0
0
0
0
0
0
0
-0
-0
-0
-0
-0
-0
-0
-0
-0
-0
-0
-0
-0
-0
-0
-0
-0
-0
-0
-0
-0
-0
-0
-0
-0
-0
-0
-0
-0
-0
-0
-0
-0
-0
-0
-0
-0
-0
-0
-0
-0
-0
-0
-0
-0
-0
-0
-0
-0
0
0
0
0
0
0
0
0
0
0
0
0
0
0
0
0
0
0
0
0
0
0
0
0
0
0
0
0
0
0
0
0
0
0
0
0
0
0
0
0
0
0
0
0
0
0
0
0
0
0
0
-0
-0
-0
-0
-0
-0
-0
-0
-0
-0
-0
-0
-0
-0
-0
-0
-0
-0
-0
-0
-0
-0
-0
-0
-0
-0
-0
-0
-0
-0
-0
-0
-0
-0
-0
-0
-0
-0
-0
-0
-0
-0
-0
-0
-0
-0
-0
-0
-0
-0
0
0
0
0
0
0
0
0
0
0
0
0
0
0
0
0
0
0
0
0
0
0
0
0
0
0
0
0
0
0
0
0
0
0
0
0
0
0
0
0
0
0
0
0
0
0
0
0
0
0
-0
-0
-0
-0
-0
-0
-0
-0
-0
-0
-0
-0
-0
-0
-0
-0
-0
-0
-0
-0
-0
-0
-0
-0
-0
-0
-0
-0
-0
-0
-0
-0
-0
-0
-0
-0
-0
-0
-0
-0
-0
-0
-0
-0
-0
-0
-0
-0
-0
-0
0
0
0
0
0
0
0
0
0
0
0
0
0
0
0
0
0
0
0
0
0
0
0
0
0
0
0
0
0
0
0
0
0
0
0
0
0
0
0
0
0
0
0
0
0
0
0
0
0
0
-0
-0
-0
-0
-0
-0
-0
-0
-0
-0
-0
-0
-0
-0
-0
-0
-0
-0
-0
-0
-0
-0
-0
-0
-0
-0
-0
-0
-0
-0
-0
-0
-0
-0
-0
-0
-0
-0
-0
-0
-0
-0
-0
-0
-0
-0
-0
-0
-0
-0
0
0
0
0
0
0
0
0
0
0
0
0
0
0
0
0
0
0
0
0
0
0
0
0
0
0
0
0
0
0
0
0
0
0
0
0
0
0
0
0
0
0
0
0
0
0
0
0
0
0
-0
-0
-0
-0
-0
-0
-0
-0
-0
-0
-0
-0
-0
-0
-0
-0
-0
-0
-0
-0
-0
-0
-0
-0
-0
-0
-0
-0
-0
-0
-0
-0
-0
-0
-0
-0
-0
-0
-0
-0
-0
-0
-0
-0
-0
-0
-0
-0
-0
0
0
0
0
0
0
0
0
0
0
0
0
0
0
0
0
0
0
0
0
0
0
0
0
0
0
0
0
0
0
0
0
0
0
0
0
0
0
0
0
0
0
0
0
0
0
0
0
0
0
0
-0
-0
-0
-0
-0
-0
-0
-0
-0
-0
-0
-0
-0
-0
-0
-0
-0
-0
-0
-0
-0
-0
-0
-0
-0
-0
-0
-0
-0
-0
-0
-0
-0
-0
-0
-0
-0
-0
-0
-0
-0
-0
-0
-0
-0
-0
-0
-0
-0
0
0
0
0
0
0
0
0
0
0
0
0
0
0
0
0
0
0
0
0
0
0
0
0
0
0
0
0
0
0
0
0
0
0
0
0
0
0
0
0
0
0
0
0
0
0
0
0
0
0
0
-0
-0
-0
-0
-0
-0
-0
-0
-0
-0
-0
-0
-0
-0
-0
-0
-0
-0
-0
-0
-0
-0
-0
-0
-0
-0
-0
-0
-0
-0
-0
-0
-0
-0
-0
-0
-0
-0
-0
-0
-0
-0
-0
-0
-0
-0
-0
-0
-0
0
