0
0
0
0
0
0
0
0
0
0
0
0
0
0
0
0
0
0
0
0
0
0
0
0
0
0
0
0
0
0
0
0
0
0
0
0
0
0
0
0
0
0
0
0
0
0
0
0
0
0
0
-0
-0
-0
-0
-0
-0
-0
-0
-0
-0
-0
-0
-0
-0
-0
-0
-0
-0
-0
-0
-0
-0
-0
-0
-0
-0
-0
-0
-0
-0
-0
-0
-0
-0
-0
-0
-0
-0
-0
-0
-0
-0
-0
-0
-0
-0
-0
-0
-0
-0
0
0
0
0
0
0
0
0
0
0
0
0
0
0
0
0
0
0
0
0
0
0
0
0
0
0
0
0
0
0
0
0
0
0
0
0
0
0
0
0
0
0
0
0
0
0
0
0
0
0
-0
-0
-0
-0
-0
-0
-0
-0
-0
-0
-0
-0
-0
-0
-0
-0
-0
-0
-0
-0
-0
-0
-0
-0
-0
-0
-0
-0
-0
-0
-0
-0
-0
-0
-0
-0
-0
-0
-0
-0
-0
-0
-0
-0
-0
-0
-0
-0
-0
-0
0
0
0
0
0
0
0
0
0
0
0
0
0
0
0
0
0
0
0
0
0
0
0
0
0
0
0
0
0
0
0
0
0
0
0
0
0
0
0
0
0
0
0
0
0
0
0
0
0
0
-0
-0
-0
-0
-0
-0
-0
-0
-0
-0
-0
-0
-0
-0
-0
-0
-0
-0
-0
-0
-0
-0
-0
-0
-0
-0
-0
-0
-0
-0
-0
-0
-0
-0
-0
-0
-0
-0
-0
-0
-0
-0
-0
-0
-0
-0
-0
-0
-0
-0
0
0
0
0
0
0
0
0
0
0
0
0
0
0
0
0
0
0
0
0
0
0
0
0
0
0
0
0
0
0
0
0
0
0
0
0
0
0
0
0
0
0
0
0
0
0
0
0
0
-0
-0
-0
-0
-0
-0
-0
-0
-0
-0
-0
-0
-0
-0
-0
-0
-0
-0
-0
-0
-0
-0
-0
-0
-0
-0
-0
-0
-0
-0
-0
-0
-0
-0
-0
-0
-0
-0
-0
-0
-0
-0
-0
-0
-0
-0
-0
-0
-0
-0
-0
0
0
0
0
0
0
0
0
0
0
0
0
0
0
0
0
0
0
0
0
0
0
0
0
0
0
0
0
0
0
0
0
0
0
0
0
0
0
0
0
0
0
0
0
0
0
0
0
0
0
-0
-0
-0
-0
-0
-0
-0
-0
-0
-0
-0
-0
-0
-0
-0
-0
-0
-0
-0
-0
-0
-0
-0
-0
-0
-0
-0
-0
-0
-0
-0
-0
-0
-0
-0
-0
-0
-0
-0
-0
-0
-0
-0
-0
-0
-0
-0
-0
-0
-0
0
0
0
0
0
0
0
0
0
0
0
0
0
0
0
0
0
0
0
0
0
0
0
0
0
0
0
0
0
0
0
0
0
0
0
0
0
0
0
0
0
0
0
0
0
0
0
0
0
-0
-0
-0
-0
-0
-0
-0
-0
-0
-0
-0
-0
-0
-0
-0
-0
-0
-0
-0
-0
-0
-0
-0
-0
-0
-0
-0
-0
-0
-0
-0
-0
-0
-0
-0
-0
-0
-0
-0
-0
-0
-0
-0
-0
-0
-0
-0
-0
-0
-0
-0
0
0
0
0
0
0
0
0
0
0
0
0
0
0
0
0
0
0
0
0
0
0
0
0
0
0
0
0
0
0
0
0
0
0
0
0
0
0
0
0
0
0
0
0
0
0
0
0
0
-0
-0
-0
-0
-0
-0
-0
-0
-0
-0
-0
-0
-0
-0
-0
-0
-0
-0
-0
-0
-0
-0
-0
-0
-0
-0
-0
-0
-0
-0
-0
-0
-0
-0
-0
-0
-0
-0
-0
-0
-0
-0
-0
-0
-0
-0
-0
-0
-0
-0
0
0
0
0
0
0
0
0
0
0
0
0
0
0
0
0
0
0
0
0
0
0
0
0
0
0
0
0
0
0
0
0
0
0
0
0
0
0
0
0
0
0
0
0
0
0
0
0
0
0
0
-0
-0
-0
-0
-0
-0
-0
-0
-0
-0
-0
-0
-0
-0
-0
-0
-0
-0
-0
-0
-0
-0
-0
-0
-0
-0
-0
-0
-0
-0
-0
-0
-0
-0
-0
-0
-0
-0
-0
-0
-0
-0
-0
-0
-0
-0
-0
-0
-0
-0
0
0
0
0
0
0
0
0
0
0
0
0
0
0
0
0
0
0
0
0
0
0
0
0
0
0
0
0
0
0
0
0
0
0
0
0
0
0
0
0
0
0
0
0
0
0
0
0
0
0
-0
-0
-0
-0
-0
-0
-0
-0
-0
-0
-0
-0
-0
-0
-0
-0
-0
-0
-0
-0
-0
-0
-0
-0
-0
-0
-0
-0
-0
-0
-0
-0
-0
-0
-0
-0
-0
-0
-0
-0
-0
-0
-0
-0
-0
-0
-0
-0
-0
-0
0
0
0
0
0
0
0
0
0
0
0
0
0
0
0
0
0
0
0
0
0
0
0
0
0
0
0
0
0
0
0
0
0
0
0
0
0
0
0
0
0
0
0
0
0
0
0
0
0
-0
-0
-0
-0
-0
-0
-0
-0
-0
-0
-0
-0
-0
-0
-0
-0
-0
-0
-0
-0
-0
-0
-0
-0
-0
-0
-0
-0
-0
-0
-0
-0
-0
-0
-0
-0
-0
-0
-0
-0
-0
-0
-0
-0
-0
-0
-0
-0
-0
-0
-0
0
0
0
0
0
0
0
0
0
0
0
0
0
0
0
0
0
0
0
0
0
0
0
0
0
0
0
0
0
0
0
0
0
0
0
0
0
0
0
0
0
0
0
0
0
0
0
0
0
-0
-0
-0
-0
-0
-0
-0
-0
-0
-0
-0
-0
-0
-0
-0
-0
-0
-0
-0
-0
-0
-0
-0
-0
-0
-0
-0
-0
-0
-0
-0
-0
-0
-0
-0
-0
-0
-0
-0
-0
-0
-0
-0
-0
-0
-0
-0
-0
-0
-0
0
0
0
0
0
0
0
0
0
0
0
0
0
0
0
0
0
0
0
0
0
0
0
0
0
0
0
0
0
0
0
0
0
0
0
0
0
0
0
0
0
0
0
0
0
0
0
0
0
0
-0
-0
-0
-0
-0
-0
-0
-0
-0
-0
-0
-0
-0
-0
-0
-0
-0
-0
-0
-0
-0
-0
-0
-0
-0
-0
-0
-0
-0
-0
-0
-0
-0
-0
-0
-0
-0
-0
-0
-0
-0
-0
-0
-0
-0
-0
-0
-0
-0
-0
-0
0
0
0
0
0
0
0
0
0
0
0
0
0
0
0
0
0
0
0
0
0
0
0
0
0
0
0
0
0
0
0
0
0
0
0
0
0
0
0
0
0
0
0
0
0
0
0
0
0
-0
-0
-0
-0
-0
-0
-0
-0
-0
-0
-0
-0
-0
-0
-0
-0
-0
-0
-0
-0
-0
-0
-0
-0
-0
-0
-0
-0
-0
-0
-0
-0
-0
-0
-0
-0
-0
-0
-0
-0
-0
-0
-0
-0
-0
-0
-0
-0
-0
-0
0
0
0
0
0
0
0
0
0
0
0
0
0
0
0
0
0
0
0
0
0
0
0
0
0
0
0
0
0
0
0
0
0
0
0
0
0
0
0
0
0
0
0
0
0
0
0
0
0
0
-0
-0
-0
-0
-0
-0
-0
-0
-0
-0
-0
-0
-0
-0
-0
-0
-0
-0
-0
-0
-0
-0
-0
-0
-0
-0
-0
-0
-0
-0
-0
-0
-0
-0
-0
-0
-0
-0
-0
-0
-0
-0
-0
-0
-0
-0
-0
-0
-0
-0
0
0
0
0
0
0
0
0
0
0
0
0
0
0
0
0
0
0
0
0
0
0
0
0
0
0
0
0
0
0
0
0
0
0
0
0
0
0
0
0
0
0
0
0
0
0
0
0
0
0
-0
-0
-0
-0
-0
-0
-0
-0
-0
-0
-0
-0
-0
-0
-0
-0
-0
-0
-0
-0
-0
-0
-0
-0
-0
-0
-0
-0
-0
-0
-0
-0
-0
-0
-0
-0
-0
-0
-0
-0
-0
-0
-0
-0
-0
-0
-0
-0
-0
-0
-0
0
0
0
0
0
0
0
0
0
0
0
0
0
0
0
0
0
0
0
0
0
0
0
0
0
0
0
0
0
0
0
0
0
0
0
0
0
0
0
0
0
0
0
0
0
0
0
0
0
0
-0
-0
-0
-0
-0
-0
-0
-0
-0
-0
-0
-0
-0
-0
-0
-0
-0
-0
-0
-0
-0
-0
-0
-0
-0
-0
-0
-0
-0
-0
-0
-0
-0
-0
-0
-0
-0
-0
-0
-0
-0
-0
-0
-0
-0
-0
-0
-0
-0
-0
0
0
0
0
0
0
0
0
0
0
0
0
0
0
0
0
0
0
0
0
0
0
0
0
0
0
0
0
0
0
0
0
0
0
0
0
0
0
0
0
0
0
0
0
0
0
0
0
0
0
-0
-0
-0
-0
-0
-0
-0
-0
-0
-0
-0
-0
-0
-0
-0
-0
-0
-0
-0
-0
-0
-0
-0
-0
-0
-0
-0
-0
-0
-0
-0
-0
-0
-0
-0
-0
-0
-0
-0
-0
-0
-0
-0
-0
-0
-0
-0
-0
-0
-0
0
0
0
0
0
0
0
0
0
0
0
0
0
0
0
0
0
0
0
0
0
0
0
0
0
0
0
0
0
0
0
0
0
0
0
0
0
0
0
0
0
0
0
0
0
0
0
0
0
0
-0
-0
-0
-0
-0
-0
-0
-0
-0
-0
-0
-0
-0
-0
-0
-0
-0
-0
-0
-0
-0
-0
-0
-0
-0
-0
-0
-0
-0
-0
-0
-0
-0
-0
-0
-0
-0
-0
-0
-0
-0
-0
-0
-0
-0
-0
-0
-0
-0
-0
0
0
0
0
0
0
0
0
0
0
0
0
0
0
0
0
0
0
0
0
0
0
0
0
0
0
0
0
0
0
0
0
0
0
0
0
0
0
0
0
0
0
0
0
0
0
0
0
0
0
-0
-0
-0
-0
-0
-0
-0
-0
-0
-0
-0
-0
-0
-0
-0
-0
-0
-0
-0
-0
-0
-0
-0
-0
-0
-0
-0
-0
-0
-0
-0
-0
-0
-0
-0
-0
-0
-0
-0
-0
-0
-0
-0
-0
-0
-0
-0
-0
-0
0
0
0
0
0
0
0
0
0
0
0
0
0
0
0
0
0
0
0
0
0
0
0
0
0
0
0
0
0
0
0
0
0
0
0
0
0
0
0
0
0
0
0
0
0
0
0
0
0
0
0
-0
-0
-0
-0
-0
-0
-0
-0
-0
-0
-0
-0
-0
-0
-0
-0
-0
-0
-0
-0
-0
-0
-0
-0
-0
-0
-0
-0
-0
-0
-0
-0
-0
-0
-0
-0
-0
-0
-0
-0
-0
-0
-0
-0
-0
-0
-0
-0
-0
-0
1.2244e-07
4.888e-07
1.0962e-06
1.9398e-06
3.0129e-06
4.3071e-06
5.8119e-06
7.5154e-06
9.4038e-06
1.1462e-05
1.3673e-05
1.6018e-05
1.8479e-05
2.1035e-05
2.3664e-05
2.6343e-05
2.905e-05
3.1759e-05
3.4448e-05
3.7091e-05
3.9663e-05
4.214e-05
4.4496e-05
4.6708e-05
4.875e-05
5.06e-05
5.2235e-05
5.3633e-05
5.4773e-05
5.5637e-05
5.6205e-05
5.6461e-05
5.639e-05
5.5979e-05
5.5215e-05
5.409e-05
5.2595e-05
5.0725e-05
4.8476e-05
4.5847e-05
4.2839e-05
3.9456e-05
3.5702e-05
3.1585e-05
2.7116e-05
2.2307e-05
1.7173e-05
1.1731e-05
5.9996e-06
1.5287e-18
-6.2445e-06
-1.2709e-05
-1.9366e-05
-2.6187e-05
-3.3142e-05
-4.0199e-05
-4.7325e-05
-5.4486e-05
-6.1647e-05
-6.8771e-05
-7.5822e-05
-8.2762e-05
-8.9554e-05
-9.616e-05
-0.00010254
-0.00010867
-0.00011449
-0.00011998
-0.0001251
-0.00012982
-0.0001341
-0.00013791
-0.00014123
-0.00014402
-0.00014625
-0.00014791
-0.00014897
-0.00014941
-0.00014921
-0.00014836
-0.00014686
-0.00014468
-0.00014183
-0.0001383
-0.00013409
-0.00012922
-0.00012367
-0.00011747
-0.00011062
-0.00010316
-9.5082e-05
-8.6427e-05
-7.7215e-05
-6.7477e-05
-5.7245e-05
-4.6555e-05
-3.5443e-05
-2.3951e-05
-1.2122e-05
3.8257e-19
1.2367e-05
2.4929e-05
3.7636e-05
5.0434e-05
6.3271e-05
7.6091e-05
8.8839e-05
0.00010146
0.00011389
0.00012608
0.00013797
0.00014951
0.00016063
0.00017129
0.00018142
0.00019099
0.00019993
0.0002082
0.00021575
0.00022255
0.00022854
0.00023369
0.00023796
0.00024132
0.00024375
0.00024522
0.0002457
0.00024518
0.00024365
0.00024109
0.00023751
0.0002329
0.00022727
0.00022062
0.00021297
0.00020434
0.00019474
0.00018421
0.00017277
0.00016047
0.00014733
0.0001334
0.00011873
0.00010337
8.7375e-05
7.0802e-05
5.3713e-05
3.6171e-05
1.8244e-05
2.5795e-18
-1.8489e-05
-3.7149e-05
-5.5905e-05
-7.4682e-05
-9.34e-05
-0.00011198
-0.00013035
-0.00014843
-0.00016613
-0.00018339
-0.00020012
-0.00021625
-0.0002317
-0.00024641
-0.0002603
-0.00027331
-0.00028537
-0.00029642
-0.00030641
-0.00031528
-0.00032297
-0.00032946
-0.00033469
-0.00033863
-0.00034125
-0.00034252
-0.00034243
-0.00034095
-0.00033808
-0.00033382
-0.00032816
-0.00032112
-0.00031271
-0.00030294
-0.00029185
-0.00027947
-0.00026582
-0.00025095
-0.00023492
-0.00021777
-0.00019957
-0.00018037
-0.00016024
-0.00013926
-0.0001175
-9.5049e-05
-7.1983e-05
-4.8391e-05
-2.4366e-05
3.4407e-18
2.4611e-05
4.9369e-05
7.4175e-05
9.8929e-05
0.00012353
0.00014788
0.00017187
0.0001954
0.00021838
0.0002407
0.00026227
0.00028299
0.00030278
0.00032154
0.00033918
0.00035563
0.00037081
0.00038464
0.00039706
0.000408
0.00041741
0.00042523
0.00043142
0.00043594
0.00043875
0.00043983
0.00043916
0.00043672
0.00043252
0.00042655
0.00041882
0.00040934
0.00039815
0.00038527
0.00037073
0.00035459
0.00033689
0.0003177
0.00029707
0.00027508
0.00025181
0.00022734
0.00020176
0.00017515
0.00014763
0.0001193
9.0252e-05
6.0611e-05
3.0488e-05
9.5462e-19
-3.0733e-05
-6.1589e-05
-9.2445e-05
-0.00012318
-0.00015366
-0.00018377
-0.00021338
-0.00024237
-0.00027062
-0.00029801
-0.00032442
-0.00034974
-0.00037385
-0.00039666
-0.00041806
-0.00043795
-0.00045625
-0.00047286
-0.00048771
-0.00050073
-0.00051185
-0.00052101
-0.00052815
-0.00053325
-0.00053625
-0.00053714
-0.00053589
-0.0005325
-0.00052696
-0.00051928
-0.00050947
-0.00049756
-0.00048359
-0.00046759
-0.00044961
-0.00042972
-0.00040797
-0.00038444
-0.00035922
-0.00033239
-0.00030405
-0.00027431
-0.00024327
-0.00021105
-0.00017776
-0.00014354
-0.00010852
-7.2831e-05
-3.661e-05
9.1745e-18
3.6855e-05
7.3809e-05
0.00011071
0.00014742
0.00018379
0.00021966
0.00025489
0.00028934
0.00032286
0.00035532
0.00038657
0.00041648
0.00044493
0.00047179
0.00049694
0.00052027
0.00054169
0.00056108
0.00057837
0.00059346
0.00060628
0.00061678
0.00062488
0.00063055
0.00063375
0.00063445
0.00063262
0.00062827
0.00062139
0.000612
0.00060012
0.00058579
0.00056903
0.00054991
0.00052849
0.00050484
0.00047904
0.00045118
0.00042137
0.0003897
0.0003563
0.00032128
0.00028478
0.00024694
0.00020789
0.00016779
0.00012679
8.5051e-05
4.2732e-05
-3.3458e-18
-4.2977e-05
-8.6029e-05
-0.00012898
-0.00017167
-0.00021392
-0.00025555
-0.00029641
-0.00033631
-0.00037511
-0.00041263
-0.00044871
-0.00048322
-0.000516
-0.00054691
-0.00057582
-0.0006026
-0.00062713
-0.0006493
-0.00066902
-0.00068619
-0.00070072
-0.00071255
-0.00072161
-0.00072786
-0.00073125
-0.00073175
-0.00072935
-0.00072404
-0.00071583
-0.00070473
-0.00069078
-0.00067401
-0.00065447
-0.00063223
-0.00060737
-0.00057997
-0.00055012
-0.00051793
-0.00048352
-0.00044701
-0.00040854
-0.00036825
-0.0003263
-0.00028283
-0.00023802
-0.00019204
-0.00014506
-9.7271e-05
-4.8854e-05
-4.5851e-18
4.9099e-05
9.8249e-05
0.00014725
0.00019592
0.00024405
0.00029144
0.00033792
0.00038328
0.00042735
0.00046993
0.00051086
0.00054997
0.00058707
0.00062204
0.0006547
0.00068492
0.00071257
0.00073752
0.00075967
0.00077892
0.00079516
0.00080832
0.00081835
0.00082517
0.00082875
0.00082906
0.00082608
0.00081982
0.00081027
0.00079746
0.00078143
0.00076223
0.00073991
0.00071455
0.00068625
0.00065509
0.00062119
0.00058467
0.00054567
0.00050432
0.00046078
0.00041522
0.00036781
0.00031872
0.00026815
0.00021629
0.00016333
0.00010949
5.4976e-05
-1.0322e-17
-5.5221e-05
-0.00011047
-0.00016552
-0.00022017
-0.00027418
-0.00032734
-0.00037943
-0.00043025
-0.00047959
-0.00052724
-0.00057301
-0.00061671
-0.00065815
-0.00069716
-0.00073358
-0.00076724
-0.00079801
-0.00082575
-0.00085033
-0.00087164
-0.0008896
-0.0009041
-0.00091508
-0.00092248
-0.00092625
-0.00092637
-0.00092282
-0.00091559
-0.00090471
-0.00089019
-0.00087208
-0.00085045
-0.00082535
-0.00079688
-0.00076513
-0.00073022
-0.00069227
-0.00065142
-0.00060782
-0.00056163
-0.00051303
-0.00046219
-0.00040932
-0.00035461
-0.00029828
-0.00024053
-0.0001816
-0.00012171
-6.1098e-05
9.5764e-19
6.1343e-05
0.00012269
0.00018379
0.00024441
0.0003043
0.00036323
0.00042095
0.00047723
0.00053183
0.00058455
0.00063516
0.00068345
0.00072922
0.00077229
0.00081246
0.00084956
0.00088345
0.00091397
0.00094098
0.00096437
0.00098403
0.00099987
0.0010118
0.0010198
0.0010237
0.0010237
0.0010195
0.0010114
0.00099914
0.00098292
0.00096274
0.00093867
0.00091079
0.0008792
0.00084401
0.00080534
0.00076334
0.00071816
0.00066996
0.00061894
0.00056527
0.00050917
0.00045084
0.00039051
0.00032841
0.00026478
0.00019987
0.00013393
6.722e-05
-1.9973e-17
-6.7465e-05
-0.00013491
-0.00020206
-0.00026866
-0.00033443
-0.00039912
-0.00046246
-0.0005242
-0.00058408
-0.00064186
-0.00069731
-0.0007502
-0.0008003
-0.00084741
-0.00089133
-0.00093188
-0.00096889
-0.0010022
-0.0010316
-0.0010571
-0.0010785
-0.0010956
-0.0011085
-0.0011171
-0.0011213
-0.001121
-0.0011163
-0.0011071
-0.0010936
-0.0010756
-0.0010534
-0.0010269
-0.00099623
-0.00096152
-0.00092289
-0.00088047
-0.00083441
-0.0007849
-0.00073211
-0.00067625
-0.00061751
-0.00055614
-0.00049235
-0.0004264
-0.00035854
-0.00028903
-0.00021814
-0.00014615
-7.3342e-05
9.1759e-18
7.3587e-05
0.00014713
0.00022033
0.00029291
0.00036456
0.00043501
0.00050397
0.00057117
0.00063632
0.00069917
0.00075946
0.00081694
0.00087137
0.00092254
0.00097021
0.0010142
0.0010543
0.0010904
0.0011223
0.0011498
0.0011729
0.0011914
0.0012053
0.0012144
0.0012187
0.0012183
0.001213
0.0012029
0.001188
0.0011684
0.001144
0.0011151
0.0010817
0.0010438
0.0010018
0.00095559
0.00090549
0.00085165
0.00079426
0.00073356
0.00066976
0.00060311
0.00053386
0.00046229
0.00038867
0.00031327
0.00023641
0.00015837
7.9465e-05
3.7238e-18
-7.9709e-05
-0.00015935
-0.0002386
-0.00031715
-0.00039469
-0.0004709
-0.00054549
-0.00061814
-0.00068856
-0.00075648
-0.00082161
-0.00088368
-0.00094245
-0.00099766
-0.0010491
-0.0010965
-0.0011398
-0.0011786
-0.0012129
-0.0012426
-0.0012673
-0.0012872
-0.001302
-0.0013117
-0.0013163
-0.0013156
-0.0013097
-0.0012987
-0.0012825
-0.0012611
-0.0012347
-0.0012033
-0.0011671
-0.0011262
-0.0010806
-0.0010307
-0.00097656
-0.00091839
-0.00085641
-0.00079087
-0.000722
-0.00065008
-0.00057538
-0.00049818
-0.0004188
-0.00033752
-0.00025468
-0.00017059
-8.5587e-05
2.007e-17
8.5832e-05
0.00017157
0.00025687
0.0003414
0.00042482
0.0005068
0.000587
0.00066511
0.00074081
0.00081379
0.00088376
0.00095043
0.0010135
0.0010728
0.001128
0.0011789
0.0012252
0.0012668
0.0013036
0.0013353
0.0013618
0.001383
0.0013987
0.001409
0.0014138
0.0014129
0.0014065
0.0013945
0.0013769
0.0013538
0.0013253
0.0012916
0.0012525
0.0012085
0.0011595
0.0011058
0.0010476
0.00098513
0.00091856
0.00084817
0.00077424
0.00069705
0.00061689
0.00053408
0.00044892
0.00036177
0.00027295
0.00018281
9.1709e-05
-5.7368e-18
-9.1954e-05
-0.00018379
-0.00027514
-0.00036565
-0.00045495
-0.00054269
-0.00062851
-0.00071208
-0.00079305
-0.0008711
-0.00094591
-0.0010172
-0.0010846
-0.0011479
-0.0012069
-0.0012612
-0.0013106
-0.0013551
-0.0013942
-0.001428
-0.0014562
-0.0014787
-0.0014955
-0.0015063
-0.0015113
-0.0015102
-0.0015032
-0.0014902
-0.0014713
-0.0014466
-0.001416
-0.0013798
-0.001338
-0.0012908
-0.0012384
-0.001181
-0.0011187
-0.0010519
-0.00098071
-0.00090548
-0.00082649
-0.00074402
-0.0006584
-0.00056997
-0.00047905
-0.00038602
-0.00029122
-0.00019503
-9.7831e-05
3.3639e-17
9.8076e-05
0.00019601
0.00029341
0.0003899
0.00048508
0.00057858
0.00067003
0.00075905
0.00084529
0.00092841
0.0010081
0.0010839
0.0011557
0.001223
0.0012857
0.0013435
0.0013961
0.0014433
0.0014849
0.0015207
0.0015507
0.0015745
0.0015922
0.0016036
0.0016087
0.0016075
0.0015999
0.001586
0.0015658
0.0015393
0.0015067
0.001468
0.0014234
0.0013731
0.0013173
0.0012561
0.0011898
0.0011186
0.0010429
0.00096279
0.00087873
0.00079099
0.00069992
0.00060586
0.00050918
0.00041026
0.00030949
0.00020725
0.00010395
-1.7873e-17
-0.0001042
-0.00020823
-0.00031168
-0.00041414
-0.00051521
-0.00061447
-0.00071154
-0.00080602
-0.00089754
-0.00098572
-0.0010702
-0.0011507
-0.0012267
-0.0012982
-0.0013646
-0.0014258
-0.0014815
-0.0015315
-0.0015756
-0.0016135
-0.0016451
-0.0016703
-0.0016889
-0.0017009
-0.0017063
-0.0017048
-0.0016967
-0.0016818
-0.0016602
-0.001632
-0.0015973
-0.0015562
-0.0015089
-0.0014555
-0.0013962
-0.0013312
-0.0012609
-0.0011854
-0.001105
-0.0010201
-0.00093097
-0.00083796
-0.00074143
-0.00064175
-0.00053931
-0.00043451
-0.00032776
-0.00021947
-0.00011007
4.3452e-21
0.00011032
0.00022045
0.00032995
0.00043839
0.00054534
0.00065037
0.00075305
0.00085299
0.00094978
0.001043
0.0011324
0.0012174
0.0012978
0.0013733
0.0014435
0.0015081
0.001567
0.0016197
0.0016662
0.0017062
0.0017395
0.0017661
0.0017857
0.0017982
0.0018038
0.0018021
0.0017934
0.0017775
0.0017546
0.0017247
0.001688
0.0016444
0.0015943
0.0015378
0.001475
0.0014063
0.0013319
0.0012521
0.0011672
0.0010774
0.00098322
0.00088493
0.00078294
0.00067764
0.00056944
0.00045876
0.00034603
0.00023169
0.0001162
-3.2685e-17
-0.00011644
-0.00023267
-0.00034822
-0.00046264
-0.00057547
-0.00068626
-0.00079457
-0.00089996
-0.001002
-0.0011003
-0.0011945
-0.0012841
-0.0013689
-0.0014484
-0.0015224
-0.0015905
-0.0016524
-0.001708
-0.0017569
-0.0017989
-0.001834
-0.0018618
-0.0018824
-0.0018956
-0.0019013
-0.0018994
-0.0018901
-0.0018733
-0.0018491
-0.0018175
-0.0017786
-0.0017327
-0.0016797
-0.0016201
-0.0015539
-0.0014815
-0.001403
-0.0013188
-0.0012293
-0.0011347
-0.0010355
-0.0009319
-0.00082446
-0.00071354
-0.00059957
-0.00048301
-0.0003643
-0.00024391
-0.00012232
-4.204e-17
0.00012244
0.0002444
0.00036539
0.00048495
0.00060258
0.00071784
0.00083027
0.00093942
0.0010449
0.0011462
0.001243
0.0013349
0.0014215
0.0015025
0.0015776
0.0016464
0.0017088
0.0017644
0.0018131
0.0018546
0.0018887
0.0019155
0.0019346
0.0019462
0.00195
0.0019462
0.0019346
0.0019155
0.0018887
0.0018546
0.0018131
0.0017644
0.0017088
0.0016464
0.0015776
0.0015025
0.0014215
0.0013349
0.001243
0.0011462
0.0010449
0.00093942
0.00083027
0.00071784
0.00060258
0.00048495
0.00036539
0.0002444
0.00012244
7.6394e-18
-0.00012244
-0.0002444
-0.00036539
-0.00048495
-0.00060258
-0.00071784
-0.00083027
-0.00093942
-0.0010449
-0.0011462
-0.001243
-0.0013349
-0.0014215
-0.0015025
-0.0015776
-0.0016464
-0.0017088
-0.0017644
-0.0018131
-0.0018546
-0.0018887
-0.0019155
-0.0019346
-0.0019462
-0.00195
-0.0019462
-0.0019346
-0.0019155
-0.0018887
-0.0018546
-0.0018131
-0.0017644
-0.0017088
-0.0016464
-0.0015776
-0.0015025
-0.0014215
-0.0013349
-0.001243
-0.0011462
-0.0010449
-0.00093942
-0.00083027
-0.00071784
-0.00060258
-0.00048495
-0.00036539
-0.0002444
-0.00012244
-2.8662e-17
0.00012244
0.0002444
0.00036539
0.00048495
0.00060258
0.00071784
0.00083027
0.00093942
0.0010449
0.0011462
0.001243
0.0013349
0.0014215
0.0015025
0.0015776
0.0016464
0.0017088
0.0017644
0.0018131
0.0018546
0.0018887
0.0019155
0.0019346
0.0019462
0.00195
0.0019462
0.0019346
0.0019155
0.0018887
0.0018546
0.0018131
0.0017644
0.0017088
0.0016464
0.0015776
0.0015025
0.0014215
0.0013349
0.001243
0.0011462
0.0010449
0.00093942
0.00083027
0.00071784
0.00060258
0.00048495
0.00036539
0.0002444
0.00012244
4.9684e-17
-0.00012244
-0.0002444
-0.00036539
-0.00048495
-0.00060258
-0.00071784
-0.00083027
-0.00093942
-0.0010449
-0.0011462
-0.001243
-0.0013349
-0.0014215
-0.0015025
-0.0015776
-0.0016464
-0.0017088
-0.0017644
-0.0018131
-0.0018546
-0.0018887
-0.0019155
-0.0019346
-0.0019462
-0.00195
-0.0019462
-0.0019346
-0.0019155
-0.0018887
-0.0018546
-0.0018131
-0.0017644
-0.0017088
-0.0016464
-0.0015776
-0.0015025
-0.0014215
-0.0013349
-0.001243
-0.0011462
-0.0010449
-0.00093942
-0.00083027
-0.00071784
-0.00060258
-0.00048495
-0.00036539
-0.0002444
-0.00012244
-1.5284e-17
0.00012244
0.0002444
0.00036539
0.00048495
0.00060258
0.00071784
0.00083027
0.00093942
0.0010449
0.0011462
0.001243
0.0013349
0.0014215
0.0015025
0.0015776
0.0016464
0.0017088
0.0017644
0.0018131
0.0018546
0.0018887
0.0019155
0.0019346
0.0019462
0.00195
0.0019462
0.0019346
0.0019155
0.0018887
0.0018546
0.0018131
0.0017644
0.0017088
0.0016464
0.0015776
0.0015025
0.0014215
0.0013349
0.001243
0.0011462
0.0010449
0.00093942
0.00083027
0.00071784
0.00060258
0.00048495
0.00036539
0.0002444
0.00012244
3.6306e-17
-0.00012244
-0.0002444
-0.00036539
-0.00048495
-0.00060258
-0.00071784
-0.00083027
-0.00093942
-0.0010449
-0.0011462
-0.001243
-0.0013349
-0.0014215
-0.0015025
-0.0015776
-0.0016464
-0.0017088
-0.0017644
-0.0018131
-0.0018546
-0.0018887
-0.0019155
-0.0019346
-0.0019462
-0.00195
-0.0019462
-0.0019346
-0.0019155
-0.0018887
-0.0018546
-0.0018131
-0.0017644
-0.0017088
-0.0016464
-0.0015776
-0.0015025
-0.0014215
-0.0013349
-0.001243
-0.0011462
-0.0010449
-0.00093942
-0.00083027
-0.00071784
-0.00060258
-0.00048495
-0.00036539
-0.0002444
-0.00012244
-1.9056e-18
0.00012244
0.0002444
0.00036539
0.00048495
0.00060258
0.00071784
0.00083027
0.00093942
0.0010449
0.0011462
0.001243
0.0013349
0.0014215
0.0015025
0.0015776
0.0016464
0.0017088
0.0017644
0.0018131
0.0018546
0.0018887
0.0019155
0.0019346
0.0019462
0.00195
0.0019462
0.0019346
0.0019155
0.0018887
0.0018546
0.0018131
0.0017644
0.0017088
0.0016464
0.0015776
0.0015025
0.0014215
0.0013349
0.001243
0.0011462
0.0010449
0.00093942
0.00083027
0.00071784
0.00060258
0.00048495
0.00036539
0.0002444
0.00012244
2.2928e-17
-0.00012244
-0.0002444
-0.00036539
-0.00048495
-0.00060258
-0.00071784
-0.00083027
-0.00093942
-0.0010449
-0.0011462
-0.001243
-0.0013349
-0.0014215
-0.0015025
-0.0015776
-0.0016464
-0.0017088
-0.0017644
-0.0018131
-0.0018546
-0.0018887
-0.0019155
-0.0019346
-0.0019462
-0.00195
-0.0019462
-0.0019346
-0.0019155
-0.0018887
-0.0018546
-0.0018131
-0.0017644
-0.0017088
-0.0016464
-0.0015776
-0.0015025
-0.0014215
-0.0013349
-0.001243
-0.0011462
-0.0010449
-0.00093942
-0.00083027
-0.00071784
-0.00060258
-0.00048495
-0.00036539
-0.0002444
-0.00012244
-4.395e-17
0.00012244
0.0002444
0.00036539
0.00048495
0.00060258
0.00071784
0.00083027
0.00093942
0.0010449
0.0011462
0.001243
0.0013349
0.0014215
0.0015025
0.0015776
0.0016464
0.0017088
0.0017644
0.0018131
0.0018546
0.0018887
0.0019155
0.0019346
0.0019462
0.00195
0.0019462
0.0019346
0.0019155
0.0018887
0.0018546
0.0018131
0.0017644
0.0017088
0.0016464
0.0015776
0.0015025
0.0014215
0.0013349
0.001243
0.0011462
0.0010449
0.00093942
0.00083027
0.00071784
0.00060258
0.00048495
0.00036539
0.0002444
0.00012244
9.5498e-18
-0.00012244
-0.0002444
-0.00036539
-0.00048495
-0.00060258
-0.00071784
-0.00083027
-0.00093942
-0.0010449
-0.0011462
-0.001243
-0.0013349
-0.0014215
-0.0015025
-0.0015776
-0.0016464
-0.0017088
-0.0017644
-0.0018131
-0.0018546
-0.0018887
-0.0019155
-0.0019346
-0.0019462
-0.00195
-0.0019462
-0.0019346
-0.0019155
-0.0018887
-0.0018546
-0.0018131
-0.0017644
-0.0017088
-0.0016464
-0.0015776
-0.0015025
-0.0014215
-0.0013349
-0.001243
-0.0011462
-0.0010449
-0.00093942
-0.00083027
-0.00071784
-0.00060258
-0.00048495
-0.00036539
-0.0002444
-0.00012244
-3.0572e-17
0.00012244
0.0002444
0.00036539
0.00048495
0.00060258
0.00071784
0.00083027
0.00093942
0.0010449
0.0011462
0.001243
0.0013349
0.0014215
0.0015025
0.0015776
0.0016464
0.0017088
0.0017644
0.0018131
0.0018546
0.0018887
0.0019155
0.0019346
0.0019462
0.00195
0.0019462
0.0019346
0.0019155
0.0018887
0.0018546
0.0018131
0.0017644
0.0017088
0.0016464
0.0015776
0.0015025
0.0014215
0.0013349
0.001243
0.0011462
0.0010449
0.00093942
0.00083027
0.00071784
0.00060258
0.00048495
0.00036539
0.0002444
0.00012244
-3.8281e-18
-0.00012244
-0.0002444
-0.00036539
-0.00048495
-0.00060258
-0.00071784
-0.00083027
-0.00093942
-0.0010449
-0.0011462
-0.001243
-0.0013349
-0.0014215
-0.0015025
-0.0015776
-0.0016464
-0.0017088
-0.0017644
-0.0018131
-0.0018546
-0.0018887
-0.0019155
-0.0019346
-0.0019462
-0.00195
-0.0019462
-0.0019346
-0.0019155
-0.0018887
-0.0018546
-0.0018131
-0.0017644
-0.0017088
-0.0016464
-0.0015776
-0.0015025
-0.0014215
-0.0013349
-0.001243
-0.0011462
-0.0010449
-0.00093942
-0.00083027
-0.00071784
-0.00060258
-0.00048495
-0.00036539
-0.0002444
-0.00012244
-1.7194e-17
0.00012244
0.0002444
0.00036539
0.00048495
0.00060258
0.00071784
0.00083027
0.00093942
0.0010449
0.0011462
0.001243
0.0013349
0.0014215
0.0015025
0.0015776
0.0016464
0.0017088
0.0017644
0.0018131
0.0018546
0.0018887
0.0019155
0.0019346
0.0019462
0.00195
0.0019462
0.0019346
0.0019155
0.0018887
0.0018546
0.0018131
0.0017644
0.0017088
0.0016464
0.0015776
0.0015025
0.0014215
0.0013349
0.001243
0.0011462
0.0010449
0.00093942
0.00083027
0.00071784
0.00060258
0.00048495
0.00036539
0.0002444
0.00012244
3.8216e-17
-0.00012244
-0.0002444
-0.00036539
-0.00048495
-0.00060258
-0.00071784
-0.00083027
-0.00093942
-0.0010449
-0.0011462
-0.001243
-0.0013349
-0.0014215
-0.0015025
-0.0015776
-0.0016464
-0.0017088
-0.0017644
-0.0018131
-0.0018546
-0.0018887
-0.0019155
-0.0019346
-0.0019462
-0.00195
-0.0019462
-0.0019346
-0.0019155
-0.0018887
-0.0018546
-0.0018131
-0.0017644
-0.0017088
-0.0016464
-0.0015776
-0.0015025
-0.0014215
-0.0013349
-0.001243
-0.0011462
-0.0010449
-0.00093942
-0.00083027
-0.00071784
-0.00060258
-0.00048495
-0.00036539
-0.0002444
-0.00012244
-3.8161e-18
0.00012244
0.0002444
0.00036539
0.00048495
0.00060258
0.00071784
0.00083027
0.00093942
0.0010449
0.0011462
0.001243
0.0013349
0.0014215
0.0015025
0.0015776
0.0016464
0.0017088
0.0017644
0.0018131
0.0018546
0.0018887
0.0019155
0.0019346
0.0019462
0.00195
0.0019462
0.0019346
0.0019155
0.0018887
0.0018546
0.0018131
0.0017644
0.0017088
0.0016464
0.0015776
0.0015025
0.0014215
0.0013349
0.001243
0.0011462
0.0010449
0.00093942
0.00083027
0.00071784
0.00060258
0.00048495
0.00036539
0.0002444
0.00012244
2.4838e-17
-0.00012244
-0.0002444
-0.00036539
-0.00048495
-0.00060258
-0.00071784
-0.00083027
-0.00093942
-0.0010449
-0.0011462
-0.001243
-0.0013349
-0.0014215
-0.0015025
-0.0015776
-0.0016464
-0.0017088
-0.0017644
-0.0018131
-0.0018546
-0.0018887
-0.0019155
-0.0019346
-0.0019462
-0.00195
-0.0019462
-0.0019346
-0.0019155
-0.0018887
-0.0018546
-0.0018131
-0.0017644
-0.0017088
-0.0016464
-0.0015776
-0.0015025
-0.0014215
-0.0013349
-0.001243
-0.0011462
-0.0010449
-0.00093942
-0.00083027
-0.00071784
-0.00060258
-0.00048495
-0.00036539
-0.0002444
-0.00012244
9.5619e-18
0.00012244
0.0002444
0.00036539
0.00048495
0.00060258
0.00071784
0.00083027
0.00093942
0.0010449
0.0011462
0.001243
0.0013349
0.0014215
0.0015025
0.0015776
0.0016464
0.0017088
0.0017644
0.0018131
0.0018546
0.0018887
0.0019155
0.0019346
0.0019462
0.00195
0.0019462
0.0019346
0.0019155
0.0018887
0.0018546
0.0018131
0.0017644
0.0017088
0.0016464
0.0015776
0.0015025
0.0014215
0.0013349
0.001243
0.0011462
0.0010449
0.00093942
0.00083027
0.00071784
0.00060258
0.00048495
0.00036539
0.0002444
0.00012244
1.146e-17
-0.00012244
-0.0002444
-0.00036539
-0.00048495
-0.00060258
-0.00071784
-0.00083027
-0.00093942
-0.0010449
-0.0011462
-0.001243
-0.0013349
-0.0014215
-0.0015025
-0.0015776
-0.0016464
-0.0017088
-0.0017644
-0.0018131
-0.0018546
-0.0018887
-0.0019155
-0.0019346
-0.0019462
-0.00195
-0.0019462
-0.0019346
-0.0019155
-0.0018887
-0.0018546
-0.0018131
-0.0017644
-0.0017088
-0.0016464
-0.0015776
-0.0015025
-0.0014215
-0.0013349
-0.001243
-0.0011462
-0.0010449
-0.00093942
-0.00083027
-0.00071784
-0.00060258
-0.00048495
-0.00036539
-0.0002444
-0.00012244
-3.2482e-17
0.00012244
0.0002444
0.00036539
0.00048495
0.00060258
0.00071784
0.00083027
0.00093942
0.0010449
0.0011462
0.001243
0.0013349
0.0014215
0.0015025
0.0015776
0.0016464
0.0017088
0.0017644
0.0018131
0.0018546
0.0018887
0.0019155
0.0019346
0.0019462
0.00195
0.0019462
0.0019346
0.0019155
0.0018887
0.0018546
0.0018131
0.0017644
0.0017088
0.0016464
0.0015776
0.0015025
0.0014215
0.0013349
0.001243
0.0011462
0.0010449
0.00093942
0.00083027
0.00071784
0.00060258
0.00048495
0.00036539
0.0002444
0.00012244
-1.9177e-18
-0.00012244
-0.0002444
-0.00036539
-0.00048495
-0.00060258
-0.00071784
-0.00083027
-0.00093942
-0.0010449
-0.0011462
-0.001243
-0.0013349
-0.0014215
-0.0015025
-0.0015776
-0.0016464
-0.0017088
-0.0017644
-0.0018131
-0.0018546
-0.0018887
-0.0019155
-0.0019346
-0.0019462
-0.00195
-0.0019462
-0.0019346
-0.0019155
-0.0018887
-0.0018546
-0.0018131
-0.0017644
-0.0017088
-0.0016464
-0.0015776
-0.0015025
-0.0014215
-0.0013349
-0.001243
-0.0011462
-0.0010449
-0.00093942
-0.00083027
-0.00071784
-0.00060258
-0.00048495
-0.00036539
-0.0002444
-0.00012244
-1.9104e-17
0.00012244
0.0002444
0.00036539
0.00048495
0.00060258
0.00071784
0.00083027
0.00093942
0.0010449
0.0011462
0.001243
0.0013349
0.0014215
0.0015025
0.0015776
0.0016464
0.0017088
0.0017644
0.0018131
0.0018546
0.0018887
0.0019155
0.0019346
0.0019462
0.00195
0.0019462
0.0019346
0.0019155
0.0018887
0.0018546
0.0018131
0.0017644
0.0017088
0.0016464
0.0015776
0.0015025
0.0014215
0.0013349
0.001243
0.0011462
0.0010449
0.00093942
0.00083027
0.00071784
0.00060258
0.00048495
0.00036539
0.0002444
0.00012244
4.0127e-17
-0.00012244
-0.0002444
-0.00036539
-0.00048495
-0.00060258
-0.00071784
-0.00083027
-0.00093942
-0.0010449
-0.0011462
-0.001243
-0.0013349
-0.0014215
-0.0015025
-0.0015776
-0.0016464
-0.0017088
-0.0017644
-0.0018131
-0.0018546
-0.0018887
-0.0019155
-0.0019346
-0.0019462
-0.00195
-0.0019462
-0.0019346
-0.0019155
-0.0018887
-0.0018546
-0.0018131
-0.0017644
-0.0017088
-0.0016464
-0.0015776
-0.0015025
-0.0014215
-0.0013349
-0.001243
-0.0011462
-0.0010449
-0.00093942
-0.00083027
-0.00071784
-0.00060258
-0.00048495
-0.00036539
-0.0002444
-0.00012244
-6.1149e-17
0.00012244
0.0002444
0.00036539
0.00048495
0.00060258
0.00071784
0.00083027
0.00093942
0.0010449
0.0011462
0.001243
0.0013349
0.0014215
0.0015025
0.0015776
0.0016464
0.0017088
0.0017644
0.0018131
0.0018546
0.0018887
0.0019155
0.0019346
0.0019462
0.00195
0.0019462
0.0019346
0.0019155
0.0018887
0.0018546
0.0018131
0.0017644
0.0017088
0.0016464
0.0015776
0.0015025
0.0014215
0.0013349
0.001243
0.0011462
0.0010449
0.00093942
0.00083027
0.00071784
0.00060258
0.00048495
0.00036539
0.0002444
0.00012244
-2.8674e-17
-0.00012244
-0.0002444
-0.00036539
-0.00048495
-0.00060258
-0.00071784
-0.00083027
-0.00093942
-0.0010449
-0.0011462
-0.001243
-0.0013349
-0.0014215
-0.0015025
-0.0015776
-0.0016464
-0.0017088
-0.0017644
-0.0018131
-0.0018546
-0.0018887
-0.0019155
-0.0019346
-0.0019462
-0.00195
-0.0019462
-0.0019346
-0.0019155
-0.0018887
-0.0018546
-0.0018131
-0.0017644
-0.0017088
-0.0016464
-0.0015776
-0.0015025
-0.0014215
-0.0013349
-0.001243
-0.0011462
-0.0010449
-0.00093942
-0.00083027
-0.00071784
-0.00060258
-0.00048495
-0.00036539
-0.0002444
-0.00012244
7.6515e-18
0.00012244
0.0002444
0.00036539
0.00048495
0.00060258
0.00071784
0.00083027
0.00093942
0.0010449
0.0011462
0.001243
0.0013349
0.0014215
0.0015025
0.0015776
0.0016464
0.0017088
0.0017644
0.0018131
0.0018546
0.0018887
0.0019155
0.0019346
0.0019462
0.00195
0.0019462
0.0019346
0.0019155
0.0018887
0.0018546
0.0018131
0.0017644
0.0017088
0.0016464
0.0015776
0.0015025
0.0014215
0.0013349
0.001243
0.0011462
0.0010449
0.00093942
0.00083027
0.00071784
0.00060258
0.00048495
0.00036539
0.0002444
0.00012244
1.3371e-17
-0.00012244
-0.0002444
-0.00036539
-0.00048495
-0.00060258
-0.00071784
-0.00083027
-0.00093942
-0.0010449
-0.0011462
-0.001243
-0.0013349
-0.0014215
-0.0015025
-0.0015776
-0.0016464
-0.0017088
-0.0017644
-0.0018131
-0.0018546
-0.0018887
-0.0019155
-0.0019346
-0.0019462
-0.00195
-0.0019462
-0.0019346
-0.0019155
-0.0018887
-0.0018546
-0.0018131
-0.0017644
-0.0017088
-0.0016464
-0.0015776
-0.0015025
-0.0014215
-0.0013349
-0.001243
-0.0011462
-0.0010449
-0.00093942
-0.00083027
-0.00071784
-0.00060258
-0.00048495
-0.00036539
-0.0002444
-0.00012244
-3.4393e-17
0.00012244
0.0002444
0.00036539
0.00048495
0.00060258
0.00071784
0.00083027
0.00093942
0.0010449
0.0011462
0.001243
0.0013349
0.0014215
0.0015025
0.0015776
0.0016464
0.0017088
0.0017644
0.0018131
0.0018546
0.0018887
0.0019155
0.0019346
0.0019462
0.00195
0.0019462
0.0019346
0.0019155
0.0018887
0.0018546
0.0018131
0.0017644
0.0017088
0.0016464
0.0015776
0.0015025
0.0014215
0.0013349
0.001243
0.0011462
0.0010449
0.00093942
0.00083027
0.00071784
0.00060258
0.00048495
0.00036539
0.0002444
0.00012244
-5.543e-17
-0.00012244
-0.0002444
-0.00036539
-0.00048495
-0.00060258
-0.00071784
-0.00083027
-0.00093942
-0.0010449
-0.0011462
-0.001243
-0.0013349
-0.0014215
-0.0015025
-0.0015776
-0.0016464
-0.0017088
-0.0017644
-0.0018131
-0.0018546
-0.0018887
-0.0019155
-0.0019346
-0.0019462
-0.00195
-0.0019462
-0.0019346
-0.0019155
-0.0018887
-0.0018546
-0.0018131
-0.0017644
-0.0017088
-0.0016464
-0.0015776
-0.0015025
-0.0014215
-0.0013349
-0.001243
-0.0011462
-0.0010449
-0.00093942
-0.00083027
-0.00071784
-0.00060258
-0.00048495
-0.00036539
-0.0002444
-0.00012244
3.4407e-17
0.00012244
0.0002444
0.00036539
0.00048495
0.00060258
0.00071784
0.00083027
0.00093942
0.0010449
0.0011462
0.001243
0.0013349
0.0014215
0.0015025
0.0015776
0.0016464
0.0017088
0.0017644
0.0018131
0.0018546
0.0018887
0.0019155
0.0019346
0.0019462
0.00195
0.0019462
0.0019346
0.0019155
0.0018887
0.0018546
0.0018131
0.0017644
0.0017088
0.0016464
0.0015776
0.0015025
0.0014215
0.0013349
0.001243
0.0011462
0.0010449
0.00093942
0.00083027
0.00071784
0.00060258
0.00048495
0.00036539
0.0002444
0.00012244
-1.3385e-17
-0.00012244
-0.0002444
-0.00036539
-0.00048495
-0.00060258
-0.00071784
-0.00083027
-0.00093942
-0.0010449
-0.0011462
-0.001243
-0.0013349
-0.0014215
-0.0015025
-0.0015776
-0.0016464
-0.0017088
-0.0017644
-0.0018131
-0.0018546
-0.0018887
-0.0019155
-0.0019346
-0.0019462
-0.00195
-0.0019462
-0.0019346
-0.0019155
-0.0018887
-0.0018546
-0.0018131
-0.0017644
-0.0017088
-0.0016464
-0.0015776
-0.0015025
-0.0014215
-0.0013349
-0.001243
-0.0011462
-0.0010449
-0.00093942
-0.00083027
-0.00071784
-0.00060258
-0.00048495
-0.00036539
-0.0002444
-0.00012244
-7.637e-18
0.00012244
0.0002444
0.00036539
0.00048495
0.00060258
0.00071784
0.00083027
0.00093942
0.0010449
0.0011462
0.001243
0.0013349
0.0014215
0.0015025
0.0015776
0.0016464
0.0017088
0.0017644
0.0018131
0.0018546
0.0018887
0.0019155
0.0019346
0.0019462
0.00195
0.0019462
0.0019346
0.0019155
0.0018887
0.0018546
0.0018131
0.0017644
0.0017088
0.0016464
0.0015776
0.0015025
0.0014215
0.0013349
0.001243
0.0011462
0.0010449
0.00093942
0.00083027
0.00071784
0.00060258
0.00048495
0.00036539
0.0002444
0.00012244
2.8659e-17
-0.00012244
-0.0002444
-0.00036539
-0.00048495
-0.00060258
-0.00071784
-0.00083027
-0.00093942
-0.0010449
-0.0011462
-0.001243
-0.0013349
-0.0014215
-0.0015025
-0.0015776
-0.0016464
-0.0017088
-0.0017644
-0.0018131
-0.0018546
-0.0018887
-0.0019155
-0.0019346
-0.0019462
-0.00195
-0.0019462
-0.0019346
-0.0019155
-0.0018887
-0.0018546
-0.0018131
-0.0017644
-0.0017088
-0.0016464
-0.0015776
-0.0015025
-0.0014215
-0.0013349
-0.001243
-0.0011462
-0.0010449
-0.00093942
-0.00083027
-0.00071784
-0.00060258
-0.00048495
-0.00036539
-0.0002444
-0.00012244
6.1163e-17
0.00012244
0.0002444
0.00036539
0.00048495
0.00060258
0.00071784
0.00083027
0.00093942
0.0010449
0.0011462
0.001243
0.0013349
0.0014215
0.0015025
0.0015776
0.0016464
0.0017088
0.0017644
0.0018131
0.0018546
0.0018887
0.0019155
0.0019346
0.0019462
0.00195
0.0019462
0.0019346
0.0019155
0.0018887
0.0018546
0.0018131
0.0017644
0.0017088
0.0016464
0.0015776
0.0015025
0.0014215
0.0013349
0.001243
0.0011462
0.0010449
0.00093942
0.00083027
0.00071784
0.00060258
0.00048495
0.00036539
0.0002444
0.00012244
-4.0141e-17
-0.00012244
-0.0002444
-0.00036539
-0.00048495
-0.00060258
-0.00071784
-0.00083027
-0.00093942
-0.0010449
-0.0011462
-0.001243
-0.0013349
-0.0014215
-0.0015025
-0.0015776
-0.0016464
-0.0017088
-0.0017644
-0.0018131
-0.0018546
-0.0018887
-0.0019155
-0.0019346
-0.0019462
-0.00195
-0.0019462
-0.0019346
-0.0019155
-0.0018887
-0.0018546
-0.0018131
-0.0017644
-0.0017088
-0.0016464
-0.0015776
-0.0015025
-0.0014215
-0.0013349
-0.001243
-0.0011462
-0.0010449
-0.00093942
-0.00083027
-0.00071784
-0.00060258
-0.00048495
-0.00036539
-0.0002444
-0.00012244
1.9119e-17
0.00012244
0.0002444
0.00036539
0.00048495
0.00060258
0.00071784
0.00083027
0.00093942
0.0010449
0.0011462
0.001243
0.0013349
0.0014215
0.0015025
0.0015776
0.0016464
0.0017088
0.0017644
0.0018131
0.0018546
0.0018887
0.0019155
0.0019346
0.0019462
0.00195
0.0019462
0.0019346
0.0019155
0.0018887
0.0018546
0.0018131
0.0017644
0.0017088
0.0016464
0.0015776
0.0015025
0.0014215
0.0013349
0.001243
0.0011462
0.0010449
0.00093942
0.00083027
0.00071784
0.00060258
0.00048495
0.00036539
0.0002444
0.00012244
1.9032e-18
-0.00012244
-0.0002444
-0.00036539
-0.00048495
-0.00060258
-0.00071784
-0.00083027
-0.00093942
-0.0010449
-0.0011462
-0.001243
-0.0013349
-0.0014215
-0.0015025
-0.0015776
-0.0016464
-0.0017088
-0.0017644
-0.0018131
-0.0018546
-0.0018887
-0.0019155
-0.0019346
-0.0019462
-0.00195
-0.0019462
-0.0019346
-0.0019155
-0.0018887
-0.0018546
-0.0018131
-0.0017644
-0.0017088
-0.0016464
-0.0015776
-0.0015025
-0.0014215
-0.0013349
-0.001243
-0.0011462
-0.0010449
-0.00093942
-0.00083027
-0.00071784
-0.00060258
-0.00048495
-0.00036539
-0.0002444
-0.00012244
-2.2925e-17
0.00012244
0.0002444
0.00036539
0.00048495
0.00060258
0.00071784
0.00083027
0.00093942
0.0010449
0.0011462
0.001243
0.0013349
0.0014215
0.0015025
0.0015776
0.0016464
0.0017088
0.0017644
0.0018131
0.0018546
0.0018887
0.0019155
0.0019346
0.0019462
0.00195
0.0019462
0.0019346
0.0019155
0.0018887
0.0018546
0.0018131
0.0017644
0.0017088
0.0016464
0.0015776
0.0015025
0.0014215
0.0013349
0.001243
0.0011462
0.0010449
0.00093942
0.00083027
0.00071784
0.00060258
0.00048495
0.00036539
0.0002444
0.00012244
-6.6897e-17
-0.00012244
-0.0002444
-0.00036539
-0.00048495
-0.00060258
-0.00071784
-0.00083027
-0.00093942
-0.0010449
-0.0011462
-0.001243
-0.0013349
-0.0014215
-0.0015025
-0.0015776
-0.0016464
-0.0017088
-0.0017644
-0.0018131
-0.0018546
-0.0018887
-0.0019155
-0.0019346
-0.0019462
-0.00195
-0.0019462
-0.0019346
-0.0019155
-0.0018887
-0.0018546
-0.0018131
-0.0017644
-0.0017088
-0.0016464
-0.0015776
-0.0015025
-0.0014215
-0.0013349
-0.001243
-0.0011462
-0.0010449
-0.00093942
-0.00083027
-0.00071784
-0.00060258
-0.00048495
-0.00036539
-0.0002444
-0.00012244
4.5875e-17
0.00012244
0.0002444
0.00036539
0.00048495
0.00060258
0.00071784
0.00083027
0.00093942
0.0010449
0.0011462
0.001243
0.0013349
0.0014215
0.0015025
0.0015776
0.0016464
0.0017088
0.0017644
0.0018131
0.0018546
0.0018887
0.0019155
0.0019346
0.0019462
0.00195
0.0019462
0.0019346
0.0019155
0.0018887
0.0018546
0.0018131
0.0017644
0.0017088
0.0016464
0.0015776
0.0015025
0.0014215
0.0013349
0.001243
0.0011462
0.0010449
0.00093942
0.00083027
0.00071784
0.00060258
0.00048495
0.00036539
0.0002444
0.00012244
-2.4853e-17
-0.00012244
-0.0002444
-0.00036539
-0.00048495
-0.00060258
-0.00071784
-0.00083027
-0.00093942
-0.0010449
-0.0011462
-0.001243
-0.0013349
-0.0014215
-0.0015025
-0.0015776
-0.0016464
-0.0017088
-0.0017644
-0.0018131
-0.0018546
-0.0018887
-0.0019155
-0.0019346
-0.0019462
-0.00195
-0.0019462
-0.0019346
-0.0019155
-0.0018887
-0.0018546
-0.0018131
-0.0017644
-0.0017088
-0.0016464
-0.0015776
-0.0015025
-0.0014215
-0.0013349
-0.001243
-0.0011462
-0.0010449
-0.00093942
-0.00083027
-0.00071784
-0.00060258
-0.00048495
-0.00036539
-0.0002444
-0.00012244
3.8306e-18
0.00012244
0.0002444
0.00036539
0.00048495
0.00060258
0.00071784
0.00083027
0.00093942
0.0010449
0.0011462
0.001243
0.0013349
0.0014215
0.0015025
0.0015776
0.0016464
0.0017088
0.0017644
0.0018131
0.0018546
0.0018887
0.0019155
0.0019346
0.0019462
0.00195
0.0019462
0.0019346
0.0019155
0.0018887
0.0018546
0.0018131
0.0017644
0.0017088
0.0016464
0.0015776
0.0015025
0.0014215
0.0013349
0.001243
0.0011462
0.0010449
0.00093942
0.00083027
0.00071784
0.00060258
0.00048495
0.00036539
0.0002444
0.00012244
1.7192e-17
-0.00012244
-0.0002444
-0.00036539
-0.00048495
-0.00060258
-0.00071784
-0.00083027
-0.00093942
-0.0010449
-0.0011462
-0.001243
-0.0013349
-0.0014215
-0.0015025
-0.0015776
-0.0016464
-0.0017088
-0.0017644
-0.0018131
-0.0018546
-0.0018887
-0.0019155
-0.0019346
-0.0019462
-0.00195
-0.0019462
-0.0019346
-0.0019155
-0.0018887
-0.0018546
-0.0018131
-0.0017644
-0.0017088
-0.0016464
-0.0015776
-0.0015025
-0.0014215
-0.0013349
-0.001243
-0.0011462
-0.0010449
-0.00093942
-0.00083027
-0.00071784
-0.00060258
-0.00048495
-0.00036539
-0.0002444
-0.00012244
-3.8214e-17
0.00012244
0.0002444
0.00036539
0.00048495
0.00060258
0.00071784
0.00083027
0.00093942
0.0010449
0.0011462
0.001243
0.0013349
0.0014215
0.0015025
0.0015776
0.0016464
0.0017088
0.0017644
0.0018131
0.0018546
0.0018887
0.0019155
0.0019346
0.0019462
0.00195
0.0019462
0.0019346
0.0019155
0.0018887
0.0018546
0.0018131
0.0017644
0.0017088
0.0016464
0.0015776
0.0015025
0.0014215
0.0013349
0.001243
0.0011462
0.0010449
0.00093942
0.00083027
0.00071784
0.00060258
0.00048495
0.00036539
0.0002444
0.00012244
5.9236e-17
-0.00012244
-0.0002444
-0.00036539
-0.00048495
-0.00060258
-0.00071784
-0.00083027
-0.00093942
-0.0010449
-0.0011462
-0.001243
-0.0013349
-0.0014215
-0.0015025
-0.0015776
-0.0016464
-0.0017088
-0.0017644
-0.0018131
-0.0018546
-0.0018887
-0.0019155
-0.0019346
-0.0019462
-0.00195
-0.0019462
-0.0019346
-0.0019155
-0.0018887
-0.0018546
-0.0018131
-0.0017644
-0.0017088
-0.0016464
-0.0015776
-0.0015025
-0.0014215
-0.0013349
-0.001243
-0.0011462
-0.0010449
-0.00093942
-0.00083027
-0.00071784
-0.00060258
-0.00048495
-0.00036539
-0.0002444
-0.00012244
3.0586e-17
0.00012244
0.0002444
0.00036539
0.00048495
0.00060258
0.00071784
0.00083027
0.00093942
0.0010449
0.0011462
0.001243
0.0013349
0.0014215
0.0015025
0.0015776
0.0016464
0.0017088
0.0017644
0.0018131
0.0018546
0.0018887
0.0019155
0.0019346
0.0019462
0.00195
0.0019462
0.0019346
0.0019155
0.0018887
0.0018546
0.0018131
0.0017644
0.0017088
0.0016464
0.0015776
0.0015025
0.0014215
0.0013349
0.001243
0.0011462
0.0010449
0.00093942
0.00083027
0.00071784
0.00060258
0.00048495
0.00036539
0.0002444
0.00012244
-9.5643e-18
-0.00012244
-0.0002444
-0.00036539
-0.00048495
-0.00060258
-0.00071784
-0.00083027
-0.00093942
-0.0010449
-0.0011462
-0.001243
-0.0013349
-0.0014215
-0.0015025
-0.0015776
-0.0016464
-0.0017088
-0.0017644
-0.0018131
-0.0018546
-0.0018887
-0.0019155
-0.0019346
-0.0019462
-0.00195
-0.0019462
-0.0019346
-0.0019155
-0.0018887
-0.0018546
-0.0018131
-0.0017644
-0.0017088
-0.0016464
-0.0015776
-0.0015025
-0.0014215
-0.0013349
-0.001243
-0.0011462
-0.0010449
-0.00093942
-0.00083027
-0.00071784
-0.00060258
-0.00048495
-0.00036539
-0.0002444
-0.00012244
-1.1458e-17
0.00012244
0.0002444
0.00036539
0.00048495
0.00060258
0.00071784
0.00083027
0.00093942
0.0010449
0.0011462
0.001243
0.0013349
0.0014215
0.0015025
0.0015776
0.0016464
0.0017088
0.0017644
0.0018131
0.0018546
0.0018887
0.0019155
0.0019346
0.0019462
0.00195
0.0019462
0.0019346
0.0019155
0.0018887
0.0018546
0.0018131
0.0017644
0.0017088
0.0016464
0.0015776
0.0015025
0.0014215
0.0013349
0.001243
0.0011462
0.0010449
0.00093942
0.00083027
0.00071784
0.00060258
0.00048495
0.00036539
0.0002444
0.00012244
3.248e-17
-0.00012244
-0.0002444
-0.00036539
-0.00048495
-0.00060258
-0.00071784
-0.00083027
-0.00093942
-0.0010449
-0.0011462
-0.001243
-0.0013349
-0.0014215
-0.0015025
-0.0015776
-0.0016464
-0.0017088
-0.0017644
-0.0018131
-0.0018546
-0.0018887
-0.0019155
-0.0019346
-0.0019462
-0.00195
-0.0019462
-0.0019346
-0.0019155
-0.0018887
-0.0018546
-0.0018131
-0.0017644
-0.0017088
-0.0016464
-0.0015776
-0.0015025
-0.0014215
-0.0013349
-0.001243
-0.0011462
-0.0010449
-0.00093942
-0.00083027
-0.00071784
-0.00060258
-0.00048495
-0.00036539
-0.0002444
-0.00012244
-5.3502e-17
0.00012244
0.0002444
0.00036539
0.00048495
0.00060258
0.00071784
0.00083027
0.00093942
0.0010449
0.0011462
0.001243
0.0013349
0.0014215
0.0015025
0.0015776
0.0016464
0.0017088
0.0017644
0.0018131
0.0018546
0.0018887
0.0019155
0.0019346
0.0019462
0.00195
0.0019462
0.0019346
0.0019155
0.0018887
0.0018546
0.0018131
0.0017644
0.0017088
0.0016464
0.0015776
0.0015025
0.0014215
0.0013349
0.001243
0.0011462
0.0010449
0.00093942
0.00083027
0.00071784
0.00060258
0.00048495
0.00036539
0.0002444
0.00012244
-3.632e-17
-0.00012244
-0.0002444
-0.00036539
-0.00048495
-0.00060258
-0.00071784
-0.00083027
-0.00093942
-0.0010449
-0.0011462
-0.001243
-0.0013349
-0.0014215
-0.0015025
-0.0015776
-0.0016464
-0.0017088
-0.0017644
-0.0018131
-0.0018546
-0.0018887
-0.0019155
-0.0019346
-0.0019462
-0.00195
-0.0019462
-0.0019346
-0.0019155
-0.0018887
-0.0018546
-0.0018131
-0.0017644
-0.0017088
-0.0016464
-0.0015776
-0.0015025
-0.0014215
-0.0013349
-0.001243
-0.0011462
-0.0010449
-0.00093942
-0.00083027
-0.00071784
-0.00060258
-0.00048495
-0.00036539
-0.0002444
-0.00012244
1.5298e-17
0.00012244
0.0002444
0.00036539
0.00048495
0.00060258
0.00071784
0.00083027
0.00093942
0.0010449
0.0011462
0.001243
0.0013349
0.0014215
0.0015025
0.0015776
0.0016464
0.0017088
0.0017644
0.0018131
0.0018546
0.0018887
0.0019155
0.0019346
0.0019462
0.00195
0.0019462
0.0019346
0.0019155
0.0018887
0.0018546
0.0018131
0.0017644
0.0017088
0.0016464
0.0015776
0.0015025
0.0014215
0.0013349
0.001243
0.0011462
0.0010449
0.00093942
0.00083027
0.00071784
0.00060258
0.00048495
0.00036539
0.0002444
0.00012244
5.7241e-18
-0.00012244
-0.0002444
-0.00036539
-0.00048495
-0.00060258
-0.00071784
-0.00083027
-0.00093942
-0.0010449
-0.0011462
-0.001243
-0.0013349
-0.0014215
-0.0015025
-0.0015776
-0.0016464
-0.0017088
-0.0017644
-0.0018131
-0.0018546
-0.0018887
-0.0019155
-0.0019346
-0.0019462
-0.00195
-0.0019462
-0.0019346
-0.0019155
-0.0018887
-0.0018546
-0.0018131
-0.0017644
-0.0017088
-0.0016464
-0.0015776
-0.0015025
-0.0014215
-0.0013349
-0.001243
-0.0011462
-0.0010449
-0.00093942
-0.00083027
-0.00071784
-0.00060258
-0.00048495
-0.00036539
-0.0002444
-0.00012244
-2.6746e-17
0.00012244
0.0002444
0.00036539
0.00048495
0.00060258
0.00071784
0.00083027
0.00093942
0.0010449
0.0011462
0.001243
0.0013349
0.0014215
0.0015025
0.0015776
0.0016464
0.0017088
0.0017644
0.0018131
0.0018546
0.0018887
0.0019155
0.0019346
0.0019462
0.00195
0.0019462
0.0019346
0.0019155
0.0018887
0.0018546
0.0018131
0.0017644
0.0017088
0.0016464
0.0015776
0.0015025
0.0014215
0.0013349
0.001243
0.0011462
0.0010449
0.00093942
0.00083027
0.00071784
0.00060258
0.00048495
0.00036539
0.0002444
0.00012244
4.7768e-17
-0.00012244
-0.0002444
-0.00036539
-0.00048495
-0.00060258
-0.00071784
-0.00083027
-0.00093942
-0.0010449
-0.0011462
-0.001243
-0.0013349
-0.0014215
-0.0015025
-0.0015776
-0.0016464
-0.0017088
-0.0017644
-0.0018131
-0.0018546
-0.0018887
-0.0019155
-0.0019346
-0.0019462
-0.00195
-0.0019462
-0.0019346
-0.0019155
-0.0018887
-0.0018546
-0.0018131
-0.0017644
-0.0017088
-0.0016464
-0.0015776
-0.0015025
-0.0014215
-0.0013349
-0.001243
-0.0011462
-0.0010449
-0.00093942
-0.00083027
-0.00071784
-0.00060258
-0.00048495
-0.00036539
-0.0002444
-0.00012244
4.2054e-17
0.00012244
0.0002444
0.00036539
0.00048495
0.00060258
0.00071784
0.00083027
0.00093942
0.0010449
0.0011462
0.001243
0.0013349
0.0014215
0.0015025
0.0015776
0.0016464
0.0017088
0.0017644
0.0018131
0.0018546
0.0018887
0.0019155
0.0019346
0.0019462
0.00195
0.0019462
0.0019346
0.0019155
0.0018887
0.0018546
0.0018131
0.0017644
0.0017088
0.0016464
0.0015776
0.0015025
0.0014215
0.0013349
0.001243
0.0011462
0.0010449
0.00093942
0.00083027
0.00071784
0.00060258
0.00048495
0.00036539
0.0002444
0.00012244
-2.1032e-17
-0.00012244
-0.0002444
-0.00036539
-0.00048495
-0.00060258
-0.00071784
-0.00083027
-0.00093942
-0.0010449
-0.0011462
-0.001243
-0.0013349
-0.0014215
-0.0015025
-0.0015776
-0.0016464
-0.0017088
-0.0017644
-0.0018131
-0.0018546
-0.0018887
-0.0019155
-0.0019346
-0.0019462
-0.00195
-0.0019462
-0.0019346
-0.0019155
-0.0018887
-0.0018546
-0.0018131
-0.0017644
-0.0017088
-0.0016464
-0.0015776
-0.0015025
-0.0014215
-0.0013349
-0.001243
-0.0011462
-0.0010449
-0.00093942
-0.00083027
-0.00071784
-0.00060258
-0.00048495
-0.00036539
-0.0002444
-0.00012244
9.6464e-21
0.0001222
0.00024367
0.00036393
0.00048252
0.00059897
0.00071282
0.00082363
0.00093096
0.0010344
0.0011336
0.0012281
0.0013175
0.0014016
0.00148
0.0015523
0.0016184
0.001678
0.0017309
0.0017768
0.0018156
0.0018472
0.0018714
0.0018882
0.0018975
0.0018993
0.0018936
0.0018805
0.0018599
0.0018321
0.0017971
0.001755
0.0017062
0.0016507
0.0015888
0.0015208
0.0014469
0.0013675
0.0012828
0.0011933
0.0010992
0.001001
0.00089902
0.00079374
0.00068554
0.00057486
0.00046215
0.00034785
0.00023242
0.00011632
1.9941e-17
-0.00011607
-0.00023145
-0.00034566
-0.00045827
-0.00056884
-0.00067693
-0.00078211
-0.00088399
-0.00098217
-0.0010763
-0.0011659
-0.0012508
-0.0013305
-0.0014048
-0.0014735
-0.0015361
-0.0015926
-0.0016427
-0.0016861
-0.0017229
-0.0017527
-0.0017756
-0.0017915
-0.0018002
-0.0018018
-0.0017963
-0.0017837
-0.0017641
-0.0017376
-0.0017043
-0.0016644
-0.001618
-0.0015653
-0.0015065
-0.0014419
-0.0013718
-0.0012964
-0.0012161
-0.0011311
-0.0010419
-0.00094873
-0.00085205
-0.00075222
-0.00064965
-0.00054474
-0.00043791
-0.00032958
-0.0002202
-0.0001102
6.186e-17
0.00010995
0.00021923
0.00032739
0.00043403
0.00053871
0.00064103
0.0007406
0.00083702
0.00092993
0.001019
0.0011038
0.001184
0.0012594
0.0013297
0.0013946
0.0014538
0.0015072
0.0015544
0.0015955
0.0016302
0.0016583
0.0016799
0.0016947
0.0017029
0.0017043
0.001699
0.001687
0.0016684
0.0016432
0.0016116
0.0015737
0.0015297
0.0014798
0.0014242
0.001363
0.0012967
0.0012253
0.0011493
0.001069
0.00098457
0.00089649
0.00080508
0.00071071
0.00061376
0.00051461
0.00041366
0.00031132
0.00020798
0.00010408
-4.0572e-17
-0.00010383
-0.00020701
-0.00030912
-0.00040978
-0.00050858
-0.00060514
-0.00069909
-0.00079005
-0.00087768
-0.00096165
-0.0010416
-0.0011173
-0.0011884
-0.0012546
-0.0013157
-0.0013715
-0.0014217
-0.0014662
-0.0015048
-0.0015374
-0.0015639
-0.0015841
-0.001598
-0.0016056
-0.0016068
-0.0016017
-0.0015903
-0.0015726
-0.0015488
-0.0015189
-0.0014831
-0.0014415
-0.0013944
-0.0013418
-0.0012842
-0.0012215
-0.0011542
-0.0010826
-0.0010068
-0.00092726
-0.00084425
-0.00075811
-0.0006692
-0.00057786
-0.00048448
-0.00038941
-0.00029305
-0.00019576
-9.7953e-05
-6.7179e-17
9.7708e-05
0.00019479
0.00029085
0.00038553
0.00047845
0.00056925
0.00065757
0.00074308
0.00082544
0.00090434
0.00097947
0.0010505
0.0011173
0.0011795
0.0012368
0.0012892
0.0013363
0.001378
0.0014142
0.0014447
0.0014694
0.0014883
0.0015013
0.0015083
0.0015093
0.0015044
0.0014935
0.0014768
0.0014543
0.0014262
0.0013924
0.0013533
0.0013089
0.0012595
0.0012053
0.0011464
0.0010832
0.0010158
0.00094466
0.00086995
0.00079201
0.00071114
0.00062768
0.00054197
0.00045435
0.00036516
0.00027478
0.00018354
9.1831e-05
7.8721e-17
-9.1586e-05
-0.00018257
-0.00027258
-0.00036128
-0.00044832
-0.00053336
-0.00061606
-0.00069611
-0.0007732
-0.00084703
-0.00091732
-0.0009838
-0.0010462
-0.0011043
-0.0011579
-0.0012068
-0.0012508
-0.0012898
-0.0013235
-0.001352
-0.001375
-0.0013925
-0.0014045
-0.001411
-0.0014118
-0.0014071
-0.0013968
-0.001381
-0.0013599
-0.0013334
-0.0013018
-0.0012651
-0.0012235
-0.0011772
-0.0011264
-0.0010713
-0.0010121
-0.00094909
-0.00088251
-0.00081264
-0.00073976
-0.00066417
-0.00058617
-0.00050608
-0.00042422
-0.00034092
-0.00025651
-0.00017132
-8.5709e-05
-8.816e-17
8.5464e-05
0.00017035
0.00025431
0.00033704
0.00041819
0.00049747
0.00057455
0.00064914
0.00072095
0.00078972
0.00085517
0.00091705
0.00097514
0.0010292
0.0010791
0.0011245
0.0011654
0.0012016
0.0012329
0.0012592
0.0012806
0.0012968
0.0013078
0.0013137
0.0013143
0.0013098
0.0013001
0.0012853
0.0012655
0.0012407
0.0012111
0.0011769
0.0011381
0.0010949
0.0010475
0.00099616
0.00094103
0.00088235
0.00082036
0.00075533
0.00068752
0.0006172
0.00054466
0.00047019
0.00039409
0.00031667
0.00023824
0.0001591
7.9587e-05
2.3559e-17
-7.9342e-05
-0.00015813
-0.00023604
-0.00031279
-0.00038806
-0.00046157
-0.00053303
-0.00060217
-0.00066871
-0.00073241
-0.00079302
-0.00085031
-0.00090407
-0.00095409
-0.0010002
-0.0010422
-0.00108
-0.0011133
-0.0011422
-0.0011665
-0.0011861
-0.001201
-0.0012111
-0.0012163
-0.0012168
-0.0012125
-0.0012033
-0.0011895
-0.001171
-0.001148
-0.0011205
-0.0010886
-0.0010526
-0.0010126
-0.00096864
-0.00092103
-0.00086995
-0.0008156
-0.00075822
-0.00069802
-0.00063528
-0.00057023
-0.00050314
-0.00043429
-0.00036396
-0.00029242
-0.00021997
-0.00014688
-7.3465e-05
-1.0073e-16
7.322e-05
0.00014591
0.00021777
0.00028854
0.00035793
0.00042568
0.00049152
0.0005552
0.00061647
0.0006751
0.00073087
0.00078357
0.00083299
0.00087896
0.00092131
0.00095987
0.00099452
0.0010251
0.0010516
0.0010738
0.0010917
0.0011052
0.0011143
0.001119
0.0011193
0.0011151
0.0011066
0.0010937
0.0010766
0.0010552
0.0010298
0.0010004
0.00096718
0.00093024
0.00088976
0.00084591
0.00079888
0.00074886
0.00069607
0.00064072
0.00058303
0.00052326
0.00046163
0.0003984
0.00033383
0.00026817
0.0002017
0.00013466
6.7343e-05
4.3012e-17
-6.7098e-05
-0.00013369
-0.0001995
-0.0002643
-0.00032781
-0.00038979
-0.00045001
-0.00050823
-0.00056423
-0.00061779
-0.00066872
-0.00071682
-0.00076192
-0.00080384
-0.00084243
-0.00087755
-0.00090908
-0.0009369
-0.00096092
-0.00098106
-0.00099725
-0.0010094
-0.0010176
-0.0010217
-0.0010218
-0.0010178
-0.0010099
-0.00099795
-0.00098214
-0.00096252
-0.00093917
-0.0009122
-0.00088174
-0.00084792
-0.00081088
-0.00077078
-0.0007278
-0.00068212
-0.00063392
-0.00058341
-0.00053079
-0.00047629
-0.00042012
-0.00036251
-0.0003037
-0.00024393
-0.00018343
-0.00012244
-6.1221e-05
-4.9584e-17
6.0976e-05
0.00012147
0.00018124
0.00024005
0.00029768
0.0003539
0.00040849
0.00046126
0.00051198
0.00056048
0.00060657
0.00065008
0.00069084
0.00072871
0.00076355
0.00079523
0.00082364
0.00084868
0.00087027
0.00088833
0.00090282
0.00091367
0.00092088
0.00092442
0.0009243
0.00092053
0.00091314
0.00090218
0.00088771
0.00086979
0.00084851
0.00082398
0.0007963
0.00076559
0.000732
0.00069566
0.00065673
0.00061537
0.00057177
0.0005261
0.00047855
0.00042931
0.0003786
0.00032662
0.00027357
0.00021968
0.00016516
0.00011022
5.5099e-05
5.4055e-17
-5.4854e-05
-0.00010925
-0.00016297
-0.0002158
-0.00026755
-0.000318
-0.00036698
-0.00041428
-0.00045974
-0.00050317
-0.00054442
-0.00058334
-0.00061977
-0.00065359
-0.00068467
-0.00071291
-0.0007382
-0.00076046
-0.00077962
-0.00079561
-0.00080838
-0.0008179
-0.00082415
-0.00082711
-0.0008268
-0.00082322
-0.00081641
-0.00080641
-0.00079327
-0.00077706
-0.00075786
-0.00073576
-0.00071086
-0.00068327
-0.00065312
-0.00062053
-0.00058565
-0.00054863
-0.00050962
-0.00046879
-0.0004263
-0.00038234
-0.00033709
-0.00029073
-0.00024344
-0.00019543
-0.00014689
-9.8004e-05
-4.8977e-05
-1.2196e-17
4.8732e-05
9.7027e-05
0.0001447
0.00019155
0.00023742
0.00028211
0.00032547
0.00036731
0.0004075
0.00044586
0.00048227
0.00051659
0.00054869
0.00057846
0.00060579
0.00063059
0.00065276
0.00067224
0.00068896
0.00070288
0.00071394
0.00072213
0.00072742
0.00072981
0.0007293
0.00072591
0.00071968
0.00071064
0.00069883
0.00068433
0.00066721
0.00064754
0.00062542
0.00060095
0.00057424
0.00054541
0.00051458
0.00048189
0.00044747
0.00041148
0.00037406
0.00033537
0.00029558
0.00025483
0.00021331
0.00017119
0.00012862
8.5784e-05
4.2855e-05
5.6689e-17
-4.261e-05
-8.4807e-05
-0.00012643
-0.00016731
-0.00020729
-0.00024622
-0.00028395
-0.00032034
-0.00035525
-0.00038856
-0.00042013
-0.00044985
-0.00047762
-0.00050334
-0.00052691
-0.00054826
-0.00056732
-0.00058402
-0.00059831
-0.00061015
-0.00061951
-0.00062636
-0.00063069
-0.0006325
-0.0006318
-0.00062861
-0.00062295
-0.00061486
-0.0006044
-0.0005916
-0.00057655
-0.00055932
-0.00053998
-0.00051863
-0.00049536
-0.00047028
-0.0004435
-0.00041514
-0.00038532
-0.00035417
-0.00032182
-0.0002884
-0.00025406
-0.00021894
-0.00018319
-0.00014694
-0.00011035
-7.3564e-05
-3.6732e-05
-2.1711e-17
3.6488e-05
7.2587e-05
0.00010816
0.00014306
0.00017716
0.00021033
0.00024244
0.00027337
0.00030301
0.00033125
0.00035798
0.00038311
0.00040655
0.00042821
0.00044803
0.00046594
0.00048188
0.0004958
0.00050766
0.00051742
0.00052507
0.00053058
0.00053396
0.00053519
0.0005343
0.0005313
0.00052622
0.00051909
0.00050996
0.00049888
0.0004859
0.0004711
0.00045454
0.00043631
0.00041648
0.00039516
0.00037243
0.0003484
0.00032317
0.00029686
0.00026957
0.00024143
0.00021255
0.00018305
0.00015306
0.00012269
9.2079e-05
6.1344e-05
3.061e-05
2.3315e-17
-3.0365e-05
-6.0367e-05
-8.9887e-05
-0.00011881
-0.00014703
-0.00017444
-0.00020093
-0.0002264
-0.00025077
-0.00027394
-0.00029583
-0.00031636
-0.00033547
-0.00035309
-0.00036915
-0.00038362
-0.00039644
-0.00040758
-0.000417
-0.00042469
-0.00043063
-0.00043481
-0.00043722
-0.00043788
-0.0004368
-0.00043399
-0.00042949
-0.00042332
-0.00041552
-0.00040615
-0.00039525
-0.00038288
-0.0003691
-0.00035398
-0.0003376
-0.00032003
-0.00030136
-0.00028166
-0.00026103
-0.00023955
-0.00021733
-0.00019446
-0.00017104
-0.00014716
-0.00012293
-9.8444e-05
-7.3809e-05
-4.9124e-05
-2.4488e-05
-2.2817e-17
2.4243e-05
4.8147e-05
7.1617e-05
9.4564e-05
0.0001169
0.00013854
0.00015941
0.00017943
0.00019852
0.00021663
0.00023368
0.00024962
0.0002644
0.00027796
0.00029028
0.0003013
0.000311
0.00031936
0.00032635
0.00033197
0.0003362
0.00033904
0.00034049
0.00034058
0.0003393
0.00033668
0.00033276
0.00032754
0.00032109
0.00031342
0.00030459
0.00029466
0.00028366
0.00027166
0.00025872
0.00024491
0.00023028
0.00021491
0.00019888
0.00018224
0.00016509
0.00014749
0.00012952
0.00011127
9.2798e-05
7.4197e-05
5.554e-05
3.6904e-05
1.8366e-05
3.7002e-18
-1.8121e-05
-3.5927e-05
-5.3347e-05
-7.0317e-05
-8.6772e-05
-0.00010265
-0.0001179
-0.00013246
-0.00014628
-0.00015932
-0.00017153
-0.00018288
-0.00019332
-0.00020284
-0.0002114
-0.00021898
-0.00022556
-0.00023114
-0.0002357
-0.00023924
-0.00024176
-0.00024326
-0.00024376
-0.00024327
-0.0002418
-0.00023938
-0.00023602
-0.00023177
-0.00022665
-0.00022069
-0.00021394
-0.00020644
-0.00019822
-0.00018934
-0.00017984
-0.00016978
-0.00015921
-0.00014817
-0.00013673
-0.00012493
-0.00011285
-0.00010052
-8.8009e-05
-7.5374e-05
-6.2669e-05
-4.9949e-05
-3.727e-05
-2.4684e-05
-1.2244e-05
-1.5513e-17
1.1999e-05
2.3707e-05
3.5078e-05
4.607e-05
5.6643e-05
6.6759e-05
7.6385e-05
8.5487e-05
9.4038e-05
0.00010201
0.00010938
0.00011613
0.00012225
0.00012771
0.00013252
0.00013665
0.00014012
0.00014292
0.00014505
0.00014651
0.00014732
0.00014749
0.00014703
0.00014596
0.0001443
0.00014207
0.00013929
0.000136
0.00013221
0.00012796
0.00012329
0.00011822
0.00011278
0.00010702
0.00010097
9.4658e-05
8.8132e-05
8.1427e-05
7.4579e-05
6.7625e-05
6.0602e-05
5.3547e-05
4.6495e-05
3.9481e-05
3.2539e-05
2.5702e-05
1.9e-05
1.2464e-05
6.1221e-06
3.277e-18
-5.8772e-06
-1.1487e-05
-1.6808e-05
-2.1823e-05
-2.6514e-05
-3.0867e-05
-3.4871e-05
-3.8516e-05
-4.1794e-05
-4.4701e-05
-4.7233e-05
-4.939e-05
-5.1174e-05
-5.2588e-05
-5.3638e-05
-5.4333e-05
-5.4682e-05
-5.4697e-05
-5.4392e-05
-5.3782e-05
-5.2885e-05
-5.1717e-05
-5.03e-05
-4.8654e-05
-4.68e-05
-4.4761e-05
-4.2562e-05
-4.0225e-05
-3.7775e-05
-3.5237e-05
-3.2635e-05
-2.9995e-05
-2.7341e-05
-2.4697e-05
-2.2086e-05
-1.9533e-05
-1.7058e-05
-1.4684e-05
-1.243e-05
-1.0316e-05
-8.3589e-06
-6.5759e-06
-4.9816e-06
-3.5892e-06
-2.4103e-06
-1.4548e-06
-7.3079e-07
-2.444e-07
-0
-0
0
0
0
0
0
0
0
0
0
0
0
0
0
0
0
0
0
0
0
0
0
0
0
0
0
0
0
0
0
0
0
0
0
0
0
0
0
0
0
0
0
0
0
0
0
0
0
0
0
0
-0
-0
-0
-0
-0
-0
-0
-0
-0
-0
-0
-0
-0
-0
-0
-0
-0
-0
-0
-0
-0
-0
-0
-0
-0
-0
-0
-0
-0
-0
-0
-0
-0
-0
-0
-0
-0
-0
-0
-0
-0
-0
-0
-0
-0
-0
-0
-0
-0
-0
0
0
0
0
0
0
0
0
0
0
0
0
0
0
0
0
0
0
0
0
0
0
0
0
0
0
0
0
0
0
0
0
0
0
0
0
0
0
0
0
0
0
0
0
0
0
0
0
0
0
-0
-0
-0
-0
-0
-0
-0
-0
-0
-0
-0
-0
-0
-0
-0
-0
-0
-0
-0
-0
-0
-0
-0
-0
-0
-0
-0
-0
-0
-0
-0
-0
-0
-0
-0
-0
-0
-0
-0
-0
-0
-0
-0
-0
-0
-0
-0
-0
-0
-0
0
0
0
0
0
0
0
0
0
0
0
0
0
0
0
0
0
0
0
0
0
0
0
0
0
0
0
0
0
0
0
0
0
0
0
0
0
0
0
0
0
0
0
0
0
0
0
0
0
0
-0
-0
-0
-0
-0
-0
-0
-0
-0
-0
-0
-0
-0
-0
-0
-0
-0
-0
-0
-0
-0
-0
-0
-0
-0
-0
-0
-0
-0
-0
-0
-0
-0
-0
-0
-0
-0
-0
-0
-0
-0
-0
-0
-0
-0
-0
-0
-0
-0
-0
0
0
0
0
0
0
0
0
0
0
0
0
0
0
0
0
0
0
0
0
0
0
0
0
0
0
0
0
0
0
0
0
0
0
0
0
0
0
0
0
0
0
0
0
0
0
0
0
0
0
-0
-0
-0
-0
-0
-0
-0
-0
-0
-0
-0
-0
-0
-0
-0
-0
-0
-0
-0
-0
-0
-0
-0
-0
-0
-0
-0
-0
-0
-0
-0
-0
-0
-0
-0
-0
-0
-0
-0
-0
-0
-0
-0
-0
-0
-0
-0
-0
-0
-0
0
0
0
0
0
0
0
0
0
0
0
0
0
0
0
0
0
0
0
0
0
0
0
0
0
0
0
0
0
0
0
0
0
0
0
0
0
0
0
0
0
0
0
0
0
0
0
0
0
0
-0
-0
-0
-0
-0
-0
-0
-0
-0
-0
-0
-0
-0
-0
-0
-0
-0
-0
-0
-0
-0
-0
-0
-0
-0
-0
-0
-0
-0
-0
-0
-0
-0
-0
-0
-0
-0
-0
-0
-0
-0
-0
-0
-0
-0
-0
-0
-0
-0
-0
0
0
0
0
0
0
0
0
0
0
0
0
0
0
0
0
0
0
0
0
0
0
0
0
0
0
0
0
0
0
0
0
0
0
0
0
0
0
0
0
0
0
0
0
0
0
0
0
0
0
-0
-0
-0
-0
-0
-0
-0
-0
-0
-0
-0
-0
-0
-0
-0
-0
-0
-0
-0
-0
-0
-0
-0
-0
-0
-0
-0
-0
-0
-0
-0
-0
-0
-0
-0
-0
-0
-0
-0
-0
-0
-0
-0
-0
-0
-0
-0
-0
-0
-0
0
0
0
0
0
0
0
0
0
0
0
0
0
0
0
0
0
0
0
0
0
0
0
0
0
0
0
0
0
0
0
0
0
0
0
0
0
0
0
0
0
0
0
0
0
0
0
0
0
0
-0
-0
-0
-0
-0
-0
-0
-0
-0
-0
-0
-0
-0
-0
-0
-0
-0
-0
-0
-0
-0
-0
-0
-0
-0
-0
-0
-0
-0
-0
-0
-0
-0
-0
-0
-0
-0
-0
-0
-0
-0
-0
-0
-0
-0
-0
-0
-0
-0
-0
0
0
0
0
0
0
0
0
0
0
0
0
0
0
0
0
0
0
0
0
0
0
0
0
0
0
0
0
0
0
0
0
0
0
0
0
0
0
0
0
0
0
0
0
0
0
0
0
0
0
-0
-0
-0
-0
-0
-0
-0
-0
-0
-0
-0
-0
-0
-0
-0
-0
-0
-0
-0
-0
-0
-0
-0
-0
-0
-0
-0
-0
-0
-0
-0
-0
-0
-0
-0
-0
-0
-0
-0
-0
-0
-0
-0
-0
-0
-0
-0
-0
-0
-0
0
0
0
0
0
0
0
0
0
0
0
0
0
0
0
0
0
0
0
0
0
0
0
0
0
0
0
0
0
0
0
0
0
0
0
0
0
0
0
0
0
0
0
0
0
0
0
0
0
0
-0
-0
-0
-0
-0
-0
-0
-0
-0
-0
-0
-0
-0
-0
-0
-0
-0
-0
-0
-0
-0
-0
-0
-0
-0
-0
-0
-0
-0
-0
-0
-0
-0
-0
-0
-0
-0
-0
-0
-0
-0
-0
-0
-0
-0
-0
-0
-0
-0
-0
0
0
0
0
0
0
0
0
0
0
0
0
0
0
0
0
0
0
0
0
0
0
0
0
0
0
0
0
0
0
0
0
0
0
0
0
0
0
0
0
0
0
0
0
0
0
0
0
0
0
-0
-0
-0
-0
-0
-0
-0
-0
-0
-0
-0
-0
-0
-0
-0
-0
-0
-0
-0
-0
-0
-0
-0
-0
-0
-0
-0
-0
-0
-0
-0
-0
-0
-0
-0
-0
-0
-0
-0
-0
-0
-0
-0
-0
-0
-0
-0
-0
-0
-0
0
0
0
0
0
0
0
0
0
0
0
0
0
0
0
0
0
0
0
0
0
0
0
0
0
0
0
0
0
0
0
0
0
0
0
0
0
0
0
0
0
0
0
0
0
0
0
0
0
0
-0
-0
-0
-0
-0
-0
-0
-0
-0
-0
-0
-0
-0
-0
-0
-0
-0
-0
-0
-0
-0
-0
-0
-0
-0
-0
-0
-0
-0
-0
-0
-0
-0
-0
-0
-0
-0
-0
-0
-0
-0
-0
-0
-0
-0
-0
-0
-0
-0
0
0
0
0
0
0
0
0
0
0
0
0
0
0
0
0
0
0
0
0
0
0
0
0
0
0
0
0
0
0
0
0
0
0
0
0
0
0
0
0
0
0
0
0
0
0
0
0
0
0
0
-0
-0
-0
-0
-0
-0
-0
-0
-0
-0
-0
-0
-0
-0
-0
-0
-0
-0
-0
-0
-0
-0
-0
-0
-0
-0
-0
-0
-0
-0
-0
-0
-0
-0
-0
-0
-0
-0
-0
-0
-0
-0
-0
-0
-0
-0
-0
-0
-0
-0
0
0
0
0
0
0
0
0
0
0
0
0
0
0
0
0
0
0
0
0
0
0
0
0
0
0
0
0
0
0
0
0
0
0
0
0
0
0
0
0
0
0
0
0
0
0
0
0
0
-0
-0
-0
-0
-0
-0
-0
-0
-0
-0
-0
-0
-0
-0
-0
-0
-0
-0
-0
-0
-0
-0
-0
-0
-0
-0
-0
-0
-0
-0
-0
-0
-0
-0
-0
-0
-0
-0
-0
-0
-0
-0
-0
-0
-0
-0
-0
-0
-0
-0
-0
0
0
0
0
0
0
0
0
0
0
0
0
0
0
0
0
0
0
0
0
0
0
0
0
0
0
0
0
0
0
0
0
0
0
0
0
0
0
0
0
0
0
0
0
0
0
0
0
0
0
-0
-0
-0
-0
-0
-0
-0
-0
-0
-0
-0
-0
-0
-0
-0
-0
-0
-0
-0
-0
-0
-0
-0
-0
-0
-0
-0
-0
-0
-0
-0
-0
-0
-0
-0
-0
-0
-0
-0
-0
-0
-0
-0
-0
-0
-0
-0
-0
-0
-0
0
0
0
0
0
0
0
0
0
0
0
0
0
0
0
0
0
0
0
0
0
0
0
0
0
0
0
0
0
0
0
0
0
0
0
0
0
0
0
0
0
0
0
0
0
0
0
0
0
0
-0
-0
-0
-0
-0
-0
-0
-0
-0
-0
-0
-0
-0
-0
-0
-0
-0
-0
-0
-0
-0
-0
-0
-0
-0
-0
-0
-0
-0
-0
-0
-0
-0
-0
-0
-0
-0
-0
-0
-0
-0
-0
-0
-0
-0
-0
-0
-0
-0
0
0
0
0
0
0
0
0
0
0
0
0
0
0
0
0
0
0
0
0
0
0
0
0
0
0
0
0
0
0
0
0
0
0
0
0
0
0
0
0
0
0
0
0
0
0
0
0
0
0
0
-0
-0
-0
-0
-0
-0
-0
-0
-0
-0
-0
-0
-0
-0
-0
-0
-0
-0
-0
-0
-0
-0
-0
-0
-0
-0
-0
-0
-0
-0
-0
-0
-0
-0
-0
-0
-0
-0
-0
-0
-0
-0
-0
-0
-0
-0
-0
-0
-0
0
0
0
0
0
0
0
0
0
0
0
0
0
0
0
0
0
0
0
0
0
0
0
0
0
0
0
0
0
0
0
0
0
0
0
0
0
0
0
0
0
0
0
0
0
0
0
0
0
0
0
-0
-0
-0
-0
-0
-0
-0
-0
-0
-0
-0
-0
-0
-0
-0
-0
-0
-0
-0
-0
-0
-0
-0
-0
-0
-0
-0
-0
-0
-0
-0
-0
-0
-0
-0
-0
-0
-0
-0
-0
-0
-0
-0
-0
-0
-0
-0
-0
-0
-0
0
0
0
0
0
0
0
0
0
0
0
0
0
0
0
0
0
0
0
0
0
0
0
0
0
0
0
0
0
0
0
0
0
0
0
0
0
0
0
0
0
0
0
0
0
0
0
0
0
0
-0
-0
-0
-0
-0
-0
-0
-0
-0
-0
-0
-0
-0
-0
-0
-0
-0
-0
-0
-0
-0
-0
-0
-0
-0
-0
-0
-0
-0
-0
-0
-0
-0
-0
-0
-0
-0
-0
-0
-0
-0
-0
-0
-0
-0
-0
-0
-0
-0
-0
0
0
0
0
0
0
0
0
0
0
0
0
0
0
0
0
0
0
0
0
0
0
0
0
0
0
0
0
0
0
0
0
0
0
0
0
0
0
0
0
0
0
0
0
0
0
0
0
0
0
-0
-0
-0
-0
-0
-0
-0
-0
-0
-0
-0
-0
-0
-0
-0
-0
-0
-0
-0
-0
-0
-0
-0
-0
-0
-0
-0
-0
-0
-0
-0
-0
-0
-0
-0
-0
-0
-0
-0
-0
-0
-0
-0
-0
-0
-0
-0
-0
-0
-0
0
0
0
0
0
0
0
0
0
0
0
0
0
0
0
0
0
0
0
0
0
0
0
0
0
0
0
0
0
0
0
0
0
0
0
0
0
0
0
0
0
0
0
0
0
0
0
0
0
0
-0
-0
-0
-0
-0
-0
-0
-0
-0
-0
-0
-0
-0
-0
-0
-0
-0
-0
-0
-0
-0
-0
-0
-0
-0
-0
-0
-0
-0
-0
-0
-0
-0
-0
-0
-0
-0
-0
-0
-0
-0
-0
-0
-0
-0
-0
-0
-0
-0
0
0
0
0
0
0
0
0
0
0
0
0
0
0
0
0
0
0
0
0
0
0
0
0
0
0
0
0
0
0
0
0
0
0
0
0
0
0
0
0
0
0
0
0
0
0
0
0
0
0
0
-0
-0
-0
-0
-0
-0
-0
-0
-0
-0
-0
-0
-0
-0
-0
-0
-0
-0
-0
-0
-0
-0
-0
-0
-0
-0
-0
-0
-0
-0
-0
-0
-0
-0
-0
-0
-0
-0
-0
-0
-0
-0
-0
-0
-0
-0
-0
-0
-0
0
0
0
0
0
0
0
0
0
0
0
0
0
0
0
0
0
0
0
0
0
0
0
0
0
0
0
0
0
0
0
0
0
0
0
0
0
0
0
0
0
0
0
0
0
0
0
0
0
0
0
-0
-0
-0
-0
-0
-0
-0
-0
-0
-0
-0
-0
-0
-0
-0
-0
-0
-0
-0
-0
-0
-0
-0
-0
-0
-0
-0
-0
-0
-0
-0
-0
-0
-0
-0
-0
-0
-0
-0
-0
-0
-0
-0
-0
-0
-0
-0
-0
-0
-0
0
0
0
0
0
0
0
0
0
0
0
0
0
0
0
0
0
0
0
0
0
0
0
0
0
0
0
0
0
0
0
0
0
0
0
0
0
0
0
0
0
0
0
0
0
0
0
0
0
0
-0
-0
-0
-0
-0
-0
-0
-0
-0
-0
-0
-0
-0
-0
-0
-0
-0
-0
-0
-0
-0
-0
-0
-0
-0
-0
-0
-0
-0
-0
-0
-0
-0
-0
-0
-0
-0
-0
-0
-0
-0
-0
-0
-0
-0
-0
-0
-0
-0
-0
0
0
0
0
0
0
0
0
0
0
0
0
0
0
0
0
0
0
0
0
0
0
0
0
0
0
0
0
0
0
0
0
0
0
0
0
0
0
0
0
0
0
0
0
0
0
0
0
0
0
-0
-0
-0
-0
-0
-0
-0
-0
-0
-0
-0
-0
-0
-0
-0
-0
-0
-0
-0
-0
-0
-0
-0
-0
-0
-0
-0
-0
-0
-0
-0
-0
-0
-0
-0
-0
-0
-0
-0
-0
-0
-0
-0
-0
-0
-0
-0
-0
-0
-0
0
0
0
0
0
0
0
0
0
0
0
0
0
0
0
0
0
0
0
0
0
0
0
0
0
0
0
0
0
0
0
0
0
0
0
0
0
0
0
0
0
0
0
0
0
0
0
0
0
0
-0
-0
-0
-0
-0
-0
-0
-0
-0
-0
-0
-0
-0
-0
-0
-0
-0
-0
-0
-0
-0
-0
-0
-0
-0
-0
-0
-0
-0
-0
-0
-0
-0
-0
-0
-0
-0
-0
-0
-0
-0
-0
-0
-0
-0
-0
-0
-0
-0
0
0
0
0
0
0
0
0
0
0
0
0
0
0
0
0
0
0
0
0
0
0
0
0
0
0
0
0
0
0
0
0
0
0
0
0
0
0
0
0
0
0
0
0
0
0
0
0
0
0
0
-0
-0
-0
-0
-0
-0
-0
-0
-0
-0
-0
-0
-0
-0
-0
-0
-0
-0
-0
-0
-0
-0
-0
-0
-0
-0
-0
-0
-0
-0
-0
-0
-0
-0
-0
-0
-0
-0
-0
-0
-0
-0
-0
-0
-0
-0
-0
-0
-0
0
0
0
0
0
0
0
0
0
0
0
0
0
0
0
0
0
0
0
0
0
0
0
0
0
0
0
0
0
0
0
0
0
0
0
0
0
0
0
0
0
0
0
0
0
0
0
0
0
0
0
-0
-0
-0
-0
-0
-0
-0
-0
-0
-0
-0
-0
-0
-0
-0
-0
-0
-0
-0
-0
-0
-0
-0
-0
-0
-0
-0
-0
-0
-0
-0
-0
-0
-0
-0
-0
-0
-0
-0
-0
-0
-0
-0
-0
-0
-0
-0
-0
-0
-0
0
0
0
0
0
0
0
0
0
0
0
0
0
0
0
0
0
0
0
0
0
0
0
0
0
0
0
0
0
0
0
0
0
0
0
0
0
0
0
0
0
0
0
0
0
0
0
0
0
0
-0
-0
-0
-0
-0
-0
-0
-0
-0
-0
-0
-0
-0
-0
-0
-0
-0
-0
-0
-0
-0
-0
-0
-0
-0
-0
-0
-0
-0
-0
-0
-0
-0
-0
-0
-0
-0
-0
-0
-0
-0
-0
-0
-0
-0
-0
-0
-0
-0
-0
0
0
0
0
0
0
0
0
0
0
0
0
0
0
0
0
0
0
0
0
0
0
0
0
0
0
0
0
0
0
0
0
0
0
0
0
0
0
0
0
0
0
0
0
0
0
0
0
0
0
-0
-0
-0
-0
-0
-0
-0
-0
-0
-0
-0
-0
-0
-0
-0
-0
-0
-0
-0
-0
-0
-0
-0
-0
-0
-0
-0
-0
-0
-0
-0
-0
-0
-0
-0
-0
-0
-0
-0
-0
-0
-0
-0
-0
-0
-0
-0
-0
-0
-0
0
0
0
0
0
0
0
0
0
0
0
0
0
0
0
0
0
0
0
0
0
0
0
0
0
0
0
0
0
0
0
0
0
0
0
0
0
0
0
0
0
0
0
0
0
0
0
0
0
0
-0
-0
-0
-0
-0
-0
-0
-0
-0
-0
-0
-0
-0
-0
-0
-0
-0
-0
-0
-0
-0
-0
-0
-0
-0
-0
-0
-0
-0
-0
-0
-0
-0
-0
-0
-0
-0
-0
-0
-0
-0
-0
-0
-0
-0
-0
-0
-0
-0
0
0
0
0
0
0
0
0
0
0
0
0
0
0
0
0
0
0
0
0
0
0
0
0
0
0
0
0
0
0
0
0
0
0
0
0
0
0
0
0
0
0
0
0
0
0
0
0
0
0
0
-0
-0
-0
-0
-0
-0
-0
-0
-0
-0
-0
-0
-0
-0
-0
-0
-0
-0
-0
-0
-0
-0
-0
-0
-0
-0
-0
-0
-0
-0
-0
-0
-0
-0
-0
-0
-0
-0
-0
-0
-0
-0
-0
-0
-0
-0
-0
-0
-0
0
0
0
0
0
0
0
0
0
0
0
0
0
0
0
0
0
0
0
0
0
0
0
0
0
0
0
0
0
0
0
0
0
0
0
0
0
0
0
0
0
0
0
0
0
0
0
0
0
0
0
-0
-0
-0
-0
-0
-0
-0
-0
-0
-0
-0
-0
-0
-0
-0
-0
-0
-0
-0
-0
-0
-0
-0
-0
-0
-0
-0
-0
-0
-0
-0
-0
-0
-0
-0
-0
-0
-0
-0
-0
-0
-0
-0
-0
-0
-0
-0
-0
-0
0
