-0
-0
-0
-0
-0
-0
-0
-0
-0
-0
-0
-0
-0
-0
-0
-0
-0
-0
-0
-0
-0
-0
-0
-0
-0
-0
-0
-0
-0
-0
-0
-0
-0
-0
-0
-0
-0
-0
-0
-0
-0
-0
-0
-0
-0
-0
-0
-0
-0
-0
-0
0
0
0
0
0
0
0
0
0
0
0
0
0
0
0
0
0
0
0
0
0
0
0
0
0
0
0
0
0
0
0
0
0
0
0
0
0
0
0
0
0
0
0
0
0
0
0
0
0
0
-0
-0
-0
-0
-0
-0
-0
-0
-0
-0
-0
-0
-0
-0
-0
-0
-0
-0
-0
-0
-0
-0
-0
-0
-0
-0
-0
-0
-0
-0
-0
-0
-0
-0
-0
-0
-0
-0
-0
-0
-0
-0
-0
-0
-0
-0
-0
-0
-0
-0
0
0
0
0
0
0
0
0
0
0
0
0
0
0
0
0
0
0
0
0
0
0
0
0
0
0
0
0
0
0
0
0
0
0
0
0
0
0
0
0
0
0
0
0
0
0
0
0
0
0
-0
-0
-0
-0
-0
-0
-0
-0
-0
-0
-0
-0
-0
-0
-0
-0
-0
-0
-0
-0
-0
-0
-0
-0
-0
-0
-0
-0
-0
-0
-0
-0
-0
-0
-0
-0
-0
-0
-0
-0
-0
-0
-0
-0
-0
-0
-0
-0
-0
-0
0
0
0
0
0
0
0
0
0
0
0
0
0
0
0
0
0
0
0
0
0
0
0
0
0
0
0
0
0
0
0
0
0
0
0
0
0
0
0
0
0
0
0
0
0
0
0
0
0
0
-0
-0
-0
-0
-0
-0
-0
-0
-0
-0
-0
-0
-0
-0
-0
-0
-0
-0
-0
-0
-0
-0
-0
-0
-0
-0
-0
-0
-0
-0
-0
-0
-0
-0
-0
-0
-0
-0
-0
-0
-0
-0
-0
-0
-0
-0
-0
-0
-0
0
0
0
0
0
0
0
0
0
0
0
0
0
0
0
0
0
0
0
0
0
0
0
0
0
0
0
0
0
0
0
0
0
0
0
0
0
0
0
0
0
0
0
0
0
0
0
0
0
0
0
-0
-0
-0
-0
-0
-0
-0
-0
-0
-0
-0
-0
-0
-0
-0
-0
-0
-0
-0
-0
-0
-0
-0
-0
-0
-0
-0
-0
-0
-0
-0
-0
-0
-0
-0
-0
-0
-0
-0
-0
-0
-0
-0
-0
-0
-0
-0
-0
-0
-0
0
0
0
0
0
0
0
0
0
0
0
0
0
0
0
0
0
0
0
0
0
0
0
0
0
0
0
0
0
0
0
0
0
0
0
0
0
0
0
0
0
0
0
0
0
0
0
0
0
0
-0
-0
-0
-0
-0
-0
-0
-0
-0
-0
-0
-0
-0
-0
-0
-0
-0
-0
-0
-0
-0
-0
-0
-0
-0
-0
-0
-0
-0
-0
-0
-0
-0
-0
-0
-0
-0
-0
-0
-0
-0
-0
-0
-0
-0
-0
-0
-0
-0
0
0
0
0
0
0
0
0
0
0
0
0
0
0
0
0
0
0
0
0
0
0
0
0
0
0
0
0
0
0
0
0
0
0
0
0
0
0
0
0
0
0
0
0
0
0
0
0
0
0
0
-0
-0
-0
-0
-0
-0
-0
-0
-0
-0
-0
-0
-0
-0
-0
-0
-0
-0
-0
-0
-0
-0
-0
-0
-0
-0
-0
-0
-0
-0
-0
-0
-0
-0
-0
-0
-0
-0
-0
-0
-0
-0
-0
-0
-0
-0
-0
-0
-0
0
0
0
0
0
0
0
0
0
0
0
0
0
0
0
0
0
0
0
0
0
0
0
0
0
0
0
0
0
0
0
0
0
0
0
0
0
0
0
0
0
0
0
0
0
0
0
0
0
0
-0
-0
-0
-0
-0
-0
-0
-0
-0
-0
-0
-0
-0
-0
-0
-0
-0
-0
-0
-0
-0
-0
-0
-0
-0
-0
-0
-0
-0
-0
-0
-0
-0
-0
-0
-0
-0
-0
-0
-0
-0
-0
-0
-0
-0
-0
-0
-0
-0
-0
-0
0
0
0
0
0
0
0
0
0
0
0
0
0
0
0
0
0
0
0
0
0
0
0
0
0
0
0
0
0
0
0
0
0
0
0
0
0
0
0
0
0
0
0
0
0
0
0
0
0
0
-0
-0
-0
-0
-0
-0
-0
-0
-0
-0
-0
-0
-0
-0
-0
-0
-0
-0
-0
-0
-0
-0
-0
-0
-0
-0
-0
-0
-0
-0
-0
-0
-0
-0
-0
-0
-0
-0
-0
-0
-0
-0
-0
-0
-0
-0
-0
-0
-0
-0
0
0
0
0
0
0
0
0
0
0
0
0
0
0
0
0
0
0
0
0
0
0
0
0
0
0
0
0
0
0
0
0
0
0
0
0
0
0
0
0
0
0
0
0
0
0
0
0
0
0
-0
-0
-0
-0
-0
-0
-0
-0
-0
-0
-0
-0
-0
-0
-0
-0
-0
-0
-0
-0
-0
-0
-0
-0
-0
-0
-0
-0
-0
-0
-0
-0
-0
-0
-0
-0
-0
-0
-0
-0
-0
-0
-0
-0
-0
-0
-0
-0
-0
0
0
0
0
0
0
0
0
0
0
0
0
0
0
0
0
0
0
0
0
0
0
0
0
0
0
0
0
0
0
0
0
0
0
0
0
0
0
0
0
0
0
0
0
0
0
0
0
0
0
0
-0
-0
-0
-0
-0
-0
-0
-0
-0
-0
-0
-0
-0
-0
-0
-0
-0
-0
-0
-0
-0
-0
-0
-0
-0
-0
-0
-0
-0
-0
-0
-0
-0
-0
-0
-0
-0
-0
-0
-0
-0
-0
-0
-0
-0
-0
-0
-0
-0
0
0
0
0
0
0
0
0
0
0
0
0
0
0
0
0
0
0
0
0
0
0
0
0
0
0
0
0
0
0
0
0
0
0
0
0
0
0
0
0
0
0
0
0
0
0
0
0
0
0
-0
-0
-0
-0
-0
-0
-0
-0
-0
-0
-0
-0
-0
-0
-0
-0
-0
-0
-0
-0
-0
-0
-0
-0
-0
-0
-0
-0
-0
-0
-0
-0
-0
-0
-0
-0
-0
-0
-0
-0
-0
-0
-0
-0
-0
-0
-0
-0
-0
-0
0
0
0
0
0
0
0
0
0
0
0
0
0
0
0
0
0
0
0
0
0
0
0
0
0
0
0
0
0
0
0
0
0
0
0
0
0
0
0
0
0
0
0
0
0
0
0
0
0
0
0
-0
-0
-0
-0
-0
-0
-0
-0
-0
-0
-0
-0
-0
-0
-0
-0
-0
-0
-0
-0
-0
-0
-0
-0
-0
-0
-0
-0
-0
-0
-0
-0
-0
-0
-0
-0
-0
-0
-0
-0
-0
-0
-0
-0
-0
-0
-0
-0
-0
0
0
0
0
0
0
0
0
0
0
0
0
0
0
0
0
0
0
0
0
0
0
0
0
0
0
0
0
0
0
0
0
0
0
0
0
0
0
0
0
0
0
0
0
0
0
0
0
0
0
-0
-0
-0
-0
-0
-0
-0
-0
-0
-0
-0
-0
-0
-0
-0
-0
-0
-0
-0
-0
-0
-0
-0
-0
-0
-0
-0
-0
-0
-0
-0
-0
-0
-0
-0
-0
-0
-0
-0
-0
-0
-0
-0
-0
-0
-0
-0
-0
-0
-0
0
0
0
0
0
0
0
0
0
0
0
0
0
0
0
0
0
0
0
0
0
0
0
0
0
0
0
0
0
0
0
0
0
0
0
0
0
0
0
0
0
0
0
0
0
0
0
0
0
0
-0
-0
-0
-0
-0
-0
-0
-0
-0
-0
-0
-0
-0
-0
-0
-0
-0
-0
-0
-0
-0
-0
-0
-0
-0
-0
-0
-0
-0
-0
-0
-0
-0
-0
-0
-0
-0
-0
-0
-0
-0
-0
-0
-0
-0
-0
-0
-0
-0
-0
0
0
0
0
0
0
0
0
0
0
0
0
0
0
0
0
0
0
0
0
0
0
0
0
0
0
0
0
0
0
0
0
0
0
0
0
0
0
0
0
0
0
0
0
0
0
0
0
0
0
0
-0
-0
-0
-0
-0
-0
-0
-0
-0
-0
-0
-0
-0
-0
-0
-0
-0
-0
-0
-0
-0
-0
-0
-0
-0
-0
-0
-0
-0
-0
-0
-0
-0
-0
-0
-0
-0
-0
-0
-0
-0
-0
-0
-0
-0
-0
-0
-0
-0
-0
0
0
0
0
0
0
0
0
0
0
0
0
0
0
0
0
0
0
0
0
0
0
0
0
0
0
0
0
0
0
0
0
0
0
0
0
0
0
0
0
0
0
0
0
0
0
0
0
0
0
-0
-0
-0
-0
-0
-0
-0
-0
-0
-0
-0
-0
-0
-0
-0
-0
-0
-0
-0
-0
-0
-0
-0
-0
-0
-0
-0
-0
-0
-0
-0
-0
-0
-0
-0
-0
-0
-0
-0
-0
-0
-0
-0
-0
-0
-0
-0
-0
-0
-0
0
0
0
0
0
0
0
0
0
0
0
0
0
0
0
0
0
0
0
0
0
0
0
0
0
0
0
0
0
0
0
0
0
0
0
0
0
0
0
0
0
0
0
0
0
0
0
0
0
0
-0
-0
-0
-0
-0
-0
-0
-0
-0
-0
-0
-0
-0
-0
-0
-0
-0
-0
-0
-0
-0
-0
-0
-0
-0
-0
-0
-0
-0
-0
-0
-0
-0
-0
-0
-0
-0
-0
-0
-0
-0
-0
-0
-0
-0
-0
-0
-0
-0
-0
0
0
0
0
0
0
0
0
0
0
0
0
0
0
0
0
0
0
0
0
0
0
0
0
0
0
0
0
0
0
0
0
0
0
0
0
0
0
0
0
0
0
0
0
0
0
0
0
0
0
-0
-0
-0
-0
-0
-0
-0
-0
-0
-0
-0
-0
-0
-0
-0
-0
-0
-0
-0
-0
-0
-0
-0
-0
-0
-0
-0
-0
-0
-0
-0
-0
-0
-0
-0
-0
-0
-0
-0
-0
-0
-0
-0
-0
-0
-0
-0
-0
-0
-0
0
0
0
0
0
0
0
0
0
0
0
0
0
0
0
0
0
0
0
0
0
0
0
0
0
0
0
0
0
0
0
0
0
0
0
0
0
0
0
0
0
0
0
0
0
0
0
0
0
-0
-0
-0
-0
-0
-0
-0
-0
-0
-0
-0
-0
-0
-0
-0
-0
-0
-0
-0
-0
-0
-0
-0
-0
-0
-0
-0
-0
-0
-0
-0
-0
-0
-0
-0
-0
-0
-0
-0
-0
-0
-0
-0
-0
-0
-0
-0
-0
-0
-0
-0
0
0
0
0
0
0
0
0
0
0
0
0
0
0
0
0
0
0
0
0
0
0
0
0
0
0
0
0
0
0
0
0
0
0
0
0
0
0
0
0
0
0
0
0
0
0
0
0
0
0
-1.8366e-08
-7.332e-08
-1.6443e-07
-2.9097e-07
-4.5194e-07
-6.4606e-07
-8.7178e-07
-1.1273e-06
-1.4106e-06
-1.7193e-06
-2.0509e-06
-2.4028e-06
-2.7719e-06
-3.1553e-06
-3.5496e-06
-3.9515e-06
-4.3574e-06
-4.7639e-06
-5.1672e-06
-5.5637e-06
-5.9495e-06
-6.321e-06
-6.6745e-06
-7.0061e-06
-7.3125e-06
-7.59e-06
-7.8352e-06
-8.0449e-06
-8.216e-06
-8.3455e-06
-8.4307e-06
-8.4692e-06
-8.4586e-06
-8.3968e-06
-8.2823e-06
-8.1135e-06
-7.8893e-06
-7.6087e-06
-7.2714e-06
-6.8771e-06
-6.4259e-06
-5.9183e-06
-5.3552e-06
-4.7378e-06
-4.0674e-06
-3.3461e-06
-2.576e-06
-1.7597e-06
-8.9995e-07
-2.2931e-19
9.3668e-07
1.9063e-06
2.9049e-06
3.9281e-06
4.9713e-06
6.0299e-06
7.0988e-06
8.173e-06
9.247e-06
1.0316e-05
1.1373e-05
1.2414e-05
1.3433e-05
1.4424e-05
1.5381e-05
1.63e-05
1.7173e-05
1.7997e-05
1.8765e-05
1.9473e-05
2.0115e-05
2.0687e-05
2.1184e-05
2.1602e-05
2.1938e-05
2.2186e-05
2.2345e-05
2.2411e-05
2.2382e-05
2.2255e-05
2.2029e-05
2.1702e-05
2.1275e-05
2.0745e-05
2.0114e-05
1.9382e-05
1.855e-05
1.762e-05
1.6594e-05
1.5473e-05
1.4262e-05
1.2964e-05
1.1582e-05
1.0122e-05
8.5868e-06
6.9832e-06
5.3165e-06
3.5927e-06
1.8183e-06
-5.7386e-20
-1.855e-06
-3.7393e-06
-5.6453e-06
-7.5651e-06
-9.4907e-06
-1.1414e-05
-1.3326e-05
-1.5219e-05
-1.7083e-05
-1.8912e-05
-2.0696e-05
-2.2426e-05
-2.4094e-05
-2.5693e-05
-2.7213e-05
-2.8648e-05
-2.9989e-05
-3.123e-05
-3.2363e-05
-3.3382e-05
-3.4281e-05
-3.5053e-05
-3.5694e-05
-3.6198e-05
-3.6563e-05
-3.6782e-05
-3.6855e-05
-3.6777e-05
-3.6547e-05
-3.6164e-05
-3.5627e-05
-3.4935e-05
-3.4091e-05
-3.3093e-05
-3.1946e-05
-3.0651e-05
-2.9212e-05
-2.7632e-05
-2.5916e-05
-2.407e-05
-2.2099e-05
-2.001e-05
-1.7809e-05
-1.5505e-05
-1.3106e-05
-1.062e-05
-8.0569e-06
-5.4257e-06
-2.7366e-06
-3.8692e-19
2.7733e-06
5.5723e-06
8.3858e-06
1.1202e-05
1.401e-05
1.6798e-05
1.9553e-05
2.2264e-05
2.492e-05
2.7508e-05
3.0018e-05
3.2437e-05
3.4755e-05
3.6962e-05
3.9045e-05
4.0996e-05
4.2805e-05
4.4463e-05
4.5961e-05
4.7291e-05
4.8446e-05
4.9419e-05
5.0203e-05
5.0795e-05
5.1188e-05
5.1378e-05
5.1364e-05
5.1143e-05
5.0713e-05
5.0073e-05
4.9225e-05
4.8168e-05
4.6907e-05
4.5442e-05
4.3778e-05
4.192e-05
3.9873e-05
3.7643e-05
3.5238e-05
3.2666e-05
2.9935e-05
2.7055e-05
2.4036e-05
2.0889e-05
1.7626e-05
1.4257e-05
1.0797e-05
7.2587e-06
3.6549e-06
-5.1611e-19
-3.6916e-06
-7.4053e-06
-1.1126e-05
-1.4839e-05
-1.8529e-05
-2.2181e-05
-2.578e-05
-2.931e-05
-3.2756e-05
-3.6105e-05
-3.934e-05
-4.2449e-05
-4.5417e-05
-4.823e-05
-5.0877e-05
-5.3345e-05
-5.5621e-05
-5.7696e-05
-5.9559e-05
-6.12e-05
-6.2612e-05
-6.3785e-05
-6.4713e-05
-6.5391e-05
-6.5813e-05
-6.5975e-05
-6.5874e-05
-6.5509e-05
-6.4878e-05
-6.3982e-05
-6.2823e-05
-6.1402e-05
-5.9722e-05
-5.779e-05
-5.561e-05
-5.3189e-05
-5.0534e-05
-4.7655e-05
-4.4561e-05
-4.1263e-05
-3.7772e-05
-3.4101e-05
-3.0263e-05
-2.6273e-05
-2.2145e-05
-1.7894e-05
-1.3538e-05
-9.0917e-06
-4.5732e-06
-1.4319e-19
4.6099e-06
9.2383e-06
1.3867e-05
1.8476e-05
2.3049e-05
2.7565e-05
3.2007e-05
3.6356e-05
4.0593e-05
4.4701e-05
4.8663e-05
5.246e-05
5.6078e-05
5.9499e-05
6.2709e-05
6.5693e-05
6.8437e-05
7.0929e-05
7.3157e-05
7.511e-05
7.6777e-05
7.8151e-05
7.9223e-05
7.9987e-05
8.0438e-05
8.0571e-05
8.0384e-05
7.9875e-05
7.9044e-05
7.7892e-05
7.6421e-05
7.4635e-05
7.2538e-05
7.0138e-05
6.7442e-05
6.4457e-05
6.1195e-05
5.7666e-05
5.3883e-05
4.9859e-05
4.5608e-05
4.1147e-05
3.649e-05
3.1657e-05
2.6664e-05
2.1532e-05
1.6278e-05
1.0925e-05
5.4915e-06
-1.3762e-18
-5.5282e-06
-1.1071e-05
-1.6607e-05
-2.2114e-05
-2.7568e-05
-3.2949e-05
-3.8234e-05
-4.3401e-05
-4.8429e-05
-5.3297e-05
-5.7985e-05
-6.2472e-05
-6.6739e-05
-7.0768e-05
-7.4541e-05
-7.8041e-05
-8.1253e-05
-8.4162e-05
-8.6755e-05
-8.9019e-05
-9.0943e-05
-9.2517e-05
-9.3733e-05
-9.4583e-05
-9.5062e-05
-9.5167e-05
-9.4893e-05
-9.4241e-05
-9.3209e-05
-9.1801e-05
-9.0019e-05
-8.7868e-05
-8.5354e-05
-8.2487e-05
-7.9274e-05
-7.5726e-05
-7.1856e-05
-6.7678e-05
-6.3205e-05
-5.8455e-05
-5.3445e-05
-4.8192e-05
-4.2717e-05
-3.7041e-05
-3.1184e-05
-2.5169e-05
-1.9019e-05
-1.2758e-05
-6.4098e-06
5.0187e-19
6.4465e-06
1.2904e-05
1.9348e-05
2.5751e-05
3.2088e-05
3.8333e-05
4.4461e-05
5.0447e-05
5.6266e-05
6.1894e-05
6.7307e-05
7.2483e-05
7.74e-05
8.2037e-05
8.6373e-05
9.039e-05
9.4069e-05
9.7396e-05
0.00010035
0.00010293
0.00010511
0.00010688
0.00010824
0.00010918
0.00010969
0.00010976
0.0001094
0.00010861
0.00010737
0.00010571
0.00010362
0.0001011
9.817e-05
9.4835e-05
9.1105e-05
8.6995e-05
8.2517e-05
7.7689e-05
7.2528e-05
6.7052e-05
6.1281e-05
5.5238e-05
4.8944e-05
4.2425e-05
3.5703e-05
2.8806e-05
2.1759e-05
1.4591e-05
7.3281e-06
6.8776e-19
-7.3649e-06
-1.4737e-05
-2.2088e-05
-2.9388e-05
-3.6607e-05
-4.3717e-05
-5.0688e-05
-5.7492e-05
-6.4102e-05
-7.049e-05
-7.663e-05
-8.2495e-05
-8.8061e-05
-9.3305e-05
-9.8205e-05
-0.00010274
-0.00010689
-0.00011063
-0.00011395
-0.00011684
-0.00011927
-0.00012125
-0.00012275
-0.00012378
-0.00012431
-0.00012436
-0.00012391
-0.00012297
-0.00012154
-0.00011962
-0.00011721
-0.00011433
-0.00011099
-0.00010718
-0.00010294
-9.8264e-05
-9.3179e-05
-8.7701e-05
-8.185e-05
-7.5648e-05
-6.9118e-05
-6.2284e-05
-5.5171e-05
-4.7808e-05
-4.0222e-05
-3.2443e-05
-2.45e-05
-1.6424e-05
-8.2464e-06
1.5483e-18
8.2832e-06
1.657e-05
2.4828e-05
3.3025e-05
4.1126e-05
4.91e-05
5.6915e-05
6.4538e-05
7.1939e-05
7.9087e-05
8.5952e-05
9.2506e-05
9.8722e-05
0.00010457
0.00011004
0.00011509
0.0001197
0.00012386
0.00012755
0.00013075
0.00013344
0.00013561
0.00013726
0.00013837
0.00013894
0.00013896
0.00013842
0.00013734
0.00013571
0.00013353
0.00013081
0.00012757
0.0001238
0.00011953
0.00011477
0.00010953
0.00010384
9.7712e-05
9.1172e-05
8.4244e-05
7.6954e-05
6.9329e-05
6.1398e-05
5.3192e-05
4.4742e-05
3.608e-05
2.724e-05
1.8257e-05
9.1647e-06
-1.4336e-19
-9.1464e-06
-1.822e-05
-2.7185e-05
-3.6007e-05
-4.4651e-05
-5.3084e-05
-6.1274e-05
-6.9188e-05
-7.6797e-05
-8.4072e-05
-9.0986e-05
-9.7512e-05
-0.00010363
-0.00010931
-0.00011453
-0.00011928
-0.00012355
-0.0001273
-0.00013054
-0.00013325
-0.00013542
-0.00013705
-0.00013813
-0.00013866
-0.00013864
-0.00013808
-0.00013697
-0.00013533
-0.00013316
-0.00013047
-0.00012728
-0.0001236
-0.00011944
-0.00011484
-0.0001098
-0.00010435
-9.8509e-05
-9.2306e-05
-8.5765e-05
-7.8915e-05
-7.1782e-05
-6.4397e-05
-5.679e-05
-4.8993e-05
-4.1036e-05
-3.2952e-05
-2.4774e-05
-1.6534e-05
-8.2648e-06
2.4458e-18
8.2281e-06
1.6387e-05
2.4445e-05
3.237e-05
4.0132e-05
4.7701e-05
5.5047e-05
6.2143e-05
6.8961e-05
7.5476e-05
8.1664e-05
8.7501e-05
9.2965e-05
9.8038e-05
0.0001027
0.00010694
0.00011073
0.00011407
0.00011694
0.00011934
0.00012126
0.00012269
0.00012362
0.00012407
0.00012402
0.00012348
0.00012246
0.00012096
0.00011899
0.00011656
0.00011368
0.00011036
0.00010663
0.00010249
9.7968e-05
9.308e-05
8.7848e-05
8.2295e-05
7.6443e-05
7.0318e-05
6.3946e-05
5.7352e-05
5.0563e-05
4.3609e-05
3.6517e-05
2.9315e-05
2.2033e-05
1.4701e-05
7.3465e-06
-9.153e-19
-7.3098e-06
-1.4554e-05
-2.1704e-05
-2.8733e-05
-3.5613e-05
-4.2317e-05
-4.882e-05
-5.5097e-05
-6.1124e-05
-6.688e-05
-7.2341e-05
-7.7489e-05
-8.2304e-05
-8.6769e-05
-9.0869e-05
-9.4588e-05
-9.7914e-05
-0.00010084
-0.00010334
-0.00010543
-0.00010709
-0.00010832
-0.00010911
-0.00010947
-0.0001094
-0.00010889
-0.00010795
-0.0001066
-0.00010482
-0.00010265
-0.00010008
-9.7131e-05
-9.3813e-05
-9.0143e-05
-8.6136e-05
-8.1811e-05
-7.7187e-05
-7.2283e-05
-6.7121e-05
-6.1722e-05
-5.6109e-05
-5.0306e-05
-4.4336e-05
-3.8225e-05
-3.1997e-05
-2.5678e-05
-1.9293e-05
-1.2868e-05
-6.4282e-06
-2.9991e-19
6.3914e-06
1.2721e-05
1.8964e-05
2.5096e-05
3.1093e-05
3.6933e-05
4.2593e-05
4.8051e-05
5.3288e-05
5.8283e-05
6.3019e-05
6.7478e-05
7.1643e-05
7.5501e-05
7.9037e-05
8.224e-05
8.5098e-05
8.7603e-05
8.9747e-05
9.1523e-05
9.2926e-05
9.3953e-05
9.4603e-05
9.4875e-05
9.477e-05
9.4291e-05
9.3442e-05
9.2229e-05
9.0659e-05
8.8741e-05
8.6483e-05
8.3898e-05
8.0997e-05
7.7794e-05
7.4304e-05
7.0542e-05
6.6526e-05
6.2272e-05
5.7798e-05
5.3126e-05
4.8273e-05
4.326e-05
3.8109e-05
3.2841e-05
2.7478e-05
2.2041e-05
1.6552e-05
1.1035e-05
5.5099e-06
-1.2859e-18
-5.4731e-06
-1.0888e-05
-1.6223e-05
-2.1459e-05
-2.6574e-05
-3.1549e-05
-3.6366e-05
-4.1006e-05
-4.5452e-05
-4.9687e-05
-5.3697e-05
-5.7466e-05
-6.0982e-05
-6.4232e-05
-6.7205e-05
-6.9891e-05
-7.2282e-05
-7.437e-05
-7.6149e-05
-7.7613e-05
-7.876e-05
-7.9587e-05
-8.0093e-05
-8.0279e-05
-8.0145e-05
-7.9695e-05
-7.8933e-05
-7.7863e-05
-7.6494e-05
-7.4832e-05
-7.2885e-05
-7.0665e-05
-6.8181e-05
-6.5446e-05
-6.2472e-05
-5.9274e-05
-5.5865e-05
-5.226e-05
-4.8476e-05
-4.4529e-05
-4.0436e-05
-3.6215e-05
-3.1882e-05
-2.7457e-05
-2.2958e-05
-1.8404e-05
-1.3812e-05
-9.2017e-06
-4.5916e-06
2.8569e-19
4.5548e-06
9.055e-06
1.3483e-05
1.7822e-05
2.2055e-05
2.6165e-05
3.0139e-05
3.396e-05
3.7615e-05
4.1091e-05
4.4374e-05
4.7455e-05
5.0321e-05
5.2963e-05
5.5373e-05
5.7543e-05
5.9466e-05
6.1137e-05
6.2551e-05
6.3704e-05
6.4595e-05
6.5221e-05
6.5584e-05
6.5683e-05
6.552e-05
6.5099e-05
6.4423e-05
6.3498e-05
6.2328e-05
6.0922e-05
5.9287e-05
5.7432e-05
5.5365e-05
5.3098e-05
5.064e-05
4.8005e-05
4.5203e-05
4.2249e-05
3.9154e-05
3.5933e-05
3.26e-05
2.9169e-05
2.5655e-05
2.2074e-05
1.8439e-05
1.4767e-05
1.1071e-05
7.3687e-06
3.6732e-06
-1.2552e-18
-3.6365e-06
-7.222e-06
-1.0743e-05
-1.4185e-05
-1.7535e-05
-2.0782e-05
-2.3912e-05
-2.6914e-05
-2.9779e-05
-3.2494e-05
-3.5052e-05
-3.7443e-05
-3.966e-05
-4.1694e-05
-4.3541e-05
-4.5195e-05
-4.665e-05
-4.7904e-05
-4.8953e-05
-4.9795e-05
-5.0429e-05
-5.0855e-05
-5.1074e-05
-5.1086e-05
-5.0895e-05
-5.0503e-05
-4.9913e-05
-4.9132e-05
-4.8163e-05
-4.7013e-05
-4.5689e-05
-4.4199e-05
-4.2549e-05
-4.0749e-05
-3.8809e-05
-3.6736e-05
-3.4542e-05
-3.2237e-05
-2.9831e-05
-2.7336e-05
-2.4763e-05
-2.2123e-05
-1.9428e-05
-1.669e-05
-1.392e-05
-1.1129e-05
-8.331e-06
-5.5357e-06
-2.7549e-06
4.6995e-19
2.7182e-06
5.389e-06
8.0021e-06
1.0548e-05
1.3016e-05
1.5398e-05
1.7685e-05
1.9869e-05
2.1942e-05
2.3898e-05
2.573e-05
2.7432e-05
2.8998e-05
3.0426e-05
3.1709e-05
3.2846e-05
3.3834e-05
3.4671e-05
3.5355e-05
3.5886e-05
3.6264e-05
3.649e-05
3.6564e-05
3.649e-05
3.627e-05
3.5907e-05
3.5404e-05
3.4766e-05
3.3997e-05
3.3104e-05
3.2091e-05
3.0965e-05
2.9733e-05
2.8401e-05
2.6977e-05
2.5467e-05
2.3881e-05
2.2226e-05
2.0509e-05
1.874e-05
1.6927e-05
1.5078e-05
1.3201e-05
1.1306e-05
9.4003e-06
7.4924e-06
5.5905e-06
3.7027e-06
1.8366e-06
-7.1697e-23
-1.7999e-06
-3.556e-06
-5.2617e-06
-6.9105e-06
-8.4964e-06
-1.0014e-05
-1.1458e-05
-1.2823e-05
-1.4106e-05
-1.5302e-05
-1.6407e-05
-1.742e-05
-1.8337e-05
-1.9157e-05
-1.9878e-05
-2.0498e-05
-2.1018e-05
-2.1438e-05
-2.1757e-05
-2.1977e-05
-2.2098e-05
-2.2124e-05
-2.2055e-05
-2.1894e-05
-2.1645e-05
-2.131e-05
-2.0894e-05
-2.04e-05
-1.9832e-05
-1.9195e-05
-1.8493e-05
-1.7732e-05
-1.6917e-05
-1.6053e-05
-1.5145e-05
-1.4199e-05
-1.322e-05
-1.2214e-05
-1.1187e-05
-1.0144e-05
-9.0903e-06
-8.032e-06
-6.9743e-06
-5.9222e-06
-4.8809e-06
-3.8553e-06
-2.8501e-06
-1.8697e-06
-9.1831e-07
2.5288e-19
8.8158e-07
1.723e-06
2.5212e-06
3.2734e-06
3.977e-06
4.6301e-06
5.2307e-06
5.7774e-06
6.2692e-06
6.7052e-06
7.085e-06
7.4085e-06
7.676e-06
7.8881e-06
8.0457e-06
8.1499e-06
8.2022e-06
8.2045e-06
8.1588e-06
8.0673e-06
7.9327e-06
7.7576e-06
7.545e-06
7.2981e-06
7.02e-06
6.7142e-06
6.3843e-06
6.0337e-06
5.6662e-06
5.2855e-06
4.8953e-06
4.4993e-06
4.1011e-06
3.7045e-06
3.3129e-06
2.9299e-06
2.5587e-06
2.2025e-06
1.8645e-06
1.5473e-06
1.2538e-06
9.8639e-07
7.4724e-07
5.3838e-07
3.6155e-07
2.1823e-07
1.0962e-07
3.666e-08
0
0
-0
-0
-0
-0
-0
-0
-0
-0
-0
-0
-0
-0
-0
-0
-0
-0
-0
-0
-0
-0
-0
-0
-0
-0
-0
-0
-0
-0
-0
-0
-0
-0
-0
-0
-0
-0
-0
-0
-0
-0
-0
-0
-0
-0
-0
-0
-0
-0
-0
-0
0
0
0
0
0
0
0
0
0
0
0
0
0
0
0
0
0
0
0
0
0
0
0
0
0
0
0
0
0
0
0
0
0
0
0
0
0
0
0
0
0
0
0
0
0
0
0
0
0
0
-0
-0
-0
-0
-0
-0
-0
-0
-0
-0
-0
-0
-0
-0
-0
-0
-0
-0
-0
-0
-0
-0
-0
-0
-0
-0
-0
-0
-0
-0
-0
-0
-0
-0
-0
-0
-0
-0
-0
-0
-0
-0
-0
-0
-0
-0
-0
-0
-0
-0
0
0
0
0
0
0
0
0
0
0
0
0
0
0
0
0
0
0
0
0
0
0
0
0
0
0
0
0
0
0
0
0
0
0
0
0
0
0
0
0
0
0
0
0
0
0
0
0
0
0
-0
-0
-0
-0
-0
-0
-0
-0
-0
-0
-0
-0
-0
-0
-0
-0
-0
-0
-0
-0
-0
-0
-0
-0
-0
-0
-0
-0
-0
-0
-0
-0
-0
-0
-0
-0
-0
-0
-0
-0
-0
-0
-0
-0
-0
-0
-0
-0
-0
-0
0
0
0
0
0
0
0
0
0
0
0
0
0
0
0
0
0
0
0
0
0
0
0
0
0
0
0
0
0
0
0
0
0
0
0
0
0
0
0
0
0
0
0
0
0
0
0
0
0
0
-0
-0
-0
-0
-0
-0
-0
-0
-0
-0
-0
-0
-0
-0
-0
-0
-0
-0
-0
-0
-0
-0
-0
-0
-0
-0
-0
-0
-0
-0
-0
-0
-0
-0
-0
-0
-0
-0
-0
-0
-0
-0
-0
-0
-0
-0
-0
-0
-0
-0
0
0
0
0
0
0
0
0
0
0
0
0
0
0
0
0
0
0
0
0
0
0
0
0
0
0
0
0
0
0
0
0
0
0
0
0
0
0
0
0
0
0
0
0
0
0
0
0
0
0
-0
-0
-0
-0
-0
-0
-0
-0
-0
-0
-0
-0
-0
-0
-0
-0
-0
-0
-0
-0
-0
-0
-0
-0
-0
-0
-0
-0
-0
-0
-0
-0
-0
-0
-0
-0
-0
-0
-0
-0
-0
-0
-0
-0
-0
-0
-0
-0
-0
-0
0
0
0
0
0
0
0
0
0
0
0
0
0
0
0
0
0
0
0
0
0
0
0
0
0
0
0
0
0
0
0
0
0
0
0
0
0
0
0
0
0
0
0
0
0
0
0
0
0
0
-0
-0
-0
-0
-0
-0
-0
-0
-0
-0
-0
-0
-0
-0
-0
-0
-0
-0
-0
-0
-0
-0
-0
-0
-0
-0
-0
-0
-0
-0
-0
-0
-0
-0
-0
-0
-0
-0
-0
-0
-0
-0
-0
-0
-0
-0
-0
-0
-0
0
0
0
0
0
0
0
0
0
0
0
0
0
0
0
0
0
0
0
0
0
0
0
0
0
0
0
0
0
0
0
0
0
0
0
0
0
0
0
0
0
0
0
0
0
0
0
0
0
0
0
-0
-0
-0
-0
-0
-0
-0
-0
-0
-0
-0
-0
-0
-0
-0
-0
-0
-0
-0
-0
-0
-0
-0
-0
-0
-0
-0
-0
-0
-0
-0
-0
-0
-0
-0
-0
-0
-0
-0
-0
-0
-0
-0
-0
-0
-0
-0
-0
-0
-0
0
0
0
0
0
0
0
0
0
0
0
0
0
0
0
0
0
0
0
0
0
0
0
0
0
0
0
0
0
0
0
0
0
0
0
0
0
0
0
0
0
0
0
0
0
0
0
0
0
0
-0
-0
-0
-0
-0
-0
-0
-0
-0
-0
-0
-0
-0
-0
-0
-0
-0
-0
-0
-0
-0
-0
-0
-0
-0
-0
-0
-0
-0
-0
-0
-0
-0
-0
-0
-0
-0
-0
-0
-0
-0
-0
-0
-0
-0
-0
-0
-0
-0
-0
0
0
0
0
0
0
0
0
0
0
0
0
0
0
0
0
0
0
0
0
0
0
0
0
0
0
0
0
0
0
0
0
0
0
0
0
0
0
0
0
0
0
0
0
0
0
0
0
0
-0
-0
-0
-0
-0
-0
-0
-0
-0
-0
-0
-0
-0
-0
-0
-0
-0
-0
-0
-0
-0
-0
-0
-0
-0
-0
-0
-0
-0
-0
-0
-0
-0
-0
-0
-0
-0
-0
-0
-0
-0
-0
-0
-0
-0
-0
-0
-0
-0
-0
-0
0
0
0
0
0
0
0
0
0
0
0
0
0
0
0
0
0
0
0
0
0
0
0
0
0
0
0
0
0
0
0
0
0
0
0
0
0
0
0
0
0
0
0
0
0
0
0
0
0
0
-0
-0
-0
-0
-0
-0
-0
-0
-0
-0
-0
-0
-0
-0
-0
-0
-0
-0
-0
-0
-0
-0
-0
-0
-0
-0
-0
-0
-0
-0
-0
-0
-0
-0
-0
-0
-0
-0
-0
-0
-0
-0
-0
-0
-0
-0
-0
-0
-0
0
0
0
0
0
0
0
0
0
0
0
0
0
0
0
0
0
0
0
0
0
0
0
0
0
0
0
0
0
0
0
0
0
0
0
0
0
0
0
0
0
0
0
0
0
0
0
0
0
0
0
-0
-0
-0
-0
-0
-0
-0
-0
-0
-0
-0
-0
-0
-0
-0
-0
-0
-0
-0
-0
-0
-0
-0
-0
-0
-0
-0
-0
-0
-0
-0
-0
-0
-0
-0
-0
-0
-0
-0
-0
-0
-0
-0
-0
-0
-0
-0
-0
-0
-0
0
0
0
0
0
0
0
0
0
0
0
0
0
0
0
0
0
0
0
0
0
0
0
0
0
0
0
0
0
0
0
0
0
0
0
0
0
0
0
0
0
0
0
0
0
0
0
0
0
0
-0
-0
-0
-0
-0
-0
-0
-0
-0
-0
-0
-0
-0
-0
-0
-0
-0
-0
-0
-0
-0
-0
-0
-0
-0
-0
-0
-0
-0
-0
-0
-0
-0
-0
-0
-0
-0
-0
-0
-0
-0
-0
-0
-0
-0
-0
-0
-0
-0
0
0
0
0
0
0
0
0
0
0
0
0
0
0
0
0
0
0
0
0
0
0
0
0
0
0
0
0
0
0
0
0
0
0
0
0
0
0
0
0
0
0
0
0
0
0
0
0
0
0
-0
-0
-0
-0
-0
-0
-0
-0
-0
-0
-0
-0
-0
-0
-0
-0
-0
-0
-0
-0
-0
-0
-0
-0
-0
-0
-0
-0
-0
-0
-0
-0
-0
-0
-0
-0
-0
-0
-0
-0
-0
-0
-0
-0
-0
-0
-0
-0
-0
-0
-0
0
0
0
0
0
0
0
0
0
0
0
0
0
0
0
0
0
0
0
0
0
0
0
0
0
0
0
0
0
0
0
0
0
0
0
0
0
0
0
0
0
0
0
0
0
0
0
0
0
0
-0
-0
-0
-0
-0
-0
-0
-0
-0
-0
-0
-0
-0
-0
-0
-0
-0
-0
-0
-0
-0
-0
-0
-0
-0
-0
-0
-0
-0
-0
-0
-0
-0
-0
-0
-0
-0
-0
-0
-0
-0
-0
-0
-0
-0
-0
-0
-0
-0
0
0
0
0
0
0
0
0
0
0
0
0
0
0
0
0
0
0
0
0
0
0
0
0
0
0
0
0
0
0
0
0
0
0
0
0
0
0
0
0
0
0
0
0
0
0
0
0
0
0
-0
-0
-0
-0
-0
-0
-0
-0
-0
-0
-0
-0
-0
-0
-0
-0
-0
-0
-0
-0
-0
-0
-0
-0
-0
-0
-0
-0
-0
-0
-0
-0
-0
-0
-0
-0
-0
-0
-0
-0
-0
-0
-0
-0
-0
-0
-0
-0
-0
-0
0
0
0
0
0
0
0
0
0
0
0
0
0
0
0
0
0
0
0
0
0
0
0
0
0
0
0
0
0
0
0
0
0
0
0
0
0
0
0
0
0
0
0
0
0
0
0
0
0
0
0
-0
-0
-0
-0
-0
-0
-0
-0
-0
-0
-0
-0
-0
-0
-0
-0
-0
-0
-0
-0
-0
-0
-0
-0
-0
-0
-0
-0
-0
-0
-0
-0
-0
-0
-0
-0
-0
-0
-0
-0
-0
-0
-0
-0
-0
-0
-0
-0
-0
-0
0
0
0
0
0
0
0
0
0
0
0
0
0
0
0
0
0
0
0
0
0
0
0
0
0
0
0
0
0
0
0
0
0
0
0
0
0
0
0
0
0
0
0
0
0
0
0
0
0
-0
-0
-0
-0
-0
-0
-0
-0
-0
-0
-0
-0
-0
-0
-0
-0
-0
-0
-0
-0
-0
-0
-0
-0
-0
-0
-0
-0
-0
-0
-0
-0
-0
-0
-0
-0
-0
-0
-0
-0
-0
-0
-0
-0
-0
-0
-0
-0
-0
-0
0
0
0
0
0
0
0
0
0
0
0
0
0
0
0
0
0
0
0
0
0
0
0
0
0
0
0
0
0
0
0
0
0
0
0
0
0
0
0
0
0
0
0
0
0
0
0
0
0
0
-0
-0
-0
-0
-0
-0
-0
-0
-0
-0
-0
-0
-0
-0
-0
-0
-0
-0
-0
-0
-0
-0
-0
-0
-0
-0
-0
-0
-0
-0
-0
-0
-0
-0
-0
-0
-0
-0
-0
-0
-0
-0
-0
-0
-0
-0
-0
-0
-0
-0
-0
0
0
0
0
0
0
0
0
0
0
0
0
0
0
0
0
0
0
0
0
0
0
0
0
0
0
0
0
0
0
0
0
0
0
0
0
0
0
0
0
0
0
0
0
0
0
0
0
0
0
-0
-0
-0
-0
-0
-0
-0
-0
-0
-0
-0
-0
-0
-0
-0
-0
-0
-0
-0
-0
-0
-0
-0
-0
-0
-0
-0
-0
-0
-0
-0
-0
-0
-0
-0
-0
-0
-0
-0
-0
-0
-0
-0
-0
-0
-0
-0
-0
-0
0
0
0
0
0
0
0
0
0
0
0
0
0
0
0
0
0
0
0
0
0
0
0
0
0
0
0
0
0
0
0
0
0
0
0
0
0
0
0
0
0
0
0
0
0
0
0
0
0
0
-0
-0
-0
-0
-0
-0
-0
-0
-0
-0
-0
-0
-0
-0
-0
-0
-0
-0
-0
-0
-0
-0
-0
-0
-0
-0
-0
-0
-0
-0
-0
-0
-0
-0
-0
-0
-0
-0
-0
-0
-0
-0
-0
-0
-0
-0
-0
-0
-0
-0
0
0
0
0
0
0
0
0
0
0
0
0
0
0
0
0
0
0
0
0
0
0
0
0
0
0
0
0
0
0
0
0
0
0
0
0
0
0
0
0
0
0
0
0
0
0
0
0
0
0
-0
-0
-0
-0
-0
-0
-0
-0
-0
-0
-0
-0
-0
-0
-0
-0
-0
-0
-0
-0
-0
-0
-0
-0
-0
-0
-0
-0
-0
-0
-0
-0
-0
-0
-0
-0
-0
-0
-0
-0
-0
-0
-0
-0
-0
-0
-0
-0
-0
-0
-0
0
0
0
0
0
0
0
0
0
0
0
0
0
0
0
0
0
0
0
0
0
0
0
0
0
0
0
0
0
0
0
0
0
0
0
0
0
0
0
0
0
0
0
0
0
0
0
0
0
0
-0
-0
-0
-0
-0
-0
-0
-0
-0
-0
-0
-0
-0
-0
-0
-0
-0
-0
-0
-0
-0
-0
-0
-0
-0
-0
-0
-0
-0
-0
-0
-0
-0
-0
-0
-0
-0
-0
-0
-0
-0
-0
-0
-0
-0
-0
-0
-0
-0
-0
0
0
0
0
0
0
0
0
0
0
0
0
0
0
0
0
0
0
0
0
0
0
0
0
0
0
0
0
0
0
0
0
0
0
0
0
0
0
0
0
0
0
0
0
0
0
0
0
0
-0
-0
-0
-0
-0
-0
-0
-0
-0
-0
-0
-0
-0
-0
-0
-0
-0
-0
-0
-0
-0
-0
-0
-0
-0
-0
-0
-0
-0
-0
-0
-0
-0
-0
-0
-0
-0
-0
-0
-0
-0
-0
-0
-0
-0
-0
-0
-0
-0
-0
0
0
0
0
0
0
0
0
0
0
0
0
0
0
0
0
0
0
0
0
0
0
0
0
0
0
0
0
0
0
0
0
0
0
0
0
0
0
0
0
0
0
0
0
0
0
0
0
0
0
0
-0
-0
-0
-0
-0
-0
-0
-0
-0
-0
-0
-0
-0
-0
-0
-0
-0
-0
-0
-0
-0
-0
-0
-0
-0
-0
-0
-0
-0
-0
-0
-0
-0
-0
-0
-0
-0
-0
-0
-0
-0
-0
-0
-0
-0
-0
-0
-0
-0
-0
0
0
0
0
0
0
0
0
0
0
0
0
0
0
0
0
0
0
0
0
0
0
0
0
0
0
0
0
0
0
0
0
0
0
0
0
0
0
0
0
0
0
0
0
0
0
0
0
0
0
-0
-0
-0
-0
-0
-0
-0
-0
-0
-0
-0
-0
-0
-0
-0
-0
-0
-0
-0
-0
-0
-0
-0
-0
-0
-0
-0
-0
-0
-0
-0
-0
-0
-0
-0
-0
-0
-0
-0
-0
-0
-0
-0
-0
-0
-0
-0
-0
-0
0
0
0
0
0
0
0
0
0
0
0
0
0
0
0
0
0
0
0
0
0
0
0
0
0
0
0
0
0
0
0
0
0
0
0
0
0
0
0
0
0
0
0
0
0
0
0
0
0
0
-0
-0
-0
-0
-0
-0
-0
-0
-0
-0
-0
-0
-0
-0
-0
-0
-0
-0
-0
-0
-0
-0
-0
-0
-0
-0
-0
-0
-0
-0
-0
-0
-0
-0
-0
-0
-0
-0
-0
-0
-0
-0
-0
-0
-0
-0
-0
-0
-0
-0
-0
0
0
0
0
0
0
0
0
0
0
0
0
0
0
0
0
0
0
0
0
0
0
0
0
0
0
0
0
0
0
0
0
0
0
0
0
0
0
0
0
0
0
0
0
0
0
0
0
0
0
-0
-0
-0
-0
-0
-0
-0
-0
-0
-0
-0
-0
-0
-0
-0
-0
-0
-0
-0
-0
-0
-0
-0
-0
-0
-0
-0
-0
-0
-0
-0
-0
-0
-0
-0
-0
-0
-0
-0
-0
-0
-0
-0
-0
-0
-0
-0
-0
-0
-0
0
0
0
0
0
0
0
0
0
0
0
0
0
0
0
0
0
0
0
0
0
0
0
0
0
0
0
0
0
0
0
0
0
0
0
0
0
0
0
0
0
0
0
0
0
0
0
0
0
-0
-0
-0
-0
-0
-0
-0
-0
-0
-0
-0
-0
-0
-0
-0
-0
-0
-0
-0
-0
-0
-0
-0
-0
-0
-0
-0
-0
-0
-0
-0
-0
-0
-0
-0
-0
-0
-0
-0
-0
-0
-0
-0
-0
-0
-0
-0
-0
-0
-0
0
0
0
0
0
0
0
0
0
0
0
0
0
0
0
0
0
0
0
0
0
0
0
0
0
0
0
0
0
0
0
0
0
0
0
0
0
0
0
0
0
0
0
0
0
0
0
0
0
0
-0
-1.8366e-08
-7.332e-08
-1.6443e-07
-2.9097e-07
-4.5194e-07
-6.4606e-07
-8.7178e-07
-1.1273e-06
-1.4106e-06
-1.7193e-06
-2.0509e-06
-2.4028e-06
-2.7719e-06
-3.1553e-06
-3.5496e-06
-3.9515e-06
-4.3574e-06
-4.7639e-06
-5.1672e-06
-5.5637e-06
-5.9495e-06
-6.321e-06
-6.6745e-06
-7.0061e-06
-7.3125e-06
-7.59e-06
-7.8352e-06
-8.0449e-06
-8.216e-06
-8.3455e-06
-8.4307e-06
-8.4692e-06
-8.4586e-06
-8.3968e-06
-8.2823e-06
-8.1135e-06
-7.8893e-06
-7.6087e-06
-7.2714e-06
-6.8771e-06
-6.4259e-06
-5.9183e-06
-5.3552e-06
-4.7378e-06
-4.0674e-06
-3.3461e-06
-2.576e-06
-1.7597e-06
-8.9995e-07
-1.5759e-19
9.3668e-07
1.9063e-06
2.9049e-06
3.9281e-06
4.9713e-06
6.0299e-06
7.0988e-06
8.173e-06
9.247e-06
1.0316e-05
1.1373e-05
1.2414e-05
1.3433e-05
1.4424e-05
1.5381e-05
1.63e-05
1.7173e-05
1.7997e-05
1.8765e-05
1.9473e-05
2.0115e-05
2.0687e-05
2.1184e-05
2.1602e-05
2.1938e-05
2.2186e-05
2.2345e-05
2.2411e-05
2.2382e-05
2.2255e-05
2.2029e-05
2.1702e-05
2.1275e-05
2.0745e-05
2.0114e-05
1.9382e-05
1.855e-05
1.762e-05
1.6594e-05
1.5473e-05
1.4262e-05
1.2964e-05
1.1582e-05
1.0122e-05
8.5868e-06
6.9832e-06
5.3165e-06
3.5927e-06
1.8183e-06
-1.0321e-18
-1.855e-06
-3.7393e-06
-5.6453e-06
-7.5651e-06
-9.4907e-06
-1.1414e-05
-1.3326e-05
-1.5219e-05
-1.7083e-05
-1.8912e-05
-2.0696e-05
-2.2426e-05
-2.4094e-05
-2.5693e-05
-2.7213e-05
-2.8648e-05
-2.9989e-05
-3.123e-05
-3.2363e-05
-3.3382e-05
-3.4281e-05
-3.5053e-05
-3.5694e-05
-3.6198e-05
-3.6563e-05
-3.6782e-05
-3.6855e-05
-3.6777e-05
-3.6547e-05
-3.6164e-05
-3.5627e-05
-3.4935e-05
-3.4091e-05
-3.3093e-05
-3.1946e-05
-3.0651e-05
-2.9212e-05
-2.7632e-05
-2.5916e-05
-2.407e-05
-2.2099e-05
-2.001e-05
-1.7809e-05
-1.5505e-05
-1.3106e-05
-1.062e-05
-8.0569e-06
-5.4257e-06
-2.7366e-06
1.0752e-18
2.7733e-06
5.5723e-06
8.3858e-06
1.1202e-05
1.401e-05
1.6798e-05
1.9553e-05
2.2264e-05
2.492e-05
2.7508e-05
3.0018e-05
3.2437e-05
3.4755e-05
3.6962e-05
3.9045e-05
4.0996e-05
4.2805e-05
4.4463e-05
4.5961e-05
4.7291e-05
4.8446e-05
4.9419e-05
5.0203e-05
5.0795e-05
5.1188e-05
5.1378e-05
5.1364e-05
5.1143e-05
5.0713e-05
5.0073e-05
4.9225e-05
4.8168e-05
4.6907e-05
4.5442e-05
4.3778e-05
4.192e-05
3.9873e-05
3.7643e-05
3.5238e-05
3.2666e-05
2.9935e-05
2.7055e-05
2.4036e-05
2.0889e-05
1.7626e-05
1.4257e-05
1.0797e-05
7.2587e-06
3.6549e-06
2.5224e-18
-3.6916e-06
-7.4053e-06
-1.1126e-05
-1.4839e-05
-1.8529e-05
-2.2181e-05
-2.578e-05
-2.931e-05
-3.2756e-05
-3.6105e-05
-3.934e-05
-4.2449e-05
-4.5417e-05
-4.823e-05
-5.0877e-05
-5.3345e-05
-5.5621e-05
-5.7696e-05
-5.9559e-05
-6.12e-05
-6.2612e-05
-6.3785e-05
-6.4713e-05
-6.5391e-05
-6.5813e-05
-6.5975e-05
-6.5874e-05
-6.5509e-05
-6.4878e-05
-6.3982e-05
-6.2823e-05
-6.1402e-05
-5.9722e-05
-5.779e-05
-5.561e-05
-5.3189e-05
-5.0534e-05
-4.7655e-05
-4.4561e-05
-4.1263e-05
-3.7772e-05
-3.4101e-05
-3.0263e-05
-2.6273e-05
-2.2145e-05
-1.7894e-05
-1.3538e-05
-9.0917e-06
-4.5732e-06
-3.9413e-18
4.6099e-06
9.2383e-06
1.3867e-05
1.8476e-05
2.3049e-05
2.7565e-05
3.2007e-05
3.6356e-05
4.0593e-05
4.4701e-05
4.8663e-05
5.246e-05
5.6078e-05
5.9499e-05
6.2709e-05
6.5693e-05
6.8437e-05
7.0929e-05
7.3157e-05
7.511e-05
7.6777e-05
7.8151e-05
7.9223e-05
7.9987e-05
8.0438e-05
8.0571e-05
8.0384e-05
7.9875e-05
7.9044e-05
7.7892e-05
7.6421e-05
7.4635e-05
7.2538e-05
7.0138e-05
6.7442e-05
6.4457e-05
6.1195e-05
5.7666e-05
5.3883e-05
4.9859e-05
4.5608e-05
4.1147e-05
3.649e-05
3.1657e-05
2.6664e-05
2.1532e-05
1.6278e-05
1.0925e-05
5.4915e-06
5.6756e-18
-5.5282e-06
-1.1071e-05
-1.6607e-05
-2.2114e-05
-2.7568e-05
-3.2949e-05
-3.8234e-05
-4.3401e-05
-4.8429e-05
-5.3297e-05
-5.7985e-05
-6.2472e-05
-6.6739e-05
-7.0768e-05
-7.4541e-05
-7.8041e-05
-8.1253e-05
-8.4162e-05
-8.6755e-05
-8.9019e-05
-9.0943e-05
-9.2517e-05
-9.3733e-05
-9.4583e-05
-9.5062e-05
-9.5167e-05
-9.4893e-05
-9.4241e-05
-9.3209e-05
-9.1801e-05
-9.0019e-05
-8.7868e-05
-8.5354e-05
-8.2487e-05
-7.9274e-05
-7.5726e-05
-7.1856e-05
-6.7678e-05
-6.3205e-05
-5.8455e-05
-5.3445e-05
-4.8192e-05
-4.2717e-05
-3.7041e-05
-3.1184e-05
-2.5169e-05
-1.9019e-05
-1.2758e-05
-6.4098e-06
-1.9058e-18
6.4465e-06
1.2904e-05
1.9348e-05
2.5751e-05
3.2088e-05
3.8333e-05
4.4461e-05
5.0447e-05
5.6266e-05
6.1894e-05
6.7307e-05
7.2483e-05
7.74e-05
8.2037e-05
8.6373e-05
9.039e-05
9.4069e-05
9.7396e-05
0.00010035
0.00010293
0.00010511
0.00010688
0.00010824
0.00010918
0.00010969
0.00010976
0.0001094
0.00010861
0.00010737
0.00010571
0.00010362
0.0001011
9.817e-05
9.4835e-05
9.1105e-05
8.6995e-05
8.2517e-05
7.7689e-05
7.2528e-05
6.7052e-05
6.1281e-05
5.5238e-05
4.8944e-05
4.2425e-05
3.5703e-05
2.8806e-05
2.1759e-05
1.4591e-05
7.3281e-06
1.009e-17
-7.3649e-06
-1.4737e-05
-2.2088e-05
-2.9388e-05
-3.6607e-05
-4.3717e-05
-5.0688e-05
-5.7492e-05
-6.4102e-05
-7.049e-05
-7.663e-05
-8.2495e-05
-8.8061e-05
-9.3305e-05
-9.8205e-05
-0.00010274
-0.00010689
-0.00011063
-0.00011395
-0.00011684
-0.00011927
-0.00012125
-0.00012275
-0.00012378
-0.00012431
-0.00012436
-0.00012391
-0.00012297
-0.00012154
-0.00011962
-0.00011721
-0.00011433
-0.00011099
-0.00010718
-0.00010294
-9.8264e-05
-9.3179e-05
-8.7701e-05
-8.185e-05
-7.5648e-05
-6.9118e-05
-6.2284e-05
-5.5171e-05
-4.7808e-05
-4.0222e-05
-3.2443e-05
-2.45e-05
-1.6424e-05
-8.2464e-06
-5.2883e-18
8.2832e-06
1.657e-05
2.4828e-05
3.3025e-05
4.1126e-05
4.91e-05
5.6915e-05
6.4538e-05
7.1939e-05
7.9087e-05
8.5952e-05
9.2506e-05
9.8722e-05
0.00010457
0.00011004
0.00011509
0.0001197
0.00012386
0.00012755
0.00013075
0.00013344
0.00013561
0.00013726
0.00013837
0.00013894
0.00013896
0.00013842
0.00013734
0.00013571
0.00013353
0.00013081
0.00012757
0.0001238
0.00011953
0.00011477
0.00010953
0.00010384
9.7712e-05
9.1172e-05
8.4244e-05
7.6954e-05
6.9329e-05
6.1398e-05
5.3192e-05
4.4742e-05
3.608e-05
2.724e-05
1.8257e-05
9.1647e-06
7.4377e-18
-9.1464e-06
-1.822e-05
-2.7185e-05
-3.6007e-05
-4.4651e-05
-5.3084e-05
-6.1274e-05
-6.9188e-05
-7.6797e-05
-8.4072e-05
-9.0986e-05
-9.7512e-05
-0.00010363
-0.00010931
-0.00011453
-0.00011928
-0.00012355
-0.0001273
-0.00013054
-0.00013325
-0.00013542
-0.00013705
-0.00013813
-0.00013866
-0.00013864
-0.00013808
-0.00013697
-0.00013533
-0.00013316
-0.00013047
-0.00012728
-0.0001236
-0.00011944
-0.00011484
-0.0001098
-0.00010435
-9.8509e-05
-9.2306e-05
-8.5765e-05
-7.8915e-05
-7.1782e-05
-6.4397e-05
-5.679e-05
-4.8993e-05
-4.1036e-05
-3.2952e-05
-2.4774e-05
-1.6534e-05
-8.2648e-06
-8.1082e-18
8.2281e-06
1.6387e-05
2.4445e-05
3.237e-05
4.0132e-05
4.7701e-05
5.5047e-05
6.2143e-05
6.8961e-05
7.5476e-05
8.1664e-05
8.7501e-05
9.2965e-05
9.8038e-05
0.0001027
0.00010694
0.00011073
0.00011407
0.00011694
0.00011934
0.00012126
0.00012269
0.00012362
0.00012407
0.00012402
0.00012348
0.00012246
0.00012096
0.00011899
0.00011656
0.00011368
0.00011036
0.00010663
0.00010249
9.7968e-05
9.308e-05
8.7848e-05
8.2295e-05
7.6443e-05
7.0318e-05
6.3946e-05
5.7352e-05
5.0563e-05
4.3609e-05
3.6517e-05
2.9315e-05
2.2033e-05
1.4701e-05
7.3465e-06
1.8294e-18
-7.3098e-06
-1.4554e-05
-2.1704e-05
-2.8733e-05
-3.5613e-05
-4.2317e-05
-4.882e-05
-5.5097e-05
-6.1124e-05
-6.688e-05
-7.2341e-05
-7.7489e-05
-8.2304e-05
-8.6769e-05
-9.0869e-05
-9.4588e-05
-9.7914e-05
-0.00010084
-0.00010334
-0.00010543
-0.00010709
-0.00010832
-0.00010911
-0.00010947
-0.0001094
-0.00010889
-0.00010795
-0.0001066
-0.00010482
-0.00010265
-0.00010008
-9.7131e-05
-9.3813e-05
-9.0143e-05
-8.6136e-05
-8.1811e-05
-7.7187e-05
-7.2283e-05
-6.7121e-05
-6.1722e-05
-5.6109e-05
-5.0306e-05
-4.4336e-05
-3.8225e-05
-3.1997e-05
-2.5678e-05
-1.9293e-05
-1.2868e-05
-6.4282e-06
-8.5034e-18
6.3914e-06
1.2721e-05
1.8964e-05
2.5096e-05
3.1093e-05
3.6933e-05
4.2593e-05
4.8051e-05
5.3288e-05
5.8283e-05
6.3019e-05
6.7478e-05
7.1643e-05
7.5501e-05
7.9037e-05
8.224e-05
8.5098e-05
8.7603e-05
8.9747e-05
9.1523e-05
9.2926e-05
9.3953e-05
9.4603e-05
9.4875e-05
9.477e-05
9.4291e-05
9.3442e-05
9.2229e-05
9.0659e-05
8.8741e-05
8.6483e-05
8.3898e-05
8.0997e-05
7.7794e-05
7.4304e-05
7.0542e-05
6.6526e-05
6.2272e-05
5.7798e-05
5.3126e-05
4.8273e-05
4.326e-05
3.8109e-05
3.2841e-05
2.7478e-05
2.2041e-05
1.6552e-05
1.1035e-05
5.5099e-06
3.2566e-18
-5.4731e-06
-1.0888e-05
-1.6223e-05
-2.1459e-05
-2.6574e-05
-3.1549e-05
-3.6366e-05
-4.1006e-05
-4.5452e-05
-4.9687e-05
-5.3697e-05
-5.7466e-05
-6.0982e-05
-6.4232e-05
-6.7205e-05
-6.9891e-05
-7.2282e-05
-7.437e-05
-7.6149e-05
-7.7613e-05
-7.876e-05
-7.9587e-05
-8.0093e-05
-8.0279e-05
-8.0145e-05
-7.9695e-05
-7.8933e-05
-7.7863e-05
-7.6494e-05
-7.4832e-05
-7.2885e-05
-7.0665e-05
-6.8181e-05
-6.5446e-05
-6.2472e-05
-5.9274e-05
-5.5865e-05
-5.226e-05
-4.8476e-05
-4.4529e-05
-4.0436e-05
-3.6215e-05
-3.1882e-05
-2.7457e-05
-2.2958e-05
-1.8404e-05
-1.3812e-05
-9.2017e-06
-4.5916e-06
-3.4972e-18
4.5548e-06
9.055e-06
1.3483e-05
1.7822e-05
2.2055e-05
2.6165e-05
3.0139e-05
3.396e-05
3.7615e-05
4.1091e-05
4.4374e-05
4.7455e-05
5.0321e-05
5.2963e-05
5.5373e-05
5.7543e-05
5.9466e-05
6.1137e-05
6.2551e-05
6.3704e-05
6.4595e-05
6.5221e-05
6.5584e-05
6.5683e-05
6.552e-05
6.5099e-05
6.4423e-05
6.3498e-05
6.2328e-05
6.0922e-05
5.9287e-05
5.7432e-05
5.5365e-05
5.3098e-05
5.064e-05
4.8005e-05
4.5203e-05
4.2249e-05
3.9154e-05
3.5933e-05
3.26e-05
2.9169e-05
2.5655e-05
2.2074e-05
1.8439e-05
1.4767e-05
1.1071e-05
7.3687e-06
3.6732e-06
3.4225e-18
-3.6365e-06
-7.222e-06
-1.0743e-05
-1.4185e-05
-1.7535e-05
-2.0782e-05
-2.3912e-05
-2.6914e-05
-2.9779e-05
-3.2494e-05
-3.5052e-05
-3.7443e-05
-3.966e-05
-4.1694e-05
-4.3541e-05
-4.5195e-05
-4.665e-05
-4.7904e-05
-4.8953e-05
-4.9795e-05
-5.0429e-05
-5.0855e-05
-5.1074e-05
-5.1086e-05
-5.0895e-05
-5.0503e-05
-4.9913e-05
-4.9132e-05
-4.8163e-05
-4.7013e-05
-4.5689e-05
-4.4199e-05
-4.2549e-05
-4.0749e-05
-3.8809e-05
-3.6736e-05
-3.4542e-05
-3.2237e-05
-2.9831e-05
-2.7336e-05
-2.4763e-05
-2.2123e-05
-1.9428e-05
-1.669e-05
-1.392e-05
-1.1129e-05
-8.331e-06
-5.5357e-06
-2.7549e-06
-5.5503e-19
2.7182e-06
5.389e-06
8.0021e-06
1.0548e-05
1.3016e-05
1.5398e-05
1.7685e-05
1.9869e-05
2.1942e-05
2.3898e-05
2.573e-05
2.7432e-05
2.8998e-05
3.0426e-05
3.1709e-05
3.2846e-05
3.3834e-05
3.4671e-05
3.5355e-05
3.5886e-05
3.6264e-05
3.649e-05
3.6564e-05
3.649e-05
3.627e-05
3.5907e-05
3.5404e-05
3.4766e-05
3.3997e-05
3.3104e-05
3.2091e-05
3.0965e-05
2.9733e-05
2.8401e-05
2.6977e-05
2.5467e-05
2.3881e-05
2.2226e-05
2.0509e-05
1.874e-05
1.6927e-05
1.5078e-05
1.3201e-05
1.1306e-05
9.4003e-06
7.4924e-06
5.5905e-06
3.7027e-06
1.8366e-06
2.327e-18
-1.7999e-06
-3.556e-06
-5.2617e-06
-6.9105e-06
-8.4964e-06
-1.0014e-05
-1.1458e-05
-1.2823e-05
-1.4106e-05
-1.5302e-05
-1.6407e-05
-1.742e-05
-1.8337e-05
-1.9157e-05
-1.9878e-05
-2.0498e-05
-2.1018e-05
-2.1438e-05
-2.1757e-05
-2.1977e-05
-2.2098e-05
-2.2124e-05
-2.2055e-05
-2.1894e-05
-2.1645e-05
-2.131e-05
-2.0894e-05
-2.04e-05
-1.9832e-05
-1.9195e-05
-1.8493e-05
-1.7732e-05
-1.6917e-05
-1.6053e-05
-1.5145e-05
-1.4199e-05
-1.322e-05
-1.2214e-05
-1.1187e-05
-1.0144e-05
-9.0903e-06
-8.032e-06
-6.9743e-06
-5.9222e-06
-4.8809e-06
-3.8553e-06
-2.8501e-06
-1.8697e-06
-9.1831e-07
-4.9155e-19
8.8158e-07
1.723e-06
2.5212e-06
3.2734e-06
3.977e-06
4.6301e-06
5.2307e-06
5.7774e-06
6.2692e-06
6.7052e-06
7.085e-06
7.4085e-06
7.676e-06
7.8881e-06
8.0457e-06
8.1499e-06
8.2022e-06
8.2045e-06
8.1588e-06
8.0673e-06
7.9327e-06
7.7576e-06
7.545e-06
7.2981e-06
7.02e-06
6.7142e-06
6.3843e-06
6.0337e-06
5.6662e-06
5.2855e-06
4.8953e-06
4.4993e-06
4.1011e-06
3.7045e-06
3.3129e-06
2.9299e-06
2.5587e-06
2.2025e-06
1.8645e-06
1.5473e-06
1.2538e-06
9.8639e-07
7.4724e-07
5.3838e-07
3.6155e-07
2.1823e-07
1.0962e-07
3.666e-08
0
0
-0
-0
-0
-0
-0
-0
-0
-0
-0
-0
-0
-0
-0
-0
-0
-0
-0
-0
-0
-0
-0
-0
-0
-0
-0
-0
-0
-0
-0
-0
-0
-0
-0
-0
-0
-0
-0
-0
-0
-0
-0
-0
-0
-0
-0
-0
-0
-0
-0
-0
0
0
0
0
0
0
0
0
0
0
0
0
0
0
0
0
0
0
0
0
0
0
0
0
0
0
0
0
0
0
0
0
0
0
0
0
0
0
0
0
0
0
0
0
0
0
0
0
0
0
-0
-0
-0
-0
-0
-0
-0
-0
-0
-0
-0
-0
-0
-0
-0
-0
-0
-0
-0
-0
-0
-0
-0
-0
-0
-0
-0
-0
-0
-0
-0
-0
-0
-0
-0
-0
-0
-0
-0
-0
-0
-0
-0
-0
-0
-0
-0
-0
-0
-0
0
0
0
0
0
0
0
0
0
0
0
0
0
0
0
0
0
0
0
0
0
0
0
0
0
0
0
0
0
0
0
0
0
0
0
0
0
0
0
0
0
0
0
0
0
0
0
0
0
0
-0
-0
-0
-0
-0
-0
-0
-0
-0
-0
-0
-0
-0
-0
-0
-0
-0
-0
-0
-0
-0
-0
-0
-0
-0
-0
-0
-0
-0
-0
-0
-0
-0
-0
-0
-0
-0
-0
-0
-0
-0
-0
-0
-0
-0
-0
-0
-0
-0
-0
0
0
0
0
0
0
0
0
0
0
0
0
0
0
0
0
0
0
0
0
0
0
0
0
0
0
0
0
0
0
0
0
0
0
0
0
0
0
0
0
0
0
0
0
0
0
0
0
0
0
-0
-0
-0
-0
-0
-0
-0
-0
-0
-0
-0
-0
-0
-0
-0
-0
-0
-0
-0
-0
-0
-0
-0
-0
-0
-0
-0
-0
-0
-0
-0
-0
-0
-0
-0
-0
-0
-0
-0
-0
-0
-0
-0
-0
-0
-0
-0
-0
-0
-0
0
0
0
0
0
0
0
0
0
0
0
0
0
0
0
0
0
0
0
0
0
0
0
0
0
0
0
0
0
0
0
0
0
0
0
0
0
0
0
0
0
0
0
0
0
0
0
0
0
0
-0
-0
-0
-0
-0
-0
-0
-0
-0
-0
-0
-0
-0
-0
-0
-0
-0
-0
-0
-0
-0
-0
-0
-0
-0
-0
-0
-0
-0
-0
-0
-0
-0
-0
-0
-0
-0
-0
-0
-0
-0
-0
-0
-0
-0
-0
-0
-0
-0
-0
0
0
0
0
0
0
0
0
0
0
0
0
0
0
0
0
0
0
0
0
0
0
0
0
0
0
0
0
0
0
0
0
0
0
0
0
0
0
0
0
0
0
0
0
0
0
0
0
0
0
-0
-0
-0
-0
-0
-0
-0
-0
-0
-0
-0
-0
-0
-0
-0
-0
-0
-0
-0
-0
-0
-0
-0
-0
-0
-0
-0
-0
-0
-0
-0
-0
-0
-0
-0
-0
-0
-0
-0
-0
-0
-0
-0
-0
-0
-0
-0
-0
-0
-0
0
0
0
0
0
0
0
0
0
0
0
0
0
0
0
0
0
0
0
0
0
0
0
0
0
0
0
0
0
0
0
0
0
0
0
0
0
0
0
0
0
0
0
0
0
0
0
0
0
0
-0
-0
-0
-0
-0
-0
-0
-0
-0
-0
-0
-0
-0
-0
-0
-0
-0
-0
-0
-0
-0
-0
-0
-0
-0
-0
-0
-0
-0
-0
-0
-0
-0
-0
-0
-0
-0
-0
-0
-0
-0
-0
-0
-0
-0
-0
-0
-0
-0
-0
0
0
0
0
0
0
0
0
0
0
0
0
0
0
0
0
0
0
0
0
0
0
0
0
0
0
0
0
0
0
0
0
0
0
0
0
0
0
0
0
0
0
0
0
0
0
0
0
0
0
-0
-0
-0
-0
-0
-0
-0
-0
-0
-0
-0
-0
-0
-0
-0
-0
-0
-0
-0
-0
-0
-0
-0
-0
-0
-0
-0
-0
-0
-0
-0
-0
-0
-0
-0
-0
-0
-0
-0
-0
-0
-0
-0
-0
-0
-0
-0
-0
-0
-0
0
0
0
0
0
0
0
0
0
0
0
0
0
0
0
0
0
0
0
0
0
0
0
0
0
0
0
0
0
0
0
0
0
0
0
0
0
0
0
0
0
0
0
0
0
0
0
0
0
0
-0
-0
-0
-0
-0
-0
-0
-0
-0
-0
-0
-0
-0
-0
-0
-0
-0
-0
-0
-0
-0
-0
-0
-0
-0
-0
-0
-0
-0
-0
-0
-0
-0
-0
-0
-0
-0
-0
-0
-0
-0
-0
-0
-0
-0
-0
-0
-0
-0
-0
0
0
0
0
0
0
0
0
0
0
0
0
0
0
0
0
0
0
0
0
0
0
0
0
0
0
0
0
0
0
0
0
0
0
0
0
0
0
0
0
0
0
0
0
0
0
0
0
0
0
-0
-0
-0
-0
-0
-0
-0
-0
-0
-0
-0
-0
-0
-0
-0
-0
-0
-0
-0
-0
-0
-0
-0
-0
-0
-0
-0
-0
-0
-0
-0
-0
-0
-0
-0
-0
-0
-0
-0
-0
-0
-0
-0
-0
-0
-0
-0
-0
-0
-0
0
0
0
0
0
0
0
0
0
0
0
0
0
0
0
0
0
0
0
0
0
0
0
0
0
0
0
0
0
0
0
0
0
0
0
0
0
0
0
0
0
0
0
0
0
0
0
0
0
0
-0
-0
-0
-0
-0
-0
-0
-0
-0
-0
-0
-0
-0
-0
-0
-0
-0
-0
-0
-0
-0
-0
-0
-0
-0
-0
-0
-0
-0
-0
-0
-0
-0
-0
-0
-0
-0
-0
-0
-0
-0
-0
-0
-0
-0
-0
-0
-0
-0
-0
0
0
0
0
0
0
0
0
0
0
0
0
0
0
0
0
0
0
0
0
0
0
0
0
0
0
0
0
0
0
0
0
0
0
0
0
0
0
0
0
0
0
0
0
0
0
0
0
0
-0
-0
-0
-0
-0
-0
-0
-0
-0
-0
-0
-0
-0
-0
-0
-0
-0
-0
-0
-0
-0
-0
-0
-0
-0
-0
-0
-0
-0
-0
-0
-0
-0
-0
-0
-0
-0
-0
-0
-0
-0
-0
-0
-0
-0
-0
-0
-0
-0
-0
-0
0
0
0
0
0
0
0
0
0
0
0
0
0
0
0
0
0
0
0
0
0
0
0
0
0
0
0
0
0
0
0
0
0
0
0
0
0
0
0
0
0
0
0
0
0
0
0
0
0
0
-0
-0
-0
-0
-0
-0
-0
-0
-0
-0
-0
-0
-0
-0
-0
-0
-0
-0
-0
-0
-0
-0
-0
-0
-0
-0
-0
-0
-0
-0
-0
-0
-0
-0
-0
-0
-0
-0
-0
-0
-0
-0
-0
-0
-0
-0
-0
-0
-0
0
0
0
0
0
0
0
0
0
0
0
0
0
0
0
0
0
0
0
0
0
0
0
0
0
0
0
0
0
0
0
0
0
0
0
0
0
0
0
0
0
0
0
0
0
0
0
0
0
0
0
-0
-0
-0
-0
-0
-0
-0
-0
-0
-0
-0
-0
-0
-0
-0
-0
-0
-0
-0
-0
-0
-0
-0
-0
-0
-0
-0
-0
-0
-0
-0
-0
-0
-0
-0
-0
-0
-0
-0
-0
-0
-0
-0
-0
-0
-0
-0
-0
-0
-0
0
0
0
0
0
0
0
0
0
0
0
0
0
0
0
0
0
0
0
0
0
0
0
0
0
0
0
0
0
0
0
0
0
0
0
0
0
0
0
0
0
0
0
0
0
0
0
0
0
0
-0
-0
-0
-0
-0
-0
-0
-0
-0
-0
-0
-0
-0
-0
-0
-0
-0
-0
-0
-0
-0
-0
-0
-0
-0
-0
-0
-0
-0
-0
-0
-0
-0
-0
-0
-0
-0
-0
-0
-0
-0
-0
-0
-0
-0
-0
-0
-0
-0
-0
0
0
0
0
0
0
0
0
0
0
0
0
0
0
0
0
0
0
0
0
0
0
0
0
0
0
0
0
0
0
0
0
0
0
0
0
0
0
0
0
0
0
0
0
0
0
0
0
0
-0
-0
-0
-0
-0
-0
-0
-0
-0
-0
-0
-0
-0
-0
-0
-0
-0
-0
-0
-0
-0
-0
-0
-0
-0
-0
-0
-0
-0
-0
-0
-0
-0
-0
-0
-0
-0
-0
-0
-0
-0
-0
-0
-0
-0
-0
-0
-0
-0
-0
-0
0
0
0
0
0
0
0
0
0
0
0
0
0
0
0
0
0
0
0
0
0
0
0
0
0
0
0
0
0
0
0
0
0
0
0
0
0
0
0
0
0
0
0
0
0
0
0
0
0
-0
-0
-0
-0
-0
-0
-0
-0
-0
-0
-0
-0
-0
-0
-0
-0
-0
-0
-0
-0
-0
-0
-0
-0
-0
-0
-0
-0
-0
-0
-0
-0
-0
-0
-0
-0
-0
-0
-0
-0
-0
-0
-0
-0
-0
-0
-0
-0
-0
-0
-0
0
0
0
0
0
0
0
0
0
0
0
0
0
0
0
0
0
0
0
0
0
0
0
0
0
0
0
0
0
0
0
0
0
0
0
0
0
0
0
0
0
0
0
0
0
0
0
0
0
0
-0
-0
-0
-0
-0
-0
-0
-0
-0
-0
-0
-0
-0
-0
-0
-0
-0
-0
-0
-0
-0
-0
-0
-0
-0
-0
-0
-0
-0
-0
-0
-0
-0
-0
-0
-0
-0
-0
-0
-0
-0
-0
-0
-0
-0
-0
-0
-0
-0
-0
0
0
0
0
0
0
0
0
0
0
0
0
0
0
0
0
0
0
0
0
0
0
0
0
0
0
0
0
0
0
0
0
0
0
0
0
0
0
0
0
0
0
0
0
0
0
0
0
0
0
-0
-0
-0
-0
-0
-0
-0
-0
-0
-0
-0
-0
-0
-0
-0
-0
-0
-0
-0
-0
-0
-0
-0
-0
-0
-0
-0
-0
-0
-0
-0
-0
-0
-0
-0
-0
-0
-0
-0
-0
-0
-0
-0
-0
-0
-0
-0
-0
-0
-0
0
0
0
0
0
0
0
0
0
0
0
0
0
0
0
0
0
0
0
0
0
0
0
0
0
0
0
0
0
0
0
0
0
0
0
0
0
0
0
0
0
0
0
0
0
0
0
0
0
0
-0
-0
-0
-0
-0
-0
-0
-0
-0
-0
-0
-0
-0
-0
-0
-0
-0
-0
-0
-0
-0
-0
-0
-0
-0
-0
-0
-0
-0
-0
-0
-0
-0
-0
-0
-0
-0
-0
-0
-0
-0
-0
-0
-0
-0
-0
-0
-0
-0
-0
0
0
0
0
0
0
0
0
0
0
0
0
0
0
0
0
0
0
0
0
0
0
0
0
0
0
0
0
0
0
0
0
0
0
0
0
0
0
0
0
0
0
0
0
0
0
0
0
0
-0
-0
-0
-0
-0
-0
-0
-0
-0
-0
-0
-0
-0
-0
-0
-0
-0
-0
-0
-0
-0
-0
-0
-0
-0
-0
-0
-0
-0
-0
-0
-0
-0
-0
-0
-0
-0
-0
-0
-0
-0
-0
-0
-0
-0
-0
-0
-0
-0
-0
-0
0
0
0
0
0
0
0
0
0
0
0
0
0
0
0
0
0
0
0
0
0
0
0
0
0
0
0
0
0
0
0
0
0
0
0
0
0
0
0
0
0
0
0
0
0
0
0
0
0
-0
-0
-0
-0
-0
-0
-0
-0
-0
-0
-0
-0
-0
-0
-0
-0
-0
-0
-0
-0
-0
-0
-0
-0
-0
-0
-0
-0
-0
-0
-0
-0
-0
-0
-0
-0
-0
-0
-0
-0
-0
-0
-0
-0
-0
-0
-0
-0
-0
-0
-0
0
0
0
0
0
0
0
0
0
0
0
0
0
0
0
0
0
0
0
0
0
0
0
0
0
0
0
0
0
0
0
0
0
0
0
0
0
0
0
0
0
0
0
0
0
0
0
0
0
0
-0
-0
-0
-0
-0
-0
-0
-0
-0
-0
-0
-0
-0
-0
-0
-0
-0
-0
-0
-0
-0
-0
-0
-0
-0
-0
-0
-0
-0
-0
-0
-0
-0
-0
-0
-0
-0
-0
-0
-0
-0
-0
-0
-0
-0
-0
-0
-0
-0
-0
0
0
0
0
0
0
0
0
0
0
0
0
0
0
0
0
0
0
0
0
0
0
0
0
0
0
0
0
0
0
0
0
0
0
0
0
0
0
0
0
0
0
0
0
0
0
0
0
0
0
-0
-0
-0
-0
-0
-0
-0
-0
-0
-0
-0
-0
-0
-0
-0
-0
-0
-0
-0
-0
-0
-0
-0
-0
-0
-0
-0
-0
-0
-0
-0
-0
-0
-0
-0
-0
-0
-0
-0
-0
-0
-0
-0
-0
-0
-0
-0
-0
-0
-0
0
0
0
0
0
0
0
0
0
0
0
0
0
0
0
0
0
0
0
0
0
0
0
0
0
0
0
0
0
0
0
0
0
0
0
0
0
0
0
0
0
0
0
0
0
0
0
0
0
0
-0
-0
-0
-0
-0
-0
-0
-0
-0
-0
-0
-0
-0
-0
-0
-0
-0
-0
-0
-0
-0
-0
-0
-0
-0
-0
-0
-0
-0
-0
-0
-0
-0
-0
-0
-0
-0
-0
-0
-0
-0
-0
-0
-0
-0
-0
-0
-0
-0
-0
0
0
0
0
0
0
0
0
0
0
0
0
0
0
0
0
0
0
0
0
0
0
0
0
0
0
0
0
0
0
0
0
0
0
0
0
0
0
0
0
0
0
0
0
0
0
0
0
0
-0
-0
-0
-0
-0
-0
-0
-0
-0
-0
-0
-0
-0
-0
-0
-0
-0
-0
-0
-0
-0
-0
-0
-0
-0
-0
-0
-0
-0
-0
-0
-0
-0
-0
-0
-0
-0
-0
-0
-0
-0
-0
-0
-0
-0
-0
-0
-0
-0
-0
-0
0
0
0
0
0
0
0
0
0
0
0
0
0
0
0
0
0
0
0
0
0
0
0
0
0
0
0
0
0
0
0
0
0
0
0
0
0
0
0
0
0
0
0
0
0
0
0
0
0
-0
-0
-0
-0
-0
-0
-0
-0
-0
-0
-0
-0
-0
-0
-0
-0
-0
-0
-0
-0
-0
-0
-0
-0
-0
-0
-0
-0
-0
-0
-0
-0
-0
-0
-0
-0
-0
-0
-0
-0
-0
-0
-0
-0
-0
-0
-0
-0
-0
-0
-0
0
0
0
0
0
0
0
0
0
0
0
0
0
0
0
0
0
0
0
0
0
0
0
0
0
0
0
0
0
0
0
0
0
0
0
0
0
0
0
0
0
0
0
0
0
0
0
0
0
0
-0
-0
-0
-0
-0
-0
-0
-0
-0
-0
-0
-0
-0
-0
-0
-0
-0
-0
-0
-0
-0
-0
-0
-0
-0
-0
-0
-0
-0
-0
-0
-0
-0
-0
-0
-0
-0
-0
-0
-0
-0
-0
-0
-0
-0
-0
-0
-0
-0
-0
0
0
0
0
0
0
0
0
0
0
0
0
0
0
0
0
0
0
0
0
0
0
0
0
0
0
0
0
0
0
0
0
0
0
0
0
0
0
0
0
0
0
0
0
0
0
0
0
0
0
-0
-0
-0
-0
-0
-0
-0
-0
-0
-0
-0
-0
-0
-0
-0
-0
-0
-0
-0
-0
-0
-0
-0
-0
-0
-0
-0
-0
-0
-0
-0
-0
-0
-0
-0
-0
-0
-0
-0
-0
-0
-0
-0
-0
-0
-0
-0
-0
-0
-0
0
0
0
0
0
0
0
0
0
0
0
0
0
0
0
0
0
0
0
0
0
0
0
0
0
0
0
0
0
0
0
0
0
0
0
0
0
0
0
0
0
0
0
0
0
0
0
0
0
0
-0
-0
-0
-0
-0
-0
-0
-0
-0
-0
-0
-0
-0
-0
-0
-0
-0
-0
-0
-0
-0
-0
-0
-0
-0
-0
-0
-0
-0
-0
-0
-0
-0
-0
-0
-0
-0
-0
-0
-0
-0
-0
-0
-0
-0
-0
-0
-0
-0
-0
0
0
0
0
0
0
0
0
0
0
0
0
0
0
0
0
0
0
0
0
0
0
0
0
0
0
0
0
0
0
0
0
0
0
0
0
0
0
0
0
0
0
0
0
0
0
0
0
0
-0
-0
-0
-0
-0
-0
-0
-0
-0
-0
-0
-0
-0
-0
-0
-0
-0
-0
-0
-0
-0
-0
-0
-0
-0
-0
-0
-0
-0
-0
-0
-0
-0
-0
-0
-0
-0
-0
-0
-0
-0
-0
-0
-0
-0
-0
-0
-0
-0
-0
-0
0
0
0
0
0
0
0
0
0
0
0
0
0
0
0
0
0
0
0
0
0
0
0
0
0
0
0
0
0
0
0
0
0
0
0
0
0
0
0
0
0
0
0
0
0
0
0
0
0
-0
-0
-0
-0
-0
-0
-0
-0
-0
-0
-0
-0
-0
-0
-0
-0
-0
-0
-0
-0
-0
-0
-0
-0
-0
-0
-0
-0
-0
-0
-0
-0
-0
-0
-0
-0
-0
-0
-0
-0
-0
-0
-0
-0
-0
-0
-0
-0
-0
-0
-0
0
0
0
0
0
0
0
0
0
0
0
0
0
0
0
0
0
0
0
0
0
0
0
0
0
0
0
0
0
0
0
0
0
0
0
0
0
0
0
0
0
0
0
0
0
0
0
0
0
-0
