-0
-0
-0
-0
-0
-0
-0
-0
-0
-0
-0
-0
-0
-0
-0
-0
-0
-0
-0
-0
-0
-0
-0
-0
-0
-0
-0
-0
-0
-0
-0
-0
-0
-0
-0
-0
-0
-0
-0
-0
-0
-0
-0
-0
-0
-0
-0
-0
-0
-0
-0
0
0
0
0
0
0
0
0
0
0
0
0
0
0
0
0
0
0
0
0
0
0
0
0
0
0
0
0
0
0
0
0
0
0
0
0
0
0
0
0
0
0
0
0
0
0
0
0
0
0
-0
-0
-0
-0
-0
-0
-0
-0
-0
-0
-0
-0
-0
-0
-0
-0
-0
-0
-0
-0
-0
-0
-0
-0
-0
-0
-0
-0
-0
-0
-0
-0
-0
-0
-0
-0
-0
-0
-0
-0
-0
-0
-0
-0
-0
-0
-0
-0
-0
-0
0
0
0
0
0
0
0
0
0
0
0
0
0
0
0
0
0
0
0
0
0
0
0
0
0
0
0
0
0
0
0
0
0
0
0
0
0
0
0
0
0
0
0
0
0
0
0
0
0
0
-0
-0
-0
-0
-0
-0
-0
-0
-0
-0
-0
-0
-0
-0
-0
-0
-0
-0
-0
-0
-0
-0
-0
-0
-0
-0
-0
-0
-0
-0
-0
-0
-0
-0
-0
-0
-0
-0
-0
-0
-0
-0
-0
-0
-0
-0
-0
-0
-0
-0
0
0
0
0
0
0
0
0
0
0
0
0
0
0
0
0
0
0
0
0
0
0
0
0
0
0
0
0
0
0
0
0
0
0
0
0
0
0
0
0
0
0
0
0
0
0
0
0
0
0
-0
-0
-0
-0
-0
-0
-0
-0
-0
-0
-0
-0
-0
-0
-0
-0
-0
-0
-0
-0
-0
-0
-0
-0
-0
-0
-0
-0
-0
-0
-0
-0
-0
-0
-0
-0
-0
-0
-0
-0
-0
-0
-0
-0
-0
-0
-0
-0
-0
0
0
0
0
0
0
0
0
0
0
0
0
0
0
0
0
0
0
0
0
0
0
0
0
0
0
0
0
0
0
0
0
0
0
0
0
0
0
0
0
0
0
0
0
0
0
0
0
0
0
0
-0
-0
-0
-0
-0
-0
-0
-0
-0
-0
-0
-0
-0
-0
-0
-0
-0
-0
-0
-0
-0
-0
-0
-0
-0
-0
-0
-0
-0
-0
-0
-0
-0
-0
-0
-0
-0
-0
-0
-0
-0
-0
-0
-0
-0
-0
-0
-0
-0
-0
0
0
0
0
0
0
0
0
0
0
0
0
0
0
0
0
0
0
0
0
0
0
0
0
0
0
0
0
0
0
0
0
0
0
0
0
0
0
0
0
0
0
0
0
0
0
0
0
0
0
-0
-0
-0
-0
-0
-0
-0
-0
-0
-0
-0
-0
-0
-0
-0
-0
-0
-0
-0
-0
-0
-0
-0
-0
-0
-0
-0
-0
-0
-0
-0
-0
-0
-0
-0
-0
-0
-0
-0
-0
-0
-0
-0
-0
-0
-0
-0
-0
-0
0
0
0
0
0
0
0
0
0
0
0
0
0
0
0
0
0
0
0
0
0
0
0
0
0
0
0
0
0
0
0
0
0
0
0
0
0
0
0
0
0
0
0
0
0
0
0
0
0
0
0
-0
-0
-0
-0
-0
-0
-0
-0
-0
-0
-0
-0
-0
-0
-0
-0
-0
-0
-0
-0
-0
-0
-0
-0
-0
-0
-0
-0
-0
-0
-0
-0
-0
-0
-0
-0
-0
-0
-0
-0
-0
-0
-0
-0
-0
-0
-0
-0
-0
0
0
0
0
0
0
0
0
0
0
0
0
0
0
0
0
0
0
0
0
0
0
0
0
0
0
0
0
0
0
0
0
0
0
0
0
0
0
0
0
0
0
0
0
0
0
0
0
0
0
-0
-0
-0
-0
-0
-0
-0
-0
-0
-0
-0
-0
-0
-0
-0
-0
-0
-0
-0
-0
-0
-0
-0
-0
-0
-0
-0
-0
-0
-0
-0
-0
-0
-0
-0
-0
-0
-0
-0
-0
-0
-0
-0
-0
-0
-0
-0
-0
-0
-0
-0
0
0
0
0
0
0
0
0
0
0
0
0
0
0
0
0
0
0
0
0
0
0
0
0
0
0
0
0
0
0
0
0
0
0
0
0
0
0
0
0
0
0
0
0
0
0
0
0
0
0
-0
-0
-0
-0
-0
-0
-0
-0
-0
-0
-0
-0
-0
-0
-0
-0
-0
-0
-0
-0
-0
-0
-0
-0
-0
-0
-0
-0
-0
-0
-0
-0
-0
-0
-0
-0
-0
-0
-0
-0
-0
-0
-0
-0
-0
-0
-0
-0
-0
-0
0
0
0
0
0
0
0
0
0
0
0
0
0
0
0
0
0
0
0
0
0
0
0
0
0
0
0
0
0
0
0
0
0
0
0
0
0
0
0
0
0
0
0
0
0
0
0
0
0
0
-0
-0
-0
-0
-0
-0
-0
-0
-0
-0
-0
-0
-0
-0
-0
-0
-0
-0
-0
-0
-0
-0
-0
-0
-0
-0
-0
-0
-0
-0
-0
-0
-0
-0
-0
-0
-0
-0
-0
-0
-0
-0
-0
-0
-0
-0
-0
-0
-0
0
0
0
0
0
0
0
0
0
0
0
0
0
0
0
0
0
0
0
0
0
0
0
0
0
0
0
0
0
0
0
0
0
0
0
0
0
0
0
0
0
0
0
0
0
0
0
0
0
0
0
-0
-0
-0
-0
-0
-0
-0
-0
-0
-0
-0
-0
-0
-0
-0
-0
-0
-0
-0
-0
-0
-0
-0
-0
-0
-0
-0
-0
-0
-0
-0
-0
-0
-0
-0
-0
-0
-0
-0
-0
-0
-0
-0
-0
-0
-0
-0
-0
-0
0
0
0
0
0
0
0
0
0
0
0
0
0
0
0
0
0
0
0
0
0
0
0
0
0
0
0
0
0
0
0
0
0
0
0
0
0
0
0
0
0
0
0
0
0
0
0
0
0
0
-0
-0
-0
-0
-0
-0
-0
-0
-0
-0
-0
-0
-0
-0
-0
-0
-0
-0
-0
-0
-0
-0
-0
-0
-0
-0
-0
-0
-0
-0
-0
-0
-0
-0
-0
-0
-0
-0
-0
-0
-0
-0
-0
-0
-0
-0
-0
-0
-0
-0
0
0
0
0
0
0
0
0
0
0
0
0
0
0
0
0
0
0
0
0
0
0
0
0
0
0
0
0
0
0
0
0
0
0
0
0
0
0
0
0
0
0
0
0
0
0
0
0
0
0
0
-0
-0
-0
-0
-0
-0
-0
-0
-0
-0
-0
-0
-0
-0
-0
-0
-0
-0
-0
-0
-0
-0
-0
-0
-0
-0
-0
-0
-0
-0
-0
-0
-0
-0
-0
-0
-0
-0
-0
-0
-0
-0
-0
-0
-0
-0
-0
-0
-0
0
0
0
0
0
0
0
0
0
0
0
0
0
0
0
0
0
0
0
0
0
0
0
0
0
0
0
0
0
0
0
0
0
0
0
0
0
0
0
0
0
0
0
0
0
0
0
0
0
0
-0
-0
-0
-0
-0
-0
-0
-0
-0
-0
-0
-0
-0
-0
-0
-0
-0
-0
-0
-0
-0
-0
-0
-0
-0
-0
-0
-0
-0
-0
-0
-0
-0
-0
-0
-0
-0
-0
-0
-0
-0
-0
-0
-0
-0
-0
-0
-0
-0
-0
0
0
0
0
0
0
0
0
0
0
0
0
0
0
0
0
0
0
0
0
0
0
0
0
0
0
0
0
0
0
0
0
0
0
0
0
0
0
0
0
0
0
0
0
0
0
0
0
0
0
-0
-0
-0
-0
-0
-0
-0
-0
-0
-0
-0
-0
-0
-0
-0
-0
-0
-0
-0
-0
-0
-0
-0
-0
-0
-0
-0
-0
-0
-0
-0
-0
-0
-0
-0
-0
-0
-0
-0
-0
-0
-0
-0
-0
-0
-0
-0
-0
-0
-0
0
0
0
0
0
0
0
0
0
0
0
0
0
0
0
0
0
0
0
0
0
0
0
0
0
0
0
0
0
0
0
0
0
0
0
0
0
0
0
0
0
0
0
0
0
0
0
0
0
0
0
-0
-0
-0
-0
-0
-0
-0
-0
-0
-0
-0
-0
-0
-0
-0
-0
-0
-0
-0
-0
-0
-0
-0
-0
-0
-0
-0
-0
-0
-0
-0
-0
-0
-0
-0
-0
-0
-0
-0
-0
-0
-0
-0
-0
-0
-0
-0
-0
-0
-0
0
0
0
0
0
0
0
0
0
0
0
0
0
0
0
0
0
0
0
0
0
0
0
0
0
0
0
0
0
0
0
0
0
0
0
0
0
0
0
0
0
0
0
0
0
0
0
0
0
0
-0
-0
-0
-0
-0
-0
-0
-0
-0
-0
-0
-0
-0
-0
-0
-0
-0
-0
-0
-0
-0
-0
-0
-0
-0
-0
-0
-0
-0
-0
-0
-0
-0
-0
-0
-0
-0
-0
-0
-0
-0
-0
-0
-0
-0
-0
-0
-0
-0
-0
0
0
0
0
0
0
0
0
0
0
0
0
0
0
0
0
0
0
0
0
0
0
0
0
0
0
0
0
0
0
0
0
0
0
0
0
0
0
0
0
0
0
0
0
0
0
0
0
0
0
-0
-0
-0
-0
-0
-0
-0
-0
-0
-0
-0
-0
-0
-0
-0
-0
-0
-0
-0
-0
-0
-0
-0
-0
-0
-0
-0
-0
-0
-0
-0
-0
-0
-0
-0
-0
-0
-0
-0
-0
-0
-0
-0
-0
-0
-0
-0
-0
-0
-0
0
0
0
0
0
0
0
0
0
0
0
0
0
0
0
0
0
0
0
0
0
0
0
0
0
0
0
0
0
0
0
0
0
0
0
0
0
0
0
0
0
0
0
0
0
0
0
0
0
0
-0
-0
-0
-0
-0
-0
-0
-0
-0
-0
-0
-0
-0
-0
-0
-0
-0
-0
-0
-0
-0
-0
-0
-0
-0
-0
-0
-0
-0
-0
-0
-0
-0
-0
-0
-0
-0
-0
-0
-0
-0
-0
-0
-0
-0
-0
-0
-0
-0
-0
0
0
0
0
0
0
0
0
0
0
0
0
0
0
0
0
0
0
0
0
0
0
0
0
0
0
0
0
0
0
0
0
0
0
0
0
0
0
0
0
0
0
0
0
0
0
0
0
0
-0
-0
-0
-0
-0
-0
-0
-0
-0
-0
-0
-0
-0
-0
-0
-0
-0
-0
-0
-0
-0
-0
-0
-0
-0
-0
-0
-0
-0
-0
-0
-0
-0
-0
-0
-0
-0
-0
-0
-0
-0
-0
-0
-0
-0
-0
-0
-0
-0
-0
-0
0
0
0
0
0
0
0
0
0
0
0
0
0
0
0
0
0
0
0
0
0
0
0
0
0
0
0
0
0
0
0
0
0
0
0
0
0
0
0
0
0
0
0
0
0
0
0
0
0
0
-1.8366e-08
-7.332e-08
-1.6443e-07
-2.9097e-07
-4.5194e-07
-6.4606e-07
-8.7178e-07
-1.1273e-06
-1.4106e-06
-1.7193e-06
-2.0509e-06
-2.4028e-06
-2.7719e-06
-3.1553e-06
-3.5496e-06
-3.9515e-06
-4.3574e-06
-4.7639e-06
-5.1672e-06
-5.5637e-06
-5.9495e-06
-6.321e-06
-6.6745e-06
-7.0061e-06
-7.3125e-06
-7.59e-06
-7.8352e-06
-8.0449e-06
-8.216e-06
-8.3455e-06
-8.4307e-06
-8.4692e-06
-8.4586e-06
-8.3968e-06
-8.2823e-06
-8.1135e-06
-7.8893e-06
-7.6087e-06
-7.2714e-06
-6.8771e-06
-6.4259e-06
-5.9183e-06
-5.3552e-06
-4.7378e-06
-4.0674e-06
-3.3461e-06
-2.576e-06
-1.7597e-06
-8.9995e-07
-2.2931e-19
9.3668e-07
1.9063e-06
2.9049e-06
3.9281e-06
4.9713e-06
6.0299e-06
7.0988e-06
8.173e-06
9.247e-06
1.0316e-05
1.1373e-05
1.2414e-05
1.3433e-05
1.4424e-05
1.5381e-05
1.63e-05
1.7173e-05
1.7997e-05
1.8765e-05
1.9473e-05
2.0115e-05
2.0687e-05
2.1184e-05
2.1602e-05
2.1938e-05
2.2186e-05
2.2345e-05
2.2411e-05
2.2382e-05
2.2255e-05
2.2029e-05
2.1702e-05
2.1275e-05
2.0745e-05
2.0114e-05
1.9382e-05
1.855e-05
1.762e-05
1.6594e-05
1.5473e-05
1.4262e-05
1.2964e-05
1.1582e-05
1.0122e-05
8.5868e-06
6.9832e-06
5.3165e-06
3.5927e-06
1.8183e-06
-5.7386e-20
-1.855e-06
-3.7393e-06
-5.6453e-06
-7.5651e-06
-9.4907e-06
-1.1414e-05
-1.3326e-05
-1.5219e-05
-1.7083e-05
-1.8912e-05
-2.0696e-05
-2.2426e-05
-2.4094e-05
-2.5693e-05
-2.7213e-05
-2.8648e-05
-2.9989e-05
-3.123e-05
-3.2363e-05
-3.3382e-05
-3.4281e-05
-3.5053e-05
-3.5694e-05
-3.6198e-05
-3.6563e-05
-3.6782e-05
-3.6855e-05
-3.6777e-05
-3.6547e-05
-3.6164e-05
-3.5627e-05
-3.4935e-05
-3.4091e-05
-3.3093e-05
-3.1946e-05
-3.0651e-05
-2.9212e-05
-2.7632e-05
-2.5916e-05
-2.407e-05
-2.2099e-05
-2.001e-05
-1.7809e-05
-1.5505e-05
-1.3106e-05
-1.062e-05
-8.0569e-06
-5.4257e-06
-2.7366e-06
-3.8692e-19
2.7733e-06
5.5723e-06
8.3858e-06
1.1202e-05
1.401e-05
1.6798e-05
1.9553e-05
2.2264e-05
2.492e-05
2.7508e-05
3.0018e-05
3.2437e-05
3.4755e-05
3.6962e-05
3.9045e-05
4.0996e-05
4.2805e-05
4.4463e-05
4.5961e-05
4.7291e-05
4.8446e-05
4.9419e-05
5.0203e-05
5.0795e-05
5.1188e-05
5.1378e-05
5.1364e-05
5.1143e-05
5.0713e-05
5.0073e-05
4.9225e-05
4.8168e-05
4.6907e-05
4.5442e-05
4.3778e-05
4.192e-05
3.9873e-05
3.7643e-05
3.5238e-05
3.2666e-05
2.9935e-05
2.7055e-05
2.4036e-05
2.0889e-05
1.7626e-05
1.4257e-05
1.0797e-05
7.2587e-06
3.6549e-06
-5.1611e-19
-3.6916e-06
-7.4053e-06
-1.1126e-05
-1.4839e-05
-1.8529e-05
-2.2181e-05
-2.578e-05
-2.931e-05
-3.2756e-05
-3.6105e-05
-3.934e-05
-4.2449e-05
-4.5417e-05
-4.823e-05
-5.0877e-05
-5.3345e-05
-5.5621e-05
-5.7696e-05
-5.9559e-05
-6.12e-05
-6.2612e-05
-6.3785e-05
-6.4713e-05
-6.5391e-05
-6.5813e-05
-6.5975e-05
-6.5874e-05
-6.5509e-05
-6.4878e-05
-6.3982e-05
-6.2823e-05
-6.1402e-05
-5.9722e-05
-5.779e-05
-5.561e-05
-5.3189e-05
-5.0534e-05
-4.7655e-05
-4.4561e-05
-4.1263e-05
-3.7772e-05
-3.4101e-05
-3.0263e-05
-2.6273e-05
-2.2145e-05
-1.7894e-05
-1.3538e-05
-9.0917e-06
-4.5732e-06
-1.4319e-19
4.6099e-06
9.2383e-06
1.3867e-05
1.8476e-05
2.3049e-05
2.7565e-05
3.2007e-05
3.6356e-05
4.0593e-05
4.4701e-05
4.8663e-05
5.246e-05
5.6078e-05
5.9499e-05
6.2709e-05
6.5693e-05
6.8437e-05
7.0929e-05
7.3157e-05
7.511e-05
7.6777e-05
7.8151e-05
7.9223e-05
7.9987e-05
8.0438e-05
8.0571e-05
8.0384e-05
7.9875e-05
7.9044e-05
7.7892e-05
7.6421e-05
7.4635e-05
7.2538e-05
7.0138e-05
6.7442e-05
6.4457e-05
6.1195e-05
5.7666e-05
5.3883e-05
4.9859e-05
4.5608e-05
4.1147e-05
3.649e-05
3.1657e-05
2.6664e-05
2.1532e-05
1.6278e-05
1.0925e-05
5.4915e-06
-1.3762e-18
-5.5282e-06
-1.1071e-05
-1.6607e-05
-2.2114e-05
-2.7568e-05
-3.2949e-05
-3.8234e-05
-4.3401e-05
-4.8429e-05
-5.3297e-05
-5.7985e-05
-6.2472e-05
-6.6739e-05
-7.0768e-05
-7.4541e-05
-7.8041e-05
-8.1253e-05
-8.4162e-05
-8.6755e-05
-8.9019e-05
-9.0943e-05
-9.2517e-05
-9.3733e-05
-9.4583e-05
-9.5062e-05
-9.5167e-05
-9.4893e-05
-9.4241e-05
-9.3209e-05
-9.1801e-05
-9.0019e-05
-8.7868e-05
-8.5354e-05
-8.2487e-05
-7.9274e-05
-7.5726e-05
-7.1856e-05
-6.7678e-05
-6.3205e-05
-5.8455e-05
-5.3445e-05
-4.8192e-05
-4.2717e-05
-3.7041e-05
-3.1184e-05
-2.5169e-05
-1.9019e-05
-1.2758e-05
-6.4098e-06
5.0187e-19
6.4465e-06
1.2904e-05
1.9348e-05
2.5751e-05
3.2088e-05
3.8333e-05
4.4461e-05
5.0447e-05
5.6266e-05
6.1894e-05
6.7307e-05
7.2483e-05
7.74e-05
8.2037e-05
8.6373e-05
9.039e-05
9.4069e-05
9.7396e-05
0.00010035
0.00010293
0.00010511
0.00010688
0.00010824
0.00010918
0.00010969
0.00010976
0.0001094
0.00010861
0.00010737
0.00010571
0.00010362
0.0001011
9.817e-05
9.4835e-05
9.1105e-05
8.6995e-05
8.2517e-05
7.7689e-05
7.2528e-05
6.7052e-05
6.1281e-05
5.5238e-05
4.8944e-05
4.2425e-05
3.5703e-05
2.8806e-05
2.1759e-05
1.4591e-05
7.3281e-06
6.8776e-19
-7.3649e-06
-1.4737e-05
-2.2088e-05
-2.9388e-05
-3.6607e-05
-4.3717e-05
-5.0688e-05
-5.7492e-05
-6.4102e-05
-7.049e-05
-7.663e-05
-8.2495e-05
-8.8061e-05
-9.3305e-05
-9.8205e-05
-0.00010274
-0.00010689
-0.00011063
-0.00011395
-0.00011684
-0.00011927
-0.00012125
-0.00012275
-0.00012378
-0.00012431
-0.00012436
-0.00012391
-0.00012297
-0.00012154
-0.00011962
-0.00011721
-0.00011433
-0.00011099
-0.00010718
-0.00010294
-9.8264e-05
-9.3179e-05
-8.7701e-05
-8.185e-05
-7.5648e-05
-6.9118e-05
-6.2284e-05
-5.5171e-05
-4.7808e-05
-4.0222e-05
-3.2443e-05
-2.45e-05
-1.6424e-05
-8.2464e-06
1.5483e-18
8.2832e-06
1.657e-05
2.4828e-05
3.3025e-05
4.1126e-05
4.91e-05
5.6915e-05
6.4538e-05
7.1939e-05
7.9087e-05
8.5952e-05
9.2506e-05
9.8722e-05
0.00010457
0.00011004
0.00011509
0.0001197
0.00012386
0.00012755
0.00013075
0.00013344
0.00013561
0.00013726
0.00013837
0.00013894
0.00013896
0.00013842
0.00013734
0.00013571
0.00013353
0.00013081
0.00012757
0.0001238
0.00011953
0.00011477
0.00010953
0.00010384
9.7712e-05
9.1172e-05
8.4244e-05
7.6954e-05
6.9329e-05
6.1398e-05
5.3192e-05
4.4742e-05
3.608e-05
2.724e-05
1.8257e-05
9.1647e-06
-1.4365e-19
-9.2015e-06
-1.8403e-05
-2.7569e-05
-3.6662e-05
-4.5646e-05
-5.4484e-05
-6.3142e-05
-7.1584e-05
-7.9775e-05
-8.7683e-05
-9.5274e-05
-0.00010252
-0.00010938
-0.00011584
-0.00012187
-0.00012743
-0.00013252
-0.00013709
-0.00014115
-0.00014466
-0.0001476
-0.00014998
-0.00015177
-0.00015297
-0.00015356
-0.00015355
-0.00015293
-0.0001517
-0.00014987
-0.00014744
-0.00014441
-0.0001408
-0.00013662
-0.00013188
-0.0001266
-0.0001208
-0.0001145
-0.00010772
-0.00010049
-9.2841e-05
-8.4791e-05
-7.6375e-05
-6.7625e-05
-5.8576e-05
-4.9261e-05
-3.9717e-05
-2.9981e-05
-2.009e-05
-1.0083e-05
2.996e-18
1.012e-05
2.0236e-05
3.0309e-05
4.0299e-05
5.0165e-05
5.9868e-05
6.9369e-05
7.8629e-05
8.7612e-05
9.6279e-05
0.0001046
0.00011253
0.00012004
0.00012711
0.0001337
0.00013978
0.00014533
0.00015033
0.00015475
0.00015856
0.00016177
0.00016435
0.00016628
0.00016756
0.00016819
0.00016815
0.00016744
0.00016607
0.00016404
0.00016135
0.00015801
0.00015403
0.00014943
0.00014423
0.00013843
0.00013207
0.00012516
0.00011774
0.00010982
0.00010144
9.2627e-05
8.342e-05
7.3852e-05
6.396e-05
5.3781e-05
4.3354e-05
3.2721e-05
2.1923e-05
1.1001e-05
-1.3764e-18
-1.1038e-05
-2.2069e-05
-3.305e-05
-4.3936e-05
-5.4684e-05
-6.5252e-05
-7.5596e-05
-8.5675e-05
-9.5448e-05
-0.00010488
-0.00011392
-0.00012254
-0.00013071
-0.00013838
-0.00014553
-0.00015213
-0.00015815
-0.00016356
-0.00016834
-0.00017247
-0.00017594
-0.00017871
-0.00018079
-0.00018216
-0.00018281
-0.00018274
-0.00018195
-0.00018044
-0.0001782
-0.00017526
-0.00017161
-0.00016727
-0.00016225
-0.00015658
-0.00015026
-0.00014334
-0.00013582
-0.00012775
-0.00011914
-0.00011003
-0.00010046
-9.0466e-05
-8.008e-05
-6.9344e-05
-5.83e-05
-4.6991e-05
-3.5461e-05
-2.3756e-05
-1.192e-05
-5.5857e-19
1.1956e-05
2.3902e-05
3.579e-05
4.7573e-05
5.9204e-05
7.0636e-05
8.1823e-05
9.2721e-05
0.00010328
0.00011347
0.00012324
0.00013255
0.00014137
0.00014965
0.00015736
0.00016448
0.00017097
0.00017679
0.00018194
0.00018638
0.0001901
0.00019308
0.0001953
0.00019676
0.00019744
0.00019734
0.00019646
0.0001948
0.00019237
0.00018917
0.0001852
0.0001805
0.00017507
0.00016892
0.0001621
0.00015461
0.00014648
0.00013776
0.00012846
0.00011863
0.0001083
9.7512e-05
8.6307e-05
7.4727e-05
6.2819e-05
5.0628e-05
3.8202e-05
2.5589e-05
1.2838e-05
-3.0105e-18
-1.2875e-05
-2.5735e-05
-3.8531e-05
-5.121e-05
-6.3723e-05
-7.602e-05
-8.805e-05
-9.9766e-05
-0.00011112
-0.00012207
-0.00013256
-0.00014256
-0.00015203
-0.00016092
-0.0001692
-0.00017683
-0.00018378
-0.00019003
-0.00019554
-0.00020029
-0.00020427
-0.00020744
-0.00020981
-0.00021135
-0.00021206
-0.00021194
-0.00021097
-0.00020917
-0.00020653
-0.00020307
-0.0001988
-0.00019373
-0.00018788
-0.00018127
-0.00017393
-0.00016588
-0.00015715
-0.00014777
-0.00013778
-0.00012723
-0.00011614
-0.00010456
-9.2534e-05
-8.0111e-05
-6.7339e-05
-5.4265e-05
-4.0942e-05
-2.7422e-05
-1.3756e-05
8.6052e-19
1.3793e-05
2.7568e-05
4.1271e-05
5.4847e-05
6.8243e-05
8.1403e-05
9.4277e-05
0.00010681
0.00011896
0.00013066
0.00014189
0.00015258
0.00016269
0.00017219
0.00018103
0.00018918
0.0001966
0.00020326
0.00020914
0.0002142
0.00021843
0.00022181
0.00022432
0.00022595
0.00022669
0.00022653
0.00022548
0.00022353
0.0002207
0.00021698
0.0002124
0.00020697
0.0002007
0.00019362
0.00018576
0.00017714
0.00016781
0.00015778
0.00014711
0.00013582
0.00012397
0.0001116
9.8761e-05
8.5495e-05
7.1858e-05
5.7902e-05
4.3683e-05
2.9255e-05
1.4675e-05
-5.0459e-18
-1.4711e-05
-2.9401e-05
-4.4012e-05
-5.8484e-05
-7.2762e-05
-8.6787e-05
-0.0001005
-0.00011386
-0.00012679
-0.00013926
-0.00015121
-0.00016259
-0.00017335
-0.00018346
-0.00019286
-0.00020152
-0.00020941
-0.00021649
-0.00022273
-0.00022811
-0.0002326
-0.00023618
-0.00023883
-0.00024054
-0.00024131
-0.00024113
-0.00023999
-0.0002379
-0.00023486
-0.00023089
-0.000226
-0.0002202
-0.00021351
-0.00020597
-0.00019759
-0.00018841
-0.00017847
-0.00016779
-0.00015643
-0.00014442
-0.00013181
-0.00011865
-0.00010499
-9.0879e-05
-7.6377e-05
-6.154e-05
-4.6423e-05
-3.1088e-05
-1.5593e-05
2.6809e-18
1.563e-05
3.1234e-05
4.6752e-05
6.2121e-05
7.7281e-05
9.2171e-05
0.00010673
0.0001209
0.00013463
0.00014786
0.00016053
0.0001726
0.00018401
0.00019472
0.00020469
0.00021387
0.00022223
0.00022973
0.00023633
0.00024202
0.00024676
0.00025054
0.00025334
0.00025514
0.00025594
0.00025572
0.0002545
0.00025227
0.00024903
0.0002448
0.0002396
0.00023343
0.00022633
0.00021832
0.00020942
0.00019968
0.00018913
0.0001778
0.00016575
0.00015302
0.00013965
0.00012569
0.00011121
9.6263e-05
8.0897e-05
6.5177e-05
4.9164e-05
3.2921e-05
1.6511e-05
-6.5179e-22
-1.6548e-05
-3.3067e-05
-4.9493e-05
-6.5759e-05
-8.1801e-05
-9.7555e-05
-0.00011296
-0.00012795
-0.00014247
-0.00015645
-0.00016985
-0.00018261
-0.00019467
-0.00020599
-0.00021652
-0.00022622
-0.00023505
-0.00024296
-0.00024993
-0.00025593
-0.00026093
-0.00026491
-0.00026785
-0.00026974
-0.00027056
-0.00027032
-0.00026901
-0.00026663
-0.0002632
-0.00025871
-0.00025319
-0.00024666
-0.00023915
-0.00023067
-0.00022126
-0.00021095
-0.00019979
-0.00018782
-0.00017507
-0.00016161
-0.00014748
-0.00013274
-0.00011744
-0.00010165
-8.5416e-05
-6.8814e-05
-5.1904e-05
-3.4754e-05
-1.743e-05
4.9027e-18
1.7466e-05
3.49e-05
5.2233e-05
6.9396e-05
8.632e-05
0.00010294
0.00011919
0.00013499
0.0001503
0.00016505
0.00017918
0.00019262
0.00020533
0.00021726
0.00022836
0.00023857
0.00024786
0.00025619
0.00026353
0.00026984
0.00027509
0.00027927
0.00028236
0.00028433
0.00028519
0.00028492
0.00028352
0.000281
0.00027736
0.00027262
0.00026679
0.0002599
0.00025196
0.00024301
0.00023309
0.00022222
0.00021045
0.00019783
0.0001844
0.00017021
0.00015532
0.00013979
0.00012367
0.00010703
8.9936e-05
7.2451e-05
5.4645e-05
3.6587e-05
1.8348e-05
6.3059e-18
-1.8366e-05
-3.666e-05
-5.4809e-05
-7.2742e-05
-9.0387e-05
-0.00010768
-0.00012454
-0.00014091
-0.00015673
-0.00017193
-0.00018645
-0.00020023
-0.00021322
-0.00022538
-0.00023664
-0.00024697
-0.00025632
-0.00026466
-0.00027196
-0.00027818
-0.00028331
-0.00028732
-0.00029019
-0.00029192
-0.0002925
-0.00029192
-0.00029019
-0.00028732
-0.00028331
-0.00027818
-0.00027196
-0.00026466
-0.00025632
-0.00024697
-0.00023664
-0.00022538
-0.00021322
-0.00020023
-0.00018645
-0.00017193
-0.00015673
-0.00014091
-0.00012454
-0.00010768
-9.0387e-05
-7.2742e-05
-5.4809e-05
-3.666e-05
-1.8366e-05
-1.1459e-18
1.8366e-05
3.666e-05
5.4809e-05
7.2742e-05
9.0387e-05
0.00010768
0.00012454
0.00014091
0.00015673
0.00017193
0.00018645
0.00020023
0.00021322
0.00022538
0.00023664
0.00024697
0.00025632
0.00026466
0.00027196
0.00027818
0.00028331
0.00028732
0.00029019
0.00029192
0.0002925
0.00029192
0.00029019
0.00028732
0.00028331
0.00027818
0.00027196
0.00026466
0.00025632
0.00024697
0.00023664
0.00022538
0.00021322
0.00020023
0.00018645
0.00017193
0.00015673
0.00014091
0.00012454
0.00010768
9.0387e-05
7.2742e-05
5.4809e-05
3.666e-05
1.8366e-05
4.2992e-18
-1.8366e-05
-3.666e-05
-5.4809e-05
-7.2742e-05
-9.0387e-05
-0.00010768
-0.00012454
-0.00014091
-0.00015673
-0.00017193
-0.00018645
-0.00020023
-0.00021322
-0.00022538
-0.00023664
-0.00024697
-0.00025632
-0.00026466
-0.00027196
-0.00027818
-0.00028331
-0.00028732
-0.00029019
-0.00029192
-0.0002925
-0.00029192
-0.00029019
-0.00028732
-0.00028331
-0.00027818
-0.00027196
-0.00026466
-0.00025632
-0.00024697
-0.00023664
-0.00022538
-0.00021322
-0.00020023
-0.00018645
-0.00017193
-0.00015673
-0.00014091
-0.00012454
-0.00010768
-9.0387e-05
-7.2742e-05
-5.4809e-05
-3.666e-05
-1.8366e-05
-7.4526e-18
1.8366e-05
3.666e-05
5.4809e-05
7.2742e-05
9.0387e-05
0.00010768
0.00012454
0.00014091
0.00015673
0.00017193
0.00018645
0.00020023
0.00021322
0.00022538
0.00023664
0.00024697
0.00025632
0.00026466
0.00027196
0.00027818
0.00028331
0.00028732
0.00029019
0.00029192
0.0002925
0.00029192
0.00029019
0.00028732
0.00028331
0.00027818
0.00027196
0.00026466
0.00025632
0.00024697
0.00023664
0.00022538
0.00021322
0.00020023
0.00018645
0.00017193
0.00015673
0.00014091
0.00012454
0.00010768
9.0387e-05
7.2742e-05
5.4809e-05
3.666e-05
1.8366e-05
2.2925e-18
-1.8366e-05
-3.666e-05
-5.4809e-05
-7.2742e-05
-9.0387e-05
-0.00010768
-0.00012454
-0.00014091
-0.00015673
-0.00017193
-0.00018645
-0.00020023
-0.00021322
-0.00022538
-0.00023664
-0.00024697
-0.00025632
-0.00026466
-0.00027196
-0.00027818
-0.00028331
-0.00028732
-0.00029019
-0.00029192
-0.0002925
-0.00029192
-0.00029019
-0.00028732
-0.00028331
-0.00027818
-0.00027196
-0.00026466
-0.00025632
-0.00024697
-0.00023664
-0.00022538
-0.00021322
-0.00020023
-0.00018645
-0.00017193
-0.00015673
-0.00014091
-0.00012454
-0.00010768
-9.0387e-05
-7.2742e-05
-5.4809e-05
-3.666e-05
-1.8366e-05
-5.4459e-18
1.8366e-05
3.666e-05
5.4809e-05
7.2742e-05
9.0387e-05
0.00010768
0.00012454
0.00014091
0.00015673
0.00017193
0.00018645
0.00020023
0.00021322
0.00022538
0.00023664
0.00024697
0.00025632
0.00026466
0.00027196
0.00027818
0.00028331
0.00028732
0.00029019
0.00029192
0.0002925
0.00029192
0.00029019
0.00028732
0.00028331
0.00027818
0.00027196
0.00026466
0.00025632
0.00024697
0.00023664
0.00022538
0.00021322
0.00020023
0.00018645
0.00017193
0.00015673
0.00014091
0.00012454
0.00010768
9.0387e-05
7.2742e-05
5.4809e-05
3.666e-05
1.8366e-05
2.8584e-19
-1.8366e-05
-3.666e-05
-5.4809e-05
-7.2742e-05
-9.0387e-05
-0.00010768
-0.00012454
-0.00014091
-0.00015673
-0.00017193
-0.00018645
-0.00020023
-0.00021322
-0.00022538
-0.00023664
-0.00024697
-0.00025632
-0.00026466
-0.00027196
-0.00027818
-0.00028331
-0.00028732
-0.00029019
-0.00029192
-0.0002925
-0.00029192
-0.00029019
-0.00028732
-0.00028331
-0.00027818
-0.00027196
-0.00026466
-0.00025632
-0.00024697
-0.00023664
-0.00022538
-0.00021322
-0.00020023
-0.00018645
-0.00017193
-0.00015673
-0.00014091
-0.00012454
-0.00010768
-9.0387e-05
-7.2742e-05
-5.4809e-05
-3.666e-05
-1.8366e-05
-3.4392e-18
1.8366e-05
3.666e-05
5.4809e-05
7.2742e-05
9.0387e-05
0.00010768
0.00012454
0.00014091
0.00015673
0.00017193
0.00018645
0.00020023
0.00021322
0.00022538
0.00023664
0.00024697
0.00025632
0.00026466
0.00027196
0.00027818
0.00028331
0.00028732
0.00029019
0.00029192
0.0002925
0.00029192
0.00029019
0.00028732
0.00028331
0.00027818
0.00027196
0.00026466
0.00025632
0.00024697
0.00023664
0.00022538
0.00021322
0.00020023
0.00018645
0.00017193
0.00015673
0.00014091
0.00012454
0.00010768
9.0387e-05
7.2742e-05
5.4809e-05
3.666e-05
1.8366e-05
6.5925e-18
-1.8366e-05
-3.666e-05
-5.4809e-05
-7.2742e-05
-9.0387e-05
-0.00010768
-0.00012454
-0.00014091
-0.00015673
-0.00017193
-0.00018645
-0.00020023
-0.00021322
-0.00022538
-0.00023664
-0.00024697
-0.00025632
-0.00026466
-0.00027196
-0.00027818
-0.00028331
-0.00028732
-0.00029019
-0.00029192
-0.0002925
-0.00029192
-0.00029019
-0.00028732
-0.00028331
-0.00027818
-0.00027196
-0.00026466
-0.00025632
-0.00024697
-0.00023664
-0.00022538
-0.00021322
-0.00020023
-0.00018645
-0.00017193
-0.00015673
-0.00014091
-0.00012454
-0.00010768
-9.0387e-05
-7.2742e-05
-5.4809e-05
-3.666e-05
-1.8366e-05
-1.4325e-18
1.8366e-05
3.666e-05
5.4809e-05
7.2742e-05
9.0387e-05
0.00010768
0.00012454
0.00014091
0.00015673
0.00017193
0.00018645
0.00020023
0.00021322
0.00022538
0.00023664
0.00024697
0.00025632
0.00026466
0.00027196
0.00027818
0.00028331
0.00028732
0.00029019
0.00029192
0.0002925
0.00029192
0.00029019
0.00028732
0.00028331
0.00027818
0.00027196
0.00026466
0.00025632
0.00024697
0.00023664
0.00022538
0.00021322
0.00020023
0.00018645
0.00017193
0.00015673
0.00014091
0.00012454
0.00010768
9.0387e-05
7.2742e-05
5.4809e-05
3.666e-05
1.8366e-05
4.5858e-18
-1.8366e-05
-3.666e-05
-5.4809e-05
-7.2742e-05
-9.0387e-05
-0.00010768
-0.00012454
-0.00014091
-0.00015673
-0.00017193
-0.00018645
-0.00020023
-0.00021322
-0.00022538
-0.00023664
-0.00024697
-0.00025632
-0.00026466
-0.00027196
-0.00027818
-0.00028331
-0.00028732
-0.00029019
-0.00029192
-0.0002925
-0.00029192
-0.00029019
-0.00028732
-0.00028331
-0.00027818
-0.00027196
-0.00026466
-0.00025632
-0.00024697
-0.00023664
-0.00022538
-0.00021322
-0.00020023
-0.00018645
-0.00017193
-0.00015673
-0.00014091
-0.00012454
-0.00010768
-9.0387e-05
-7.2742e-05
-5.4809e-05
-3.666e-05
-1.8366e-05
5.7422e-19
1.8366e-05
3.666e-05
5.4809e-05
7.2742e-05
9.0387e-05
0.00010768
0.00012454
0.00014091
0.00015673
0.00017193
0.00018645
0.00020023
0.00021322
0.00022538
0.00023664
0.00024697
0.00025632
0.00026466
0.00027196
0.00027818
0.00028331
0.00028732
0.00029019
0.00029192
0.0002925
0.00029192
0.00029019
0.00028732
0.00028331
0.00027818
0.00027196
0.00026466
0.00025632
0.00024697
0.00023664
0.00022538
0.00021322
0.00020023
0.00018645
0.00017193
0.00015673
0.00014091
0.00012454
0.00010768
9.0387e-05
7.2742e-05
5.4809e-05
3.666e-05
1.8366e-05
2.5791e-18
-1.8366e-05
-3.666e-05
-5.4809e-05
-7.2742e-05
-9.0387e-05
-0.00010768
-0.00012454
-0.00014091
-0.00015673
-0.00017193
-0.00018645
-0.00020023
-0.00021322
-0.00022538
-0.00023664
-0.00024697
-0.00025632
-0.00026466
-0.00027196
-0.00027818
-0.00028331
-0.00028732
-0.00029019
-0.00029192
-0.0002925
-0.00029192
-0.00029019
-0.00028732
-0.00028331
-0.00027818
-0.00027196
-0.00026466
-0.00025632
-0.00024697
-0.00023664
-0.00022538
-0.00021322
-0.00020023
-0.00018645
-0.00017193
-0.00015673
-0.00014091
-0.00012454
-0.00010768
-9.0387e-05
-7.2742e-05
-5.4809e-05
-3.666e-05
-1.8366e-05
-5.7324e-18
1.8366e-05
3.666e-05
5.4809e-05
7.2742e-05
9.0387e-05
0.00010768
0.00012454
0.00014091
0.00015673
0.00017193
0.00018645
0.00020023
0.00021322
0.00022538
0.00023664
0.00024697
0.00025632
0.00026466
0.00027196
0.00027818
0.00028331
0.00028732
0.00029019
0.00029192
0.0002925
0.00029192
0.00029019
0.00028732
0.00028331
0.00027818
0.00027196
0.00026466
0.00025632
0.00024697
0.00023664
0.00022538
0.00021322
0.00020023
0.00018645
0.00017193
0.00015673
0.00014091
0.00012454
0.00010768
9.0387e-05
7.2742e-05
5.4809e-05
3.666e-05
1.8366e-05
5.7241e-19
-1.8366e-05
-3.666e-05
-5.4809e-05
-7.2742e-05
-9.0387e-05
-0.00010768
-0.00012454
-0.00014091
-0.00015673
-0.00017193
-0.00018645
-0.00020023
-0.00021322
-0.00022538
-0.00023664
-0.00024697
-0.00025632
-0.00026466
-0.00027196
-0.00027818
-0.00028331
-0.00028732
-0.00029019
-0.00029192
-0.0002925
-0.00029192
-0.00029019
-0.00028732
-0.00028331
-0.00027818
-0.00027196
-0.00026466
-0.00025632
-0.00024697
-0.00023664
-0.00022538
-0.00021322
-0.00020023
-0.00018645
-0.00017193
-0.00015673
-0.00014091
-0.00012454
-0.00010768
-9.0387e-05
-7.2742e-05
-5.4809e-05
-3.666e-05
-1.8366e-05
-3.7257e-18
1.8366e-05
3.666e-05
5.4809e-05
7.2742e-05
9.0387e-05
0.00010768
0.00012454
0.00014091
0.00015673
0.00017193
0.00018645
0.00020023
0.00021322
0.00022538
0.00023664
0.00024697
0.00025632
0.00026466
0.00027196
0.00027818
0.00028331
0.00028732
0.00029019
0.00029192
0.0002925
0.00029192
0.00029019
0.00028732
0.00028331
0.00027818
0.00027196
0.00026466
0.00025632
0.00024697
0.00023664
0.00022538
0.00021322
0.00020023
0.00018645
0.00017193
0.00015673
0.00014091
0.00012454
0.00010768
9.0387e-05
7.2742e-05
5.4809e-05
3.666e-05
1.8366e-05
-1.4343e-18
-1.8366e-05
-3.666e-05
-5.4809e-05
-7.2742e-05
-9.0387e-05
-0.00010768
-0.00012454
-0.00014091
-0.00015673
-0.00017193
-0.00018645
-0.00020023
-0.00021322
-0.00022538
-0.00023664
-0.00024697
-0.00025632
-0.00026466
-0.00027196
-0.00027818
-0.00028331
-0.00028732
-0.00029019
-0.00029192
-0.0002925
-0.00029192
-0.00029019
-0.00028732
-0.00028331
-0.00027818
-0.00027196
-0.00026466
-0.00025632
-0.00024697
-0.00023664
-0.00022538
-0.00021322
-0.00020023
-0.00018645
-0.00017193
-0.00015673
-0.00014091
-0.00012454
-0.00010768
-9.0387e-05
-7.2742e-05
-5.4809e-05
-3.666e-05
-1.8366e-05
-1.719e-18
1.8366e-05
3.666e-05
5.4809e-05
7.2742e-05
9.0387e-05
0.00010768
0.00012454
0.00014091
0.00015673
0.00017193
0.00018645
0.00020023
0.00021322
0.00022538
0.00023664
0.00024697
0.00025632
0.00026466
0.00027196
0.00027818
0.00028331
0.00028732
0.00029019
0.00029192
0.0002925
0.00029192
0.00029019
0.00028732
0.00028331
0.00027818
0.00027196
0.00026466
0.00025632
0.00024697
0.00023664
0.00022538
0.00021322
0.00020023
0.00018645
0.00017193
0.00015673
0.00014091
0.00012454
0.00010768
9.0387e-05
7.2742e-05
5.4809e-05
3.666e-05
1.8366e-05
4.8724e-18
-1.8366e-05
-3.666e-05
-5.4809e-05
-7.2742e-05
-9.0387e-05
-0.00010768
-0.00012454
-0.00014091
-0.00015673
-0.00017193
-0.00018645
-0.00020023
-0.00021322
-0.00022538
-0.00023664
-0.00024697
-0.00025632
-0.00026466
-0.00027196
-0.00027818
-0.00028331
-0.00028732
-0.00029019
-0.00029192
-0.0002925
-0.00029192
-0.00029019
-0.00028732
-0.00028331
-0.00027818
-0.00027196
-0.00026466
-0.00025632
-0.00024697
-0.00023664
-0.00022538
-0.00021322
-0.00020023
-0.00018645
-0.00017193
-0.00015673
-0.00014091
-0.00012454
-0.00010768
-9.0387e-05
-7.2742e-05
-5.4809e-05
-3.666e-05
-1.8366e-05
2.8765e-19
1.8366e-05
3.666e-05
5.4809e-05
7.2742e-05
9.0387e-05
0.00010768
0.00012454
0.00014091
0.00015673
0.00017193
0.00018645
0.00020023
0.00021322
0.00022538
0.00023664
0.00024697
0.00025632
0.00026466
0.00027196
0.00027818
0.00028331
0.00028732
0.00029019
0.00029192
0.0002925
0.00029192
0.00029019
0.00028732
0.00028331
0.00027818
0.00027196
0.00026466
0.00025632
0.00024697
0.00023664
0.00022538
0.00021322
0.00020023
0.00018645
0.00017193
0.00015673
0.00014091
0.00012454
0.00010768
9.0387e-05
7.2742e-05
5.4809e-05
3.666e-05
1.8366e-05
2.8657e-18
-1.8366e-05
-3.666e-05
-5.4809e-05
-7.2742e-05
-9.0387e-05
-0.00010768
-0.00012454
-0.00014091
-0.00015673
-0.00017193
-0.00018645
-0.00020023
-0.00021322
-0.00022538
-0.00023664
-0.00024697
-0.00025632
-0.00026466
-0.00027196
-0.00027818
-0.00028331
-0.00028732
-0.00029019
-0.00029192
-0.0002925
-0.00029192
-0.00029019
-0.00028732
-0.00028331
-0.00027818
-0.00027196
-0.00026466
-0.00025632
-0.00024697
-0.00023664
-0.00022538
-0.00021322
-0.00020023
-0.00018645
-0.00017193
-0.00015673
-0.00014091
-0.00012454
-0.00010768
-9.0387e-05
-7.2742e-05
-5.4809e-05
-3.666e-05
-1.8366e-05
-6.019e-18
1.8366e-05
3.666e-05
5.4809e-05
7.2742e-05
9.0387e-05
0.00010768
0.00012454
0.00014091
0.00015673
0.00017193
0.00018645
0.00020023
0.00021322
0.00022538
0.00023664
0.00024697
0.00025632
0.00026466
0.00027196
0.00027818
0.00028331
0.00028732
0.00029019
0.00029192
0.0002925
0.00029192
0.00029019
0.00028732
0.00028331
0.00027818
0.00027196
0.00026466
0.00025632
0.00024697
0.00023664
0.00022538
0.00021322
0.00020023
0.00018645
0.00017193
0.00015673
0.00014091
0.00012454
0.00010768
9.0387e-05
7.2742e-05
5.4809e-05
3.666e-05
1.8366e-05
9.1723e-18
-1.8366e-05
-3.666e-05
-5.4809e-05
-7.2742e-05
-9.0387e-05
-0.00010768
-0.00012454
-0.00014091
-0.00015673
-0.00017193
-0.00018645
-0.00020023
-0.00021322
-0.00022538
-0.00023664
-0.00024697
-0.00025632
-0.00026466
-0.00027196
-0.00027818
-0.00028331
-0.00028732
-0.00029019
-0.00029192
-0.0002925
-0.00029192
-0.00029019
-0.00028732
-0.00028331
-0.00027818
-0.00027196
-0.00026466
-0.00025632
-0.00024697
-0.00023664
-0.00022538
-0.00021322
-0.00020023
-0.00018645
-0.00017193
-0.00015673
-0.00014091
-0.00012454
-0.00010768
-9.0387e-05
-7.2742e-05
-5.4809e-05
-3.666e-05
-1.8366e-05
4.301e-18
1.8366e-05
3.666e-05
5.4809e-05
7.2742e-05
9.0387e-05
0.00010768
0.00012454
0.00014091
0.00015673
0.00017193
0.00018645
0.00020023
0.00021322
0.00022538
0.00023664
0.00024697
0.00025632
0.00026466
0.00027196
0.00027818
0.00028331
0.00028732
0.00029019
0.00029192
0.0002925
0.00029192
0.00029019
0.00028732
0.00028331
0.00027818
0.00027196
0.00026466
0.00025632
0.00024697
0.00023664
0.00022538
0.00021322
0.00020023
0.00018645
0.00017193
0.00015673
0.00014091
0.00012454
0.00010768
9.0387e-05
7.2742e-05
5.4809e-05
3.666e-05
1.8366e-05
-1.1477e-18
-1.8366e-05
-3.666e-05
-5.4809e-05
-7.2742e-05
-9.0387e-05
-0.00010768
-0.00012454
-0.00014091
-0.00015673
-0.00017193
-0.00018645
-0.00020023
-0.00021322
-0.00022538
-0.00023664
-0.00024697
-0.00025632
-0.00026466
-0.00027196
-0.00027818
-0.00028331
-0.00028732
-0.00029019
-0.00029192
-0.0002925
-0.00029192
-0.00029019
-0.00028732
-0.00028331
-0.00027818
-0.00027196
-0.00026466
-0.00025632
-0.00024697
-0.00023664
-0.00022538
-0.00021322
-0.00020023
-0.00018645
-0.00017193
-0.00015673
-0.00014091
-0.00012454
-0.00010768
-9.0387e-05
-7.2742e-05
-5.4809e-05
-3.666e-05
-1.8366e-05
-2.0056e-18
1.8366e-05
3.666e-05
5.4809e-05
7.2742e-05
9.0387e-05
0.00010768
0.00012454
0.00014091
0.00015673
0.00017193
0.00018645
0.00020023
0.00021322
0.00022538
0.00023664
0.00024697
0.00025632
0.00026466
0.00027196
0.00027818
0.00028331
0.00028732
0.00029019
0.00029192
0.0002925
0.00029192
0.00029019
0.00028732
0.00028331
0.00027818
0.00027196
0.00026466
0.00025632
0.00024697
0.00023664
0.00022538
0.00021322
0.00020023
0.00018645
0.00017193
0.00015673
0.00014091
0.00012454
0.00010768
9.0387e-05
7.2742e-05
5.4809e-05
3.666e-05
1.8366e-05
5.1589e-18
-1.8366e-05
-3.666e-05
-5.4809e-05
-7.2742e-05
-9.0387e-05
-0.00010768
-0.00012454
-0.00014091
-0.00015673
-0.00017193
-0.00018645
-0.00020023
-0.00021322
-0.00022538
-0.00023664
-0.00024697
-0.00025632
-0.00026466
-0.00027196
-0.00027818
-0.00028331
-0.00028732
-0.00029019
-0.00029192
-0.0002925
-0.00029192
-0.00029019
-0.00028732
-0.00028331
-0.00027818
-0.00027196
-0.00026466
-0.00025632
-0.00024697
-0.00023664
-0.00022538
-0.00021322
-0.00020023
-0.00018645
-0.00017193
-0.00015673
-0.00014091
-0.00012454
-0.00010768
-9.0387e-05
-7.2742e-05
-5.4809e-05
-3.666e-05
-1.8366e-05
8.3144e-18
1.8366e-05
3.666e-05
5.4809e-05
7.2742e-05
9.0387e-05
0.00010768
0.00012454
0.00014091
0.00015673
0.00017193
0.00018645
0.00020023
0.00021322
0.00022538
0.00023664
0.00024697
0.00025632
0.00026466
0.00027196
0.00027818
0.00028331
0.00028732
0.00029019
0.00029192
0.0002925
0.00029192
0.00029019
0.00028732
0.00028331
0.00027818
0.00027196
0.00026466
0.00025632
0.00024697
0.00023664
0.00022538
0.00021322
0.00020023
0.00018645
0.00017193
0.00015673
0.00014091
0.00012454
0.00010768
9.0387e-05
7.2742e-05
5.4809e-05
3.666e-05
1.8366e-05
-5.1611e-18
-1.8366e-05
-3.666e-05
-5.4809e-05
-7.2742e-05
-9.0387e-05
-0.00010768
-0.00012454
-0.00014091
-0.00015673
-0.00017193
-0.00018645
-0.00020023
-0.00021322
-0.00022538
-0.00023664
-0.00024697
-0.00025632
-0.00026466
-0.00027196
-0.00027818
-0.00028331
-0.00028732
-0.00029019
-0.00029192
-0.0002925
-0.00029192
-0.00029019
-0.00028732
-0.00028331
-0.00027818
-0.00027196
-0.00026466
-0.00025632
-0.00024697
-0.00023664
-0.00022538
-0.00021322
-0.00020023
-0.00018645
-0.00017193
-0.00015673
-0.00014091
-0.00012454
-0.00010768
-9.0387e-05
-7.2742e-05
-5.4809e-05
-3.666e-05
-1.8366e-05
2.0078e-18
1.8366e-05
3.666e-05
5.4809e-05
7.2742e-05
9.0387e-05
0.00010768
0.00012454
0.00014091
0.00015673
0.00017193
0.00018645
0.00020023
0.00021322
0.00022538
0.00023664
0.00024697
0.00025632
0.00026466
0.00027196
0.00027818
0.00028331
0.00028732
0.00029019
0.00029192
0.0002925
0.00029192
0.00029019
0.00028732
0.00028331
0.00027818
0.00027196
0.00026466
0.00025632
0.00024697
0.00023664
0.00022538
0.00021322
0.00020023
0.00018645
0.00017193
0.00015673
0.00014091
0.00012454
0.00010768
9.0387e-05
7.2742e-05
5.4809e-05
3.666e-05
1.8366e-05
1.1455e-18
-1.8366e-05
-3.666e-05
-5.4809e-05
-7.2742e-05
-9.0387e-05
-0.00010768
-0.00012454
-0.00014091
-0.00015673
-0.00017193
-0.00018645
-0.00020023
-0.00021322
-0.00022538
-0.00023664
-0.00024697
-0.00025632
-0.00026466
-0.00027196
-0.00027818
-0.00028331
-0.00028732
-0.00029019
-0.00029192
-0.0002925
-0.00029192
-0.00029019
-0.00028732
-0.00028331
-0.00027818
-0.00027196
-0.00026466
-0.00025632
-0.00024697
-0.00023664
-0.00022538
-0.00021322
-0.00020023
-0.00018645
-0.00017193
-0.00015673
-0.00014091
-0.00012454
-0.00010768
-9.0387e-05
-7.2742e-05
-5.4809e-05
-3.666e-05
-1.8366e-05
-4.2989e-18
1.8366e-05
3.666e-05
5.4809e-05
7.2742e-05
9.0387e-05
0.00010768
0.00012454
0.00014091
0.00015673
0.00017193
0.00018645
0.00020023
0.00021322
0.00022538
0.00023664
0.00024697
0.00025632
0.00026466
0.00027196
0.00027818
0.00028331
0.00028732
0.00029019
0.00029192
0.0002925
0.00029192
0.00029019
0.00028732
0.00028331
0.00027818
0.00027196
0.00026466
0.00025632
0.00024697
0.00023664
0.00022538
0.00021322
0.00020023
0.00018645
0.00017193
0.00015673
0.00014091
0.00012454
0.00010768
9.0387e-05
7.2742e-05
5.4809e-05
3.666e-05
1.8366e-05
-9.1745e-18
-1.8366e-05
-3.666e-05
-5.4809e-05
-7.2742e-05
-9.0387e-05
-0.00010768
-0.00012454
-0.00014091
-0.00015673
-0.00017193
-0.00018645
-0.00020023
-0.00021322
-0.00022538
-0.00023664
-0.00024697
-0.00025632
-0.00026466
-0.00027196
-0.00027818
-0.00028331
-0.00028732
-0.00029019
-0.00029192
-0.0002925
-0.00029192
-0.00029019
-0.00028732
-0.00028331
-0.00027818
-0.00027196
-0.00026466
-0.00025632
-0.00024697
-0.00023664
-0.00022538
-0.00021322
-0.00020023
-0.00018645
-0.00017193
-0.00015673
-0.00014091
-0.00012454
-0.00010768
-9.0387e-05
-7.2742e-05
-5.4809e-05
-3.666e-05
-1.8366e-05
6.0212e-18
1.8366e-05
3.666e-05
5.4809e-05
7.2742e-05
9.0387e-05
0.00010768
0.00012454
0.00014091
0.00015673
0.00017193
0.00018645
0.00020023
0.00021322
0.00022538
0.00023664
0.00024697
0.00025632
0.00026466
0.00027196
0.00027818
0.00028331
0.00028732
0.00029019
0.00029192
0.0002925
0.00029192
0.00029019
0.00028732
0.00028331
0.00027818
0.00027196
0.00026466
0.00025632
0.00024697
0.00023664
0.00022538
0.00021322
0.00020023
0.00018645
0.00017193
0.00015673
0.00014091
0.00012454
0.00010768
9.0387e-05
7.2742e-05
5.4809e-05
3.666e-05
1.8366e-05
-2.8678e-18
-1.8366e-05
-3.666e-05
-5.4809e-05
-7.2742e-05
-9.0387e-05
-0.00010768
-0.00012454
-0.00014091
-0.00015673
-0.00017193
-0.00018645
-0.00020023
-0.00021322
-0.00022538
-0.00023664
-0.00024697
-0.00025632
-0.00026466
-0.00027196
-0.00027818
-0.00028331
-0.00028732
-0.00029019
-0.00029192
-0.0002925
-0.00029192
-0.00029019
-0.00028732
-0.00028331
-0.00027818
-0.00027196
-0.00026466
-0.00025632
-0.00024697
-0.00023664
-0.00022538
-0.00021322
-0.00020023
-0.00018645
-0.00017193
-0.00015673
-0.00014091
-0.00012454
-0.00010768
-9.0387e-05
-7.2742e-05
-5.4809e-05
-3.666e-05
-1.8366e-05
-2.8548e-19
1.8366e-05
3.666e-05
5.4809e-05
7.2742e-05
9.0387e-05
0.00010768
0.00012454
0.00014091
0.00015673
0.00017193
0.00018645
0.00020023
0.00021322
0.00022538
0.00023664
0.00024697
0.00025632
0.00026466
0.00027196
0.00027818
0.00028331
0.00028732
0.00029019
0.00029192
0.0002925
0.00029192
0.00029019
0.00028732
0.00028331
0.00027818
0.00027196
0.00026466
0.00025632
0.00024697
0.00023664
0.00022538
0.00021322
0.00020023
0.00018645
0.00017193
0.00015673
0.00014091
0.00012454
0.00010768
9.0387e-05
7.2742e-05
5.4809e-05
3.666e-05
1.8366e-05
3.4388e-18
-1.8366e-05
-3.666e-05
-5.4809e-05
-7.2742e-05
-9.0387e-05
-0.00010768
-0.00012454
-0.00014091
-0.00015673
-0.00017193
-0.00018645
-0.00020023
-0.00021322
-0.00022538
-0.00023664
-0.00024697
-0.00025632
-0.00026466
-0.00027196
-0.00027818
-0.00028331
-0.00028732
-0.00029019
-0.00029192
-0.0002925
-0.00029192
-0.00029019
-0.00028732
-0.00028331
-0.00027818
-0.00027196
-0.00026466
-0.00025632
-0.00024697
-0.00023664
-0.00022538
-0.00021322
-0.00020023
-0.00018645
-0.00017193
-0.00015673
-0.00014091
-0.00012454
-0.00010768
-9.0387e-05
-7.2742e-05
-5.4809e-05
-3.666e-05
-1.8366e-05
1.0035e-17
1.8366e-05
3.666e-05
5.4809e-05
7.2742e-05
9.0387e-05
0.00010768
0.00012454
0.00014091
0.00015673
0.00017193
0.00018645
0.00020023
0.00021322
0.00022538
0.00023664
0.00024697
0.00025632
0.00026466
0.00027196
0.00027818
0.00028331
0.00028732
0.00029019
0.00029192
0.0002925
0.00029192
0.00029019
0.00028732
0.00028331
0.00027818
0.00027196
0.00026466
0.00025632
0.00024697
0.00023664
0.00022538
0.00021322
0.00020023
0.00018645
0.00017193
0.00015673
0.00014091
0.00012454
0.00010768
9.0387e-05
7.2742e-05
5.4809e-05
3.666e-05
1.8366e-05
-6.8812e-18
-1.8366e-05
-3.666e-05
-5.4809e-05
-7.2742e-05
-9.0387e-05
-0.00010768
-0.00012454
-0.00014091
-0.00015673
-0.00017193
-0.00018645
-0.00020023
-0.00021322
-0.00022538
-0.00023664
-0.00024697
-0.00025632
-0.00026466
-0.00027196
-0.00027818
-0.00028331
-0.00028732
-0.00029019
-0.00029192
-0.0002925
-0.00029192
-0.00029019
-0.00028732
-0.00028331
-0.00027818
-0.00027196
-0.00026466
-0.00025632
-0.00024697
-0.00023664
-0.00022538
-0.00021322
-0.00020023
-0.00018645
-0.00017193
-0.00015673
-0.00014091
-0.00012454
-0.00010768
-9.0387e-05
-7.2742e-05
-5.4809e-05
-3.666e-05
-1.8366e-05
3.7279e-18
1.8366e-05
3.666e-05
5.4809e-05
7.2742e-05
9.0387e-05
0.00010768
0.00012454
0.00014091
0.00015673
0.00017193
0.00018645
0.00020023
0.00021322
0.00022538
0.00023664
0.00024697
0.00025632
0.00026466
0.00027196
0.00027818
0.00028331
0.00028732
0.00029019
0.00029192
0.0002925
0.00029192
0.00029019
0.00028732
0.00028331
0.00027818
0.00027196
0.00026466
0.00025632
0.00024697
0.00023664
0.00022538
0.00021322
0.00020023
0.00018645
0.00017193
0.00015673
0.00014091
0.00012454
0.00010768
9.0387e-05
7.2742e-05
5.4809e-05
3.666e-05
1.8366e-05
-5.7458e-19
-1.8366e-05
-3.666e-05
-5.4809e-05
-7.2742e-05
-9.0387e-05
-0.00010768
-0.00012454
-0.00014091
-0.00015673
-0.00017193
-0.00018645
-0.00020023
-0.00021322
-0.00022538
-0.00023664
-0.00024697
-0.00025632
-0.00026466
-0.00027196
-0.00027818
-0.00028331
-0.00028732
-0.00029019
-0.00029192
-0.0002925
-0.00029192
-0.00029019
-0.00028732
-0.00028331
-0.00027818
-0.00027196
-0.00026466
-0.00025632
-0.00024697
-0.00023664
-0.00022538
-0.00021322
-0.00020023
-0.00018645
-0.00017193
-0.00015673
-0.00014091
-0.00012454
-0.00010768
-9.0387e-05
-7.2742e-05
-5.4809e-05
-3.666e-05
-1.8366e-05
-2.5787e-18
1.8366e-05
3.666e-05
5.4809e-05
7.2742e-05
9.0387e-05
0.00010768
0.00012454
0.00014091
0.00015673
0.00017193
0.00018645
0.00020023
0.00021322
0.00022538
0.00023664
0.00024697
0.00025632
0.00026466
0.00027196
0.00027818
0.00028331
0.00028732
0.00029019
0.00029192
0.0002925
0.00029192
0.00029019
0.00028732
0.00028331
0.00027818
0.00027196
0.00026466
0.00025632
0.00024697
0.00023664
0.00022538
0.00021322
0.00020023
0.00018645
0.00017193
0.00015673
0.00014091
0.00012454
0.00010768
9.0387e-05
7.2742e-05
5.4809e-05
3.666e-05
1.8366e-05
5.7321e-18
-1.8366e-05
-3.666e-05
-5.4809e-05
-7.2742e-05
-9.0387e-05
-0.00010768
-0.00012454
-0.00014091
-0.00015673
-0.00017193
-0.00018645
-0.00020023
-0.00021322
-0.00022538
-0.00023664
-0.00024697
-0.00025632
-0.00026466
-0.00027196
-0.00027818
-0.00028331
-0.00028732
-0.00029019
-0.00029192
-0.0002925
-0.00029192
-0.00029019
-0.00028732
-0.00028331
-0.00027818
-0.00027196
-0.00026466
-0.00025632
-0.00024697
-0.00023664
-0.00022538
-0.00021322
-0.00020023
-0.00018645
-0.00017193
-0.00015673
-0.00014091
-0.00012454
-0.00010768
-9.0387e-05
-7.2742e-05
-5.4809e-05
-3.666e-05
-1.8366e-05
-8.8854e-18
1.8366e-05
3.666e-05
5.4809e-05
7.2742e-05
9.0387e-05
0.00010768
0.00012454
0.00014091
0.00015673
0.00017193
0.00018645
0.00020023
0.00021322
0.00022538
0.00023664
0.00024697
0.00025632
0.00026466
0.00027196
0.00027818
0.00028331
0.00028732
0.00029019
0.00029192
0.0002925
0.00029192
0.00029019
0.00028732
0.00028331
0.00027818
0.00027196
0.00026466
0.00025632
0.00024697
0.00023664
0.00022538
0.00021322
0.00020023
0.00018645
0.00017193
0.00015673
0.00014091
0.00012454
0.00010768
9.0387e-05
7.2742e-05
5.4809e-05
3.666e-05
1.8366e-05
-4.588e-18
-1.8366e-05
-3.666e-05
-5.4809e-05
-7.2742e-05
-9.0387e-05
-0.00010768
-0.00012454
-0.00014091
-0.00015673
-0.00017193
-0.00018645
-0.00020023
-0.00021322
-0.00022538
-0.00023664
-0.00024697
-0.00025632
-0.00026466
-0.00027196
-0.00027818
-0.00028331
-0.00028732
-0.00029019
-0.00029192
-0.0002925
-0.00029192
-0.00029019
-0.00028732
-0.00028331
-0.00027818
-0.00027196
-0.00026466
-0.00025632
-0.00024697
-0.00023664
-0.00022538
-0.00021322
-0.00020023
-0.00018645
-0.00017193
-0.00015673
-0.00014091
-0.00012454
-0.00010768
-9.0387e-05
-7.2742e-05
-5.4809e-05
-3.666e-05
-1.8366e-05
1.4346e-18
1.8366e-05
3.666e-05
5.4809e-05
7.2742e-05
9.0387e-05
0.00010768
0.00012454
0.00014091
0.00015673
0.00017193
0.00018645
0.00020023
0.00021322
0.00022538
0.00023664
0.00024697
0.00025632
0.00026466
0.00027196
0.00027818
0.00028331
0.00028732
0.00029019
0.00029192
0.0002925
0.00029192
0.00029019
0.00028732
0.00028331
0.00027818
0.00027196
0.00026466
0.00025632
0.00024697
0.00023664
0.00022538
0.00021322
0.00020023
0.00018645
0.00017193
0.00015673
0.00014091
0.00012454
0.00010768
9.0387e-05
7.2742e-05
5.4809e-05
3.666e-05
1.8366e-05
1.7187e-18
-1.8366e-05
-3.666e-05
-5.4809e-05
-7.2742e-05
-9.0387e-05
-0.00010768
-0.00012454
-0.00014091
-0.00015673
-0.00017193
-0.00018645
-0.00020023
-0.00021322
-0.00022538
-0.00023664
-0.00024697
-0.00025632
-0.00026466
-0.00027196
-0.00027818
-0.00028331
-0.00028732
-0.00029019
-0.00029192
-0.0002925
-0.00029192
-0.00029019
-0.00028732
-0.00028331
-0.00027818
-0.00027196
-0.00026466
-0.00025632
-0.00024697
-0.00023664
-0.00022538
-0.00021322
-0.00020023
-0.00018645
-0.00017193
-0.00015673
-0.00014091
-0.00012454
-0.00010768
-9.0387e-05
-7.2742e-05
-5.4809e-05
-3.666e-05
-1.8366e-05
-4.872e-18
1.8366e-05
3.666e-05
5.4809e-05
7.2742e-05
9.0387e-05
0.00010768
0.00012454
0.00014091
0.00015673
0.00017193
0.00018645
0.00020023
0.00021322
0.00022538
0.00023664
0.00024697
0.00025632
0.00026466
0.00027196
0.00027818
0.00028331
0.00028732
0.00029019
0.00029192
0.0002925
0.00029192
0.00029019
0.00028732
0.00028331
0.00027818
0.00027196
0.00026466
0.00025632
0.00024697
0.00023664
0.00022538
0.00021322
0.00020023
0.00018645
0.00017193
0.00015673
0.00014091
0.00012454
0.00010768
9.0387e-05
7.2742e-05
5.4809e-05
3.666e-05
1.8366e-05
8.0253e-18
-1.8366e-05
-3.666e-05
-5.4809e-05
-7.2742e-05
-9.0387e-05
-0.00010768
-0.00012454
-0.00014091
-0.00015673
-0.00017193
-0.00018645
-0.00020023
-0.00021322
-0.00022538
-0.00023664
-0.00024697
-0.00025632
-0.00026466
-0.00027196
-0.00027818
-0.00028331
-0.00028732
-0.00029019
-0.00029192
-0.0002925
-0.00029192
-0.00029019
-0.00028732
-0.00028331
-0.00027818
-0.00027196
-0.00026466
-0.00025632
-0.00024697
-0.00023664
-0.00022538
-0.00021322
-0.00020023
-0.00018645
-0.00017193
-0.00015673
-0.00014091
-0.00012454
-0.00010768
-9.0387e-05
-7.2742e-05
-5.4809e-05
-3.666e-05
-1.8366e-05
5.448e-18
1.8366e-05
3.666e-05
5.4809e-05
7.2742e-05
9.0387e-05
0.00010768
0.00012454
0.00014091
0.00015673
0.00017193
0.00018645
0.00020023
0.00021322
0.00022538
0.00023664
0.00024697
0.00025632
0.00026466
0.00027196
0.00027818
0.00028331
0.00028732
0.00029019
0.00029192
0.0002925
0.00029192
0.00029019
0.00028732
0.00028331
0.00027818
0.00027196
0.00026466
0.00025632
0.00024697
0.00023664
0.00022538
0.00021322
0.00020023
0.00018645
0.00017193
0.00015673
0.00014091
0.00012454
0.00010768
9.0387e-05
7.2742e-05
5.4809e-05
3.666e-05
1.8366e-05
-2.2947e-18
-1.8366e-05
-3.666e-05
-5.4809e-05
-7.2742e-05
-9.0387e-05
-0.00010768
-0.00012454
-0.00014091
-0.00015673
-0.00017193
-0.00018645
-0.00020023
-0.00021322
-0.00022538
-0.00023664
-0.00024697
-0.00025632
-0.00026466
-0.00027196
-0.00027818
-0.00028331
-0.00028732
-0.00029019
-0.00029192
-0.0002925
-0.00029192
-0.00029019
-0.00028732
-0.00028331
-0.00027818
-0.00027196
-0.00026466
-0.00025632
-0.00024697
-0.00023664
-0.00022538
-0.00021322
-0.00020023
-0.00018645
-0.00017193
-0.00015673
-0.00014091
-0.00012454
-0.00010768
-9.0387e-05
-7.2742e-05
-5.4809e-05
-3.666e-05
-1.8366e-05
-8.5862e-19
1.8366e-05
3.666e-05
5.4809e-05
7.2742e-05
9.0387e-05
0.00010768
0.00012454
0.00014091
0.00015673
0.00017193
0.00018645
0.00020023
0.00021322
0.00022538
0.00023664
0.00024697
0.00025632
0.00026466
0.00027196
0.00027818
0.00028331
0.00028732
0.00029019
0.00029192
0.0002925
0.00029192
0.00029019
0.00028732
0.00028331
0.00027818
0.00027196
0.00026466
0.00025632
0.00024697
0.00023664
0.00022538
0.00021322
0.00020023
0.00018645
0.00017193
0.00015673
0.00014091
0.00012454
0.00010768
9.0387e-05
7.2742e-05
5.4809e-05
3.666e-05
1.8366e-05
4.0119e-18
-1.8366e-05
-3.666e-05
-5.4809e-05
-7.2742e-05
-9.0387e-05
-0.00010768
-0.00012454
-0.00014091
-0.00015673
-0.00017193
-0.00018645
-0.00020023
-0.00021322
-0.00022538
-0.00023664
-0.00024697
-0.00025632
-0.00026466
-0.00027196
-0.00027818
-0.00028331
-0.00028732
-0.00029019
-0.00029192
-0.0002925
-0.00029192
-0.00029019
-0.00028732
-0.00028331
-0.00027818
-0.00027196
-0.00026466
-0.00025632
-0.00024697
-0.00023664
-0.00022538
-0.00021322
-0.00020023
-0.00018645
-0.00017193
-0.00015673
-0.00014091
-0.00012454
-0.00010768
-9.0387e-05
-7.2742e-05
-5.4809e-05
-3.666e-05
-1.8366e-05
-7.1653e-18
1.8366e-05
3.666e-05
5.4809e-05
7.2742e-05
9.0387e-05
0.00010768
0.00012454
0.00014091
0.00015673
0.00017193
0.00018645
0.00020023
0.00021322
0.00022538
0.00023664
0.00024697
0.00025632
0.00026466
0.00027196
0.00027818
0.00028331
0.00028732
0.00029019
0.00029192
0.0002925
0.00029192
0.00029019
0.00028732
0.00028331
0.00027818
0.00027196
0.00026466
0.00025632
0.00024697
0.00023664
0.00022538
0.00021322
0.00020023
0.00018645
0.00017193
0.00015673
0.00014091
0.00012454
0.00010768
9.0387e-05
7.2742e-05
5.4809e-05
3.666e-05
1.8366e-05
-6.3081e-18
-1.8366e-05
-3.666e-05
-5.4809e-05
-7.2742e-05
-9.0387e-05
-0.00010768
-0.00012454
-0.00014091
-0.00015673
-0.00017193
-0.00018645
-0.00020023
-0.00021322
-0.00022538
-0.00023664
-0.00024697
-0.00025632
-0.00026466
-0.00027196
-0.00027818
-0.00028331
-0.00028732
-0.00029019
-0.00029192
-0.0002925
-0.00029192
-0.00029019
-0.00028732
-0.00028331
-0.00027818
-0.00027196
-0.00026466
-0.00025632
-0.00024697
-0.00023664
-0.00022538
-0.00021322
-0.00020023
-0.00018645
-0.00017193
-0.00015673
-0.00014091
-0.00012454
-0.00010768
-9.0387e-05
-7.2742e-05
-5.4809e-05
-3.666e-05
-1.8366e-05
3.1548e-18
1.8366e-05
3.666e-05
5.4809e-05
7.2742e-05
9.0387e-05
0.00010768
0.00012454
0.00014091
0.00015673
0.00017193
0.00018645
0.00020023
0.00021322
0.00022538
0.00023664
0.00024697
0.00025632
0.00026466
0.00027196
0.00027818
0.00028331
0.00028732
0.00029019
0.00029192
0.0002925
0.00029192
0.00029019
0.00028732
0.00028331
0.00027818
0.00027196
0.00026466
0.00025632
0.00024697
0.00023664
0.00022538
0.00021322
0.00020023
0.00018645
0.00017193
0.00015673
0.00014091
0.00012454
0.00010768
9.0387e-05
7.2742e-05
5.4809e-05
3.666e-05
1.8366e-05
-1.447e-21
-1.8329e-05
-3.655e-05
-5.459e-05
-7.2378e-05
-8.9845e-05
-0.00010692
-0.00012354
-0.00013964
-0.00015516
-0.00017004
-0.00018421
-0.00019763
-0.00021024
-0.00022199
-0.00023285
-0.00024277
-0.00025171
-0.00025963
-0.00026652
-0.00027234
-0.00027708
-0.00028071
-0.00028323
-0.00028462
-0.0002849
-0.00028404
-0.00028207
-0.00027899
-0.00027481
-0.00026956
-0.00026326
-0.00025593
-0.0002476
-0.00023832
-0.00022812
-0.00021704
-0.00020512
-0.00019242
-0.00017899
-0.00016488
-0.00015015
-0.00013485
-0.00011906
-0.00010283
-8.623e-05
-6.9323e-05
-5.2178e-05
-3.4864e-05
-1.7448e-05
-2.9911e-18
1.7411e-05
3.4717e-05
5.1849e-05
6.8741e-05
8.5326e-05
0.00010154
0.00011732
0.0001326
0.00014733
0.00016144
0.00017489
0.00018762
0.00019958
0.00021073
0.00022102
0.00023042
0.00023889
0.0002464
0.00025292
0.00025843
0.00026291
0.00026634
0.00026872
0.00027003
0.00027027
0.00026944
0.00026756
0.00026462
0.00026065
0.00025565
0.00024966
0.00024269
0.00023479
0.00022597
0.00021629
0.00020577
0.00019446
0.00018241
0.00016967
0.00015628
0.00014231
0.00012781
0.00011283
9.7447e-05
8.171e-05
6.5686e-05
4.9438e-05
3.3031e-05
1.653e-05
-9.279e-18
-1.6493e-05
-3.2884e-05
-4.9109e-05
-6.5104e-05
-8.0806e-05
-9.6155e-05
-0.00011109
-0.00012555
-0.00013949
-0.00015284
-0.00016556
-0.0001776
-0.00018892
-0.00019946
-0.00020919
-0.00021807
-0.00022607
-0.00023317
-0.00023932
-0.00024452
-0.00024875
-0.00025198
-0.00025421
-0.00025543
-0.00025564
-0.00025485
-0.00025305
-0.00025025
-0.00024648
-0.00024174
-0.00023606
-0.00022946
-0.00022197
-0.00021363
-0.00020445
-0.0001945
-0.0001838
-0.0001724
-0.00016034
-0.00014769
-0.00013447
-0.00012076
-0.00010661
-9.2063e-05
-7.7191e-05
-6.2049e-05
-4.6697e-05
-3.1198e-05
-1.5611e-05
6.0858e-18
1.5575e-05
3.1051e-05
4.6368e-05
6.1467e-05
7.6287e-05
9.0771e-05
0.00010486
0.00011851
0.00013165
0.00014425
0.00015624
0.00016759
0.00017825
0.00018819
0.00019736
0.00020572
0.00021326
0.00021993
0.00022573
0.00023061
0.00023458
0.00023761
0.0002397
0.00024084
0.00024102
0.00024025
0.00023854
0.00023589
0.00023231
0.00022783
0.00022246
0.00021623
0.00020916
0.00020128
0.00019262
0.00018323
0.00017314
0.00016239
0.00015102
0.00013909
0.00012664
0.00011372
0.00010038
8.668e-05
7.2672e-05
5.8412e-05
4.3957e-05
2.9365e-05
1.4693e-05
1.0077e-17
-1.4656e-05
-2.9218e-05
-4.3628e-05
-5.783e-05
-7.1768e-05
-8.5387e-05
-9.8636e-05
-0.00011146
-0.00012382
-0.00013565
-0.00014692
-0.00015758
-0.00016759
-0.00017692
-0.00018552
-0.00019337
-0.00020044
-0.0002067
-0.00021213
-0.00021671
-0.00022042
-0.00022325
-0.00022519
-0.00022624
-0.0002264
-0.00022566
-0.00022403
-0.00022152
-0.00021815
-0.00021392
-0.00020886
-0.000203
-0.00019634
-0.00018893
-0.00018079
-0.00017196
-0.00016248
-0.00015238
-0.0001417
-0.00013049
-0.0001188
-0.00010667
-9.4153e-05
-8.1296e-05
-6.8152e-05
-5.4775e-05
-4.1216e-05
-2.7532e-05
-1.3775e-05
-1.1808e-17
1.3738e-05
2.7385e-05
4.0888e-05
5.4193e-05
6.7248e-05
8.0004e-05
9.2409e-05
0.00010442
0.00011598
0.00012705
0.0001376
0.00014757
0.00015693
0.00016565
0.00017369
0.00018103
0.00018763
0.00019347
0.00019853
0.0002028
0.00020625
0.00020888
0.00021068
0.00021164
0.00021177
0.00021106
0.00020952
0.00020716
0.00020398
0.00020001
0.00019527
0.00018976
0.00018352
0.00017658
0.00016896
0.00016069
0.00015182
0.00014236
0.00013238
0.0001219
0.00011096
9.9625e-05
8.7926e-05
7.5912e-05
6.3633e-05
5.1137e-05
3.8476e-05
2.5699e-05
1.2856e-05
1.3224e-17
-1.282e-05
-2.5552e-05
-3.8147e-05
-5.0556e-05
-6.2729e-05
-7.462e-05
-8.6182e-05
-9.7371e-05
-0.00010814
-0.00011846
-0.00012828
-0.00013756
-0.00014627
-0.00015438
-0.00016186
-0.00016868
-0.00017481
-0.00018023
-0.00018493
-0.00018889
-0.00019208
-0.00019451
-0.00019617
-0.00019705
-0.00019714
-0.00019646
-0.00019501
-0.00019279
-0.00018982
-0.00018611
-0.00018167
-0.00017653
-0.00017071
-0.00016423
-0.00015713
-0.00014942
-0.00014115
-0.00013235
-0.00012305
-0.0001133
-0.00010313
-9.258e-05
-8.1699e-05
-7.0528e-05
-5.9113e-05
-4.75e-05
-3.5735e-05
-2.3866e-05
-1.1938e-05
-3.5339e-18
1.1901e-05
2.3719e-05
3.5407e-05
4.6918e-05
5.821e-05
6.9236e-05
7.9955e-05
9.0325e-05
0.00010031
0.00010986
0.00011895
0.00012755
0.00013561
0.00014311
0.00015003
0.00015633
0.00016199
0.000167
0.00017133
0.00017498
0.00017792
0.00018015
0.00018166
0.00018245
0.00018252
0.00018187
0.0001805
0.00017843
0.00017565
0.0001722
0.00016807
0.0001633
0.00015789
0.00015188
0.0001453
0.00013815
0.00013049
0.00012234
0.00011373
0.0001047
9.5291e-05
8.5534e-05
7.5472e-05
6.5144e-05
5.4594e-05
4.3863e-05
3.2995e-05
2.2033e-05
1.102e-05
1.511e-17
-1.0983e-05
-2.1886e-05
-3.2666e-05
-4.3281e-05
-5.369e-05
-6.3852e-05
-7.3728e-05
-8.328e-05
-9.247e-05
-0.00010127
-0.00010963
-0.00011754
-0.00012495
-0.00013184
-0.0001382
-0.00014398
-0.00014918
-0.00015377
-0.00015774
-0.00016107
-0.00016375
-0.00016578
-0.00016715
-0.00016786
-0.0001679
-0.00016727
-0.00016599
-0.00016406
-0.00016149
-0.00015829
-0.00015447
-0.00015006
-0.00014508
-0.00013954
-0.00013346
-0.00012689
-0.00011983
-0.00011233
-0.00010441
-9.6107e-05
-8.7455e-05
-7.8489e-05
-6.9244e-05
-5.976e-05
-5.0075e-05
-4.0226e-05
-3.0255e-05
-2.02e-05
-1.0101e-05
-6.4517e-18
1.0065e-05
2.0053e-05
2.9926e-05
3.9644e-05
4.9171e-05
5.8468e-05
6.7501e-05
7.6234e-05
8.4634e-05
9.2669e-05
0.00010031
0.00010752
0.00011429
0.00012058
0.00012636
0.00013163
0.00013636
0.00014054
0.00014414
0.00014716
0.00014959
0.00015142
0.00015264
0.00015326
0.00015327
0.00015268
0.00015148
0.00014969
0.00014732
0.00014438
0.00014088
0.00013683
0.00013226
0.00012719
0.00012163
0.00011562
0.00010917
0.00010232
9.5088e-05
8.7511e-05
7.9619e-05
7.1443e-05
6.3017e-05
5.4377e-05
4.5555e-05
3.6589e-05
2.7514e-05
1.8367e-05
9.1831e-06
7.4377e-18
-9.1464e-06
-1.822e-05
-2.7185e-05
-3.6007e-05
-4.4651e-05
-5.3084e-05
-6.1274e-05
-6.9188e-05
-7.6797e-05
-8.4072e-05
-9.0986e-05
-9.7512e-05
-0.00010363
-0.00010931
-0.00011453
-0.00011928
-0.00012355
-0.0001273
-0.00013054
-0.00013325
-0.00013542
-0.00013705
-0.00013813
-0.00013866
-0.00013865
-0.00013808
-0.00013697
-0.00013533
-0.00013316
-0.00013047
-0.00012728
-0.0001236
-0.00011944
-0.00011484
-0.0001098
-0.00010435
-9.8509e-05
-9.2306e-05
-8.5765e-05
-7.8915e-05
-7.1782e-05
-6.4397e-05
-5.679e-05
-4.8993e-05
-4.1036e-05
-3.2952e-05
-2.4774e-05
-1.6534e-05
-8.2648e-06
-8.1082e-18
8.2281e-06
1.6387e-05
2.4445e-05
3.237e-05
4.0132e-05
4.7701e-05
5.5047e-05
6.2143e-05
6.8961e-05
7.5476e-05
8.1664e-05
8.7501e-05
9.2965e-05
9.8038e-05
0.0001027
0.00010694
0.00011073
0.00011407
0.00011694
0.00011934
0.00012126
0.00012269
0.00012362
0.00012407
0.00012402
0.00012348
0.00012246
0.00012096
0.00011899
0.00011656
0.00011368
0.00011036
0.00010663
0.00010249
9.7968e-05
9.308e-05
8.7848e-05
8.2295e-05
7.6443e-05
7.0318e-05
6.3946e-05
5.7352e-05
5.0563e-05
4.3609e-05
3.6517e-05
2.9315e-05
2.2033e-05
1.4701e-05
7.3465e-06
1.8294e-18
-7.3098e-06
-1.4554e-05
-2.1704e-05
-2.8733e-05
-3.5613e-05
-4.2317e-05
-4.882e-05
-5.5097e-05
-6.1124e-05
-6.688e-05
-7.2341e-05
-7.7489e-05
-8.2304e-05
-8.6769e-05
-9.0869e-05
-9.4588e-05
-9.7914e-05
-0.00010084
-0.00010334
-0.00010543
-0.00010709
-0.00010832
-0.00010911
-0.00010947
-0.0001094
-0.00010889
-0.00010795
-0.0001066
-0.00010482
-0.00010265
-0.00010008
-9.7131e-05
-9.3813e-05
-9.0143e-05
-8.6136e-05
-8.1811e-05
-7.7187e-05
-7.2283e-05
-6.7121e-05
-6.1722e-05
-5.6109e-05
-5.0306e-05
-4.4336e-05
-3.8225e-05
-3.1997e-05
-2.5678e-05
-1.9293e-05
-1.2868e-05
-6.4282e-06
-8.5034e-18
6.3914e-06
1.2721e-05
1.8964e-05
2.5096e-05
3.1093e-05
3.6933e-05
4.2593e-05
4.8051e-05
5.3288e-05
5.8283e-05
6.3019e-05
6.7478e-05
7.1643e-05
7.5501e-05
7.9037e-05
8.224e-05
8.5098e-05
8.7603e-05
8.9747e-05
9.1523e-05
9.2926e-05
9.3953e-05
9.4603e-05
9.4875e-05
9.477e-05
9.4291e-05
9.3442e-05
9.2229e-05
9.0659e-05
8.8741e-05
8.6483e-05
8.3898e-05
8.0997e-05
7.7794e-05
7.4304e-05
7.0542e-05
6.6526e-05
6.2272e-05
5.7798e-05
5.3126e-05
4.8273e-05
4.326e-05
3.8109e-05
3.2841e-05
2.7478e-05
2.2041e-05
1.6552e-05
1.1035e-05
5.5099e-06
3.2566e-18
-5.4731e-06
-1.0888e-05
-1.6223e-05
-2.1459e-05
-2.6574e-05
-3.1549e-05
-3.6366e-05
-4.1006e-05
-4.5452e-05
-4.9687e-05
-5.3697e-05
-5.7466e-05
-6.0982e-05
-6.4232e-05
-6.7205e-05
-6.9891e-05
-7.2282e-05
-7.437e-05
-7.6149e-05
-7.7613e-05
-7.876e-05
-7.9587e-05
-8.0093e-05
-8.0279e-05
-8.0145e-05
-7.9695e-05
-7.8933e-05
-7.7863e-05
-7.6494e-05
-7.4832e-05
-7.2885e-05
-7.0665e-05
-6.8181e-05
-6.5446e-05
-6.2472e-05
-5.9274e-05
-5.5865e-05
-5.226e-05
-4.8476e-05
-4.4529e-05
-4.0436e-05
-3.6215e-05
-3.1882e-05
-2.7457e-05
-2.2958e-05
-1.8404e-05
-1.3812e-05
-9.2017e-06
-4.5916e-06
-3.4972e-18
4.5548e-06
9.055e-06
1.3483e-05
1.7822e-05
2.2055e-05
2.6165e-05
3.0139e-05
3.396e-05
3.7615e-05
4.1091e-05
4.4374e-05
4.7455e-05
5.0321e-05
5.2963e-05
5.5373e-05
5.7543e-05
5.9466e-05
6.1137e-05
6.2551e-05
6.3704e-05
6.4595e-05
6.5221e-05
6.5584e-05
6.5683e-05
6.552e-05
6.5099e-05
6.4423e-05
6.3498e-05
6.2328e-05
6.0922e-05
5.9287e-05
5.7432e-05
5.5365e-05
5.3098e-05
5.064e-05
4.8005e-05
4.5203e-05
4.2249e-05
3.9154e-05
3.5933e-05
3.26e-05
2.9169e-05
2.5655e-05
2.2074e-05
1.8439e-05
1.4767e-05
1.1071e-05
7.3687e-06
3.6732e-06
3.4225e-18
-3.6365e-06
-7.222e-06
-1.0743e-05
-1.4185e-05
-1.7535e-05
-2.0782e-05
-2.3912e-05
-2.6914e-05
-2.9779e-05
-3.2494e-05
-3.5052e-05
-3.7443e-05
-3.966e-05
-4.1694e-05
-4.3541e-05
-4.5195e-05
-4.665e-05
-4.7904e-05
-4.8953e-05
-4.9795e-05
-5.0429e-05
-5.0855e-05
-5.1074e-05
-5.1086e-05
-5.0895e-05
-5.0503e-05
-4.9913e-05
-4.9132e-05
-4.8163e-05
-4.7013e-05
-4.5689e-05
-4.4199e-05
-4.2549e-05
-4.0749e-05
-3.8809e-05
-3.6736e-05
-3.4542e-05
-3.2237e-05
-2.9831e-05
-2.7336e-05
-2.4763e-05
-2.2123e-05
-1.9428e-05
-1.669e-05
-1.392e-05
-1.1129e-05
-8.331e-06
-5.5357e-06
-2.7549e-06
-5.5503e-19
2.7182e-06
5.389e-06
8.0021e-06
1.0548e-05
1.3016e-05
1.5398e-05
1.7685e-05
1.9869e-05
2.1942e-05
2.3898e-05
2.573e-05
2.7432e-05
2.8998e-05
3.0426e-05
3.1709e-05
3.2846e-05
3.3834e-05
3.4671e-05
3.5355e-05
3.5886e-05
3.6264e-05
3.649e-05
3.6564e-05
3.649e-05
3.627e-05
3.5907e-05
3.5404e-05
3.4766e-05
3.3997e-05
3.3104e-05
3.2091e-05
3.0965e-05
2.9733e-05
2.8401e-05
2.6977e-05
2.5467e-05
2.3881e-05
2.2226e-05
2.0509e-05
1.874e-05
1.6927e-05
1.5078e-05
1.3201e-05
1.1306e-05
9.4003e-06
7.4924e-06
5.5905e-06
3.7027e-06
1.8366e-06
2.327e-18
-1.7999e-06
-3.556e-06
-5.2617e-06
-6.9105e-06
-8.4964e-06
-1.0014e-05
-1.1458e-05
-1.2823e-05
-1.4106e-05
-1.5302e-05
-1.6407e-05
-1.742e-05
-1.8337e-05
-1.9157e-05
-1.9878e-05
-2.0498e-05
-2.1018e-05
-2.1438e-05
-2.1757e-05
-2.1977e-05
-2.2098e-05
-2.2124e-05
-2.2055e-05
-2.1894e-05
-2.1645e-05
-2.131e-05
-2.0894e-05
-2.04e-05
-1.9832e-05
-1.9195e-05
-1.8493e-05
-1.7732e-05
-1.6917e-05
-1.6053e-05
-1.5145e-05
-1.4199e-05
-1.322e-05
-1.2214e-05
-1.1187e-05
-1.0144e-05
-9.0903e-06
-8.032e-06
-6.9743e-06
-5.9222e-06
-4.8809e-06
-3.8553e-06
-2.8501e-06
-1.8697e-06
-9.1831e-07
-4.9155e-19
8.8158e-07
1.723e-06
2.5212e-06
3.2734e-06
3.977e-06
4.6301e-06
5.2307e-06
5.7774e-06
6.2692e-06
6.7052e-06
7.085e-06
7.4085e-06
7.676e-06
7.8881e-06
8.0457e-06
8.1499e-06
8.2022e-06
8.2045e-06
8.1588e-06
8.0673e-06
7.9327e-06
7.7576e-06
7.545e-06
7.2981e-06
7.02e-06
6.7142e-06
6.3843e-06
6.0337e-06
5.6662e-06
5.2855e-06
4.8953e-06
4.4993e-06
4.1011e-06
3.7045e-06
3.3129e-06
2.9299e-06
2.5587e-06
2.2025e-06
1.8645e-06
1.5473e-06
1.2538e-06
9.8639e-07
7.4724e-07
5.3838e-07
3.6155e-07
2.1823e-07
1.0962e-07
3.666e-08
0
0
-0
-0
-0
-0
-0
-0
-0
-0
-0
-0
-0
-0
-0
-0
-0
-0
-0
-0
-0
-0
-0
-0
-0
-0
-0
-0
-0
-0
-0
-0
-0
-0
-0
-0
-0
-0
-0
-0
-0
-0
-0
-0
-0
-0
-0
-0
-0
-0
-0
-0
0
0
0
0
0
0
0
0
0
0
0
0
0
0
0
0
0
0
0
0
0
0
0
0
0
0
0
0
0
0
0
0
0
0
0
0
0
0
0
0
0
0
0
0
0
0
0
0
0
0
-0
-0
-0
-0
-0
-0
-0
-0
-0
-0
-0
-0
-0
-0
-0
-0
-0
-0
-0
-0
-0
-0
-0
-0
-0
-0
-0
-0
-0
-0
-0
-0
-0
-0
-0
-0
-0
-0
-0
-0
-0
-0
-0
-0
-0
-0
-0
-0
-0
-0
0
0
0
0
0
0
0
0
0
0
0
0
0
0
0
0
0
0
0
0
0
0
0
0
0
0
0
0
0
0
0
0
0
0
0
0
0
0
0
0
0
0
0
0
0
0
0
0
0
0
-0
-0
-0
-0
-0
-0
-0
-0
-0
-0
-0
-0
-0
-0
-0
-0
-0
-0
-0
-0
-0
-0
-0
-0
-0
-0
-0
-0
-0
-0
-0
-0
-0
-0
-0
-0
-0
-0
-0
-0
-0
-0
-0
-0
-0
-0
-0
-0
-0
-0
0
0
0
0
0
0
0
0
0
0
0
0
0
0
0
0
0
0
0
0
0
0
0
0
0
0
0
0
0
0
0
0
0
0
0
0
0
0
0
0
0
0
0
0
0
0
0
0
0
0
-0
-0
-0
-0
-0
-0
-0
-0
-0
-0
-0
-0
-0
-0
-0
-0
-0
-0
-0
-0
-0
-0
-0
-0
-0
-0
-0
-0
-0
-0
-0
-0
-0
-0
-0
-0
-0
-0
-0
-0
-0
-0
-0
-0
-0
-0
-0
-0
-0
-0
0
0
0
0
0
0
0
0
0
0
0
0
0
0
0
0
0
0
0
0
0
0
0
0
0
0
0
0
0
0
0
0
0
0
0
0
0
0
0
0
0
0
0
0
0
0
0
0
0
0
-0
-0
-0
-0
-0
-0
-0
-0
-0
-0
-0
-0
-0
-0
-0
-0
-0
-0
-0
-0
-0
-0
-0
-0
-0
-0
-0
-0
-0
-0
-0
-0
-0
-0
-0
-0
-0
-0
-0
-0
-0
-0
-0
-0
-0
-0
-0
-0
-0
-0
0
0
0
0
0
0
0
0
0
0
0
0
0
0
0
0
0
0
0
0
0
0
0
0
0
0
0
0
0
0
0
0
0
0
0
0
0
0
0
0
0
0
0
0
0
0
0
0
0
0
-0
-0
-0
-0
-0
-0
-0
-0
-0
-0
-0
-0
-0
-0
-0
-0
-0
-0
-0
-0
-0
-0
-0
-0
-0
-0
-0
-0
-0
-0
-0
-0
-0
-0
-0
-0
-0
-0
-0
-0
-0
-0
-0
-0
-0
-0
-0
-0
-0
-0
0
0
0
0
0
0
0
0
0
0
0
0
0
0
0
0
0
0
0
0
0
0
0
0
0
0
0
0
0
0
0
0
0
0
0
0
0
0
0
0
0
0
0
0
0
0
0
0
0
0
-0
-0
-0
-0
-0
-0
-0
-0
-0
-0
-0
-0
-0
-0
-0
-0
-0
-0
-0
-0
-0
-0
-0
-0
-0
-0
-0
-0
-0
-0
-0
-0
-0
-0
-0
-0
-0
-0
-0
-0
-0
-0
-0
-0
-0
-0
-0
-0
-0
-0
0
0
0
0
0
0
0
0
0
0
0
0
0
0
0
0
0
0
0
0
0
0
0
0
0
0
0
0
0
0
0
0
0
0
0
0
0
0
0
0
0
0
0
0
0
0
0
0
0
0
-0
-0
-0
-0
-0
-0
-0
-0
-0
-0
-0
-0
-0
-0
-0
-0
-0
-0
-0
-0
-0
-0
-0
-0
-0
-0
-0
-0
-0
-0
-0
-0
-0
-0
-0
-0
-0
-0
-0
-0
-0
-0
-0
-0
-0
-0
-0
-0
-0
-0
0
0
0
0
0
0
0
0
0
0
0
0
0
0
0
0
0
0
0
0
0
0
0
0
0
0
0
0
0
0
0
0
0
0
0
0
0
0
0
0
0
0
0
0
0
0
0
0
0
0
-0
-0
-0
-0
-0
-0
-0
-0
-0
-0
-0
-0
-0
-0
-0
-0
-0
-0
-0
-0
-0
-0
-0
-0
-0
-0
-0
-0
-0
-0
-0
-0
-0
-0
-0
-0
-0
-0
-0
-0
-0
-0
-0
-0
-0
-0
-0
-0
-0
-0
0
0
0
0
0
0
0
0
0
0
0
0
0
0
0
0
0
0
0
0
0
0
0
0
0
0
0
0
0
0
0
0
0
0
0
0
0
0
0
0
0
0
0
0
0
0
0
0
0
0
-0
-0
-0
-0
-0
-0
-0
-0
-0
-0
-0
-0
-0
-0
-0
-0
-0
-0
-0
-0
-0
-0
-0
-0
-0
-0
-0
-0
-0
-0
-0
-0
-0
-0
-0
-0
-0
-0
-0
-0
-0
-0
-0
-0
-0
-0
-0
-0
-0
-0
0
0
0
0
0
0
0
0
0
0
0
0
0
0
0
0
0
0
0
0
0
0
0
0
0
0
0
0
0
0
0
0
0
0
0
0
0
0
0
0
0
0
0
0
0
0
0
0
0
0
-0
-0
-0
-0
-0
-0
-0
-0
-0
-0
-0
-0
-0
-0
-0
-0
-0
-0
-0
-0
-0
-0
-0
-0
-0
-0
-0
-0
-0
-0
-0
-0
-0
-0
-0
-0
-0
-0
-0
-0
-0
-0
-0
-0
-0
-0
-0
-0
-0
-0
0
0
0
0
0
0
0
0
0
0
0
0
0
0
0
0
0
0
0
0
0
0
0
0
0
0
0
0
0
0
0
0
0
0
0
0
0
0
0
0
0
0
0
0
0
0
0
0
0
-0
-0
-0
-0
-0
-0
-0
-0
-0
-0
-0
-0
-0
-0
-0
-0
-0
-0
-0
-0
-0
-0
-0
-0
-0
-0
-0
-0
-0
-0
-0
-0
-0
-0
-0
-0
-0
-0
-0
-0
-0
-0
-0
-0
-0
-0
-0
-0
-0
-0
-0
0
0
0
0
0
0
0
0
0
0
0
0
0
0
0
0
0
0
0
0
0
0
0
0
0
0
0
0
0
0
0
0
0
0
0
0
0
0
0
0
0
0
0
0
0
0
0
0
0
0
-0
-0
-0
-0
-0
-0
-0
-0
-0
-0
-0
-0
-0
-0
-0
-0
-0
-0
-0
-0
-0
-0
-0
-0
-0
-0
-0
-0
-0
-0
-0
-0
-0
-0
-0
-0
-0
-0
-0
-0
-0
-0
-0
-0
-0
-0
-0
-0
-0
0
0
0
0
0
0
0
0
0
0
0
0
0
0
0
0
0
0
0
0
0
0
0
0
0
0
0
0
0
0
0
0
0
0
0
0
0
0
0
0
0
0
0
0
0
0
0
0
0
0
0
-0
-0
-0
-0
-0
-0
-0
-0
-0
-0
-0
-0
-0
-0
-0
-0
-0
-0
-0
-0
-0
-0
-0
-0
-0
-0
-0
-0
-0
-0
-0
-0
-0
-0
-0
-0
-0
-0
-0
-0
-0
-0
-0
-0
-0
-0
-0
-0
-0
-0
0
0
0
0
0
0
0
0
0
0
0
0
0
0
0
0
0
0
0
0
0
0
0
0
0
0
0
0
0
0
0
0
0
0
0
0
0
0
0
0
0
0
0
0
0
0
0
0
0
0
-0
-0
-0
-0
-0
-0
-0
-0
-0
-0
-0
-0
-0
-0
-0
-0
-0
-0
-0
-0
-0
-0
-0
-0
-0
-0
-0
-0
-0
-0
-0
-0
-0
-0
-0
-0
-0
-0
-0
-0
-0
-0
-0
-0
-0
-0
-0
-0
-0
-0
0
0
0
0
0
0
0
0
0
0
0
0
0
0
0
0
0
0
0
0
0
0
0
0
0
0
0
0
0
0
0
0
0
0
0
0
0
0
0
0
0
0
0
0
0
0
0
0
0
-0
-0
-0
-0
-0
-0
-0
-0
-0
-0
-0
-0
-0
-0
-0
-0
-0
-0
-0
-0
-0
-0
-0
-0
-0
-0
-0
-0
-0
-0
-0
-0
-0
-0
-0
-0
-0
-0
-0
-0
-0
-0
-0
-0
-0
-0
-0
-0
-0
-0
-0
0
0
0
0
0
0
0
0
0
0
0
0
0
0
0
0
0
0
0
0
0
0
0
0
0
0
0
0
0
0
0
0
0
0
0
0
0
0
0
0
0
0
0
0
0
0
0
0
0
-0
-0
-0
-0
-0
-0
-0
-0
-0
-0
-0
-0
-0
-0
-0
-0
-0
-0
-0
-0
-0
-0
-0
-0
-0
-0
-0
-0
-0
-0
-0
-0
-0
-0
-0
-0
-0
-0
-0
-0
-0
-0
-0
-0
-0
-0
-0
-0
-0
-0
-0
0
0
0
0
0
0
0
0
0
0
0
0
0
0
0
0
0
0
0
0
0
0
0
0
0
0
0
0
0
0
0
0
0
0
0
0
0
0
0
0
0
0
0
0
0
0
0
0
0
0
-0
-0
-0
-0
-0
-0
-0
-0
-0
-0
-0
-0
-0
-0
-0
-0
-0
-0
-0
-0
-0
-0
-0
-0
-0
-0
-0
-0
-0
-0
-0
-0
-0
-0
-0
-0
-0
-0
-0
-0
-0
-0
-0
-0
-0
-0
-0
-0
-0
-0
0
0
0
0
0
0
0
0
0
0
0
0
0
0
0
0
0
0
0
0
0
0
0
0
0
0
0
0
0
0
0
0
0
0
0
0
0
0
0
0
0
0
0
0
0
0
0
0
0
0
-0
-0
-0
-0
-0
-0
-0
-0
-0
-0
-0
-0
-0
-0
-0
-0
-0
-0
-0
-0
-0
-0
-0
-0
-0
-0
-0
-0
-0
-0
-0
-0
-0
-0
-0
-0
-0
-0
-0
-0
-0
-0
-0
-0
-0
-0
-0
-0
-0
-0
0
0
0
0
0
0
0
0
0
0
0
0
0
0
0
0
0
0
0
0
0
0
0
0
0
0
0
0
0
0
0
0
0
0
0
0
0
0
0
0
0
0
0
0
0
0
0
0
0
0
-0
-0
-0
-0
-0
-0
-0
-0
-0
-0
-0
-0
-0
-0
-0
-0
-0
-0
-0
-0
-0
-0
-0
-0
-0
-0
-0
-0
-0
-0
-0
-0
-0
-0
-0
-0
-0
-0
-0
-0
-0
-0
-0
-0
-0
-0
-0
-0
-0
-0
0
0
0
0
0
0
0
0
0
0
0
0
0
0
0
0
0
0
0
0
0
0
0
0
0
0
0
0
0
0
0
0
0
0
0
0
0
0
0
0
0
0
0
0
0
0
0
0
0
-0
-0
-0
-0
-0
-0
-0
-0
-0
-0
-0
-0
-0
-0
-0
-0
-0
-0
-0
-0
-0
-0
-0
-0
-0
-0
-0
-0
-0
-0
-0
-0
-0
-0
-0
-0
-0
-0
-0
-0
-0
-0
-0
-0
-0
-0
-0
-0
-0
-0
-0
0
0
0
0
0
0
0
0
0
0
0
0
0
0
0
0
0
0
0
0
0
0
0
0
0
0
0
0
0
0
0
0
0
0
0
0
0
0
0
0
0
0
0
0
0
0
0
0
0
-0
-0
-0
-0
-0
-0
-0
-0
-0
-0
-0
-0
-0
-0
-0
-0
-0
-0
-0
-0
-0
-0
-0
-0
-0
-0
-0
-0
-0
-0
-0
-0
-0
-0
-0
-0
-0
-0
-0
-0
-0
-0
-0
-0
-0
-0
-0
-0
-0
-0
-0
0
0
0
0
0
0
0
0
0
0
0
0
0
0
0
0
0
0
0
0
0
0
0
0
0
0
0
0
0
0
0
0
0
0
0
0
0
0
0
0
0
0
0
0
0
0
0
0
0
0
-0
-0
-0
-0
-0
-0
-0
-0
-0
-0
-0
-0
-0
-0
-0
-0
-0
-0
-0
-0
-0
-0
-0
-0
-0
-0
-0
-0
-0
-0
-0
-0
-0
-0
-0
-0
-0
-0
-0
-0
-0
-0
-0
-0
-0
-0
-0
-0
-0
-0
0
0
0
0
0
0
0
0
0
0
0
0
0
0
0
0
0
0
0
0
0
0
0
0
0
0
0
0
0
0
0
0
0
0
0
0
0
0
0
0
0
0
0
0
0
0
0
0
0
0
-0
-0
-0
-0
-0
-0
-0
-0
-0
-0
-0
-0
-0
-0
-0
-0
-0
-0
-0
-0
-0
-0
-0
-0
-0
-0
-0
-0
-0
-0
-0
-0
-0
-0
-0
-0
-0
-0
-0
-0
-0
-0
-0
-0
-0
-0
-0
-0
-0
-0
0
0
0
0
0
0
0
0
0
0
0
0
0
0
0
0
0
0
0
0
0
0
0
0
0
0
0
0
0
0
0
0
0
0
0
0
0
0
0
0
0
0
0
0
0
0
0
0
0
0
-0
-0
-0
-0
-0
-0
-0
-0
-0
-0
-0
-0
-0
-0
-0
-0
-0
-0
-0
-0
-0
-0
-0
-0
-0
-0
-0
-0
-0
-0
-0
-0
-0
-0
-0
-0
-0
-0
-0
-0
-0
-0
-0
-0
-0
-0
-0
-0
-0
-0
0
0
0
0
0
0
0
0
0
0
0
0
0
0
0
0
0
0
0
0
0
0
0
0
0
0
0
0
0
0
0
0
0
0
0
0
0
0
0
0
0
0
0
0
0
0
0
0
0
-0
-0
-0
-0
-0
-0
-0
-0
-0
-0
-0
-0
-0
-0
-0
-0
-0
-0
-0
-0
-0
-0
-0
-0
-0
-0
-0
-0
-0
-0
-0
-0
-0
-0
-0
-0
-0
-0
-0
-0
-0
-0
-0
-0
-0
-0
-0
-0
-0
-0
-0
0
0
0
0
0
0
0
0
0
0
0
0
0
0
0
0
0
0
0
0
0
0
0
0
0
0
0
0
0
0
0
0
0
0
0
0
0
0
0
0
0
0
0
0
0
0
0
0
0
-0
-0
-0
-0
-0
-0
-0
-0
-0
-0
-0
-0
-0
-0
-0
-0
-0
-0
-0
-0
-0
-0
-0
-0
-0
-0
-0
-0
-0
-0
-0
-0
-0
-0
-0
-0
-0
-0
-0
-0
-0
-0
-0
-0
-0
-0
-0
-0
-0
-0
-0
0
0
0
0
0
0
0
0
0
0
0
0
0
0
0
0
0
0
0
0
0
0
0
0
0
0
0
0
0
0
0
0
0
0
0
0
0
0
0
0
0
0
0
0
0
0
0
0
0
0
-0
-0
-0
-0
-0
-0
-0
-0
-0
-0
-0
-0
-0
-0
-0
-0
-0
-0
-0
-0
-0
-0
-0
-0
-0
-0
-0
-0
-0
-0
-0
-0
-0
-0
-0
-0
-0
-0
-0
-0
-0
-0
-0
-0
-0
-0
-0
-0
-0
-0
0
0
0
0
0
0
0
0
0
0
0
0
0
0
0
0
0
0
0
0
0
0
0
0
0
0
0
0
0
0
0
0
0
0
0
0
0
0
0
0
0
0
0
0
0
0
0
0
0
0
-0
-0
-0
-0
-0
-0
-0
-0
-0
-0
-0
-0
-0
-0
-0
-0
-0
-0
-0
-0
-0
-0
-0
-0
-0
-0
-0
-0
-0
-0
-0
-0
-0
-0
-0
-0
-0
-0
-0
-0
-0
-0
-0
-0
-0
-0
-0
-0
-0
-0
0
0
0
0
0
0
0
0
0
0
0
0
0
0
0
0
0
0
0
0
0
0
0
0
0
0
0
0
0
0
0
0
0
0
0
0
0
0
0
0
0
0
0
0
0
0
0
0
0
0
-0
-0
-0
-0
-0
-0
-0
-0
-0
-0
-0
-0
-0
-0
-0
-0
-0
-0
-0
-0
-0
-0
-0
-0
-0
-0
-0
-0
-0
-0
-0
-0
-0
-0
-0
-0
-0
-0
-0
-0
-0
-0
-0
-0
-0
-0
-0
-0
-0
-0
0
0
0
0
0
0
0
0
0
0
0
0
0
0
0
0
0
0
0
0
0
0
0
0
0
0
0
0
0
0
0
0
0
0
0
0
0
0
0
0
0
0
0
0
0
0
0
0
0
-0
-0
-0
-0
-0
-0
-0
-0
-0
-0
-0
-0
-0
-0
-0
-0
-0
-0
-0
-0
-0
-0
-0
-0
-0
-0
-0
-0
-0
-0
-0
-0
-0
-0
-0
-0
-0
-0
-0
-0
-0
-0
-0
-0
-0
-0
-0
-0
-0
-0
-0
0
0
0
0
0
0
0
0
0
0
0
0
0
0
0
0
0
0
0
0
0
0
0
0
0
0
0
0
0
0
0
0
0
0
0
0
0
0
0
0
0
0
0
0
0
0
0
0
0
-0
-0
-0
-0
-0
-0
-0
-0
-0
-0
-0
-0
-0
-0
-0
-0
-0
-0
-0
-0
-0
-0
-0
-0
-0
-0
-0
-0
-0
-0
-0
-0
-0
-0
-0
-0
-0
-0
-0
-0
-0
-0
-0
-0
-0
-0
-0
-0
-0
-0
-0
0
0
0
0
0
0
0
0
0
0
0
0
0
0
0
0
0
0
0
0
0
0
0
0
0
0
0
0
0
0
0
0
0
0
0
0
0
0
0
0
0
0
0
0
0
0
0
0
0
-0
