-0
-0
-0
-0
-0
-0
-0
-0
-0
-0
-0
-0
-0
-0
-0
-0
-0
-0
-0
-0
-0
-0
-0
-0
-0
-0
-0
-0
-0
-0
-0
-0
-0
-0
-0
-0
-0
-0
-0
-0
-0
-0
-0
-0
-0
-0
-0
-0
-0
-0
-0
0
0
0
0
0
0
0
0
0
0
0
0
0
0
0
0
0
0
0
0
0
0
0
0
0
0
0
0
0
0
0
0
0
0
0
0
0
0
0
0
0
0
0
0
0
0
0
0
0
0
-0
-0
-0
-0
-0
-0
-0
-0
-0
-0
-0
-0
-0
-0
-0
-0
-0
-0
-0
-0
-0
-0
-0
-0
-0
-0
-0
-0
-0
-0
-0
-0
-0
-0
-0
-0
-0
-0
-0
-0
-0
-0
-0
-0
-0
-0
-0
-0
-0
-0
0
0
0
0
0
0
0
0
0
0
0
0
0
0
0
0
0
0
0
0
0
0
0
0
0
0
0
0
0
0
0
0
0
0
0
0
0
0
0
0
0
0
0
0
0
0
0
0
0
0
-0
-0
-0
-0
-0
-0
-0
-0
-0
-0
-0
-0
-0
-0
-0
-0
-0
-0
-0
-0
-0
-0
-0
-0
-0
-0
-0
-0
-0
-0
-0
-0
-0
-0
-0
-0
-0
-0
-0
-0
-0
-0
-0
-0
-0
-0
-0
-0
-0
-0
0
0
0
0
0
0
0
0
0
0
0
0
0
0
0
0
0
0
0
0
0
0
0
0
0
0
0
0
0
0
0
0
0
0
0
0
0
0
0
0
0
0
0
0
0
0
0
0
0
0
-0
-0
-0
-0
-0
-0
-0
-0
-0
-0
-0
-0
-0
-0
-0
-0
-0
-0
-0
-0
-0
-0
-0
-0
-0
-0
-0
-0
-0
-0
-0
-0
-0
-0
-0
-0
-0
-0
-0
-0
-0
-0
-0
-0
-0
-0
-0
-0
-0
0
0
0
0
0
0
0
0
0
0
0
0
0
0
0
0
0
0
0
0
0
0
0
0
0
0
0
0
0
0
0
0
0
0
0
0
0
0
0
0
0
0
0
0
0
0
0
0
0
0
0
-0
-0
-0
-0
-0
-0
-0
-0
-0
-0
-0
-0
-0
-0
-0
-0
-0
-0
-0
-0
-0
-0
-0
-0
-0
-0
-0
-0
-0
-0
-0
-0
-0
-0
-0
-0
-0
-0
-0
-0
-0
-0
-0
-0
-0
-0
-0
-0
-0
-0
0
0
0
0
0
0
0
0
0
0
0
0
0
0
0
0
0
0
0
0
0
0
0
0
0
0
0
0
0
0
0
0
0
0
0
0
0
0
0
0
0
0
0
0
0
0
0
0
0
0
-0
-0
-0
-0
-0
-0
-0
-0
-0
-0
-0
-0
-0
-0
-0
-0
-0
-0
-0
-0
-0
-0
-0
-0
-0
-0
-0
-0
-0
-0
-0
-0
-0
-0
-0
-0
-0
-0
-0
-0
-0
-0
-0
-0
-0
-0
-0
-0
-0
0
0
0
0
0
0
0
0
0
0
0
0
0
0
0
0
0
0
0
0
0
0
0
0
0
0
0
0
0
0
0
0
0
0
0
0
0
0
0
0
0
0
0
0
0
0
0
0
0
0
0
-0
-0
-0
-0
-0
-0
-0
-0
-0
-0
-0
-0
-0
-0
-0
-0
-0
-0
-0
-0
-0
-0
-0
-0
-0
-0
-0
-0
-0
-0
-0
-0
-0
-0
-0
-0
-0
-0
-0
-0
-0
-0
-0
-0
-0
-0
-0
-0
-0
0
0
0
0
0
0
0
0
0
0
0
0
0
0
0
0
0
0
0
0
0
0
0
0
0
0
0
0
0
0
0
0
0
0
0
0
0
0
0
0
0
0
0
0
0
0
0
0
0
0
-0
-0
-0
-0
-0
-0
-0
-0
-0
-0
-0
-0
-0
-0
-0
-0
-0
-0
-0
-0
-0
-0
-0
-0
-0
-0
-0
-0
-0
-0
-0
-0
-0
-0
-0
-0
-0
-0
-0
-0
-0
-0
-0
-0
-0
-0
-0
-0
-0
-0
-0
0
0
0
0
0
0
0
0
0
0
0
0
0
0
0
0
0
0
0
0
0
0
0
0
0
0
0
0
0
0
0
0
0
0
0
0
0
0
0
0
0
0
0
0
0
0
0
0
0
0
-0
-0
-0
-0
-0
-0
-0
-0
-0
-0
-0
-0
-0
-0
-0
-0
-0
-0
-0
-0
-0
-0
-0
-0
-0
-0
-0
-0
-0
-0
-0
-0
-0
-0
-0
-0
-0
-0
-0
-0
-0
-0
-0
-0
-0
-0
-0
-0
-0
-0
0
0
0
0
0
0
0
0
0
0
0
0
0
0
0
0
0
0
0
0
0
0
0
0
0
0
0
0
0
0
0
0
0
0
0
0
0
0
0
0
0
0
0
0
0
0
0
0
0
0
-0
-0
-0
-0
-0
-0
-0
-0
-0
-0
-0
-0
-0
-0
-0
-0
-0
-0
-0
-0
-0
-0
-0
-0
-0
-0
-0
-0
-0
-0
-0
-0
-0
-0
-0
-0
-0
-0
-0
-0
-0
-0
-0
-0
-0
-0
-0
-0
-0
0
0
0
0
0
0
0
0
0
0
0
0
0
0
0
0
0
0
0
0
0
0
0
0
0
0
0
0
0
0
0
0
0
0
0
0
0
0
0
0
0
0
0
0
0
0
0
0
0
0
0
-0
-0
-0
-0
-0
-0
-0
-0
-0
-0
-0
-0
-0
-0
-0
-0
-0
-0
-0
-0
-0
-0
-0
-0
-0
-0
-0
-0
-0
-0
-0
-0
-0
-0
-0
-0
-0
-0
-0
-0
-0
-0
-0
-0
-0
-0
-0
-0
-0
0
0
0
0
0
0
0
0
0
0
0
0
0
0
0
0
0
0
0
0
0
0
0
0
0
0
0
0
0
0
0
0
0
0
0
0
0
0
0
0
0
0
0
0
0
0
0
0
0
0
-0
-0
-0
-0
-0
-0
-0
-0
-0
-0
-0
-0
-0
-0
-0
-0
-0
-0
-0
-0
-0
-0
-0
-0
-0
-0
-0
-0
-0
-0
-0
-0
-0
-0
-0
-0
-0
-0
-0
-0
-0
-0
-0
-0
-0
-0
-0
-0
-0
-0
0
0
0
0
0
0
0
0
0
0
0
0
0
0
0
0
0
0
0
0
0
0
0
0
0
0
0
0
0
0
0
0
0
0
0
0
0
0
0
0
0
0
0
0
0
0
0
0
0
0
0
-0
-0
-0
-0
-0
-0
-0
-0
-0
-0
-0
-0
-0
-0
-0
-0
-0
-0
-0
-0
-0
-0
-0
-0
-0
-0
-0
-0
-0
-0
-0
-0
-0
-0
-0
-0
-0
-0
-0
-0
-0
-0
-0
-0
-0
-0
-0
-0
-0
0
0
0
0
0
0
0
0
0
0
0
0
0
0
0
0
0
0
0
0
0
0
0
0
0
0
0
0
0
0
0
0
0
0
0
0
0
0
0
0
0
0
0
0
0
0
0
0
0
0
-0
-0
-0
-0
-0
-0
-0
-0
-0
-0
-0
-0
-0
-0
-0
-0
-0
-0
-0
-0
-0
-0
-0
-0
-0
-0
-0
-0
-0
-0
-0
-0
-0
-0
-0
-0
-0
-0
-0
-0
-0
-0
-0
-0
-0
-0
-0
-0
-0
-0
0
0
0
0
0
0
0
0
0
0
0
0
0
0
0
0
0
0
0
0
0
0
0
0
0
0
0
0
0
0
0
0
0
0
0
0
0
0
0
0
0
0
0
0
0
0
0
0
0
0
-0
-0
-0
-0
-0
-0
-0
-0
-0
-0
-0
-0
-0
-0
-0
-0
-0
-0
-0
-0
-0
-0
-0
-0
-0
-0
-0
-0
-0
-0
-0
-0
-0
-0
-0
-0
-0
-0
-0
-0
-0
-0
-0
-0
-0
-0
-0
-0
-0
-0
0
0
0
0
0
0
0
0
0
0
0
0
0
0
0
0
0
0
0
0
0
0
0
0
0
0
0
0
0
0
0
0
0
0
0
0
0
0
0
0
0
0
0
0
0
0
0
0
0
0
0
-0
-0
-0
-0
-0
-0
-0
-0
-0
-0
-0
-0
-0
-0
-0
-0
-0
-0
-0
-0
-0
-0
-0
-0
-0
-0
-0
-0
-0
-0
-0
-0
-0
-0
-0
-0
-0
-0
-0
-0
-0
-0
-0
-0
-0
-0
-0
-0
-0
-0
0
0
0
0
0
0
0
0
0
0
0
0
0
0
0
0
0
0
0
0
0
0
0
0
0
0
0
0
0
0
0
0
0
0
0
0
0
0
0
0
0
0
0
0
0
0
0
0
0
0
-0
-0
-0
-0
-0
-0
-0
-0
-0
-0
-0
-0
-0
-0
-0
-0
-0
-0
-0
-0
-0
-0
-0
-0
-0
-0
-0
-0
-0
-0
-0
-0
-0
-0
-0
-0
-0
-0
-0
-0
-0
-0
-0
-0
-0
-0
-0
-0
-0
-0
0
0
0
0
0
0
0
0
0
0
0
0
0
0
0
0
0
0
0
0
0
0
0
0
0
0
0
0
0
0
0
0
0
0
0
0
0
0
0
0
0
0
0
0
0
0
0
0
0
0
-0
-0
-0
-0
-0
-0
-0
-0
-0
-0
-0
-0
-0
-0
-0
-0
-0
-0
-0
-0
-0
-0
-0
-0
-0
-0
-0
-0
-0
-0
-0
-0
-0
-0
-0
-0
-0
-0
-0
-0
-0
-0
-0
-0
-0
-0
-0
-0
-0
-0
0
0
0
0
0
0
0
0
0
0
0
0
0
0
0
0
0
0
0
0
0
0
0
0
0
0
0
0
0
0
0
0
0
0
0
0
0
0
0
0
0
0
0
0
0
0
0
0
0
0
-0
-0
-0
-0
-0
-0
-0
-0
-0
-0
-0
-0
-0
-0
-0
-0
-0
-0
-0
-0
-0
-0
-0
-0
-0
-0
-0
-0
-0
-0
-0
-0
-0
-0
-0
-0
-0
-0
-0
-0
-0
-0
-0
-0
-0
-0
-0
-0
-0
-0
0
0
0
0
0
0
0
0
0
0
0
0
0
0
0
0
0
0
0
0
0
0
0
0
0
0
0
0
0
0
0
0
0
0
0
0
0
0
0
0
0
0
0
0
0
0
0
0
0
-0
-0
-0
-0
-0
-0
-0
-0
-0
-0
-0
-0
-0
-0
-0
-0
-0
-0
-0
-0
-0
-0
-0
-0
-0
-0
-0
-0
-0
-0
-0
-0
-0
-0
-0
-0
-0
-0
-0
-0
-0
-0
-0
-0
-0
-0
-0
-0
-0
-0
-0
0
0
0
0
0
0
0
0
0
0
0
0
0
0
0
0
0
0
0
0
0
0
0
0
0
0
0
0
0
0
0
0
0
0
0
0
0
0
0
0
0
0
0
0
0
0
0
0
0
0
-7.5349e-09
-3.008e-08
-6.7457e-08
-1.1937e-07
-1.8541e-07
-2.6505e-07
-3.5765e-07
-4.6248e-07
-5.7869e-07
-7.0534e-07
-8.414e-07
-9.8575e-07
-1.1372e-06
-1.2945e-06
-1.4562e-06
-1.6211e-06
-1.7877e-06
-1.9544e-06
-2.1199e-06
-2.2825e-06
-2.4408e-06
-2.5932e-06
-2.7382e-06
-2.8743e-06
-3e-06
-3.1138e-06
-3.2145e-06
-3.3005e-06
-3.3707e-06
-3.4238e-06
-3.4588e-06
-3.4745e-06
-3.4702e-06
-3.4449e-06
-3.3979e-06
-3.3286e-06
-3.2366e-06
-3.1215e-06
-2.9831e-06
-2.8214e-06
-2.6363e-06
-2.428e-06
-2.197e-06
-1.9437e-06
-1.6687e-06
-1.3728e-06
-1.0568e-06
-7.2192e-07
-3.6921e-07
-9.4075e-20
3.8428e-07
7.8208e-07
1.1917e-06
1.6115e-06
2.0395e-06
2.4738e-06
2.9123e-06
3.353e-06
3.7937e-06
4.2321e-06
4.6659e-06
5.093e-06
5.511e-06
5.9175e-06
6.3103e-06
6.6871e-06
7.0455e-06
7.3834e-06
7.6985e-06
7.9889e-06
8.2523e-06
8.487e-06
8.6909e-06
8.8625e-06
9e-06
9.102e-06
9.1671e-06
9.1942e-06
9.1822e-06
9.1301e-06
9.0374e-06
8.9035e-06
8.728e-06
8.5108e-06
8.252e-06
7.9517e-06
7.6104e-06
7.2288e-06
6.8077e-06
6.3481e-06
5.8512e-06
5.3186e-06
4.7517e-06
4.1524e-06
3.5228e-06
2.8649e-06
2.1811e-06
1.4739e-06
7.4595e-07
-2.3543e-20
-7.6102e-07
-1.5341e-06
-2.316e-06
-3.1036e-06
-3.8936e-06
-4.6825e-06
-5.467e-06
-6.2435e-06
-7.0086e-06
-7.7588e-06
-8.4905e-06
-9.2003e-06
-9.8848e-06
-1.0541e-05
-1.1164e-05
-1.1753e-05
-1.2303e-05
-1.2812e-05
-1.3277e-05
-1.3695e-05
-1.4064e-05
-1.4381e-05
-1.4644e-05
-1.4851e-05
-1.5e-05
-1.509e-05
-1.512e-05
-1.5088e-05
-1.4994e-05
-1.4836e-05
-1.4616e-05
-1.4332e-05
-1.3986e-05
-1.3577e-05
-1.3106e-05
-1.2575e-05
-1.1984e-05
-1.1336e-05
-1.0632e-05
-9.8748e-06
-9.0662e-06
-8.2091e-06
-7.3064e-06
-6.3612e-06
-5.3769e-06
-4.357e-06
-3.3054e-06
-2.2259e-06
-1.1227e-06
-1.5874e-19
1.1378e-06
2.2861e-06
3.4403e-06
4.5958e-06
5.7477e-06
6.8913e-06
8.0217e-06
9.134e-06
1.0224e-05
1.1285e-05
1.2315e-05
1.3308e-05
1.4259e-05
1.5164e-05
1.6019e-05
1.6819e-05
1.7561e-05
1.8241e-05
1.8856e-05
1.9402e-05
1.9875e-05
2.0274e-05
2.0596e-05
2.0839e-05
2.1e-05
2.1078e-05
2.1073e-05
2.0982e-05
2.0805e-05
2.0543e-05
2.0195e-05
1.9761e-05
1.9244e-05
1.8643e-05
1.796e-05
1.7198e-05
1.6358e-05
1.5443e-05
1.4457e-05
1.3402e-05
1.2281e-05
1.11e-05
9.861e-06
8.5699e-06
7.231e-06
5.8492e-06
4.4297e-06
2.9779e-06
1.4994e-06
-2.1174e-19
-1.5145e-06
-3.0381e-06
-4.5646e-06
-6.0879e-06
-7.6018e-06
-9.1e-06
-1.0576e-05
-1.2025e-05
-1.3439e-05
-1.4812e-05
-1.614e-05
-1.7415e-05
-1.8632e-05
-1.9787e-05
-2.0873e-05
-2.1885e-05
-2.2819e-05
-2.367e-05
-2.4435e-05
-2.5108e-05
-2.5687e-05
-2.6168e-05
-2.6549e-05
-2.6827e-05
-2.7e-05
-2.7066e-05
-2.7025e-05
-2.6875e-05
-2.6617e-05
-2.6249e-05
-2.5773e-05
-2.519e-05
-2.4502e-05
-2.3709e-05
-2.2814e-05
-2.1821e-05
-2.0732e-05
-1.9551e-05
-1.8281e-05
-1.6928e-05
-1.5496e-05
-1.399e-05
-1.2416e-05
-1.0779e-05
-9.0851e-06
-7.3413e-06
-5.554e-06
-3.7299e-06
-1.8762e-06
-5.8746e-20
1.8913e-06
3.7901e-06
5.6889e-06
7.5801e-06
9.4559e-06
1.1309e-05
1.3131e-05
1.4915e-05
1.6653e-05
1.8339e-05
1.9964e-05
2.1522e-05
2.3006e-05
2.441e-05
2.5727e-05
2.6951e-05
2.8077e-05
2.9099e-05
3.0013e-05
3.0814e-05
3.1498e-05
3.2062e-05
3.2502e-05
3.2815e-05
3.3e-05
3.3055e-05
3.2978e-05
3.2769e-05
3.2428e-05
3.1955e-05
3.1352e-05
3.0619e-05
2.9759e-05
2.8775e-05
2.7668e-05
2.6444e-05
2.5106e-05
2.3658e-05
2.2106e-05
2.0455e-05
1.8711e-05
1.6881e-05
1.497e-05
1.2987e-05
1.0939e-05
8.8335e-06
6.6783e-06
4.4819e-06
2.2529e-06
-5.6458e-19
-2.268e-06
-4.5421e-06
-6.8132e-06
-9.0722e-06
-1.131e-05
-1.3518e-05
-1.5686e-05
-1.7806e-05
-1.9868e-05
-2.1866e-05
-2.3789e-05
-2.5629e-05
-2.738e-05
-2.9033e-05
-3.0581e-05
-3.2017e-05
-3.3335e-05
-3.4528e-05
-3.5592e-05
-3.6521e-05
-3.731e-05
-3.7956e-05
-3.8454e-05
-3.8803e-05
-3.9e-05
-3.9043e-05
-3.8931e-05
-3.8663e-05
-3.824e-05
-3.7662e-05
-3.6931e-05
-3.6048e-05
-3.5017e-05
-3.3841e-05
-3.2522e-05
-3.1067e-05
-2.9479e-05
-2.7765e-05
-2.593e-05
-2.3982e-05
-2.1926e-05
-1.9771e-05
-1.7525e-05
-1.5196e-05
-1.2793e-05
-1.0326e-05
-7.8026e-06
-5.2339e-06
-2.6297e-06
2.059e-19
2.6447e-06
5.2941e-06
7.9375e-06
1.0564e-05
1.3164e-05
1.5726e-05
1.824e-05
2.0696e-05
2.3083e-05
2.5392e-05
2.7613e-05
2.9737e-05
3.1754e-05
3.3656e-05
3.5435e-05
3.7083e-05
3.8593e-05
3.9957e-05
4.1171e-05
4.2227e-05
4.3121e-05
4.3849e-05
4.4407e-05
4.4791e-05
4.5e-05
4.5031e-05
4.4883e-05
4.4557e-05
4.4051e-05
4.3368e-05
4.2509e-05
4.1477e-05
4.0275e-05
3.8907e-05
3.7377e-05
3.569e-05
3.3853e-05
3.1873e-05
2.9755e-05
2.7508e-05
2.5141e-05
2.2662e-05
2.008e-05
1.7405e-05
1.4647e-05
1.1818e-05
8.9268e-06
5.9859e-06
3.0064e-06
2.8216e-19
-3.0215e-06
-6.0461e-06
-9.0618e-06
-1.2056e-05
-1.5018e-05
-1.7935e-05
-2.0795e-05
-2.3587e-05
-2.6298e-05
-2.8919e-05
-3.1438e-05
-3.3844e-05
-3.6128e-05
-3.8279e-05
-4.0289e-05
-4.2149e-05
-4.385e-05
-4.5386e-05
-4.6749e-05
-4.7933e-05
-4.8933e-05
-4.9743e-05
-5.036e-05
-5.078e-05
-5.1e-05
-5.1019e-05
-5.0836e-05
-5.045e-05
-4.9863e-05
-4.9075e-05
-4.8088e-05
-4.6906e-05
-4.5533e-05
-4.3973e-05
-4.2231e-05
-4.0313e-05
-3.8227e-05
-3.598e-05
-3.3579e-05
-3.1035e-05
-2.8356e-05
-2.5552e-05
-2.2634e-05
-1.9614e-05
-1.6502e-05
-1.331e-05
-1.0051e-05
-6.7379e-06
-3.3832e-06
6.3519e-19
3.3982e-06
6.7981e-06
1.0186e-05
1.3549e-05
1.6872e-05
2.0144e-05
2.335e-05
2.6477e-05
2.9513e-05
3.2446e-05
3.5262e-05
3.7951e-05
4.0501e-05
4.2902e-05
4.5143e-05
4.7215e-05
4.9108e-05
5.0815e-05
5.2328e-05
5.364e-05
5.4744e-05
5.5637e-05
5.6312e-05
5.6768e-05
5.7e-05
5.7007e-05
5.6789e-05
5.6344e-05
5.5674e-05
5.4781e-05
5.3667e-05
5.2335e-05
5.0791e-05
4.9039e-05
4.7085e-05
4.4936e-05
4.2601e-05
4.0087e-05
3.7404e-05
3.4562e-05
3.1571e-05
2.8443e-05
2.5189e-05
2.1822e-05
1.8356e-05
1.4802e-05
1.1175e-05
7.4899e-06
3.7599e-06
-5.8814e-20
-3.7524e-06
-7.4749e-06
-1.1153e-05
-1.4772e-05
-1.8319e-05
-2.1778e-05
-2.5138e-05
-2.8385e-05
-3.1507e-05
-3.4491e-05
-3.7328e-05
-4.0005e-05
-4.2513e-05
-4.4844e-05
-4.6988e-05
-4.8937e-05
-5.0686e-05
-5.2227e-05
-5.3555e-05
-5.4667e-05
-5.5558e-05
-5.6226e-05
-5.667e-05
-5.6888e-05
-5.688e-05
-5.6648e-05
-5.6193e-05
-5.5519e-05
-5.4628e-05
-5.3525e-05
-5.2216e-05
-5.0707e-05
-4.9003e-05
-4.7113e-05
-4.5046e-05
-4.281e-05
-4.0414e-05
-3.7869e-05
-3.5186e-05
-3.2375e-05
-2.9449e-05
-2.6419e-05
-2.3299e-05
-2.01e-05
-1.6835e-05
-1.3519e-05
-1.0164e-05
-6.783e-06
-3.3907e-06
1.0034e-18
3.3756e-06
6.7229e-06
1.0029e-05
1.328e-05
1.6464e-05
1.957e-05
2.2583e-05
2.5494e-05
2.8292e-05
3.0965e-05
3.3503e-05
3.5898e-05
3.814e-05
4.0221e-05
4.2134e-05
4.3871e-05
4.5428e-05
4.6798e-05
4.7976e-05
4.896e-05
4.9746e-05
5.0332e-05
5.0717e-05
5.0899e-05
5.088e-05
5.066e-05
5.0241e-05
4.9625e-05
4.8817e-05
4.7819e-05
4.6638e-05
4.5278e-05
4.3745e-05
4.2048e-05
4.0192e-05
3.8187e-05
3.604e-05
3.3762e-05
3.1361e-05
2.8849e-05
2.6234e-05
2.3529e-05
2.0744e-05
1.7891e-05
1.4981e-05
1.2027e-05
9.0393e-06
6.031e-06
3.0139e-06
-3.7551e-19
-2.9989e-06
-5.9709e-06
-8.9044e-06
-1.1788e-05
-1.461e-05
-1.7361e-05
-2.0029e-05
-2.2604e-05
-2.5077e-05
-2.7438e-05
-2.9678e-05
-3.179e-05
-3.3766e-05
-3.5598e-05
-3.728e-05
-3.8805e-05
-4.017e-05
-4.1369e-05
-4.2398e-05
-4.3254e-05
-4.3935e-05
-4.4439e-05
-4.4764e-05
-4.4911e-05
-4.488e-05
-4.4672e-05
-4.4288e-05
-4.3731e-05
-4.3005e-05
-4.2113e-05
-4.1059e-05
-3.9849e-05
-3.8487e-05
-3.6982e-05
-3.5338e-05
-3.3564e-05
-3.1666e-05
-2.9655e-05
-2.7537e-05
-2.5322e-05
-2.3019e-05
-2.0638e-05
-1.8189e-05
-1.5682e-05
-1.3127e-05
-1.0535e-05
-7.915e-06
-5.279e-06
-2.6372e-06
-1.2304e-19
2.6221e-06
5.2189e-06
7.7801e-06
1.0296e-05
1.2756e-05
1.5152e-05
1.7474e-05
1.9713e-05
2.1862e-05
2.3911e-05
2.5854e-05
2.7683e-05
2.9392e-05
3.0975e-05
3.2425e-05
3.3739e-05
3.4912e-05
3.594e-05
3.6819e-05
3.7548e-05
3.8123e-05
3.8545e-05
3.8812e-05
3.8923e-05
3.888e-05
3.8684e-05
3.8335e-05
3.7838e-05
3.7194e-05
3.6406e-05
3.548e-05
3.442e-05
3.323e-05
3.1916e-05
3.0484e-05
2.894e-05
2.7293e-05
2.5547e-05
2.3712e-05
2.1795e-05
1.9804e-05
1.7748e-05
1.5635e-05
1.3473e-05
1.1273e-05
9.0424e-06
6.7907e-06
4.527e-06
2.2605e-06
-5.2755e-19
-2.2454e-06
-4.4669e-06
-6.6558e-06
-8.8036e-06
-1.0902e-05
-1.2943e-05
-1.4919e-05
-1.6823e-05
-1.8647e-05
-2.0384e-05
-2.2029e-05
-2.3576e-05
-2.5018e-05
-2.6352e-05
-2.7571e-05
-2.8673e-05
-2.9654e-05
-3.0511e-05
-3.124e-05
-3.1841e-05
-3.2312e-05
-3.2651e-05
-3.2859e-05
-3.2935e-05
-3.288e-05
-3.2695e-05
-3.2383e-05
-3.1944e-05
-3.1382e-05
-3.07e-05
-2.9902e-05
-2.8991e-05
-2.7972e-05
-2.685e-05
-2.563e-05
-2.4317e-05
-2.2919e-05
-2.144e-05
-1.9888e-05
-1.8268e-05
-1.6589e-05
-1.4857e-05
-1.308e-05
-1.1265e-05
-9.4188e-06
-7.5502e-06
-5.6664e-06
-3.775e-06
-1.8837e-06
1.1721e-19
1.8686e-06
3.7149e-06
5.5315e-06
7.3115e-06
9.048e-06
1.0735e-05
1.2365e-05
1.3932e-05
1.5432e-05
1.6858e-05
1.8205e-05
1.9469e-05
2.0644e-05
2.1728e-05
2.2717e-05
2.3607e-05
2.4396e-05
2.5082e-05
2.5662e-05
2.6135e-05
2.65e-05
2.6758e-05
2.6906e-05
2.6947e-05
2.688e-05
2.6707e-05
2.643e-05
2.605e-05
2.5571e-05
2.4994e-05
2.4323e-05
2.3562e-05
2.2714e-05
2.1784e-05
2.0776e-05
1.9694e-05
1.8545e-05
1.7333e-05
1.6063e-05
1.4742e-05
1.3374e-05
1.1967e-05
1.0525e-05
9.0559e-06
7.5647e-06
6.0581e-06
4.5421e-06
3.023e-06
1.507e-06
-5.1494e-19
-1.4919e-06
-2.9629e-06
-4.4072e-06
-5.8193e-06
-7.1939e-06
-8.5258e-06
-9.81e-06
-1.1042e-05
-1.2217e-05
-1.3331e-05
-1.438e-05
-1.5361e-05
-1.6271e-05
-1.7105e-05
-1.7863e-05
-1.8541e-05
-1.9139e-05
-1.9653e-05
-2.0083e-05
-2.0429e-05
-2.0689e-05
-2.0864e-05
-2.0953e-05
-2.0959e-05
-2.088e-05
-2.0719e-05
-2.0477e-05
-2.0157e-05
-1.9759e-05
-1.9287e-05
-1.8744e-05
-1.8133e-05
-1.7456e-05
-1.6718e-05
-1.5921e-05
-1.5071e-05
-1.4171e-05
-1.3225e-05
-1.2239e-05
-1.1215e-05
-1.0159e-05
-9.0762e-06
-7.9706e-06
-6.8471e-06
-5.7106e-06
-4.5659e-06
-3.4178e-06
-2.271e-06
-1.1302e-06
1.928e-19
1.1152e-06
2.2109e-06
3.2829e-06
4.3272e-06
5.3398e-06
6.317e-06
7.2553e-06
8.1513e-06
9.0019e-06
9.8043e-06
1.0556e-05
1.1254e-05
1.1897e-05
1.2482e-05
1.3009e-05
1.3475e-05
1.3881e-05
1.4224e-05
1.4505e-05
1.4722e-05
1.4877e-05
1.497e-05
1.5001e-05
1.497e-05
1.488e-05
1.4731e-05
1.4525e-05
1.4263e-05
1.3948e-05
1.3581e-05
1.3166e-05
1.2704e-05
1.2198e-05
1.1652e-05
1.1067e-05
1.0448e-05
9.7973e-06
9.1182e-06
8.414e-06
7.6882e-06
6.9443e-06
6.1857e-06
5.4159e-06
4.6384e-06
3.8565e-06
3.0738e-06
2.2935e-06
1.519e-06
7.5349e-07
-2.9414e-23
-7.3842e-07
-1.4589e-06
-2.1586e-06
-2.8351e-06
-3.4857e-06
-4.1083e-06
-4.7006e-06
-5.2608e-06
-5.7869e-06
-6.2775e-06
-6.7312e-06
-7.1467e-06
-7.523e-06
-7.8592e-06
-8.1549e-06
-8.4095e-06
-8.6229e-06
-8.7949e-06
-8.9259e-06
-9.016e-06
-9.0659e-06
-9.0763e-06
-9.0481e-06
-8.9822e-06
-8.88e-06
-8.7427e-06
-8.5719e-06
-8.3691e-06
-8.1361e-06
-7.8747e-06
-7.587e-06
-7.2748e-06
-6.9403e-06
-6.5858e-06
-6.2133e-06
-5.8251e-06
-5.4235e-06
-5.0109e-06
-4.5895e-06
-4.1615e-06
-3.7294e-06
-3.2952e-06
-2.8612e-06
-2.4296e-06
-2.0024e-06
-1.5817e-06
-1.1693e-06
-7.6704e-07
-3.7674e-07
1.0374e-19
3.6167e-07
7.0688e-07
1.0343e-06
1.3429e-06
1.6316e-06
1.8995e-06
2.1459e-06
2.3702e-06
2.572e-06
2.7508e-06
2.9067e-06
3.0394e-06
3.1491e-06
3.2362e-06
3.3008e-06
3.3435e-06
3.365e-06
3.366e-06
3.3472e-06
3.3097e-06
3.2544e-06
3.1826e-06
3.0954e-06
2.9941e-06
2.88e-06
2.7546e-06
2.6192e-06
2.4754e-06
2.3246e-06
2.1684e-06
2.0083e-06
1.8458e-06
1.6825e-06
1.5198e-06
1.3591e-06
1.202e-06
1.0497e-06
9.036e-07
7.6491e-07
6.3481e-07
5.1439e-07
4.0467e-07
3.0656e-07
2.2087e-07
1.4833e-07
8.9528e-08
4.4972e-08
1.504e-08
0
0
-0
-0
-0
-0
-0
-0
-0
-0
-0
-0
-0
-0
-0
-0
-0
-0
-0
-0
-0
-0
-0
-0
-0
-0
-0
-0
-0
-0
-0
-0
-0
-0
-0
-0
-0
-0
-0
-0
-0
-0
-0
-0
-0
-0
-0
-0
-0
-0
-0
-0
0
0
0
0
0
0
0
0
0
0
0
0
0
0
0
0
0
0
0
0
0
0
0
0
0
0
0
0
0
0
0
0
0
0
0
0
0
0
0
0
0
0
0
0
0
0
0
0
0
0
-0
-0
-0
-0
-0
-0
-0
-0
-0
-0
-0
-0
-0
-0
-0
-0
-0
-0
-0
-0
-0
-0
-0
-0
-0
-0
-0
-0
-0
-0
-0
-0
-0
-0
-0
-0
-0
-0
-0
-0
-0
-0
-0
-0
-0
-0
-0
-0
-0
-0
0
0
0
0
0
0
0
0
0
0
0
0
0
0
0
0
0
0
0
0
0
0
0
0
0
0
0
0
0
0
0
0
0
0
0
0
0
0
0
0
0
0
0
0
0
0
0
0
0
0
-0
-0
-0
-0
-0
-0
-0
-0
-0
-0
-0
-0
-0
-0
-0
-0
-0
-0
-0
-0
-0
-0
-0
-0
-0
-0
-0
-0
-0
-0
-0
-0
-0
-0
-0
-0
-0
-0
-0
-0
-0
-0
-0
-0
-0
-0
-0
-0
-0
-0
0
0
0
0
0
0
0
0
0
0
0
0
0
0
0
0
0
0
0
0
0
0
0
0
0
0
0
0
0
0
0
0
0
0
0
0
0
0
0
0
0
0
0
0
0
0
0
0
0
0
-0
-0
-0
-0
-0
-0
-0
-0
-0
-0
-0
-0
-0
-0
-0
-0
-0
-0
-0
-0
-0
-0
-0
-0
-0
-0
-0
-0
-0
-0
-0
-0
-0
-0
-0
-0
-0
-0
-0
-0
-0
-0
-0
-0
-0
-0
-0
-0
-0
-0
0
0
0
0
0
0
0
0
0
0
0
0
0
0
0
0
0
0
0
0
0
0
0
0
0
0
0
0
0
0
0
0
0
0
0
0
0
0
0
0
0
0
0
0
0
0
0
0
0
0
-0
-0
-0
-0
-0
-0
-0
-0
-0
-0
-0
-0
-0
-0
-0
-0
-0
-0
-0
-0
-0
-0
-0
-0
-0
-0
-0
-0
-0
-0
-0
-0
-0
-0
-0
-0
-0
-0
-0
-0
-0
-0
-0
-0
-0
-0
-0
-0
-0
-0
0
0
0
0
0
0
0
0
0
0
0
0
0
0
0
0
0
0
0
0
0
0
0
0
0
0
0
0
0
0
0
0
0
0
0
0
0
0
0
0
0
0
0
0
0
0
0
0
0
0
-0
-0
-0
-0
-0
-0
-0
-0
-0
-0
-0
-0
-0
-0
-0
-0
-0
-0
-0
-0
-0
-0
-0
-0
-0
-0
-0
-0
-0
-0
-0
-0
-0
-0
-0
-0
-0
-0
-0
-0
-0
-0
-0
-0
-0
-0
-0
-0
-0
0
0
0
0
0
0
0
0
0
0
0
0
0
0
0
0
0
0
0
0
0
0
0
0
0
0
0
0
0
0
0
0
0
0
0
0
0
0
0
0
0
0
0
0
0
0
0
0
0
0
0
-0
-0
-0
-0
-0
-0
-0
-0
-0
-0
-0
-0
-0
-0
-0
-0
-0
-0
-0
-0
-0
-0
-0
-0
-0
-0
-0
-0
-0
-0
-0
-0
-0
-0
-0
-0
-0
-0
-0
-0
-0
-0
-0
-0
-0
-0
-0
-0
-0
-0
0
0
0
0
0
0
0
0
0
0
0
0
0
0
0
0
0
0
0
0
0
0
0
0
0
0
0
0
0
0
0
0
0
0
0
0
0
0
0
0
0
0
0
0
0
0
0
0
0
0
-0
-0
-0
-0
-0
-0
-0
-0
-0
-0
-0
-0
-0
-0
-0
-0
-0
-0
-0
-0
-0
-0
-0
-0
-0
-0
-0
-0
-0
-0
-0
-0
-0
-0
-0
-0
-0
-0
-0
-0
-0
-0
-0
-0
-0
-0
-0
-0
-0
-0
0
0
0
0
0
0
0
0
0
0
0
0
0
0
0
0
0
0
0
0
0
0
0
0
0
0
0
0
0
0
0
0
0
0
0
0
0
0
0
0
0
0
0
0
0
0
0
0
0
-0
-0
-0
-0
-0
-0
-0
-0
-0
-0
-0
-0
-0
-0
-0
-0
-0
-0
-0
-0
-0
-0
-0
-0
-0
-0
-0
-0
-0
-0
-0
-0
-0
-0
-0
-0
-0
-0
-0
-0
-0
-0
-0
-0
-0
-0
-0
-0
-0
-0
-0
0
0
0
0
0
0
0
0
0
0
0
0
0
0
0
0
0
0
0
0
0
0
0
0
0
0
0
0
0
0
0
0
0
0
0
0
0
0
0
0
0
0
0
0
0
0
0
0
0
0
-0
-0
-0
-0
-0
-0
-0
-0
-0
-0
-0
-0
-0
-0
-0
-0
-0
-0
-0
-0
-0
-0
-0
-0
-0
-0
-0
-0
-0
-0
-0
-0
-0
-0
-0
-0
-0
-0
-0
-0
-0
-0
-0
-0
-0
-0
-0
-0
-0
0
0
0
0
0
0
0
0
0
0
0
0
0
0
0
0
0
0
0
0
0
0
0
0
0
0
0
0
0
0
0
0
0
0
0
0
0
0
0
0
0
0
0
0
0
0
0
0
0
0
0
-0
-0
-0
-0
-0
-0
-0
-0
-0
-0
-0
-0
-0
-0
-0
-0
-0
-0
-0
-0
-0
-0
-0
-0
-0
-0
-0
-0
-0
-0
-0
-0
-0
-0
-0
-0
-0
-0
-0
-0
-0
-0
-0
-0
-0
-0
-0
-0
-0
-0
0
0
0
0
0
0
0
0
0
0
0
0
0
0
0
0
0
0
0
0
0
0
0
0
0
0
0
0
0
0
0
0
0
0
0
0
0
0
0
0
0
0
0
0
0
0
0
0
0
0
-0
-0
-0
-0
-0
-0
-0
-0
-0
-0
-0
-0
-0
-0
-0
-0
-0
-0
-0
-0
-0
-0
-0
-0
-0
-0
-0
-0
-0
-0
-0
-0
-0
-0
-0
-0
-0
-0
-0
-0
-0
-0
-0
-0
-0
-0
-0
-0
-0
0
0
0
0
0
0
0
0
0
0
0
0
0
0
0
0
0
0
0
0
0
0
0
0
0
0
0
0
0
0
0
0
0
0
0
0
0
0
0
0
0
0
0
0
0
0
0
0
0
0
-0
-0
-0
-0
-0
-0
-0
-0
-0
-0
-0
-0
-0
-0
-0
-0
-0
-0
-0
-0
-0
-0
-0
-0
-0
-0
-0
-0
-0
-0
-0
-0
-0
-0
-0
-0
-0
-0
-0
-0
-0
-0
-0
-0
-0
-0
-0
-0
-0
-0
-0
0
0
0
0
0
0
0
0
0
0
0
0
0
0
0
0
0
0
0
0
0
0
0
0
0
0
0
0
0
0
0
0
0
0
0
0
0
0
0
0
0
0
0
0
0
0
0
0
0
0
-0
-0
-0
-0
-0
-0
-0
-0
-0
-0
-0
-0
-0
-0
-0
-0
-0
-0
-0
-0
-0
-0
-0
-0
-0
-0
-0
-0
-0
-0
-0
-0
-0
-0
-0
-0
-0
-0
-0
-0
-0
-0
-0
-0
-0
-0
-0
-0
-0
0
0
0
0
0
0
0
0
0
0
0
0
0
0
0
0
0
0
0
0
0
0
0
0
0
0
0
0
0
0
0
0
0
0
0
0
0
0
0
0
0
0
0
0
0
0
0
0
0
0
-0
-0
-0
-0
-0
-0
-0
-0
-0
-0
-0
-0
-0
-0
-0
-0
-0
-0
-0
-0
-0
-0
-0
-0
-0
-0
-0
-0
-0
-0
-0
-0
-0
-0
-0
-0
-0
-0
-0
-0
-0
-0
-0
-0
-0
-0
-0
-0
-0
-0
0
0
0
0
0
0
0
0
0
0
0
0
0
0
0
0
0
0
0
0
0
0
0
0
0
0
0
0
0
0
0
0
0
0
0
0
0
0
0
0
0
0
0
0
0
0
0
0
0
0
0
-0
-0
-0
-0
-0
-0
-0
-0
-0
-0
-0
-0
-0
-0
-0
-0
-0
-0
-0
-0
-0
-0
-0
-0
-0
-0
-0
-0
-0
-0
-0
-0
-0
-0
-0
-0
-0
-0
-0
-0
-0
-0
-0
-0
-0
-0
-0
-0
-0
-0
0
0
0
0
0
0
0
0
0
0
0
0
0
0
0
0
0
0
0
0
0
0
0
0
0
0
0
0
0
0
0
0
0
0
0
0
0
0
0
0
0
0
0
0
0
0
0
0
0
-0
-0
-0
-0
-0
-0
-0
-0
-0
-0
-0
-0
-0
-0
-0
-0
-0
-0
-0
-0
-0
-0
-0
-0
-0
-0
-0
-0
-0
-0
-0
-0
-0
-0
-0
-0
-0
-0
-0
-0
-0
-0
-0
-0
-0
-0
-0
-0
-0
-0
0
0
0
0
0
0
0
0
0
0
0
0
0
0
0
0
0
0
0
0
0
0
0
0
0
0
0
0
0
0
0
0
0
0
0
0
0
0
0
0
0
0
0
0
0
0
0
0
0
0
-0
-0
-0
-0
-0
-0
-0
-0
-0
-0
-0
-0
-0
-0
-0
-0
-0
-0
-0
-0
-0
-0
-0
-0
-0
-0
-0
-0
-0
-0
-0
-0
-0
-0
-0
-0
-0
-0
-0
-0
-0
-0
-0
-0
-0
-0
-0
-0
-0
-0
-0
0
0
0
0
0
0
0
0
0
0
0
0
0
0
0
0
0
0
0
0
0
0
0
0
0
0
0
0
0
0
0
0
0
0
0
0
0
0
0
0
0
0
0
0
0
0
0
0
0
0
-0
-0
-0
-0
-0
-0
-0
-0
-0
-0
-0
-0
-0
-0
-0
-0
-0
-0
-0
-0
-0
-0
-0
-0
-0
-0
-0
-0
-0
-0
-0
-0
-0
-0
-0
-0
-0
-0
-0
-0
-0
-0
-0
-0
-0
-0
-0
-0
-0
0
0
0
0
0
0
0
0
0
0
0
0
0
0
0
0
0
0
0
0
0
0
0
0
0
0
0
0
0
0
0
0
0
0
0
0
0
0
0
0
0
0
0
0
0
0
0
0
0
0
-0
-0
-0
-0
-0
-0
-0
-0
-0
-0
-0
-0
-0
-0
-0
-0
-0
-0
-0
-0
-0
-0
-0
-0
-0
-0
-0
-0
-0
-0
-0
-0
-0
-0
-0
-0
-0
-0
-0
-0
-0
-0
-0
-0
-0
-0
-0
-0
-0
-0
0
0
0
0
0
0
0
0
0
0
0
0
0
0
0
0
0
0
0
0
0
0
0
0
0
0
0
0
0
0
0
0
0
0
0
0
0
0
0
0
0
0
0
0
0
0
0
0
0
0
-0
-0
-0
-0
-0
-0
-0
-0
-0
-0
-0
-0
-0
-0
-0
-0
-0
-0
-0
-0
-0
-0
-0
-0
-0
-0
-0
-0
-0
-0
-0
-0
-0
-0
-0
-0
-0
-0
-0
-0
-0
-0
-0
-0
-0
-0
-0
-0
-0
-0
-0
0
0
0
0
0
0
0
0
0
0
0
0
0
0
0
0
0
0
0
0
0
0
0
0
0
0
0
0
0
0
0
0
0
0
0
0
0
0
0
0
0
0
0
0
0
0
0
0
0
0
-0
-0
-0
-0
-0
-0
-0
-0
-0
-0
-0
-0
-0
-0
-0
-0
-0
-0
-0
-0
-0
-0
-0
-0
-0
-0
-0
-0
-0
-0
-0
-0
-0
-0
-0
-0
-0
-0
-0
-0
-0
-0
-0
-0
-0
-0
-0
-0
-0
-0
0
0
0
0
0
0
0
0
0
0
0
0
0
0
0
0
0
0
0
0
0
0
0
0
0
0
0
0
0
0
0
0
0
0
0
0
0
0
0
0
0
0
0
0
0
0
0
0
0
-0
-0
-0
-0
-0
-0
-0
-0
-0
-0
-0
-0
-0
-0
-0
-0
-0
-0
-0
-0
-0
-0
-0
-0
-0
-0
-0
-0
-0
-0
-0
-0
-0
-0
-0
-0
-0
-0
-0
-0
-0
-0
-0
-0
-0
-0
-0
-0
-0
-0
0
0
0
0
0
0
0
0
0
0
0
0
0
0
0
0
0
0
0
0
0
0
0
0
0
0
0
0
0
0
0
0
0
0
0
0
0
0
0
0
0
0
0
0
0
0
0
0
0
0
0
-0
-0
-0
-0
-0
-0
-0
-0
-0
-0
-0
-0
-0
-0
-0
-0
-0
-0
-0
-0
-0
-0
-0
-0
-0
-0
-0
-0
-0
-0
-0
-0
-0
-0
-0
-0
-0
-0
-0
-0
-0
-0
-0
-0
-0
-0
-0
-0
-0
-0
0
0
0
0
0
0
0
0
0
0
0
0
0
0
0
0
0
0
0
0
0
0
0
0
0
0
0
0
0
0
0
0
0
0
0
0
0
0
0
0
0
0
0
0
0
0
0
0
0
0
-0
-0
-0
-0
-0
-0
-0
-0
-0
-0
-0
-0
-0
-0
-0
-0
-0
-0
-0
-0
-0
-0
-0
-0
-0
-0
-0
-0
-0
-0
-0
-0
-0
-0
-0
-0
-0
-0
-0
-0
-0
-0
-0
-0
-0
-0
-0
-0
-0
0
0
0
0
0
0
0
0
0
0
0
0
0
0
0
0
0
0
0
0
0
0
0
0
0
0
0
0
0
0
0
0
0
0
0
0
0
0
0
0
0
0
0
0
0
0
0
0
0
0
-0
-0
-0
-0
-0
-0
-0
-0
-0
-0
-0
-0
-0
-0
-0
-0
-0
-0
-0
-0
-0
-0
-0
-0
-0
-0
-0
-0
-0
-0
-0
-0
-0
-0
-0
-0
-0
-0
-0
-0
-0
-0
-0
-0
-0
-0
-0
-0
-0
-0
-0
0
0
0
0
0
0
0
0
0
0
0
0
0
0
0
0
0
0
0
0
0
0
0
0
0
0
0
0
0
0
0
0
0
0
0
0
0
0
0
0
0
0
0
0
0
0
0
0
0
0
-0
-0
-0
-0
-0
-0
-0
-0
-0
-0
-0
-0
-0
-0
-0
-0
-0
-0
-0
-0
-0
-0
-0
-0
-0
-0
-0
-0
-0
-0
-0
-0
-0
-0
-0
-0
-0
-0
-0
-0
-0
-0
-0
-0
-0
-0
-0
-0
-0
-0
0
0
0
0
0
0
0
0
0
0
0
0
0
0
0
0
0
0
0
0
0
0
0
0
0
0
0
0
0
0
0
0
0
0
0
0
0
0
0
0
0
0
0
0
0
0
0
0
0
-0
-0
-0
-0
-0
-0
-0
-0
-0
-0
-0
-0
-0
-0
-0
-0
-0
-0
-0
-0
-0
-0
-0
-0
-0
-0
-0
-0
-0
-0
-0
-0
-0
-0
-0
-0
-0
-0
-0
-0
-0
-0
-0
-0
-0
-0
-0
-0
-0
-0
0
0
0
0
0
0
0
0
0
0
0
0
0
0
0
0
0
0
0
0
0
0
0
0
0
0
0
0
0
0
0
0
0
0
0
0
0
0
0
0
0
0
0
0
0
0
0
0
0
0
-0
-7.5349e-09
-3.008e-08
-6.7457e-08
-1.1937e-07
-1.8541e-07
-2.6505e-07
-3.5765e-07
-4.6248e-07
-5.7869e-07
-7.0534e-07
-8.414e-07
-9.8575e-07
-1.1372e-06
-1.2945e-06
-1.4562e-06
-1.6211e-06
-1.7877e-06
-1.9544e-06
-2.1199e-06
-2.2825e-06
-2.4408e-06
-2.5932e-06
-2.7382e-06
-2.8743e-06
-3e-06
-3.1138e-06
-3.2145e-06
-3.3005e-06
-3.3707e-06
-3.4238e-06
-3.4588e-06
-3.4745e-06
-3.4702e-06
-3.4449e-06
-3.3979e-06
-3.3286e-06
-3.2366e-06
-3.1215e-06
-2.9831e-06
-2.8214e-06
-2.6363e-06
-2.428e-06
-2.197e-06
-1.9437e-06
-1.6687e-06
-1.3728e-06
-1.0568e-06
-7.2192e-07
-3.6921e-07
-6.4654e-20
3.8428e-07
7.8208e-07
1.1917e-06
1.6115e-06
2.0395e-06
2.4738e-06
2.9123e-06
3.353e-06
3.7937e-06
4.2321e-06
4.6659e-06
5.093e-06
5.511e-06
5.9175e-06
6.3103e-06
6.6871e-06
7.0455e-06
7.3834e-06
7.6985e-06
7.9889e-06
8.2523e-06
8.487e-06
8.6909e-06
8.8625e-06
9e-06
9.102e-06
9.1671e-06
9.1942e-06
9.1822e-06
9.1301e-06
9.0374e-06
8.9035e-06
8.728e-06
8.5108e-06
8.252e-06
7.9517e-06
7.6104e-06
7.2288e-06
6.8077e-06
6.3481e-06
5.8512e-06
5.3186e-06
4.7517e-06
4.1524e-06
3.5228e-06
2.8649e-06
2.1811e-06
1.4739e-06
7.4595e-07
-4.2345e-19
-7.6102e-07
-1.5341e-06
-2.316e-06
-3.1036e-06
-3.8936e-06
-4.6825e-06
-5.467e-06
-6.2435e-06
-7.0086e-06
-7.7588e-06
-8.4905e-06
-9.2003e-06
-9.8848e-06
-1.0541e-05
-1.1164e-05
-1.1753e-05
-1.2303e-05
-1.2812e-05
-1.3277e-05
-1.3695e-05
-1.4064e-05
-1.4381e-05
-1.4644e-05
-1.4851e-05
-1.5e-05
-1.509e-05
-1.512e-05
-1.5088e-05
-1.4994e-05
-1.4836e-05
-1.4616e-05
-1.4332e-05
-1.3986e-05
-1.3577e-05
-1.3106e-05
-1.2575e-05
-1.1984e-05
-1.1336e-05
-1.0632e-05
-9.8748e-06
-9.0662e-06
-8.2091e-06
-7.3064e-06
-6.3612e-06
-5.3769e-06
-4.357e-06
-3.3054e-06
-2.2259e-06
-1.1227e-06
4.4112e-19
1.1378e-06
2.2861e-06
3.4403e-06
4.5958e-06
5.7477e-06
6.8913e-06
8.0217e-06
9.134e-06
1.0224e-05
1.1285e-05
1.2315e-05
1.3308e-05
1.4259e-05
1.5164e-05
1.6019e-05
1.6819e-05
1.7561e-05
1.8241e-05
1.8856e-05
1.9402e-05
1.9875e-05
2.0274e-05
2.0596e-05
2.0839e-05
2.1e-05
2.1078e-05
2.1073e-05
2.0982e-05
2.0805e-05
2.0543e-05
2.0195e-05
1.9761e-05
1.9244e-05
1.8643e-05
1.796e-05
1.7198e-05
1.6358e-05
1.5443e-05
1.4457e-05
1.3402e-05
1.2281e-05
1.11e-05
9.861e-06
8.5699e-06
7.231e-06
5.8492e-06
4.4297e-06
2.9779e-06
1.4994e-06
1.0348e-18
-1.5145e-06
-3.0381e-06
-4.5646e-06
-6.0879e-06
-7.6018e-06
-9.1e-06
-1.0576e-05
-1.2025e-05
-1.3439e-05
-1.4812e-05
-1.614e-05
-1.7415e-05
-1.8632e-05
-1.9787e-05
-2.0873e-05
-2.1885e-05
-2.2819e-05
-2.367e-05
-2.4435e-05
-2.5108e-05
-2.5687e-05
-2.6168e-05
-2.6549e-05
-2.6827e-05
-2.7e-05
-2.7066e-05
-2.7025e-05
-2.6875e-05
-2.6617e-05
-2.6249e-05
-2.5773e-05
-2.519e-05
-2.4502e-05
-2.3709e-05
-2.2814e-05
-2.1821e-05
-2.0732e-05
-1.9551e-05
-1.8281e-05
-1.6928e-05
-1.5496e-05
-1.399e-05
-1.2416e-05
-1.0779e-05
-9.0851e-06
-7.3413e-06
-5.554e-06
-3.7299e-06
-1.8762e-06
-1.6169e-18
1.8913e-06
3.7901e-06
5.6889e-06
7.5801e-06
9.4559e-06
1.1309e-05
1.3131e-05
1.4915e-05
1.6653e-05
1.8339e-05
1.9964e-05
2.1522e-05
2.3006e-05
2.441e-05
2.5727e-05
2.6951e-05
2.8077e-05
2.9099e-05
3.0013e-05
3.0814e-05
3.1498e-05
3.2062e-05
3.2502e-05
3.2815e-05
3.3e-05
3.3055e-05
3.2978e-05
3.2769e-05
3.2428e-05
3.1955e-05
3.1352e-05
3.0619e-05
2.9759e-05
2.8775e-05
2.7668e-05
2.6444e-05
2.5106e-05
2.3658e-05
2.2106e-05
2.0455e-05
1.8711e-05
1.6881e-05
1.497e-05
1.2987e-05
1.0939e-05
8.8335e-06
6.6783e-06
4.4819e-06
2.2529e-06
2.3284e-18
-2.268e-06
-4.5421e-06
-6.8132e-06
-9.0722e-06
-1.131e-05
-1.3518e-05
-1.5686e-05
-1.7806e-05
-1.9868e-05
-2.1866e-05
-2.3789e-05
-2.5629e-05
-2.738e-05
-2.9033e-05
-3.0581e-05
-3.2017e-05
-3.3335e-05
-3.4528e-05
-3.5592e-05
-3.6521e-05
-3.731e-05
-3.7956e-05
-3.8454e-05
-3.8803e-05
-3.9e-05
-3.9043e-05
-3.8931e-05
-3.8663e-05
-3.824e-05
-3.7662e-05
-3.6931e-05
-3.6048e-05
-3.5017e-05
-3.3841e-05
-3.2522e-05
-3.1067e-05
-2.9479e-05
-2.7765e-05
-2.593e-05
-2.3982e-05
-2.1926e-05
-1.9771e-05
-1.7525e-05
-1.5196e-05
-1.2793e-05
-1.0326e-05
-7.8026e-06
-5.2339e-06
-2.6297e-06
-7.8187e-19
2.6447e-06
5.2941e-06
7.9375e-06
1.0564e-05
1.3164e-05
1.5726e-05
1.824e-05
2.0696e-05
2.3083e-05
2.5392e-05
2.7613e-05
2.9737e-05
3.1754e-05
3.3656e-05
3.5435e-05
3.7083e-05
3.8593e-05
3.9957e-05
4.1171e-05
4.2227e-05
4.3121e-05
4.3849e-05
4.4407e-05
4.4791e-05
4.5e-05
4.5031e-05
4.4883e-05
4.4557e-05
4.4051e-05
4.3368e-05
4.2509e-05
4.1477e-05
4.0275e-05
3.8907e-05
3.7377e-05
3.569e-05
3.3853e-05
3.1873e-05
2.9755e-05
2.7508e-05
2.5141e-05
2.2662e-05
2.008e-05
1.7405e-05
1.4647e-05
1.1818e-05
8.9268e-06
5.9859e-06
3.0064e-06
4.1395e-18
-3.0215e-06
-6.0461e-06
-9.0618e-06
-1.2056e-05
-1.5018e-05
-1.7935e-05
-2.0795e-05
-2.3587e-05
-2.6298e-05
-2.8919e-05
-3.1438e-05
-3.3844e-05
-3.6128e-05
-3.8279e-05
-4.0289e-05
-4.2149e-05
-4.385e-05
-4.5386e-05
-4.6749e-05
-4.7933e-05
-4.8933e-05
-4.9743e-05
-5.036e-05
-5.078e-05
-5.1e-05
-5.1019e-05
-5.0836e-05
-5.045e-05
-4.9863e-05
-4.9075e-05
-4.8088e-05
-4.6906e-05
-4.5533e-05
-4.3973e-05
-4.2231e-05
-4.0313e-05
-3.8227e-05
-3.598e-05
-3.3579e-05
-3.1035e-05
-2.8356e-05
-2.5552e-05
-2.2634e-05
-1.9614e-05
-1.6502e-05
-1.331e-05
-1.0051e-05
-6.7379e-06
-3.3832e-06
-2.1696e-18
3.3982e-06
6.7981e-06
1.0186e-05
1.3549e-05
1.6872e-05
2.0144e-05
2.335e-05
2.6477e-05
2.9513e-05
3.2446e-05
3.5262e-05
3.7951e-05
4.0501e-05
4.2902e-05
4.5143e-05
4.7215e-05
4.9108e-05
5.0815e-05
5.2328e-05
5.364e-05
5.4744e-05
5.5637e-05
5.6312e-05
5.6768e-05
5.7e-05
5.7007e-05
5.6789e-05
5.6344e-05
5.5674e-05
5.4781e-05
5.3667e-05
5.2335e-05
5.0791e-05
4.9039e-05
4.7085e-05
4.4936e-05
4.2601e-05
4.0087e-05
3.7404e-05
3.4562e-05
3.1571e-05
2.8443e-05
2.5189e-05
2.1822e-05
1.8356e-05
1.4802e-05
1.1175e-05
7.4899e-06
3.7599e-06
3.0513e-18
-3.7524e-06
-7.4749e-06
-1.1153e-05
-1.4772e-05
-1.8319e-05
-2.1778e-05
-2.5138e-05
-2.8385e-05
-3.1507e-05
-3.4491e-05
-3.7328e-05
-4.0005e-05
-4.2513e-05
-4.4844e-05
-4.6988e-05
-4.8937e-05
-5.0686e-05
-5.2227e-05
-5.3555e-05
-5.4667e-05
-5.5558e-05
-5.6226e-05
-5.667e-05
-5.6888e-05
-5.688e-05
-5.6648e-05
-5.6193e-05
-5.5519e-05
-5.4628e-05
-5.3525e-05
-5.2216e-05
-5.0707e-05
-4.9003e-05
-4.7113e-05
-4.5046e-05
-4.281e-05
-4.0414e-05
-3.7869e-05
-3.5186e-05
-3.2375e-05
-2.9449e-05
-2.6419e-05
-2.3299e-05
-2.01e-05
-1.6835e-05
-1.3519e-05
-1.0164e-05
-6.783e-06
-3.3907e-06
-3.3265e-18
3.3756e-06
6.7229e-06
1.0029e-05
1.328e-05
1.6464e-05
1.957e-05
2.2583e-05
2.5494e-05
2.8292e-05
3.0965e-05
3.3503e-05
3.5898e-05
3.814e-05
4.0221e-05
4.2134e-05
4.3871e-05
4.5428e-05
4.6798e-05
4.7976e-05
4.896e-05
4.9746e-05
5.0332e-05
5.0717e-05
5.0899e-05
5.088e-05
5.066e-05
5.0241e-05
4.9625e-05
4.8817e-05
4.7819e-05
4.6638e-05
4.5278e-05
4.3745e-05
4.2048e-05
4.0192e-05
3.8187e-05
3.604e-05
3.3762e-05
3.1361e-05
2.8849e-05
2.6234e-05
2.3529e-05
2.0744e-05
1.7891e-05
1.4981e-05
1.2027e-05
9.0393e-06
6.031e-06
3.0139e-06
7.5054e-19
-2.9989e-06
-5.9709e-06
-8.9044e-06
-1.1788e-05
-1.461e-05
-1.7361e-05
-2.0029e-05
-2.2604e-05
-2.5077e-05
-2.7438e-05
-2.9678e-05
-3.179e-05
-3.3766e-05
-3.5598e-05
-3.728e-05
-3.8805e-05
-4.017e-05
-4.1369e-05
-4.2398e-05
-4.3254e-05
-4.3935e-05
-4.4439e-05
-4.4764e-05
-4.4911e-05
-4.488e-05
-4.4672e-05
-4.4288e-05
-4.3731e-05
-4.3005e-05
-4.2113e-05
-4.1059e-05
-3.9849e-05
-3.8487e-05
-3.6982e-05
-3.5338e-05
-3.3564e-05
-3.1666e-05
-2.9655e-05
-2.7537e-05
-2.5322e-05
-2.3019e-05
-2.0638e-05
-1.8189e-05
-1.5682e-05
-1.3127e-05
-1.0535e-05
-7.915e-06
-5.279e-06
-2.6372e-06
-3.4886e-18
2.6221e-06
5.2189e-06
7.7801e-06
1.0296e-05
1.2756e-05
1.5152e-05
1.7474e-05
1.9713e-05
2.1862e-05
2.3911e-05
2.5854e-05
2.7683e-05
2.9392e-05
3.0975e-05
3.2425e-05
3.3739e-05
3.4912e-05
3.594e-05
3.6819e-05
3.7548e-05
3.8123e-05
3.8545e-05
3.8812e-05
3.8923e-05
3.888e-05
3.8684e-05
3.8335e-05
3.7838e-05
3.7194e-05
3.6406e-05
3.548e-05
3.442e-05
3.323e-05
3.1916e-05
3.0484e-05
2.894e-05
2.7293e-05
2.5547e-05
2.3712e-05
2.1795e-05
1.9804e-05
1.7748e-05
1.5635e-05
1.3473e-05
1.1273e-05
9.0424e-06
6.7907e-06
4.527e-06
2.2605e-06
1.3361e-18
-2.2454e-06
-4.4669e-06
-6.6558e-06
-8.8036e-06
-1.0902e-05
-1.2943e-05
-1.4919e-05
-1.6823e-05
-1.8647e-05
-2.0384e-05
-2.2029e-05
-2.3576e-05
-2.5018e-05
-2.6352e-05
-2.7571e-05
-2.8673e-05
-2.9654e-05
-3.0511e-05
-3.124e-05
-3.1841e-05
-3.2312e-05
-3.2651e-05
-3.2859e-05
-3.2935e-05
-3.288e-05
-3.2695e-05
-3.2383e-05
-3.1944e-05
-3.1382e-05
-3.07e-05
-2.9902e-05
-2.8991e-05
-2.7972e-05
-2.685e-05
-2.563e-05
-2.4317e-05
-2.2919e-05
-2.144e-05
-1.9888e-05
-1.8268e-05
-1.6589e-05
-1.4857e-05
-1.308e-05
-1.1265e-05
-9.4188e-06
-7.5502e-06
-5.6664e-06
-3.775e-06
-1.8837e-06
-1.4348e-18
1.8686e-06
3.7149e-06
5.5315e-06
7.3115e-06
9.048e-06
1.0735e-05
1.2365e-05
1.3932e-05
1.5432e-05
1.6858e-05
1.8205e-05
1.9469e-05
2.0644e-05
2.1728e-05
2.2717e-05
2.3607e-05
2.4396e-05
2.5082e-05
2.5662e-05
2.6135e-05
2.65e-05
2.6758e-05
2.6906e-05
2.6947e-05
2.688e-05
2.6707e-05
2.643e-05
2.605e-05
2.5571e-05
2.4994e-05
2.4323e-05
2.3562e-05
2.2714e-05
2.1784e-05
2.0776e-05
1.9694e-05
1.8545e-05
1.7333e-05
1.6063e-05
1.4742e-05
1.3374e-05
1.1967e-05
1.0525e-05
9.0559e-06
7.5647e-06
6.0581e-06
4.5421e-06
3.023e-06
1.507e-06
1.4041e-18
-1.4919e-06
-2.9629e-06
-4.4072e-06
-5.8193e-06
-7.1939e-06
-8.5258e-06
-9.81e-06
-1.1042e-05
-1.2217e-05
-1.3331e-05
-1.438e-05
-1.5361e-05
-1.6271e-05
-1.7105e-05
-1.7863e-05
-1.8541e-05
-1.9139e-05
-1.9653e-05
-2.0083e-05
-2.0429e-05
-2.0689e-05
-2.0864e-05
-2.0953e-05
-2.0959e-05
-2.088e-05
-2.0719e-05
-2.0477e-05
-2.0157e-05
-1.9759e-05
-1.9287e-05
-1.8744e-05
-1.8133e-05
-1.7456e-05
-1.6718e-05
-1.5921e-05
-1.5071e-05
-1.4171e-05
-1.3225e-05
-1.2239e-05
-1.1215e-05
-1.0159e-05
-9.0762e-06
-7.9706e-06
-6.8471e-06
-5.7106e-06
-4.5659e-06
-3.4178e-06
-2.271e-06
-1.1302e-06
-2.277e-19
1.1152e-06
2.2109e-06
3.2829e-06
4.3272e-06
5.3398e-06
6.317e-06
7.2553e-06
8.1513e-06
9.0019e-06
9.8043e-06
1.0556e-05
1.1254e-05
1.1897e-05
1.2482e-05
1.3009e-05
1.3475e-05
1.3881e-05
1.4224e-05
1.4505e-05
1.4722e-05
1.4877e-05
1.497e-05
1.5001e-05
1.497e-05
1.488e-05
1.4731e-05
1.4525e-05
1.4263e-05
1.3948e-05
1.3581e-05
1.3166e-05
1.2704e-05
1.2198e-05
1.1652e-05
1.1067e-05
1.0448e-05
9.7973e-06
9.1182e-06
8.414e-06
7.6882e-06
6.9443e-06
6.1857e-06
5.4159e-06
4.6384e-06
3.8565e-06
3.0738e-06
2.2935e-06
1.519e-06
7.5349e-07
9.5467e-19
-7.3842e-07
-1.4589e-06
-2.1586e-06
-2.8351e-06
-3.4857e-06
-4.1083e-06
-4.7006e-06
-5.2608e-06
-5.7869e-06
-6.2775e-06
-6.7312e-06
-7.1467e-06
-7.523e-06
-7.8592e-06
-8.1549e-06
-8.4095e-06
-8.6229e-06
-8.7949e-06
-8.9259e-06
-9.016e-06
-9.0659e-06
-9.0763e-06
-9.0481e-06
-8.9822e-06
-8.88e-06
-8.7427e-06
-8.5719e-06
-8.3691e-06
-8.1361e-06
-7.8747e-06
-7.587e-06
-7.2748e-06
-6.9403e-06
-6.5858e-06
-6.2133e-06
-5.8251e-06
-5.4235e-06
-5.0109e-06
-4.5895e-06
-4.1615e-06
-3.7294e-06
-3.2952e-06
-2.8612e-06
-2.4296e-06
-2.0024e-06
-1.5817e-06
-1.1693e-06
-7.6704e-07
-3.7674e-07
-2.0166e-19
3.6167e-07
7.0688e-07
1.0343e-06
1.3429e-06
1.6316e-06
1.8995e-06
2.1459e-06
2.3702e-06
2.572e-06
2.7508e-06
2.9067e-06
3.0394e-06
3.1491e-06
3.2362e-06
3.3008e-06
3.3435e-06
3.365e-06
3.366e-06
3.3472e-06
3.3097e-06
3.2544e-06
3.1826e-06
3.0954e-06
2.9941e-06
2.88e-06
2.7546e-06
2.6192e-06
2.4754e-06
2.3246e-06
2.1684e-06
2.0083e-06
1.8458e-06
1.6825e-06
1.5198e-06
1.3591e-06
1.202e-06
1.0497e-06
9.036e-07
7.6491e-07
6.3481e-07
5.1439e-07
4.0467e-07
3.0656e-07
2.2087e-07
1.4833e-07
8.9528e-08
4.4972e-08
1.504e-08
0
0
-0
-0
-0
-0
-0
-0
-0
-0
-0
-0
-0
-0
-0
-0
-0
-0
-0
-0
-0
-0
-0
-0
-0
-0
-0
-0
-0
-0
-0
-0
-0
-0
-0
-0
-0
-0
-0
-0
-0
-0
-0
-0
-0
-0
-0
-0
-0
-0
-0
-0
0
0
0
0
0
0
0
0
0
0
0
0
0
0
0
0
0
0
0
0
0
0
0
0
0
0
0
0
0
0
0
0
0
0
0
0
0
0
0
0
0
0
0
0
0
0
0
0
0
0
-0
-0
-0
-0
-0
-0
-0
-0
-0
-0
-0
-0
-0
-0
-0
-0
-0
-0
-0
-0
-0
-0
-0
-0
-0
-0
-0
-0
-0
-0
-0
-0
-0
-0
-0
-0
-0
-0
-0
-0
-0
-0
-0
-0
-0
-0
-0
-0
-0
-0
0
0
0
0
0
0
0
0
0
0
0
0
0
0
0
0
0
0
0
0
0
0
0
0
0
0
0
0
0
0
0
0
0
0
0
0
0
0
0
0
0
0
0
0
0
0
0
0
0
0
-0
-0
-0
-0
-0
-0
-0
-0
-0
-0
-0
-0
-0
-0
-0
-0
-0
-0
-0
-0
-0
-0
-0
-0
-0
-0
-0
-0
-0
-0
-0
-0
-0
-0
-0
-0
-0
-0
-0
-0
-0
-0
-0
-0
-0
-0
-0
-0
-0
-0
0
0
0
0
0
0
0
0
0
0
0
0
0
0
0
0
0
0
0
0
0
0
0
0
0
0
0
0
0
0
0
0
0
0
0
0
0
0
0
0
0
0
0
0
0
0
0
0
0
0
-0
-0
-0
-0
-0
-0
-0
-0
-0
-0
-0
-0
-0
-0
-0
-0
-0
-0
-0
-0
-0
-0
-0
-0
-0
-0
-0
-0
-0
-0
-0
-0
-0
-0
-0
-0
-0
-0
-0
-0
-0
-0
-0
-0
-0
-0
-0
-0
-0
-0
0
0
0
0
0
0
0
0
0
0
0
0
0
0
0
0
0
0
0
0
0
0
0
0
0
0
0
0
0
0
0
0
0
0
0
0
0
0
0
0
0
0
0
0
0
0
0
0
0
0
-0
-0
-0
-0
-0
-0
-0
-0
-0
-0
-0
-0
-0
-0
-0
-0
-0
-0
-0
-0
-0
-0
-0
-0
-0
-0
-0
-0
-0
-0
-0
-0
-0
-0
-0
-0
-0
-0
-0
-0
-0
-0
-0
-0
-0
-0
-0
-0
-0
-0
0
0
0
0
0
0
0
0
0
0
0
0
0
0
0
0
0
0
0
0
0
0
0
0
0
0
0
0
0
0
0
0
0
0
0
0
0
0
0
0
0
0
0
0
0
0
0
0
0
0
-0
-0
-0
-0
-0
-0
-0
-0
-0
-0
-0
-0
-0
-0
-0
-0
-0
-0
-0
-0
-0
-0
-0
-0
-0
-0
-0
-0
-0
-0
-0
-0
-0
-0
-0
-0
-0
-0
-0
-0
-0
-0
-0
-0
-0
-0
-0
-0
-0
-0
0
0
0
0
0
0
0
0
0
0
0
0
0
0
0
0
0
0
0
0
0
0
0
0
0
0
0
0
0
0
0
0
0
0
0
0
0
0
0
0
0
0
0
0
0
0
0
0
0
0
-0
-0
-0
-0
-0
-0
-0
-0
-0
-0
-0
-0
-0
-0
-0
-0
-0
-0
-0
-0
-0
-0
-0
-0
-0
-0
-0
-0
-0
-0
-0
-0
-0
-0
-0
-0
-0
-0
-0
-0
-0
-0
-0
-0
-0
-0
-0
-0
-0
-0
0
0
0
0
0
0
0
0
0
0
0
0
0
0
0
0
0
0
0
0
0
0
0
0
0
0
0
0
0
0
0
0
0
0
0
0
0
0
0
0
0
0
0
0
0
0
0
0
0
0
-0
-0
-0
-0
-0
-0
-0
-0
-0
-0
-0
-0
-0
-0
-0
-0
-0
-0
-0
-0
-0
-0
-0
-0
-0
-0
-0
-0
-0
-0
-0
-0
-0
-0
-0
-0
-0
-0
-0
-0
-0
-0
-0
-0
-0
-0
-0
-0
-0
-0
0
0
0
0
0
0
0
0
0
0
0
0
0
0
0
0
0
0
0
0
0
0
0
0
0
0
0
0
0
0
0
0
0
0
0
0
0
0
0
0
0
0
0
0
0
0
0
0
0
0
-0
-0
-0
-0
-0
-0
-0
-0
-0
-0
-0
-0
-0
-0
-0
-0
-0
-0
-0
-0
-0
-0
-0
-0
-0
-0
-0
-0
-0
-0
-0
-0
-0
-0
-0
-0
-0
-0
-0
-0
-0
-0
-0
-0
-0
-0
-0
-0
-0
-0
0
0
0
0
0
0
0
0
0
0
0
0
0
0
0
0
0
0
0
0
0
0
0
0
0
0
0
0
0
0
0
0
0
0
0
0
0
0
0
0
0
0
0
0
0
0
0
0
0
0
-0
-0
-0
-0
-0
-0
-0
-0
-0
-0
-0
-0
-0
-0
-0
-0
-0
-0
-0
-0
-0
-0
-0
-0
-0
-0
-0
-0
-0
-0
-0
-0
-0
-0
-0
-0
-0
-0
-0
-0
-0
-0
-0
-0
-0
-0
-0
-0
-0
-0
0
0
0
0
0
0
0
0
0
0
0
0
0
0
0
0
0
0
0
0
0
0
0
0
0
0
0
0
0
0
0
0
0
0
0
0
0
0
0
0
0
0
0
0
0
0
0
0
0
0
-0
-0
-0
-0
-0
-0
-0
-0
-0
-0
-0
-0
-0
-0
-0
-0
-0
-0
-0
-0
-0
-0
-0
-0
-0
-0
-0
-0
-0
-0
-0
-0
-0
-0
-0
-0
-0
-0
-0
-0
-0
-0
-0
-0
-0
-0
-0
-0
-0
-0
0
0
0
0
0
0
0
0
0
0
0
0
0
0
0
0
0
0
0
0
0
0
0
0
0
0
0
0
0
0
0
0
0
0
0
0
0
0
0
0
0
0
0
0
0
0
0
0
0
-0
-0
-0
-0
-0
-0
-0
-0
-0
-0
-0
-0
-0
-0
-0
-0
-0
-0
-0
-0
-0
-0
-0
-0
-0
-0
-0
-0
-0
-0
-0
-0
-0
-0
-0
-0
-0
-0
-0
-0
-0
-0
-0
-0
-0
-0
-0
-0
-0
-0
-0
0
0
0
0
0
0
0
0
0
0
0
0
0
0
0
0
0
0
0
0
0
0
0
0
0
0
0
0
0
0
0
0
0
0
0
0
0
0
0
0
0
0
0
0
0
0
0
0
0
0
-0
-0
-0
-0
-0
-0
-0
-0
-0
-0
-0
-0
-0
-0
-0
-0
-0
-0
-0
-0
-0
-0
-0
-0
-0
-0
-0
-0
-0
-0
-0
-0
-0
-0
-0
-0
-0
-0
-0
-0
-0
-0
-0
-0
-0
-0
-0
-0
-0
0
0
0
0
0
0
0
0
0
0
0
0
0
0
0
0
0
0
0
0
0
0
0
0
0
0
0
0
0
0
0
0
0
0
0
0
0
0
0
0
0
0
0
0
0
0
0
0
0
0
0
-0
-0
-0
-0
-0
-0
-0
-0
-0
-0
-0
-0
-0
-0
-0
-0
-0
-0
-0
-0
-0
-0
-0
-0
-0
-0
-0
-0
-0
-0
-0
-0
-0
-0
-0
-0
-0
-0
-0
-0
-0
-0
-0
-0
-0
-0
-0
-0
-0
-0
0
0
0
0
0
0
0
0
0
0
0
0
0
0
0
0
0
0
0
0
0
0
0
0
0
0
0
0
0
0
0
0
0
0
0
0
0
0
0
0
0
0
0
0
0
0
0
0
0
0
-0
-0
-0
-0
-0
-0
-0
-0
-0
-0
-0
-0
-0
-0
-0
-0
-0
-0
-0
-0
-0
-0
-0
-0
-0
-0
-0
-0
-0
-0
-0
-0
-0
-0
-0
-0
-0
-0
-0
-0
-0
-0
-0
-0
-0
-0
-0
-0
-0
-0
0
0
0
0
0
0
0
0
0
0
0
0
0
0
0
0
0
0
0
0
0
0
0
0
0
0
0
0
0
0
0
0
0
0
0
0
0
0
0
0
0
0
0
0
0
0
0
0
0
-0
-0
-0
-0
-0
-0
-0
-0
-0
-0
-0
-0
-0
-0
-0
-0
-0
-0
-0
-0
-0
-0
-0
-0
-0
-0
-0
-0
-0
-0
-0
-0
-0
-0
-0
-0
-0
-0
-0
-0
-0
-0
-0
-0
-0
-0
-0
-0
-0
-0
-0
0
0
0
0
0
0
0
0
0
0
0
0
0
0
0
0
0
0
0
0
0
0
0
0
0
0
0
0
0
0
0
0
0
0
0
0
0
0
0
0
0
0
0
0
0
0
0
0
0
-0
-0
-0
-0
-0
-0
-0
-0
-0
-0
-0
-0
-0
-0
-0
-0
-0
-0
-0
-0
-0
-0
-0
-0
-0
-0
-0
-0
-0
-0
-0
-0
-0
-0
-0
-0
-0
-0
-0
-0
-0
-0
-0
-0
-0
-0
-0
-0
-0
-0
-0
0
0
0
0
0
0
0
0
0
0
0
0
0
0
0
0
0
0
0
0
0
0
0
0
0
0
0
0
0
0
0
0
0
0
0
0
0
0
0
0
0
0
0
0
0
0
0
0
0
0
-0
-0
-0
-0
-0
-0
-0
-0
-0
-0
-0
-0
-0
-0
-0
-0
-0
-0
-0
-0
-0
-0
-0
-0
-0
-0
-0
-0
-0
-0
-0
-0
-0
-0
-0
-0
-0
-0
-0
-0
-0
-0
-0
-0
-0
-0
-0
-0
-0
-0
0
0
0
0
0
0
0
0
0
0
0
0
0
0
0
0
0
0
0
0
0
0
0
0
0
0
0
0
0
0
0
0
0
0
0
0
0
0
0
0
0
0
0
0
0
0
0
0
0
0
-0
-0
-0
-0
-0
-0
-0
-0
-0
-0
-0
-0
-0
-0
-0
-0
-0
-0
-0
-0
-0
-0
-0
-0
-0
-0
-0
-0
-0
-0
-0
-0
-0
-0
-0
-0
-0
-0
-0
-0
-0
-0
-0
-0
-0
-0
-0
-0
-0
-0
0
0
0
0
0
0
0
0
0
0
0
0
0
0
0
0
0
0
0
0
0
0
0
0
0
0
0
0
0
0
0
0
0
0
0
0
0
0
0
0
0
0
0
0
0
0
0
0
0
0
-0
-0
-0
-0
-0
-0
-0
-0
-0
-0
-0
-0
-0
-0
-0
-0
-0
-0
-0
-0
-0
-0
-0
-0
-0
-0
-0
-0
-0
-0
-0
-0
-0
-0
-0
-0
-0
-0
-0
-0
-0
-0
-0
-0
-0
-0
-0
-0
-0
-0
0
0
0
0
0
0
0
0
0
0
0
0
0
0
0
0
0
0
0
0
0
0
0
0
0
0
0
0
0
0
0
0
0
0
0
0
0
0
0
0
0
0
0
0
0
0
0
0
0
-0
-0
-0
-0
-0
-0
-0
-0
-0
-0
-0
-0
-0
-0
-0
-0
-0
-0
-0
-0
-0
-0
-0
-0
-0
-0
-0
-0
-0
-0
-0
-0
-0
-0
-0
-0
-0
-0
-0
-0
-0
-0
-0
-0
-0
-0
-0
-0
-0
-0
-0
0
0
0
0
0
0
0
0
0
0
0
0
0
0
0
0
0
0
0
0
0
0
0
0
0
0
0
0
0
0
0
0
0
0
0
0
0
0
0
0
0
0
0
0
0
0
0
0
0
-0
-0
-0
-0
-0
-0
-0
-0
-0
-0
-0
-0
-0
-0
-0
-0
-0
-0
-0
-0
-0
-0
-0
-0
-0
-0
-0
-0
-0
-0
-0
-0
-0
-0
-0
-0
-0
-0
-0
-0
-0
-0
-0
-0
-0
-0
-0
-0
-0
-0
-0
0
0
0
0
0
0
0
0
0
0
0
0
0
0
0
0
0
0
0
0
0
0
0
0
0
0
0
0
0
0
0
0
0
0
0
0
0
0
0
0
0
0
0
0
0
0
0
0
0
0
-0
-0
-0
-0
-0
-0
-0
-0
-0
-0
-0
-0
-0
-0
-0
-0
-0
-0
-0
-0
-0
-0
-0
-0
-0
-0
-0
-0
-0
-0
-0
-0
-0
-0
-0
-0
-0
-0
-0
-0
-0
-0
-0
-0
-0
-0
-0
-0
-0
-0
0
0
0
0
0
0
0
0
0
0
0
0
0
0
0
0
0
0
0
0
0
0
0
0
0
0
0
0
0
0
0
0
0
0
0
0
0
0
0
0
0
0
0
0
0
0
0
0
0
0
-0
-0
-0
-0
-0
-0
-0
-0
-0
-0
-0
-0
-0
-0
-0
-0
-0
-0
-0
-0
-0
-0
-0
-0
-0
-0
-0
-0
-0
-0
-0
-0
-0
-0
-0
-0
-0
-0
-0
-0
-0
-0
-0
-0
-0
-0
-0
-0
-0
-0
0
0
0
0
0
0
0
0
0
0
0
0
0
0
0
0
0
0
0
0
0
0
0
0
0
0
0
0
0
0
0
0
0
0
0
0
0
0
0
0
0
0
0
0
0
0
0
0
0
0
-0
-0
-0
-0
-0
-0
-0
-0
-0
-0
-0
-0
-0
-0
-0
-0
-0
-0
-0
-0
-0
-0
-0
-0
-0
-0
-0
-0
-0
-0
-0
-0
-0
-0
-0
-0
-0
-0
-0
-0
-0
-0
-0
-0
-0
-0
-0
-0
-0
-0
0
0
0
0
0
0
0
0
0
0
0
0
0
0
0
0
0
0
0
0
0
0
0
0
0
0
0
0
0
0
0
0
0
0
0
0
0
0
0
0
0
0
0
0
0
0
0
0
0
-0
-0
-0
-0
-0
-0
-0
-0
-0
-0
-0
-0
-0
-0
-0
-0
-0
-0
-0
-0
-0
-0
-0
-0
-0
-0
-0
-0
-0
-0
-0
-0
-0
-0
-0
-0
-0
-0
-0
-0
-0
-0
-0
-0
-0
-0
-0
-0
-0
-0
-0
0
0
0
0
0
0
0
0
0
0
0
0
0
0
0
0
0
0
0
0
0
0
0
0
0
0
0
0
0
0
0
0
0
0
0
0
0
0
0
0
0
0
0
0
0
0
0
0
0
-0
-0
-0
-0
-0
-0
-0
-0
-0
-0
-0
-0
-0
-0
-0
-0
-0
-0
-0
-0
-0
-0
-0
-0
-0
-0
-0
-0
-0
-0
-0
-0
-0
-0
-0
-0
-0
-0
-0
-0
-0
-0
-0
-0
-0
-0
-0
-0
-0
-0
-0
0
0
0
0
0
0
0
0
0
0
0
0
0
0
0
0
0
0
0
0
0
0
0
0
0
0
0
0
0
0
0
0
0
0
0
0
0
0
0
0
0
0
0
0
0
0
0
0
0
0
-0
-0
-0
-0
-0
-0
-0
-0
-0
-0
-0
-0
-0
-0
-0
-0
-0
-0
-0
-0
-0
-0
-0
-0
-0
-0
-0
-0
-0
-0
-0
-0
-0
-0
-0
-0
-0
-0
-0
-0
-0
-0
-0
-0
-0
-0
-0
-0
-0
-0
0
0
0
0
0
0
0
0
0
0
0
0
0
0
0
0
0
0
0
0
0
0
0
0
0
0
0
0
0
0
0
0
0
0
0
0
0
0
0
0
0
0
0
0
0
0
0
0
0
0
-0
-0
-0
-0
-0
-0
-0
-0
-0
-0
-0
-0
-0
-0
-0
-0
-0
-0
-0
-0
-0
-0
-0
-0
-0
-0
-0
-0
-0
-0
-0
-0
-0
-0
-0
-0
-0
-0
-0
-0
-0
-0
-0
-0
-0
-0
-0
-0
-0
-0
0
0
0
0
0
0
0
0
0
0
0
0
0
0
0
0
0
0
0
0
0
0
0
0
0
0
0
0
0
0
0
0
0
0
0
0
0
0
0
0
0
0
0
0
0
0
0
0
0
0
-0
-0
-0
-0
-0
-0
-0
-0
-0
-0
-0
-0
-0
-0
-0
-0
-0
-0
-0
-0
-0
-0
-0
-0
-0
-0
-0
-0
-0
-0
-0
-0
-0
-0
-0
-0
-0
-0
-0
-0
-0
-0
-0
-0
-0
-0
-0
-0
-0
-0
0
0
0
0
0
0
0
0
0
0
0
0
0
0
0
0
0
0
0
0
0
0
0
0
0
0
0
0
0
0
0
0
0
0
0
0
0
0
0
0
0
0
0
0
0
0
0
0
0
-0
-0
-0
-0
-0
-0
-0
-0
-0
-0
-0
-0
-0
-0
-0
-0
-0
-0
-0
-0
-0
-0
-0
-0
-0
-0
-0
-0
-0
-0
-0
-0
-0
-0
-0
-0
-0
-0
-0
-0
-0
-0
-0
-0
-0
-0
-0
-0
-0
-0
-0
0
0
0
0
0
0
0
0
0
0
0
0
0
0
0
0
0
0
0
0
0
0
0
0
0
0
0
0
0
0
0
0
0
0
0
0
0
0
0
0
0
0
0
0
0
0
0
0
0
-0
-0
-0
-0
-0
-0
-0
-0
-0
-0
-0
-0
-0
-0
-0
-0
-0
-0
-0
-0
-0
-0
-0
-0
-0
-0
-0
-0
-0
-0
-0
-0
-0
-0
-0
-0
-0
-0
-0
-0
-0
-0
-0
-0
-0
-0
-0
-0
-0
-0
-0
0
0
0
0
0
0
0
0
0
0
0
0
0
0
0
0
0
0
0
0
0
0
0
0
0
0
0
0
0
0
0
0
0
0
0
0
0
0
0
0
0
0
0
0
0
0
0
0
0
-0
