-0
-0
-0
-0
-0
-0
-0
-0
-0
-0
-0
-0
-0
-0
-0
-0
-0
-0
-0
-0
-0
-0
-0
-0
-0
-0
-0
-0
-0
-0
-0
-0
-0
-0
-0
-0
-0
-0
-0
-0
-0
-0
-0
-0
-0
-0
-0
-0
-0
-0
-0
0
0
0
0
0
0
0
0
0
0
0
0
0
0
0
0
0
0
0
0
0
0
0
0
0
0
0
0
0
0
0
0
0
0
0
0
0
0
0
0
0
0
0
0
0
0
0
0
0
0
-0
-0
-0
-0
-0
-0
-0
-0
-0
-0
-0
-0
-0
-0
-0
-0
-0
-0
-0
-0
-0
-0
-0
-0
-0
-0
-0
-0
-0
-0
-0
-0
-0
-0
-0
-0
-0
-0
-0
-0
-0
-0
-0
-0
-0
-0
-0
-0
-0
-0
0
0
0
0
0
0
0
0
0
0
0
0
0
0
0
0
0
0
0
0
0
0
0
0
0
0
0
0
0
0
0
0
0
0
0
0
0
0
0
0
0
0
0
0
0
0
0
0
0
0
-0
-0
-0
-0
-0
-0
-0
-0
-0
-0
-0
-0
-0
-0
-0
-0
-0
-0
-0
-0
-0
-0
-0
-0
-0
-0
-0
-0
-0
-0
-0
-0
-0
-0
-0
-0
-0
-0
-0
-0
-0
-0
-0
-0
-0
-0
-0
-0
-0
-0
0
0
0
0
0
0
0
0
0
0
0
0
0
0
0
0
0
0
0
0
0
0
0
0
0
0
0
0
0
0
0
0
0
0
0
0
0
0
0
0
0
0
0
0
0
0
0
0
0
0
-0
-0
-0
-0
-0
-0
-0
-0
-0
-0
-0
-0
-0
-0
-0
-0
-0
-0
-0
-0
-0
-0
-0
-0
-0
-0
-0
-0
-0
-0
-0
-0
-0
-0
-0
-0
-0
-0
-0
-0
-0
-0
-0
-0
-0
-0
-0
-0
-0
0
0
0
0
0
0
0
0
0
0
0
0
0
0
0
0
0
0
0
0
0
0
0
0
0
0
0
0
0
0
0
0
0
0
0
0
0
0
0
0
0
0
0
0
0
0
0
0
0
0
0
-0
-0
-0
-0
-0
-0
-0
-0
-0
-0
-0
-0
-0
-0
-0
-0
-0
-0
-0
-0
-0
-0
-0
-0
-0
-0
-0
-0
-0
-0
-0
-0
-0
-0
-0
-0
-0
-0
-0
-0
-0
-0
-0
-0
-0
-0
-0
-0
-0
-0
0
0
0
0
0
0
0
0
0
0
0
0
0
0
0
0
0
0
0
0
0
0
0
0
0
0
0
0
0
0
0
0
0
0
0
0
0
0
0
0
0
0
0
0
0
0
0
0
0
0
-0
-0
-0
-0
-0
-0
-0
-0
-0
-0
-0
-0
-0
-0
-0
-0
-0
-0
-0
-0
-0
-0
-0
-0
-0
-0
-0
-0
-0
-0
-0
-0
-0
-0
-0
-0
-0
-0
-0
-0
-0
-0
-0
-0
-0
-0
-0
-0
-0
0
0
0
0
0
0
0
0
0
0
0
0
0
0
0
0
0
0
0
0
0
0
0
0
0
0
0
0
0
0
0
0
0
0
0
0
0
0
0
0
0
0
0
0
0
0
0
0
0
0
0
-0
-0
-0
-0
-0
-0
-0
-0
-0
-0
-0
-0
-0
-0
-0
-0
-0
-0
-0
-0
-0
-0
-0
-0
-0
-0
-0
-0
-0
-0
-0
-0
-0
-0
-0
-0
-0
-0
-0
-0
-0
-0
-0
-0
-0
-0
-0
-0
-0
0
0
0
0
0
0
0
0
0
0
0
0
0
0
0
0
0
0
0
0
0
0
0
0
0
0
0
0
0
0
0
0
0
0
0
0
0
0
0
0
0
0
0
0
0
0
0
0
0
0
-0
-0
-0
-0
-0
-0
-0
-0
-0
-0
-0
-0
-0
-0
-0
-0
-0
-0
-0
-0
-0
-0
-0
-0
-0
-0
-0
-0
-0
-0
-0
-0
-0
-0
-0
-0
-0
-0
-0
-0
-0
-0
-0
-0
-0
-0
-0
-0
-0
-0
-0
0
0
0
0
0
0
0
0
0
0
0
0
0
0
0
0
0
0
0
0
0
0
0
0
0
0
0
0
0
0
0
0
0
0
0
0
0
0
0
0
0
0
0
0
0
0
0
0
0
0
-0
-0
-0
-0
-0
-0
-0
-0
-0
-0
-0
-0
-0
-0
-0
-0
-0
-0
-0
-0
-0
-0
-0
-0
-0
-0
-0
-0
-0
-0
-0
-0
-0
-0
-0
-0
-0
-0
-0
-0
-0
-0
-0
-0
-0
-0
-0
-0
-0
-0
0
0
0
0
0
0
0
0
0
0
0
0
0
0
0
0
0
0
0
0
0
0
0
0
0
0
0
0
0
0
0
0
0
0
0
0
0
0
0
0
0
0
0
0
0
0
0
0
0
0
-0
-0
-0
-0
-0
-0
-0
-0
-0
-0
-0
-0
-0
-0
-0
-0
-0
-0
-0
-0
-0
-0
-0
-0
-0
-0
-0
-0
-0
-0
-0
-0
-0
-0
-0
-0
-0
-0
-0
-0
-0
-0
-0
-0
-0
-0
-0
-0
-0
0
0
0
0
0
0
0
0
0
0
0
0
0
0
0
0
0
0
0
0
0
0
0
0
0
0
0
0
0
0
0
0
0
0
0
0
0
0
0
0
0
0
0
0
0
0
0
0
0
0
0
-0
-0
-0
-0
-0
-0
-0
-0
-0
-0
-0
-0
-0
-0
-0
-0
-0
-0
-0
-0
-0
-0
-0
-0
-0
-0
-0
-0
-0
-0
-0
-0
-0
-0
-0
-0
-0
-0
-0
-0
-0
-0
-0
-0
-0
-0
-0
-0
-0
0
0
0
0
0
0
0
0
0
0
0
0
0
0
0
0
0
0
0
0
0
0
0
0
0
0
0
0
0
0
0
0
0
0
0
0
0
0
0
0
0
0
0
0
0
0
0
0
0
0
-0
-0
-0
-0
-0
-0
-0
-0
-0
-0
-0
-0
-0
-0
-0
-0
-0
-0
-0
-0
-0
-0
-0
-0
-0
-0
-0
-0
-0
-0
-0
-0
-0
-0
-0
-0
-0
-0
-0
-0
-0
-0
-0
-0
-0
-0
-0
-0
-0
-0
0
0
0
0
0
0
0
0
0
0
0
0
0
0
0
0
0
0
0
0
0
0
0
0
0
0
0
0
0
0
0
0
0
0
0
0
0
0
0
0
0
0
0
0
0
0
0
0
0
0
0
-0
-0
-0
-0
-0
-0
-0
-0
-0
-0
-0
-0
-0
-0
-0
-0
-0
-0
-0
-0
-0
-0
-0
-0
-0
-0
-0
-0
-0
-0
-0
-0
-0
-0
-0
-0
-0
-0
-0
-0
-0
-0
-0
-0
-0
-0
-0
-0
-0
0
0
0
0
0
0
0
0
0
0
0
0
0
0
0
0
0
0
0
0
0
0
0
0
0
0
0
0
0
0
0
0
0
0
0
0
0
0
0
0
0
0
0
0
0
0
0
0
0
0
-0
-0
-0
-0
-0
-0
-0
-0
-0
-0
-0
-0
-0
-0
-0
-0
-0
-0
-0
-0
-0
-0
-0
-0
-0
-0
-0
-0
-0
-0
-0
-0
-0
-0
-0
-0
-0
-0
-0
-0
-0
-0
-0
-0
-0
-0
-0
-0
-0
-0
0
0
0
0
0
0
0
0
0
0
0
0
0
0
0
0
0
0
0
0
0
0
0
0
0
0
0
0
0
0
0
0
0
0
0
0
0
0
0
0
0
0
0
0
0
0
0
0
0
0
-0
-0
-0
-0
-0
-0
-0
-0
-0
-0
-0
-0
-0
-0
-0
-0
-0
-0
-0
-0
-0
-0
-0
-0
-0
-0
-0
-0
-0
-0
-0
-0
-0
-0
-0
-0
-0
-0
-0
-0
-0
-0
-0
-0
-0
-0
-0
-0
-0
-0
0
0
0
0
0
0
0
0
0
0
0
0
0
0
0
0
0
0
0
0
0
0
0
0
0
0
0
0
0
0
0
0
0
0
0
0
0
0
0
0
0
0
0
0
0
0
0
0
0
0
0
-0
-0
-0
-0
-0
-0
-0
-0
-0
-0
-0
-0
-0
-0
-0
-0
-0
-0
-0
-0
-0
-0
-0
-0
-0
-0
-0
-0
-0
-0
-0
-0
-0
-0
-0
-0
-0
-0
-0
-0
-0
-0
-0
-0
-0
-0
-0
-0
-0
-0
0
0
0
0
0
0
0
0
0
0
0
0
0
0
0
0
0
0
0
0
0
0
0
0
0
0
0
0
0
0
0
0
0
0
0
0
0
0
0
0
0
0
0
0
0
0
0
0
0
0
-0
-0
-0
-0
-0
-0
-0
-0
-0
-0
-0
-0
-0
-0
-0
-0
-0
-0
-0
-0
-0
-0
-0
-0
-0
-0
-0
-0
-0
-0
-0
-0
-0
-0
-0
-0
-0
-0
-0
-0
-0
-0
-0
-0
-0
-0
-0
-0
-0
-0
0
0
0
0
0
0
0
0
0
0
0
0
0
0
0
0
0
0
0
0
0
0
0
0
0
0
0
0
0
0
0
0
0
0
0
0
0
0
0
0
0
0
0
0
0
0
0
0
0
0
-0
-0
-0
-0
-0
-0
-0
-0
-0
-0
-0
-0
-0
-0
-0
-0
-0
-0
-0
-0
-0
-0
-0
-0
-0
-0
-0
-0
-0
-0
-0
-0
-0
-0
-0
-0
-0
-0
-0
-0
-0
-0
-0
-0
-0
-0
-0
-0
-0
-0
0
0
0
0
0
0
0
0
0
0
0
0
0
0
0
0
0
0
0
0
0
0
0
0
0
0
0
0
0
0
0
0
0
0
0
0
0
0
0
0
0
0
0
0
0
0
0
0
0
0
-0
-0
-0
-0
-0
-0
-0
-0
-0
-0
-0
-0
-0
-0
-0
-0
-0
-0
-0
-0
-0
-0
-0
-0
-0
-0
-0
-0
-0
-0
-0
-0
-0
-0
-0
-0
-0
-0
-0
-0
-0
-0
-0
-0
-0
-0
-0
-0
-0
-0
0
0
0
0
0
0
0
0
0
0
0
0
0
0
0
0
0
0
0
0
0
0
0
0
0
0
0
0
0
0
0
0
0
0
0
0
0
0
0
0
0
0
0
0
0
0
0
0
0
-0
-0
-0
-0
-0
-0
-0
-0
-0
-0
-0
-0
-0
-0
-0
-0
-0
-0
-0
-0
-0
-0
-0
-0
-0
-0
-0
-0
-0
-0
-0
-0
-0
-0
-0
-0
-0
-0
-0
-0
-0
-0
-0
-0
-0
-0
-0
-0
-0
-0
-0
0
0
0
0
0
0
0
0
0
0
0
0
0
0
0
0
0
0
0
0
0
0
0
0
0
0
0
0
0
0
0
0
0
0
0
0
0
0
0
0
0
0
0
0
0
0
0
0
0
0
-7.5349e-09
-3.008e-08
-6.7457e-08
-1.1937e-07
-1.8541e-07
-2.6505e-07
-3.5765e-07
-4.6248e-07
-5.7869e-07
-7.0534e-07
-8.414e-07
-9.8575e-07
-1.1372e-06
-1.2945e-06
-1.4562e-06
-1.6211e-06
-1.7877e-06
-1.9544e-06
-2.1199e-06
-2.2825e-06
-2.4408e-06
-2.5932e-06
-2.7382e-06
-2.8743e-06
-3e-06
-3.1138e-06
-3.2145e-06
-3.3005e-06
-3.3707e-06
-3.4238e-06
-3.4588e-06
-3.4745e-06
-3.4702e-06
-3.4449e-06
-3.3979e-06
-3.3286e-06
-3.2366e-06
-3.1215e-06
-2.9831e-06
-2.8214e-06
-2.6363e-06
-2.428e-06
-2.197e-06
-1.9437e-06
-1.6687e-06
-1.3728e-06
-1.0568e-06
-7.2192e-07
-3.6921e-07
-9.4075e-20
3.8428e-07
7.8208e-07
1.1917e-06
1.6115e-06
2.0395e-06
2.4738e-06
2.9123e-06
3.353e-06
3.7937e-06
4.2321e-06
4.6659e-06
5.093e-06
5.511e-06
5.9175e-06
6.3103e-06
6.6871e-06
7.0455e-06
7.3834e-06
7.6985e-06
7.9889e-06
8.2523e-06
8.487e-06
8.6909e-06
8.8625e-06
9e-06
9.102e-06
9.1671e-06
9.1942e-06
9.1822e-06
9.1301e-06
9.0374e-06
8.9035e-06
8.728e-06
8.5108e-06
8.252e-06
7.9517e-06
7.6104e-06
7.2288e-06
6.8077e-06
6.3481e-06
5.8512e-06
5.3186e-06
4.7517e-06
4.1524e-06
3.5228e-06
2.8649e-06
2.1811e-06
1.4739e-06
7.4595e-07
-2.3543e-20
-7.6102e-07
-1.5341e-06
-2.316e-06
-3.1036e-06
-3.8936e-06
-4.6825e-06
-5.467e-06
-6.2435e-06
-7.0086e-06
-7.7588e-06
-8.4905e-06
-9.2003e-06
-9.8848e-06
-1.0541e-05
-1.1164e-05
-1.1753e-05
-1.2303e-05
-1.2812e-05
-1.3277e-05
-1.3695e-05
-1.4064e-05
-1.4381e-05
-1.4644e-05
-1.4851e-05
-1.5e-05
-1.509e-05
-1.512e-05
-1.5088e-05
-1.4994e-05
-1.4836e-05
-1.4616e-05
-1.4332e-05
-1.3986e-05
-1.3577e-05
-1.3106e-05
-1.2575e-05
-1.1984e-05
-1.1336e-05
-1.0632e-05
-9.8748e-06
-9.0662e-06
-8.2091e-06
-7.3064e-06
-6.3612e-06
-5.3769e-06
-4.357e-06
-3.3054e-06
-2.2259e-06
-1.1227e-06
-1.5874e-19
1.1378e-06
2.2861e-06
3.4403e-06
4.5958e-06
5.7477e-06
6.8913e-06
8.0217e-06
9.134e-06
1.0224e-05
1.1285e-05
1.2315e-05
1.3308e-05
1.4259e-05
1.5164e-05
1.6019e-05
1.6819e-05
1.7561e-05
1.8241e-05
1.8856e-05
1.9402e-05
1.9875e-05
2.0274e-05
2.0596e-05
2.0839e-05
2.1e-05
2.1078e-05
2.1073e-05
2.0982e-05
2.0805e-05
2.0543e-05
2.0195e-05
1.9761e-05
1.9244e-05
1.8643e-05
1.796e-05
1.7198e-05
1.6358e-05
1.5443e-05
1.4457e-05
1.3402e-05
1.2281e-05
1.11e-05
9.861e-06
8.5699e-06
7.231e-06
5.8492e-06
4.4297e-06
2.9779e-06
1.4994e-06
-2.1174e-19
-1.5145e-06
-3.0381e-06
-4.5646e-06
-6.0879e-06
-7.6018e-06
-9.1e-06
-1.0576e-05
-1.2025e-05
-1.3439e-05
-1.4812e-05
-1.614e-05
-1.7415e-05
-1.8632e-05
-1.9787e-05
-2.0873e-05
-2.1885e-05
-2.2819e-05
-2.367e-05
-2.4435e-05
-2.5108e-05
-2.5687e-05
-2.6168e-05
-2.6549e-05
-2.6827e-05
-2.7e-05
-2.7066e-05
-2.7025e-05
-2.6875e-05
-2.6617e-05
-2.6249e-05
-2.5773e-05
-2.519e-05
-2.4502e-05
-2.3709e-05
-2.2814e-05
-2.1821e-05
-2.0732e-05
-1.9551e-05
-1.8281e-05
-1.6928e-05
-1.5496e-05
-1.399e-05
-1.2416e-05
-1.0779e-05
-9.0851e-06
-7.3413e-06
-5.554e-06
-3.7299e-06
-1.8762e-06
-5.8746e-20
1.8913e-06
3.7901e-06
5.6889e-06
7.5801e-06
9.4559e-06
1.1309e-05
1.3131e-05
1.4915e-05
1.6653e-05
1.8339e-05
1.9964e-05
2.1522e-05
2.3006e-05
2.441e-05
2.5727e-05
2.6951e-05
2.8077e-05
2.9099e-05
3.0013e-05
3.0814e-05
3.1498e-05
3.2062e-05
3.2502e-05
3.2815e-05
3.3e-05
3.3055e-05
3.2978e-05
3.2769e-05
3.2428e-05
3.1955e-05
3.1352e-05
3.0619e-05
2.9759e-05
2.8775e-05
2.7668e-05
2.6444e-05
2.5106e-05
2.3658e-05
2.2106e-05
2.0455e-05
1.8711e-05
1.6881e-05
1.497e-05
1.2987e-05
1.0939e-05
8.8335e-06
6.6783e-06
4.4819e-06
2.2529e-06
-5.6458e-19
-2.268e-06
-4.5421e-06
-6.8132e-06
-9.0722e-06
-1.131e-05
-1.3518e-05
-1.5686e-05
-1.7806e-05
-1.9868e-05
-2.1866e-05
-2.3789e-05
-2.5629e-05
-2.738e-05
-2.9033e-05
-3.0581e-05
-3.2017e-05
-3.3335e-05
-3.4528e-05
-3.5592e-05
-3.6521e-05
-3.731e-05
-3.7956e-05
-3.8454e-05
-3.8803e-05
-3.9e-05
-3.9043e-05
-3.8931e-05
-3.8663e-05
-3.824e-05
-3.7662e-05
-3.6931e-05
-3.6048e-05
-3.5017e-05
-3.3841e-05
-3.2522e-05
-3.1067e-05
-2.9479e-05
-2.7765e-05
-2.593e-05
-2.3982e-05
-2.1926e-05
-1.9771e-05
-1.7525e-05
-1.5196e-05
-1.2793e-05
-1.0326e-05
-7.8026e-06
-5.2339e-06
-2.6297e-06
2.059e-19
2.6447e-06
5.2941e-06
7.9375e-06
1.0564e-05
1.3164e-05
1.5726e-05
1.824e-05
2.0696e-05
2.3083e-05
2.5392e-05
2.7613e-05
2.9737e-05
3.1754e-05
3.3656e-05
3.5435e-05
3.7083e-05
3.8593e-05
3.9957e-05
4.1171e-05
4.2227e-05
4.3121e-05
4.3849e-05
4.4407e-05
4.4791e-05
4.5e-05
4.5031e-05
4.4883e-05
4.4557e-05
4.4051e-05
4.3368e-05
4.2509e-05
4.1477e-05
4.0275e-05
3.8907e-05
3.7377e-05
3.569e-05
3.3853e-05
3.1873e-05
2.9755e-05
2.7508e-05
2.5141e-05
2.2662e-05
2.008e-05
1.7405e-05
1.4647e-05
1.1818e-05
8.9268e-06
5.9859e-06
3.0064e-06
2.8216e-19
-3.0215e-06
-6.0461e-06
-9.0618e-06
-1.2056e-05
-1.5018e-05
-1.7935e-05
-2.0795e-05
-2.3587e-05
-2.6298e-05
-2.8919e-05
-3.1438e-05
-3.3844e-05
-3.6128e-05
-3.8279e-05
-4.0289e-05
-4.2149e-05
-4.385e-05
-4.5386e-05
-4.6749e-05
-4.7933e-05
-4.8933e-05
-4.9743e-05
-5.036e-05
-5.078e-05
-5.1e-05
-5.1019e-05
-5.0836e-05
-5.045e-05
-4.9863e-05
-4.9075e-05
-4.8088e-05
-4.6906e-05
-4.5533e-05
-4.3973e-05
-4.2231e-05
-4.0313e-05
-3.8227e-05
-3.598e-05
-3.3579e-05
-3.1035e-05
-2.8356e-05
-2.5552e-05
-2.2634e-05
-1.9614e-05
-1.6502e-05
-1.331e-05
-1.0051e-05
-6.7379e-06
-3.3832e-06
6.3519e-19
3.3982e-06
6.7981e-06
1.0186e-05
1.3549e-05
1.6872e-05
2.0144e-05
2.335e-05
2.6477e-05
2.9513e-05
3.2446e-05
3.5262e-05
3.7951e-05
4.0501e-05
4.2902e-05
4.5143e-05
4.7215e-05
4.9108e-05
5.0815e-05
5.2328e-05
5.364e-05
5.4744e-05
5.5637e-05
5.6312e-05
5.6768e-05
5.7e-05
5.7007e-05
5.6789e-05
5.6344e-05
5.5674e-05
5.4781e-05
5.3667e-05
5.2335e-05
5.0791e-05
4.9039e-05
4.7085e-05
4.4936e-05
4.2601e-05
4.0087e-05
3.7404e-05
3.4562e-05
3.1571e-05
2.8443e-05
2.5189e-05
2.1822e-05
1.8356e-05
1.4802e-05
1.1175e-05
7.4899e-06
3.7599e-06
-5.8932e-20
-3.775e-06
-7.5501e-06
-1.131e-05
-1.5041e-05
-1.8726e-05
-2.2353e-05
-2.5904e-05
-2.9368e-05
-3.2728e-05
-3.5972e-05
-3.9087e-05
-4.2059e-05
-4.4875e-05
-4.7525e-05
-4.9997e-05
-5.2281e-05
-5.4366e-05
-5.6244e-05
-5.7906e-05
-5.9346e-05
-6.0556e-05
-6.153e-05
-6.2265e-05
-6.2756e-05
-6.3e-05
-6.2995e-05
-6.2741e-05
-6.2238e-05
-6.1486e-05
-6.0487e-05
-5.9245e-05
-5.7764e-05
-5.6049e-05
-5.4105e-05
-5.1939e-05
-4.9559e-05
-4.6975e-05
-4.4194e-05
-4.1229e-05
-3.8088e-05
-3.4786e-05
-3.1333e-05
-2.7744e-05
-2.4031e-05
-2.021e-05
-1.6294e-05
-1.23e-05
-8.2419e-06
-4.1366e-06
1.2291e-18
4.1517e-06
8.3021e-06
1.2435e-05
1.6533e-05
2.0581e-05
2.4561e-05
2.8459e-05
3.2258e-05
3.5943e-05
3.9499e-05
4.2911e-05
4.6166e-05
4.9249e-05
5.2148e-05
5.4851e-05
5.7347e-05
5.9624e-05
6.1673e-05
6.3485e-05
6.5052e-05
6.6367e-05
6.7424e-05
6.8218e-05
6.8744e-05
6.9e-05
6.8984e-05
6.8694e-05
6.8131e-05
6.7297e-05
6.6194e-05
6.4824e-05
6.3193e-05
6.1306e-05
5.9171e-05
5.6793e-05
5.4182e-05
5.1349e-05
4.8302e-05
4.5053e-05
4.1615e-05
3.8001e-05
3.4224e-05
3.0298e-05
2.624e-05
2.2064e-05
1.7786e-05
1.3424e-05
8.9939e-06
4.5134e-06
-5.6467e-19
-4.5285e-06
-9.0541e-06
-1.3559e-05
-1.8025e-05
-2.2435e-05
-2.677e-05
-3.1014e-05
-3.5149e-05
-3.9158e-05
-4.3026e-05
-4.6736e-05
-5.0273e-05
-5.3623e-05
-5.6771e-05
-5.9705e-05
-6.2413e-05
-6.4882e-05
-6.7102e-05
-6.9064e-05
-7.0759e-05
-7.2179e-05
-7.3318e-05
-7.417e-05
-7.4732e-05
-7.5e-05
-7.4972e-05
-7.4647e-05
-7.4025e-05
-7.3109e-05
-7.19e-05
-7.0403e-05
-6.8622e-05
-6.6564e-05
-6.4236e-05
-6.1647e-05
-5.8806e-05
-5.5722e-05
-5.2409e-05
-4.8878e-05
-4.5142e-05
-4.1216e-05
-3.7114e-05
-3.2853e-05
-2.8449e-05
-2.3918e-05
-1.9278e-05
-1.4548e-05
-9.7459e-06
-4.8901e-06
-2.2916e-19
4.9052e-06
9.8061e-06
1.4683e-05
1.9517e-05
2.4289e-05
2.8979e-05
3.3568e-05
3.8039e-05
4.2373e-05
4.6553e-05
5.056e-05
5.438e-05
5.7997e-05
6.1394e-05
6.456e-05
6.7479e-05
7.014e-05
7.2531e-05
7.4642e-05
7.6465e-05
7.799e-05
7.9212e-05
8.0123e-05
8.072e-05
8.1e-05
8.096e-05
8.0599e-05
7.9919e-05
7.892e-05
7.7606e-05
7.5981e-05
7.4051e-05
7.1822e-05
6.9302e-05
6.6501e-05
6.3429e-05
6.0096e-05
5.6516e-05
5.2702e-05
4.8669e-05
4.4431e-05
4.0005e-05
3.5408e-05
3.0657e-05
2.5772e-05
2.0771e-05
1.5673e-05
1.0498e-05
5.2669e-06
-1.2351e-18
-5.2819e-06
-1.0558e-05
-1.5807e-05
-2.1009e-05
-2.6143e-05
-3.1188e-05
-3.6123e-05
-4.093e-05
-4.5588e-05
-5.0079e-05
-5.4385e-05
-5.8488e-05
-6.2371e-05
-6.6018e-05
-6.9414e-05
-7.2545e-05
-7.5397e-05
-7.796e-05
-8.0221e-05
-8.2171e-05
-8.3802e-05
-8.5105e-05
-8.6076e-05
-8.6709e-05
-8.7e-05
-8.6948e-05
-8.6552e-05
-8.5813e-05
-8.4732e-05
-8.3313e-05
-8.156e-05
-7.948e-05
-7.708e-05
-7.4368e-05
-7.1355e-05
-6.8052e-05
-6.447e-05
-6.0623e-05
-5.6527e-05
-5.2195e-05
-4.7646e-05
-4.2895e-05
-3.7962e-05
-3.2866e-05
-2.7626e-05
-2.2263e-05
-1.6797e-05
-1.125e-05
-5.6436e-06
3.5303e-19
5.6587e-06
1.131e-05
1.6932e-05
2.2501e-05
2.7997e-05
3.3396e-05
3.8678e-05
4.382e-05
4.8803e-05
5.3606e-05
5.821e-05
6.2595e-05
6.6744e-05
7.0641e-05
7.4268e-05
7.7611e-05
8.0655e-05
8.3389e-05
8.58e-05
8.7878e-05
8.9613e-05
9.0999e-05
9.2029e-05
9.2697e-05
9.3e-05
9.2936e-05
9.2505e-05
9.1706e-05
9.0543e-05
8.9019e-05
8.7139e-05
8.4909e-05
8.2338e-05
7.9434e-05
7.6209e-05
7.2675e-05
6.8844e-05
6.4731e-05
6.0351e-05
5.5722e-05
5.0861e-05
4.5786e-05
4.0517e-05
3.5075e-05
2.948e-05
2.3755e-05
1.7921e-05
1.2002e-05
6.0204e-06
-2.0701e-18
-6.0354e-06
-1.2062e-05
-1.8056e-05
-2.3994e-05
-2.9851e-05
-3.5605e-05
-4.1232e-05
-4.6711e-05
-5.2018e-05
-5.7133e-05
-6.2034e-05
-6.6702e-05
-7.1118e-05
-7.5264e-05
-7.9122e-05
-8.2677e-05
-8.5913e-05
-8.8818e-05
-9.1378e-05
-9.3584e-05
-9.5425e-05
-9.6893e-05
-9.7981e-05
-9.8685e-05
-9.9e-05
-9.8924e-05
-9.8457e-05
-9.76e-05
-9.6355e-05
-9.4725e-05
-9.2717e-05
-9.0338e-05
-8.7596e-05
-8.45e-05
-8.1064e-05
-7.7298e-05
-7.3218e-05
-6.8838e-05
-6.4176e-05
-5.9249e-05
-5.4076e-05
-4.8676e-05
-4.3072e-05
-3.7284e-05
-3.1334e-05
-2.5247e-05
-1.9045e-05
-1.2754e-05
-6.3971e-06
1.0999e-18
6.4122e-06
1.2814e-05
1.918e-05
2.5486e-05
3.1705e-05
3.7814e-05
4.3787e-05
4.9601e-05
5.5233e-05
6.0659e-05
6.5859e-05
7.081e-05
7.5492e-05
7.9887e-05
8.3976e-05
8.7743e-05
9.1171e-05
9.4247e-05
9.6957e-05
9.929e-05
0.00010124
0.00010279
0.00010393
0.00010467
0.000105
0.00010491
0.00010441
0.00010349
0.00010217
0.00010043
9.8296e-05
9.5767e-05
9.2853e-05
8.9566e-05
8.5918e-05
8.1921e-05
7.7591e-05
7.2945e-05
6.8e-05
6.2775e-05
5.7291e-05
5.1567e-05
4.5627e-05
3.9492e-05
3.3188e-05
2.6739e-05
2.017e-05
1.3506e-05
6.7738e-06
-2.674e-22
-6.7889e-06
-1.3566e-05
-2.0305e-05
-2.6978e-05
-3.3559e-05
-4.0023e-05
-4.6342e-05
-5.2492e-05
-5.8448e-05
-6.4186e-05
-6.9683e-05
-7.4917e-05
-7.9866e-05
-8.451e-05
-8.883e-05
-9.2809e-05
-9.6429e-05
-9.9676e-05
-0.00010254
-0.000105
-0.00010705
-0.00010868
-0.00010989
-0.00011066
-0.000111
-0.0001109
-0.00011036
-0.00010939
-0.00010798
-0.00010614
-0.00010387
-0.0001012
-9.8111e-05
-9.4632e-05
-9.0772e-05
-8.6544e-05
-8.1965e-05
-7.7053e-05
-7.1825e-05
-6.6302e-05
-6.0506e-05
-5.4457e-05
-4.8181e-05
-4.1701e-05
-3.5043e-05
-2.8231e-05
-2.1294e-05
-1.4258e-05
-7.1506e-06
2.0114e-18
7.1657e-06
1.4318e-05
2.1429e-05
2.847e-05
3.5413e-05
4.2231e-05
4.8896e-05
5.5382e-05
6.1663e-05
6.7713e-05
7.3508e-05
7.9024e-05
8.424e-05
8.9133e-05
9.3684e-05
9.7874e-05
0.00010169
0.0001051
0.00010811
0.0001107
0.00011286
0.00011457
0.00011584
0.00011665
0.000117
0.00011689
0.00011632
0.00011528
0.00011379
0.00011184
0.00010945
0.00010662
0.00010337
9.9698e-05
9.5626e-05
9.1167e-05
8.6339e-05
8.116e-05
7.5649e-05
6.9829e-05
6.3721e-05
5.7348e-05
5.0736e-05
4.391e-05
3.6897e-05
2.9723e-05
2.2418e-05
1.501e-05
7.5273e-06
2.587e-18
-7.5349e-06
-1.504e-05
-2.2486e-05
-2.9843e-05
-3.7082e-05
-4.4175e-05
-5.1094e-05
-5.781e-05
-6.4299e-05
-7.0534e-05
-7.6491e-05
-8.2146e-05
-8.7476e-05
-9.2462e-05
-9.7082e-05
-0.00010132
-0.00010516
-0.00010858
-0.00011157
-0.00011413
-0.00011623
-0.00011787
-0.00011905
-0.00011976
-0.00012
-0.00011976
-0.00011905
-0.00011787
-0.00011623
-0.00011413
-0.00011157
-0.00010858
-0.00010516
-0.00010132
-9.7082e-05
-9.2462e-05
-8.7476e-05
-8.2146e-05
-7.6491e-05
-7.0534e-05
-6.4299e-05
-5.781e-05
-5.1094e-05
-4.4175e-05
-3.7082e-05
-2.9843e-05
-2.2486e-05
-1.504e-05
-7.5349e-06
-4.7012e-19
7.5349e-06
1.504e-05
2.2486e-05
2.9843e-05
3.7082e-05
4.4175e-05
5.1094e-05
5.781e-05
6.4299e-05
7.0534e-05
7.6491e-05
8.2146e-05
8.7476e-05
9.2462e-05
9.7082e-05
0.00010132
0.00010516
0.00010858
0.00011157
0.00011413
0.00011623
0.00011787
0.00011905
0.00011976
0.00012
0.00011976
0.00011905
0.00011787
0.00011623
0.00011413
0.00011157
0.00010858
0.00010516
0.00010132
9.7082e-05
9.2462e-05
8.7476e-05
8.2146e-05
7.6491e-05
7.0534e-05
6.4299e-05
5.781e-05
5.1094e-05
4.4175e-05
3.7082e-05
2.9843e-05
2.2486e-05
1.504e-05
7.5349e-06
1.7638e-18
-7.5349e-06
-1.504e-05
-2.2486e-05
-2.9843e-05
-3.7082e-05
-4.4175e-05
-5.1094e-05
-5.781e-05
-6.4299e-05
-7.0534e-05
-7.6491e-05
-8.2146e-05
-8.7476e-05
-9.2462e-05
-9.7082e-05
-0.00010132
-0.00010516
-0.00010858
-0.00011157
-0.00011413
-0.00011623
-0.00011787
-0.00011905
-0.00011976
-0.00012
-0.00011976
-0.00011905
-0.00011787
-0.00011623
-0.00011413
-0.00011157
-0.00010858
-0.00010516
-0.00010132
-9.7082e-05
-9.2462e-05
-8.7476e-05
-8.2146e-05
-7.6491e-05
-7.0534e-05
-6.4299e-05
-5.781e-05
-5.1094e-05
-4.4175e-05
-3.7082e-05
-2.9843e-05
-2.2486e-05
-1.504e-05
-7.5349e-06
-3.0575e-18
7.5349e-06
1.504e-05
2.2486e-05
2.9843e-05
3.7082e-05
4.4175e-05
5.1094e-05
5.781e-05
6.4299e-05
7.0534e-05
7.6491e-05
8.2146e-05
8.7476e-05
9.2462e-05
9.7082e-05
0.00010132
0.00010516
0.00010858
0.00011157
0.00011413
0.00011623
0.00011787
0.00011905
0.00011976
0.00012
0.00011976
0.00011905
0.00011787
0.00011623
0.00011413
0.00011157
0.00010858
0.00010516
0.00010132
9.7082e-05
9.2462e-05
8.7476e-05
8.2146e-05
7.6491e-05
7.0534e-05
6.4299e-05
5.781e-05
5.1094e-05
4.4175e-05
3.7082e-05
2.9843e-05
2.2486e-05
1.504e-05
7.5349e-06
9.4053e-19
-7.5349e-06
-1.504e-05
-2.2486e-05
-2.9843e-05
-3.7082e-05
-4.4175e-05
-5.1094e-05
-5.781e-05
-6.4299e-05
-7.0534e-05
-7.6491e-05
-8.2146e-05
-8.7476e-05
-9.2462e-05
-9.7082e-05
-0.00010132
-0.00010516
-0.00010858
-0.00011157
-0.00011413
-0.00011623
-0.00011787
-0.00011905
-0.00011976
-0.00012
-0.00011976
-0.00011905
-0.00011787
-0.00011623
-0.00011413
-0.00011157
-0.00010858
-0.00010516
-0.00010132
-9.7082e-05
-9.2462e-05
-8.7476e-05
-8.2146e-05
-7.6491e-05
-7.0534e-05
-6.4299e-05
-5.781e-05
-5.1094e-05
-4.4175e-05
-3.7082e-05
-2.9843e-05
-2.2486e-05
-1.504e-05
-7.5349e-06
-2.2342e-18
7.5349e-06
1.504e-05
2.2486e-05
2.9843e-05
3.7082e-05
4.4175e-05
5.1094e-05
5.781e-05
6.4299e-05
7.0534e-05
7.6491e-05
8.2146e-05
8.7476e-05
9.2462e-05
9.7082e-05
0.00010132
0.00010516
0.00010858
0.00011157
0.00011413
0.00011623
0.00011787
0.00011905
0.00011976
0.00012
0.00011976
0.00011905
0.00011787
0.00011623
0.00011413
0.00011157
0.00010858
0.00010516
0.00010132
9.7082e-05
9.2462e-05
8.7476e-05
8.2146e-05
7.6491e-05
7.0534e-05
6.4299e-05
5.781e-05
5.1094e-05
4.4175e-05
3.7082e-05
2.9843e-05
2.2486e-05
1.504e-05
7.5349e-06
1.1727e-19
-7.5349e-06
-1.504e-05
-2.2486e-05
-2.9843e-05
-3.7082e-05
-4.4175e-05
-5.1094e-05
-5.781e-05
-6.4299e-05
-7.0534e-05
-7.6491e-05
-8.2146e-05
-8.7476e-05
-9.2462e-05
-9.7082e-05
-0.00010132
-0.00010516
-0.00010858
-0.00011157
-0.00011413
-0.00011623
-0.00011787
-0.00011905
-0.00011976
-0.00012
-0.00011976
-0.00011905
-0.00011787
-0.00011623
-0.00011413
-0.00011157
-0.00010858
-0.00010516
-0.00010132
-9.7082e-05
-9.2462e-05
-8.7476e-05
-8.2146e-05
-7.6491e-05
-7.0534e-05
-6.4299e-05
-5.781e-05
-5.1094e-05
-4.4175e-05
-3.7082e-05
-2.9843e-05
-2.2486e-05
-1.504e-05
-7.5349e-06
-1.4109e-18
7.5349e-06
1.504e-05
2.2486e-05
2.9843e-05
3.7082e-05
4.4175e-05
5.1094e-05
5.781e-05
6.4299e-05
7.0534e-05
7.6491e-05
8.2146e-05
8.7476e-05
9.2462e-05
9.7082e-05
0.00010132
0.00010516
0.00010858
0.00011157
0.00011413
0.00011623
0.00011787
0.00011905
0.00011976
0.00012
0.00011976
0.00011905
0.00011787
0.00011623
0.00011413
0.00011157
0.00010858
0.00010516
0.00010132
9.7082e-05
9.2462e-05
8.7476e-05
8.2146e-05
7.6491e-05
7.0534e-05
6.4299e-05
5.781e-05
5.1094e-05
4.4175e-05
3.7082e-05
2.9843e-05
2.2486e-05
1.504e-05
7.5349e-06
2.7046e-18
-7.5349e-06
-1.504e-05
-2.2486e-05
-2.9843e-05
-3.7082e-05
-4.4175e-05
-5.1094e-05
-5.781e-05
-6.4299e-05
-7.0534e-05
-7.6491e-05
-8.2146e-05
-8.7476e-05
-9.2462e-05
-9.7082e-05
-0.00010132
-0.00010516
-0.00010858
-0.00011157
-0.00011413
-0.00011623
-0.00011787
-0.00011905
-0.00011976
-0.00012
-0.00011976
-0.00011905
-0.00011787
-0.00011623
-0.00011413
-0.00011157
-0.00010858
-0.00010516
-0.00010132
-9.7082e-05
-9.2462e-05
-8.7476e-05
-8.2146e-05
-7.6491e-05
-7.0534e-05
-6.4299e-05
-5.781e-05
-5.1094e-05
-4.4175e-05
-3.7082e-05
-2.9843e-05
-2.2486e-05
-1.504e-05
-7.5349e-06
-5.8768e-19
7.5349e-06
1.504e-05
2.2486e-05
2.9843e-05
3.7082e-05
4.4175e-05
5.1094e-05
5.781e-05
6.4299e-05
7.0534e-05
7.6491e-05
8.2146e-05
8.7476e-05
9.2462e-05
9.7082e-05
0.00010132
0.00010516
0.00010858
0.00011157
0.00011413
0.00011623
0.00011787
0.00011905
0.00011976
0.00012
0.00011976
0.00011905
0.00011787
0.00011623
0.00011413
0.00011157
0.00010858
0.00010516
0.00010132
9.7082e-05
9.2462e-05
8.7476e-05
8.2146e-05
7.6491e-05
7.0534e-05
6.4299e-05
5.781e-05
5.1094e-05
4.4175e-05
3.7082e-05
2.9843e-05
2.2486e-05
1.504e-05
7.5349e-06
1.8814e-18
-7.5349e-06
-1.504e-05
-2.2486e-05
-2.9843e-05
-3.7082e-05
-4.4175e-05
-5.1094e-05
-5.781e-05
-6.4299e-05
-7.0534e-05
-7.6491e-05
-8.2146e-05
-8.7476e-05
-9.2462e-05
-9.7082e-05
-0.00010132
-0.00010516
-0.00010858
-0.00011157
-0.00011413
-0.00011623
-0.00011787
-0.00011905
-0.00011976
-0.00012
-0.00011976
-0.00011905
-0.00011787
-0.00011623
-0.00011413
-0.00011157
-0.00010858
-0.00010516
-0.00010132
-9.7082e-05
-9.2462e-05
-8.7476e-05
-8.2146e-05
-7.6491e-05
-7.0534e-05
-6.4299e-05
-5.781e-05
-5.1094e-05
-4.4175e-05
-3.7082e-05
-2.9843e-05
-2.2486e-05
-1.504e-05
-7.5349e-06
2.3558e-19
7.5349e-06
1.504e-05
2.2486e-05
2.9843e-05
3.7082e-05
4.4175e-05
5.1094e-05
5.781e-05
6.4299e-05
7.0534e-05
7.6491e-05
8.2146e-05
8.7476e-05
9.2462e-05
9.7082e-05
0.00010132
0.00010516
0.00010858
0.00011157
0.00011413
0.00011623
0.00011787
0.00011905
0.00011976
0.00012
0.00011976
0.00011905
0.00011787
0.00011623
0.00011413
0.00011157
0.00010858
0.00010516
0.00010132
9.7082e-05
9.2462e-05
8.7476e-05
8.2146e-05
7.6491e-05
7.0534e-05
6.4299e-05
5.781e-05
5.1094e-05
4.4175e-05
3.7082e-05
2.9843e-05
2.2486e-05
1.504e-05
7.5349e-06
1.0581e-18
-7.5349e-06
-1.504e-05
-2.2486e-05
-2.9843e-05
-3.7082e-05
-4.4175e-05
-5.1094e-05
-5.781e-05
-6.4299e-05
-7.0534e-05
-7.6491e-05
-8.2146e-05
-8.7476e-05
-9.2462e-05
-9.7082e-05
-0.00010132
-0.00010516
-0.00010858
-0.00011157
-0.00011413
-0.00011623
-0.00011787
-0.00011905
-0.00011976
-0.00012
-0.00011976
-0.00011905
-0.00011787
-0.00011623
-0.00011413
-0.00011157
-0.00010858
-0.00010516
-0.00010132
-9.7082e-05
-9.2462e-05
-8.7476e-05
-8.2146e-05
-7.6491e-05
-7.0534e-05
-6.4299e-05
-5.781e-05
-5.1094e-05
-4.4175e-05
-3.7082e-05
-2.9843e-05
-2.2486e-05
-1.504e-05
-7.5349e-06
-2.3518e-18
7.5349e-06
1.504e-05
2.2486e-05
2.9843e-05
3.7082e-05
4.4175e-05
5.1094e-05
5.781e-05
6.4299e-05
7.0534e-05
7.6491e-05
8.2146e-05
8.7476e-05
9.2462e-05
9.7082e-05
0.00010132
0.00010516
0.00010858
0.00011157
0.00011413
0.00011623
0.00011787
0.00011905
0.00011976
0.00012
0.00011976
0.00011905
0.00011787
0.00011623
0.00011413
0.00011157
0.00010858
0.00010516
0.00010132
9.7082e-05
9.2462e-05
8.7476e-05
8.2146e-05
7.6491e-05
7.0534e-05
6.4299e-05
5.781e-05
5.1094e-05
4.4175e-05
3.7082e-05
2.9843e-05
2.2486e-05
1.504e-05
7.5349e-06
2.3484e-19
-7.5349e-06
-1.504e-05
-2.2486e-05
-2.9843e-05
-3.7082e-05
-4.4175e-05
-5.1094e-05
-5.781e-05
-6.4299e-05
-7.0534e-05
-7.6491e-05
-8.2146e-05
-8.7476e-05
-9.2462e-05
-9.7082e-05
-0.00010132
-0.00010516
-0.00010858
-0.00011157
-0.00011413
-0.00011623
-0.00011787
-0.00011905
-0.00011976
-0.00012
-0.00011976
-0.00011905
-0.00011787
-0.00011623
-0.00011413
-0.00011157
-0.00010858
-0.00010516
-0.00010132
-9.7082e-05
-9.2462e-05
-8.7476e-05
-8.2146e-05
-7.6491e-05
-7.0534e-05
-6.4299e-05
-5.781e-05
-5.1094e-05
-4.4175e-05
-3.7082e-05
-2.9843e-05
-2.2486e-05
-1.504e-05
-7.5349e-06
-1.5285e-18
7.5349e-06
1.504e-05
2.2486e-05
2.9843e-05
3.7082e-05
4.4175e-05
5.1094e-05
5.781e-05
6.4299e-05
7.0534e-05
7.6491e-05
8.2146e-05
8.7476e-05
9.2462e-05
9.7082e-05
0.00010132
0.00010516
0.00010858
0.00011157
0.00011413
0.00011623
0.00011787
0.00011905
0.00011976
0.00012
0.00011976
0.00011905
0.00011787
0.00011623
0.00011413
0.00011157
0.00010858
0.00010516
0.00010132
9.7082e-05
9.2462e-05
8.7476e-05
8.2146e-05
7.6491e-05
7.0534e-05
6.4299e-05
5.781e-05
5.1094e-05
4.4175e-05
3.7082e-05
2.9843e-05
2.2486e-05
1.504e-05
7.5349e-06
-5.8842e-19
-7.5349e-06
-1.504e-05
-2.2486e-05
-2.9843e-05
-3.7082e-05
-4.4175e-05
-5.1094e-05
-5.781e-05
-6.4299e-05
-7.0534e-05
-7.6491e-05
-8.2146e-05
-8.7476e-05
-9.2462e-05
-9.7082e-05
-0.00010132
-0.00010516
-0.00010858
-0.00011157
-0.00011413
-0.00011623
-0.00011787
-0.00011905
-0.00011976
-0.00012
-0.00011976
-0.00011905
-0.00011787
-0.00011623
-0.00011413
-0.00011157
-0.00010858
-0.00010516
-0.00010132
-9.7082e-05
-9.2462e-05
-8.7476e-05
-8.2146e-05
-7.6491e-05
-7.0534e-05
-6.4299e-05
-5.781e-05
-5.1094e-05
-4.4175e-05
-3.7082e-05
-2.9843e-05
-2.2486e-05
-1.504e-05
-7.5349e-06
-7.0525e-19
7.5349e-06
1.504e-05
2.2486e-05
2.9843e-05
3.7082e-05
4.4175e-05
5.1094e-05
5.781e-05
6.4299e-05
7.0534e-05
7.6491e-05
8.2146e-05
8.7476e-05
9.2462e-05
9.7082e-05
0.00010132
0.00010516
0.00010858
0.00011157
0.00011413
0.00011623
0.00011787
0.00011905
0.00011976
0.00012
0.00011976
0.00011905
0.00011787
0.00011623
0.00011413
0.00011157
0.00010858
0.00010516
0.00010132
9.7082e-05
9.2462e-05
8.7476e-05
8.2146e-05
7.6491e-05
7.0534e-05
6.4299e-05
5.781e-05
5.1094e-05
4.4175e-05
3.7082e-05
2.9843e-05
2.2486e-05
1.504e-05
7.5349e-06
1.9989e-18
-7.5349e-06
-1.504e-05
-2.2486e-05
-2.9843e-05
-3.7082e-05
-4.4175e-05
-5.1094e-05
-5.781e-05
-6.4299e-05
-7.0534e-05
-7.6491e-05
-8.2146e-05
-8.7476e-05
-9.2462e-05
-9.7082e-05
-0.00010132
-0.00010516
-0.00010858
-0.00011157
-0.00011413
-0.00011623
-0.00011787
-0.00011905
-0.00011976
-0.00012
-0.00011976
-0.00011905
-0.00011787
-0.00011623
-0.00011413
-0.00011157
-0.00010858
-0.00010516
-0.00010132
-9.7082e-05
-9.2462e-05
-8.7476e-05
-8.2146e-05
-7.6491e-05
-7.0534e-05
-6.4299e-05
-5.781e-05
-5.1094e-05
-4.4175e-05
-3.7082e-05
-2.9843e-05
-2.2486e-05
-1.504e-05
-7.5349e-06
1.1801e-19
7.5349e-06
1.504e-05
2.2486e-05
2.9843e-05
3.7082e-05
4.4175e-05
5.1094e-05
5.781e-05
6.4299e-05
7.0534e-05
7.6491e-05
8.2146e-05
8.7476e-05
9.2462e-05
9.7082e-05
0.00010132
0.00010516
0.00010858
0.00011157
0.00011413
0.00011623
0.00011787
0.00011905
0.00011976
0.00012
0.00011976
0.00011905
0.00011787
0.00011623
0.00011413
0.00011157
0.00010858
0.00010516
0.00010132
9.7082e-05
9.2462e-05
8.7476e-05
8.2146e-05
7.6491e-05
7.0534e-05
6.4299e-05
5.781e-05
5.1094e-05
4.4175e-05
3.7082e-05
2.9843e-05
2.2486e-05
1.504e-05
7.5349e-06
1.1757e-18
-7.5349e-06
-1.504e-05
-2.2486e-05
-2.9843e-05
-3.7082e-05
-4.4175e-05
-5.1094e-05
-5.781e-05
-6.4299e-05
-7.0534e-05
-7.6491e-05
-8.2146e-05
-8.7476e-05
-9.2462e-05
-9.7082e-05
-0.00010132
-0.00010516
-0.00010858
-0.00011157
-0.00011413
-0.00011623
-0.00011787
-0.00011905
-0.00011976
-0.00012
-0.00011976
-0.00011905
-0.00011787
-0.00011623
-0.00011413
-0.00011157
-0.00010858
-0.00010516
-0.00010132
-9.7082e-05
-9.2462e-05
-8.7476e-05
-8.2146e-05
-7.6491e-05
-7.0534e-05
-6.4299e-05
-5.781e-05
-5.1094e-05
-4.4175e-05
-3.7082e-05
-2.9843e-05
-2.2486e-05
-1.504e-05
-7.5349e-06
-2.4693e-18
7.5349e-06
1.504e-05
2.2486e-05
2.9843e-05
3.7082e-05
4.4175e-05
5.1094e-05
5.781e-05
6.4299e-05
7.0534e-05
7.6491e-05
8.2146e-05
8.7476e-05
9.2462e-05
9.7082e-05
0.00010132
0.00010516
0.00010858
0.00011157
0.00011413
0.00011623
0.00011787
0.00011905
0.00011976
0.00012
0.00011976
0.00011905
0.00011787
0.00011623
0.00011413
0.00011157
0.00010858
0.00010516
0.00010132
9.7082e-05
9.2462e-05
8.7476e-05
8.2146e-05
7.6491e-05
7.0534e-05
6.4299e-05
5.781e-05
5.1094e-05
4.4175e-05
3.7082e-05
2.9843e-05
2.2486e-05
1.504e-05
7.5349e-06
3.763e-18
-7.5349e-06
-1.504e-05
-2.2486e-05
-2.9843e-05
-3.7082e-05
-4.4175e-05
-5.1094e-05
-5.781e-05
-6.4299e-05
-7.0534e-05
-7.6491e-05
-8.2146e-05
-8.7476e-05
-9.2462e-05
-9.7082e-05
-0.00010132
-0.00010516
-0.00010858
-0.00011157
-0.00011413
-0.00011623
-0.00011787
-0.00011905
-0.00011976
-0.00012
-0.00011976
-0.00011905
-0.00011787
-0.00011623
-0.00011413
-0.00011157
-0.00010858
-0.00010516
-0.00010132
-9.7082e-05
-9.2462e-05
-8.7476e-05
-8.2146e-05
-7.6491e-05
-7.0534e-05
-6.4299e-05
-5.781e-05
-5.1094e-05
-4.4175e-05
-3.7082e-05
-2.9843e-05
-2.2486e-05
-1.504e-05
-7.5349e-06
1.7645e-18
7.5349e-06
1.504e-05
2.2486e-05
2.9843e-05
3.7082e-05
4.4175e-05
5.1094e-05
5.781e-05
6.4299e-05
7.0534e-05
7.6491e-05
8.2146e-05
8.7476e-05
9.2462e-05
9.7082e-05
0.00010132
0.00010516
0.00010858
0.00011157
0.00011413
0.00011623
0.00011787
0.00011905
0.00011976
0.00012
0.00011976
0.00011905
0.00011787
0.00011623
0.00011413
0.00011157
0.00010858
0.00010516
0.00010132
9.7082e-05
9.2462e-05
8.7476e-05
8.2146e-05
7.6491e-05
7.0534e-05
6.4299e-05
5.781e-05
5.1094e-05
4.4175e-05
3.7082e-05
2.9843e-05
2.2486e-05
1.504e-05
7.5349e-06
-4.7086e-19
-7.5349e-06
-1.504e-05
-2.2486e-05
-2.9843e-05
-3.7082e-05
-4.4175e-05
-5.1094e-05
-5.781e-05
-6.4299e-05
-7.0534e-05
-7.6491e-05
-8.2146e-05
-8.7476e-05
-9.2462e-05
-9.7082e-05
-0.00010132
-0.00010516
-0.00010858
-0.00011157
-0.00011413
-0.00011623
-0.00011787
-0.00011905
-0.00011976
-0.00012
-0.00011976
-0.00011905
-0.00011787
-0.00011623
-0.00011413
-0.00011157
-0.00010858
-0.00010516
-0.00010132
-9.7082e-05
-9.2462e-05
-8.7476e-05
-8.2146e-05
-7.6491e-05
-7.0534e-05
-6.4299e-05
-5.781e-05
-5.1094e-05
-4.4175e-05
-3.7082e-05
-2.9843e-05
-2.2486e-05
-1.504e-05
-7.5349e-06
-8.2281e-19
7.5349e-06
1.504e-05
2.2486e-05
2.9843e-05
3.7082e-05
4.4175e-05
5.1094e-05
5.781e-05
6.4299e-05
7.0534e-05
7.6491e-05
8.2146e-05
8.7476e-05
9.2462e-05
9.7082e-05
0.00010132
0.00010516
0.00010858
0.00011157
0.00011413
0.00011623
0.00011787
0.00011905
0.00011976
0.00012
0.00011976
0.00011905
0.00011787
0.00011623
0.00011413
0.00011157
0.00010858
0.00010516
0.00010132
9.7082e-05
9.2462e-05
8.7476e-05
8.2146e-05
7.6491e-05
7.0534e-05
6.4299e-05
5.781e-05
5.1094e-05
4.4175e-05
3.7082e-05
2.9843e-05
2.2486e-05
1.504e-05
7.5349e-06
2.1165e-18
-7.5349e-06
-1.504e-05
-2.2486e-05
-2.9843e-05
-3.7082e-05
-4.4175e-05
-5.1094e-05
-5.781e-05
-6.4299e-05
-7.0534e-05
-7.6491e-05
-8.2146e-05
-8.7476e-05
-9.2462e-05
-9.7082e-05
-0.00010132
-0.00010516
-0.00010858
-0.00011157
-0.00011413
-0.00011623
-0.00011787
-0.00011905
-0.00011976
-0.00012
-0.00011976
-0.00011905
-0.00011787
-0.00011623
-0.00011413
-0.00011157
-0.00010858
-0.00010516
-0.00010132
-9.7082e-05
-9.2462e-05
-8.7476e-05
-8.2146e-05
-7.6491e-05
-7.0534e-05
-6.4299e-05
-5.781e-05
-5.1094e-05
-4.4175e-05
-3.7082e-05
-2.9843e-05
-2.2486e-05
-1.504e-05
-7.5349e-06
3.4111e-18
7.5349e-06
1.504e-05
2.2486e-05
2.9843e-05
3.7082e-05
4.4175e-05
5.1094e-05
5.781e-05
6.4299e-05
7.0534e-05
7.6491e-05
8.2146e-05
8.7476e-05
9.2462e-05
9.7082e-05
0.00010132
0.00010516
0.00010858
0.00011157
0.00011413
0.00011623
0.00011787
0.00011905
0.00011976
0.00012
0.00011976
0.00011905
0.00011787
0.00011623
0.00011413
0.00011157
0.00010858
0.00010516
0.00010132
9.7082e-05
9.2462e-05
8.7476e-05
8.2146e-05
7.6491e-05
7.0534e-05
6.4299e-05
5.781e-05
5.1094e-05
4.4175e-05
3.7082e-05
2.9843e-05
2.2486e-05
1.504e-05
7.5349e-06
-2.1174e-18
-7.5349e-06
-1.504e-05
-2.2486e-05
-2.9843e-05
-3.7082e-05
-4.4175e-05
-5.1094e-05
-5.781e-05
-6.4299e-05
-7.0534e-05
-7.6491e-05
-8.2146e-05
-8.7476e-05
-9.2462e-05
-9.7082e-05
-0.00010132
-0.00010516
-0.00010858
-0.00011157
-0.00011413
-0.00011623
-0.00011787
-0.00011905
-0.00011976
-0.00012
-0.00011976
-0.00011905
-0.00011787
-0.00011623
-0.00011413
-0.00011157
-0.00010858
-0.00010516
-0.00010132
-9.7082e-05
-9.2462e-05
-8.7476e-05
-8.2146e-05
-7.6491e-05
-7.0534e-05
-6.4299e-05
-5.781e-05
-5.1094e-05
-4.4175e-05
-3.7082e-05
-2.9843e-05
-2.2486e-05
-1.504e-05
-7.5349e-06
8.2371e-19
7.5349e-06
1.504e-05
2.2486e-05
2.9843e-05
3.7082e-05
4.4175e-05
5.1094e-05
5.781e-05
6.4299e-05
7.0534e-05
7.6491e-05
8.2146e-05
8.7476e-05
9.2462e-05
9.7082e-05
0.00010132
0.00010516
0.00010858
0.00011157
0.00011413
0.00011623
0.00011787
0.00011905
0.00011976
0.00012
0.00011976
0.00011905
0.00011787
0.00011623
0.00011413
0.00011157
0.00010858
0.00010516
0.00010132
9.7082e-05
9.2462e-05
8.7476e-05
8.2146e-05
7.6491e-05
7.0534e-05
6.4299e-05
5.781e-05
5.1094e-05
4.4175e-05
3.7082e-05
2.9843e-05
2.2486e-05
1.504e-05
7.5349e-06
4.6997e-19
-7.5349e-06
-1.504e-05
-2.2486e-05
-2.9843e-05
-3.7082e-05
-4.4175e-05
-5.1094e-05
-5.781e-05
-6.4299e-05
-7.0534e-05
-7.6491e-05
-8.2146e-05
-8.7476e-05
-9.2462e-05
-9.7082e-05
-0.00010132
-0.00010516
-0.00010858
-0.00011157
-0.00011413
-0.00011623
-0.00011787
-0.00011905
-0.00011976
-0.00012
-0.00011976
-0.00011905
-0.00011787
-0.00011623
-0.00011413
-0.00011157
-0.00010858
-0.00010516
-0.00010132
-9.7082e-05
-9.2462e-05
-8.7476e-05
-8.2146e-05
-7.6491e-05
-7.0534e-05
-6.4299e-05
-5.781e-05
-5.1094e-05
-4.4175e-05
-3.7082e-05
-2.9843e-05
-2.2486e-05
-1.504e-05
-7.5349e-06
-1.7636e-18
7.5349e-06
1.504e-05
2.2486e-05
2.9843e-05
3.7082e-05
4.4175e-05
5.1094e-05
5.781e-05
6.4299e-05
7.0534e-05
7.6491e-05
8.2146e-05
8.7476e-05
9.2462e-05
9.7082e-05
0.00010132
0.00010516
0.00010858
0.00011157
0.00011413
0.00011623
0.00011787
0.00011905
0.00011976
0.00012
0.00011976
0.00011905
0.00011787
0.00011623
0.00011413
0.00011157
0.00010858
0.00010516
0.00010132
9.7082e-05
9.2462e-05
8.7476e-05
8.2146e-05
7.6491e-05
7.0534e-05
6.4299e-05
5.781e-05
5.1094e-05
4.4175e-05
3.7082e-05
2.9843e-05
2.2486e-05
1.504e-05
7.5349e-06
-3.7639e-18
-7.5349e-06
-1.504e-05
-2.2486e-05
-2.9843e-05
-3.7082e-05
-4.4175e-05
-5.1094e-05
-5.781e-05
-6.4299e-05
-7.0534e-05
-7.6491e-05
-8.2146e-05
-8.7476e-05
-9.2462e-05
-9.7082e-05
-0.00010132
-0.00010516
-0.00010858
-0.00011157
-0.00011413
-0.00011623
-0.00011787
-0.00011905
-0.00011976
-0.00012
-0.00011976
-0.00011905
-0.00011787
-0.00011623
-0.00011413
-0.00011157
-0.00010858
-0.00010516
-0.00010132
-9.7082e-05
-9.2462e-05
-8.7476e-05
-8.2146e-05
-7.6491e-05
-7.0534e-05
-6.4299e-05
-5.781e-05
-5.1094e-05
-4.4175e-05
-3.7082e-05
-2.9843e-05
-2.2486e-05
-1.504e-05
-7.5349e-06
2.4702e-18
7.5349e-06
1.504e-05
2.2486e-05
2.9843e-05
3.7082e-05
4.4175e-05
5.1094e-05
5.781e-05
6.4299e-05
7.0534e-05
7.6491e-05
8.2146e-05
8.7476e-05
9.2462e-05
9.7082e-05
0.00010132
0.00010516
0.00010858
0.00011157
0.00011413
0.00011623
0.00011787
0.00011905
0.00011976
0.00012
0.00011976
0.00011905
0.00011787
0.00011623
0.00011413
0.00011157
0.00010858
0.00010516
0.00010132
9.7082e-05
9.2462e-05
8.7476e-05
8.2146e-05
7.6491e-05
7.0534e-05
6.4299e-05
5.781e-05
5.1094e-05
4.4175e-05
3.7082e-05
2.9843e-05
2.2486e-05
1.504e-05
7.5349e-06
-1.1766e-18
-7.5349e-06
-1.504e-05
-2.2486e-05
-2.9843e-05
-3.7082e-05
-4.4175e-05
-5.1094e-05
-5.781e-05
-6.4299e-05
-7.0534e-05
-7.6491e-05
-8.2146e-05
-8.7476e-05
-9.2462e-05
-9.7082e-05
-0.00010132
-0.00010516
-0.00010858
-0.00011157
-0.00011413
-0.00011623
-0.00011787
-0.00011905
-0.00011976
-0.00012
-0.00011976
-0.00011905
-0.00011787
-0.00011623
-0.00011413
-0.00011157
-0.00010858
-0.00010516
-0.00010132
-9.7082e-05
-9.2462e-05
-8.7476e-05
-8.2146e-05
-7.6491e-05
-7.0534e-05
-6.4299e-05
-5.781e-05
-5.1094e-05
-4.4175e-05
-3.7082e-05
-2.9843e-05
-2.2486e-05
-1.504e-05
-7.5349e-06
-1.1712e-19
7.5349e-06
1.504e-05
2.2486e-05
2.9843e-05
3.7082e-05
4.4175e-05
5.1094e-05
5.781e-05
6.4299e-05
7.0534e-05
7.6491e-05
8.2146e-05
8.7476e-05
9.2462e-05
9.7082e-05
0.00010132
0.00010516
0.00010858
0.00011157
0.00011413
0.00011623
0.00011787
0.00011905
0.00011976
0.00012
0.00011976
0.00011905
0.00011787
0.00011623
0.00011413
0.00011157
0.00010858
0.00010516
0.00010132
9.7082e-05
9.2462e-05
8.7476e-05
8.2146e-05
7.6491e-05
7.0534e-05
6.4299e-05
5.781e-05
5.1094e-05
4.4175e-05
3.7082e-05
2.9843e-05
2.2486e-05
1.504e-05
7.5349e-06
1.4108e-18
-7.5349e-06
-1.504e-05
-2.2486e-05
-2.9843e-05
-3.7082e-05
-4.4175e-05
-5.1094e-05
-5.781e-05
-6.4299e-05
-7.0534e-05
-7.6491e-05
-8.2146e-05
-8.7476e-05
-9.2462e-05
-9.7082e-05
-0.00010132
-0.00010516
-0.00010858
-0.00011157
-0.00011413
-0.00011623
-0.00011787
-0.00011905
-0.00011976
-0.00012
-0.00011976
-0.00011905
-0.00011787
-0.00011623
-0.00011413
-0.00011157
-0.00010858
-0.00010516
-0.00010132
-9.7082e-05
-9.2462e-05
-8.7476e-05
-8.2146e-05
-7.6491e-05
-7.0534e-05
-6.4299e-05
-5.781e-05
-5.1094e-05
-4.4175e-05
-3.7082e-05
-2.9843e-05
-2.2486e-05
-1.504e-05
-7.5349e-06
4.1167e-18
7.5349e-06
1.504e-05
2.2486e-05
2.9843e-05
3.7082e-05
4.4175e-05
5.1094e-05
5.781e-05
6.4299e-05
7.0534e-05
7.6491e-05
8.2146e-05
8.7476e-05
9.2462e-05
9.7082e-05
0.00010132
0.00010516
0.00010858
0.00011157
0.00011413
0.00011623
0.00011787
0.00011905
0.00011976
0.00012
0.00011976
0.00011905
0.00011787
0.00011623
0.00011413
0.00011157
0.00010858
0.00010516
0.00010132
9.7082e-05
9.2462e-05
8.7476e-05
8.2146e-05
7.6491e-05
7.0534e-05
6.4299e-05
5.781e-05
5.1094e-05
4.4175e-05
3.7082e-05
2.9843e-05
2.2486e-05
1.504e-05
7.5349e-06
-2.8231e-18
-7.5349e-06
-1.504e-05
-2.2486e-05
-2.9843e-05
-3.7082e-05
-4.4175e-05
-5.1094e-05
-5.781e-05
-6.4299e-05
-7.0534e-05
-7.6491e-05
-8.2146e-05
-8.7476e-05
-9.2462e-05
-9.7082e-05
-0.00010132
-0.00010516
-0.00010858
-0.00011157
-0.00011413
-0.00011623
-0.00011787
-0.00011905
-0.00011976
-0.00012
-0.00011976
-0.00011905
-0.00011787
-0.00011623
-0.00011413
-0.00011157
-0.00010858
-0.00010516
-0.00010132
-9.7082e-05
-9.2462e-05
-8.7476e-05
-8.2146e-05
-7.6491e-05
-7.0534e-05
-6.4299e-05
-5.781e-05
-5.1094e-05
-4.4175e-05
-3.7082e-05
-2.9843e-05
-2.2486e-05
-1.504e-05
-7.5349e-06
1.5294e-18
7.5349e-06
1.504e-05
2.2486e-05
2.9843e-05
3.7082e-05
4.4175e-05
5.1094e-05
5.781e-05
6.4299e-05
7.0534e-05
7.6491e-05
8.2146e-05
8.7476e-05
9.2462e-05
9.7082e-05
0.00010132
0.00010516
0.00010858
0.00011157
0.00011413
0.00011623
0.00011787
0.00011905
0.00011976
0.00012
0.00011976
0.00011905
0.00011787
0.00011623
0.00011413
0.00011157
0.00010858
0.00010516
0.00010132
9.7082e-05
9.2462e-05
8.7476e-05
8.2146e-05
7.6491e-05
7.0534e-05
6.4299e-05
5.781e-05
5.1094e-05
4.4175e-05
3.7082e-05
2.9843e-05
2.2486e-05
1.504e-05
7.5349e-06
-2.3573e-19
-7.5349e-06
-1.504e-05
-2.2486e-05
-2.9843e-05
-3.7082e-05
-4.4175e-05
-5.1094e-05
-5.781e-05
-6.4299e-05
-7.0534e-05
-7.6491e-05
-8.2146e-05
-8.7476e-05
-9.2462e-05
-9.7082e-05
-0.00010132
-0.00010516
-0.00010858
-0.00011157
-0.00011413
-0.00011623
-0.00011787
-0.00011905
-0.00011976
-0.00012
-0.00011976
-0.00011905
-0.00011787
-0.00011623
-0.00011413
-0.00011157
-0.00010858
-0.00010516
-0.00010132
-9.7082e-05
-9.2462e-05
-8.7476e-05
-8.2146e-05
-7.6491e-05
-7.0534e-05
-6.4299e-05
-5.781e-05
-5.1094e-05
-4.4175e-05
-3.7082e-05
-2.9843e-05
-2.2486e-05
-1.504e-05
-7.5349e-06
-1.0579e-18
7.5349e-06
1.504e-05
2.2486e-05
2.9843e-05
3.7082e-05
4.4175e-05
5.1094e-05
5.781e-05
6.4299e-05
7.0534e-05
7.6491e-05
8.2146e-05
8.7476e-05
9.2462e-05
9.7082e-05
0.00010132
0.00010516
0.00010858
0.00011157
0.00011413
0.00011623
0.00011787
0.00011905
0.00011976
0.00012
0.00011976
0.00011905
0.00011787
0.00011623
0.00011413
0.00011157
0.00010858
0.00010516
0.00010132
9.7082e-05
9.2462e-05
8.7476e-05
8.2146e-05
7.6491e-05
7.0534e-05
6.4299e-05
5.781e-05
5.1094e-05
4.4175e-05
3.7082e-05
2.9843e-05
2.2486e-05
1.504e-05
7.5349e-06
2.3516e-18
-7.5349e-06
-1.504e-05
-2.2486e-05
-2.9843e-05
-3.7082e-05
-4.4175e-05
-5.1094e-05
-5.781e-05
-6.4299e-05
-7.0534e-05
-7.6491e-05
-8.2146e-05
-8.7476e-05
-9.2462e-05
-9.7082e-05
-0.00010132
-0.00010516
-0.00010858
-0.00011157
-0.00011413
-0.00011623
-0.00011787
-0.00011905
-0.00011976
-0.00012
-0.00011976
-0.00011905
-0.00011787
-0.00011623
-0.00011413
-0.00011157
-0.00010858
-0.00010516
-0.00010132
-9.7082e-05
-9.2462e-05
-8.7476e-05
-8.2146e-05
-7.6491e-05
-7.0534e-05
-6.4299e-05
-5.781e-05
-5.1094e-05
-4.4175e-05
-3.7082e-05
-2.9843e-05
-2.2486e-05
-1.504e-05
-7.5349e-06
-3.6453e-18
7.5349e-06
1.504e-05
2.2486e-05
2.9843e-05
3.7082e-05
4.4175e-05
5.1094e-05
5.781e-05
6.4299e-05
7.0534e-05
7.6491e-05
8.2146e-05
8.7476e-05
9.2462e-05
9.7082e-05
0.00010132
0.00010516
0.00010858
0.00011157
0.00011413
0.00011623
0.00011787
0.00011905
0.00011976
0.00012
0.00011976
0.00011905
0.00011787
0.00011623
0.00011413
0.00011157
0.00010858
0.00010516
0.00010132
9.7082e-05
9.2462e-05
8.7476e-05
8.2146e-05
7.6491e-05
7.0534e-05
6.4299e-05
5.781e-05
5.1094e-05
4.4175e-05
3.7082e-05
2.9843e-05
2.2486e-05
1.504e-05
7.5349e-06
-1.8822e-18
-7.5349e-06
-1.504e-05
-2.2486e-05
-2.9843e-05
-3.7082e-05
-4.4175e-05
-5.1094e-05
-5.781e-05
-6.4299e-05
-7.0534e-05
-7.6491e-05
-8.2146e-05
-8.7476e-05
-9.2462e-05
-9.7082e-05
-0.00010132
-0.00010516
-0.00010858
-0.00011157
-0.00011413
-0.00011623
-0.00011787
-0.00011905
-0.00011976
-0.00012
-0.00011976
-0.00011905
-0.00011787
-0.00011623
-0.00011413
-0.00011157
-0.00010858
-0.00010516
-0.00010132
-9.7082e-05
-9.2462e-05
-8.7476e-05
-8.2146e-05
-7.6491e-05
-7.0534e-05
-6.4299e-05
-5.781e-05
-5.1094e-05
-4.4175e-05
-3.7082e-05
-2.9843e-05
-2.2486e-05
-1.504e-05
-7.5349e-06
5.8857e-19
7.5349e-06
1.504e-05
2.2486e-05
2.9843e-05
3.7082e-05
4.4175e-05
5.1094e-05
5.781e-05
6.4299e-05
7.0534e-05
7.6491e-05
8.2146e-05
8.7476e-05
9.2462e-05
9.7082e-05
0.00010132
0.00010516
0.00010858
0.00011157
0.00011413
0.00011623
0.00011787
0.00011905
0.00011976
0.00012
0.00011976
0.00011905
0.00011787
0.00011623
0.00011413
0.00011157
0.00010858
0.00010516
0.00010132
9.7082e-05
9.2462e-05
8.7476e-05
8.2146e-05
7.6491e-05
7.0534e-05
6.4299e-05
5.781e-05
5.1094e-05
4.4175e-05
3.7082e-05
2.9843e-05
2.2486e-05
1.504e-05
7.5349e-06
7.051e-19
-7.5349e-06
-1.504e-05
-2.2486e-05
-2.9843e-05
-3.7082e-05
-4.4175e-05
-5.1094e-05
-5.781e-05
-6.4299e-05
-7.0534e-05
-7.6491e-05
-8.2146e-05
-8.7476e-05
-9.2462e-05
-9.7082e-05
-0.00010132
-0.00010516
-0.00010858
-0.00011157
-0.00011413
-0.00011623
-0.00011787
-0.00011905
-0.00011976
-0.00012
-0.00011976
-0.00011905
-0.00011787
-0.00011623
-0.00011413
-0.00011157
-0.00010858
-0.00010516
-0.00010132
-9.7082e-05
-9.2462e-05
-8.7476e-05
-8.2146e-05
-7.6491e-05
-7.0534e-05
-6.4299e-05
-5.781e-05
-5.1094e-05
-4.4175e-05
-3.7082e-05
-2.9843e-05
-2.2486e-05
-1.504e-05
-7.5349e-06
-1.9988e-18
7.5349e-06
1.504e-05
2.2486e-05
2.9843e-05
3.7082e-05
4.4175e-05
5.1094e-05
5.781e-05
6.4299e-05
7.0534e-05
7.6491e-05
8.2146e-05
8.7476e-05
9.2462e-05
9.7082e-05
0.00010132
0.00010516
0.00010858
0.00011157
0.00011413
0.00011623
0.00011787
0.00011905
0.00011976
0.00012
0.00011976
0.00011905
0.00011787
0.00011623
0.00011413
0.00011157
0.00010858
0.00010516
0.00010132
9.7082e-05
9.2462e-05
8.7476e-05
8.2146e-05
7.6491e-05
7.0534e-05
6.4299e-05
5.781e-05
5.1094e-05
4.4175e-05
3.7082e-05
2.9843e-05
2.2486e-05
1.504e-05
7.5349e-06
3.2924e-18
-7.5349e-06
-1.504e-05
-2.2486e-05
-2.9843e-05
-3.7082e-05
-4.4175e-05
-5.1094e-05
-5.781e-05
-6.4299e-05
-7.0534e-05
-7.6491e-05
-8.2146e-05
-8.7476e-05
-9.2462e-05
-9.7082e-05
-0.00010132
-0.00010516
-0.00010858
-0.00011157
-0.00011413
-0.00011623
-0.00011787
-0.00011905
-0.00011976
-0.00012
-0.00011976
-0.00011905
-0.00011787
-0.00011623
-0.00011413
-0.00011157
-0.00010858
-0.00010516
-0.00010132
-9.7082e-05
-9.2462e-05
-8.7476e-05
-8.2146e-05
-7.6491e-05
-7.0534e-05
-6.4299e-05
-5.781e-05
-5.1094e-05
-4.4175e-05
-3.7082e-05
-2.9843e-05
-2.2486e-05
-1.504e-05
-7.5349e-06
2.2351e-18
7.5349e-06
1.504e-05
2.2486e-05
2.9843e-05
3.7082e-05
4.4175e-05
5.1094e-05
5.781e-05
6.4299e-05
7.0534e-05
7.6491e-05
8.2146e-05
8.7476e-05
9.2462e-05
9.7082e-05
0.00010132
0.00010516
0.00010858
0.00011157
0.00011413
0.00011623
0.00011787
0.00011905
0.00011976
0.00012
0.00011976
0.00011905
0.00011787
0.00011623
0.00011413
0.00011157
0.00010858
0.00010516
0.00010132
9.7082e-05
9.2462e-05
8.7476e-05
8.2146e-05
7.6491e-05
7.0534e-05
6.4299e-05
5.781e-05
5.1094e-05
4.4175e-05
3.7082e-05
2.9843e-05
2.2486e-05
1.504e-05
7.5349e-06
-9.4142e-19
-7.5349e-06
-1.504e-05
-2.2486e-05
-2.9843e-05
-3.7082e-05
-4.4175e-05
-5.1094e-05
-5.781e-05
-6.4299e-05
-7.0534e-05
-7.6491e-05
-8.2146e-05
-8.7476e-05
-9.2462e-05
-9.7082e-05
-0.00010132
-0.00010516
-0.00010858
-0.00011157
-0.00011413
-0.00011623
-0.00011787
-0.00011905
-0.00011976
-0.00012
-0.00011976
-0.00011905
-0.00011787
-0.00011623
-0.00011413
-0.00011157
-0.00010858
-0.00010516
-0.00010132
-9.7082e-05
-9.2462e-05
-8.7476e-05
-8.2146e-05
-7.6491e-05
-7.0534e-05
-6.4299e-05
-5.781e-05
-5.1094e-05
-4.4175e-05
-3.7082e-05
-2.9843e-05
-2.2486e-05
-1.504e-05
-7.5349e-06
-3.5225e-19
7.5349e-06
1.504e-05
2.2486e-05
2.9843e-05
3.7082e-05
4.4175e-05
5.1094e-05
5.781e-05
6.4299e-05
7.0534e-05
7.6491e-05
8.2146e-05
8.7476e-05
9.2462e-05
9.7082e-05
0.00010132
0.00010516
0.00010858
0.00011157
0.00011413
0.00011623
0.00011787
0.00011905
0.00011976
0.00012
0.00011976
0.00011905
0.00011787
0.00011623
0.00011413
0.00011157
0.00010858
0.00010516
0.00010132
9.7082e-05
9.2462e-05
8.7476e-05
8.2146e-05
7.6491e-05
7.0534e-05
6.4299e-05
5.781e-05
5.1094e-05
4.4175e-05
3.7082e-05
2.9843e-05
2.2486e-05
1.504e-05
7.5349e-06
1.6459e-18
-7.5349e-06
-1.504e-05
-2.2486e-05
-2.9843e-05
-3.7082e-05
-4.4175e-05
-5.1094e-05
-5.781e-05
-6.4299e-05
-7.0534e-05
-7.6491e-05
-8.2146e-05
-8.7476e-05
-9.2462e-05
-9.7082e-05
-0.00010132
-0.00010516
-0.00010858
-0.00011157
-0.00011413
-0.00011623
-0.00011787
-0.00011905
-0.00011976
-0.00012
-0.00011976
-0.00011905
-0.00011787
-0.00011623
-0.00011413
-0.00011157
-0.00010858
-0.00010516
-0.00010132
-9.7082e-05
-9.2462e-05
-8.7476e-05
-8.2146e-05
-7.6491e-05
-7.0534e-05
-6.4299e-05
-5.781e-05
-5.1094e-05
-4.4175e-05
-3.7082e-05
-2.9843e-05
-2.2486e-05
-1.504e-05
-7.5349e-06
-2.9396e-18
7.5349e-06
1.504e-05
2.2486e-05
2.9843e-05
3.7082e-05
4.4175e-05
5.1094e-05
5.781e-05
6.4299e-05
7.0534e-05
7.6491e-05
8.2146e-05
8.7476e-05
9.2462e-05
9.7082e-05
0.00010132
0.00010516
0.00010858
0.00011157
0.00011413
0.00011623
0.00011787
0.00011905
0.00011976
0.00012
0.00011976
0.00011905
0.00011787
0.00011623
0.00011413
0.00011157
0.00010858
0.00010516
0.00010132
9.7082e-05
9.2462e-05
8.7476e-05
8.2146e-05
7.6491e-05
7.0534e-05
6.4299e-05
5.781e-05
5.1094e-05
4.4175e-05
3.7082e-05
2.9843e-05
2.2486e-05
1.504e-05
7.5349e-06
-2.5879e-18
-7.5349e-06
-1.504e-05
-2.2486e-05
-2.9843e-05
-3.7082e-05
-4.4175e-05
-5.1094e-05
-5.781e-05
-6.4299e-05
-7.0534e-05
-7.6491e-05
-8.2146e-05
-8.7476e-05
-9.2462e-05
-9.7082e-05
-0.00010132
-0.00010516
-0.00010858
-0.00011157
-0.00011413
-0.00011623
-0.00011787
-0.00011905
-0.00011976
-0.00012
-0.00011976
-0.00011905
-0.00011787
-0.00011623
-0.00011413
-0.00011157
-0.00010858
-0.00010516
-0.00010132
-9.7082e-05
-9.2462e-05
-8.7476e-05
-8.2146e-05
-7.6491e-05
-7.0534e-05
-6.4299e-05
-5.781e-05
-5.1094e-05
-4.4175e-05
-3.7082e-05
-2.9843e-05
-2.2486e-05
-1.504e-05
-7.5349e-06
1.2943e-18
7.5349e-06
1.504e-05
2.2486e-05
2.9843e-05
3.7082e-05
4.4175e-05
5.1094e-05
5.781e-05
6.4299e-05
7.0534e-05
7.6491e-05
8.2146e-05
8.7476e-05
9.2462e-05
9.7082e-05
0.00010132
0.00010516
0.00010858
0.00011157
0.00011413
0.00011623
0.00011787
0.00011905
0.00011976
0.00012
0.00011976
0.00011905
0.00011787
0.00011623
0.00011413
0.00011157
0.00010858
0.00010516
0.00010132
9.7082e-05
9.2462e-05
8.7476e-05
8.2146e-05
7.6491e-05
7.0534e-05
6.4299e-05
5.781e-05
5.1094e-05
4.4175e-05
3.7082e-05
2.9843e-05
2.2486e-05
1.504e-05
7.5349e-06
-5.9363e-22
-7.5198e-06
-1.4995e-05
-2.2396e-05
-2.9694e-05
-3.686e-05
-4.3866e-05
-5.0685e-05
-5.729e-05
-6.3656e-05
-6.9758e-05
-7.5573e-05
-8.1078e-05
-8.6252e-05
-9.1075e-05
-9.5529e-05
-9.9597e-05
-0.00010326
-0.00010652
-0.00010934
-0.00011173
-0.00011367
-0.00011516
-0.0001162
-0.00011677
-0.00011688
-0.00011653
-0.00011572
-0.00011446
-0.00011274
-0.00011059
-0.000108
-0.000105
-0.00010158
-9.7773e-05
-9.3587e-05
-8.9041e-05
-8.4152e-05
-7.8942e-05
-7.3431e-05
-6.7642e-05
-6.1599e-05
-5.5325e-05
-4.8845e-05
-4.2187e-05
-3.5376e-05
-2.844e-05
-2.1406e-05
-1.4303e-05
-7.1581e-06
-1.2271e-18
7.143e-06
1.4243e-05
2.1272e-05
2.8201e-05
3.5005e-05
4.1657e-05
4.813e-05
5.44e-05
6.0441e-05
6.6232e-05
7.1748e-05
7.697e-05
8.1878e-05
8.6452e-05
9.0675e-05
9.4531e-05
9.8006e-05
0.00010109
0.00010376
0.00010602
0.00010786
0.00010927
0.00011024
0.00011078
0.00011088
0.00011054
0.00010977
0.00010856
0.00010693
0.00010488
0.00010242
9.9567e-05
9.6324e-05
9.2707e-05
8.8733e-05
8.4417e-05
7.9778e-05
7.4835e-05
6.9607e-05
6.4116e-05
5.8384e-05
5.2434e-05
4.6291e-05
3.9978e-05
3.3522e-05
2.6948e-05
2.0282e-05
1.3551e-05
6.7814e-06
-3.8068e-18
-6.7663e-06
-1.3491e-05
-2.0147e-05
-2.6709e-05
-3.3151e-05
-3.9448e-05
-4.5575e-05
-5.1509e-05
-5.7226e-05
-6.2705e-05
-6.7924e-05
-7.2863e-05
-7.7504e-05
-8.1829e-05
-8.5821e-05
-8.9465e-05
-9.2748e-05
-9.5658e-05
-9.8184e-05
-0.00010032
-0.00010205
-0.00010338
-0.00010429
-0.00010479
-0.00010488
-0.00010455
-0.00010381
-0.00010267
-0.00010112
-9.9176e-05
-9.6846e-05
-9.4138e-05
-9.1066e-05
-8.7641e-05
-8.3879e-05
-7.9794e-05
-7.5405e-05
-7.0727e-05
-6.5782e-05
-6.0589e-05
-5.5169e-05
-4.9544e-05
-4.3736e-05
-3.777e-05
-3.1668e-05
-2.5456e-05
-1.9158e-05
-1.2799e-05
-6.4046e-06
2.4967e-18
6.3896e-06
1.2739e-05
1.9023e-05
2.5217e-05
3.1297e-05
3.7239e-05
4.3021e-05
4.8619e-05
5.4011e-05
5.9178e-05
6.4099e-05
6.8756e-05
7.313e-05
7.7205e-05
8.0966e-05
8.4399e-05
8.749e-05
9.0229e-05
9.2606e-05
9.4611e-05
9.6238e-05
9.7482e-05
9.8338e-05
9.8805e-05
9.888e-05
9.8565e-05
9.7862e-05
9.6775e-05
9.5309e-05
9.347e-05
9.1267e-05
8.8709e-05
8.5808e-05
8.2575e-05
7.9025e-05
7.5171e-05
7.1031e-05
6.662e-05
6.1958e-05
5.7062e-05
5.1954e-05
4.6653e-05
4.1181e-05
3.5561e-05
2.9814e-05
2.3964e-05
1.8034e-05
1.2047e-05
6.0279e-06
4.1341e-18
-6.0128e-06
-1.1987e-05
-1.7899e-05
-2.3725e-05
-2.9443e-05
-3.5031e-05
-4.0466e-05
-4.5728e-05
-5.0796e-05
-5.5652e-05
-6.0275e-05
-6.4649e-05
-6.8756e-05
-7.2582e-05
-7.6112e-05
-7.9333e-05
-8.2233e-05
-8.48e-05
-8.7027e-05
-8.8905e-05
-9.0427e-05
-9.1588e-05
-9.2386e-05
-9.2816e-05
-9.288e-05
-9.2577e-05
-9.191e-05
-9.0881e-05
-8.9497e-05
-8.7763e-05
-8.5688e-05
-8.328e-05
-8.055e-05
-7.7509e-05
-7.4171e-05
-7.0548e-05
-6.6657e-05
-6.2513e-05
-5.8133e-05
-5.3535e-05
-4.8739e-05
-4.3763e-05
-3.8627e-05
-3.3352e-05
-2.796e-05
-2.2472e-05
-1.6909e-05
-1.1295e-05
-5.6511e-06
-4.8444e-18
5.6361e-06
1.1235e-05
1.6774e-05
2.2233e-05
2.7589e-05
3.2822e-05
3.7911e-05
4.2838e-05
4.7581e-05
5.2125e-05
5.645e-05
6.0541e-05
6.4383e-05
6.7959e-05
7.1258e-05
7.4267e-05
7.6975e-05
7.9371e-05
8.1448e-05
8.3198e-05
8.4615e-05
8.5695e-05
8.6433e-05
8.6828e-05
8.688e-05
8.6589e-05
8.5957e-05
8.4987e-05
8.3686e-05
8.2057e-05
8.011e-05
7.7851e-05
7.5292e-05
7.2443e-05
6.9317e-05
6.5925e-05
6.2283e-05
5.8406e-05
5.4309e-05
5.0009e-05
4.5524e-05
4.0872e-05
3.6072e-05
3.1143e-05
2.6106e-05
2.0979e-05
1.5785e-05
1.0543e-05
5.2744e-06
5.4252e-18
-5.2593e-06
-1.0483e-05
-1.565e-05
-2.0741e-05
-2.5735e-05
-3.0613e-05
-3.5357e-05
-3.9947e-05
-4.4366e-05
-4.8598e-05
-5.2626e-05
-5.6434e-05
-6.0009e-05
-6.3336e-05
-6.6404e-05
-6.9201e-05
-7.1717e-05
-7.3942e-05
-7.587e-05
-7.7492e-05
-7.8804e-05
-7.9801e-05
-8.048e-05
-8.084e-05
-8.088e-05
-8.0601e-05
-8.0004e-05
-7.9094e-05
-7.7874e-05
-7.6351e-05
-7.4531e-05
-7.2422e-05
-7.0034e-05
-6.7377e-05
-6.4462e-05
-6.1302e-05
-5.7909e-05
-5.4298e-05
-5.0484e-05
-4.6482e-05
-4.2309e-05
-3.7981e-05
-3.3517e-05
-2.8935e-05
-2.4252e-05
-1.9487e-05
-1.4661e-05
-9.791e-06
-4.8977e-06
-1.4498e-18
4.8826e-06
9.7309e-06
1.4526e-05
1.9249e-05
2.3881e-05
2.8404e-05
3.2802e-05
3.7056e-05
4.1151e-05
4.5071e-05
4.8801e-05
5.2327e-05
5.5635e-05
5.8713e-05
6.155e-05
6.4135e-05
6.6459e-05
6.8514e-05
7.0291e-05
7.1786e-05
7.2992e-05
7.3907e-05
7.4528e-05
7.4852e-05
7.488e-05
7.4612e-05
7.4051e-05
7.32e-05
7.2063e-05
7.0644e-05
6.8952e-05
6.6993e-05
6.4777e-05
6.2311e-05
5.9608e-05
5.6679e-05
5.3535e-05
5.0191e-05
4.6659e-05
4.2955e-05
3.9094e-05
3.5091e-05
3.0963e-05
2.6726e-05
2.2398e-05
1.7995e-05
1.3536e-05
9.039e-06
4.5209e-06
6.1989e-18
-4.5058e-06
-8.9789e-06
-1.3402e-05
-1.7756e-05
-2.2027e-05
-2.6196e-05
-3.0247e-05
-3.4166e-05
-3.7937e-05
-4.1545e-05
-4.4977e-05
-4.8219e-05
-5.1261e-05
-5.409e-05
-5.6696e-05
-5.9069e-05
-6.1201e-05
-6.3085e-05
-6.4712e-05
-6.6079e-05
-6.7181e-05
-6.8014e-05
-6.8575e-05
-6.8864e-05
-6.888e-05
-6.8624e-05
-6.8099e-05
-6.7306e-05
-6.6251e-05
-6.4938e-05
-6.3374e-05
-6.1564e-05
-5.9519e-05
-5.7245e-05
-5.4754e-05
-5.2056e-05
-4.9162e-05
-4.6084e-05
-4.2835e-05
-3.9429e-05
-3.5879e-05
-3.22e-05
-2.8408e-05
-2.4517e-05
-2.0543e-05
-1.6503e-05
-1.2412e-05
-8.287e-06
-4.1442e-06
-2.6469e-18
4.1291e-06
8.2269e-06
1.2277e-05
1.6264e-05
2.0173e-05
2.3987e-05
2.7693e-05
3.1275e-05
3.4722e-05
3.8018e-05
4.1152e-05
4.4112e-05
4.6887e-05
4.9467e-05
5.1842e-05
5.4003e-05
5.5943e-05
5.7656e-05
5.9134e-05
6.0373e-05
6.1369e-05
6.212e-05
6.2622e-05
6.2876e-05
6.288e-05
6.2636e-05
6.2146e-05
6.1413e-05
6.044e-05
5.9232e-05
5.7795e-05
5.6135e-05
5.4261e-05
5.2179e-05
4.99e-05
4.7433e-05
4.4788e-05
4.1976e-05
3.901e-05
3.5902e-05
3.2664e-05
2.931e-05
2.5853e-05
2.2308e-05
1.8689e-05
1.5011e-05
1.1288e-05
7.535e-06
3.7674e-06
3.0513e-18
-3.7524e-06
-7.4749e-06
-1.1153e-05
-1.4772e-05
-1.8319e-05
-2.1778e-05
-2.5138e-05
-2.8385e-05
-3.1507e-05
-3.4491e-05
-3.7328e-05
-4.0005e-05
-4.2513e-05
-4.4844e-05
-4.6988e-05
-4.8937e-05
-5.0686e-05
-5.2227e-05
-5.3555e-05
-5.4667e-05
-5.5558e-05
-5.6226e-05
-5.667e-05
-5.6888e-05
-5.688e-05
-5.6648e-05
-5.6193e-05
-5.5519e-05
-5.4628e-05
-5.3525e-05
-5.2216e-05
-5.0707e-05
-4.9003e-05
-4.7113e-05
-4.5046e-05
-4.281e-05
-4.0414e-05
-3.7869e-05
-3.5186e-05
-3.2375e-05
-2.9449e-05
-2.6419e-05
-2.3299e-05
-2.01e-05
-1.6835e-05
-1.3519e-05
-1.0164e-05
-6.783e-06
-3.3907e-06
-3.3265e-18
3.3756e-06
6.7229e-06
1.0029e-05
1.328e-05
1.6464e-05
1.957e-05
2.2583e-05
2.5494e-05
2.8292e-05
3.0965e-05
3.3503e-05
3.5898e-05
3.814e-05
4.0221e-05
4.2134e-05
4.3871e-05
4.5428e-05
4.6798e-05
4.7976e-05
4.896e-05
4.9746e-05
5.0332e-05
5.0717e-05
5.0899e-05
5.088e-05
5.066e-05
5.0241e-05
4.9625e-05
4.8817e-05
4.7819e-05
4.6638e-05
4.5278e-05
4.3745e-05
4.2048e-05
4.0192e-05
3.8187e-05
3.604e-05
3.3762e-05
3.1361e-05
2.8849e-05
2.6234e-05
2.3529e-05
2.0744e-05
1.7891e-05
1.4981e-05
1.2027e-05
9.0393e-06
6.031e-06
3.0139e-06
7.5054e-19
-2.9989e-06
-5.9709e-06
-8.9044e-06
-1.1788e-05
-1.461e-05
-1.7361e-05
-2.0029e-05
-2.2604e-05
-2.5077e-05
-2.7438e-05
-2.9678e-05
-3.179e-05
-3.3766e-05
-3.5598e-05
-3.728e-05
-3.8805e-05
-4.017e-05
-4.1369e-05
-4.2398e-05
-4.3254e-05
-4.3935e-05
-4.4439e-05
-4.4764e-05
-4.4911e-05
-4.488e-05
-4.4672e-05
-4.4288e-05
-4.3731e-05
-4.3005e-05
-4.2113e-05
-4.1059e-05
-3.9849e-05
-3.8487e-05
-3.6982e-05
-3.5338e-05
-3.3564e-05
-3.1666e-05
-2.9655e-05
-2.7537e-05
-2.5322e-05
-2.3019e-05
-2.0638e-05
-1.8189e-05
-1.5682e-05
-1.3127e-05
-1.0535e-05
-7.915e-06
-5.279e-06
-2.6372e-06
-3.4886e-18
2.6221e-06
5.2189e-06
7.7801e-06
1.0296e-05
1.2756e-05
1.5152e-05
1.7474e-05
1.9713e-05
2.1862e-05
2.3911e-05
2.5854e-05
2.7683e-05
2.9392e-05
3.0975e-05
3.2425e-05
3.3739e-05
3.4912e-05
3.594e-05
3.6819e-05
3.7548e-05
3.8123e-05
3.8545e-05
3.8812e-05
3.8923e-05
3.888e-05
3.8684e-05
3.8335e-05
3.7838e-05
3.7194e-05
3.6406e-05
3.548e-05
3.442e-05
3.323e-05
3.1916e-05
3.0484e-05
2.894e-05
2.7293e-05
2.5547e-05
2.3712e-05
2.1795e-05
1.9804e-05
1.7748e-05
1.5635e-05
1.3473e-05
1.1273e-05
9.0424e-06
6.7907e-06
4.527e-06
2.2605e-06
1.3361e-18
-2.2454e-06
-4.4669e-06
-6.6558e-06
-8.8036e-06
-1.0902e-05
-1.2943e-05
-1.4919e-05
-1.6823e-05
-1.8647e-05
-2.0384e-05
-2.2029e-05
-2.3576e-05
-2.5018e-05
-2.6352e-05
-2.7571e-05
-2.8673e-05
-2.9654e-05
-3.0511e-05
-3.124e-05
-3.1841e-05
-3.2312e-05
-3.2651e-05
-3.2859e-05
-3.2935e-05
-3.288e-05
-3.2695e-05
-3.2383e-05
-3.1944e-05
-3.1382e-05
-3.07e-05
-2.9902e-05
-2.8991e-05
-2.7972e-05
-2.685e-05
-2.563e-05
-2.4317e-05
-2.2919e-05
-2.144e-05
-1.9888e-05
-1.8268e-05
-1.6589e-05
-1.4857e-05
-1.308e-05
-1.1265e-05
-9.4188e-06
-7.5502e-06
-5.6664e-06
-3.775e-06
-1.8837e-06
-1.4348e-18
1.8686e-06
3.7149e-06
5.5315e-06
7.3115e-06
9.048e-06
1.0735e-05
1.2365e-05
1.3932e-05
1.5432e-05
1.6858e-05
1.8205e-05
1.9469e-05
2.0644e-05
2.1728e-05
2.2717e-05
2.3607e-05
2.4396e-05
2.5082e-05
2.5662e-05
2.6135e-05
2.65e-05
2.6758e-05
2.6906e-05
2.6947e-05
2.688e-05
2.6707e-05
2.643e-05
2.605e-05
2.5571e-05
2.4994e-05
2.4323e-05
2.3562e-05
2.2714e-05
2.1784e-05
2.0776e-05
1.9694e-05
1.8545e-05
1.7333e-05
1.6063e-05
1.4742e-05
1.3374e-05
1.1967e-05
1.0525e-05
9.0559e-06
7.5647e-06
6.0581e-06
4.5421e-06
3.023e-06
1.507e-06
1.4041e-18
-1.4919e-06
-2.9629e-06
-4.4072e-06
-5.8193e-06
-7.1939e-06
-8.5258e-06
-9.81e-06
-1.1042e-05
-1.2217e-05
-1.3331e-05
-1.438e-05
-1.5361e-05
-1.6271e-05
-1.7105e-05
-1.7863e-05
-1.8541e-05
-1.9139e-05
-1.9653e-05
-2.0083e-05
-2.0429e-05
-2.0689e-05
-2.0864e-05
-2.0953e-05
-2.0959e-05
-2.088e-05
-2.0719e-05
-2.0477e-05
-2.0157e-05
-1.9759e-05
-1.9287e-05
-1.8744e-05
-1.8133e-05
-1.7456e-05
-1.6718e-05
-1.5921e-05
-1.5071e-05
-1.4171e-05
-1.3225e-05
-1.2239e-05
-1.1215e-05
-1.0159e-05
-9.0762e-06
-7.9706e-06
-6.8471e-06
-5.7106e-06
-4.5659e-06
-3.4178e-06
-2.271e-06
-1.1302e-06
-2.277e-19
1.1152e-06
2.2109e-06
3.2829e-06
4.3272e-06
5.3398e-06
6.317e-06
7.2553e-06
8.1513e-06
9.0019e-06
9.8043e-06
1.0556e-05
1.1254e-05
1.1897e-05
1.2482e-05
1.3009e-05
1.3475e-05
1.3881e-05
1.4224e-05
1.4505e-05
1.4722e-05
1.4877e-05
1.497e-05
1.5001e-05
1.497e-05
1.488e-05
1.4731e-05
1.4525e-05
1.4263e-05
1.3948e-05
1.3581e-05
1.3166e-05
1.2704e-05
1.2198e-05
1.1652e-05
1.1067e-05
1.0448e-05
9.7973e-06
9.1182e-06
8.414e-06
7.6882e-06
6.9443e-06
6.1857e-06
5.4159e-06
4.6384e-06
3.8565e-06
3.0738e-06
2.2935e-06
1.519e-06
7.5349e-07
9.5467e-19
-7.3842e-07
-1.4589e-06
-2.1586e-06
-2.8351e-06
-3.4857e-06
-4.1083e-06
-4.7006e-06
-5.2608e-06
-5.7869e-06
-6.2775e-06
-6.7312e-06
-7.1467e-06
-7.523e-06
-7.8592e-06
-8.1549e-06
-8.4095e-06
-8.6229e-06
-8.7949e-06
-8.9259e-06
-9.016e-06
-9.0659e-06
-9.0763e-06
-9.0481e-06
-8.9822e-06
-8.88e-06
-8.7427e-06
-8.5719e-06
-8.3691e-06
-8.1361e-06
-7.8747e-06
-7.587e-06
-7.2748e-06
-6.9403e-06
-6.5858e-06
-6.2133e-06
-5.8251e-06
-5.4235e-06
-5.0109e-06
-4.5895e-06
-4.1615e-06
-3.7294e-06
-3.2952e-06
-2.8612e-06
-2.4296e-06
-2.0024e-06
-1.5817e-06
-1.1693e-06
-7.6704e-07
-3.7674e-07
-2.0166e-19
3.6167e-07
7.0688e-07
1.0343e-06
1.3429e-06
1.6316e-06
1.8995e-06
2.1459e-06
2.3702e-06
2.572e-06
2.7508e-06
2.9067e-06
3.0394e-06
3.1491e-06
3.2362e-06
3.3008e-06
3.3435e-06
3.365e-06
3.366e-06
3.3472e-06
3.3097e-06
3.2544e-06
3.1826e-06
3.0954e-06
2.9941e-06
2.88e-06
2.7546e-06
2.6192e-06
2.4754e-06
2.3246e-06
2.1684e-06
2.0083e-06
1.8458e-06
1.6825e-06
1.5198e-06
1.3591e-06
1.202e-06
1.0497e-06
9.036e-07
7.6491e-07
6.3481e-07
5.1439e-07
4.0467e-07
3.0656e-07
2.2087e-07
1.4833e-07
8.9528e-08
4.4972e-08
1.504e-08
0
0
-0
-0
-0
-0
-0
-0
-0
-0
-0
-0
-0
-0
-0
-0
-0
-0
-0
-0
-0
-0
-0
-0
-0
-0
-0
-0
-0
-0
-0
-0
-0
-0
-0
-0
-0
-0
-0
-0
-0
-0
-0
-0
-0
-0
-0
-0
-0
-0
-0
-0
0
0
0
0
0
0
0
0
0
0
0
0
0
0
0
0
0
0
0
0
0
0
0
0
0
0
0
0
0
0
0
0
0
0
0
0
0
0
0
0
0
0
0
0
0
0
0
0
0
0
-0
-0
-0
-0
-0
-0
-0
-0
-0
-0
-0
-0
-0
-0
-0
-0
-0
-0
-0
-0
-0
-0
-0
-0
-0
-0
-0
-0
-0
-0
-0
-0
-0
-0
-0
-0
-0
-0
-0
-0
-0
-0
-0
-0
-0
-0
-0
-0
-0
-0
0
0
0
0
0
0
0
0
0
0
0
0
0
0
0
0
0
0
0
0
0
0
0
0
0
0
0
0
0
0
0
0
0
0
0
0
0
0
0
0
0
0
0
0
0
0
0
0
0
0
-0
-0
-0
-0
-0
-0
-0
-0
-0
-0
-0
-0
-0
-0
-0
-0
-0
-0
-0
-0
-0
-0
-0
-0
-0
-0
-0
-0
-0
-0
-0
-0
-0
-0
-0
-0
-0
-0
-0
-0
-0
-0
-0
-0
-0
-0
-0
-0
-0
-0
0
0
0
0
0
0
0
0
0
0
0
0
0
0
0
0
0
0
0
0
0
0
0
0
0
0
0
0
0
0
0
0
0
0
0
0
0
0
0
0
0
0
0
0
0
0
0
0
0
0
-0
-0
-0
-0
-0
-0
-0
-0
-0
-0
-0
-0
-0
-0
-0
-0
-0
-0
-0
-0
-0
-0
-0
-0
-0
-0
-0
-0
-0
-0
-0
-0
-0
-0
-0
-0
-0
-0
-0
-0
-0
-0
-0
-0
-0
-0
-0
-0
-0
-0
0
0
0
0
0
0
0
0
0
0
0
0
0
0
0
0
0
0
0
0
0
0
0
0
0
0
0
0
0
0
0
0
0
0
0
0
0
0
0
0
0
0
0
0
0
0
0
0
0
0
-0
-0
-0
-0
-0
-0
-0
-0
-0
-0
-0
-0
-0
-0
-0
-0
-0
-0
-0
-0
-0
-0
-0
-0
-0
-0
-0
-0
-0
-0
-0
-0
-0
-0
-0
-0
-0
-0
-0
-0
-0
-0
-0
-0
-0
-0
-0
-0
-0
-0
0
0
0
0
0
0
0
0
0
0
0
0
0
0
0
0
0
0
0
0
0
0
0
0
0
0
0
0
0
0
0
0
0
0
0
0
0
0
0
0
0
0
0
0
0
0
0
0
0
0
-0
-0
-0
-0
-0
-0
-0
-0
-0
-0
-0
-0
-0
-0
-0
-0
-0
-0
-0
-0
-0
-0
-0
-0
-0
-0
-0
-0
-0
-0
-0
-0
-0
-0
-0
-0
-0
-0
-0
-0
-0
-0
-0
-0
-0
-0
-0
-0
-0
-0
0
0
0
0
0
0
0
0
0
0
0
0
0
0
0
0
0
0
0
0
0
0
0
0
0
0
0
0
0
0
0
0
0
0
0
0
0
0
0
0
0
0
0
0
0
0
0
0
0
0
-0
-0
-0
-0
-0
-0
-0
-0
-0
-0
-0
-0
-0
-0
-0
-0
-0
-0
-0
-0
-0
-0
-0
-0
-0
-0
-0
-0
-0
-0
-0
-0
-0
-0
-0
-0
-0
-0
-0
-0
-0
-0
-0
-0
-0
-0
-0
-0
-0
-0
0
0
0
0
0
0
0
0
0
0
0
0
0
0
0
0
0
0
0
0
0
0
0
0
0
0
0
0
0
0
0
0
0
0
0
0
0
0
0
0
0
0
0
0
0
0
0
0
0
0
-0
-0
-0
-0
-0
-0
-0
-0
-0
-0
-0
-0
-0
-0
-0
-0
-0
-0
-0
-0
-0
-0
-0
-0
-0
-0
-0
-0
-0
-0
-0
-0
-0
-0
-0
-0
-0
-0
-0
-0
-0
-0
-0
-0
-0
-0
-0
-0
-0
-0
0
0
0
0
0
0
0
0
0
0
0
0
0
0
0
0
0
0
0
0
0
0
0
0
0
0
0
0
0
0
0
0
0
0
0
0
0
0
0
0
0
0
0
0
0
0
0
0
0
0
-0
-0
-0
-0
-0
-0
-0
-0
-0
-0
-0
-0
-0
-0
-0
-0
-0
-0
-0
-0
-0
-0
-0
-0
-0
-0
-0
-0
-0
-0
-0
-0
-0
-0
-0
-0
-0
-0
-0
-0
-0
-0
-0
-0
-0
-0
-0
-0
-0
-0
0
0
0
0
0
0
0
0
0
0
0
0
0
0
0
0
0
0
0
0
0
0
0
0
0
0
0
0
0
0
0
0
0
0
0
0
0
0
0
0
0
0
0
0
0
0
0
0
0
0
-0
-0
-0
-0
-0
-0
-0
-0
-0
-0
-0
-0
-0
-0
-0
-0
-0
-0
-0
-0
-0
-0
-0
-0
-0
-0
-0
-0
-0
-0
-0
-0
-0
-0
-0
-0
-0
-0
-0
-0
-0
-0
-0
-0
-0
-0
-0
-0
-0
-0
0
0
0
0
0
0
0
0
0
0
0
0
0
0
0
0
0
0
0
0
0
0
0
0
0
0
0
0
0
0
0
0
0
0
0
0
0
0
0
0
0
0
0
0
0
0
0
0
0
0
-0
-0
-0
-0
-0
-0
-0
-0
-0
-0
-0
-0
-0
-0
-0
-0
-0
-0
-0
-0
-0
-0
-0
-0
-0
-0
-0
-0
-0
-0
-0
-0
-0
-0
-0
-0
-0
-0
-0
-0
-0
-0
-0
-0
-0
-0
-0
-0
-0
-0
0
0
0
0
0
0
0
0
0
0
0
0
0
0
0
0
0
0
0
0
0
0
0
0
0
0
0
0
0
0
0
0
0
0
0
0
0
0
0
0
0
0
0
0
0
0
0
0
0
-0
-0
-0
-0
-0
-0
-0
-0
-0
-0
-0
-0
-0
-0
-0
-0
-0
-0
-0
-0
-0
-0
-0
-0
-0
-0
-0
-0
-0
-0
-0
-0
-0
-0
-0
-0
-0
-0
-0
-0
-0
-0
-0
-0
-0
-0
-0
-0
-0
-0
-0
0
0
0
0
0
0
0
0
0
0
0
0
0
0
0
0
0
0
0
0
0
0
0
0
0
0
0
0
0
0
0
0
0
0
0
0
0
0
0
0
0
0
0
0
0
0
0
0
0
0
-0
-0
-0
-0
-0
-0
-0
-0
-0
-0
-0
-0
-0
-0
-0
-0
-0
-0
-0
-0
-0
-0
-0
-0
-0
-0
-0
-0
-0
-0
-0
-0
-0
-0
-0
-0
-0
-0
-0
-0
-0
-0
-0
-0
-0
-0
-0
-0
-0
0
0
0
0
0
0
0
0
0
0
0
0
0
0
0
0
0
0
0
0
0
0
0
0
0
0
0
0
0
0
0
0
0
0
0
0
0
0
0
0
0
0
0
0
0
0
0
0
0
0
0
-0
-0
-0
-0
-0
-0
-0
-0
-0
-0
-0
-0
-0
-0
-0
-0
-0
-0
-0
-0
-0
-0
-0
-0
-0
-0
-0
-0
-0
-0
-0
-0
-0
-0
-0
-0
-0
-0
-0
-0
-0
-0
-0
-0
-0
-0
-0
-0
-0
-0
0
0
0
0
0
0
0
0
0
0
0
0
0
0
0
0
0
0
0
0
0
0
0
0
0
0
0
0
0
0
0
0
0
0
0
0
0
0
0
0
0
0
0
0
0
0
0
0
0
0
-0
-0
-0
-0
-0
-0
-0
-0
-0
-0
-0
-0
-0
-0
-0
-0
-0
-0
-0
-0
-0
-0
-0
-0
-0
-0
-0
-0
-0
-0
-0
-0
-0
-0
-0
-0
-0
-0
-0
-0
-0
-0
-0
-0
-0
-0
-0
-0
-0
-0
0
0
0
0
0
0
0
0
0
0
0
0
0
0
0
0
0
0
0
0
0
0
0
0
0
0
0
0
0
0
0
0
0
0
0
0
0
0
0
0
0
0
0
0
0
0
0
0
0
-0
-0
-0
-0
-0
-0
-0
-0
-0
-0
-0
-0
-0
-0
-0
-0
-0
-0
-0
-0
-0
-0
-0
-0
-0
-0
-0
-0
-0
-0
-0
-0
-0
-0
-0
-0
-0
-0
-0
-0
-0
-0
-0
-0
-0
-0
-0
-0
-0
-0
-0
0
0
0
0
0
0
0
0
0
0
0
0
0
0
0
0
0
0
0
0
0
0
0
0
0
0
0
0
0
0
0
0
0
0
0
0
0
0
0
0
0
0
0
0
0
0
0
0
0
-0
-0
-0
-0
-0
-0
-0
-0
-0
-0
-0
-0
-0
-0
-0
-0
-0
-0
-0
-0
-0
-0
-0
-0
-0
-0
-0
-0
-0
-0
-0
-0
-0
-0
-0
-0
-0
-0
-0
-0
-0
-0
-0
-0
-0
-0
-0
-0
-0
-0
-0
0
0
0
0
0
0
0
0
0
0
0
0
0
0
0
0
0
0
0
0
0
0
0
0
0
0
0
0
0
0
0
0
0
0
0
0
0
0
0
0
0
0
0
0
0
0
0
0
0
0
-0
-0
-0
-0
-0
-0
-0
-0
-0
-0
-0
-0
-0
-0
-0
-0
-0
-0
-0
-0
-0
-0
-0
-0
-0
-0
-0
-0
-0
-0
-0
-0
-0
-0
-0
-0
-0
-0
-0
-0
-0
-0
-0
-0
-0
-0
-0
-0
-0
-0
0
0
0
0
0
0
0
0
0
0
0
0
0
0
0
0
0
0
0
0
0
0
0
0
0
0
0
0
0
0
0
0
0
0
0
0
0
0
0
0
0
0
0
0
0
0
0
0
0
0
-0
-0
-0
-0
-0
-0
-0
-0
-0
-0
-0
-0
-0
-0
-0
-0
-0
-0
-0
-0
-0
-0
-0
-0
-0
-0
-0
-0
-0
-0
-0
-0
-0
-0
-0
-0
-0
-0
-0
-0
-0
-0
-0
-0
-0
-0
-0
-0
-0
-0
0
0
0
0
0
0
0
0
0
0
0
0
0
0
0
0
0
0
0
0
0
0
0
0
0
0
0
0
0
0
0
0
0
0
0
0
0
0
0
0
0
0
0
0
0
0
0
0
0
0
-0
-0
-0
-0
-0
-0
-0
-0
-0
-0
-0
-0
-0
-0
-0
-0
-0
-0
-0
-0
-0
-0
-0
-0
-0
-0
-0
-0
-0
-0
-0
-0
-0
-0
-0
-0
-0
-0
-0
-0
-0
-0
-0
-0
-0
-0
-0
-0
-0
-0
0
0
0
0
0
0
0
0
0
0
0
0
0
0
0
0
0
0
0
0
0
0
0
0
0
0
0
0
0
0
0
0
0
0
0
0
0
0
0
0
0
0
0
0
0
0
0
0
0
-0
-0
-0
-0
-0
-0
-0
-0
-0
-0
-0
-0
-0
-0
-0
-0
-0
-0
-0
-0
-0
-0
-0
-0
-0
-0
-0
-0
-0
-0
-0
-0
-0
-0
-0
-0
-0
-0
-0
-0
-0
-0
-0
-0
-0
-0
-0
-0
-0
-0
-0
0
0
0
0
0
0
0
0
0
0
0
0
0
0
0
0
0
0
0
0
0
0
0
0
0
0
0
0
0
0
0
0
0
0
0
0
0
0
0
0
0
0
0
0
0
0
0
0
0
-0
-0
-0
-0
-0
-0
-0
-0
-0
-0
-0
-0
-0
-0
-0
-0
-0
-0
-0
-0
-0
-0
-0
-0
-0
-0
-0
-0
-0
-0
-0
-0
-0
-0
-0
-0
-0
-0
-0
-0
-0
-0
-0
-0
-0
-0
-0
-0
-0
-0
-0
0
0
0
0
0
0
0
0
0
0
0
0
0
0
0
0
0
0
0
0
0
0
0
0
0
0
0
0
0
0
0
0
0
0
0
0
0
0
0
0
0
0
0
0
0
0
0
0
0
0
-0
-0
-0
-0
-0
-0
-0
-0
-0
-0
-0
-0
-0
-0
-0
-0
-0
-0
-0
-0
-0
-0
-0
-0
-0
-0
-0
-0
-0
-0
-0
-0
-0
-0
-0
-0
-0
-0
-0
-0
-0
-0
-0
-0
-0
-0
-0
-0
-0
-0
0
0
0
0
0
0
0
0
0
0
0
0
0
0
0
0
0
0
0
0
0
0
0
0
0
0
0
0
0
0
0
0
0
0
0
0
0
0
0
0
0
0
0
0
0
0
0
0
0
0
-0
-0
-0
-0
-0
-0
-0
-0
-0
-0
-0
-0
-0
-0
-0
-0
-0
-0
-0
-0
-0
-0
-0
-0
-0
-0
-0
-0
-0
-0
-0
-0
-0
-0
-0
-0
-0
-0
-0
-0
-0
-0
-0
-0
-0
-0
-0
-0
-0
-0
0
0
0
0
0
0
0
0
0
0
0
0
0
0
0
0
0
0
0
0
0
0
0
0
0
0
0
0
0
0
0
0
0
0
0
0
0
0
0
0
0
0
0
0
0
0
0
0
0
0
-0
-0
-0
-0
-0
-0
-0
-0
-0
-0
-0
-0
-0
-0
-0
-0
-0
-0
-0
-0
-0
-0
-0
-0
-0
-0
-0
-0
-0
-0
-0
-0
-0
-0
-0
-0
-0
-0
-0
-0
-0
-0
-0
-0
-0
-0
-0
-0
-0
-0
0
0
0
0
0
0
0
0
0
0
0
0
0
0
0
0
0
0
0
0
0
0
0
0
0
0
0
0
0
0
0
0
0
0
0
0
0
0
0
0
0
0
0
0
0
0
0
0
0
-0
-0
-0
-0
-0
-0
-0
-0
-0
-0
-0
-0
-0
-0
-0
-0
-0
-0
-0
-0
-0
-0
-0
-0
-0
-0
-0
-0
-0
-0
-0
-0
-0
-0
-0
-0
-0
-0
-0
-0
-0
-0
-0
-0
-0
-0
-0
-0
-0
-0
-0
0
0
0
0
0
0
0
0
0
0
0
0
0
0
0
0
0
0
0
0
0
0
0
0
0
0
0
0
0
0
0
0
0
0
0
0
0
0
0
0
0
0
0
0
0
0
0
0
0
-0
-0
-0
-0
-0
-0
-0
-0
-0
-0
-0
-0
-0
-0
-0
-0
-0
-0
-0
-0
-0
-0
-0
-0
-0
-0
-0
-0
-0
-0
-0
-0
-0
-0
-0
-0
-0
-0
-0
-0
-0
-0
-0
-0
-0
-0
-0
-0
-0
-0
-0
0
0
0
0
0
0
0
0
0
0
0
0
0
0
0
0
0
0
0
0
0
0
0
0
0
0
0
0
0
0
0
0
0
0
0
0
0
0
0
0
0
0
0
0
0
0
0
0
0
0
-0
-0
-0
-0
-0
-0
-0
-0
-0
-0
-0
-0
-0
-0
-0
-0
-0
-0
-0
-0
-0
-0
-0
-0
-0
-0
-0
-0
-0
-0
-0
-0
-0
-0
-0
-0
-0
-0
-0
-0
-0
-0
-0
-0
-0
-0
-0
-0
-0
-0
0
0
0
0
0
0
0
0
0
0
0
0
0
0
0
0
0
0
0
0
0
0
0
0
0
0
0
0
0
0
0
0
0
0
0
0
0
0
0
0
0
0
0
0
0
0
0
0
0
0
-0
-0
-0
-0
-0
-0
-0
-0
-0
-0
-0
-0
-0
-0
-0
-0
-0
-0
-0
-0
-0
-0
-0
-0
-0
-0
-0
-0
-0
-0
-0
-0
-0
-0
-0
-0
-0
-0
-0
-0
-0
-0
-0
-0
-0
-0
-0
-0
-0
-0
0
0
0
0
0
0
0
0
0
0
0
0
0
0
0
0
0
0
0
0
0
0
0
0
0
0
0
0
0
0
0
0
0
0
0
0
0
0
0
0
0
0
0
0
0
0
0
0
0
0
-0
-0
-0
-0
-0
-0
-0
-0
-0
-0
-0
-0
-0
-0
-0
-0
-0
-0
-0
-0
-0
-0
-0
-0
-0
-0
-0
-0
-0
-0
-0
-0
-0
-0
-0
-0
-0
-0
-0
-0
-0
-0
-0
-0
-0
-0
-0
-0
-0
-0
0
0
0
0
0
0
0
0
0
0
0
0
0
0
0
0
0
0
0
0
0
0
0
0
0
0
0
0
0
0
0
0
0
0
0
0
0
0
0
0
0
0
0
0
0
0
0
0
0
-0
-0
-0
-0
-0
-0
-0
-0
-0
-0
-0
-0
-0
-0
-0
-0
-0
-0
-0
-0
-0
-0
-0
-0
-0
-0
-0
-0
-0
-0
-0
-0
-0
-0
-0
-0
-0
-0
-0
-0
-0
-0
-0
-0
-0
-0
-0
-0
-0
-0
-0
0
0
0
0
0
0
0
0
0
0
0
0
0
0
0
0
0
0
0
0
0
0
0
0
0
0
0
0
0
0
0
0
0
0
0
0
0
0
0
0
0
0
0
0
0
0
0
0
0
-0
-0
-0
-0
-0
-0
-0
-0
-0
-0
-0
-0
-0
-0
-0
-0
-0
-0
-0
-0
-0
-0
-0
-0
-0
-0
-0
-0
-0
-0
-0
-0
-0
-0
-0
-0
-0
-0
-0
-0
-0
-0
-0
-0
-0
-0
-0
-0
-0
-0
-0
0
0
0
0
0
0
0
0
0
0
0
0
0
0
0
0
0
0
0
0
0
0
0
0
0
0
0
0
0
0
0
0
0
0
0
0
0
0
0
0
0
0
0
0
0
0
0
0
0
-0
