-0
-0
-0
-0
-0
-0
-0
-0
-0
-0
-0
-0
-0
-0
-0
-0
-0
-0
-0
-0
-0
-0
-0
-0
-0
-0
-0
-0
-0
-0
-0
-0
-0
-0
-0
-0
-0
-0
-0
-0
-0
-0
-0
-0
-0
-0
-0
-0
-0
-0
-0
0
0
0
0
0
0
0
0
0
0
0
0
0
0
0
0
0
0
0
0
0
0
0
0
0
0
0
0
0
0
0
0
0
0
0
0
0
0
0
0
0
0
0
0
0
0
0
0
0
0
-0
-0
-0
-0
-0
-0
-0
-0
-0
-0
-0
-0
-0
-0
-0
-0
-0
-0
-0
-0
-0
-0
-0
-0
-0
-0
-0
-0
-0
-0
-0
-0
-0
-0
-0
-0
-0
-0
-0
-0
-0
-0
-0
-0
-0
-0
-0
-0
-0
-0
0
0
0
0
0
0
0
0
0
0
0
0
0
0
0
0
0
0
0
0
0
0
0
0
0
0
0
0
0
0
0
0
0
0
0
0
0
0
0
0
0
0
0
0
0
0
0
0
0
0
-0
-0
-0
-0
-0
-0
-0
-0
-0
-0
-0
-0
-0
-0
-0
-0
-0
-0
-0
-0
-0
-0
-0
-0
-0
-0
-0
-0
-0
-0
-0
-0
-0
-0
-0
-0
-0
-0
-0
-0
-0
-0
-0
-0
-0
-0
-0
-0
-0
-0
0
0
0
0
0
0
0
0
0
0
0
0
0
0
0
0
0
0
0
0
0
0
0
0
0
0
0
0
0
0
0
0
0
0
0
0
0
0
0
0
0
0
0
0
0
0
0
0
0
0
-0
-0
-0
-0
-0
-0
-0
-0
-0
-0
-0
-0
-0
-0
-0
-0
-0
-0
-0
-0
-0
-0
-0
-0
-0
-0
-0
-0
-0
-0
-0
-0
-0
-0
-0
-0
-0
-0
-0
-0
-0
-0
-0
-0
-0
-0
-0
-0
-0
0
0
0
0
0
0
0
0
0
0
0
0
0
0
0
0
0
0
0
0
0
0
0
0
0
0
0
0
0
0
0
0
0
0
0
0
0
0
0
0
0
0
0
0
0
0
0
0
0
0
0
-0
-0
-0
-0
-0
-0
-0
-0
-0
-0
-0
-0
-0
-0
-0
-0
-0
-0
-0
-0
-0
-0
-0
-0
-0
-0
-0
-0
-0
-0
-0
-0
-0
-0
-0
-0
-0
-0
-0
-0
-0
-0
-0
-0
-0
-0
-0
-0
-0
-0
0
0
0
0
0
0
0
0
0
0
0
0
0
0
0
0
0
0
0
0
0
0
0
0
0
0
0
0
0
0
0
0
0
0
0
0
0
0
0
0
0
0
0
0
0
0
0
0
0
0
-0
-0
-0
-0
-0
-0
-0
-0
-0
-0
-0
-0
-0
-0
-0
-0
-0
-0
-0
-0
-0
-0
-0
-0
-0
-0
-0
-0
-0
-0
-0
-0
-0
-0
-0
-0
-0
-0
-0
-0
-0
-0
-0
-0
-0
-0
-0
-0
-0
0
0
0
0
0
0
0
0
0
0
0
0
0
0
0
0
0
0
0
0
0
0
0
0
0
0
0
0
0
0
0
0
0
0
0
0
0
0
0
0
0
0
0
0
0
0
0
0
0
0
0
-0
-0
-0
-0
-0
-0
-0
-0
-0
-0
-0
-0
-0
-0
-0
-0
-0
-0
-0
-0
-0
-0
-0
-0
-0
-0
-0
-0
-0
-0
-0
-0
-0
-0
-0
-0
-0
-0
-0
-0
-0
-0
-0
-0
-0
-0
-0
-0
-0
0
0
0
0
0
0
0
0
0
0
0
0
0
0
0
0
0
0
0
0
0
0
0
0
0
0
0
0
0
0
0
0
0
0
0
0
0
0
0
0
0
0
0
0
0
0
0
0
0
0
-0
-0
-0
-0
-0
-0
-0
-0
-0
-0
-0
-0
-0
-0
-0
-0
-0
-0
-0
-0
-0
-0
-0
-0
-0
-0
-0
-0
-0
-0
-0
-0
-0
-0
-0
-0
-0
-0
-0
-0
-0
-0
-0
-0
-0
-0
-0
-0
-0
-0
-0
0
0
0
0
0
0
0
0
0
0
0
0
0
0
0
0
0
0
0
0
0
0
0
0
0
0
0
0
0
0
0
0
0
0
0
0
0
0
0
0
0
0
0
0
0
0
0
0
0
0
-0
-0
-0
-0
-0
-0
-0
-0
-0
-0
-0
-0
-0
-0
-0
-0
-0
-0
-0
-0
-0
-0
-0
-0
-0
-0
-0
-0
-0
-0
-0
-0
-0
-0
-0
-0
-0
-0
-0
-0
-0
-0
-0
-0
-0
-0
-0
-0
-0
-0
0
0
0
0
0
0
0
0
0
0
0
0
0
0
0
0
0
0
0
0
0
0
0
0
0
0
0
0
0
0
0
0
0
0
0
0
0
0
0
0
0
0
0
0
0
0
0
0
0
0
-0
-0
-0
-0
-0
-0
-0
-0
-0
-0
-0
-0
-0
-0
-0
-0
-0
-0
-0
-0
-0
-0
-0
-0
-0
-0
-0
-0
-0
-0
-0
-0
-0
-0
-0
-0
-0
-0
-0
-0
-0
-0
-0
-0
-0
-0
-0
-0
-0
0
0
0
0
0
0
0
0
0
0
0
0
0
0
0
0
0
0
0
0
0
0
0
0
0
0
0
0
0
0
0
0
0
0
0
0
0
0
0
0
0
0
0
0
0
0
0
0
0
0
0
-0
-0
-0
-0
-0
-0
-0
-0
-0
-0
-0
-0
-0
-0
-0
-0
-0
-0
-0
-0
-0
-0
-0
-0
-0
-0
-0
-0
-0
-0
-0
-0
-0
-0
-0
-0
-0
-0
-0
-0
-0
-0
-0
-0
-0
-0
-0
-0
-0
0
0
0
0
0
0
0
0
0
0
0
0
0
0
0
0
0
0
0
0
0
0
0
0
0
0
0
0
0
0
0
0
0
0
0
0
0
0
0
0
0
0
0
0
0
0
0
0
0
0
-0
-0
-0
-0
-0
-0
-0
-0
-0
-0
-0
-0
-0
-0
-0
-0
-0
-0
-0
-0
-0
-0
-0
-0
-0
-0
-0
-0
-0
-0
-0
-0
-0
-0
-0
-0
-0
-0
-0
-0
-0
-0
-0
-0
-0
-0
-0
-0
-0
-0
0
0
0
0
0
0
0
0
0
0
0
0
0
0
0
0
0
0
0
0
0
0
0
0
0
0
0
0
0
0
0
0
0
0
0
0
0
0
0
0
0
0
0
0
0
0
0
0
0
0
0
-0
-0
-0
-0
-0
-0
-0
-0
-0
-0
-0
-0
-0
-0
-0
-0
-0
-0
-0
-0
-0
-0
-0
-0
-0
-0
-0
-0
-0
-0
-0
-0
-0
-0
-0
-0
-0
-0
-0
-0
-0
-0
-0
-0
-0
-0
-0
-0
-0
0
0
0
0
0
0
0
0
0
0
0
0
0
0
0
0
0
0
0
0
0
0
0
0
0
0
0
0
0
0
0
0
0
0
0
0
0
0
0
0
0
0
0
0
0
0
0
0
0
0
-0
-0
-0
-0
-0
-0
-0
-0
-0
-0
-0
-0
-0
-0
-0
-0
-0
-0
-0
-0
-0
-0
-0
-0
-0
-0
-0
-0
-0
-0
-0
-0
-0
-0
-0
-0
-0
-0
-0
-0
-0
-0
-0
-0
-0
-0
-0
-0
-0
-0
0
0
0
0
0
0
0
0
0
0
0
0
0
0
0
0
0
0
0
0
0
0
0
0
0
0
0
0
0
0
0
0
0
0
0
0
0
0
0
0
0
0
0
0
0
0
0
0
0
0
-0
-0
-0
-0
-0
-0
-0
-0
-0
-0
-0
-0
-0
-0
-0
-0
-0
-0
-0
-0
-0
-0
-0
-0
-0
-0
-0
-0
-0
-0
-0
-0
-0
-0
-0
-0
-0
-0
-0
-0
-0
-0
-0
-0
-0
-0
-0
-0
-0
-0
0
0
0
0
0
0
0
0
0
0
0
0
0
0
0
0
0
0
0
0
0
0
0
0
0
0
0
0
0
0
0
0
0
0
0
0
0
0
0
0
0
0
0
0
0
0
0
0
0
0
0
-0
-0
-0
-0
-0
-0
-0
-0
-0
-0
-0
-0
-0
-0
-0
-0
-0
-0
-0
-0
-0
-0
-0
-0
-0
-0
-0
-0
-0
-0
-0
-0
-0
-0
-0
-0
-0
-0
-0
-0
-0
-0
-0
-0
-0
-0
-0
-0
-0
-0
0
0
0
0
0
0
0
0
0
0
0
0
0
0
0
0
0
0
0
0
0
0
0
0
0
0
0
0
0
0
0
0
0
0
0
0
0
0
0
0
0
0
0
0
0
0
0
0
0
0
-0
-0
-0
-0
-0
-0
-0
-0
-0
-0
-0
-0
-0
-0
-0
-0
-0
-0
-0
-0
-0
-0
-0
-0
-0
-0
-0
-0
-0
-0
-0
-0
-0
-0
-0
-0
-0
-0
-0
-0
-0
-0
-0
-0
-0
-0
-0
-0
-0
-0
0
0
0
0
0
0
0
0
0
0
0
0
0
0
0
0
0
0
0
0
0
0
0
0
0
0
0
0
0
0
0
0
0
0
0
0
0
0
0
0
0
0
0
0
0
0
0
0
0
0
-0
-0
-0
-0
-0
-0
-0
-0
-0
-0
-0
-0
-0
-0
-0
-0
-0
-0
-0
-0
-0
-0
-0
-0
-0
-0
-0
-0
-0
-0
-0
-0
-0
-0
-0
-0
-0
-0
-0
-0
-0
-0
-0
-0
-0
-0
-0
-0
-0
-0
0
0
0
0
0
0
0
0
0
0
0
0
0
0
0
0
0
0
0
0
0
0
0
0
0
0
0
0
0
0
0
0
0
0
0
0
0
0
0
0
0
0
0
0
0
0
0
0
0
0
-0
-0
-0
-0
-0
-0
-0
-0
-0
-0
-0
-0
-0
-0
-0
-0
-0
-0
-0
-0
-0
-0
-0
-0
-0
-0
-0
-0
-0
-0
-0
-0
-0
-0
-0
-0
-0
-0
-0
-0
-0
-0
-0
-0
-0
-0
-0
-0
-0
-0
0
0
0
0
0
0
0
0
0
0
0
0
0
0
0
0
0
0
0
0
0
0
0
0
0
0
0
0
0
0
0
0
0
0
0
0
0
0
0
0
0
0
0
0
0
0
0
0
0
-0
-0
-0
-0
-0
-0
-0
-0
-0
-0
-0
-0
-0
-0
-0
-0
-0
-0
-0
-0
-0
-0
-0
-0
-0
-0
-0
-0
-0
-0
-0
-0
-0
-0
-0
-0
-0
-0
-0
-0
-0
-0
-0
-0
-0
-0
-0
-0
-0
-0
-0
0
0
0
0
0
0
0
0
0
0
0
0
0
0
0
0
0
0
0
0
0
0
0
0
0
0
0
0
0
0
0
0
0
0
0
0
0
0
0
0
0
0
0
0
0
0
0
0
0
0
-9.4186e-10
-3.76e-09
-8.4322e-09
-1.4921e-08
-2.3176e-08
-3.3131e-08
-4.4707e-08
-5.781e-08
-7.2337e-08
-8.8168e-08
-1.0517e-07
-1.2322e-07
-1.4215e-07
-1.6181e-07
-1.8203e-07
-2.0264e-07
-2.2346e-07
-2.443e-07
-2.6499e-07
-2.8532e-07
-3.051e-07
-3.2415e-07
-3.4228e-07
-3.5929e-07
-3.75e-07
-3.8923e-07
-4.0181e-07
-4.1256e-07
-4.2133e-07
-4.2798e-07
-4.3235e-07
-4.3432e-07
-4.3377e-07
-4.3061e-07
-4.2473e-07
-4.1608e-07
-4.0458e-07
-3.9019e-07
-3.7289e-07
-3.5267e-07
-3.2953e-07
-3.035e-07
-2.7463e-07
-2.4296e-07
-2.0859e-07
-1.716e-07
-1.321e-07
-9.024e-08
-4.6151e-08
-1.1759e-20
4.8035e-08
9.776e-08
1.4897e-07
2.0144e-07
2.5494e-07
3.0922e-07
3.6404e-07
4.1913e-07
4.7421e-07
5.2901e-07
5.8324e-07
6.3663e-07
6.8888e-07
7.3969e-07
7.8879e-07
8.3588e-07
8.8069e-07
9.2292e-07
9.6232e-07
9.9861e-07
1.0315e-06
1.0609e-06
1.0864e-06
1.1078e-06
1.125e-06
1.1378e-06
1.1459e-06
1.1493e-06
1.1478e-06
1.1413e-06
1.1297e-06
1.1129e-06
1.091e-06
1.0639e-06
1.0315e-06
9.9396e-07
9.513e-07
9.036e-07
8.5096e-07
7.9351e-07
7.314e-07
6.6482e-07
5.9396e-07
5.1906e-07
4.4035e-07
3.5811e-07
2.7264e-07
1.8424e-07
9.3244e-08
-2.9429e-21
-9.5128e-08
-1.9176e-07
-2.895e-07
-3.8796e-07
-4.867e-07
-5.8532e-07
-6.8338e-07
-7.8044e-07
-8.7608e-07
-9.6985e-07
-1.0613e-06
-1.15e-06
-1.2356e-06
-1.3176e-06
-1.3956e-06
-1.4691e-06
-1.5379e-06
-1.6015e-06
-1.6597e-06
-1.7119e-06
-1.758e-06
-1.7976e-06
-1.8305e-06
-1.8563e-06
-1.875e-06
-1.8863e-06
-1.89e-06
-1.886e-06
-1.8742e-06
-1.8546e-06
-1.827e-06
-1.7916e-06
-1.7482e-06
-1.6971e-06
-1.6383e-06
-1.5718e-06
-1.498e-06
-1.417e-06
-1.329e-06
-1.2343e-06
-1.1333e-06
-1.0261e-06
-9.133e-07
-7.9515e-07
-6.7211e-07
-5.4463e-07
-4.1318e-07
-2.7824e-07
-1.4034e-07
-1.9842e-20
1.4222e-07
2.8576e-07
4.3004e-07
5.7447e-07
7.1846e-07
8.6141e-07
1.0027e-06
1.1418e-06
1.2779e-06
1.4107e-06
1.5394e-06
1.6634e-06
1.7823e-06
1.8955e-06
2.0023e-06
2.1024e-06
2.1951e-06
2.2802e-06
2.357e-06
2.4252e-06
2.4844e-06
2.5343e-06
2.5745e-06
2.6048e-06
2.625e-06
2.6348e-06
2.6341e-06
2.6227e-06
2.6006e-06
2.5679e-06
2.5243e-06
2.4702e-06
2.4055e-06
2.3303e-06
2.245e-06
2.1497e-06
2.0448e-06
1.9304e-06
1.8071e-06
1.6752e-06
1.5351e-06
1.3875e-06
1.2326e-06
1.0712e-06
9.0387e-07
7.3115e-07
5.5371e-07
3.7224e-07
1.8743e-07
-2.6467e-20
-1.8931e-07
-3.7976e-07
-5.7058e-07
-7.6099e-07
-9.5023e-07
-1.1375e-06
-1.322e-06
-1.5031e-06
-1.6798e-06
-1.8515e-06
-2.0174e-06
-2.1769e-06
-2.3291e-06
-2.4733e-06
-2.6091e-06
-2.7356e-06
-2.8524e-06
-2.9588e-06
-3.0543e-06
-3.1385e-06
-3.2109e-06
-3.271e-06
-3.3186e-06
-3.3534e-06
-3.375e-06
-3.3833e-06
-3.3782e-06
-3.3594e-06
-3.3271e-06
-3.2811e-06
-3.2217e-06
-3.1488e-06
-3.0627e-06
-2.9636e-06
-2.8518e-06
-2.7276e-06
-2.5915e-06
-2.4438e-06
-2.2852e-06
-2.116e-06
-1.937e-06
-1.7488e-06
-1.552e-06
-1.3473e-06
-1.1356e-06
-9.1767e-07
-6.9425e-07
-4.6624e-07
-2.3452e-07
-7.3432e-21
2.3641e-07
4.7376e-07
7.1111e-07
9.4751e-07
1.182e-06
1.4136e-06
1.6414e-06
1.8644e-06
2.0817e-06
2.2924e-06
2.4955e-06
2.6903e-06
2.8758e-06
3.0512e-06
3.2158e-06
3.3689e-06
3.5096e-06
3.6374e-06
3.7516e-06
3.8518e-06
3.9373e-06
4.0077e-06
4.0627e-06
4.1019e-06
4.125e-06
4.1318e-06
4.1222e-06
4.0961e-06
4.0535e-06
3.9944e-06
3.919e-06
3.8274e-06
3.7199e-06
3.5968e-06
3.4585e-06
3.3055e-06
3.1382e-06
2.9572e-06
2.7632e-06
2.5569e-06
2.3389e-06
2.1101e-06
1.8713e-06
1.6234e-06
1.3674e-06
1.1042e-06
8.3478e-07
5.6024e-07
2.8162e-07
-7.0573e-20
-2.835e-07
-5.6776e-07
-8.5165e-07
-1.134e-06
-1.4138e-06
-1.6897e-06
-1.9607e-06
-2.2257e-06
-2.4836e-06
-2.7332e-06
-2.9736e-06
-3.2037e-06
-3.4225e-06
-3.6291e-06
-3.8226e-06
-4.0021e-06
-4.1668e-06
-4.316e-06
-4.449e-06
-4.5651e-06
-4.6637e-06
-4.7444e-06
-4.8068e-06
-4.8504e-06
-4.875e-06
-4.8804e-06
-4.8663e-06
-4.8329e-06
-4.78e-06
-4.7077e-06
-4.6163e-06
-4.506e-06
-4.3772e-06
-4.2301e-06
-4.0653e-06
-3.8834e-06
-3.6849e-06
-3.4707e-06
-3.2413e-06
-2.9977e-06
-2.7408e-06
-2.4714e-06
-2.1906e-06
-1.8995e-06
-1.5992e-06
-1.2907e-06
-9.7532e-07
-6.5424e-07
-3.2871e-07
2.5737e-20
3.3059e-07
6.6176e-07
9.9218e-07
1.3205e-06
1.6455e-06
1.9658e-06
2.28e-06
2.587e-06
2.8854e-06
3.174e-06
3.4517e-06
3.7171e-06
3.9692e-06
4.207e-06
4.4294e-06
4.6354e-06
4.8241e-06
4.9946e-06
5.1463e-06
5.2784e-06
5.3902e-06
5.4812e-06
5.5509e-06
5.5989e-06
5.625e-06
5.6289e-06
5.6104e-06
5.5696e-06
5.5064e-06
5.421e-06
5.3137e-06
5.1847e-06
5.0344e-06
4.8633e-06
4.6721e-06
4.4613e-06
4.2317e-06
3.9841e-06
3.7194e-06
3.4385e-06
3.1426e-06
2.8327e-06
2.51e-06
2.1756e-06
1.8309e-06
1.4772e-06
1.1159e-06
7.4824e-07
3.758e-07
3.527e-20
-3.7768e-07
-7.5576e-07
-1.1327e-06
-1.5071e-06
-1.8773e-06
-2.2419e-06
-2.5994e-06
-2.9483e-06
-3.2873e-06
-3.6149e-06
-3.9297e-06
-4.2305e-06
-4.516e-06
-4.7849e-06
-5.0361e-06
-5.2686e-06
-5.4813e-06
-5.6733e-06
-5.8436e-06
-5.9917e-06
-6.1166e-06
-6.2179e-06
-6.295e-06
-6.3474e-06
-6.375e-06
-6.3774e-06
-6.3545e-06
-6.3063e-06
-6.2328e-06
-6.1343e-06
-6.011e-06
-5.8633e-06
-5.6916e-06
-5.4966e-06
-5.2788e-06
-5.0392e-06
-4.7784e-06
-4.4975e-06
-4.1974e-06
-3.8794e-06
-3.5445e-06
-3.194e-06
-2.8293e-06
-2.4517e-06
-2.0627e-06
-1.6637e-06
-1.2564e-06
-8.4224e-07
-4.2289e-07
7.9399e-20
4.2478e-07
8.4976e-07
1.2733e-06
1.6936e-06
2.109e-06
2.518e-06
2.9187e-06
3.3096e-06
3.6892e-06
4.0557e-06
4.4078e-06
4.7439e-06
5.0627e-06
5.3628e-06
5.6429e-06
5.9019e-06
6.1385e-06
6.3519e-06
6.541e-06
6.7049e-06
6.843e-06
6.9546e-06
7.0391e-06
7.096e-06
7.125e-06
7.1259e-06
7.0986e-06
7.043e-06
6.9593e-06
6.8476e-06
6.7083e-06
6.5419e-06
6.3488e-06
6.1298e-06
5.8856e-06
5.617e-06
5.3251e-06
5.0109e-06
4.6755e-06
4.3202e-06
3.9464e-06
3.5553e-06
3.1486e-06
2.7278e-06
2.2945e-06
1.8503e-06
1.3969e-06
9.3624e-07
4.6999e-07
-7.3517e-21
-4.6905e-07
-9.3436e-07
-1.3941e-06
-1.8465e-06
-2.2898e-06
-2.7223e-06
-3.1423e-06
-3.5481e-06
-3.9383e-06
-4.3114e-06
-4.6659e-06
-5.0006e-06
-5.3142e-06
-5.6055e-06
-5.8735e-06
-6.1172e-06
-6.3357e-06
-6.5283e-06
-6.6944e-06
-6.8333e-06
-6.9447e-06
-7.0283e-06
-7.0837e-06
-7.1109e-06
-7.11e-06
-7.081e-06
-7.0242e-06
-6.9399e-06
-6.8285e-06
-6.6907e-06
-6.527e-06
-6.3383e-06
-6.1254e-06
-5.8892e-06
-5.6308e-06
-5.3512e-06
-5.0518e-06
-4.7336e-06
-4.3982e-06
-4.0469e-06
-3.6811e-06
-3.3024e-06
-2.9123e-06
-2.5125e-06
-2.1044e-06
-1.6898e-06
-1.2704e-06
-8.4788e-07
-4.2384e-07
1.2543e-19
4.2195e-07
8.4036e-07
1.2536e-06
1.66e-06
2.0581e-06
2.4462e-06
2.8229e-06
3.1868e-06
3.5365e-06
3.8706e-06
4.1879e-06
4.4872e-06
4.7675e-06
5.0276e-06
5.2667e-06
5.4839e-06
5.6785e-06
5.8497e-06
5.9971e-06
6.12e-06
6.2183e-06
6.2915e-06
6.3396e-06
6.3624e-06
6.36e-06
6.3325e-06
6.2801e-06
6.2031e-06
6.1021e-06
5.9774e-06
5.8297e-06
5.6597e-06
5.4682e-06
5.2559e-06
5.024e-06
4.7733e-06
4.505e-06
4.2202e-06
3.9202e-06
3.6061e-06
3.2793e-06
2.9411e-06
2.593e-06
2.2364e-06
1.8726e-06
1.5033e-06
1.1299e-06
7.5388e-07
3.7674e-07
-4.6939e-20
-3.7486e-07
-7.4636e-07
-1.113e-06
-1.4735e-06
-1.8263e-06
-2.1701e-06
-2.5036e-06
-2.8255e-06
-3.1346e-06
-3.4297e-06
-3.7098e-06
-3.9738e-06
-4.2207e-06
-4.4497e-06
-4.6599e-06
-4.8507e-06
-5.0212e-06
-5.1711e-06
-5.2997e-06
-5.4068e-06
-5.4919e-06
-5.5548e-06
-5.5955e-06
-5.6139e-06
-5.61e-06
-5.584e-06
-5.536e-06
-5.4664e-06
-5.3756e-06
-5.2641e-06
-5.1324e-06
-4.9811e-06
-4.8109e-06
-4.6227e-06
-4.4172e-06
-4.1954e-06
-3.9583e-06
-3.7068e-06
-3.4421e-06
-3.1652e-06
-2.8774e-06
-2.5798e-06
-2.2737e-06
-1.9603e-06
-1.6409e-06
-1.3168e-06
-9.8937e-07
-6.5988e-07
-3.2965e-07
-1.538e-20
3.2777e-07
6.5236e-07
9.7251e-07
1.287e-06
1.5945e-06
1.894e-06
2.1842e-06
2.4642e-06
2.7327e-06
2.9889e-06
3.2317e-06
3.4604e-06
3.674e-06
3.8718e-06
4.0532e-06
4.2174e-06
4.364e-06
4.4925e-06
4.6024e-06
4.6935e-06
4.7654e-06
4.8181e-06
4.8514e-06
4.8654e-06
4.86e-06
4.8354e-06
4.7919e-06
4.7297e-06
4.6492e-06
4.5508e-06
4.435e-06
4.3025e-06
4.1537e-06
3.9894e-06
3.8105e-06
3.6176e-06
3.4116e-06
3.1934e-06
2.964e-06
2.7244e-06
2.4755e-06
2.2185e-06
1.9543e-06
1.6842e-06
1.4091e-06
1.1303e-06
8.4884e-07
5.6588e-07
2.8256e-07
-6.5944e-20
-2.8067e-07
-5.5836e-07
-8.3197e-07
-1.1005e-06
-1.3628e-06
-1.6179e-06
-1.8649e-06
-2.1029e-06
-2.3308e-06
-2.548e-06
-2.7537e-06
-2.947e-06
-3.1273e-06
-3.2939e-06
-3.4464e-06
-3.5842e-06
-3.7068e-06
-3.8138e-06
-3.9051e-06
-3.9802e-06
-4.039e-06
-4.0814e-06
-4.1074e-06
-4.1169e-06
-4.11e-06
-4.0869e-06
-4.0478e-06
-3.993e-06
-3.9228e-06
-3.8375e-06
-3.7377e-06
-3.6238e-06
-3.4965e-06
-3.3562e-06
-3.2037e-06
-3.0397e-06
-2.8648e-06
-2.68e-06
-2.486e-06
-2.2835e-06
-2.0736e-06
-1.8572e-06
-1.635e-06
-1.4081e-06
-1.1774e-06
-9.4378e-07
-7.083e-07
-4.7188e-07
-2.3546e-07
1.4651e-20
2.3358e-07
4.6436e-07
6.9144e-07
9.1394e-07
1.131e-06
1.3418e-06
1.5456e-06
1.7415e-06
1.929e-06
2.1072e-06
2.2756e-06
2.4336e-06
2.5805e-06
2.7161e-06
2.8396e-06
2.9509e-06
3.0495e-06
3.1352e-06
3.2077e-06
3.2669e-06
3.3126e-06
3.3447e-06
3.3633e-06
3.3683e-06
3.36e-06
3.3384e-06
3.3037e-06
3.2563e-06
3.1963e-06
3.1242e-06
3.0404e-06
2.9452e-06
2.8392e-06
2.723e-06
2.5969e-06
2.4618e-06
2.3181e-06
2.1666e-06
2.0079e-06
1.8427e-06
1.6718e-06
1.4958e-06
1.3157e-06
1.132e-06
9.4559e-07
7.5726e-07
5.6777e-07
3.7788e-07
1.8837e-07
-6.4368e-20
-1.8649e-07
-3.7036e-07
-5.509e-07
-7.2742e-07
-8.9924e-07
-1.0657e-06
-1.2262e-06
-1.3802e-06
-1.5271e-06
-1.6664e-06
-1.7975e-06
-1.9202e-06
-2.0338e-06
-2.1382e-06
-2.2329e-06
-2.3177e-06
-2.3923e-06
-2.4566e-06
-2.5104e-06
-2.5536e-06
-2.5861e-06
-2.608e-06
-2.6192e-06
-2.6198e-06
-2.61e-06
-2.5899e-06
-2.5597e-06
-2.5196e-06
-2.4699e-06
-2.4109e-06
-2.343e-06
-2.2666e-06
-2.182e-06
-2.0897e-06
-1.9902e-06
-1.8839e-06
-1.7714e-06
-1.6532e-06
-1.5298e-06
-1.4019e-06
-1.2699e-06
-1.1345e-06
-9.9632e-07
-8.5589e-07
-7.1383e-07
-5.7074e-07
-4.2723e-07
-2.8388e-07
-1.4128e-07
2.41e-20
1.3939e-07
2.7636e-07
4.1037e-07
5.409e-07
6.6748e-07
7.8963e-07
9.0691e-07
1.0189e-06
1.1252e-06
1.2255e-06
1.3195e-06
1.4067e-06
1.4871e-06
1.5603e-06
1.6261e-06
1.6844e-06
1.7351e-06
1.778e-06
1.8131e-06
1.8403e-06
1.8597e-06
1.8713e-06
1.8751e-06
1.8713e-06
1.86e-06
1.8414e-06
1.8156e-06
1.7829e-06
1.7434e-06
1.6976e-06
1.6457e-06
1.588e-06
1.5248e-06
1.4565e-06
1.3834e-06
1.306e-06
1.2247e-06
1.1398e-06
1.0517e-06
9.6103e-07
8.6804e-07
7.7321e-07
6.7699e-07
5.798e-07
4.8207e-07
3.8423e-07
2.8669e-07
1.8988e-07
9.4186e-08
-3.6767e-24
-9.2302e-08
-1.8236e-07
-2.6983e-07
-3.5438e-07
-4.3571e-07
-5.1353e-07
-5.8758e-07
-6.5759e-07
-7.2337e-07
-7.8469e-07
-8.414e-07
-8.9333e-07
-9.4037e-07
-9.824e-07
-1.0194e-06
-1.0512e-06
-1.0779e-06
-1.0994e-06
-1.1157e-06
-1.127e-06
-1.1332e-06
-1.1345e-06
-1.131e-06
-1.1228e-06
-1.11e-06
-1.0928e-06
-1.0715e-06
-1.0461e-06
-1.017e-06
-9.8434e-07
-9.4837e-07
-9.0935e-07
-8.6754e-07
-8.2322e-07
-7.7666e-07
-7.2814e-07
-6.7794e-07
-6.2636e-07
-5.7368e-07
-5.2019e-07
-4.6617e-07
-4.119e-07
-3.5765e-07
-3.037e-07
-2.503e-07
-1.9771e-07
-1.4616e-07
-9.588e-08
-4.7093e-08
1.2968e-20
4.5209e-08
8.836e-08
1.2929e-07
1.6787e-07
2.0395e-07
2.3744e-07
2.6824e-07
2.9628e-07
3.215e-07
3.4385e-07
3.6333e-07
3.7992e-07
3.9364e-07
4.0452e-07
4.126e-07
4.1794e-07
4.2063e-07
4.2074e-07
4.184e-07
4.1371e-07
4.068e-07
3.9783e-07
3.8692e-07
3.7426e-07
3.6e-07
3.4432e-07
3.274e-07
3.0942e-07
2.9057e-07
2.7105e-07
2.5104e-07
2.3073e-07
2.1031e-07
1.8997e-07
1.6989e-07
1.5025e-07
1.3121e-07
1.1295e-07
9.5614e-08
7.9351e-08
6.4299e-08
5.0584e-08
3.832e-08
2.7609e-08
1.8541e-08
1.1191e-08
5.6214e-09
1.88e-09
0
0
-0
-0
-0
-0
-0
-0
-0
-0
-0
-0
-0
-0
-0
-0
-0
-0
-0
-0
-0
-0
-0
-0
-0
-0
-0
-0
-0
-0
-0
-0
-0
-0
-0
-0
-0
-0
-0
-0
-0
-0
-0
-0
-0
-0
-0
-0
-0
-0
-0
-0
0
0
0
0
0
0
0
0
0
0
0
0
0
0
0
0
0
0
0
0
0
0
0
0
0
0
0
0
0
0
0
0
0
0
0
0
0
0
0
0
0
0
0
0
0
0
0
0
0
0
-0
-0
-0
-0
-0
-0
-0
-0
-0
-0
-0
-0
-0
-0
-0
-0
-0
-0
-0
-0
-0
-0
-0
-0
-0
-0
-0
-0
-0
-0
-0
-0
-0
-0
-0
-0
-0
-0
-0
-0
-0
-0
-0
-0
-0
-0
-0
-0
-0
-0
0
0
0
0
0
0
0
0
0
0
0
0
0
0
0
0
0
0
0
0
0
0
0
0
0
0
0
0
0
0
0
0
0
0
0
0
0
0
0
0
0
0
0
0
0
0
0
0
0
0
-0
-0
-0
-0
-0
-0
-0
-0
-0
-0
-0
-0
-0
-0
-0
-0
-0
-0
-0
-0
-0
-0
-0
-0
-0
-0
-0
-0
-0
-0
-0
-0
-0
-0
-0
-0
-0
-0
-0
-0
-0
-0
-0
-0
-0
-0
-0
-0
-0
-0
0
0
0
0
0
0
0
0
0
0
0
0
0
0
0
0
0
0
0
0
0
0
0
0
0
0
0
0
0
0
0
0
0
0
0
0
0
0
0
0
0
0
0
0
0
0
0
0
0
0
-0
-0
-0
-0
-0
-0
-0
-0
-0
-0
-0
-0
-0
-0
-0
-0
-0
-0
-0
-0
-0
-0
-0
-0
-0
-0
-0
-0
-0
-0
-0
-0
-0
-0
-0
-0
-0
-0
-0
-0
-0
-0
-0
-0
-0
-0
-0
-0
-0
-0
0
0
0
0
0
0
0
0
0
0
0
0
0
0
0
0
0
0
0
0
0
0
0
0
0
0
0
0
0
0
0
0
0
0
0
0
0
0
0
0
0
0
0
0
0
0
0
0
0
0
-0
-0
-0
-0
-0
-0
-0
-0
-0
-0
-0
-0
-0
-0
-0
-0
-0
-0
-0
-0
-0
-0
-0
-0
-0
-0
-0
-0
-0
-0
-0
-0
-0
-0
-0
-0
-0
-0
-0
-0
-0
-0
-0
-0
-0
-0
-0
-0
-0
-0
0
0
0
0
0
0
0
0
0
0
0
0
0
0
0
0
0
0
0
0
0
0
0
0
0
0
0
0
0
0
0
0
0
0
0
0
0
0
0
0
0
0
0
0
0
0
0
0
0
0
-0
-0
-0
-0
-0
-0
-0
-0
-0
-0
-0
-0
-0
-0
-0
-0
-0
-0
-0
-0
-0
-0
-0
-0
-0
-0
-0
-0
-0
-0
-0
-0
-0
-0
-0
-0
-0
-0
-0
-0
-0
-0
-0
-0
-0
-0
-0
-0
-0
0
0
0
0
0
0
0
0
0
0
0
0
0
0
0
0
0
0
0
0
0
0
0
0
0
0
0
0
0
0
0
0
0
0
0
0
0
0
0
0
0
0
0
0
0
0
0
0
0
0
0
-0
-0
-0
-0
-0
-0
-0
-0
-0
-0
-0
-0
-0
-0
-0
-0
-0
-0
-0
-0
-0
-0
-0
-0
-0
-0
-0
-0
-0
-0
-0
-0
-0
-0
-0
-0
-0
-0
-0
-0
-0
-0
-0
-0
-0
-0
-0
-0
-0
-0
0
0
0
0
0
0
0
0
0
0
0
0
0
0
0
0
0
0
0
0
0
0
0
0
0
0
0
0
0
0
0
0
0
0
0
0
0
0
0
0
0
0
0
0
0
0
0
0
0
0
-0
-0
-0
-0
-0
-0
-0
-0
-0
-0
-0
-0
-0
-0
-0
-0
-0
-0
-0
-0
-0
-0
-0
-0
-0
-0
-0
-0
-0
-0
-0
-0
-0
-0
-0
-0
-0
-0
-0
-0
-0
-0
-0
-0
-0
-0
-0
-0
-0
-0
0
0
0
0
0
0
0
0
0
0
0
0
0
0
0
0
0
0
0
0
0
0
0
0
0
0
0
0
0
0
0
0
0
0
0
0
0
0
0
0
0
0
0
0
0
0
0
0
0
-0
-0
-0
-0
-0
-0
-0
-0
-0
-0
-0
-0
-0
-0
-0
-0
-0
-0
-0
-0
-0
-0
-0
-0
-0
-0
-0
-0
-0
-0
-0
-0
-0
-0
-0
-0
-0
-0
-0
-0
-0
-0
-0
-0
-0
-0
-0
-0
-0
-0
-0
0
0
0
0
0
0
0
0
0
0
0
0
0
0
0
0
0
0
0
0
0
0
0
0
0
0
0
0
0
0
0
0
0
0
0
0
0
0
0
0
0
0
0
0
0
0
0
0
0
0
-0
-0
-0
-0
-0
-0
-0
-0
-0
-0
-0
-0
-0
-0
-0
-0
-0
-0
-0
-0
-0
-0
-0
-0
-0
-0
-0
-0
-0
-0
-0
-0
-0
-0
-0
-0
-0
-0
-0
-0
-0
-0
-0
-0
-0
-0
-0
-0
-0
0
0
0
0
0
0
0
0
0
0
0
0
0
0
0
0
0
0
0
0
0
0
0
0
0
0
0
0
0
0
0
0
0
0
0
0
0
0
0
0
0
0
0
0
0
0
0
0
0
0
0
-0
-0
-0
-0
-0
-0
-0
-0
-0
-0
-0
-0
-0
-0
-0
-0
-0
-0
-0
-0
-0
-0
-0
-0
-0
-0
-0
-0
-0
-0
-0
-0
-0
-0
-0
-0
-0
-0
-0
-0
-0
-0
-0
-0
-0
-0
-0
-0
-0
-0
0
0
0
0
0
0
0
0
0
0
0
0
0
0
0
0
0
0
0
0
0
0
0
0
0
0
0
0
0
0
0
0
0
0
0
0
0
0
0
0
0
0
0
0
0
0
0
0
0
0
-0
-0
-0
-0
-0
-0
-0
-0
-0
-0
-0
-0
-0
-0
-0
-0
-0
-0
-0
-0
-0
-0
-0
-0
-0
-0
-0
-0
-0
-0
-0
-0
-0
-0
-0
-0
-0
-0
-0
-0
-0
-0
-0
-0
-0
-0
-0
-0
-0
0
0
0
0
0
0
0
0
0
0
0
0
0
0
0
0
0
0
0
0
0
0
0
0
0
0
0
0
0
0
0
0
0
0
0
0
0
0
0
0
0
0
0
0
0
0
0
0
0
0
-0
-0
-0
-0
-0
-0
-0
-0
-0
-0
-0
-0
-0
-0
-0
-0
-0
-0
-0
-0
-0
-0
-0
-0
-0
-0
-0
-0
-0
-0
-0
-0
-0
-0
-0
-0
-0
-0
-0
-0
-0
-0
-0
-0
-0
-0
-0
-0
-0
-0
-0
0
0
0
0
0
0
0
0
0
0
0
0
0
0
0
0
0
0
0
0
0
0
0
0
0
0
0
0
0
0
0
0
0
0
0
0
0
0
0
0
0
0
0
0
0
0
0
0
0
0
-0
-0
-0
-0
-0
-0
-0
-0
-0
-0
-0
-0
-0
-0
-0
-0
-0
-0
-0
-0
-0
-0
-0
-0
-0
-0
-0
-0
-0
-0
-0
-0
-0
-0
-0
-0
-0
-0
-0
-0
-0
-0
-0
-0
-0
-0
-0
-0
-0
0
0
0
0
0
0
0
0
0
0
0
0
0
0
0
0
0
0
0
0
0
0
0
0
0
0
0
0
0
0
0
0
0
0
0
0
0
0
0
0
0
0
0
0
0
0
0
0
0
0
-0
-0
-0
-0
-0
-0
-0
-0
-0
-0
-0
-0
-0
-0
-0
-0
-0
-0
-0
-0
-0
-0
-0
-0
-0
-0
-0
-0
-0
-0
-0
-0
-0
-0
-0
-0
-0
-0
-0
-0
-0
-0
-0
-0
-0
-0
-0
-0
-0
-0
0
0
0
0
0
0
0
0
0
0
0
0
0
0
0
0
0
0
0
0
0
0
0
0
0
0
0
0
0
0
0
0
0
0
0
0
0
0
0
0
0
0
0
0
0
0
0
0
0
0
0
-0
-0
-0
-0
-0
-0
-0
-0
-0
-0
-0
-0
-0
-0
-0
-0
-0
-0
-0
-0
-0
-0
-0
-0
-0
-0
-0
-0
-0
-0
-0
-0
-0
-0
-0
-0
-0
-0
-0
-0
-0
-0
-0
-0
-0
-0
-0
-0
-0
-0
0
0
0
0
0
0
0
0
0
0
0
0
0
0
0
0
0
0
0
0
0
0
0
0
0
0
0
0
0
0
0
0
0
0
0
0
0
0
0
0
0
0
0
0
0
0
0
0
0
-0
-0
-0
-0
-0
-0
-0
-0
-0
-0
-0
-0
-0
-0
-0
-0
-0
-0
-0
-0
-0
-0
-0
-0
-0
-0
-0
-0
-0
-0
-0
-0
-0
-0
-0
-0
-0
-0
-0
-0
-0
-0
-0
-0
-0
-0
-0
-0
-0
-0
0
0
0
0
0
0
0
0
0
0
0
0
0
0
0
0
0
0
0
0
0
0
0
0
0
0
0
0
0
0
0
0
0
0
0
0
0
0
0
0
0
0
0
0
0
0
0
0
0
0
-0
-0
-0
-0
-0
-0
-0
-0
-0
-0
-0
-0
-0
-0
-0
-0
-0
-0
-0
-0
-0
-0
-0
-0
-0
-0
-0
-0
-0
-0
-0
-0
-0
-0
-0
-0
-0
-0
-0
-0
-0
-0
-0
-0
-0
-0
-0
-0
-0
-0
-0
0
0
0
0
0
0
0
0
0
0
0
0
0
0
0
0
0
0
0
0
0
0
0
0
0
0
0
0
0
0
0
0
0
0
0
0
0
0
0
0
0
0
0
0
0
0
0
0
0
0
-0
-0
-0
-0
-0
-0
-0
-0
-0
-0
-0
-0
-0
-0
-0
-0
-0
-0
-0
-0
-0
-0
-0
-0
-0
-0
-0
-0
-0
-0
-0
-0
-0
-0
-0
-0
-0
-0
-0
-0
-0
-0
-0
-0
-0
-0
-0
-0
-0
0
0
0
0
0
0
0
0
0
0
0
0
0
0
0
0
0
0
0
0
0
0
0
0
0
0
0
0
0
0
0
0
0
0
0
0
0
0
0
0
0
0
0
0
0
0
0
0
0
0
-0
-0
-0
-0
-0
-0
-0
-0
-0
-0
-0
-0
-0
-0
-0
-0
-0
-0
-0
-0
-0
-0
-0
-0
-0
-0
-0
-0
-0
-0
-0
-0
-0
-0
-0
-0
-0
-0
-0
-0
-0
-0
-0
-0
-0
-0
-0
-0
-0
-0
0
0
0
0
0
0
0
0
0
0
0
0
0
0
0
0
0
0
0
0
0
0
0
0
0
0
0
0
0
0
0
0
0
0
0
0
0
0
0
0
0
0
0
0
0
0
0
0
0
0
-0
-0
-0
-0
-0
-0
-0
-0
-0
-0
-0
-0
-0
-0
-0
-0
-0
-0
-0
-0
-0
-0
-0
-0
-0
-0
-0
-0
-0
-0
-0
-0
-0
-0
-0
-0
-0
-0
-0
-0
-0
-0
-0
-0
-0
-0
-0
-0
-0
-0
-0
0
0
0
0
0
0
0
0
0
0
0
0
0
0
0
0
0
0
0
0
0
0
0
0
0
0
0
0
0
0
0
0
0
0
0
0
0
0
0
0
0
0
0
0
0
0
0
0
0
0
-0
-0
-0
-0
-0
-0
-0
-0
-0
-0
-0
-0
-0
-0
-0
-0
-0
-0
-0
-0
-0
-0
-0
-0
-0
-0
-0
-0
-0
-0
-0
-0
-0
-0
-0
-0
-0
-0
-0
-0
-0
-0
-0
-0
-0
-0
-0
-0
-0
-0
0
0
0
0
0
0
0
0
0
0
0
0
0
0
0
0
0
0
0
0
0
0
0
0
0
0
0
0
0
0
0
0
0
0
0
0
0
0
0
0
0
0
0
0
0
0
0
0
0
-0
-0
-0
-0
-0
-0
-0
-0
-0
-0
-0
-0
-0
-0
-0
-0
-0
-0
-0
-0
-0
-0
-0
-0
-0
-0
-0
-0
-0
-0
-0
-0
-0
-0
-0
-0
-0
-0
-0
-0
-0
-0
-0
-0
-0
-0
-0
-0
-0
-0
0
0
0
0
0
0
0
0
0
0
0
0
0
0
0
0
0
0
0
0
0
0
0
0
0
0
0
0
0
0
0
0
0
0
0
0
0
0
0
0
0
0
0
0
0
0
0
0
0
0
0
-0
-0
-0
-0
-0
-0
-0
-0
-0
-0
-0
-0
-0
-0
-0
-0
-0
-0
-0
-0
-0
-0
-0
-0
-0
-0
-0
-0
-0
-0
-0
-0
-0
-0
-0
-0
-0
-0
-0
-0
-0
-0
-0
-0
-0
-0
-0
-0
-0
-0
0
0
0
0
0
0
0
0
0
0
0
0
0
0
0
0
0
0
0
0
0
0
0
0
0
0
0
0
0
0
0
0
0
0
0
0
0
0
0
0
0
0
0
0
0
0
0
0
0
0
-0
-0
-0
-0
-0
-0
-0
-0
-0
-0
-0
-0
-0
-0
-0
-0
-0
-0
-0
-0
-0
-0
-0
-0
-0
-0
-0
-0
-0
-0
-0
-0
-0
-0
-0
-0
-0
-0
-0
-0
-0
-0
-0
-0
-0
-0
-0
-0
-0
0
0
0
0
0
0
0
0
0
0
0
0
0
0
0
0
0
0
0
0
0
0
0
0
0
0
0
0
0
0
0
0
0
0
0
0
0
0
0
0
0
0
0
0
0
0
0
0
0
0
-0
-0
-0
-0
-0
-0
-0
-0
-0
-0
-0
-0
-0
-0
-0
-0
-0
-0
-0
-0
-0
-0
-0
-0
-0
-0
-0
-0
-0
-0
-0
-0
-0
-0
-0
-0
-0
-0
-0
-0
-0
-0
-0
-0
-0
-0
-0
-0
-0
-0
-0
0
0
0
0
0
0
0
0
0
0
0
0
0
0
0
0
0
0
0
0
0
0
0
0
0
0
0
0
0
0
0
0
0
0
0
0
0
0
0
0
0
0
0
0
0
0
0
0
0
0
-0
-0
-0
-0
-0
-0
-0
-0
-0
-0
-0
-0
-0
-0
-0
-0
-0
-0
-0
-0
-0
-0
-0
-0
-0
-0
-0
-0
-0
-0
-0
-0
-0
-0
-0
-0
-0
-0
-0
-0
-0
-0
-0
-0
-0
-0
-0
-0
-0
-0
0
0
0
0
0
0
0
0
0
0
0
0
0
0
0
0
0
0
0
0
0
0
0
0
0
0
0
0
0
0
0
0
0
0
0
0
0
0
0
0
0
0
0
0
0
0
0
0
0
-0
-0
-0
-0
-0
-0
-0
-0
-0
-0
-0
-0
-0
-0
-0
-0
-0
-0
-0
-0
-0
-0
-0
-0
-0
-0
-0
-0
-0
-0
-0
-0
-0
-0
-0
-0
-0
-0
-0
-0
-0
-0
-0
-0
-0
-0
-0
-0
-0
-0
0
0
0
0
0
0
0
0
0
0
0
0
0
0
0
0
0
0
0
0
0
0
0
0
0
0
0
0
0
0
0
0
0
0
0
0
0
0
0
0
0
0
0
0
0
0
0
0
0
0
-0
-9.4186e-10
-3.76e-09
-8.4322e-09
-1.4921e-08
-2.3176e-08
-3.3131e-08
-4.4707e-08
-5.781e-08
-7.2337e-08
-8.8168e-08
-1.0517e-07
-1.2322e-07
-1.4215e-07
-1.6181e-07
-1.8203e-07
-2.0264e-07
-2.2346e-07
-2.443e-07
-2.6499e-07
-2.8532e-07
-3.051e-07
-3.2415e-07
-3.4228e-07
-3.5929e-07
-3.75e-07
-3.8923e-07
-4.0181e-07
-4.1256e-07
-4.2133e-07
-4.2798e-07
-4.3235e-07
-4.3432e-07
-4.3377e-07
-4.3061e-07
-4.2473e-07
-4.1608e-07
-4.0458e-07
-3.9019e-07
-3.7289e-07
-3.5267e-07
-3.2953e-07
-3.035e-07
-2.7463e-07
-2.4296e-07
-2.0859e-07
-1.716e-07
-1.321e-07
-9.024e-08
-4.6151e-08
-8.0817e-21
4.8035e-08
9.776e-08
1.4897e-07
2.0144e-07
2.5494e-07
3.0922e-07
3.6404e-07
4.1913e-07
4.7421e-07
5.2901e-07
5.8324e-07
6.3663e-07
6.8888e-07
7.3969e-07
7.8879e-07
8.3588e-07
8.8069e-07
9.2292e-07
9.6232e-07
9.9861e-07
1.0315e-06
1.0609e-06
1.0864e-06
1.1078e-06
1.125e-06
1.1378e-06
1.1459e-06
1.1493e-06
1.1478e-06
1.1413e-06
1.1297e-06
1.1129e-06
1.091e-06
1.0639e-06
1.0315e-06
9.9396e-07
9.513e-07
9.036e-07
8.5096e-07
7.9351e-07
7.314e-07
6.6482e-07
5.9396e-07
5.1906e-07
4.4035e-07
3.5811e-07
2.7264e-07
1.8424e-07
9.3244e-08
-5.2931e-20
-9.5128e-08
-1.9176e-07
-2.895e-07
-3.8796e-07
-4.867e-07
-5.8532e-07
-6.8338e-07
-7.8044e-07
-8.7608e-07
-9.6985e-07
-1.0613e-06
-1.15e-06
-1.2356e-06
-1.3176e-06
-1.3956e-06
-1.4691e-06
-1.5379e-06
-1.6015e-06
-1.6597e-06
-1.7119e-06
-1.758e-06
-1.7976e-06
-1.8305e-06
-1.8563e-06
-1.875e-06
-1.8863e-06
-1.89e-06
-1.886e-06
-1.8742e-06
-1.8546e-06
-1.827e-06
-1.7916e-06
-1.7482e-06
-1.6971e-06
-1.6383e-06
-1.5718e-06
-1.498e-06
-1.417e-06
-1.329e-06
-1.2343e-06
-1.1333e-06
-1.0261e-06
-9.133e-07
-7.9515e-07
-6.7211e-07
-5.4463e-07
-4.1318e-07
-2.7824e-07
-1.4034e-07
5.514e-20
1.4222e-07
2.8576e-07
4.3004e-07
5.7447e-07
7.1846e-07
8.6141e-07
1.0027e-06
1.1418e-06
1.2779e-06
1.4107e-06
1.5394e-06
1.6634e-06
1.7823e-06
1.8955e-06
2.0023e-06
2.1024e-06
2.1951e-06
2.2802e-06
2.357e-06
2.4252e-06
2.4844e-06
2.5343e-06
2.5745e-06
2.6048e-06
2.625e-06
2.6348e-06
2.6341e-06
2.6227e-06
2.6006e-06
2.5679e-06
2.5243e-06
2.4702e-06
2.4055e-06
2.3303e-06
2.245e-06
2.1497e-06
2.0448e-06
1.9304e-06
1.8071e-06
1.6752e-06
1.5351e-06
1.3875e-06
1.2326e-06
1.0712e-06
9.0387e-07
7.3115e-07
5.5371e-07
3.7224e-07
1.8743e-07
1.2935e-19
-1.8931e-07
-3.7976e-07
-5.7058e-07
-7.6099e-07
-9.5023e-07
-1.1375e-06
-1.322e-06
-1.5031e-06
-1.6798e-06
-1.8515e-06
-2.0174e-06
-2.1769e-06
-2.3291e-06
-2.4733e-06
-2.6091e-06
-2.7356e-06
-2.8524e-06
-2.9588e-06
-3.0543e-06
-3.1385e-06
-3.2109e-06
-3.271e-06
-3.3186e-06
-3.3534e-06
-3.375e-06
-3.3833e-06
-3.3782e-06
-3.3594e-06
-3.3271e-06
-3.2811e-06
-3.2217e-06
-3.1488e-06
-3.0627e-06
-2.9636e-06
-2.8518e-06
-2.7276e-06
-2.5915e-06
-2.4438e-06
-2.2852e-06
-2.116e-06
-1.937e-06
-1.7488e-06
-1.552e-06
-1.3473e-06
-1.1356e-06
-9.1767e-07
-6.9425e-07
-4.6624e-07
-2.3452e-07
-2.0212e-19
2.3641e-07
4.7376e-07
7.1111e-07
9.4751e-07
1.182e-06
1.4136e-06
1.6414e-06
1.8644e-06
2.0817e-06
2.2924e-06
2.4955e-06
2.6903e-06
2.8758e-06
3.0512e-06
3.2158e-06
3.3689e-06
3.5096e-06
3.6374e-06
3.7516e-06
3.8518e-06
3.9373e-06
4.0077e-06
4.0627e-06
4.1019e-06
4.125e-06
4.1318e-06
4.1222e-06
4.0961e-06
4.0535e-06
3.9944e-06
3.919e-06
3.8274e-06
3.7199e-06
3.5968e-06
3.4585e-06
3.3055e-06
3.1382e-06
2.9572e-06
2.7632e-06
2.5569e-06
2.3389e-06
2.1101e-06
1.8713e-06
1.6234e-06
1.3674e-06
1.1042e-06
8.3478e-07
5.6024e-07
2.8162e-07
2.9105e-19
-2.835e-07
-5.6776e-07
-8.5165e-07
-1.134e-06
-1.4138e-06
-1.6897e-06
-1.9607e-06
-2.2257e-06
-2.4836e-06
-2.7332e-06
-2.9736e-06
-3.2037e-06
-3.4225e-06
-3.6291e-06
-3.8226e-06
-4.0021e-06
-4.1668e-06
-4.316e-06
-4.449e-06
-4.5651e-06
-4.6637e-06
-4.7444e-06
-4.8068e-06
-4.8504e-06
-4.875e-06
-4.8804e-06
-4.8663e-06
-4.8329e-06
-4.78e-06
-4.7077e-06
-4.6163e-06
-4.506e-06
-4.3772e-06
-4.2301e-06
-4.0653e-06
-3.8834e-06
-3.6849e-06
-3.4707e-06
-3.2413e-06
-2.9977e-06
-2.7408e-06
-2.4714e-06
-2.1906e-06
-1.8995e-06
-1.5992e-06
-1.2907e-06
-9.7532e-07
-6.5424e-07
-3.2871e-07
-9.7733e-20
3.3059e-07
6.6176e-07
9.9218e-07
1.3205e-06
1.6455e-06
1.9658e-06
2.28e-06
2.587e-06
2.8854e-06
3.174e-06
3.4517e-06
3.7171e-06
3.9692e-06
4.207e-06
4.4294e-06
4.6354e-06
4.8241e-06
4.9946e-06
5.1463e-06
5.2784e-06
5.3902e-06
5.4812e-06
5.5509e-06
5.5989e-06
5.625e-06
5.6289e-06
5.6104e-06
5.5696e-06
5.5064e-06
5.421e-06
5.3137e-06
5.1847e-06
5.0344e-06
4.8633e-06
4.6721e-06
4.4613e-06
4.2317e-06
3.9841e-06
3.7194e-06
3.4385e-06
3.1426e-06
2.8327e-06
2.51e-06
2.1756e-06
1.8309e-06
1.4772e-06
1.1159e-06
7.4824e-07
3.758e-07
5.1744e-19
-3.7768e-07
-7.5576e-07
-1.1327e-06
-1.5071e-06
-1.8773e-06
-2.2419e-06
-2.5994e-06
-2.9483e-06
-3.2873e-06
-3.6149e-06
-3.9297e-06
-4.2305e-06
-4.516e-06
-4.7849e-06
-5.0361e-06
-5.2686e-06
-5.4813e-06
-5.6733e-06
-5.8436e-06
-5.9917e-06
-6.1166e-06
-6.2179e-06
-6.295e-06
-6.3474e-06
-6.375e-06
-6.3774e-06
-6.3545e-06
-6.3063e-06
-6.2328e-06
-6.1343e-06
-6.011e-06
-5.8633e-06
-5.6916e-06
-5.4966e-06
-5.2788e-06
-5.0392e-06
-4.7784e-06
-4.4975e-06
-4.1974e-06
-3.8794e-06
-3.5445e-06
-3.194e-06
-2.8293e-06
-2.4517e-06
-2.0627e-06
-1.6637e-06
-1.2564e-06
-8.4224e-07
-4.2289e-07
-2.712e-19
4.2478e-07
8.4976e-07
1.2733e-06
1.6936e-06
2.109e-06
2.518e-06
2.9187e-06
3.3096e-06
3.6892e-06
4.0557e-06
4.4078e-06
4.7439e-06
5.0627e-06
5.3628e-06
5.6429e-06
5.9019e-06
6.1385e-06
6.3519e-06
6.541e-06
6.7049e-06
6.843e-06
6.9546e-06
7.0391e-06
7.096e-06
7.125e-06
7.1259e-06
7.0986e-06
7.043e-06
6.9593e-06
6.8476e-06
6.7083e-06
6.5419e-06
6.3488e-06
6.1298e-06
5.8856e-06
5.617e-06
5.3251e-06
5.0109e-06
4.6755e-06
4.3202e-06
3.9464e-06
3.5553e-06
3.1486e-06
2.7278e-06
2.2945e-06
1.8503e-06
1.3969e-06
9.3624e-07
4.6999e-07
3.8142e-19
-4.6905e-07
-9.3436e-07
-1.3941e-06
-1.8465e-06
-2.2898e-06
-2.7223e-06
-3.1423e-06
-3.5481e-06
-3.9383e-06
-4.3114e-06
-4.6659e-06
-5.0006e-06
-5.3142e-06
-5.6055e-06
-5.8735e-06
-6.1172e-06
-6.3357e-06
-6.5283e-06
-6.6944e-06
-6.8333e-06
-6.9447e-06
-7.0283e-06
-7.0837e-06
-7.1109e-06
-7.11e-06
-7.081e-06
-7.0242e-06
-6.9399e-06
-6.8285e-06
-6.6907e-06
-6.527e-06
-6.3383e-06
-6.1254e-06
-5.8892e-06
-5.6308e-06
-5.3512e-06
-5.0518e-06
-4.7336e-06
-4.3982e-06
-4.0469e-06
-3.6811e-06
-3.3024e-06
-2.9123e-06
-2.5125e-06
-2.1044e-06
-1.6898e-06
-1.2704e-06
-8.4788e-07
-4.2384e-07
-4.1581e-19
4.2195e-07
8.4036e-07
1.2536e-06
1.66e-06
2.0581e-06
2.4462e-06
2.8229e-06
3.1868e-06
3.5365e-06
3.8706e-06
4.1879e-06
4.4872e-06
4.7675e-06
5.0276e-06
5.2667e-06
5.4839e-06
5.6785e-06
5.8497e-06
5.9971e-06
6.12e-06
6.2183e-06
6.2915e-06
6.3396e-06
6.3624e-06
6.36e-06
6.3325e-06
6.2801e-06
6.2031e-06
6.1021e-06
5.9774e-06
5.8297e-06
5.6597e-06
5.4682e-06
5.2559e-06
5.024e-06
4.7733e-06
4.505e-06
4.2202e-06
3.9202e-06
3.6061e-06
3.2793e-06
2.9411e-06
2.593e-06
2.2364e-06
1.8726e-06
1.5033e-06
1.1299e-06
7.5388e-07
3.7674e-07
9.3818e-20
-3.7486e-07
-7.4636e-07
-1.113e-06
-1.4735e-06
-1.8263e-06
-2.1701e-06
-2.5036e-06
-2.8255e-06
-3.1346e-06
-3.4297e-06
-3.7098e-06
-3.9738e-06
-4.2207e-06
-4.4497e-06
-4.6599e-06
-4.8507e-06
-5.0212e-06
-5.1711e-06
-5.2997e-06
-5.4068e-06
-5.4919e-06
-5.5548e-06
-5.5955e-06
-5.6139e-06
-5.61e-06
-5.584e-06
-5.536e-06
-5.4664e-06
-5.3756e-06
-5.2641e-06
-5.1324e-06
-4.9811e-06
-4.8109e-06
-4.6227e-06
-4.4172e-06
-4.1954e-06
-3.9583e-06
-3.7068e-06
-3.4421e-06
-3.1652e-06
-2.8774e-06
-2.5798e-06
-2.2737e-06
-1.9603e-06
-1.6409e-06
-1.3168e-06
-9.8937e-07
-6.5988e-07
-3.2965e-07
-4.3607e-19
3.2777e-07
6.5236e-07
9.7251e-07
1.287e-06
1.5945e-06
1.894e-06
2.1842e-06
2.4642e-06
2.7327e-06
2.9889e-06
3.2317e-06
3.4604e-06
3.674e-06
3.8718e-06
4.0532e-06
4.2174e-06
4.364e-06
4.4925e-06
4.6024e-06
4.6935e-06
4.7654e-06
4.8181e-06
4.8514e-06
4.8654e-06
4.86e-06
4.8354e-06
4.7919e-06
4.7297e-06
4.6492e-06
4.5508e-06
4.435e-06
4.3025e-06
4.1537e-06
3.9894e-06
3.8105e-06
3.6176e-06
3.4116e-06
3.1934e-06
2.964e-06
2.7244e-06
2.4755e-06
2.2185e-06
1.9543e-06
1.6842e-06
1.4091e-06
1.1303e-06
8.4884e-07
5.6588e-07
2.8256e-07
1.6701e-19
-2.8067e-07
-5.5836e-07
-8.3197e-07
-1.1005e-06
-1.3628e-06
-1.6179e-06
-1.8649e-06
-2.1029e-06
-2.3308e-06
-2.548e-06
-2.7537e-06
-2.947e-06
-3.1273e-06
-3.2939e-06
-3.4464e-06
-3.5842e-06
-3.7068e-06
-3.8138e-06
-3.9051e-06
-3.9802e-06
-4.039e-06
-4.0814e-06
-4.1074e-06
-4.1169e-06
-4.11e-06
-4.0869e-06
-4.0478e-06
-3.993e-06
-3.9228e-06
-3.8375e-06
-3.7377e-06
-3.6238e-06
-3.4965e-06
-3.3562e-06
-3.2037e-06
-3.0397e-06
-2.8648e-06
-2.68e-06
-2.486e-06
-2.2835e-06
-2.0736e-06
-1.8572e-06
-1.635e-06
-1.4081e-06
-1.1774e-06
-9.4378e-07
-7.083e-07
-4.7188e-07
-2.3546e-07
-1.7934e-19
2.3358e-07
4.6436e-07
6.9144e-07
9.1394e-07
1.131e-06
1.3418e-06
1.5456e-06
1.7415e-06
1.929e-06
2.1072e-06
2.2756e-06
2.4336e-06
2.5805e-06
2.7161e-06
2.8396e-06
2.9509e-06
3.0495e-06
3.1352e-06
3.2077e-06
3.2669e-06
3.3126e-06
3.3447e-06
3.3633e-06
3.3683e-06
3.36e-06
3.3384e-06
3.3037e-06
3.2563e-06
3.1963e-06
3.1242e-06
3.0404e-06
2.9452e-06
2.8392e-06
2.723e-06
2.5969e-06
2.4618e-06
2.3181e-06
2.1666e-06
2.0079e-06
1.8427e-06
1.6718e-06
1.4958e-06
1.3157e-06
1.132e-06
9.4559e-07
7.5726e-07
5.6777e-07
3.7788e-07
1.8837e-07
1.7551e-19
-1.8649e-07
-3.7036e-07
-5.509e-07
-7.2742e-07
-8.9924e-07
-1.0657e-06
-1.2262e-06
-1.3802e-06
-1.5271e-06
-1.6664e-06
-1.7975e-06
-1.9202e-06
-2.0338e-06
-2.1382e-06
-2.2329e-06
-2.3177e-06
-2.3923e-06
-2.4566e-06
-2.5104e-06
-2.5536e-06
-2.5861e-06
-2.608e-06
-2.6192e-06
-2.6198e-06
-2.61e-06
-2.5899e-06
-2.5597e-06
-2.5196e-06
-2.4699e-06
-2.4109e-06
-2.343e-06
-2.2666e-06
-2.182e-06
-2.0897e-06
-1.9902e-06
-1.8839e-06
-1.7714e-06
-1.6532e-06
-1.5298e-06
-1.4019e-06
-1.2699e-06
-1.1345e-06
-9.9632e-07
-8.5589e-07
-7.1383e-07
-5.7074e-07
-4.2723e-07
-2.8388e-07
-1.4128e-07
-2.8463e-20
1.3939e-07
2.7636e-07
4.1037e-07
5.409e-07
6.6748e-07
7.8963e-07
9.0691e-07
1.0189e-06
1.1252e-06
1.2255e-06
1.3195e-06
1.4067e-06
1.4871e-06
1.5603e-06
1.6261e-06
1.6844e-06
1.7351e-06
1.778e-06
1.8131e-06
1.8403e-06
1.8597e-06
1.8713e-06
1.8751e-06
1.8713e-06
1.86e-06
1.8414e-06
1.8156e-06
1.7829e-06
1.7434e-06
1.6976e-06
1.6457e-06
1.588e-06
1.5248e-06
1.4565e-06
1.3834e-06
1.306e-06
1.2247e-06
1.1398e-06
1.0517e-06
9.6103e-07
8.6804e-07
7.7321e-07
6.7699e-07
5.798e-07
4.8207e-07
3.8423e-07
2.8669e-07
1.8988e-07
9.4186e-08
1.1933e-19
-9.2302e-08
-1.8236e-07
-2.6983e-07
-3.5438e-07
-4.3571e-07
-5.1353e-07
-5.8758e-07
-6.5759e-07
-7.2337e-07
-7.8469e-07
-8.414e-07
-8.9333e-07
-9.4037e-07
-9.824e-07
-1.0194e-06
-1.0512e-06
-1.0779e-06
-1.0994e-06
-1.1157e-06
-1.127e-06
-1.1332e-06
-1.1345e-06
-1.131e-06
-1.1228e-06
-1.11e-06
-1.0928e-06
-1.0715e-06
-1.0461e-06
-1.017e-06
-9.8434e-07
-9.4837e-07
-9.0935e-07
-8.6754e-07
-8.2322e-07
-7.7666e-07
-7.2814e-07
-6.7794e-07
-6.2636e-07
-5.7368e-07
-5.2019e-07
-4.6617e-07
-4.119e-07
-3.5765e-07
-3.037e-07
-2.503e-07
-1.9771e-07
-1.4616e-07
-9.588e-08
-4.7093e-08
-2.5208e-20
4.5209e-08
8.836e-08
1.2929e-07
1.6787e-07
2.0395e-07
2.3744e-07
2.6824e-07
2.9628e-07
3.215e-07
3.4385e-07
3.6333e-07
3.7992e-07
3.9364e-07
4.0452e-07
4.126e-07
4.1794e-07
4.2063e-07
4.2074e-07
4.184e-07
4.1371e-07
4.068e-07
3.9783e-07
3.8692e-07
3.7426e-07
3.6e-07
3.4432e-07
3.274e-07
3.0942e-07
2.9057e-07
2.7105e-07
2.5104e-07
2.3073e-07
2.1031e-07
1.8997e-07
1.6989e-07
1.5025e-07
1.3121e-07
1.1295e-07
9.5614e-08
7.9351e-08
6.4299e-08
5.0584e-08
3.832e-08
2.7609e-08
1.8541e-08
1.1191e-08
5.6214e-09
1.88e-09
0
0
-0
-0
-0
-0
-0
-0
-0
-0
-0
-0
-0
-0
-0
-0
-0
-0
-0
-0
-0
-0
-0
-0
-0
-0
-0
-0
-0
-0
-0
-0
-0
-0
-0
-0
-0
-0
-0
-0
-0
-0
-0
-0
-0
-0
-0
-0
-0
-0
-0
-0
0
0
0
0
0
0
0
0
0
0
0
0
0
0
0
0
0
0
0
0
0
0
0
0
0
0
0
0
0
0
0
0
0
0
0
0
0
0
0
0
0
0
0
0
0
0
0
0
0
0
-0
-0
-0
-0
-0
-0
-0
-0
-0
-0
-0
-0
-0
-0
-0
-0
-0
-0
-0
-0
-0
-0
-0
-0
-0
-0
-0
-0
-0
-0
-0
-0
-0
-0
-0
-0
-0
-0
-0
-0
-0
-0
-0
-0
-0
-0
-0
-0
-0
-0
0
0
0
0
0
0
0
0
0
0
0
0
0
0
0
0
0
0
0
0
0
0
0
0
0
0
0
0
0
0
0
0
0
0
0
0
0
0
0
0
0
0
0
0
0
0
0
0
0
0
-0
-0
-0
-0
-0
-0
-0
-0
-0
-0
-0
-0
-0
-0
-0
-0
-0
-0
-0
-0
-0
-0
-0
-0
-0
-0
-0
-0
-0
-0
-0
-0
-0
-0
-0
-0
-0
-0
-0
-0
-0
-0
-0
-0
-0
-0
-0
-0
-0
-0
0
0
0
0
0
0
0
0
0
0
0
0
0
0
0
0
0
0
0
0
0
0
0
0
0
0
0
0
0
0
0
0
0
0
0
0
0
0
0
0
0
0
0
0
0
0
0
0
0
0
-0
-0
-0
-0
-0
-0
-0
-0
-0
-0
-0
-0
-0
-0
-0
-0
-0
-0
-0
-0
-0
-0
-0
-0
-0
-0
-0
-0
-0
-0
-0
-0
-0
-0
-0
-0
-0
-0
-0
-0
-0
-0
-0
-0
-0
-0
-0
-0
-0
-0
0
0
0
0
0
0
0
0
0
0
0
0
0
0
0
0
0
0
0
0
0
0
0
0
0
0
0
0
0
0
0
0
0
0
0
0
0
0
0
0
0
0
0
0
0
0
0
0
0
0
-0
-0
-0
-0
-0
-0
-0
-0
-0
-0
-0
-0
-0
-0
-0
-0
-0
-0
-0
-0
-0
-0
-0
-0
-0
-0
-0
-0
-0
-0
-0
-0
-0
-0
-0
-0
-0
-0
-0
-0
-0
-0
-0
-0
-0
-0
-0
-0
-0
-0
0
0
0
0
0
0
0
0
0
0
0
0
0
0
0
0
0
0
0
0
0
0
0
0
0
0
0
0
0
0
0
0
0
0
0
0
0
0
0
0
0
0
0
0
0
0
0
0
0
0
-0
-0
-0
-0
-0
-0
-0
-0
-0
-0
-0
-0
-0
-0
-0
-0
-0
-0
-0
-0
-0
-0
-0
-0
-0
-0
-0
-0
-0
-0
-0
-0
-0
-0
-0
-0
-0
-0
-0
-0
-0
-0
-0
-0
-0
-0
-0
-0
-0
-0
0
0
0
0
0
0
0
0
0
0
0
0
0
0
0
0
0
0
0
0
0
0
0
0
0
0
0
0
0
0
0
0
0
0
0
0
0
0
0
0
0
0
0
0
0
0
0
0
0
0
-0
-0
-0
-0
-0
-0
-0
-0
-0
-0
-0
-0
-0
-0
-0
-0
-0
-0
-0
-0
-0
-0
-0
-0
-0
-0
-0
-0
-0
-0
-0
-0
-0
-0
-0
-0
-0
-0
-0
-0
-0
-0
-0
-0
-0
-0
-0
-0
-0
-0
0
0
0
0
0
0
0
0
0
0
0
0
0
0
0
0
0
0
0
0
0
0
0
0
0
0
0
0
0
0
0
0
0
0
0
0
0
0
0
0
0
0
0
0
0
0
0
0
0
0
-0
-0
-0
-0
-0
-0
-0
-0
-0
-0
-0
-0
-0
-0
-0
-0
-0
-0
-0
-0
-0
-0
-0
-0
-0
-0
-0
-0
-0
-0
-0
-0
-0
-0
-0
-0
-0
-0
-0
-0
-0
-0
-0
-0
-0
-0
-0
-0
-0
-0
0
0
0
0
0
0
0
0
0
0
0
0
0
0
0
0
0
0
0
0
0
0
0
0
0
0
0
0
0
0
0
0
0
0
0
0
0
0
0
0
0
0
0
0
0
0
0
0
0
0
-0
-0
-0
-0
-0
-0
-0
-0
-0
-0
-0
-0
-0
-0
-0
-0
-0
-0
-0
-0
-0
-0
-0
-0
-0
-0
-0
-0
-0
-0
-0
-0
-0
-0
-0
-0
-0
-0
-0
-0
-0
-0
-0
-0
-0
-0
-0
-0
-0
-0
0
0
0
0
0
0
0
0
0
0
0
0
0
0
0
0
0
0
0
0
0
0
0
0
0
0
0
0
0
0
0
0
0
0
0
0
0
0
0
0
0
0
0
0
0
0
0
0
0
0
-0
-0
-0
-0
-0
-0
-0
-0
-0
-0
-0
-0
-0
-0
-0
-0
-0
-0
-0
-0
-0
-0
-0
-0
-0
-0
-0
-0
-0
-0
-0
-0
-0
-0
-0
-0
-0
-0
-0
-0
-0
-0
-0
-0
-0
-0
-0
-0
-0
-0
0
0
0
0
0
0
0
0
0
0
0
0
0
0
0
0
0
0
0
0
0
0
0
0
0
0
0
0
0
0
0
0
0
0
0
0
0
0
0
0
0
0
0
0
0
0
0
0
0
0
-0
-0
-0
-0
-0
-0
-0
-0
-0
-0
-0
-0
-0
-0
-0
-0
-0
-0
-0
-0
-0
-0
-0
-0
-0
-0
-0
-0
-0
-0
-0
-0
-0
-0
-0
-0
-0
-0
-0
-0
-0
-0
-0
-0
-0
-0
-0
-0
-0
-0
0
0
0
0
0
0
0
0
0
0
0
0
0
0
0
0
0
0
0
0
0
0
0
0
0
0
0
0
0
0
0
0
0
0
0
0
0
0
0
0
0
0
0
0
0
0
0
0
0
-0
-0
-0
-0
-0
-0
-0
-0
-0
-0
-0
-0
-0
-0
-0
-0
-0
-0
-0
-0
-0
-0
-0
-0
-0
-0
-0
-0
-0
-0
-0
-0
-0
-0
-0
-0
-0
-0
-0
-0
-0
-0
-0
-0
-0
-0
-0
-0
-0
-0
-0
0
0
0
0
0
0
0
0
0
0
0
0
0
0
0
0
0
0
0
0
0
0
0
0
0
0
0
0
0
0
0
0
0
0
0
0
0
0
0
0
0
0
0
0
0
0
0
0
0
0
-0
-0
-0
-0
-0
-0
-0
-0
-0
-0
-0
-0
-0
-0
-0
-0
-0
-0
-0
-0
-0
-0
-0
-0
-0
-0
-0
-0
-0
-0
-0
-0
-0
-0
-0
-0
-0
-0
-0
-0
-0
-0
-0
-0
-0
-0
-0
-0
-0
0
0
0
0
0
0
0
0
0
0
0
0
0
0
0
0
0
0
0
0
0
0
0
0
0
0
0
0
0
0
0
0
0
0
0
0
0
0
0
0
0
0
0
0
0
0
0
0
0
0
0
-0
-0
-0
-0
-0
-0
-0
-0
-0
-0
-0
-0
-0
-0
-0
-0
-0
-0
-0
-0
-0
-0
-0
-0
-0
-0
-0
-0
-0
-0
-0
-0
-0
-0
-0
-0
-0
-0
-0
-0
-0
-0
-0
-0
-0
-0
-0
-0
-0
-0
0
0
0
0
0
0
0
0
0
0
0
0
0
0
0
0
0
0
0
0
0
0
0
0
0
0
0
0
0
0
0
0
0
0
0
0
0
0
0
0
0
0
0
0
0
0
0
0
0
0
-0
-0
-0
-0
-0
-0
-0
-0
-0
-0
-0
-0
-0
-0
-0
-0
-0
-0
-0
-0
-0
-0
-0
-0
-0
-0
-0
-0
-0
-0
-0
-0
-0
-0
-0
-0
-0
-0
-0
-0
-0
-0
-0
-0
-0
-0
-0
-0
-0
-0
0
0
0
0
0
0
0
0
0
0
0
0
0
0
0
0
0
0
0
0
0
0
0
0
0
0
0
0
0
0
0
0
0
0
0
0
0
0
0
0
0
0
0
0
0
0
0
0
0
-0
-0
-0
-0
-0
-0
-0
-0
-0
-0
-0
-0
-0
-0
-0
-0
-0
-0
-0
-0
-0
-0
-0
-0
-0
-0
-0
-0
-0
-0
-0
-0
-0
-0
-0
-0
-0
-0
-0
-0
-0
-0
-0
-0
-0
-0
-0
-0
-0
-0
-0
0
0
0
0
0
0
0
0
0
0
0
0
0
0
0
0
0
0
0
0
0
0
0
0
0
0
0
0
0
0
0
0
0
0
0
0
0
0
0
0
0
0
0
0
0
0
0
0
0
-0
-0
-0
-0
-0
-0
-0
-0
-0
-0
-0
-0
-0
-0
-0
-0
-0
-0
-0
-0
-0
-0
-0
-0
-0
-0
-0
-0
-0
-0
-0
-0
-0
-0
-0
-0
-0
-0
-0
-0
-0
-0
-0
-0
-0
-0
-0
-0
-0
-0
-0
0
0
0
0
0
0
0
0
0
0
0
0
0
0
0
0
0
0
0
0
0
0
0
0
0
0
0
0
0
0
0
0
0
0
0
0
0
0
0
0
0
0
0
0
0
0
0
0
0
0
-0
-0
-0
-0
-0
-0
-0
-0
-0
-0
-0
-0
-0
-0
-0
-0
-0
-0
-0
-0
-0
-0
-0
-0
-0
-0
-0
-0
-0
-0
-0
-0
-0
-0
-0
-0
-0
-0
-0
-0
-0
-0
-0
-0
-0
-0
-0
-0
-0
-0
0
0
0
0
0
0
0
0
0
0
0
0
0
0
0
0
0
0
0
0
0
0
0
0
0
0
0
0
0
0
0
0
0
0
0
0
0
0
0
0
0
0
0
0
0
0
0
0
0
0
-0
-0
-0
-0
-0
-0
-0
-0
-0
-0
-0
-0
-0
-0
-0
-0
-0
-0
-0
-0
-0
-0
-0
-0
-0
-0
-0
-0
-0
-0
-0
-0
-0
-0
-0
-0
-0
-0
-0
-0
-0
-0
-0
-0
-0
-0
-0
-0
-0
-0
0
0
0
0
0
0
0
0
0
0
0
0
0
0
0
0
0
0
0
0
0
0
0
0
0
0
0
0
0
0
0
0
0
0
0
0
0
0
0
0
0
0
0
0
0
0
0
0
0
0
-0
-0
-0
-0
-0
-0
-0
-0
-0
-0
-0
-0
-0
-0
-0
-0
-0
-0
-0
-0
-0
-0
-0
-0
-0
-0
-0
-0
-0
-0
-0
-0
-0
-0
-0
-0
-0
-0
-0
-0
-0
-0
-0
-0
-0
-0
-0
-0
-0
-0
0
0
0
0
0
0
0
0
0
0
0
0
0
0
0
0
0
0
0
0
0
0
0
0
0
0
0
0
0
0
0
0
0
0
0
0
0
0
0
0
0
0
0
0
0
0
0
0
0
-0
-0
-0
-0
-0
-0
-0
-0
-0
-0
-0
-0
-0
-0
-0
-0
-0
-0
-0
-0
-0
-0
-0
-0
-0
-0
-0
-0
-0
-0
-0
-0
-0
-0
-0
-0
-0
-0
-0
-0
-0
-0
-0
-0
-0
-0
-0
-0
-0
-0
-0
0
0
0
0
0
0
0
0
0
0
0
0
0
0
0
0
0
0
0
0
0
0
0
0
0
0
0
0
0
0
0
0
0
0
0
0
0
0
0
0
0
0
0
0
0
0
0
0
0
-0
-0
-0
-0
-0
-0
-0
-0
-0
-0
-0
-0
-0
-0
-0
-0
-0
-0
-0
-0
-0
-0
-0
-0
-0
-0
-0
-0
-0
-0
-0
-0
-0
-0
-0
-0
-0
-0
-0
-0
-0
-0
-0
-0
-0
-0
-0
-0
-0
-0
-0
0
0
0
0
0
0
0
0
0
0
0
0
0
0
0
0
0
0
0
0
0
0
0
0
0
0
0
0
0
0
0
0
0
0
0
0
0
0
0
0
0
0
0
0
0
0
0
0
0
0
-0
-0
-0
-0
-0
-0
-0
-0
-0
-0
-0
-0
-0
-0
-0
-0
-0
-0
-0
-0
-0
-0
-0
-0
-0
-0
-0
-0
-0
-0
-0
-0
-0
-0
-0
-0
-0
-0
-0
-0
-0
-0
-0
-0
-0
-0
-0
-0
-0
-0
0
0
0
0
0
0
0
0
0
0
0
0
0
0
0
0
0
0
0
0
0
0
0
0
0
0
0
0
0
0
0
0
0
0
0
0
0
0
0
0
0
0
0
0
0
0
0
0
0
0
-0
-0
-0
-0
-0
-0
-0
-0
-0
-0
-0
-0
-0
-0
-0
-0
-0
-0
-0
-0
-0
-0
-0
-0
-0
-0
-0
-0
-0
-0
-0
-0
-0
-0
-0
-0
-0
-0
-0
-0
-0
-0
-0
-0
-0
-0
-0
-0
-0
-0
0
0
0
0
0
0
0
0
0
0
0
0
0
0
0
0
0
0
0
0
0
0
0
0
0
0
0
0
0
0
0
0
0
0
0
0
0
0
0
0
0
0
0
0
0
0
0
0
0
0
-0
-0
-0
-0
-0
-0
-0
-0
-0
-0
-0
-0
-0
-0
-0
-0
-0
-0
-0
-0
-0
-0
-0
-0
-0
-0
-0
-0
-0
-0
-0
-0
-0
-0
-0
-0
-0
-0
-0
-0
-0
-0
-0
-0
-0
-0
-0
-0
-0
-0
0
0
0
0
0
0
0
0
0
0
0
0
0
0
0
0
0
0
0
0
0
0
0
0
0
0
0
0
0
0
0
0
0
0
0
0
0
0
0
0
0
0
0
0
0
0
0
0
0
-0
-0
-0
-0
-0
-0
-0
-0
-0
-0
-0
-0
-0
-0
-0
-0
-0
-0
-0
-0
-0
-0
-0
-0
-0
-0
-0
-0
-0
-0
-0
-0
-0
-0
-0
-0
-0
-0
-0
-0
-0
-0
-0
-0
-0
-0
-0
-0
-0
-0
-0
0
0
0
0
0
0
0
0
0
0
0
0
0
0
0
0
0
0
0
0
0
0
0
0
0
0
0
0
0
0
0
0
0
0
0
0
0
0
0
0
0
0
0
0
0
0
0
0
0
-0
-0
-0
-0
-0
-0
-0
-0
-0
-0
-0
-0
-0
-0
-0
-0
-0
-0
-0
-0
-0
-0
-0
-0
-0
-0
-0
-0
-0
-0
-0
-0
-0
-0
-0
-0
-0
-0
-0
-0
-0
-0
-0
-0
-0
-0
-0
-0
-0
-0
-0
0
0
0
0
0
0
0
0
0
0
0
0
0
0
0
0
0
0
0
0
0
0
0
0
0
0
0
0
0
0
0
0
0
0
0
0
0
0
0
0
0
0
0
0
0
0
0
0
0
0
-0
-0
-0
-0
-0
-0
-0
-0
-0
-0
-0
-0
-0
-0
-0
-0
-0
-0
-0
-0
-0
-0
-0
-0
-0
-0
-0
-0
-0
-0
-0
-0
-0
-0
-0
-0
-0
-0
-0
-0
-0
-0
-0
-0
-0
-0
-0
-0
-0
-0
0
0
0
0
0
0
0
0
0
0
0
0
0
0
0
0
0
0
0
0
0
0
0
0
0
0
0
0
0
0
0
0
0
0
0
0
0
0
0
0
0
0
0
0
0
0
0
0
0
0
-0
-0
-0
-0
-0
-0
-0
-0
-0
-0
-0
-0
-0
-0
-0
-0
-0
-0
-0
-0
-0
-0
-0
-0
-0
-0
-0
-0
-0
-0
-0
-0
-0
-0
-0
-0
-0
-0
-0
-0
-0
-0
-0
-0
-0
-0
-0
-0
-0
-0
0
0
0
0
0
0
0
0
0
0
0
0
0
0
0
0
0
0
0
0
0
0
0
0
0
0
0
0
0
0
0
0
0
0
0
0
0
0
0
0
0
0
0
0
0
0
0
0
0
0
-0
-0
-0
-0
-0
-0
-0
-0
-0
-0
-0
-0
-0
-0
-0
-0
-0
-0
-0
-0
-0
-0
-0
-0
-0
-0
-0
-0
-0
-0
-0
-0
-0
-0
-0
-0
-0
-0
-0
-0
-0
-0
-0
-0
-0
-0
-0
-0
-0
-0
0
0
0
0
0
0
0
0
0
0
0
0
0
0
0
0
0
0
0
0
0
0
0
0
0
0
0
0
0
0
0
0
0
0
0
0
0
0
0
0
0
0
0
0
0
0
0
0
0
-0
-0
-0
-0
-0
-0
-0
-0
-0
-0
-0
-0
-0
-0
-0
-0
-0
-0
-0
-0
-0
-0
-0
-0
-0
-0
-0
-0
-0
-0
-0
-0
-0
-0
-0
-0
-0
-0
-0
-0
-0
-0
-0
-0
-0
-0
-0
-0
-0
-0
-0
0
0
0
0
0
0
0
0
0
0
0
0
0
0
0
0
0
0
0
0
0
0
0
0
0
0
0
0
0
0
0
0
0
0
0
0
0
0
0
0
0
0
0
0
0
0
0
0
0
-0
-0
-0
-0
-0
-0
-0
-0
-0
-0
-0
-0
-0
-0
-0
-0
-0
-0
-0
-0
-0
-0
-0
-0
-0
-0
-0
-0
-0
-0
-0
-0
-0
-0
-0
-0
-0
-0
-0
-0
-0
-0
-0
-0
-0
-0
-0
-0
-0
-0
-0
0
0
0
0
0
0
0
0
0
0
0
0
0
0
0
0
0
0
0
0
0
0
0
0
0
0
0
0
0
0
0
0
0
0
0
0
0
0
0
0
0
0
0
0
0
0
0
0
0
-0
