-0
-0
-0
-0
-0
-0
-0
-0
-0
-0
-0
-0
-0
-0
-0
-0
-0
-0
-0
-0
-0
-0
-0
-0
-0
-0
-0
-0
-0
-0
-0
-0
-0
-0
-0
-0
-0
-0
-0
-0
-0
-0
-0
-0
-0
-0
-0
-0
-0
-0
-0
0
0
0
0
0
0
0
0
0
0
0
0
0
0
0
0
0
0
0
0
0
0
0
0
0
0
0
0
0
0
0
0
0
0
0
0
0
0
0
0
0
0
0
0
0
0
0
0
0
0
-0
-0
-0
-0
-0
-0
-0
-0
-0
-0
-0
-0
-0
-0
-0
-0
-0
-0
-0
-0
-0
-0
-0
-0
-0
-0
-0
-0
-0
-0
-0
-0
-0
-0
-0
-0
-0
-0
-0
-0
-0
-0
-0
-0
-0
-0
-0
-0
-0
-0
0
0
0
0
0
0
0
0
0
0
0
0
0
0
0
0
0
0
0
0
0
0
0
0
0
0
0
0
0
0
0
0
0
0
0
0
0
0
0
0
0
0
0
0
0
0
0
0
0
0
-0
-0
-0
-0
-0
-0
-0
-0
-0
-0
-0
-0
-0
-0
-0
-0
-0
-0
-0
-0
-0
-0
-0
-0
-0
-0
-0
-0
-0
-0
-0
-0
-0
-0
-0
-0
-0
-0
-0
-0
-0
-0
-0
-0
-0
-0
-0
-0
-0
-0
0
0
0
0
0
0
0
0
0
0
0
0
0
0
0
0
0
0
0
0
0
0
0
0
0
0
0
0
0
0
0
0
0
0
0
0
0
0
0
0
0
0
0
0
0
0
0
0
0
0
-0
-0
-0
-0
-0
-0
-0
-0
-0
-0
-0
-0
-0
-0
-0
-0
-0
-0
-0
-0
-0
-0
-0
-0
-0
-0
-0
-0
-0
-0
-0
-0
-0
-0
-0
-0
-0
-0
-0
-0
-0
-0
-0
-0
-0
-0
-0
-0
-0
0
0
0
0
0
0
0
0
0
0
0
0
0
0
0
0
0
0
0
0
0
0
0
0
0
0
0
0
0
0
0
0
0
0
0
0
0
0
0
0
0
0
0
0
0
0
0
0
0
0
0
-0
-0
-0
-0
-0
-0
-0
-0
-0
-0
-0
-0
-0
-0
-0
-0
-0
-0
-0
-0
-0
-0
-0
-0
-0
-0
-0
-0
-0
-0
-0
-0
-0
-0
-0
-0
-0
-0
-0
-0
-0
-0
-0
-0
-0
-0
-0
-0
-0
-0
0
0
0
0
0
0
0
0
0
0
0
0
0
0
0
0
0
0
0
0
0
0
0
0
0
0
0
0
0
0
0
0
0
0
0
0
0
0
0
0
0
0
0
0
0
0
0
0
0
0
-0
-0
-0
-0
-0
-0
-0
-0
-0
-0
-0
-0
-0
-0
-0
-0
-0
-0
-0
-0
-0
-0
-0
-0
-0
-0
-0
-0
-0
-0
-0
-0
-0
-0
-0
-0
-0
-0
-0
-0
-0
-0
-0
-0
-0
-0
-0
-0
-0
0
0
0
0
0
0
0
0
0
0
0
0
0
0
0
0
0
0
0
0
0
0
0
0
0
0
0
0
0
0
0
0
0
0
0
0
0
0
0
0
0
0
0
0
0
0
0
0
0
0
0
-0
-0
-0
-0
-0
-0
-0
-0
-0
-0
-0
-0
-0
-0
-0
-0
-0
-0
-0
-0
-0
-0
-0
-0
-0
-0
-0
-0
-0
-0
-0
-0
-0
-0
-0
-0
-0
-0
-0
-0
-0
-0
-0
-0
-0
-0
-0
-0
-0
0
0
0
0
0
0
0
0
0
0
0
0
0
0
0
0
0
0
0
0
0
0
0
0
0
0
0
0
0
0
0
0
0
0
0
0
0
0
0
0
0
0
0
0
0
0
0
0
0
0
-0
-0
-0
-0
-0
-0
-0
-0
-0
-0
-0
-0
-0
-0
-0
-0
-0
-0
-0
-0
-0
-0
-0
-0
-0
-0
-0
-0
-0
-0
-0
-0
-0
-0
-0
-0
-0
-0
-0
-0
-0
-0
-0
-0
-0
-0
-0
-0
-0
-0
-0
0
0
0
0
0
0
0
0
0
0
0
0
0
0
0
0
0
0
0
0
0
0
0
0
0
0
0
0
0
0
0
0
0
0
0
0
0
0
0
0
0
0
0
0
0
0
0
0
0
0
-0
-0
-0
-0
-0
-0
-0
-0
-0
-0
-0
-0
-0
-0
-0
-0
-0
-0
-0
-0
-0
-0
-0
-0
-0
-0
-0
-0
-0
-0
-0
-0
-0
-0
-0
-0
-0
-0
-0
-0
-0
-0
-0
-0
-0
-0
-0
-0
-0
-0
0
0
0
0
0
0
0
0
0
0
0
0
0
0
0
0
0
0
0
0
0
0
0
0
0
0
0
0
0
0
0
0
0
0
0
0
0
0
0
0
0
0
0
0
0
0
0
0
0
0
-0
-0
-0
-0
-0
-0
-0
-0
-0
-0
-0
-0
-0
-0
-0
-0
-0
-0
-0
-0
-0
-0
-0
-0
-0
-0
-0
-0
-0
-0
-0
-0
-0
-0
-0
-0
-0
-0
-0
-0
-0
-0
-0
-0
-0
-0
-0
-0
-0
0
0
0
0
0
0
0
0
0
0
0
0
0
0
0
0
0
0
0
0
0
0
0
0
0
0
0
0
0
0
0
0
0
0
0
0
0
0
0
0
0
0
0
0
0
0
0
0
0
0
0
-0
-0
-0
-0
-0
-0
-0
-0
-0
-0
-0
-0
-0
-0
-0
-0
-0
-0
-0
-0
-0
-0
-0
-0
-0
-0
-0
-0
-0
-0
-0
-0
-0
-0
-0
-0
-0
-0
-0
-0
-0
-0
-0
-0
-0
-0
-0
-0
-0
0
0
0
0
0
0
0
0
0
0
0
0
0
0
0
0
0
0
0
0
0
0
0
0
0
0
0
0
0
0
0
0
0
0
0
0
0
0
0
0
0
0
0
0
0
0
0
0
0
0
-0
-0
-0
-0
-0
-0
-0
-0
-0
-0
-0
-0
-0
-0
-0
-0
-0
-0
-0
-0
-0
-0
-0
-0
-0
-0
-0
-0
-0
-0
-0
-0
-0
-0
-0
-0
-0
-0
-0
-0
-0
-0
-0
-0
-0
-0
-0
-0
-0
-0
0
0
0
0
0
0
0
0
0
0
0
0
0
0
0
0
0
0
0
0
0
0
0
0
0
0
0
0
0
0
0
0
0
0
0
0
0
0
0
0
0
0
0
0
0
0
0
0
0
0
0
-0
-0
-0
-0
-0
-0
-0
-0
-0
-0
-0
-0
-0
-0
-0
-0
-0
-0
-0
-0
-0
-0
-0
-0
-0
-0
-0
-0
-0
-0
-0
-0
-0
-0
-0
-0
-0
-0
-0
-0
-0
-0
-0
-0
-0
-0
-0
-0
-0
0
0
0
0
0
0
0
0
0
0
0
0
0
0
0
0
0
0
0
0
0
0
0
0
0
0
0
0
0
0
0
0
0
0
0
0
0
0
0
0
0
0
0
0
0
0
0
0
0
0
-0
-0
-0
-0
-0
-0
-0
-0
-0
-0
-0
-0
-0
-0
-0
-0
-0
-0
-0
-0
-0
-0
-0
-0
-0
-0
-0
-0
-0
-0
-0
-0
-0
-0
-0
-0
-0
-0
-0
-0
-0
-0
-0
-0
-0
-0
-0
-0
-0
-0
0
0
0
0
0
0
0
0
0
0
0
0
0
0
0
0
0
0
0
0
0
0
0
0
0
0
0
0
0
0
0
0
0
0
0
0
0
0
0
0
0
0
0
0
0
0
0
0
0
0
-0
-0
-0
-0
-0
-0
-0
-0
-0
-0
-0
-0
-0
-0
-0
-0
-0
-0
-0
-0
-0
-0
-0
-0
-0
-0
-0
-0
-0
-0
-0
-0
-0
-0
-0
-0
-0
-0
-0
-0
-0
-0
-0
-0
-0
-0
-0
-0
-0
-0
0
0
0
0
0
0
0
0
0
0
0
0
0
0
0
0
0
0
0
0
0
0
0
0
0
0
0
0
0
0
0
0
0
0
0
0
0
0
0
0
0
0
0
0
0
0
0
0
0
0
0
-0
-0
-0
-0
-0
-0
-0
-0
-0
-0
-0
-0
-0
-0
-0
-0
-0
-0
-0
-0
-0
-0
-0
-0
-0
-0
-0
-0
-0
-0
-0
-0
-0
-0
-0
-0
-0
-0
-0
-0
-0
-0
-0
-0
-0
-0
-0
-0
-0
-0
0
0
0
0
0
0
0
0
0
0
0
0
0
0
0
0
0
0
0
0
0
0
0
0
0
0
0
0
0
0
0
0
0
0
0
0
0
0
0
0
0
0
0
0
0
0
0
0
0
0
-0
-0
-0
-0
-0
-0
-0
-0
-0
-0
-0
-0
-0
-0
-0
-0
-0
-0
-0
-0
-0
-0
-0
-0
-0
-0
-0
-0
-0
-0
-0
-0
-0
-0
-0
-0
-0
-0
-0
-0
-0
-0
-0
-0
-0
-0
-0
-0
-0
-0
0
0
0
0
0
0
0
0
0
0
0
0
0
0
0
0
0
0
0
0
0
0
0
0
0
0
0
0
0
0
0
0
0
0
0
0
0
0
0
0
0
0
0
0
0
0
0
0
0
0
-0
-0
-0
-0
-0
-0
-0
-0
-0
-0
-0
-0
-0
-0
-0
-0
-0
-0
-0
-0
-0
-0
-0
-0
-0
-0
-0
-0
-0
-0
-0
-0
-0
-0
-0
-0
-0
-0
-0
-0
-0
-0
-0
-0
-0
-0
-0
-0
-0
-0
0
0
0
0
0
0
0
0
0
0
0
0
0
0
0
0
0
0
0
0
0
0
0
0
0
0
0
0
0
0
0
0
0
0
0
0
0
0
0
0
0
0
0
0
0
0
0
0
0
0
-0
-0
-0
-0
-0
-0
-0
-0
-0
-0
-0
-0
-0
-0
-0
-0
-0
-0
-0
-0
-0
-0
-0
-0
-0
-0
-0
-0
-0
-0
-0
-0
-0
-0
-0
-0
-0
-0
-0
-0
-0
-0
-0
-0
-0
-0
-0
-0
-0
-0
0
0
0
0
0
0
0
0
0
0
0
0
0
0
0
0
0
0
0
0
0
0
0
0
0
0
0
0
0
0
0
0
0
0
0
0
0
0
0
0
0
0
0
0
0
0
0
0
0
-0
-0
-0
-0
-0
-0
-0
-0
-0
-0
-0
-0
-0
-0
-0
-0
-0
-0
-0
-0
-0
-0
-0
-0
-0
-0
-0
-0
-0
-0
-0
-0
-0
-0
-0
-0
-0
-0
-0
-0
-0
-0
-0
-0
-0
-0
-0
-0
-0
-0
-0
0
0
0
0
0
0
0
0
0
0
0
0
0
0
0
0
0
0
0
0
0
0
0
0
0
0
0
0
0
0
0
0
0
0
0
0
0
0
0
0
0
0
0
0
0
0
0
0
0
0
-5.4628e-08
-2.1808e-07
-4.8907e-07
-8.6544e-07
-1.3442e-06
-1.9216e-06
-2.593e-06
-3.353e-06
-4.1955e-06
-5.1137e-06
-6.1001e-06
-7.1467e-06
-8.2446e-06
-9.3849e-06
-1.0558e-05
-1.1753e-05
-1.2961e-05
-1.417e-05
-1.5369e-05
-1.6548e-05
-1.7696e-05
-1.8801e-05
-1.9852e-05
-2.0839e-05
-2.175e-05
-2.2575e-05
-2.3305e-05
-2.3929e-05
-2.4437e-05
-2.4823e-05
-2.5076e-05
-2.519e-05
-2.5159e-05
-2.4975e-05
-2.4635e-05
-2.4132e-05
-2.3466e-05
-2.2631e-05
-2.1628e-05
-2.0455e-05
-1.9113e-05
-1.7603e-05
-1.5928e-05
-1.4092e-05
-1.2098e-05
-9.9526e-06
-7.662e-06
-5.2339e-06
-2.6768e-06
-6.8204e-19
2.786e-06
5.6701e-06
8.6402e-06
1.1683e-05
1.4786e-05
1.7935e-05
2.1114e-05
2.4309e-05
2.7504e-05
3.0682e-05
3.3828e-05
3.6924e-05
3.9955e-05
4.2902e-05
4.575e-05
4.8481e-05
5.108e-05
5.353e-05
5.5814e-05
5.7919e-05
5.9829e-05
6.153e-05
6.3009e-05
6.4253e-05
6.525e-05
6.599e-05
6.6462e-05
6.6658e-05
6.6571e-05
6.6194e-05
6.5521e-05
6.455e-05
6.3278e-05
6.1703e-05
5.9827e-05
5.765e-05
5.5176e-05
5.2409e-05
4.9356e-05
4.6024e-05
4.2421e-05
3.856e-05
3.445e-05
3.0105e-05
2.554e-05
2.0771e-05
1.5813e-05
1.0686e-05
5.4081e-06
-1.7069e-19
-5.5174e-06
-1.1122e-05
-1.6791e-05
-2.2501e-05
-2.8229e-05
-3.3948e-05
-3.9636e-05
-4.5266e-05
-5.0812e-05
-5.6251e-05
-6.1556e-05
-6.6702e-05
-7.1665e-05
-7.642e-05
-8.0942e-05
-8.521e-05
-8.9199e-05
-9.289e-05
-9.626e-05
-9.929e-05
-0.00010196
-0.00010426
-0.00010617
-0.00010767
-0.00010875
-0.0001094
-0.00010962
-0.00010939
-0.0001087
-0.00010756
-0.00010597
-0.00010391
-0.0001014
-9.8432e-05
-9.5019e-05
-9.1167e-05
-8.6886e-05
-8.2187e-05
-7.7084e-05
-7.1592e-05
-6.573e-05
-5.9516e-05
-5.2971e-05
-4.6119e-05
-3.8982e-05
-3.1589e-05
-2.3964e-05
-1.6138e-05
-8.1395e-06
-1.1508e-18
8.2488e-06
1.6574e-05
2.4942e-05
3.3319e-05
4.1671e-05
4.9962e-05
5.8157e-05
6.6222e-05
7.4121e-05
8.182e-05
8.9284e-05
9.648e-05
0.00010338
0.00010994
0.00011613
0.00012194
0.00012732
0.00013225
0.00013671
0.00014066
0.0001441
0.00014699
0.00014932
0.00015108
0.00015225
0.00015282
0.00015278
0.00015212
0.00015084
0.00014894
0.00014641
0.00014327
0.00013952
0.00013516
0.00013021
0.00012468
0.0001186
0.00011196
0.00010481
9.7161e-05
8.9038e-05
8.0472e-05
7.1493e-05
6.2132e-05
5.2425e-05
4.2407e-05
3.2115e-05
2.159e-05
1.0871e-05
-1.5351e-18
-1.098e-05
-2.2026e-05
-3.3093e-05
-4.4137e-05
-5.5113e-05
-6.5975e-05
-7.6679e-05
-8.7178e-05
-9.7429e-05
-0.00010739
-0.00011701
-0.00012626
-0.00013509
-0.00014345
-0.00015133
-0.00015867
-0.00016544
-0.00017161
-0.00017715
-0.00018203
-0.00018623
-0.00018972
-0.00019248
-0.0001945
-0.00019575
-0.00019623
-0.00019593
-0.00019485
-0.00019297
-0.00019031
-0.00018686
-0.00018263
-0.00017764
-0.00017189
-0.0001654
-0.0001582
-0.00015031
-0.00014174
-0.00013254
-0.00012273
-0.00011235
-0.00010143
-9.0014e-05
-7.8145e-05
-6.5867e-05
-5.3225e-05
-4.0266e-05
-2.7042e-05
-1.3602e-05
-4.2591e-19
1.3712e-05
2.7478e-05
4.1245e-05
5.4955e-05
6.8555e-05
8.1989e-05
9.52e-05
0.00010813
0.00012074
0.00013296
0.00014474
0.00015604
0.0001668
0.00017697
0.00018652
0.00019539
0.00020356
0.00021097
0.0002176
0.0002234
0.00022836
0.00023245
0.00023564
0.00023791
0.00023925
0.00023965
0.00023909
0.00023758
0.0002351
0.00023168
0.0002273
0.00022199
0.00021576
0.00020862
0.0002006
0.00019172
0.00018202
0.00017152
0.00016027
0.0001483
0.00013566
0.00012238
0.00010854
9.4159e-05
7.9309e-05
6.4043e-05
4.8417e-05
3.2494e-05
1.6334e-05
-4.0932e-18
-1.6443e-05
-3.293e-05
-4.9396e-05
-6.5774e-05
-8.1998e-05
-9.8002e-05
-0.00011372
-0.00012909
-0.00014405
-0.00015853
-0.00017247
-0.00018581
-0.00019851
-0.00021049
-0.00022171
-0.00023212
-0.00024168
-0.00025033
-0.00025804
-0.00026477
-0.0002705
-0.00027518
-0.00027879
-0.00028132
-0.00028275
-0.00028306
-0.00028225
-0.00028031
-0.00027724
-0.00027305
-0.00026775
-0.00026135
-0.00025387
-0.00024534
-0.00023579
-0.00022524
-0.00021373
-0.0002013
-0.000188
-0.00017387
-0.00015896
-0.00014334
-0.00012706
-0.00011017
-9.2751e-05
-7.4861e-05
-5.6569e-05
-3.7946e-05
-1.9065e-05
1.4928e-18
1.9174e-05
3.8382e-05
5.7547e-05
7.6592e-05
9.544e-05
0.00011402
0.00013224
0.00015005
0.00016735
0.00018409
0.0002002
0.00021559
0.00023022
0.00024401
0.0002569
0.00026885
0.0002798
0.00028969
0.00029849
0.00030615
0.00031263
0.00031791
0.00032195
0.00032474
0.00032625
0.00032647
0.0003254
0.00032303
0.00031937
0.00031442
0.00030819
0.00030071
0.00029199
0.00028207
0.00027098
0.00025875
0.00024544
0.00023108
0.00021572
0.00019944
0.00018227
0.0001643
0.00014558
0.00012619
0.00010619
8.5679e-05
6.472e-05
4.3398e-05
2.1796e-05
2.0457e-18
-2.1906e-05
-4.3834e-05
-6.5698e-05
-8.741e-05
-0.00010888
-0.00013003
-0.00015076
-0.000171
-0.00019066
-0.00020966
-0.00022792
-0.00024537
-0.00026193
-0.00027752
-0.0002921
-0.00030558
-0.00031792
-0.00032905
-0.00033893
-0.00034752
-0.00035476
-0.00036064
-0.00036511
-0.00036815
-0.00036975
-0.00036989
-0.00036856
-0.00036576
-0.0003615
-0.00035579
-0.00034864
-0.00034007
-0.00033011
-0.0003188
-0.00030617
-0.00029227
-0.00027715
-0.00026085
-0.00024345
-0.000225
-0.00020558
-0.00018525
-0.0001641
-0.0001422
-0.00011964
-9.6497e-05
-7.2871e-05
-4.885e-05
-2.4528e-05
4.6051e-18
2.4637e-05
4.9286e-05
7.3849e-05
9.8228e-05
0.00012232
0.00014604
0.00016929
0.00019196
0.00021397
0.00023523
0.00025565
0.00027515
0.00029364
0.00031104
0.00032729
0.00034231
0.00035603
0.00036841
0.00037938
0.00038889
0.0003969
0.00040337
0.00040827
0.00041157
0.00041325
0.0004133
0.00041172
0.00040849
0.00040364
0.00039716
0.00038908
0.00037943
0.00036823
0.00035553
0.00034136
0.00032579
0.00030886
0.00029063
0.00027118
0.00025057
0.00022889
0.00020621
0.00018262
0.00015821
0.00013308
0.00010731
8.1022e-05
5.4302e-05
2.7259e-05
-4.2725e-19
-2.7369e-05
-5.4738e-05
-8.2e-05
-0.00010905
-0.00013577
-0.00016206
-0.00018781
-0.00021292
-0.00023728
-0.0002608
-0.00028338
-0.00030492
-0.00032535
-0.00034456
-0.00036248
-0.00037904
-0.00039415
-0.00040777
-0.00041982
-0.00043026
-0.00043903
-0.0004461
-0.00045142
-0.00045498
-0.00045675
-0.00045672
-0.00045487
-0.00045122
-0.00044577
-0.00043853
-0.00042953
-0.00041879
-0.00040635
-0.00039226
-0.00037656
-0.00035931
-0.00034057
-0.00032041
-0.00029891
-0.00027614
-0.0002522
-0.00022717
-0.00020114
-0.00017423
-0.00014652
-0.00011813
-8.9173e-05
-5.9754e-05
-2.9991e-05
8.9112e-18
3.01e-05
6.019e-05
9.0151e-05
0.00011986
0.00014921
0.00017807
0.00020633
0.00023387
0.00026059
0.00028637
0.00031111
0.0003347
0.00035706
0.00037808
0.00039767
0.00041576
0.00043227
0.00044713
0.00046027
0.00047163
0.00048116
0.00048883
0.00049458
0.00049839
0.00050025
0.00050013
0.00049803
0.00049395
0.0004879
0.0004799
0.00046997
0.00045815
0.00044447
0.00042899
0.00041175
0.00039282
0.00037228
0.00035019
0.00032664
0.00030171
0.00027551
0.00024812
0.00021966
0.00019024
0.00015996
0.00012895
9.7324e-05
6.5206e-05
3.2722e-05
-4.0939e-18
-3.2831e-05
-6.5642e-05
-9.8302e-05
-0.00013068
-0.00016265
-0.00019408
-0.00022485
-0.00025483
-0.0002839
-0.00031194
-0.00033884
-0.00036448
-0.00038877
-0.00041159
-0.00043286
-0.00045249
-0.00047039
-0.00048649
-0.00050071
-0.000513
-0.0005233
-0.00053155
-0.00053774
-0.00054181
-0.00054375
-0.00054355
-0.00054119
-0.00053668
-0.00053004
-0.00052127
-0.00051042
-0.00049751
-0.00048259
-0.00046571
-0.00044694
-0.00042634
-0.00040399
-0.00037996
-0.00035436
-0.00032728
-0.00029881
-0.00026908
-0.00023819
-0.00020625
-0.0001734
-0.00013977
-0.00010548
-7.0658e-05
-3.5453e-05
-1.6614e-18
3.5563e-05
7.1094e-05
0.00010645
0.0001415
0.00017609
0.0002101
0.00024337
0.00027578
0.00030721
0.00033751
0.00036656
0.00039426
0.00042048
0.00044511
0.00046806
0.00048922
0.00050851
0.00052585
0.00054116
0.00055437
0.00056543
0.00057428
0.00058089
0.00058522
0.00058725
0.00058696
0.00058435
0.00057941
0.00057217
0.00056265
0.00055086
0.00053687
0.00052071
0.00050244
0.00048213
0.00045986
0.0004357
0.00040974
0.00038209
0.00035285
0.00032212
0.00029003
0.00025671
0.00022227
0.00018685
0.00015059
0.00011363
7.611e-05
3.8185e-05
-8.9542e-18
-3.8294e-05
-7.6546e-05
-0.0001146
-0.00015232
-0.00018954
-0.00022611
-0.00026189
-0.00029674
-0.00033051
-0.00036307
-0.00039429
-0.00042404
-0.00045219
-0.00047863
-0.00050325
-0.00052595
-0.00054663
-0.00056521
-0.0005816
-0.00059574
-0.00060756
-0.00061701
-0.00062405
-0.00062864
-0.00063075
-0.00063037
-0.0006275
-0.00062214
-0.0006143
-0.00060402
-0.00059131
-0.00057623
-0.00055883
-0.00053917
-0.00051733
-0.00049338
-0.00046741
-0.00043952
-0.00040982
-0.00037842
-0.00034543
-0.00031099
-0.00027523
-0.00023828
-0.00020029
-0.0001614
-0.00012178
-8.1562e-05
-4.0916e-05
2.5595e-18
4.1025e-05
8.1998e-05
0.00012276
0.00016314
0.00020298
0.00024212
0.00028041
0.0003177
0.00035382
0.00038864
0.00042202
0.00045381
0.0004839
0.00051214
0.00053844
0.00056268
0.00058475
0.00060457
0.00062205
0.00063711
0.0006497
0.00065974
0.00066721
0.00067205
0.00067425
0.00067379
0.00067066
0.00066487
0.00065644
0.00064539
0.00063176
0.00061559
0.00059695
0.0005759
0.00055252
0.00052689
0.00049912
0.0004693
0.00043755
0.00040398
0.00036874
0.00033195
0.00029375
0.00025429
0.00021373
0.00017222
0.00012993
8.7014e-05
4.3648e-05
-1.5008e-17
-4.3757e-05
-8.745e-05
-0.00013091
-0.00017395
-0.00021642
-0.00025814
-0.00029894
-0.00033865
-0.00037713
-0.00041421
-0.00044975
-0.00048359
-0.00051561
-0.00054566
-0.00057363
-0.00059941
-0.00062287
-0.00064393
-0.00066249
-0.00067848
-0.00069183
-0.00070247
-0.00071036
-0.00071547
-0.00071775
-0.0007172
-0.00071382
-0.0007076
-0.00069857
-0.00068676
-0.0006722
-0.00065495
-0.00063507
-0.00061263
-0.00058771
-0.00056041
-0.00053083
-0.00049908
-0.00046527
-0.00042955
-0.00039205
-0.0003529
-0.00031227
-0.00027031
-0.00022717
-0.00018304
-0.00013808
-9.2466e-05
-4.6379e-05
7.9741e-18
4.6488e-05
9.2902e-05
0.00013906
0.00018477
0.00022986
0.00027415
0.00031746
0.00035961
0.00040044
0.00043978
0.00047748
0.00051337
0.00054732
0.00057918
0.00060883
0.00063613
0.00066099
0.00068329
0.00070294
0.00071985
0.00073396
0.0007452
0.00075352
0.00075888
0.00076125
0.00076062
0.00075697
0.00075033
0.0007407
0.00072813
0.00071265
0.00069431
0.00067319
0.00064936
0.0006229
0.00059393
0.00056254
0.00052885
0.000493
0.00045512
0.00041536
0.00037386
0.00033079
0.00028632
0.00024062
0.00019386
0.00014623
9.7918e-05
4.911e-05
-1.9386e-21
-4.922e-05
-9.8354e-05
-0.00014721
-0.00019559
-0.0002433
-0.00029016
-0.00033598
-0.00038057
-0.00042375
-0.00046535
-0.0005052
-0.00054315
-0.00057903
-0.0006127
-0.00064402
-0.00067286
-0.00069911
-0.00072265
-0.00074338
-0.00076123
-0.0007761
-0.00078793
-0.00079668
-0.00080229
-0.00080475
-0.00080403
-0.00080013
-0.00079306
-0.00078284
-0.0007695
-0.00075309
-0.00073367
-0.00071131
-0.00068608
-0.00065809
-0.00062744
-0.00059425
-0.00055863
-0.00052073
-0.00048069
-0.00043867
-0.00039482
-0.00034931
-0.00030233
-0.00025406
-0.00020468
-0.00015438
-0.00010337
-5.1842e-05
1.4582e-17
5.1951e-05
0.00010381
0.00015536
0.00020641
0.00025675
0.00030618
0.0003545
0.00040152
0.00044706
0.00049092
0.00053293
0.00057292
0.00061074
0.00064621
0.00067921
0.00070959
0.00073723
0.00076201
0.00078383
0.0008026
0.00081823
0.00083066
0.00083984
0.00084571
0.00084825
0.00084744
0.00084329
0.00083579
0.00082497
0.00081087
0.00079354
0.00077303
0.00074943
0.00072281
0.00069329
0.00066096
0.00062596
0.00058841
0.00054846
0.00050626
0.00046197
0.00041577
0.00036783
0.00031835
0.0002675
0.00021549
0.00016253
0.00010882
5.4573e-05
1.8756e-17
-5.4628e-05
-0.00010904
-0.00016302
-0.00021636
-0.00026884
-0.00032027
-0.00037043
-0.00041913
-0.00046617
-0.00051137
-0.00055456
-0.00059556
-0.0006342
-0.00067035
-0.00070384
-0.00073457
-0.00076239
-0.0007872
-0.00080891
-0.00082742
-0.00084267
-0.00085459
-0.00086314
-0.00086828
-0.00087
-0.00086828
-0.00086314
-0.00085459
-0.00084267
-0.00082742
-0.00080891
-0.0007872
-0.00076239
-0.00073457
-0.00070384
-0.00067035
-0.0006342
-0.00059556
-0.00055456
-0.00051137
-0.00046617
-0.00041913
-0.00037043
-0.00032027
-0.00026884
-0.00021636
-0.00016302
-0.00010904
-5.4628e-05
-3.4083e-18
5.4628e-05
0.00010904
0.00016302
0.00021636
0.00026884
0.00032027
0.00037043
0.00041913
0.00046617
0.00051137
0.00055456
0.00059556
0.0006342
0.00067035
0.00070384
0.00073457
0.00076239
0.0007872
0.00080891
0.00082742
0.00084267
0.00085459
0.00086314
0.00086828
0.00087
0.00086828
0.00086314
0.00085459
0.00084267
0.00082742
0.00080891
0.0007872
0.00076239
0.00073457
0.00070384
0.00067035
0.0006342
0.00059556
0.00055456
0.00051137
0.00046617
0.00041913
0.00037043
0.00032027
0.00026884
0.00021636
0.00016302
0.00010904
5.4628e-05
1.2787e-17
-5.4628e-05
-0.00010904
-0.00016302
-0.00021636
-0.00026884
-0.00032027
-0.00037043
-0.00041913
-0.00046617
-0.00051137
-0.00055456
-0.00059556
-0.0006342
-0.00067035
-0.00070384
-0.00073457
-0.00076239
-0.0007872
-0.00080891
-0.00082742
-0.00084267
-0.00085459
-0.00086314
-0.00086828
-0.00087
-0.00086828
-0.00086314
-0.00085459
-0.00084267
-0.00082742
-0.00080891
-0.0007872
-0.00076239
-0.00073457
-0.00070384
-0.00067035
-0.0006342
-0.00059556
-0.00055456
-0.00051137
-0.00046617
-0.00041913
-0.00037043
-0.00032027
-0.00026884
-0.00021636
-0.00016302
-0.00010904
-5.4628e-05
-2.2167e-17
5.4628e-05
0.00010904
0.00016302
0.00021636
0.00026884
0.00032027
0.00037043
0.00041913
0.00046617
0.00051137
0.00055456
0.00059556
0.0006342
0.00067035
0.00070384
0.00073457
0.00076239
0.0007872
0.00080891
0.00082742
0.00084267
0.00085459
0.00086314
0.00086828
0.00087
0.00086828
0.00086314
0.00085459
0.00084267
0.00082742
0.00080891
0.0007872
0.00076239
0.00073457
0.00070384
0.00067035
0.0006342
0.00059556
0.00055456
0.00051137
0.00046617
0.00041913
0.00037043
0.00032027
0.00026884
0.00021636
0.00016302
0.00010904
5.4628e-05
6.8188e-18
-5.4628e-05
-0.00010904
-0.00016302
-0.00021636
-0.00026884
-0.00032027
-0.00037043
-0.00041913
-0.00046617
-0.00051137
-0.00055456
-0.00059556
-0.0006342
-0.00067035
-0.00070384
-0.00073457
-0.00076239
-0.0007872
-0.00080891
-0.00082742
-0.00084267
-0.00085459
-0.00086314
-0.00086828
-0.00087
-0.00086828
-0.00086314
-0.00085459
-0.00084267
-0.00082742
-0.00080891
-0.0007872
-0.00076239
-0.00073457
-0.00070384
-0.00067035
-0.0006342
-0.00059556
-0.00055456
-0.00051137
-0.00046617
-0.00041913
-0.00037043
-0.00032027
-0.00026884
-0.00021636
-0.00016302
-0.00010904
-5.4628e-05
-1.6198e-17
5.4628e-05
0.00010904
0.00016302
0.00021636
0.00026884
0.00032027
0.00037043
0.00041913
0.00046617
0.00051137
0.00055456
0.00059556
0.0006342
0.00067035
0.00070384
0.00073457
0.00076239
0.0007872
0.00080891
0.00082742
0.00084267
0.00085459
0.00086314
0.00086828
0.00087
0.00086828
0.00086314
0.00085459
0.00084267
0.00082742
0.00080891
0.0007872
0.00076239
0.00073457
0.00070384
0.00067035
0.0006342
0.00059556
0.00055456
0.00051137
0.00046617
0.00041913
0.00037043
0.00032027
0.00026884
0.00021636
0.00016302
0.00010904
5.4628e-05
8.502e-19
-5.4628e-05
-0.00010904
-0.00016302
-0.00021636
-0.00026884
-0.00032027
-0.00037043
-0.00041913
-0.00046617
-0.00051137
-0.00055456
-0.00059556
-0.0006342
-0.00067035
-0.00070384
-0.00073457
-0.00076239
-0.0007872
-0.00080891
-0.00082742
-0.00084267
-0.00085459
-0.00086314
-0.00086828
-0.00087
-0.00086828
-0.00086314
-0.00085459
-0.00084267
-0.00082742
-0.00080891
-0.0007872
-0.00076239
-0.00073457
-0.00070384
-0.00067035
-0.0006342
-0.00059556
-0.00055456
-0.00051137
-0.00046617
-0.00041913
-0.00037043
-0.00032027
-0.00026884
-0.00021636
-0.00016302
-0.00010904
-5.4628e-05
-1.0229e-17
5.4628e-05
0.00010904
0.00016302
0.00021636
0.00026884
0.00032027
0.00037043
0.00041913
0.00046617
0.00051137
0.00055456
0.00059556
0.0006342
0.00067035
0.00070384
0.00073457
0.00076239
0.0007872
0.00080891
0.00082742
0.00084267
0.00085459
0.00086314
0.00086828
0.00087
0.00086828
0.00086314
0.00085459
0.00084267
0.00082742
0.00080891
0.0007872
0.00076239
0.00073457
0.00070384
0.00067035
0.0006342
0.00059556
0.00055456
0.00051137
0.00046617
0.00041913
0.00037043
0.00032027
0.00026884
0.00021636
0.00016302
0.00010904
5.4628e-05
1.9608e-17
-5.4628e-05
-0.00010904
-0.00016302
-0.00021636
-0.00026884
-0.00032027
-0.00037043
-0.00041913
-0.00046617
-0.00051137
-0.00055456
-0.00059556
-0.0006342
-0.00067035
-0.00070384
-0.00073457
-0.00076239
-0.0007872
-0.00080891
-0.00082742
-0.00084267
-0.00085459
-0.00086314
-0.00086828
-0.00087
-0.00086828
-0.00086314
-0.00085459
-0.00084267
-0.00082742
-0.00080891
-0.0007872
-0.00076239
-0.00073457
-0.00070384
-0.00067035
-0.0006342
-0.00059556
-0.00055456
-0.00051137
-0.00046617
-0.00041913
-0.00037043
-0.00032027
-0.00026884
-0.00021636
-0.00016302
-0.00010904
-5.4628e-05
-4.2607e-18
5.4628e-05
0.00010904
0.00016302
0.00021636
0.00026884
0.00032027
0.00037043
0.00041913
0.00046617
0.00051137
0.00055456
0.00059556
0.0006342
0.00067035
0.00070384
0.00073457
0.00076239
0.0007872
0.00080891
0.00082742
0.00084267
0.00085459
0.00086314
0.00086828
0.00087
0.00086828
0.00086314
0.00085459
0.00084267
0.00082742
0.00080891
0.0007872
0.00076239
0.00073457
0.00070384
0.00067035
0.0006342
0.00059556
0.00055456
0.00051137
0.00046617
0.00041913
0.00037043
0.00032027
0.00026884
0.00021636
0.00016302
0.00010904
5.4628e-05
1.364e-17
-5.4628e-05
-0.00010904
-0.00016302
-0.00021636
-0.00026884
-0.00032027
-0.00037043
-0.00041913
-0.00046617
-0.00051137
-0.00055456
-0.00059556
-0.0006342
-0.00067035
-0.00070384
-0.00073457
-0.00076239
-0.0007872
-0.00080891
-0.00082742
-0.00084267
-0.00085459
-0.00086314
-0.00086828
-0.00087
-0.00086828
-0.00086314
-0.00085459
-0.00084267
-0.00082742
-0.00080891
-0.0007872
-0.00076239
-0.00073457
-0.00070384
-0.00067035
-0.0006342
-0.00059556
-0.00055456
-0.00051137
-0.00046617
-0.00041913
-0.00037043
-0.00032027
-0.00026884
-0.00021636
-0.00016302
-0.00010904
-5.4628e-05
1.7079e-18
5.4628e-05
0.00010904
0.00016302
0.00021636
0.00026884
0.00032027
0.00037043
0.00041913
0.00046617
0.00051137
0.00055456
0.00059556
0.0006342
0.00067035
0.00070384
0.00073457
0.00076239
0.0007872
0.00080891
0.00082742
0.00084267
0.00085459
0.00086314
0.00086828
0.00087
0.00086828
0.00086314
0.00085459
0.00084267
0.00082742
0.00080891
0.0007872
0.00076239
0.00073457
0.00070384
0.00067035
0.0006342
0.00059556
0.00055456
0.00051137
0.00046617
0.00041913
0.00037043
0.00032027
0.00026884
0.00021636
0.00016302
0.00010904
5.4628e-05
7.6712e-18
-5.4628e-05
-0.00010904
-0.00016302
-0.00021636
-0.00026884
-0.00032027
-0.00037043
-0.00041913
-0.00046617
-0.00051137
-0.00055456
-0.00059556
-0.0006342
-0.00067035
-0.00070384
-0.00073457
-0.00076239
-0.0007872
-0.00080891
-0.00082742
-0.00084267
-0.00085459
-0.00086314
-0.00086828
-0.00087
-0.00086828
-0.00086314
-0.00085459
-0.00084267
-0.00082742
-0.00080891
-0.0007872
-0.00076239
-0.00073457
-0.00070384
-0.00067035
-0.0006342
-0.00059556
-0.00055456
-0.00051137
-0.00046617
-0.00041913
-0.00037043
-0.00032027
-0.00026884
-0.00021636
-0.00016302
-0.00010904
-5.4628e-05
-1.705e-17
5.4628e-05
0.00010904
0.00016302
0.00021636
0.00026884
0.00032027
0.00037043
0.00041913
0.00046617
0.00051137
0.00055456
0.00059556
0.0006342
0.00067035
0.00070384
0.00073457
0.00076239
0.0007872
0.00080891
0.00082742
0.00084267
0.00085459
0.00086314
0.00086828
0.00087
0.00086828
0.00086314
0.00085459
0.00084267
0.00082742
0.00080891
0.0007872
0.00076239
0.00073457
0.00070384
0.00067035
0.0006342
0.00059556
0.00055456
0.00051137
0.00046617
0.00041913
0.00037043
0.00032027
0.00026884
0.00021636
0.00016302
0.00010904
5.4628e-05
1.7026e-18
-5.4628e-05
-0.00010904
-0.00016302
-0.00021636
-0.00026884
-0.00032027
-0.00037043
-0.00041913
-0.00046617
-0.00051137
-0.00055456
-0.00059556
-0.0006342
-0.00067035
-0.00070384
-0.00073457
-0.00076239
-0.0007872
-0.00080891
-0.00082742
-0.00084267
-0.00085459
-0.00086314
-0.00086828
-0.00087
-0.00086828
-0.00086314
-0.00085459
-0.00084267
-0.00082742
-0.00080891
-0.0007872
-0.00076239
-0.00073457
-0.00070384
-0.00067035
-0.0006342
-0.00059556
-0.00055456
-0.00051137
-0.00046617
-0.00041913
-0.00037043
-0.00032027
-0.00026884
-0.00021636
-0.00016302
-0.00010904
-5.4628e-05
-1.1082e-17
5.4628e-05
0.00010904
0.00016302
0.00021636
0.00026884
0.00032027
0.00037043
0.00041913
0.00046617
0.00051137
0.00055456
0.00059556
0.0006342
0.00067035
0.00070384
0.00073457
0.00076239
0.0007872
0.00080891
0.00082742
0.00084267
0.00085459
0.00086314
0.00086828
0.00087
0.00086828
0.00086314
0.00085459
0.00084267
0.00082742
0.00080891
0.0007872
0.00076239
0.00073457
0.00070384
0.00067035
0.0006342
0.00059556
0.00055456
0.00051137
0.00046617
0.00041913
0.00037043
0.00032027
0.00026884
0.00021636
0.00016302
0.00010904
5.4628e-05
-4.2661e-18
-5.4628e-05
-0.00010904
-0.00016302
-0.00021636
-0.00026884
-0.00032027
-0.00037043
-0.00041913
-0.00046617
-0.00051137
-0.00055456
-0.00059556
-0.0006342
-0.00067035
-0.00070384
-0.00073457
-0.00076239
-0.0007872
-0.00080891
-0.00082742
-0.00084267
-0.00085459
-0.00086314
-0.00086828
-0.00087
-0.00086828
-0.00086314
-0.00085459
-0.00084267
-0.00082742
-0.00080891
-0.0007872
-0.00076239
-0.00073457
-0.00070384
-0.00067035
-0.0006342
-0.00059556
-0.00055456
-0.00051137
-0.00046617
-0.00041913
-0.00037043
-0.00032027
-0.00026884
-0.00021636
-0.00016302
-0.00010904
-5.4628e-05
-5.113e-18
5.4628e-05
0.00010904
0.00016302
0.00021636
0.00026884
0.00032027
0.00037043
0.00041913
0.00046617
0.00051137
0.00055456
0.00059556
0.0006342
0.00067035
0.00070384
0.00073457
0.00076239
0.0007872
0.00080891
0.00082742
0.00084267
0.00085459
0.00086314
0.00086828
0.00087
0.00086828
0.00086314
0.00085459
0.00084267
0.00082742
0.00080891
0.0007872
0.00076239
0.00073457
0.00070384
0.00067035
0.0006342
0.00059556
0.00055456
0.00051137
0.00046617
0.00041913
0.00037043
0.00032027
0.00026884
0.00021636
0.00016302
0.00010904
5.4628e-05
1.4492e-17
-5.4628e-05
-0.00010904
-0.00016302
-0.00021636
-0.00026884
-0.00032027
-0.00037043
-0.00041913
-0.00046617
-0.00051137
-0.00055456
-0.00059556
-0.0006342
-0.00067035
-0.00070384
-0.00073457
-0.00076239
-0.0007872
-0.00080891
-0.00082742
-0.00084267
-0.00085459
-0.00086314
-0.00086828
-0.00087
-0.00086828
-0.00086314
-0.00085459
-0.00084267
-0.00082742
-0.00080891
-0.0007872
-0.00076239
-0.00073457
-0.00070384
-0.00067035
-0.0006342
-0.00059556
-0.00055456
-0.00051137
-0.00046617
-0.00041913
-0.00037043
-0.00032027
-0.00026884
-0.00021636
-0.00016302
-0.00010904
-5.4628e-05
8.5559e-19
5.4628e-05
0.00010904
0.00016302
0.00021636
0.00026884
0.00032027
0.00037043
0.00041913
0.00046617
0.00051137
0.00055456
0.00059556
0.0006342
0.00067035
0.00070384
0.00073457
0.00076239
0.0007872
0.00080891
0.00082742
0.00084267
0.00085459
0.00086314
0.00086828
0.00087
0.00086828
0.00086314
0.00085459
0.00084267
0.00082742
0.00080891
0.0007872
0.00076239
0.00073457
0.00070384
0.00067035
0.0006342
0.00059556
0.00055456
0.00051137
0.00046617
0.00041913
0.00037043
0.00032027
0.00026884
0.00021636
0.00016302
0.00010904
5.4628e-05
8.5235e-18
-5.4628e-05
-0.00010904
-0.00016302
-0.00021636
-0.00026884
-0.00032027
-0.00037043
-0.00041913
-0.00046617
-0.00051137
-0.00055456
-0.00059556
-0.0006342
-0.00067035
-0.00070384
-0.00073457
-0.00076239
-0.0007872
-0.00080891
-0.00082742
-0.00084267
-0.00085459
-0.00086314
-0.00086828
-0.00087
-0.00086828
-0.00086314
-0.00085459
-0.00084267
-0.00082742
-0.00080891
-0.0007872
-0.00076239
-0.00073457
-0.00070384
-0.00067035
-0.0006342
-0.00059556
-0.00055456
-0.00051137
-0.00046617
-0.00041913
-0.00037043
-0.00032027
-0.00026884
-0.00021636
-0.00016302
-0.00010904
-5.4628e-05
-1.7903e-17
5.4628e-05
0.00010904
0.00016302
0.00021636
0.00026884
0.00032027
0.00037043
0.00041913
0.00046617
0.00051137
0.00055456
0.00059556
0.0006342
0.00067035
0.00070384
0.00073457
0.00076239
0.0007872
0.00080891
0.00082742
0.00084267
0.00085459
0.00086314
0.00086828
0.00087
0.00086828
0.00086314
0.00085459
0.00084267
0.00082742
0.00080891
0.0007872
0.00076239
0.00073457
0.00070384
0.00067035
0.0006342
0.00059556
0.00055456
0.00051137
0.00046617
0.00041913
0.00037043
0.00032027
0.00026884
0.00021636
0.00016302
0.00010904
5.4628e-05
2.7282e-17
-5.4628e-05
-0.00010904
-0.00016302
-0.00021636
-0.00026884
-0.00032027
-0.00037043
-0.00041913
-0.00046617
-0.00051137
-0.00055456
-0.00059556
-0.0006342
-0.00067035
-0.00070384
-0.00073457
-0.00076239
-0.0007872
-0.00080891
-0.00082742
-0.00084267
-0.00085459
-0.00086314
-0.00086828
-0.00087
-0.00086828
-0.00086314
-0.00085459
-0.00084267
-0.00082742
-0.00080891
-0.0007872
-0.00076239
-0.00073457
-0.00070384
-0.00067035
-0.0006342
-0.00059556
-0.00055456
-0.00051137
-0.00046617
-0.00041913
-0.00037043
-0.00032027
-0.00026884
-0.00021636
-0.00016302
-0.00010904
-5.4628e-05
1.2793e-17
5.4628e-05
0.00010904
0.00016302
0.00021636
0.00026884
0.00032027
0.00037043
0.00041913
0.00046617
0.00051137
0.00055456
0.00059556
0.0006342
0.00067035
0.00070384
0.00073457
0.00076239
0.0007872
0.00080891
0.00082742
0.00084267
0.00085459
0.00086314
0.00086828
0.00087
0.00086828
0.00086314
0.00085459
0.00084267
0.00082742
0.00080891
0.0007872
0.00076239
0.00073457
0.00070384
0.00067035
0.0006342
0.00059556
0.00055456
0.00051137
0.00046617
0.00041913
0.00037043
0.00032027
0.00026884
0.00021636
0.00016302
0.00010904
5.4628e-05
-3.4137e-18
-5.4628e-05
-0.00010904
-0.00016302
-0.00021636
-0.00026884
-0.00032027
-0.00037043
-0.00041913
-0.00046617
-0.00051137
-0.00055456
-0.00059556
-0.0006342
-0.00067035
-0.00070384
-0.00073457
-0.00076239
-0.0007872
-0.00080891
-0.00082742
-0.00084267
-0.00085459
-0.00086314
-0.00086828
-0.00087
-0.00086828
-0.00086314
-0.00085459
-0.00084267
-0.00082742
-0.00080891
-0.0007872
-0.00076239
-0.00073457
-0.00070384
-0.00067035
-0.0006342
-0.00059556
-0.00055456
-0.00051137
-0.00046617
-0.00041913
-0.00037043
-0.00032027
-0.00026884
-0.00021636
-0.00016302
-0.00010904
-5.4628e-05
-5.9654e-18
5.4628e-05
0.00010904
0.00016302
0.00021636
0.00026884
0.00032027
0.00037043
0.00041913
0.00046617
0.00051137
0.00055456
0.00059556
0.0006342
0.00067035
0.00070384
0.00073457
0.00076239
0.0007872
0.00080891
0.00082742
0.00084267
0.00085459
0.00086314
0.00086828
0.00087
0.00086828
0.00086314
0.00085459
0.00084267
0.00082742
0.00080891
0.0007872
0.00076239
0.00073457
0.00070384
0.00067035
0.0006342
0.00059556
0.00055456
0.00051137
0.00046617
0.00041913
0.00037043
0.00032027
0.00026884
0.00021636
0.00016302
0.00010904
5.4628e-05
1.5345e-17
-5.4628e-05
-0.00010904
-0.00016302
-0.00021636
-0.00026884
-0.00032027
-0.00037043
-0.00041913
-0.00046617
-0.00051137
-0.00055456
-0.00059556
-0.0006342
-0.00067035
-0.00070384
-0.00073457
-0.00076239
-0.0007872
-0.00080891
-0.00082742
-0.00084267
-0.00085459
-0.00086314
-0.00086828
-0.00087
-0.00086828
-0.00086314
-0.00085459
-0.00084267
-0.00082742
-0.00080891
-0.0007872
-0.00076239
-0.00073457
-0.00070384
-0.00067035
-0.0006342
-0.00059556
-0.00055456
-0.00051137
-0.00046617
-0.00041913
-0.00037043
-0.00032027
-0.00026884
-0.00021636
-0.00016302
-0.00010904
-5.4628e-05
2.473e-17
5.4628e-05
0.00010904
0.00016302
0.00021636
0.00026884
0.00032027
0.00037043
0.00041913
0.00046617
0.00051137
0.00055456
0.00059556
0.0006342
0.00067035
0.00070384
0.00073457
0.00076239
0.0007872
0.00080891
0.00082742
0.00084267
0.00085459
0.00086314
0.00086828
0.00087
0.00086828
0.00086314
0.00085459
0.00084267
0.00082742
0.00080891
0.0007872
0.00076239
0.00073457
0.00070384
0.00067035
0.0006342
0.00059556
0.00055456
0.00051137
0.00046617
0.00041913
0.00037043
0.00032027
0.00026884
0.00021636
0.00016302
0.00010904
5.4628e-05
-1.5351e-17
-5.4628e-05
-0.00010904
-0.00016302
-0.00021636
-0.00026884
-0.00032027
-0.00037043
-0.00041913
-0.00046617
-0.00051137
-0.00055456
-0.00059556
-0.0006342
-0.00067035
-0.00070384
-0.00073457
-0.00076239
-0.0007872
-0.00080891
-0.00082742
-0.00084267
-0.00085459
-0.00086314
-0.00086828
-0.00087
-0.00086828
-0.00086314
-0.00085459
-0.00084267
-0.00082742
-0.00080891
-0.0007872
-0.00076239
-0.00073457
-0.00070384
-0.00067035
-0.0006342
-0.00059556
-0.00055456
-0.00051137
-0.00046617
-0.00041913
-0.00037043
-0.00032027
-0.00026884
-0.00021636
-0.00016302
-0.00010904
-5.4628e-05
5.9719e-18
5.4628e-05
0.00010904
0.00016302
0.00021636
0.00026884
0.00032027
0.00037043
0.00041913
0.00046617
0.00051137
0.00055456
0.00059556
0.0006342
0.00067035
0.00070384
0.00073457
0.00076239
0.0007872
0.00080891
0.00082742
0.00084267
0.00085459
0.00086314
0.00086828
0.00087
0.00086828
0.00086314
0.00085459
0.00084267
0.00082742
0.00080891
0.0007872
0.00076239
0.00073457
0.00070384
0.00067035
0.0006342
0.00059556
0.00055456
0.00051137
0.00046617
0.00041913
0.00037043
0.00032027
0.00026884
0.00021636
0.00016302
0.00010904
5.4628e-05
3.4073e-18
-5.4628e-05
-0.00010904
-0.00016302
-0.00021636
-0.00026884
-0.00032027
-0.00037043
-0.00041913
-0.00046617
-0.00051137
-0.00055456
-0.00059556
-0.0006342
-0.00067035
-0.00070384
-0.00073457
-0.00076239
-0.0007872
-0.00080891
-0.00082742
-0.00084267
-0.00085459
-0.00086314
-0.00086828
-0.00087
-0.00086828
-0.00086314
-0.00085459
-0.00084267
-0.00082742
-0.00080891
-0.0007872
-0.00076239
-0.00073457
-0.00070384
-0.00067035
-0.0006342
-0.00059556
-0.00055456
-0.00051137
-0.00046617
-0.00041913
-0.00037043
-0.00032027
-0.00026884
-0.00021636
-0.00016302
-0.00010904
-5.4628e-05
-1.2786e-17
5.4628e-05
0.00010904
0.00016302
0.00021636
0.00026884
0.00032027
0.00037043
0.00041913
0.00046617
0.00051137
0.00055456
0.00059556
0.0006342
0.00067035
0.00070384
0.00073457
0.00076239
0.0007872
0.00080891
0.00082742
0.00084267
0.00085459
0.00086314
0.00086828
0.00087
0.00086828
0.00086314
0.00085459
0.00084267
0.00082742
0.00080891
0.0007872
0.00076239
0.00073457
0.00070384
0.00067035
0.0006342
0.00059556
0.00055456
0.00051137
0.00046617
0.00041913
0.00037043
0.00032027
0.00026884
0.00021636
0.00016302
0.00010904
5.4628e-05
-2.7288e-17
-5.4628e-05
-0.00010904
-0.00016302
-0.00021636
-0.00026884
-0.00032027
-0.00037043
-0.00041913
-0.00046617
-0.00051137
-0.00055456
-0.00059556
-0.0006342
-0.00067035
-0.00070384
-0.00073457
-0.00076239
-0.0007872
-0.00080891
-0.00082742
-0.00084267
-0.00085459
-0.00086314
-0.00086828
-0.00087
-0.00086828
-0.00086314
-0.00085459
-0.00084267
-0.00082742
-0.00080891
-0.0007872
-0.00076239
-0.00073457
-0.00070384
-0.00067035
-0.0006342
-0.00059556
-0.00055456
-0.00051137
-0.00046617
-0.00041913
-0.00037043
-0.00032027
-0.00026884
-0.00021636
-0.00016302
-0.00010904
-5.4628e-05
1.7909e-17
5.4628e-05
0.00010904
0.00016302
0.00021636
0.00026884
0.00032027
0.00037043
0.00041913
0.00046617
0.00051137
0.00055456
0.00059556
0.0006342
0.00067035
0.00070384
0.00073457
0.00076239
0.0007872
0.00080891
0.00082742
0.00084267
0.00085459
0.00086314
0.00086828
0.00087
0.00086828
0.00086314
0.00085459
0.00084267
0.00082742
0.00080891
0.0007872
0.00076239
0.00073457
0.00070384
0.00067035
0.0006342
0.00059556
0.00055456
0.00051137
0.00046617
0.00041913
0.00037043
0.00032027
0.00026884
0.00021636
0.00016302
0.00010904
5.4628e-05
-8.53e-18
-5.4628e-05
-0.00010904
-0.00016302
-0.00021636
-0.00026884
-0.00032027
-0.00037043
-0.00041913
-0.00046617
-0.00051137
-0.00055456
-0.00059556
-0.0006342
-0.00067035
-0.00070384
-0.00073457
-0.00076239
-0.0007872
-0.00080891
-0.00082742
-0.00084267
-0.00085459
-0.00086314
-0.00086828
-0.00087
-0.00086828
-0.00086314
-0.00085459
-0.00084267
-0.00082742
-0.00080891
-0.0007872
-0.00076239
-0.00073457
-0.00070384
-0.00067035
-0.0006342
-0.00059556
-0.00055456
-0.00051137
-0.00046617
-0.00041913
-0.00037043
-0.00032027
-0.00026884
-0.00021636
-0.00016302
-0.00010904
-5.4628e-05
-8.4912e-19
5.4628e-05
0.00010904
0.00016302
0.00021636
0.00026884
0.00032027
0.00037043
0.00041913
0.00046617
0.00051137
0.00055456
0.00059556
0.0006342
0.00067035
0.00070384
0.00073457
0.00076239
0.0007872
0.00080891
0.00082742
0.00084267
0.00085459
0.00086314
0.00086828
0.00087
0.00086828
0.00086314
0.00085459
0.00084267
0.00082742
0.00080891
0.0007872
0.00076239
0.00073457
0.00070384
0.00067035
0.0006342
0.00059556
0.00055456
0.00051137
0.00046617
0.00041913
0.00037043
0.00032027
0.00026884
0.00021636
0.00016302
0.00010904
5.4628e-05
1.0228e-17
-5.4628e-05
-0.00010904
-0.00016302
-0.00021636
-0.00026884
-0.00032027
-0.00037043
-0.00041913
-0.00046617
-0.00051137
-0.00055456
-0.00059556
-0.0006342
-0.00067035
-0.00070384
-0.00073457
-0.00076239
-0.0007872
-0.00080891
-0.00082742
-0.00084267
-0.00085459
-0.00086314
-0.00086828
-0.00087
-0.00086828
-0.00086314
-0.00085459
-0.00084267
-0.00082742
-0.00080891
-0.0007872
-0.00076239
-0.00073457
-0.00070384
-0.00067035
-0.0006342
-0.00059556
-0.00055456
-0.00051137
-0.00046617
-0.00041913
-0.00037043
-0.00032027
-0.00026884
-0.00021636
-0.00016302
-0.00010904
-5.4628e-05
2.9846e-17
5.4628e-05
0.00010904
0.00016302
0.00021636
0.00026884
0.00032027
0.00037043
0.00041913
0.00046617
0.00051137
0.00055456
0.00059556
0.0006342
0.00067035
0.00070384
0.00073457
0.00076239
0.0007872
0.00080891
0.00082742
0.00084267
0.00085459
0.00086314
0.00086828
0.00087
0.00086828
0.00086314
0.00085459
0.00084267
0.00082742
0.00080891
0.0007872
0.00076239
0.00073457
0.00070384
0.00067035
0.0006342
0.00059556
0.00055456
0.00051137
0.00046617
0.00041913
0.00037043
0.00032027
0.00026884
0.00021636
0.00016302
0.00010904
5.4628e-05
-2.0467e-17
-5.4628e-05
-0.00010904
-0.00016302
-0.00021636
-0.00026884
-0.00032027
-0.00037043
-0.00041913
-0.00046617
-0.00051137
-0.00055456
-0.00059556
-0.0006342
-0.00067035
-0.00070384
-0.00073457
-0.00076239
-0.0007872
-0.00080891
-0.00082742
-0.00084267
-0.00085459
-0.00086314
-0.00086828
-0.00087
-0.00086828
-0.00086314
-0.00085459
-0.00084267
-0.00082742
-0.00080891
-0.0007872
-0.00076239
-0.00073457
-0.00070384
-0.00067035
-0.0006342
-0.00059556
-0.00055456
-0.00051137
-0.00046617
-0.00041913
-0.00037043
-0.00032027
-0.00026884
-0.00021636
-0.00016302
-0.00010904
-5.4628e-05
1.1088e-17
5.4628e-05
0.00010904
0.00016302
0.00021636
0.00026884
0.00032027
0.00037043
0.00041913
0.00046617
0.00051137
0.00055456
0.00059556
0.0006342
0.00067035
0.00070384
0.00073457
0.00076239
0.0007872
0.00080891
0.00082742
0.00084267
0.00085459
0.00086314
0.00086828
0.00087
0.00086828
0.00086314
0.00085459
0.00084267
0.00082742
0.00080891
0.0007872
0.00076239
0.00073457
0.00070384
0.00067035
0.0006342
0.00059556
0.00055456
0.00051137
0.00046617
0.00041913
0.00037043
0.00032027
0.00026884
0.00021636
0.00016302
0.00010904
5.4628e-05
-1.709e-18
-5.4628e-05
-0.00010904
-0.00016302
-0.00021636
-0.00026884
-0.00032027
-0.00037043
-0.00041913
-0.00046617
-0.00051137
-0.00055456
-0.00059556
-0.0006342
-0.00067035
-0.00070384
-0.00073457
-0.00076239
-0.0007872
-0.00080891
-0.00082742
-0.00084267
-0.00085459
-0.00086314
-0.00086828
-0.00087
-0.00086828
-0.00086314
-0.00085459
-0.00084267
-0.00082742
-0.00080891
-0.0007872
-0.00076239
-0.00073457
-0.00070384
-0.00067035
-0.0006342
-0.00059556
-0.00055456
-0.00051137
-0.00046617
-0.00041913
-0.00037043
-0.00032027
-0.00026884
-0.00021636
-0.00016302
-0.00010904
-5.4628e-05
-7.6701e-18
5.4628e-05
0.00010904
0.00016302
0.00021636
0.00026884
0.00032027
0.00037043
0.00041913
0.00046617
0.00051137
0.00055456
0.00059556
0.0006342
0.00067035
0.00070384
0.00073457
0.00076239
0.0007872
0.00080891
0.00082742
0.00084267
0.00085459
0.00086314
0.00086828
0.00087
0.00086828
0.00086314
0.00085459
0.00084267
0.00082742
0.00080891
0.0007872
0.00076239
0.00073457
0.00070384
0.00067035
0.0006342
0.00059556
0.00055456
0.00051137
0.00046617
0.00041913
0.00037043
0.00032027
0.00026884
0.00021636
0.00016302
0.00010904
5.4628e-05
1.7049e-17
-5.4628e-05
-0.00010904
-0.00016302
-0.00021636
-0.00026884
-0.00032027
-0.00037043
-0.00041913
-0.00046617
-0.00051137
-0.00055456
-0.00059556
-0.0006342
-0.00067035
-0.00070384
-0.00073457
-0.00076239
-0.0007872
-0.00080891
-0.00082742
-0.00084267
-0.00085459
-0.00086314
-0.00086828
-0.00087
-0.00086828
-0.00086314
-0.00085459
-0.00084267
-0.00082742
-0.00080891
-0.0007872
-0.00076239
-0.00073457
-0.00070384
-0.00067035
-0.0006342
-0.00059556
-0.00055456
-0.00051137
-0.00046617
-0.00041913
-0.00037043
-0.00032027
-0.00026884
-0.00021636
-0.00016302
-0.00010904
-5.4628e-05
-2.6428e-17
5.4628e-05
0.00010904
0.00016302
0.00021636
0.00026884
0.00032027
0.00037043
0.00041913
0.00046617
0.00051137
0.00055456
0.00059556
0.0006342
0.00067035
0.00070384
0.00073457
0.00076239
0.0007872
0.00080891
0.00082742
0.00084267
0.00085459
0.00086314
0.00086828
0.00087
0.00086828
0.00086314
0.00085459
0.00084267
0.00082742
0.00080891
0.0007872
0.00076239
0.00073457
0.00070384
0.00067035
0.0006342
0.00059556
0.00055456
0.00051137
0.00046617
0.00041913
0.00037043
0.00032027
0.00026884
0.00021636
0.00016302
0.00010904
5.4628e-05
-1.3646e-17
-5.4628e-05
-0.00010904
-0.00016302
-0.00021636
-0.00026884
-0.00032027
-0.00037043
-0.00041913
-0.00046617
-0.00051137
-0.00055456
-0.00059556
-0.0006342
-0.00067035
-0.00070384
-0.00073457
-0.00076239
-0.0007872
-0.00080891
-0.00082742
-0.00084267
-0.00085459
-0.00086314
-0.00086828
-0.00087
-0.00086828
-0.00086314
-0.00085459
-0.00084267
-0.00082742
-0.00080891
-0.0007872
-0.00076239
-0.00073457
-0.00070384
-0.00067035
-0.0006342
-0.00059556
-0.00055456
-0.00051137
-0.00046617
-0.00041913
-0.00037043
-0.00032027
-0.00026884
-0.00021636
-0.00016302
-0.00010904
-5.4628e-05
4.2672e-18
5.4628e-05
0.00010904
0.00016302
0.00021636
0.00026884
0.00032027
0.00037043
0.00041913
0.00046617
0.00051137
0.00055456
0.00059556
0.0006342
0.00067035
0.00070384
0.00073457
0.00076239
0.0007872
0.00080891
0.00082742
0.00084267
0.00085459
0.00086314
0.00086828
0.00087
0.00086828
0.00086314
0.00085459
0.00084267
0.00082742
0.00080891
0.0007872
0.00076239
0.00073457
0.00070384
0.00067035
0.0006342
0.00059556
0.00055456
0.00051137
0.00046617
0.00041913
0.00037043
0.00032027
0.00026884
0.00021636
0.00016302
0.00010904
5.4628e-05
5.112e-18
-5.4628e-05
-0.00010904
-0.00016302
-0.00021636
-0.00026884
-0.00032027
-0.00037043
-0.00041913
-0.00046617
-0.00051137
-0.00055456
-0.00059556
-0.0006342
-0.00067035
-0.00070384
-0.00073457
-0.00076239
-0.0007872
-0.00080891
-0.00082742
-0.00084267
-0.00085459
-0.00086314
-0.00086828
-0.00087
-0.00086828
-0.00086314
-0.00085459
-0.00084267
-0.00082742
-0.00080891
-0.0007872
-0.00076239
-0.00073457
-0.00070384
-0.00067035
-0.0006342
-0.00059556
-0.00055456
-0.00051137
-0.00046617
-0.00041913
-0.00037043
-0.00032027
-0.00026884
-0.00021636
-0.00016302
-0.00010904
-5.4628e-05
-1.4491e-17
5.4628e-05
0.00010904
0.00016302
0.00021636
0.00026884
0.00032027
0.00037043
0.00041913
0.00046617
0.00051137
0.00055456
0.00059556
0.0006342
0.00067035
0.00070384
0.00073457
0.00076239
0.0007872
0.00080891
0.00082742
0.00084267
0.00085459
0.00086314
0.00086828
0.00087
0.00086828
0.00086314
0.00085459
0.00084267
0.00082742
0.00080891
0.0007872
0.00076239
0.00073457
0.00070384
0.00067035
0.0006342
0.00059556
0.00055456
0.00051137
0.00046617
0.00041913
0.00037043
0.00032027
0.00026884
0.00021636
0.00016302
0.00010904
5.4628e-05
2.387e-17
-5.4628e-05
-0.00010904
-0.00016302
-0.00021636
-0.00026884
-0.00032027
-0.00037043
-0.00041913
-0.00046617
-0.00051137
-0.00055456
-0.00059556
-0.0006342
-0.00067035
-0.00070384
-0.00073457
-0.00076239
-0.0007872
-0.00080891
-0.00082742
-0.00084267
-0.00085459
-0.00086314
-0.00086828
-0.00087
-0.00086828
-0.00086314
-0.00085459
-0.00084267
-0.00082742
-0.00080891
-0.0007872
-0.00076239
-0.00073457
-0.00070384
-0.00067035
-0.0006342
-0.00059556
-0.00055456
-0.00051137
-0.00046617
-0.00041913
-0.00037043
-0.00032027
-0.00026884
-0.00021636
-0.00016302
-0.00010904
-5.4628e-05
1.6204e-17
5.4628e-05
0.00010904
0.00016302
0.00021636
0.00026884
0.00032027
0.00037043
0.00041913
0.00046617
0.00051137
0.00055456
0.00059556
0.0006342
0.00067035
0.00070384
0.00073457
0.00076239
0.0007872
0.00080891
0.00082742
0.00084267
0.00085459
0.00086314
0.00086828
0.00087
0.00086828
0.00086314
0.00085459
0.00084267
0.00082742
0.00080891
0.0007872
0.00076239
0.00073457
0.00070384
0.00067035
0.0006342
0.00059556
0.00055456
0.00051137
0.00046617
0.00041913
0.00037043
0.00032027
0.00026884
0.00021636
0.00016302
0.00010904
5.4628e-05
-6.8253e-18
-5.4628e-05
-0.00010904
-0.00016302
-0.00021636
-0.00026884
-0.00032027
-0.00037043
-0.00041913
-0.00046617
-0.00051137
-0.00055456
-0.00059556
-0.0006342
-0.00067035
-0.00070384
-0.00073457
-0.00076239
-0.0007872
-0.00080891
-0.00082742
-0.00084267
-0.00085459
-0.00086314
-0.00086828
-0.00087
-0.00086828
-0.00086314
-0.00085459
-0.00084267
-0.00082742
-0.00080891
-0.0007872
-0.00076239
-0.00073457
-0.00070384
-0.00067035
-0.0006342
-0.00059556
-0.00055456
-0.00051137
-0.00046617
-0.00041913
-0.00037043
-0.00032027
-0.00026884
-0.00021636
-0.00016302
-0.00010904
-5.4628e-05
-2.5538e-18
5.4628e-05
0.00010904
0.00016302
0.00021636
0.00026884
0.00032027
0.00037043
0.00041913
0.00046617
0.00051137
0.00055456
0.00059556
0.0006342
0.00067035
0.00070384
0.00073457
0.00076239
0.0007872
0.00080891
0.00082742
0.00084267
0.00085459
0.00086314
0.00086828
0.00087
0.00086828
0.00086314
0.00085459
0.00084267
0.00082742
0.00080891
0.0007872
0.00076239
0.00073457
0.00070384
0.00067035
0.0006342
0.00059556
0.00055456
0.00051137
0.00046617
0.00041913
0.00037043
0.00032027
0.00026884
0.00021636
0.00016302
0.00010904
5.4628e-05
1.1933e-17
-5.4628e-05
-0.00010904
-0.00016302
-0.00021636
-0.00026884
-0.00032027
-0.00037043
-0.00041913
-0.00046617
-0.00051137
-0.00055456
-0.00059556
-0.0006342
-0.00067035
-0.00070384
-0.00073457
-0.00076239
-0.0007872
-0.00080891
-0.00082742
-0.00084267
-0.00085459
-0.00086314
-0.00086828
-0.00087
-0.00086828
-0.00086314
-0.00085459
-0.00084267
-0.00082742
-0.00080891
-0.0007872
-0.00076239
-0.00073457
-0.00070384
-0.00067035
-0.0006342
-0.00059556
-0.00055456
-0.00051137
-0.00046617
-0.00041913
-0.00037043
-0.00032027
-0.00026884
-0.00021636
-0.00016302
-0.00010904
-5.4628e-05
-2.1312e-17
5.4628e-05
0.00010904
0.00016302
0.00021636
0.00026884
0.00032027
0.00037043
0.00041913
0.00046617
0.00051137
0.00055456
0.00059556
0.0006342
0.00067035
0.00070384
0.00073457
0.00076239
0.0007872
0.00080891
0.00082742
0.00084267
0.00085459
0.00086314
0.00086828
0.00087
0.00086828
0.00086314
0.00085459
0.00084267
0.00082742
0.00080891
0.0007872
0.00076239
0.00073457
0.00070384
0.00067035
0.0006342
0.00059556
0.00055456
0.00051137
0.00046617
0.00041913
0.00037043
0.00032027
0.00026884
0.00021636
0.00016302
0.00010904
5.4628e-05
-1.8763e-17
-5.4628e-05
-0.00010904
-0.00016302
-0.00021636
-0.00026884
-0.00032027
-0.00037043
-0.00041913
-0.00046617
-0.00051137
-0.00055456
-0.00059556
-0.0006342
-0.00067035
-0.00070384
-0.00073457
-0.00076239
-0.0007872
-0.00080891
-0.00082742
-0.00084267
-0.00085459
-0.00086314
-0.00086828
-0.00087
-0.00086828
-0.00086314
-0.00085459
-0.00084267
-0.00082742
-0.00080891
-0.0007872
-0.00076239
-0.00073457
-0.00070384
-0.00067035
-0.0006342
-0.00059556
-0.00055456
-0.00051137
-0.00046617
-0.00041913
-0.00037043
-0.00032027
-0.00026884
-0.00021636
-0.00016302
-0.00010904
-5.4628e-05
9.3834e-18
5.4628e-05
0.00010904
0.00016302
0.00021636
0.00026884
0.00032027
0.00037043
0.00041913
0.00046617
0.00051137
0.00055456
0.00059556
0.0006342
0.00067035
0.00070384
0.00073457
0.00076239
0.0007872
0.00080891
0.00082742
0.00084267
0.00085459
0.00086314
0.00086828
0.00087
0.00086828
0.00086314
0.00085459
0.00084267
0.00082742
0.00080891
0.0007872
0.00076239
0.00073457
0.00070384
0.00067035
0.0006342
0.00059556
0.00055456
0.00051137
0.00046617
0.00041913
0.00037043
0.00032027
0.00026884
0.00021636
0.00016302
0.00010904
5.4628e-05
-4.3038e-21
-5.4518e-05
-0.00010871
-0.00016237
-0.00021528
-0.00026723
-0.00031803
-0.00036746
-0.00041535
-0.00046151
-0.00050575
-0.0005479
-0.00058781
-0.00062532
-0.00066029
-0.00069258
-0.00072208
-0.00074866
-0.00077224
-0.00079273
-0.00081004
-0.00082413
-0.00083493
-0.00084242
-0.00084658
-0.00084738
-0.00084484
-0.00083897
-0.00082981
-0.00081739
-0.00080177
-0.00078302
-0.00076122
-0.00073647
-0.00070886
-0.00067851
-0.00064554
-0.0006101
-0.00057233
-0.00053238
-0.00049041
-0.00044659
-0.0004011
-0.00035413
-0.00030586
-0.00025648
-0.00020619
-0.0001552
-0.0001037
-5.1896e-05
-8.8967e-18
5.1787e-05
0.00010326
0.00015422
0.00020446
0.00025379
0.00030201
0.00034894
0.0003944
0.0004382
0.00048018
0.00052018
0.00055804
0.00059361
0.00062677
0.00065739
0.00068535
0.00071054
0.00073288
0.00075228
0.00076867
0.000782
0.0007922
0.00079927
0.00080316
0.00080388
0.00080143
0.00079581
0.00078708
0.00077525
0.0007604
0.00074258
0.00072186
0.00069835
0.00067213
0.00064331
0.00061203
0.00057839
0.00054255
0.00050465
0.00046484
0.00042328
0.00038015
0.00033561
0.00028984
0.00024304
0.00019537
0.00014705
9.8245e-05
4.9165e-05
-2.7599e-17
-4.9056e-05
-9.7809e-05
-0.00014607
-0.00019364
-0.00024035
-0.000286
-0.00033042
-0.00037344
-0.00041489
-0.00045461
-0.00049245
-0.00052826
-0.0005619
-0.00059326
-0.0006222
-0.00064862
-0.00067243
-0.00069352
-0.00071184
-0.0007273
-0.00073986
-0.00074948
-0.00075611
-0.00075975
-0.00076038
-0.00075801
-0.00075266
-0.00074435
-0.00073312
-0.00071903
-0.00070213
-0.0006825
-0.00066023
-0.0006354
-0.00060812
-0.00057851
-0.00054668
-0.00051277
-0.00047692
-0.00043927
-0.00039997
-0.00035919
-0.00031709
-0.00027383
-0.00022959
-0.00018456
-0.00013889
-9.2793e-05
-4.6434e-05
1.8101e-17
4.6324e-05
9.2357e-05
0.00013792
0.00018282
0.0002269
0.00026999
0.0003119
0.00035248
0.00039158
0.00042904
0.00046472
0.00049848
0.00053019
0.00055974
0.00058701
0.00061189
0.00063431
0.00065416
0.00067139
0.00068593
0.00069773
0.00070675
0.00071295
0.00071633
0.00071688
0.0007146
0.0007095
0.00070162
0.00069099
0.00067766
0.00066168
0.00064314
0.00062211
0.00059867
0.00057293
0.00054499
0.00051497
0.000483
0.00044919
0.0004137
0.00037666
0.00033823
0.00029856
0.00025782
0.00021615
0.00017374
0.00013074
8.7341e-05
4.3702e-05
2.9972e-17
-4.3593e-05
-8.6905e-05
-0.00012977
-0.00017201
-0.00021346
-0.00025397
-0.00029338
-0.00033153
-0.00036827
-0.00040347
-0.00043699
-0.0004687
-0.00049848
-0.00052622
-0.00055181
-0.00057516
-0.00059619
-0.0006148
-0.00063095
-0.00064456
-0.0006556
-0.00066402
-0.0006698
-0.00067292
-0.00067338
-0.00067118
-0.00066634
-0.00065889
-0.00064885
-0.00063629
-0.00062124
-0.00060378
-0.00058399
-0.00056194
-0.00053774
-0.00051147
-0.00048326
-0.00045322
-0.00042146
-0.00038813
-0.00035336
-0.00031728
-0.00028004
-0.0002418
-0.00020271
-0.00016292
-0.00012259
-8.1889e-05
-4.0971e-05
-3.5122e-17
4.0862e-05
8.1453e-05
0.00012161
0.00016119
0.00020002
0.00023796
0.00027486
0.00031057
0.00034497
0.0003779
0.00040926
0.00043892
0.00046677
0.0004927
0.00051662
0.00053844
0.00055807
0.00057544
0.0005905
0.00060319
0.00061346
0.00062129
0.00062664
0.00062951
0.00062988
0.00062777
0.00062319
0.00061616
0.00060672
0.00059491
0.00058079
0.00056442
0.00054587
0.00052521
0.00050255
0.00047796
0.00045155
0.00042344
0.00039374
0.00036256
0.00033005
0.00029632
0.00026152
0.00022579
0.00018927
0.0001521
0.00011444
7.6437e-05
3.8239e-05
3.9333e-17
-3.813e-05
-7.6001e-05
-0.00011346
-0.00015037
-0.00018658
-0.00022195
-0.00025634
-0.00028962
-0.00032166
-0.00035234
-0.00038154
-0.00040915
-0.00043506
-0.00045919
-0.00048143
-0.00050171
-0.00051995
-0.00053608
-0.00055006
-0.00056182
-0.00057133
-0.00057856
-0.00058348
-0.00058609
-0.00058638
-0.00058435
-0.00058003
-0.00057343
-0.00056459
-0.00055354
-0.00054035
-0.00052506
-0.00050775
-0.00048849
-0.00046735
-0.00044444
-0.00041984
-0.00039366
-0.00036601
-0.00033699
-0.00030674
-0.00027537
-0.000243
-0.00020978
-0.00017582
-0.00014128
-0.00010629
-7.0985e-05
-3.5508e-05
-1.0511e-17
3.5399e-05
7.0549e-05
0.00010531
0.00013955
0.00017314
0.00020593
0.00023781
0.00026866
0.00029835
0.00032677
0.00035381
0.00037937
0.00040335
0.00042567
0.00044624
0.00046498
0.00048183
0.00049672
0.00050961
0.00052045
0.0005292
0.00053583
0.00054033
0.00054268
0.00054288
0.00054094
0.00053687
0.0005307
0.00052245
0.00051217
0.0004999
0.0004857
0.00046963
0.00045176
0.00043216
0.00041092
0.00038813
0.00036388
0.00033828
0.00031143
0.00028343
0.00025441
0.00022448
0.00019376
0.00016238
0.00013047
9.8139e-05
6.5533e-05
3.2777e-05
4.4942e-17
-3.2667e-05
-6.5097e-05
-9.7161e-05
-0.00012873
-0.00015969
-0.00018992
-0.00021929
-0.0002477
-0.00027504
-0.0003012
-0.00032608
-0.00034959
-0.00037164
-0.00039215
-0.00041105
-0.00042825
-0.00044371
-0.00045736
-0.00046917
-0.00047908
-0.00048706
-0.0004931
-0.00049717
-0.00049926
-0.00049938
-0.00049753
-0.00049372
-0.00048797
-0.00048032
-0.0004708
-0.00045946
-0.00044634
-0.00043151
-0.00041503
-0.00039697
-0.00037741
-0.00035642
-0.00033411
-0.00031055
-0.00028586
-0.00026012
-0.00023345
-0.00020596
-0.00017775
-0.00014894
-0.00011965
-8.9988e-05
-6.0081e-05
-3.0045e-05
-1.919e-17
2.9936e-05
5.9645e-05
8.901e-05
0.00011792
0.00014625
0.00017391
0.00020077
0.00022675
0.00025173
0.00027563
0.00029835
0.00031981
0.00033993
0.00035864
0.00037585
0.00039152
0.00040559
0.000418
0.00042872
0.0004377
0.00044493
0.00045037
0.00045401
0.00045585
0.00045588
0.00045411
0.00045056
0.00044524
0.00043819
0.00042943
0.00041901
0.00040698
0.00039339
0.0003783
0.00036178
0.00034389
0.00032471
0.00030433
0.00028283
0.00026029
0.00023681
0.0002125
0.00018744
0.00016174
0.0001355
0.00010883
8.1837e-05
5.4629e-05
2.7314e-05
2.2122e-17
-2.7205e-05
-5.4193e-05
-8.0859e-05
-0.0001071
-0.00013281
-0.00015789
-0.00018225
-0.00020579
-0.00022842
-0.00025006
-0.00027062
-0.00029004
-0.00030822
-0.00032512
-0.00034066
-0.0003548
-0.00036747
-0.00037864
-0.00038827
-0.00039633
-0.00040279
-0.00040764
-0.00041085
-0.00041243
-0.00041238
-0.0004107
-0.0004074
-0.00040251
-0.00039605
-0.00038806
-0.00037857
-0.00036762
-0.00035527
-0.00034157
-0.00032658
-0.00031037
-0.000293
-0.00027455
-0.0002551
-0.00023472
-0.00021351
-0.00019154
-0.00016892
-0.00014572
-0.00012206
-9.8011e-05
-7.3686e-05
-4.9177e-05
-2.4582e-05
-2.4117e-17
2.4473e-05
4.8741e-05
7.2708e-05
9.628e-05
0.00011937
0.00014188
0.00016373
0.00018483
0.00020511
0.00022449
0.0002429
0.00026026
0.00027651
0.0002916
0.00030547
0.00031807
0.00032935
0.00033928
0.00034783
0.00035496
0.00036066
0.00036491
0.0003677
0.00036902
0.00036888
0.00036728
0.00036424
0.00035978
0.00035392
0.00034669
0.00033812
0.00032826
0.00031715
0.00030484
0.00029139
0.00027685
0.00026129
0.00024477
0.00022737
0.00020915
0.0001902
0.00017058
0.00015039
0.00012971
0.00010861
8.7193e-05
6.5535e-05
4.3725e-05
2.1851e-05
5.4414e-18
-2.1742e-05
-4.3289e-05
-6.4557e-05
-8.5462e-05
-0.00010592
-0.00012587
-0.00014521
-0.00016388
-0.00018181
-0.00019892
-0.00021517
-0.00023048
-0.0002448
-0.00025808
-0.00027028
-0.00028134
-0.00029123
-0.00029992
-0.00030738
-0.00031359
-0.00031853
-0.00032218
-0.00032454
-0.00032561
-0.00032538
-0.00032387
-0.00032109
-0.00031705
-0.00031179
-0.00030532
-0.00029768
-0.0002889
-0.00027903
-0.00026812
-0.0002562
-0.00024334
-0.00022958
-0.000215
-0.00019964
-0.00018358
-0.00016689
-0.00014963
-0.00013187
-0.0001137
-9.5171e-05
-7.6375e-05
-5.7384e-05
-3.8273e-05
-1.912e-05
-2.5292e-17
1.901e-05
3.7837e-05
5.6406e-05
7.4644e-05
9.2483e-05
0.00010985
0.00012669
0.00014292
0.0001585
0.00017336
0.00018744
0.0002007
0.00021309
0.00022457
0.00023508
0.00024461
0.00025311
0.00026056
0.00026694
0.00027222
0.00027639
0.00027945
0.00028138
0.00028219
0.00028188
0.00028046
0.00027793
0.00027432
0.00026965
0.00026395
0.00025723
0.00024954
0.00024091
0.00023139
0.00022101
0.00020982
0.00019787
0.00018522
0.00017191
0.00015801
0.00014358
0.00012867
0.00011335
9.7682e-05
8.1729e-05
6.5557e-05
4.9233e-05
3.2821e-05
1.6388e-05
9.6864e-18
-1.6279e-05
-3.2385e-05
-4.8254e-05
-6.3826e-05
-7.904e-05
-9.3839e-05
-0.00010816
-0.00012197
-0.00013519
-0.00014779
-0.00015971
-0.00017092
-0.00018138
-0.00019105
-0.00019989
-0.00020788
-0.00021499
-0.0002212
-0.00022649
-0.00023085
-0.00023426
-0.00023672
-0.00023823
-0.00023878
-0.00023838
-0.00023704
-0.00023477
-0.00023159
-0.00022752
-0.00022258
-0.00021679
-0.00021018
-0.00020279
-0.00019466
-0.00018582
-0.0001763
-0.00016616
-0.00015544
-0.00014419
-0.00013245
-0.00012027
-0.00010772
-9.483e-05
-8.1668e-05
-6.8287e-05
-5.4739e-05
-4.1081e-05
-2.7369e-05
-1.3657e-05
-1.0402e-17
1.3548e-05
2.6933e-05
4.0103e-05
5.3008e-05
6.5598e-05
7.7825e-05
8.9644e-05
0.00010101
0.00011188
0.00012222
0.00013199
0.00014115
0.00014967
0.00015753
0.0001647
0.00017115
0.00017687
0.00018184
0.00018605
0.00018948
0.00019213
0.00019399
0.00019507
0.00019536
0.00019488
0.00019363
0.00019162
0.00018886
0.00018539
0.0001812
0.00017634
0.00017082
0.00016468
0.00015793
0.00015062
0.00014278
0.00013445
0.00012566
0.00011646
0.00010688
9.6963e-05
8.6759e-05
7.6308e-05
6.5655e-05
5.4844e-05
4.3921e-05
3.293e-05
2.1917e-05
1.0926e-05
1.018e-17
-1.0816e-05
-2.1481e-05
-3.1952e-05
-4.219e-05
-5.2156e-05
-6.1812e-05
-7.1122e-05
-8.0053e-05
-8.8572e-05
-9.665e-05
-0.00010426
-0.00011137
-0.00011796
-0.00012401
-0.00012951
-0.00013443
-0.00013875
-0.00014248
-0.0001456
-0.00014811
-0.00014999
-0.00015126
-0.00015191
-0.00015195
-0.00015138
-0.00015021
-0.00014846
-0.00014613
-0.00014325
-0.00013983
-0.0001359
-0.00013146
-0.00012656
-0.0001212
-0.00011543
-0.00010927
-0.00010274
-9.5885e-05
-8.8729e-05
-8.1308e-05
-7.3655e-05
-6.5803e-05
-5.7787e-05
-4.9642e-05
-4.1402e-05
-3.3103e-05
-2.4779e-05
-1.6465e-05
-8.1942e-06
-1.6508e-18
8.0849e-06
1.6029e-05
2.3801e-05
3.1372e-05
3.8714e-05
4.5798e-05
5.2601e-05
5.9097e-05
6.5264e-05
7.1081e-05
7.6529e-05
8.1591e-05
8.6252e-05
9.0497e-05
9.4315e-05
9.7697e-05
0.00010064
0.00010312
0.00010516
0.00010674
0.00010786
0.00010853
0.00010876
0.00010854
0.00010788
0.0001068
0.0001053
0.00010341
0.00010112
9.8463e-05
9.5451e-05
9.2102e-05
8.8437e-05
8.4475e-05
8.0238e-05
7.5749e-05
7.1031e-05
6.6107e-05
6.1001e-05
5.574e-05
5.0346e-05
4.4846e-05
3.9265e-05
3.3628e-05
2.796e-05
2.2285e-05
1.6628e-05
1.1013e-05
5.4628e-06
6.9213e-18
-5.3535e-06
-1.0577e-05
-1.565e-05
-2.0554e-05
-2.5271e-05
-2.9785e-05
-3.4079e-05
-3.814e-05
-4.1955e-05
-4.5512e-05
-4.8801e-05
-5.1813e-05
-5.4541e-05
-5.6979e-05
-5.9123e-05
-6.0969e-05
-6.2516e-05
-6.3763e-05
-6.4712e-05
-6.5366e-05
-6.5728e-05
-6.5803e-05
-6.5599e-05
-6.5121e-05
-6.438e-05
-6.3385e-05
-6.2146e-05
-6.0676e-05
-5.8987e-05
-5.7092e-05
-5.5006e-05
-5.2742e-05
-5.0318e-05
-4.7747e-05
-4.5046e-05
-4.2232e-05
-3.9321e-05
-3.6329e-05
-3.3274e-05
-3.0171e-05
-2.7038e-05
-2.389e-05
-2.0744e-05
-1.7615e-05
-1.4518e-05
-1.1467e-05
-8.4771e-06
-5.561e-06
-2.7314e-06
-1.4621e-18
2.6221e-06
5.1249e-06
7.499e-06
9.7362e-06
1.1829e-05
1.3772e-05
1.5558e-05
1.7184e-05
1.8647e-05
1.9944e-05
2.1073e-05
2.2036e-05
2.2831e-05
2.3462e-05
2.3931e-05
2.4241e-05
2.4396e-05
2.4403e-05
2.4267e-05
2.3995e-05
2.3595e-05
2.3074e-05
2.2442e-05
2.1707e-05
2.088e-05
1.9971e-05
1.8989e-05
1.7946e-05
1.6853e-05
1.5721e-05
1.456e-05
1.3382e-05
1.2198e-05
1.1018e-05
9.8538e-06
8.7145e-06
7.6104e-06
6.5511e-06
5.5456e-06
4.6024e-06
3.7294e-06
2.9339e-06
2.2226e-06
1.6013e-06
1.0754e-06
6.4908e-07
3.2604e-07
1.0904e-07
0
0
-0
-0
-0
-0
-0
-0
-0
-0
-0
-0
-0
-0
-0
-0
-0
-0
-0
-0
-0
-0
-0
-0
-0
-0
-0
-0
-0
-0
-0
-0
-0
-0
-0
-0
-0
-0
-0
-0
-0
-0
-0
-0
-0
-0
-0
-0
-0
-0
-0
-0
0
0
0
0
0
0
0
0
0
0
0
0
0
0
0
0
0
0
0
0
0
0
0
0
0
0
0
0
0
0
0
0
0
0
0
0
0
0
0
0
0
0
0
0
0
0
0
0
0
0
-0
-0
-0
-0
-0
-0
-0
-0
-0
-0
-0
-0
-0
-0
-0
-0
-0
-0
-0
-0
-0
-0
-0
-0
-0
-0
-0
-0
-0
-0
-0
-0
-0
-0
-0
-0
-0
-0
-0
-0
-0
-0
-0
-0
-0
-0
-0
-0
-0
-0
0
0
0
0
0
0
0
0
0
0
0
0
0
0
0
0
0
0
0
0
0
0
0
0
0
0
0
0
0
0
0
0
0
0
0
0
0
0
0
0
0
0
0
0
0
0
0
0
0
0
-0
-0
-0
-0
-0
-0
-0
-0
-0
-0
-0
-0
-0
-0
-0
-0
-0
-0
-0
-0
-0
-0
-0
-0
-0
-0
-0
-0
-0
-0
-0
-0
-0
-0
-0
-0
-0
-0
-0
-0
-0
-0
-0
-0
-0
-0
-0
-0
-0
-0
0
0
0
0
0
0
0
0
0
0
0
0
0
0
0
0
0
0
0
0
0
0
0
0
0
0
0
0
0
0
0
0
0
0
0
0
0
0
0
0
0
0
0
0
0
0
0
0
0
0
-0
-0
-0
-0
-0
-0
-0
-0
-0
-0
-0
-0
-0
-0
-0
-0
-0
-0
-0
-0
-0
-0
-0
-0
-0
-0
-0
-0
-0
-0
-0
-0
-0
-0
-0
-0
-0
-0
-0
-0
-0
-0
-0
-0
-0
-0
-0
-0
-0
-0
0
0
0
0
0
0
0
0
0
0
0
0
0
0
0
0
0
0
0
0
0
0
0
0
0
0
0
0
0
0
0
0
0
0
0
0
0
0
0
0
0
0
0
0
0
0
0
0
0
0
-0
-0
-0
-0
-0
-0
-0
-0
-0
-0
-0
-0
-0
-0
-0
-0
-0
-0
-0
-0
-0
-0
-0
-0
-0
-0
-0
-0
-0
-0
-0
-0
-0
-0
-0
-0
-0
-0
-0
-0
-0
-0
-0
-0
-0
-0
-0
-0
-0
-0
0
0
0
0
0
0
0
0
0
0
0
0
0
0
0
0
0
0
0
0
0
0
0
0
0
0
0
0
0
0
0
0
0
0
0
0
0
0
0
0
0
0
0
0
0
0
0
0
0
0
-0
-0
-0
-0
-0
-0
-0
-0
-0
-0
-0
-0
-0
-0
-0
-0
-0
-0
-0
-0
-0
-0
-0
-0
-0
-0
-0
-0
-0
-0
-0
-0
-0
-0
-0
-0
-0
-0
-0
-0
-0
-0
-0
-0
-0
-0
-0
-0
-0
-0
0
0
0
0
0
0
0
0
0
0
0
0
0
0
0
0
0
0
0
0
0
0
0
0
0
0
0
0
0
0
0
0
0
0
0
0
0
0
0
0
0
0
0
0
0
0
0
0
0
0
-0
-0
-0
-0
-0
-0
-0
-0
-0
-0
-0
-0
-0
-0
-0
-0
-0
-0
-0
-0
-0
-0
-0
-0
-0
-0
-0
-0
-0
-0
-0
-0
-0
-0
-0
-0
-0
-0
-0
-0
-0
-0
-0
-0
-0
-0
-0
-0
-0
-0
0
0
0
0
0
0
0
0
0
0
0
0
0
0
0
0
0
0
0
0
0
0
0
0
0
0
0
0
0
0
0
0
0
0
0
0
0
0
0
0
0
0
0
0
0
0
0
0
0
0
-0
-0
-0
-0
-0
-0
-0
-0
-0
-0
-0
-0
-0
-0
-0
-0
-0
-0
-0
-0
-0
-0
-0
-0
-0
-0
-0
-0
-0
-0
-0
-0
-0
-0
-0
-0
-0
-0
-0
-0
-0
-0
-0
-0
-0
-0
-0
-0
-0
-0
0
0
0
0
0
0
0
0
0
0
0
0
0
0
0
0
0
0
0
0
0
0
0
0
0
0
0
0
0
0
0
0
0
0
0
0
0
0
0
0
0
0
0
0
0
0
0
0
0
0
-0
-0
-0
-0
-0
-0
-0
-0
-0
-0
-0
-0
-0
-0
-0
-0
-0
-0
-0
-0
-0
-0
-0
-0
-0
-0
-0
-0
-0
-0
-0
-0
-0
-0
-0
-0
-0
-0
-0
-0
-0
-0
-0
-0
-0
-0
-0
-0
-0
-0
0
0
0
0
0
0
0
0
0
0
0
0
0
0
0
0
0
0
0
0
0
0
0
0
0
0
0
0
0
0
0
0
0
0
0
0
0
0
0
0
0
0
0
0
0
0
0
0
0
0
-0
-0
-0
-0
-0
-0
-0
-0
-0
-0
-0
-0
-0
-0
-0
-0
-0
-0
-0
-0
-0
-0
-0
-0
-0
-0
-0
-0
-0
-0
-0
-0
-0
-0
-0
-0
-0
-0
-0
-0
-0
-0
-0
-0
-0
-0
-0
-0
-0
-0
0
0
0
0
0
0
0
0
0
0
0
0
0
0
0
0
0
0
0
0
0
0
0
0
0
0
0
0
0
0
0
0
0
0
0
0
0
0
0
0
0
0
0
0
0
0
0
0
0
0
-0
-0
-0
-0
-0
-0
-0
-0
-0
-0
-0
-0
-0
-0
-0
-0
-0
-0
-0
-0
-0
-0
-0
-0
-0
-0
-0
-0
-0
-0
-0
-0
-0
-0
-0
-0
-0
-0
-0
-0
-0
-0
-0
-0
-0
-0
-0
-0
-0
-0
0
0
0
0
0
0
0
0
0
0
0
0
0
0
0
0
0
0
0
0
0
0
0
0
0
0
0
0
0
0
0
0
0
0
0
0
0
0
0
0
0
0
0
0
0
0
0
0
0
-0
-0
-0
-0
-0
-0
-0
-0
-0
-0
-0
-0
-0
-0
-0
-0
-0
-0
-0
-0
-0
-0
-0
-0
-0
-0
-0
-0
-0
-0
-0
-0
-0
-0
-0
-0
-0
-0
-0
-0
-0
-0
-0
-0
-0
-0
-0
-0
-0
-0
-0
0
0
0
0
0
0
0
0
0
0
0
0
0
0
0
0
0
0
0
0
0
0
0
0
0
0
0
0
0
0
0
0
0
0
0
0
0
0
0
0
0
0
0
0
0
0
0
0
0
0
-0
-0
-0
-0
-0
-0
-0
-0
-0
-0
-0
-0
-0
-0
-0
-0
-0
-0
-0
-0
-0
-0
-0
-0
-0
-0
-0
-0
-0
-0
-0
-0
-0
-0
-0
-0
-0
-0
-0
-0
-0
-0
-0
-0
-0
-0
-0
-0
-0
0
0
0
0
0
0
0
0
0
0
0
0
0
0
0
0
0
0
0
0
0
0
0
0
0
0
0
0
0
0
0
0
0
0
0
0
0
0
0
0
0
0
0
0
0
0
0
0
0
0
0
-0
-0
-0
-0
-0
-0
-0
-0
-0
-0
-0
-0
-0
-0
-0
-0
-0
-0
-0
-0
-0
-0
-0
-0
-0
-0
-0
-0
-0
-0
-0
-0
-0
-0
-0
-0
-0
-0
-0
-0
-0
-0
-0
-0
-0
-0
-0
-0
-0
-0
0
0
0
0
0
0
0
0
0
0
0
0
0
0
0
0
0
0
0
0
0
0
0
0
0
0
0
0
0
0
0
0
0
0
0
0
0
0
0
0
0
0
0
0
0
0
0
0
0
0
-0
-0
-0
-0
-0
-0
-0
-0
-0
-0
-0
-0
-0
-0
-0
-0
-0
-0
-0
-0
-0
-0
-0
-0
-0
-0
-0
-0
-0
-0
-0
-0
-0
-0
-0
-0
-0
-0
-0
-0
-0
-0
-0
-0
-0
-0
-0
-0
-0
-0
0
0
0
0
0
0
0
0
0
0
0
0
0
0
0
0
0
0
0
0
0
0
0
0
0
0
0
0
0
0
0
0
0
0
0
0
0
0
0
0
0
0
0
0
0
0
0
0
0
-0
-0
-0
-0
-0
-0
-0
-0
-0
-0
-0
-0
-0
-0
-0
-0
-0
-0
-0
-0
-0
-0
-0
-0
-0
-0
-0
-0
-0
-0
-0
-0
-0
-0
-0
-0
-0
-0
-0
-0
-0
-0
-0
-0
-0
-0
-0
-0
-0
-0
-0
0
0
0
0
0
0
0
0
0
0
0
0
0
0
0
0
0
0
0
0
0
0
0
0
0
0
0
0
0
0
0
0
0
0
0
0
0
0
0
0
0
0
0
0
0
0
0
0
0
-0
-0
-0
-0
-0
-0
-0
-0
-0
-0
-0
-0
-0
-0
-0
-0
-0
-0
-0
-0
-0
-0
-0
-0
-0
-0
-0
-0
-0
-0
-0
-0
-0
-0
-0
-0
-0
-0
-0
-0
-0
-0
-0
-0
-0
-0
-0
-0
-0
-0
-0
0
0
0
0
0
0
0
0
0
0
0
0
0
0
0
0
0
0
0
0
0
0
0
0
0
0
0
0
0
0
0
0
0
0
0
0
0
0
0
0
0
0
0
0
0
0
0
0
0
0
-0
-0
-0
-0
-0
-0
-0
-0
-0
-0
-0
-0
-0
-0
-0
-0
-0
-0
-0
-0
-0
-0
-0
-0
-0
-0
-0
-0
-0
-0
-0
-0
-0
-0
-0
-0
-0
-0
-0
-0
-0
-0
-0
-0
-0
-0
-0
-0
-0
-0
0
0
0
0
0
0
0
0
0
0
0
0
0
0
0
0
0
0
0
0
0
0
0
0
0
0
0
0
0
0
0
0
0
0
0
0
0
0
0
0
0
0
0
0
0
0
0
0
0
0
-0
-0
-0
-0
-0
-0
-0
-0
-0
-0
-0
-0
-0
-0
-0
-0
-0
-0
-0
-0
-0
-0
-0
-0
-0
-0
-0
-0
-0
-0
-0
-0
-0
-0
-0
-0
-0
-0
-0
-0
-0
-0
-0
-0
-0
-0
-0
-0
-0
-0
0
0
0
0
0
0
0
0
0
0
0
0
0
0
0
0
0
0
0
0
0
0
0
0
0
0
0
0
0
0
0
0
0
0
0
0
0
0
0
0
0
0
0
0
0
0
0
0
0
0
-0
-0
-0
-0
-0
-0
-0
-0
-0
-0
-0
-0
-0
-0
-0
-0
-0
-0
-0
-0
-0
-0
-0
-0
-0
-0
-0
-0
-0
-0
-0
-0
-0
-0
-0
-0
-0
-0
-0
-0
-0
-0
-0
-0
-0
-0
-0
-0
-0
-0
0
0
0
0
0
0
0
0
0
0
0
0
0
0
0
0
0
0
0
0
0
0
0
0
0
0
0
0
0
0
0
0
0
0
0
0
0
0
0
0
0
0
0
0
0
0
0
0
0
-0
-0
-0
-0
-0
-0
-0
-0
-0
-0
-0
-0
-0
-0
-0
-0
-0
-0
-0
-0
-0
-0
-0
-0
-0
-0
-0
-0
-0
-0
-0
-0
-0
-0
-0
-0
-0
-0
-0
-0
-0
-0
-0
-0
-0
-0
-0
-0
-0
-0
-0
0
0
0
0
0
0
0
0
0
0
0
0
0
0
0
0
0
0
0
0
0
0
0
0
0
0
0
0
0
0
0
0
0
0
0
0
0
0
0
0
0
0
0
0
0
0
0
0
0
-0
-0
-0
-0
-0
-0
-0
-0
-0
-0
-0
-0
-0
-0
-0
-0
-0
-0
-0
-0
-0
-0
-0
-0
-0
-0
-0
-0
-0
-0
-0
-0
-0
-0
-0
-0
-0
-0
-0
-0
-0
-0
-0
-0
-0
-0
-0
-0
-0
-0
-0
0
0
0
0
0
0
0
0
0
0
0
0
0
0
0
0
0
0
0
0
0
0
0
0
0
0
0
0
0
0
0
0
0
0
0
0
0
0
0
0
0
0
0
0
0
0
0
0
0
0
-0
-0
-0
-0
-0
-0
-0
-0
-0
-0
-0
-0
-0
-0
-0
-0
-0
-0
-0
-0
-0
-0
-0
-0
-0
-0
-0
-0
-0
-0
-0
-0
-0
-0
-0
-0
-0
-0
-0
-0
-0
-0
-0
-0
-0
-0
-0
-0
-0
-0
0
0
0
0
0
0
0
0
0
0
0
0
0
0
0
0
0
0
0
0
0
0
0
0
0
0
0
0
0
0
0
0
0
0
0
0
0
0
0
0
0
0
0
0
0
0
0
0
0
0
-0
-0
-0
-0
-0
-0
-0
-0
-0
-0
-0
-0
-0
-0
-0
-0
-0
-0
-0
-0
-0
-0
-0
-0
-0
-0
-0
-0
-0
-0
-0
-0
-0
-0
-0
-0
-0
-0
-0
-0
-0
-0
-0
-0
-0
-0
-0
-0
-0
-0
0
0
0
0
0
0
0
0
0
0
0
0
0
0
0
0
0
0
0
0
0
0
0
0
0
0
0
0
0
0
0
0
0
0
0
0
0
0
0
0
0
0
0
0
0
0
0
0
0
0
-0
-0
-0
-0
-0
-0
-0
-0
-0
-0
-0
-0
-0
-0
-0
-0
-0
-0
-0
-0
-0
-0
-0
-0
-0
-0
-0
-0
-0
-0
-0
-0
-0
-0
-0
-0
-0
-0
-0
-0
-0
-0
-0
-0
-0
-0
-0
-0
-0
-0
0
0
0
0
0
0
0
0
0
0
0
0
0
0
0
0
0
0
0
0
0
0
0
0
0
0
0
0
0
0
0
0
0
0
0
0
0
0
0
0
0
0
0
0
0
0
0
0
0
-0
-0
-0
-0
-0
-0
-0
-0
-0
-0
-0
-0
-0
-0
-0
-0
-0
-0
-0
-0
-0
-0
-0
-0
-0
-0
-0
-0
-0
-0
-0
-0
-0
-0
-0
-0
-0
-0
-0
-0
-0
-0
-0
-0
-0
-0
-0
-0
-0
-0
-0
0
0
0
0
0
0
0
0
0
0
0
0
0
0
0
0
0
0
0
0
0
0
0
0
0
0
0
0
0
0
0
0
0
0
0
0
0
0
0
0
0
0
0
0
0
0
0
0
0
-0
-0
-0
-0
-0
-0
-0
-0
-0
-0
-0
-0
-0
-0
-0
-0
-0
-0
-0
-0
-0
-0
-0
-0
-0
-0
-0
-0
-0
-0
-0
-0
-0
-0
-0
-0
-0
-0
-0
-0
-0
-0
-0
-0
-0
-0
-0
-0
-0
-0
-0
0
0
0
0
0
0
0
0
0
0
0
0
0
0
0
0
0
0
0
0
0
0
0
0
0
0
0
0
0
0
0
0
0
0
0
0
0
0
0
0
0
0
0
0
0
0
0
0
0
0
-0
-0
-0
-0
-0
-0
-0
-0
-0
-0
-0
-0
-0
-0
-0
-0
-0
-0
-0
-0
-0
-0
-0
-0
-0
-0
-0
-0
-0
-0
-0
-0
-0
-0
-0
-0
-0
-0
-0
-0
-0
-0
-0
-0
-0
-0
-0
-0
-0
-0
0
0
0
0
0
0
0
0
0
0
0
0
0
0
0
0
0
0
0
0
0
0
0
0
0
0
0
0
0
0
0
0
0
0
0
0
0
0
0
0
0
0
0
0
0
0
0
0
0
0
-0
-0
-0
-0
-0
-0
-0
-0
-0
-0
-0
-0
-0
-0
-0
-0
-0
-0
-0
-0
-0
-0
-0
-0
-0
-0
-0
-0
-0
-0
-0
-0
-0
-0
-0
-0
-0
-0
-0
-0
-0
-0
-0
-0
-0
-0
-0
-0
-0
-0
0
0
0
0
0
0
0
0
0
0
0
0
0
0
0
0
0
0
0
0
0
0
0
0
0
0
0
0
0
0
0
0
0
0
0
0
0
0
0
0
0
0
0
0
0
0
0
0
0
0
-0
-0
-0
-0
-0
-0
-0
-0
-0
-0
-0
-0
-0
-0
-0
-0
-0
-0
-0
-0
-0
-0
-0
-0
-0
-0
-0
-0
-0
-0
-0
-0
-0
-0
-0
-0
-0
-0
-0
-0
-0
-0
-0
-0
-0
-0
-0
-0
-0
-0
0
0
0
0
0
0
0
0
0
0
0
0
0
0
0
0
0
0
0
0
0
0
0
0
0
0
0
0
0
0
0
0
0
0
0
0
0
0
0
0
0
0
0
0
0
0
0
0
0
-0
-0
-0
-0
-0
-0
-0
-0
-0
-0
-0
-0
-0
-0
-0
-0
-0
-0
-0
-0
-0
-0
-0
-0
-0
-0
-0
-0
-0
-0
-0
-0
-0
-0
-0
-0
-0
-0
-0
-0
-0
-0
-0
-0
-0
-0
-0
-0
-0
-0
-0
0
0
0
0
0
0
0
0
0
0
0
0
0
0
0
0
0
0
0
0
0
0
0
0
0
0
0
0
0
0
0
0
0
0
0
0
0
0
0
0
0
0
0
0
0
0
0
0
0
-0
-0
-0
-0
-0
-0
-0
-0
-0
-0
-0
-0
-0
-0
-0
-0
-0
-0
-0
-0
-0
-0
-0
-0
-0
-0
-0
-0
-0
-0
-0
-0
-0
-0
-0
-0
-0
-0
-0
-0
-0
-0
-0
-0
-0
-0
-0
-0
-0
-0
-0
0
0
0
0
0
0
0
0
0
0
0
0
0
0
0
0
0
0
0
0
0
0
0
0
0
0
0
0
0
0
0
0
0
0
0
0
0
0
0
0
0
0
0
0
0
0
0
0
0
-0
