0
0
0
0
0
0
0
0
0
0
0
0
0
0
0
0
0
0
0
0
0
0
0
0
0
0
0
0
0
0
0
0
0
0
0
0
0
0
0
0
0
0
0
0
0
0
0
0
0
0
0
-0
-0
-0
-0
-0
-0
-0
-0
-0
-0
-0
-0
-0
-0
-0
-0
-0
-0
-0
-0
-0
-0
-0
-0
-0
-0
-0
-0
-0
-0
-0
-0
-0
-0
-0
-0
-0
-0
-0
-0
-0
-0
-0
-0
-0
-0
-0
-0
-0
-0
0
0
0
0
0
0
0
0
0
0
0
0
0
0
0
0
0
0
0
0
0
0
0
0
0
0
0
0
0
0
0
0
0
0
0
0
0
0
0
0
0
0
0
0
0
0
0
0
0
0
-0
-0
-0
-0
-0
-0
-0
-0
-0
-0
-0
-0
-0
-0
-0
-0
-0
-0
-0
-0
-0
-0
-0
-0
-0
-0
-0
-0
-0
-0
-0
-0
-0
-0
-0
-0
-0
-0
-0
-0
-0
-0
-0
-0
-0
-0
-0
-0
-0
-0
0
0
0
0
0
0
0
0
0
0
0
0
0
0
0
0
0
0
0
0
0
0
0
0
0
0
0
0
0
0
0
0
0
0
0
0
0
0
0
0
0
0
0
0
0
0
0
0
0
0
-0
-0
-0
-0
-0
-0
-0
-0
-0
-0
-0
-0
-0
-0
-0
-0
-0
-0
-0
-0
-0
-0
-0
-0
-0
-0
-0
-0
-0
-0
-0
-0
-0
-0
-0
-0
-0
-0
-0
-0
-0
-0
-0
-0
-0
-0
-0
-0
-0
-0
0
0
0
0
0
0
0
0
0
0
0
0
0
0
0
0
0
0
0
0
0
0
0
0
0
0
0
0
0
0
0
0
0
0
0
0
0
0
0
0
0
0
0
0
0
0
0
0
0
-0
-0
-0
-0
-0
-0
-0
-0
-0
-0
-0
-0
-0
-0
-0
-0
-0
-0
-0
-0
-0
-0
-0
-0
-0
-0
-0
-0
-0
-0
-0
-0
-0
-0
-0
-0
-0
-0
-0
-0
-0
-0
-0
-0
-0
-0
-0
-0
-0
-0
-0
0
0
0
0
0
0
0
0
0
0
0
0
0
0
0
0
0
0
0
0
0
0
0
0
0
0
0
0
0
0
0
0
0
0
0
0
0
0
0
0
0
0
0
0
0
0
0
0
0
0
-0
-0
-0
-0
-0
-0
-0
-0
-0
-0
-0
-0
-0
-0
-0
-0
-0
-0
-0
-0
-0
-0
-0
-0
-0
-0
-0
-0
-0
-0
-0
-0
-0
-0
-0
-0
-0
-0
-0
-0
-0
-0
-0
-0
-0
-0
-0
-0
-0
-0
0
0
0
0
0
0
0
0
0
0
0
0
0
0
0
0
0
0
0
0
0
0
0
0
0
0
0
0
0
0
0
0
0
0
0
0
0
0
0
0
0
0
0
0
0
0
0
0
0
-0
-0
-0
-0
-0
-0
-0
-0
-0
-0
-0
-0
-0
-0
-0
-0
-0
-0
-0
-0
-0
-0
-0
-0
-0
-0
-0
-0
-0
-0
-0
-0
-0
-0
-0
-0
-0
-0
-0
-0
-0
-0
-0
-0
-0
-0
-0
-0
-0
-0
-0
0
0
0
0
0
0
0
0
0
0
0
0
0
0
0
0
0
0
0
0
0
0
0
0
0
0
0
0
0
0
0
0
0
0
0
0
0
0
0
0
0
0
0
0
0
0
0
0
0
-0
-0
-0
-0
-0
-0
-0
-0
-0
-0
-0
-0
-0
-0
-0
-0
-0
-0
-0
-0
-0
-0
-0
-0
-0
-0
-0
-0
-0
-0
-0
-0
-0
-0
-0
-0
-0
-0
-0
-0
-0
-0
-0
-0
-0
-0
-0
-0
-0
-0
0
0
0
0
0
0
0
0
0
0
0
0
0
0
0
0
0
0
0
0
0
0
0
0
0
0
0
0
0
0
0
0
0
0
0
0
0
0
0
0
0
0
0
0
0
0
0
0
0
0
0
-0
-0
-0
-0
-0
-0
-0
-0
-0
-0
-0
-0
-0
-0
-0
-0
-0
-0
-0
-0
-0
-0
-0
-0
-0
-0
-0
-0
-0
-0
-0
-0
-0
-0
-0
-0
-0
-0
-0
-0
-0
-0
-0
-0
-0
-0
-0
-0
-0
-0
0
0
0
0
0
0
0
0
0
0
0
0
0
0
0
0
0
0
0
0
0
0
0
0
0
0
0
0
0
0
0
0
0
0
0
0
0
0
0
0
0
0
0
0
0
0
0
0
0
0
-0
-0
-0
-0
-0
-0
-0
-0
-0
-0
-0
-0
-0
-0
-0
-0
-0
-0
-0
-0
-0
-0
-0
-0
-0
-0
-0
-0
-0
-0
-0
-0
-0
-0
-0
-0
-0
-0
-0
-0
-0
-0
-0
-0
-0
-0
-0
-0
-0
-0
0
0
0
0
0
0
0
0
0
0
0
0
0
0
0
0
0
0
0
0
0
0
0
0
0
0
0
0
0
0
0
0
0
0
0
0
0
0
0
0
0
0
0
0
0
0
0
0
0
-0
-0
-0
-0
-0
-0
-0
-0
-0
-0
-0
-0
-0
-0
-0
-0
-0
-0
-0
-0
-0
-0
-0
-0
-0
-0
-0
-0
-0
-0
-0
-0
-0
-0
-0
-0
-0
-0
-0
-0
-0
-0
-0
-0
-0
-0
-0
-0
-0
-0
-0
0
0
0
0
0
0
0
0
0
0
0
0
0
0
0
0
0
0
0
0
0
0
0
0
0
0
0
0
0
0
0
0
0
0
0
0
0
0
0
0
0
0
0
0
0
0
0
0
0
-0
-0
-0
-0
-0
-0
-0
-0
-0
-0
-0
-0
-0
-0
-0
-0
-0
-0
-0
-0
-0
-0
-0
-0
-0
-0
-0
-0
-0
-0
-0
-0
-0
-0
-0
-0
-0
-0
-0
-0
-0
-0
-0
-0
-0
-0
-0
-0
-0
-0
0
0
0
0
0
0
0
0
0
0
0
0
0
0
0
0
0
0
0
0
0
0
0
0
0
0
0
0
0
0
0
0
0
0
0
0
0
0
0
0
0
0
0
0
0
0
0
0
0
0
-0
-0
-0
-0
-0
-0
-0
-0
-0
-0
-0
-0
-0
-0
-0
-0
-0
-0
-0
-0
-0
-0
-0
-0
-0
-0
-0
-0
-0
-0
-0
-0
-0
-0
-0
-0
-0
-0
-0
-0
-0
-0
-0
-0
-0
-0
-0
-0
-0
-0
-0
0
0
0
0
0
0
0
0
0
0
0
0
0
0
0
0
0
0
0
0
0
0
0
0
0
0
0
0
0
0
0
0
0
0
0
0
0
0
0
0
0
0
0
0
0
0
0
0
0
-0
-0
-0
-0
-0
-0
-0
-0
-0
-0
-0
-0
-0
-0
-0
-0
-0
-0
-0
-0
-0
-0
-0
-0
-0
-0
-0
-0
-0
-0
-0
-0
-0
-0
-0
-0
-0
-0
-0
-0
-0
-0
-0
-0
-0
-0
-0
-0
-0
-0
0
0
0
0
0
0
0
0
0
0
0
0
0
0
0
0
0
0
0
0
0
0
0
0
0
0
0
0
0
0
0
0
0
0
0
0
0
0
0
0
0
0
0
0
0
0
0
0
0
0
-0
-0
-0
-0
-0
-0
-0
-0
-0
-0
-0
-0
-0
-0
-0
-0
-0
-0
-0
-0
-0
-0
-0
-0
-0
-0
-0
-0
-0
-0
-0
-0
-0
-0
-0
-0
-0
-0
-0
-0
-0
-0
-0
-0
-0
-0
-0
-0
-0
-0
0
0
0
0
0
0
0
0
0
0
0
0
0
0
0
0
0
0
0
0
0
0
0
0
0
0
0
0
0
0
0
0
0
0
0
0
0
0
0
0
0
0
0
0
0
0
0
0
0
0
-0
-0
-0
-0
-0
-0
-0
-0
-0
-0
-0
-0
-0
-0
-0
-0
-0
-0
-0
-0
-0
-0
-0
-0
-0
-0
-0
-0
-0
-0
-0
-0
-0
-0
-0
-0
-0
-0
-0
-0
-0
-0
-0
-0
-0
-0
-0
-0
-0
-0
-0
0
0
0
0
0
0
0
0
0
0
0
0
0
0
0
0
0
0
0
0
0
0
0
0
0
0
0
0
0
0
0
0
0
0
0
0
0
0
0
0
0
0
0
0
0
0
0
0
0
0
-0
-0
-0
-0
-0
-0
-0
-0
-0
-0
-0
-0
-0
-0
-0
-0
-0
-0
-0
-0
-0
-0
-0
-0
-0
-0
-0
-0
-0
-0
-0
-0
-0
-0
-0
-0
-0
-0
-0
-0
-0
-0
-0
-0
-0
-0
-0
-0
-0
-0
0
0
0
0
0
0
0
0
0
0
0
0
0
0
0
0
0
0
0
0
0
0
0
0
0
0
0
0
0
0
0
0
0
0
0
0
0
0
0
0
0
0
0
0
0
0
0
0
0
0
-0
-0
-0
-0
-0
-0
-0
-0
-0
-0
-0
-0
-0
-0
-0
-0
-0
-0
-0
-0
-0
-0
-0
-0
-0
-0
-0
-0
-0
-0
-0
-0
-0
-0
-0
-0
-0
-0
-0
-0
-0
-0
-0
-0
-0
-0
-0
-0
-0
-0
0
0
0
0
0
0
0
0
0
0
0
0
0
0
0
0
0
0
0
0
0
0
0
0
0
0
0
0
0
0
0
0
0
0
0
0
0
0
0
0
0
0
0
0
0
0
0
0
0
0
-0
-0
-0
-0
-0
-0
-0
-0
-0
-0
-0
-0
-0
-0
-0
-0
-0
-0
-0
-0
-0
-0
-0
-0
-0
-0
-0
-0
-0
-0
-0
-0
-0
-0
-0
-0
-0
-0
-0
-0
-0
-0
-0
-0
-0
-0
-0
-0
-0
-0
0
0
0
0
0
0
0
0
0
0
0
0
0
0
0
0
0
0
0
0
0
0
0
0
0
0
0
0
0
0
0
0
0
0
0
0
0
0
0
0
0
0
0
0
0
0
0
0
0
0
-0
-0
-0
-0
-0
-0
-0
-0
-0
-0
-0
-0
-0
-0
-0
-0
-0
-0
-0
-0
-0
-0
-0
-0
-0
-0
-0
-0
-0
-0
-0
-0
-0
-0
-0
-0
-0
-0
-0
-0
-0
-0
-0
-0
-0
-0
-0
-0
-0
0
0
0
0
0
0
0
0
0
0
0
0
0
0
0
0
0
0
0
0
0
0
0
0
0
0
0
0
0
0
0
0
0
0
0
0
0
0
0
0
0
0
0
0
0
0
0
0
0
0
0
-0
-0
-0
-0
-0
-0
-0
-0
-0
-0
-0
-0
-0
-0
-0
-0
-0
-0
-0
-0
-0
-0
-0
-0
-0
-0
-0
-0
-0
-0
-0
-0
-0
-0
-0
-0
-0
-0
-0
-0
-0
-0
-0
-0
-0
-0
-0
-0
-0
-0
1.3657e-07
5.452e-07
1.2227e-06
2.1636e-06
3.3606e-06
4.804e-06
6.4825e-06
8.3825e-06
1.0489e-05
1.2784e-05
1.525e-05
1.7867e-05
2.0612e-05
2.3462e-05
2.6394e-05
2.9383e-05
3.2401e-05
3.5424e-05
3.8423e-05
4.1371e-05
4.424e-05
4.7002e-05
4.9631e-05
5.2097e-05
5.4375e-05
5.6438e-05
5.8262e-05
5.9821e-05
6.1093e-05
6.2056e-05
6.269e-05
6.2976e-05
6.2897e-05
6.2438e-05
6.1586e-05
6.0331e-05
5.8664e-05
5.6578e-05
5.4069e-05
5.1137e-05
4.7782e-05
4.4008e-05
3.9821e-05
3.523e-05
3.0245e-05
2.4881e-05
1.9155e-05
1.3085e-05
6.6919e-06
1.7051e-18
-6.965e-06
-1.4175e-05
-2.16e-05
-2.9209e-05
-3.6966e-05
-4.4838e-05
-5.2786e-05
-6.0773e-05
-6.876e-05
-7.6706e-05
-8.457e-05
-9.2311e-05
-9.9887e-05
-0.00010726
-0.00011437
-0.0001212
-0.0001277
-0.00013382
-0.00013954
-0.0001448
-0.00014957
-0.00015383
-0.00015752
-0.00016063
-0.00016312
-0.00016497
-0.00016615
-0.00016665
-0.00016643
-0.00016548
-0.0001638
-0.00016138
-0.0001582
-0.00015426
-0.00014957
-0.00014412
-0.00013794
-0.00013102
-0.00012339
-0.00011506
-0.00010605
-9.6399e-05
-8.6125e-05
-7.5263e-05
-6.3851e-05
-5.1926e-05
-3.9533e-05
-2.6715e-05
-1.352e-05
4.2672e-19
1.3794e-05
2.7805e-05
4.1978e-05
5.6254e-05
7.0572e-05
8.4871e-05
9.9089e-05
0.00011316
0.00012703
0.00014063
0.00015389
0.00016676
0.00017916
0.00019105
0.00020236
0.00021302
0.000223
0.00023222
0.00024065
0.00024823
0.00025491
0.00026065
0.00026542
0.00026917
0.00027187
0.00027351
0.00027405
0.00027347
0.00027176
0.00026891
0.00026492
0.00025978
0.00025349
0.00024608
0.00023755
0.00022792
0.00021721
0.00020547
0.00019271
0.00017898
0.00016432
0.00014879
0.00013243
0.0001153
9.7456e-05
7.8971e-05
5.991e-05
4.0345e-05
2.0349e-05
2.8771e-18
-2.0622e-05
-4.1435e-05
-6.2356e-05
-8.3299e-05
-0.00010418
-0.0001249
-0.00014539
-0.00016555
-0.0001853
-0.00020455
-0.00022321
-0.0002412
-0.00025844
-0.00027484
-0.00029034
-0.00030484
-0.0003183
-0.00033062
-0.00034176
-0.00035165
-0.00036024
-0.00036747
-0.00037331
-0.0003777
-0.00038062
-0.00038204
-0.00038194
-0.00038029
-0.00037709
-0.00037234
-0.00036603
-0.00035818
-0.00034879
-0.0003379
-0.00032553
-0.00031171
-0.00029649
-0.00027991
-0.00026203
-0.0002429
-0.0002226
-0.00020118
-0.00017873
-0.00015533
-0.00013106
-0.00010602
-8.0288e-05
-5.3975e-05
-2.7177e-05
3.8377e-18
2.745e-05
5.5065e-05
8.2734e-05
0.00011034
0.00013778
0.00016494
0.0001917
0.00021795
0.00024357
0.00026847
0.00029253
0.00031564
0.00033771
0.00035864
0.00037832
0.00039667
0.00041359
0.00042902
0.00044288
0.00045508
0.00046557
0.0004743
0.0004812
0.00048624
0.00048938
0.00049058
0.00048983
0.00048712
0.00048243
0.00047577
0.00046714
0.00045658
0.00044409
0.00042972
0.00041351
0.0003955
0.00037577
0.00035436
0.00033135
0.00030682
0.00028087
0.00025357
0.00022504
0.00019536
0.00016467
0.00013306
0.00010067
6.7605e-05
3.4006e-05
1.0648e-18
-3.4279e-05
-6.8695e-05
-0.00010311
-0.00013739
-0.00017139
-0.00020497
-0.000238
-0.00027034
-0.00030184
-0.00033239
-0.00036185
-0.00039009
-0.00041699
-0.00044243
-0.0004663
-0.00048849
-0.00050889
-0.00052742
-0.00054399
-0.00055851
-0.00057091
-0.00058112
-0.00058909
-0.00059477
-0.00059813
-0.00059912
-0.00059772
-0.00059394
-0.00058776
-0.00057919
-0.00056826
-0.00055498
-0.00053939
-0.00052154
-0.00050149
-0.0004793
-0.00045504
-0.0004288
-0.00040067
-0.00037075
-0.00033914
-0.00030596
-0.00027134
-0.0002354
-0.00019827
-0.00016011
-0.00012104
-8.1235e-05
-4.0834e-05
1.0233e-17
4.1107e-05
8.2325e-05
0.00012349
0.00016443
0.00020499
0.00024501
0.0002843
0.00032273
0.00036012
0.00039631
0.00043117
0.00046453
0.00049626
0.00052622
0.00055428
0.00058031
0.00060419
0.00062582
0.0006451
0.00066194
0.00067624
0.00068794
0.00069699
0.00070331
0.00070687
0.00070765
0.00070562
0.00070076
0.00069309
0.00068262
0.00066937
0.00065338
0.00063469
0.00061336
0.00058947
0.00056309
0.00053432
0.00050324
0.00046999
0.00043467
0.00039741
0.00035835
0.00031764
0.00027543
0.00023188
0.00018715
0.00014142
9.4865e-05
4.7663e-05
-3.7319e-18
-4.7936e-05
-9.5955e-05
-0.00014387
-0.00019148
-0.0002386
-0.00028504
-0.00033061
-0.00037512
-0.00041839
-0.00046024
-0.00050049
-0.00053898
-0.00057554
-0.00061002
-0.00064226
-0.00067213
-0.00069949
-0.00072422
-0.00074622
-0.00076536
-0.00078157
-0.00079477
-0.00080488
-0.00081184
-0.00081562
-0.00081619
-0.00081351
-0.00080759
-0.00079843
-0.00078605
-0.00077048
-0.00075178
-0.00072999
-0.00070518
-0.00067745
-0.00064688
-0.00061359
-0.00057769
-0.00053931
-0.00049859
-0.00045568
-0.00041074
-0.00036395
-0.00031546
-0.00026548
-0.0002142
-0.0001618
-0.00010849
-5.4491e-05
-5.1141e-18
5.4764e-05
0.00010959
0.00016424
0.00021852
0.00027221
0.00032507
0.00037691
0.00042751
0.00047666
0.00052416
0.00056981
0.00061342
0.00065481
0.00069381
0.00073024
0.00076395
0.00079479
0.00082262
0.00084733
0.00086879
0.00088691
0.00090159
0.00091277
0.00092038
0.00092437
0.00092472
0.0009214
0.00091441
0.00090376
0.00088948
0.0008716
0.00085018
0.00082528
0.000797
0.00076543
0.00073068
0.00069287
0.00065213
0.00060863
0.00056251
0.00051395
0.00046313
0.00041025
0.0003555
0.00029909
0.00024124
0.00018218
0.00012212
6.132e-05
-1.1513e-17
-6.1593e-05
-0.00012322
-0.00018462
-0.00024557
-0.00030581
-0.00036511
-0.00042321
-0.0004799
-0.00053493
-0.00058808
-0.00063913
-0.00068787
-0.00073409
-0.0007776
-0.00081822
-0.00085577
-0.00089009
-0.00092102
-0.00094844
-0.00097222
-0.00099224
-0.0010084
-0.0010207
-0.0010289
-0.0010331
-0.0010333
-0.0010293
-0.0010212
-0.0010091
-0.0009929
-0.00097271
-0.00094858
-0.00092058
-0.00088882
-0.00085341
-0.00081447
-0.00077214
-0.00072658
-0.00067795
-0.00062643
-0.00057222
-0.00051552
-0.00045655
-0.00039553
-0.0003327
-0.00026829
-0.00020255
-0.00013575
-6.8148e-05
1.066e-18
6.8012e-05
0.00013548
0.00020215
0.00026775
0.00033202
0.00039473
0.00045563
0.00051448
0.00057106
0.00062515
0.00067656
0.00072509
0.00077056
0.0008128
0.00085165
0.00088699
0.00091868
0.00094661
0.00097069
0.00099083
0.001007
0.0010191
0.0010271
0.0010311
0.0010309
0.0010267
0.0010185
0.0010063
0.00099013
0.00097015
0.00094642
0.00091906
0.00088818
0.00085393
0.00081646
0.00077593
0.0007325
0.00068638
0.00063774
0.0005868
0.00053376
0.00047885
0.00042229
0.00036431
0.00030514
0.00024503
0.00018421
0.00012294
6.1456e-05
-1.8187e-17
-6.1183e-05
-0.00012185
-0.00018177
-0.0002407
-0.00029842
-0.0003547
-0.00040932
-0.00046209
-0.00051279
-0.00056123
-0.00060724
-0.00065064
-0.00069128
-0.000729
-0.00076367
-0.00079517
-0.00082338
-0.00084821
-0.00086957
-0.00088741
-0.00090165
-0.00091227
-0.00091924
-0.00092255
-0.0009222
-0.00091821
-0.00091061
-0.00089946
-0.0008848
-0.00086672
-0.00084531
-0.00082066
-0.00079288
-0.00076211
-0.00072848
-0.00069213
-0.00065323
-0.00061193
-0.00056842
-0.00052288
-0.00047549
-0.00042646
-0.00037598
-0.00032427
-0.00027153
-0.00021798
-0.00016384
-0.00010931
-5.4628e-05
6.8061e-18
5.4355e-05
0.00010822
0.00016139
0.00021366
0.00026481
0.00031466
0.00036302
0.0004097
0.00045452
0.00049731
0.00053792
0.0005762
0.00061201
0.00064521
0.00067569
0.00070335
0.00072808
0.00074981
0.00076846
0.00078398
0.00079632
0.00080545
0.00081135
0.00081402
0.00081345
0.00080967
0.00080272
0.00079263
0.00077947
0.00076329
0.00074419
0.00072226
0.00069758
0.00067029
0.0006405
0.00060834
0.00057395
0.00053749
0.0004991
0.00045896
0.00041722
0.00037407
0.00032968
0.00028424
0.00023793
0.00019094
0.00014346
9.5683e-05
4.7799e-05
2.2301e-18
-4.7526e-05
-9.4592e-05
-0.00014101
-0.00018661
-0.00023121
-0.00027463
-0.00031672
-0.0003573
-0.00039624
-0.00043339
-0.0004686
-0.00050176
-0.00053273
-0.00056142
-0.00058771
-0.00061153
-0.00063278
-0.00065141
-0.00066735
-0.00068055
-0.00069099
-0.00069863
-0.00070346
-0.00070548
-0.0007047
-0.00070114
-0.00069483
-0.00068581
-0.00067413
-0.00065987
-0.00064308
-0.00062386
-0.00060229
-0.00057847
-0.00055252
-0.00052455
-0.00049468
-0.00046304
-0.00042978
-0.00039504
-0.00035895
-0.00032168
-0.00028338
-0.0002442
-0.00020432
-0.00016389
-0.00012308
-8.2053e-05
-4.0971e-05
9.5619e-18
4.0698e-05
8.0962e-05
0.00012064
0.00015957
0.0001976
0.0002346
0.00027041
0.00030491
0.00033797
0.00036947
0.00039928
0.00042731
0.00045345
0.00047762
0.00049973
0.0005197
0.00053748
0.00055301
0.00056623
0.00057712
0.00058565
0.0005918
0.00059557
0.00059694
0.00059595
0.0005926
0.00058694
0.00057898
0.0005688
0.00055644
0.00054197
0.00052546
0.00050699
0.00048665
0.00046454
0.00044075
0.0004154
0.0003886
0.00036046
0.00033111
0.00030068
0.00026929
0.00023707
0.00020417
0.00017072
0.00013685
0.0001027
6.8423e-05
3.4142e-05
-2.1244e-18
-3.3869e-05
-6.7332e-05
-0.00010026
-0.00013252
-0.000164
-0.00019456
-0.00022411
-0.00025252
-0.0002797
-0.00030555
-0.00032996
-0.00035287
-0.00037418
-0.00039383
-0.00041175
-0.00042788
-0.00044218
-0.00045461
-0.00046512
-0.0004737
-0.00048032
-0.00048498
-0.00048767
-0.00048841
-0.0004872
-0.00048407
-0.00047904
-0.00047216
-0.00046347
-0.00045301
-0.00044085
-0.00042706
-0.00041169
-0.00039483
-0.00037656
-0.00035696
-0.00033613
-0.00031416
-0.00029114
-0.00026719
-0.00024241
-0.0002169
-0.00019077
-0.00016414
-0.00013711
-0.0001098
-8.2326e-05
-5.4793e-05
-2.7314e-05
9.3333e-18
2.7041e-05
5.3702e-05
7.9881e-05
0.00010548
0.00013039
0.00015453
0.00017781
0.00020013
0.00022143
0.00024162
0.00026064
0.00027842
0.0002949
0.00031004
0.00032377
0.00033606
0.00034689
0.00035621
0.00036401
0.00037027
0.00037499
0.00037816
0.00037978
0.00037987
0.00037845
0.00037553
0.00037115
0.00036534
0.00035813
0.00034958
0.00033974
0.00032866
0.00031639
0.00030301
0.00028858
0.00027317
0.00025685
0.00023971
0.00022182
0.00020327
0.00018414
0.00016451
0.00014447
0.0001241
0.00010351
8.2758e-05
6.1948e-05
4.1163e-05
2.0485e-05
-3.4945e-18
-2.0212e-05
-4.0072e-05
-5.9503e-05
-7.8431e-05
-9.6784e-05
-0.0001145
-0.0001315
-0.00014774
-0.00016316
-0.0001777
-0.00019132
-0.00020398
-0.00021563
-0.00022624
-0.00023579
-0.00024424
-0.00025159
-0.00025781
-0.00026289
-0.00026684
-0.00026965
-0.00027133
-0.00027189
-0.00027134
-0.0002697
-0.000267
-0.00026326
-0.00025851
-0.0002528
-0.00024616
-0.00023863
-0.00023026
-0.00022109
-0.00021119
-0.0002006
-0.00018937
-0.00017758
-0.00016527
-0.0001525
-0.00013935
-0.00012587
-0.00011212
-9.8163e-05
-8.407e-05
-6.99e-05
-5.5713e-05
-4.1571e-05
-2.7533e-05
-1.3657e-05
5.3313e-22
1.3384e-05
2.6442e-05
3.9125e-05
5.1386e-05
6.3179e-05
7.4462e-05
8.5198e-05
9.5351e-05
0.00010489
0.00011378
0.000122
0.00012953
0.00013635
0.00014245
0.00014781
0.00015242
0.00015629
0.00015941
0.00016178
0.00016342
0.00016432
0.00016451
0.000164
0.0001628
0.00016095
0.00015846
0.00015537
0.00015169
0.00014747
0.00014273
0.00013751
0.00013186
0.00012579
0.00011937
0.00011262
0.00010558
9.8301e-05
9.0822e-05
8.3184e-05
7.5428e-05
6.7595e-05
5.9725e-05
5.186e-05
4.4037e-05
3.6294e-05
2.8668e-05
2.1193e-05
1.3903e-05
6.8285e-06
-1.8804e-18
-6.5553e-06
-1.2812e-05
-1.8748e-05
-2.4341e-05
-2.9573e-05
-3.4429e-05
-3.8895e-05
-4.296e-05
-4.6617e-05
-4.9859e-05
-5.2683e-05
-5.5089e-05
-5.7078e-05
-5.8655e-05
-5.9827e-05
-6.0602e-05
-6.0991e-05
-6.1008e-05
-6.0668e-05
-5.9988e-05
-5.8987e-05
-5.7685e-05
-5.6104e-05
-5.4268e-05
-5.22e-05
-4.9926e-05
-4.7473e-05
-4.4866e-05
-4.2133e-05
-3.9302e-05
-3.6401e-05
-3.3456e-05
-3.0495e-05
-2.7546e-05
-2.4635e-05
-2.1786e-05
-1.9026e-05
-1.6378e-05
-1.3864e-05
-1.1506e-05
-9.3234e-06
-7.3347e-06
-5.5564e-06
-4.0034e-06
-2.6884e-06
-1.6227e-06
-8.1511e-07
-2.726e-07
-0
-0
0
0
0
0
0
0
0
0
0
0
0
0
0
0
0
0
0
0
0
0
0
0
0
0
0
0
0
0
0
0
0
0
0
0
0
0
0
0
0
0
0
0
0
0
0
0
0
0
0
0
-0
-0
-0
-0
-0
-0
-0
-0
-0
-0
-0
-0
-0
-0
-0
-0
-0
-0
-0
-0
-0
-0
-0
-0
-0
-0
-0
-0
-0
-0
-0
-0
-0
-0
-0
-0
-0
-0
-0
-0
-0
-0
-0
-0
-0
-0
-0
-0
-0
-0
0
0
0
0
0
0
0
0
0
0
0
0
0
0
0
0
0
0
0
0
0
0
0
0
0
0
0
0
0
0
0
0
0
0
0
0
0
0
0
0
0
0
0
0
0
0
0
0
0
0
-0
-0
-0
-0
-0
-0
-0
-0
-0
-0
-0
-0
-0
-0
-0
-0
-0
-0
-0
-0
-0
-0
-0
-0
-0
-0
-0
-0
-0
-0
-0
-0
-0
-0
-0
-0
-0
-0
-0
-0
-0
-0
-0
-0
-0
-0
-0
-0
-0
-0
0
0
0
0
0
0
0
0
0
0
0
0
0
0
0
0
0
0
0
0
0
0
0
0
0
0
0
0
0
0
0
0
0
0
0
0
0
0
0
0
0
0
0
0
0
0
0
0
0
0
-0
-0
-0
-0
-0
-0
-0
-0
-0
-0
-0
-0
-0
-0
-0
-0
-0
-0
-0
-0
-0
-0
-0
-0
-0
-0
-0
-0
-0
-0
-0
-0
-0
-0
-0
-0
-0
-0
-0
-0
-0
-0
-0
-0
-0
-0
-0
-0
-0
-0
0
0
0
0
0
0
0
0
0
0
0
0
0
0
0
0
0
0
0
0
0
0
0
0
0
0
0
0
0
0
0
0
0
0
0
0
0
0
0
0
0
0
0
0
0
0
0
0
0
0
-0
-0
-0
-0
-0
-0
-0
-0
-0
-0
-0
-0
-0
-0
-0
-0
-0
-0
-0
-0
-0
-0
-0
-0
-0
-0
-0
-0
-0
-0
-0
-0
-0
-0
-0
-0
-0
-0
-0
-0
-0
-0
-0
-0
-0
-0
-0
-0
-0
-0
0
0
0
0
0
0
0
0
0
0
0
0
0
0
0
0
0
0
0
0
0
0
0
0
0
0
0
0
0
0
0
0
0
0
0
0
0
0
0
0
0
0
0
0
0
0
0
0
0
0
-0
-0
-0
-0
-0
-0
-0
-0
-0
-0
-0
-0
-0
-0
-0
-0
-0
-0
-0
-0
-0
-0
-0
-0
-0
-0
-0
-0
-0
-0
-0
-0
-0
-0
-0
-0
-0
-0
-0
-0
-0
-0
-0
-0
-0
-0
-0
-0
-0
-0
0
0
0
0
0
0
0
0
0
0
0
0
0
0
0
0
0
0
0
0
0
0
0
0
0
0
0
0
0
0
0
0
0
0
0
0
0
0
0
0
0
0
0
0
0
0
0
0
0
-0
-0
-0
-0
-0
-0
-0
-0
-0
-0
-0
-0
-0
-0
-0
-0
-0
-0
-0
-0
-0
-0
-0
-0
-0
-0
-0
-0
-0
-0
-0
-0
-0
-0
-0
-0
-0
-0
-0
-0
-0
-0
-0
-0
-0
-0
-0
-0
-0
-0
-0
0
0
0
0
0
0
0
0
0
0
0
0
0
0
0
0
0
0
0
0
0
0
0
0
0
0
0
0
0
0
0
0
0
0
0
0
0
0
0
0
0
0
0
0
0
0
0
0
0
0
-0
-0
-0
-0
-0
-0
-0
-0
-0
-0
-0
-0
-0
-0
-0
-0
-0
-0
-0
-0
-0
-0
-0
-0
-0
-0
-0
-0
-0
-0
-0
-0
-0
-0
-0
-0
-0
-0
-0
-0
-0
-0
-0
-0
-0
-0
-0
-0
-0
-0
0
0
0
0
0
0
0
0
0
0
0
0
0
0
0
0
0
0
0
0
0
0
0
0
0
0
0
0
0
0
0
0
0
0
0
0
0
0
0
0
0
0
0
0
0
0
0
0
0
0
-0
-0
-0
-0
-0
-0
-0
-0
-0
-0
-0
-0
-0
-0
-0
-0
-0
-0
-0
-0
-0
-0
-0
-0
-0
-0
-0
-0
-0
-0
-0
-0
-0
-0
-0
-0
-0
-0
-0
-0
-0
-0
-0
-0
-0
-0
-0
-0
-0
0
0
0
0
0
0
0
0
0
0
0
0
0
0
0
0
0
0
0
0
0
0
0
0
0
0
0
0
0
0
0
0
0
0
0
0
0
0
0
0
0
0
0
0
0
0
0
0
0
0
0
-0
-0
-0
-0
-0
-0
-0
-0
-0
-0
-0
-0
-0
-0
-0
-0
-0
-0
-0
-0
-0
-0
-0
-0
-0
-0
-0
-0
-0
-0
-0
-0
-0
-0
-0
-0
-0
-0
-0
-0
-0
-0
-0
-0
-0
-0
-0
-0
-0
-0
0
0
0
0
0
0
0
0
0
0
0
0
0
0
0
0
0
0
0
0
0
0
0
0
0
0
0
0
0
0
0
0
0
0
0
0
0
0
0
0
0
0
0
0
0
0
0
0
0
-0
-0
-0
-0
-0
-0
-0
-0
-0
-0
-0
-0
-0
-0
-0
-0
-0
-0
-0
-0
-0
-0
-0
-0
-0
-0
-0
-0
-0
-0
-0
-0
-0
-0
-0
-0
-0
-0
-0
-0
-0
-0
-0
-0
-0
-0
-0
-0
-0
-0
-0
0
0
0
0
0
0
0
0
0
0
0
0
0
0
0
0
0
0
0
0
0
0
0
0
0
0
0
0
0
0
0
0
0
0
0
0
0
0
0
0
0
0
0
0
0
0
0
0
0
0
-0
-0
-0
-0
-0
-0
-0
-0
-0
-0
-0
-0
-0
-0
-0
-0
-0
-0
-0
-0
-0
-0
-0
-0
-0
-0
-0
-0
-0
-0
-0
-0
-0
-0
-0
-0
-0
-0
-0
-0
-0
-0
-0
-0
-0
-0
-0
-0
-0
-0
0
0
0
0
0
0
0
0
0
0
0
0
0
0
0
0
0
0
0
0
0
0
0
0
0
0
0
0
0
0
0
0
0
0
0
0
0
0
0
0
0
0
0
0
0
0
0
0
0
-0
-0
-0
-0
-0
-0
-0
-0
-0
-0
-0
-0
-0
-0
-0
-0
-0
-0
-0
-0
-0
-0
-0
-0
-0
-0
-0
-0
-0
-0
-0
-0
-0
-0
-0
-0
-0
-0
-0
-0
-0
-0
-0
-0
-0
-0
-0
-0
-0
-0
0
0
0
0
0
0
0
0
0
0
0
0
0
0
0
0
0
0
0
0
0
0
0
0
0
0
0
0
0
0
0
0
0
0
0
0
0
0
0
0
0
0
0
0
0
0
0
0
0
0
0
-0
-0
-0
-0
-0
-0
-0
-0
-0
-0
-0
-0
-0
-0
-0
-0
-0
-0
-0
-0
-0
-0
-0
-0
-0
-0
-0
-0
-0
-0
-0
-0
-0
-0
-0
-0
-0
-0
-0
-0
-0
-0
-0
-0
-0
-0
-0
-0
-0
-0
0
0
0
0
0
0
0
0
0
0
0
0
0
0
0
0
0
0
0
0
0
0
0
0
0
0
0
0
0
0
0
0
0
0
0
0
0
0
0
0
0
0
0
0
0
0
0
0
0
-0
-0
-0
-0
-0
-0
-0
-0
-0
-0
-0
-0
-0
-0
-0
-0
-0
-0
-0
-0
-0
-0
-0
-0
-0
-0
-0
-0
-0
-0
-0
-0
-0
-0
-0
-0
-0
-0
-0
-0
-0
-0
-0
-0
-0
-0
-0
-0
-0
-0
0
0
0
0
0
0
0
0
0
0
0
0
0
0
0
0
0
0
0
0
0
0
0
0
0
0
0
0
0
0
0
0
0
0
0
0
0
0
0
0
0
0
0
0
0
0
0
0
0
0
-0
-0
-0
-0
-0
-0
-0
-0
-0
-0
-0
-0
-0
-0
-0
-0
-0
-0
-0
-0
-0
-0
-0
-0
-0
-0
-0
-0
-0
-0
-0
-0
-0
-0
-0
-0
-0
-0
-0
-0
-0
-0
-0
-0
-0
-0
-0
-0
-0
-0
-0
0
0
0
0
0
0
0
0
0
0
0
0
0
0
0
0
0
0
0
0
0
0
0
0
0
0
0
0
0
0
0
0
0
0
0
0
0
0
0
0
0
0
0
0
0
0
0
0
0
0
-0
-0
-0
-0
-0
-0
-0
-0
-0
-0
-0
-0
-0
-0
-0
-0
-0
-0
-0
-0
-0
-0
-0
-0
-0
-0
-0
-0
-0
-0
-0
-0
-0
-0
-0
-0
-0
-0
-0
-0
-0
-0
-0
-0
-0
-0
-0
-0
-0
0
0
0
0
0
0
0
0
0
0
0
0
0
0
0
0
0
0
0
0
0
0
0
0
0
0
0
0
0
0
0
0
0
0
0
0
0
0
0
0
0
0
0
0
0
0
0
0
0
0
-0
-0
-0
-0
-0
-0
-0
-0
-0
-0
-0
-0
-0
-0
-0
-0
-0
-0
-0
-0
-0
-0
-0
-0
-0
-0
-0
-0
-0
-0
-0
-0
-0
-0
-0
-0
-0
-0
-0
-0
-0
-0
-0
-0
-0
-0
-0
-0
-0
-0
0
0
0
0
0
0
0
0
0
0
0
0
0
0
0
0
0
0
0
0
0
0
0
0
0
0
0
0
0
0
0
0
0
0
0
0
0
0
0
0
0
0
0
0
0
0
0
0
0
0
0
-0
-0
-0
-0
-0
-0
-0
-0
-0
-0
-0
-0
-0
-0
-0
-0
-0
-0
-0
-0
-0
-0
-0
-0
-0
-0
-0
-0
-0
-0
-0
-0
-0
-0
-0
-0
-0
-0
-0
-0
-0
-0
-0
-0
-0
-0
-0
-0
-0
-0
0
0
0
0
0
0
0
0
0
0
0
0
0
0
0
0
0
0
0
0
0
0
0
0
0
0
0
0
0
0
0
0
0
0
0
0
0
0
0
0
0
0
0
0
0
0
0
0
0
-0
-0
-0
-0
-0
-0
-0
-0
-0
-0
-0
-0
-0
-0
-0
-0
-0
-0
-0
-0
-0
-0
-0
-0
-0
-0
-0
-0
-0
-0
-0
-0
-0
-0
-0
-0
-0
-0
-0
-0
-0
-0
-0
-0
-0
-0
-0
-0
-0
-0
0
0
0
0
0
0
0
0
0
0
0
0
0
0
0
0
0
0
0
0
0
0
0
0
0
0
0
0
0
0
0
0
0
0
0
0
0
0
0
0
0
0
0
0
0
0
0
0
0
0
-0
-0
-0
-0
-0
-0
-0
-0
-0
-0
-0
-0
-0
-0
-0
-0
-0
-0
-0
-0
-0
-0
-0
-0
-0
-0
-0
-0
-0
-0
-0
-0
-0
-0
-0
-0
-0
-0
-0
-0
-0
-0
-0
-0
-0
-0
-0
-0
-0
-0
0
0
0
0
0
0
0
0
0
0
0
0
0
0
0
0
0
0
0
0
0
0
0
0
0
0
0
0
0
0
0
0
0
0
0
0
0
0
0
0
0
0
0
0
0
0
0
0
0
0
0
-0
-0
-0
-0
-0
-0
-0
-0
-0
-0
-0
-0
-0
-0
-0
-0
-0
-0
-0
-0
-0
-0
-0
-0
-0
-0
-0
-0
-0
-0
-0
-0
-0
-0
-0
-0
-0
-0
-0
-0
-0
-0
-0
-0
-0
-0
-0
-0
-0
-0
0
0
0
0
0
0
0
0
0
0
0
0
0
0
0
0
0
0
0
0
0
0
0
0
0
0
0
0
0
0
0
0
0
0
0
0
0
0
0
0
0
0
0
0
0
0
0
0
0
0
-0
-0
-0
-0
-0
-0
-0
-0
-0
-0
-0
-0
-0
-0
-0
-0
-0
-0
-0
-0
-0
-0
-0
-0
-0
-0
-0
-0
-0
-0
-0
-0
-0
-0
-0
-0
-0
-0
-0
-0
-0
-0
-0
-0
-0
-0
-0
-0
-0
0
0
0
0
0
0
0
0
0
0
0
0
0
0
0
0
0
0
0
0
0
0
0
0
0
0
0
0
0
0
0
0
0
0
0
0
0
0
0
0
0
0
0
0
0
0
0
0
0
0
-0
-0
-0
-0
-0
-0
-0
-0
-0
-0
-0
-0
-0
-0
-0
-0
-0
-0
-0
-0
-0
-0
-0
-0
-0
-0
-0
-0
-0
-0
-0
-0
-0
-0
-0
-0
-0
-0
-0
-0
-0
-0
-0
-0
-0
-0
-0
-0
-0
-0
-0
0
0
0
0
0
0
0
0
0
0
0
0
0
0
0
0
0
0
0
0
0
0
0
0
0
0
0
0
0
0
0
0
0
0
0
0
0
0
0
0
0
0
0
0
0
0
0
0
0
0
-0
-0
-0
-0
-0
-0
-0
-0
-0
-0
-0
-0
-0
-0
-0
-0
-0
-0
-0
-0
-0
-0
-0
-0
-0
-0
-0
-0
-0
-0
-0
-0
-0
-0
-0
-0
-0
-0
-0
-0
-0
-0
-0
-0
-0
-0
-0
-0
-0
-0
0
0
0
0
0
0
0
0
0
0
0
0
0
0
0
0
0
0
0
0
0
0
0
0
0
0
0
0
0
0
0
0
0
0
0
0
0
0
0
0
0
0
0
0
0
0
0
0
0
-0
-0
-0
-0
-0
-0
-0
-0
-0
-0
-0
-0
-0
-0
-0
-0
-0
-0
-0
-0
-0
-0
-0
-0
-0
-0
-0
-0
-0
-0
-0
-0
-0
-0
-0
-0
-0
-0
-0
-0
-0
-0
-0
-0
-0
-0
-0
-0
-0
-0
0
0
0
0
0
0
0
0
0
0
0
0
0
0
0
0
0
0
0
0
0
0
0
0
0
0
0
0
0
0
0
0
0
0
0
0
0
0
0
0
0
0
0
0
0
0
0
0
0
0
0
-0
-0
-0
-0
-0
-0
-0
-0
-0
-0
-0
-0
-0
-0
-0
-0
-0
-0
-0
-0
-0
-0
-0
-0
-0
-0
-0
-0
-0
-0
-0
-0
-0
-0
-0
-0
-0
-0
-0
-0
-0
-0
-0
-0
-0
-0
-0
-0
-0
-0
0
0
0
0
0
0
0
0
0
0
0
0
0
0
0
0
0
0
0
0
0
0
0
0
0
0
0
0
0
0
0
0
0
0
0
0
0
0
0
0
0
0
0
0
0
0
0
0
0
0
-0
-0
-0
-0
-0
-0
-0
-0
-0
-0
-0
-0
-0
-0
-0
-0
-0
-0
-0
-0
-0
-0
-0
-0
-0
-0
-0
-0
-0
-0
-0
-0
-0
-0
-0
-0
-0
-0
-0
-0
-0
-0
-0
-0
-0
-0
-0
-0
-0
0
0
0
0
0
0
0
0
0
0
0
0
0
0
0
0
0
0
0
0
0
0
0
0
0
0
0
0
0
0
0
0
0
0
0
0
0
0
0
0
0
0
0
0
0
0
0
0
0
0
-0
-0
-0
-0
-0
-0
-0
-0
-0
-0
-0
-0
-0
-0
-0
-0
-0
-0
-0
-0
-0
-0
-0
-0
-0
-0
-0
-0
-0
-0
-0
-0
-0
-0
-0
-0
-0
-0
-0
-0
-0
-0
-0
-0
-0
-0
-0
-0
-0
-0
0
1.3657e-07
5.452e-07
1.2227e-06
2.1636e-06
3.3606e-06
4.804e-06
6.4825e-06
8.3825e-06
1.0489e-05
1.2784e-05
1.525e-05
1.7867e-05
2.0612e-05
2.3462e-05
2.6394e-05
2.9383e-05
3.2401e-05
3.5424e-05
3.8423e-05
4.1371e-05
4.424e-05
4.7002e-05
4.9631e-05
5.2097e-05
5.4375e-05
5.6438e-05
5.8262e-05
5.9821e-05
6.1093e-05
6.2056e-05
6.269e-05
6.2976e-05
6.2897e-05
6.2438e-05
6.1586e-05
6.0331e-05
5.8664e-05
5.6578e-05
5.4069e-05
5.1137e-05
4.7782e-05
4.4008e-05
3.9821e-05
3.523e-05
3.0245e-05
2.4881e-05
1.9155e-05
1.3085e-05
6.6919e-06
1.1719e-18
-6.965e-06
-1.4175e-05
-2.16e-05
-2.9209e-05
-3.6966e-05
-4.4838e-05
-5.2786e-05
-6.0773e-05
-6.876e-05
-7.6706e-05
-8.457e-05
-9.2311e-05
-9.9887e-05
-0.00010726
-0.00011437
-0.0001212
-0.0001277
-0.00013382
-0.00013954
-0.0001448
-0.00014957
-0.00015383
-0.00015752
-0.00016063
-0.00016312
-0.00016497
-0.00016615
-0.00016665
-0.00016643
-0.00016548
-0.0001638
-0.00016138
-0.0001582
-0.00015426
-0.00014957
-0.00014412
-0.00013794
-0.00013102
-0.00012339
-0.00011506
-0.00010605
-9.6399e-05
-8.6125e-05
-7.5263e-05
-6.3851e-05
-5.1926e-05
-3.9533e-05
-2.6715e-05
-1.352e-05
7.675e-18
1.3794e-05
2.7805e-05
4.1978e-05
5.6254e-05
7.0572e-05
8.4871e-05
9.9089e-05
0.00011316
0.00012703
0.00014063
0.00015389
0.00016676
0.00017916
0.00019105
0.00020236
0.00021302
0.000223
0.00023222
0.00024065
0.00024823
0.00025491
0.00026065
0.00026542
0.00026917
0.00027187
0.00027351
0.00027405
0.00027347
0.00027176
0.00026891
0.00026492
0.00025978
0.00025349
0.00024608
0.00023755
0.00022792
0.00021721
0.00020547
0.00019271
0.00017898
0.00016432
0.00014879
0.00013243
0.0001153
9.7456e-05
7.8971e-05
5.991e-05
4.0345e-05
2.0349e-05
-7.9953e-18
-2.0622e-05
-4.1435e-05
-6.2356e-05
-8.3299e-05
-0.00010418
-0.0001249
-0.00014539
-0.00016555
-0.0001853
-0.00020455
-0.00022321
-0.0002412
-0.00025844
-0.00027484
-0.00029034
-0.00030484
-0.0003183
-0.00033062
-0.00034176
-0.00035165
-0.00036024
-0.00036747
-0.00037331
-0.0003777
-0.00038062
-0.00038204
-0.00038194
-0.00038029
-0.00037709
-0.00037234
-0.00036603
-0.00035818
-0.00034879
-0.0003379
-0.00032553
-0.00031171
-0.00029649
-0.00027991
-0.00026203
-0.0002429
-0.0002226
-0.00020118
-0.00017873
-0.00015533
-0.00013106
-0.00010602
-8.0288e-05
-5.3975e-05
-2.7177e-05
-1.8756e-17
2.745e-05
5.5065e-05
8.2734e-05
0.00011034
0.00013778
0.00016494
0.0001917
0.00021795
0.00024357
0.00026847
0.00029253
0.00031564
0.00033771
0.00035864
0.00037832
0.00039667
0.00041359
0.00042902
0.00044288
0.00045508
0.00046557
0.0004743
0.0004812
0.00048624
0.00048938
0.00049058
0.00048983
0.00048712
0.00048243
0.00047577
0.00046714
0.00045658
0.00044409
0.00042972
0.00041351
0.0003955
0.00037577
0.00035436
0.00033135
0.00030682
0.00028087
0.00025357
0.00022504
0.00019536
0.00016467
0.00013306
0.00010067
6.7605e-05
3.4006e-05
2.9307e-17
-3.4279e-05
-6.8695e-05
-0.00010311
-0.00013739
-0.00017139
-0.00020497
-0.000238
-0.00027034
-0.00030184
-0.00033239
-0.00036185
-0.00039009
-0.00041699
-0.00044243
-0.0004663
-0.00048849
-0.00050889
-0.00052742
-0.00054399
-0.00055851
-0.00057091
-0.00058112
-0.00058909
-0.00059477
-0.00059813
-0.00059912
-0.00059772
-0.00059394
-0.00058776
-0.00057919
-0.00056826
-0.00055498
-0.00053939
-0.00052154
-0.00050149
-0.0004793
-0.00045504
-0.0004288
-0.00040067
-0.00037075
-0.00033914
-0.00030596
-0.00027134
-0.0002354
-0.00019827
-0.00016011
-0.00012104
-8.1235e-05
-4.0834e-05
-4.2203e-17
4.1107e-05
8.2325e-05
0.00012349
0.00016443
0.00020499
0.00024501
0.0002843
0.00032273
0.00036012
0.00039631
0.00043117
0.00046453
0.00049626
0.00052622
0.00055428
0.00058031
0.00060419
0.00062582
0.0006451
0.00066194
0.00067624
0.00068794
0.00069699
0.00070331
0.00070687
0.00070765
0.00070562
0.00070076
0.00069309
0.00068262
0.00066937
0.00065338
0.00063469
0.00061336
0.00058947
0.00056309
0.00053432
0.00050324
0.00046999
0.00043467
0.00039741
0.00035835
0.00031764
0.00027543
0.00023188
0.00018715
0.00014142
9.4865e-05
4.7663e-05
1.4171e-17
-4.7936e-05
-9.5955e-05
-0.00014387
-0.00019148
-0.0002386
-0.00028504
-0.00033061
-0.00037512
-0.00041839
-0.00046024
-0.00050049
-0.00053898
-0.00057554
-0.00061002
-0.00064226
-0.00067213
-0.00069949
-0.00072422
-0.00074622
-0.00076536
-0.00078157
-0.00079477
-0.00080488
-0.00081184
-0.00081562
-0.00081619
-0.00081351
-0.00080759
-0.00079843
-0.00078605
-0.00077048
-0.00075178
-0.00072999
-0.00070518
-0.00067745
-0.00064688
-0.00061359
-0.00057769
-0.00053931
-0.00049859
-0.00045568
-0.00041074
-0.00036395
-0.00031546
-0.00026548
-0.0002142
-0.0001618
-0.00010849
-5.4491e-05
-7.5029e-17
5.4764e-05
0.00010959
0.00016424
0.00021852
0.00027221
0.00032507
0.00037691
0.00042751
0.00047666
0.00052416
0.00056981
0.00061342
0.00065481
0.00069381
0.00073024
0.00076395
0.00079479
0.00082262
0.00084733
0.00086879
0.00088691
0.00090159
0.00091277
0.00092038
0.00092437
0.00092472
0.0009214
0.00091441
0.00090376
0.00088948
0.0008716
0.00085018
0.00082528
0.000797
0.00076543
0.00073068
0.00069287
0.00065213
0.00060863
0.00056251
0.00051395
0.00046313
0.00041025
0.0003555
0.00029909
0.00024124
0.00018218
0.00012212
6.132e-05
3.9323e-17
-6.1593e-05
-0.00012322
-0.00018462
-0.00024557
-0.00030581
-0.00036511
-0.00042321
-0.0004799
-0.00053493
-0.00058808
-0.00063913
-0.00068787
-0.00073409
-0.0007776
-0.00081822
-0.00085577
-0.00089009
-0.00092102
-0.00094844
-0.00097222
-0.00099224
-0.0010084
-0.0010207
-0.0010289
-0.0010331
-0.0010333
-0.0010293
-0.0010212
-0.0010091
-0.0009929
-0.00097271
-0.00094858
-0.00092058
-0.00088882
-0.00085341
-0.00081447
-0.00077214
-0.00072658
-0.00067795
-0.00062643
-0.00057222
-0.00051552
-0.00045655
-0.00039553
-0.0003327
-0.00026829
-0.00020255
-0.00013575
-6.8148e-05
-5.5306e-17
6.8012e-05
0.00013548
0.00020215
0.00026775
0.00033202
0.00039473
0.00045563
0.00051448
0.00057106
0.00062515
0.00067656
0.00072509
0.00077056
0.0008128
0.00085165
0.00088699
0.00091868
0.00094661
0.00097069
0.00099083
0.001007
0.0010191
0.0010271
0.0010311
0.0010309
0.0010267
0.0010185
0.0010063
0.00099013
0.00097015
0.00094642
0.00091906
0.00088818
0.00085393
0.00081646
0.00077593
0.0007325
0.00068638
0.00063774
0.0005868
0.00053376
0.00047885
0.00042229
0.00036431
0.00030514
0.00024503
0.00018421
0.00012294
6.1456e-05
6.0292e-17
-6.1183e-05
-0.00012185
-0.00018177
-0.0002407
-0.00029842
-0.0003547
-0.00040932
-0.00046209
-0.00051279
-0.00056123
-0.00060724
-0.00065064
-0.00069128
-0.000729
-0.00076367
-0.00079517
-0.00082338
-0.00084821
-0.00086957
-0.00088741
-0.00090165
-0.00091227
-0.00091924
-0.00092255
-0.0009222
-0.00091821
-0.00091061
-0.00089946
-0.0008848
-0.00086672
-0.00084531
-0.00082066
-0.00079288
-0.00076211
-0.00072848
-0.00069213
-0.00065323
-0.00061193
-0.00056842
-0.00052288
-0.00047549
-0.00042646
-0.00037598
-0.00032427
-0.00027153
-0.00021798
-0.00016384
-0.00010931
-5.4628e-05
-1.3604e-17
5.4355e-05
0.00010822
0.00016139
0.00021366
0.00026481
0.00031466
0.00036302
0.0004097
0.00045452
0.00049731
0.00053792
0.0005762
0.00061201
0.00064521
0.00067569
0.00070335
0.00072808
0.00074981
0.00076846
0.00078398
0.00079632
0.00080545
0.00081135
0.00081402
0.00081345
0.00080967
0.00080272
0.00079263
0.00077947
0.00076329
0.00074419
0.00072226
0.00069758
0.00067029
0.0006405
0.00060834
0.00057395
0.00053749
0.0004991
0.00045896
0.00041722
0.00037407
0.00032968
0.00028424
0.00023793
0.00019094
0.00014346
9.5683e-05
4.7799e-05
6.3231e-17
-4.7526e-05
-9.4592e-05
-0.00014101
-0.00018661
-0.00023121
-0.00027463
-0.00031672
-0.0003573
-0.00039624
-0.00043339
-0.0004686
-0.00050176
-0.00053273
-0.00056142
-0.00058771
-0.00061153
-0.00063278
-0.00065141
-0.00066735
-0.00068055
-0.00069099
-0.00069863
-0.00070346
-0.00070548
-0.0007047
-0.00070114
-0.00069483
-0.00068581
-0.00067413
-0.00065987
-0.00064308
-0.00062386
-0.00060229
-0.00057847
-0.00055252
-0.00052455
-0.00049468
-0.00046304
-0.00042978
-0.00039504
-0.00035895
-0.00032168
-0.00028338
-0.0002442
-0.00020432
-0.00016389
-0.00012308
-8.2053e-05
-4.0971e-05
-2.4216e-17
4.0698e-05
8.0962e-05
0.00012064
0.00015957
0.0001976
0.0002346
0.00027041
0.00030491
0.00033797
0.00036947
0.00039928
0.00042731
0.00045345
0.00047762
0.00049973
0.0005197
0.00053748
0.00055301
0.00056623
0.00057712
0.00058565
0.0005918
0.00059557
0.00059694
0.00059595
0.0005926
0.00058694
0.00057898
0.0005688
0.00055644
0.00054197
0.00052546
0.00050699
0.00048665
0.00046454
0.00044075
0.0004154
0.0003886
0.00036046
0.00033111
0.00030068
0.00026929
0.00023707
0.00020417
0.00017072
0.00013685
0.0001027
6.8423e-05
3.4142e-05
2.6005e-17
-3.3869e-05
-6.7332e-05
-0.00010026
-0.00013252
-0.000164
-0.00019456
-0.00022411
-0.00025252
-0.0002797
-0.00030555
-0.00032996
-0.00035287
-0.00037418
-0.00039383
-0.00041175
-0.00042788
-0.00044218
-0.00045461
-0.00046512
-0.0004737
-0.00048032
-0.00048498
-0.00048767
-0.00048841
-0.0004872
-0.00048407
-0.00047904
-0.00047216
-0.00046347
-0.00045301
-0.00044085
-0.00042706
-0.00041169
-0.00039483
-0.00037656
-0.00035696
-0.00033613
-0.00031416
-0.00029114
-0.00026719
-0.00024241
-0.0002169
-0.00019077
-0.00016414
-0.00013711
-0.0001098
-8.2326e-05
-5.4793e-05
-2.7314e-05
-2.5449e-17
2.7041e-05
5.3702e-05
7.9881e-05
0.00010548
0.00013039
0.00015453
0.00017781
0.00020013
0.00022143
0.00024162
0.00026064
0.00027842
0.0002949
0.00031004
0.00032377
0.00033606
0.00034689
0.00035621
0.00036401
0.00037027
0.00037499
0.00037816
0.00037978
0.00037987
0.00037845
0.00037553
0.00037115
0.00036534
0.00035813
0.00034958
0.00033974
0.00032866
0.00031639
0.00030301
0.00028858
0.00027317
0.00025685
0.00023971
0.00022182
0.00020327
0.00018414
0.00016451
0.00014447
0.0001241
0.00010351
8.2758e-05
6.1948e-05
4.1163e-05
2.0485e-05
4.1271e-18
-2.0212e-05
-4.0072e-05
-5.9503e-05
-7.8431e-05
-9.6784e-05
-0.0001145
-0.0001315
-0.00014774
-0.00016316
-0.0001777
-0.00019132
-0.00020398
-0.00021563
-0.00022624
-0.00023579
-0.00024424
-0.00025159
-0.00025781
-0.00026289
-0.00026684
-0.00026965
-0.00027133
-0.00027189
-0.00027134
-0.0002697
-0.000267
-0.00026326
-0.00025851
-0.0002528
-0.00024616
-0.00023863
-0.00023026
-0.00022109
-0.00021119
-0.0002006
-0.00018937
-0.00017758
-0.00016527
-0.0001525
-0.00013935
-0.00012587
-0.00011212
-9.8163e-05
-8.407e-05
-6.99e-05
-5.5713e-05
-4.1571e-05
-2.7533e-05
-1.3657e-05
-1.7303e-17
1.3384e-05
2.6442e-05
3.9125e-05
5.1386e-05
6.3179e-05
7.4462e-05
8.5198e-05
9.5351e-05
0.00010489
0.00011378
0.000122
0.00012953
0.00013635
0.00014245
0.00014781
0.00015242
0.00015629
0.00015941
0.00016178
0.00016342
0.00016432
0.00016451
0.000164
0.0001628
0.00016095
0.00015846
0.00015537
0.00015169
0.00014747
0.00014273
0.00013751
0.00013186
0.00012579
0.00011937
0.00011262
0.00010558
9.8301e-05
9.0822e-05
8.3184e-05
7.5428e-05
6.7595e-05
5.9725e-05
5.186e-05
4.4037e-05
3.6294e-05
2.8668e-05
2.1193e-05
1.3903e-05
6.8285e-06
3.6551e-18
-6.5553e-06
-1.2812e-05
-1.8748e-05
-2.4341e-05
-2.9573e-05
-3.4429e-05
-3.8895e-05
-4.296e-05
-4.6617e-05
-4.9859e-05
-5.2683e-05
-5.5089e-05
-5.7078e-05
-5.8655e-05
-5.9827e-05
-6.0602e-05
-6.0991e-05
-6.1008e-05
-6.0668e-05
-5.9988e-05
-5.8987e-05
-5.7685e-05
-5.6104e-05
-5.4268e-05
-5.22e-05
-4.9926e-05
-4.7473e-05
-4.4866e-05
-4.2133e-05
-3.9302e-05
-3.6401e-05
-3.3456e-05
-3.0495e-05
-2.7546e-05
-2.4635e-05
-2.1786e-05
-1.9026e-05
-1.6378e-05
-1.3864e-05
-1.1506e-05
-9.3234e-06
-7.3347e-06
-5.5564e-06
-4.0034e-06
-2.6884e-06
-1.6227e-06
-8.1511e-07
-2.726e-07
-0
-0
0
0
0
0
0
0
0
0
0
0
0
0
0
0
0
0
0
0
0
0
0
0
0
0
0
0
0
0
0
0
0
0
0
0
0
0
0
0
0
0
0
0
0
0
0
0
0
0
0
0
-0
-0
-0
-0
-0
-0
-0
-0
-0
-0
-0
-0
-0
-0
-0
-0
-0
-0
-0
-0
-0
-0
-0
-0
-0
-0
-0
-0
-0
-0
-0
-0
-0
-0
-0
-0
-0
-0
-0
-0
-0
-0
-0
-0
-0
-0
-0
-0
-0
-0
0
0
0
0
0
0
0
0
0
0
0
0
0
0
0
0
0
0
0
0
0
0
0
0
0
0
0
0
0
0
0
0
0
0
0
0
0
0
0
0
0
0
0
0
0
0
0
0
0
0
-0
-0
-0
-0
-0
-0
-0
-0
-0
-0
-0
-0
-0
-0
-0
-0
-0
-0
-0
-0
-0
-0
-0
-0
-0
-0
-0
-0
-0
-0
-0
-0
-0
-0
-0
-0
-0
-0
-0
-0
-0
-0
-0
-0
-0
-0
-0
-0
-0
-0
0
0
0
0
0
0
0
0
0
0
0
0
0
0
0
0
0
0
0
0
0
0
0
0
0
0
0
0
0
0
0
0
0
0
0
0
0
0
0
0
0
0
0
0
0
0
0
0
0
0
-0
-0
-0
-0
-0
-0
-0
-0
-0
-0
-0
-0
-0
-0
-0
-0
-0
-0
-0
-0
-0
-0
-0
-0
-0
-0
-0
-0
-0
-0
-0
-0
-0
-0
-0
-0
-0
-0
-0
-0
-0
-0
-0
-0
-0
-0
-0
-0
-0
-0
0
0
0
0
0
0
0
0
0
0
0
0
0
0
0
0
0
0
0
0
0
0
0
0
0
0
0
0
0
0
0
0
0
0
0
0
0
0
0
0
0
0
0
0
0
0
0
0
0
0
-0
-0
-0
-0
-0
-0
-0
-0
-0
-0
-0
-0
-0
-0
-0
-0
-0
-0
-0
-0
-0
-0
-0
-0
-0
-0
-0
-0
-0
-0
-0
-0
-0
-0
-0
-0
-0
-0
-0
-0
-0
-0
-0
-0
-0
-0
-0
-0
-0
-0
0
0
0
0
0
0
0
0
0
0
0
0
0
0
0
0
0
0
0
0
0
0
0
0
0
0
0
0
0
0
0
0
0
0
0
0
0
0
0
0
0
0
0
0
0
0
0
0
0
0
-0
-0
-0
-0
-0
-0
-0
-0
-0
-0
-0
-0
-0
-0
-0
-0
-0
-0
-0
-0
-0
-0
-0
-0
-0
-0
-0
-0
-0
-0
-0
-0
-0
-0
-0
-0
-0
-0
-0
-0
-0
-0
-0
-0
-0
-0
-0
-0
-0
-0
0
0
0
0
0
0
0
0
0
0
0
0
0
0
0
0
0
0
0
0
0
0
0
0
0
0
0
0
0
0
0
0
0
0
0
0
0
0
0
0
0
0
0
0
0
0
0
0
0
0
-0
-0
-0
-0
-0
-0
-0
-0
-0
-0
-0
-0
-0
-0
-0
-0
-0
-0
-0
-0
-0
-0
-0
-0
-0
-0
-0
-0
-0
-0
-0
-0
-0
-0
-0
-0
-0
-0
-0
-0
-0
-0
-0
-0
-0
-0
-0
-0
-0
-0
0
0
0
0
0
0
0
0
0
0
0
0
0
0
0
0
0
0
0
0
0
0
0
0
0
0
0
0
0
0
0
0
0
0
0
0
0
0
0
0
0
0
0
0
0
0
0
0
0
0
-0
-0
-0
-0
-0
-0
-0
-0
-0
-0
-0
-0
-0
-0
-0
-0
-0
-0
-0
-0
-0
-0
-0
-0
-0
-0
-0
-0
-0
-0
-0
-0
-0
-0
-0
-0
-0
-0
-0
-0
-0
-0
-0
-0
-0
-0
-0
-0
-0
-0
0
0
0
0
0
0
0
0
0
0
0
0
0
0
0
0
0
0
0
0
0
0
0
0
0
0
0
0
0
0
0
0
0
0
0
0
0
0
0
0
0
0
0
0
0
0
0
0
0
0
-0
-0
-0
-0
-0
-0
-0
-0
-0
-0
-0
-0
-0
-0
-0
-0
-0
-0
-0
-0
-0
-0
-0
-0
-0
-0
-0
-0
-0
-0
-0
-0
-0
-0
-0
-0
-0
-0
-0
-0
-0
-0
-0
-0
-0
-0
-0
-0
-0
-0
0
0
0
0
0
0
0
0
0
0
0
0
0
0
0
0
0
0
0
0
0
0
0
0
0
0
0
0
0
0
0
0
0
0
0
0
0
0
0
0
0
0
0
0
0
0
0
0
0
0
-0
-0
-0
-0
-0
-0
-0
-0
-0
-0
-0
-0
-0
-0
-0
-0
-0
-0
-0
-0
-0
-0
-0
-0
-0
-0
-0
-0
-0
-0
-0
-0
-0
-0
-0
-0
-0
-0
-0
-0
-0
-0
-0
-0
-0
-0
-0
-0
-0
-0
0
0
0
0
0
0
0
0
0
0
0
0
0
0
0
0
0
0
0
0
0
0
0
0
0
0
0
0
0
0
0
0
0
0
0
0
0
0
0
0
0
0
0
0
0
0
0
0
0
0
-0
-0
-0
-0
-0
-0
-0
-0
-0
-0
-0
-0
-0
-0
-0
-0
-0
-0
-0
-0
-0
-0
-0
-0
-0
-0
-0
-0
-0
-0
-0
-0
-0
-0
-0
-0
-0
-0
-0
-0
-0
-0
-0
-0
-0
-0
-0
-0
-0
-0
0
0
0
0
0
0
0
0
0
0
0
0
0
0
0
0
0
0
0
0
0
0
0
0
0
0
0
0
0
0
0
0
0
0
0
0
0
0
0
0
0
0
0
0
0
0
0
0
0
0
-0
-0
-0
-0
-0
-0
-0
-0
-0
-0
-0
-0
-0
-0
-0
-0
-0
-0
-0
-0
-0
-0
-0
-0
-0
-0
-0
-0
-0
-0
-0
-0
-0
-0
-0
-0
-0
-0
-0
-0
-0
-0
-0
-0
-0
-0
-0
-0
-0
0
0
0
0
0
0
0
0
0
0
0
0
0
0
0
0
0
0
0
0
0
0
0
0
0
0
0
0
0
0
0
0
0
0
0
0
0
0
0
0
0
0
0
0
0
0
0
0
0
0
0
-0
-0
-0
-0
-0
-0
-0
-0
-0
-0
-0
-0
-0
-0
-0
-0
-0
-0
-0
-0
-0
-0
-0
-0
-0
-0
-0
-0
-0
-0
-0
-0
-0
-0
-0
-0
-0
-0
-0
-0
-0
-0
-0
-0
-0
-0
-0
-0
-0
-0
0
0
0
0
0
0
0
0
0
0
0
0
0
0
0
0
0
0
0
0
0
0
0
0
0
0
0
0
0
0
0
0
0
0
0
0
0
0
0
0
0
0
0
0
0
0
0
0
0
-0
-0
-0
-0
-0
-0
-0
-0
-0
-0
-0
-0
-0
-0
-0
-0
-0
-0
-0
-0
-0
-0
-0
-0
-0
-0
-0
-0
-0
-0
-0
-0
-0
-0
-0
-0
-0
-0
-0
-0
-0
-0
-0
-0
-0
-0
-0
-0
-0
-0
-0
0
0
0
0
0
0
0
0
0
0
0
0
0
0
0
0
0
0
0
0
0
0
0
0
0
0
0
0
0
0
0
0
0
0
0
0
0
0
0
0
0
0
0
0
0
0
0
0
0
0
-0
-0
-0
-0
-0
-0
-0
-0
-0
-0
-0
-0
-0
-0
-0
-0
-0
-0
-0
-0
-0
-0
-0
-0
-0
-0
-0
-0
-0
-0
-0
-0
-0
-0
-0
-0
-0
-0
-0
-0
-0
-0
-0
-0
-0
-0
-0
-0
-0
-0
0
0
0
0
0
0
0
0
0
0
0
0
0
0
0
0
0
0
0
0
0
0
0
0
0
0
0
0
0
0
0
0
0
0
0
0
0
0
0
0
0
0
0
0
0
0
0
0
0
0
-0
-0
-0
-0
-0
-0
-0
-0
-0
-0
-0
-0
-0
-0
-0
-0
-0
-0
-0
-0
-0
-0
-0
-0
-0
-0
-0
-0
-0
-0
-0
-0
-0
-0
-0
-0
-0
-0
-0
-0
-0
-0
-0
-0
-0
-0
-0
-0
-0
0
0
0
0
0
0
0
0
0
0
0
0
0
0
0
0
0
0
0
0
0
0
0
0
0
0
0
0
0
0
0
0
0
0
0
0
0
0
0
0
0
0
0
0
0
0
0
0
0
0
0
-0
-0
-0
-0
-0
-0
-0
-0
-0
-0
-0
-0
-0
-0
-0
-0
-0
-0
-0
-0
-0
-0
-0
-0
-0
-0
-0
-0
-0
-0
-0
-0
-0
-0
-0
-0
-0
-0
-0
-0
-0
-0
-0
-0
-0
-0
-0
-0
-0
0
0
0
0
0
0
0
0
0
0
0
0
0
0
0
0
0
0
0
0
0
0
0
0
0
0
0
0
0
0
0
0
0
0
0
0
0
0
0
0
0
0
0
0
0
0
0
0
0
0
0
-0
-0
-0
-0
-0
-0
-0
-0
-0
-0
-0
-0
-0
-0
-0
-0
-0
-0
-0
-0
-0
-0
-0
-0
-0
-0
-0
-0
-0
-0
-0
-0
-0
-0
-0
-0
-0
-0
-0
-0
-0
-0
-0
-0
-0
-0
-0
-0
-0
-0
0
0
0
0
0
0
0
0
0
0
0
0
0
0
0
0
0
0
0
0
0
0
0
0
0
0
0
0
0
0
0
0
0
0
0
0
0
0
0
0
0
0
0
0
0
0
0
0
0
0
-0
-0
-0
-0
-0
-0
-0
-0
-0
-0
-0
-0
-0
-0
-0
-0
-0
-0
-0
-0
-0
-0
-0
-0
-0
-0
-0
-0
-0
-0
-0
-0
-0
-0
-0
-0
-0
-0
-0
-0
-0
-0
-0
-0
-0
-0
-0
-0
-0
-0
0
0
0
0
0
0
0
0
0
0
0
0
0
0
0
0
0
0
0
0
0
0
0
0
0
0
0
0
0
0
0
0
0
0
0
0
0
0
0
0
0
0
0
0
0
0
0
0
0
0
-0
-0
-0
-0
-0
-0
-0
-0
-0
-0
-0
-0
-0
-0
-0
-0
-0
-0
-0
-0
-0
-0
-0
-0
-0
-0
-0
-0
-0
-0
-0
-0
-0
-0
-0
-0
-0
-0
-0
-0
-0
-0
-0
-0
-0
-0
-0
-0
-0
-0
0
0
0
0
0
0
0
0
0
0
0
0
0
0
0
0
0
0
0
0
0
0
0
0
0
0
0
0
0
0
0
0
0
0
0
0
0
0
0
0
0
0
0
0
0
0
0
0
0
0
-0
-0
-0
-0
-0
-0
-0
-0
-0
-0
-0
-0
-0
-0
-0
-0
-0
-0
-0
-0
-0
-0
-0
-0
-0
-0
-0
-0
-0
-0
-0
-0
-0
-0
-0
-0
-0
-0
-0
-0
-0
-0
-0
-0
-0
-0
-0
-0
-0
0
0
0
0
0
0
0
0
0
0
0
0
0
0
0
0
0
0
0
0
0
0
0
0
0
0
0
0
0
0
0
0
0
0
0
0
0
0
0
0
0
0
0
0
0
0
0
0
0
0
0
-0
-0
-0
-0
-0
-0
-0
-0
-0
-0
-0
-0
-0
-0
-0
-0
-0
-0
-0
-0
-0
-0
-0
-0
-0
-0
-0
-0
-0
-0
-0
-0
-0
-0
-0
-0
-0
-0
-0
-0
-0
-0
-0
-0
-0
-0
-0
-0
-0
0
0
0
0
0
0
0
0
0
0
0
0
0
0
0
0
0
0
0
0
0
0
0
0
0
0
0
0
0
0
0
0
0
0
0
0
0
0
0
0
0
0
0
0
0
0
0
0
0
0
0
-0
-0
-0
-0
-0
-0
-0
-0
-0
-0
-0
-0
-0
-0
-0
-0
-0
-0
-0
-0
-0
-0
-0
-0
-0
-0
-0
-0
-0
-0
-0
-0
-0
-0
-0
-0
-0
-0
-0
-0
-0
-0
-0
-0
-0
-0
-0
-0
-0
-0
0
0
0
0
0
0
0
0
0
0
0
0
0
0
0
0
0
0
0
0
0
0
0
0
0
0
0
0
0
0
0
0
0
0
0
0
0
0
0
0
0
0
0
0
0
0
0
0
0
0
-0
-0
-0
-0
-0
-0
-0
-0
-0
-0
-0
-0
-0
-0
-0
-0
-0
-0
-0
-0
-0
-0
-0
-0
-0
-0
-0
-0
-0
-0
-0
-0
-0
-0
-0
-0
-0
-0
-0
-0
-0
-0
-0
-0
-0
-0
-0
-0
-0
-0
0
0
0
0
0
0
0
0
0
0
0
0
0
0
0
0
0
0
0
0
0
0
0
0
0
0
0
0
0
0
0
0
0
0
0
0
0
0
0
0
0
0
0
0
0
0
0
0
0
0
-0
-0
-0
-0
-0
-0
-0
-0
-0
-0
-0
-0
-0
-0
-0
-0
-0
-0
-0
-0
-0
-0
-0
-0
-0
-0
-0
-0
-0
-0
-0
-0
-0
-0
-0
-0
-0
-0
-0
-0
-0
-0
-0
-0
-0
-0
-0
-0
-0
-0
0
0
0
0
0
0
0
0
0
0
0
0
0
0
0
0
0
0
0
0
0
0
0
0
0
0
0
0
0
0
0
0
0
0
0
0
0
0
0
0
0
0
0
0
0
0
0
0
0
0
-0
-0
-0
-0
-0
-0
-0
-0
-0
-0
-0
-0
-0
-0
-0
-0
-0
-0
-0
-0
-0
-0
-0
-0
-0
-0
-0
-0
-0
-0
-0
-0
-0
-0
-0
-0
-0
-0
-0
-0
-0
-0
-0
-0
-0
-0
-0
-0
-0
0
0
0
0
0
0
0
0
0
0
0
0
0
0
0
0
0
0
0
0
0
0
0
0
0
0
0
0
0
0
0
0
0
0
0
0
0
0
0
0
0
0
0
0
0
0
0
0
0
0
0
-0
-0
-0
-0
-0
-0
-0
-0
-0
-0
-0
-0
-0
-0
-0
-0
-0
-0
-0
-0
-0
-0
-0
-0
-0
-0
-0
-0
-0
-0
-0
-0
-0
-0
-0
-0
-0
-0
-0
-0
-0
-0
-0
-0
-0
-0
-0
-0
-0
0
0
0
0
0
0
0
0
0
0
0
0
0
0
0
0
0
0
0
0
0
0
0
0
0
0
0
0
0
0
0
0
0
0
0
0
0
0
0
0
0
0
0
0
0
0
0
0
0
0
0
-0
-0
-0
-0
-0
-0
-0
-0
-0
-0
-0
-0
-0
-0
-0
-0
-0
-0
-0
-0
-0
-0
-0
-0
-0
-0
-0
-0
-0
-0
-0
-0
-0
-0
-0
-0
-0
-0
-0
-0
-0
-0
-0
-0
-0
-0
-0
-0
-0
-0
0
0
0
0
0
0
0
0
0
0
0
0
0
0
0
0
0
0
0
0
0
0
0
0
0
0
0
0
0
0
0
0
0
0
0
0
0
0
0
0
0
0
0
0
0
0
0
0
0
0
-0
-0
-0
-0
-0
-0
-0
-0
-0
-0
-0
-0
-0
-0
-0
-0
-0
-0
-0
-0
-0
-0
-0
-0
-0
-0
-0
-0
-0
-0
-0
-0
-0
-0
-0
-0
-0
-0
-0
-0
-0
-0
-0
-0
-0
-0
-0
-0
-0
-0
0
0
0
0
0
0
0
0
0
0
0
0
0
0
0
0
0
0
0
0
0
0
0
0
0
0
0
0
0
0
0
0
0
0
0
0
0
0
0
0
0
0
0
0
0
0
0
0
0
0
-0
-0
-0
-0
-0
-0
-0
-0
-0
-0
-0
-0
-0
-0
-0
-0
-0
-0
-0
-0
-0
-0
-0
-0
-0
-0
-0
-0
-0
-0
-0
-0
-0
-0
-0
-0
-0
-0
-0
-0
-0
-0
-0
-0
-0
-0
-0
-0
-0
-0
0
0
0
0
0
0
0
0
0
0
0
0
0
0
0
0
0
0
0
0
0
0
0
0
0
0
0
0
0
0
0
0
0
0
0
0
0
0
0
0
0
0
0
0
0
0
0
0
0
0
-0
-0
-0
-0
-0
-0
-0
-0
-0
-0
-0
-0
-0
-0
-0
-0
-0
-0
-0
-0
-0
-0
-0
-0
-0
-0
-0
-0
-0
-0
-0
-0
-0
-0
-0
-0
-0
-0
-0
-0
-0
-0
-0
-0
-0
-0
-0
-0
-0
0
0
0
0
0
0
0
0
0
0
0
0
0
0
0
0
0
0
0
0
0
0
0
0
0
0
0
0
0
0
0
0
0
0
0
0
0
0
0
0
0
0
0
0
0
0
0
0
0
0
0
-0
-0
-0
-0
-0
-0
-0
-0
-0
-0
-0
-0
-0
-0
-0
-0
-0
-0
-0
-0
-0
-0
-0
-0
-0
-0
-0
-0
-0
-0
-0
-0
-0
-0
-0
-0
-0
-0
-0
-0
-0
-0
-0
-0
-0
-0
-0
-0
-0
0
0
0
0
0
0
0
0
0
0
0
0
0
0
0
0
0
0
0
0
0
0
0
0
0
0
0
0
0
0
0
0
0
0
0
0
0
0
0
0
0
0
0
0
0
0
0
0
0
0
0
-0
-0
-0
-0
-0
-0
-0
-0
-0
-0
-0
-0
-0
-0
-0
-0
-0
-0
-0
-0
-0
-0
-0
-0
-0
-0
-0
-0
-0
-0
-0
-0
-0
-0
-0
-0
-0
-0
-0
-0
-0
-0
-0
-0
-0
-0
-0
-0
-0
0
