-0
-0
-0
-0
-0
-0
-0
-0
-0
-0
-0
-0
-0
-0
-0
-0
-0
-0
-0
-0
-0
-0
-0
-0
-0
-0
-0
-0
-0
-0
-0
-0
-0
-0
-0
-0
-0
-0
-0
-0
-0
-0
-0
-0
-0
-0
-0
-0
-0
-0
-0
0
0
0
0
0
0
0
0
0
0
0
0
0
0
0
0
0
0
0
0
0
0
0
0
0
0
0
0
0
0
0
0
0
0
0
0
0
0
0
0
0
0
0
0
0
0
0
0
0
0
-0
-0
-0
-0
-0
-0
-0
-0
-0
-0
-0
-0
-0
-0
-0
-0
-0
-0
-0
-0
-0
-0
-0
-0
-0
-0
-0
-0
-0
-0
-0
-0
-0
-0
-0
-0
-0
-0
-0
-0
-0
-0
-0
-0
-0
-0
-0
-0
-0
-0
0
0
0
0
0
0
0
0
0
0
0
0
0
0
0
0
0
0
0
0
0
0
0
0
0
0
0
0
0
0
0
0
0
0
0
0
0
0
0
0
0
0
0
0
0
0
0
0
0
0
-0
-0
-0
-0
-0
-0
-0
-0
-0
-0
-0
-0
-0
-0
-0
-0
-0
-0
-0
-0
-0
-0
-0
-0
-0
-0
-0
-0
-0
-0
-0
-0
-0
-0
-0
-0
-0
-0
-0
-0
-0
-0
-0
-0
-0
-0
-0
-0
-0
-0
0
0
0
0
0
0
0
0
0
0
0
0
0
0
0
0
0
0
0
0
0
0
0
0
0
0
0
0
0
0
0
0
0
0
0
0
0
0
0
0
0
0
0
0
0
0
0
0
0
0
-0
-0
-0
-0
-0
-0
-0
-0
-0
-0
-0
-0
-0
-0
-0
-0
-0
-0
-0
-0
-0
-0
-0
-0
-0
-0
-0
-0
-0
-0
-0
-0
-0
-0
-0
-0
-0
-0
-0
-0
-0
-0
-0
-0
-0
-0
-0
-0
-0
0
0
0
0
0
0
0
0
0
0
0
0
0
0
0
0
0
0
0
0
0
0
0
0
0
0
0
0
0
0
0
0
0
0
0
0
0
0
0
0
0
0
0
0
0
0
0
0
0
0
0
-0
-0
-0
-0
-0
-0
-0
-0
-0
-0
-0
-0
-0
-0
-0
-0
-0
-0
-0
-0
-0
-0
-0
-0
-0
-0
-0
-0
-0
-0
-0
-0
-0
-0
-0
-0
-0
-0
-0
-0
-0
-0
-0
-0
-0
-0
-0
-0
-0
-0
0
0
0
0
0
0
0
0
0
0
0
0
0
0
0
0
0
0
0
0
0
0
0
0
0
0
0
0
0
0
0
0
0
0
0
0
0
0
0
0
0
0
0
0
0
0
0
0
0
0
-0
-0
-0
-0
-0
-0
-0
-0
-0
-0
-0
-0
-0
-0
-0
-0
-0
-0
-0
-0
-0
-0
-0
-0
-0
-0
-0
-0
-0
-0
-0
-0
-0
-0
-0
-0
-0
-0
-0
-0
-0
-0
-0
-0
-0
-0
-0
-0
-0
0
0
0
0
0
0
0
0
0
0
0
0
0
0
0
0
0
0
0
0
0
0
0
0
0
0
0
0
0
0
0
0
0
0
0
0
0
0
0
0
0
0
0
0
0
0
0
0
0
0
0
-0
-0
-0
-0
-0
-0
-0
-0
-0
-0
-0
-0
-0
-0
-0
-0
-0
-0
-0
-0
-0
-0
-0
-0
-0
-0
-0
-0
-0
-0
-0
-0
-0
-0
-0
-0
-0
-0
-0
-0
-0
-0
-0
-0
-0
-0
-0
-0
-0
0
0
0
0
0
0
0
0
0
0
0
0
0
0
0
0
0
0
0
0
0
0
0
0
0
0
0
0
0
0
0
0
0
0
0
0
0
0
0
0
0
0
0
0
0
0
0
0
0
0
-0
-0
-0
-0
-0
-0
-0
-0
-0
-0
-0
-0
-0
-0
-0
-0
-0
-0
-0
-0
-0
-0
-0
-0
-0
-0
-0
-0
-0
-0
-0
-0
-0
-0
-0
-0
-0
-0
-0
-0
-0
-0
-0
-0
-0
-0
-0
-0
-0
-0
-0
0
0
0
0
0
0
0
0
0
0
0
0
0
0
0
0
0
0
0
0
0
0
0
0
0
0
0
0
0
0
0
0
0
0
0
0
0
0
0
0
0
0
0
0
0
0
0
0
0
0
-0
-0
-0
-0
-0
-0
-0
-0
-0
-0
-0
-0
-0
-0
-0
-0
-0
-0
-0
-0
-0
-0
-0
-0
-0
-0
-0
-0
-0
-0
-0
-0
-0
-0
-0
-0
-0
-0
-0
-0
-0
-0
-0
-0
-0
-0
-0
-0
-0
-0
0
0
0
0
0
0
0
0
0
0
0
0
0
0
0
0
0
0
0
0
0
0
0
0
0
0
0
0
0
0
0
0
0
0
0
0
0
0
0
0
0
0
0
0
0
0
0
0
0
0
-0
-0
-0
-0
-0
-0
-0
-0
-0
-0
-0
-0
-0
-0
-0
-0
-0
-0
-0
-0
-0
-0
-0
-0
-0
-0
-0
-0
-0
-0
-0
-0
-0
-0
-0
-0
-0
-0
-0
-0
-0
-0
-0
-0
-0
-0
-0
-0
-0
0
0
0
0
0
0
0
0
0
0
0
0
0
0
0
0
0
0
0
0
0
0
0
0
0
0
0
0
0
0
0
0
0
0
0
0
0
0
0
0
0
0
0
0
0
0
0
0
0
0
0
-0
-0
-0
-0
-0
-0
-0
-0
-0
-0
-0
-0
-0
-0
-0
-0
-0
-0
-0
-0
-0
-0
-0
-0
-0
-0
-0
-0
-0
-0
-0
-0
-0
-0
-0
-0
-0
-0
-0
-0
-0
-0
-0
-0
-0
-0
-0
-0
-0
0
0
0
0
0
0
0
0
0
0
0
0
0
0
0
0
0
0
0
0
0
0
0
0
0
0
0
0
0
0
0
0
0
0
0
0
0
0
0
0
0
0
0
0
0
0
0
0
0
0
-0
-0
-0
-0
-0
-0
-0
-0
-0
-0
-0
-0
-0
-0
-0
-0
-0
-0
-0
-0
-0
-0
-0
-0
-0
-0
-0
-0
-0
-0
-0
-0
-0
-0
-0
-0
-0
-0
-0
-0
-0
-0
-0
-0
-0
-0
-0
-0
-0
-0
0
0
0
0
0
0
0
0
0
0
0
0
0
0
0
0
0
0
0
0
0
0
0
0
0
0
0
0
0
0
0
0
0
0
0
0
0
0
0
0
0
0
0
0
0
0
0
0
0
0
0
-0
-0
-0
-0
-0
-0
-0
-0
-0
-0
-0
-0
-0
-0
-0
-0
-0
-0
-0
-0
-0
-0
-0
-0
-0
-0
-0
-0
-0
-0
-0
-0
-0
-0
-0
-0
-0
-0
-0
-0
-0
-0
-0
-0
-0
-0
-0
-0
-0
0
0
0
0
0
0
0
0
0
0
0
0
0
0
0
0
0
0
0
0
0
0
0
0
0
0
0
0
0
0
0
0
0
0
0
0
0
0
0
0
0
0
0
0
0
0
0
0
0
0
-0
-0
-0
-0
-0
-0
-0
-0
-0
-0
-0
-0
-0
-0
-0
-0
-0
-0
-0
-0
-0
-0
-0
-0
-0
-0
-0
-0
-0
-0
-0
-0
-0
-0
-0
-0
-0
-0
-0
-0
-0
-0
-0
-0
-0
-0
-0
-0
-0
-0
0
0
0
0
0
0
0
0
0
0
0
0
0
0
0
0
0
0
0
0
0
0
0
0
0
0
0
0
0
0
0
0
0
0
0
0
0
0
0
0
0
0
0
0
0
0
0
0
0
0
-0
-0
-0
-0
-0
-0
-0
-0
-0
-0
-0
-0
-0
-0
-0
-0
-0
-0
-0
-0
-0
-0
-0
-0
-0
-0
-0
-0
-0
-0
-0
-0
-0
-0
-0
-0
-0
-0
-0
-0
-0
-0
-0
-0
-0
-0
-0
-0
-0
-0
0
0
0
0
0
0
0
0
0
0
0
0
0
0
0
0
0
0
0
0
0
0
0
0
0
0
0
0
0
0
0
0
0
0
0
0
0
0
0
0
0
0
0
0
0
0
0
0
0
0
0
-0
-0
-0
-0
-0
-0
-0
-0
-0
-0
-0
-0
-0
-0
-0
-0
-0
-0
-0
-0
-0
-0
-0
-0
-0
-0
-0
-0
-0
-0
-0
-0
-0
-0
-0
-0
-0
-0
-0
-0
-0
-0
-0
-0
-0
-0
-0
-0
-0
-0
0
0
0
0
0
0
0
0
0
0
0
0
0
0
0
0
0
0
0
0
0
0
0
0
0
0
0
0
0
0
0
0
0
0
0
0
0
0
0
0
0
0
0
0
0
0
0
0
0
0
-0
-0
-0
-0
-0
-0
-0
-0
-0
-0
-0
-0
-0
-0
-0
-0
-0
-0
-0
-0
-0
-0
-0
-0
-0
-0
-0
-0
-0
-0
-0
-0
-0
-0
-0
-0
-0
-0
-0
-0
-0
-0
-0
-0
-0
-0
-0
-0
-0
-0
0
0
0
0
0
0
0
0
0
0
0
0
0
0
0
0
0
0
0
0
0
0
0
0
0
0
0
0
0
0
0
0
0
0
0
0
0
0
0
0
0
0
0
0
0
0
0
0
0
0
-0
-0
-0
-0
-0
-0
-0
-0
-0
-0
-0
-0
-0
-0
-0
-0
-0
-0
-0
-0
-0
-0
-0
-0
-0
-0
-0
-0
-0
-0
-0
-0
-0
-0
-0
-0
-0
-0
-0
-0
-0
-0
-0
-0
-0
-0
-0
-0
-0
-0
0
0
0
0
0
0
0
0
0
0
0
0
0
0
0
0
0
0
0
0
0
0
0
0
0
0
0
0
0
0
0
0
0
0
0
0
0
0
0
0
0
0
0
0
0
0
0
0
0
0
-0
-0
-0
-0
-0
-0
-0
-0
-0
-0
-0
-0
-0
-0
-0
-0
-0
-0
-0
-0
-0
-0
-0
-0
-0
-0
-0
-0
-0
-0
-0
-0
-0
-0
-0
-0
-0
-0
-0
-0
-0
-0
-0
-0
-0
-0
-0
-0
-0
-0
0
0
0
0
0
0
0
0
0
0
0
0
0
0
0
0
0
0
0
0
0
0
0
0
0
0
0
0
0
0
0
0
0
0
0
0
0
0
0
0
0
0
0
0
0
0
0
0
0
-0
-0
-0
-0
-0
-0
-0
-0
-0
-0
-0
-0
-0
-0
-0
-0
-0
-0
-0
-0
-0
-0
-0
-0
-0
-0
-0
-0
-0
-0
-0
-0
-0
-0
-0
-0
-0
-0
-0
-0
-0
-0
-0
-0
-0
-0
-0
-0
-0
-0
-0
0
0
0
0
0
0
0
0
0
0
0
0
0
0
0
0
0
0
0
0
0
0
0
0
0
0
0
0
0
0
0
0
0
0
0
0
0
0
0
0
0
0
0
0
0
0
0
0
0
0
-6.8285e-09
-2.726e-08
-6.1133e-08
-1.0818e-07
-1.6803e-07
-2.402e-07
-3.2412e-07
-4.1913e-07
-5.2444e-07
-6.3922e-07
-7.6252e-07
-8.9333e-07
-1.0306e-06
-1.1731e-06
-1.3197e-06
-1.4691e-06
-1.6201e-06
-1.7712e-06
-1.9212e-06
-2.0685e-06
-2.212e-06
-2.3501e-06
-2.4815e-06
-2.6048e-06
-2.7188e-06
-2.8219e-06
-2.9131e-06
-2.9911e-06
-3.0547e-06
-3.1028e-06
-3.1345e-06
-3.1488e-06
-3.1448e-06
-3.1219e-06
-3.0793e-06
-3.0166e-06
-2.9332e-06
-2.8289e-06
-2.7035e-06
-2.5569e-06
-2.3891e-06
-2.2004e-06
-1.9911e-06
-1.7615e-06
-1.5123e-06
-1.2441e-06
-9.5775e-07
-6.5424e-07
-3.3459e-07
-8.5256e-20
3.4825e-07
7.0876e-07
1.08e-06
1.4604e-06
1.8483e-06
2.2419e-06
2.6393e-06
3.0387e-06
3.438e-06
3.8353e-06
4.2285e-06
4.6156e-06
4.9943e-06
5.3628e-06
5.7187e-06
6.0602e-06
6.385e-06
6.6912e-06
6.9768e-06
7.2399e-06
7.4787e-06
7.6913e-06
7.8762e-06
8.0316e-06
8.1563e-06
8.2487e-06
8.3077e-06
8.3323e-06
8.3213e-06
8.2742e-06
8.1902e-06
8.0688e-06
7.9098e-06
7.7129e-06
7.4784e-06
7.2062e-06
6.897e-06
6.5511e-06
6.1695e-06
5.7529e-06
5.3027e-06
4.8199e-06
4.3062e-06
3.7632e-06
3.1925e-06
2.5963e-06
1.9766e-06
1.3357e-06
6.7602e-07
-2.1336e-20
-6.8968e-07
-1.3903e-06
-2.0989e-06
-2.8127e-06
-3.5286e-06
-4.2436e-06
-4.9545e-06
-5.6582e-06
-6.3516e-06
-7.0314e-06
-7.6945e-06
-8.3378e-06
-8.9581e-06
-9.5524e-06
-1.0118e-05
-1.0651e-05
-1.115e-05
-1.1611e-05
-1.2032e-05
-1.2411e-05
-1.2745e-05
-1.3032e-05
-1.3271e-05
-1.3458e-05
-1.3594e-05
-1.3675e-05
-1.3702e-05
-1.3673e-05
-1.3588e-05
-1.3446e-05
-1.3246e-05
-1.2989e-05
-1.2675e-05
-1.2304e-05
-1.1877e-05
-1.1396e-05
-1.0861e-05
-1.0273e-05
-9.6355e-06
-8.949e-06
-8.2162e-06
-7.4395e-06
-6.6214e-06
-5.7648e-06
-4.8728e-06
-3.9486e-06
-2.9955e-06
-2.0172e-06
-1.0174e-06
-1.4385e-19
1.0311e-06
2.0718e-06
3.1178e-06
4.1649e-06
5.2089e-06
6.2452e-06
7.2696e-06
8.2777e-06
9.2651e-06
1.0227e-05
1.116e-05
1.206e-05
1.2922e-05
1.3742e-05
1.4517e-05
1.5242e-05
1.5915e-05
1.6531e-05
1.7088e-05
1.7583e-05
1.8012e-05
1.8374e-05
1.8665e-05
1.8885e-05
1.9031e-05
1.9102e-05
1.9097e-05
1.9015e-05
1.8855e-05
1.8617e-05
1.8301e-05
1.7909e-05
1.744e-05
1.6895e-05
1.6276e-05
1.5586e-05
1.4824e-05
1.3996e-05
1.3101e-05
1.2145e-05
1.113e-05
1.0059e-05
8.9366e-06
7.7665e-06
6.5531e-06
5.3008e-06
4.0144e-06
2.6987e-06
1.3589e-06
-1.9189e-19
-1.3725e-06
-2.7533e-06
-4.1367e-06
-5.5172e-06
-6.8891e-06
-8.2469e-06
-9.5848e-06
-1.0897e-05
-1.2179e-05
-1.3424e-05
-1.4626e-05
-1.5782e-05
-1.6886e-05
-1.7932e-05
-1.8916e-05
-1.9833e-05
-2.068e-05
-2.1451e-05
-2.2144e-05
-2.2754e-05
-2.3279e-05
-2.3715e-05
-2.406e-05
-2.4312e-05
-2.4469e-05
-2.4529e-05
-2.4492e-05
-2.4356e-05
-2.4121e-05
-2.3788e-05
-2.3357e-05
-2.2829e-05
-2.2205e-05
-2.1486e-05
-2.0675e-05
-1.9775e-05
-1.8788e-05
-1.7718e-05
-1.6567e-05
-1.5341e-05
-1.4043e-05
-1.2679e-05
-1.1252e-05
-9.7682e-06
-8.2334e-06
-6.6531e-06
-5.0333e-06
-3.3802e-06
-1.7003e-06
-5.3238e-20
1.7139e-06
3.4348e-06
5.1556e-06
6.8694e-06
8.5694e-06
1.0249e-05
1.19e-05
1.3517e-05
1.5092e-05
1.662e-05
1.8092e-05
1.9504e-05
2.0849e-05
2.2121e-05
2.3315e-05
2.4424e-05
2.5445e-05
2.6371e-05
2.7199e-05
2.7925e-05
2.8545e-05
2.9056e-05
2.9455e-05
2.9739e-05
2.9906e-05
2.9956e-05
2.9886e-05
2.9697e-05
2.9388e-05
2.896e-05
2.8413e-05
2.7749e-05
2.6969e-05
2.6077e-05
2.5074e-05
2.3965e-05
2.2752e-05
2.144e-05
2.0033e-05
1.8537e-05
1.6957e-05
1.5298e-05
1.3567e-05
1.177e-05
9.9137e-06
8.0053e-06
6.0522e-06
4.0617e-06
2.0417e-06
-5.1165e-19
-2.0554e-06
-4.1163e-06
-6.1744e-06
-8.2217e-06
-1.025e-05
-1.225e-05
-1.4215e-05
-1.6136e-05
-1.8006e-05
-1.9816e-05
-2.1558e-05
-2.3227e-05
-2.4813e-05
-2.6311e-05
-2.7714e-05
-2.9015e-05
-3.021e-05
-3.1291e-05
-3.2255e-05
-3.3097e-05
-3.3812e-05
-3.4397e-05
-3.4849e-05
-3.5165e-05
-3.5344e-05
-3.5383e-05
-3.5281e-05
-3.5038e-05
-3.4655e-05
-3.4131e-05
-3.3468e-05
-3.2669e-05
-3.1734e-05
-3.0668e-05
-2.9474e-05
-2.8155e-05
-2.6716e-05
-2.5162e-05
-2.3499e-05
-2.1733e-05
-1.987e-05
-1.7918e-05
-1.5882e-05
-1.3772e-05
-1.1594e-05
-9.3576e-06
-7.0711e-06
-4.7432e-06
-2.3831e-06
1.8659e-19
2.3968e-06
4.7978e-06
7.1933e-06
9.5739e-06
1.193e-05
1.4252e-05
1.653e-05
1.8756e-05
2.0919e-05
2.3012e-05
2.5024e-05
2.6949e-05
2.8777e-05
3.0501e-05
3.2113e-05
3.3606e-05
3.4974e-05
3.6211e-05
3.7311e-05
3.8268e-05
3.9079e-05
3.9738e-05
4.0244e-05
4.0592e-05
4.0781e-05
4.0809e-05
4.0675e-05
4.0379e-05
3.9921e-05
3.9302e-05
3.8524e-05
3.7589e-05
3.6499e-05
3.5259e-05
3.3873e-05
3.2344e-05
3.068e-05
2.8884e-05
2.6965e-05
2.4929e-05
2.2784e-05
2.0537e-05
1.8197e-05
1.5773e-05
1.3274e-05
1.071e-05
8.09e-06
5.4247e-06
2.7246e-06
2.5571e-19
-2.7382e-06
-5.4793e-06
-8.2122e-06
-1.0926e-05
-1.361e-05
-1.6254e-05
-1.8846e-05
-2.1375e-05
-2.3833e-05
-2.6208e-05
-2.849e-05
-3.0671e-05
-3.2741e-05
-3.469e-05
-3.6512e-05
-3.8197e-05
-3.9739e-05
-4.1131e-05
-4.2366e-05
-4.344e-05
-4.4345e-05
-4.508e-05
-4.5639e-05
-4.6019e-05
-4.6219e-05
-4.6236e-05
-4.607e-05
-4.5721e-05
-4.5188e-05
-4.4474e-05
-4.358e-05
-4.2509e-05
-4.1264e-05
-3.985e-05
-3.8272e-05
-3.6534e-05
-3.4643e-05
-3.2607e-05
-3.0431e-05
-2.8126e-05
-2.5698e-05
-2.3157e-05
-2.0512e-05
-1.7775e-05
-1.4954e-05
-1.2062e-05
-9.1088e-06
-6.1062e-06
-3.066e-06
5.7564e-19
3.0796e-06
6.1608e-06
9.2311e-06
1.2278e-05
1.5291e-05
1.8255e-05
2.1161e-05
2.3995e-05
2.6746e-05
2.9404e-05
3.1956e-05
3.4393e-05
3.6704e-05
3.888e-05
4.0911e-05
4.2788e-05
4.4504e-05
4.6051e-05
4.7422e-05
4.8611e-05
4.9612e-05
5.0421e-05
5.1033e-05
5.1446e-05
5.1656e-05
5.1663e-05
5.1465e-05
5.1062e-05
5.0455e-05
4.9645e-05
4.8635e-05
4.7429e-05
4.6029e-05
4.4441e-05
4.2671e-05
4.0724e-05
3.8607e-05
3.6329e-05
3.3897e-05
3.1322e-05
2.8611e-05
2.5776e-05
2.2828e-05
1.9777e-05
1.6635e-05
1.3414e-05
1.0128e-05
6.7877e-06
3.4074e-06
-5.33e-20
-3.4006e-06
-6.7741e-06
-1.0107e-05
-1.3387e-05
-1.6601e-05
-1.9737e-05
-2.2781e-05
-2.5724e-05
-2.8553e-05
-3.1258e-05
-3.3828e-05
-3.6254e-05
-3.8528e-05
-4.064e-05
-4.2583e-05
-4.4349e-05
-4.5934e-05
-4.733e-05
-4.8534e-05
-4.9542e-05
-5.0349e-05
-5.0955e-05
-5.1357e-05
-5.1554e-05
-5.1548e-05
-5.1337e-05
-5.0925e-05
-5.0314e-05
-4.9507e-05
-4.8507e-05
-4.7321e-05
-4.5953e-05
-4.4409e-05
-4.2697e-05
-4.0823e-05
-3.8796e-05
-3.6625e-05
-3.4319e-05
-3.1887e-05
-2.934e-05
-2.6688e-05
-2.3943e-05
-2.1114e-05
-1.8215e-05
-1.5257e-05
-1.2251e-05
-9.2107e-06
-6.1471e-06
-3.0728e-06
9.0935e-19
3.0592e-06
6.0926e-06
9.0885e-06
1.2035e-05
1.4921e-05
1.7735e-05
2.0466e-05
2.3104e-05
2.5639e-05
2.8062e-05
3.0362e-05
3.2532e-05
3.4564e-05
3.645e-05
3.8184e-05
3.9758e-05
4.1169e-05
4.241e-05
4.3479e-05
4.437e-05
4.5083e-05
4.5614e-05
4.5962e-05
4.6128e-05
4.611e-05
4.591e-05
4.5531e-05
4.4973e-05
4.424e-05
4.3336e-05
4.2265e-05
4.1033e-05
3.9644e-05
3.8106e-05
3.6424e-05
3.4607e-05
3.2661e-05
3.0597e-05
2.8421e-05
2.6144e-05
2.3775e-05
2.1323e-05
1.8799e-05
1.6214e-05
1.3577e-05
1.0899e-05
8.1918e-06
5.4656e-06
2.7314e-06
-3.403e-19
-2.7177e-06
-5.4111e-06
-8.0696e-06
-1.0683e-05
-1.3241e-05
-1.5733e-05
-1.8151e-05
-2.0485e-05
-2.2726e-05
-2.4866e-05
-2.6896e-05
-2.881e-05
-3.06e-05
-3.226e-05
-3.3785e-05
-3.5167e-05
-3.6404e-05
-3.749e-05
-3.8423e-05
-3.9199e-05
-3.9816e-05
-4.0273e-05
-4.0568e-05
-4.0701e-05
-4.0673e-05
-4.0484e-05
-4.0136e-05
-3.9632e-05
-3.8973e-05
-3.8165e-05
-3.721e-05
-3.6113e-05
-3.4879e-05
-3.3515e-05
-3.2025e-05
-3.0417e-05
-2.8698e-05
-2.6874e-05
-2.4955e-05
-2.2948e-05
-2.0861e-05
-1.8703e-05
-1.6484e-05
-1.4212e-05
-1.1896e-05
-9.5469e-06
-7.173e-06
-4.7841e-06
-2.39e-06
-1.115e-19
2.3763e-06
4.7296e-06
7.0507e-06
9.3305e-06
1.156e-05
1.3732e-05
1.5836e-05
1.7865e-05
1.9812e-05
2.1669e-05
2.343e-05
2.5088e-05
2.6637e-05
2.8071e-05
2.9386e-05
3.0576e-05
3.1639e-05
3.257e-05
3.3367e-05
3.4028e-05
3.4549e-05
3.4931e-05
3.5173e-05
3.5274e-05
3.5235e-05
3.5057e-05
3.4741e-05
3.429e-05
3.3707e-05
3.2993e-05
3.2154e-05
3.1193e-05
3.0114e-05
2.8924e-05
2.7626e-05
2.6227e-05
2.4734e-05
2.3152e-05
2.1489e-05
1.9752e-05
1.7948e-05
1.6084e-05
1.4169e-05
1.221e-05
1.0216e-05
8.1946e-06
6.1541e-06
4.1026e-06
2.0485e-06
-4.7809e-19
-2.0349e-06
-4.0481e-06
-6.0318e-06
-7.9783e-06
-9.88e-06
-1.173e-05
-1.3521e-05
-1.5246e-05
-1.6899e-05
-1.8473e-05
-1.9964e-05
-2.1366e-05
-2.2673e-05
-2.3881e-05
-2.4986e-05
-2.5985e-05
-2.6874e-05
-2.765e-05
-2.8312e-05
-2.8856e-05
-2.9283e-05
-2.959e-05
-2.9778e-05
-2.9847e-05
-2.9798e-05
-2.963e-05
-2.9347e-05
-2.8949e-05
-2.844e-05
-2.7822e-05
-2.7098e-05
-2.6273e-05
-2.5349e-05
-2.4332e-05
-2.3227e-05
-2.2038e-05
-2.077e-05
-1.943e-05
-1.8023e-05
-1.6556e-05
-1.5034e-05
-1.3464e-05
-1.1854e-05
-1.0209e-05
-8.5358e-06
-6.8424e-06
-5.1352e-06
-3.4211e-06
-1.7071e-06
1.0622e-19
1.6935e-06
3.3666e-06
5.0129e-06
6.626e-06
8.1998e-06
9.7282e-06
1.1205e-05
1.2626e-05
1.3985e-05
1.5277e-05
1.6498e-05
1.7643e-05
1.8709e-05
1.9691e-05
2.0587e-05
2.1394e-05
2.2109e-05
2.273e-05
2.3256e-05
2.3685e-05
2.4016e-05
2.4249e-05
2.4384e-05
2.442e-05
2.436e-05
2.4203e-05
2.3952e-05
2.3608e-05
2.3173e-05
2.2651e-05
2.2043e-05
2.1353e-05
2.0584e-05
1.9741e-05
1.8828e-05
1.7848e-05
1.6806e-05
1.5708e-05
1.4557e-05
1.336e-05
1.212e-05
1.0845e-05
9.5385e-06
8.2069e-06
6.8555e-06
5.4901e-06
4.1163e-06
2.7396e-06
1.3657e-06
-4.6667e-19
-1.352e-06
-2.6851e-06
-3.994e-06
-5.2738e-06
-6.5195e-06
-7.7265e-06
-8.8903e-06
-1.0007e-05
-1.1072e-05
-1.2081e-05
-1.3032e-05
-1.3921e-05
-1.4745e-05
-1.5502e-05
-1.6188e-05
-1.6803e-05
-1.7344e-05
-1.781e-05
-1.82e-05
-1.8514e-05
-1.8749e-05
-1.8908e-05
-1.8989e-05
-1.8994e-05
-1.8923e-05
-1.8777e-05
-1.8558e-05
-1.8267e-05
-1.7907e-05
-1.7479e-05
-1.6987e-05
-1.6433e-05
-1.582e-05
-1.515e-05
-1.4429e-05
-1.3658e-05
-1.2843e-05
-1.1986e-05
-1.1091e-05
-1.0164e-05
-9.2068e-06
-8.2253e-06
-7.2233e-06
-6.2052e-06
-5.1753e-06
-4.1379e-06
-3.0974e-06
-2.0581e-06
-1.0243e-06
1.7473e-19
1.0106e-06
2.0036e-06
2.9751e-06
3.9215e-06
4.8392e-06
5.7248e-06
6.5751e-06
7.3871e-06
8.158e-06
8.8851e-06
9.5661e-06
1.0199e-05
1.0781e-05
1.1312e-05
1.1789e-05
1.2212e-05
1.2579e-05
1.289e-05
1.3145e-05
1.3342e-05
1.3483e-05
1.3567e-05
1.3594e-05
1.3567e-05
1.3485e-05
1.335e-05
1.3163e-05
1.2926e-05
1.264e-05
1.2308e-05
1.1931e-05
1.1513e-05
1.1055e-05
1.0559e-05
1.003e-05
9.4686e-06
8.8788e-06
8.2633e-06
7.6252e-06
6.9675e-06
6.2933e-06
5.6058e-06
4.9082e-06
4.2035e-06
3.495e-06
2.7856e-06
2.0785e-06
1.3766e-06
6.8285e-07
-2.6656e-23
-6.6919e-07
-1.3221e-06
-1.9563e-06
-2.5693e-06
-3.1589e-06
-3.7231e-06
-4.2599e-06
-4.7676e-06
-5.2444e-06
-5.689e-06
-6.1001e-06
-6.4767e-06
-6.8177e-06
-7.1224e-06
-7.3904e-06
-7.6211e-06
-7.8145e-06
-7.9704e-06
-8.0891e-06
-8.1708e-06
-8.216e-06
-8.2254e-06
-8.1998e-06
-8.1402e-06
-8.0475e-06
-7.9231e-06
-7.7683e-06
-7.5845e-06
-7.3733e-06
-7.1365e-06
-6.8757e-06
-6.5928e-06
-6.2897e-06
-5.9683e-06
-5.6308e-06
-5.279e-06
-4.9151e-06
-4.5411e-06
-4.1592e-06
-3.7714e-06
-3.3797e-06
-2.9863e-06
-2.593e-06
-2.2018e-06
-1.8147e-06
-1.4334e-06
-1.0596e-06
-6.9513e-07
-3.4142e-07
9.4018e-20
3.2777e-07
6.4061e-07
9.3738e-07
1.217e-06
1.4786e-06
1.7214e-06
1.9447e-06
2.148e-06
2.3308e-06
2.4929e-06
2.6342e-06
2.7544e-06
2.8539e-06
2.9328e-06
2.9913e-06
3.0301e-06
3.0495e-06
3.0504e-06
3.0334e-06
2.9994e-06
2.9493e-06
2.8842e-06
2.8052e-06
2.7134e-06
2.61e-06
2.4963e-06
2.3736e-06
2.2433e-06
2.1067e-06
1.9651e-06
1.82e-06
1.6728e-06
1.5248e-06
1.3773e-06
1.2317e-06
1.0893e-06
9.513e-07
8.1889e-07
6.932e-07
5.7529e-07
4.6617e-07
3.6673e-07
2.7782e-07
2.0017e-07
1.3442e-07
8.1135e-08
4.0755e-08
1.363e-08
0
0
-0
-0
-0
-0
-0
-0
-0
-0
-0
-0
-0
-0
-0
-0
-0
-0
-0
-0
-0
-0
-0
-0
-0
-0
-0
-0
-0
-0
-0
-0
-0
-0
-0
-0
-0
-0
-0
-0
-0
-0
-0
-0
-0
-0
-0
-0
-0
-0
-0
-0
0
0
0
0
0
0
0
0
0
0
0
0
0
0
0
0
0
0
0
0
0
0
0
0
0
0
0
0
0
0
0
0
0
0
0
0
0
0
0
0
0
0
0
0
0
0
0
0
0
0
-0
-0
-0
-0
-0
-0
-0
-0
-0
-0
-0
-0
-0
-0
-0
-0
-0
-0
-0
-0
-0
-0
-0
-0
-0
-0
-0
-0
-0
-0
-0
-0
-0
-0
-0
-0
-0
-0
-0
-0
-0
-0
-0
-0
-0
-0
-0
-0
-0
-0
0
0
0
0
0
0
0
0
0
0
0
0
0
0
0
0
0
0
0
0
0
0
0
0
0
0
0
0
0
0
0
0
0
0
0
0
0
0
0
0
0
0
0
0
0
0
0
0
0
0
-0
-0
-0
-0
-0
-0
-0
-0
-0
-0
-0
-0
-0
-0
-0
-0
-0
-0
-0
-0
-0
-0
-0
-0
-0
-0
-0
-0
-0
-0
-0
-0
-0
-0
-0
-0
-0
-0
-0
-0
-0
-0
-0
-0
-0
-0
-0
-0
-0
-0
0
0
0
0
0
0
0
0
0
0
0
0
0
0
0
0
0
0
0
0
0
0
0
0
0
0
0
0
0
0
0
0
0
0
0
0
0
0
0
0
0
0
0
0
0
0
0
0
0
0
-0
-0
-0
-0
-0
-0
-0
-0
-0
-0
-0
-0
-0
-0
-0
-0
-0
-0
-0
-0
-0
-0
-0
-0
-0
-0
-0
-0
-0
-0
-0
-0
-0
-0
-0
-0
-0
-0
-0
-0
-0
-0
-0
-0
-0
-0
-0
-0
-0
-0
0
0
0
0
0
0
0
0
0
0
0
0
0
0
0
0
0
0
0
0
0
0
0
0
0
0
0
0
0
0
0
0
0
0
0
0
0
0
0
0
0
0
0
0
0
0
0
0
0
0
-0
-0
-0
-0
-0
-0
-0
-0
-0
-0
-0
-0
-0
-0
-0
-0
-0
-0
-0
-0
-0
-0
-0
-0
-0
-0
-0
-0
-0
-0
-0
-0
-0
-0
-0
-0
-0
-0
-0
-0
-0
-0
-0
-0
-0
-0
-0
-0
-0
-0
0
0
0
0
0
0
0
0
0
0
0
0
0
0
0
0
0
0
0
0
0
0
0
0
0
0
0
0
0
0
0
0
0
0
0
0
0
0
0
0
0
0
0
0
0
0
0
0
0
0
-0
-0
-0
-0
-0
-0
-0
-0
-0
-0
-0
-0
-0
-0
-0
-0
-0
-0
-0
-0
-0
-0
-0
-0
-0
-0
-0
-0
-0
-0
-0
-0
-0
-0
-0
-0
-0
-0
-0
-0
-0
-0
-0
-0
-0
-0
-0
-0
-0
0
0
0
0
0
0
0
0
0
0
0
0
0
0
0
0
0
0
0
0
0
0
0
0
0
0
0
0
0
0
0
0
0
0
0
0
0
0
0
0
0
0
0
0
0
0
0
0
0
0
0
-0
-0
-0
-0
-0
-0
-0
-0
-0
-0
-0
-0
-0
-0
-0
-0
-0
-0
-0
-0
-0
-0
-0
-0
-0
-0
-0
-0
-0
-0
-0
-0
-0
-0
-0
-0
-0
-0
-0
-0
-0
-0
-0
-0
-0
-0
-0
-0
-0
-0
0
0
0
0
0
0
0
0
0
0
0
0
0
0
0
0
0
0
0
0
0
0
0
0
0
0
0
0
0
0
0
0
0
0
0
0
0
0
0
0
0
0
0
0
0
0
0
0
0
0
-0
-0
-0
-0
-0
-0
-0
-0
-0
-0
-0
-0
-0
-0
-0
-0
-0
-0
-0
-0
-0
-0
-0
-0
-0
-0
-0
-0
-0
-0
-0
-0
-0
-0
-0
-0
-0
-0
-0
-0
-0
-0
-0
-0
-0
-0
-0
-0
-0
-0
0
0
0
0
0
0
0
0
0
0
0
0
0
0
0
0
0
0
0
0
0
0
0
0
0
0
0
0
0
0
0
0
0
0
0
0
0
0
0
0
0
0
0
0
0
0
0
0
0
-0
-0
-0
-0
-0
-0
-0
-0
-0
-0
-0
-0
-0
-0
-0
-0
-0
-0
-0
-0
-0
-0
-0
-0
-0
-0
-0
-0
-0
-0
-0
-0
-0
-0
-0
-0
-0
-0
-0
-0
-0
-0
-0
-0
-0
-0
-0
-0
-0
-0
-0
0
0
0
0
0
0
0
0
0
0
0
0
0
0
0
0
0
0
0
0
0
0
0
0
0
0
0
0
0
0
0
0
0
0
0
0
0
0
0
0
0
0
0
0
0
0
0
0
0
0
-0
-0
-0
-0
-0
-0
-0
-0
-0
-0
-0
-0
-0
-0
-0
-0
-0
-0
-0
-0
-0
-0
-0
-0
-0
-0
-0
-0
-0
-0
-0
-0
-0
-0
-0
-0
-0
-0
-0
-0
-0
-0
-0
-0
-0
-0
-0
-0
-0
0
0
0
0
0
0
0
0
0
0
0
0
0
0
0
0
0
0
0
0
0
0
0
0
0
0
0
0
0
0
0
0
0
0
0
0
0
0
0
0
0
0
0
0
0
0
0
0
0
0
0
-0
-0
-0
-0
-0
-0
-0
-0
-0
-0
-0
-0
-0
-0
-0
-0
-0
-0
-0
-0
-0
-0
-0
-0
-0
-0
-0
-0
-0
-0
-0
-0
-0
-0
-0
-0
-0
-0
-0
-0
-0
-0
-0
-0
-0
-0
-0
-0
-0
-0
0
0
0
0
0
0
0
0
0
0
0
0
0
0
0
0
0
0
0
0
0
0
0
0
0
0
0
0
0
0
0
0
0
0
0
0
0
0
0
0
0
0
0
0
0
0
0
0
0
0
-0
-0
-0
-0
-0
-0
-0
-0
-0
-0
-0
-0
-0
-0
-0
-0
-0
-0
-0
-0
-0
-0
-0
-0
-0
-0
-0
-0
-0
-0
-0
-0
-0
-0
-0
-0
-0
-0
-0
-0
-0
-0
-0
-0
-0
-0
-0
-0
-0
0
0
0
0
0
0
0
0
0
0
0
0
0
0
0
0
0
0
0
0
0
0
0
0
0
0
0
0
0
0
0
0
0
0
0
0
0
0
0
0
0
0
0
0
0
0
0
0
0
0
-0
-0
-0
-0
-0
-0
-0
-0
-0
-0
-0
-0
-0
-0
-0
-0
-0
-0
-0
-0
-0
-0
-0
-0
-0
-0
-0
-0
-0
-0
-0
-0
-0
-0
-0
-0
-0
-0
-0
-0
-0
-0
-0
-0
-0
-0
-0
-0
-0
-0
-0
0
0
0
0
0
0
0
0
0
0
0
0
0
0
0
0
0
0
0
0
0
0
0
0
0
0
0
0
0
0
0
0
0
0
0
0
0
0
0
0
0
0
0
0
0
0
0
0
0
0
-0
-0
-0
-0
-0
-0
-0
-0
-0
-0
-0
-0
-0
-0
-0
-0
-0
-0
-0
-0
-0
-0
-0
-0
-0
-0
-0
-0
-0
-0
-0
-0
-0
-0
-0
-0
-0
-0
-0
-0
-0
-0
-0
-0
-0
-0
-0
-0
-0
0
0
0
0
0
0
0
0
0
0
0
0
0
0
0
0
0
0
0
0
0
0
0
0
0
0
0
0
0
0
0
0
0
0
0
0
0
0
0
0
0
0
0
0
0
0
0
0
0
0
-0
-0
-0
-0
-0
-0
-0
-0
-0
-0
-0
-0
-0
-0
-0
-0
-0
-0
-0
-0
-0
-0
-0
-0
-0
-0
-0
-0
-0
-0
-0
-0
-0
-0
-0
-0
-0
-0
-0
-0
-0
-0
-0
-0
-0
-0
-0
-0
-0
-0
0
0
0
0
0
0
0
0
0
0
0
0
0
0
0
0
0
0
0
0
0
0
0
0
0
0
0
0
0
0
0
0
0
0
0
0
0
0
0
0
0
0
0
0
0
0
0
0
0
0
0
-0
-0
-0
-0
-0
-0
-0
-0
-0
-0
-0
-0
-0
-0
-0
-0
-0
-0
-0
-0
-0
-0
-0
-0
-0
-0
-0
-0
-0
-0
-0
-0
-0
-0
-0
-0
-0
-0
-0
-0
-0
-0
-0
-0
-0
-0
-0
-0
-0
-0
0
0
0
0
0
0
0
0
0
0
0
0
0
0
0
0
0
0
0
0
0
0
0
0
0
0
0
0
0
0
0
0
0
0
0
0
0
0
0
0
0
0
0
0
0
0
0
0
0
-0
-0
-0
-0
-0
-0
-0
-0
-0
-0
-0
-0
-0
-0
-0
-0
-0
-0
-0
-0
-0
-0
-0
-0
-0
-0
-0
-0
-0
-0
-0
-0
-0
-0
-0
-0
-0
-0
-0
-0
-0
-0
-0
-0
-0
-0
-0
-0
-0
-0
0
0
0
0
0
0
0
0
0
0
0
0
0
0
0
0
0
0
0
0
0
0
0
0
0
0
0
0
0
0
0
0
0
0
0
0
0
0
0
0
0
0
0
0
0
0
0
0
0
0
-0
-0
-0
-0
-0
-0
-0
-0
-0
-0
-0
-0
-0
-0
-0
-0
-0
-0
-0
-0
-0
-0
-0
-0
-0
-0
-0
-0
-0
-0
-0
-0
-0
-0
-0
-0
-0
-0
-0
-0
-0
-0
-0
-0
-0
-0
-0
-0
-0
-0
-0
0
0
0
0
0
0
0
0
0
0
0
0
0
0
0
0
0
0
0
0
0
0
0
0
0
0
0
0
0
0
0
0
0
0
0
0
0
0
0
0
0
0
0
0
0
0
0
0
0
0
-0
-0
-0
-0
-0
-0
-0
-0
-0
-0
-0
-0
-0
-0
-0
-0
-0
-0
-0
-0
-0
-0
-0
-0
-0
-0
-0
-0
-0
-0
-0
-0
-0
-0
-0
-0
-0
-0
-0
-0
-0
-0
-0
-0
-0
-0
-0
-0
-0
0
0
0
0
0
0
0
0
0
0
0
0
0
0
0
0
0
0
0
0
0
0
0
0
0
0
0
0
0
0
0
0
0
0
0
0
0
0
0
0
0
0
0
0
0
0
0
0
0
0
-0
-0
-0
-0
-0
-0
-0
-0
-0
-0
-0
-0
-0
-0
-0
-0
-0
-0
-0
-0
-0
-0
-0
-0
-0
-0
-0
-0
-0
-0
-0
-0
-0
-0
-0
-0
-0
-0
-0
-0
-0
-0
-0
-0
-0
-0
-0
-0
-0
-0
0
0
0
0
0
0
0
0
0
0
0
0
0
0
0
0
0
0
0
0
0
0
0
0
0
0
0
0
0
0
0
0
0
0
0
0
0
0
0
0
0
0
0
0
0
0
0
0
0
0
-0
-0
-0
-0
-0
-0
-0
-0
-0
-0
-0
-0
-0
-0
-0
-0
-0
-0
-0
-0
-0
-0
-0
-0
-0
-0
-0
-0
-0
-0
-0
-0
-0
-0
-0
-0
-0
-0
-0
-0
-0
-0
-0
-0
-0
-0
-0
-0
-0
-0
-0
0
0
0
0
0
0
0
0
0
0
0
0
0
0
0
0
0
0
0
0
0
0
0
0
0
0
0
0
0
0
0
0
0
0
0
0
0
0
0
0
0
0
0
0
0
0
0
0
0
0
-0
-0
-0
-0
-0
-0
-0
-0
-0
-0
-0
-0
-0
-0
-0
-0
-0
-0
-0
-0
-0
-0
-0
-0
-0
-0
-0
-0
-0
-0
-0
-0
-0
-0
-0
-0
-0
-0
-0
-0
-0
-0
-0
-0
-0
-0
-0
-0
-0
-0
0
0
0
0
0
0
0
0
0
0
0
0
0
0
0
0
0
0
0
0
0
0
0
0
0
0
0
0
0
0
0
0
0
0
0
0
0
0
0
0
0
0
0
0
0
0
0
0
0
-0
-0
-0
-0
-0
-0
-0
-0
-0
-0
-0
-0
-0
-0
-0
-0
-0
-0
-0
-0
-0
-0
-0
-0
-0
-0
-0
-0
-0
-0
-0
-0
-0
-0
-0
-0
-0
-0
-0
-0
-0
-0
-0
-0
-0
-0
-0
-0
-0
-0
0
0
0
0
0
0
0
0
0
0
0
0
0
0
0
0
0
0
0
0
0
0
0
0
0
0
0
0
0
0
0
0
0
0
0
0
0
0
0
0
0
0
0
0
0
0
0
0
0
0
0
-0
-0
-0
-0
-0
-0
-0
-0
-0
-0
-0
-0
-0
-0
-0
-0
-0
-0
-0
-0
-0
-0
-0
-0
-0
-0
-0
-0
-0
-0
-0
-0
-0
-0
-0
-0
-0
-0
-0
-0
-0
-0
-0
-0
-0
-0
-0
-0
-0
-0
0
0
0
0
0
0
0
0
0
0
0
0
0
0
0
0
0
0
0
0
0
0
0
0
0
0
0
0
0
0
0
0
0
0
0
0
0
0
0
0
0
0
0
0
0
0
0
0
0
0
-0
-0
-0
-0
-0
-0
-0
-0
-0
-0
-0
-0
-0
-0
-0
-0
-0
-0
-0
-0
-0
-0
-0
-0
-0
-0
-0
-0
-0
-0
-0
-0
-0
-0
-0
-0
-0
-0
-0
-0
-0
-0
-0
-0
-0
-0
-0
-0
-0
0
0
0
0
0
0
0
0
0
0
0
0
0
0
0
0
0
0
0
0
0
0
0
0
0
0
0
0
0
0
0
0
0
0
0
0
0
0
0
0
0
0
0
0
0
0
0
0
0
0
-0
-0
-0
-0
-0
-0
-0
-0
-0
-0
-0
-0
-0
-0
-0
-0
-0
-0
-0
-0
-0
-0
-0
-0
-0
-0
-0
-0
-0
-0
-0
-0
-0
-0
-0
-0
-0
-0
-0
-0
-0
-0
-0
-0
-0
-0
-0
-0
-0
-0
-0
0
0
0
0
0
0
0
0
0
0
0
0
0
0
0
0
0
0
0
0
0
0
0
0
0
0
0
0
0
0
0
0
0
0
0
0
0
0
0
0
0
0
0
0
0
0
0
0
0
0
-0
-0
-0
-0
-0
-0
-0
-0
-0
-0
-0
-0
-0
-0
-0
-0
-0
-0
-0
-0
-0
-0
-0
-0
-0
-0
-0
-0
-0
-0
-0
-0
-0
-0
-0
-0
-0
-0
-0
-0
-0
-0
-0
-0
-0
-0
-0
-0
-0
-0
0
0
0
0
0
0
0
0
0
0
0
0
0
0
0
0
0
0
0
0
0
0
0
0
0
0
0
0
0
0
0
0
0
0
0
0
0
0
0
0
0
0
0
0
0
0
0
0
0
-0
-0
-0
-0
-0
-0
-0
-0
-0
-0
-0
-0
-0
-0
-0
-0
-0
-0
-0
-0
-0
-0
-0
-0
-0
-0
-0
-0
-0
-0
-0
-0
-0
-0
-0
-0
-0
-0
-0
-0
-0
-0
-0
-0
-0
-0
-0
-0
-0
-0
0
0
0
0
0
0
0
0
0
0
0
0
0
0
0
0
0
0
0
0
0
0
0
0
0
0
0
0
0
0
0
0
0
0
0
0
0
0
0
0
0
0
0
0
0
0
0
0
0
0
-0
-6.8285e-09
-2.726e-08
-6.1133e-08
-1.0818e-07
-1.6803e-07
-2.402e-07
-3.2412e-07
-4.1913e-07
-5.2444e-07
-6.3922e-07
-7.6252e-07
-8.9333e-07
-1.0306e-06
-1.1731e-06
-1.3197e-06
-1.4691e-06
-1.6201e-06
-1.7712e-06
-1.9212e-06
-2.0685e-06
-2.212e-06
-2.3501e-06
-2.4815e-06
-2.6048e-06
-2.7188e-06
-2.8219e-06
-2.9131e-06
-2.9911e-06
-3.0547e-06
-3.1028e-06
-3.1345e-06
-3.1488e-06
-3.1448e-06
-3.1219e-06
-3.0793e-06
-3.0166e-06
-2.9332e-06
-2.8289e-06
-2.7035e-06
-2.5569e-06
-2.3891e-06
-2.2004e-06
-1.9911e-06
-1.7615e-06
-1.5123e-06
-1.2441e-06
-9.5775e-07
-6.5424e-07
-3.3459e-07
-5.8593e-20
3.4825e-07
7.0876e-07
1.08e-06
1.4604e-06
1.8483e-06
2.2419e-06
2.6393e-06
3.0387e-06
3.438e-06
3.8353e-06
4.2285e-06
4.6156e-06
4.9943e-06
5.3628e-06
5.7187e-06
6.0602e-06
6.385e-06
6.6912e-06
6.9768e-06
7.2399e-06
7.4787e-06
7.6913e-06
7.8762e-06
8.0316e-06
8.1563e-06
8.2487e-06
8.3077e-06
8.3323e-06
8.3213e-06
8.2742e-06
8.1902e-06
8.0688e-06
7.9098e-06
7.7129e-06
7.4784e-06
7.2062e-06
6.897e-06
6.5511e-06
6.1695e-06
5.7529e-06
5.3027e-06
4.8199e-06
4.3062e-06
3.7632e-06
3.1925e-06
2.5963e-06
1.9766e-06
1.3357e-06
6.7602e-07
-3.8375e-19
-6.8968e-07
-1.3903e-06
-2.0989e-06
-2.8127e-06
-3.5286e-06
-4.2436e-06
-4.9545e-06
-5.6582e-06
-6.3516e-06
-7.0314e-06
-7.6945e-06
-8.3378e-06
-8.9581e-06
-9.5524e-06
-1.0118e-05
-1.0651e-05
-1.115e-05
-1.1611e-05
-1.2032e-05
-1.2411e-05
-1.2745e-05
-1.3032e-05
-1.3271e-05
-1.3458e-05
-1.3594e-05
-1.3675e-05
-1.3702e-05
-1.3673e-05
-1.3588e-05
-1.3446e-05
-1.3246e-05
-1.2989e-05
-1.2675e-05
-1.2304e-05
-1.1877e-05
-1.1396e-05
-1.0861e-05
-1.0273e-05
-9.6355e-06
-8.949e-06
-8.2162e-06
-7.4395e-06
-6.6214e-06
-5.7648e-06
-4.8728e-06
-3.9486e-06
-2.9955e-06
-2.0172e-06
-1.0174e-06
3.9976e-19
1.0311e-06
2.0718e-06
3.1178e-06
4.1649e-06
5.2089e-06
6.2452e-06
7.2696e-06
8.2777e-06
9.2651e-06
1.0227e-05
1.116e-05
1.206e-05
1.2922e-05
1.3742e-05
1.4517e-05
1.5242e-05
1.5915e-05
1.6531e-05
1.7088e-05
1.7583e-05
1.8012e-05
1.8374e-05
1.8665e-05
1.8885e-05
1.9031e-05
1.9102e-05
1.9097e-05
1.9015e-05
1.8855e-05
1.8617e-05
1.8301e-05
1.7909e-05
1.744e-05
1.6895e-05
1.6276e-05
1.5586e-05
1.4824e-05
1.3996e-05
1.3101e-05
1.2145e-05
1.113e-05
1.0059e-05
8.9366e-06
7.7665e-06
6.5531e-06
5.3008e-06
4.0144e-06
2.6987e-06
1.3589e-06
9.378e-19
-1.3725e-06
-2.7533e-06
-4.1367e-06
-5.5172e-06
-6.8891e-06
-8.2469e-06
-9.5848e-06
-1.0897e-05
-1.2179e-05
-1.3424e-05
-1.4626e-05
-1.5782e-05
-1.6886e-05
-1.7932e-05
-1.8916e-05
-1.9833e-05
-2.068e-05
-2.1451e-05
-2.2144e-05
-2.2754e-05
-2.3279e-05
-2.3715e-05
-2.406e-05
-2.4312e-05
-2.4469e-05
-2.4529e-05
-2.4492e-05
-2.4356e-05
-2.4121e-05
-2.3788e-05
-2.3357e-05
-2.2829e-05
-2.2205e-05
-2.1486e-05
-2.0675e-05
-1.9775e-05
-1.8788e-05
-1.7718e-05
-1.6567e-05
-1.5341e-05
-1.4043e-05
-1.2679e-05
-1.1252e-05
-9.7682e-06
-8.2334e-06
-6.6531e-06
-5.0333e-06
-3.3802e-06
-1.7003e-06
-1.4654e-18
1.7139e-06
3.4348e-06
5.1556e-06
6.8694e-06
8.5694e-06
1.0249e-05
1.19e-05
1.3517e-05
1.5092e-05
1.662e-05
1.8092e-05
1.9504e-05
2.0849e-05
2.2121e-05
2.3315e-05
2.4424e-05
2.5445e-05
2.6371e-05
2.7199e-05
2.7925e-05
2.8545e-05
2.9056e-05
2.9455e-05
2.9739e-05
2.9906e-05
2.9956e-05
2.9886e-05
2.9697e-05
2.9388e-05
2.896e-05
2.8413e-05
2.7749e-05
2.6969e-05
2.6077e-05
2.5074e-05
2.3965e-05
2.2752e-05
2.144e-05
2.0033e-05
1.8537e-05
1.6957e-05
1.5298e-05
1.3567e-05
1.177e-05
9.9137e-06
8.0053e-06
6.0522e-06
4.0617e-06
2.0417e-06
2.1101e-18
-2.0554e-06
-4.1163e-06
-6.1744e-06
-8.2217e-06
-1.025e-05
-1.225e-05
-1.4215e-05
-1.6136e-05
-1.8006e-05
-1.9816e-05
-2.1558e-05
-2.3227e-05
-2.4813e-05
-2.6311e-05
-2.7714e-05
-2.9015e-05
-3.021e-05
-3.1291e-05
-3.2255e-05
-3.3097e-05
-3.3812e-05
-3.4397e-05
-3.4849e-05
-3.5165e-05
-3.5344e-05
-3.5383e-05
-3.5281e-05
-3.5038e-05
-3.4655e-05
-3.4131e-05
-3.3468e-05
-3.2669e-05
-3.1734e-05
-3.0668e-05
-2.9474e-05
-2.8155e-05
-2.6716e-05
-2.5162e-05
-2.3499e-05
-2.1733e-05
-1.987e-05
-1.7918e-05
-1.5882e-05
-1.3772e-05
-1.1594e-05
-9.3576e-06
-7.0711e-06
-4.7432e-06
-2.3831e-06
-7.0857e-19
2.3968e-06
4.7978e-06
7.1933e-06
9.5739e-06
1.193e-05
1.4252e-05
1.653e-05
1.8756e-05
2.0919e-05
2.3012e-05
2.5024e-05
2.6949e-05
2.8777e-05
3.0501e-05
3.2113e-05
3.3606e-05
3.4974e-05
3.6211e-05
3.7311e-05
3.8268e-05
3.9079e-05
3.9738e-05
4.0244e-05
4.0592e-05
4.0781e-05
4.0809e-05
4.0675e-05
4.0379e-05
3.9921e-05
3.9302e-05
3.8524e-05
3.7589e-05
3.6499e-05
3.5259e-05
3.3873e-05
3.2344e-05
3.068e-05
2.8884e-05
2.6965e-05
2.4929e-05
2.2784e-05
2.0537e-05
1.8197e-05
1.5773e-05
1.3274e-05
1.071e-05
8.09e-06
5.4247e-06
2.7246e-06
3.7514e-18
-2.7382e-06
-5.4793e-06
-8.2122e-06
-1.0926e-05
-1.361e-05
-1.6254e-05
-1.8846e-05
-2.1375e-05
-2.3833e-05
-2.6208e-05
-2.849e-05
-3.0671e-05
-3.2741e-05
-3.469e-05
-3.6512e-05
-3.8197e-05
-3.9739e-05
-4.1131e-05
-4.2366e-05
-4.344e-05
-4.4345e-05
-4.508e-05
-4.5639e-05
-4.6019e-05
-4.6219e-05
-4.6236e-05
-4.607e-05
-4.5721e-05
-4.5188e-05
-4.4474e-05
-4.358e-05
-4.2509e-05
-4.1264e-05
-3.985e-05
-3.8272e-05
-3.6534e-05
-3.4643e-05
-3.2607e-05
-3.0431e-05
-2.8126e-05
-2.5698e-05
-2.3157e-05
-2.0512e-05
-1.7775e-05
-1.4954e-05
-1.2062e-05
-9.1088e-06
-6.1062e-06
-3.066e-06
-1.9662e-18
3.0796e-06
6.1608e-06
9.2311e-06
1.2278e-05
1.5291e-05
1.8255e-05
2.1161e-05
2.3995e-05
2.6746e-05
2.9404e-05
3.1956e-05
3.4393e-05
3.6704e-05
3.888e-05
4.0911e-05
4.2788e-05
4.4504e-05
4.6051e-05
4.7422e-05
4.8611e-05
4.9612e-05
5.0421e-05
5.1033e-05
5.1446e-05
5.1656e-05
5.1663e-05
5.1465e-05
5.1062e-05
5.0455e-05
4.9645e-05
4.8635e-05
4.7429e-05
4.6029e-05
4.4441e-05
4.2671e-05
4.0724e-05
3.8607e-05
3.6329e-05
3.3897e-05
3.1322e-05
2.8611e-05
2.5776e-05
2.2828e-05
1.9777e-05
1.6635e-05
1.3414e-05
1.0128e-05
6.7877e-06
3.4074e-06
2.7653e-18
-3.4006e-06
-6.7741e-06
-1.0107e-05
-1.3387e-05
-1.6601e-05
-1.9737e-05
-2.2781e-05
-2.5724e-05
-2.8553e-05
-3.1258e-05
-3.3828e-05
-3.6254e-05
-3.8528e-05
-4.064e-05
-4.2583e-05
-4.4349e-05
-4.5934e-05
-4.733e-05
-4.8534e-05
-4.9542e-05
-5.0349e-05
-5.0955e-05
-5.1357e-05
-5.1554e-05
-5.1548e-05
-5.1337e-05
-5.0925e-05
-5.0314e-05
-4.9507e-05
-4.8507e-05
-4.7321e-05
-4.5953e-05
-4.4409e-05
-4.2697e-05
-4.0823e-05
-3.8796e-05
-3.6625e-05
-3.4319e-05
-3.1887e-05
-2.934e-05
-2.6688e-05
-2.3943e-05
-2.1114e-05
-1.8215e-05
-1.5257e-05
-1.2251e-05
-9.2107e-06
-6.1471e-06
-3.0728e-06
-3.0146e-18
3.0592e-06
6.0926e-06
9.0885e-06
1.2035e-05
1.4921e-05
1.7735e-05
2.0466e-05
2.3104e-05
2.5639e-05
2.8062e-05
3.0362e-05
3.2532e-05
3.4564e-05
3.645e-05
3.8184e-05
3.9758e-05
4.1169e-05
4.241e-05
4.3479e-05
4.437e-05
4.5083e-05
4.5614e-05
4.5962e-05
4.6128e-05
4.611e-05
4.591e-05
4.5531e-05
4.4973e-05
4.424e-05
4.3336e-05
4.2265e-05
4.1033e-05
3.9644e-05
3.8106e-05
3.6424e-05
3.4607e-05
3.2661e-05
3.0597e-05
2.8421e-05
2.6144e-05
2.3775e-05
2.1323e-05
1.8799e-05
1.6214e-05
1.3577e-05
1.0899e-05
8.1918e-06
5.4656e-06
2.7314e-06
6.8018e-19
-2.7177e-06
-5.4111e-06
-8.0696e-06
-1.0683e-05
-1.3241e-05
-1.5733e-05
-1.8151e-05
-2.0485e-05
-2.2726e-05
-2.4866e-05
-2.6896e-05
-2.881e-05
-3.06e-05
-3.226e-05
-3.3785e-05
-3.5167e-05
-3.6404e-05
-3.749e-05
-3.8423e-05
-3.9199e-05
-3.9816e-05
-4.0273e-05
-4.0568e-05
-4.0701e-05
-4.0673e-05
-4.0484e-05
-4.0136e-05
-3.9632e-05
-3.8973e-05
-3.8165e-05
-3.721e-05
-3.6113e-05
-3.4879e-05
-3.3515e-05
-3.2025e-05
-3.0417e-05
-2.8698e-05
-2.6874e-05
-2.4955e-05
-2.2948e-05
-2.0861e-05
-1.8703e-05
-1.6484e-05
-1.4212e-05
-1.1896e-05
-9.5469e-06
-7.173e-06
-4.7841e-06
-2.39e-06
-3.1615e-18
2.3763e-06
4.7296e-06
7.0507e-06
9.3305e-06
1.156e-05
1.3732e-05
1.5836e-05
1.7865e-05
1.9812e-05
2.1669e-05
2.343e-05
2.5088e-05
2.6637e-05
2.8071e-05
2.9386e-05
3.0576e-05
3.1639e-05
3.257e-05
3.3367e-05
3.4028e-05
3.4549e-05
3.4931e-05
3.5173e-05
3.5274e-05
3.5235e-05
3.5057e-05
3.4741e-05
3.429e-05
3.3707e-05
3.2993e-05
3.2154e-05
3.1193e-05
3.0114e-05
2.8924e-05
2.7626e-05
2.6227e-05
2.4734e-05
2.3152e-05
2.1489e-05
1.9752e-05
1.7948e-05
1.6084e-05
1.4169e-05
1.221e-05
1.0216e-05
8.1946e-06
6.1541e-06
4.1026e-06
2.0485e-06
1.2108e-18
-2.0349e-06
-4.0481e-06
-6.0318e-06
-7.9783e-06
-9.88e-06
-1.173e-05
-1.3521e-05
-1.5246e-05
-1.6899e-05
-1.8473e-05
-1.9964e-05
-2.1366e-05
-2.2673e-05
-2.3881e-05
-2.4986e-05
-2.5985e-05
-2.6874e-05
-2.765e-05
-2.8312e-05
-2.8856e-05
-2.9283e-05
-2.959e-05
-2.9778e-05
-2.9847e-05
-2.9798e-05
-2.963e-05
-2.9347e-05
-2.8949e-05
-2.844e-05
-2.7822e-05
-2.7098e-05
-2.6273e-05
-2.5349e-05
-2.4332e-05
-2.3227e-05
-2.2038e-05
-2.077e-05
-1.943e-05
-1.8023e-05
-1.6556e-05
-1.5034e-05
-1.3464e-05
-1.1854e-05
-1.0209e-05
-8.5358e-06
-6.8424e-06
-5.1352e-06
-3.4211e-06
-1.7071e-06
-1.3002e-18
1.6935e-06
3.3666e-06
5.0129e-06
6.626e-06
8.1998e-06
9.7282e-06
1.1205e-05
1.2626e-05
1.3985e-05
1.5277e-05
1.6498e-05
1.7643e-05
1.8709e-05
1.9691e-05
2.0587e-05
2.1394e-05
2.2109e-05
2.273e-05
2.3256e-05
2.3685e-05
2.4016e-05
2.4249e-05
2.4384e-05
2.442e-05
2.436e-05
2.4203e-05
2.3952e-05
2.3608e-05
2.3173e-05
2.2651e-05
2.2043e-05
2.1353e-05
2.0584e-05
1.9741e-05
1.8828e-05
1.7848e-05
1.6806e-05
1.5708e-05
1.4557e-05
1.336e-05
1.212e-05
1.0845e-05
9.5385e-06
8.2069e-06
6.8555e-06
5.4901e-06
4.1163e-06
2.7396e-06
1.3657e-06
1.2725e-18
-1.352e-06
-2.6851e-06
-3.994e-06
-5.2738e-06
-6.5195e-06
-7.7265e-06
-8.8903e-06
-1.0007e-05
-1.1072e-05
-1.2081e-05
-1.3032e-05
-1.3921e-05
-1.4745e-05
-1.5502e-05
-1.6188e-05
-1.6803e-05
-1.7344e-05
-1.781e-05
-1.82e-05
-1.8514e-05
-1.8749e-05
-1.8908e-05
-1.8989e-05
-1.8994e-05
-1.8923e-05
-1.8777e-05
-1.8558e-05
-1.8267e-05
-1.7907e-05
-1.7479e-05
-1.6987e-05
-1.6433e-05
-1.582e-05
-1.515e-05
-1.4429e-05
-1.3658e-05
-1.2843e-05
-1.1986e-05
-1.1091e-05
-1.0164e-05
-9.2068e-06
-8.2253e-06
-7.2233e-06
-6.2052e-06
-5.1753e-06
-4.1379e-06
-3.0974e-06
-2.0581e-06
-1.0243e-06
-2.0636e-19
1.0106e-06
2.0036e-06
2.9751e-06
3.9215e-06
4.8392e-06
5.7248e-06
6.5751e-06
7.3871e-06
8.158e-06
8.8851e-06
9.5661e-06
1.0199e-05
1.0781e-05
1.1312e-05
1.1789e-05
1.2212e-05
1.2579e-05
1.289e-05
1.3145e-05
1.3342e-05
1.3483e-05
1.3567e-05
1.3594e-05
1.3567e-05
1.3485e-05
1.335e-05
1.3163e-05
1.2926e-05
1.264e-05
1.2308e-05
1.1931e-05
1.1513e-05
1.1055e-05
1.0559e-05
1.003e-05
9.4686e-06
8.8788e-06
8.2633e-06
7.6252e-06
6.9675e-06
6.2933e-06
5.6058e-06
4.9082e-06
4.2035e-06
3.495e-06
2.7856e-06
2.0785e-06
1.3766e-06
6.8285e-07
8.6517e-19
-6.6919e-07
-1.3221e-06
-1.9563e-06
-2.5693e-06
-3.1589e-06
-3.7231e-06
-4.2599e-06
-4.7676e-06
-5.2444e-06
-5.689e-06
-6.1001e-06
-6.4767e-06
-6.8177e-06
-7.1224e-06
-7.3904e-06
-7.6211e-06
-7.8145e-06
-7.9704e-06
-8.0891e-06
-8.1708e-06
-8.216e-06
-8.2254e-06
-8.1998e-06
-8.1402e-06
-8.0475e-06
-7.9231e-06
-7.7683e-06
-7.5845e-06
-7.3733e-06
-7.1365e-06
-6.8757e-06
-6.5928e-06
-6.2897e-06
-5.9683e-06
-5.6308e-06
-5.279e-06
-4.9151e-06
-4.5411e-06
-4.1592e-06
-3.7714e-06
-3.3797e-06
-2.9863e-06
-2.593e-06
-2.2018e-06
-1.8147e-06
-1.4334e-06
-1.0596e-06
-6.9513e-07
-3.4142e-07
-1.8276e-19
3.2777e-07
6.4061e-07
9.3738e-07
1.217e-06
1.4786e-06
1.7214e-06
1.9447e-06
2.148e-06
2.3308e-06
2.4929e-06
2.6342e-06
2.7544e-06
2.8539e-06
2.9328e-06
2.9913e-06
3.0301e-06
3.0495e-06
3.0504e-06
3.0334e-06
2.9994e-06
2.9493e-06
2.8842e-06
2.8052e-06
2.7134e-06
2.61e-06
2.4963e-06
2.3736e-06
2.2433e-06
2.1067e-06
1.9651e-06
1.82e-06
1.6728e-06
1.5248e-06
1.3773e-06
1.2317e-06
1.0893e-06
9.513e-07
8.1889e-07
6.932e-07
5.7529e-07
4.6617e-07
3.6673e-07
2.7782e-07
2.0017e-07
1.3442e-07
8.1135e-08
4.0755e-08
1.363e-08
0
0
-0
-0
-0
-0
-0
-0
-0
-0
-0
-0
-0
-0
-0
-0
-0
-0
-0
-0
-0
-0
-0
-0
-0
-0
-0
-0
-0
-0
-0
-0
-0
-0
-0
-0
-0
-0
-0
-0
-0
-0
-0
-0
-0
-0
-0
-0
-0
-0
-0
-0
0
0
0
0
0
0
0
0
0
0
0
0
0
0
0
0
0
0
0
0
0
0
0
0
0
0
0
0
0
0
0
0
0
0
0
0
0
0
0
0
0
0
0
0
0
0
0
0
0
0
-0
-0
-0
-0
-0
-0
-0
-0
-0
-0
-0
-0
-0
-0
-0
-0
-0
-0
-0
-0
-0
-0
-0
-0
-0
-0
-0
-0
-0
-0
-0
-0
-0
-0
-0
-0
-0
-0
-0
-0
-0
-0
-0
-0
-0
-0
-0
-0
-0
-0
0
0
0
0
0
0
0
0
0
0
0
0
0
0
0
0
0
0
0
0
0
0
0
0
0
0
0
0
0
0
0
0
0
0
0
0
0
0
0
0
0
0
0
0
0
0
0
0
0
0
-0
-0
-0
-0
-0
-0
-0
-0
-0
-0
-0
-0
-0
-0
-0
-0
-0
-0
-0
-0
-0
-0
-0
-0
-0
-0
-0
-0
-0
-0
-0
-0
-0
-0
-0
-0
-0
-0
-0
-0
-0
-0
-0
-0
-0
-0
-0
-0
-0
-0
0
0
0
0
0
0
0
0
0
0
0
0
0
0
0
0
0
0
0
0
0
0
0
0
0
0
0
0
0
0
0
0
0
0
0
0
0
0
0
0
0
0
0
0
0
0
0
0
0
0
-0
-0
-0
-0
-0
-0
-0
-0
-0
-0
-0
-0
-0
-0
-0
-0
-0
-0
-0
-0
-0
-0
-0
-0
-0
-0
-0
-0
-0
-0
-0
-0
-0
-0
-0
-0
-0
-0
-0
-0
-0
-0
-0
-0
-0
-0
-0
-0
-0
-0
0
0
0
0
0
0
0
0
0
0
0
0
0
0
0
0
0
0
0
0
0
0
0
0
0
0
0
0
0
0
0
0
0
0
0
0
0
0
0
0
0
0
0
0
0
0
0
0
0
0
-0
-0
-0
-0
-0
-0
-0
-0
-0
-0
-0
-0
-0
-0
-0
-0
-0
-0
-0
-0
-0
-0
-0
-0
-0
-0
-0
-0
-0
-0
-0
-0
-0
-0
-0
-0
-0
-0
-0
-0
-0
-0
-0
-0
-0
-0
-0
-0
-0
-0
0
0
0
0
0
0
0
0
0
0
0
0
0
0
0
0
0
0
0
0
0
0
0
0
0
0
0
0
0
0
0
0
0
0
0
0
0
0
0
0
0
0
0
0
0
0
0
0
0
0
-0
-0
-0
-0
-0
-0
-0
-0
-0
-0
-0
-0
-0
-0
-0
-0
-0
-0
-0
-0
-0
-0
-0
-0
-0
-0
-0
-0
-0
-0
-0
-0
-0
-0
-0
-0
-0
-0
-0
-0
-0
-0
-0
-0
-0
-0
-0
-0
-0
-0
0
0
0
0
0
0
0
0
0
0
0
0
0
0
0
0
0
0
0
0
0
0
0
0
0
0
0
0
0
0
0
0
0
0
0
0
0
0
0
0
0
0
0
0
0
0
0
0
0
0
-0
-0
-0
-0
-0
-0
-0
-0
-0
-0
-0
-0
-0
-0
-0
-0
-0
-0
-0
-0
-0
-0
-0
-0
-0
-0
-0
-0
-0
-0
-0
-0
-0
-0
-0
-0
-0
-0
-0
-0
-0
-0
-0
-0
-0
-0
-0
-0
-0
-0
0
0
0
0
0
0
0
0
0
0
0
0
0
0
0
0
0
0
0
0
0
0
0
0
0
0
0
0
0
0
0
0
0
0
0
0
0
0
0
0
0
0
0
0
0
0
0
0
0
0
-0
-0
-0
-0
-0
-0
-0
-0
-0
-0
-0
-0
-0
-0
-0
-0
-0
-0
-0
-0
-0
-0
-0
-0
-0
-0
-0
-0
-0
-0
-0
-0
-0
-0
-0
-0
-0
-0
-0
-0
-0
-0
-0
-0
-0
-0
-0
-0
-0
-0
0
0
0
0
0
0
0
0
0
0
0
0
0
0
0
0
0
0
0
0
0
0
0
0
0
0
0
0
0
0
0
0
0
0
0
0
0
0
0
0
0
0
0
0
0
0
0
0
0
0
-0
-0
-0
-0
-0
-0
-0
-0
-0
-0
-0
-0
-0
-0
-0
-0
-0
-0
-0
-0
-0
-0
-0
-0
-0
-0
-0
-0
-0
-0
-0
-0
-0
-0
-0
-0
-0
-0
-0
-0
-0
-0
-0
-0
-0
-0
-0
-0
-0
-0
0
0
0
0
0
0
0
0
0
0
0
0
0
0
0
0
0
0
0
0
0
0
0
0
0
0
0
0
0
0
0
0
0
0
0
0
0
0
0
0
0
0
0
0
0
0
0
0
0
0
-0
-0
-0
-0
-0
-0
-0
-0
-0
-0
-0
-0
-0
-0
-0
-0
-0
-0
-0
-0
-0
-0
-0
-0
-0
-0
-0
-0
-0
-0
-0
-0
-0
-0
-0
-0
-0
-0
-0
-0
-0
-0
-0
-0
-0
-0
-0
-0
-0
-0
0
0
0
0
0
0
0
0
0
0
0
0
0
0
0
0
0
0
0
0
0
0
0
0
0
0
0
0
0
0
0
0
0
0
0
0
0
0
0
0
0
0
0
0
0
0
0
0
0
0
-0
-0
-0
-0
-0
-0
-0
-0
-0
-0
-0
-0
-0
-0
-0
-0
-0
-0
-0
-0
-0
-0
-0
-0
-0
-0
-0
-0
-0
-0
-0
-0
-0
-0
-0
-0
-0
-0
-0
-0
-0
-0
-0
-0
-0
-0
-0
-0
-0
-0
0
0
0
0
0
0
0
0
0
0
0
0
0
0
0
0
0
0
0
0
0
0
0
0
0
0
0
0
0
0
0
0
0
0
0
0
0
0
0
0
0
0
0
0
0
0
0
0
0
-0
-0
-0
-0
-0
-0
-0
-0
-0
-0
-0
-0
-0
-0
-0
-0
-0
-0
-0
-0
-0
-0
-0
-0
-0
-0
-0
-0
-0
-0
-0
-0
-0
-0
-0
-0
-0
-0
-0
-0
-0
-0
-0
-0
-0
-0
-0
-0
-0
-0
-0
0
0
0
0
0
0
0
0
0
0
0
0
0
0
0
0
0
0
0
0
0
0
0
0
0
0
0
0
0
0
0
0
0
0
0
0
0
0
0
0
0
0
0
0
0
0
0
0
0
0
-0
-0
-0
-0
-0
-0
-0
-0
-0
-0
-0
-0
-0
-0
-0
-0
-0
-0
-0
-0
-0
-0
-0
-0
-0
-0
-0
-0
-0
-0
-0
-0
-0
-0
-0
-0
-0
-0
-0
-0
-0
-0
-0
-0
-0
-0
-0
-0
-0
0
0
0
0
0
0
0
0
0
0
0
0
0
0
0
0
0
0
0
0
0
0
0
0
0
0
0
0
0
0
0
0
0
0
0
0
0
0
0
0
0
0
0
0
0
0
0
0
0
0
0
-0
-0
-0
-0
-0
-0
-0
-0
-0
-0
-0
-0
-0
-0
-0
-0
-0
-0
-0
-0
-0
-0
-0
-0
-0
-0
-0
-0
-0
-0
-0
-0
-0
-0
-0
-0
-0
-0
-0
-0
-0
-0
-0
-0
-0
-0
-0
-0
-0
-0
0
0
0
0
0
0
0
0
0
0
0
0
0
0
0
0
0
0
0
0
0
0
0
0
0
0
0
0
0
0
0
0
0
0
0
0
0
0
0
0
0
0
0
0
0
0
0
0
0
0
-0
-0
-0
-0
-0
-0
-0
-0
-0
-0
-0
-0
-0
-0
-0
-0
-0
-0
-0
-0
-0
-0
-0
-0
-0
-0
-0
-0
-0
-0
-0
-0
-0
-0
-0
-0
-0
-0
-0
-0
-0
-0
-0
-0
-0
-0
-0
-0
-0
-0
0
0
0
0
0
0
0
0
0
0
0
0
0
0
0
0
0
0
0
0
0
0
0
0
0
0
0
0
0
0
0
0
0
0
0
0
0
0
0
0
0
0
0
0
0
0
0
0
0
-0
-0
-0
-0
-0
-0
-0
-0
-0
-0
-0
-0
-0
-0
-0
-0
-0
-0
-0
-0
-0
-0
-0
-0
-0
-0
-0
-0
-0
-0
-0
-0
-0
-0
-0
-0
-0
-0
-0
-0
-0
-0
-0
-0
-0
-0
-0
-0
-0
-0
-0
0
0
0
0
0
0
0
0
0
0
0
0
0
0
0
0
0
0
0
0
0
0
0
0
0
0
0
0
0
0
0
0
0
0
0
0
0
0
0
0
0
0
0
0
0
0
0
0
0
-0
-0
-0
-0
-0
-0
-0
-0
-0
-0
-0
-0
-0
-0
-0
-0
-0
-0
-0
-0
-0
-0
-0
-0
-0
-0
-0
-0
-0
-0
-0
-0
-0
-0
-0
-0
-0
-0
-0
-0
-0
-0
-0
-0
-0
-0
-0
-0
-0
-0
-0
0
0
0
0
0
0
0
0
0
0
0
0
0
0
0
0
0
0
0
0
0
0
0
0
0
0
0
0
0
0
0
0
0
0
0
0
0
0
0
0
0
0
0
0
0
0
0
0
0
0
-0
-0
-0
-0
-0
-0
-0
-0
-0
-0
-0
-0
-0
-0
-0
-0
-0
-0
-0
-0
-0
-0
-0
-0
-0
-0
-0
-0
-0
-0
-0
-0
-0
-0
-0
-0
-0
-0
-0
-0
-0
-0
-0
-0
-0
-0
-0
-0
-0
-0
0
0
0
0
0
0
0
0
0
0
0
0
0
0
0
0
0
0
0
0
0
0
0
0
0
0
0
0
0
0
0
0
0
0
0
0
0
0
0
0
0
0
0
0
0
0
0
0
0
0
-0
-0
-0
-0
-0
-0
-0
-0
-0
-0
-0
-0
-0
-0
-0
-0
-0
-0
-0
-0
-0
-0
-0
-0
-0
-0
-0
-0
-0
-0
-0
-0
-0
-0
-0
-0
-0
-0
-0
-0
-0
-0
-0
-0
-0
-0
-0
-0
-0
-0
0
0
0
0
0
0
0
0
0
0
0
0
0
0
0
0
0
0
0
0
0
0
0
0
0
0
0
0
0
0
0
0
0
0
0
0
0
0
0
0
0
0
0
0
0
0
0
0
0
0
-0
-0
-0
-0
-0
-0
-0
-0
-0
-0
-0
-0
-0
-0
-0
-0
-0
-0
-0
-0
-0
-0
-0
-0
-0
-0
-0
-0
-0
-0
-0
-0
-0
-0
-0
-0
-0
-0
-0
-0
-0
-0
-0
-0
-0
-0
-0
-0
-0
-0
0
0
0
0
0
0
0
0
0
0
0
0
0
0
0
0
0
0
0
0
0
0
0
0
0
0
0
0
0
0
0
0
0
0
0
0
0
0
0
0
0
0
0
0
0
0
0
0
0
-0
-0
-0
-0
-0
-0
-0
-0
-0
-0
-0
-0
-0
-0
-0
-0
-0
-0
-0
-0
-0
-0
-0
-0
-0
-0
-0
-0
-0
-0
-0
-0
-0
-0
-0
-0
-0
-0
-0
-0
-0
-0
-0
-0
-0
-0
-0
-0
-0
-0
-0
0
0
0
0
0
0
0
0
0
0
0
0
0
0
0
0
0
0
0
0
0
0
0
0
0
0
0
0
0
0
0
0
0
0
0
0
0
0
0
0
0
0
0
0
0
0
0
0
0
-0
-0
-0
-0
-0
-0
-0
-0
-0
-0
-0
-0
-0
-0
-0
-0
-0
-0
-0
-0
-0
-0
-0
-0
-0
-0
-0
-0
-0
-0
-0
-0
-0
-0
-0
-0
-0
-0
-0
-0
-0
-0
-0
-0
-0
-0
-0
-0
-0
-0
-0
0
0
0
0
0
0
0
0
0
0
0
0
0
0
0
0
0
0
0
0
0
0
0
0
0
0
0
0
0
0
0
0
0
0
0
0
0
0
0
0
0
0
0
0
0
0
0
0
0
0
-0
-0
-0
-0
-0
-0
-0
-0
-0
-0
-0
-0
-0
-0
-0
-0
-0
-0
-0
-0
-0
-0
-0
-0
-0
-0
-0
-0
-0
-0
-0
-0
-0
-0
-0
-0
-0
-0
-0
-0
-0
-0
-0
-0
-0
-0
-0
-0
-0
-0
0
0
0
0
0
0
0
0
0
0
0
0
0
0
0
0
0
0
0
0
0
0
0
0
0
0
0
0
0
0
0
0
0
0
0
0
0
0
0
0
0
0
0
0
0
0
0
0
0
0
-0
-0
-0
-0
-0
-0
-0
-0
-0
-0
-0
-0
-0
-0
-0
-0
-0
-0
-0
-0
-0
-0
-0
-0
-0
-0
-0
-0
-0
-0
-0
-0
-0
-0
-0
-0
-0
-0
-0
-0
-0
-0
-0
-0
-0
-0
-0
-0
-0
-0
0
0
0
0
0
0
0
0
0
0
0
0
0
0
0
0
0
0
0
0
0
0
0
0
0
0
0
0
0
0
0
0
0
0
0
0
0
0
0
0
0
0
0
0
0
0
0
0
0
0
-0
-0
-0
-0
-0
-0
-0
-0
-0
-0
-0
-0
-0
-0
-0
-0
-0
-0
-0
-0
-0
-0
-0
-0
-0
-0
-0
-0
-0
-0
-0
-0
-0
-0
-0
-0
-0
-0
-0
-0
-0
-0
-0
-0
-0
-0
-0
-0
-0
-0
0
0
0
0
0
0
0
0
0
0
0
0
0
0
0
0
0
0
0
0
0
0
0
0
0
0
0
0
0
0
0
0
0
0
0
0
0
0
0
0
0
0
0
0
0
0
0
0
0
-0
-0
-0
-0
-0
-0
-0
-0
-0
-0
-0
-0
-0
-0
-0
-0
-0
-0
-0
-0
-0
-0
-0
-0
-0
-0
-0
-0
-0
-0
-0
-0
-0
-0
-0
-0
-0
-0
-0
-0
-0
-0
-0
-0
-0
-0
-0
-0
-0
-0
-0
0
0
0
0
0
0
0
0
0
0
0
0
0
0
0
0
0
0
0
0
0
0
0
0
0
0
0
0
0
0
0
0
0
0
0
0
0
0
0
0
0
0
0
0
0
0
0
0
0
-0
-0
-0
-0
-0
-0
-0
-0
-0
-0
-0
-0
-0
-0
-0
-0
-0
-0
-0
-0
-0
-0
-0
-0
-0
-0
-0
-0
-0
-0
-0
-0
-0
-0
-0
-0
-0
-0
-0
-0
-0
-0
-0
-0
-0
-0
-0
-0
-0
-0
-0
0
0
0
0
0
0
0
0
0
0
0
0
0
0
0
0
0
0
0
0
0
0
0
0
0
0
0
0
0
0
0
0
0
0
0
0
0
0
0
0
0
0
0
0
0
0
0
0
0
0
-0
-0
-0
-0
-0
-0
-0
-0
-0
-0
-0
-0
-0
-0
-0
-0
-0
-0
-0
-0
-0
-0
-0
-0
-0
-0
-0
-0
-0
-0
-0
-0
-0
-0
-0
-0
-0
-0
-0
-0
-0
-0
-0
-0
-0
-0
-0
-0
-0
-0
0
0
0
0
0
0
0
0
0
0
0
0
0
0
0
0
0
0
0
0
0
0
0
0
0
0
0
0
0
0
0
0
0
0
0
0
0
0
0
0
0
0
0
0
0
0
0
0
0
0
-0
-0
-0
-0
-0
-0
-0
-0
-0
-0
-0
-0
-0
-0
-0
-0
-0
-0
-0
-0
-0
-0
-0
-0
-0
-0
-0
-0
-0
-0
-0
-0
-0
-0
-0
-0
-0
-0
-0
-0
-0
-0
-0
-0
-0
-0
-0
-0
-0
-0
0
0
0
0
0
0
0
0
0
0
0
0
0
0
0
0
0
0
0
0
0
0
0
0
0
0
0
0
0
0
0
0
0
0
0
0
0
0
0
0
0
0
0
0
0
0
0
0
0
0
-0
-0
-0
-0
-0
-0
-0
-0
-0
-0
-0
-0
-0
-0
-0
-0
-0
-0
-0
-0
-0
-0
-0
-0
-0
-0
-0
-0
-0
-0
-0
-0
-0
-0
-0
-0
-0
-0
-0
-0
-0
-0
-0
-0
-0
-0
-0
-0
-0
-0
0
0
0
0
0
0
0
0
0
0
0
0
0
0
0
0
0
0
0
0
0
0
0
0
0
0
0
0
0
0
0
0
0
0
0
0
0
0
0
0
0
0
0
0
0
0
0
0
0
-0
-0
-0
-0
-0
-0
-0
-0
-0
-0
-0
-0
-0
-0
-0
-0
-0
-0
-0
-0
-0
-0
-0
-0
-0
-0
-0
-0
-0
-0
-0
-0
-0
-0
-0
-0
-0
-0
-0
-0
-0
-0
-0
-0
-0
-0
-0
-0
-0
-0
-0
0
0
0
0
0
0
0
0
0
0
0
0
0
0
0
0
0
0
0
0
0
0
0
0
0
0
0
0
0
0
0
0
0
0
0
0
0
0
0
0
0
0
0
0
0
0
0
0
0
-0
-0
-0
-0
-0
-0
-0
-0
-0
-0
-0
-0
-0
-0
-0
-0
-0
-0
-0
-0
-0
-0
-0
-0
-0
-0
-0
-0
-0
-0
-0
-0
-0
-0
-0
-0
-0
-0
-0
-0
-0
-0
-0
-0
-0
-0
-0
-0
-0
-0
-0
0
0
0
0
0
0
0
0
0
0
0
0
0
0
0
0
0
0
0
0
0
0
0
0
0
0
0
0
0
0
0
0
0
0
0
0
0
0
0
0
0
0
0
0
0
0
0
0
0
-0
