-0
-0
-0
-0
-0
-0
-0
-0
-0
-0
-0
-0
-0
-0
-0
-0
-0
-0
-0
-0
-0
-0
-0
-0
-0
-0
-0
-0
-0
-0
-0
-0
-0
-0
-0
-0
-0
-0
-0
-0
-0
-0
-0
-0
-0
-0
-0
-0
-0
-0
-0
0
0
0
0
0
0
0
0
0
0
0
0
0
0
0
0
0
0
0
0
0
0
0
0
0
0
0
0
0
0
0
0
0
0
0
0
0
0
0
0
0
0
0
0
0
0
0
0
0
0
-0
-0
-0
-0
-0
-0
-0
-0
-0
-0
-0
-0
-0
-0
-0
-0
-0
-0
-0
-0
-0
-0
-0
-0
-0
-0
-0
-0
-0
-0
-0
-0
-0
-0
-0
-0
-0
-0
-0
-0
-0
-0
-0
-0
-0
-0
-0
-0
-0
-0
0
0
0
0
0
0
0
0
0
0
0
0
0
0
0
0
0
0
0
0
0
0
0
0
0
0
0
0
0
0
0
0
0
0
0
0
0
0
0
0
0
0
0
0
0
0
0
0
0
0
-0
-0
-0
-0
-0
-0
-0
-0
-0
-0
-0
-0
-0
-0
-0
-0
-0
-0
-0
-0
-0
-0
-0
-0
-0
-0
-0
-0
-0
-0
-0
-0
-0
-0
-0
-0
-0
-0
-0
-0
-0
-0
-0
-0
-0
-0
-0
-0
-0
-0
0
0
0
0
0
0
0
0
0
0
0
0
0
0
0
0
0
0
0
0
0
0
0
0
0
0
0
0
0
0
0
0
0
0
0
0
0
0
0
0
0
0
0
0
0
0
0
0
0
0
-0
-0
-0
-0
-0
-0
-0
-0
-0
-0
-0
-0
-0
-0
-0
-0
-0
-0
-0
-0
-0
-0
-0
-0
-0
-0
-0
-0
-0
-0
-0
-0
-0
-0
-0
-0
-0
-0
-0
-0
-0
-0
-0
-0
-0
-0
-0
-0
-0
0
0
0
0
0
0
0
0
0
0
0
0
0
0
0
0
0
0
0
0
0
0
0
0
0
0
0
0
0
0
0
0
0
0
0
0
0
0
0
0
0
0
0
0
0
0
0
0
0
0
0
-0
-0
-0
-0
-0
-0
-0
-0
-0
-0
-0
-0
-0
-0
-0
-0
-0
-0
-0
-0
-0
-0
-0
-0
-0
-0
-0
-0
-0
-0
-0
-0
-0
-0
-0
-0
-0
-0
-0
-0
-0
-0
-0
-0
-0
-0
-0
-0
-0
-0
0
0
0
0
0
0
0
0
0
0
0
0
0
0
0
0
0
0
0
0
0
0
0
0
0
0
0
0
0
0
0
0
0
0
0
0
0
0
0
0
0
0
0
0
0
0
0
0
0
0
-0
-0
-0
-0
-0
-0
-0
-0
-0
-0
-0
-0
-0
-0
-0
-0
-0
-0
-0
-0
-0
-0
-0
-0
-0
-0
-0
-0
-0
-0
-0
-0
-0
-0
-0
-0
-0
-0
-0
-0
-0
-0
-0
-0
-0
-0
-0
-0
-0
0
0
0
0
0
0
0
0
0
0
0
0
0
0
0
0
0
0
0
0
0
0
0
0
0
0
0
0
0
0
0
0
0
0
0
0
0
0
0
0
0
0
0
0
0
0
0
0
0
0
0
-0
-0
-0
-0
-0
-0
-0
-0
-0
-0
-0
-0
-0
-0
-0
-0
-0
-0
-0
-0
-0
-0
-0
-0
-0
-0
-0
-0
-0
-0
-0
-0
-0
-0
-0
-0
-0
-0
-0
-0
-0
-0
-0
-0
-0
-0
-0
-0
-0
0
0
0
0
0
0
0
0
0
0
0
0
0
0
0
0
0
0
0
0
0
0
0
0
0
0
0
0
0
0
0
0
0
0
0
0
0
0
0
0
0
0
0
0
0
0
0
0
0
0
-0
-0
-0
-0
-0
-0
-0
-0
-0
-0
-0
-0
-0
-0
-0
-0
-0
-0
-0
-0
-0
-0
-0
-0
-0
-0
-0
-0
-0
-0
-0
-0
-0
-0
-0
-0
-0
-0
-0
-0
-0
-0
-0
-0
-0
-0
-0
-0
-0
-0
-0
0
0
0
0
0
0
0
0
0
0
0
0
0
0
0
0
0
0
0
0
0
0
0
0
0
0
0
0
0
0
0
0
0
0
0
0
0
0
0
0
0
0
0
0
0
0
0
0
0
0
-0
-0
-0
-0
-0
-0
-0
-0
-0
-0
-0
-0
-0
-0
-0
-0
-0
-0
-0
-0
-0
-0
-0
-0
-0
-0
-0
-0
-0
-0
-0
-0
-0
-0
-0
-0
-0
-0
-0
-0
-0
-0
-0
-0
-0
-0
-0
-0
-0
-0
0
0
0
0
0
0
0
0
0
0
0
0
0
0
0
0
0
0
0
0
0
0
0
0
0
0
0
0
0
0
0
0
0
0
0
0
0
0
0
0
0
0
0
0
0
0
0
0
0
0
-0
-0
-0
-0
-0
-0
-0
-0
-0
-0
-0
-0
-0
-0
-0
-0
-0
-0
-0
-0
-0
-0
-0
-0
-0
-0
-0
-0
-0
-0
-0
-0
-0
-0
-0
-0
-0
-0
-0
-0
-0
-0
-0
-0
-0
-0
-0
-0
-0
0
0
0
0
0
0
0
0
0
0
0
0
0
0
0
0
0
0
0
0
0
0
0
0
0
0
0
0
0
0
0
0
0
0
0
0
0
0
0
0
0
0
0
0
0
0
0
0
0
0
0
-0
-0
-0
-0
-0
-0
-0
-0
-0
-0
-0
-0
-0
-0
-0
-0
-0
-0
-0
-0
-0
-0
-0
-0
-0
-0
-0
-0
-0
-0
-0
-0
-0
-0
-0
-0
-0
-0
-0
-0
-0
-0
-0
-0
-0
-0
-0
-0
-0
0
0
0
0
0
0
0
0
0
0
0
0
0
0
0
0
0
0
0
0
0
0
0
0
0
0
0
0
0
0
0
0
0
0
0
0
0
0
0
0
0
0
0
0
0
0
0
0
0
0
-0
-0
-0
-0
-0
-0
-0
-0
-0
-0
-0
-0
-0
-0
-0
-0
-0
-0
-0
-0
-0
-0
-0
-0
-0
-0
-0
-0
-0
-0
-0
-0
-0
-0
-0
-0
-0
-0
-0
-0
-0
-0
-0
-0
-0
-0
-0
-0
-0
-0
0
0
0
0
0
0
0
0
0
0
0
0
0
0
0
0
0
0
0
0
0
0
0
0
0
0
0
0
0
0
0
0
0
0
0
0
0
0
0
0
0
0
0
0
0
0
0
0
0
0
0
-0
-0
-0
-0
-0
-0
-0
-0
-0
-0
-0
-0
-0
-0
-0
-0
-0
-0
-0
-0
-0
-0
-0
-0
-0
-0
-0
-0
-0
-0
-0
-0
-0
-0
-0
-0
-0
-0
-0
-0
-0
-0
-0
-0
-0
-0
-0
-0
-0
0
0
0
0
0
0
0
0
0
0
0
0
0
0
0
0
0
0
0
0
0
0
0
0
0
0
0
0
0
0
0
0
0
0
0
0
0
0
0
0
0
0
0
0
0
0
0
0
0
0
-0
-0
-0
-0
-0
-0
-0
-0
-0
-0
-0
-0
-0
-0
-0
-0
-0
-0
-0
-0
-0
-0
-0
-0
-0
-0
-0
-0
-0
-0
-0
-0
-0
-0
-0
-0
-0
-0
-0
-0
-0
-0
-0
-0
-0
-0
-0
-0
-0
-0
0
0
0
0
0
0
0
0
0
0
0
0
0
0
0
0
0
0
0
0
0
0
0
0
0
0
0
0
0
0
0
0
0
0
0
0
0
0
0
0
0
0
0
0
0
0
0
0
0
0
-0
-0
-0
-0
-0
-0
-0
-0
-0
-0
-0
-0
-0
-0
-0
-0
-0
-0
-0
-0
-0
-0
-0
-0
-0
-0
-0
-0
-0
-0
-0
-0
-0
-0
-0
-0
-0
-0
-0
-0
-0
-0
-0
-0
-0
-0
-0
-0
-0
-0
0
0
0
0
0
0
0
0
0
0
0
0
0
0
0
0
0
0
0
0
0
0
0
0
0
0
0
0
0
0
0
0
0
0
0
0
0
0
0
0
0
0
0
0
0
0
0
0
0
0
0
-0
-0
-0
-0
-0
-0
-0
-0
-0
-0
-0
-0
-0
-0
-0
-0
-0
-0
-0
-0
-0
-0
-0
-0
-0
-0
-0
-0
-0
-0
-0
-0
-0
-0
-0
-0
-0
-0
-0
-0
-0
-0
-0
-0
-0
-0
-0
-0
-0
-0
0
0
0
0
0
0
0
0
0
0
0
0
0
0
0
0
0
0
0
0
0
0
0
0
0
0
0
0
0
0
0
0
0
0
0
0
0
0
0
0
0
0
0
0
0
0
0
0
0
0
-0
-0
-0
-0
-0
-0
-0
-0
-0
-0
-0
-0
-0
-0
-0
-0
-0
-0
-0
-0
-0
-0
-0
-0
-0
-0
-0
-0
-0
-0
-0
-0
-0
-0
-0
-0
-0
-0
-0
-0
-0
-0
-0
-0
-0
-0
-0
-0
-0
-0
0
0
0
0
0
0
0
0
0
0
0
0
0
0
0
0
0
0
0
0
0
0
0
0
0
0
0
0
0
0
0
0
0
0
0
0
0
0
0
0
0
0
0
0
0
0
0
0
0
0
-0
-0
-0
-0
-0
-0
-0
-0
-0
-0
-0
-0
-0
-0
-0
-0
-0
-0
-0
-0
-0
-0
-0
-0
-0
-0
-0
-0
-0
-0
-0
-0
-0
-0
-0
-0
-0
-0
-0
-0
-0
-0
-0
-0
-0
-0
-0
-0
-0
-0
0
0
0
0
0
0
0
0
0
0
0
0
0
0
0
0
0
0
0
0
0
0
0
0
0
0
0
0
0
0
0
0
0
0
0
0
0
0
0
0
0
0
0
0
0
0
0
0
0
0
-0
-0
-0
-0
-0
-0
-0
-0
-0
-0
-0
-0
-0
-0
-0
-0
-0
-0
-0
-0
-0
-0
-0
-0
-0
-0
-0
-0
-0
-0
-0
-0
-0
-0
-0
-0
-0
-0
-0
-0
-0
-0
-0
-0
-0
-0
-0
-0
-0
-0
0
0
0
0
0
0
0
0
0
0
0
0
0
0
0
0
0
0
0
0
0
0
0
0
0
0
0
0
0
0
0
0
0
0
0
0
0
0
0
0
0
0
0
0
0
0
0
0
0
-0
-0
-0
-0
-0
-0
-0
-0
-0
-0
-0
-0
-0
-0
-0
-0
-0
-0
-0
-0
-0
-0
-0
-0
-0
-0
-0
-0
-0
-0
-0
-0
-0
-0
-0
-0
-0
-0
-0
-0
-0
-0
-0
-0
-0
-0
-0
-0
-0
-0
-0
0
0
0
0
0
0
0
0
0
0
0
0
0
0
0
0
0
0
0
0
0
0
0
0
0
0
0
0
0
0
0
0
0
0
0
0
0
0
0
0
0
0
0
0
0
0
0
0
0
0
-1.507e-08
-6.016e-08
-1.3491e-07
-2.3874e-07
-3.7082e-07
-5.301e-07
-7.1531e-07
-9.2497e-07
-1.1574e-06
-1.4107e-06
-1.6828e-06
-1.9715e-06
-2.2744e-06
-2.5889e-06
-2.9125e-06
-3.2422e-06
-3.5753e-06
-3.9089e-06
-4.2398e-06
-4.5651e-06
-4.8817e-06
-5.1865e-06
-5.4765e-06
-5.7486e-06
-6e-06
-6.2277e-06
-6.4289e-06
-6.601e-06
-6.7413e-06
-6.8476e-06
-6.9175e-06
-6.9491e-06
-6.9403e-06
-6.8897e-06
-6.7957e-06
-6.6572e-06
-6.4732e-06
-6.2431e-06
-5.9663e-06
-5.6427e-06
-5.2725e-06
-4.8561e-06
-4.394e-06
-3.8874e-06
-3.3374e-06
-2.7455e-06
-2.1137e-06
-1.4438e-06
-7.3842e-07
-1.8815e-19
7.6856e-07
1.5642e-06
2.3835e-06
3.223e-06
4.079e-06
4.9476e-06
5.8247e-06
6.706e-06
7.5873e-06
8.4641e-06
9.3319e-06
1.0186e-05
1.1022e-05
1.1835e-05
1.2621e-05
1.3374e-05
1.4091e-05
1.4767e-05
1.5397e-05
1.5978e-05
1.6505e-05
1.6974e-05
1.7382e-05
1.7725e-05
1.8e-05
1.8204e-05
1.8334e-05
1.8388e-05
1.8364e-05
1.826e-05
1.8075e-05
1.7807e-05
1.7456e-05
1.7022e-05
1.6504e-05
1.5903e-05
1.5221e-05
1.4458e-05
1.3615e-05
1.2696e-05
1.1702e-05
1.0637e-05
9.5034e-06
8.3049e-06
7.0456e-06
5.7298e-06
4.3622e-06
2.9478e-06
1.4919e-06
-4.7086e-20
-1.522e-06
-3.0682e-06
-4.6321e-06
-6.2073e-06
-7.7872e-06
-9.3651e-06
-1.0934e-05
-1.2487e-05
-1.4017e-05
-1.5518e-05
-1.6981e-05
-1.8401e-05
-1.977e-05
-2.1081e-05
-2.2329e-05
-2.3506e-05
-2.4607e-05
-2.5625e-05
-2.6554e-05
-2.739e-05
-2.8128e-05
-2.8761e-05
-2.9287e-05
-2.9701e-05
-3e-05
-3.018e-05
-3.024e-05
-3.0176e-05
-2.9987e-05
-2.9673e-05
-2.9232e-05
-2.8665e-05
-2.7972e-05
-2.7154e-05
-2.6212e-05
-2.515e-05
-2.3968e-05
-2.2672e-05
-2.1264e-05
-1.975e-05
-1.8132e-05
-1.6418e-05
-1.4613e-05
-1.2722e-05
-1.0754e-05
-8.7141e-06
-6.6108e-06
-4.4518e-06
-2.2454e-06
-3.1747e-19
2.2755e-06
4.5722e-06
6.8806e-06
9.1916e-06
1.1495e-05
1.3783e-05
1.6043e-05
1.8268e-05
2.0447e-05
2.2571e-05
2.463e-05
2.6615e-05
2.8517e-05
3.0327e-05
3.2037e-05
3.3638e-05
3.5122e-05
3.6483e-05
3.7712e-05
3.8803e-05
3.9751e-05
4.0549e-05
4.1193e-05
4.1678e-05
4.2e-05
4.2157e-05
4.2145e-05
4.1963e-05
4.161e-05
4.1086e-05
4.0389e-05
3.9523e-05
3.8487e-05
3.7286e-05
3.592e-05
3.4396e-05
3.2716e-05
3.0887e-05
2.8914e-05
2.6803e-05
2.4562e-05
2.2199e-05
1.9722e-05
1.714e-05
1.4462e-05
1.1698e-05
8.8594e-06
5.9558e-06
2.9989e-06
-4.2348e-19
-3.029e-06
-6.0762e-06
-9.1292e-06
-1.2176e-05
-1.5204e-05
-1.82e-05
-2.1153e-05
-2.4049e-05
-2.6877e-05
-2.9624e-05
-3.2279e-05
-3.483e-05
-3.7265e-05
-3.9574e-05
-4.1745e-05
-4.377e-05
-4.5638e-05
-4.7341e-05
-4.8869e-05
-5.0216e-05
-5.1374e-05
-5.2336e-05
-5.3098e-05
-5.3654e-05
-5.4e-05
-5.4133e-05
-5.405e-05
-5.3751e-05
-5.3233e-05
-5.2498e-05
-5.1547e-05
-5.0381e-05
-4.9003e-05
-4.7417e-05
-4.5629e-05
-4.3642e-05
-4.1464e-05
-3.9101e-05
-3.6563e-05
-3.3856e-05
-3.0992e-05
-2.798e-05
-2.4831e-05
-2.1557e-05
-1.817e-05
-1.4683e-05
-1.1108e-05
-7.4598e-06
-3.7524e-06
-1.1749e-19
3.7825e-06
7.5802e-06
1.1378e-05
1.516e-05
1.8912e-05
2.2618e-05
2.6262e-05
2.983e-05
3.3307e-05
3.6678e-05
3.9928e-05
4.3044e-05
4.6012e-05
4.882e-05
5.1453e-05
5.3902e-05
5.6154e-05
5.8198e-05
6.0026e-05
6.1628e-05
6.2997e-05
6.4124e-05
6.5003e-05
6.563e-05
6.6e-05
6.6109e-05
6.5956e-05
6.5538e-05
6.4856e-05
6.3911e-05
6.2704e-05
6.1239e-05
5.9519e-05
5.7549e-05
5.5337e-05
5.2888e-05
5.0211e-05
4.7316e-05
4.4212e-05
4.091e-05
3.7422e-05
3.3761e-05
2.9941e-05
2.5975e-05
2.1878e-05
1.7667e-05
1.3357e-05
8.9638e-06
4.5058e-06
-1.1292e-18
-4.536e-06
-9.0842e-06
-1.3626e-05
-1.8144e-05
-2.262e-05
-2.7035e-05
-3.1371e-05
-3.5611e-05
-3.9737e-05
-4.3731e-05
-4.7577e-05
-5.1259e-05
-5.476e-05
-5.8066e-05
-6.1162e-05
-6.4034e-05
-6.6669e-05
-6.9056e-05
-7.1184e-05
-7.3041e-05
-7.462e-05
-7.5911e-05
-7.6909e-05
-7.7607e-05
-7.8e-05
-7.8086e-05
-7.7861e-05
-7.7326e-05
-7.6479e-05
-7.5324e-05
-7.3861e-05
-7.2097e-05
-7.0034e-05
-6.7681e-05
-6.5045e-05
-6.2134e-05
-5.8959e-05
-5.553e-05
-5.1861e-05
-4.7963e-05
-4.3852e-05
-3.9542e-05
-3.505e-05
-3.0392e-05
-2.5587e-05
-2.0651e-05
-1.5605e-05
-1.0468e-05
-5.2593e-06
4.1179e-19
5.2895e-06
1.0588e-05
1.5875e-05
2.1129e-05
2.6328e-05
3.1453e-05
3.6481e-05
4.1392e-05
4.6167e-05
5.0785e-05
5.5226e-05
5.9473e-05
6.3508e-05
6.7312e-05
7.087e-05
7.4166e-05
7.7185e-05
7.9914e-05
8.2341e-05
8.4454e-05
8.6243e-05
8.7699e-05
8.8814e-05
8.9583e-05
9e-05
9.0062e-05
8.9767e-05
8.9113e-05
8.8102e-05
8.6736e-05
8.5019e-05
8.2955e-05
8.055e-05
7.7813e-05
7.4753e-05
7.138e-05
6.7707e-05
6.3745e-05
5.951e-05
5.5017e-05
5.0282e-05
4.5323e-05
4.016e-05
3.481e-05
2.9295e-05
2.3635e-05
1.7854e-05
1.1972e-05
6.0128e-06
5.6432e-19
-6.043e-06
-1.2092e-05
-1.8124e-05
-2.4113e-05
-3.0036e-05
-3.587e-05
-4.159e-05
-4.7173e-05
-5.2597e-05
-5.7838e-05
-6.2876e-05
-6.7688e-05
-7.2255e-05
-7.6558e-05
-8.0578e-05
-8.4298e-05
-8.7701e-05
-9.0772e-05
-9.3498e-05
-9.5866e-05
-9.7866e-05
-9.9486e-05
-0.00010072
-0.00010156
-0.000102
-0.00010204
-0.00010167
-0.0001009
-9.9725e-05
-9.8149e-05
-9.6176e-05
-9.3812e-05
-9.1066e-05
-8.7945e-05
-8.4461e-05
-8.0627e-05
-7.6454e-05
-7.196e-05
-6.7159e-05
-6.207e-05
-5.6712e-05
-5.1104e-05
-4.5269e-05
-3.9227e-05
-3.3003e-05
-2.662e-05
-2.0102e-05
-1.3476e-05
-6.7663e-06
1.2704e-18
6.7964e-06
1.3596e-05
2.0372e-05
2.7097e-05
3.3745e-05
4.0288e-05
4.6699e-05
5.2954e-05
5.9027e-05
6.4891e-05
7.0525e-05
7.5903e-05
8.1003e-05
8.5804e-05
9.0286e-05
9.443e-05
9.8216e-05
0.00010163
0.00010466
0.00010728
0.00010949
0.00011127
0.00011262
0.00011354
0.000114
0.00011401
0.00011358
0.00011269
0.00011135
0.00010956
0.00010733
0.00010467
0.00010158
9.8077e-05
9.417e-05
8.9873e-05
8.5202e-05
8.0174e-05
7.4808e-05
6.9124e-05
6.3142e-05
5.6885e-05
5.0378e-05
4.3645e-05
3.6711e-05
2.9604e-05
2.2351e-05
1.498e-05
7.5198e-06
-1.1763e-19
-7.5047e-06
-1.495e-05
-2.2306e-05
-2.9544e-05
-3.6637e-05
-4.3556e-05
-5.0276e-05
-5.677e-05
-6.3013e-05
-6.8982e-05
-7.4655e-05
-8.001e-05
-8.5027e-05
-8.9688e-05
-9.3975e-05
-9.7874e-05
-0.00010137
-0.00010445
-0.00010711
-0.00010933
-0.00011112
-0.00011245
-0.00011334
-0.00011378
-0.00011376
-0.0001133
-0.00011239
-0.00011104
-0.00010926
-0.00010705
-0.00010443
-0.00010141
-9.8006e-05
-9.4227e-05
-9.0092e-05
-8.5619e-05
-8.0828e-05
-7.5738e-05
-7.0372e-05
-6.475e-05
-5.8898e-05
-5.2839e-05
-4.6597e-05
-4.0199e-05
-3.367e-05
-2.7038e-05
-2.0327e-05
-1.3566e-05
-6.7814e-06
2.0068e-18
6.7512e-06
1.3446e-05
2.0057e-05
2.656e-05
3.2929e-05
3.9139e-05
4.5167e-05
5.0989e-05
5.6583e-05
6.1929e-05
6.7006e-05
7.1795e-05
7.6279e-05
8.0442e-05
8.4267e-05
8.7743e-05
9.0855e-05
9.3595e-05
9.5953e-05
9.7921e-05
9.9493e-05
0.00010066
0.00010143
0.0001018
0.00010176
0.00010132
0.00010048
9.925e-05
9.7633e-05
9.5638e-05
9.3275e-05
9.0555e-05
8.749e-05
8.4095e-05
8.0384e-05
7.6373e-05
7.208e-05
6.7524e-05
6.2723e-05
5.7697e-05
5.2468e-05
4.7058e-05
4.1488e-05
3.5782e-05
2.9962e-05
2.4053e-05
1.8079e-05
1.2062e-05
6.0279e-06
-7.5102e-19
-5.9978e-06
-1.1942e-05
-1.7809e-05
-2.3576e-05
-2.9221e-05
-3.4722e-05
-4.0057e-05
-4.5208e-05
-5.0153e-05
-5.4876e-05
-5.9357e-05
-6.3581e-05
-6.7532e-05
-7.1195e-05
-7.4559e-05
-7.7611e-05
-8.034e-05
-8.2737e-05
-8.4796e-05
-8.6508e-05
-8.787e-05
-8.8877e-05
-8.9528e-05
-8.9822e-05
-8.976e-05
-8.9343e-05
-8.8576e-05
-8.7463e-05
-8.601e-05
-8.4226e-05
-8.2118e-05
-7.9697e-05
-7.6975e-05
-7.3963e-05
-7.0676e-05
-6.7127e-05
-6.3333e-05
-5.9309e-05
-5.5073e-05
-5.0644e-05
-4.6038e-05
-4.1277e-05
-3.6379e-05
-3.1364e-05
-2.6254e-05
-2.1069e-05
-1.583e-05
-1.0558e-05
-5.2744e-06
-2.4608e-19
5.2443e-06
1.0438e-05
1.556e-05
2.0592e-05
2.5512e-05
3.0304e-05
3.4948e-05
3.9427e-05
4.3723e-05
4.7822e-05
5.1708e-05
5.5366e-05
5.8784e-05
6.1949e-05
6.4851e-05
6.7479e-05
6.9824e-05
7.1879e-05
7.3638e-05
7.5095e-05
7.6247e-05
7.709e-05
7.7623e-05
7.7846e-05
7.776e-05
7.7367e-05
7.6671e-05
7.5675e-05
7.4387e-05
7.2813e-05
7.0961e-05
6.8839e-05
6.6459e-05
6.3831e-05
6.0968e-05
5.7881e-05
5.4585e-05
5.1095e-05
4.7424e-05
4.359e-05
3.9608e-05
3.5496e-05
3.1269e-05
2.6947e-05
2.2546e-05
1.8085e-05
1.3581e-05
9.0541e-06
4.5209e-06
-1.0551e-18
-4.4908e-06
-8.9338e-06
-1.3312e-05
-1.7607e-05
-2.1804e-05
-2.5887e-05
-2.9839e-05
-3.3646e-05
-3.7294e-05
-4.0769e-05
-4.4059e-05
-4.7152e-05
-5.0036e-05
-5.2703e-05
-5.5143e-05
-5.7347e-05
-5.9308e-05
-6.1022e-05
-6.2481e-05
-6.3683e-05
-6.4624e-05
-6.5302e-05
-6.5718e-05
-6.587e-05
-6.576e-05
-6.5391e-05
-6.4765e-05
-6.3888e-05
-6.2764e-05
-6.14e-05
-5.9803e-05
-5.7981e-05
-5.5943e-05
-5.3699e-05
-5.1259e-05
-4.8635e-05
-4.5838e-05
-4.288e-05
-3.9775e-05
-3.6537e-05
-3.3178e-05
-2.9715e-05
-2.616e-05
-2.2529e-05
-1.8838e-05
-1.51e-05
-1.1333e-05
-7.5501e-06
-3.7674e-06
2.3441e-19
3.7373e-06
7.4298e-06
1.1063e-05
1.4623e-05
1.8096e-05
2.1469e-05
2.4729e-05
2.7865e-05
3.0864e-05
3.3715e-05
3.641e-05
3.8937e-05
4.1289e-05
4.3457e-05
4.5434e-05
4.7215e-05
4.8793e-05
5.0164e-05
5.1324e-05
5.227e-05
5.3001e-05
5.3515e-05
5.3812e-05
5.3893e-05
5.376e-05
5.3414e-05
5.286e-05
5.2101e-05
5.1141e-05
4.9988e-05
4.8646e-05
4.7123e-05
4.5428e-05
4.3567e-05
4.1551e-05
3.9389e-05
3.709e-05
3.4665e-05
3.2126e-05
2.9483e-05
2.6748e-05
2.3934e-05
2.1051e-05
1.8112e-05
1.5129e-05
1.2116e-05
9.0842e-06
6.0461e-06
3.0139e-06
-1.0299e-18
-2.9838e-06
-5.9258e-06
-8.8144e-06
-1.1639e-05
-1.4388e-05
-1.7052e-05
-1.962e-05
-2.2084e-05
-2.4434e-05
-2.6662e-05
-2.8761e-05
-3.0722e-05
-3.2541e-05
-3.4211e-05
-3.5726e-05
-3.7083e-05
-3.8277e-05
-3.9306e-05
-4.0166e-05
-4.0857e-05
-4.1378e-05
-4.1728e-05
-4.1907e-05
-4.1917e-05
-4.176e-05
-4.1438e-05
-4.0954e-05
-4.0313e-05
-3.9518e-05
-3.8575e-05
-3.7489e-05
-3.6265e-05
-3.4912e-05
-3.3435e-05
-3.1843e-05
-3.0142e-05
-2.8342e-05
-2.6451e-05
-2.4477e-05
-2.243e-05
-2.0319e-05
-1.8152e-05
-1.5941e-05
-1.3694e-05
-1.1421e-05
-9.1319e-06
-6.8357e-06
-4.5421e-06
-2.2605e-06
3.856e-19
2.2303e-06
4.4218e-06
6.5658e-06
8.6544e-06
1.068e-05
1.2634e-05
1.4511e-05
1.6303e-05
1.8004e-05
1.9609e-05
2.1111e-05
2.2508e-05
2.3794e-05
2.4965e-05
2.6018e-05
2.6951e-05
2.7761e-05
2.8448e-05
2.9009e-05
2.9445e-05
2.9755e-05
2.994e-05
3.0002e-05
2.9941e-05
2.976e-05
2.9462e-05
2.9049e-05
2.8526e-05
2.7895e-05
2.7162e-05
2.6331e-05
2.5408e-05
2.4396e-05
2.3303e-05
2.2135e-05
2.0896e-05
1.9595e-05
1.8236e-05
1.6828e-05
1.5376e-05
1.3889e-05
1.2371e-05
1.0832e-05
9.2767e-06
7.7131e-06
6.1476e-06
4.5871e-06
3.0381e-06
1.507e-06
-5.8828e-23
-1.4768e-06
-2.9178e-06
-4.3173e-06
-5.6701e-06
-6.9714e-06
-8.2165e-06
-9.4012e-06
-1.0522e-05
-1.1574e-05
-1.2555e-05
-1.3462e-05
-1.4293e-05
-1.5046e-05
-1.5718e-05
-1.631e-05
-1.6819e-05
-1.7246e-05
-1.759e-05
-1.7852e-05
-1.8032e-05
-1.8132e-05
-1.8153e-05
-1.8096e-05
-1.7964e-05
-1.776e-05
-1.7485e-05
-1.7144e-05
-1.6738e-05
-1.6272e-05
-1.5749e-05
-1.5174e-05
-1.455e-05
-1.3881e-05
-1.3172e-05
-1.2427e-05
-1.165e-05
-1.0847e-05
-1.0022e-05
-9.1789e-06
-8.323e-06
-7.4587e-06
-6.5904e-06
-5.7225e-06
-4.8592e-06
-4.0049e-06
-3.1633e-06
-2.3385e-06
-1.5341e-06
-7.5349e-07
2.0749e-19
7.2335e-07
1.4138e-06
2.0687e-06
2.6859e-06
3.2632e-06
3.799e-06
4.2919e-06
4.7405e-06
5.1439e-06
5.5017e-06
5.8133e-06
6.0788e-06
6.2983e-06
6.4723e-06
6.6016e-06
6.6871e-06
6.73e-06
6.7319e-06
6.6944e-06
6.6194e-06
6.5089e-06
6.3652e-06
6.1908e-06
5.9882e-06
5.76e-06
5.5091e-06
5.2384e-06
4.9507e-06
4.6492e-06
4.3368e-06
4.0166e-06
3.6917e-06
3.365e-06
3.0396e-06
2.7183e-06
2.404e-06
2.0994e-06
1.8072e-06
1.5298e-06
1.2696e-06
1.0288e-06
8.0935e-07
6.1312e-07
4.4175e-07
2.9666e-07
1.7906e-07
8.9943e-08
3.008e-08
0
0
-0
-0
-0
-0
-0
-0
-0
-0
-0
-0
-0
-0
-0
-0
-0
-0
-0
-0
-0
-0
-0
-0
-0
-0
-0
-0
-0
-0
-0
-0
-0
-0
-0
-0
-0
-0
-0
-0
-0
-0
-0
-0
-0
-0
-0
-0
-0
-0
-0
-0
0
0
0
0
0
0
0
0
0
0
0
0
0
0
0
0
0
0
0
0
0
0
0
0
0
0
0
0
0
0
0
0
0
0
0
0
0
0
0
0
0
0
0
0
0
0
0
0
0
0
-0
-0
-0
-0
-0
-0
-0
-0
-0
-0
-0
-0
-0
-0
-0
-0
-0
-0
-0
-0
-0
-0
-0
-0
-0
-0
-0
-0
-0
-0
-0
-0
-0
-0
-0
-0
-0
-0
-0
-0
-0
-0
-0
-0
-0
-0
-0
-0
-0
-0
0
0
0
0
0
0
0
0
0
0
0
0
0
0
0
0
0
0
0
0
0
0
0
0
0
0
0
0
0
0
0
0
0
0
0
0
0
0
0
0
0
0
0
0
0
0
0
0
0
0
-0
-0
-0
-0
-0
-0
-0
-0
-0
-0
-0
-0
-0
-0
-0
-0
-0
-0
-0
-0
-0
-0
-0
-0
-0
-0
-0
-0
-0
-0
-0
-0
-0
-0
-0
-0
-0
-0
-0
-0
-0
-0
-0
-0
-0
-0
-0
-0
-0
-0
0
0
0
0
0
0
0
0
0
0
0
0
0
0
0
0
0
0
0
0
0
0
0
0
0
0
0
0
0
0
0
0
0
0
0
0
0
0
0
0
0
0
0
0
0
0
0
0
0
0
-0
-0
-0
-0
-0
-0
-0
-0
-0
-0
-0
-0
-0
-0
-0
-0
-0
-0
-0
-0
-0
-0
-0
-0
-0
-0
-0
-0
-0
-0
-0
-0
-0
-0
-0
-0
-0
-0
-0
-0
-0
-0
-0
-0
-0
-0
-0
-0
-0
-0
0
0
0
0
0
0
0
0
0
0
0
0
0
0
0
0
0
0
0
0
0
0
0
0
0
0
0
0
0
0
0
0
0
0
0
0
0
0
0
0
0
0
0
0
0
0
0
0
0
0
-0
-0
-0
-0
-0
-0
-0
-0
-0
-0
-0
-0
-0
-0
-0
-0
-0
-0
-0
-0
-0
-0
-0
-0
-0
-0
-0
-0
-0
-0
-0
-0
-0
-0
-0
-0
-0
-0
-0
-0
-0
-0
-0
-0
-0
-0
-0
-0
-0
-0
0
0
0
0
0
0
0
0
0
0
0
0
0
0
0
0
0
0
0
0
0
0
0
0
0
0
0
0
0
0
0
0
0
0
0
0
0
0
0
0
0
0
0
0
0
0
0
0
0
0
-0
-0
-0
-0
-0
-0
-0
-0
-0
-0
-0
-0
-0
-0
-0
-0
-0
-0
-0
-0
-0
-0
-0
-0
-0
-0
-0
-0
-0
-0
-0
-0
-0
-0
-0
-0
-0
-0
-0
-0
-0
-0
-0
-0
-0
-0
-0
-0
-0
0
0
0
0
0
0
0
0
0
0
0
0
0
0
0
0
0
0
0
0
0
0
0
0
0
0
0
0
0
0
0
0
0
0
0
0
0
0
0
0
0
0
0
0
0
0
0
0
0
0
0
-0
-0
-0
-0
-0
-0
-0
-0
-0
-0
-0
-0
-0
-0
-0
-0
-0
-0
-0
-0
-0
-0
-0
-0
-0
-0
-0
-0
-0
-0
-0
-0
-0
-0
-0
-0
-0
-0
-0
-0
-0
-0
-0
-0
-0
-0
-0
-0
-0
-0
0
0
0
0
0
0
0
0
0
0
0
0
0
0
0
0
0
0
0
0
0
0
0
0
0
0
0
0
0
0
0
0
0
0
0
0
0
0
0
0
0
0
0
0
0
0
0
0
0
0
-0
-0
-0
-0
-0
-0
-0
-0
-0
-0
-0
-0
-0
-0
-0
-0
-0
-0
-0
-0
-0
-0
-0
-0
-0
-0
-0
-0
-0
-0
-0
-0
-0
-0
-0
-0
-0
-0
-0
-0
-0
-0
-0
-0
-0
-0
-0
-0
-0
-0
0
0
0
0
0
0
0
0
0
0
0
0
0
0
0
0
0
0
0
0
0
0
0
0
0
0
0
0
0
0
0
0
0
0
0
0
0
0
0
0
0
0
0
0
0
0
0
0
0
-0
-0
-0
-0
-0
-0
-0
-0
-0
-0
-0
-0
-0
-0
-0
-0
-0
-0
-0
-0
-0
-0
-0
-0
-0
-0
-0
-0
-0
-0
-0
-0
-0
-0
-0
-0
-0
-0
-0
-0
-0
-0
-0
-0
-0
-0
-0
-0
-0
-0
-0
0
0
0
0
0
0
0
0
0
0
0
0
0
0
0
0
0
0
0
0
0
0
0
0
0
0
0
0
0
0
0
0
0
0
0
0
0
0
0
0
0
0
0
0
0
0
0
0
0
0
-0
-0
-0
-0
-0
-0
-0
-0
-0
-0
-0
-0
-0
-0
-0
-0
-0
-0
-0
-0
-0
-0
-0
-0
-0
-0
-0
-0
-0
-0
-0
-0
-0
-0
-0
-0
-0
-0
-0
-0
-0
-0
-0
-0
-0
-0
-0
-0
-0
0
0
0
0
0
0
0
0
0
0
0
0
0
0
0
0
0
0
0
0
0
0
0
0
0
0
0
0
0
0
0
0
0
0
0
0
0
0
0
0
0
0
0
0
0
0
0
0
0
0
0
-0
-0
-0
-0
-0
-0
-0
-0
-0
-0
-0
-0
-0
-0
-0
-0
-0
-0
-0
-0
-0
-0
-0
-0
-0
-0
-0
-0
-0
-0
-0
-0
-0
-0
-0
-0
-0
-0
-0
-0
-0
-0
-0
-0
-0
-0
-0
-0
-0
-0
0
0
0
0
0
0
0
0
0
0
0
0
0
0
0
0
0
0
0
0
0
0
0
0
0
0
0
0
0
0
0
0
0
0
0
0
0
0
0
0
0
0
0
0
0
0
0
0
0
0
-0
-0
-0
-0
-0
-0
-0
-0
-0
-0
-0
-0
-0
-0
-0
-0
-0
-0
-0
-0
-0
-0
-0
-0
-0
-0
-0
-0
-0
-0
-0
-0
-0
-0
-0
-0
-0
-0
-0
-0
-0
-0
-0
-0
-0
-0
-0
-0
-0
0
0
0
0
0
0
0
0
0
0
0
0
0
0
0
0
0
0
0
0
0
0
0
0
0
0
0
0
0
0
0
0
0
0
0
0
0
0
0
0
0
0
0
0
0
0
0
0
0
0
-0
-0
-0
-0
-0
-0
-0
-0
-0
-0
-0
-0
-0
-0
-0
-0
-0
-0
-0
-0
-0
-0
-0
-0
-0
-0
-0
-0
-0
-0
-0
-0
-0
-0
-0
-0
-0
-0
-0
-0
-0
-0
-0
-0
-0
-0
-0
-0
-0
-0
-0
0
0
0
0
0
0
0
0
0
0
0
0
0
0
0
0
0
0
0
0
0
0
0
0
0
0
0
0
0
0
0
0
0
0
0
0
0
0
0
0
0
0
0
0
0
0
0
0
0
0
-0
-0
-0
-0
-0
-0
-0
-0
-0
-0
-0
-0
-0
-0
-0
-0
-0
-0
-0
-0
-0
-0
-0
-0
-0
-0
-0
-0
-0
-0
-0
-0
-0
-0
-0
-0
-0
-0
-0
-0
-0
-0
-0
-0
-0
-0
-0
-0
-0
0
0
0
0
0
0
0
0
0
0
0
0
0
0
0
0
0
0
0
0
0
0
0
0
0
0
0
0
0
0
0
0
0
0
0
0
0
0
0
0
0
0
0
0
0
0
0
0
0
0
-0
-0
-0
-0
-0
-0
-0
-0
-0
-0
-0
-0
-0
-0
-0
-0
-0
-0
-0
-0
-0
-0
-0
-0
-0
-0
-0
-0
-0
-0
-0
-0
-0
-0
-0
-0
-0
-0
-0
-0
-0
-0
-0
-0
-0
-0
-0
-0
-0
-0
0
0
0
0
0
0
0
0
0
0
0
0
0
0
0
0
0
0
0
0
0
0
0
0
0
0
0
0
0
0
0
0
0
0
0
0
0
0
0
0
0
0
0
0
0
0
0
0
0
0
0
-0
-0
-0
-0
-0
-0
-0
-0
-0
-0
-0
-0
-0
-0
-0
-0
-0
-0
-0
-0
-0
-0
-0
-0
-0
-0
-0
-0
-0
-0
-0
-0
-0
-0
-0
-0
-0
-0
-0
-0
-0
-0
-0
-0
-0
-0
-0
-0
-0
-0
0
0
0
0
0
0
0
0
0
0
0
0
0
0
0
0
0
0
0
0
0
0
0
0
0
0
0
0
0
0
0
0
0
0
0
0
0
0
0
0
0
0
0
0
0
0
0
0
0
-0
-0
-0
-0
-0
-0
-0
-0
-0
-0
-0
-0
-0
-0
-0
-0
-0
-0
-0
-0
-0
-0
-0
-0
-0
-0
-0
-0
-0
-0
-0
-0
-0
-0
-0
-0
-0
-0
-0
-0
-0
-0
-0
-0
-0
-0
-0
-0
-0
-0
0
0
0
0
0
0
0
0
0
0
0
0
0
0
0
0
0
0
0
0
0
0
0
0
0
0
0
0
0
0
0
0
0
0
0
0
0
0
0
0
0
0
0
0
0
0
0
0
0
0
-0
-0
-0
-0
-0
-0
-0
-0
-0
-0
-0
-0
-0
-0
-0
-0
-0
-0
-0
-0
-0
-0
-0
-0
-0
-0
-0
-0
-0
-0
-0
-0
-0
-0
-0
-0
-0
-0
-0
-0
-0
-0
-0
-0
-0
-0
-0
-0
-0
-0
-0
0
0
0
0
0
0
0
0
0
0
0
0
0
0
0
0
0
0
0
0
0
0
0
0
0
0
0
0
0
0
0
0
0
0
0
0
0
0
0
0
0
0
0
0
0
0
0
0
0
0
-0
-0
-0
-0
-0
-0
-0
-0
-0
-0
-0
-0
-0
-0
-0
-0
-0
-0
-0
-0
-0
-0
-0
-0
-0
-0
-0
-0
-0
-0
-0
-0
-0
-0
-0
-0
-0
-0
-0
-0
-0
-0
-0
-0
-0
-0
-0
-0
-0
0
0
0
0
0
0
0
0
0
0
0
0
0
0
0
0
0
0
0
0
0
0
0
0
0
0
0
0
0
0
0
0
0
0
0
0
0
0
0
0
0
0
0
0
0
0
0
0
0
0
-0
-0
-0
-0
-0
-0
-0
-0
-0
-0
-0
-0
-0
-0
-0
-0
-0
-0
-0
-0
-0
-0
-0
-0
-0
-0
-0
-0
-0
-0
-0
-0
-0
-0
-0
-0
-0
-0
-0
-0
-0
-0
-0
-0
-0
-0
-0
-0
-0
-0
0
0
0
0
0
0
0
0
0
0
0
0
0
0
0
0
0
0
0
0
0
0
0
0
0
0
0
0
0
0
0
0
0
0
0
0
0
0
0
0
0
0
0
0
0
0
0
0
0
0
-0
-0
-0
-0
-0
-0
-0
-0
-0
-0
-0
-0
-0
-0
-0
-0
-0
-0
-0
-0
-0
-0
-0
-0
-0
-0
-0
-0
-0
-0
-0
-0
-0
-0
-0
-0
-0
-0
-0
-0
-0
-0
-0
-0
-0
-0
-0
-0
-0
-0
-0
0
0
0
0
0
0
0
0
0
0
0
0
0
0
0
0
0
0
0
0
0
0
0
0
0
0
0
0
0
0
0
0
0
0
0
0
0
0
0
0
0
0
0
0
0
0
0
0
0
0
-0
-0
-0
-0
-0
-0
-0
-0
-0
-0
-0
-0
-0
-0
-0
-0
-0
-0
-0
-0
-0
-0
-0
-0
-0
-0
-0
-0
-0
-0
-0
-0
-0
-0
-0
-0
-0
-0
-0
-0
-0
-0
-0
-0
-0
-0
-0
-0
-0
-0
0
0
0
0
0
0
0
0
0
0
0
0
0
0
0
0
0
0
0
0
0
0
0
0
0
0
0
0
0
0
0
0
0
0
0
0
0
0
0
0
0
0
0
0
0
0
0
0
0
-0
-0
-0
-0
-0
-0
-0
-0
-0
-0
-0
-0
-0
-0
-0
-0
-0
-0
-0
-0
-0
-0
-0
-0
-0
-0
-0
-0
-0
-0
-0
-0
-0
-0
-0
-0
-0
-0
-0
-0
-0
-0
-0
-0
-0
-0
-0
-0
-0
-0
0
0
0
0
0
0
0
0
0
0
0
0
0
0
0
0
0
0
0
0
0
0
0
0
0
0
0
0
0
0
0
0
0
0
0
0
0
0
0
0
0
0
0
0
0
0
0
0
0
0
0
-0
-0
-0
-0
-0
-0
-0
-0
-0
-0
-0
-0
-0
-0
-0
-0
-0
-0
-0
-0
-0
-0
-0
-0
-0
-0
-0
-0
-0
-0
-0
-0
-0
-0
-0
-0
-0
-0
-0
-0
-0
-0
-0
-0
-0
-0
-0
-0
-0
-0
0
0
0
0
0
0
0
0
0
0
0
0
0
0
0
0
0
0
0
0
0
0
0
0
0
0
0
0
0
0
0
0
0
0
0
0
0
0
0
0
0
0
0
0
0
0
0
0
0
0
-0
-0
-0
-0
-0
-0
-0
-0
-0
-0
-0
-0
-0
-0
-0
-0
-0
-0
-0
-0
-0
-0
-0
-0
-0
-0
-0
-0
-0
-0
-0
-0
-0
-0
-0
-0
-0
-0
-0
-0
-0
-0
-0
-0
-0
-0
-0
-0
-0
0
0
0
0
0
0
0
0
0
0
0
0
0
0
0
0
0
0
0
0
0
0
0
0
0
0
0
0
0
0
0
0
0
0
0
0
0
0
0
0
0
0
0
0
0
0
0
0
0
0
-0
-0
-0
-0
-0
-0
-0
-0
-0
-0
-0
-0
-0
-0
-0
-0
-0
-0
-0
-0
-0
-0
-0
-0
-0
-0
-0
-0
-0
-0
-0
-0
-0
-0
-0
-0
-0
-0
-0
-0
-0
-0
-0
-0
-0
-0
-0
-0
-0
-0
-0
0
0
0
0
0
0
0
0
0
0
0
0
0
0
0
0
0
0
0
0
0
0
0
0
0
0
0
0
0
0
0
0
0
0
0
0
0
0
0
0
0
0
0
0
0
0
0
0
0
0
-0
-0
-0
-0
-0
-0
-0
-0
-0
-0
-0
-0
-0
-0
-0
-0
-0
-0
-0
-0
-0
-0
-0
-0
-0
-0
-0
-0
-0
-0
-0
-0
-0
-0
-0
-0
-0
-0
-0
-0
-0
-0
-0
-0
-0
-0
-0
-0
-0
-0
0
0
0
0
0
0
0
0
0
0
0
0
0
0
0
0
0
0
0
0
0
0
0
0
0
0
0
0
0
0
0
0
0
0
0
0
0
0
0
0
0
0
0
0
0
0
0
0
0
-0
-0
-0
-0
-0
-0
-0
-0
-0
-0
-0
-0
-0
-0
-0
-0
-0
-0
-0
-0
-0
-0
-0
-0
-0
-0
-0
-0
-0
-0
-0
-0
-0
-0
-0
-0
-0
-0
-0
-0
-0
-0
-0
-0
-0
-0
-0
-0
-0
-0
0
0
0
0
0
0
0
0
0
0
0
0
0
0
0
0
0
0
0
0
0
0
0
0
0
0
0
0
0
0
0
0
0
0
0
0
0
0
0
0
0
0
0
0
0
0
0
0
0
0
-0
-1.507e-08
-6.016e-08
-1.3491e-07
-2.3874e-07
-3.7082e-07
-5.301e-07
-7.1531e-07
-9.2497e-07
-1.1574e-06
-1.4107e-06
-1.6828e-06
-1.9715e-06
-2.2744e-06
-2.5889e-06
-2.9125e-06
-3.2422e-06
-3.5753e-06
-3.9089e-06
-4.2398e-06
-4.5651e-06
-4.8817e-06
-5.1865e-06
-5.4765e-06
-5.7486e-06
-6e-06
-6.2277e-06
-6.4289e-06
-6.601e-06
-6.7413e-06
-6.8476e-06
-6.9175e-06
-6.9491e-06
-6.9403e-06
-6.8897e-06
-6.7957e-06
-6.6572e-06
-6.4732e-06
-6.2431e-06
-5.9663e-06
-5.6427e-06
-5.2725e-06
-4.8561e-06
-4.394e-06
-3.8874e-06
-3.3374e-06
-2.7455e-06
-2.1137e-06
-1.4438e-06
-7.3842e-07
-1.2931e-19
7.6856e-07
1.5642e-06
2.3835e-06
3.223e-06
4.079e-06
4.9476e-06
5.8247e-06
6.706e-06
7.5873e-06
8.4641e-06
9.3319e-06
1.0186e-05
1.1022e-05
1.1835e-05
1.2621e-05
1.3374e-05
1.4091e-05
1.4767e-05
1.5397e-05
1.5978e-05
1.6505e-05
1.6974e-05
1.7382e-05
1.7725e-05
1.8e-05
1.8204e-05
1.8334e-05
1.8388e-05
1.8364e-05
1.826e-05
1.8075e-05
1.7807e-05
1.7456e-05
1.7022e-05
1.6504e-05
1.5903e-05
1.5221e-05
1.4458e-05
1.3615e-05
1.2696e-05
1.1702e-05
1.0637e-05
9.5034e-06
8.3049e-06
7.0456e-06
5.7298e-06
4.3622e-06
2.9478e-06
1.4919e-06
-8.4689e-19
-1.522e-06
-3.0682e-06
-4.6321e-06
-6.2073e-06
-7.7872e-06
-9.3651e-06
-1.0934e-05
-1.2487e-05
-1.4017e-05
-1.5518e-05
-1.6981e-05
-1.8401e-05
-1.977e-05
-2.1081e-05
-2.2329e-05
-2.3506e-05
-2.4607e-05
-2.5625e-05
-2.6554e-05
-2.739e-05
-2.8128e-05
-2.8761e-05
-2.9287e-05
-2.9701e-05
-3e-05
-3.018e-05
-3.024e-05
-3.0176e-05
-2.9987e-05
-2.9673e-05
-2.9232e-05
-2.8665e-05
-2.7972e-05
-2.7154e-05
-2.6212e-05
-2.515e-05
-2.3968e-05
-2.2672e-05
-2.1264e-05
-1.975e-05
-1.8132e-05
-1.6418e-05
-1.4613e-05
-1.2722e-05
-1.0754e-05
-8.7141e-06
-6.6108e-06
-4.4518e-06
-2.2454e-06
8.8224e-19
2.2755e-06
4.5722e-06
6.8806e-06
9.1916e-06
1.1495e-05
1.3783e-05
1.6043e-05
1.8268e-05
2.0447e-05
2.2571e-05
2.463e-05
2.6615e-05
2.8517e-05
3.0327e-05
3.2037e-05
3.3638e-05
3.5122e-05
3.6483e-05
3.7712e-05
3.8803e-05
3.9751e-05
4.0549e-05
4.1193e-05
4.1678e-05
4.2e-05
4.2157e-05
4.2145e-05
4.1963e-05
4.161e-05
4.1086e-05
4.0389e-05
3.9523e-05
3.8487e-05
3.7286e-05
3.592e-05
3.4396e-05
3.2716e-05
3.0887e-05
2.8914e-05
2.6803e-05
2.4562e-05
2.2199e-05
1.9722e-05
1.714e-05
1.4462e-05
1.1698e-05
8.8594e-06
5.9558e-06
2.9989e-06
2.0696e-18
-3.029e-06
-6.0762e-06
-9.1292e-06
-1.2176e-05
-1.5204e-05
-1.82e-05
-2.1153e-05
-2.4049e-05
-2.6877e-05
-2.9624e-05
-3.2279e-05
-3.483e-05
-3.7265e-05
-3.9574e-05
-4.1745e-05
-4.377e-05
-4.5638e-05
-4.7341e-05
-4.8869e-05
-5.0216e-05
-5.1374e-05
-5.2336e-05
-5.3098e-05
-5.3654e-05
-5.4e-05
-5.4133e-05
-5.405e-05
-5.3751e-05
-5.3233e-05
-5.2498e-05
-5.1547e-05
-5.0381e-05
-4.9003e-05
-4.7417e-05
-4.5629e-05
-4.3642e-05
-4.1464e-05
-3.9101e-05
-3.6563e-05
-3.3856e-05
-3.0992e-05
-2.798e-05
-2.4831e-05
-2.1557e-05
-1.817e-05
-1.4683e-05
-1.1108e-05
-7.4598e-06
-3.7524e-06
-3.2339e-18
3.7825e-06
7.5802e-06
1.1378e-05
1.516e-05
1.8912e-05
2.2618e-05
2.6262e-05
2.983e-05
3.3307e-05
3.6678e-05
3.9928e-05
4.3044e-05
4.6012e-05
4.882e-05
5.1453e-05
5.3902e-05
5.6154e-05
5.8198e-05
6.0026e-05
6.1628e-05
6.2997e-05
6.4124e-05
6.5003e-05
6.563e-05
6.6e-05
6.6109e-05
6.5956e-05
6.5538e-05
6.4856e-05
6.3911e-05
6.2704e-05
6.1239e-05
5.9519e-05
5.7549e-05
5.5337e-05
5.2888e-05
5.0211e-05
4.7316e-05
4.4212e-05
4.091e-05
3.7422e-05
3.3761e-05
2.9941e-05
2.5975e-05
2.1878e-05
1.7667e-05
1.3357e-05
8.9638e-06
4.5058e-06
4.6569e-18
-4.536e-06
-9.0842e-06
-1.3626e-05
-1.8144e-05
-2.262e-05
-2.7035e-05
-3.1371e-05
-3.5611e-05
-3.9737e-05
-4.3731e-05
-4.7577e-05
-5.1259e-05
-5.476e-05
-5.8066e-05
-6.1162e-05
-6.4034e-05
-6.6669e-05
-6.9056e-05
-7.1184e-05
-7.3041e-05
-7.462e-05
-7.5911e-05
-7.6909e-05
-7.7607e-05
-7.8e-05
-7.8086e-05
-7.7861e-05
-7.7326e-05
-7.6479e-05
-7.5324e-05
-7.3861e-05
-7.2097e-05
-7.0034e-05
-6.7681e-05
-6.5045e-05
-6.2134e-05
-5.8959e-05
-5.553e-05
-5.1861e-05
-4.7963e-05
-4.3852e-05
-3.9542e-05
-3.505e-05
-3.0392e-05
-2.5587e-05
-2.0651e-05
-1.5605e-05
-1.0468e-05
-5.2593e-06
-1.5637e-18
5.2895e-06
1.0588e-05
1.5875e-05
2.1129e-05
2.6328e-05
3.1453e-05
3.6481e-05
4.1392e-05
4.6167e-05
5.0785e-05
5.5226e-05
5.9473e-05
6.3508e-05
6.7312e-05
7.087e-05
7.4166e-05
7.7185e-05
7.9914e-05
8.2341e-05
8.4454e-05
8.6243e-05
8.7699e-05
8.8814e-05
8.9583e-05
9e-05
9.0062e-05
8.9767e-05
8.9113e-05
8.8102e-05
8.6736e-05
8.5019e-05
8.2955e-05
8.055e-05
7.7813e-05
7.4753e-05
7.138e-05
6.7707e-05
6.3745e-05
5.951e-05
5.5017e-05
5.0282e-05
4.5323e-05
4.016e-05
3.481e-05
2.9295e-05
2.3635e-05
1.7854e-05
1.1972e-05
6.0128e-06
8.279e-18
-6.043e-06
-1.2092e-05
-1.8124e-05
-2.4113e-05
-3.0036e-05
-3.587e-05
-4.159e-05
-4.7173e-05
-5.2597e-05
-5.7838e-05
-6.2876e-05
-6.7688e-05
-7.2255e-05
-7.6558e-05
-8.0578e-05
-8.4298e-05
-8.7701e-05
-9.0772e-05
-9.3498e-05
-9.5866e-05
-9.7866e-05
-9.9486e-05
-0.00010072
-0.00010156
-0.000102
-0.00010204
-0.00010167
-0.0001009
-9.9725e-05
-9.8149e-05
-9.6176e-05
-9.3812e-05
-9.1066e-05
-8.7945e-05
-8.4461e-05
-8.0627e-05
-7.6454e-05
-7.196e-05
-6.7159e-05
-6.207e-05
-5.6712e-05
-5.1104e-05
-4.5269e-05
-3.9227e-05
-3.3003e-05
-2.662e-05
-2.0102e-05
-1.3476e-05
-6.7663e-06
-4.3391e-18
6.7964e-06
1.3596e-05
2.0372e-05
2.7097e-05
3.3745e-05
4.0288e-05
4.6699e-05
5.2954e-05
5.9027e-05
6.4891e-05
7.0525e-05
7.5903e-05
8.1003e-05
8.5804e-05
9.0286e-05
9.443e-05
9.8216e-05
0.00010163
0.00010466
0.00010728
0.00010949
0.00011127
0.00011262
0.00011354
0.000114
0.00011401
0.00011358
0.00011269
0.00011135
0.00010956
0.00010733
0.00010467
0.00010158
9.8077e-05
9.417e-05
8.9873e-05
8.5202e-05
8.0174e-05
7.4808e-05
6.9124e-05
6.3142e-05
5.6885e-05
5.0378e-05
4.3645e-05
3.6711e-05
2.9604e-05
2.2351e-05
1.498e-05
7.5198e-06
6.1027e-18
-7.5047e-06
-1.495e-05
-2.2306e-05
-2.9544e-05
-3.6637e-05
-4.3556e-05
-5.0276e-05
-5.677e-05
-6.3013e-05
-6.8982e-05
-7.4655e-05
-8.001e-05
-8.5027e-05
-8.9688e-05
-9.3975e-05
-9.7874e-05
-0.00010137
-0.00010445
-0.00010711
-0.00010933
-0.00011112
-0.00011245
-0.00011334
-0.00011378
-0.00011376
-0.0001133
-0.00011239
-0.00011104
-0.00010926
-0.00010705
-0.00010443
-0.00010141
-9.8006e-05
-9.4227e-05
-9.0092e-05
-8.5619e-05
-8.0828e-05
-7.5738e-05
-7.0372e-05
-6.475e-05
-5.8898e-05
-5.2839e-05
-4.6597e-05
-4.0199e-05
-3.367e-05
-2.7038e-05
-2.0327e-05
-1.3566e-05
-6.7814e-06
-6.6529e-18
6.7512e-06
1.3446e-05
2.0057e-05
2.656e-05
3.2929e-05
3.9139e-05
4.5167e-05
5.0989e-05
5.6583e-05
6.1929e-05
6.7006e-05
7.1795e-05
7.6279e-05
8.0442e-05
8.4267e-05
8.7743e-05
9.0855e-05
9.3595e-05
9.5953e-05
9.7921e-05
9.9493e-05
0.00010066
0.00010143
0.0001018
0.00010176
0.00010132
0.00010048
9.925e-05
9.7633e-05
9.5638e-05
9.3275e-05
9.0555e-05
8.749e-05
8.4095e-05
8.0384e-05
7.6373e-05
7.208e-05
6.7524e-05
6.2723e-05
5.7697e-05
5.2468e-05
4.7058e-05
4.1488e-05
3.5782e-05
2.9962e-05
2.4053e-05
1.8079e-05
1.2062e-05
6.0279e-06
1.5011e-18
-5.9978e-06
-1.1942e-05
-1.7809e-05
-2.3576e-05
-2.9221e-05
-3.4722e-05
-4.0057e-05
-4.5208e-05
-5.0153e-05
-5.4876e-05
-5.9357e-05
-6.3581e-05
-6.7532e-05
-7.1195e-05
-7.4559e-05
-7.7611e-05
-8.034e-05
-8.2737e-05
-8.4796e-05
-8.6508e-05
-8.787e-05
-8.8877e-05
-8.9528e-05
-8.9822e-05
-8.976e-05
-8.9343e-05
-8.8576e-05
-8.7463e-05
-8.601e-05
-8.4226e-05
-8.2118e-05
-7.9697e-05
-7.6975e-05
-7.3963e-05
-7.0676e-05
-6.7127e-05
-6.3333e-05
-5.9309e-05
-5.5073e-05
-5.0644e-05
-4.6038e-05
-4.1277e-05
-3.6379e-05
-3.1364e-05
-2.6254e-05
-2.1069e-05
-1.583e-05
-1.0558e-05
-5.2744e-06
-6.9772e-18
5.2443e-06
1.0438e-05
1.556e-05
2.0592e-05
2.5512e-05
3.0304e-05
3.4948e-05
3.9427e-05
4.3723e-05
4.7822e-05
5.1708e-05
5.5366e-05
5.8784e-05
6.1949e-05
6.4851e-05
6.7479e-05
6.9824e-05
7.1879e-05
7.3638e-05
7.5095e-05
7.6247e-05
7.709e-05
7.7623e-05
7.7846e-05
7.776e-05
7.7367e-05
7.6671e-05
7.5675e-05
7.4387e-05
7.2813e-05
7.0961e-05
6.8839e-05
6.6459e-05
6.3831e-05
6.0968e-05
5.7881e-05
5.4585e-05
5.1095e-05
4.7424e-05
4.359e-05
3.9608e-05
3.5496e-05
3.1269e-05
2.6947e-05
2.2546e-05
1.8085e-05
1.3581e-05
9.0541e-06
4.5209e-06
2.6721e-18
-4.4908e-06
-8.9338e-06
-1.3312e-05
-1.7607e-05
-2.1804e-05
-2.5887e-05
-2.9839e-05
-3.3646e-05
-3.7294e-05
-4.0769e-05
-4.4059e-05
-4.7152e-05
-5.0036e-05
-5.2703e-05
-5.5143e-05
-5.7347e-05
-5.9308e-05
-6.1022e-05
-6.2481e-05
-6.3683e-05
-6.4624e-05
-6.5302e-05
-6.5718e-05
-6.587e-05
-6.576e-05
-6.5391e-05
-6.4765e-05
-6.3888e-05
-6.2764e-05
-6.14e-05
-5.9803e-05
-5.7981e-05
-5.5943e-05
-5.3699e-05
-5.1259e-05
-4.8635e-05
-4.5838e-05
-4.288e-05
-3.9775e-05
-3.6537e-05
-3.3178e-05
-2.9715e-05
-2.616e-05
-2.2529e-05
-1.8838e-05
-1.51e-05
-1.1333e-05
-7.5501e-06
-3.7674e-06
-2.8695e-18
3.7373e-06
7.4298e-06
1.1063e-05
1.4623e-05
1.8096e-05
2.1469e-05
2.4729e-05
2.7865e-05
3.0864e-05
3.3715e-05
3.641e-05
3.8937e-05
4.1289e-05
4.3457e-05
4.5434e-05
4.7215e-05
4.8793e-05
5.0164e-05
5.1324e-05
5.227e-05
5.3001e-05
5.3515e-05
5.3812e-05
5.3893e-05
5.376e-05
5.3414e-05
5.286e-05
5.2101e-05
5.1141e-05
4.9988e-05
4.8646e-05
4.7123e-05
4.5428e-05
4.3567e-05
4.1551e-05
3.9389e-05
3.709e-05
3.4665e-05
3.2126e-05
2.9483e-05
2.6748e-05
2.3934e-05
2.1051e-05
1.8112e-05
1.5129e-05
1.2116e-05
9.0842e-06
6.0461e-06
3.0139e-06
2.8082e-18
-2.9838e-06
-5.9258e-06
-8.8144e-06
-1.1639e-05
-1.4388e-05
-1.7052e-05
-1.962e-05
-2.2084e-05
-2.4434e-05
-2.6662e-05
-2.8761e-05
-3.0722e-05
-3.2541e-05
-3.4211e-05
-3.5726e-05
-3.7083e-05
-3.8277e-05
-3.9306e-05
-4.0166e-05
-4.0857e-05
-4.1378e-05
-4.1728e-05
-4.1907e-05
-4.1917e-05
-4.176e-05
-4.1438e-05
-4.0954e-05
-4.0313e-05
-3.9518e-05
-3.8575e-05
-3.7489e-05
-3.6265e-05
-3.4912e-05
-3.3435e-05
-3.1843e-05
-3.0142e-05
-2.8342e-05
-2.6451e-05
-2.4477e-05
-2.243e-05
-2.0319e-05
-1.8152e-05
-1.5941e-05
-1.3694e-05
-1.1421e-05
-9.1319e-06
-6.8357e-06
-4.5421e-06
-2.2605e-06
-4.5541e-19
2.2303e-06
4.4218e-06
6.5658e-06
8.6544e-06
1.068e-05
1.2634e-05
1.4511e-05
1.6303e-05
1.8004e-05
1.9609e-05
2.1111e-05
2.2508e-05
2.3794e-05
2.4965e-05
2.6018e-05
2.6951e-05
2.7761e-05
2.8448e-05
2.9009e-05
2.9445e-05
2.9755e-05
2.994e-05
3.0002e-05
2.9941e-05
2.976e-05
2.9462e-05
2.9049e-05
2.8526e-05
2.7895e-05
2.7162e-05
2.6331e-05
2.5408e-05
2.4396e-05
2.3303e-05
2.2135e-05
2.0896e-05
1.9595e-05
1.8236e-05
1.6828e-05
1.5376e-05
1.3889e-05
1.2371e-05
1.0832e-05
9.2767e-06
7.7131e-06
6.1476e-06
4.5871e-06
3.0381e-06
1.507e-06
1.9093e-18
-1.4768e-06
-2.9178e-06
-4.3173e-06
-5.6701e-06
-6.9714e-06
-8.2165e-06
-9.4012e-06
-1.0522e-05
-1.1574e-05
-1.2555e-05
-1.3462e-05
-1.4293e-05
-1.5046e-05
-1.5718e-05
-1.631e-05
-1.6819e-05
-1.7246e-05
-1.759e-05
-1.7852e-05
-1.8032e-05
-1.8132e-05
-1.8153e-05
-1.8096e-05
-1.7964e-05
-1.776e-05
-1.7485e-05
-1.7144e-05
-1.6738e-05
-1.6272e-05
-1.5749e-05
-1.5174e-05
-1.455e-05
-1.3881e-05
-1.3172e-05
-1.2427e-05
-1.165e-05
-1.0847e-05
-1.0022e-05
-9.1789e-06
-8.323e-06
-7.4587e-06
-6.5904e-06
-5.7225e-06
-4.8592e-06
-4.0049e-06
-3.1633e-06
-2.3385e-06
-1.5341e-06
-7.5349e-07
-4.0332e-19
7.2335e-07
1.4138e-06
2.0687e-06
2.6859e-06
3.2632e-06
3.799e-06
4.2919e-06
4.7405e-06
5.1439e-06
5.5017e-06
5.8133e-06
6.0788e-06
6.2983e-06
6.4723e-06
6.6016e-06
6.6871e-06
6.73e-06
6.7319e-06
6.6944e-06
6.6194e-06
6.5089e-06
6.3652e-06
6.1908e-06
5.9882e-06
5.76e-06
5.5091e-06
5.2384e-06
4.9507e-06
4.6492e-06
4.3368e-06
4.0166e-06
3.6917e-06
3.365e-06
3.0396e-06
2.7183e-06
2.404e-06
2.0994e-06
1.8072e-06
1.5298e-06
1.2696e-06
1.0288e-06
8.0935e-07
6.1312e-07
4.4175e-07
2.9666e-07
1.7906e-07
8.9943e-08
3.008e-08
0
0
-0
-0
-0
-0
-0
-0
-0
-0
-0
-0
-0
-0
-0
-0
-0
-0
-0
-0
-0
-0
-0
-0
-0
-0
-0
-0
-0
-0
-0
-0
-0
-0
-0
-0
-0
-0
-0
-0
-0
-0
-0
-0
-0
-0
-0
-0
-0
-0
-0
-0
0
0
0
0
0
0
0
0
0
0
0
0
0
0
0
0
0
0
0
0
0
0
0
0
0
0
0
0
0
0
0
0
0
0
0
0
0
0
0
0
0
0
0
0
0
0
0
0
0
0
-0
-0
-0
-0
-0
-0
-0
-0
-0
-0
-0
-0
-0
-0
-0
-0
-0
-0
-0
-0
-0
-0
-0
-0
-0
-0
-0
-0
-0
-0
-0
-0
-0
-0
-0
-0
-0
-0
-0
-0
-0
-0
-0
-0
-0
-0
-0
-0
-0
-0
0
0
0
0
0
0
0
0
0
0
0
0
0
0
0
0
0
0
0
0
0
0
0
0
0
0
0
0
0
0
0
0
0
0
0
0
0
0
0
0
0
0
0
0
0
0
0
0
0
0
-0
-0
-0
-0
-0
-0
-0
-0
-0
-0
-0
-0
-0
-0
-0
-0
-0
-0
-0
-0
-0
-0
-0
-0
-0
-0
-0
-0
-0
-0
-0
-0
-0
-0
-0
-0
-0
-0
-0
-0
-0
-0
-0
-0
-0
-0
-0
-0
-0
-0
0
0
0
0
0
0
0
0
0
0
0
0
0
0
0
0
0
0
0
0
0
0
0
0
0
0
0
0
0
0
0
0
0
0
0
0
0
0
0
0
0
0
0
0
0
0
0
0
0
0
-0
-0
-0
-0
-0
-0
-0
-0
-0
-0
-0
-0
-0
-0
-0
-0
-0
-0
-0
-0
-0
-0
-0
-0
-0
-0
-0
-0
-0
-0
-0
-0
-0
-0
-0
-0
-0
-0
-0
-0
-0
-0
-0
-0
-0
-0
-0
-0
-0
-0
0
0
0
0
0
0
0
0
0
0
0
0
0
0
0
0
0
0
0
0
0
0
0
0
0
0
0
0
0
0
0
0
0
0
0
0
0
0
0
0
0
0
0
0
0
0
0
0
0
0
-0
-0
-0
-0
-0
-0
-0
-0
-0
-0
-0
-0
-0
-0
-0
-0
-0
-0
-0
-0
-0
-0
-0
-0
-0
-0
-0
-0
-0
-0
-0
-0
-0
-0
-0
-0
-0
-0
-0
-0
-0
-0
-0
-0
-0
-0
-0
-0
-0
-0
0
0
0
0
0
0
0
0
0
0
0
0
0
0
0
0
0
0
0
0
0
0
0
0
0
0
0
0
0
0
0
0
0
0
0
0
0
0
0
0
0
0
0
0
0
0
0
0
0
0
-0
-0
-0
-0
-0
-0
-0
-0
-0
-0
-0
-0
-0
-0
-0
-0
-0
-0
-0
-0
-0
-0
-0
-0
-0
-0
-0
-0
-0
-0
-0
-0
-0
-0
-0
-0
-0
-0
-0
-0
-0
-0
-0
-0
-0
-0
-0
-0
-0
-0
0
0
0
0
0
0
0
0
0
0
0
0
0
0
0
0
0
0
0
0
0
0
0
0
0
0
0
0
0
0
0
0
0
0
0
0
0
0
0
0
0
0
0
0
0
0
0
0
0
0
-0
-0
-0
-0
-0
-0
-0
-0
-0
-0
-0
-0
-0
-0
-0
-0
-0
-0
-0
-0
-0
-0
-0
-0
-0
-0
-0
-0
-0
-0
-0
-0
-0
-0
-0
-0
-0
-0
-0
-0
-0
-0
-0
-0
-0
-0
-0
-0
-0
-0
0
0
0
0
0
0
0
0
0
0
0
0
0
0
0
0
0
0
0
0
0
0
0
0
0
0
0
0
0
0
0
0
0
0
0
0
0
0
0
0
0
0
0
0
0
0
0
0
0
0
-0
-0
-0
-0
-0
-0
-0
-0
-0
-0
-0
-0
-0
-0
-0
-0
-0
-0
-0
-0
-0
-0
-0
-0
-0
-0
-0
-0
-0
-0
-0
-0
-0
-0
-0
-0
-0
-0
-0
-0
-0
-0
-0
-0
-0
-0
-0
-0
-0
-0
0
0
0
0
0
0
0
0
0
0
0
0
0
0
0
0
0
0
0
0
0
0
0
0
0
0
0
0
0
0
0
0
0
0
0
0
0
0
0
0
0
0
0
0
0
0
0
0
0
0
-0
-0
-0
-0
-0
-0
-0
-0
-0
-0
-0
-0
-0
-0
-0
-0
-0
-0
-0
-0
-0
-0
-0
-0
-0
-0
-0
-0
-0
-0
-0
-0
-0
-0
-0
-0
-0
-0
-0
-0
-0
-0
-0
-0
-0
-0
-0
-0
-0
-0
0
0
0
0
0
0
0
0
0
0
0
0
0
0
0
0
0
0
0
0
0
0
0
0
0
0
0
0
0
0
0
0
0
0
0
0
0
0
0
0
0
0
0
0
0
0
0
0
0
0
-0
-0
-0
-0
-0
-0
-0
-0
-0
-0
-0
-0
-0
-0
-0
-0
-0
-0
-0
-0
-0
-0
-0
-0
-0
-0
-0
-0
-0
-0
-0
-0
-0
-0
-0
-0
-0
-0
-0
-0
-0
-0
-0
-0
-0
-0
-0
-0
-0
-0
0
0
0
0
0
0
0
0
0
0
0
0
0
0
0
0
0
0
0
0
0
0
0
0
0
0
0
0
0
0
0
0
0
0
0
0
0
0
0
0
0
0
0
0
0
0
0
0
0
0
-0
-0
-0
-0
-0
-0
-0
-0
-0
-0
-0
-0
-0
-0
-0
-0
-0
-0
-0
-0
-0
-0
-0
-0
-0
-0
-0
-0
-0
-0
-0
-0
-0
-0
-0
-0
-0
-0
-0
-0
-0
-0
-0
-0
-0
-0
-0
-0
-0
-0
0
0
0
0
0
0
0
0
0
0
0
0
0
0
0
0
0
0
0
0
0
0
0
0
0
0
0
0
0
0
0
0
0
0
0
0
0
0
0
0
0
0
0
0
0
0
0
0
0
-0
-0
-0
-0
-0
-0
-0
-0
-0
-0
-0
-0
-0
-0
-0
-0
-0
-0
-0
-0
-0
-0
-0
-0
-0
-0
-0
-0
-0
-0
-0
-0
-0
-0
-0
-0
-0
-0
-0
-0
-0
-0
-0
-0
-0
-0
-0
-0
-0
-0
-0
0
0
0
0
0
0
0
0
0
0
0
0
0
0
0
0
0
0
0
0
0
0
0
0
0
0
0
0
0
0
0
0
0
0
0
0
0
0
0
0
0
0
0
0
0
0
0
0
0
0
-0
-0
-0
-0
-0
-0
-0
-0
-0
-0
-0
-0
-0
-0
-0
-0
-0
-0
-0
-0
-0
-0
-0
-0
-0
-0
-0
-0
-0
-0
-0
-0
-0
-0
-0
-0
-0
-0
-0
-0
-0
-0
-0
-0
-0
-0
-0
-0
-0
0
0
0
0
0
0
0
0
0
0
0
0
0
0
0
0
0
0
0
0
0
0
0
0
0
0
0
0
0
0
0
0
0
0
0
0
0
0
0
0
0
0
0
0
0
0
0
0
0
0
0
-0
-0
-0
-0
-0
-0
-0
-0
-0
-0
-0
-0
-0
-0
-0
-0
-0
-0
-0
-0
-0
-0
-0
-0
-0
-0
-0
-0
-0
-0
-0
-0
-0
-0
-0
-0
-0
-0
-0
-0
-0
-0
-0
-0
-0
-0
-0
-0
-0
-0
0
0
0
0
0
0
0
0
0
0
0
0
0
0
0
0
0
0
0
0
0
0
0
0
0
0
0
0
0
0
0
0
0
0
0
0
0
0
0
0
0
0
0
0
0
0
0
0
0
0
-0
-0
-0
-0
-0
-0
-0
-0
-0
-0
-0
-0
-0
-0
-0
-0
-0
-0
-0
-0
-0
-0
-0
-0
-0
-0
-0
-0
-0
-0
-0
-0
-0
-0
-0
-0
-0
-0
-0
-0
-0
-0
-0
-0
-0
-0
-0
-0
-0
-0
0
0
0
0
0
0
0
0
0
0
0
0
0
0
0
0
0
0
0
0
0
0
0
0
0
0
0
0
0
0
0
0
0
0
0
0
0
0
0
0
0
0
0
0
0
0
0
0
0
-0
-0
-0
-0
-0
-0
-0
-0
-0
-0
-0
-0
-0
-0
-0
-0
-0
-0
-0
-0
-0
-0
-0
-0
-0
-0
-0
-0
-0
-0
-0
-0
-0
-0
-0
-0
-0
-0
-0
-0
-0
-0
-0
-0
-0
-0
-0
-0
-0
-0
-0
0
0
0
0
0
0
0
0
0
0
0
0
0
0
0
0
0
0
0
0
0
0
0
0
0
0
0
0
0
0
0
0
0
0
0
0
0
0
0
0
0
0
0
0
0
0
0
0
0
-0
-0
-0
-0
-0
-0
-0
-0
-0
-0
-0
-0
-0
-0
-0
-0
-0
-0
-0
-0
-0
-0
-0
-0
-0
-0
-0
-0
-0
-0
-0
-0
-0
-0
-0
-0
-0
-0
-0
-0
-0
-0
-0
-0
-0
-0
-0
-0
-0
-0
-0
0
0
0
0
0
0
0
0
0
0
0
0
0
0
0
0
0
0
0
0
0
0
0
0
0
0
0
0
0
0
0
0
0
0
0
0
0
0
0
0
0
0
0
0
0
0
0
0
0
0
-0
-0
-0
-0
-0
-0
-0
-0
-0
-0
-0
-0
-0
-0
-0
-0
-0
-0
-0
-0
-0
-0
-0
-0
-0
-0
-0
-0
-0
-0
-0
-0
-0
-0
-0
-0
-0
-0
-0
-0
-0
-0
-0
-0
-0
-0
-0
-0
-0
-0
0
0
0
0
0
0
0
0
0
0
0
0
0
0
0
0
0
0
0
0
0
0
0
0
0
0
0
0
0
0
0
0
0
0
0
0
0
0
0
0
0
0
0
0
0
0
0
0
0
0
-0
-0
-0
-0
-0
-0
-0
-0
-0
-0
-0
-0
-0
-0
-0
-0
-0
-0
-0
-0
-0
-0
-0
-0
-0
-0
-0
-0
-0
-0
-0
-0
-0
-0
-0
-0
-0
-0
-0
-0
-0
-0
-0
-0
-0
-0
-0
-0
-0
-0
0
0
0
0
0
0
0
0
0
0
0
0
0
0
0
0
0
0
0
0
0
0
0
0
0
0
0
0
0
0
0
0
0
0
0
0
0
0
0
0
0
0
0
0
0
0
0
0
0
0
-0
-0
-0
-0
-0
-0
-0
-0
-0
-0
-0
-0
-0
-0
-0
-0
-0
-0
-0
-0
-0
-0
-0
-0
-0
-0
-0
-0
-0
-0
-0
-0
-0
-0
-0
-0
-0
-0
-0
-0
-0
-0
-0
-0
-0
-0
-0
-0
-0
-0
0
0
0
0
0
0
0
0
0
0
0
0
0
0
0
0
0
0
0
0
0
0
0
0
0
0
0
0
0
0
0
0
0
0
0
0
0
0
0
0
0
0
0
0
0
0
0
0
0
-0
-0
-0
-0
-0
-0
-0
-0
-0
-0
-0
-0
-0
-0
-0
-0
-0
-0
-0
-0
-0
-0
-0
-0
-0
-0
-0
-0
-0
-0
-0
-0
-0
-0
-0
-0
-0
-0
-0
-0
-0
-0
-0
-0
-0
-0
-0
-0
-0
-0
-0
0
0
0
0
0
0
0
0
0
0
0
0
0
0
0
0
0
0
0
0
0
0
0
0
0
0
0
0
0
0
0
0
0
0
0
0
0
0
0
0
0
0
0
0
0
0
0
0
0
-0
-0
-0
-0
-0
-0
-0
-0
-0
-0
-0
-0
-0
-0
-0
-0
-0
-0
-0
-0
-0
-0
-0
-0
-0
-0
-0
-0
-0
-0
-0
-0
-0
-0
-0
-0
-0
-0
-0
-0
-0
-0
-0
-0
-0
-0
-0
-0
-0
-0
-0
0
0
0
0
0
0
0
0
0
0
0
0
0
0
0
0
0
0
0
0
0
0
0
0
0
0
0
0
0
0
0
0
0
0
0
0
0
0
0
0
0
0
0
0
0
0
0
0
0
0
-0
-0
-0
-0
-0
-0
-0
-0
-0
-0
-0
-0
-0
-0
-0
-0
-0
-0
-0
-0
-0
-0
-0
-0
-0
-0
-0
-0
-0
-0
-0
-0
-0
-0
-0
-0
-0
-0
-0
-0
-0
-0
-0
-0
-0
-0
-0
-0
-0
-0
0
0
0
0
0
0
0
0
0
0
0
0
0
0
0
0
0
0
0
0
0
0
0
0
0
0
0
0
0
0
0
0
0
0
0
0
0
0
0
0
0
0
0
0
0
0
0
0
0
0
-0
-0
-0
-0
-0
-0
-0
-0
-0
-0
-0
-0
-0
-0
-0
-0
-0
-0
-0
-0
-0
-0
-0
-0
-0
-0
-0
-0
-0
-0
-0
-0
-0
-0
-0
-0
-0
-0
-0
-0
-0
-0
-0
-0
-0
-0
-0
-0
-0
-0
0
0
0
0
0
0
0
0
0
0
0
0
0
0
0
0
0
0
0
0
0
0
0
0
0
0
0
0
0
0
0
0
0
0
0
0
0
0
0
0
0
0
0
0
0
0
0
0
0
0
-0
-0
-0
-0
-0
-0
-0
-0
-0
-0
-0
-0
-0
-0
-0
-0
-0
-0
-0
-0
-0
-0
-0
-0
-0
-0
-0
-0
-0
-0
-0
-0
-0
-0
-0
-0
-0
-0
-0
-0
-0
-0
-0
-0
-0
-0
-0
-0
-0
-0
0
0
0
0
0
0
0
0
0
0
0
0
0
0
0
0
0
0
0
0
0
0
0
0
0
0
0
0
0
0
0
0
0
0
0
0
0
0
0
0
0
0
0
0
0
0
0
0
0
-0
-0
-0
-0
-0
-0
-0
-0
-0
-0
-0
-0
-0
-0
-0
-0
-0
-0
-0
-0
-0
-0
-0
-0
-0
-0
-0
-0
-0
-0
-0
-0
-0
-0
-0
-0
-0
-0
-0
-0
-0
-0
-0
-0
-0
-0
-0
-0
-0
-0
-0
0
0
0
0
0
0
0
0
0
0
0
0
0
0
0
0
0
0
0
0
0
0
0
0
0
0
0
0
0
0
0
0
0
0
0
0
0
0
0
0
0
0
0
0
0
0
0
0
0
-0
-0
-0
-0
-0
-0
-0
-0
-0
-0
-0
-0
-0
-0
-0
-0
-0
-0
-0
-0
-0
-0
-0
-0
-0
-0
-0
-0
-0
-0
-0
-0
-0
-0
-0
-0
-0
-0
-0
-0
-0
-0
-0
-0
-0
-0
-0
-0
-0
-0
-0
0
0
0
0
0
0
0
0
0
0
0
0
0
0
0
0
0
0
0
0
0
0
0
0
0
0
0
0
0
0
0
0
0
0
0
0
0
0
0
0
0
0
0
0
0
0
0
0
0
0
-0
-0
-0
-0
-0
-0
-0
-0
-0
-0
-0
-0
-0
-0
-0
-0
-0
-0
-0
-0
-0
-0
-0
-0
-0
-0
-0
-0
-0
-0
-0
-0
-0
-0
-0
-0
-0
-0
-0
-0
-0
-0
-0
-0
-0
-0
-0
-0
-0
-0
0
0
0
0
0
0
0
0
0
0
0
0
0
0
0
0
0
0
0
0
0
0
0
0
0
0
0
0
0
0
0
0
0
0
0
0
0
0
0
0
0
0
0
0
0
0
0
0
0
0
-0
-0
-0
-0
-0
-0
-0
-0
-0
-0
-0
-0
-0
-0
-0
-0
-0
-0
-0
-0
-0
-0
-0
-0
-0
-0
-0
-0
-0
-0
-0
-0
-0
-0
-0
-0
-0
-0
-0
-0
-0
-0
-0
-0
-0
-0
-0
-0
-0
-0
0
0
0
0
0
0
0
0
0
0
0
0
0
0
0
0
0
0
0
0
0
0
0
0
0
0
0
0
0
0
0
0
0
0
0
0
0
0
0
0
0
0
0
0
0
0
0
0
0
0
-0
-0
-0
-0
-0
-0
-0
-0
-0
-0
-0
-0
-0
-0
-0
-0
-0
-0
-0
-0
-0
-0
-0
-0
-0
-0
-0
-0
-0
-0
-0
-0
-0
-0
-0
-0
-0
-0
-0
-0
-0
-0
-0
-0
-0
-0
-0
-0
-0
-0
0
0
0
0
0
0
0
0
0
0
0
0
0
0
0
0
0
0
0
0
0
0
0
0
0
0
0
0
0
0
0
0
0
0
0
0
0
0
0
0
0
0
0
0
0
0
0
0
0
-0
-0
-0
-0
-0
-0
-0
-0
-0
-0
-0
-0
-0
-0
-0
-0
-0
-0
-0
-0
-0
-0
-0
-0
-0
-0
-0
-0
-0
-0
-0
-0
-0
-0
-0
-0
-0
-0
-0
-0
-0
-0
-0
-0
-0
-0
-0
-0
-0
-0
-0
0
0
0
0
0
0
0
0
0
0
0
0
0
0
0
0
0
0
0
0
0
0
0
0
0
0
0
0
0
0
0
0
0
0
0
0
0
0
0
0
0
0
0
0
0
0
0
0
0
-0
-0
-0
-0
-0
-0
-0
-0
-0
-0
-0
-0
-0
-0
-0
-0
-0
-0
-0
-0
-0
-0
-0
-0
-0
-0
-0
-0
-0
-0
-0
-0
-0
-0
-0
-0
-0
-0
-0
-0
-0
-0
-0
-0
-0
-0
-0
-0
-0
-0
-0
0
0
0
0
0
0
0
0
0
0
0
0
0
0
0
0
0
0
0
0
0
0
0
0
0
0
0
0
0
0
0
0
0
0
0
0
0
0
0
0
0
0
0
0
0
0
0
0
0
-0
