-0
-0
-0
-0
-0
-0
-0
-0
-0
-0
-0
-0
-0
-0
-0
-0
-0
-0
-0
-0
-0
-0
-0
-0
-0
-0
-0
-0
-0
-0
-0
-0
-0
-0
-0
-0
-0
-0
-0
-0
-0
-0
-0
-0
-0
-0
-0
-0
-0
-0
-0
0
0
0
0
0
0
0
0
0
0
0
0
0
0
0
0
0
0
0
0
0
0
0
0
0
0
0
0
0
0
0
0
0
0
0
0
0
0
0
0
0
0
0
0
0
0
0
0
0
0
-0
-0
-0
-0
-0
-0
-0
-0
-0
-0
-0
-0
-0
-0
-0
-0
-0
-0
-0
-0
-0
-0
-0
-0
-0
-0
-0
-0
-0
-0
-0
-0
-0
-0
-0
-0
-0
-0
-0
-0
-0
-0
-0
-0
-0
-0
-0
-0
-0
-0
0
0
0
0
0
0
0
0
0
0
0
0
0
0
0
0
0
0
0
0
0
0
0
0
0
0
0
0
0
0
0
0
0
0
0
0
0
0
0
0
0
0
0
0
0
0
0
0
0
0
-0
-0
-0
-0
-0
-0
-0
-0
-0
-0
-0
-0
-0
-0
-0
-0
-0
-0
-0
-0
-0
-0
-0
-0
-0
-0
-0
-0
-0
-0
-0
-0
-0
-0
-0
-0
-0
-0
-0
-0
-0
-0
-0
-0
-0
-0
-0
-0
-0
-0
0
0
0
0
0
0
0
0
0
0
0
0
0
0
0
0
0
0
0
0
0
0
0
0
0
0
0
0
0
0
0
0
0
0
0
0
0
0
0
0
0
0
0
0
0
0
0
0
0
0
-0
-0
-0
-0
-0
-0
-0
-0
-0
-0
-0
-0
-0
-0
-0
-0
-0
-0
-0
-0
-0
-0
-0
-0
-0
-0
-0
-0
-0
-0
-0
-0
-0
-0
-0
-0
-0
-0
-0
-0
-0
-0
-0
-0
-0
-0
-0
-0
-0
0
0
0
0
0
0
0
0
0
0
0
0
0
0
0
0
0
0
0
0
0
0
0
0
0
0
0
0
0
0
0
0
0
0
0
0
0
0
0
0
0
0
0
0
0
0
0
0
0
0
0
-0
-0
-0
-0
-0
-0
-0
-0
-0
-0
-0
-0
-0
-0
-0
-0
-0
-0
-0
-0
-0
-0
-0
-0
-0
-0
-0
-0
-0
-0
-0
-0
-0
-0
-0
-0
-0
-0
-0
-0
-0
-0
-0
-0
-0
-0
-0
-0
-0
-0
0
0
0
0
0
0
0
0
0
0
0
0
0
0
0
0
0
0
0
0
0
0
0
0
0
0
0
0
0
0
0
0
0
0
0
0
0
0
0
0
0
0
0
0
0
0
0
0
0
0
-0
-0
-0
-0
-0
-0
-0
-0
-0
-0
-0
-0
-0
-0
-0
-0
-0
-0
-0
-0
-0
-0
-0
-0
-0
-0
-0
-0
-0
-0
-0
-0
-0
-0
-0
-0
-0
-0
-0
-0
-0
-0
-0
-0
-0
-0
-0
-0
-0
0
0
0
0
0
0
0
0
0
0
0
0
0
0
0
0
0
0
0
0
0
0
0
0
0
0
0
0
0
0
0
0
0
0
0
0
0
0
0
0
0
0
0
0
0
0
0
0
0
0
0
-0
-0
-0
-0
-0
-0
-0
-0
-0
-0
-0
-0
-0
-0
-0
-0
-0
-0
-0
-0
-0
-0
-0
-0
-0
-0
-0
-0
-0
-0
-0
-0
-0
-0
-0
-0
-0
-0
-0
-0
-0
-0
-0
-0
-0
-0
-0
-0
-0
0
0
0
0
0
0
0
0
0
0
0
0
0
0
0
0
0
0
0
0
0
0
0
0
0
0
0
0
0
0
0
0
0
0
0
0
0
0
0
0
0
0
0
0
0
0
0
0
0
0
-0
-0
-0
-0
-0
-0
-0
-0
-0
-0
-0
-0
-0
-0
-0
-0
-0
-0
-0
-0
-0
-0
-0
-0
-0
-0
-0
-0
-0
-0
-0
-0
-0
-0
-0
-0
-0
-0
-0
-0
-0
-0
-0
-0
-0
-0
-0
-0
-0
-0
-0
0
0
0
0
0
0
0
0
0
0
0
0
0
0
0
0
0
0
0
0
0
0
0
0
0
0
0
0
0
0
0
0
0
0
0
0
0
0
0
0
0
0
0
0
0
0
0
0
0
0
-0
-0
-0
-0
-0
-0
-0
-0
-0
-0
-0
-0
-0
-0
-0
-0
-0
-0
-0
-0
-0
-0
-0
-0
-0
-0
-0
-0
-0
-0
-0
-0
-0
-0
-0
-0
-0
-0
-0
-0
-0
-0
-0
-0
-0
-0
-0
-0
-0
-0
0
0
0
0
0
0
0
0
0
0
0
0
0
0
0
0
0
0
0
0
0
0
0
0
0
0
0
0
0
0
0
0
0
0
0
0
0
0
0
0
0
0
0
0
0
0
0
0
0
0
-0
-0
-0
-0
-0
-0
-0
-0
-0
-0
-0
-0
-0
-0
-0
-0
-0
-0
-0
-0
-0
-0
-0
-0
-0
-0
-0
-0
-0
-0
-0
-0
-0
-0
-0
-0
-0
-0
-0
-0
-0
-0
-0
-0
-0
-0
-0
-0
-0
0
0
0
0
0
0
0
0
0
0
0
0
0
0
0
0
0
0
0
0
0
0
0
0
0
0
0
0
0
0
0
0
0
0
0
0
0
0
0
0
0
0
0
0
0
0
0
0
0
0
0
-0
-0
-0
-0
-0
-0
-0
-0
-0
-0
-0
-0
-0
-0
-0
-0
-0
-0
-0
-0
-0
-0
-0
-0
-0
-0
-0
-0
-0
-0
-0
-0
-0
-0
-0
-0
-0
-0
-0
-0
-0
-0
-0
-0
-0
-0
-0
-0
-0
0
0
0
0
0
0
0
0
0
0
0
0
0
0
0
0
0
0
0
0
0
0
0
0
0
0
0
0
0
0
0
0
0
0
0
0
0
0
0
0
0
0
0
0
0
0
0
0
0
0
-0
-0
-0
-0
-0
-0
-0
-0
-0
-0
-0
-0
-0
-0
-0
-0
-0
-0
-0
-0
-0
-0
-0
-0
-0
-0
-0
-0
-0
-0
-0
-0
-0
-0
-0
-0
-0
-0
-0
-0
-0
-0
-0
-0
-0
-0
-0
-0
-0
-0
0
0
0
0
0
0
0
0
0
0
0
0
0
0
0
0
0
0
0
0
0
0
0
0
0
0
0
0
0
0
0
0
0
0
0
0
0
0
0
0
0
0
0
0
0
0
0
0
0
0
0
-0
-0
-0
-0
-0
-0
-0
-0
-0
-0
-0
-0
-0
-0
-0
-0
-0
-0
-0
-0
-0
-0
-0
-0
-0
-0
-0
-0
-0
-0
-0
-0
-0
-0
-0
-0
-0
-0
-0
-0
-0
-0
-0
-0
-0
-0
-0
-0
-0
0
0
0
0
0
0
0
0
0
0
0
0
0
0
0
0
0
0
0
0
0
0
0
0
0
0
0
0
0
0
0
0
0
0
0
0
0
0
0
0
0
0
0
0
0
0
0
0
0
0
-0
-0
-0
-0
-0
-0
-0
-0
-0
-0
-0
-0
-0
-0
-0
-0
-0
-0
-0
-0
-0
-0
-0
-0
-0
-0
-0
-0
-0
-0
-0
-0
-0
-0
-0
-0
-0
-0
-0
-0
-0
-0
-0
-0
-0
-0
-0
-0
-0
-0
0
0
0
0
0
0
0
0
0
0
0
0
0
0
0
0
0
0
0
0
0
0
0
0
0
0
0
0
0
0
0
0
0
0
0
0
0
0
0
0
0
0
0
0
0
0
0
0
0
0
-0
-0
-0
-0
-0
-0
-0
-0
-0
-0
-0
-0
-0
-0
-0
-0
-0
-0
-0
-0
-0
-0
-0
-0
-0
-0
-0
-0
-0
-0
-0
-0
-0
-0
-0
-0
-0
-0
-0
-0
-0
-0
-0
-0
-0
-0
-0
-0
-0
-0
0
0
0
0
0
0
0
0
0
0
0
0
0
0
0
0
0
0
0
0
0
0
0
0
0
0
0
0
0
0
0
0
0
0
0
0
0
0
0
0
0
0
0
0
0
0
0
0
0
0
0
-0
-0
-0
-0
-0
-0
-0
-0
-0
-0
-0
-0
-0
-0
-0
-0
-0
-0
-0
-0
-0
-0
-0
-0
-0
-0
-0
-0
-0
-0
-0
-0
-0
-0
-0
-0
-0
-0
-0
-0
-0
-0
-0
-0
-0
-0
-0
-0
-0
-0
0
0
0
0
0
0
0
0
0
0
0
0
0
0
0
0
0
0
0
0
0
0
0
0
0
0
0
0
0
0
0
0
0
0
0
0
0
0
0
0
0
0
0
0
0
0
0
0
0
0
-0
-0
-0
-0
-0
-0
-0
-0
-0
-0
-0
-0
-0
-0
-0
-0
-0
-0
-0
-0
-0
-0
-0
-0
-0
-0
-0
-0
-0
-0
-0
-0
-0
-0
-0
-0
-0
-0
-0
-0
-0
-0
-0
-0
-0
-0
-0
-0
-0
-0
0
0
0
0
0
0
0
0
0
0
0
0
0
0
0
0
0
0
0
0
0
0
0
0
0
0
0
0
0
0
0
0
0
0
0
0
0
0
0
0
0
0
0
0
0
0
0
0
0
0
-0
-0
-0
-0
-0
-0
-0
-0
-0
-0
-0
-0
-0
-0
-0
-0
-0
-0
-0
-0
-0
-0
-0
-0
-0
-0
-0
-0
-0
-0
-0
-0
-0
-0
-0
-0
-0
-0
-0
-0
-0
-0
-0
-0
-0
-0
-0
-0
-0
-0
0
0
0
0
0
0
0
0
0
0
0
0
0
0
0
0
0
0
0
0
0
0
0
0
0
0
0
0
0
0
0
0
0
0
0
0
0
0
0
0
0
0
0
0
0
0
0
0
0
0
-0
-0
-0
-0
-0
-0
-0
-0
-0
-0
-0
-0
-0
-0
-0
-0
-0
-0
-0
-0
-0
-0
-0
-0
-0
-0
-0
-0
-0
-0
-0
-0
-0
-0
-0
-0
-0
-0
-0
-0
-0
-0
-0
-0
-0
-0
-0
-0
-0
-0
0
0
0
0
0
0
0
0
0
0
0
0
0
0
0
0
0
0
0
0
0
0
0
0
0
0
0
0
0
0
0
0
0
0
0
0
0
0
0
0
0
0
0
0
0
0
0
0
0
-0
-0
-0
-0
-0
-0
-0
-0
-0
-0
-0
-0
-0
-0
-0
-0
-0
-0
-0
-0
-0
-0
-0
-0
-0
-0
-0
-0
-0
-0
-0
-0
-0
-0
-0
-0
-0
-0
-0
-0
-0
-0
-0
-0
-0
-0
-0
-0
-0
-0
-0
0
0
0
0
0
0
0
0
0
0
0
0
0
0
0
0
0
0
0
0
0
0
0
0
0
0
0
0
0
0
0
0
0
0
0
0
0
0
0
0
0
0
0
0
0
0
0
0
0
0
-1.507e-08
-6.016e-08
-1.3491e-07
-2.3874e-07
-3.7082e-07
-5.301e-07
-7.1531e-07
-9.2497e-07
-1.1574e-06
-1.4107e-06
-1.6828e-06
-1.9715e-06
-2.2744e-06
-2.5889e-06
-2.9125e-06
-3.2422e-06
-3.5753e-06
-3.9089e-06
-4.2398e-06
-4.5651e-06
-4.8817e-06
-5.1865e-06
-5.4765e-06
-5.7486e-06
-6e-06
-6.2277e-06
-6.4289e-06
-6.601e-06
-6.7413e-06
-6.8476e-06
-6.9175e-06
-6.9491e-06
-6.9403e-06
-6.8897e-06
-6.7957e-06
-6.6572e-06
-6.4732e-06
-6.2431e-06
-5.9663e-06
-5.6427e-06
-5.2725e-06
-4.8561e-06
-4.394e-06
-3.8874e-06
-3.3374e-06
-2.7455e-06
-2.1137e-06
-1.4438e-06
-7.3842e-07
-1.8815e-19
7.6856e-07
1.5642e-06
2.3835e-06
3.223e-06
4.079e-06
4.9476e-06
5.8247e-06
6.706e-06
7.5873e-06
8.4641e-06
9.3319e-06
1.0186e-05
1.1022e-05
1.1835e-05
1.2621e-05
1.3374e-05
1.4091e-05
1.4767e-05
1.5397e-05
1.5978e-05
1.6505e-05
1.6974e-05
1.7382e-05
1.7725e-05
1.8e-05
1.8204e-05
1.8334e-05
1.8388e-05
1.8364e-05
1.826e-05
1.8075e-05
1.7807e-05
1.7456e-05
1.7022e-05
1.6504e-05
1.5903e-05
1.5221e-05
1.4458e-05
1.3615e-05
1.2696e-05
1.1702e-05
1.0637e-05
9.5034e-06
8.3049e-06
7.0456e-06
5.7298e-06
4.3622e-06
2.9478e-06
1.4919e-06
-4.7086e-20
-1.522e-06
-3.0682e-06
-4.6321e-06
-6.2073e-06
-7.7872e-06
-9.3651e-06
-1.0934e-05
-1.2487e-05
-1.4017e-05
-1.5518e-05
-1.6981e-05
-1.8401e-05
-1.977e-05
-2.1081e-05
-2.2329e-05
-2.3506e-05
-2.4607e-05
-2.5625e-05
-2.6554e-05
-2.739e-05
-2.8128e-05
-2.8761e-05
-2.9287e-05
-2.9701e-05
-3e-05
-3.018e-05
-3.024e-05
-3.0176e-05
-2.9987e-05
-2.9673e-05
-2.9232e-05
-2.8665e-05
-2.7972e-05
-2.7154e-05
-2.6212e-05
-2.515e-05
-2.3968e-05
-2.2672e-05
-2.1264e-05
-1.975e-05
-1.8132e-05
-1.6418e-05
-1.4613e-05
-1.2722e-05
-1.0754e-05
-8.7141e-06
-6.6108e-06
-4.4518e-06
-2.2454e-06
-3.1747e-19
2.2755e-06
4.5722e-06
6.8806e-06
9.1916e-06
1.1495e-05
1.3783e-05
1.6043e-05
1.8268e-05
2.0447e-05
2.2571e-05
2.463e-05
2.6615e-05
2.8517e-05
3.0327e-05
3.2037e-05
3.3638e-05
3.5122e-05
3.6483e-05
3.7712e-05
3.8803e-05
3.9751e-05
4.0549e-05
4.1193e-05
4.1678e-05
4.2e-05
4.2157e-05
4.2145e-05
4.1963e-05
4.161e-05
4.1086e-05
4.0389e-05
3.9523e-05
3.8487e-05
3.7286e-05
3.592e-05
3.4396e-05
3.2716e-05
3.0887e-05
2.8914e-05
2.6803e-05
2.4562e-05
2.2199e-05
1.9722e-05
1.714e-05
1.4462e-05
1.1698e-05
8.8594e-06
5.9558e-06
2.9989e-06
-4.2348e-19
-3.029e-06
-6.0762e-06
-9.1292e-06
-1.2176e-05
-1.5204e-05
-1.82e-05
-2.1153e-05
-2.4049e-05
-2.6877e-05
-2.9624e-05
-3.2279e-05
-3.483e-05
-3.7265e-05
-3.9574e-05
-4.1745e-05
-4.377e-05
-4.5638e-05
-4.7341e-05
-4.8869e-05
-5.0216e-05
-5.1374e-05
-5.2336e-05
-5.3098e-05
-5.3654e-05
-5.4e-05
-5.4133e-05
-5.405e-05
-5.3751e-05
-5.3233e-05
-5.2498e-05
-5.1547e-05
-5.0381e-05
-4.9003e-05
-4.7417e-05
-4.5629e-05
-4.3642e-05
-4.1464e-05
-3.9101e-05
-3.6563e-05
-3.3856e-05
-3.0992e-05
-2.798e-05
-2.4831e-05
-2.1557e-05
-1.817e-05
-1.4683e-05
-1.1108e-05
-7.4598e-06
-3.7524e-06
-1.1749e-19
3.7825e-06
7.5802e-06
1.1378e-05
1.516e-05
1.8912e-05
2.2618e-05
2.6262e-05
2.983e-05
3.3307e-05
3.6678e-05
3.9928e-05
4.3044e-05
4.6012e-05
4.882e-05
5.1453e-05
5.3902e-05
5.6154e-05
5.8198e-05
6.0026e-05
6.1628e-05
6.2997e-05
6.4124e-05
6.5003e-05
6.563e-05
6.6e-05
6.6109e-05
6.5956e-05
6.5538e-05
6.4856e-05
6.3911e-05
6.2704e-05
6.1239e-05
5.9519e-05
5.7549e-05
5.5337e-05
5.2888e-05
5.0211e-05
4.7316e-05
4.4212e-05
4.091e-05
3.7422e-05
3.3761e-05
2.9941e-05
2.5975e-05
2.1878e-05
1.7667e-05
1.3357e-05
8.9638e-06
4.5058e-06
-1.1292e-18
-4.536e-06
-9.0842e-06
-1.3626e-05
-1.8144e-05
-2.262e-05
-2.7035e-05
-3.1371e-05
-3.5611e-05
-3.9737e-05
-4.3731e-05
-4.7577e-05
-5.1259e-05
-5.476e-05
-5.8066e-05
-6.1162e-05
-6.4034e-05
-6.6669e-05
-6.9056e-05
-7.1184e-05
-7.3041e-05
-7.462e-05
-7.5911e-05
-7.6909e-05
-7.7607e-05
-7.8e-05
-7.8086e-05
-7.7861e-05
-7.7326e-05
-7.6479e-05
-7.5324e-05
-7.3861e-05
-7.2097e-05
-7.0034e-05
-6.7681e-05
-6.5045e-05
-6.2134e-05
-5.8959e-05
-5.553e-05
-5.1861e-05
-4.7963e-05
-4.3852e-05
-3.9542e-05
-3.505e-05
-3.0392e-05
-2.5587e-05
-2.0651e-05
-1.5605e-05
-1.0468e-05
-5.2593e-06
4.1179e-19
5.2895e-06
1.0588e-05
1.5875e-05
2.1129e-05
2.6328e-05
3.1453e-05
3.6481e-05
4.1392e-05
4.6167e-05
5.0785e-05
5.5226e-05
5.9473e-05
6.3508e-05
6.7312e-05
7.087e-05
7.4166e-05
7.7185e-05
7.9914e-05
8.2341e-05
8.4454e-05
8.6243e-05
8.7699e-05
8.8814e-05
8.9583e-05
9e-05
9.0062e-05
8.9767e-05
8.9113e-05
8.8102e-05
8.6736e-05
8.5019e-05
8.2955e-05
8.055e-05
7.7813e-05
7.4753e-05
7.138e-05
6.7707e-05
6.3745e-05
5.951e-05
5.5017e-05
5.0282e-05
4.5323e-05
4.016e-05
3.481e-05
2.9295e-05
2.3635e-05
1.7854e-05
1.1972e-05
6.0128e-06
5.6432e-19
-6.043e-06
-1.2092e-05
-1.8124e-05
-2.4113e-05
-3.0036e-05
-3.587e-05
-4.159e-05
-4.7173e-05
-5.2597e-05
-5.7838e-05
-6.2876e-05
-6.7688e-05
-7.2255e-05
-7.6558e-05
-8.0578e-05
-8.4298e-05
-8.7701e-05
-9.0772e-05
-9.3498e-05
-9.5866e-05
-9.7866e-05
-9.9486e-05
-0.00010072
-0.00010156
-0.000102
-0.00010204
-0.00010167
-0.0001009
-9.9725e-05
-9.8149e-05
-9.6176e-05
-9.3812e-05
-9.1066e-05
-8.7945e-05
-8.4461e-05
-8.0627e-05
-7.6454e-05
-7.196e-05
-6.7159e-05
-6.207e-05
-5.6712e-05
-5.1104e-05
-4.5269e-05
-3.9227e-05
-3.3003e-05
-2.662e-05
-2.0102e-05
-1.3476e-05
-6.7663e-06
1.2704e-18
6.7964e-06
1.3596e-05
2.0372e-05
2.7097e-05
3.3745e-05
4.0288e-05
4.6699e-05
5.2954e-05
5.9027e-05
6.4891e-05
7.0525e-05
7.5903e-05
8.1003e-05
8.5804e-05
9.0286e-05
9.443e-05
9.8216e-05
0.00010163
0.00010466
0.00010728
0.00010949
0.00011127
0.00011262
0.00011354
0.000114
0.00011401
0.00011358
0.00011269
0.00011135
0.00010956
0.00010733
0.00010467
0.00010158
9.8077e-05
9.417e-05
8.9873e-05
8.5202e-05
8.0174e-05
7.4808e-05
6.9124e-05
6.3142e-05
5.6885e-05
5.0378e-05
4.3645e-05
3.6711e-05
2.9604e-05
2.2351e-05
1.498e-05
7.5198e-06
-1.1786e-19
-7.5499e-06
-1.51e-05
-2.2621e-05
-3.0082e-05
-3.7453e-05
-4.4705e-05
-5.1809e-05
-5.8735e-05
-6.5457e-05
-7.1945e-05
-7.8174e-05
-8.4117e-05
-8.9751e-05
-9.5051e-05
-9.9995e-05
-0.00010456
-0.00010873
-0.00011249
-0.00011581
-0.00011869
-0.00012111
-0.00012306
-0.00012453
-0.00012551
-0.000126
-0.00012599
-0.00012548
-0.00012448
-0.00012297
-0.00012097
-0.00011849
-0.00011553
-0.0001121
-0.00010821
-0.00010388
-9.9119e-05
-9.3949e-05
-8.8389e-05
-8.2457e-05
-7.6177e-05
-6.9572e-05
-6.2667e-05
-5.5488e-05
-4.8062e-05
-4.0419e-05
-3.2588e-05
-2.4599e-05
-1.6484e-05
-8.2733e-06
2.4583e-18
8.3034e-06
1.6604e-05
2.4869e-05
3.3066e-05
4.1161e-05
4.9123e-05
5.6918e-05
6.4516e-05
7.1887e-05
7.8998e-05
8.5823e-05
9.2332e-05
9.8498e-05
0.0001043
0.0001097
0.00011469
0.00011925
0.00012335
0.00012697
0.0001301
0.00013273
0.00013485
0.00013644
0.00013749
0.000138
0.00013797
0.00013739
0.00013626
0.00013459
0.00013239
0.00012965
0.00012639
0.00012261
0.00011834
0.00011359
0.00010836
0.0001027
9.6603e-05
9.0106e-05
8.323e-05
7.6002e-05
6.8448e-05
6.0597e-05
5.248e-05
4.4128e-05
3.5573e-05
2.6848e-05
1.7988e-05
9.0268e-06
-1.1293e-18
-9.0569e-06
-1.8108e-05
-2.7118e-05
-3.605e-05
-4.4869e-05
-5.354e-05
-6.2028e-05
-7.0297e-05
-7.8316e-05
-8.6052e-05
-9.3472e-05
-0.00010055
-0.00010725
-0.00011354
-0.00011941
-0.00012483
-0.00012976
-0.0001342
-0.00013813
-0.00014152
-0.00014436
-0.00014664
-0.00014834
-0.00014946
-0.00015
-0.00014994
-0.00014929
-0.00014805
-0.00014622
-0.0001438
-0.00014081
-0.00013724
-0.00013313
-0.00012847
-0.00012329
-0.00011761
-0.00011144
-0.00010482
-9.7755e-05
-9.0284e-05
-8.2432e-05
-7.4229e-05
-6.5706e-05
-5.6897e-05
-4.7836e-05
-3.8557e-05
-2.9097e-05
-1.9492e-05
-9.7803e-06
-4.5831e-19
9.8104e-06
1.9612e-05
2.9366e-05
3.9034e-05
4.8577e-05
5.7958e-05
6.7137e-05
7.6079e-05
8.4746e-05
9.3105e-05
0.00010112
0.00010876
0.00011599
0.00012279
0.00012912
0.00013496
0.00014028
0.00014506
0.00014928
0.00015293
0.00015598
0.00015842
0.00016025
0.00016144
0.000162
0.00016192
0.0001612
0.00015984
0.00015784
0.00015521
0.00015196
0.0001481
0.00014364
0.0001386
0.000133
0.00012686
0.00012019
0.00011303
0.0001054
9.7337e-05
8.8862e-05
8.001e-05
7.0816e-05
6.1315e-05
5.1544e-05
4.1541e-05
3.1345e-05
2.0996e-05
1.0534e-05
-2.4701e-18
-1.0564e-05
-2.1116e-05
-3.1615e-05
-4.2019e-05
-5.2286e-05
-6.2375e-05
-7.2246e-05
-8.186e-05
-9.1176e-05
-0.00010016
-0.00010877
-0.00011698
-0.00012474
-0.00013204
-0.00013883
-0.00014509
-0.00015079
-0.00015592
-0.00016044
-0.00016434
-0.0001676
-0.00017021
-0.00017215
-0.00017342
-0.000174
-0.0001739
-0.0001731
-0.00017163
-0.00016946
-0.00016663
-0.00016312
-0.00015896
-0.00015416
-0.00014874
-0.00014271
-0.0001361
-0.00012894
-0.00012125
-0.00011305
-0.00010439
-9.5291e-05
-8.5791e-05
-7.5925e-05
-6.5732e-05
-5.5252e-05
-4.4525e-05
-3.3594e-05
-2.25e-05
-1.1287e-05
7.0607e-19
1.1317e-05
2.262e-05
3.3864e-05
4.5003e-05
5.5994e-05
6.6793e-05
7.7356e-05
8.7641e-05
9.7606e-05
0.00010721
0.00011642
0.00012519
0.00013349
0.00014128
0.00014854
0.00015522
0.00016131
0.00016678
0.0001716
0.00017576
0.00017923
0.000182
0.00018406
0.00018539
0.000186
0.00018587
0.00018501
0.00018341
0.00018109
0.00017804
0.00017428
0.00016982
0.00016468
0.00015887
0.00015242
0.00014535
0.00013769
0.00012946
0.0001207
0.00011144
0.00010172
9.1572e-05
8.1034e-05
7.015e-05
5.896e-05
4.751e-05
3.5842e-05
2.4004e-05
1.2041e-05
-4.1402e-18
-1.2071e-05
-2.4124e-05
-3.6112e-05
-4.7987e-05
-5.9702e-05
-7.121e-05
-8.2465e-05
-9.3422e-05
-0.00010404
-0.00011427
-0.00012407
-0.0001334
-0.00014224
-0.00015053
-0.00015824
-0.00016535
-0.00017183
-0.00017764
-0.00018276
-0.00018717
-0.00019085
-0.00019379
-0.00019596
-0.00019737
-0.000198
-0.00019785
-0.00019691
-0.0001952
-0.00019271
-0.00018945
-0.00018543
-0.00018068
-0.00017519
-0.000169
-0.00016213
-0.0001546
-0.00014644
-0.00013768
-0.00012835
-0.0001185
-0.00010815
-9.7353e-05
-8.6144e-05
-7.4567e-05
-6.2669e-05
-5.0494e-05
-3.8091e-05
-2.5508e-05
-1.2794e-05
2.1997e-18
1.2824e-05
2.5628e-05
3.8361e-05
5.0971e-05
6.341e-05
7.5628e-05
8.7574e-05
9.9203e-05
0.00011047
0.00012132
0.00013172
0.00014162
0.00015098
0.00015977
0.00016795
0.00017549
0.00018234
0.00018849
0.00019391
0.00019858
0.00020247
0.00020557
0.00020787
0.00020935
0.00021
0.00020983
0.00020882
0.00020699
0.00020433
0.00020086
0.00019659
0.00019153
0.00018571
0.00017913
0.00017184
0.00016384
0.00015518
0.00014589
0.000136
0.00012555
0.00011458
0.00010313
9.1253e-05
7.8985e-05
6.6377e-05
5.3478e-05
4.0339e-05
2.7012e-05
1.3548e-05
-5.348e-22
-1.3578e-05
-2.7132e-05
-4.0609e-05
-5.3956e-05
-6.7118e-05
-8.0045e-05
-9.2684e-05
-0.00010498
-0.0001169
-0.00012837
-0.00013937
-0.00014983
-0.00015973
-0.00016902
-0.00017766
-0.00018562
-0.00019286
-0.00019935
-0.00020507
-0.00020999
-0.0002141
-0.00021736
-0.00021977
-0.00022132
-0.000222
-0.0002218
-0.00022073
-0.00021878
-0.00021596
-0.00021228
-0.00020775
-0.00020239
-0.00019622
-0.00018926
-0.00018154
-0.00017309
-0.00016393
-0.00015411
-0.00014365
-0.0001326
-0.00012101
-0.00010891
-9.6362e-05
-8.3402e-05
-7.0085e-05
-5.6463e-05
-4.2588e-05
-2.8516e-05
-1.4301e-05
4.0227e-18
1.4331e-05
2.8636e-05
4.2858e-05
5.694e-05
7.0827e-05
8.4462e-05
9.7793e-05
0.00011076
0.00012333
0.00013543
0.00014702
0.00015805
0.00016848
0.00017827
0.00018737
0.00019575
0.00020337
0.00021021
0.00021623
0.00022141
0.00022572
0.00022915
0.00023168
0.0002333
0.000234
0.00023378
0.00023263
0.00023056
0.00022758
0.00022369
0.00021891
0.00021325
0.00020674
0.0001994
0.00019125
0.00018233
0.00017268
0.00016232
0.0001513
0.00013966
0.00012744
0.0001147
0.00010147
8.782e-05
7.3793e-05
5.9447e-05
4.4837e-05
3.002e-05
1.5055e-05
5.1741e-18
-1.507e-05
-3.008e-05
-4.4972e-05
-5.9686e-05
-7.4164e-05
-8.835e-05
-0.00010219
-0.00011562
-0.0001286
-0.00014107
-0.00015298
-0.00016429
-0.00017495
-0.00018492
-0.00019416
-0.00020264
-0.00021031
-0.00021716
-0.00022315
-0.00022825
-0.00023246
-0.00023575
-0.00023811
-0.00023953
-0.00024
-0.00023953
-0.00023811
-0.00023575
-0.00023246
-0.00022825
-0.00022315
-0.00021716
-0.00021031
-0.00020264
-0.00019416
-0.00018492
-0.00017495
-0.00016429
-0.00015298
-0.00014107
-0.0001286
-0.00011562
-0.00010219
-8.835e-05
-7.4164e-05
-5.9686e-05
-4.4972e-05
-3.008e-05
-1.507e-05
-9.4023e-19
1.507e-05
3.008e-05
4.4972e-05
5.9686e-05
7.4164e-05
8.835e-05
0.00010219
0.00011562
0.0001286
0.00014107
0.00015298
0.00016429
0.00017495
0.00018492
0.00019416
0.00020264
0.00021031
0.00021716
0.00022315
0.00022825
0.00023246
0.00023575
0.00023811
0.00023953
0.00024
0.00023953
0.00023811
0.00023575
0.00023246
0.00022825
0.00022315
0.00021716
0.00021031
0.00020264
0.00019416
0.00018492
0.00017495
0.00016429
0.00015298
0.00014107
0.0001286
0.00011562
0.00010219
8.835e-05
7.4164e-05
5.9686e-05
4.4972e-05
3.008e-05
1.507e-05
3.5276e-18
-1.507e-05
-3.008e-05
-4.4972e-05
-5.9686e-05
-7.4164e-05
-8.835e-05
-0.00010219
-0.00011562
-0.0001286
-0.00014107
-0.00015298
-0.00016429
-0.00017495
-0.00018492
-0.00019416
-0.00020264
-0.00021031
-0.00021716
-0.00022315
-0.00022825
-0.00023246
-0.00023575
-0.00023811
-0.00023953
-0.00024
-0.00023953
-0.00023811
-0.00023575
-0.00023246
-0.00022825
-0.00022315
-0.00021716
-0.00021031
-0.00020264
-0.00019416
-0.00018492
-0.00017495
-0.00016429
-0.00015298
-0.00014107
-0.0001286
-0.00011562
-0.00010219
-8.835e-05
-7.4164e-05
-5.9686e-05
-4.4972e-05
-3.008e-05
-1.507e-05
-6.1149e-18
1.507e-05
3.008e-05
4.4972e-05
5.9686e-05
7.4164e-05
8.835e-05
0.00010219
0.00011562
0.0001286
0.00014107
0.00015298
0.00016429
0.00017495
0.00018492
0.00019416
0.00020264
0.00021031
0.00021716
0.00022315
0.00022825
0.00023246
0.00023575
0.00023811
0.00023953
0.00024
0.00023953
0.00023811
0.00023575
0.00023246
0.00022825
0.00022315
0.00021716
0.00021031
0.00020264
0.00019416
0.00018492
0.00017495
0.00016429
0.00015298
0.00014107
0.0001286
0.00011562
0.00010219
8.835e-05
7.4164e-05
5.9686e-05
4.4972e-05
3.008e-05
1.507e-05
1.8811e-18
-1.507e-05
-3.008e-05
-4.4972e-05
-5.9686e-05
-7.4164e-05
-8.835e-05
-0.00010219
-0.00011562
-0.0001286
-0.00014107
-0.00015298
-0.00016429
-0.00017495
-0.00018492
-0.00019416
-0.00020264
-0.00021031
-0.00021716
-0.00022315
-0.00022825
-0.00023246
-0.00023575
-0.00023811
-0.00023953
-0.00024
-0.00023953
-0.00023811
-0.00023575
-0.00023246
-0.00022825
-0.00022315
-0.00021716
-0.00021031
-0.00020264
-0.00019416
-0.00018492
-0.00017495
-0.00016429
-0.00015298
-0.00014107
-0.0001286
-0.00011562
-0.00010219
-8.835e-05
-7.4164e-05
-5.9686e-05
-4.4972e-05
-3.008e-05
-1.507e-05
-4.4684e-18
1.507e-05
3.008e-05
4.4972e-05
5.9686e-05
7.4164e-05
8.835e-05
0.00010219
0.00011562
0.0001286
0.00014107
0.00015298
0.00016429
0.00017495
0.00018492
0.00019416
0.00020264
0.00021031
0.00021716
0.00022315
0.00022825
0.00023246
0.00023575
0.00023811
0.00023953
0.00024
0.00023953
0.00023811
0.00023575
0.00023246
0.00022825
0.00022315
0.00021716
0.00021031
0.00020264
0.00019416
0.00018492
0.00017495
0.00016429
0.00015298
0.00014107
0.0001286
0.00011562
0.00010219
8.835e-05
7.4164e-05
5.9686e-05
4.4972e-05
3.008e-05
1.507e-05
2.3454e-19
-1.507e-05
-3.008e-05
-4.4972e-05
-5.9686e-05
-7.4164e-05
-8.835e-05
-0.00010219
-0.00011562
-0.0001286
-0.00014107
-0.00015298
-0.00016429
-0.00017495
-0.00018492
-0.00019416
-0.00020264
-0.00021031
-0.00021716
-0.00022315
-0.00022825
-0.00023246
-0.00023575
-0.00023811
-0.00023953
-0.00024
-0.00023953
-0.00023811
-0.00023575
-0.00023246
-0.00022825
-0.00022315
-0.00021716
-0.00021031
-0.00020264
-0.00019416
-0.00018492
-0.00017495
-0.00016429
-0.00015298
-0.00014107
-0.0001286
-0.00011562
-0.00010219
-8.835e-05
-7.4164e-05
-5.9686e-05
-4.4972e-05
-3.008e-05
-1.507e-05
-2.8219e-18
1.507e-05
3.008e-05
4.4972e-05
5.9686e-05
7.4164e-05
8.835e-05
0.00010219
0.00011562
0.0001286
0.00014107
0.00015298
0.00016429
0.00017495
0.00018492
0.00019416
0.00020264
0.00021031
0.00021716
0.00022315
0.00022825
0.00023246
0.00023575
0.00023811
0.00023953
0.00024
0.00023953
0.00023811
0.00023575
0.00023246
0.00022825
0.00022315
0.00021716
0.00021031
0.00020264
0.00019416
0.00018492
0.00017495
0.00016429
0.00015298
0.00014107
0.0001286
0.00011562
0.00010219
8.835e-05
7.4164e-05
5.9686e-05
4.4972e-05
3.008e-05
1.507e-05
5.4092e-18
-1.507e-05
-3.008e-05
-4.4972e-05
-5.9686e-05
-7.4164e-05
-8.835e-05
-0.00010219
-0.00011562
-0.0001286
-0.00014107
-0.00015298
-0.00016429
-0.00017495
-0.00018492
-0.00019416
-0.00020264
-0.00021031
-0.00021716
-0.00022315
-0.00022825
-0.00023246
-0.00023575
-0.00023811
-0.00023953
-0.00024
-0.00023953
-0.00023811
-0.00023575
-0.00023246
-0.00022825
-0.00022315
-0.00021716
-0.00021031
-0.00020264
-0.00019416
-0.00018492
-0.00017495
-0.00016429
-0.00015298
-0.00014107
-0.0001286
-0.00011562
-0.00010219
-8.835e-05
-7.4164e-05
-5.9686e-05
-4.4972e-05
-3.008e-05
-1.507e-05
-1.1754e-18
1.507e-05
3.008e-05
4.4972e-05
5.9686e-05
7.4164e-05
8.835e-05
0.00010219
0.00011562
0.0001286
0.00014107
0.00015298
0.00016429
0.00017495
0.00018492
0.00019416
0.00020264
0.00021031
0.00021716
0.00022315
0.00022825
0.00023246
0.00023575
0.00023811
0.00023953
0.00024
0.00023953
0.00023811
0.00023575
0.00023246
0.00022825
0.00022315
0.00021716
0.00021031
0.00020264
0.00019416
0.00018492
0.00017495
0.00016429
0.00015298
0.00014107
0.0001286
0.00011562
0.00010219
8.835e-05
7.4164e-05
5.9686e-05
4.4972e-05
3.008e-05
1.507e-05
3.7627e-18
-1.507e-05
-3.008e-05
-4.4972e-05
-5.9686e-05
-7.4164e-05
-8.835e-05
-0.00010219
-0.00011562
-0.0001286
-0.00014107
-0.00015298
-0.00016429
-0.00017495
-0.00018492
-0.00019416
-0.00020264
-0.00021031
-0.00021716
-0.00022315
-0.00022825
-0.00023246
-0.00023575
-0.00023811
-0.00023953
-0.00024
-0.00023953
-0.00023811
-0.00023575
-0.00023246
-0.00022825
-0.00022315
-0.00021716
-0.00021031
-0.00020264
-0.00019416
-0.00018492
-0.00017495
-0.00016429
-0.00015298
-0.00014107
-0.0001286
-0.00011562
-0.00010219
-8.835e-05
-7.4164e-05
-5.9686e-05
-4.4972e-05
-3.008e-05
-1.507e-05
4.7116e-19
1.507e-05
3.008e-05
4.4972e-05
5.9686e-05
7.4164e-05
8.835e-05
0.00010219
0.00011562
0.0001286
0.00014107
0.00015298
0.00016429
0.00017495
0.00018492
0.00019416
0.00020264
0.00021031
0.00021716
0.00022315
0.00022825
0.00023246
0.00023575
0.00023811
0.00023953
0.00024
0.00023953
0.00023811
0.00023575
0.00023246
0.00022825
0.00022315
0.00021716
0.00021031
0.00020264
0.00019416
0.00018492
0.00017495
0.00016429
0.00015298
0.00014107
0.0001286
0.00011562
0.00010219
8.835e-05
7.4164e-05
5.9686e-05
4.4972e-05
3.008e-05
1.507e-05
2.1162e-18
-1.507e-05
-3.008e-05
-4.4972e-05
-5.9686e-05
-7.4164e-05
-8.835e-05
-0.00010219
-0.00011562
-0.0001286
-0.00014107
-0.00015298
-0.00016429
-0.00017495
-0.00018492
-0.00019416
-0.00020264
-0.00021031
-0.00021716
-0.00022315
-0.00022825
-0.00023246
-0.00023575
-0.00023811
-0.00023953
-0.00024
-0.00023953
-0.00023811
-0.00023575
-0.00023246
-0.00022825
-0.00022315
-0.00021716
-0.00021031
-0.00020264
-0.00019416
-0.00018492
-0.00017495
-0.00016429
-0.00015298
-0.00014107
-0.0001286
-0.00011562
-0.00010219
-8.835e-05
-7.4164e-05
-5.9686e-05
-4.4972e-05
-3.008e-05
-1.507e-05
-4.7035e-18
1.507e-05
3.008e-05
4.4972e-05
5.9686e-05
7.4164e-05
8.835e-05
0.00010219
0.00011562
0.0001286
0.00014107
0.00015298
0.00016429
0.00017495
0.00018492
0.00019416
0.00020264
0.00021031
0.00021716
0.00022315
0.00022825
0.00023246
0.00023575
0.00023811
0.00023953
0.00024
0.00023953
0.00023811
0.00023575
0.00023246
0.00022825
0.00022315
0.00021716
0.00021031
0.00020264
0.00019416
0.00018492
0.00017495
0.00016429
0.00015298
0.00014107
0.0001286
0.00011562
0.00010219
8.835e-05
7.4164e-05
5.9686e-05
4.4972e-05
3.008e-05
1.507e-05
4.6967e-19
-1.507e-05
-3.008e-05
-4.4972e-05
-5.9686e-05
-7.4164e-05
-8.835e-05
-0.00010219
-0.00011562
-0.0001286
-0.00014107
-0.00015298
-0.00016429
-0.00017495
-0.00018492
-0.00019416
-0.00020264
-0.00021031
-0.00021716
-0.00022315
-0.00022825
-0.00023246
-0.00023575
-0.00023811
-0.00023953
-0.00024
-0.00023953
-0.00023811
-0.00023575
-0.00023246
-0.00022825
-0.00022315
-0.00021716
-0.00021031
-0.00020264
-0.00019416
-0.00018492
-0.00017495
-0.00016429
-0.00015298
-0.00014107
-0.0001286
-0.00011562
-0.00010219
-8.835e-05
-7.4164e-05
-5.9686e-05
-4.4972e-05
-3.008e-05
-1.507e-05
-3.057e-18
1.507e-05
3.008e-05
4.4972e-05
5.9686e-05
7.4164e-05
8.835e-05
0.00010219
0.00011562
0.0001286
0.00014107
0.00015298
0.00016429
0.00017495
0.00018492
0.00019416
0.00020264
0.00021031
0.00021716
0.00022315
0.00022825
0.00023246
0.00023575
0.00023811
0.00023953
0.00024
0.00023953
0.00023811
0.00023575
0.00023246
0.00022825
0.00022315
0.00021716
0.00021031
0.00020264
0.00019416
0.00018492
0.00017495
0.00016429
0.00015298
0.00014107
0.0001286
0.00011562
0.00010219
8.835e-05
7.4164e-05
5.9686e-05
4.4972e-05
3.008e-05
1.507e-05
-1.1768e-18
-1.507e-05
-3.008e-05
-4.4972e-05
-5.9686e-05
-7.4164e-05
-8.835e-05
-0.00010219
-0.00011562
-0.0001286
-0.00014107
-0.00015298
-0.00016429
-0.00017495
-0.00018492
-0.00019416
-0.00020264
-0.00021031
-0.00021716
-0.00022315
-0.00022825
-0.00023246
-0.00023575
-0.00023811
-0.00023953
-0.00024
-0.00023953
-0.00023811
-0.00023575
-0.00023246
-0.00022825
-0.00022315
-0.00021716
-0.00021031
-0.00020264
-0.00019416
-0.00018492
-0.00017495
-0.00016429
-0.00015298
-0.00014107
-0.0001286
-0.00011562
-0.00010219
-8.835e-05
-7.4164e-05
-5.9686e-05
-4.4972e-05
-3.008e-05
-1.507e-05
-1.4105e-18
1.507e-05
3.008e-05
4.4972e-05
5.9686e-05
7.4164e-05
8.835e-05
0.00010219
0.00011562
0.0001286
0.00014107
0.00015298
0.00016429
0.00017495
0.00018492
0.00019416
0.00020264
0.00021031
0.00021716
0.00022315
0.00022825
0.00023246
0.00023575
0.00023811
0.00023953
0.00024
0.00023953
0.00023811
0.00023575
0.00023246
0.00022825
0.00022315
0.00021716
0.00021031
0.00020264
0.00019416
0.00018492
0.00017495
0.00016429
0.00015298
0.00014107
0.0001286
0.00011562
0.00010219
8.835e-05
7.4164e-05
5.9686e-05
4.4972e-05
3.008e-05
1.507e-05
3.9978e-18
-1.507e-05
-3.008e-05
-4.4972e-05
-5.9686e-05
-7.4164e-05
-8.835e-05
-0.00010219
-0.00011562
-0.0001286
-0.00014107
-0.00015298
-0.00016429
-0.00017495
-0.00018492
-0.00019416
-0.00020264
-0.00021031
-0.00021716
-0.00022315
-0.00022825
-0.00023246
-0.00023575
-0.00023811
-0.00023953
-0.00024
-0.00023953
-0.00023811
-0.00023575
-0.00023246
-0.00022825
-0.00022315
-0.00021716
-0.00021031
-0.00020264
-0.00019416
-0.00018492
-0.00017495
-0.00016429
-0.00015298
-0.00014107
-0.0001286
-0.00011562
-0.00010219
-8.835e-05
-7.4164e-05
-5.9686e-05
-4.4972e-05
-3.008e-05
-1.507e-05
2.3602e-19
1.507e-05
3.008e-05
4.4972e-05
5.9686e-05
7.4164e-05
8.835e-05
0.00010219
0.00011562
0.0001286
0.00014107
0.00015298
0.00016429
0.00017495
0.00018492
0.00019416
0.00020264
0.00021031
0.00021716
0.00022315
0.00022825
0.00023246
0.00023575
0.00023811
0.00023953
0.00024
0.00023953
0.00023811
0.00023575
0.00023246
0.00022825
0.00022315
0.00021716
0.00021031
0.00020264
0.00019416
0.00018492
0.00017495
0.00016429
0.00015298
0.00014107
0.0001286
0.00011562
0.00010219
8.835e-05
7.4164e-05
5.9686e-05
4.4972e-05
3.008e-05
1.507e-05
2.3513e-18
-1.507e-05
-3.008e-05
-4.4972e-05
-5.9686e-05
-7.4164e-05
-8.835e-05
-0.00010219
-0.00011562
-0.0001286
-0.00014107
-0.00015298
-0.00016429
-0.00017495
-0.00018492
-0.00019416
-0.00020264
-0.00021031
-0.00021716
-0.00022315
-0.00022825
-0.00023246
-0.00023575
-0.00023811
-0.00023953
-0.00024
-0.00023953
-0.00023811
-0.00023575
-0.00023246
-0.00022825
-0.00022315
-0.00021716
-0.00021031
-0.00020264
-0.00019416
-0.00018492
-0.00017495
-0.00016429
-0.00015298
-0.00014107
-0.0001286
-0.00011562
-0.00010219
-8.835e-05
-7.4164e-05
-5.9686e-05
-4.4972e-05
-3.008e-05
-1.507e-05
-4.9387e-18
1.507e-05
3.008e-05
4.4972e-05
5.9686e-05
7.4164e-05
8.835e-05
0.00010219
0.00011562
0.0001286
0.00014107
0.00015298
0.00016429
0.00017495
0.00018492
0.00019416
0.00020264
0.00021031
0.00021716
0.00022315
0.00022825
0.00023246
0.00023575
0.00023811
0.00023953
0.00024
0.00023953
0.00023811
0.00023575
0.00023246
0.00022825
0.00022315
0.00021716
0.00021031
0.00020264
0.00019416
0.00018492
0.00017495
0.00016429
0.00015298
0.00014107
0.0001286
0.00011562
0.00010219
8.835e-05
7.4164e-05
5.9686e-05
4.4972e-05
3.008e-05
1.507e-05
7.526e-18
-1.507e-05
-3.008e-05
-4.4972e-05
-5.9686e-05
-7.4164e-05
-8.835e-05
-0.00010219
-0.00011562
-0.0001286
-0.00014107
-0.00015298
-0.00016429
-0.00017495
-0.00018492
-0.00019416
-0.00020264
-0.00021031
-0.00021716
-0.00022315
-0.00022825
-0.00023246
-0.00023575
-0.00023811
-0.00023953
-0.00024
-0.00023953
-0.00023811
-0.00023575
-0.00023246
-0.00022825
-0.00022315
-0.00021716
-0.00021031
-0.00020264
-0.00019416
-0.00018492
-0.00017495
-0.00016429
-0.00015298
-0.00014107
-0.0001286
-0.00011562
-0.00010219
-8.835e-05
-7.4164e-05
-5.9686e-05
-4.4972e-05
-3.008e-05
-1.507e-05
3.5291e-18
1.507e-05
3.008e-05
4.4972e-05
5.9686e-05
7.4164e-05
8.835e-05
0.00010219
0.00011562
0.0001286
0.00014107
0.00015298
0.00016429
0.00017495
0.00018492
0.00019416
0.00020264
0.00021031
0.00021716
0.00022315
0.00022825
0.00023246
0.00023575
0.00023811
0.00023953
0.00024
0.00023953
0.00023811
0.00023575
0.00023246
0.00022825
0.00022315
0.00021716
0.00021031
0.00020264
0.00019416
0.00018492
0.00017495
0.00016429
0.00015298
0.00014107
0.0001286
0.00011562
0.00010219
8.835e-05
7.4164e-05
5.9686e-05
4.4972e-05
3.008e-05
1.507e-05
-9.4172e-19
-1.507e-05
-3.008e-05
-4.4972e-05
-5.9686e-05
-7.4164e-05
-8.835e-05
-0.00010219
-0.00011562
-0.0001286
-0.00014107
-0.00015298
-0.00016429
-0.00017495
-0.00018492
-0.00019416
-0.00020264
-0.00021031
-0.00021716
-0.00022315
-0.00022825
-0.00023246
-0.00023575
-0.00023811
-0.00023953
-0.00024
-0.00023953
-0.00023811
-0.00023575
-0.00023246
-0.00022825
-0.00022315
-0.00021716
-0.00021031
-0.00020264
-0.00019416
-0.00018492
-0.00017495
-0.00016429
-0.00015298
-0.00014107
-0.0001286
-0.00011562
-0.00010219
-8.835e-05
-7.4164e-05
-5.9686e-05
-4.4972e-05
-3.008e-05
-1.507e-05
-1.6456e-18
1.507e-05
3.008e-05
4.4972e-05
5.9686e-05
7.4164e-05
8.835e-05
0.00010219
0.00011562
0.0001286
0.00014107
0.00015298
0.00016429
0.00017495
0.00018492
0.00019416
0.00020264
0.00021031
0.00021716
0.00022315
0.00022825
0.00023246
0.00023575
0.00023811
0.00023953
0.00024
0.00023953
0.00023811
0.00023575
0.00023246
0.00022825
0.00022315
0.00021716
0.00021031
0.00020264
0.00019416
0.00018492
0.00017495
0.00016429
0.00015298
0.00014107
0.0001286
0.00011562
0.00010219
8.835e-05
7.4164e-05
5.9686e-05
4.4972e-05
3.008e-05
1.507e-05
4.233e-18
-1.507e-05
-3.008e-05
-4.4972e-05
-5.9686e-05
-7.4164e-05
-8.835e-05
-0.00010219
-0.00011562
-0.0001286
-0.00014107
-0.00015298
-0.00016429
-0.00017495
-0.00018492
-0.00019416
-0.00020264
-0.00021031
-0.00021716
-0.00022315
-0.00022825
-0.00023246
-0.00023575
-0.00023811
-0.00023953
-0.00024
-0.00023953
-0.00023811
-0.00023575
-0.00023246
-0.00022825
-0.00022315
-0.00021716
-0.00021031
-0.00020264
-0.00019416
-0.00018492
-0.00017495
-0.00016429
-0.00015298
-0.00014107
-0.0001286
-0.00011562
-0.00010219
-8.835e-05
-7.4164e-05
-5.9686e-05
-4.4972e-05
-3.008e-05
-1.507e-05
6.8221e-18
1.507e-05
3.008e-05
4.4972e-05
5.9686e-05
7.4164e-05
8.835e-05
0.00010219
0.00011562
0.0001286
0.00014107
0.00015298
0.00016429
0.00017495
0.00018492
0.00019416
0.00020264
0.00021031
0.00021716
0.00022315
0.00022825
0.00023246
0.00023575
0.00023811
0.00023953
0.00024
0.00023953
0.00023811
0.00023575
0.00023246
0.00022825
0.00022315
0.00021716
0.00021031
0.00020264
0.00019416
0.00018492
0.00017495
0.00016429
0.00015298
0.00014107
0.0001286
0.00011562
0.00010219
8.835e-05
7.4164e-05
5.9686e-05
4.4972e-05
3.008e-05
1.507e-05
-4.2348e-18
-1.507e-05
-3.008e-05
-4.4972e-05
-5.9686e-05
-7.4164e-05
-8.835e-05
-0.00010219
-0.00011562
-0.0001286
-0.00014107
-0.00015298
-0.00016429
-0.00017495
-0.00018492
-0.00019416
-0.00020264
-0.00021031
-0.00021716
-0.00022315
-0.00022825
-0.00023246
-0.00023575
-0.00023811
-0.00023953
-0.00024
-0.00023953
-0.00023811
-0.00023575
-0.00023246
-0.00022825
-0.00022315
-0.00021716
-0.00021031
-0.00020264
-0.00019416
-0.00018492
-0.00017495
-0.00016429
-0.00015298
-0.00014107
-0.0001286
-0.00011562
-0.00010219
-8.835e-05
-7.4164e-05
-5.9686e-05
-4.4972e-05
-3.008e-05
-1.507e-05
1.6474e-18
1.507e-05
3.008e-05
4.4972e-05
5.9686e-05
7.4164e-05
8.835e-05
0.00010219
0.00011562
0.0001286
0.00014107
0.00015298
0.00016429
0.00017495
0.00018492
0.00019416
0.00020264
0.00021031
0.00021716
0.00022315
0.00022825
0.00023246
0.00023575
0.00023811
0.00023953
0.00024
0.00023953
0.00023811
0.00023575
0.00023246
0.00022825
0.00022315
0.00021716
0.00021031
0.00020264
0.00019416
0.00018492
0.00017495
0.00016429
0.00015298
0.00014107
0.0001286
0.00011562
0.00010219
8.835e-05
7.4164e-05
5.9686e-05
4.4972e-05
3.008e-05
1.507e-05
9.3993e-19
-1.507e-05
-3.008e-05
-4.4972e-05
-5.9686e-05
-7.4164e-05
-8.835e-05
-0.00010219
-0.00011562
-0.0001286
-0.00014107
-0.00015298
-0.00016429
-0.00017495
-0.00018492
-0.00019416
-0.00020264
-0.00021031
-0.00021716
-0.00022315
-0.00022825
-0.00023246
-0.00023575
-0.00023811
-0.00023953
-0.00024
-0.00023953
-0.00023811
-0.00023575
-0.00023246
-0.00022825
-0.00022315
-0.00021716
-0.00021031
-0.00020264
-0.00019416
-0.00018492
-0.00017495
-0.00016429
-0.00015298
-0.00014107
-0.0001286
-0.00011562
-0.00010219
-8.835e-05
-7.4164e-05
-5.9686e-05
-4.4972e-05
-3.008e-05
-1.507e-05
-3.5273e-18
1.507e-05
3.008e-05
4.4972e-05
5.9686e-05
7.4164e-05
8.835e-05
0.00010219
0.00011562
0.0001286
0.00014107
0.00015298
0.00016429
0.00017495
0.00018492
0.00019416
0.00020264
0.00021031
0.00021716
0.00022315
0.00022825
0.00023246
0.00023575
0.00023811
0.00023953
0.00024
0.00023953
0.00023811
0.00023575
0.00023246
0.00022825
0.00022315
0.00021716
0.00021031
0.00020264
0.00019416
0.00018492
0.00017495
0.00016429
0.00015298
0.00014107
0.0001286
0.00011562
0.00010219
8.835e-05
7.4164e-05
5.9686e-05
4.4972e-05
3.008e-05
1.507e-05
-7.5278e-18
-1.507e-05
-3.008e-05
-4.4972e-05
-5.9686e-05
-7.4164e-05
-8.835e-05
-0.00010219
-0.00011562
-0.0001286
-0.00014107
-0.00015298
-0.00016429
-0.00017495
-0.00018492
-0.00019416
-0.00020264
-0.00021031
-0.00021716
-0.00022315
-0.00022825
-0.00023246
-0.00023575
-0.00023811
-0.00023953
-0.00024
-0.00023953
-0.00023811
-0.00023575
-0.00023246
-0.00022825
-0.00022315
-0.00021716
-0.00021031
-0.00020264
-0.00019416
-0.00018492
-0.00017495
-0.00016429
-0.00015298
-0.00014107
-0.0001286
-0.00011562
-0.00010219
-8.835e-05
-7.4164e-05
-5.9686e-05
-4.4972e-05
-3.008e-05
-1.507e-05
4.9404e-18
1.507e-05
3.008e-05
4.4972e-05
5.9686e-05
7.4164e-05
8.835e-05
0.00010219
0.00011562
0.0001286
0.00014107
0.00015298
0.00016429
0.00017495
0.00018492
0.00019416
0.00020264
0.00021031
0.00021716
0.00022315
0.00022825
0.00023246
0.00023575
0.00023811
0.00023953
0.00024
0.00023953
0.00023811
0.00023575
0.00023246
0.00022825
0.00022315
0.00021716
0.00021031
0.00020264
0.00019416
0.00018492
0.00017495
0.00016429
0.00015298
0.00014107
0.0001286
0.00011562
0.00010219
8.835e-05
7.4164e-05
5.9686e-05
4.4972e-05
3.008e-05
1.507e-05
-2.3531e-18
-1.507e-05
-3.008e-05
-4.4972e-05
-5.9686e-05
-7.4164e-05
-8.835e-05
-0.00010219
-0.00011562
-0.0001286
-0.00014107
-0.00015298
-0.00016429
-0.00017495
-0.00018492
-0.00019416
-0.00020264
-0.00021031
-0.00021716
-0.00022315
-0.00022825
-0.00023246
-0.00023575
-0.00023811
-0.00023953
-0.00024
-0.00023953
-0.00023811
-0.00023575
-0.00023246
-0.00022825
-0.00022315
-0.00021716
-0.00021031
-0.00020264
-0.00019416
-0.00018492
-0.00017495
-0.00016429
-0.00015298
-0.00014107
-0.0001286
-0.00011562
-0.00010219
-8.835e-05
-7.4164e-05
-5.9686e-05
-4.4972e-05
-3.008e-05
-1.507e-05
-2.3424e-19
1.507e-05
3.008e-05
4.4972e-05
5.9686e-05
7.4164e-05
8.835e-05
0.00010219
0.00011562
0.0001286
0.00014107
0.00015298
0.00016429
0.00017495
0.00018492
0.00019416
0.00020264
0.00021031
0.00021716
0.00022315
0.00022825
0.00023246
0.00023575
0.00023811
0.00023953
0.00024
0.00023953
0.00023811
0.00023575
0.00023246
0.00022825
0.00022315
0.00021716
0.00021031
0.00020264
0.00019416
0.00018492
0.00017495
0.00016429
0.00015298
0.00014107
0.0001286
0.00011562
0.00010219
8.835e-05
7.4164e-05
5.9686e-05
4.4972e-05
3.008e-05
1.507e-05
2.8216e-18
-1.507e-05
-3.008e-05
-4.4972e-05
-5.9686e-05
-7.4164e-05
-8.835e-05
-0.00010219
-0.00011562
-0.0001286
-0.00014107
-0.00015298
-0.00016429
-0.00017495
-0.00018492
-0.00019416
-0.00020264
-0.00021031
-0.00021716
-0.00022315
-0.00022825
-0.00023246
-0.00023575
-0.00023811
-0.00023953
-0.00024
-0.00023953
-0.00023811
-0.00023575
-0.00023246
-0.00022825
-0.00022315
-0.00021716
-0.00021031
-0.00020264
-0.00019416
-0.00018492
-0.00017495
-0.00016429
-0.00015298
-0.00014107
-0.0001286
-0.00011562
-0.00010219
-8.835e-05
-7.4164e-05
-5.9686e-05
-4.4972e-05
-3.008e-05
-1.507e-05
8.2335e-18
1.507e-05
3.008e-05
4.4972e-05
5.9686e-05
7.4164e-05
8.835e-05
0.00010219
0.00011562
0.0001286
0.00014107
0.00015298
0.00016429
0.00017495
0.00018492
0.00019416
0.00020264
0.00021031
0.00021716
0.00022315
0.00022825
0.00023246
0.00023575
0.00023811
0.00023953
0.00024
0.00023953
0.00023811
0.00023575
0.00023246
0.00022825
0.00022315
0.00021716
0.00021031
0.00020264
0.00019416
0.00018492
0.00017495
0.00016429
0.00015298
0.00014107
0.0001286
0.00011562
0.00010219
8.835e-05
7.4164e-05
5.9686e-05
4.4972e-05
3.008e-05
1.507e-05
-5.6461e-18
-1.507e-05
-3.008e-05
-4.4972e-05
-5.9686e-05
-7.4164e-05
-8.835e-05
-0.00010219
-0.00011562
-0.0001286
-0.00014107
-0.00015298
-0.00016429
-0.00017495
-0.00018492
-0.00019416
-0.00020264
-0.00021031
-0.00021716
-0.00022315
-0.00022825
-0.00023246
-0.00023575
-0.00023811
-0.00023953
-0.00024
-0.00023953
-0.00023811
-0.00023575
-0.00023246
-0.00022825
-0.00022315
-0.00021716
-0.00021031
-0.00020264
-0.00019416
-0.00018492
-0.00017495
-0.00016429
-0.00015298
-0.00014107
-0.0001286
-0.00011562
-0.00010219
-8.835e-05
-7.4164e-05
-5.9686e-05
-4.4972e-05
-3.008e-05
-1.507e-05
3.0588e-18
1.507e-05
3.008e-05
4.4972e-05
5.9686e-05
7.4164e-05
8.835e-05
0.00010219
0.00011562
0.0001286
0.00014107
0.00015298
0.00016429
0.00017495
0.00018492
0.00019416
0.00020264
0.00021031
0.00021716
0.00022315
0.00022825
0.00023246
0.00023575
0.00023811
0.00023953
0.00024
0.00023953
0.00023811
0.00023575
0.00023246
0.00022825
0.00022315
0.00021716
0.00021031
0.00020264
0.00019416
0.00018492
0.00017495
0.00016429
0.00015298
0.00014107
0.0001286
0.00011562
0.00010219
8.835e-05
7.4164e-05
5.9686e-05
4.4972e-05
3.008e-05
1.507e-05
-4.7145e-19
-1.507e-05
-3.008e-05
-4.4972e-05
-5.9686e-05
-7.4164e-05
-8.835e-05
-0.00010219
-0.00011562
-0.0001286
-0.00014107
-0.00015298
-0.00016429
-0.00017495
-0.00018492
-0.00019416
-0.00020264
-0.00021031
-0.00021716
-0.00022315
-0.00022825
-0.00023246
-0.00023575
-0.00023811
-0.00023953
-0.00024
-0.00023953
-0.00023811
-0.00023575
-0.00023246
-0.00022825
-0.00022315
-0.00021716
-0.00021031
-0.00020264
-0.00019416
-0.00018492
-0.00017495
-0.00016429
-0.00015298
-0.00014107
-0.0001286
-0.00011562
-0.00010219
-8.835e-05
-7.4164e-05
-5.9686e-05
-4.4972e-05
-3.008e-05
-1.507e-05
-2.1159e-18
1.507e-05
3.008e-05
4.4972e-05
5.9686e-05
7.4164e-05
8.835e-05
0.00010219
0.00011562
0.0001286
0.00014107
0.00015298
0.00016429
0.00017495
0.00018492
0.00019416
0.00020264
0.00021031
0.00021716
0.00022315
0.00022825
0.00023246
0.00023575
0.00023811
0.00023953
0.00024
0.00023953
0.00023811
0.00023575
0.00023246
0.00022825
0.00022315
0.00021716
0.00021031
0.00020264
0.00019416
0.00018492
0.00017495
0.00016429
0.00015298
0.00014107
0.0001286
0.00011562
0.00010219
8.835e-05
7.4164e-05
5.9686e-05
4.4972e-05
3.008e-05
1.507e-05
4.7032e-18
-1.507e-05
-3.008e-05
-4.4972e-05
-5.9686e-05
-7.4164e-05
-8.835e-05
-0.00010219
-0.00011562
-0.0001286
-0.00014107
-0.00015298
-0.00016429
-0.00017495
-0.00018492
-0.00019416
-0.00020264
-0.00021031
-0.00021716
-0.00022315
-0.00022825
-0.00023246
-0.00023575
-0.00023811
-0.00023953
-0.00024
-0.00023953
-0.00023811
-0.00023575
-0.00023246
-0.00022825
-0.00022315
-0.00021716
-0.00021031
-0.00020264
-0.00019416
-0.00018492
-0.00017495
-0.00016429
-0.00015298
-0.00014107
-0.0001286
-0.00011562
-0.00010219
-8.835e-05
-7.4164e-05
-5.9686e-05
-4.4972e-05
-3.008e-05
-1.507e-05
-7.2906e-18
1.507e-05
3.008e-05
4.4972e-05
5.9686e-05
7.4164e-05
8.835e-05
0.00010219
0.00011562
0.0001286
0.00014107
0.00015298
0.00016429
0.00017495
0.00018492
0.00019416
0.00020264
0.00021031
0.00021716
0.00022315
0.00022825
0.00023246
0.00023575
0.00023811
0.00023953
0.00024
0.00023953
0.00023811
0.00023575
0.00023246
0.00022825
0.00022315
0.00021716
0.00021031
0.00020264
0.00019416
0.00018492
0.00017495
0.00016429
0.00015298
0.00014107
0.0001286
0.00011562
0.00010219
8.835e-05
7.4164e-05
5.9686e-05
4.4972e-05
3.008e-05
1.507e-05
-3.7645e-18
-1.507e-05
-3.008e-05
-4.4972e-05
-5.9686e-05
-7.4164e-05
-8.835e-05
-0.00010219
-0.00011562
-0.0001286
-0.00014107
-0.00015298
-0.00016429
-0.00017495
-0.00018492
-0.00019416
-0.00020264
-0.00021031
-0.00021716
-0.00022315
-0.00022825
-0.00023246
-0.00023575
-0.00023811
-0.00023953
-0.00024
-0.00023953
-0.00023811
-0.00023575
-0.00023246
-0.00022825
-0.00022315
-0.00021716
-0.00021031
-0.00020264
-0.00019416
-0.00018492
-0.00017495
-0.00016429
-0.00015298
-0.00014107
-0.0001286
-0.00011562
-0.00010219
-8.835e-05
-7.4164e-05
-5.9686e-05
-4.4972e-05
-3.008e-05
-1.507e-05
1.1771e-18
1.507e-05
3.008e-05
4.4972e-05
5.9686e-05
7.4164e-05
8.835e-05
0.00010219
0.00011562
0.0001286
0.00014107
0.00015298
0.00016429
0.00017495
0.00018492
0.00019416
0.00020264
0.00021031
0.00021716
0.00022315
0.00022825
0.00023246
0.00023575
0.00023811
0.00023953
0.00024
0.00023953
0.00023811
0.00023575
0.00023246
0.00022825
0.00022315
0.00021716
0.00021031
0.00020264
0.00019416
0.00018492
0.00017495
0.00016429
0.00015298
0.00014107
0.0001286
0.00011562
0.00010219
8.835e-05
7.4164e-05
5.9686e-05
4.4972e-05
3.008e-05
1.507e-05
1.4102e-18
-1.507e-05
-3.008e-05
-4.4972e-05
-5.9686e-05
-7.4164e-05
-8.835e-05
-0.00010219
-0.00011562
-0.0001286
-0.00014107
-0.00015298
-0.00016429
-0.00017495
-0.00018492
-0.00019416
-0.00020264
-0.00021031
-0.00021716
-0.00022315
-0.00022825
-0.00023246
-0.00023575
-0.00023811
-0.00023953
-0.00024
-0.00023953
-0.00023811
-0.00023575
-0.00023246
-0.00022825
-0.00022315
-0.00021716
-0.00021031
-0.00020264
-0.00019416
-0.00018492
-0.00017495
-0.00016429
-0.00015298
-0.00014107
-0.0001286
-0.00011562
-0.00010219
-8.835e-05
-7.4164e-05
-5.9686e-05
-4.4972e-05
-3.008e-05
-1.507e-05
-3.9975e-18
1.507e-05
3.008e-05
4.4972e-05
5.9686e-05
7.4164e-05
8.835e-05
0.00010219
0.00011562
0.0001286
0.00014107
0.00015298
0.00016429
0.00017495
0.00018492
0.00019416
0.00020264
0.00021031
0.00021716
0.00022315
0.00022825
0.00023246
0.00023575
0.00023811
0.00023953
0.00024
0.00023953
0.00023811
0.00023575
0.00023246
0.00022825
0.00022315
0.00021716
0.00021031
0.00020264
0.00019416
0.00018492
0.00017495
0.00016429
0.00015298
0.00014107
0.0001286
0.00011562
0.00010219
8.835e-05
7.4164e-05
5.9686e-05
4.4972e-05
3.008e-05
1.507e-05
6.5849e-18
-1.507e-05
-3.008e-05
-4.4972e-05
-5.9686e-05
-7.4164e-05
-8.835e-05
-0.00010219
-0.00011562
-0.0001286
-0.00014107
-0.00015298
-0.00016429
-0.00017495
-0.00018492
-0.00019416
-0.00020264
-0.00021031
-0.00021716
-0.00022315
-0.00022825
-0.00023246
-0.00023575
-0.00023811
-0.00023953
-0.00024
-0.00023953
-0.00023811
-0.00023575
-0.00023246
-0.00022825
-0.00022315
-0.00021716
-0.00021031
-0.00020264
-0.00019416
-0.00018492
-0.00017495
-0.00016429
-0.00015298
-0.00014107
-0.0001286
-0.00011562
-0.00010219
-8.835e-05
-7.4164e-05
-5.9686e-05
-4.4972e-05
-3.008e-05
-1.507e-05
4.4702e-18
1.507e-05
3.008e-05
4.4972e-05
5.9686e-05
7.4164e-05
8.835e-05
0.00010219
0.00011562
0.0001286
0.00014107
0.00015298
0.00016429
0.00017495
0.00018492
0.00019416
0.00020264
0.00021031
0.00021716
0.00022315
0.00022825
0.00023246
0.00023575
0.00023811
0.00023953
0.00024
0.00023953
0.00023811
0.00023575
0.00023246
0.00022825
0.00022315
0.00021716
0.00021031
0.00020264
0.00019416
0.00018492
0.00017495
0.00016429
0.00015298
0.00014107
0.0001286
0.00011562
0.00010219
8.835e-05
7.4164e-05
5.9686e-05
4.4972e-05
3.008e-05
1.507e-05
-1.8828e-18
-1.507e-05
-3.008e-05
-4.4972e-05
-5.9686e-05
-7.4164e-05
-8.835e-05
-0.00010219
-0.00011562
-0.0001286
-0.00014107
-0.00015298
-0.00016429
-0.00017495
-0.00018492
-0.00019416
-0.00020264
-0.00021031
-0.00021716
-0.00022315
-0.00022825
-0.00023246
-0.00023575
-0.00023811
-0.00023953
-0.00024
-0.00023953
-0.00023811
-0.00023575
-0.00023246
-0.00022825
-0.00022315
-0.00021716
-0.00021031
-0.00020264
-0.00019416
-0.00018492
-0.00017495
-0.00016429
-0.00015298
-0.00014107
-0.0001286
-0.00011562
-0.00010219
-8.835e-05
-7.4164e-05
-5.9686e-05
-4.4972e-05
-3.008e-05
-1.507e-05
-7.0451e-19
1.507e-05
3.008e-05
4.4972e-05
5.9686e-05
7.4164e-05
8.835e-05
0.00010219
0.00011562
0.0001286
0.00014107
0.00015298
0.00016429
0.00017495
0.00018492
0.00019416
0.00020264
0.00021031
0.00021716
0.00022315
0.00022825
0.00023246
0.00023575
0.00023811
0.00023953
0.00024
0.00023953
0.00023811
0.00023575
0.00023246
0.00022825
0.00022315
0.00021716
0.00021031
0.00020264
0.00019416
0.00018492
0.00017495
0.00016429
0.00015298
0.00014107
0.0001286
0.00011562
0.00010219
8.835e-05
7.4164e-05
5.9686e-05
4.4972e-05
3.008e-05
1.507e-05
3.2919e-18
-1.507e-05
-3.008e-05
-4.4972e-05
-5.9686e-05
-7.4164e-05
-8.835e-05
-0.00010219
-0.00011562
-0.0001286
-0.00014107
-0.00015298
-0.00016429
-0.00017495
-0.00018492
-0.00019416
-0.00020264
-0.00021031
-0.00021716
-0.00022315
-0.00022825
-0.00023246
-0.00023575
-0.00023811
-0.00023953
-0.00024
-0.00023953
-0.00023811
-0.00023575
-0.00023246
-0.00022825
-0.00022315
-0.00021716
-0.00021031
-0.00020264
-0.00019416
-0.00018492
-0.00017495
-0.00016429
-0.00015298
-0.00014107
-0.0001286
-0.00011562
-0.00010219
-8.835e-05
-7.4164e-05
-5.9686e-05
-4.4972e-05
-3.008e-05
-1.507e-05
-5.8792e-18
1.507e-05
3.008e-05
4.4972e-05
5.9686e-05
7.4164e-05
8.835e-05
0.00010219
0.00011562
0.0001286
0.00014107
0.00015298
0.00016429
0.00017495
0.00018492
0.00019416
0.00020264
0.00021031
0.00021716
0.00022315
0.00022825
0.00023246
0.00023575
0.00023811
0.00023953
0.00024
0.00023953
0.00023811
0.00023575
0.00023246
0.00022825
0.00022315
0.00021716
0.00021031
0.00020264
0.00019416
0.00018492
0.00017495
0.00016429
0.00015298
0.00014107
0.0001286
0.00011562
0.00010219
8.835e-05
7.4164e-05
5.9686e-05
4.4972e-05
3.008e-05
1.507e-05
-5.1759e-18
-1.507e-05
-3.008e-05
-4.4972e-05
-5.9686e-05
-7.4164e-05
-8.835e-05
-0.00010219
-0.00011562
-0.0001286
-0.00014107
-0.00015298
-0.00016429
-0.00017495
-0.00018492
-0.00019416
-0.00020264
-0.00021031
-0.00021716
-0.00022315
-0.00022825
-0.00023246
-0.00023575
-0.00023811
-0.00023953
-0.00024
-0.00023953
-0.00023811
-0.00023575
-0.00023246
-0.00022825
-0.00022315
-0.00021716
-0.00021031
-0.00020264
-0.00019416
-0.00018492
-0.00017495
-0.00016429
-0.00015298
-0.00014107
-0.0001286
-0.00011562
-0.00010219
-8.835e-05
-7.4164e-05
-5.9686e-05
-4.4972e-05
-3.008e-05
-1.507e-05
2.5885e-18
1.507e-05
3.008e-05
4.4972e-05
5.9686e-05
7.4164e-05
8.835e-05
0.00010219
0.00011562
0.0001286
0.00014107
0.00015298
0.00016429
0.00017495
0.00018492
0.00019416
0.00020264
0.00021031
0.00021716
0.00022315
0.00022825
0.00023246
0.00023575
0.00023811
0.00023953
0.00024
0.00023953
0.00023811
0.00023575
0.00023246
0.00022825
0.00022315
0.00021716
0.00021031
0.00020264
0.00019416
0.00018492
0.00017495
0.00016429
0.00015298
0.00014107
0.0001286
0.00011562
0.00010219
8.835e-05
7.4164e-05
5.9686e-05
4.4972e-05
3.008e-05
1.507e-05
-1.1873e-21
-1.504e-05
-2.999e-05
-4.4792e-05
-5.9387e-05
-7.3719e-05
-8.7731e-05
-0.00010137
-0.00011458
-0.00012731
-0.00013952
-0.00015115
-0.00016216
-0.0001725
-0.00018215
-0.00019106
-0.00019919
-0.00020653
-0.00021303
-0.00021868
-0.00022346
-0.00022735
-0.00023033
-0.00023239
-0.00023354
-0.00023376
-0.00023306
-0.00023144
-0.00022891
-0.00022549
-0.00022118
-0.00021601
-0.00020999
-0.00020316
-0.00019555
-0.00018717
-0.00017808
-0.0001683
-0.00015788
-0.00014686
-0.00013528
-0.0001232
-0.00011065
-9.7691e-05
-8.4374e-05
-7.0753e-05
-5.688e-05
-4.2813e-05
-2.8606e-05
-1.4316e-05
-2.4543e-18
1.4286e-05
2.8486e-05
4.2543e-05
5.6403e-05
7.0011e-05
8.3314e-05
9.626e-05
0.0001088
0.00012088
0.00013246
0.0001435
0.00015394
0.00016376
0.0001729
0.00018135
0.00018906
0.00019601
0.00020217
0.00020753
0.00021205
0.00021572
0.00021854
0.00022049
0.00022156
0.00022176
0.00022108
0.00021954
0.00021712
0.00021386
0.00020977
0.00020485
0.00019913
0.00019265
0.00018541
0.00017747
0.00016883
0.00015956
0.00014967
0.00013921
0.00012823
0.00011677
0.00010487
9.2581e-05
7.9957e-05
6.7044e-05
5.3896e-05
4.0564e-05
2.7102e-05
1.3563e-05
-7.6136e-18
-1.3533e-05
-2.6982e-05
-4.0294e-05
-5.3419e-05
-6.6303e-05
-7.8896e-05
-9.1151e-05
-0.00010302
-0.00011445
-0.00012541
-0.00013585
-0.00014573
-0.00015501
-0.00016366
-0.00017164
-0.00017893
-0.0001855
-0.00019132
-0.00019637
-0.00020063
-0.0002041
-0.00020675
-0.00020858
-0.00020959
-0.00020976
-0.00020911
-0.00020763
-0.00020534
-0.00020224
-0.00019835
-0.00019369
-0.00018828
-0.00018213
-0.00017528
-0.00016776
-0.00015959
-0.00015081
-0.00014145
-0.00013156
-0.00012118
-0.00011034
-9.9087e-05
-8.7472e-05
-7.5539e-05
-6.3336e-05
-5.0912e-05
-3.8316e-05
-2.5598e-05
-1.2809e-05
4.9935e-18
1.2779e-05
2.5478e-05
3.8046e-05
5.0434e-05
6.2594e-05
7.4479e-05
8.6041e-05
9.7237e-05
0.00010802
0.00011836
0.0001282
0.00013751
0.00014626
0.00015441
0.00016193
0.0001688
0.00017498
0.00018046
0.00018521
0.00018922
0.00019248
0.00019496
0.00019668
0.00019761
0.00019776
0.00019713
0.00019572
0.00019355
0.00019062
0.00018694
0.00018253
0.00017742
0.00017162
0.00016515
0.00015805
0.00015034
0.00014206
0.00013324
0.00012392
0.00011412
0.00010391
9.3306e-05
8.2363e-05
7.1122e-05
5.9628e-05
4.7928e-05
3.6067e-05
2.4094e-05
1.2056e-05
8.2682e-18
-1.2026e-05
-2.3974e-05
-3.5797e-05
-4.745e-05
-5.8886e-05
-7.0061e-05
-8.0932e-05
-9.1456e-05
-0.00010159
-0.0001113
-0.00012055
-0.0001293
-0.00013751
-0.00014516
-0.00015222
-0.00015867
-0.00016447
-0.0001696
-0.00017405
-0.00017781
-0.00018085
-0.00018318
-0.00018477
-0.00018563
-0.00018576
-0.00018515
-0.00018382
-0.00018176
-0.00017899
-0.00017553
-0.00017138
-0.00016656
-0.0001611
-0.00015502
-0.00014834
-0.0001411
-0.00013331
-0.00012503
-0.00011627
-0.00010707
-9.7478e-05
-8.7525e-05
-7.7253e-05
-6.6704e-05
-5.592e-05
-4.4943e-05
-3.3819e-05
-2.259e-05
-1.1302e-05
-9.6887e-18
1.1272e-05
2.247e-05
3.3549e-05
4.4466e-05
5.5178e-05
6.5644e-05
7.5823e-05
8.5675e-05
9.5163e-05
0.00010425
0.0001129
0.00012108
0.00012877
0.00013592
0.00014252
0.00014853
0.00015395
0.00015874
0.0001629
0.0001664
0.00016923
0.00017139
0.00017287
0.00017366
0.00017376
0.00017318
0.00017191
0.00016997
0.00016737
0.00016411
0.00016022
0.0001557
0.00015058
0.00014489
0.00013863
0.00013185
0.00012457
0.00011681
0.00010862
0.00010002
9.1048e-05
8.1744e-05
7.2144e-05
6.2287e-05
5.2212e-05
4.1959e-05
3.157e-05
2.1086e-05
1.0549e-05
1.085e-17
-1.0519e-05
-2.0966e-05
-3.13e-05
-4.1481e-05
-5.147e-05
-6.1226e-05
-7.0713e-05
-7.9894e-05
-8.8733e-05
-9.7196e-05
-0.00010525
-0.00011287
-0.00012002
-0.00012667
-0.00013281
-0.0001384
-0.00014343
-0.00014788
-0.00015174
-0.00015498
-0.00015761
-0.0001596
-0.00016096
-0.00016168
-0.00016176
-0.0001612
-0.00016001
-0.00015819
-0.00015575
-0.0001527
-0.00014906
-0.00014484
-0.00014007
-0.00013475
-0.00012892
-0.0001226
-0.00011582
-0.0001086
-0.00010097
-9.2964e-05
-8.4618e-05
-7.5963e-05
-6.7035e-05
-5.7869e-05
-4.8503e-05
-3.8975e-05
-2.9321e-05
-1.9582e-05
-9.7953e-06
-2.8996e-18
9.7652e-06
1.9462e-05
2.9052e-05
3.8497e-05
4.7762e-05
5.6809e-05
6.5604e-05
7.4113e-05
8.2303e-05
9.0143e-05
9.7602e-05
0.00010465
0.00011127
0.00011743
0.0001231
0.00012827
0.00013292
0.00013703
0.00014058
0.00014357
0.00014598
0.00014781
0.00014906
0.0001497
0.00014976
0.00014922
0.0001481
0.0001464
0.00014413
0.00014129
0.0001379
0.00013399
0.00012955
0.00012462
0.00011922
0.00011336
0.00010707
0.00010038
9.3319e-05
8.5911e-05
7.8188e-05
7.0182e-05
6.1925e-05
5.3452e-05
4.4795e-05
3.599e-05
2.7073e-05
1.8078e-05
9.0418e-06
1.2398e-17
-9.0117e-06
-1.7958e-05
-2.6803e-05
-3.5513e-05
-4.4053e-05
-5.2391e-05
-6.0495e-05
-6.8332e-05
-7.5873e-05
-8.3089e-05
-8.9953e-05
-9.6439e-05
-0.00010252
-0.00010818
-0.00011339
-0.00011814
-0.0001224
-0.00012617
-0.00012942
-0.00013216
-0.00013436
-0.00013603
-0.00013715
-0.00013773
-0.00013776
-0.00013725
-0.0001362
-0.00013461
-0.0001325
-0.00012988
-0.00012675
-0.00012313
-0.00011904
-0.00011449
-0.00010951
-0.00010411
-9.8323e-05
-9.2167e-05
-8.567e-05
-7.8857e-05
-7.1758e-05
-6.4401e-05
-5.6816e-05
-4.9034e-05
-4.1087e-05
-3.3006e-05
-2.4824e-05
-1.6574e-05
-8.2883e-06
-5.2937e-18
8.2582e-06
1.6454e-05
2.4554e-05
3.2529e-05
4.0345e-05
4.7974e-05
5.5385e-05
6.2551e-05
6.9443e-05
7.6036e-05
8.2304e-05
8.8224e-05
9.3775e-05
9.8934e-05
0.00010368
0.00010801
0.00011189
0.00011531
0.00011827
0.00012075
0.00012274
0.00012424
0.00012524
0.00012575
0.00012576
0.00012527
0.00012429
0.00012283
0.00012088
0.00011846
0.00011559
0.00011227
0.00010852
0.00010436
9.98e-05
9.4866e-05
8.9576e-05
8.3953e-05
7.8021e-05
7.1804e-05
6.5328e-05
5.862e-05
5.1707e-05
4.4617e-05
3.7379e-05
3.0022e-05
2.2576e-05
1.507e-05
7.5349e-06
6.1027e-18
-7.5047e-06
-1.495e-05
-2.2306e-05
-2.9544e-05
-3.6637e-05
-4.3556e-05
-5.0276e-05
-5.677e-05
-6.3013e-05
-6.8982e-05
-7.4655e-05
-8.001e-05
-8.5027e-05
-8.9688e-05
-9.3975e-05
-9.7874e-05
-0.00010137
-0.00010445
-0.00010711
-0.00010933
-0.00011112
-0.00011245
-0.00011334
-0.00011378
-0.00011376
-0.0001133
-0.00011239
-0.00011104
-0.00010926
-0.00010705
-0.00010443
-0.00010141
-9.8006e-05
-9.4227e-05
-9.0092e-05
-8.5619e-05
-8.0828e-05
-7.5738e-05
-7.0372e-05
-6.475e-05
-5.8898e-05
-5.2839e-05
-4.6597e-05
-4.0199e-05
-3.367e-05
-2.7038e-05
-2.0327e-05
-1.3566e-05
-6.7814e-06
-6.6529e-18
6.7512e-06
1.3446e-05
2.0057e-05
2.656e-05
3.2929e-05
3.9139e-05
4.5167e-05
5.0989e-05
5.6583e-05
6.1929e-05
6.7006e-05
7.1795e-05
7.6279e-05
8.0442e-05
8.4267e-05
8.7743e-05
9.0855e-05
9.3595e-05
9.5953e-05
9.7921e-05
9.9493e-05
0.00010066
0.00010143
0.0001018
0.00010176
0.00010132
0.00010048
9.925e-05
9.7633e-05
9.5638e-05
9.3275e-05
9.0555e-05
8.749e-05
8.4095e-05
8.0384e-05
7.6373e-05
7.208e-05
6.7524e-05
6.2723e-05
5.7697e-05
5.2468e-05
4.7058e-05
4.1488e-05
3.5782e-05
2.9962e-05
2.4053e-05
1.8079e-05
1.2062e-05
6.0279e-06
1.5011e-18
-5.9978e-06
-1.1942e-05
-1.7809e-05
-2.3576e-05
-2.9221e-05
-3.4722e-05
-4.0057e-05
-4.5208e-05
-5.0153e-05
-5.4876e-05
-5.9357e-05
-6.3581e-05
-6.7532e-05
-7.1195e-05
-7.4559e-05
-7.7611e-05
-8.034e-05
-8.2737e-05
-8.4796e-05
-8.6508e-05
-8.787e-05
-8.8877e-05
-8.9528e-05
-8.9822e-05
-8.976e-05
-8.9343e-05
-8.8576e-05
-8.7463e-05
-8.601e-05
-8.4226e-05
-8.2118e-05
-7.9697e-05
-7.6975e-05
-7.3963e-05
-7.0676e-05
-6.7127e-05
-6.3333e-05
-5.9309e-05
-5.5073e-05
-5.0644e-05
-4.6038e-05
-4.1277e-05
-3.6379e-05
-3.1364e-05
-2.6254e-05
-2.1069e-05
-1.583e-05
-1.0558e-05
-5.2744e-06
-6.9772e-18
5.2443e-06
1.0438e-05
1.556e-05
2.0592e-05
2.5512e-05
3.0304e-05
3.4948e-05
3.9427e-05
4.3723e-05
4.7822e-05
5.1708e-05
5.5366e-05
5.8784e-05
6.1949e-05
6.4851e-05
6.7479e-05
6.9824e-05
7.1879e-05
7.3638e-05
7.5095e-05
7.6247e-05
7.709e-05
7.7623e-05
7.7846e-05
7.776e-05
7.7367e-05
7.6671e-05
7.5675e-05
7.4387e-05
7.2813e-05
7.0961e-05
6.8839e-05
6.6459e-05
6.3831e-05
6.0968e-05
5.7881e-05
5.4585e-05
5.1095e-05
4.7424e-05
4.359e-05
3.9608e-05
3.5496e-05
3.1269e-05
2.6947e-05
2.2546e-05
1.8085e-05
1.3581e-05
9.0541e-06
4.5209e-06
2.6721e-18
-4.4908e-06
-8.9338e-06
-1.3312e-05
-1.7607e-05
-2.1804e-05
-2.5887e-05
-2.9839e-05
-3.3646e-05
-3.7294e-05
-4.0769e-05
-4.4059e-05
-4.7152e-05
-5.0036e-05
-5.2703e-05
-5.5143e-05
-5.7347e-05
-5.9308e-05
-6.1022e-05
-6.2481e-05
-6.3683e-05
-6.4624e-05
-6.5302e-05
-6.5718e-05
-6.587e-05
-6.576e-05
-6.5391e-05
-6.4765e-05
-6.3888e-05
-6.2764e-05
-6.14e-05
-5.9803e-05
-5.7981e-05
-5.5943e-05
-5.3699e-05
-5.1259e-05
-4.8635e-05
-4.5838e-05
-4.288e-05
-3.9775e-05
-3.6537e-05
-3.3178e-05
-2.9715e-05
-2.616e-05
-2.2529e-05
-1.8838e-05
-1.51e-05
-1.1333e-05
-7.5501e-06
-3.7674e-06
-2.8695e-18
3.7373e-06
7.4298e-06
1.1063e-05
1.4623e-05
1.8096e-05
2.1469e-05
2.4729e-05
2.7865e-05
3.0864e-05
3.3715e-05
3.641e-05
3.8937e-05
4.1289e-05
4.3457e-05
4.5434e-05
4.7215e-05
4.8793e-05
5.0164e-05
5.1324e-05
5.227e-05
5.3001e-05
5.3515e-05
5.3812e-05
5.3893e-05
5.376e-05
5.3414e-05
5.286e-05
5.2101e-05
5.1141e-05
4.9988e-05
4.8646e-05
4.7123e-05
4.5428e-05
4.3567e-05
4.1551e-05
3.9389e-05
3.709e-05
3.4665e-05
3.2126e-05
2.9483e-05
2.6748e-05
2.3934e-05
2.1051e-05
1.8112e-05
1.5129e-05
1.2116e-05
9.0842e-06
6.0461e-06
3.0139e-06
2.8082e-18
-2.9838e-06
-5.9258e-06
-8.8144e-06
-1.1639e-05
-1.4388e-05
-1.7052e-05
-1.962e-05
-2.2084e-05
-2.4434e-05
-2.6662e-05
-2.8761e-05
-3.0722e-05
-3.2541e-05
-3.4211e-05
-3.5726e-05
-3.7083e-05
-3.8277e-05
-3.9306e-05
-4.0166e-05
-4.0857e-05
-4.1378e-05
-4.1728e-05
-4.1907e-05
-4.1917e-05
-4.176e-05
-4.1438e-05
-4.0954e-05
-4.0313e-05
-3.9518e-05
-3.8575e-05
-3.7489e-05
-3.6265e-05
-3.4912e-05
-3.3435e-05
-3.1843e-05
-3.0142e-05
-2.8342e-05
-2.6451e-05
-2.4477e-05
-2.243e-05
-2.0319e-05
-1.8152e-05
-1.5941e-05
-1.3694e-05
-1.1421e-05
-9.1319e-06
-6.8357e-06
-4.5421e-06
-2.2605e-06
-4.5541e-19
2.2303e-06
4.4218e-06
6.5658e-06
8.6544e-06
1.068e-05
1.2634e-05
1.4511e-05
1.6303e-05
1.8004e-05
1.9609e-05
2.1111e-05
2.2508e-05
2.3794e-05
2.4965e-05
2.6018e-05
2.6951e-05
2.7761e-05
2.8448e-05
2.9009e-05
2.9445e-05
2.9755e-05
2.994e-05
3.0002e-05
2.9941e-05
2.976e-05
2.9462e-05
2.9049e-05
2.8526e-05
2.7895e-05
2.7162e-05
2.6331e-05
2.5408e-05
2.4396e-05
2.3303e-05
2.2135e-05
2.0896e-05
1.9595e-05
1.8236e-05
1.6828e-05
1.5376e-05
1.3889e-05
1.2371e-05
1.0832e-05
9.2767e-06
7.7131e-06
6.1476e-06
4.5871e-06
3.0381e-06
1.507e-06
1.9093e-18
-1.4768e-06
-2.9178e-06
-4.3173e-06
-5.6701e-06
-6.9714e-06
-8.2165e-06
-9.4012e-06
-1.0522e-05
-1.1574e-05
-1.2555e-05
-1.3462e-05
-1.4293e-05
-1.5046e-05
-1.5718e-05
-1.631e-05
-1.6819e-05
-1.7246e-05
-1.759e-05
-1.7852e-05
-1.8032e-05
-1.8132e-05
-1.8153e-05
-1.8096e-05
-1.7964e-05
-1.776e-05
-1.7485e-05
-1.7144e-05
-1.6738e-05
-1.6272e-05
-1.5749e-05
-1.5174e-05
-1.455e-05
-1.3881e-05
-1.3172e-05
-1.2427e-05
-1.165e-05
-1.0847e-05
-1.0022e-05
-9.1789e-06
-8.323e-06
-7.4587e-06
-6.5904e-06
-5.7225e-06
-4.8592e-06
-4.0049e-06
-3.1633e-06
-2.3385e-06
-1.5341e-06
-7.5349e-07
-4.0332e-19
7.2335e-07
1.4138e-06
2.0687e-06
2.6859e-06
3.2632e-06
3.799e-06
4.2919e-06
4.7405e-06
5.1439e-06
5.5017e-06
5.8133e-06
6.0788e-06
6.2983e-06
6.4723e-06
6.6016e-06
6.6871e-06
6.73e-06
6.7319e-06
6.6944e-06
6.6194e-06
6.5089e-06
6.3652e-06
6.1908e-06
5.9882e-06
5.76e-06
5.5091e-06
5.2384e-06
4.9507e-06
4.6492e-06
4.3368e-06
4.0166e-06
3.6917e-06
3.365e-06
3.0396e-06
2.7183e-06
2.404e-06
2.0994e-06
1.8072e-06
1.5298e-06
1.2696e-06
1.0288e-06
8.0935e-07
6.1312e-07
4.4175e-07
2.9666e-07
1.7906e-07
8.9943e-08
3.008e-08
0
0
-0
-0
-0
-0
-0
-0
-0
-0
-0
-0
-0
-0
-0
-0
-0
-0
-0
-0
-0
-0
-0
-0
-0
-0
-0
-0
-0
-0
-0
-0
-0
-0
-0
-0
-0
-0
-0
-0
-0
-0
-0
-0
-0
-0
-0
-0
-0
-0
-0
-0
0
0
0
0
0
0
0
0
0
0
0
0
0
0
0
0
0
0
0
0
0
0
0
0
0
0
0
0
0
0
0
0
0
0
0
0
0
0
0
0
0
0
0
0
0
0
0
0
0
0
-0
-0
-0
-0
-0
-0
-0
-0
-0
-0
-0
-0
-0
-0
-0
-0
-0
-0
-0
-0
-0
-0
-0
-0
-0
-0
-0
-0
-0
-0
-0
-0
-0
-0
-0
-0
-0
-0
-0
-0
-0
-0
-0
-0
-0
-0
-0
-0
-0
-0
0
0
0
0
0
0
0
0
0
0
0
0
0
0
0
0
0
0
0
0
0
0
0
0
0
0
0
0
0
0
0
0
0
0
0
0
0
0
0
0
0
0
0
0
0
0
0
0
0
0
-0
-0
-0
-0
-0
-0
-0
-0
-0
-0
-0
-0
-0
-0
-0
-0
-0
-0
-0
-0
-0
-0
-0
-0
-0
-0
-0
-0
-0
-0
-0
-0
-0
-0
-0
-0
-0
-0
-0
-0
-0
-0
-0
-0
-0
-0
-0
-0
-0
-0
0
0
0
0
0
0
0
0
0
0
0
0
0
0
0
0
0
0
0
0
0
0
0
0
0
0
0
0
0
0
0
0
0
0
0
0
0
0
0
0
0
0
0
0
0
0
0
0
0
0
-0
-0
-0
-0
-0
-0
-0
-0
-0
-0
-0
-0
-0
-0
-0
-0
-0
-0
-0
-0
-0
-0
-0
-0
-0
-0
-0
-0
-0
-0
-0
-0
-0
-0
-0
-0
-0
-0
-0
-0
-0
-0
-0
-0
-0
-0
-0
-0
-0
-0
0
0
0
0
0
0
0
0
0
0
0
0
0
0
0
0
0
0
0
0
0
0
0
0
0
0
0
0
0
0
0
0
0
0
0
0
0
0
0
0
0
0
0
0
0
0
0
0
0
0
-0
-0
-0
-0
-0
-0
-0
-0
-0
-0
-0
-0
-0
-0
-0
-0
-0
-0
-0
-0
-0
-0
-0
-0
-0
-0
-0
-0
-0
-0
-0
-0
-0
-0
-0
-0
-0
-0
-0
-0
-0
-0
-0
-0
-0
-0
-0
-0
-0
-0
0
0
0
0
0
0
0
0
0
0
0
0
0
0
0
0
0
0
0
0
0
0
0
0
0
0
0
0
0
0
0
0
0
0
0
0
0
0
0
0
0
0
0
0
0
0
0
0
0
0
-0
-0
-0
-0
-0
-0
-0
-0
-0
-0
-0
-0
-0
-0
-0
-0
-0
-0
-0
-0
-0
-0
-0
-0
-0
-0
-0
-0
-0
-0
-0
-0
-0
-0
-0
-0
-0
-0
-0
-0
-0
-0
-0
-0
-0
-0
-0
-0
-0
-0
0
0
0
0
0
0
0
0
0
0
0
0
0
0
0
0
0
0
0
0
0
0
0
0
0
0
0
0
0
0
0
0
0
0
0
0
0
0
0
0
0
0
0
0
0
0
0
0
0
0
-0
-0
-0
-0
-0
-0
-0
-0
-0
-0
-0
-0
-0
-0
-0
-0
-0
-0
-0
-0
-0
-0
-0
-0
-0
-0
-0
-0
-0
-0
-0
-0
-0
-0
-0
-0
-0
-0
-0
-0
-0
-0
-0
-0
-0
-0
-0
-0
-0
-0
0
0
0
0
0
0
0
0
0
0
0
0
0
0
0
0
0
0
0
0
0
0
0
0
0
0
0
0
0
0
0
0
0
0
0
0
0
0
0
0
0
0
0
0
0
0
0
0
0
0
-0
-0
-0
-0
-0
-0
-0
-0
-0
-0
-0
-0
-0
-0
-0
-0
-0
-0
-0
-0
-0
-0
-0
-0
-0
-0
-0
-0
-0
-0
-0
-0
-0
-0
-0
-0
-0
-0
-0
-0
-0
-0
-0
-0
-0
-0
-0
-0
-0
-0
0
0
0
0
0
0
0
0
0
0
0
0
0
0
0
0
0
0
0
0
0
0
0
0
0
0
0
0
0
0
0
0
0
0
0
0
0
0
0
0
0
0
0
0
0
0
0
0
0
0
-0
-0
-0
-0
-0
-0
-0
-0
-0
-0
-0
-0
-0
-0
-0
-0
-0
-0
-0
-0
-0
-0
-0
-0
-0
-0
-0
-0
-0
-0
-0
-0
-0
-0
-0
-0
-0
-0
-0
-0
-0
-0
-0
-0
-0
-0
-0
-0
-0
-0
0
0
0
0
0
0
0
0
0
0
0
0
0
0
0
0
0
0
0
0
0
0
0
0
0
0
0
0
0
0
0
0
0
0
0
0
0
0
0
0
0
0
0
0
0
0
0
0
0
0
-0
-0
-0
-0
-0
-0
-0
-0
-0
-0
-0
-0
-0
-0
-0
-0
-0
-0
-0
-0
-0
-0
-0
-0
-0
-0
-0
-0
-0
-0
-0
-0
-0
-0
-0
-0
-0
-0
-0
-0
-0
-0
-0
-0
-0
-0
-0
-0
-0
-0
0
0
0
0
0
0
0
0
0
0
0
0
0
0
0
0
0
0
0
0
0
0
0
0
0
0
0
0
0
0
0
0
0
0
0
0
0
0
0
0
0
0
0
0
0
0
0
0
0
0
-0
-0
-0
-0
-0
-0
-0
-0
-0
-0
-0
-0
-0
-0
-0
-0
-0
-0
-0
-0
-0
-0
-0
-0
-0
-0
-0
-0
-0
-0
-0
-0
-0
-0
-0
-0
-0
-0
-0
-0
-0
-0
-0
-0
-0
-0
-0
-0
-0
-0
0
0
0
0
0
0
0
0
0
0
0
0
0
0
0
0
0
0
0
0
0
0
0
0
0
0
0
0
0
0
0
0
0
0
0
0
0
0
0
0
0
0
0
0
0
0
0
0
0
-0
-0
-0
-0
-0
-0
-0
-0
-0
-0
-0
-0
-0
-0
-0
-0
-0
-0
-0
-0
-0
-0
-0
-0
-0
-0
-0
-0
-0
-0
-0
-0
-0
-0
-0
-0
-0
-0
-0
-0
-0
-0
-0
-0
-0
-0
-0
-0
-0
-0
-0
0
0
0
0
0
0
0
0
0
0
0
0
0
0
0
0
0
0
0
0
0
0
0
0
0
0
0
0
0
0
0
0
0
0
0
0
0
0
0
0
0
0
0
0
0
0
0
0
0
0
-0
-0
-0
-0
-0
-0
-0
-0
-0
-0
-0
-0
-0
-0
-0
-0
-0
-0
-0
-0
-0
-0
-0
-0
-0
-0
-0
-0
-0
-0
-0
-0
-0
-0
-0
-0
-0
-0
-0
-0
-0
-0
-0
-0
-0
-0
-0
-0
-0
0
0
0
0
0
0
0
0
0
0
0
0
0
0
0
0
0
0
0
0
0
0
0
0
0
0
0
0
0
0
0
0
0
0
0
0
0
0
0
0
0
0
0
0
0
0
0
0
0
0
0
-0
-0
-0
-0
-0
-0
-0
-0
-0
-0
-0
-0
-0
-0
-0
-0
-0
-0
-0
-0
-0
-0
-0
-0
-0
-0
-0
-0
-0
-0
-0
-0
-0
-0
-0
-0
-0
-0
-0
-0
-0
-0
-0
-0
-0
-0
-0
-0
-0
-0
0
0
0
0
0
0
0
0
0
0
0
0
0
0
0
0
0
0
0
0
0
0
0
0
0
0
0
0
0
0
0
0
0
0
0
0
0
0
0
0
0
0
0
0
0
0
0
0
0
0
-0
-0
-0
-0
-0
-0
-0
-0
-0
-0
-0
-0
-0
-0
-0
-0
-0
-0
-0
-0
-0
-0
-0
-0
-0
-0
-0
-0
-0
-0
-0
-0
-0
-0
-0
-0
-0
-0
-0
-0
-0
-0
-0
-0
-0
-0
-0
-0
-0
-0
0
0
0
0
0
0
0
0
0
0
0
0
0
0
0
0
0
0
0
0
0
0
0
0
0
0
0
0
0
0
0
0
0
0
0
0
0
0
0
0
0
0
0
0
0
0
0
0
0
-0
-0
-0
-0
-0
-0
-0
-0
-0
-0
-0
-0
-0
-0
-0
-0
-0
-0
-0
-0
-0
-0
-0
-0
-0
-0
-0
-0
-0
-0
-0
-0
-0
-0
-0
-0
-0
-0
-0
-0
-0
-0
-0
-0
-0
-0
-0
-0
-0
-0
-0
0
0
0
0
0
0
0
0
0
0
0
0
0
0
0
0
0
0
0
0
0
0
0
0
0
0
0
0
0
0
0
0
0
0
0
0
0
0
0
0
0
0
0
0
0
0
0
0
0
-0
-0
-0
-0
-0
-0
-0
-0
-0
-0
-0
-0
-0
-0
-0
-0
-0
-0
-0
-0
-0
-0
-0
-0
-0
-0
-0
-0
-0
-0
-0
-0
-0
-0
-0
-0
-0
-0
-0
-0
-0
-0
-0
-0
-0
-0
-0
-0
-0
-0
-0
0
0
0
0
0
0
0
0
0
0
0
0
0
0
0
0
0
0
0
0
0
0
0
0
0
0
0
0
0
0
0
0
0
0
0
0
0
0
0
0
0
0
0
0
0
0
0
0
0
0
-0
-0
-0
-0
-0
-0
-0
-0
-0
-0
-0
-0
-0
-0
-0
-0
-0
-0
-0
-0
-0
-0
-0
-0
-0
-0
-0
-0
-0
-0
-0
-0
-0
-0
-0
-0
-0
-0
-0
-0
-0
-0
-0
-0
-0
-0
-0
-0
-0
-0
0
0
0
0
0
0
0
0
0
0
0
0
0
0
0
0
0
0
0
0
0
0
0
0
0
0
0
0
0
0
0
0
0
0
0
0
0
0
0
0
0
0
0
0
0
0
0
0
0
0
-0
-0
-0
-0
-0
-0
-0
-0
-0
-0
-0
-0
-0
-0
-0
-0
-0
-0
-0
-0
-0
-0
-0
-0
-0
-0
-0
-0
-0
-0
-0
-0
-0
-0
-0
-0
-0
-0
-0
-0
-0
-0
-0
-0
-0
-0
-0
-0
-0
-0
0
0
0
0
0
0
0
0
0
0
0
0
0
0
0
0
0
0
0
0
0
0
0
0
0
0
0
0
0
0
0
0
0
0
0
0
0
0
0
0
0
0
0
0
0
0
0
0
0
0
-0
-0
-0
-0
-0
-0
-0
-0
-0
-0
-0
-0
-0
-0
-0
-0
-0
-0
-0
-0
-0
-0
-0
-0
-0
-0
-0
-0
-0
-0
-0
-0
-0
-0
-0
-0
-0
-0
-0
-0
-0
-0
-0
-0
-0
-0
-0
-0
-0
-0
0
0
0
0
0
0
0
0
0
0
0
0
0
0
0
0
0
0
0
0
0
0
0
0
0
0
0
0
0
0
0
0
0
0
0
0
0
0
0
0
0
0
0
0
0
0
0
0
0
-0
-0
-0
-0
-0
-0
-0
-0
-0
-0
-0
-0
-0
-0
-0
-0
-0
-0
-0
-0
-0
-0
-0
-0
-0
-0
-0
-0
-0
-0
-0
-0
-0
-0
-0
-0
-0
-0
-0
-0
-0
-0
-0
-0
-0
-0
-0
-0
-0
-0
-0
0
0
0
0
0
0
0
0
0
0
0
0
0
0
0
0
0
0
0
0
0
0
0
0
0
0
0
0
0
0
0
0
0
0
0
0
0
0
0
0
0
0
0
0
0
0
0
0
0
-0
-0
-0
-0
-0
-0
-0
-0
-0
-0
-0
-0
-0
-0
-0
-0
-0
-0
-0
-0
-0
-0
-0
-0
-0
-0
-0
-0
-0
-0
-0
-0
-0
-0
-0
-0
-0
-0
-0
-0
-0
-0
-0
-0
-0
-0
-0
-0
-0
-0
-0
0
0
0
0
0
0
0
0
0
0
0
0
0
0
0
0
0
0
0
0
0
0
0
0
0
0
0
0
0
0
0
0
0
0
0
0
0
0
0
0
0
0
0
0
0
0
0
0
0
0
-0
-0
-0
-0
-0
-0
-0
-0
-0
-0
-0
-0
-0
-0
-0
-0
-0
-0
-0
-0
-0
-0
-0
-0
-0
-0
-0
-0
-0
-0
-0
-0
-0
-0
-0
-0
-0
-0
-0
-0
-0
-0
-0
-0
-0
-0
-0
-0
-0
-0
0
0
0
0
0
0
0
0
0
0
0
0
0
0
0
0
0
0
0
0
0
0
0
0
0
0
0
0
0
0
0
0
0
0
0
0
0
0
0
0
0
0
0
0
0
0
0
0
0
0
-0
-0
-0
-0
-0
-0
-0
-0
-0
-0
-0
-0
-0
-0
-0
-0
-0
-0
-0
-0
-0
-0
-0
-0
-0
-0
-0
-0
-0
-0
-0
-0
-0
-0
-0
-0
-0
-0
-0
-0
-0
-0
-0
-0
-0
-0
-0
-0
-0
-0
0
0
0
0
0
0
0
0
0
0
0
0
0
0
0
0
0
0
0
0
0
0
0
0
0
0
0
0
0
0
0
0
0
0
0
0
0
0
0
0
0
0
0
0
0
0
0
0
0
0
-0
-0
-0
-0
-0
-0
-0
-0
-0
-0
-0
-0
-0
-0
-0
-0
-0
-0
-0
-0
-0
-0
-0
-0
-0
-0
-0
-0
-0
-0
-0
-0
-0
-0
-0
-0
-0
-0
-0
-0
-0
-0
-0
-0
-0
-0
-0
-0
-0
-0
0
0
0
0
0
0
0
0
0
0
0
0
0
0
0
0
0
0
0
0
0
0
0
0
0
0
0
0
0
0
0
0
0
0
0
0
0
0
0
0
0
0
0
0
0
0
0
0
0
-0
-0
-0
-0
-0
-0
-0
-0
-0
-0
-0
-0
-0
-0
-0
-0
-0
-0
-0
-0
-0
-0
-0
-0
-0
-0
-0
-0
-0
-0
-0
-0
-0
-0
-0
-0
-0
-0
-0
-0
-0
-0
-0
-0
-0
-0
-0
-0
-0
-0
-0
0
0
0
0
0
0
0
0
0
0
0
0
0
0
0
0
0
0
0
0
0
0
0
0
0
0
0
0
0
0
0
0
0
0
0
0
0
0
0
0
0
0
0
0
0
0
0
0
0
-0
-0
-0
-0
-0
-0
-0
-0
-0
-0
-0
-0
-0
-0
-0
-0
-0
-0
-0
-0
-0
-0
-0
-0
-0
-0
-0
-0
-0
-0
-0
-0
-0
-0
-0
-0
-0
-0
-0
-0
-0
-0
-0
-0
-0
-0
-0
-0
-0
-0
-0
0
0
0
0
0
0
0
0
0
0
0
0
0
0
0
0
0
0
0
0
0
0
0
0
0
0
0
0
0
0
0
0
0
0
0
0
0
0
0
0
0
0
0
0
0
0
0
0
0
0
-0
-0
-0
-0
-0
-0
-0
-0
-0
-0
-0
-0
-0
-0
-0
-0
-0
-0
-0
-0
-0
-0
-0
-0
-0
-0
-0
-0
-0
-0
-0
-0
-0
-0
-0
-0
-0
-0
-0
-0
-0
-0
-0
-0
-0
-0
-0
-0
-0
-0
0
0
0
0
0
0
0
0
0
0
0
0
0
0
0
0
0
0
0
0
0
0
0
0
0
0
0
0
0
0
0
0
0
0
0
0
0
0
0
0
0
0
0
0
0
0
0
0
0
0
-0
-0
-0
-0
-0
-0
-0
-0
-0
-0
-0
-0
-0
-0
-0
-0
-0
-0
-0
-0
-0
-0
-0
-0
-0
-0
-0
-0
-0
-0
-0
-0
-0
-0
-0
-0
-0
-0
-0
-0
-0
-0
-0
-0
-0
-0
-0
-0
-0
-0
0
0
0
0
0
0
0
0
0
0
0
0
0
0
0
0
0
0
0
0
0
0
0
0
0
0
0
0
0
0
0
0
0
0
0
0
0
0
0
0
0
0
0
0
0
0
0
0
0
0
-0
-0
-0
-0
-0
-0
-0
-0
-0
-0
-0
-0
-0
-0
-0
-0
-0
-0
-0
-0
-0
-0
-0
-0
-0
-0
-0
-0
-0
-0
-0
-0
-0
-0
-0
-0
-0
-0
-0
-0
-0
-0
-0
-0
-0
-0
-0
-0
-0
-0
0
0
0
0
0
0
0
0
0
0
0
0
0
0
0
0
0
0
0
0
0
0
0
0
0
0
0
0
0
0
0
0
0
0
0
0
0
0
0
0
0
0
0
0
0
0
0
0
0
-0
-0
-0
-0
-0
-0
-0
-0
-0
-0
-0
-0
-0
-0
-0
-0
-0
-0
-0
-0
-0
-0
-0
-0
-0
-0
-0
-0
-0
-0
-0
-0
-0
-0
-0
-0
-0
-0
-0
-0
-0
-0
-0
-0
-0
-0
-0
-0
-0
-0
-0
0
0
0
0
0
0
0
0
0
0
0
0
0
0
0
0
0
0
0
0
0
0
0
0
0
0
0
0
0
0
0
0
0
0
0
0
0
0
0
0
0
0
0
0
0
0
0
0
0
-0
-0
-0
-0
-0
-0
-0
-0
-0
-0
-0
-0
-0
-0
-0
-0
-0
-0
-0
-0
-0
-0
-0
-0
-0
-0
-0
-0
-0
-0
-0
-0
-0
-0
-0
-0
-0
-0
-0
-0
-0
-0
-0
-0
-0
-0
-0
-0
-0
-0
-0
0
0
0
0
0
0
0
0
0
0
0
0
0
0
0
0
0
0
0
0
0
0
0
0
0
0
0
0
0
0
0
0
0
0
0
0
0
0
0
0
0
0
0
0
0
0
0
0
0
-0
