-0
-0
-0
-0
-0
-0
-0
-0
-0
-0
-0
-0
-0
-0
-0
-0
-0
-0
-0
-0
-0
-0
-0
-0
-0
-0
-0
-0
-0
-0
-0
-0
-0
-0
-0
-0
-0
-0
-0
-0
-0
-0
-0
-0
-0
-0
-0
-0
-0
-0
-0
0
0
0
0
0
0
0
0
0
0
0
0
0
0
0
0
0
0
0
0
0
0
0
0
0
0
0
0
0
0
0
0
0
0
0
0
0
0
0
0
0
0
0
0
0
0
0
0
0
0
-0
-0
-0
-0
-0
-0
-0
-0
-0
-0
-0
-0
-0
-0
-0
-0
-0
-0
-0
-0
-0
-0
-0
-0
-0
-0
-0
-0
-0
-0
-0
-0
-0
-0
-0
-0
-0
-0
-0
-0
-0
-0
-0
-0
-0
-0
-0
-0
-0
-0
0
0
0
0
0
0
0
0
0
0
0
0
0
0
0
0
0
0
0
0
0
0
0
0
0
0
0
0
0
0
0
0
0
0
0
0
0
0
0
0
0
0
0
0
0
0
0
0
0
0
-0
-0
-0
-0
-0
-0
-0
-0
-0
-0
-0
-0
-0
-0
-0
-0
-0
-0
-0
-0
-0
-0
-0
-0
-0
-0
-0
-0
-0
-0
-0
-0
-0
-0
-0
-0
-0
-0
-0
-0
-0
-0
-0
-0
-0
-0
-0
-0
-0
-0
0
0
0
0
0
0
0
0
0
0
0
0
0
0
0
0
0
0
0
0
0
0
0
0
0
0
0
0
0
0
0
0
0
0
0
0
0
0
0
0
0
0
0
0
0
0
0
0
0
0
-0
-0
-0
-0
-0
-0
-0
-0
-0
-0
-0
-0
-0
-0
-0
-0
-0
-0
-0
-0
-0
-0
-0
-0
-0
-0
-0
-0
-0
-0
-0
-0
-0
-0
-0
-0
-0
-0
-0
-0
-0
-0
-0
-0
-0
-0
-0
-0
-0
0
0
0
0
0
0
0
0
0
0
0
0
0
0
0
0
0
0
0
0
0
0
0
0
0
0
0
0
0
0
0
0
0
0
0
0
0
0
0
0
0
0
0
0
0
0
0
0
0
0
0
-0
-0
-0
-0
-0
-0
-0
-0
-0
-0
-0
-0
-0
-0
-0
-0
-0
-0
-0
-0
-0
-0
-0
-0
-0
-0
-0
-0
-0
-0
-0
-0
-0
-0
-0
-0
-0
-0
-0
-0
-0
-0
-0
-0
-0
-0
-0
-0
-0
-0
0
0
0
0
0
0
0
0
0
0
0
0
0
0
0
0
0
0
0
0
0
0
0
0
0
0
0
0
0
0
0
0
0
0
0
0
0
0
0
0
0
0
0
0
0
0
0
0
0
0
-0
-0
-0
-0
-0
-0
-0
-0
-0
-0
-0
-0
-0
-0
-0
-0
-0
-0
-0
-0
-0
-0
-0
-0
-0
-0
-0
-0
-0
-0
-0
-0
-0
-0
-0
-0
-0
-0
-0
-0
-0
-0
-0
-0
-0
-0
-0
-0
-0
0
0
0
0
0
0
0
0
0
0
0
0
0
0
0
0
0
0
0
0
0
0
0
0
0
0
0
0
0
0
0
0
0
0
0
0
0
0
0
0
0
0
0
0
0
0
0
0
0
0
0
-0
-0
-0
-0
-0
-0
-0
-0
-0
-0
-0
-0
-0
-0
-0
-0
-0
-0
-0
-0
-0
-0
-0
-0
-0
-0
-0
-0
-0
-0
-0
-0
-0
-0
-0
-0
-0
-0
-0
-0
-0
-0
-0
-0
-0
-0
-0
-0
-0
0
0
0
0
0
0
0
0
0
0
0
0
0
0
0
0
0
0
0
0
0
0
0
0
0
0
0
0
0
0
0
0
0
0
0
0
0
0
0
0
0
0
0
0
0
0
0
0
0
0
-0
-0
-0
-0
-0
-0
-0
-0
-0
-0
-0
-0
-0
-0
-0
-0
-0
-0
-0
-0
-0
-0
-0
-0
-0
-0
-0
-0
-0
-0
-0
-0
-0
-0
-0
-0
-0
-0
-0
-0
-0
-0
-0
-0
-0
-0
-0
-0
-0
-0
-0
0
0
0
0
0
0
0
0
0
0
0
0
0
0
0
0
0
0
0
0
0
0
0
0
0
0
0
0
0
0
0
0
0
0
0
0
0
0
0
0
0
0
0
0
0
0
0
0
0
0
-0
-0
-0
-0
-0
-0
-0
-0
-0
-0
-0
-0
-0
-0
-0
-0
-0
-0
-0
-0
-0
-0
-0
-0
-0
-0
-0
-0
-0
-0
-0
-0
-0
-0
-0
-0
-0
-0
-0
-0
-0
-0
-0
-0
-0
-0
-0
-0
-0
-0
0
0
0
0
0
0
0
0
0
0
0
0
0
0
0
0
0
0
0
0
0
0
0
0
0
0
0
0
0
0
0
0
0
0
0
0
0
0
0
0
0
0
0
0
0
0
0
0
0
0
-0
-0
-0
-0
-0
-0
-0
-0
-0
-0
-0
-0
-0
-0
-0
-0
-0
-0
-0
-0
-0
-0
-0
-0
-0
-0
-0
-0
-0
-0
-0
-0
-0
-0
-0
-0
-0
-0
-0
-0
-0
-0
-0
-0
-0
-0
-0
-0
-0
0
0
0
0
0
0
0
0
0
0
0
0
0
0
0
0
0
0
0
0
0
0
0
0
0
0
0
0
0
0
0
0
0
0
0
0
0
0
0
0
0
0
0
0
0
0
0
0
0
0
0
-0
-0
-0
-0
-0
-0
-0
-0
-0
-0
-0
-0
-0
-0
-0
-0
-0
-0
-0
-0
-0
-0
-0
-0
-0
-0
-0
-0
-0
-0
-0
-0
-0
-0
-0
-0
-0
-0
-0
-0
-0
-0
-0
-0
-0
-0
-0
-0
-0
0
0
0
0
0
0
0
0
0
0
0
0
0
0
0
0
0
0
0
0
0
0
0
0
0
0
0
0
0
0
0
0
0
0
0
0
0
0
0
0
0
0
0
0
0
0
0
0
0
0
-0
-0
-0
-0
-0
-0
-0
-0
-0
-0
-0
-0
-0
-0
-0
-0
-0
-0
-0
-0
-0
-0
-0
-0
-0
-0
-0
-0
-0
-0
-0
-0
-0
-0
-0
-0
-0
-0
-0
-0
-0
-0
-0
-0
-0
-0
-0
-0
-0
-0
0
0
0
0
0
0
0
0
0
0
0
0
0
0
0
0
0
0
0
0
0
0
0
0
0
0
0
0
0
0
0
0
0
0
0
0
0
0
0
0
0
0
0
0
0
0
0
0
0
0
0
-0
-0
-0
-0
-0
-0
-0
-0
-0
-0
-0
-0
-0
-0
-0
-0
-0
-0
-0
-0
-0
-0
-0
-0
-0
-0
-0
-0
-0
-0
-0
-0
-0
-0
-0
-0
-0
-0
-0
-0
-0
-0
-0
-0
-0
-0
-0
-0
-0
0
0
0
0
0
0
0
0
0
0
0
0
0
0
0
0
0
0
0
0
0
0
0
0
0
0
0
0
0
0
0
0
0
0
0
0
0
0
0
0
0
0
0
0
0
0
0
0
0
0
-0
-0
-0
-0
-0
-0
-0
-0
-0
-0
-0
-0
-0
-0
-0
-0
-0
-0
-0
-0
-0
-0
-0
-0
-0
-0
-0
-0
-0
-0
-0
-0
-0
-0
-0
-0
-0
-0
-0
-0
-0
-0
-0
-0
-0
-0
-0
-0
-0
-0
0
0
0
0
0
0
0
0
0
0
0
0
0
0
0
0
0
0
0
0
0
0
0
0
0
0
0
0
0
0
0
0
0
0
0
0
0
0
0
0
0
0
0
0
0
0
0
0
0
0
-0
-0
-0
-0
-0
-0
-0
-0
-0
-0
-0
-0
-0
-0
-0
-0
-0
-0
-0
-0
-0
-0
-0
-0
-0
-0
-0
-0
-0
-0
-0
-0
-0
-0
-0
-0
-0
-0
-0
-0
-0
-0
-0
-0
-0
-0
-0
-0
-0
-0
0
0
0
0
0
0
0
0
0
0
0
0
0
0
0
0
0
0
0
0
0
0
0
0
0
0
0
0
0
0
0
0
0
0
0
0
0
0
0
0
0
0
0
0
0
0
0
0
0
0
0
-0
-0
-0
-0
-0
-0
-0
-0
-0
-0
-0
-0
-0
-0
-0
-0
-0
-0
-0
-0
-0
-0
-0
-0
-0
-0
-0
-0
-0
-0
-0
-0
-0
-0
-0
-0
-0
-0
-0
-0
-0
-0
-0
-0
-0
-0
-0
-0
-0
-0
0
0
0
0
0
0
0
0
0
0
0
0
0
0
0
0
0
0
0
0
0
0
0
0
0
0
0
0
0
0
0
0
0
0
0
0
0
0
0
0
0
0
0
0
0
0
0
0
0
0
-0
-0
-0
-0
-0
-0
-0
-0
-0
-0
-0
-0
-0
-0
-0
-0
-0
-0
-0
-0
-0
-0
-0
-0
-0
-0
-0
-0
-0
-0
-0
-0
-0
-0
-0
-0
-0
-0
-0
-0
-0
-0
-0
-0
-0
-0
-0
-0
-0
-0
0
0
0
0
0
0
0
0
0
0
0
0
0
0
0
0
0
0
0
0
0
0
0
0
0
0
0
0
0
0
0
0
0
0
0
0
0
0
0
0
0
0
0
0
0
0
0
0
0
0
-0
-0
-0
-0
-0
-0
-0
-0
-0
-0
-0
-0
-0
-0
-0
-0
-0
-0
-0
-0
-0
-0
-0
-0
-0
-0
-0
-0
-0
-0
-0
-0
-0
-0
-0
-0
-0
-0
-0
-0
-0
-0
-0
-0
-0
-0
-0
-0
-0
-0
0
0
0
0
0
0
0
0
0
0
0
0
0
0
0
0
0
0
0
0
0
0
0
0
0
0
0
0
0
0
0
0
0
0
0
0
0
0
0
0
0
0
0
0
0
0
0
0
0
0
-0
-0
-0
-0
-0
-0
-0
-0
-0
-0
-0
-0
-0
-0
-0
-0
-0
-0
-0
-0
-0
-0
-0
-0
-0
-0
-0
-0
-0
-0
-0
-0
-0
-0
-0
-0
-0
-0
-0
-0
-0
-0
-0
-0
-0
-0
-0
-0
-0
-0
0
0
0
0
0
0
0
0
0
0
0
0
0
0
0
0
0
0
0
0
0
0
0
0
0
0
0
0
0
0
0
0
0
0
0
0
0
0
0
0
0
0
0
0
0
0
0
0
0
-0
-0
-0
-0
-0
-0
-0
-0
-0
-0
-0
-0
-0
-0
-0
-0
-0
-0
-0
-0
-0
-0
-0
-0
-0
-0
-0
-0
-0
-0
-0
-0
-0
-0
-0
-0
-0
-0
-0
-0
-0
-0
-0
-0
-0
-0
-0
-0
-0
-0
-0
0
0
0
0
0
0
0
0
0
0
0
0
0
0
0
0
0
0
0
0
0
0
0
0
0
0
0
0
0
0
0
0
0
0
0
0
0
0
0
0
0
0
0
0
0
0
0
0
0
0
-1.3186e-08
-5.264e-08
-1.1805e-07
-2.089e-07
-3.2447e-07
-4.6384e-07
-6.259e-07
-8.0935e-07
-1.0127e-06
-1.2343e-06
-1.4724e-06
-1.7251e-06
-1.9901e-06
-2.2653e-06
-2.5484e-06
-2.8369e-06
-3.1284e-06
-3.4202e-06
-3.7098e-06
-3.9944e-06
-4.2715e-06
-4.5382e-06
-4.7919e-06
-5.0301e-06
-5.25e-06
-5.4492e-06
-5.6253e-06
-5.7758e-06
-5.8987e-06
-5.9917e-06
-6.0528e-06
-6.0804e-06
-6.0728e-06
-6.0285e-06
-5.9463e-06
-5.8251e-06
-5.6641e-06
-5.4627e-06
-5.2205e-06
-4.9374e-06
-4.6135e-06
-4.2491e-06
-3.8448e-06
-3.4015e-06
-2.9202e-06
-2.4023e-06
-1.8495e-06
-1.2634e-06
-6.4611e-07
-1.6463e-19
6.7249e-07
1.3686e-06
2.0856e-06
2.8201e-06
3.5691e-06
4.3291e-06
5.0966e-06
5.8678e-06
6.6389e-06
7.4061e-06
8.1654e-06
8.9128e-06
9.6443e-06
1.0356e-05
1.1043e-05
1.1702e-05
1.233e-05
1.2921e-05
1.3472e-05
1.3981e-05
1.4442e-05
1.4852e-05
1.5209e-05
1.5509e-05
1.575e-05
1.5929e-05
1.6042e-05
1.609e-05
1.6069e-05
1.5978e-05
1.5815e-05
1.5581e-05
1.5274e-05
1.4894e-05
1.4441e-05
1.3915e-05
1.3318e-05
1.265e-05
1.1913e-05
1.1109e-05
1.024e-05
9.3075e-06
8.3155e-06
7.2668e-06
6.1649e-06
5.0136e-06
3.817e-06
2.5794e-06
1.3054e-06
-4.12e-20
-1.3318e-06
-2.6846e-06
-4.0531e-06
-5.4314e-06
-6.8138e-06
-8.1945e-06
-9.5673e-06
-1.0926e-05
-1.2265e-05
-1.3578e-05
-1.4858e-05
-1.6101e-05
-1.7298e-05
-1.8446e-05
-1.9538e-05
-2.0568e-05
-2.1531e-05
-2.2422e-05
-2.3235e-05
-2.3967e-05
-2.4612e-05
-2.5166e-05
-2.5626e-05
-2.5989e-05
-2.625e-05
-2.6408e-05
-2.646e-05
-2.6404e-05
-2.6239e-05
-2.5964e-05
-2.5578e-05
-2.5082e-05
-2.4475e-05
-2.3759e-05
-2.2936e-05
-2.2006e-05
-2.0972e-05
-1.9838e-05
-1.8606e-05
-1.7281e-05
-1.5866e-05
-1.4366e-05
-1.2786e-05
-1.1132e-05
-9.4096e-06
-7.6248e-06
-5.7845e-06
-3.8954e-06
-1.9647e-06
-2.7779e-19
1.9911e-06
4.0006e-06
6.0206e-06
8.0426e-06
1.0059e-05
1.206e-05
1.4038e-05
1.5985e-05
1.7891e-05
1.975e-05
2.1551e-05
2.3288e-05
2.4953e-05
2.6536e-05
2.8032e-05
2.9433e-05
3.0732e-05
3.1922e-05
3.2998e-05
3.3953e-05
3.4782e-05
3.548e-05
3.6044e-05
3.6468e-05
3.675e-05
3.6887e-05
3.6877e-05
3.6718e-05
3.6409e-05
3.595e-05
3.5341e-05
3.4582e-05
3.3676e-05
3.2625e-05
3.143e-05
3.0096e-05
2.8627e-05
2.7026e-05
2.5299e-05
2.3453e-05
2.1492e-05
1.9424e-05
1.7257e-05
1.4997e-05
1.2654e-05
1.0236e-05
7.752e-06
5.2114e-06
2.624e-06
-3.7054e-19
-2.6504e-06
-5.3166e-06
-7.9881e-06
-1.0654e-05
-1.3303e-05
-1.5925e-05
-1.8509e-05
-2.1043e-05
-2.3517e-05
-2.5921e-05
-2.8244e-05
-3.0476e-05
-3.2607e-05
-3.4627e-05
-3.6527e-05
-3.8299e-05
-3.9933e-05
-4.1423e-05
-4.276e-05
-4.3939e-05
-4.4952e-05
-4.5794e-05
-4.6461e-05
-4.6947e-05
-4.725e-05
-4.7366e-05
-4.7294e-05
-4.7032e-05
-4.6579e-05
-4.5936e-05
-4.5103e-05
-4.4083e-05
-4.2878e-05
-4.149e-05
-3.9925e-05
-3.8187e-05
-3.6281e-05
-3.4214e-05
-3.1992e-05
-2.9624e-05
-2.7118e-05
-2.4483e-05
-2.1728e-05
-1.8863e-05
-1.5899e-05
-1.2847e-05
-9.7195e-06
-6.5274e-06
-3.2833e-06
-1.0281e-19
3.3097e-06
6.6326e-06
9.9556e-06
1.3265e-05
1.6548e-05
1.979e-05
2.2979e-05
2.6101e-05
2.9144e-05
3.2093e-05
3.4937e-05
3.7664e-05
4.0261e-05
4.2717e-05
4.5022e-05
4.7164e-05
4.9135e-05
5.0924e-05
5.2523e-05
5.3925e-05
5.5122e-05
5.6108e-05
5.6878e-05
5.7426e-05
5.775e-05
5.7846e-05
5.7711e-05
5.7346e-05
5.6749e-05
5.5922e-05
5.4866e-05
5.3584e-05
5.2079e-05
5.0356e-05
4.842e-05
4.6277e-05
4.3935e-05
4.1401e-05
3.8685e-05
3.5796e-05
3.2744e-05
2.9541e-05
2.6198e-05
2.2728e-05
1.9144e-05
1.5459e-05
1.1687e-05
7.8434e-06
3.9426e-06
-9.8802e-19
-3.969e-06
-7.9486e-06
-1.1923e-05
-1.5876e-05
-1.9793e-05
-2.3656e-05
-2.745e-05
-3.116e-05
-3.477e-05
-3.8265e-05
-4.163e-05
-4.4852e-05
-4.7915e-05
-5.0808e-05
-5.3516e-05
-5.603e-05
-5.8336e-05
-6.0424e-05
-6.2286e-05
-6.3911e-05
-6.5292e-05
-6.6422e-05
-6.7295e-05
-6.7906e-05
-6.825e-05
-6.8325e-05
-6.8129e-05
-6.766e-05
-6.6919e-05
-6.5908e-05
-6.4629e-05
-6.3085e-05
-6.128e-05
-5.9221e-05
-5.6914e-05
-5.4367e-05
-5.1589e-05
-4.8589e-05
-4.5378e-05
-4.1968e-05
-3.8371e-05
-3.46e-05
-3.0669e-05
-2.6593e-05
-2.2388e-05
-1.807e-05
-1.3654e-05
-9.1594e-06
-4.6019e-06
3.6032e-19
4.6283e-06
9.2646e-06
1.3891e-05
1.8488e-05
2.3037e-05
2.7521e-05
3.1921e-05
3.6218e-05
4.0396e-05
4.4437e-05
4.8323e-05
5.2039e-05
5.5569e-05
5.8898e-05
6.2011e-05
6.4895e-05
6.7537e-05
6.9925e-05
7.2048e-05
7.3897e-05
7.5462e-05
7.6736e-05
7.7712e-05
7.8385e-05
7.875e-05
7.8804e-05
7.8546e-05
7.7974e-05
7.709e-05
7.5894e-05
7.4391e-05
7.2585e-05
7.0481e-05
6.8087e-05
6.5409e-05
6.2458e-05
5.9243e-05
5.5777e-05
5.2071e-05
4.814e-05
4.3997e-05
3.9658e-05
3.514e-05
3.0459e-05
2.5633e-05
2.0681e-05
1.5622e-05
1.0475e-05
5.2612e-06
4.9378e-19
-5.2876e-06
-1.0581e-05
-1.5858e-05
-2.1099e-05
-2.6282e-05
-3.1386e-05
-3.6391e-05
-4.1277e-05
-4.6022e-05
-5.0608e-05
-5.5016e-05
-5.9227e-05
-6.3223e-05
-6.6988e-05
-7.0506e-05
-7.376e-05
-7.6738e-05
-7.9426e-05
-8.1811e-05
-8.3883e-05
-8.5632e-05
-8.705e-05
-8.813e-05
-8.8864e-05
-8.925e-05
-8.9283e-05
-8.8963e-05
-8.8288e-05
-8.726e-05
-8.588e-05
-8.4154e-05
-8.2086e-05
-7.9683e-05
-7.6952e-05
-7.3904e-05
-7.0548e-05
-6.6897e-05
-6.2965e-05
-5.8764e-05
-5.4311e-05
-4.9623e-05
-4.4716e-05
-3.961e-05
-3.4324e-05
-2.8878e-05
-2.3292e-05
-1.7589e-05
-1.1791e-05
-5.9205e-06
1.1116e-18
5.9469e-06
1.1897e-05
1.7826e-05
2.371e-05
2.9527e-05
3.5252e-05
4.0862e-05
4.6335e-05
5.1648e-05
5.678e-05
6.1709e-05
6.6415e-05
7.0878e-05
7.5079e-05
7.9001e-05
8.2626e-05
8.5939e-05
8.8926e-05
9.1574e-05
9.3869e-05
9.5803e-05
9.7364e-05
9.8547e-05
9.9344e-05
9.975e-05
9.9763e-05
9.938e-05
9.8602e-05
9.743e-05
9.5866e-05
9.3917e-05
9.1587e-05
8.8884e-05
8.5817e-05
8.2398e-05
7.8639e-05
7.4552e-05
7.0152e-05
6.5457e-05
6.0483e-05
5.5249e-05
4.9775e-05
4.4081e-05
3.8189e-05
3.2122e-05
2.5904e-05
1.9557e-05
1.3107e-05
6.5798e-06
-1.0313e-19
-6.6062e-06
-1.3213e-05
-1.9793e-05
-2.6321e-05
-3.2771e-05
-3.9117e-05
-4.5333e-05
-5.1393e-05
-5.7275e-05
-6.2952e-05
-6.8402e-05
-7.3603e-05
-7.8532e-05
-8.3169e-05
-8.7495e-05
-9.1491e-05
-9.5141e-05
-9.8427e-05
-0.00010134
-0.00010386
-0.00010597
-0.00010768
-0.00010896
-0.00010982
-0.00011025
-0.00011024
-0.0001098
-0.00010892
-0.0001076
-0.00010585
-0.00010368
-0.00010109
-9.8085e-05
-9.4683e-05
-9.0893e-05
-8.6729e-05
-8.2206e-05
-7.734e-05
-7.215e-05
-6.6655e-05
-6.0875e-05
-5.4833e-05
-4.8552e-05
-4.2055e-05
-3.5367e-05
-2.8515e-05
-2.1524e-05
-1.4423e-05
-7.2391e-06
2.151e-18
7.2655e-06
1.4529e-05
2.1761e-05
2.8933e-05
3.6016e-05
4.2982e-05
4.9803e-05
5.6452e-05
6.2901e-05
6.9124e-05
7.5095e-05
8.079e-05
8.6186e-05
9.126e-05
9.599e-05
0.00010036
0.00010434
0.00010793
0.0001111
0.00011384
0.00011614
0.00011799
0.00011938
0.0001203
0.00012075
0.00012072
0.00012021
0.00011923
0.00011777
0.00011584
0.00011344
0.00011059
0.00010729
0.00010355
9.9388e-05
9.4819e-05
8.986e-05
8.4528e-05
7.8843e-05
7.2827e-05
6.6501e-05
5.9892e-05
5.3022e-05
4.592e-05
3.8612e-05
3.1126e-05
2.3492e-05
1.5739e-05
7.8984e-06
-9.8818e-19
-7.9248e-06
-1.5845e-05
-2.3728e-05
-3.1544e-05
-3.9261e-05
-4.6848e-05
-5.4274e-05
-6.151e-05
-6.8527e-05
-7.5295e-05
-8.1788e-05
-8.7978e-05
-9.384e-05
-9.935e-05
-0.00010448
-0.00010922
-0.00011354
-0.00011743
-0.00012086
-0.00012383
-0.00012631
-0.00012831
-0.0001298
-0.00013078
-0.00013125
-0.0001312
-0.00013063
-0.00012954
-0.00012794
-0.00012582
-0.0001232
-0.00012009
-0.00011649
-0.00011241
-0.00010788
-0.00010291
-9.7514e-05
-9.1716e-05
-8.5536e-05
-7.8998e-05
-7.2128e-05
-6.495e-05
-5.7493e-05
-4.9785e-05
-4.1856e-05
-3.3737e-05
-2.5459e-05
-1.7055e-05
-8.5577e-06
-4.0103e-19
8.5841e-06
1.7161e-05
2.5696e-05
3.4155e-05
4.2505e-05
5.0713e-05
5.8745e-05
6.6569e-05
7.4153e-05
8.1467e-05
8.8481e-05
9.5166e-05
0.00010149
0.00010744
0.00011298
0.00011809
0.00012274
0.00012693
0.00013062
0.00013381
0.00013648
0.00013862
0.00014022
0.00014126
0.00014175
0.00014168
0.00014105
0.00013986
0.00013811
0.00013581
0.00013297
0.00012959
0.00012569
0.00012128
0.00011638
0.000111
0.00010517
9.8903e-05
9.2229e-05
8.517e-05
7.7754e-05
7.0008e-05
6.1964e-05
5.365e-05
4.5101e-05
3.6349e-05
2.7427e-05
1.8371e-05
9.217e-06
-2.1614e-18
-9.2434e-06
-1.8477e-05
-2.7663e-05
-3.6766e-05
-4.575e-05
-5.4578e-05
-6.3215e-05
-7.1627e-05
-7.9779e-05
-8.7639e-05
-9.5174e-05
-0.00010235
-0.00010915
-0.00011553
-0.00012147
-0.00012695
-0.00013195
-0.00013643
-0.00014039
-0.0001438
-0.00014665
-0.00014893
-0.00015063
-0.00015174
-0.00015225
-0.00015216
-0.00015147
-0.00015017
-0.00014828
-0.0001458
-0.00014273
-0.00013909
-0.00013489
-0.00013014
-0.00012487
-0.00011909
-0.00011282
-0.00010609
-9.8922e-05
-9.1342e-05
-8.338e-05
-7.5067e-05
-6.6434e-05
-5.7516e-05
-4.8346e-05
-3.896e-05
-2.9395e-05
-1.9687e-05
-9.8763e-06
6.1781e-19
9.9027e-06
1.9793e-05
2.9631e-05
3.9378e-05
4.8995e-05
5.8443e-05
6.7686e-05
7.6686e-05
8.5405e-05
9.3811e-05
0.00010187
0.00010954
0.0001168
0.00012362
0.00012997
0.00013582
0.00014115
0.00014593
0.00015015
0.00015379
0.00015682
0.00015925
0.00016105
0.00016222
0.00016275
0.00016264
0.00016188
0.00016049
0.00015845
0.00015578
0.00015249
0.00014859
0.00014409
0.00013901
0.00013337
0.00012718
0.00012048
0.00011328
0.00010561
9.7514e-05
8.9006e-05
8.0125e-05
7.0905e-05
6.1381e-05
5.159e-05
4.1571e-05
3.1362e-05
2.1003e-05
1.0536e-05
-3.6227e-18
-1.0562e-05
-2.1109e-05
-3.1598e-05
-4.1989e-05
-5.2239e-05
-6.2309e-05
-7.2157e-05
-8.1744e-05
-9.1032e-05
-9.9982e-05
-0.00010856
-0.00011673
-0.00012446
-0.00013171
-0.00013846
-0.00014468
-0.00015035
-0.00015543
-0.00015991
-0.00016377
-0.00016699
-0.00016956
-0.00017147
-0.0001727
-0.00017325
-0.00017312
-0.0001723
-0.0001708
-0.00016862
-0.00016577
-0.00016226
-0.00015809
-0.00015329
-0.00014788
-0.00014186
-0.00013527
-0.00012813
-0.00012047
-0.00011231
-0.00010369
-9.4632e-05
-8.5184e-05
-7.5376e-05
-6.5246e-05
-5.4835e-05
-4.4182e-05
-3.333e-05
-2.2319e-05
-1.1195e-05
1.9248e-18
1.1221e-05
2.2425e-05
3.3566e-05
4.46e-05
5.5484e-05
6.6174e-05
7.6627e-05
8.6802e-05
9.6658e-05
0.00010615
0.00011525
0.00012392
0.00013211
0.0001398
0.00014696
0.00015355
0.00015955
0.00016493
0.00016967
0.00017376
0.00017716
0.00017988
0.00018188
0.00018318
0.00018375
0.0001836
0.00018272
0.00018111
0.00017879
0.00017576
0.00017202
0.00016759
0.00016249
0.00015674
0.00015036
0.00014336
0.00013578
0.00012765
0.000119
0.00010986
0.00010026
9.0242e-05
7.9846e-05
6.9112e-05
5.808e-05
4.6793e-05
3.5297e-05
2.3635e-05
1.1854e-05
-4.6795e-22
-1.1881e-05
-2.3741e-05
-3.5533e-05
-4.7211e-05
-5.8729e-05
-7.0039e-05
-8.1098e-05
-9.1861e-05
-0.00010228
-0.00011233
-0.00012195
-0.0001311
-0.00013977
-0.00014789
-0.00015545
-0.00016241
-0.00016875
-0.00017443
-0.00017944
-0.00018374
-0.00018733
-0.00019019
-0.0001923
-0.00019366
-0.00019425
-0.00019408
-0.00019313
-0.00019143
-0.00018896
-0.00018574
-0.00018178
-0.00017709
-0.00017169
-0.00016561
-0.00015885
-0.00015145
-0.00014344
-0.00013484
-0.00012569
-0.00011603
-0.00010588
-9.5301e-05
-8.4317e-05
-7.2977e-05
-6.1324e-05
-4.9405e-05
-3.7265e-05
-2.4951e-05
-1.2514e-05
3.5199e-18
1.254e-05
2.5057e-05
3.7501e-05
4.9823e-05
6.1973e-05
7.3905e-05
8.5569e-05
9.6919e-05
0.00010791
0.0001185
0.00012864
0.00013829
0.00014742
0.00015598
0.00016395
0.00017128
0.00017795
0.00018393
0.0001892
0.00019373
0.0001975
0.0002005
0.00020272
0.00020414
0.00020475
0.00020456
0.00020355
0.00020174
0.00019913
0.00019573
0.00019154
0.00018659
0.0001809
0.00017447
0.00016735
0.00015954
0.00015109
0.00014203
0.00013239
0.0001222
0.00011151
0.00010036
8.8788e-05
7.6842e-05
6.4569e-05
5.2016e-05
3.9232e-05
2.6267e-05
1.3173e-05
4.5273e-18
-1.3186e-05
-2.632e-05
-3.935e-05
-5.2225e-05
-6.4894e-05
-7.7306e-05
-8.9414e-05
-0.00010117
-0.00011252
-0.00012343
-0.00013386
-0.00014375
-0.00015308
-0.00016181
-0.00016989
-0.00017731
-0.00018402
-0.00019001
-0.00019525
-0.00019972
-0.0002034
-0.00020628
-0.00020834
-0.00020959
-0.00021
-0.00020959
-0.00020834
-0.00020628
-0.0002034
-0.00019972
-0.00019525
-0.00019001
-0.00018402
-0.00017731
-0.00016989
-0.00016181
-0.00015308
-0.00014375
-0.00013386
-0.00012343
-0.00011252
-0.00010117
-8.9414e-05
-7.7306e-05
-6.4894e-05
-5.2225e-05
-3.935e-05
-2.632e-05
-1.3186e-05
-8.227e-19
1.3186e-05
2.632e-05
3.935e-05
5.2225e-05
6.4894e-05
7.7306e-05
8.9414e-05
0.00010117
0.00011252
0.00012343
0.00013386
0.00014375
0.00015308
0.00016181
0.00016989
0.00017731
0.00018402
0.00019001
0.00019525
0.00019972
0.0002034
0.00020628
0.00020834
0.00020959
0.00021
0.00020959
0.00020834
0.00020628
0.0002034
0.00019972
0.00019525
0.00019001
0.00018402
0.00017731
0.00016989
0.00016181
0.00015308
0.00014375
0.00013386
0.00012343
0.00011252
0.00010117
8.9414e-05
7.7306e-05
6.4894e-05
5.2225e-05
3.935e-05
2.632e-05
1.3186e-05
3.0866e-18
-1.3186e-05
-2.632e-05
-3.935e-05
-5.2225e-05
-6.4894e-05
-7.7306e-05
-8.9414e-05
-0.00010117
-0.00011252
-0.00012343
-0.00013386
-0.00014375
-0.00015308
-0.00016181
-0.00016989
-0.00017731
-0.00018402
-0.00019001
-0.00019525
-0.00019972
-0.0002034
-0.00020628
-0.00020834
-0.00020959
-0.00021
-0.00020959
-0.00020834
-0.00020628
-0.0002034
-0.00019972
-0.00019525
-0.00019001
-0.00018402
-0.00017731
-0.00016989
-0.00016181
-0.00015308
-0.00014375
-0.00013386
-0.00012343
-0.00011252
-0.00010117
-8.9414e-05
-7.7306e-05
-6.4894e-05
-5.2225e-05
-3.935e-05
-2.632e-05
-1.3186e-05
-5.3506e-18
1.3186e-05
2.632e-05
3.935e-05
5.2225e-05
6.4894e-05
7.7306e-05
8.9414e-05
0.00010117
0.00011252
0.00012343
0.00013386
0.00014375
0.00015308
0.00016181
0.00016989
0.00017731
0.00018402
0.00019001
0.00019525
0.00019972
0.0002034
0.00020628
0.00020834
0.00020959
0.00021
0.00020959
0.00020834
0.00020628
0.0002034
0.00019972
0.00019525
0.00019001
0.00018402
0.00017731
0.00016989
0.00016181
0.00015308
0.00014375
0.00013386
0.00012343
0.00011252
0.00010117
8.9414e-05
7.7306e-05
6.4894e-05
5.2225e-05
3.935e-05
2.632e-05
1.3186e-05
1.6459e-18
-1.3186e-05
-2.632e-05
-3.935e-05
-5.2225e-05
-6.4894e-05
-7.7306e-05
-8.9414e-05
-0.00010117
-0.00011252
-0.00012343
-0.00013386
-0.00014375
-0.00015308
-0.00016181
-0.00016989
-0.00017731
-0.00018402
-0.00019001
-0.00019525
-0.00019972
-0.0002034
-0.00020628
-0.00020834
-0.00020959
-0.00021
-0.00020959
-0.00020834
-0.00020628
-0.0002034
-0.00019972
-0.00019525
-0.00019001
-0.00018402
-0.00017731
-0.00016989
-0.00016181
-0.00015308
-0.00014375
-0.00013386
-0.00012343
-0.00011252
-0.00010117
-8.9414e-05
-7.7306e-05
-6.4894e-05
-5.2225e-05
-3.935e-05
-2.632e-05
-1.3186e-05
-3.9099e-18
1.3186e-05
2.632e-05
3.935e-05
5.2225e-05
6.4894e-05
7.7306e-05
8.9414e-05
0.00010117
0.00011252
0.00012343
0.00013386
0.00014375
0.00015308
0.00016181
0.00016989
0.00017731
0.00018402
0.00019001
0.00019525
0.00019972
0.0002034
0.00020628
0.00020834
0.00020959
0.00021
0.00020959
0.00020834
0.00020628
0.0002034
0.00019972
0.00019525
0.00019001
0.00018402
0.00017731
0.00016989
0.00016181
0.00015308
0.00014375
0.00013386
0.00012343
0.00011252
0.00010117
8.9414e-05
7.7306e-05
6.4894e-05
5.2225e-05
3.935e-05
2.632e-05
1.3186e-05
2.0522e-19
-1.3186e-05
-2.632e-05
-3.935e-05
-5.2225e-05
-6.4894e-05
-7.7306e-05
-8.9414e-05
-0.00010117
-0.00011252
-0.00012343
-0.00013386
-0.00014375
-0.00015308
-0.00016181
-0.00016989
-0.00017731
-0.00018402
-0.00019001
-0.00019525
-0.00019972
-0.0002034
-0.00020628
-0.00020834
-0.00020959
-0.00021
-0.00020959
-0.00020834
-0.00020628
-0.0002034
-0.00019972
-0.00019525
-0.00019001
-0.00018402
-0.00017731
-0.00016989
-0.00016181
-0.00015308
-0.00014375
-0.00013386
-0.00012343
-0.00011252
-0.00010117
-8.9414e-05
-7.7306e-05
-6.4894e-05
-5.2225e-05
-3.935e-05
-2.632e-05
-1.3186e-05
-2.4691e-18
1.3186e-05
2.632e-05
3.935e-05
5.2225e-05
6.4894e-05
7.7306e-05
8.9414e-05
0.00010117
0.00011252
0.00012343
0.00013386
0.00014375
0.00015308
0.00016181
0.00016989
0.00017731
0.00018402
0.00019001
0.00019525
0.00019972
0.0002034
0.00020628
0.00020834
0.00020959
0.00021
0.00020959
0.00020834
0.00020628
0.0002034
0.00019972
0.00019525
0.00019001
0.00018402
0.00017731
0.00016989
0.00016181
0.00015308
0.00014375
0.00013386
0.00012343
0.00011252
0.00010117
8.9414e-05
7.7306e-05
6.4894e-05
5.2225e-05
3.935e-05
2.632e-05
1.3186e-05
4.7331e-18
-1.3186e-05
-2.632e-05
-3.935e-05
-5.2225e-05
-6.4894e-05
-7.7306e-05
-8.9414e-05
-0.00010117
-0.00011252
-0.00012343
-0.00013386
-0.00014375
-0.00015308
-0.00016181
-0.00016989
-0.00017731
-0.00018402
-0.00019001
-0.00019525
-0.00019972
-0.0002034
-0.00020628
-0.00020834
-0.00020959
-0.00021
-0.00020959
-0.00020834
-0.00020628
-0.0002034
-0.00019972
-0.00019525
-0.00019001
-0.00018402
-0.00017731
-0.00016989
-0.00016181
-0.00015308
-0.00014375
-0.00013386
-0.00012343
-0.00011252
-0.00010117
-8.9414e-05
-7.7306e-05
-6.4894e-05
-5.2225e-05
-3.935e-05
-2.632e-05
-1.3186e-05
-1.0284e-18
1.3186e-05
2.632e-05
3.935e-05
5.2225e-05
6.4894e-05
7.7306e-05
8.9414e-05
0.00010117
0.00011252
0.00012343
0.00013386
0.00014375
0.00015308
0.00016181
0.00016989
0.00017731
0.00018402
0.00019001
0.00019525
0.00019972
0.0002034
0.00020628
0.00020834
0.00020959
0.00021
0.00020959
0.00020834
0.00020628
0.0002034
0.00019972
0.00019525
0.00019001
0.00018402
0.00017731
0.00016989
0.00016181
0.00015308
0.00014375
0.00013386
0.00012343
0.00011252
0.00010117
8.9414e-05
7.7306e-05
6.4894e-05
5.2225e-05
3.935e-05
2.632e-05
1.3186e-05
3.2924e-18
-1.3186e-05
-2.632e-05
-3.935e-05
-5.2225e-05
-6.4894e-05
-7.7306e-05
-8.9414e-05
-0.00010117
-0.00011252
-0.00012343
-0.00013386
-0.00014375
-0.00015308
-0.00016181
-0.00016989
-0.00017731
-0.00018402
-0.00019001
-0.00019525
-0.00019972
-0.0002034
-0.00020628
-0.00020834
-0.00020959
-0.00021
-0.00020959
-0.00020834
-0.00020628
-0.0002034
-0.00019972
-0.00019525
-0.00019001
-0.00018402
-0.00017731
-0.00016989
-0.00016181
-0.00015308
-0.00014375
-0.00013386
-0.00012343
-0.00011252
-0.00010117
-8.9414e-05
-7.7306e-05
-6.4894e-05
-5.2225e-05
-3.935e-05
-2.632e-05
-1.3186e-05
4.1226e-19
1.3186e-05
2.632e-05
3.935e-05
5.2225e-05
6.4894e-05
7.7306e-05
8.9414e-05
0.00010117
0.00011252
0.00012343
0.00013386
0.00014375
0.00015308
0.00016181
0.00016989
0.00017731
0.00018402
0.00019001
0.00019525
0.00019972
0.0002034
0.00020628
0.00020834
0.00020959
0.00021
0.00020959
0.00020834
0.00020628
0.0002034
0.00019972
0.00019525
0.00019001
0.00018402
0.00017731
0.00016989
0.00016181
0.00015308
0.00014375
0.00013386
0.00012343
0.00011252
0.00010117
8.9414e-05
7.7306e-05
6.4894e-05
5.2225e-05
3.935e-05
2.632e-05
1.3186e-05
1.8517e-18
-1.3186e-05
-2.632e-05
-3.935e-05
-5.2225e-05
-6.4894e-05
-7.7306e-05
-8.9414e-05
-0.00010117
-0.00011252
-0.00012343
-0.00013386
-0.00014375
-0.00015308
-0.00016181
-0.00016989
-0.00017731
-0.00018402
-0.00019001
-0.00019525
-0.00019972
-0.0002034
-0.00020628
-0.00020834
-0.00020959
-0.00021
-0.00020959
-0.00020834
-0.00020628
-0.0002034
-0.00019972
-0.00019525
-0.00019001
-0.00018402
-0.00017731
-0.00016989
-0.00016181
-0.00015308
-0.00014375
-0.00013386
-0.00012343
-0.00011252
-0.00010117
-8.9414e-05
-7.7306e-05
-6.4894e-05
-5.2225e-05
-3.935e-05
-2.632e-05
-1.3186e-05
-4.1156e-18
1.3186e-05
2.632e-05
3.935e-05
5.2225e-05
6.4894e-05
7.7306e-05
8.9414e-05
0.00010117
0.00011252
0.00012343
0.00013386
0.00014375
0.00015308
0.00016181
0.00016989
0.00017731
0.00018402
0.00019001
0.00019525
0.00019972
0.0002034
0.00020628
0.00020834
0.00020959
0.00021
0.00020959
0.00020834
0.00020628
0.0002034
0.00019972
0.00019525
0.00019001
0.00018402
0.00017731
0.00016989
0.00016181
0.00015308
0.00014375
0.00013386
0.00012343
0.00011252
0.00010117
8.9414e-05
7.7306e-05
6.4894e-05
5.2225e-05
3.935e-05
2.632e-05
1.3186e-05
4.1096e-19
-1.3186e-05
-2.632e-05
-3.935e-05
-5.2225e-05
-6.4894e-05
-7.7306e-05
-8.9414e-05
-0.00010117
-0.00011252
-0.00012343
-0.00013386
-0.00014375
-0.00015308
-0.00016181
-0.00016989
-0.00017731
-0.00018402
-0.00019001
-0.00019525
-0.00019972
-0.0002034
-0.00020628
-0.00020834
-0.00020959
-0.00021
-0.00020959
-0.00020834
-0.00020628
-0.0002034
-0.00019972
-0.00019525
-0.00019001
-0.00018402
-0.00017731
-0.00016989
-0.00016181
-0.00015308
-0.00014375
-0.00013386
-0.00012343
-0.00011252
-0.00010117
-8.9414e-05
-7.7306e-05
-6.4894e-05
-5.2225e-05
-3.935e-05
-2.632e-05
-1.3186e-05
-2.6749e-18
1.3186e-05
2.632e-05
3.935e-05
5.2225e-05
6.4894e-05
7.7306e-05
8.9414e-05
0.00010117
0.00011252
0.00012343
0.00013386
0.00014375
0.00015308
0.00016181
0.00016989
0.00017731
0.00018402
0.00019001
0.00019525
0.00019972
0.0002034
0.00020628
0.00020834
0.00020959
0.00021
0.00020959
0.00020834
0.00020628
0.0002034
0.00019972
0.00019525
0.00019001
0.00018402
0.00017731
0.00016989
0.00016181
0.00015308
0.00014375
0.00013386
0.00012343
0.00011252
0.00010117
8.9414e-05
7.7306e-05
6.4894e-05
5.2225e-05
3.935e-05
2.632e-05
1.3186e-05
-1.0297e-18
-1.3186e-05
-2.632e-05
-3.935e-05
-5.2225e-05
-6.4894e-05
-7.7306e-05
-8.9414e-05
-0.00010117
-0.00011252
-0.00012343
-0.00013386
-0.00014375
-0.00015308
-0.00016181
-0.00016989
-0.00017731
-0.00018402
-0.00019001
-0.00019525
-0.00019972
-0.0002034
-0.00020628
-0.00020834
-0.00020959
-0.00021
-0.00020959
-0.00020834
-0.00020628
-0.0002034
-0.00019972
-0.00019525
-0.00019001
-0.00018402
-0.00017731
-0.00016989
-0.00016181
-0.00015308
-0.00014375
-0.00013386
-0.00012343
-0.00011252
-0.00010117
-8.9414e-05
-7.7306e-05
-6.4894e-05
-5.2225e-05
-3.935e-05
-2.632e-05
-1.3186e-05
-1.2342e-18
1.3186e-05
2.632e-05
3.935e-05
5.2225e-05
6.4894e-05
7.7306e-05
8.9414e-05
0.00010117
0.00011252
0.00012343
0.00013386
0.00014375
0.00015308
0.00016181
0.00016989
0.00017731
0.00018402
0.00019001
0.00019525
0.00019972
0.0002034
0.00020628
0.00020834
0.00020959
0.00021
0.00020959
0.00020834
0.00020628
0.0002034
0.00019972
0.00019525
0.00019001
0.00018402
0.00017731
0.00016989
0.00016181
0.00015308
0.00014375
0.00013386
0.00012343
0.00011252
0.00010117
8.9414e-05
7.7306e-05
6.4894e-05
5.2225e-05
3.935e-05
2.632e-05
1.3186e-05
3.4981e-18
-1.3186e-05
-2.632e-05
-3.935e-05
-5.2225e-05
-6.4894e-05
-7.7306e-05
-8.9414e-05
-0.00010117
-0.00011252
-0.00012343
-0.00013386
-0.00014375
-0.00015308
-0.00016181
-0.00016989
-0.00017731
-0.00018402
-0.00019001
-0.00019525
-0.00019972
-0.0002034
-0.00020628
-0.00020834
-0.00020959
-0.00021
-0.00020959
-0.00020834
-0.00020628
-0.0002034
-0.00019972
-0.00019525
-0.00019001
-0.00018402
-0.00017731
-0.00016989
-0.00016181
-0.00015308
-0.00014375
-0.00013386
-0.00012343
-0.00011252
-0.00010117
-8.9414e-05
-7.7306e-05
-6.4894e-05
-5.2225e-05
-3.935e-05
-2.632e-05
-1.3186e-05
2.0652e-19
1.3186e-05
2.632e-05
3.935e-05
5.2225e-05
6.4894e-05
7.7306e-05
8.9414e-05
0.00010117
0.00011252
0.00012343
0.00013386
0.00014375
0.00015308
0.00016181
0.00016989
0.00017731
0.00018402
0.00019001
0.00019525
0.00019972
0.0002034
0.00020628
0.00020834
0.00020959
0.00021
0.00020959
0.00020834
0.00020628
0.0002034
0.00019972
0.00019525
0.00019001
0.00018402
0.00017731
0.00016989
0.00016181
0.00015308
0.00014375
0.00013386
0.00012343
0.00011252
0.00010117
8.9414e-05
7.7306e-05
6.4894e-05
5.2225e-05
3.935e-05
2.632e-05
1.3186e-05
2.0574e-18
-1.3186e-05
-2.632e-05
-3.935e-05
-5.2225e-05
-6.4894e-05
-7.7306e-05
-8.9414e-05
-0.00010117
-0.00011252
-0.00012343
-0.00013386
-0.00014375
-0.00015308
-0.00016181
-0.00016989
-0.00017731
-0.00018402
-0.00019001
-0.00019525
-0.00019972
-0.0002034
-0.00020628
-0.00020834
-0.00020959
-0.00021
-0.00020959
-0.00020834
-0.00020628
-0.0002034
-0.00019972
-0.00019525
-0.00019001
-0.00018402
-0.00017731
-0.00016989
-0.00016181
-0.00015308
-0.00014375
-0.00013386
-0.00012343
-0.00011252
-0.00010117
-8.9414e-05
-7.7306e-05
-6.4894e-05
-5.2225e-05
-3.935e-05
-2.632e-05
-1.3186e-05
-4.3213e-18
1.3186e-05
2.632e-05
3.935e-05
5.2225e-05
6.4894e-05
7.7306e-05
8.9414e-05
0.00010117
0.00011252
0.00012343
0.00013386
0.00014375
0.00015308
0.00016181
0.00016989
0.00017731
0.00018402
0.00019001
0.00019525
0.00019972
0.0002034
0.00020628
0.00020834
0.00020959
0.00021
0.00020959
0.00020834
0.00020628
0.0002034
0.00019972
0.00019525
0.00019001
0.00018402
0.00017731
0.00016989
0.00016181
0.00015308
0.00014375
0.00013386
0.00012343
0.00011252
0.00010117
8.9414e-05
7.7306e-05
6.4894e-05
5.2225e-05
3.935e-05
2.632e-05
1.3186e-05
6.5853e-18
-1.3186e-05
-2.632e-05
-3.935e-05
-5.2225e-05
-6.4894e-05
-7.7306e-05
-8.9414e-05
-0.00010117
-0.00011252
-0.00012343
-0.00013386
-0.00014375
-0.00015308
-0.00016181
-0.00016989
-0.00017731
-0.00018402
-0.00019001
-0.00019525
-0.00019972
-0.0002034
-0.00020628
-0.00020834
-0.00020959
-0.00021
-0.00020959
-0.00020834
-0.00020628
-0.0002034
-0.00019972
-0.00019525
-0.00019001
-0.00018402
-0.00017731
-0.00016989
-0.00016181
-0.00015308
-0.00014375
-0.00013386
-0.00012343
-0.00011252
-0.00010117
-8.9414e-05
-7.7306e-05
-6.4894e-05
-5.2225e-05
-3.935e-05
-2.632e-05
-1.3186e-05
3.0879e-18
1.3186e-05
2.632e-05
3.935e-05
5.2225e-05
6.4894e-05
7.7306e-05
8.9414e-05
0.00010117
0.00011252
0.00012343
0.00013386
0.00014375
0.00015308
0.00016181
0.00016989
0.00017731
0.00018402
0.00019001
0.00019525
0.00019972
0.0002034
0.00020628
0.00020834
0.00020959
0.00021
0.00020959
0.00020834
0.00020628
0.0002034
0.00019972
0.00019525
0.00019001
0.00018402
0.00017731
0.00016989
0.00016181
0.00015308
0.00014375
0.00013386
0.00012343
0.00011252
0.00010117
8.9414e-05
7.7306e-05
6.4894e-05
5.2225e-05
3.935e-05
2.632e-05
1.3186e-05
-8.24e-19
-1.3186e-05
-2.632e-05
-3.935e-05
-5.2225e-05
-6.4894e-05
-7.7306e-05
-8.9414e-05
-0.00010117
-0.00011252
-0.00012343
-0.00013386
-0.00014375
-0.00015308
-0.00016181
-0.00016989
-0.00017731
-0.00018402
-0.00019001
-0.00019525
-0.00019972
-0.0002034
-0.00020628
-0.00020834
-0.00020959
-0.00021
-0.00020959
-0.00020834
-0.00020628
-0.0002034
-0.00019972
-0.00019525
-0.00019001
-0.00018402
-0.00017731
-0.00016989
-0.00016181
-0.00015308
-0.00014375
-0.00013386
-0.00012343
-0.00011252
-0.00010117
-8.9414e-05
-7.7306e-05
-6.4894e-05
-5.2225e-05
-3.935e-05
-2.632e-05
-1.3186e-05
-1.4399e-18
1.3186e-05
2.632e-05
3.935e-05
5.2225e-05
6.4894e-05
7.7306e-05
8.9414e-05
0.00010117
0.00011252
0.00012343
0.00013386
0.00014375
0.00015308
0.00016181
0.00016989
0.00017731
0.00018402
0.00019001
0.00019525
0.00019972
0.0002034
0.00020628
0.00020834
0.00020959
0.00021
0.00020959
0.00020834
0.00020628
0.0002034
0.00019972
0.00019525
0.00019001
0.00018402
0.00017731
0.00016989
0.00016181
0.00015308
0.00014375
0.00013386
0.00012343
0.00011252
0.00010117
8.9414e-05
7.7306e-05
6.4894e-05
5.2225e-05
3.935e-05
2.632e-05
1.3186e-05
3.7039e-18
-1.3186e-05
-2.632e-05
-3.935e-05
-5.2225e-05
-6.4894e-05
-7.7306e-05
-8.9414e-05
-0.00010117
-0.00011252
-0.00012343
-0.00013386
-0.00014375
-0.00015308
-0.00016181
-0.00016989
-0.00017731
-0.00018402
-0.00019001
-0.00019525
-0.00019972
-0.0002034
-0.00020628
-0.00020834
-0.00020959
-0.00021
-0.00020959
-0.00020834
-0.00020628
-0.0002034
-0.00019972
-0.00019525
-0.00019001
-0.00018402
-0.00017731
-0.00016989
-0.00016181
-0.00015308
-0.00014375
-0.00013386
-0.00012343
-0.00011252
-0.00010117
-8.9414e-05
-7.7306e-05
-6.4894e-05
-5.2225e-05
-3.935e-05
-2.632e-05
-1.3186e-05
5.9693e-18
1.3186e-05
2.632e-05
3.935e-05
5.2225e-05
6.4894e-05
7.7306e-05
8.9414e-05
0.00010117
0.00011252
0.00012343
0.00013386
0.00014375
0.00015308
0.00016181
0.00016989
0.00017731
0.00018402
0.00019001
0.00019525
0.00019972
0.0002034
0.00020628
0.00020834
0.00020959
0.00021
0.00020959
0.00020834
0.00020628
0.0002034
0.00019972
0.00019525
0.00019001
0.00018402
0.00017731
0.00016989
0.00016181
0.00015308
0.00014375
0.00013386
0.00012343
0.00011252
0.00010117
8.9414e-05
7.7306e-05
6.4894e-05
5.2225e-05
3.935e-05
2.632e-05
1.3186e-05
-3.7054e-18
-1.3186e-05
-2.632e-05
-3.935e-05
-5.2225e-05
-6.4894e-05
-7.7306e-05
-8.9414e-05
-0.00010117
-0.00011252
-0.00012343
-0.00013386
-0.00014375
-0.00015308
-0.00016181
-0.00016989
-0.00017731
-0.00018402
-0.00019001
-0.00019525
-0.00019972
-0.0002034
-0.00020628
-0.00020834
-0.00020959
-0.00021
-0.00020959
-0.00020834
-0.00020628
-0.0002034
-0.00019972
-0.00019525
-0.00019001
-0.00018402
-0.00017731
-0.00016989
-0.00016181
-0.00015308
-0.00014375
-0.00013386
-0.00012343
-0.00011252
-0.00010117
-8.9414e-05
-7.7306e-05
-6.4894e-05
-5.2225e-05
-3.935e-05
-2.632e-05
-1.3186e-05
1.4415e-18
1.3186e-05
2.632e-05
3.935e-05
5.2225e-05
6.4894e-05
7.7306e-05
8.9414e-05
0.00010117
0.00011252
0.00012343
0.00013386
0.00014375
0.00015308
0.00016181
0.00016989
0.00017731
0.00018402
0.00019001
0.00019525
0.00019972
0.0002034
0.00020628
0.00020834
0.00020959
0.00021
0.00020959
0.00020834
0.00020628
0.0002034
0.00019972
0.00019525
0.00019001
0.00018402
0.00017731
0.00016989
0.00016181
0.00015308
0.00014375
0.00013386
0.00012343
0.00011252
0.00010117
8.9414e-05
7.7306e-05
6.4894e-05
5.2225e-05
3.935e-05
2.632e-05
1.3186e-05
8.2244e-19
-1.3186e-05
-2.632e-05
-3.935e-05
-5.2225e-05
-6.4894e-05
-7.7306e-05
-8.9414e-05
-0.00010117
-0.00011252
-0.00012343
-0.00013386
-0.00014375
-0.00015308
-0.00016181
-0.00016989
-0.00017731
-0.00018402
-0.00019001
-0.00019525
-0.00019972
-0.0002034
-0.00020628
-0.00020834
-0.00020959
-0.00021
-0.00020959
-0.00020834
-0.00020628
-0.0002034
-0.00019972
-0.00019525
-0.00019001
-0.00018402
-0.00017731
-0.00016989
-0.00016181
-0.00015308
-0.00014375
-0.00013386
-0.00012343
-0.00011252
-0.00010117
-8.9414e-05
-7.7306e-05
-6.4894e-05
-5.2225e-05
-3.935e-05
-2.632e-05
-1.3186e-05
-3.0864e-18
1.3186e-05
2.632e-05
3.935e-05
5.2225e-05
6.4894e-05
7.7306e-05
8.9414e-05
0.00010117
0.00011252
0.00012343
0.00013386
0.00014375
0.00015308
0.00016181
0.00016989
0.00017731
0.00018402
0.00019001
0.00019525
0.00019972
0.0002034
0.00020628
0.00020834
0.00020959
0.00021
0.00020959
0.00020834
0.00020628
0.0002034
0.00019972
0.00019525
0.00019001
0.00018402
0.00017731
0.00016989
0.00016181
0.00015308
0.00014375
0.00013386
0.00012343
0.00011252
0.00010117
8.9414e-05
7.7306e-05
6.4894e-05
5.2225e-05
3.935e-05
2.632e-05
1.3186e-05
-6.5868e-18
-1.3186e-05
-2.632e-05
-3.935e-05
-5.2225e-05
-6.4894e-05
-7.7306e-05
-8.9414e-05
-0.00010117
-0.00011252
-0.00012343
-0.00013386
-0.00014375
-0.00015308
-0.00016181
-0.00016989
-0.00017731
-0.00018402
-0.00019001
-0.00019525
-0.00019972
-0.0002034
-0.00020628
-0.00020834
-0.00020959
-0.00021
-0.00020959
-0.00020834
-0.00020628
-0.0002034
-0.00019972
-0.00019525
-0.00019001
-0.00018402
-0.00017731
-0.00016989
-0.00016181
-0.00015308
-0.00014375
-0.00013386
-0.00012343
-0.00011252
-0.00010117
-8.9414e-05
-7.7306e-05
-6.4894e-05
-5.2225e-05
-3.935e-05
-2.632e-05
-1.3186e-05
4.3229e-18
1.3186e-05
2.632e-05
3.935e-05
5.2225e-05
6.4894e-05
7.7306e-05
8.9414e-05
0.00010117
0.00011252
0.00012343
0.00013386
0.00014375
0.00015308
0.00016181
0.00016989
0.00017731
0.00018402
0.00019001
0.00019525
0.00019972
0.0002034
0.00020628
0.00020834
0.00020959
0.00021
0.00020959
0.00020834
0.00020628
0.0002034
0.00019972
0.00019525
0.00019001
0.00018402
0.00017731
0.00016989
0.00016181
0.00015308
0.00014375
0.00013386
0.00012343
0.00011252
0.00010117
8.9414e-05
7.7306e-05
6.4894e-05
5.2225e-05
3.935e-05
2.632e-05
1.3186e-05
-2.059e-18
-1.3186e-05
-2.632e-05
-3.935e-05
-5.2225e-05
-6.4894e-05
-7.7306e-05
-8.9414e-05
-0.00010117
-0.00011252
-0.00012343
-0.00013386
-0.00014375
-0.00015308
-0.00016181
-0.00016989
-0.00017731
-0.00018402
-0.00019001
-0.00019525
-0.00019972
-0.0002034
-0.00020628
-0.00020834
-0.00020959
-0.00021
-0.00020959
-0.00020834
-0.00020628
-0.0002034
-0.00019972
-0.00019525
-0.00019001
-0.00018402
-0.00017731
-0.00016989
-0.00016181
-0.00015308
-0.00014375
-0.00013386
-0.00012343
-0.00011252
-0.00010117
-8.9414e-05
-7.7306e-05
-6.4894e-05
-5.2225e-05
-3.935e-05
-2.632e-05
-1.3186e-05
-2.0496e-19
1.3186e-05
2.632e-05
3.935e-05
5.2225e-05
6.4894e-05
7.7306e-05
8.9414e-05
0.00010117
0.00011252
0.00012343
0.00013386
0.00014375
0.00015308
0.00016181
0.00016989
0.00017731
0.00018402
0.00019001
0.00019525
0.00019972
0.0002034
0.00020628
0.00020834
0.00020959
0.00021
0.00020959
0.00020834
0.00020628
0.0002034
0.00019972
0.00019525
0.00019001
0.00018402
0.00017731
0.00016989
0.00016181
0.00015308
0.00014375
0.00013386
0.00012343
0.00011252
0.00010117
8.9414e-05
7.7306e-05
6.4894e-05
5.2225e-05
3.935e-05
2.632e-05
1.3186e-05
2.4689e-18
-1.3186e-05
-2.632e-05
-3.935e-05
-5.2225e-05
-6.4894e-05
-7.7306e-05
-8.9414e-05
-0.00010117
-0.00011252
-0.00012343
-0.00013386
-0.00014375
-0.00015308
-0.00016181
-0.00016989
-0.00017731
-0.00018402
-0.00019001
-0.00019525
-0.00019972
-0.0002034
-0.00020628
-0.00020834
-0.00020959
-0.00021
-0.00020959
-0.00020834
-0.00020628
-0.0002034
-0.00019972
-0.00019525
-0.00019001
-0.00018402
-0.00017731
-0.00016989
-0.00016181
-0.00015308
-0.00014375
-0.00013386
-0.00012343
-0.00011252
-0.00010117
-8.9414e-05
-7.7306e-05
-6.4894e-05
-5.2225e-05
-3.935e-05
-2.632e-05
-1.3186e-05
7.2043e-18
1.3186e-05
2.632e-05
3.935e-05
5.2225e-05
6.4894e-05
7.7306e-05
8.9414e-05
0.00010117
0.00011252
0.00012343
0.00013386
0.00014375
0.00015308
0.00016181
0.00016989
0.00017731
0.00018402
0.00019001
0.00019525
0.00019972
0.0002034
0.00020628
0.00020834
0.00020959
0.00021
0.00020959
0.00020834
0.00020628
0.0002034
0.00019972
0.00019525
0.00019001
0.00018402
0.00017731
0.00016989
0.00016181
0.00015308
0.00014375
0.00013386
0.00012343
0.00011252
0.00010117
8.9414e-05
7.7306e-05
6.4894e-05
5.2225e-05
3.935e-05
2.632e-05
1.3186e-05
-4.9404e-18
-1.3186e-05
-2.632e-05
-3.935e-05
-5.2225e-05
-6.4894e-05
-7.7306e-05
-8.9414e-05
-0.00010117
-0.00011252
-0.00012343
-0.00013386
-0.00014375
-0.00015308
-0.00016181
-0.00016989
-0.00017731
-0.00018402
-0.00019001
-0.00019525
-0.00019972
-0.0002034
-0.00020628
-0.00020834
-0.00020959
-0.00021
-0.00020959
-0.00020834
-0.00020628
-0.0002034
-0.00019972
-0.00019525
-0.00019001
-0.00018402
-0.00017731
-0.00016989
-0.00016181
-0.00015308
-0.00014375
-0.00013386
-0.00012343
-0.00011252
-0.00010117
-8.9414e-05
-7.7306e-05
-6.4894e-05
-5.2225e-05
-3.935e-05
-2.632e-05
-1.3186e-05
2.6764e-18
1.3186e-05
2.632e-05
3.935e-05
5.2225e-05
6.4894e-05
7.7306e-05
8.9414e-05
0.00010117
0.00011252
0.00012343
0.00013386
0.00014375
0.00015308
0.00016181
0.00016989
0.00017731
0.00018402
0.00019001
0.00019525
0.00019972
0.0002034
0.00020628
0.00020834
0.00020959
0.00021
0.00020959
0.00020834
0.00020628
0.0002034
0.00019972
0.00019525
0.00019001
0.00018402
0.00017731
0.00016989
0.00016181
0.00015308
0.00014375
0.00013386
0.00012343
0.00011252
0.00010117
8.9414e-05
7.7306e-05
6.4894e-05
5.2225e-05
3.935e-05
2.632e-05
1.3186e-05
-4.1252e-19
-1.3186e-05
-2.632e-05
-3.935e-05
-5.2225e-05
-6.4894e-05
-7.7306e-05
-8.9414e-05
-0.00010117
-0.00011252
-0.00012343
-0.00013386
-0.00014375
-0.00015308
-0.00016181
-0.00016989
-0.00017731
-0.00018402
-0.00019001
-0.00019525
-0.00019972
-0.0002034
-0.00020628
-0.00020834
-0.00020959
-0.00021
-0.00020959
-0.00020834
-0.00020628
-0.0002034
-0.00019972
-0.00019525
-0.00019001
-0.00018402
-0.00017731
-0.00016989
-0.00016181
-0.00015308
-0.00014375
-0.00013386
-0.00012343
-0.00011252
-0.00010117
-8.9414e-05
-7.7306e-05
-6.4894e-05
-5.2225e-05
-3.935e-05
-2.632e-05
-1.3186e-05
-1.8514e-18
1.3186e-05
2.632e-05
3.935e-05
5.2225e-05
6.4894e-05
7.7306e-05
8.9414e-05
0.00010117
0.00011252
0.00012343
0.00013386
0.00014375
0.00015308
0.00016181
0.00016989
0.00017731
0.00018402
0.00019001
0.00019525
0.00019972
0.0002034
0.00020628
0.00020834
0.00020959
0.00021
0.00020959
0.00020834
0.00020628
0.0002034
0.00019972
0.00019525
0.00019001
0.00018402
0.00017731
0.00016989
0.00016181
0.00015308
0.00014375
0.00013386
0.00012343
0.00011252
0.00010117
8.9414e-05
7.7306e-05
6.4894e-05
5.2225e-05
3.935e-05
2.632e-05
1.3186e-05
4.1153e-18
-1.3186e-05
-2.632e-05
-3.935e-05
-5.2225e-05
-6.4894e-05
-7.7306e-05
-8.9414e-05
-0.00010117
-0.00011252
-0.00012343
-0.00013386
-0.00014375
-0.00015308
-0.00016181
-0.00016989
-0.00017731
-0.00018402
-0.00019001
-0.00019525
-0.00019972
-0.0002034
-0.00020628
-0.00020834
-0.00020959
-0.00021
-0.00020959
-0.00020834
-0.00020628
-0.0002034
-0.00019972
-0.00019525
-0.00019001
-0.00018402
-0.00017731
-0.00016989
-0.00016181
-0.00015308
-0.00014375
-0.00013386
-0.00012343
-0.00011252
-0.00010117
-8.9414e-05
-7.7306e-05
-6.4894e-05
-5.2225e-05
-3.935e-05
-2.632e-05
-1.3186e-05
-6.3793e-18
1.3186e-05
2.632e-05
3.935e-05
5.2225e-05
6.4894e-05
7.7306e-05
8.9414e-05
0.00010117
0.00011252
0.00012343
0.00013386
0.00014375
0.00015308
0.00016181
0.00016989
0.00017731
0.00018402
0.00019001
0.00019525
0.00019972
0.0002034
0.00020628
0.00020834
0.00020959
0.00021
0.00020959
0.00020834
0.00020628
0.0002034
0.00019972
0.00019525
0.00019001
0.00018402
0.00017731
0.00016989
0.00016181
0.00015308
0.00014375
0.00013386
0.00012343
0.00011252
0.00010117
8.9414e-05
7.7306e-05
6.4894e-05
5.2225e-05
3.935e-05
2.632e-05
1.3186e-05
-3.2939e-18
-1.3186e-05
-2.632e-05
-3.935e-05
-5.2225e-05
-6.4894e-05
-7.7306e-05
-8.9414e-05
-0.00010117
-0.00011252
-0.00012343
-0.00013386
-0.00014375
-0.00015308
-0.00016181
-0.00016989
-0.00017731
-0.00018402
-0.00019001
-0.00019525
-0.00019972
-0.0002034
-0.00020628
-0.00020834
-0.00020959
-0.00021
-0.00020959
-0.00020834
-0.00020628
-0.0002034
-0.00019972
-0.00019525
-0.00019001
-0.00018402
-0.00017731
-0.00016989
-0.00016181
-0.00015308
-0.00014375
-0.00013386
-0.00012343
-0.00011252
-0.00010117
-8.9414e-05
-7.7306e-05
-6.4894e-05
-5.2225e-05
-3.935e-05
-2.632e-05
-1.3186e-05
1.03e-18
1.3186e-05
2.632e-05
3.935e-05
5.2225e-05
6.4894e-05
7.7306e-05
8.9414e-05
0.00010117
0.00011252
0.00012343
0.00013386
0.00014375
0.00015308
0.00016181
0.00016989
0.00017731
0.00018402
0.00019001
0.00019525
0.00019972
0.0002034
0.00020628
0.00020834
0.00020959
0.00021
0.00020959
0.00020834
0.00020628
0.0002034
0.00019972
0.00019525
0.00019001
0.00018402
0.00017731
0.00016989
0.00016181
0.00015308
0.00014375
0.00013386
0.00012343
0.00011252
0.00010117
8.9414e-05
7.7306e-05
6.4894e-05
5.2225e-05
3.935e-05
2.632e-05
1.3186e-05
1.2339e-18
-1.3186e-05
-2.632e-05
-3.935e-05
-5.2225e-05
-6.4894e-05
-7.7306e-05
-8.9414e-05
-0.00010117
-0.00011252
-0.00012343
-0.00013386
-0.00014375
-0.00015308
-0.00016181
-0.00016989
-0.00017731
-0.00018402
-0.00019001
-0.00019525
-0.00019972
-0.0002034
-0.00020628
-0.00020834
-0.00020959
-0.00021
-0.00020959
-0.00020834
-0.00020628
-0.0002034
-0.00019972
-0.00019525
-0.00019001
-0.00018402
-0.00017731
-0.00016989
-0.00016181
-0.00015308
-0.00014375
-0.00013386
-0.00012343
-0.00011252
-0.00010117
-8.9414e-05
-7.7306e-05
-6.4894e-05
-5.2225e-05
-3.935e-05
-2.632e-05
-1.3186e-05
-3.4979e-18
1.3186e-05
2.632e-05
3.935e-05
5.2225e-05
6.4894e-05
7.7306e-05
8.9414e-05
0.00010117
0.00011252
0.00012343
0.00013386
0.00014375
0.00015308
0.00016181
0.00016989
0.00017731
0.00018402
0.00019001
0.00019525
0.00019972
0.0002034
0.00020628
0.00020834
0.00020959
0.00021
0.00020959
0.00020834
0.00020628
0.0002034
0.00019972
0.00019525
0.00019001
0.00018402
0.00017731
0.00016989
0.00016181
0.00015308
0.00014375
0.00013386
0.00012343
0.00011252
0.00010117
8.9414e-05
7.7306e-05
6.4894e-05
5.2225e-05
3.935e-05
2.632e-05
1.3186e-05
5.7618e-18
-1.3186e-05
-2.632e-05
-3.935e-05
-5.2225e-05
-6.4894e-05
-7.7306e-05
-8.9414e-05
-0.00010117
-0.00011252
-0.00012343
-0.00013386
-0.00014375
-0.00015308
-0.00016181
-0.00016989
-0.00017731
-0.00018402
-0.00019001
-0.00019525
-0.00019972
-0.0002034
-0.00020628
-0.00020834
-0.00020959
-0.00021
-0.00020959
-0.00020834
-0.00020628
-0.0002034
-0.00019972
-0.00019525
-0.00019001
-0.00018402
-0.00017731
-0.00016989
-0.00016181
-0.00015308
-0.00014375
-0.00013386
-0.00012343
-0.00011252
-0.00010117
-8.9414e-05
-7.7306e-05
-6.4894e-05
-5.2225e-05
-3.935e-05
-2.632e-05
-1.3186e-05
3.9114e-18
1.3186e-05
2.632e-05
3.935e-05
5.2225e-05
6.4894e-05
7.7306e-05
8.9414e-05
0.00010117
0.00011252
0.00012343
0.00013386
0.00014375
0.00015308
0.00016181
0.00016989
0.00017731
0.00018402
0.00019001
0.00019525
0.00019972
0.0002034
0.00020628
0.00020834
0.00020959
0.00021
0.00020959
0.00020834
0.00020628
0.0002034
0.00019972
0.00019525
0.00019001
0.00018402
0.00017731
0.00016989
0.00016181
0.00015308
0.00014375
0.00013386
0.00012343
0.00011252
0.00010117
8.9414e-05
7.7306e-05
6.4894e-05
5.2225e-05
3.935e-05
2.632e-05
1.3186e-05
-1.6475e-18
-1.3186e-05
-2.632e-05
-3.935e-05
-5.2225e-05
-6.4894e-05
-7.7306e-05
-8.9414e-05
-0.00010117
-0.00011252
-0.00012343
-0.00013386
-0.00014375
-0.00015308
-0.00016181
-0.00016989
-0.00017731
-0.00018402
-0.00019001
-0.00019525
-0.00019972
-0.0002034
-0.00020628
-0.00020834
-0.00020959
-0.00021
-0.00020959
-0.00020834
-0.00020628
-0.0002034
-0.00019972
-0.00019525
-0.00019001
-0.00018402
-0.00017731
-0.00016989
-0.00016181
-0.00015308
-0.00014375
-0.00013386
-0.00012343
-0.00011252
-0.00010117
-8.9414e-05
-7.7306e-05
-6.4894e-05
-5.2225e-05
-3.935e-05
-2.632e-05
-1.3186e-05
-6.1644e-19
1.3186e-05
2.632e-05
3.935e-05
5.2225e-05
6.4894e-05
7.7306e-05
8.9414e-05
0.00010117
0.00011252
0.00012343
0.00013386
0.00014375
0.00015308
0.00016181
0.00016989
0.00017731
0.00018402
0.00019001
0.00019525
0.00019972
0.0002034
0.00020628
0.00020834
0.00020959
0.00021
0.00020959
0.00020834
0.00020628
0.0002034
0.00019972
0.00019525
0.00019001
0.00018402
0.00017731
0.00016989
0.00016181
0.00015308
0.00014375
0.00013386
0.00012343
0.00011252
0.00010117
8.9414e-05
7.7306e-05
6.4894e-05
5.2225e-05
3.935e-05
2.632e-05
1.3186e-05
2.8804e-18
-1.3186e-05
-2.632e-05
-3.935e-05
-5.2225e-05
-6.4894e-05
-7.7306e-05
-8.9414e-05
-0.00010117
-0.00011252
-0.00012343
-0.00013386
-0.00014375
-0.00015308
-0.00016181
-0.00016989
-0.00017731
-0.00018402
-0.00019001
-0.00019525
-0.00019972
-0.0002034
-0.00020628
-0.00020834
-0.00020959
-0.00021
-0.00020959
-0.00020834
-0.00020628
-0.0002034
-0.00019972
-0.00019525
-0.00019001
-0.00018402
-0.00017731
-0.00016989
-0.00016181
-0.00015308
-0.00014375
-0.00013386
-0.00012343
-0.00011252
-0.00010117
-8.9414e-05
-7.7306e-05
-6.4894e-05
-5.2225e-05
-3.935e-05
-2.632e-05
-1.3186e-05
-5.1443e-18
1.3186e-05
2.632e-05
3.935e-05
5.2225e-05
6.4894e-05
7.7306e-05
8.9414e-05
0.00010117
0.00011252
0.00012343
0.00013386
0.00014375
0.00015308
0.00016181
0.00016989
0.00017731
0.00018402
0.00019001
0.00019525
0.00019972
0.0002034
0.00020628
0.00020834
0.00020959
0.00021
0.00020959
0.00020834
0.00020628
0.0002034
0.00019972
0.00019525
0.00019001
0.00018402
0.00017731
0.00016989
0.00016181
0.00015308
0.00014375
0.00013386
0.00012343
0.00011252
0.00010117
8.9414e-05
7.7306e-05
6.4894e-05
5.2225e-05
3.935e-05
2.632e-05
1.3186e-05
-4.5289e-18
-1.3186e-05
-2.632e-05
-3.935e-05
-5.2225e-05
-6.4894e-05
-7.7306e-05
-8.9414e-05
-0.00010117
-0.00011252
-0.00012343
-0.00013386
-0.00014375
-0.00015308
-0.00016181
-0.00016989
-0.00017731
-0.00018402
-0.00019001
-0.00019525
-0.00019972
-0.0002034
-0.00020628
-0.00020834
-0.00020959
-0.00021
-0.00020959
-0.00020834
-0.00020628
-0.0002034
-0.00019972
-0.00019525
-0.00019001
-0.00018402
-0.00017731
-0.00016989
-0.00016181
-0.00015308
-0.00014375
-0.00013386
-0.00012343
-0.00011252
-0.00010117
-8.9414e-05
-7.7306e-05
-6.4894e-05
-5.2225e-05
-3.935e-05
-2.632e-05
-1.3186e-05
2.265e-18
1.3186e-05
2.632e-05
3.935e-05
5.2225e-05
6.4894e-05
7.7306e-05
8.9414e-05
0.00010117
0.00011252
0.00012343
0.00013386
0.00014375
0.00015308
0.00016181
0.00016989
0.00017731
0.00018402
0.00019001
0.00019525
0.00019972
0.0002034
0.00020628
0.00020834
0.00020959
0.00021
0.00020959
0.00020834
0.00020628
0.0002034
0.00019972
0.00019525
0.00019001
0.00018402
0.00017731
0.00016989
0.00016181
0.00015308
0.00014375
0.00013386
0.00012343
0.00011252
0.00010117
8.9414e-05
7.7306e-05
6.4894e-05
5.2225e-05
3.935e-05
2.632e-05
1.3186e-05
-1.0388e-21
-1.316e-05
-2.6241e-05
-3.9193e-05
-5.1964e-05
-6.4504e-05
-7.6765e-05
-8.8698e-05
-0.00010026
-0.0001114
-0.00012208
-0.00013225
-0.00014189
-0.00015094
-0.00015938
-0.00016718
-0.00017429
-0.00018071
-0.0001864
-0.00019135
-0.00019553
-0.00019893
-0.00020154
-0.00020334
-0.00020435
-0.00020454
-0.00020393
-0.00020251
-0.0002003
-0.0001973
-0.00019353
-0.000189
-0.00018374
-0.00017777
-0.0001711
-0.00016378
-0.00015582
-0.00014727
-0.00013815
-0.0001285
-0.00011837
-0.0001078
-9.6818e-05
-8.5479e-05
-7.3827e-05
-6.1908e-05
-4.977e-05
-3.7461e-05
-2.503e-05
-1.2527e-05
-2.1475e-18
1.25e-05
2.4925e-05
3.7225e-05
4.9353e-05
6.126e-05
7.29e-05
8.4228e-05
9.5199e-05
0.00010577
0.00011591
0.00012556
0.0001347
0.00014329
0.00015129
0.00015868
0.00016543
0.00017151
0.0001769
0.00018159
0.00018554
0.00018876
0.00019122
0.00019293
0.00019387
0.00019404
0.00019345
0.00019209
0.00018998
0.00018713
0.00018354
0.00017924
0.00017424
0.00016857
0.00016224
0.00015528
0.00014773
0.00013961
0.00013096
0.00012181
0.0001122
0.00010217
9.176e-05
8.1009e-05
6.9962e-05
5.8664e-05
4.7159e-05
3.5494e-05
2.3714e-05
1.1867e-05
-6.6619e-18
-1.1841e-05
-2.3609e-05
-3.5258e-05
-4.6741e-05
-5.8015e-05
-6.9034e-05
-7.9757e-05
-9.0141e-05
-0.00010015
-0.00010973
-0.00011887
-0.00012751
-0.00013563
-0.0001432
-0.00015019
-0.00015656
-0.00016231
-0.0001674
-0.00017182
-0.00017556
-0.00017859
-0.00018091
-0.00018251
-0.00018339
-0.00018354
-0.00018297
-0.00018168
-0.00017967
-0.00017696
-0.00017356
-0.00016948
-0.00016474
-0.00015937
-0.00015337
-0.00014679
-0.00013964
-0.00013196
-0.00012377
-0.00011512
-0.00010603
-9.6545e-05
-8.6701e-05
-7.6538e-05
-6.6097e-05
-5.5419e-05
-4.4548e-05
-3.3526e-05
-2.2398e-05
-1.1208e-05
4.3693e-18
1.1182e-05
2.2293e-05
3.329e-05
4.413e-05
5.477e-05
6.5169e-05
7.5286e-05
8.5083e-05
9.452e-05
0.00010356
0.00011217
0.00012032
0.00012798
0.00013511
0.00014169
0.0001477
0.00015311
0.0001579
0.00016206
0.00016557
0.00016842
0.00017059
0.00017209
0.00017291
0.00017304
0.00017249
0.00017126
0.00016936
0.00016679
0.00016357
0.00015972
0.00015524
0.00015016
0.00014451
0.00013829
0.00013155
0.0001243
0.00011659
0.00010843
9.9859e-05
9.0919e-05
8.1643e-05
7.2067e-05
6.2231e-05
5.2174e-05
4.1937e-05
3.1559e-05
2.1082e-05
1.0549e-05
7.2347e-18
-1.0522e-05
-2.0977e-05
-3.1323e-05
-4.1519e-05
-5.1525e-05
-6.1304e-05
-7.0816e-05
-8.0024e-05
-8.8894e-05
-9.739e-05
-0.00010548
-0.00011314
-0.00012032
-0.00012702
-0.0001332
-0.00013883
-0.00014391
-0.0001484
-0.0001523
-0.00015558
-0.00015825
-0.00016028
-0.00016168
-0.00016243
-0.00016254
-0.00016201
-0.00016084
-0.00015904
-0.00015662
-0.00015359
-0.00014995
-0.00014574
-0.00014096
-0.00013564
-0.0001298
-0.00012346
-0.00011665
-0.0001094
-0.00010173
-9.3687e-05
-8.5293e-05
-7.6584e-05
-6.7597e-05
-5.8366e-05
-4.893e-05
-3.9325e-05
-2.9591e-05
-1.9766e-05
-9.8895e-06
-8.4776e-18
9.8631e-06
1.9661e-05
2.9355e-05
3.8908e-05
4.8281e-05
5.7438e-05
6.6345e-05
7.4966e-05
8.3267e-05
9.1218e-05
9.8788e-05
0.00010595
0.00011267
0.00011893
0.0001247
0.00012997
0.00013471
0.0001389
0.00014253
0.0001456
0.00014808
0.00014997
0.00015126
0.00015195
0.00015204
0.00015153
0.00015042
0.00014873
0.00014645
0.0001436
0.00014019
0.00013624
0.00013176
0.00012678
0.0001213
0.00011537
0.000109
0.00010221
9.504e-05
8.7515e-05
7.9667e-05
7.1526e-05
6.3126e-05
5.4501e-05
4.5685e-05
3.6714e-05
2.7624e-05
1.845e-05
9.2302e-06
9.4942e-18
-9.2038e-06
-1.8345e-05
-2.7388e-05
-3.6296e-05
-4.5036e-05
-5.3573e-05
-6.1874e-05
-6.9907e-05
-7.7641e-05
-8.5047e-05
-9.2095e-05
-9.876e-05
-0.00010502
-0.00011084
-0.00011621
-0.0001211
-0.0001255
-0.0001294
-0.00013277
-0.00013561
-0.00013791
-0.00013965
-0.00014084
-0.00014147
-0.00014154
-0.00014105
-0.00014001
-0.00013841
-0.00013628
-0.00013361
-0.00013043
-0.00012674
-0.00012256
-0.00011791
-0.00011281
-0.00010728
-0.00010134
-9.5022e-05
-8.8347e-05
-8.1344e-05
-7.4041e-05
-6.6468e-05
-5.8655e-05
-5.0636e-05
-4.244e-05
-3.4103e-05
-2.5656e-05
-1.7134e-05
-8.5709e-06
-2.5372e-18
8.5445e-06
1.7029e-05
2.542e-05
3.3685e-05
4.1791e-05
4.9708e-05
5.7404e-05
6.4849e-05
7.2015e-05
7.8875e-05
8.5402e-05
9.1572e-05
9.7361e-05
0.00010275
0.00010771
0.00011224
0.0001163
0.0001199
0.00012301
0.00012563
0.00012774
0.00012934
0.00013042
0.00013099
0.00013104
0.00013057
0.00012959
0.0001281
0.00012611
0.00012363
0.00012067
0.00011724
0.00011336
0.00010904
0.00010431
9.9188e-05
9.3687e-05
8.7834e-05
8.1654e-05
7.5172e-05
6.8414e-05
6.1409e-05
5.4185e-05
4.677e-05
3.9196e-05
3.1492e-05
2.3689e-05
1.5818e-05
7.9116e-06
1.0848e-17
-7.8852e-06
-1.5713e-05
-2.3453e-05
-3.1074e-05
-3.8547e-05
-4.5843e-05
-5.2933e-05
-5.979e-05
-6.6389e-05
-7.2703e-05
-7.8709e-05
-8.4384e-05
-8.9707e-05
-9.4658e-05
-9.9218e-05
-0.00010337
-0.0001071
-0.0001104
-0.00011325
-0.00011564
-0.00011757
-0.00011902
-0.00012001
-0.00012051
-0.00012054
-0.00012009
-0.00011917
-0.00011779
-0.00011594
-0.00011364
-0.0001109
-0.00010774
-0.00010416
-0.00010018
-9.582e-05
-9.1098e-05
-8.6033e-05
-8.0646e-05
-7.4961e-05
-6.9e-05
-6.2788e-05
-5.6351e-05
-4.9714e-05
-4.2905e-05
-3.5951e-05
-2.888e-05
-2.1721e-05
-1.4502e-05
-7.2523e-06
-4.632e-18
7.2259e-06
1.4397e-05
2.1485e-05
2.8463e-05
3.5302e-05
4.1977e-05
4.8462e-05
5.4732e-05
6.0763e-05
6.6531e-05
7.2016e-05
7.7196e-05
8.2053e-05
8.6567e-05
9.0723e-05
9.4506e-05
9.7901e-05
0.0001009
0.00010348
0.00010565
0.0001074
0.00010871
0.00010959
0.00011003
0.00011004
0.00010961
0.00010876
0.00010747
0.00010577
0.00010366
0.00010114
9.8237e-05
9.4957e-05
9.1314e-05
8.7325e-05
8.3007e-05
7.8379e-05
7.3459e-05
6.8268e-05
6.2828e-05
5.7162e-05
5.1292e-05
4.5243e-05
3.904e-05
3.2706e-05
2.6269e-05
1.9754e-05
1.3186e-05
6.593e-06
5.3399e-18
-6.5666e-06
-1.3081e-05
-1.9518e-05
-2.5851e-05
-3.2057e-05
-3.8112e-05
-4.3992e-05
-4.9674e-05
-5.5137e-05
-6.036e-05
-6.5323e-05
-7.0009e-05
-7.4399e-05
-7.8477e-05
-8.2228e-05
-8.564e-05
-8.87e-05
-9.1397e-05
-9.3721e-05
-9.5667e-05
-9.7226e-05
-9.8396e-05
-9.9172e-05
-9.9553e-05
-9.954e-05
-9.9134e-05
-9.8338e-05
-9.7158e-05
-9.5599e-05
-9.367e-05
-9.1378e-05
-8.8736e-05
-8.5755e-05
-8.2449e-05
-7.8831e-05
-7.4917e-05
-7.0725e-05
-6.6271e-05
-6.1575e-05
-5.6657e-05
-5.1536e-05
-4.6234e-05
-4.0773e-05
-3.5174e-05
-2.9462e-05
-2.3658e-05
-1.7786e-05
-1.187e-05
-5.9337e-06
-5.8213e-18
5.9073e-06
1.1765e-05
1.755e-05
2.324e-05
2.8813e-05
3.4247e-05
3.9521e-05
4.4615e-05
4.951e-05
5.4188e-05
5.863e-05
6.2821e-05
6.6744e-05
7.0386e-05
7.3734e-05
7.6775e-05
7.9499e-05
8.1896e-05
8.3959e-05
8.5681e-05
8.7056e-05
8.8082e-05
8.8755e-05
8.9074e-05
8.904e-05
8.8655e-05
8.7921e-05
8.6844e-05
8.5429e-05
8.3683e-05
8.1616e-05
7.9236e-05
7.6554e-05
7.3583e-05
7.0336e-05
6.6827e-05
6.307e-05
5.9083e-05
5.4882e-05
5.0485e-05
4.591e-05
4.1175e-05
3.6302e-05
3.1309e-05
2.6217e-05
2.1047e-05
1.5819e-05
1.0554e-05
5.2744e-06
1.3134e-18
-5.248e-06
-1.0449e-05
-1.5583e-05
-2.0629e-05
-2.5568e-05
-3.0381e-05
-3.505e-05
-3.9557e-05
-4.3884e-05
-4.8016e-05
-5.1937e-05
-5.5633e-05
-5.909e-05
-6.2296e-05
-6.5239e-05
-6.7909e-05
-7.0297e-05
-7.2395e-05
-7.4196e-05
-7.5695e-05
-7.6886e-05
-7.7768e-05
-7.8337e-05
-7.8595e-05
-7.854e-05
-7.8175e-05
-7.7504e-05
-7.653e-05
-7.5259e-05
-7.3697e-05
-7.1853e-05
-6.9735e-05
-6.7353e-05
-6.4718e-05
-6.1841e-05
-5.8736e-05
-5.5416e-05
-5.1896e-05
-4.8189e-05
-4.4313e-05
-4.0283e-05
-3.6117e-05
-3.1831e-05
-2.7444e-05
-2.2972e-05
-1.8435e-05
-1.3851e-05
-9.2383e-06
-4.6151e-06
-6.105e-18
4.5887e-06
9.133e-06
1.3615e-05
1.8018e-05
2.2323e-05
2.6516e-05
3.0579e-05
3.4498e-05
3.8258e-05
4.1844e-05
4.5244e-05
4.8445e-05
5.1436e-05
5.4206e-05
5.6744e-05
5.9044e-05
6.1096e-05
6.2895e-05
6.4434e-05
6.5708e-05
6.6716e-05
6.7454e-05
6.792e-05
6.8115e-05
6.804e-05
6.7696e-05
6.7087e-05
6.6216e-05
6.5089e-05
6.3711e-05
6.209e-05
6.0234e-05
5.8152e-05
5.5852e-05
5.3347e-05
5.0646e-05
4.7762e-05
4.4708e-05
4.1496e-05
3.8141e-05
3.4657e-05
3.1059e-05
2.7361e-05
2.3578e-05
1.9728e-05
1.5824e-05
1.1884e-05
7.9223e-06
3.9558e-06
2.3381e-18
-3.9294e-06
-7.817e-06
-1.1648e-05
-1.5406e-05
-1.9079e-05
-2.2651e-05
-2.6109e-05
-2.944e-05
-3.2632e-05
-3.5673e-05
-3.8551e-05
-4.1258e-05
-4.3782e-05
-4.6115e-05
-4.825e-05
-5.0178e-05
-5.1895e-05
-5.3394e-05
-5.4671e-05
-5.5722e-05
-5.6546e-05
-5.714e-05
-5.7503e-05
-5.7636e-05
-5.754e-05
-5.7217e-05
-5.667e-05
-5.5902e-05
-5.4919e-05
-5.3725e-05
-5.2328e-05
-5.0734e-05
-4.895e-05
-4.6987e-05
-4.4852e-05
-4.2555e-05
-4.0108e-05
-3.752e-05
-3.4803e-05
-3.197e-05
-2.9031e-05
-2.6e-05
-2.289e-05
-1.9713e-05
-1.6483e-05
-1.3213e-05
-9.9162e-06
-6.6063e-06
-3.2965e-06
-2.5108e-18
3.2701e-06
6.501e-06
9.6801e-06
1.2795e-05
1.5834e-05
1.8785e-05
2.1638e-05
2.4382e-05
2.7006e-05
2.9501e-05
3.1858e-05
3.407e-05
3.6128e-05
3.8025e-05
3.9755e-05
4.1313e-05
4.2694e-05
4.3893e-05
4.4908e-05
4.5736e-05
4.6376e-05
4.6826e-05
4.7086e-05
4.7157e-05
4.704e-05
4.6738e-05
4.6252e-05
4.5588e-05
4.4749e-05
4.3739e-05
4.2565e-05
4.1233e-05
3.9749e-05
3.8121e-05
3.6357e-05
3.4465e-05
3.2454e-05
3.0332e-05
2.811e-05
2.5798e-05
2.3405e-05
2.0942e-05
1.8419e-05
1.5848e-05
1.3238e-05
1.0602e-05
7.9487e-06
5.2903e-06
2.6372e-06
2.4572e-18
-2.6108e-06
-5.185e-06
-7.7126e-06
-1.0184e-05
-1.2589e-05
-1.492e-05
-1.7167e-05
-1.9323e-05
-2.1379e-05
-2.3329e-05
-2.5165e-05
-2.6882e-05
-2.8474e-05
-2.9934e-05
-3.126e-05
-3.2448e-05
-3.3492e-05
-3.4392e-05
-3.5146e-05
-3.575e-05
-3.6206e-05
-3.6512e-05
-3.6669e-05
-3.6677e-05
-3.654e-05
-3.6258e-05
-3.5835e-05
-3.5274e-05
-3.4578e-05
-3.3753e-05
-3.2803e-05
-3.1732e-05
-3.0548e-05
-2.9256e-05
-2.7863e-05
-2.6375e-05
-2.48e-05
-2.3145e-05
-2.1417e-05
-1.9626e-05
-1.7779e-05
-1.5883e-05
-1.3949e-05
-1.1982e-05
-9.9936e-06
-7.9904e-06
-5.9812e-06
-3.9743e-06
-1.9779e-06
-3.9848e-19
1.9515e-06
3.869e-06
5.7451e-06
7.5726e-06
9.3447e-06
1.1055e-05
1.2697e-05
1.4265e-05
1.5753e-05
1.7157e-05
1.8473e-05
1.9694e-05
2.0819e-05
2.1844e-05
2.2766e-05
2.3582e-05
2.4291e-05
2.4892e-05
2.5383e-05
2.5764e-05
2.6036e-05
2.6198e-05
2.6251e-05
2.6198e-05
2.604e-05
2.5779e-05
2.5418e-05
2.496e-05
2.4408e-05
2.3767e-05
2.304e-05
2.2232e-05
2.1347e-05
2.0391e-05
1.9368e-05
1.8284e-05
1.7145e-05
1.5957e-05
1.4724e-05
1.3454e-05
1.2153e-05
1.0825e-05
9.4778e-06
8.1171e-06
6.7489e-06
5.3792e-06
4.0137e-06
2.6583e-06
1.3186e-06
1.6707e-18
-1.2922e-06
-2.553e-06
-3.7776e-06
-4.9614e-06
-6.1e-06
-7.1895e-06
-8.2261e-06
-9.2063e-06
-1.0127e-05
-1.0986e-05
-1.178e-05
-1.2507e-05
-1.3165e-05
-1.3754e-05
-1.4271e-05
-1.4717e-05
-1.509e-05
-1.5391e-05
-1.562e-05
-1.5778e-05
-1.5865e-05
-1.5884e-05
-1.5834e-05
-1.5719e-05
-1.554e-05
-1.53e-05
-1.5001e-05
-1.4646e-05
-1.4238e-05
-1.3781e-05
-1.3277e-05
-1.2731e-05
-1.2146e-05
-1.1525e-05
-1.0873e-05
-1.0194e-05
-9.4912e-06
-8.769e-06
-8.0315e-06
-7.2827e-06
-6.5264e-06
-5.7666e-06
-5.0072e-06
-4.2518e-06
-3.5043e-06
-2.7679e-06
-2.0462e-06
-1.3423e-06
-6.593e-07
-3.5291e-19
6.3293e-07
1.237e-06
1.8101e-06
2.3501e-06
2.8553e-06
3.3242e-06
3.7554e-06
4.1479e-06
4.5009e-06
4.814e-06
5.0866e-06
5.3189e-06
5.511e-06
5.6633e-06
5.7764e-06
5.8512e-06
5.8888e-06
5.8904e-06
5.8576e-06
5.7919e-06
5.6953e-06
5.5696e-06
5.4169e-06
5.2396e-06
5.04e-06
4.8205e-06
4.5836e-06
4.3319e-06
4.068e-06
3.7947e-06
3.5146e-06
3.2302e-06
2.9444e-06
2.6596e-06
2.3785e-06
2.1035e-06
1.837e-06
1.5813e-06
1.3386e-06
1.1109e-06
9.0019e-07
7.0818e-07
5.3648e-07
3.8653e-07
2.5957e-07
1.5667e-07
7.87e-08
2.632e-08
0
0
-0
-0
-0
-0
-0
-0
-0
-0
-0
-0
-0
-0
-0
-0
-0
-0
-0
-0
-0
-0
-0
-0
-0
-0
-0
-0
-0
-0
-0
-0
-0
-0
-0
-0
-0
-0
-0
-0
-0
-0
-0
-0
-0
-0
-0
-0
-0
-0
-0
-0
0
0
0
0
0
0
0
0
0
0
0
0
0
0
0
0
0
0
0
0
0
0
0
0
0
0
0
0
0
0
0
0
0
0
0
0
0
0
0
0
0
0
0
0
0
0
0
0
0
0
-0
-0
-0
-0
-0
-0
-0
-0
-0
-0
-0
-0
-0
-0
-0
-0
-0
-0
-0
-0
-0
-0
-0
-0
-0
-0
-0
-0
-0
-0
-0
-0
-0
-0
-0
-0
-0
-0
-0
-0
-0
-0
-0
-0
-0
-0
-0
-0
-0
-0
0
0
0
0
0
0
0
0
0
0
0
0
0
0
0
0
0
0
0
0
0
0
0
0
0
0
0
0
0
0
0
0
0
0
0
0
0
0
0
0
0
0
0
0
0
0
0
0
0
0
-0
-0
-0
-0
-0
-0
-0
-0
-0
-0
-0
-0
-0
-0
-0
-0
-0
-0
-0
-0
-0
-0
-0
-0
-0
-0
-0
-0
-0
-0
-0
-0
-0
-0
-0
-0
-0
-0
-0
-0
-0
-0
-0
-0
-0
-0
-0
-0
-0
-0
0
0
0
0
0
0
0
0
0
0
0
0
0
0
0
0
0
0
0
0
0
0
0
0
0
0
0
0
0
0
0
0
0
0
0
0
0
0
0
0
0
0
0
0
0
0
0
0
0
0
-0
-0
-0
-0
-0
-0
-0
-0
-0
-0
-0
-0
-0
-0
-0
-0
-0
-0
-0
-0
-0
-0
-0
-0
-0
-0
-0
-0
-0
-0
-0
-0
-0
-0
-0
-0
-0
-0
-0
-0
-0
-0
-0
-0
-0
-0
-0
-0
-0
-0
0
0
0
0
0
0
0
0
0
0
0
0
0
0
0
0
0
0
0
0
0
0
0
0
0
0
0
0
0
0
0
0
0
0
0
0
0
0
0
0
0
0
0
0
0
0
0
0
0
0
-0
-0
-0
-0
-0
-0
-0
-0
-0
-0
-0
-0
-0
-0
-0
-0
-0
-0
-0
-0
-0
-0
-0
-0
-0
-0
-0
-0
-0
-0
-0
-0
-0
-0
-0
-0
-0
-0
-0
-0
-0
-0
-0
-0
-0
-0
-0
-0
-0
-0
0
0
0
0
0
0
0
0
0
0
0
0
0
0
0
0
0
0
0
0
0
0
0
0
0
0
0
0
0
0
0
0
0
0
0
0
0
0
0
0
0
0
0
0
0
0
0
0
0
0
-0
-0
-0
-0
-0
-0
-0
-0
-0
-0
-0
-0
-0
-0
-0
-0
-0
-0
-0
-0
-0
-0
-0
-0
-0
-0
-0
-0
-0
-0
-0
-0
-0
-0
-0
-0
-0
-0
-0
-0
-0
-0
-0
-0
-0
-0
-0
-0
-0
-0
0
0
0
0
0
0
0
0
0
0
0
0
0
0
0
0
0
0
0
0
0
0
0
0
0
0
0
0
0
0
0
0
0
0
0
0
0
0
0
0
0
0
0
0
0
0
0
0
0
0
-0
-0
-0
-0
-0
-0
-0
-0
-0
-0
-0
-0
-0
-0
-0
-0
-0
-0
-0
-0
-0
-0
-0
-0
-0
-0
-0
-0
-0
-0
-0
-0
-0
-0
-0
-0
-0
-0
-0
-0
-0
-0
-0
-0
-0
-0
-0
-0
-0
-0
0
0
0
0
0
0
0
0
0
0
0
0
0
0
0
0
0
0
0
0
0
0
0
0
0
0
0
0
0
0
0
0
0
0
0
0
0
0
0
0
0
0
0
0
0
0
0
0
0
0
-0
-0
-0
-0
-0
-0
-0
-0
-0
-0
-0
-0
-0
-0
-0
-0
-0
-0
-0
-0
-0
-0
-0
-0
-0
-0
-0
-0
-0
-0
-0
-0
-0
-0
-0
-0
-0
-0
-0
-0
-0
-0
-0
-0
-0
-0
-0
-0
-0
-0
0
0
0
0
0
0
0
0
0
0
0
0
0
0
0
0
0
0
0
0
0
0
0
0
0
0
0
0
0
0
0
0
0
0
0
0
0
0
0
0
0
0
0
0
0
0
0
0
0
0
-0
-0
-0
-0
-0
-0
-0
-0
-0
-0
-0
-0
-0
-0
-0
-0
-0
-0
-0
-0
-0
-0
-0
-0
-0
-0
-0
-0
-0
-0
-0
-0
-0
-0
-0
-0
-0
-0
-0
-0
-0
-0
-0
-0
-0
-0
-0
-0
-0
-0
0
0
0
0
0
0
0
0
0
0
0
0
0
0
0
0
0
0
0
0
0
0
0
0
0
0
0
0
0
0
0
0
0
0
0
0
0
0
0
0
0
0
0
0
0
0
0
0
0
0
-0
-0
-0
-0
-0
-0
-0
-0
-0
-0
-0
-0
-0
-0
-0
-0
-0
-0
-0
-0
-0
-0
-0
-0
-0
-0
-0
-0
-0
-0
-0
-0
-0
-0
-0
-0
-0
-0
-0
-0
-0
-0
-0
-0
-0
-0
-0
-0
-0
-0
0
0
0
0
0
0
0
0
0
0
0
0
0
0
0
0
0
0
0
0
0
0
0
0
0
0
0
0
0
0
0
0
0
0
0
0
0
0
0
0
0
0
0
0
0
0
0
0
0
0
-0
-0
-0
-0
-0
-0
-0
-0
-0
-0
-0
-0
-0
-0
-0
-0
-0
-0
-0
-0
-0
-0
-0
-0
-0
-0
-0
-0
-0
-0
-0
-0
-0
-0
-0
-0
-0
-0
-0
-0
-0
-0
-0
-0
-0
-0
-0
-0
-0
-0
0
0
0
0
0
0
0
0
0
0
0
0
0
0
0
0
0
0
0
0
0
0
0
0
0
0
0
0
0
0
0
0
0
0
0
0
0
0
0
0
0
0
0
0
0
0
0
0
0
-0
-0
-0
-0
-0
-0
-0
-0
-0
-0
-0
-0
-0
-0
-0
-0
-0
-0
-0
-0
-0
-0
-0
-0
-0
-0
-0
-0
-0
-0
-0
-0
-0
-0
-0
-0
-0
-0
-0
-0
-0
-0
-0
-0
-0
-0
-0
-0
-0
-0
-0
0
0
0
0
0
0
0
0
0
0
0
0
0
0
0
0
0
0
0
0
0
0
0
0
0
0
0
0
0
0
0
0
0
0
0
0
0
0
0
0
0
0
0
0
0
0
0
0
0
0
-0
-0
-0
-0
-0
-0
-0
-0
-0
-0
-0
-0
-0
-0
-0
-0
-0
-0
-0
-0
-0
-0
-0
-0
-0
-0
-0
-0
-0
-0
-0
-0
-0
-0
-0
-0
-0
-0
-0
-0
-0
-0
-0
-0
-0
-0
-0
-0
-0
0
0
0
0
0
0
0
0
0
0
0
0
0
0
0
0
0
0
0
0
0
0
0
0
0
0
0
0
0
0
0
0
0
0
0
0
0
0
0
0
0
0
0
0
0
0
0
0
0
0
0
-0
-0
-0
-0
-0
-0
-0
-0
-0
-0
-0
-0
-0
-0
-0
-0
-0
-0
-0
-0
-0
-0
-0
-0
-0
-0
-0
-0
-0
-0
-0
-0
-0
-0
-0
-0
-0
-0
-0
-0
-0
-0
-0
-0
-0
-0
-0
-0
-0
-0
0
0
0
0
0
0
0
0
0
0
0
0
0
0
0
0
0
0
0
0
0
0
0
0
0
0
0
0
0
0
0
0
0
0
0
0
0
0
0
0
0
0
0
0
0
0
0
0
0
0
-0
-0
-0
-0
-0
-0
-0
-0
-0
-0
-0
-0
-0
-0
-0
-0
-0
-0
-0
-0
-0
-0
-0
-0
-0
-0
-0
-0
-0
-0
-0
-0
-0
-0
-0
-0
-0
-0
-0
-0
-0
-0
-0
-0
-0
-0
-0
-0
-0
-0
0
0
0
0
0
0
0
0
0
0
0
0
0
0
0
0
0
0
0
0
0
0
0
0
0
0
0
0
0
0
0
0
0
0
0
0
0
0
0
0
0
0
0
0
0
0
0
0
0
-0
-0
-0
-0
-0
-0
-0
-0
-0
-0
-0
-0
-0
-0
-0
-0
-0
-0
-0
-0
-0
-0
-0
-0
-0
-0
-0
-0
-0
-0
-0
-0
-0
-0
-0
-0
-0
-0
-0
-0
-0
-0
-0
-0
-0
-0
-0
-0
-0
-0
-0
0
0
0
0
0
0
0
0
0
0
0
0
0
0
0
0
0
0
0
0
0
0
0
0
0
0
0
0
0
0
0
0
0
0
0
0
0
0
0
0
0
0
0
0
0
0
0
0
0
-0
-0
-0
-0
-0
-0
-0
-0
-0
-0
-0
-0
-0
-0
-0
-0
-0
-0
-0
-0
-0
-0
-0
-0
-0
-0
-0
-0
-0
-0
-0
-0
-0
-0
-0
-0
-0
-0
-0
-0
-0
-0
-0
-0
-0
-0
-0
-0
-0
-0
-0
0
0
0
0
0
0
0
0
0
0
0
0
0
0
0
0
0
0
0
0
0
0
0
0
0
0
0
0
0
0
0
0
0
0
0
0
0
0
0
0
0
0
0
0
0
0
0
0
0
0
-0
-0
-0
-0
-0
-0
-0
-0
-0
-0
-0
-0
-0
-0
-0
-0
-0
-0
-0
-0
-0
-0
-0
-0
-0
-0
-0
-0
-0
-0
-0
-0
-0
-0
-0
-0
-0
-0
-0
-0
-0
-0
-0
-0
-0
-0
-0
-0
-0
-0
0
0
0
0
0
0
0
0
0
0
0
0
0
0
0
0
0
0
0
0
0
0
0
0
0
0
0
0
0
0
0
0
0
0
0
0
0
0
0
0
0
0
0
0
0
0
0
0
0
0
-0
-0
-0
-0
-0
-0
-0
-0
-0
-0
-0
-0
-0
-0
-0
-0
-0
-0
-0
-0
-0
-0
-0
-0
-0
-0
-0
-0
-0
-0
-0
-0
-0
-0
-0
-0
-0
-0
-0
-0
-0
-0
-0
-0
-0
-0
-0
-0
-0
-0
0
0
0
0
0
0
0
0
0
0
0
0
0
0
0
0
0
0
0
0
0
0
0
0
0
0
0
0
0
0
0
0
0
0
0
0
0
0
0
0
0
0
0
0
0
0
0
0
0
0
-0
-0
-0
-0
-0
-0
-0
-0
-0
-0
-0
-0
-0
-0
-0
-0
-0
-0
-0
-0
-0
-0
-0
-0
-0
-0
-0
-0
-0
-0
-0
-0
-0
-0
-0
-0
-0
-0
-0
-0
-0
-0
-0
-0
-0
-0
-0
-0
-0
-0
0
0
0
0
0
0
0
0
0
0
0
0
0
0
0
0
0
0
0
0
0
0
0
0
0
0
0
0
0
0
0
0
0
0
0
0
0
0
0
0
0
0
0
0
0
0
0
0
0
-0
-0
-0
-0
-0
-0
-0
-0
-0
-0
-0
-0
-0
-0
-0
-0
-0
-0
-0
-0
-0
-0
-0
-0
-0
-0
-0
-0
-0
-0
-0
-0
-0
-0
-0
-0
-0
-0
-0
-0
-0
-0
-0
-0
-0
-0
-0
-0
-0
-0
-0
0
0
0
0
0
0
0
0
0
0
0
0
0
0
0
0
0
0
0
0
0
0
0
0
0
0
0
0
0
0
0
0
0
0
0
0
0
0
0
0
0
0
0
0
0
0
0
0
0
-0
-0
-0
-0
-0
-0
-0
-0
-0
-0
-0
-0
-0
-0
-0
-0
-0
-0
-0
-0
-0
-0
-0
-0
-0
-0
-0
-0
-0
-0
-0
-0
-0
-0
-0
-0
-0
-0
-0
-0
-0
-0
-0
-0
-0
-0
-0
-0
-0
-0
-0
0
0
0
0
0
0
0
0
0
0
0
0
0
0
0
0
0
0
0
0
0
0
0
0
0
0
0
0
0
0
0
0
0
0
0
0
0
0
0
0
0
0
0
0
0
0
0
0
0
0
-0
-0
-0
-0
-0
-0
-0
-0
-0
-0
-0
-0
-0
-0
-0
-0
-0
-0
-0
-0
-0
-0
-0
-0
-0
-0
-0
-0
-0
-0
-0
-0
-0
-0
-0
-0
-0
-0
-0
-0
-0
-0
-0
-0
-0
-0
-0
-0
-0
-0
0
0
0
0
0
0
0
0
0
0
0
0
0
0
0
0
0
0
0
0
0
0
0
0
0
0
0
0
0
0
0
0
0
0
0
0
0
0
0
0
0
0
0
0
0
0
0
0
0
0
-0
-0
-0
-0
-0
-0
-0
-0
-0
-0
-0
-0
-0
-0
-0
-0
-0
-0
-0
-0
-0
-0
-0
-0
-0
-0
-0
-0
-0
-0
-0
-0
-0
-0
-0
-0
-0
-0
-0
-0
-0
-0
-0
-0
-0
-0
-0
-0
-0
-0
0
0
0
0
0
0
0
0
0
0
0
0
0
0
0
0
0
0
0
0
0
0
0
0
0
0
0
0
0
0
0
0
0
0
0
0
0
0
0
0
0
0
0
0
0
0
0
0
0
0
-0
-0
-0
-0
-0
-0
-0
-0
-0
-0
-0
-0
-0
-0
-0
-0
-0
-0
-0
-0
-0
-0
-0
-0
-0
-0
-0
-0
-0
-0
-0
-0
-0
-0
-0
-0
-0
-0
-0
-0
-0
-0
-0
-0
-0
-0
-0
-0
-0
-0
0
0
0
0
0
0
0
0
0
0
0
0
0
0
0
0
0
0
0
0
0
0
0
0
0
0
0
0
0
0
0
0
0
0
0
0
0
0
0
0
0
0
0
0
0
0
0
0
0
-0
-0
-0
-0
-0
-0
-0
-0
-0
-0
-0
-0
-0
-0
-0
-0
-0
-0
-0
-0
-0
-0
-0
-0
-0
-0
-0
-0
-0
-0
-0
-0
-0
-0
-0
-0
-0
-0
-0
-0
-0
-0
-0
-0
-0
-0
-0
-0
-0
-0
-0
0
0
0
0
0
0
0
0
0
0
0
0
0
0
0
0
0
0
0
0
0
0
0
0
0
0
0
0
0
0
0
0
0
0
0
0
0
0
0
0
0
0
0
0
0
0
0
0
0
-0
-0
-0
-0
-0
-0
-0
-0
-0
-0
-0
-0
-0
-0
-0
-0
-0
-0
-0
-0
-0
-0
-0
-0
-0
-0
-0
-0
-0
-0
-0
-0
-0
-0
-0
-0
-0
-0
-0
-0
-0
-0
-0
-0
-0
-0
-0
-0
-0
-0
-0
0
0
0
0
0
0
0
0
0
0
0
0
0
0
0
0
0
0
0
0
0
0
0
0
0
0
0
0
0
0
0
0
0
0
0
0
0
0
0
0
0
0
0
0
0
0
0
0
0
0
-0
-0
-0
-0
-0
-0
-0
-0
-0
-0
-0
-0
-0
-0
-0
-0
-0
-0
-0
-0
-0
-0
-0
-0
-0
-0
-0
-0
-0
-0
-0
-0
-0
-0
-0
-0
-0
-0
-0
-0
-0
-0
-0
-0
-0
-0
-0
-0
-0
-0
0
0
0
0
0
0
0
0
0
0
0
0
0
0
0
0
0
0
0
0
0
0
0
0
0
0
0
0
0
0
0
0
0
0
0
0
0
0
0
0
0
0
0
0
0
0
0
0
0
0
-0
-0
-0
-0
-0
-0
-0
-0
-0
-0
-0
-0
-0
-0
-0
-0
-0
-0
-0
-0
-0
-0
-0
-0
-0
-0
-0
-0
-0
-0
-0
-0
-0
-0
-0
-0
-0
-0
-0
-0
-0
-0
-0
-0
-0
-0
-0
-0
-0
-0
0
0
0
0
0
0
0
0
0
0
0
0
0
0
0
0
0
0
0
0
0
0
0
0
0
0
0
0
0
0
0
0
0
0
0
0
0
0
0
0
0
0
0
0
0
0
0
0
0
0
-0
-0
-0
-0
-0
-0
-0
-0
-0
-0
-0
-0
-0
-0
-0
-0
-0
-0
-0
-0
-0
-0
-0
-0
-0
-0
-0
-0
-0
-0
-0
-0
-0
-0
-0
-0
-0
-0
-0
-0
-0
-0
-0
-0
-0
-0
-0
-0
-0
-0
0
0
0
0
0
0
0
0
0
0
0
0
0
0
0
0
0
0
0
0
0
0
0
0
0
0
0
0
0
0
0
0
0
0
0
0
0
0
0
0
0
0
0
0
0
0
0
0
0
-0
-0
-0
-0
-0
-0
-0
-0
-0
-0
-0
-0
-0
-0
-0
-0
-0
-0
-0
-0
-0
-0
-0
-0
-0
-0
-0
-0
-0
-0
-0
-0
-0
-0
-0
-0
-0
-0
-0
-0
-0
-0
-0
-0
-0
-0
-0
-0
-0
-0
-0
0
0
0
0
0
0
0
0
0
0
0
0
0
0
0
0
0
0
0
0
0
0
0
0
0
0
0
0
0
0
0
0
0
0
0
0
0
0
0
0
0
0
0
0
0
0
0
0
0
-0
-0
-0
-0
-0
-0
-0
-0
-0
-0
-0
-0
-0
-0
-0
-0
-0
-0
-0
-0
-0
-0
-0
-0
-0
-0
-0
-0
-0
-0
-0
-0
-0
-0
-0
-0
-0
-0
-0
-0
-0
-0
-0
-0
-0
-0
-0
-0
-0
-0
-0
0
0
0
0
0
0
0
0
0
0
0
0
0
0
0
0
0
0
0
0
0
0
0
0
0
0
0
0
0
0
0
0
0
0
0
0
0
0
0
0
0
0
0
0
0
0
0
0
0
-0
