0
0
0
0
0
0
0
0
0
0
0
0
0
0
0
0
0
0
0
0
0
0
0
0
0
0
0
0
0
0
0
0
0
0
0
0
0
0
0
0
0
0
0
0
0
0
0
0
0
0
0
-0
-0
-0
-0
-0
-0
-0
-0
-0
-0
-0
-0
-0
-0
-0
-0
-0
-0
-0
-0
-0
-0
-0
-0
-0
-0
-0
-0
-0
-0
-0
-0
-0
-0
-0
-0
-0
-0
-0
-0
-0
-0
-0
-0
-0
-0
-0
-0
-0
-0
0
0
0
0
0
0
0
0
0
0
0
0
0
0
0
0
0
0
0
0
0
0
0
0
0
0
0
0
0
0
0
0
0
0
0
0
0
0
0
0
0
0
0
0
0
0
0
0
0
0
-0
-0
-0
-0
-0
-0
-0
-0
-0
-0
-0
-0
-0
-0
-0
-0
-0
-0
-0
-0
-0
-0
-0
-0
-0
-0
-0
-0
-0
-0
-0
-0
-0
-0
-0
-0
-0
-0
-0
-0
-0
-0
-0
-0
-0
-0
-0
-0
-0
-0
0
0
0
0
0
0
0
0
0
0
0
0
0
0
0
0
0
0
0
0
0
0
0
0
0
0
0
0
0
0
0
0
0
0
0
0
0
0
0
0
0
0
0
0
0
0
0
0
0
0
-0
-0
-0
-0
-0
-0
-0
-0
-0
-0
-0
-0
-0
-0
-0
-0
-0
-0
-0
-0
-0
-0
-0
-0
-0
-0
-0
-0
-0
-0
-0
-0
-0
-0
-0
-0
-0
-0
-0
-0
-0
-0
-0
-0
-0
-0
-0
-0
-0
-0
0
0
0
0
0
0
0
0
0
0
0
0
0
0
0
0
0
0
0
0
0
0
0
0
0
0
0
0
0
0
0
0
0
0
0
0
0
0
0
0
0
0
0
0
0
0
0
0
0
-0
-0
-0
-0
-0
-0
-0
-0
-0
-0
-0
-0
-0
-0
-0
-0
-0
-0
-0
-0
-0
-0
-0
-0
-0
-0
-0
-0
-0
-0
-0
-0
-0
-0
-0
-0
-0
-0
-0
-0
-0
-0
-0
-0
-0
-0
-0
-0
-0
-0
-0
0
0
0
0
0
0
0
0
0
0
0
0
0
0
0
0
0
0
0
0
0
0
0
0
0
0
0
0
0
0
0
0
0
0
0
0
0
0
0
0
0
0
0
0
0
0
0
0
0
0
-0
-0
-0
-0
-0
-0
-0
-0
-0
-0
-0
-0
-0
-0
-0
-0
-0
-0
-0
-0
-0
-0
-0
-0
-0
-0
-0
-0
-0
-0
-0
-0
-0
-0
-0
-0
-0
-0
-0
-0
-0
-0
-0
-0
-0
-0
-0
-0
-0
-0
0
0
0
0
0
0
0
0
0
0
0
0
0
0
0
0
0
0
0
0
0
0
0
0
0
0
0
0
0
0
0
0
0
0
0
0
0
0
0
0
0
0
0
0
0
0
0
0
0
-0
-0
-0
-0
-0
-0
-0
-0
-0
-0
-0
-0
-0
-0
-0
-0
-0
-0
-0
-0
-0
-0
-0
-0
-0
-0
-0
-0
-0
-0
-0
-0
-0
-0
-0
-0
-0
-0
-0
-0
-0
-0
-0
-0
-0
-0
-0
-0
-0
-0
-0
0
0
0
0
0
0
0
0
0
0
0
0
0
0
0
0
0
0
0
0
0
0
0
0
0
0
0
0
0
0
0
0
0
0
0
0
0
0
0
0
0
0
0
0
0
0
0
0
0
-0
-0
-0
-0
-0
-0
-0
-0
-0
-0
-0
-0
-0
-0
-0
-0
-0
-0
-0
-0
-0
-0
-0
-0
-0
-0
-0
-0
-0
-0
-0
-0
-0
-0
-0
-0
-0
-0
-0
-0
-0
-0
-0
-0
-0
-0
-0
-0
-0
-0
0
0
0
0
0
0
0
0
0
0
0
0
0
0
0
0
0
0
0
0
0
0
0
0
0
0
0
0
0
0
0
0
0
0
0
0
0
0
0
0
0
0
0
0
0
0
0
0
0
0
0
-0
-0
-0
-0
-0
-0
-0
-0
-0
-0
-0
-0
-0
-0
-0
-0
-0
-0
-0
-0
-0
-0
-0
-0
-0
-0
-0
-0
-0
-0
-0
-0
-0
-0
-0
-0
-0
-0
-0
-0
-0
-0
-0
-0
-0
-0
-0
-0
-0
-0
0
0
0
0
0
0
0
0
0
0
0
0
0
0
0
0
0
0
0
0
0
0
0
0
0
0
0
0
0
0
0
0
0
0
0
0
0
0
0
0
0
0
0
0
0
0
0
0
0
0
-0
-0
-0
-0
-0
-0
-0
-0
-0
-0
-0
-0
-0
-0
-0
-0
-0
-0
-0
-0
-0
-0
-0
-0
-0
-0
-0
-0
-0
-0
-0
-0
-0
-0
-0
-0
-0
-0
-0
-0
-0
-0
-0
-0
-0
-0
-0
-0
-0
-0
0
0
0
0
0
0
0
0
0
0
0
0
0
0
0
0
0
0
0
0
0
0
0
0
0
0
0
0
0
0
0
0
0
0
0
0
0
0
0
0
0
0
0
0
0
0
0
0
0
-0
-0
-0
-0
-0
-0
-0
-0
-0
-0
-0
-0
-0
-0
-0
-0
-0
-0
-0
-0
-0
-0
-0
-0
-0
-0
-0
-0
-0
-0
-0
-0
-0
-0
-0
-0
-0
-0
-0
-0
-0
-0
-0
-0
-0
-0
-0
-0
-0
-0
-0
0
0
0
0
0
0
0
0
0
0
0
0
0
0
0
0
0
0
0
0
0
0
0
0
0
0
0
0
0
0
0
0
0
0
0
0
0
0
0
0
0
0
0
0
0
0
0
0
0
-0
-0
-0
-0
-0
-0
-0
-0
-0
-0
-0
-0
-0
-0
-0
-0
-0
-0
-0
-0
-0
-0
-0
-0
-0
-0
-0
-0
-0
-0
-0
-0
-0
-0
-0
-0
-0
-0
-0
-0
-0
-0
-0
-0
-0
-0
-0
-0
-0
-0
0
0
0
0
0
0
0
0
0
0
0
0
0
0
0
0
0
0
0
0
0
0
0
0
0
0
0
0
0
0
0
0
0
0
0
0
0
0
0
0
0
0
0
0
0
0
0
0
0
0
-0
-0
-0
-0
-0
-0
-0
-0
-0
-0
-0
-0
-0
-0
-0
-0
-0
-0
-0
-0
-0
-0
-0
-0
-0
-0
-0
-0
-0
-0
-0
-0
-0
-0
-0
-0
-0
-0
-0
-0
-0
-0
-0
-0
-0
-0
-0
-0
-0
-0
-0
0
0
0
0
0
0
0
0
0
0
0
0
0
0
0
0
0
0
0
0
0
0
0
0
0
0
0
0
0
0
0
0
0
0
0
0
0
0
0
0
0
0
0
0
0
0
0
0
0
-0
-0
-0
-0
-0
-0
-0
-0
-0
-0
-0
-0
-0
-0
-0
-0
-0
-0
-0
-0
-0
-0
-0
-0
-0
-0
-0
-0
-0
-0
-0
-0
-0
-0
-0
-0
-0
-0
-0
-0
-0
-0
-0
-0
-0
-0
-0
-0
-0
-0
0
0
0
0
0
0
0
0
0
0
0
0
0
0
0
0
0
0
0
0
0
0
0
0
0
0
0
0
0
0
0
0
0
0
0
0
0
0
0
0
0
0
0
0
0
0
0
0
0
0
-0
-0
-0
-0
-0
-0
-0
-0
-0
-0
-0
-0
-0
-0
-0
-0
-0
-0
-0
-0
-0
-0
-0
-0
-0
-0
-0
-0
-0
-0
-0
-0
-0
-0
-0
-0
-0
-0
-0
-0
-0
-0
-0
-0
-0
-0
-0
-0
-0
-0
0
0
0
0
0
0
0
0
0
0
0
0
0
0
0
0
0
0
0
0
0
0
0
0
0
0
0
0
0
0
0
0
0
0
0
0
0
0
0
0
0
0
0
0
0
0
0
0
0
0
-0
-0
-0
-0
-0
-0
-0
-0
-0
-0
-0
-0
-0
-0
-0
-0
-0
-0
-0
-0
-0
-0
-0
-0
-0
-0
-0
-0
-0
-0
-0
-0
-0
-0
-0
-0
-0
-0
-0
-0
-0
-0
-0
-0
-0
-0
-0
-0
-0
-0
-0
0
0
0
0
0
0
0
0
0
0
0
0
0
0
0
0
0
0
0
0
0
0
0
0
0
0
0
0
0
0
0
0
0
0
0
0
0
0
0
0
0
0
0
0
0
0
0
0
0
0
-0
-0
-0
-0
-0
-0
-0
-0
-0
-0
-0
-0
-0
-0
-0
-0
-0
-0
-0
-0
-0
-0
-0
-0
-0
-0
-0
-0
-0
-0
-0
-0
-0
-0
-0
-0
-0
-0
-0
-0
-0
-0
-0
-0
-0
-0
-0
-0
-0
-0
0
0
0
0
0
0
0
0
0
0
0
0
0
0
0
0
0
0
0
0
0
0
0
0
0
0
0
0
0
0
0
0
0
0
0
0
0
0
0
0
0
0
0
0
0
0
0
0
0
0
-0
-0
-0
-0
-0
-0
-0
-0
-0
-0
-0
-0
-0
-0
-0
-0
-0
-0
-0
-0
-0
-0
-0
-0
-0
-0
-0
-0
-0
-0
-0
-0
-0
-0
-0
-0
-0
-0
-0
-0
-0
-0
-0
-0
-0
-0
-0
-0
-0
-0
0
0
0
0
0
0
0
0
0
0
0
0
0
0
0
0
0
0
0
0
0
0
0
0
0
0
0
0
0
0
0
0
0
0
0
0
0
0
0
0
0
0
0
0
0
0
0
0
0
0
-0
-0
-0
-0
-0
-0
-0
-0
-0
-0
-0
-0
-0
-0
-0
-0
-0
-0
-0
-0
-0
-0
-0
-0
-0
-0
-0
-0
-0
-0
-0
-0
-0
-0
-0
-0
-0
-0
-0
-0
-0
-0
-0
-0
-0
-0
-0
-0
-0
-0
0
0
0
0
0
0
0
0
0
0
0
0
0
0
0
0
0
0
0
0
0
0
0
0
0
0
0
0
0
0
0
0
0
0
0
0
0
0
0
0
0
0
0
0
0
0
0
0
0
0
-0
-0
-0
-0
-0
-0
-0
-0
-0
-0
-0
-0
-0
-0
-0
-0
-0
-0
-0
-0
-0
-0
-0
-0
-0
-0
-0
-0
-0
-0
-0
-0
-0
-0
-0
-0
-0
-0
-0
-0
-0
-0
-0
-0
-0
-0
-0
-0
-0
0
0
0
0
0
0
0
0
0
0
0
0
0
0
0
0
0
0
0
0
0
0
0
0
0
0
0
0
0
0
0
0
0
0
0
0
0
0
0
0
0
0
0
0
0
0
0
0
0
0
0
-0
-0
-0
-0
-0
-0
-0
-0
-0
-0
-0
-0
-0
-0
-0
-0
-0
-0
-0
-0
-0
-0
-0
-0
-0
-0
-0
-0
-0
-0
-0
-0
-0
-0
-0
-0
-0
-0
-0
-0
-0
-0
-0
-0
-0
-0
-0
-0
-0
-0
3.2965e-08
1.316e-07
2.9513e-07
5.2225e-07
8.1117e-07
1.1596e-06
1.5647e-06
2.0234e-06
2.5318e-06
3.0859e-06
3.6811e-06
4.3126e-06
4.9752e-06
5.6633e-06
6.371e-06
7.0924e-06
7.821e-06
8.5506e-06
9.2745e-06
9.9861e-06
1.0679e-05
1.1345e-05
1.198e-05
1.2575e-05
1.3125e-05
1.3623e-05
1.4063e-05
1.444e-05
1.4747e-05
1.4979e-05
1.5132e-05
1.5201e-05
1.5182e-05
1.5071e-05
1.4866e-05
1.4563e-05
1.416e-05
1.3657e-05
1.3051e-05
1.2343e-05
1.1534e-05
1.0623e-05
9.612e-06
8.5037e-06
7.3005e-06
6.0059e-06
4.6236e-06
3.1584e-06
1.6153e-06
4.1158e-19
-1.6812e-06
-3.4216e-06
-5.2139e-06
-7.0504e-06
-8.9229e-06
-1.0823e-05
-1.2741e-05
-1.4669e-05
-1.6597e-05
-1.8515e-05
-2.0414e-05
-2.2282e-05
-2.4111e-05
-2.5889e-05
-2.7608e-05
-2.9256e-05
-3.0824e-05
-3.2302e-05
-3.3681e-05
-3.4951e-05
-3.6104e-05
-3.713e-05
-3.8023e-05
-3.8773e-05
-3.9375e-05
-3.9821e-05
-4.0106e-05
-4.0225e-05
-4.0172e-05
-3.9944e-05
-3.9539e-05
-3.8953e-05
-3.8185e-05
-3.7235e-05
-3.6102e-05
-3.4789e-05
-3.3296e-05
-3.1626e-05
-2.9784e-05
-2.7773e-05
-2.5599e-05
-2.3269e-05
-2.0789e-05
-1.8167e-05
-1.5412e-05
-1.2534e-05
-9.5424e-06
-6.4484e-06
-3.2635e-06
1.03e-19
3.3295e-06
6.7116e-06
1.0133e-05
1.3578e-05
1.7035e-05
2.0486e-05
2.3918e-05
2.7315e-05
3.0663e-05
3.3945e-05
3.7146e-05
4.0251e-05
4.3246e-05
4.6115e-05
4.8844e-05
5.142e-05
5.3827e-05
5.6054e-05
5.8088e-05
5.9917e-05
6.1529e-05
6.2915e-05
6.4066e-05
6.4972e-05
6.5625e-05
6.6019e-05
6.6149e-05
6.601e-05
6.5597e-05
6.491e-05
6.3945e-05
6.2705e-05
6.1188e-05
5.9398e-05
5.7339e-05
5.5015e-05
5.2431e-05
4.9595e-05
4.6516e-05
4.3202e-05
3.9665e-05
3.5915e-05
3.1965e-05
2.783e-05
2.3524e-05
1.9062e-05
1.4461e-05
9.7384e-06
4.9118e-06
6.9447e-19
-4.9777e-06
-1.0002e-05
-1.5051e-05
-2.0107e-05
-2.5146e-05
-3.0149e-05
-3.5095e-05
-3.9961e-05
-4.4728e-05
-4.9374e-05
-5.3878e-05
-5.8221e-05
-6.2381e-05
-6.6341e-05
-7.0081e-05
-7.3583e-05
-7.683e-05
-7.9806e-05
-8.2494e-05
-8.4882e-05
-8.6955e-05
-8.8701e-05
-9.0109e-05
-9.117e-05
-9.1875e-05
-9.2218e-05
-9.2192e-05
-9.1795e-05
-9.1023e-05
-8.9875e-05
-8.8352e-05
-8.6456e-05
-8.4191e-05
-8.1562e-05
-7.8576e-05
-7.5241e-05
-7.1566e-05
-6.7565e-05
-6.3248e-05
-5.8632e-05
-5.373e-05
-4.8561e-05
-4.3142e-05
-3.7493e-05
-3.1636e-05
-2.559e-05
-1.938e-05
-1.3028e-05
-6.56e-06
9.2635e-19
6.626e-06
1.3292e-05
1.997e-05
2.6635e-05
3.3258e-05
3.9813e-05
4.6272e-05
5.2608e-05
5.8794e-05
6.4803e-05
7.0611e-05
7.619e-05
8.1517e-05
8.6567e-05
9.1318e-05
9.5747e-05
9.9833e-05
0.00010356
0.0001069
0.00010985
0.00011238
0.00011449
0.00011615
0.00011737
0.00011812
0.00011842
0.00011824
0.00011758
0.00011645
0.00011484
0.00011276
0.00011021
0.00010719
0.00010373
9.9812e-05
9.5467e-05
9.0702e-05
8.5534e-05
7.9981e-05
7.4061e-05
6.7795e-05
6.1207e-05
5.4319e-05
4.7157e-05
3.9747e-05
3.2118e-05
2.4299e-05
1.6318e-05
8.2083e-06
2.5701e-19
-8.2742e-06
-1.6582e-05
-2.4889e-05
-3.3163e-05
-4.137e-05
-4.9476e-05
-5.7448e-05
-6.5254e-05
-7.2859e-05
-8.0233e-05
-8.7343e-05
-9.4159e-05
-0.00010065
-0.00010679
-0.00011255
-0.00011791
-0.00012284
-0.00012731
-0.00013131
-0.00013481
-0.00013781
-0.00014027
-0.00014219
-0.00014357
-0.00014437
-0.00014461
-0.00014428
-0.00014336
-0.00014187
-0.00013981
-0.00013717
-0.00013396
-0.0001302
-0.00012589
-0.00012105
-0.00011569
-0.00010984
-0.0001035
-9.6713e-05
-8.949e-05
-8.1861e-05
-7.3853e-05
-6.5495e-05
-5.682e-05
-4.7859e-05
-3.8646e-05
-2.9217e-05
-1.9608e-05
-9.8565e-06
2.4701e-18
9.9225e-06
1.9872e-05
2.9808e-05
3.9691e-05
4.9481e-05
5.9139e-05
6.8625e-05
7.79e-05
8.6925e-05
9.5662e-05
0.00010408
0.00011213
0.00011979
0.00012702
0.00013379
0.00014007
0.00014584
0.00015106
0.00015571
0.00015978
0.00016323
0.00016606
0.00016824
0.00016976
0.00017062
0.00017081
0.00017032
0.00016915
0.0001673
0.00016477
0.00016157
0.00015771
0.0001532
0.00014805
0.00014229
0.00013592
0.00012897
0.00012147
0.00011345
0.00010492
9.5926e-05
8.6499e-05
7.6672e-05
6.6483e-05
5.5971e-05
4.5175e-05
3.4136e-05
2.2898e-05
1.1505e-05
-9.008e-19
-1.1571e-05
-2.3162e-05
-3.4726e-05
-4.6219e-05
-5.7593e-05
-6.8802e-05
-7.9802e-05
-9.0546e-05
-0.00010099
-0.00011109
-0.00012081
-0.0001301
-0.00013892
-0.00014725
-0.00015503
-0.00016224
-0.00016884
-0.00017481
-0.00018012
-0.00018474
-0.00018866
-0.00019184
-0.00019428
-0.00019596
-0.00019688
-0.00019701
-0.00019636
-0.00019493
-0.00019272
-0.00018974
-0.00018598
-0.00018146
-0.0001762
-0.00017022
-0.00016352
-0.00015614
-0.00014811
-0.00013944
-0.00013018
-0.00012035
-0.00010999
-9.9145e-05
-8.7849e-05
-7.6147e-05
-6.4082e-05
-5.1703e-05
-3.9055e-05
-2.6188e-05
-1.3153e-05
-1.2344e-18
1.3219e-05
2.6452e-05
3.9645e-05
5.2747e-05
6.5705e-05
7.8466e-05
9.0978e-05
0.00010319
0.00011506
0.00012652
0.00013754
0.00014807
0.00015806
0.00016747
0.00017626
0.0001844
0.00019185
0.00019856
0.00020453
0.00020971
0.00021408
0.00021763
0.00022032
0.00022216
0.00022312
0.00022321
0.00022241
0.00022072
0.00021815
0.0002147
0.00021039
0.00020521
0.00019921
0.00019238
0.00018476
0.00017637
0.00016724
0.00015741
0.00014691
0.00013578
0.00012406
0.00011179
9.9026e-05
8.581e-05
7.2194e-05
5.8231e-05
4.3974e-05
2.9478e-05
1.4801e-05
-2.779e-18
-1.4867e-05
-2.9742e-05
-4.4564e-05
-5.9275e-05
-7.3816e-05
-8.8129e-05
-0.00010216
-0.00011584
-0.00012912
-0.00014195
-0.00015427
-0.00016604
-0.00017719
-0.0001877
-0.0001975
-0.00020656
-0.00021485
-0.00022232
-0.00022893
-0.00023467
-0.00023951
-0.00024341
-0.00024637
-0.00024836
-0.00024937
-0.00024941
-0.00024845
-0.0002465
-0.00024357
-0.00023967
-0.00023479
-0.00022897
-0.00022221
-0.00021454
-0.000206
-0.0001966
-0.00018638
-0.00017538
-0.00016364
-0.00015121
-0.00013812
-0.00012444
-0.0001102
-9.5473e-05
-8.0306e-05
-6.4759e-05
-4.8892e-05
-3.2768e-05
-1.645e-05
2.5731e-19
1.6417e-05
3.2703e-05
4.8794e-05
6.4628e-05
8.0144e-05
9.528e-05
0.00010998
0.00012418
0.00013784
0.0001509
0.00016331
0.00017502
0.000186
0.00019619
0.00020557
0.0002141
0.00022175
0.00022849
0.0002343
0.00023917
0.00024307
0.00024599
0.00024793
0.00024888
0.00024885
0.00024783
0.00024585
0.0002429
0.000239
0.00023417
0.00022845
0.00022184
0.00021439
0.00020612
0.00019708
0.00018729
0.00017681
0.00016568
0.00015394
0.00014164
0.00012884
0.00011558
0.00010193
8.7936e-05
7.3654e-05
5.9145e-05
4.4466e-05
2.9676e-05
1.4834e-05
-4.39e-18
-1.4768e-05
-2.9413e-05
-4.3875e-05
-5.81e-05
-7.2032e-05
-8.5617e-05
-9.8802e-05
-0.00011154
-0.00012378
-0.00013547
-0.00014658
-0.00015705
-0.00016686
-0.00017597
-0.00018433
-0.00019194
-0.00019875
-0.00020474
-0.0002099
-0.0002142
-0.00021764
-0.0002202
-0.00022189
-0.00022268
-0.0002226
-0.00022164
-0.0002198
-0.00021711
-0.00021357
-0.00020921
-0.00020404
-0.00019809
-0.00019139
-0.00018396
-0.00017584
-0.00016707
-0.00015768
-0.00014771
-0.00013721
-0.00012621
-0.00011477
-0.00010294
-9.0755e-05
-7.8272e-05
-6.5543e-05
-5.2617e-05
-3.9547e-05
-2.6386e-05
-1.3186e-05
1.6428e-18
1.312e-05
2.6123e-05
3.8957e-05
5.1572e-05
6.392e-05
7.5953e-05
8.7625e-05
9.8892e-05
0.00010971
0.00012004
0.00012984
0.00013908
0.00014773
0.00015574
0.0001631
0.00016977
0.00017574
0.00018099
0.00018549
0.00018924
0.00019222
0.00019442
0.00019584
0.00019649
0.00019635
0.00019544
0.00019376
0.00019132
0.00018815
0.00018424
0.00017963
0.00017434
0.00016838
0.00016179
0.0001546
0.00014684
0.00013854
0.00012974
0.00012047
0.00011078
0.00010071
9.0293e-05
7.9578e-05
6.8609e-05
5.7431e-05
4.6088e-05
3.4628e-05
2.3096e-05
1.1538e-05
5.383e-19
-1.1472e-05
-2.2833e-05
-3.4038e-05
-4.5044e-05
-5.5808e-05
-6.629e-05
-7.6449e-05
-8.6246e-05
-9.5645e-05
-0.00010461
-0.00011311
-0.00012111
-0.00012859
-0.00013551
-0.00014186
-0.00014761
-0.00015274
-0.00015724
-0.00016108
-0.00016427
-0.00016679
-0.00016863
-0.0001698
-0.00017029
-0.0001701
-0.00016924
-0.00016772
-0.00016554
-0.00016272
-0.00015928
-0.00015523
-0.00015059
-0.00014538
-0.00013963
-0.00013337
-0.00012661
-0.00011941
-0.00011177
-0.00010374
-9.5353e-05
-8.6643e-05
-7.7647e-05
-6.8401e-05
-5.8946e-05
-4.9319e-05
-3.956e-05
-2.9709e-05
-1.9806e-05
-9.8895e-06
2.308e-18
9.8236e-06
1.9543e-05
2.9119e-05
3.8516e-05
4.7697e-05
5.6627e-05
6.5272e-05
7.36e-05
8.158e-05
8.9182e-05
9.6379e-05
0.00010314
0.00010945
0.00011529
0.00012062
0.00012545
0.00012974
0.00013348
0.00013668
0.00013931
0.00014136
0.00014285
0.00014376
0.00014409
0.00014385
0.00014304
0.00014167
0.00013975
0.0001373
0.00013431
0.00013082
0.00012683
0.00012238
0.00011747
0.00011213
0.00010639
0.00010027
9.38e-05
8.7008e-05
7.9924e-05
7.2578e-05
6.5001e-05
5.7225e-05
4.9283e-05
4.1207e-05
3.3032e-05
2.4791e-05
1.6516e-05
8.2413e-06
-5.1278e-19
-8.1753e-06
-1.6253e-05
-2.42e-05
-3.1988e-05
-3.9585e-05
-4.6963e-05
-5.4095e-05
-6.0954e-05
-6.7514e-05
-7.3752e-05
-7.9646e-05
-8.5175e-05
-9.0319e-05
-9.5062e-05
-9.9388e-05
-0.00010328
-0.00010673
-0.00010973
-0.00011227
-0.00011434
-0.00011594
-0.00011706
-0.00011771
-0.00011789
-0.0001176
-0.00011684
-0.00011563
-0.00011397
-0.00011187
-0.00010935
-0.00010641
-0.00010308
-9.9373e-05
-9.5304e-05
-9.0893e-05
-8.6163e-05
-8.1134e-05
-7.5831e-05
-7.0276e-05
-6.4495e-05
-5.8512e-05
-5.2355e-05
-4.6048e-05
-3.9619e-05
-3.3096e-05
-2.6504e-05
-1.9872e-05
-1.3226e-05
-6.593e-06
2.2529e-18
6.5271e-06
1.2963e-05
1.9282e-05
2.546e-05
3.1473e-05
3.73e-05
4.2919e-05
4.8308e-05
5.3449e-05
5.8323e-05
6.2914e-05
6.7205e-05
7.1184e-05
7.4836e-05
7.8151e-05
8.1119e-05
8.3731e-05
8.5981e-05
8.7864e-05
8.9376e-05
9.0514e-05
9.1279e-05
9.1671e-05
9.1694e-05
9.135e-05
9.0646e-05
8.9588e-05
8.8185e-05
8.6446e-05
8.4382e-05
8.2006e-05
7.9331e-05
7.637e-05
7.314e-05
6.9656e-05
6.5937e-05
6.1999e-05
5.7861e-05
5.3544e-05
4.9065e-05
4.4447e-05
3.9709e-05
3.4871e-05
2.9956e-05
2.4984e-05
1.9976e-05
1.4953e-05
9.9358e-06
4.9448e-06
-8.4351e-19
-4.8788e-06
-9.6726e-06
-1.4363e-05
-1.8932e-05
-2.3362e-05
-2.7637e-05
-3.1742e-05
-3.5662e-05
-3.9383e-05
-4.2894e-05
-4.6181e-05
-4.9236e-05
-5.2048e-05
-5.461e-05
-5.6914e-05
-5.8955e-05
-6.0728e-05
-6.2229e-05
-6.3457e-05
-6.441e-05
-6.5089e-05
-6.5494e-05
-6.5628e-05
-6.5496e-05
-6.51e-05
-6.4448e-05
-6.3545e-05
-6.24e-05
-6.1021e-05
-5.9417e-05
-5.76e-05
-5.5579e-05
-5.3367e-05
-5.0976e-05
-4.842e-05
-4.5711e-05
-4.2863e-05
-3.9892e-05
-3.6811e-05
-3.3636e-05
-3.0381e-05
-2.7063e-05
-2.3695e-05
-2.0293e-05
-1.6872e-05
-1.3448e-05
-1.0034e-05
-6.6458e-06
-3.2965e-06
1.2869e-22
3.2306e-06
6.3826e-06
9.444e-06
1.2403e-05
1.525e-05
1.7974e-05
2.0565e-05
2.3016e-05
2.5318e-05
2.7464e-05
2.9449e-05
3.1267e-05
3.2913e-05
3.4384e-05
3.5678e-05
3.6792e-05
3.7725e-05
3.8478e-05
3.9051e-05
3.9445e-05
3.9663e-05
3.9709e-05
3.9585e-05
3.9297e-05
3.885e-05
3.8249e-05
3.7502e-05
3.6615e-05
3.5595e-05
3.4452e-05
3.3193e-05
3.1827e-05
3.0364e-05
2.8813e-05
2.7183e-05
2.5485e-05
2.3728e-05
2.1923e-05
2.0079e-05
1.8207e-05
1.6316e-05
1.4416e-05
1.2518e-05
1.063e-05
8.7606e-06
6.9198e-06
5.1155e-06
3.3558e-06
1.6483e-06
-4.5388e-19
-1.5823e-06
-3.0926e-06
-4.5253e-06
-5.8753e-06
-7.1383e-06
-8.3104e-06
-9.3884e-06
-1.037e-05
-1.1252e-05
-1.2035e-05
-1.2717e-05
-1.3297e-05
-1.3778e-05
-1.4158e-05
-1.4441e-05
-1.4628e-05
-1.4722e-05
-1.4726e-05
-1.4644e-05
-1.448e-05
-1.4238e-05
-1.3924e-05
-1.3542e-05
-1.3099e-05
-1.26e-05
-1.2051e-05
-1.1459e-05
-1.083e-05
-1.017e-05
-9.4868e-06
-8.7864e-06
-8.0756e-06
-7.361e-06
-6.6491e-06
-5.9463e-06
-5.2588e-06
-4.5925e-06
-3.9533e-06
-3.3465e-06
-2.7773e-06
-2.2505e-06
-1.7704e-06
-1.3412e-06
-9.6633e-07
-6.4894e-07
-3.9169e-07
-1.9675e-07
-6.58e-08
-0
-0
0
0
0
0
0
0
0
0
0
0
0
0
0
0
0
0
0
0
0
0
0
0
0
0
0
0
0
0
0
0
0
0
0
0
0
0
0
0
0
0
0
0
0
0
0
0
0
0
0
0
-0
-0
-0
-0
-0
-0
-0
-0
-0
-0
-0
-0
-0
-0
-0
-0
-0
-0
-0
-0
-0
-0
-0
-0
-0
-0
-0
-0
-0
-0
-0
-0
-0
-0
-0
-0
-0
-0
-0
-0
-0
-0
-0
-0
-0
-0
-0
-0
-0
-0
0
0
0
0
0
0
0
0
0
0
0
0
0
0
0
0
0
0
0
0
0
0
0
0
0
0
0
0
0
0
0
0
0
0
0
0
0
0
0
0
0
0
0
0
0
0
0
0
0
0
-0
-0
-0
-0
-0
-0
-0
-0
-0
-0
-0
-0
-0
-0
-0
-0
-0
-0
-0
-0
-0
-0
-0
-0
-0
-0
-0
-0
-0
-0
-0
-0
-0
-0
-0
-0
-0
-0
-0
-0
-0
-0
-0
-0
-0
-0
-0
-0
-0
-0
0
0
0
0
0
0
0
0
0
0
0
0
0
0
0
0
0
0
0
0
0
0
0
0
0
0
0
0
0
0
0
0
0
0
0
0
0
0
0
0
0
0
0
0
0
0
0
0
0
0
-0
-0
-0
-0
-0
-0
-0
-0
-0
-0
-0
-0
-0
-0
-0
-0
-0
-0
-0
-0
-0
-0
-0
-0
-0
-0
-0
-0
-0
-0
-0
-0
-0
-0
-0
-0
-0
-0
-0
-0
-0
-0
-0
-0
-0
-0
-0
-0
-0
-0
0
0
0
0
0
0
0
0
0
0
0
0
0
0
0
0
0
0
0
0
0
0
0
0
0
0
0
0
0
0
0
0
0
0
0
0
0
0
0
0
0
0
0
0
0
0
0
0
0
0
-0
-0
-0
-0
-0
-0
-0
-0
-0
-0
-0
-0
-0
-0
-0
-0
-0
-0
-0
-0
-0
-0
-0
-0
-0
-0
-0
-0
-0
-0
-0
-0
-0
-0
-0
-0
-0
-0
-0
-0
-0
-0
-0
-0
-0
-0
-0
-0
-0
-0
0
0
0
0
0
0
0
0
0
0
0
0
0
0
0
0
0
0
0
0
0
0
0
0
0
0
0
0
0
0
0
0
0
0
0
0
0
0
0
0
0
0
0
0
0
0
0
0
0
0
-0
-0
-0
-0
-0
-0
-0
-0
-0
-0
-0
-0
-0
-0
-0
-0
-0
-0
-0
-0
-0
-0
-0
-0
-0
-0
-0
-0
-0
-0
-0
-0
-0
-0
-0
-0
-0
-0
-0
-0
-0
-0
-0
-0
-0
-0
-0
-0
-0
-0
0
0
0
0
0
0
0
0
0
0
0
0
0
0
0
0
0
0
0
0
0
0
0
0
0
0
0
0
0
0
0
0
0
0
0
0
0
0
0
0
0
0
0
0
0
0
0
0
0
-0
-0
-0
-0
-0
-0
-0
-0
-0
-0
-0
-0
-0
-0
-0
-0
-0
-0
-0
-0
-0
-0
-0
-0
-0
-0
-0
-0
-0
-0
-0
-0
-0
-0
-0
-0
-0
-0
-0
-0
-0
-0
-0
-0
-0
-0
-0
-0
-0
-0
-0
0
0
0
0
0
0
0
0
0
0
0
0
0
0
0
0
0
0
0
0
0
0
0
0
0
0
0
0
0
0
0
0
0
0
0
0
0
0
0
0
0
0
0
0
0
0
0
0
0
0
-0
-0
-0
-0
-0
-0
-0
-0
-0
-0
-0
-0
-0
-0
-0
-0
-0
-0
-0
-0
-0
-0
-0
-0
-0
-0
-0
-0
-0
-0
-0
-0
-0
-0
-0
-0
-0
-0
-0
-0
-0
-0
-0
-0
-0
-0
-0
-0
-0
-0
0
0
0
0
0
0
0
0
0
0
0
0
0
0
0
0
0
0
0
0
0
0
0
0
0
0
0
0
0
0
0
0
0
0
0
0
0
0
0
0
0
0
0
0
0
0
0
0
0
0
-0
-0
-0
-0
-0
-0
-0
-0
-0
-0
-0
-0
-0
-0
-0
-0
-0
-0
-0
-0
-0
-0
-0
-0
-0
-0
-0
-0
-0
-0
-0
-0
-0
-0
-0
-0
-0
-0
-0
-0
-0
-0
-0
-0
-0
-0
-0
-0
-0
0
0
0
0
0
0
0
0
0
0
0
0
0
0
0
0
0
0
0
0
0
0
0
0
0
0
0
0
0
0
0
0
0
0
0
0
0
0
0
0
0
0
0
0
0
0
0
0
0
0
0
-0
-0
-0
-0
-0
-0
-0
-0
-0
-0
-0
-0
-0
-0
-0
-0
-0
-0
-0
-0
-0
-0
-0
-0
-0
-0
-0
-0
-0
-0
-0
-0
-0
-0
-0
-0
-0
-0
-0
-0
-0
-0
-0
-0
-0
-0
-0
-0
-0
-0
0
0
0
0
0
0
0
0
0
0
0
0
0
0
0
0
0
0
0
0
0
0
0
0
0
0
0
0
0
0
0
0
0
0
0
0
0
0
0
0
0
0
0
0
0
0
0
0
0
-0
-0
-0
-0
-0
-0
-0
-0
-0
-0
-0
-0
-0
-0
-0
-0
-0
-0
-0
-0
-0
-0
-0
-0
-0
-0
-0
-0
-0
-0
-0
-0
-0
-0
-0
-0
-0
-0
-0
-0
-0
-0
-0
-0
-0
-0
-0
-0
-0
-0
-0
0
0
0
0
0
0
0
0
0
0
0
0
0
0
0
0
0
0
0
0
0
0
0
0
0
0
0
0
0
0
0
0
0
0
0
0
0
0
0
0
0
0
0
0
0
0
0
0
0
0
-0
-0
-0
-0
-0
-0
-0
-0
-0
-0
-0
-0
-0
-0
-0
-0
-0
-0
-0
-0
-0
-0
-0
-0
-0
-0
-0
-0
-0
-0
-0
-0
-0
-0
-0
-0
-0
-0
-0
-0
-0
-0
-0
-0
-0
-0
-0
-0
-0
-0
0
0
0
0
0
0
0
0
0
0
0
0
0
0
0
0
0
0
0
0
0
0
0
0
0
0
0
0
0
0
0
0
0
0
0
0
0
0
0
0
0
0
0
0
0
0
0
0
0
-0
-0
-0
-0
-0
-0
-0
-0
-0
-0
-0
-0
-0
-0
-0
-0
-0
-0
-0
-0
-0
-0
-0
-0
-0
-0
-0
-0
-0
-0
-0
-0
-0
-0
-0
-0
-0
-0
-0
-0
-0
-0
-0
-0
-0
-0
-0
-0
-0
-0
0
0
0
0
0
0
0
0
0
0
0
0
0
0
0
0
0
0
0
0
0
0
0
0
0
0
0
0
0
0
0
0
0
0
0
0
0
0
0
0
0
0
0
0
0
0
0
0
0
0
0
-0
-0
-0
-0
-0
-0
-0
-0
-0
-0
-0
-0
-0
-0
-0
-0
-0
-0
-0
-0
-0
-0
-0
-0
-0
-0
-0
-0
-0
-0
-0
-0
-0
-0
-0
-0
-0
-0
-0
-0
-0
-0
-0
-0
-0
-0
-0
-0
-0
-0
0
0
0
0
0
0
0
0
0
0
0
0
0
0
0
0
0
0
0
0
0
0
0
0
0
0
0
0
0
0
0
0
0
0
0
0
0
0
0
0
0
0
0
0
0
0
0
0
0
-0
-0
-0
-0
-0
-0
-0
-0
-0
-0
-0
-0
-0
-0
-0
-0
-0
-0
-0
-0
-0
-0
-0
-0
-0
-0
-0
-0
-0
-0
-0
-0
-0
-0
-0
-0
-0
-0
-0
-0
-0
-0
-0
-0
-0
-0
-0
-0
-0
-0
0
0
0
0
0
0
0
0
0
0
0
0
0
0
0
0
0
0
0
0
0
0
0
0
0
0
0
0
0
0
0
0
0
0
0
0
0
0
0
0
0
0
0
0
0
0
0
0
0
0
-0
-0
-0
-0
-0
-0
-0
-0
-0
-0
-0
-0
-0
-0
-0
-0
-0
-0
-0
-0
-0
-0
-0
-0
-0
-0
-0
-0
-0
-0
-0
-0
-0
-0
-0
-0
-0
-0
-0
-0
-0
-0
-0
-0
-0
-0
-0
-0
-0
-0
-0
0
0
0
0
0
0
0
0
0
0
0
0
0
0
0
0
0
0
0
0
0
0
0
0
0
0
0
0
0
0
0
0
0
0
0
0
0
0
0
0
0
0
0
0
0
0
0
0
0
0
-0
-0
-0
-0
-0
-0
-0
-0
-0
-0
-0
-0
-0
-0
-0
-0
-0
-0
-0
-0
-0
-0
-0
-0
-0
-0
-0
-0
-0
-0
-0
-0
-0
-0
-0
-0
-0
-0
-0
-0
-0
-0
-0
-0
-0
-0
-0
-0
-0
0
0
0
0
0
0
0
0
0
0
0
0
0
0
0
0
0
0
0
0
0
0
0
0
0
0
0
0
0
0
0
0
0
0
0
0
0
0
0
0
0
0
0
0
0
0
0
0
0
0
-0
-0
-0
-0
-0
-0
-0
-0
-0
-0
-0
-0
-0
-0
-0
-0
-0
-0
-0
-0
-0
-0
-0
-0
-0
-0
-0
-0
-0
-0
-0
-0
-0
-0
-0
-0
-0
-0
-0
-0
-0
-0
-0
-0
-0
-0
-0
-0
-0
-0
0
0
0
0
0
0
0
0
0
0
0
0
0
0
0
0
0
0
0
0
0
0
0
0
0
0
0
0
0
0
0
0
0
0
0
0
0
0
0
0
0
0
0
0
0
0
0
0
0
0
0
-0
-0
-0
-0
-0
-0
-0
-0
-0
-0
-0
-0
-0
-0
-0
-0
-0
-0
-0
-0
-0
-0
-0
-0
-0
-0
-0
-0
-0
-0
-0
-0
-0
-0
-0
-0
-0
-0
-0
-0
-0
-0
-0
-0
-0
-0
-0
-0
-0
-0
0
0
0
0
0
0
0
0
0
0
0
0
0
0
0
0
0
0
0
0
0
0
0
0
0
0
0
0
0
0
0
0
0
0
0
0
0
0
0
0
0
0
0
0
0
0
0
0
0
-0
-0
-0
-0
-0
-0
-0
-0
-0
-0
-0
-0
-0
-0
-0
-0
-0
-0
-0
-0
-0
-0
-0
-0
-0
-0
-0
-0
-0
-0
-0
-0
-0
-0
-0
-0
-0
-0
-0
-0
-0
-0
-0
-0
-0
-0
-0
-0
-0
-0
0
0
0
0
0
0
0
0
0
0
0
0
0
0
0
0
0
0
0
0
0
0
0
0
0
0
0
0
0
0
0
0
0
0
0
0
0
0
0
0
0
0
0
0
0
0
0
0
0
0
-0
-0
-0
-0
-0
-0
-0
-0
-0
-0
-0
-0
-0
-0
-0
-0
-0
-0
-0
-0
-0
-0
-0
-0
-0
-0
-0
-0
-0
-0
-0
-0
-0
-0
-0
-0
-0
-0
-0
-0
-0
-0
-0
-0
-0
-0
-0
-0
-0
-0
0
0
0
0
0
0
0
0
0
0
0
0
0
0
0
0
0
0
0
0
0
0
0
0
0
0
0
0
0
0
0
0
0
0
0
0
0
0
0
0
0
0
0
0
0
0
0
0
0
0
0
-0
-0
-0
-0
-0
-0
-0
-0
-0
-0
-0
-0
-0
-0
-0
-0
-0
-0
-0
-0
-0
-0
-0
-0
-0
-0
-0
-0
-0
-0
-0
-0
-0
-0
-0
-0
-0
-0
-0
-0
-0
-0
-0
-0
-0
-0
-0
-0
-0
-0
0
0
0
0
0
0
0
0
0
0
0
0
0
0
0
0
0
0
0
0
0
0
0
0
0
0
0
0
0
0
0
0
0
0
0
0
0
0
0
0
0
0
0
0
0
0
0
0
0
0
-0
-0
-0
-0
-0
-0
-0
-0
-0
-0
-0
-0
-0
-0
-0
-0
-0
-0
-0
-0
-0
-0
-0
-0
-0
-0
-0
-0
-0
-0
-0
-0
-0
-0
-0
-0
-0
-0
-0
-0
-0
-0
-0
-0
-0
-0
-0
-0
-0
0
0
0
0
0
0
0
0
0
0
0
0
0
0
0
0
0
0
0
0
0
0
0
0
0
0
0
0
0
0
0
0
0
0
0
0
0
0
0
0
0
0
0
0
0
0
0
0
0
0
-0
-0
-0
-0
-0
-0
-0
-0
-0
-0
-0
-0
-0
-0
-0
-0
-0
-0
-0
-0
-0
-0
-0
-0
-0
-0
-0
-0
-0
-0
-0
-0
-0
-0
-0
-0
-0
-0
-0
-0
-0
-0
-0
-0
-0
-0
-0
-0
-0
-0
-0
0
0
0
0
0
0
0
0
0
0
0
0
0
0
0
0
0
0
0
0
0
0
0
0
0
0
0
0
0
0
0
0
0
0
0
0
0
0
0
0
0
0
0
0
0
0
0
0
0
0
-0
-0
-0
-0
-0
-0
-0
-0
-0
-0
-0
-0
-0
-0
-0
-0
-0
-0
-0
-0
-0
-0
-0
-0
-0
-0
-0
-0
-0
-0
-0
-0
-0
-0
-0
-0
-0
-0
-0
-0
-0
-0
-0
-0
-0
-0
-0
-0
-0
-0
0
0
0
0
0
0
0
0
0
0
0
0
0
0
0
0
0
0
0
0
0
0
0
0
0
0
0
0
0
0
0
0
0
0
0
0
0
0
0
0
0
0
0
0
0
0
0
0
0
-0
-0
-0
-0
-0
-0
-0
-0
-0
-0
-0
-0
-0
-0
-0
-0
-0
-0
-0
-0
-0
-0
-0
-0
-0
-0
-0
-0
-0
-0
-0
-0
-0
-0
-0
-0
-0
-0
-0
-0
-0
-0
-0
-0
-0
-0
-0
-0
-0
-0
0
0
0
0
0
0
0
0
0
0
0
0
0
0
0
0
0
0
0
0
0
0
0
0
0
0
0
0
0
0
0
0
0
0
0
0
0
0
0
0
0
0
0
0
0
0
0
0
0
0
0
-0
-0
-0
-0
-0
-0
-0
-0
-0
-0
-0
-0
-0
-0
-0
-0
-0
-0
-0
-0
-0
-0
-0
-0
-0
-0
-0
-0
-0
-0
-0
-0
-0
-0
-0
-0
-0
-0
-0
-0
-0
-0
-0
-0
-0
-0
-0
-0
-0
-0
0
0
0
0
0
0
0
0
0
0
0
0
0
0
0
0
0
0
0
0
0
0
0
0
0
0
0
0
0
0
0
0
0
0
0
0
0
0
0
0
0
0
0
0
0
0
0
0
0
0
-0
-0
-0
-0
-0
-0
-0
-0
-0
-0
-0
-0
-0
-0
-0
-0
-0
-0
-0
-0
-0
-0
-0
-0
-0
-0
-0
-0
-0
-0
-0
-0
-0
-0
-0
-0
-0
-0
-0
-0
-0
-0
-0
-0
-0
-0
-0
-0
-0
0
0
0
0
0
0
0
0
0
0
0
0
0
0
0
0
0
0
0
0
0
0
0
0
0
0
0
0
0
0
0
0
0
0
0
0
0
0
0
0
0
0
0
0
0
0
0
0
0
0
-0
-0
-0
-0
-0
-0
-0
-0
-0
-0
-0
-0
-0
-0
-0
-0
-0
-0
-0
-0
-0
-0
-0
-0
-0
-0
-0
-0
-0
-0
-0
-0
-0
-0
-0
-0
-0
-0
-0
-0
-0
-0
-0
-0
-0
-0
-0
-0
-0
-0
0
3.2965e-08
1.316e-07
2.9513e-07
5.2225e-07
8.1117e-07
1.1596e-06
1.5647e-06
2.0234e-06
2.5318e-06
3.0859e-06
3.6811e-06
4.3126e-06
4.9752e-06
5.6633e-06
6.371e-06
7.0924e-06
7.821e-06
8.5506e-06
9.2745e-06
9.9861e-06
1.0679e-05
1.1345e-05
1.198e-05
1.2575e-05
1.3125e-05
1.3623e-05
1.4063e-05
1.444e-05
1.4747e-05
1.4979e-05
1.5132e-05
1.5201e-05
1.5182e-05
1.5071e-05
1.4866e-05
1.4563e-05
1.416e-05
1.3657e-05
1.3051e-05
1.2343e-05
1.1534e-05
1.0623e-05
9.612e-06
8.5037e-06
7.3005e-06
6.0059e-06
4.6236e-06
3.1584e-06
1.6153e-06
2.8286e-19
-1.6812e-06
-3.4216e-06
-5.2139e-06
-7.0504e-06
-8.9229e-06
-1.0823e-05
-1.2741e-05
-1.4669e-05
-1.6597e-05
-1.8515e-05
-2.0414e-05
-2.2282e-05
-2.4111e-05
-2.5889e-05
-2.7608e-05
-2.9256e-05
-3.0824e-05
-3.2302e-05
-3.3681e-05
-3.4951e-05
-3.6104e-05
-3.713e-05
-3.8023e-05
-3.8773e-05
-3.9375e-05
-3.9821e-05
-4.0106e-05
-4.0225e-05
-4.0172e-05
-3.9944e-05
-3.9539e-05
-3.8953e-05
-3.8185e-05
-3.7235e-05
-3.6102e-05
-3.4789e-05
-3.3296e-05
-3.1626e-05
-2.9784e-05
-2.7773e-05
-2.5599e-05
-2.3269e-05
-2.0789e-05
-1.8167e-05
-1.5412e-05
-1.2534e-05
-9.5424e-06
-6.4484e-06
-3.2635e-06
1.8526e-18
3.3295e-06
6.7116e-06
1.0133e-05
1.3578e-05
1.7035e-05
2.0486e-05
2.3918e-05
2.7315e-05
3.0663e-05
3.3945e-05
3.7146e-05
4.0251e-05
4.3246e-05
4.6115e-05
4.8844e-05
5.142e-05
5.3827e-05
5.6054e-05
5.8088e-05
5.9917e-05
6.1529e-05
6.2915e-05
6.4066e-05
6.4972e-05
6.5625e-05
6.6019e-05
6.6149e-05
6.601e-05
6.5597e-05
6.491e-05
6.3945e-05
6.2705e-05
6.1188e-05
5.9398e-05
5.7339e-05
5.5015e-05
5.2431e-05
4.9595e-05
4.6516e-05
4.3202e-05
3.9665e-05
3.5915e-05
3.1965e-05
2.783e-05
2.3524e-05
1.9062e-05
1.4461e-05
9.7384e-06
4.9118e-06
-1.9299e-18
-4.9777e-06
-1.0002e-05
-1.5051e-05
-2.0107e-05
-2.5146e-05
-3.0149e-05
-3.5095e-05
-3.9961e-05
-4.4728e-05
-4.9374e-05
-5.3878e-05
-5.8221e-05
-6.2381e-05
-6.6341e-05
-7.0081e-05
-7.3583e-05
-7.683e-05
-7.9806e-05
-8.2494e-05
-8.4882e-05
-8.6955e-05
-8.8701e-05
-9.0109e-05
-9.117e-05
-9.1875e-05
-9.2218e-05
-9.2192e-05
-9.1795e-05
-9.1023e-05
-8.9875e-05
-8.8352e-05
-8.6456e-05
-8.4191e-05
-8.1562e-05
-7.8576e-05
-7.5241e-05
-7.1566e-05
-6.7565e-05
-6.3248e-05
-5.8632e-05
-5.373e-05
-4.8561e-05
-4.3142e-05
-3.7493e-05
-3.1636e-05
-2.559e-05
-1.938e-05
-1.3028e-05
-6.56e-06
-4.5273e-18
6.626e-06
1.3292e-05
1.997e-05
2.6635e-05
3.3258e-05
3.9813e-05
4.6272e-05
5.2608e-05
5.8794e-05
6.4803e-05
7.0611e-05
7.619e-05
8.1517e-05
8.6567e-05
9.1318e-05
9.5747e-05
9.9833e-05
0.00010356
0.0001069
0.00010985
0.00011238
0.00011449
0.00011615
0.00011737
0.00011812
0.00011842
0.00011824
0.00011758
0.00011645
0.00011484
0.00011276
0.00011021
0.00010719
0.00010373
9.9812e-05
9.5467e-05
9.0702e-05
8.5534e-05
7.9981e-05
7.4061e-05
6.7795e-05
6.1207e-05
5.4319e-05
4.7157e-05
3.9747e-05
3.2118e-05
2.4299e-05
1.6318e-05
8.2083e-06
7.0741e-18
-8.2742e-06
-1.6582e-05
-2.4889e-05
-3.3163e-05
-4.137e-05
-4.9476e-05
-5.7448e-05
-6.5254e-05
-7.2859e-05
-8.0233e-05
-8.7343e-05
-9.4159e-05
-0.00010065
-0.00010679
-0.00011255
-0.00011791
-0.00012284
-0.00012731
-0.00013131
-0.00013481
-0.00013781
-0.00014027
-0.00014219
-0.00014357
-0.00014437
-0.00014461
-0.00014428
-0.00014336
-0.00014187
-0.00013981
-0.00013717
-0.00013396
-0.0001302
-0.00012589
-0.00012105
-0.00011569
-0.00010984
-0.0001035
-9.6713e-05
-8.949e-05
-8.1861e-05
-7.3853e-05
-6.5495e-05
-5.682e-05
-4.7859e-05
-3.8646e-05
-2.9217e-05
-1.9608e-05
-9.8565e-06
-1.0187e-17
9.9225e-06
1.9872e-05
2.9808e-05
3.9691e-05
4.9481e-05
5.9139e-05
6.8625e-05
7.79e-05
8.6925e-05
9.5662e-05
0.00010408
0.00011213
0.00011979
0.00012702
0.00013379
0.00014007
0.00014584
0.00015106
0.00015571
0.00015978
0.00016323
0.00016606
0.00016824
0.00016976
0.00017062
0.00017081
0.00017032
0.00016915
0.0001673
0.00016477
0.00016157
0.00015771
0.0001532
0.00014805
0.00014229
0.00013592
0.00012897
0.00012147
0.00011345
0.00010492
9.5926e-05
8.6499e-05
7.6672e-05
6.6483e-05
5.5971e-05
4.5175e-05
3.4136e-05
2.2898e-05
1.1505e-05
3.4207e-18
-1.1571e-05
-2.3162e-05
-3.4726e-05
-4.6219e-05
-5.7593e-05
-6.8802e-05
-7.9802e-05
-9.0546e-05
-0.00010099
-0.00011109
-0.00012081
-0.0001301
-0.00013892
-0.00014725
-0.00015503
-0.00016224
-0.00016884
-0.00017481
-0.00018012
-0.00018474
-0.00018866
-0.00019184
-0.00019428
-0.00019596
-0.00019688
-0.00019701
-0.00019636
-0.00019493
-0.00019272
-0.00018974
-0.00018598
-0.00018146
-0.0001762
-0.00017022
-0.00016352
-0.00015614
-0.00014811
-0.00013944
-0.00013018
-0.00012035
-0.00010999
-9.9145e-05
-8.7849e-05
-7.6147e-05
-6.4082e-05
-5.1703e-05
-3.9055e-05
-2.6188e-05
-1.3153e-05
-1.811e-17
1.3219e-05
2.6452e-05
3.9645e-05
5.2747e-05
6.5705e-05
7.8466e-05
9.0978e-05
0.00010319
0.00011506
0.00012652
0.00013754
0.00014807
0.00015806
0.00016747
0.00017626
0.0001844
0.00019185
0.00019856
0.00020453
0.00020971
0.00021408
0.00021763
0.00022032
0.00022216
0.00022312
0.00022321
0.00022241
0.00022072
0.00021815
0.0002147
0.00021039
0.00020521
0.00019921
0.00019238
0.00018476
0.00017637
0.00016724
0.00015741
0.00014691
0.00013578
0.00012406
0.00011179
9.9026e-05
8.581e-05
7.2194e-05
5.8231e-05
4.3974e-05
2.9478e-05
1.4801e-05
9.4918e-18
-1.4867e-05
-2.9742e-05
-4.4564e-05
-5.9275e-05
-7.3816e-05
-8.8129e-05
-0.00010216
-0.00011584
-0.00012912
-0.00014195
-0.00015427
-0.00016604
-0.00017719
-0.0001877
-0.0001975
-0.00020656
-0.00021485
-0.00022232
-0.00022893
-0.00023467
-0.00023951
-0.00024341
-0.00024637
-0.00024836
-0.00024937
-0.00024941
-0.00024845
-0.0002465
-0.00024357
-0.00023967
-0.00023479
-0.00022897
-0.00022221
-0.00021454
-0.000206
-0.0001966
-0.00018638
-0.00017538
-0.00016364
-0.00015121
-0.00013812
-0.00012444
-0.0001102
-9.5473e-05
-8.0306e-05
-6.4759e-05
-4.8892e-05
-3.2768e-05
-1.645e-05
-1.335e-17
1.6417e-05
3.2703e-05
4.8794e-05
6.4628e-05
8.0144e-05
9.528e-05
0.00010998
0.00012418
0.00013784
0.0001509
0.00016331
0.00017502
0.000186
0.00019619
0.00020557
0.0002141
0.00022175
0.00022849
0.0002343
0.00023917
0.00024307
0.00024599
0.00024793
0.00024888
0.00024885
0.00024783
0.00024585
0.0002429
0.000239
0.00023417
0.00022845
0.00022184
0.00021439
0.00020612
0.00019708
0.00018729
0.00017681
0.00016568
0.00015394
0.00014164
0.00012884
0.00011558
0.00010193
8.7936e-05
7.3654e-05
5.9145e-05
4.4466e-05
2.9676e-05
1.4834e-05
1.4553e-17
-1.4768e-05
-2.9413e-05
-4.3875e-05
-5.81e-05
-7.2032e-05
-8.5617e-05
-9.8802e-05
-0.00011154
-0.00012378
-0.00013547
-0.00014658
-0.00015705
-0.00016686
-0.00017597
-0.00018433
-0.00019194
-0.00019875
-0.00020474
-0.0002099
-0.0002142
-0.00021764
-0.0002202
-0.00022189
-0.00022268
-0.0002226
-0.00022164
-0.0002198
-0.00021711
-0.00021357
-0.00020921
-0.00020404
-0.00019809
-0.00019139
-0.00018396
-0.00017584
-0.00016707
-0.00015768
-0.00014771
-0.00013721
-0.00012621
-0.00011477
-0.00010294
-9.0755e-05
-7.8272e-05
-6.5543e-05
-5.2617e-05
-3.9547e-05
-2.6386e-05
-1.3186e-05
-3.2836e-18
1.312e-05
2.6123e-05
3.8957e-05
5.1572e-05
6.392e-05
7.5953e-05
8.7625e-05
9.8892e-05
0.00010971
0.00012004
0.00012984
0.00013908
0.00014773
0.00015574
0.0001631
0.00016977
0.00017574
0.00018099
0.00018549
0.00018924
0.00019222
0.00019442
0.00019584
0.00019649
0.00019635
0.00019544
0.00019376
0.00019132
0.00018815
0.00018424
0.00017963
0.00017434
0.00016838
0.00016179
0.0001546
0.00014684
0.00013854
0.00012974
0.00012047
0.00011078
0.00010071
9.0293e-05
7.9578e-05
6.8609e-05
5.7431e-05
4.6088e-05
3.4628e-05
2.3096e-05
1.1538e-05
1.5263e-17
-1.1472e-05
-2.2833e-05
-3.4038e-05
-4.5044e-05
-5.5808e-05
-6.629e-05
-7.6449e-05
-8.6246e-05
-9.5645e-05
-0.00010461
-0.00011311
-0.00012111
-0.00012859
-0.00013551
-0.00014186
-0.00014761
-0.00015274
-0.00015724
-0.00016108
-0.00016427
-0.00016679
-0.00016863
-0.0001698
-0.00017029
-0.0001701
-0.00016924
-0.00016772
-0.00016554
-0.00016272
-0.00015928
-0.00015523
-0.00015059
-0.00014538
-0.00013963
-0.00013337
-0.00012661
-0.00011941
-0.00011177
-0.00010374
-9.5353e-05
-8.6643e-05
-7.7647e-05
-6.8401e-05
-5.8946e-05
-4.9319e-05
-3.956e-05
-2.9709e-05
-1.9806e-05
-9.8895e-06
-5.8452e-18
9.8236e-06
1.9543e-05
2.9119e-05
3.8516e-05
4.7697e-05
5.6627e-05
6.5272e-05
7.36e-05
8.158e-05
8.9182e-05
9.6379e-05
0.00010314
0.00010945
0.00011529
0.00012062
0.00012545
0.00012974
0.00013348
0.00013668
0.00013931
0.00014136
0.00014285
0.00014376
0.00014409
0.00014385
0.00014304
0.00014167
0.00013975
0.0001373
0.00013431
0.00013082
0.00012683
0.00012238
0.00011747
0.00011213
0.00010639
0.00010027
9.38e-05
8.7008e-05
7.9924e-05
7.2578e-05
6.5001e-05
5.7225e-05
4.9283e-05
4.1207e-05
3.3032e-05
2.4791e-05
1.6516e-05
8.2413e-06
6.2771e-18
-8.1753e-06
-1.6253e-05
-2.42e-05
-3.1988e-05
-3.9585e-05
-4.6963e-05
-5.4095e-05
-6.0954e-05
-6.7514e-05
-7.3752e-05
-7.9646e-05
-8.5175e-05
-9.0319e-05
-9.5062e-05
-9.9388e-05
-0.00010328
-0.00010673
-0.00010973
-0.00011227
-0.00011434
-0.00011594
-0.00011706
-0.00011771
-0.00011789
-0.0001176
-0.00011684
-0.00011563
-0.00011397
-0.00011187
-0.00010935
-0.00010641
-0.00010308
-9.9373e-05
-9.5304e-05
-9.0893e-05
-8.6163e-05
-8.1134e-05
-7.5831e-05
-7.0276e-05
-6.4495e-05
-5.8512e-05
-5.2355e-05
-4.6048e-05
-3.9619e-05
-3.3096e-05
-2.6504e-05
-1.9872e-05
-1.3226e-05
-6.593e-06
-6.1429e-18
6.5271e-06
1.2963e-05
1.9282e-05
2.546e-05
3.1473e-05
3.73e-05
4.2919e-05
4.8308e-05
5.3449e-05
5.8323e-05
6.2914e-05
6.7205e-05
7.1184e-05
7.4836e-05
7.8151e-05
8.1119e-05
8.3731e-05
8.5981e-05
8.7864e-05
8.9376e-05
9.0514e-05
9.1279e-05
9.1671e-05
9.1694e-05
9.135e-05
9.0646e-05
8.9588e-05
8.8185e-05
8.6446e-05
8.4382e-05
8.2006e-05
7.9331e-05
7.637e-05
7.314e-05
6.9656e-05
6.5937e-05
6.1999e-05
5.7861e-05
5.3544e-05
4.9065e-05
4.4447e-05
3.9709e-05
3.4871e-05
2.9956e-05
2.4984e-05
1.9976e-05
1.4953e-05
9.9358e-06
4.9448e-06
9.962e-19
-4.8788e-06
-9.6726e-06
-1.4363e-05
-1.8932e-05
-2.3362e-05
-2.7637e-05
-3.1742e-05
-3.5662e-05
-3.9383e-05
-4.2894e-05
-4.6181e-05
-4.9236e-05
-5.2048e-05
-5.461e-05
-5.6914e-05
-5.8955e-05
-6.0728e-05
-6.2229e-05
-6.3457e-05
-6.441e-05
-6.5089e-05
-6.5494e-05
-6.5628e-05
-6.5496e-05
-6.51e-05
-6.4448e-05
-6.3545e-05
-6.24e-05
-6.1021e-05
-5.9417e-05
-5.76e-05
-5.5579e-05
-5.3367e-05
-5.0976e-05
-4.842e-05
-4.5711e-05
-4.2863e-05
-3.9892e-05
-3.6811e-05
-3.3636e-05
-3.0381e-05
-2.7063e-05
-2.3695e-05
-2.0293e-05
-1.6872e-05
-1.3448e-05
-1.0034e-05
-6.6458e-06
-3.2965e-06
-4.1767e-18
3.2306e-06
6.3826e-06
9.444e-06
1.2403e-05
1.525e-05
1.7974e-05
2.0565e-05
2.3016e-05
2.5318e-05
2.7464e-05
2.9449e-05
3.1267e-05
3.2913e-05
3.4384e-05
3.5678e-05
3.6792e-05
3.7725e-05
3.8478e-05
3.9051e-05
3.9445e-05
3.9663e-05
3.9709e-05
3.9585e-05
3.9297e-05
3.885e-05
3.8249e-05
3.7502e-05
3.6615e-05
3.5595e-05
3.4452e-05
3.3193e-05
3.1827e-05
3.0364e-05
2.8813e-05
2.7183e-05
2.5485e-05
2.3728e-05
2.1923e-05
2.0079e-05
1.8207e-05
1.6316e-05
1.4416e-05
1.2518e-05
1.063e-05
8.7606e-06
6.9198e-06
5.1155e-06
3.3558e-06
1.6483e-06
8.8227e-19
-1.5823e-06
-3.0926e-06
-4.5253e-06
-5.8753e-06
-7.1383e-06
-8.3104e-06
-9.3884e-06
-1.037e-05
-1.1252e-05
-1.2035e-05
-1.2717e-05
-1.3297e-05
-1.3778e-05
-1.4158e-05
-1.4441e-05
-1.4628e-05
-1.4722e-05
-1.4726e-05
-1.4644e-05
-1.448e-05
-1.4238e-05
-1.3924e-05
-1.3542e-05
-1.3099e-05
-1.26e-05
-1.2051e-05
-1.1459e-05
-1.083e-05
-1.017e-05
-9.4868e-06
-8.7864e-06
-8.0756e-06
-7.361e-06
-6.6491e-06
-5.9463e-06
-5.2588e-06
-4.5925e-06
-3.9533e-06
-3.3465e-06
-2.7773e-06
-2.2505e-06
-1.7704e-06
-1.3412e-06
-9.6633e-07
-6.4894e-07
-3.9169e-07
-1.9675e-07
-6.58e-08
-0
-0
0
0
0
0
0
0
0
0
0
0
0
0
0
0
0
0
0
0
0
0
0
0
0
0
0
0
0
0
0
0
0
0
0
0
0
0
0
0
0
0
0
0
0
0
0
0
0
0
0
0
-0
-0
-0
-0
-0
-0
-0
-0
-0
-0
-0
-0
-0
-0
-0
-0
-0
-0
-0
-0
-0
-0
-0
-0
-0
-0
-0
-0
-0
-0
-0
-0
-0
-0
-0
-0
-0
-0
-0
-0
-0
-0
-0
-0
-0
-0
-0
-0
-0
-0
0
0
0
0
0
0
0
0
0
0
0
0
0
0
0
0
0
0
0
0
0
0
0
0
0
0
0
0
0
0
0
0
0
0
0
0
0
0
0
0
0
0
0
0
0
0
0
0
0
0
-0
-0
-0
-0
-0
-0
-0
-0
-0
-0
-0
-0
-0
-0
-0
-0
-0
-0
-0
-0
-0
-0
-0
-0
-0
-0
-0
-0
-0
-0
-0
-0
-0
-0
-0
-0
-0
-0
-0
-0
-0
-0
-0
-0
-0
-0
-0
-0
-0
-0
0
0
0
0
0
0
0
0
0
0
0
0
0
0
0
0
0
0
0
0
0
0
0
0
0
0
0
0
0
0
0
0
0
0
0
0
0
0
0
0
0
0
0
0
0
0
0
0
0
0
-0
-0
-0
-0
-0
-0
-0
-0
-0
-0
-0
-0
-0
-0
-0
-0
-0
-0
-0
-0
-0
-0
-0
-0
-0
-0
-0
-0
-0
-0
-0
-0
-0
-0
-0
-0
-0
-0
-0
-0
-0
-0
-0
-0
-0
-0
-0
-0
-0
-0
0
0
0
0
0
0
0
0
0
0
0
0
0
0
0
0
0
0
0
0
0
0
0
0
0
0
0
0
0
0
0
0
0
0
0
0
0
0
0
0
0
0
0
0
0
0
0
0
0
0
-0
-0
-0
-0
-0
-0
-0
-0
-0
-0
-0
-0
-0
-0
-0
-0
-0
-0
-0
-0
-0
-0
-0
-0
-0
-0
-0
-0
-0
-0
-0
-0
-0
-0
-0
-0
-0
-0
-0
-0
-0
-0
-0
-0
-0
-0
-0
-0
-0
-0
0
0
0
0
0
0
0
0
0
0
0
0
0
0
0
0
0
0
0
0
0
0
0
0
0
0
0
0
0
0
0
0
0
0
0
0
0
0
0
0
0
0
0
0
0
0
0
0
0
0
-0
-0
-0
-0
-0
-0
-0
-0
-0
-0
-0
-0
-0
-0
-0
-0
-0
-0
-0
-0
-0
-0
-0
-0
-0
-0
-0
-0
-0
-0
-0
-0
-0
-0
-0
-0
-0
-0
-0
-0
-0
-0
-0
-0
-0
-0
-0
-0
-0
-0
0
0
0
0
0
0
0
0
0
0
0
0
0
0
0
0
0
0
0
0
0
0
0
0
0
0
0
0
0
0
0
0
0
0
0
0
0
0
0
0
0
0
0
0
0
0
0
0
0
0
-0
-0
-0
-0
-0
-0
-0
-0
-0
-0
-0
-0
-0
-0
-0
-0
-0
-0
-0
-0
-0
-0
-0
-0
-0
-0
-0
-0
-0
-0
-0
-0
-0
-0
-0
-0
-0
-0
-0
-0
-0
-0
-0
-0
-0
-0
-0
-0
-0
-0
0
0
0
0
0
0
0
0
0
0
0
0
0
0
0
0
0
0
0
0
0
0
0
0
0
0
0
0
0
0
0
0
0
0
0
0
0
0
0
0
0
0
0
0
0
0
0
0
0
0
-0
-0
-0
-0
-0
-0
-0
-0
-0
-0
-0
-0
-0
-0
-0
-0
-0
-0
-0
-0
-0
-0
-0
-0
-0
-0
-0
-0
-0
-0
-0
-0
-0
-0
-0
-0
-0
-0
-0
-0
-0
-0
-0
-0
-0
-0
-0
-0
-0
-0
0
0
0
0
0
0
0
0
0
0
0
0
0
0
0
0
0
0
0
0
0
0
0
0
0
0
0
0
0
0
0
0
0
0
0
0
0
0
0
0
0
0
0
0
0
0
0
0
0
0
-0
-0
-0
-0
-0
-0
-0
-0
-0
-0
-0
-0
-0
-0
-0
-0
-0
-0
-0
-0
-0
-0
-0
-0
-0
-0
-0
-0
-0
-0
-0
-0
-0
-0
-0
-0
-0
-0
-0
-0
-0
-0
-0
-0
-0
-0
-0
-0
-0
-0
0
0
0
0
0
0
0
0
0
0
0
0
0
0
0
0
0
0
0
0
0
0
0
0
0
0
0
0
0
0
0
0
0
0
0
0
0
0
0
0
0
0
0
0
0
0
0
0
0
0
-0
-0
-0
-0
-0
-0
-0
-0
-0
-0
-0
-0
-0
-0
-0
-0
-0
-0
-0
-0
-0
-0
-0
-0
-0
-0
-0
-0
-0
-0
-0
-0
-0
-0
-0
-0
-0
-0
-0
-0
-0
-0
-0
-0
-0
-0
-0
-0
-0
-0
0
0
0
0
0
0
0
0
0
0
0
0
0
0
0
0
0
0
0
0
0
0
0
0
0
0
0
0
0
0
0
0
0
0
0
0
0
0
0
0
0
0
0
0
0
0
0
0
0
0
-0
-0
-0
-0
-0
-0
-0
-0
-0
-0
-0
-0
-0
-0
-0
-0
-0
-0
-0
-0
-0
-0
-0
-0
-0
-0
-0
-0
-0
-0
-0
-0
-0
-0
-0
-0
-0
-0
-0
-0
-0
-0
-0
-0
-0
-0
-0
-0
-0
-0
0
0
0
0
0
0
0
0
0
0
0
0
0
0
0
0
0
0
0
0
0
0
0
0
0
0
0
0
0
0
0
0
0
0
0
0
0
0
0
0
0
0
0
0
0
0
0
0
0
0
-0
-0
-0
-0
-0
-0
-0
-0
-0
-0
-0
-0
-0
-0
-0
-0
-0
-0
-0
-0
-0
-0
-0
-0
-0
-0
-0
-0
-0
-0
-0
-0
-0
-0
-0
-0
-0
-0
-0
-0
-0
-0
-0
-0
-0
-0
-0
-0
-0
0
0
0
0
0
0
0
0
0
0
0
0
0
0
0
0
0
0
0
0
0
0
0
0
0
0
0
0
0
0
0
0
0
0
0
0
0
0
0
0
0
0
0
0
0
0
0
0
0
0
0
-0
-0
-0
-0
-0
-0
-0
-0
-0
-0
-0
-0
-0
-0
-0
-0
-0
-0
-0
-0
-0
-0
-0
-0
-0
-0
-0
-0
-0
-0
-0
-0
-0
-0
-0
-0
-0
-0
-0
-0
-0
-0
-0
-0
-0
-0
-0
-0
-0
-0
0
0
0
0
0
0
0
0
0
0
0
0
0
0
0
0
0
0
0
0
0
0
0
0
0
0
0
0
0
0
0
0
0
0
0
0
0
0
0
0
0
0
0
0
0
0
0
0
0
-0
-0
-0
-0
-0
-0
-0
-0
-0
-0
-0
-0
-0
-0
-0
-0
-0
-0
-0
-0
-0
-0
-0
-0
-0
-0
-0
-0
-0
-0
-0
-0
-0
-0
-0
-0
-0
-0
-0
-0
-0
-0
-0
-0
-0
-0
-0
-0
-0
-0
-0
0
0
0
0
0
0
0
0
0
0
0
0
0
0
0
0
0
0
0
0
0
0
0
0
0
0
0
0
0
0
0
0
0
0
0
0
0
0
0
0
0
0
0
0
0
0
0
0
0
0
-0
-0
-0
-0
-0
-0
-0
-0
-0
-0
-0
-0
-0
-0
-0
-0
-0
-0
-0
-0
-0
-0
-0
-0
-0
-0
-0
-0
-0
-0
-0
-0
-0
-0
-0
-0
-0
-0
-0
-0
-0
-0
-0
-0
-0
-0
-0
-0
-0
-0
0
0
0
0
0
0
0
0
0
0
0
0
0
0
0
0
0
0
0
0
0
0
0
0
0
0
0
0
0
0
0
0
0
0
0
0
0
0
0
0
0
0
0
0
0
0
0
0
0
0
-0
-0
-0
-0
-0
-0
-0
-0
-0
-0
-0
-0
-0
-0
-0
-0
-0
-0
-0
-0
-0
-0
-0
-0
-0
-0
-0
-0
-0
-0
-0
-0
-0
-0
-0
-0
-0
-0
-0
-0
-0
-0
-0
-0
-0
-0
-0
-0
-0
0
0
0
0
0
0
0
0
0
0
0
0
0
0
0
0
0
0
0
0
0
0
0
0
0
0
0
0
0
0
0
0
0
0
0
0
0
0
0
0
0
0
0
0
0
0
0
0
0
0
0
-0
-0
-0
-0
-0
-0
-0
-0
-0
-0
-0
-0
-0
-0
-0
-0
-0
-0
-0
-0
-0
-0
-0
-0
-0
-0
-0
-0
-0
-0
-0
-0
-0
-0
-0
-0
-0
-0
-0
-0
-0
-0
-0
-0
-0
-0
-0
-0
-0
0
0
0
0
0
0
0
0
0
0
0
0
0
0
0
0
0
0
0
0
0
0
0
0
0
0
0
0
0
0
0
0
0
0
0
0
0
0
0
0
0
0
0
0
0
0
0
0
0
0
0
-0
-0
-0
-0
-0
-0
-0
-0
-0
-0
-0
-0
-0
-0
-0
-0
-0
-0
-0
-0
-0
-0
-0
-0
-0
-0
-0
-0
-0
-0
-0
-0
-0
-0
-0
-0
-0
-0
-0
-0
-0
-0
-0
-0
-0
-0
-0
-0
-0
-0
0
0
0
0
0
0
0
0
0
0
0
0
0
0
0
0
0
0
0
0
0
0
0
0
0
0
0
0
0
0
0
0
0
0
0
0
0
0
0
0
0
0
0
0
0
0
0
0
0
0
-0
-0
-0
-0
-0
-0
-0
-0
-0
-0
-0
-0
-0
-0
-0
-0
-0
-0
-0
-0
-0
-0
-0
-0
-0
-0
-0
-0
-0
-0
-0
-0
-0
-0
-0
-0
-0
-0
-0
-0
-0
-0
-0
-0
-0
-0
-0
-0
-0
-0
0
0
0
0
0
0
0
0
0
0
0
0
0
0
0
0
0
0
0
0
0
0
0
0
0
0
0
0
0
0
0
0
0
0
0
0
0
0
0
0
0
0
0
0
0
0
0
0
0
0
-0
-0
-0
-0
-0
-0
-0
-0
-0
-0
-0
-0
-0
-0
-0
-0
-0
-0
-0
-0
-0
-0
-0
-0
-0
-0
-0
-0
-0
-0
-0
-0
-0
-0
-0
-0
-0
-0
-0
-0
-0
-0
-0
-0
-0
-0
-0
-0
-0
-0
0
0
0
0
0
0
0
0
0
0
0
0
0
0
0
0
0
0
0
0
0
0
0
0
0
0
0
0
0
0
0
0
0
0
0
0
0
0
0
0
0
0
0
0
0
0
0
0
0
0
-0
-0
-0
-0
-0
-0
-0
-0
-0
-0
-0
-0
-0
-0
-0
-0
-0
-0
-0
-0
-0
-0
-0
-0
-0
-0
-0
-0
-0
-0
-0
-0
-0
-0
-0
-0
-0
-0
-0
-0
-0
-0
-0
-0
-0
-0
-0
-0
-0
0
0
0
0
0
0
0
0
0
0
0
0
0
0
0
0
0
0
0
0
0
0
0
0
0
0
0
0
0
0
0
0
0
0
0
0
0
0
0
0
0
0
0
0
0
0
0
0
0
0
0
-0
-0
-0
-0
-0
-0
-0
-0
-0
-0
-0
-0
-0
-0
-0
-0
-0
-0
-0
-0
-0
-0
-0
-0
-0
-0
-0
-0
-0
-0
-0
-0
-0
-0
-0
-0
-0
-0
-0
-0
-0
-0
-0
-0
-0
-0
-0
-0
-0
0
0
0
0
0
0
0
0
0
0
0
0
0
0
0
0
0
0
0
0
0
0
0
0
0
0
0
0
0
0
0
0
0
0
0
0
0
0
0
0
0
0
0
0
0
0
0
0
0
0
0
-0
-0
-0
-0
-0
-0
-0
-0
-0
-0
-0
-0
-0
-0
-0
-0
-0
-0
-0
-0
-0
-0
-0
-0
-0
-0
-0
-0
-0
-0
-0
-0
-0
-0
-0
-0
-0
-0
-0
-0
-0
-0
-0
-0
-0
-0
-0
-0
-0
-0
0
0
0
0
0
0
0
0
0
0
0
0
0
0
0
0
0
0
0
0
0
0
0
0
0
0
0
0
0
0
0
0
0
0
0
0
0
0
0
0
0
0
0
0
0
0
0
0
0
0
-0
-0
-0
-0
-0
-0
-0
-0
-0
-0
-0
-0
-0
-0
-0
-0
-0
-0
-0
-0
-0
-0
-0
-0
-0
-0
-0
-0
-0
-0
-0
-0
-0
-0
-0
-0
-0
-0
-0
-0
-0
-0
-0
-0
-0
-0
-0
-0
-0
-0
0
0
0
0
0
0
0
0
0
0
0
0
0
0
0
0
0
0
0
0
0
0
0
0
0
0
0
0
0
0
0
0
0
0
0
0
0
0
0
0
0
0
0
0
0
0
0
0
0
0
-0
-0
-0
-0
-0
-0
-0
-0
-0
-0
-0
-0
-0
-0
-0
-0
-0
-0
-0
-0
-0
-0
-0
-0
-0
-0
-0
-0
-0
-0
-0
-0
-0
-0
-0
-0
-0
-0
-0
-0
-0
-0
-0
-0
-0
-0
-0
-0
-0
-0
0
0
0
0
0
0
0
0
0
0
0
0
0
0
0
0
0
0
0
0
0
0
0
0
0
0
0
0
0
0
0
0
0
0
0
0
0
0
0
0
0
0
0
0
0
0
0
0
0
0
-0
-0
-0
-0
-0
-0
-0
-0
-0
-0
-0
-0
-0
-0
-0
-0
-0
-0
-0
-0
-0
-0
-0
-0
-0
-0
-0
-0
-0
-0
-0
-0
-0
-0
-0
-0
-0
-0
-0
-0
-0
-0
-0
-0
-0
-0
-0
-0
-0
0
0
0
0
0
0
0
0
0
0
0
0
0
0
0
0
0
0
0
0
0
0
0
0
0
0
0
0
0
0
0
0
0
0
0
0
0
0
0
0
0
0
0
0
0
0
0
0
0
0
0
-0
-0
-0
-0
-0
-0
-0
-0
-0
-0
-0
-0
-0
-0
-0
-0
-0
-0
-0
-0
-0
-0
-0
-0
-0
-0
-0
-0
-0
-0
-0
-0
-0
-0
-0
-0
-0
-0
-0
-0
-0
-0
-0
-0
-0
-0
-0
-0
-0
0
0
0
0
0
0
0
0
0
0
0
0
0
0
0
0
0
0
0
0
0
0
0
0
0
0
0
0
0
0
0
0
0
0
0
0
0
0
0
0
0
0
0
0
0
0
0
0
0
0
0
-0
-0
-0
-0
-0
-0
-0
-0
-0
-0
-0
-0
-0
-0
-0
-0
-0
-0
-0
-0
-0
-0
-0
-0
-0
-0
-0
-0
-0
-0
-0
-0
-0
-0
-0
-0
-0
-0
-0
-0
-0
-0
-0
-0
-0
-0
-0
-0
-0
-0
0
0
0
0
0
0
0
0
0
0
0
0
0
0
0
0
0
0
0
0
0
0
0
0
0
0
0
0
0
0
0
0
0
0
0
0
0
0
0
0
0
0
0
0
0
0
0
0
0
0
-0
-0
-0
-0
-0
-0
-0
-0
-0
-0
-0
-0
-0
-0
-0
-0
-0
-0
-0
-0
-0
-0
-0
-0
-0
-0
-0
-0
-0
-0
-0
-0
-0
-0
-0
-0
-0
-0
-0
-0
-0
-0
-0
-0
-0
-0
-0
-0
-0
-0
0
0
0
0
0
0
0
0
0
0
0
0
0
0
0
0
0
0
0
0
0
0
0
0
0
0
0
0
0
0
0
0
0
0
0
0
0
0
0
0
0
0
0
0
0
0
0
0
0
0
-0
-0
-0
-0
-0
-0
-0
-0
-0
-0
-0
-0
-0
-0
-0
-0
-0
-0
-0
-0
-0
-0
-0
-0
-0
-0
-0
-0
-0
-0
-0
-0
-0
-0
-0
-0
-0
-0
-0
-0
-0
-0
-0
-0
-0
-0
-0
-0
-0
-0
0
0
0
0
0
0
0
0
0
0
0
0
0
0
0
0
0
0
0
0
0
0
0
0
0
0
0
0
0
0
0
0
0
0
0
0
0
0
0
0
0
0
0
0
0
0
0
0
0
0
-0
-0
-0
-0
-0
-0
-0
-0
-0
-0
-0
-0
-0
-0
-0
-0
-0
-0
-0
-0
-0
-0
-0
-0
-0
-0
-0
-0
-0
-0
-0
-0
-0
-0
-0
-0
-0
-0
-0
-0
-0
-0
-0
-0
-0
-0
-0
-0
-0
0
0
0
0
0
0
0
0
0
0
0
0
0
0
0
0
0
0
0
0
0
0
0
0
0
0
0
0
0
0
0
0
0
0
0
0
0
0
0
0
0
0
0
0
0
0
0
0
0
0
0
-0
-0
-0
-0
-0
-0
-0
-0
-0
-0
-0
-0
-0
-0
-0
-0
-0
-0
-0
-0
-0
-0
-0
-0
-0
-0
-0
-0
-0
-0
-0
-0
-0
-0
-0
-0
-0
-0
-0
-0
-0
-0
-0
-0
-0
-0
-0
-0
-0
0
0
0
0
0
0
0
0
0
0
0
0
0
0
0
0
0
0
0
0
0
0
0
0
0
0
0
0
0
0
0
0
0
0
0
0
0
0
0
0
0
0
0
0
0
0
0
0
0
0
0
-0
-0
-0
-0
-0
-0
-0
-0
-0
-0
-0
-0
-0
-0
-0
-0
-0
-0
-0
-0
-0
-0
-0
-0
-0
-0
-0
-0
-0
-0
-0
-0
-0
-0
-0
-0
-0
-0
-0
-0
-0
-0
-0
-0
-0
-0
-0
-0
-0
0
