0
0
0
0
0
0
0
0
0
0
0
0
0
0
0
0
0
0
0
0
0
0
0
0
0
0
0
0
0
0
0
0
0
0
0
0
0
0
0
0
0
0
0
0
0
0
0
0
0
0
0
-0
-0
-0
-0
-0
-0
-0
-0
-0
-0
-0
-0
-0
-0
-0
-0
-0
-0
-0
-0
-0
-0
-0
-0
-0
-0
-0
-0
-0
-0
-0
-0
-0
-0
-0
-0
-0
-0
-0
-0
-0
-0
-0
-0
-0
-0
-0
-0
-0
-0
0
0
0
0
0
0
0
0
0
0
0
0
0
0
0
0
0
0
0
0
0
0
0
0
0
0
0
0
0
0
0
0
0
0
0
0
0
0
0
0
0
0
0
0
0
0
0
0
0
0
-0
-0
-0
-0
-0
-0
-0
-0
-0
-0
-0
-0
-0
-0
-0
-0
-0
-0
-0
-0
-0
-0
-0
-0
-0
-0
-0
-0
-0
-0
-0
-0
-0
-0
-0
-0
-0
-0
-0
-0
-0
-0
-0
-0
-0
-0
-0
-0
-0
-0
0
0
0
0
0
0
0
0
0
0
0
0
0
0
0
0
0
0
0
0
0
0
0
0
0
0
0
0
0
0
0
0
0
0
0
0
0
0
0
0
0
0
0
0
0
0
0
0
0
0
-0
-0
-0
-0
-0
-0
-0
-0
-0
-0
-0
-0
-0
-0
-0
-0
-0
-0
-0
-0
-0
-0
-0
-0
-0
-0
-0
-0
-0
-0
-0
-0
-0
-0
-0
-0
-0
-0
-0
-0
-0
-0
-0
-0
-0
-0
-0
-0
-0
-0
0
0
0
0
0
0
0
0
0
0
0
0
0
0
0
0
0
0
0
0
0
0
0
0
0
0
0
0
0
0
0
0
0
0
0
0
0
0
0
0
0
0
0
0
0
0
0
0
0
-0
-0
-0
-0
-0
-0
-0
-0
-0
-0
-0
-0
-0
-0
-0
-0
-0
-0
-0
-0
-0
-0
-0
-0
-0
-0
-0
-0
-0
-0
-0
-0
-0
-0
-0
-0
-0
-0
-0
-0
-0
-0
-0
-0
-0
-0
-0
-0
-0
-0
-0
0
0
0
0
0
0
0
0
0
0
0
0
0
0
0
0
0
0
0
0
0
0
0
0
0
0
0
0
0
0
0
0
0
0
0
0
0
0
0
0
0
0
0
0
0
0
0
0
0
0
-0
-0
-0
-0
-0
-0
-0
-0
-0
-0
-0
-0
-0
-0
-0
-0
-0
-0
-0
-0
-0
-0
-0
-0
-0
-0
-0
-0
-0
-0
-0
-0
-0
-0
-0
-0
-0
-0
-0
-0
-0
-0
-0
-0
-0
-0
-0
-0
-0
-0
0
0
0
0
0
0
0
0
0
0
0
0
0
0
0
0
0
0
0
0
0
0
0
0
0
0
0
0
0
0
0
0
0
0
0
0
0
0
0
0
0
0
0
0
0
0
0
0
0
-0
-0
-0
-0
-0
-0
-0
-0
-0
-0
-0
-0
-0
-0
-0
-0
-0
-0
-0
-0
-0
-0
-0
-0
-0
-0
-0
-0
-0
-0
-0
-0
-0
-0
-0
-0
-0
-0
-0
-0
-0
-0
-0
-0
-0
-0
-0
-0
-0
-0
-0
0
0
0
0
0
0
0
0
0
0
0
0
0
0
0
0
0
0
0
0
0
0
0
0
0
0
0
0
0
0
0
0
0
0
0
0
0
0
0
0
0
0
0
0
0
0
0
0
0
-0
-0
-0
-0
-0
-0
-0
-0
-0
-0
-0
-0
-0
-0
-0
-0
-0
-0
-0
-0
-0
-0
-0
-0
-0
-0
-0
-0
-0
-0
-0
-0
-0
-0
-0
-0
-0
-0
-0
-0
-0
-0
-0
-0
-0
-0
-0
-0
-0
-0
0
0
0
0
0
0
0
0
0
0
0
0
0
0
0
0
0
0
0
0
0
0
0
0
0
0
0
0
0
0
0
0
0
0
0
0
0
0
0
0
0
0
0
0
0
0
0
0
0
0
0
-0
-0
-0
-0
-0
-0
-0
-0
-0
-0
-0
-0
-0
-0
-0
-0
-0
-0
-0
-0
-0
-0
-0
-0
-0
-0
-0
-0
-0
-0
-0
-0
-0
-0
-0
-0
-0
-0
-0
-0
-0
-0
-0
-0
-0
-0
-0
-0
-0
-0
0
0
0
0
0
0
0
0
0
0
0
0
0
0
0
0
0
0
0
0
0
0
0
0
0
0
0
0
0
0
0
0
0
0
0
0
0
0
0
0
0
0
0
0
0
0
0
0
0
0
-0
-0
-0
-0
-0
-0
-0
-0
-0
-0
-0
-0
-0
-0
-0
-0
-0
-0
-0
-0
-0
-0
-0
-0
-0
-0
-0
-0
-0
-0
-0
-0
-0
-0
-0
-0
-0
-0
-0
-0
-0
-0
-0
-0
-0
-0
-0
-0
-0
-0
0
0
0
0
0
0
0
0
0
0
0
0
0
0
0
0
0
0
0
0
0
0
0
0
0
0
0
0
0
0
0
0
0
0
0
0
0
0
0
0
0
0
0
0
0
0
0
0
0
-0
-0
-0
-0
-0
-0
-0
-0
-0
-0
-0
-0
-0
-0
-0
-0
-0
-0
-0
-0
-0
-0
-0
-0
-0
-0
-0
-0
-0
-0
-0
-0
-0
-0
-0
-0
-0
-0
-0
-0
-0
-0
-0
-0
-0
-0
-0
-0
-0
-0
-0
0
0
0
0
0
0
0
0
0
0
0
0
0
0
0
0
0
0
0
0
0
0
0
0
0
0
0
0
0
0
0
0
0
0
0
0
0
0
0
0
0
0
0
0
0
0
0
0
0
-0
-0
-0
-0
-0
-0
-0
-0
-0
-0
-0
-0
-0
-0
-0
-0
-0
-0
-0
-0
-0
-0
-0
-0
-0
-0
-0
-0
-0
-0
-0
-0
-0
-0
-0
-0
-0
-0
-0
-0
-0
-0
-0
-0
-0
-0
-0
-0
-0
-0
0
0
0
0
0
0
0
0
0
0
0
0
0
0
0
0
0
0
0
0
0
0
0
0
0
0
0
0
0
0
0
0
0
0
0
0
0
0
0
0
0
0
0
0
0
0
0
0
0
0
-0
-0
-0
-0
-0
-0
-0
-0
-0
-0
-0
-0
-0
-0
-0
-0
-0
-0
-0
-0
-0
-0
-0
-0
-0
-0
-0
-0
-0
-0
-0
-0
-0
-0
-0
-0
-0
-0
-0
-0
-0
-0
-0
-0
-0
-0
-0
-0
-0
-0
-0
0
0
0
0
0
0
0
0
0
0
0
0
0
0
0
0
0
0
0
0
0
0
0
0
0
0
0
0
0
0
0
0
0
0
0
0
0
0
0
0
0
0
0
0
0
0
0
0
0
-0
-0
-0
-0
-0
-0
-0
-0
-0
-0
-0
-0
-0
-0
-0
-0
-0
-0
-0
-0
-0
-0
-0
-0
-0
-0
-0
-0
-0
-0
-0
-0
-0
-0
-0
-0
-0
-0
-0
-0
-0
-0
-0
-0
-0
-0
-0
-0
-0
-0
0
0
0
0
0
0
0
0
0
0
0
0
0
0
0
0
0
0
0
0
0
0
0
0
0
0
0
0
0
0
0
0
0
0
0
0
0
0
0
0
0
0
0
0
0
0
0
0
0
0
-0
-0
-0
-0
-0
-0
-0
-0
-0
-0
-0
-0
-0
-0
-0
-0
-0
-0
-0
-0
-0
-0
-0
-0
-0
-0
-0
-0
-0
-0
-0
-0
-0
-0
-0
-0
-0
-0
-0
-0
-0
-0
-0
-0
-0
-0
-0
-0
-0
-0
0
0
0
0
0
0
0
0
0
0
0
0
0
0
0
0
0
0
0
0
0
0
0
0
0
0
0
0
0
0
0
0
0
0
0
0
0
0
0
0
0
0
0
0
0
0
0
0
0
0
-0
-0
-0
-0
-0
-0
-0
-0
-0
-0
-0
-0
-0
-0
-0
-0
-0
-0
-0
-0
-0
-0
-0
-0
-0
-0
-0
-0
-0
-0
-0
-0
-0
-0
-0
-0
-0
-0
-0
-0
-0
-0
-0
-0
-0
-0
-0
-0
-0
-0
-0
0
0
0
0
0
0
0
0
0
0
0
0
0
0
0
0
0
0
0
0
0
0
0
0
0
0
0
0
0
0
0
0
0
0
0
0
0
0
0
0
0
0
0
0
0
0
0
0
0
0
-0
-0
-0
-0
-0
-0
-0
-0
-0
-0
-0
-0
-0
-0
-0
-0
-0
-0
-0
-0
-0
-0
-0
-0
-0
-0
-0
-0
-0
-0
-0
-0
-0
-0
-0
-0
-0
-0
-0
-0
-0
-0
-0
-0
-0
-0
-0
-0
-0
-0
0
0
0
0
0
0
0
0
0
0
0
0
0
0
0
0
0
0
0
0
0
0
0
0
0
0
0
0
0
0
0
0
0
0
0
0
0
0
0
0
0
0
0
0
0
0
0
0
0
0
-0
-0
-0
-0
-0
-0
-0
-0
-0
-0
-0
-0
-0
-0
-0
-0
-0
-0
-0
-0
-0
-0
-0
-0
-0
-0
-0
-0
-0
-0
-0
-0
-0
-0
-0
-0
-0
-0
-0
-0
-0
-0
-0
-0
-0
-0
-0
-0
-0
-0
0
0
0
0
0
0
0
0
0
0
0
0
0
0
0
0
0
0
0
0
0
0
0
0
0
0
0
0
0
0
0
0
0
0
0
0
0
0
0
0
0
0
0
0
0
0
0
0
0
0
-0
-0
-0
-0
-0
-0
-0
-0
-0
-0
-0
-0
-0
-0
-0
-0
-0
-0
-0
-0
-0
-0
-0
-0
-0
-0
-0
-0
-0
-0
-0
-0
-0
-0
-0
-0
-0
-0
-0
-0
-0
-0
-0
-0
-0
-0
-0
-0
-0
-0
0
0
0
0
0
0
0
0
0
0
0
0
0
0
0
0
0
0
0
0
0
0
0
0
0
0
0
0
0
0
0
0
0
0
0
0
0
0
0
0
0
0
0
0
0
0
0
0
0
0
-0
-0
-0
-0
-0
-0
-0
-0
-0
-0
-0
-0
-0
-0
-0
-0
-0
-0
-0
-0
-0
-0
-0
-0
-0
-0
-0
-0
-0
-0
-0
-0
-0
-0
-0
-0
-0
-0
-0
-0
-0
-0
-0
-0
-0
-0
-0
-0
-0
0
0
0
0
0
0
0
0
0
0
0
0
0
0
0
0
0
0
0
0
0
0
0
0
0
0
0
0
0
0
0
0
0
0
0
0
0
0
0
0
0
0
0
0
0
0
0
0
0
0
0
-0
-0
-0
-0
-0
-0
-0
-0
-0
-0
-0
-0
-0
-0
-0
-0
-0
-0
-0
-0
-0
-0
-0
-0
-0
-0
-0
-0
-0
-0
-0
-0
-0
-0
-0
-0
-0
-0
-0
-0
-0
-0
-0
-0
-0
-0
-0
-0
-0
-0
3.2965e-08
1.316e-07
2.9513e-07
5.2225e-07
8.1117e-07
1.1596e-06
1.5647e-06
2.0234e-06
2.5318e-06
3.0859e-06
3.6811e-06
4.3126e-06
4.9752e-06
5.6633e-06
6.371e-06
7.0924e-06
7.821e-06
8.5506e-06
9.2745e-06
9.9861e-06
1.0679e-05
1.1345e-05
1.198e-05
1.2575e-05
1.3125e-05
1.3623e-05
1.4063e-05
1.444e-05
1.4747e-05
1.4979e-05
1.5132e-05
1.5201e-05
1.5182e-05
1.5071e-05
1.4866e-05
1.4563e-05
1.416e-05
1.3657e-05
1.3051e-05
1.2343e-05
1.1534e-05
1.0623e-05
9.612e-06
8.5037e-06
7.3005e-06
6.0059e-06
4.6236e-06
3.1584e-06
1.6153e-06
4.1158e-19
-1.6812e-06
-3.4216e-06
-5.2139e-06
-7.0504e-06
-8.9229e-06
-1.0823e-05
-1.2741e-05
-1.4669e-05
-1.6597e-05
-1.8515e-05
-2.0414e-05
-2.2282e-05
-2.4111e-05
-2.5889e-05
-2.7608e-05
-2.9256e-05
-3.0824e-05
-3.2302e-05
-3.3681e-05
-3.4951e-05
-3.6104e-05
-3.713e-05
-3.8023e-05
-3.8773e-05
-3.9375e-05
-3.9821e-05
-4.0106e-05
-4.0225e-05
-4.0172e-05
-3.9944e-05
-3.9539e-05
-3.8953e-05
-3.8185e-05
-3.7235e-05
-3.6102e-05
-3.4789e-05
-3.3296e-05
-3.1626e-05
-2.9784e-05
-2.7773e-05
-2.5599e-05
-2.3269e-05
-2.0789e-05
-1.8167e-05
-1.5412e-05
-1.2534e-05
-9.5424e-06
-6.4484e-06
-3.2635e-06
1.03e-19
3.3295e-06
6.7116e-06
1.0133e-05
1.3578e-05
1.7035e-05
2.0486e-05
2.3918e-05
2.7315e-05
3.0663e-05
3.3945e-05
3.7146e-05
4.0251e-05
4.3246e-05
4.6115e-05
4.8844e-05
5.142e-05
5.3827e-05
5.6054e-05
5.8088e-05
5.9917e-05
6.1529e-05
6.2915e-05
6.4066e-05
6.4972e-05
6.5625e-05
6.6019e-05
6.6149e-05
6.601e-05
6.5597e-05
6.491e-05
6.3945e-05
6.2705e-05
6.1188e-05
5.9398e-05
5.7339e-05
5.5015e-05
5.2431e-05
4.9595e-05
4.6516e-05
4.3202e-05
3.9665e-05
3.5915e-05
3.1965e-05
2.783e-05
2.3524e-05
1.9062e-05
1.4461e-05
9.7384e-06
4.9118e-06
6.9447e-19
-4.9777e-06
-1.0002e-05
-1.5051e-05
-2.0107e-05
-2.5146e-05
-3.0149e-05
-3.5095e-05
-3.9961e-05
-4.4728e-05
-4.9374e-05
-5.3878e-05
-5.8221e-05
-6.2381e-05
-6.6341e-05
-7.0081e-05
-7.3583e-05
-7.683e-05
-7.9806e-05
-8.2494e-05
-8.4882e-05
-8.6955e-05
-8.8701e-05
-9.0109e-05
-9.117e-05
-9.1875e-05
-9.2218e-05
-9.2192e-05
-9.1795e-05
-9.1023e-05
-8.9875e-05
-8.8352e-05
-8.6456e-05
-8.4191e-05
-8.1562e-05
-7.8576e-05
-7.5241e-05
-7.1566e-05
-6.7565e-05
-6.3248e-05
-5.8632e-05
-5.373e-05
-4.8561e-05
-4.3142e-05
-3.7493e-05
-3.1636e-05
-2.559e-05
-1.938e-05
-1.3028e-05
-6.56e-06
9.2635e-19
6.626e-06
1.3292e-05
1.997e-05
2.6635e-05
3.3258e-05
3.9813e-05
4.6272e-05
5.2608e-05
5.8794e-05
6.4803e-05
7.0611e-05
7.619e-05
8.1517e-05
8.6567e-05
9.1318e-05
9.5747e-05
9.9833e-05
0.00010356
0.0001069
0.00010985
0.00011238
0.00011449
0.00011615
0.00011737
0.00011812
0.00011842
0.00011824
0.00011758
0.00011645
0.00011484
0.00011276
0.00011021
0.00010719
0.00010373
9.9812e-05
9.5467e-05
9.0702e-05
8.5534e-05
7.9981e-05
7.4061e-05
6.7795e-05
6.1207e-05
5.4319e-05
4.7157e-05
3.9747e-05
3.2118e-05
2.4299e-05
1.6318e-05
8.2083e-06
2.5701e-19
-8.2742e-06
-1.6582e-05
-2.4889e-05
-3.3163e-05
-4.137e-05
-4.9476e-05
-5.7448e-05
-6.5254e-05
-7.2859e-05
-8.0233e-05
-8.7343e-05
-9.4159e-05
-0.00010065
-0.00010679
-0.00011255
-0.00011791
-0.00012284
-0.00012731
-0.00013131
-0.00013481
-0.00013781
-0.00014027
-0.00014219
-0.00014357
-0.00014437
-0.00014461
-0.00014428
-0.00014336
-0.00014187
-0.00013981
-0.00013717
-0.00013396
-0.0001302
-0.00012589
-0.00012105
-0.00011569
-0.00010984
-0.0001035
-9.6713e-05
-8.949e-05
-8.1861e-05
-7.3853e-05
-6.5495e-05
-5.682e-05
-4.7859e-05
-3.8646e-05
-2.9217e-05
-1.9608e-05
-9.8565e-06
2.4701e-18
9.9225e-06
1.9872e-05
2.9808e-05
3.9691e-05
4.9481e-05
5.9139e-05
6.8625e-05
7.79e-05
8.6925e-05
9.5662e-05
0.00010408
0.00011213
0.00011979
0.00012702
0.00013379
0.00014007
0.00014584
0.00015106
0.00015571
0.00015978
0.00016323
0.00016606
0.00016824
0.00016976
0.00017062
0.00017081
0.00017032
0.00016915
0.0001673
0.00016477
0.00016157
0.00015771
0.0001532
0.00014805
0.00014229
0.00013592
0.00012897
0.00012147
0.00011345
0.00010492
9.5926e-05
8.6499e-05
7.6672e-05
6.6483e-05
5.5971e-05
4.5175e-05
3.4136e-05
2.2898e-05
1.1505e-05
-9.008e-19
-1.1571e-05
-2.3162e-05
-3.4726e-05
-4.6219e-05
-5.7593e-05
-6.8802e-05
-7.9802e-05
-9.0546e-05
-0.00010099
-0.00011109
-0.00012081
-0.0001301
-0.00013892
-0.00014725
-0.00015503
-0.00016224
-0.00016884
-0.00017481
-0.00018012
-0.00018474
-0.00018866
-0.00019184
-0.00019428
-0.00019596
-0.00019688
-0.00019701
-0.00019636
-0.00019493
-0.00019272
-0.00018974
-0.00018598
-0.00018146
-0.0001762
-0.00017022
-0.00016352
-0.00015614
-0.00014811
-0.00013944
-0.00013018
-0.00012035
-0.00010999
-9.9145e-05
-8.7849e-05
-7.6147e-05
-6.4082e-05
-5.1703e-05
-3.9055e-05
-2.6188e-05
-1.3153e-05
-1.2344e-18
1.3219e-05
2.6452e-05
3.9645e-05
5.2747e-05
6.5705e-05
7.8466e-05
9.0978e-05
0.00010319
0.00011506
0.00012652
0.00013754
0.00014807
0.00015806
0.00016747
0.00017626
0.0001844
0.00019185
0.00019856
0.00020453
0.00020971
0.00021408
0.00021763
0.00022032
0.00022216
0.00022312
0.00022321
0.00022241
0.00022072
0.00021815
0.0002147
0.00021039
0.00020521
0.00019921
0.00019238
0.00018476
0.00017637
0.00016724
0.00015741
0.00014691
0.00013578
0.00012406
0.00011179
9.9026e-05
8.581e-05
7.2194e-05
5.8231e-05
4.3974e-05
2.9478e-05
1.4801e-05
-2.779e-18
-1.4867e-05
-2.9742e-05
-4.4564e-05
-5.9275e-05
-7.3816e-05
-8.8129e-05
-0.00010216
-0.00011584
-0.00012912
-0.00014195
-0.00015427
-0.00016604
-0.00017719
-0.0001877
-0.0001975
-0.00020656
-0.00021485
-0.00022232
-0.00022893
-0.00023467
-0.00023951
-0.00024341
-0.00024637
-0.00024836
-0.00024937
-0.00024941
-0.00024845
-0.0002465
-0.00024357
-0.00023967
-0.00023479
-0.00022897
-0.00022221
-0.00021454
-0.000206
-0.0001966
-0.00018638
-0.00017538
-0.00016364
-0.00015121
-0.00013812
-0.00012444
-0.0001102
-9.5473e-05
-8.0306e-05
-6.4759e-05
-4.8892e-05
-3.2768e-05
-1.645e-05
2.5783e-19
1.6515e-05
3.3032e-05
4.9483e-05
6.5803e-05
8.1928e-05
9.7792e-05
0.00011333
0.00012848
0.00014319
0.00015738
0.000171
0.00018401
0.00019633
0.00020792
0.00021874
0.00022873
0.00023785
0.00024607
0.00025334
0.00025964
0.00026493
0.0002692
0.00027241
0.00027456
0.00027562
0.00027561
0.00027449
0.00027229
0.000269
0.00026463
0.0002592
0.00025272
0.00024521
0.00023671
0.00022723
0.00021682
0.00020551
0.00019335
0.00018038
0.00016664
0.00015219
0.00013708
0.00012138
0.00010514
8.8417e-05
7.1287e-05
5.3811e-05
3.6058e-05
1.8098e-05
-5.3775e-18
-1.8164e-05
-3.6322e-05
-5.4401e-05
-7.2331e-05
-9.004e-05
-0.00010746
-0.00012451
-0.00014113
-0.00015725
-0.00017281
-0.00018774
-0.00020198
-0.00021546
-0.00022815
-0.00023997
-0.00025089
-0.00026085
-0.00026982
-0.00027775
-0.0002846
-0.00029036
-0.00029498
-0.00029845
-0.00030076
-0.00030187
-0.0003018
-0.00030054
-0.00029808
-0.00029443
-0.0002896
-0.00028361
-0.00027647
-0.00026822
-0.00025887
-0.00024847
-0.00023705
-0.00022465
-0.00021132
-0.00019711
-0.00018207
-0.00016625
-0.00014973
-0.00013256
-0.0001148
-9.6529e-05
-7.7815e-05
-5.873e-05
-3.9348e-05
-1.9746e-05
2.4704e-18
1.9812e-05
3.9612e-05
5.932e-05
7.886e-05
9.8152e-05
0.00011712
0.00013569
0.00015378
0.00017132
0.00018824
0.00020447
0.00021994
0.0002346
0.00024837
0.00026121
0.00027306
0.00028386
0.00029357
0.00030215
0.00030957
0.00031578
0.00032077
0.0003245
0.00032695
0.00032812
0.000328
0.00032658
0.00032386
0.00031985
0.00031456
0.00030801
0.00030022
0.00029122
0.00028103
0.00026971
0.00025727
0.00024379
0.00022929
0.00021384
0.0001975
0.00018032
0.00016238
0.00014373
0.00012446
0.00010464
8.4343e-05
6.3649e-05
4.2638e-05
2.1394e-05
1.0026e-18
-2.146e-05
-4.2902e-05
-6.4239e-05
-8.5388e-05
-0.00010626
-0.00012678
-0.00014686
-0.00016642
-0.00018538
-0.00020367
-0.0002212
-0.00023791
-0.00025374
-0.0002686
-0.00028245
-0.00029522
-0.00030686
-0.00031732
-0.00032656
-0.00033453
-0.00034121
-0.00034655
-0.00035054
-0.00035315
-0.00035437
-0.0003542
-0.00035262
-0.00034965
-0.00034528
-0.00033953
-0.00033242
-0.00032397
-0.00031422
-0.0003032
-0.00029094
-0.0002775
-0.00026292
-0.00024726
-0.00023057
-0.00021293
-0.00019438
-0.00017502
-0.00015491
-0.00013413
-0.00011275
-9.0871e-05
-6.8568e-05
-4.5928e-05
-2.3043e-05
5.4034e-18
2.3108e-05
4.6192e-05
6.9158e-05
9.1916e-05
0.00011437
0.00013645
0.00015804
0.00017907
0.00019945
0.0002191
0.00023793
0.00025588
0.00027287
0.00028883
0.00030368
0.00031738
0.00032986
0.00034107
0.00035097
0.0003595
0.00036663
0.00037234
0.00037658
0.00037935
0.00038062
0.0003804
0.00037867
0.00037543
0.0003707
0.00036449
0.00035682
0.00034773
0.00033722
0.00032536
0.00031218
0.00029773
0.00028206
0.00026523
0.0002473
0.00022835
0.00020845
0.00018767
0.00016609
0.00014379
0.00012086
9.7399e-05
7.3486e-05
4.9218e-05
2.4691e-05
-1.5445e-18
-2.4757e-05
-4.9482e-05
-7.4077e-05
-9.8444e-05
-0.00012249
-0.00014611
-0.00016922
-0.00019171
-0.00021351
-0.00023453
-0.00025467
-0.00027385
-0.00029201
-0.00030905
-0.00032492
-0.00033955
-0.00035287
-0.00036483
-0.00037537
-0.00038446
-0.00039206
-0.00039812
-0.00040262
-0.00040555
-0.00040688
-0.0004066
-0.00040471
-0.00040122
-0.00039613
-0.00038946
-0.00038123
-0.00037148
-0.00036023
-0.00034753
-0.00033342
-0.00031795
-0.00030119
-0.0002832
-0.00026404
-0.00024378
-0.00022252
-0.00020031
-0.00017726
-0.00015345
-0.00012898
-0.00010393
-7.8405e-05
-5.2508e-05
-2.6339e-05
9.0567e-18
2.6405e-05
5.2772e-05
7.8995e-05
0.00010497
0.0001306
0.00015577
0.00018039
0.00020436
0.00022758
0.00024996
0.0002714
0.00029182
0.00031114
0.00032928
0.00034616
0.00036171
0.00037587
0.00038858
0.00039978
0.00040943
0.00041748
0.00042391
0.00042867
0.00043175
0.00043312
0.00043279
0.00043075
0.000427
0.00042155
0.00041442
0.00040564
0.00039523
0.00038323
0.00036969
0.00035465
0.00033818
0.00032033
0.00030117
0.00028077
0.00025921
0.00023658
0.00021296
0.00018844
0.00016312
0.00013709
0.00011046
8.3324e-05
5.5798e-05
2.7987e-05
-4.812e-18
-2.8053e-05
-5.6062e-05
-8.3914e-05
-0.0001115
-0.00013871
-0.00016544
-0.00019157
-0.00021701
-0.00024164
-0.00026539
-0.00028813
-0.00030979
-0.00033028
-0.0003495
-0.00036739
-0.00038387
-0.00039887
-0.00041233
-0.00042419
-0.0004344
-0.00044291
-0.00044969
-0.00045471
-0.00045794
-0.00045937
-0.00045899
-0.00045679
-0.00045279
-0.00044698
-0.00043939
-0.00043004
-0.00041898
-0.00040623
-0.00039185
-0.00037589
-0.0003584
-0.00033946
-0.00031914
-0.0002975
-0.00027464
-0.00025065
-0.00022561
-0.00019962
-0.00017278
-0.0001452
-0.00011698
-8.8243e-05
-5.9088e-05
-2.9636e-05
1.1699e-21
2.9701e-05
5.9352e-05
8.8833e-05
0.00011803
0.00014682
0.0001751
0.00020275
0.00022965
0.00025571
0.00028081
0.00030486
0.00032776
0.00034941
0.00036973
0.00038863
0.00040604
0.00042188
0.00043608
0.00044859
0.00045936
0.00046833
0.00047548
0.00048075
0.00048414
0.00048562
0.00048519
0.00048284
0.00047857
0.0004724
0.00046435
0.00045445
0.00044273
0.00042924
0.00041402
0.00039713
0.00037863
0.0003586
0.00033711
0.00031423
0.00029007
0.00026471
0.00023825
0.00021079
0.00018244
0.00015331
0.00012351
9.3161e-05
6.2378e-05
3.1284e-05
-8.7997e-18
-3.135e-05
-6.2642e-05
-9.3752e-05
-0.00012456
-0.00015493
-0.00018476
-0.00021392
-0.0002423
-0.00026978
-0.00029624
-0.0003216
-0.00034573
-0.00036855
-0.00038996
-0.00040987
-0.0004282
-0.00044488
-0.00045983
-0.000473
-0.00048433
-0.00049376
-0.00050126
-0.0005068
-0.00051034
-0.00051187
-0.00051139
-0.00050888
-0.00050436
-0.00049783
-0.00048932
-0.00047886
-0.00046648
-0.00045224
-0.00043618
-0.00041836
-0.00039886
-0.00037773
-0.00035507
-0.00033097
-0.0003055
-0.00027878
-0.0002509
-0.00022197
-0.00019211
-0.00016142
-0.00013004
-9.808e-05
-6.5668e-05
-3.2932e-05
-1.1318e-17
3.2965e-05
6.58e-05
9.8375e-05
0.00013056
0.00016223
0.00019327
0.00022353
0.00025292
0.00028131
0.00030859
0.00033465
0.00035939
0.00038271
0.00040452
0.00042473
0.00044327
0.00046006
0.00047503
0.00048813
0.0004993
0.00050851
0.0005157
0.00052086
0.00052396
0.000525
0.00052396
0.00052086
0.0005157
0.00050851
0.0004993
0.00048813
0.00047503
0.00046006
0.00044327
0.00042473
0.00040452
0.00038271
0.00035939
0.00033465
0.00030859
0.00028131
0.00025292
0.00022353
0.00019327
0.00016223
0.00013056
9.8375e-05
6.58e-05
3.2965e-05
2.0568e-18
-3.2965e-05
-6.58e-05
-9.8375e-05
-0.00013056
-0.00016223
-0.00019327
-0.00022353
-0.00025292
-0.00028131
-0.00030859
-0.00033465
-0.00035939
-0.00038271
-0.00040452
-0.00042473
-0.00044327
-0.00046006
-0.00047503
-0.00048813
-0.0004993
-0.00050851
-0.0005157
-0.00052086
-0.00052396
-0.000525
-0.00052396
-0.00052086
-0.0005157
-0.00050851
-0.0004993
-0.00048813
-0.00047503
-0.00046006
-0.00044327
-0.00042473
-0.00040452
-0.00038271
-0.00035939
-0.00033465
-0.00030859
-0.00028131
-0.00025292
-0.00022353
-0.00019327
-0.00016223
-0.00013056
-9.8375e-05
-6.58e-05
-3.2965e-05
-7.7166e-18
3.2965e-05
6.58e-05
9.8375e-05
0.00013056
0.00016223
0.00019327
0.00022353
0.00025292
0.00028131
0.00030859
0.00033465
0.00035939
0.00038271
0.00040452
0.00042473
0.00044327
0.00046006
0.00047503
0.00048813
0.0004993
0.00050851
0.0005157
0.00052086
0.00052396
0.000525
0.00052396
0.00052086
0.0005157
0.00050851
0.0004993
0.00048813
0.00047503
0.00046006
0.00044327
0.00042473
0.00040452
0.00038271
0.00035939
0.00033465
0.00030859
0.00028131
0.00025292
0.00022353
0.00019327
0.00016223
0.00013056
9.8375e-05
6.58e-05
3.2965e-05
1.3376e-17
-3.2965e-05
-6.58e-05
-9.8375e-05
-0.00013056
-0.00016223
-0.00019327
-0.00022353
-0.00025292
-0.00028131
-0.00030859
-0.00033465
-0.00035939
-0.00038271
-0.00040452
-0.00042473
-0.00044327
-0.00046006
-0.00047503
-0.00048813
-0.0004993
-0.00050851
-0.0005157
-0.00052086
-0.00052396
-0.000525
-0.00052396
-0.00052086
-0.0005157
-0.00050851
-0.0004993
-0.00048813
-0.00047503
-0.00046006
-0.00044327
-0.00042473
-0.00040452
-0.00038271
-0.00035939
-0.00033465
-0.00030859
-0.00028131
-0.00025292
-0.00022353
-0.00019327
-0.00016223
-0.00013056
-9.8375e-05
-6.58e-05
-3.2965e-05
-4.1148e-18
3.2965e-05
6.58e-05
9.8375e-05
0.00013056
0.00016223
0.00019327
0.00022353
0.00025292
0.00028131
0.00030859
0.00033465
0.00035939
0.00038271
0.00040452
0.00042473
0.00044327
0.00046006
0.00047503
0.00048813
0.0004993
0.00050851
0.0005157
0.00052086
0.00052396
0.000525
0.00052396
0.00052086
0.0005157
0.00050851
0.0004993
0.00048813
0.00047503
0.00046006
0.00044327
0.00042473
0.00040452
0.00038271
0.00035939
0.00033465
0.00030859
0.00028131
0.00025292
0.00022353
0.00019327
0.00016223
0.00013056
9.8375e-05
6.58e-05
3.2965e-05
9.7746e-18
-3.2965e-05
-6.58e-05
-9.8375e-05
-0.00013056
-0.00016223
-0.00019327
-0.00022353
-0.00025292
-0.00028131
-0.00030859
-0.00033465
-0.00035939
-0.00038271
-0.00040452
-0.00042473
-0.00044327
-0.00046006
-0.00047503
-0.00048813
-0.0004993
-0.00050851
-0.0005157
-0.00052086
-0.00052396
-0.000525
-0.00052396
-0.00052086
-0.0005157
-0.00050851
-0.0004993
-0.00048813
-0.00047503
-0.00046006
-0.00044327
-0.00042473
-0.00040452
-0.00038271
-0.00035939
-0.00033465
-0.00030859
-0.00028131
-0.00025292
-0.00022353
-0.00019327
-0.00016223
-0.00013056
-9.8375e-05
-6.58e-05
-3.2965e-05
-5.1305e-19
3.2965e-05
6.58e-05
9.8375e-05
0.00013056
0.00016223
0.00019327
0.00022353
0.00025292
0.00028131
0.00030859
0.00033465
0.00035939
0.00038271
0.00040452
0.00042473
0.00044327
0.00046006
0.00047503
0.00048813
0.0004993
0.00050851
0.0005157
0.00052086
0.00052396
0.000525
0.00052396
0.00052086
0.0005157
0.00050851
0.0004993
0.00048813
0.00047503
0.00046006
0.00044327
0.00042473
0.00040452
0.00038271
0.00035939
0.00033465
0.00030859
0.00028131
0.00025292
0.00022353
0.00019327
0.00016223
0.00013056
9.8375e-05
6.58e-05
3.2965e-05
6.1729e-18
-3.2965e-05
-6.58e-05
-9.8375e-05
-0.00013056
-0.00016223
-0.00019327
-0.00022353
-0.00025292
-0.00028131
-0.00030859
-0.00033465
-0.00035939
-0.00038271
-0.00040452
-0.00042473
-0.00044327
-0.00046006
-0.00047503
-0.00048813
-0.0004993
-0.00050851
-0.0005157
-0.00052086
-0.00052396
-0.000525
-0.00052396
-0.00052086
-0.0005157
-0.00050851
-0.0004993
-0.00048813
-0.00047503
-0.00046006
-0.00044327
-0.00042473
-0.00040452
-0.00038271
-0.00035939
-0.00033465
-0.00030859
-0.00028131
-0.00025292
-0.00022353
-0.00019327
-0.00016223
-0.00013056
-9.8375e-05
-6.58e-05
-3.2965e-05
-1.1833e-17
3.2965e-05
6.58e-05
9.8375e-05
0.00013056
0.00016223
0.00019327
0.00022353
0.00025292
0.00028131
0.00030859
0.00033465
0.00035939
0.00038271
0.00040452
0.00042473
0.00044327
0.00046006
0.00047503
0.00048813
0.0004993
0.00050851
0.0005157
0.00052086
0.00052396
0.000525
0.00052396
0.00052086
0.0005157
0.00050851
0.0004993
0.00048813
0.00047503
0.00046006
0.00044327
0.00042473
0.00040452
0.00038271
0.00035939
0.00033465
0.00030859
0.00028131
0.00025292
0.00022353
0.00019327
0.00016223
0.00013056
9.8375e-05
6.58e-05
3.2965e-05
2.5711e-18
-3.2965e-05
-6.58e-05
-9.8375e-05
-0.00013056
-0.00016223
-0.00019327
-0.00022353
-0.00025292
-0.00028131
-0.00030859
-0.00033465
-0.00035939
-0.00038271
-0.00040452
-0.00042473
-0.00044327
-0.00046006
-0.00047503
-0.00048813
-0.0004993
-0.00050851
-0.0005157
-0.00052086
-0.00052396
-0.000525
-0.00052396
-0.00052086
-0.0005157
-0.00050851
-0.0004993
-0.00048813
-0.00047503
-0.00046006
-0.00044327
-0.00042473
-0.00040452
-0.00038271
-0.00035939
-0.00033465
-0.00030859
-0.00028131
-0.00025292
-0.00022353
-0.00019327
-0.00016223
-0.00013056
-9.8375e-05
-6.58e-05
-3.2965e-05
-8.2309e-18
3.2965e-05
6.58e-05
9.8375e-05
0.00013056
0.00016223
0.00019327
0.00022353
0.00025292
0.00028131
0.00030859
0.00033465
0.00035939
0.00038271
0.00040452
0.00042473
0.00044327
0.00046006
0.00047503
0.00048813
0.0004993
0.00050851
0.0005157
0.00052086
0.00052396
0.000525
0.00052396
0.00052086
0.0005157
0.00050851
0.0004993
0.00048813
0.00047503
0.00046006
0.00044327
0.00042473
0.00040452
0.00038271
0.00035939
0.00033465
0.00030859
0.00028131
0.00025292
0.00022353
0.00019327
0.00016223
0.00013056
9.8375e-05
6.58e-05
3.2965e-05
-1.0307e-18
-3.2965e-05
-6.58e-05
-9.8375e-05
-0.00013056
-0.00016223
-0.00019327
-0.00022353
-0.00025292
-0.00028131
-0.00030859
-0.00033465
-0.00035939
-0.00038271
-0.00040452
-0.00042473
-0.00044327
-0.00046006
-0.00047503
-0.00048813
-0.0004993
-0.00050851
-0.0005157
-0.00052086
-0.00052396
-0.000525
-0.00052396
-0.00052086
-0.0005157
-0.00050851
-0.0004993
-0.00048813
-0.00047503
-0.00046006
-0.00044327
-0.00042473
-0.00040452
-0.00038271
-0.00035939
-0.00033465
-0.00030859
-0.00028131
-0.00025292
-0.00022353
-0.00019327
-0.00016223
-0.00013056
-9.8375e-05
-6.58e-05
-3.2965e-05
-4.6292e-18
3.2965e-05
6.58e-05
9.8375e-05
0.00013056
0.00016223
0.00019327
0.00022353
0.00025292
0.00028131
0.00030859
0.00033465
0.00035939
0.00038271
0.00040452
0.00042473
0.00044327
0.00046006
0.00047503
0.00048813
0.0004993
0.00050851
0.0005157
0.00052086
0.00052396
0.000525
0.00052396
0.00052086
0.0005157
0.00050851
0.0004993
0.00048813
0.00047503
0.00046006
0.00044327
0.00042473
0.00040452
0.00038271
0.00035939
0.00033465
0.00030859
0.00028131
0.00025292
0.00022353
0.00019327
0.00016223
0.00013056
9.8375e-05
6.58e-05
3.2965e-05
1.0289e-17
-3.2965e-05
-6.58e-05
-9.8375e-05
-0.00013056
-0.00016223
-0.00019327
-0.00022353
-0.00025292
-0.00028131
-0.00030859
-0.00033465
-0.00035939
-0.00038271
-0.00040452
-0.00042473
-0.00044327
-0.00046006
-0.00047503
-0.00048813
-0.0004993
-0.00050851
-0.0005157
-0.00052086
-0.00052396
-0.000525
-0.00052396
-0.00052086
-0.0005157
-0.00050851
-0.0004993
-0.00048813
-0.00047503
-0.00046006
-0.00044327
-0.00042473
-0.00040452
-0.00038271
-0.00035939
-0.00033465
-0.00030859
-0.00028131
-0.00025292
-0.00022353
-0.00019327
-0.00016223
-0.00013056
-9.8375e-05
-6.58e-05
-3.2965e-05
-1.0274e-18
3.2965e-05
6.58e-05
9.8375e-05
0.00013056
0.00016223
0.00019327
0.00022353
0.00025292
0.00028131
0.00030859
0.00033465
0.00035939
0.00038271
0.00040452
0.00042473
0.00044327
0.00046006
0.00047503
0.00048813
0.0004993
0.00050851
0.0005157
0.00052086
0.00052396
0.000525
0.00052396
0.00052086
0.0005157
0.00050851
0.0004993
0.00048813
0.00047503
0.00046006
0.00044327
0.00042473
0.00040452
0.00038271
0.00035939
0.00033465
0.00030859
0.00028131
0.00025292
0.00022353
0.00019327
0.00016223
0.00013056
9.8375e-05
6.58e-05
3.2965e-05
6.6872e-18
-3.2965e-05
-6.58e-05
-9.8375e-05
-0.00013056
-0.00016223
-0.00019327
-0.00022353
-0.00025292
-0.00028131
-0.00030859
-0.00033465
-0.00035939
-0.00038271
-0.00040452
-0.00042473
-0.00044327
-0.00046006
-0.00047503
-0.00048813
-0.0004993
-0.00050851
-0.0005157
-0.00052086
-0.00052396
-0.000525
-0.00052396
-0.00052086
-0.0005157
-0.00050851
-0.0004993
-0.00048813
-0.00047503
-0.00046006
-0.00044327
-0.00042473
-0.00040452
-0.00038271
-0.00035939
-0.00033465
-0.00030859
-0.00028131
-0.00025292
-0.00022353
-0.00019327
-0.00016223
-0.00013056
-9.8375e-05
-6.58e-05
-3.2965e-05
2.5744e-18
3.2965e-05
6.58e-05
9.8375e-05
0.00013056
0.00016223
0.00019327
0.00022353
0.00025292
0.00028131
0.00030859
0.00033465
0.00035939
0.00038271
0.00040452
0.00042473
0.00044327
0.00046006
0.00047503
0.00048813
0.0004993
0.00050851
0.0005157
0.00052086
0.00052396
0.000525
0.00052396
0.00052086
0.0005157
0.00050851
0.0004993
0.00048813
0.00047503
0.00046006
0.00044327
0.00042473
0.00040452
0.00038271
0.00035939
0.00033465
0.00030859
0.00028131
0.00025292
0.00022353
0.00019327
0.00016223
0.00013056
9.8375e-05
6.58e-05
3.2965e-05
3.0855e-18
-3.2965e-05
-6.58e-05
-9.8375e-05
-0.00013056
-0.00016223
-0.00019327
-0.00022353
-0.00025292
-0.00028131
-0.00030859
-0.00033465
-0.00035939
-0.00038271
-0.00040452
-0.00042473
-0.00044327
-0.00046006
-0.00047503
-0.00048813
-0.0004993
-0.00050851
-0.0005157
-0.00052086
-0.00052396
-0.000525
-0.00052396
-0.00052086
-0.0005157
-0.00050851
-0.0004993
-0.00048813
-0.00047503
-0.00046006
-0.00044327
-0.00042473
-0.00040452
-0.00038271
-0.00035939
-0.00033465
-0.00030859
-0.00028131
-0.00025292
-0.00022353
-0.00019327
-0.00016223
-0.00013056
-9.8375e-05
-6.58e-05
-3.2965e-05
-8.7453e-18
3.2965e-05
6.58e-05
9.8375e-05
0.00013056
0.00016223
0.00019327
0.00022353
0.00025292
0.00028131
0.00030859
0.00033465
0.00035939
0.00038271
0.00040452
0.00042473
0.00044327
0.00046006
0.00047503
0.00048813
0.0004993
0.00050851
0.0005157
0.00052086
0.00052396
0.000525
0.00052396
0.00052086
0.0005157
0.00050851
0.0004993
0.00048813
0.00047503
0.00046006
0.00044327
0.00042473
0.00040452
0.00038271
0.00035939
0.00033465
0.00030859
0.00028131
0.00025292
0.00022353
0.00019327
0.00016223
0.00013056
9.8375e-05
6.58e-05
3.2965e-05
-5.163e-19
-3.2965e-05
-6.58e-05
-9.8375e-05
-0.00013056
-0.00016223
-0.00019327
-0.00022353
-0.00025292
-0.00028131
-0.00030859
-0.00033465
-0.00035939
-0.00038271
-0.00040452
-0.00042473
-0.00044327
-0.00046006
-0.00047503
-0.00048813
-0.0004993
-0.00050851
-0.0005157
-0.00052086
-0.00052396
-0.000525
-0.00052396
-0.00052086
-0.0005157
-0.00050851
-0.0004993
-0.00048813
-0.00047503
-0.00046006
-0.00044327
-0.00042473
-0.00040452
-0.00038271
-0.00035939
-0.00033465
-0.00030859
-0.00028131
-0.00025292
-0.00022353
-0.00019327
-0.00016223
-0.00013056
-9.8375e-05
-6.58e-05
-3.2965e-05
-5.1435e-18
3.2965e-05
6.58e-05
9.8375e-05
0.00013056
0.00016223
0.00019327
0.00022353
0.00025292
0.00028131
0.00030859
0.00033465
0.00035939
0.00038271
0.00040452
0.00042473
0.00044327
0.00046006
0.00047503
0.00048813
0.0004993
0.00050851
0.0005157
0.00052086
0.00052396
0.000525
0.00052396
0.00052086
0.0005157
0.00050851
0.0004993
0.00048813
0.00047503
0.00046006
0.00044327
0.00042473
0.00040452
0.00038271
0.00035939
0.00033465
0.00030859
0.00028131
0.00025292
0.00022353
0.00019327
0.00016223
0.00013056
9.8375e-05
6.58e-05
3.2965e-05
1.0803e-17
-3.2965e-05
-6.58e-05
-9.8375e-05
-0.00013056
-0.00016223
-0.00019327
-0.00022353
-0.00025292
-0.00028131
-0.00030859
-0.00033465
-0.00035939
-0.00038271
-0.00040452
-0.00042473
-0.00044327
-0.00046006
-0.00047503
-0.00048813
-0.0004993
-0.00050851
-0.0005157
-0.00052086
-0.00052396
-0.000525
-0.00052396
-0.00052086
-0.0005157
-0.00050851
-0.0004993
-0.00048813
-0.00047503
-0.00046006
-0.00044327
-0.00042473
-0.00040452
-0.00038271
-0.00035939
-0.00033465
-0.00030859
-0.00028131
-0.00025292
-0.00022353
-0.00019327
-0.00016223
-0.00013056
-9.8375e-05
-6.58e-05
-3.2965e-05
-1.6463e-17
3.2965e-05
6.58e-05
9.8375e-05
0.00013056
0.00016223
0.00019327
0.00022353
0.00025292
0.00028131
0.00030859
0.00033465
0.00035939
0.00038271
0.00040452
0.00042473
0.00044327
0.00046006
0.00047503
0.00048813
0.0004993
0.00050851
0.0005157
0.00052086
0.00052396
0.000525
0.00052396
0.00052086
0.0005157
0.00050851
0.0004993
0.00048813
0.00047503
0.00046006
0.00044327
0.00042473
0.00040452
0.00038271
0.00035939
0.00033465
0.00030859
0.00028131
0.00025292
0.00022353
0.00019327
0.00016223
0.00013056
9.8375e-05
6.58e-05
3.2965e-05
-7.7198e-18
-3.2965e-05
-6.58e-05
-9.8375e-05
-0.00013056
-0.00016223
-0.00019327
-0.00022353
-0.00025292
-0.00028131
-0.00030859
-0.00033465
-0.00035939
-0.00038271
-0.00040452
-0.00042473
-0.00044327
-0.00046006
-0.00047503
-0.00048813
-0.0004993
-0.00050851
-0.0005157
-0.00052086
-0.00052396
-0.000525
-0.00052396
-0.00052086
-0.0005157
-0.00050851
-0.0004993
-0.00048813
-0.00047503
-0.00046006
-0.00044327
-0.00042473
-0.00040452
-0.00038271
-0.00035939
-0.00033465
-0.00030859
-0.00028131
-0.00025292
-0.00022353
-0.00019327
-0.00016223
-0.00013056
-9.8375e-05
-6.58e-05
-3.2965e-05
2.06e-18
3.2965e-05
6.58e-05
9.8375e-05
0.00013056
0.00016223
0.00019327
0.00022353
0.00025292
0.00028131
0.00030859
0.00033465
0.00035939
0.00038271
0.00040452
0.00042473
0.00044327
0.00046006
0.00047503
0.00048813
0.0004993
0.00050851
0.0005157
0.00052086
0.00052396
0.000525
0.00052396
0.00052086
0.0005157
0.00050851
0.0004993
0.00048813
0.00047503
0.00046006
0.00044327
0.00042473
0.00040452
0.00038271
0.00035939
0.00033465
0.00030859
0.00028131
0.00025292
0.00022353
0.00019327
0.00016223
0.00013056
9.8375e-05
6.58e-05
3.2965e-05
3.5998e-18
-3.2965e-05
-6.58e-05
-9.8375e-05
-0.00013056
-0.00016223
-0.00019327
-0.00022353
-0.00025292
-0.00028131
-0.00030859
-0.00033465
-0.00035939
-0.00038271
-0.00040452
-0.00042473
-0.00044327
-0.00046006
-0.00047503
-0.00048813
-0.0004993
-0.00050851
-0.0005157
-0.00052086
-0.00052396
-0.000525
-0.00052396
-0.00052086
-0.0005157
-0.00050851
-0.0004993
-0.00048813
-0.00047503
-0.00046006
-0.00044327
-0.00042473
-0.00040452
-0.00038271
-0.00035939
-0.00033465
-0.00030859
-0.00028131
-0.00025292
-0.00022353
-0.00019327
-0.00016223
-0.00013056
-9.8375e-05
-6.58e-05
-3.2965e-05
-9.2596e-18
3.2965e-05
6.58e-05
9.8375e-05
0.00013056
0.00016223
0.00019327
0.00022353
0.00025292
0.00028131
0.00030859
0.00033465
0.00035939
0.00038271
0.00040452
0.00042473
0.00044327
0.00046006
0.00047503
0.00048813
0.0004993
0.00050851
0.0005157
0.00052086
0.00052396
0.000525
0.00052396
0.00052086
0.0005157
0.00050851
0.0004993
0.00048813
0.00047503
0.00046006
0.00044327
0.00042473
0.00040452
0.00038271
0.00035939
0.00033465
0.00030859
0.00028131
0.00025292
0.00022353
0.00019327
0.00016223
0.00013056
9.8375e-05
6.58e-05
3.2965e-05
-1.4923e-17
-3.2965e-05
-6.58e-05
-9.8375e-05
-0.00013056
-0.00016223
-0.00019327
-0.00022353
-0.00025292
-0.00028131
-0.00030859
-0.00033465
-0.00035939
-0.00038271
-0.00040452
-0.00042473
-0.00044327
-0.00046006
-0.00047503
-0.00048813
-0.0004993
-0.00050851
-0.0005157
-0.00052086
-0.00052396
-0.000525
-0.00052396
-0.00052086
-0.0005157
-0.00050851
-0.0004993
-0.00048813
-0.00047503
-0.00046006
-0.00044327
-0.00042473
-0.00040452
-0.00038271
-0.00035939
-0.00033465
-0.00030859
-0.00028131
-0.00025292
-0.00022353
-0.00019327
-0.00016223
-0.00013056
-9.8375e-05
-6.58e-05
-3.2965e-05
9.2635e-18
3.2965e-05
6.58e-05
9.8375e-05
0.00013056
0.00016223
0.00019327
0.00022353
0.00025292
0.00028131
0.00030859
0.00033465
0.00035939
0.00038271
0.00040452
0.00042473
0.00044327
0.00046006
0.00047503
0.00048813
0.0004993
0.00050851
0.0005157
0.00052086
0.00052396
0.000525
0.00052396
0.00052086
0.0005157
0.00050851
0.0004993
0.00048813
0.00047503
0.00046006
0.00044327
0.00042473
0.00040452
0.00038271
0.00035939
0.00033465
0.00030859
0.00028131
0.00025292
0.00022353
0.00019327
0.00016223
0.00013056
9.8375e-05
6.58e-05
3.2965e-05
-3.6037e-18
-3.2965e-05
-6.58e-05
-9.8375e-05
-0.00013056
-0.00016223
-0.00019327
-0.00022353
-0.00025292
-0.00028131
-0.00030859
-0.00033465
-0.00035939
-0.00038271
-0.00040452
-0.00042473
-0.00044327
-0.00046006
-0.00047503
-0.00048813
-0.0004993
-0.00050851
-0.0005157
-0.00052086
-0.00052396
-0.000525
-0.00052396
-0.00052086
-0.0005157
-0.00050851
-0.0004993
-0.00048813
-0.00047503
-0.00046006
-0.00044327
-0.00042473
-0.00040452
-0.00038271
-0.00035939
-0.00033465
-0.00030859
-0.00028131
-0.00025292
-0.00022353
-0.00019327
-0.00016223
-0.00013056
-9.8375e-05
-6.58e-05
-3.2965e-05
-2.0561e-18
3.2965e-05
6.58e-05
9.8375e-05
0.00013056
0.00016223
0.00019327
0.00022353
0.00025292
0.00028131
0.00030859
0.00033465
0.00035939
0.00038271
0.00040452
0.00042473
0.00044327
0.00046006
0.00047503
0.00048813
0.0004993
0.00050851
0.0005157
0.00052086
0.00052396
0.000525
0.00052396
0.00052086
0.0005157
0.00050851
0.0004993
0.00048813
0.00047503
0.00046006
0.00044327
0.00042473
0.00040452
0.00038271
0.00035939
0.00033465
0.00030859
0.00028131
0.00025292
0.00022353
0.00019327
0.00016223
0.00013056
9.8375e-05
6.58e-05
3.2965e-05
7.7159e-18
-3.2965e-05
-6.58e-05
-9.8375e-05
-0.00013056
-0.00016223
-0.00019327
-0.00022353
-0.00025292
-0.00028131
-0.00030859
-0.00033465
-0.00035939
-0.00038271
-0.00040452
-0.00042473
-0.00044327
-0.00046006
-0.00047503
-0.00048813
-0.0004993
-0.00050851
-0.0005157
-0.00052086
-0.00052396
-0.000525
-0.00052396
-0.00052086
-0.0005157
-0.00050851
-0.0004993
-0.00048813
-0.00047503
-0.00046006
-0.00044327
-0.00042473
-0.00040452
-0.00038271
-0.00035939
-0.00033465
-0.00030859
-0.00028131
-0.00025292
-0.00022353
-0.00019327
-0.00016223
-0.00013056
-9.8375e-05
-6.58e-05
-3.2965e-05
1.6467e-17
3.2965e-05
6.58e-05
9.8375e-05
0.00013056
0.00016223
0.00019327
0.00022353
0.00025292
0.00028131
0.00030859
0.00033465
0.00035939
0.00038271
0.00040452
0.00042473
0.00044327
0.00046006
0.00047503
0.00048813
0.0004993
0.00050851
0.0005157
0.00052086
0.00052396
0.000525
0.00052396
0.00052086
0.0005157
0.00050851
0.0004993
0.00048813
0.00047503
0.00046006
0.00044327
0.00042473
0.00040452
0.00038271
0.00035939
0.00033465
0.00030859
0.00028131
0.00025292
0.00022353
0.00019327
0.00016223
0.00013056
9.8375e-05
6.58e-05
3.2965e-05
-1.0807e-17
-3.2965e-05
-6.58e-05
-9.8375e-05
-0.00013056
-0.00016223
-0.00019327
-0.00022353
-0.00025292
-0.00028131
-0.00030859
-0.00033465
-0.00035939
-0.00038271
-0.00040452
-0.00042473
-0.00044327
-0.00046006
-0.00047503
-0.00048813
-0.0004993
-0.00050851
-0.0005157
-0.00052086
-0.00052396
-0.000525
-0.00052396
-0.00052086
-0.0005157
-0.00050851
-0.0004993
-0.00048813
-0.00047503
-0.00046006
-0.00044327
-0.00042473
-0.00040452
-0.00038271
-0.00035939
-0.00033465
-0.00030859
-0.00028131
-0.00025292
-0.00022353
-0.00019327
-0.00016223
-0.00013056
-9.8375e-05
-6.58e-05
-3.2965e-05
5.1474e-18
3.2965e-05
6.58e-05
9.8375e-05
0.00013056
0.00016223
0.00019327
0.00022353
0.00025292
0.00028131
0.00030859
0.00033465
0.00035939
0.00038271
0.00040452
0.00042473
0.00044327
0.00046006
0.00047503
0.00048813
0.0004993
0.00050851
0.0005157
0.00052086
0.00052396
0.000525
0.00052396
0.00052086
0.0005157
0.00050851
0.0004993
0.00048813
0.00047503
0.00046006
0.00044327
0.00042473
0.00040452
0.00038271
0.00035939
0.00033465
0.00030859
0.00028131
0.00025292
0.00022353
0.00019327
0.00016223
0.00013056
9.8375e-05
6.58e-05
3.2965e-05
5.124e-19
-3.2965e-05
-6.58e-05
-9.8375e-05
-0.00013056
-0.00016223
-0.00019327
-0.00022353
-0.00025292
-0.00028131
-0.00030859
-0.00033465
-0.00035939
-0.00038271
-0.00040452
-0.00042473
-0.00044327
-0.00046006
-0.00047503
-0.00048813
-0.0004993
-0.00050851
-0.0005157
-0.00052086
-0.00052396
-0.000525
-0.00052396
-0.00052086
-0.0005157
-0.00050851
-0.0004993
-0.00048813
-0.00047503
-0.00046006
-0.00044327
-0.00042473
-0.00040452
-0.00038271
-0.00035939
-0.00033465
-0.00030859
-0.00028131
-0.00025292
-0.00022353
-0.00019327
-0.00016223
-0.00013056
-9.8375e-05
-6.58e-05
-3.2965e-05
-6.1722e-18
3.2965e-05
6.58e-05
9.8375e-05
0.00013056
0.00016223
0.00019327
0.00022353
0.00025292
0.00028131
0.00030859
0.00033465
0.00035939
0.00038271
0.00040452
0.00042473
0.00044327
0.00046006
0.00047503
0.00048813
0.0004993
0.00050851
0.0005157
0.00052086
0.00052396
0.000525
0.00052396
0.00052086
0.0005157
0.00050851
0.0004993
0.00048813
0.00047503
0.00046006
0.00044327
0.00042473
0.00040452
0.00038271
0.00035939
0.00033465
0.00030859
0.00028131
0.00025292
0.00022353
0.00019327
0.00016223
0.00013056
9.8375e-05
6.58e-05
3.2965e-05
-1.8011e-17
-3.2965e-05
-6.58e-05
-9.8375e-05
-0.00013056
-0.00016223
-0.00019327
-0.00022353
-0.00025292
-0.00028131
-0.00030859
-0.00033465
-0.00035939
-0.00038271
-0.00040452
-0.00042473
-0.00044327
-0.00046006
-0.00047503
-0.00048813
-0.0004993
-0.00050851
-0.0005157
-0.00052086
-0.00052396
-0.000525
-0.00052396
-0.00052086
-0.0005157
-0.00050851
-0.0004993
-0.00048813
-0.00047503
-0.00046006
-0.00044327
-0.00042473
-0.00040452
-0.00038271
-0.00035939
-0.00033465
-0.00030859
-0.00028131
-0.00025292
-0.00022353
-0.00019327
-0.00016223
-0.00013056
-9.8375e-05
-6.58e-05
-3.2965e-05
1.2351e-17
3.2965e-05
6.58e-05
9.8375e-05
0.00013056
0.00016223
0.00019327
0.00022353
0.00025292
0.00028131
0.00030859
0.00033465
0.00035939
0.00038271
0.00040452
0.00042473
0.00044327
0.00046006
0.00047503
0.00048813
0.0004993
0.00050851
0.0005157
0.00052086
0.00052396
0.000525
0.00052396
0.00052086
0.0005157
0.00050851
0.0004993
0.00048813
0.00047503
0.00046006
0.00044327
0.00042473
0.00040452
0.00038271
0.00035939
0.00033465
0.00030859
0.00028131
0.00025292
0.00022353
0.00019327
0.00016223
0.00013056
9.8375e-05
6.58e-05
3.2965e-05
-6.6911e-18
-3.2965e-05
-6.58e-05
-9.8375e-05
-0.00013056
-0.00016223
-0.00019327
-0.00022353
-0.00025292
-0.00028131
-0.00030859
-0.00033465
-0.00035939
-0.00038271
-0.00040452
-0.00042473
-0.00044327
-0.00046006
-0.00047503
-0.00048813
-0.0004993
-0.00050851
-0.0005157
-0.00052086
-0.00052396
-0.000525
-0.00052396
-0.00052086
-0.0005157
-0.00050851
-0.0004993
-0.00048813
-0.00047503
-0.00046006
-0.00044327
-0.00042473
-0.00040452
-0.00038271
-0.00035939
-0.00033465
-0.00030859
-0.00028131
-0.00025292
-0.00022353
-0.00019327
-0.00016223
-0.00013056
-9.8375e-05
-6.58e-05
-3.2965e-05
1.0313e-18
3.2965e-05
6.58e-05
9.8375e-05
0.00013056
0.00016223
0.00019327
0.00022353
0.00025292
0.00028131
0.00030859
0.00033465
0.00035939
0.00038271
0.00040452
0.00042473
0.00044327
0.00046006
0.00047503
0.00048813
0.0004993
0.00050851
0.0005157
0.00052086
0.00052396
0.000525
0.00052396
0.00052086
0.0005157
0.00050851
0.0004993
0.00048813
0.00047503
0.00046006
0.00044327
0.00042473
0.00040452
0.00038271
0.00035939
0.00033465
0.00030859
0.00028131
0.00025292
0.00022353
0.00019327
0.00016223
0.00013056
9.8375e-05
6.58e-05
3.2965e-05
4.6285e-18
-3.2965e-05
-6.58e-05
-9.8375e-05
-0.00013056
-0.00016223
-0.00019327
-0.00022353
-0.00025292
-0.00028131
-0.00030859
-0.00033465
-0.00035939
-0.00038271
-0.00040452
-0.00042473
-0.00044327
-0.00046006
-0.00047503
-0.00048813
-0.0004993
-0.00050851
-0.0005157
-0.00052086
-0.00052396
-0.000525
-0.00052396
-0.00052086
-0.0005157
-0.00050851
-0.0004993
-0.00048813
-0.00047503
-0.00046006
-0.00044327
-0.00042473
-0.00040452
-0.00038271
-0.00035939
-0.00033465
-0.00030859
-0.00028131
-0.00025292
-0.00022353
-0.00019327
-0.00016223
-0.00013056
-9.8375e-05
-6.58e-05
-3.2965e-05
-1.0288e-17
3.2965e-05
6.58e-05
9.8375e-05
0.00013056
0.00016223
0.00019327
0.00022353
0.00025292
0.00028131
0.00030859
0.00033465
0.00035939
0.00038271
0.00040452
0.00042473
0.00044327
0.00046006
0.00047503
0.00048813
0.0004993
0.00050851
0.0005157
0.00052086
0.00052396
0.000525
0.00052396
0.00052086
0.0005157
0.00050851
0.0004993
0.00048813
0.00047503
0.00046006
0.00044327
0.00042473
0.00040452
0.00038271
0.00035939
0.00033465
0.00030859
0.00028131
0.00025292
0.00022353
0.00019327
0.00016223
0.00013056
9.8375e-05
6.58e-05
3.2965e-05
1.5948e-17
-3.2965e-05
-6.58e-05
-9.8375e-05
-0.00013056
-0.00016223
-0.00019327
-0.00022353
-0.00025292
-0.00028131
-0.00030859
-0.00033465
-0.00035939
-0.00038271
-0.00040452
-0.00042473
-0.00044327
-0.00046006
-0.00047503
-0.00048813
-0.0004993
-0.00050851
-0.0005157
-0.00052086
-0.00052396
-0.000525
-0.00052396
-0.00052086
-0.0005157
-0.00050851
-0.0004993
-0.00048813
-0.00047503
-0.00046006
-0.00044327
-0.00042473
-0.00040452
-0.00038271
-0.00035939
-0.00033465
-0.00030859
-0.00028131
-0.00025292
-0.00022353
-0.00019327
-0.00016223
-0.00013056
-9.8375e-05
-6.58e-05
-3.2965e-05
8.2348e-18
3.2965e-05
6.58e-05
9.8375e-05
0.00013056
0.00016223
0.00019327
0.00022353
0.00025292
0.00028131
0.00030859
0.00033465
0.00035939
0.00038271
0.00040452
0.00042473
0.00044327
0.00046006
0.00047503
0.00048813
0.0004993
0.00050851
0.0005157
0.00052086
0.00052396
0.000525
0.00052396
0.00052086
0.0005157
0.00050851
0.0004993
0.00048813
0.00047503
0.00046006
0.00044327
0.00042473
0.00040452
0.00038271
0.00035939
0.00033465
0.00030859
0.00028131
0.00025292
0.00022353
0.00019327
0.00016223
0.00013056
9.8375e-05
6.58e-05
3.2965e-05
-2.575e-18
-3.2965e-05
-6.58e-05
-9.8375e-05
-0.00013056
-0.00016223
-0.00019327
-0.00022353
-0.00025292
-0.00028131
-0.00030859
-0.00033465
-0.00035939
-0.00038271
-0.00040452
-0.00042473
-0.00044327
-0.00046006
-0.00047503
-0.00048813
-0.0004993
-0.00050851
-0.0005157
-0.00052086
-0.00052396
-0.000525
-0.00052396
-0.00052086
-0.0005157
-0.00050851
-0.0004993
-0.00048813
-0.00047503
-0.00046006
-0.00044327
-0.00042473
-0.00040452
-0.00038271
-0.00035939
-0.00033465
-0.00030859
-0.00028131
-0.00025292
-0.00022353
-0.00019327
-0.00016223
-0.00013056
-9.8375e-05
-6.58e-05
-3.2965e-05
-3.0848e-18
3.2965e-05
6.58e-05
9.8375e-05
0.00013056
0.00016223
0.00019327
0.00022353
0.00025292
0.00028131
0.00030859
0.00033465
0.00035939
0.00038271
0.00040452
0.00042473
0.00044327
0.00046006
0.00047503
0.00048813
0.0004993
0.00050851
0.0005157
0.00052086
0.00052396
0.000525
0.00052396
0.00052086
0.0005157
0.00050851
0.0004993
0.00048813
0.00047503
0.00046006
0.00044327
0.00042473
0.00040452
0.00038271
0.00035939
0.00033465
0.00030859
0.00028131
0.00025292
0.00022353
0.00019327
0.00016223
0.00013056
9.8375e-05
6.58e-05
3.2965e-05
8.7446e-18
-3.2965e-05
-6.58e-05
-9.8375e-05
-0.00013056
-0.00016223
-0.00019327
-0.00022353
-0.00025292
-0.00028131
-0.00030859
-0.00033465
-0.00035939
-0.00038271
-0.00040452
-0.00042473
-0.00044327
-0.00046006
-0.00047503
-0.00048813
-0.0004993
-0.00050851
-0.0005157
-0.00052086
-0.00052396
-0.000525
-0.00052396
-0.00052086
-0.0005157
-0.00050851
-0.0004993
-0.00048813
-0.00047503
-0.00046006
-0.00044327
-0.00042473
-0.00040452
-0.00038271
-0.00035939
-0.00033465
-0.00030859
-0.00028131
-0.00025292
-0.00022353
-0.00019327
-0.00016223
-0.00013056
-9.8375e-05
-6.58e-05
-3.2965e-05
-1.4404e-17
3.2965e-05
6.58e-05
9.8375e-05
0.00013056
0.00016223
0.00019327
0.00022353
0.00025292
0.00028131
0.00030859
0.00033465
0.00035939
0.00038271
0.00040452
0.00042473
0.00044327
0.00046006
0.00047503
0.00048813
0.0004993
0.00050851
0.0005157
0.00052086
0.00052396
0.000525
0.00052396
0.00052086
0.0005157
0.00050851
0.0004993
0.00048813
0.00047503
0.00046006
0.00044327
0.00042473
0.00040452
0.00038271
0.00035939
0.00033465
0.00030859
0.00028131
0.00025292
0.00022353
0.00019327
0.00016223
0.00013056
9.8375e-05
6.58e-05
3.2965e-05
-9.7785e-18
-3.2965e-05
-6.58e-05
-9.8375e-05
-0.00013056
-0.00016223
-0.00019327
-0.00022353
-0.00025292
-0.00028131
-0.00030859
-0.00033465
-0.00035939
-0.00038271
-0.00040452
-0.00042473
-0.00044327
-0.00046006
-0.00047503
-0.00048813
-0.0004993
-0.00050851
-0.0005157
-0.00052086
-0.00052396
-0.000525
-0.00052396
-0.00052086
-0.0005157
-0.00050851
-0.0004993
-0.00048813
-0.00047503
-0.00046006
-0.00044327
-0.00042473
-0.00040452
-0.00038271
-0.00035939
-0.00033465
-0.00030859
-0.00028131
-0.00025292
-0.00022353
-0.00019327
-0.00016223
-0.00013056
-9.8375e-05
-6.58e-05
-3.2965e-05
4.1187e-18
3.2965e-05
6.58e-05
9.8375e-05
0.00013056
0.00016223
0.00019327
0.00022353
0.00025292
0.00028131
0.00030859
0.00033465
0.00035939
0.00038271
0.00040452
0.00042473
0.00044327
0.00046006
0.00047503
0.00048813
0.0004993
0.00050851
0.0005157
0.00052086
0.00052396
0.000525
0.00052396
0.00052086
0.0005157
0.00050851
0.0004993
0.00048813
0.00047503
0.00046006
0.00044327
0.00042473
0.00040452
0.00038271
0.00035939
0.00033465
0.00030859
0.00028131
0.00025292
0.00022353
0.00019327
0.00016223
0.00013056
9.8375e-05
6.58e-05
3.2965e-05
1.5411e-18
-3.2965e-05
-6.58e-05
-9.8375e-05
-0.00013056
-0.00016223
-0.00019327
-0.00022353
-0.00025292
-0.00028131
-0.00030859
-0.00033465
-0.00035939
-0.00038271
-0.00040452
-0.00042473
-0.00044327
-0.00046006
-0.00047503
-0.00048813
-0.0004993
-0.00050851
-0.0005157
-0.00052086
-0.00052396
-0.000525
-0.00052396
-0.00052086
-0.0005157
-0.00050851
-0.0004993
-0.00048813
-0.00047503
-0.00046006
-0.00044327
-0.00042473
-0.00040452
-0.00038271
-0.00035939
-0.00033465
-0.00030859
-0.00028131
-0.00025292
-0.00022353
-0.00019327
-0.00016223
-0.00013056
-9.8375e-05
-6.58e-05
-3.2965e-05
-7.2009e-18
3.2965e-05
6.58e-05
9.8375e-05
0.00013056
0.00016223
0.00019327
0.00022353
0.00025292
0.00028131
0.00030859
0.00033465
0.00035939
0.00038271
0.00040452
0.00042473
0.00044327
0.00046006
0.00047503
0.00048813
0.0004993
0.00050851
0.0005157
0.00052086
0.00052396
0.000525
0.00052396
0.00052086
0.0005157
0.00050851
0.0004993
0.00048813
0.00047503
0.00046006
0.00044327
0.00042473
0.00040452
0.00038271
0.00035939
0.00033465
0.00030859
0.00028131
0.00025292
0.00022353
0.00019327
0.00016223
0.00013056
9.8375e-05
6.58e-05
3.2965e-05
1.2861e-17
-3.2965e-05
-6.58e-05
-9.8375e-05
-0.00013056
-0.00016223
-0.00019327
-0.00022353
-0.00025292
-0.00028131
-0.00030859
-0.00033465
-0.00035939
-0.00038271
-0.00040452
-0.00042473
-0.00044327
-0.00046006
-0.00047503
-0.00048813
-0.0004993
-0.00050851
-0.0005157
-0.00052086
-0.00052396
-0.000525
-0.00052396
-0.00052086
-0.0005157
-0.00050851
-0.0004993
-0.00048813
-0.00047503
-0.00046006
-0.00044327
-0.00042473
-0.00040452
-0.00038271
-0.00035939
-0.00033465
-0.00030859
-0.00028131
-0.00025292
-0.00022353
-0.00019327
-0.00016223
-0.00013056
-9.8375e-05
-6.58e-05
-3.2965e-05
1.1322e-17
3.2965e-05
6.58e-05
9.8375e-05
0.00013056
0.00016223
0.00019327
0.00022353
0.00025292
0.00028131
0.00030859
0.00033465
0.00035939
0.00038271
0.00040452
0.00042473
0.00044327
0.00046006
0.00047503
0.00048813
0.0004993
0.00050851
0.0005157
0.00052086
0.00052396
0.000525
0.00052396
0.00052086
0.0005157
0.00050851
0.0004993
0.00048813
0.00047503
0.00046006
0.00044327
0.00042473
0.00040452
0.00038271
0.00035939
0.00033465
0.00030859
0.00028131
0.00025292
0.00022353
0.00019327
0.00016223
0.00013056
9.8375e-05
6.58e-05
3.2965e-05
-5.6624e-18
-3.2965e-05
-6.58e-05
-9.8375e-05
-0.00013056
-0.00016223
-0.00019327
-0.00022353
-0.00025292
-0.00028131
-0.00030859
-0.00033465
-0.00035939
-0.00038271
-0.00040452
-0.00042473
-0.00044327
-0.00046006
-0.00047503
-0.00048813
-0.0004993
-0.00050851
-0.0005157
-0.00052086
-0.00052396
-0.000525
-0.00052396
-0.00052086
-0.0005157
-0.00050851
-0.0004993
-0.00048813
-0.00047503
-0.00046006
-0.00044327
-0.00042473
-0.00040452
-0.00038271
-0.00035939
-0.00033465
-0.00030859
-0.00028131
-0.00025292
-0.00022353
-0.00019327
-0.00016223
-0.00013056
-9.8375e-05
-6.58e-05
-3.2965e-05
2.5971e-21
3.2899e-05
6.5603e-05
9.7982e-05
0.00012991
0.00016126
0.00019191
0.00022175
0.00025064
0.0002785
0.00030519
0.00033063
0.00035472
0.00037735
0.00039845
0.00041794
0.00043574
0.00045178
0.00046601
0.00047837
0.00048882
0.00049732
0.00050384
0.00050836
0.00051086
0.00051135
0.00050982
0.00050628
0.00050075
0.00049325
0.00048383
0.00047251
0.00045936
0.00044442
0.00042776
0.00040944
0.00038955
0.00036817
0.00034537
0.00032126
0.00029594
0.00026949
0.00024205
0.0002137
0.00018457
0.00015477
0.00012443
9.3653e-05
6.2576e-05
3.1317e-05
5.3687e-18
-3.1251e-05
-6.2313e-05
-9.3063e-05
-0.00012338
-0.00015315
-0.00018225
-0.00021057
-0.000238
-0.00026443
-0.00028976
-0.0003139
-0.00033675
-0.00035822
-0.00037823
-0.0003967
-0.00041357
-0.00042878
-0.00044226
-0.00045396
-0.00046385
-0.00047189
-0.00047805
-0.00048232
-0.00048467
-0.0004851
-0.00048362
-0.00048023
-0.00047496
-0.00046783
-0.00045886
-0.00044811
-0.00043561
-0.00042142
-0.00040559
-0.00038821
-0.00036933
-0.00034903
-0.0003274
-0.00030453
-0.00028051
-0.00025543
-0.0002294
-0.00020252
-0.00017491
-0.00014666
-0.0001179
-8.8734e-05
-5.9286e-05
-2.9669e-05
1.6655e-17
2.9603e-05
5.9023e-05
8.8144e-05
0.00011685
0.00014504
0.00017259
0.00019939
0.00022535
0.00025037
0.00027433
0.00029717
0.00031878
0.00033908
0.000358
0.00037546
0.00039141
0.00040577
0.00041851
0.00042956
0.00043889
0.00044647
0.00045227
0.00045627
0.00045847
0.00045885
0.00045742
0.00045419
0.00044918
0.0004424
0.0004339
0.0004237
0.00041185
0.00039841
0.00038343
0.00036697
0.0003491
0.00032989
0.00030943
0.0002878
0.00026508
0.00024136
0.00021675
0.00019135
0.00016524
0.00013855
0.00011137
8.3816e-05
5.5996e-05
2.802e-05
-1.0923e-17
-2.7954e-05
-5.5733e-05
-8.3225e-05
-0.00011033
-0.00013693
-0.00016292
-0.00018822
-0.00021271
-0.0002363
-0.0002589
-0.00028043
-0.00030081
-0.00031994
-0.00033777
-0.00035423
-0.00036925
-0.00038277
-0.00039475
-0.00040515
-0.00041392
-0.00042104
-0.00042648
-0.00043023
-0.00043227
-0.0004326
-0.00043122
-0.00042815
-0.00042339
-0.00041698
-0.00040893
-0.00039929
-0.0003881
-0.00037541
-0.00036127
-0.00034573
-0.00032887
-0.00031076
-0.00029146
-0.00027106
-0.00024965
-0.0002273
-0.00020411
-0.00018017
-0.00015558
-0.00013044
-0.00010484
-7.8897e-05
-5.2706e-05
-2.6372e-05
-1.8087e-17
2.6306e-05
5.2443e-05
7.8307e-05
0.0001038
0.00012881
0.00015326
0.00017704
0.00020006
0.00022223
0.00024348
0.0002637
0.00028284
0.00030081
0.00031755
0.00033299
0.00034708
0.00035977
0.000371
0.00038074
0.00038896
0.00039562
0.0004007
0.00040419
0.00040607
0.00040635
0.00040502
0.0004021
0.00039761
0.00039155
0.00038397
0.00037489
0.00036435
0.00035241
0.0003391
0.0003245
0.00030865
0.00029162
0.00027349
0.00025433
0.00023422
0.00021323
0.00019146
0.00016899
0.00014592
0.00012232
9.8313e-05
7.3978e-05
4.9416e-05
2.4724e-05
2.1194e-17
-2.4658e-05
-4.9153e-05
-7.3388e-05
-9.7269e-05
-0.0001207
-0.0001436
-0.00016586
-0.00018741
-0.00020817
-0.00022805
-0.00024697
-0.00026487
-0.00028167
-0.00029732
-0.00031175
-0.00032492
-0.00033676
-0.00034725
-0.00035634
-0.00036399
-0.00037019
-0.00037491
-0.00037814
-0.00037987
-0.0003801
-0.00037883
-0.00037606
-0.00037182
-0.00036612
-0.000359
-0.00035048
-0.0003406
-0.0003294
-0.00031694
-0.00030326
-0.00028842
-0.00027249
-0.00025552
-0.0002376
-0.00021879
-0.00019917
-0.00017881
-0.00015782
-0.00013625
-0.00011421
-9.1785e-05
-6.9059e-05
-4.6126e-05
-2.3076e-05
-2.3735e-17
2.301e-05
4.5863e-05
6.8469e-05
9.0741e-05
0.00011259
0.00013393
0.00015469
0.00017477
0.0001941
0.00021262
0.00023024
0.0002469
0.00026254
0.0002771
0.00029052
0.00030275
0.00031376
0.0003235
0.00033193
0.00033903
0.00034477
0.00034913
0.0003521
0.00035368
0.00035385
0.00035263
0.00035002
0.00034604
0.0003407
0.00033403
0.00032607
0.00031685
0.0003064
0.00029478
0.00028202
0.0002682
0.00025335
0.00023755
0.00022087
0.00020336
0.0001851
0.00016617
0.00014664
0.00012659
0.0001061
8.5257e-05
6.4141e-05
4.2836e-05
2.1427e-05
6.3429e-18
-2.1361e-05
-4.2573e-05
-6.355e-05
-8.4213e-05
-0.00010448
-0.00012427
-0.00014351
-0.00016212
-0.00018004
-0.00019719
-0.00021351
-0.00022893
-0.0002434
-0.00025687
-0.00026928
-0.00028059
-0.00029076
-0.00029975
-0.00030752
-0.00031406
-0.00031934
-0.00032334
-0.00032606
-0.00032748
-0.0003276
-0.00032643
-0.00032398
-0.00032025
-0.00031527
-0.00030907
-0.00030167
-0.0002931
-0.0002834
-0.00027261
-0.00026079
-0.00024797
-0.00023422
-0.00021959
-0.00020414
-0.00018793
-0.00017104
-0.00015352
-0.00013546
-0.00011693
-9.7989e-05
-7.8729e-05
-5.9222e-05
-3.9546e-05
-1.9779e-05
-2.712e-17
1.9713e-05
3.9283e-05
5.8632e-05
7.7685e-05
9.6367e-05
0.00011461
0.00013233
0.00014948
0.00016597
0.00018176
0.00019677
0.00021096
0.00022427
0.00023664
0.00024804
0.00025843
0.00026776
0.00027599
0.00028312
0.0002891
0.00029392
0.00029756
0.00030002
0.00030128
0.00030135
0.00030023
0.00029793
0.00029447
0.00028985
0.0002841
0.00027726
0.00026934
0.00026039
0.00025045
0.00023955
0.00022774
0.00021508
0.00020162
0.0001874
0.0001725
0.00015697
0.00014088
0.00012428
0.00010726
8.9878e-05
7.2201e-05
5.4303e-05
3.6256e-05
1.8131e-05
1.158e-17
-1.8065e-05
-3.5993e-05
-5.3713e-05
-7.1156e-05
-8.8255e-05
-0.00010494
-0.00012116
-0.00013683
-0.00015191
-0.00016633
-0.00018004
-0.00019299
-0.00020513
-0.00021642
-0.00022681
-0.00023626
-0.00024475
-0.00025224
-0.00025871
-0.00026413
-0.00026849
-0.00027177
-0.00027397
-0.00027508
-0.0002751
-0.00027403
-0.00027189
-0.00026868
-0.00026442
-0.00025914
-0.00025285
-0.00024559
-0.00023739
-0.00022829
-0.00021831
-0.00020752
-0.00019595
-0.00018365
-0.00017067
-0.00015707
-0.00014291
-0.00012823
-0.00011311
-9.7599e-05
-8.1766e-05
-6.5673e-05
-4.9384e-05
-3.2966e-05
-1.6483e-05
-1.335e-17
1.6417e-05
3.2703e-05
4.8794e-05
6.4628e-05
8.0144e-05
9.528e-05
0.00010998
0.00012418
0.00013784
0.0001509
0.00016331
0.00017502
0.000186
0.00019619
0.00020557
0.0002141
0.00022175
0.00022849
0.0002343
0.00023917
0.00024307
0.00024599
0.00024793
0.00024888
0.00024885
0.00024783
0.00024585
0.0002429
0.000239
0.00023417
0.00022845
0.00022184
0.00021439
0.00020612
0.00019708
0.00018729
0.00017681
0.00016568
0.00015394
0.00014164
0.00012884
0.00011558
0.00010193
8.7936e-05
7.3654e-05
5.9145e-05
4.4466e-05
2.9676e-05
1.4834e-05
1.4553e-17
-1.4768e-05
-2.9413e-05
-4.3875e-05
-5.81e-05
-7.2032e-05
-8.5617e-05
-9.8802e-05
-0.00011154
-0.00012378
-0.00013547
-0.00014658
-0.00015705
-0.00016686
-0.00017597
-0.00018433
-0.00019194
-0.00019875
-0.00020474
-0.0002099
-0.0002142
-0.00021764
-0.0002202
-0.00022189
-0.00022268
-0.0002226
-0.00022164
-0.0002198
-0.00021711
-0.00021357
-0.00020921
-0.00020404
-0.00019809
-0.00019139
-0.00018396
-0.00017584
-0.00016707
-0.00015768
-0.00014771
-0.00013721
-0.00012621
-0.00011477
-0.00010294
-9.0755e-05
-7.8272e-05
-6.5543e-05
-5.2617e-05
-3.9547e-05
-2.6386e-05
-1.3186e-05
-3.2836e-18
1.312e-05
2.6123e-05
3.8957e-05
5.1572e-05
6.392e-05
7.5953e-05
8.7625e-05
9.8892e-05
0.00010971
0.00012004
0.00012984
0.00013908
0.00014773
0.00015574
0.0001631
0.00016977
0.00017574
0.00018099
0.00018549
0.00018924
0.00019222
0.00019442
0.00019584
0.00019649
0.00019635
0.00019544
0.00019376
0.00019132
0.00018815
0.00018424
0.00017963
0.00017434
0.00016838
0.00016179
0.0001546
0.00014684
0.00013854
0.00012974
0.00012047
0.00011078
0.00010071
9.0293e-05
7.9578e-05
6.8609e-05
5.7431e-05
4.6088e-05
3.4628e-05
2.3096e-05
1.1538e-05
1.5263e-17
-1.1472e-05
-2.2833e-05
-3.4038e-05
-4.5044e-05
-5.5808e-05
-6.629e-05
-7.6449e-05
-8.6246e-05
-9.5645e-05
-0.00010461
-0.00011311
-0.00012111
-0.00012859
-0.00013551
-0.00014186
-0.00014761
-0.00015274
-0.00015724
-0.00016108
-0.00016427
-0.00016679
-0.00016863
-0.0001698
-0.00017029
-0.0001701
-0.00016924
-0.00016772
-0.00016554
-0.00016272
-0.00015928
-0.00015523
-0.00015059
-0.00014538
-0.00013963
-0.00013337
-0.00012661
-0.00011941
-0.00011177
-0.00010374
-9.5353e-05
-8.6643e-05
-7.7647e-05
-6.8401e-05
-5.8946e-05
-4.9319e-05
-3.956e-05
-2.9709e-05
-1.9806e-05
-9.8895e-06
-5.8452e-18
9.8236e-06
1.9543e-05
2.9119e-05
3.8516e-05
4.7697e-05
5.6627e-05
6.5272e-05
7.36e-05
8.158e-05
8.9182e-05
9.6379e-05
0.00010314
0.00010945
0.00011529
0.00012062
0.00012545
0.00012974
0.00013348
0.00013668
0.00013931
0.00014136
0.00014285
0.00014376
0.00014409
0.00014385
0.00014304
0.00014167
0.00013975
0.0001373
0.00013431
0.00013082
0.00012683
0.00012238
0.00011747
0.00011213
0.00010639
0.00010027
9.38e-05
8.7008e-05
7.9924e-05
7.2578e-05
6.5001e-05
5.7225e-05
4.9283e-05
4.1207e-05
3.3032e-05
2.4791e-05
1.6516e-05
8.2413e-06
6.2771e-18
-8.1753e-06
-1.6253e-05
-2.42e-05
-3.1988e-05
-3.9585e-05
-4.6963e-05
-5.4095e-05
-6.0954e-05
-6.7514e-05
-7.3752e-05
-7.9646e-05
-8.5175e-05
-9.0319e-05
-9.5062e-05
-9.9388e-05
-0.00010328
-0.00010673
-0.00010973
-0.00011227
-0.00011434
-0.00011594
-0.00011706
-0.00011771
-0.00011789
-0.0001176
-0.00011684
-0.00011563
-0.00011397
-0.00011187
-0.00010935
-0.00010641
-0.00010308
-9.9373e-05
-9.5304e-05
-9.0893e-05
-8.6163e-05
-8.1134e-05
-7.5831e-05
-7.0276e-05
-6.4495e-05
-5.8512e-05
-5.2355e-05
-4.6048e-05
-3.9619e-05
-3.3096e-05
-2.6504e-05
-1.9872e-05
-1.3226e-05
-6.593e-06
-6.1429e-18
6.5271e-06
1.2963e-05
1.9282e-05
2.546e-05
3.1473e-05
3.73e-05
4.2919e-05
4.8308e-05
5.3449e-05
5.8323e-05
6.2914e-05
6.7205e-05
7.1184e-05
7.4836e-05
7.8151e-05
8.1119e-05
8.3731e-05
8.5981e-05
8.7864e-05
8.9376e-05
9.0514e-05
9.1279e-05
9.1671e-05
9.1694e-05
9.135e-05
9.0646e-05
8.9588e-05
8.8185e-05
8.6446e-05
8.4382e-05
8.2006e-05
7.9331e-05
7.637e-05
7.314e-05
6.9656e-05
6.5937e-05
6.1999e-05
5.7861e-05
5.3544e-05
4.9065e-05
4.4447e-05
3.9709e-05
3.4871e-05
2.9956e-05
2.4984e-05
1.9976e-05
1.4953e-05
9.9358e-06
4.9448e-06
9.962e-19
-4.8788e-06
-9.6726e-06
-1.4363e-05
-1.8932e-05
-2.3362e-05
-2.7637e-05
-3.1742e-05
-3.5662e-05
-3.9383e-05
-4.2894e-05
-4.6181e-05
-4.9236e-05
-5.2048e-05
-5.461e-05
-5.6914e-05
-5.8955e-05
-6.0728e-05
-6.2229e-05
-6.3457e-05
-6.441e-05
-6.5089e-05
-6.5494e-05
-6.5628e-05
-6.5496e-05
-6.51e-05
-6.4448e-05
-6.3545e-05
-6.24e-05
-6.1021e-05
-5.9417e-05
-5.76e-05
-5.5579e-05
-5.3367e-05
-5.0976e-05
-4.842e-05
-4.5711e-05
-4.2863e-05
-3.9892e-05
-3.6811e-05
-3.3636e-05
-3.0381e-05
-2.7063e-05
-2.3695e-05
-2.0293e-05
-1.6872e-05
-1.3448e-05
-1.0034e-05
-6.6458e-06
-3.2965e-06
-4.1767e-18
3.2306e-06
6.3826e-06
9.444e-06
1.2403e-05
1.525e-05
1.7974e-05
2.0565e-05
2.3016e-05
2.5318e-05
2.7464e-05
2.9449e-05
3.1267e-05
3.2913e-05
3.4384e-05
3.5678e-05
3.6792e-05
3.7725e-05
3.8478e-05
3.9051e-05
3.9445e-05
3.9663e-05
3.9709e-05
3.9585e-05
3.9297e-05
3.885e-05
3.8249e-05
3.7502e-05
3.6615e-05
3.5595e-05
3.4452e-05
3.3193e-05
3.1827e-05
3.0364e-05
2.8813e-05
2.7183e-05
2.5485e-05
2.3728e-05
2.1923e-05
2.0079e-05
1.8207e-05
1.6316e-05
1.4416e-05
1.2518e-05
1.063e-05
8.7606e-06
6.9198e-06
5.1155e-06
3.3558e-06
1.6483e-06
8.8227e-19
-1.5823e-06
-3.0926e-06
-4.5253e-06
-5.8753e-06
-7.1383e-06
-8.3104e-06
-9.3884e-06
-1.037e-05
-1.1252e-05
-1.2035e-05
-1.2717e-05
-1.3297e-05
-1.3778e-05
-1.4158e-05
-1.4441e-05
-1.4628e-05
-1.4722e-05
-1.4726e-05
-1.4644e-05
-1.448e-05
-1.4238e-05
-1.3924e-05
-1.3542e-05
-1.3099e-05
-1.26e-05
-1.2051e-05
-1.1459e-05
-1.083e-05
-1.017e-05
-9.4868e-06
-8.7864e-06
-8.0756e-06
-7.361e-06
-6.6491e-06
-5.9463e-06
-5.2588e-06
-4.5925e-06
-3.9533e-06
-3.3465e-06
-2.7773e-06
-2.2505e-06
-1.7704e-06
-1.3412e-06
-9.6633e-07
-6.4894e-07
-3.9169e-07
-1.9675e-07
-6.58e-08
-0
-0
0
0
0
0
0
0
0
0
0
0
0
0
0
0
0
0
0
0
0
0
0
0
0
0
0
0
0
0
0
0
0
0
0
0
0
0
0
0
0
0
0
0
0
0
0
0
0
0
0
0
-0
-0
-0
-0
-0
-0
-0
-0
-0
-0
-0
-0
-0
-0
-0
-0
-0
-0
-0
-0
-0
-0
-0
-0
-0
-0
-0
-0
-0
-0
-0
-0
-0
-0
-0
-0
-0
-0
-0
-0
-0
-0
-0
-0
-0
-0
-0
-0
-0
-0
0
0
0
0
0
0
0
0
0
0
0
0
0
0
0
0
0
0
0
0
0
0
0
0
0
0
0
0
0
0
0
0
0
0
0
0
0
0
0
0
0
0
0
0
0
0
0
0
0
0
-0
-0
-0
-0
-0
-0
-0
-0
-0
-0
-0
-0
-0
-0
-0
-0
-0
-0
-0
-0
-0
-0
-0
-0
-0
-0
-0
-0
-0
-0
-0
-0
-0
-0
-0
-0
-0
-0
-0
-0
-0
-0
-0
-0
-0
-0
-0
-0
-0
-0
0
0
0
0
0
0
0
0
0
0
0
0
0
0
0
0
0
0
0
0
0
0
0
0
0
0
0
0
0
0
0
0
0
0
0
0
0
0
0
0
0
0
0
0
0
0
0
0
0
0
-0
-0
-0
-0
-0
-0
-0
-0
-0
-0
-0
-0
-0
-0
-0
-0
-0
-0
-0
-0
-0
-0
-0
-0
-0
-0
-0
-0
-0
-0
-0
-0
-0
-0
-0
-0
-0
-0
-0
-0
-0
-0
-0
-0
-0
-0
-0
-0
-0
-0
0
0
0
0
0
0
0
0
0
0
0
0
0
0
0
0
0
0
0
0
0
0
0
0
0
0
0
0
0
0
0
0
0
0
0
0
0
0
0
0
0
0
0
0
0
0
0
0
0
0
-0
-0
-0
-0
-0
-0
-0
-0
-0
-0
-0
-0
-0
-0
-0
-0
-0
-0
-0
-0
-0
-0
-0
-0
-0
-0
-0
-0
-0
-0
-0
-0
-0
-0
-0
-0
-0
-0
-0
-0
-0
-0
-0
-0
-0
-0
-0
-0
-0
-0
0
0
0
0
0
0
0
0
0
0
0
0
0
0
0
0
0
0
0
0
0
0
0
0
0
0
0
0
0
0
0
0
0
0
0
0
0
0
0
0
0
0
0
0
0
0
0
0
0
0
-0
-0
-0
-0
-0
-0
-0
-0
-0
-0
-0
-0
-0
-0
-0
-0
-0
-0
-0
-0
-0
-0
-0
-0
-0
-0
-0
-0
-0
-0
-0
-0
-0
-0
-0
-0
-0
-0
-0
-0
-0
-0
-0
-0
-0
-0
-0
-0
-0
-0
0
0
0
0
0
0
0
0
0
0
0
0
0
0
0
0
0
0
0
0
0
0
0
0
0
0
0
0
0
0
0
0
0
0
0
0
0
0
0
0
0
0
0
0
0
0
0
0
0
0
-0
-0
-0
-0
-0
-0
-0
-0
-0
-0
-0
-0
-0
-0
-0
-0
-0
-0
-0
-0
-0
-0
-0
-0
-0
-0
-0
-0
-0
-0
-0
-0
-0
-0
-0
-0
-0
-0
-0
-0
-0
-0
-0
-0
-0
-0
-0
-0
-0
-0
0
0
0
0
0
0
0
0
0
0
0
0
0
0
0
0
0
0
0
0
0
0
0
0
0
0
0
0
0
0
0
0
0
0
0
0
0
0
0
0
0
0
0
0
0
0
0
0
0
0
-0
-0
-0
-0
-0
-0
-0
-0
-0
-0
-0
-0
-0
-0
-0
-0
-0
-0
-0
-0
-0
-0
-0
-0
-0
-0
-0
-0
-0
-0
-0
-0
-0
-0
-0
-0
-0
-0
-0
-0
-0
-0
-0
-0
-0
-0
-0
-0
-0
-0
0
0
0
0
0
0
0
0
0
0
0
0
0
0
0
0
0
0
0
0
0
0
0
0
0
0
0
0
0
0
0
0
0
0
0
0
0
0
0
0
0
0
0
0
0
0
0
0
0
0
-0
-0
-0
-0
-0
-0
-0
-0
-0
-0
-0
-0
-0
-0
-0
-0
-0
-0
-0
-0
-0
-0
-0
-0
-0
-0
-0
-0
-0
-0
-0
-0
-0
-0
-0
-0
-0
-0
-0
-0
-0
-0
-0
-0
-0
-0
-0
-0
-0
-0
0
0
0
0
0
0
0
0
0
0
0
0
0
0
0
0
0
0
0
0
0
0
0
0
0
0
0
0
0
0
0
0
0
0
0
0
0
0
0
0
0
0
0
0
0
0
0
0
0
0
-0
-0
-0
-0
-0
-0
-0
-0
-0
-0
-0
-0
-0
-0
-0
-0
-0
-0
-0
-0
-0
-0
-0
-0
-0
-0
-0
-0
-0
-0
-0
-0
-0
-0
-0
-0
-0
-0
-0
-0
-0
-0
-0
-0
-0
-0
-0
-0
-0
-0
0
0
0
0
0
0
0
0
0
0
0
0
0
0
0
0
0
0
0
0
0
0
0
0
0
0
0
0
0
0
0
0
0
0
0
0
0
0
0
0
0
0
0
0
0
0
0
0
0
0
-0
-0
-0
-0
-0
-0
-0
-0
-0
-0
-0
-0
-0
-0
-0
-0
-0
-0
-0
-0
-0
-0
-0
-0
-0
-0
-0
-0
-0
-0
-0
-0
-0
-0
-0
-0
-0
-0
-0
-0
-0
-0
-0
-0
-0
-0
-0
-0
-0
-0
0
0
0
0
0
0
0
0
0
0
0
0
0
0
0
0
0
0
0
0
0
0
0
0
0
0
0
0
0
0
0
0
0
0
0
0
0
0
0
0
0
0
0
0
0
0
0
0
0
0
-0
-0
-0
-0
-0
-0
-0
-0
-0
-0
-0
-0
-0
-0
-0
-0
-0
-0
-0
-0
-0
-0
-0
-0
-0
-0
-0
-0
-0
-0
-0
-0
-0
-0
-0
-0
-0
-0
-0
-0
-0
-0
-0
-0
-0
-0
-0
-0
-0
0
0
0
0
0
0
0
0
0
0
0
0
0
0
0
0
0
0
0
0
0
0
0
0
0
0
0
0
0
0
0
0
0
0
0
0
0
0
0
0
0
0
0
0
0
0
0
0
0
0
0
-0
-0
-0
-0
-0
-0
-0
-0
-0
-0
-0
-0
-0
-0
-0
-0
-0
-0
-0
-0
-0
-0
-0
-0
-0
-0
-0
-0
-0
-0
-0
-0
-0
-0
-0
-0
-0
-0
-0
-0
-0
-0
-0
-0
-0
-0
-0
-0
-0
-0
0
0
0
0
0
0
0
0
0
0
0
0
0
0
0
0
0
0
0
0
0
0
0
0
0
0
0
0
0
0
0
0
0
0
0
0
0
0
0
0
0
0
0
0
0
0
0
0
0
-0
-0
-0
-0
-0
-0
-0
-0
-0
-0
-0
-0
-0
-0
-0
-0
-0
-0
-0
-0
-0
-0
-0
-0
-0
-0
-0
-0
-0
-0
-0
-0
-0
-0
-0
-0
-0
-0
-0
-0
-0
-0
-0
-0
-0
-0
-0
-0
-0
-0
-0
0
0
0
0
0
0
0
0
0
0
0
0
0
0
0
0
0
0
0
0
0
0
0
0
0
0
0
0
0
0
0
0
0
0
0
0
0
0
0
0
0
0
0
0
0
0
0
0
0
0
-0
-0
-0
-0
-0
-0
-0
-0
-0
-0
-0
-0
-0
-0
-0
-0
-0
-0
-0
-0
-0
-0
-0
-0
-0
-0
-0
-0
-0
-0
-0
-0
-0
-0
-0
-0
-0
-0
-0
-0
-0
-0
-0
-0
-0
-0
-0
-0
-0
-0
0
0
0
0
0
0
0
0
0
0
0
0
0
0
0
0
0
0
0
0
0
0
0
0
0
0
0
0
0
0
0
0
0
0
0
0
0
0
0
0
0
0
0
0
0
0
0
0
0
0
-0
-0
-0
-0
-0
-0
-0
-0
-0
-0
-0
-0
-0
-0
-0
-0
-0
-0
-0
-0
-0
-0
-0
-0
-0
-0
-0
-0
-0
-0
-0
-0
-0
-0
-0
-0
-0
-0
-0
-0
-0
-0
-0
-0
-0
-0
-0
-0
-0
0
0
0
0
0
0
0
0
0
0
0
0
0
0
0
0
0
0
0
0
0
0
0
0
0
0
0
0
0
0
0
0
0
0
0
0
0
0
0
0
0
0
0
0
0
0
0
0
0
0
0
-0
-0
-0
-0
-0
-0
-0
-0
-0
-0
-0
-0
-0
-0
-0
-0
-0
-0
-0
-0
-0
-0
-0
-0
-0
-0
-0
-0
-0
-0
-0
-0
-0
-0
-0
-0
-0
-0
-0
-0
-0
-0
-0
-0
-0
-0
-0
-0
-0
0
0
0
0
0
0
0
0
0
0
0
0
0
0
0
0
0
0
0
0
0
0
0
0
0
0
0
0
0
0
0
0
0
0
0
0
0
0
0
0
0
0
0
0
0
0
0
0
0
0
0
-0
-0
-0
-0
-0
-0
-0
-0
-0
-0
-0
-0
-0
-0
-0
-0
-0
-0
-0
-0
-0
-0
-0
-0
-0
-0
-0
-0
-0
-0
-0
-0
-0
-0
-0
-0
-0
-0
-0
-0
-0
-0
-0
-0
-0
-0
-0
-0
-0
-0
0
0
0
0
0
0
0
0
0
0
0
0
0
0
0
0
0
0
0
0
0
0
0
0
0
0
0
0
0
0
0
0
0
0
0
0
0
0
0
0
0
0
0
0
0
0
0
0
0
0
-0
-0
-0
-0
-0
-0
-0
-0
-0
-0
-0
-0
-0
-0
-0
-0
-0
-0
-0
-0
-0
-0
-0
-0
-0
-0
-0
-0
-0
-0
-0
-0
-0
-0
-0
-0
-0
-0
-0
-0
-0
-0
-0
-0
-0
-0
-0
-0
-0
-0
0
0
0
0
0
0
0
0
0
0
0
0
0
0
0
0
0
0
0
0
0
0
0
0
0
0
0
0
0
0
0
0
0
0
0
0
0
0
0
0
0
0
0
0
0
0
0
0
0
0
-0
-0
-0
-0
-0
-0
-0
-0
-0
-0
-0
-0
-0
-0
-0
-0
-0
-0
-0
-0
-0
-0
-0
-0
-0
-0
-0
-0
-0
-0
-0
-0
-0
-0
-0
-0
-0
-0
-0
-0
-0
-0
-0
-0
-0
-0
-0
-0
-0
-0
0
0
0
0
0
0
0
0
0
0
0
0
0
0
0
0
0
0
0
0
0
0
0
0
0
0
0
0
0
0
0
0
0
0
0
0
0
0
0
0
0
0
0
0
0
0
0
0
0
0
-0
-0
-0
-0
-0
-0
-0
-0
-0
-0
-0
-0
-0
-0
-0
-0
-0
-0
-0
-0
-0
-0
-0
-0
-0
-0
-0
-0
-0
-0
-0
-0
-0
-0
-0
-0
-0
-0
-0
-0
-0
-0
-0
-0
-0
-0
-0
-0
-0
0
0
0
0
0
0
0
0
0
0
0
0
0
0
0
0
0
0
0
0
0
0
0
0
0
0
0
0
0
0
0
0
0
0
0
0
0
0
0
0
0
0
0
0
0
0
0
0
0
0
0
-0
-0
-0
-0
-0
-0
-0
-0
-0
-0
-0
-0
-0
-0
-0
-0
-0
-0
-0
-0
-0
-0
-0
-0
-0
-0
-0
-0
-0
-0
-0
-0
-0
-0
-0
-0
-0
-0
-0
-0
-0
-0
-0
-0
-0
-0
-0
-0
-0
0
0
0
0
0
0
0
0
0
0
0
0
0
0
0
0
0
0
0
0
0
0
0
0
0
0
0
0
0
0
0
0
0
0
0
0
0
0
0
0
0
0
0
0
0
0
0
0
0
0
0
-0
-0
-0
-0
-0
-0
-0
-0
-0
-0
-0
-0
-0
-0
-0
-0
-0
-0
-0
-0
-0
-0
-0
-0
-0
-0
-0
-0
-0
-0
-0
-0
-0
-0
-0
-0
-0
-0
-0
-0
-0
-0
-0
-0
-0
-0
-0
-0
-0
-0
0
0
0
0
0
0
0
0
0
0
0
0
0
0
0
0
0
0
0
0
0
0
0
0
0
0
0
0
0
0
0
0
0
0
0
0
0
0
0
0
0
0
0
0
0
0
0
0
0
0
-0
-0
-0
-0
-0
-0
-0
-0
-0
-0
-0
-0
-0
-0
-0
-0
-0
-0
-0
-0
-0
-0
-0
-0
-0
-0
-0
-0
-0
-0
-0
-0
-0
-0
-0
-0
-0
-0
-0
-0
-0
-0
-0
-0
-0
-0
-0
-0
-0
-0
0
0
0
0
0
0
0
0
0
0
0
0
0
0
0
0
0
0
0
0
0
0
0
0
0
0
0
0
0
0
0
0
0
0
0
0
0
0
0
0
0
0
0
0
0
0
0
0
0
0
-0
-0
-0
-0
-0
-0
-0
-0
-0
-0
-0
-0
-0
-0
-0
-0
-0
-0
-0
-0
-0
-0
-0
-0
-0
-0
-0
-0
-0
-0
-0
-0
-0
-0
-0
-0
-0
-0
-0
-0
-0
-0
-0
-0
-0
-0
-0
-0
-0
-0
0
0
0
0
0
0
0
0
0
0
0
0
0
0
0
0
0
0
0
0
0
0
0
0
0
0
0
0
0
0
0
0
0
0
0
0
0
0
0
0
0
0
0
0
0
0
0
0
0
0
-0
-0
-0
-0
-0
-0
-0
-0
-0
-0
-0
-0
-0
-0
-0
-0
-0
-0
-0
-0
-0
-0
-0
-0
-0
-0
-0
-0
-0
-0
-0
-0
-0
-0
-0
-0
-0
-0
-0
-0
-0
-0
-0
-0
-0
-0
-0
-0
-0
0
0
0
0
0
0
0
0
0
0
0
0
0
0
0
0
0
0
0
0
0
0
0
0
0
0
0
0
0
0
0
0
0
0
0
0
0
0
0
0
0
0
0
0
0
0
0
0
0
0
0
-0
-0
-0
-0
-0
-0
-0
-0
-0
-0
-0
-0
-0
-0
-0
-0
-0
-0
-0
-0
-0
-0
-0
-0
-0
-0
-0
-0
-0
-0
-0
-0
-0
-0
-0
-0
-0
-0
-0
-0
-0
-0
-0
-0
-0
-0
-0
-0
-0
0
0
0
0
0
0
0
0
0
0
0
0
0
0
0
0
0
0
0
0
0
0
0
0
0
0
0
0
0
0
0
0
0
0
0
0
0
0
0
0
0
0
0
0
0
0
0
0
0
0
0
-0
-0
-0
-0
-0
-0
-0
-0
-0
-0
-0
-0
-0
-0
-0
-0
-0
-0
-0
-0
-0
-0
-0
-0
-0
-0
-0
-0
-0
-0
-0
-0
-0
-0
-0
-0
-0
-0
-0
-0
-0
-0
-0
-0
-0
-0
-0
-0
-0
-0
0
0
0
0
0
0
0
0
0
0
0
0
0
0
0
0
0
0
0
0
0
0
0
0
0
0
0
0
0
0
0
0
0
0
0
0
0
0
0
0
0
0
0
0
0
0
0
0
0
0
-0
-0
-0
-0
-0
-0
-0
-0
-0
-0
-0
-0
-0
-0
-0
-0
-0
-0
-0
-0
-0
-0
-0
-0
-0
-0
-0
-0
-0
-0
-0
-0
-0
-0
-0
-0
-0
-0
-0
-0
-0
-0
-0
-0
-0
-0
-0
-0
-0
-0
0
0
0
0
0
0
0
0
0
0
0
0
0
0
0
0
0
0
0
0
0
0
0
0
0
0
0
0
0
0
0
0
0
0
0
0
0
0
0
0
0
0
0
0
0
0
0
0
0
0
-0
-0
-0
-0
-0
-0
-0
-0
-0
-0
-0
-0
-0
-0
-0
-0
-0
-0
-0
-0
-0
-0
-0
-0
-0
-0
-0
-0
-0
-0
-0
-0
-0
-0
-0
-0
-0
-0
-0
-0
-0
-0
-0
-0
-0
-0
-0
-0
-0
-0
0
0
0
0
0
0
0
0
0
0
0
0
0
0
0
0
0
0
0
0
0
0
0
0
0
0
0
0
0
0
0
0
0
0
0
0
0
0
0
0
0
0
0
0
0
0
0
0
0
0
-0
-0
-0
-0
-0
-0
-0
-0
-0
-0
-0
-0
-0
-0
-0
-0
-0
-0
-0
-0
-0
-0
-0
-0
-0
-0
-0
-0
-0
-0
-0
-0
-0
-0
-0
-0
-0
-0
-0
-0
-0
-0
-0
-0
-0
-0
-0
-0
-0
0
0
0
0
0
0
0
0
0
0
0
0
0
0
0
0
0
0
0
0
0
0
0
0
0
0
0
0
0
0
0
0
0
0
0
0
0
0
0
0
0
0
0
0
0
0
0
0
0
0
0
-0
-0
-0
-0
-0
-0
-0
-0
-0
-0
-0
-0
-0
-0
-0
-0
-0
-0
-0
-0
-0
-0
-0
-0
-0
-0
-0
-0
-0
-0
-0
-0
-0
-0
-0
-0
-0
-0
-0
-0
-0
-0
-0
-0
-0
-0
-0
-0
-0
0
0
0
0
0
0
0
0
0
0
0
0
0
0
0
0
0
0
0
0
0
0
0
0
0
0
0
0
0
0
0
0
0
0
0
0
0
0
0
0
0
0
0
0
0
0
0
0
0
0
0
-0
-0
-0
-0
-0
-0
-0
-0
-0
-0
-0
-0
-0
-0
-0
-0
-0
-0
-0
-0
-0
-0
-0
-0
-0
-0
-0
-0
-0
-0
-0
-0
-0
-0
-0
-0
-0
-0
-0
-0
-0
-0
-0
-0
-0
-0
-0
-0
-0
0
