-0
-0
-0
-0
-0
-0
-0
-0
-0
-0
-0
-0
-0
-0
-0
-0
-0
-0
-0
-0
-0
-0
-0
-0
-0
-0
-0
-0
-0
-0
-0
-0
-0
-0
-0
-0
-0
-0
-0
-0
-0
-0
-0
-0
-0
-0
-0
-0
-0
-0
-0
0
0
0
0
0
0
0
0
0
0
0
0
0
0
0
0
0
0
0
0
0
0
0
0
0
0
0
0
0
0
0
0
0
0
0
0
0
0
0
0
0
0
0
0
0
0
0
0
0
0
-0
-0
-0
-0
-0
-0
-0
-0
-0
-0
-0
-0
-0
-0
-0
-0
-0
-0
-0
-0
-0
-0
-0
-0
-0
-0
-0
-0
-0
-0
-0
-0
-0
-0
-0
-0
-0
-0
-0
-0
-0
-0
-0
-0
-0
-0
-0
-0
-0
-0
0
0
0
0
0
0
0
0
0
0
0
0
0
0
0
0
0
0
0
0
0
0
0
0
0
0
0
0
0
0
0
0
0
0
0
0
0
0
0
0
0
0
0
0
0
0
0
0
0
0
-0
-0
-0
-0
-0
-0
-0
-0
-0
-0
-0
-0
-0
-0
-0
-0
-0
-0
-0
-0
-0
-0
-0
-0
-0
-0
-0
-0
-0
-0
-0
-0
-0
-0
-0
-0
-0
-0
-0
-0
-0
-0
-0
-0
-0
-0
-0
-0
-0
-0
0
0
0
0
0
0
0
0
0
0
0
0
0
0
0
0
0
0
0
0
0
0
0
0
0
0
0
0
0
0
0
0
0
0
0
0
0
0
0
0
0
0
0
0
0
0
0
0
0
0
-0
-0
-0
-0
-0
-0
-0
-0
-0
-0
-0
-0
-0
-0
-0
-0
-0
-0
-0
-0
-0
-0
-0
-0
-0
-0
-0
-0
-0
-0
-0
-0
-0
-0
-0
-0
-0
-0
-0
-0
-0
-0
-0
-0
-0
-0
-0
-0
-0
0
0
0
0
0
0
0
0
0
0
0
0
0
0
0
0
0
0
0
0
0
0
0
0
0
0
0
0
0
0
0
0
0
0
0
0
0
0
0
0
0
0
0
0
0
0
0
0
0
0
0
-0
-0
-0
-0
-0
-0
-0
-0
-0
-0
-0
-0
-0
-0
-0
-0
-0
-0
-0
-0
-0
-0
-0
-0
-0
-0
-0
-0
-0
-0
-0
-0
-0
-0
-0
-0
-0
-0
-0
-0
-0
-0
-0
-0
-0
-0
-0
-0
-0
-0
0
0
0
0
0
0
0
0
0
0
0
0
0
0
0
0
0
0
0
0
0
0
0
0
0
0
0
0
0
0
0
0
0
0
0
0
0
0
0
0
0
0
0
0
0
0
0
0
0
0
-0
-0
-0
-0
-0
-0
-0
-0
-0
-0
-0
-0
-0
-0
-0
-0
-0
-0
-0
-0
-0
-0
-0
-0
-0
-0
-0
-0
-0
-0
-0
-0
-0
-0
-0
-0
-0
-0
-0
-0
-0
-0
-0
-0
-0
-0
-0
-0
-0
0
0
0
0
0
0
0
0
0
0
0
0
0
0
0
0
0
0
0
0
0
0
0
0
0
0
0
0
0
0
0
0
0
0
0
0
0
0
0
0
0
0
0
0
0
0
0
0
0
0
0
-0
-0
-0
-0
-0
-0
-0
-0
-0
-0
-0
-0
-0
-0
-0
-0
-0
-0
-0
-0
-0
-0
-0
-0
-0
-0
-0
-0
-0
-0
-0
-0
-0
-0
-0
-0
-0
-0
-0
-0
-0
-0
-0
-0
-0
-0
-0
-0
-0
0
0
0
0
0
0
0
0
0
0
0
0
0
0
0
0
0
0
0
0
0
0
0
0
0
0
0
0
0
0
0
0
0
0
0
0
0
0
0
0
0
0
0
0
0
0
0
0
0
0
-0
-0
-0
-0
-0
-0
-0
-0
-0
-0
-0
-0
-0
-0
-0
-0
-0
-0
-0
-0
-0
-0
-0
-0
-0
-0
-0
-0
-0
-0
-0
-0
-0
-0
-0
-0
-0
-0
-0
-0
-0
-0
-0
-0
-0
-0
-0
-0
-0
-0
-0
0
0
0
0
0
0
0
0
0
0
0
0
0
0
0
0
0
0
0
0
0
0
0
0
0
0
0
0
0
0
0
0
0
0
0
0
0
0
0
0
0
0
0
0
0
0
0
0
0
0
-0
-0
-0
-0
-0
-0
-0
-0
-0
-0
-0
-0
-0
-0
-0
-0
-0
-0
-0
-0
-0
-0
-0
-0
-0
-0
-0
-0
-0
-0
-0
-0
-0
-0
-0
-0
-0
-0
-0
-0
-0
-0
-0
-0
-0
-0
-0
-0
-0
-0
0
0
0
0
0
0
0
0
0
0
0
0
0
0
0
0
0
0
0
0
0
0
0
0
0
0
0
0
0
0
0
0
0
0
0
0
0
0
0
0
0
0
0
0
0
0
0
0
0
0
-0
-0
-0
-0
-0
-0
-0
-0
-0
-0
-0
-0
-0
-0
-0
-0
-0
-0
-0
-0
-0
-0
-0
-0
-0
-0
-0
-0
-0
-0
-0
-0
-0
-0
-0
-0
-0
-0
-0
-0
-0
-0
-0
-0
-0
-0
-0
-0
-0
0
0
0
0
0
0
0
0
0
0
0
0
0
0
0
0
0
0
0
0
0
0
0
0
0
0
0
0
0
0
0
0
0
0
0
0
0
0
0
0
0
0
0
0
0
0
0
0
0
0
0
-0
-0
-0
-0
-0
-0
-0
-0
-0
-0
-0
-0
-0
-0
-0
-0
-0
-0
-0
-0
-0
-0
-0
-0
-0
-0
-0
-0
-0
-0
-0
-0
-0
-0
-0
-0
-0
-0
-0
-0
-0
-0
-0
-0
-0
-0
-0
-0
-0
0
0
0
0
0
0
0
0
0
0
0
0
0
0
0
0
0
0
0
0
0
0
0
0
0
0
0
0
0
0
0
0
0
0
0
0
0
0
0
0
0
0
0
0
0
0
0
0
0
0
-0
-0
-0
-0
-0
-0
-0
-0
-0
-0
-0
-0
-0
-0
-0
-0
-0
-0
-0
-0
-0
-0
-0
-0
-0
-0
-0
-0
-0
-0
-0
-0
-0
-0
-0
-0
-0
-0
-0
-0
-0
-0
-0
-0
-0
-0
-0
-0
-0
-0
0
0
0
0
0
0
0
0
0
0
0
0
0
0
0
0
0
0
0
0
0
0
0
0
0
0
0
0
0
0
0
0
0
0
0
0
0
0
0
0
0
0
0
0
0
0
0
0
0
0
0
-0
-0
-0
-0
-0
-0
-0
-0
-0
-0
-0
-0
-0
-0
-0
-0
-0
-0
-0
-0
-0
-0
-0
-0
-0
-0
-0
-0
-0
-0
-0
-0
-0
-0
-0
-0
-0
-0
-0
-0
-0
-0
-0
-0
-0
-0
-0
-0
-0
0
0
0
0
0
0
0
0
0
0
0
0
0
0
0
0
0
0
0
0
0
0
0
0
0
0
0
0
0
0
0
0
0
0
0
0
0
0
0
0
0
0
0
0
0
0
0
0
0
0
-0
-0
-0
-0
-0
-0
-0
-0
-0
-0
-0
-0
-0
-0
-0
-0
-0
-0
-0
-0
-0
-0
-0
-0
-0
-0
-0
-0
-0
-0
-0
-0
-0
-0
-0
-0
-0
-0
-0
-0
-0
-0
-0
-0
-0
-0
-0
-0
-0
-0
0
0
0
0
0
0
0
0
0
0
0
0
0
0
0
0
0
0
0
0
0
0
0
0
0
0
0
0
0
0
0
0
0
0
0
0
0
0
0
0
0
0
0
0
0
0
0
0
0
0
-0
-0
-0
-0
-0
-0
-0
-0
-0
-0
-0
-0
-0
-0
-0
-0
-0
-0
-0
-0
-0
-0
-0
-0
-0
-0
-0
-0
-0
-0
-0
-0
-0
-0
-0
-0
-0
-0
-0
-0
-0
-0
-0
-0
-0
-0
-0
-0
-0
-0
0
0
0
0
0
0
0
0
0
0
0
0
0
0
0
0
0
0
0
0
0
0
0
0
0
0
0
0
0
0
0
0
0
0
0
0
0
0
0
0
0
0
0
0
0
0
0
0
0
0
0
-0
-0
-0
-0
-0
-0
-0
-0
-0
-0
-0
-0
-0
-0
-0
-0
-0
-0
-0
-0
-0
-0
-0
-0
-0
-0
-0
-0
-0
-0
-0
-0
-0
-0
-0
-0
-0
-0
-0
-0
-0
-0
-0
-0
-0
-0
-0
-0
-0
-0
0
0
0
0
0
0
0
0
0
0
0
0
0
0
0
0
0
0
0
0
0
0
0
0
0
0
0
0
0
0
0
0
0
0
0
0
0
0
0
0
0
0
0
0
0
0
0
0
0
0
-0
-0
-0
-0
-0
-0
-0
-0
-0
-0
-0
-0
-0
-0
-0
-0
-0
-0
-0
-0
-0
-0
-0
-0
-0
-0
-0
-0
-0
-0
-0
-0
-0
-0
-0
-0
-0
-0
-0
-0
-0
-0
-0
-0
-0
-0
-0
-0
-0
-0
0
0
0
0
0
0
0
0
0
0
0
0
0
0
0
0
0
0
0
0
0
0
0
0
0
0
0
0
0
0
0
0
0
0
0
0
0
0
0
0
0
0
0
0
0
0
0
0
0
0
-0
-0
-0
-0
-0
-0
-0
-0
-0
-0
-0
-0
-0
-0
-0
-0
-0
-0
-0
-0
-0
-0
-0
-0
-0
-0
-0
-0
-0
-0
-0
-0
-0
-0
-0
-0
-0
-0
-0
-0
-0
-0
-0
-0
-0
-0
-0
-0
-0
-0
0
0
0
0
0
0
0
0
0
0
0
0
0
0
0
0
0
0
0
0
0
0
0
0
0
0
0
0
0
0
0
0
0
0
0
0
0
0
0
0
0
0
0
0
0
0
0
0
0
0
-0
-0
-0
-0
-0
-0
-0
-0
-0
-0
-0
-0
-0
-0
-0
-0
-0
-0
-0
-0
-0
-0
-0
-0
-0
-0
-0
-0
-0
-0
-0
-0
-0
-0
-0
-0
-0
-0
-0
-0
-0
-0
-0
-0
-0
-0
-0
-0
-0
-0
0
0
0
0
0
0
0
0
0
0
0
0
0
0
0
0
0
0
0
0
0
0
0
0
0
0
0
0
0
0
0
0
0
0
0
0
0
0
0
0
0
0
0
0
0
0
0
0
0
-0
-0
-0
-0
-0
-0
-0
-0
-0
-0
-0
-0
-0
-0
-0
-0
-0
-0
-0
-0
-0
-0
-0
-0
-0
-0
-0
-0
-0
-0
-0
-0
-0
-0
-0
-0
-0
-0
-0
-0
-0
-0
-0
-0
-0
-0
-0
-0
-0
-0
-0
0
0
0
0
0
0
0
0
0
0
0
0
0
0
0
0
0
0
0
0
0
0
0
0
0
0
0
0
0
0
0
0
0
0
0
0
0
0
0
0
0
0
0
0
0
0
0
0
0
0
-4.9448e-09
-1.974e-08
-4.4269e-08
-7.8337e-08
-1.2168e-07
-1.7394e-07
-2.3471e-07
-3.035e-07
-3.7977e-07
-4.6288e-07
-5.5217e-07
-6.469e-07
-7.4628e-07
-8.4949e-07
-9.5565e-07
-1.0639e-06
-1.1732e-06
-1.2826e-06
-1.3912e-06
-1.4979e-06
-1.6018e-06
-1.7018e-06
-1.797e-06
-1.8863e-06
-1.9687e-06
-2.0435e-06
-2.1095e-06
-2.1659e-06
-2.212e-06
-2.2469e-06
-2.2698e-06
-2.2802e-06
-2.2773e-06
-2.2607e-06
-2.2299e-06
-2.1844e-06
-2.124e-06
-2.0485e-06
-1.9577e-06
-1.8515e-06
-1.7301e-06
-1.5934e-06
-1.4418e-06
-1.2756e-06
-1.0951e-06
-9.0088e-07
-6.9355e-07
-4.7376e-07
-2.4229e-07
-6.1737e-20
2.5218e-07
5.1324e-07
7.8208e-07
1.0576e-06
1.3384e-06
1.6234e-06
1.9112e-06
2.2004e-06
2.4896e-06
2.7773e-06
3.062e-06
3.3423e-06
3.6166e-06
3.8834e-06
4.1412e-06
4.3884e-06
4.6236e-06
4.8453e-06
5.0522e-06
5.2427e-06
5.4156e-06
5.5696e-06
5.7034e-06
5.816e-06
5.9063e-06
5.9732e-06
6.0159e-06
6.0337e-06
6.0258e-06
5.9917e-06
5.9308e-06
5.8429e-06
5.7278e-06
5.5852e-06
5.4154e-06
5.2183e-06
4.9943e-06
4.7439e-06
4.4675e-06
4.1659e-06
3.8399e-06
3.4903e-06
3.1183e-06
2.725e-06
2.3118e-06
1.8801e-06
1.4314e-06
9.6726e-07
4.8953e-07
-1.545e-20
-4.9942e-07
-1.0067e-06
-1.5199e-06
-2.0368e-06
-2.5552e-06
-3.0729e-06
-3.5877e-06
-4.0973e-06
-4.5994e-06
-5.0917e-06
-5.5719e-06
-6.0377e-06
-6.4869e-06
-6.9173e-06
-7.3267e-06
-7.7129e-06
-8.0741e-06
-8.4081e-06
-8.7132e-06
-8.9875e-06
-9.2294e-06
-9.4373e-06
-9.6099e-06
-9.7457e-06
-9.8438e-06
-9.9029e-06
-9.9224e-06
-9.9015e-06
-9.8396e-06
-9.7364e-06
-9.5918e-06
-9.4057e-06
-9.1782e-06
-8.9098e-06
-8.6009e-06
-8.2522e-06
-7.8647e-06
-7.4393e-06
-6.9774e-06
-6.4803e-06
-5.9497e-06
-5.3872e-06
-4.7948e-06
-4.1745e-06
-3.5286e-06
-2.8593e-06
-2.1692e-06
-1.4608e-06
-7.3677e-07
-1.0417e-19
7.4666e-07
1.5002e-06
2.2577e-06
3.016e-06
3.7719e-06
4.5224e-06
5.2642e-06
5.9942e-06
6.7092e-06
7.4061e-06
8.0817e-06
8.7331e-06
9.3572e-06
9.9512e-06
1.0512e-05
1.1037e-05
1.1525e-05
1.1971e-05
1.2374e-05
1.2732e-05
1.3043e-05
1.3305e-05
1.3516e-05
1.3675e-05
1.3781e-05
1.3833e-05
1.3829e-05
1.3769e-05
1.3653e-05
1.3481e-05
1.3253e-05
1.2968e-05
1.2629e-05
1.2234e-05
1.1786e-05
1.1286e-05
1.0735e-05
1.0135e-05
9.4873e-06
8.7947e-06
8.0595e-06
7.2841e-06
6.4713e-06
5.624e-06
4.7453e-06
3.8385e-06
2.907e-06
1.9543e-06
9.8401e-07
-1.3895e-19
-9.939e-07
-1.9937e-06
-2.9955e-06
-3.9952e-06
-4.9887e-06
-5.9719e-06
-6.9407e-06
-7.8911e-06
-8.819e-06
-9.7205e-06
-1.0592e-05
-1.1429e-05
-1.2228e-05
-1.2985e-05
-1.3698e-05
-1.4362e-05
-1.4975e-05
-1.5534e-05
-1.6035e-05
-1.6477e-05
-1.6857e-05
-1.7173e-05
-1.7423e-05
-1.7605e-05
-1.7719e-05
-1.7762e-05
-1.7735e-05
-1.7637e-05
-1.7467e-05
-1.7226e-05
-1.6914e-05
-1.6531e-05
-1.6079e-05
-1.5559e-05
-1.4972e-05
-1.432e-05
-1.3605e-05
-1.283e-05
-1.1997e-05
-1.1109e-05
-1.0169e-05
-9.181e-06
-8.1478e-06
-7.0735e-06
-5.9621e-06
-4.8177e-06
-3.6448e-06
-2.4478e-06
-1.2312e-06
-3.8552e-20
1.2411e-06
2.4872e-06
3.7333e-06
4.9744e-06
6.2054e-06
7.4214e-06
8.6172e-06
9.788e-06
1.0929e-05
1.2035e-05
1.3101e-05
1.4124e-05
1.5098e-05
1.6019e-05
1.6883e-05
1.7687e-05
1.8425e-05
1.9096e-05
1.9696e-05
2.0222e-05
2.0671e-05
2.1041e-05
2.1329e-05
2.1535e-05
2.1656e-05
2.1692e-05
2.1642e-05
2.1505e-05
2.1281e-05
2.0971e-05
2.0575e-05
2.0094e-05
1.953e-05
1.8883e-05
1.8157e-05
1.7354e-05
1.6476e-05
1.5526e-05
1.4507e-05
1.3424e-05
1.2279e-05
1.1078e-05
9.8243e-06
8.523e-06
7.1789e-06
5.797e-06
4.3826e-06
2.9413e-06
1.4785e-06
-3.7051e-19
-1.4884e-06
-2.9807e-06
-4.4712e-06
-5.9536e-06
-7.4222e-06
-8.8709e-06
-1.0294e-05
-1.1685e-05
-1.3039e-05
-1.4349e-05
-1.5611e-05
-1.6819e-05
-1.7968e-05
-1.9053e-05
-2.0069e-05
-2.1011e-05
-2.1876e-05
-2.2659e-05
-2.3357e-05
-2.3967e-05
-2.4485e-05
-2.4908e-05
-2.5236e-05
-2.5465e-05
-2.5594e-05
-2.5622e-05
-2.5548e-05
-2.5372e-05
-2.5095e-05
-2.4716e-05
-2.4236e-05
-2.3657e-05
-2.298e-05
-2.2208e-05
-2.1343e-05
-2.0388e-05
-1.9346e-05
-1.8221e-05
-1.7017e-05
-1.5738e-05
-1.4389e-05
-1.2975e-05
-1.1501e-05
-9.9725e-06
-8.3956e-06
-6.7762e-06
-5.1204e-06
-3.4348e-06
-1.7257e-06
1.3512e-19
1.7356e-06
3.4742e-06
5.209e-06
6.9329e-06
8.639e-06
1.032e-05
1.197e-05
1.3582e-05
1.5148e-05
1.6664e-05
1.8121e-05
1.9515e-05
2.0838e-05
2.2087e-05
2.3254e-05
2.4336e-05
2.5326e-05
2.6222e-05
2.7018e-05
2.7711e-05
2.8298e-05
2.8776e-05
2.9142e-05
2.9394e-05
2.9531e-05
2.9552e-05
2.9455e-05
2.924e-05
2.8909e-05
2.846e-05
2.7897e-05
2.7219e-05
2.6431e-05
2.5532e-05
2.4528e-05
2.3422e-05
2.2216e-05
2.0916e-05
1.9527e-05
1.8052e-05
1.6499e-05
1.4872e-05
1.3177e-05
1.1422e-05
9.6124e-06
7.7554e-06
5.8582e-06
3.9283e-06
1.973e-06
1.8517e-19
-1.9828e-06
-3.9677e-06
-5.9468e-06
-7.9121e-06
-9.8557e-06
-1.177e-05
-1.3647e-05
-1.5479e-05
-1.7258e-05
-1.8978e-05
-2.0631e-05
-2.221e-05
-2.3709e-05
-2.5121e-05
-2.644e-05
-2.766e-05
-2.8777e-05
-2.9785e-05
-3.0679e-05
-3.1456e-05
-3.2112e-05
-3.2644e-05
-3.3049e-05
-3.3324e-05
-3.3469e-05
-3.3481e-05
-3.3361e-05
-3.3108e-05
-3.2722e-05
-3.2205e-05
-3.1558e-05
-3.0782e-05
-2.9881e-05
-2.8857e-05
-2.7714e-05
-2.6456e-05
-2.5087e-05
-2.3612e-05
-2.2037e-05
-2.0367e-05
-1.8609e-05
-1.6769e-05
-1.4854e-05
-1.2871e-05
-1.0829e-05
-8.7346e-06
-6.5961e-06
-4.4218e-06
-2.2202e-06
4.1684e-19
2.2301e-06
4.4612e-06
6.6846e-06
8.8913e-06
1.1072e-05
1.3219e-05
1.5323e-05
1.7376e-05
1.9368e-05
2.1293e-05
2.3141e-05
2.4906e-05
2.6579e-05
2.8155e-05
2.9625e-05
3.0985e-05
3.2227e-05
3.3347e-05
3.434e-05
3.5201e-05
3.5926e-05
3.6512e-05
3.6955e-05
3.7254e-05
3.7406e-05
3.7411e-05
3.7268e-05
3.6976e-05
3.6536e-05
3.595e-05
3.5219e-05
3.4345e-05
3.3331e-05
3.2182e-05
3.0899e-05
2.9489e-05
2.7957e-05
2.6307e-05
2.4546e-05
2.2681e-05
2.0718e-05
1.8666e-05
1.653e-05
1.4321e-05
1.2046e-05
9.7138e-06
7.3339e-06
4.9153e-06
2.4674e-06
-3.8597e-20
-2.4625e-06
-4.9054e-06
-7.3191e-06
-9.6942e-06
-1.2022e-05
-1.4292e-05
-1.6497e-05
-1.8628e-05
-2.0676e-05
-2.2635e-05
-2.4496e-05
-2.6253e-05
-2.7899e-05
-2.9429e-05
-3.0836e-05
-3.2115e-05
-3.3262e-05
-3.4274e-05
-3.5146e-05
-3.5875e-05
-3.646e-05
-3.6898e-05
-3.7189e-05
-3.7332e-05
-3.7327e-05
-3.7175e-05
-3.6877e-05
-3.6434e-05
-3.585e-05
-3.5126e-05
-3.4267e-05
-3.3276e-05
-3.2158e-05
-3.0918e-05
-2.9561e-05
-2.8094e-05
-2.6522e-05
-2.4852e-05
-2.3091e-05
-2.1246e-05
-1.9326e-05
-1.7338e-05
-1.529e-05
-1.319e-05
-1.1048e-05
-8.8717e-06
-6.6698e-06
-4.4514e-06
-2.2251e-06
6.585e-19
2.2152e-06
4.4119e-06
6.5813e-06
8.715e-06
1.0805e-05
1.2842e-05
1.482e-05
1.6731e-05
1.8566e-05
2.032e-05
2.1986e-05
2.3558e-05
2.5029e-05
2.6395e-05
2.765e-05
2.8791e-05
2.9812e-05
3.0711e-05
3.1485e-05
3.213e-05
3.2646e-05
3.3031e-05
3.3283e-05
3.3403e-05
3.339e-05
3.3246e-05
3.297e-05
3.2567e-05
3.2036e-05
3.1381e-05
3.0606e-05
2.9713e-05
2.8708e-05
2.7594e-05
2.6376e-05
2.506e-05
2.3651e-05
2.2156e-05
2.0581e-05
1.8932e-05
1.7216e-05
1.5441e-05
1.3613e-05
1.1741e-05
9.8314e-06
7.8925e-06
5.932e-06
3.9579e-06
1.9779e-06
-2.4643e-19
-1.968e-06
-3.9184e-06
-5.8435e-06
-7.7358e-06
-9.588e-06
-1.1393e-05
-1.3144e-05
-1.4834e-05
-1.6457e-05
-1.8006e-05
-1.9476e-05
-2.0862e-05
-2.2159e-05
-2.3361e-05
-2.4465e-05
-2.5466e-05
-2.6361e-05
-2.7148e-05
-2.7824e-05
-2.8385e-05
-2.8832e-05
-2.9163e-05
-2.9377e-05
-2.9473e-05
-2.9452e-05
-2.9316e-05
-2.9064e-05
-2.8699e-05
-2.8222e-05
-2.7637e-05
-2.6945e-05
-2.6151e-05
-2.5257e-05
-2.4269e-05
-2.319e-05
-2.2026e-05
-2.0781e-05
-1.9461e-05
-1.8071e-05
-1.6617e-05
-1.5106e-05
-1.3544e-05
-1.1937e-05
-1.0291e-05
-8.6146e-06
-6.9133e-06
-5.1942e-06
-3.4644e-06
-1.7307e-06
-8.0745e-20
1.7208e-06
3.4249e-06
5.1057e-06
6.7566e-06
8.3713e-06
9.9435e-06
1.1467e-05
1.2937e-05
1.4347e-05
1.5692e-05
1.6967e-05
1.8167e-05
1.9289e-05
2.0327e-05
2.1279e-05
2.2141e-05
2.2911e-05
2.3585e-05
2.4163e-05
2.4641e-05
2.5019e-05
2.5295e-05
2.547e-05
2.5543e-05
2.5515e-05
2.5386e-05
2.5158e-05
2.4831e-05
2.4408e-05
2.3892e-05
2.3284e-05
2.2588e-05
2.1807e-05
2.0945e-05
2.0005e-05
1.8992e-05
1.7911e-05
1.6765e-05
1.5561e-05
1.4303e-05
1.2996e-05
1.1647e-05
1.026e-05
8.8419e-06
7.3979e-06
5.9341e-06
4.4564e-06
2.9709e-06
1.4834e-06
-3.462e-19
-1.4735e-06
-2.9314e-06
-4.3679e-06
-5.7774e-06
-7.1545e-06
-8.494e-06
-9.7908e-06
-1.104e-05
-1.2237e-05
-1.3377e-05
-1.4457e-05
-1.5472e-05
-1.6418e-05
-1.7293e-05
-1.8094e-05
-1.8817e-05
-1.9461e-05
-2.0023e-05
-2.0502e-05
-2.0896e-05
-2.1205e-05
-2.1427e-05
-2.1564e-05
-2.1614e-05
-2.1578e-05
-2.1456e-05
-2.1251e-05
-2.0963e-05
-2.0594e-05
-2.0147e-05
-1.9623e-05
-1.9025e-05
-1.8356e-05
-1.762e-05
-1.6819e-05
-1.5958e-05
-1.504e-05
-1.407e-05
-1.3051e-05
-1.1989e-05
-1.0887e-05
-9.7501e-06
-8.5837e-06
-7.3924e-06
-6.1811e-06
-4.9548e-06
-3.7186e-06
-2.4774e-06
-1.2362e-06
7.6917e-20
1.2263e-06
2.4379e-06
3.63e-06
4.7982e-06
5.9378e-06
7.0445e-06
8.1143e-06
9.1431e-06
1.0127e-05
1.1063e-05
1.1947e-05
1.2776e-05
1.3548e-05
1.4259e-05
1.4908e-05
1.5492e-05
1.601e-05
1.646e-05
1.6841e-05
1.7151e-05
1.7391e-05
1.756e-05
1.7657e-05
1.7684e-05
1.764e-05
1.7527e-05
1.7345e-05
1.7095e-05
1.6781e-05
1.6402e-05
1.5962e-05
1.5462e-05
1.4906e-05
1.4296e-05
1.3634e-05
1.2924e-05
1.217e-05
1.1375e-05
1.0541e-05
9.6742e-06
8.7768e-06
7.8532e-06
6.9072e-06
5.9429e-06
4.9644e-06
3.9756e-06
2.9808e-06
1.9839e-06
9.8895e-07
-3.3793e-19
-9.7906e-07
-1.9444e-06
-2.8922e-06
-3.8189e-06
-4.721e-06
-5.595e-06
-6.4378e-06
-7.2462e-06
-8.0173e-06
-8.7484e-06
-9.4371e-06
-1.0081e-05
-1.0678e-05
-1.1225e-05
-1.1723e-05
-1.2168e-05
-1.256e-05
-1.2897e-05
-1.318e-05
-1.3406e-05
-1.3577e-05
-1.3692e-05
-1.3751e-05
-1.3754e-05
-1.3703e-05
-1.3597e-05
-1.3438e-05
-1.3228e-05
-1.2967e-05
-1.2657e-05
-1.2301e-05
-1.19e-05
-1.1456e-05
-1.0971e-05
-1.0448e-05
-9.8905e-06
-9.2998e-06
-8.6792e-06
-8.0315e-06
-7.3598e-06
-6.667e-06
-5.9563e-06
-5.2307e-06
-4.4934e-06
-3.7476e-06
-2.9964e-06
-2.243e-06
-1.4904e-06
-7.4171e-07
1.2653e-19
7.3182e-07
1.4509e-06
2.1544e-06
2.8397e-06
3.5043e-06
4.1455e-06
4.7613e-06
5.3493e-06
5.9075e-06
6.434e-06
6.9272e-06
7.3854e-06
7.8073e-06
8.1915e-06
8.5372e-06
8.8433e-06
9.1092e-06
9.3344e-06
9.5186e-06
9.6615e-06
9.7633e-06
9.8241e-06
9.8443e-06
9.8243e-06
9.765e-06
9.6671e-06
9.5317e-06
9.36e-06
9.1531e-06
8.9126e-06
8.6399e-06
8.3369e-06
8.0051e-06
7.6464e-06
7.263e-06
6.8566e-06
6.4295e-06
5.9838e-06
5.5217e-06
5.0454e-06
4.5572e-06
4.0594e-06
3.5542e-06
3.0439e-06
2.5308e-06
2.0172e-06
1.5051e-06
9.9687e-07
4.9448e-07
-1.9303e-23
-4.8459e-07
-9.5739e-07
-1.4166e-06
-1.8605e-06
-2.2875e-06
-2.6961e-06
-3.0848e-06
-3.4524e-06
-3.7977e-06
-4.1196e-06
-4.4173e-06
-4.69e-06
-4.9369e-06
-5.1576e-06
-5.3516e-06
-5.5187e-06
-5.6588e-06
-5.7717e-06
-5.8576e-06
-5.9168e-06
-5.9495e-06
-5.9563e-06
-5.9378e-06
-5.8946e-06
-5.8275e-06
-5.7374e-06
-5.6253e-06
-5.4922e-06
-5.3393e-06
-5.1678e-06
-4.979e-06
-4.7741e-06
-4.5546e-06
-4.3219e-06
-4.0774e-06
-3.8227e-06
-3.5592e-06
-3.2884e-06
-3.0118e-06
-2.731e-06
-2.4474e-06
-2.1625e-06
-1.8777e-06
-1.5944e-06
-1.3141e-06
-1.038e-06
-7.6733e-07
-5.0337e-07
-2.4724e-07
6.8082e-20
2.3735e-07
4.6389e-07
6.7879e-07
8.8129e-07
1.0707e-06
1.2466e-06
1.4083e-06
1.5555e-06
1.6879e-06
1.8052e-06
1.9075e-06
1.9946e-06
2.0666e-06
2.1237e-06
2.1661e-06
2.1942e-06
2.2083e-06
2.2089e-06
2.1966e-06
2.172e-06
2.1357e-06
2.0886e-06
2.0314e-06
1.9649e-06
1.89e-06
1.8077e-06
1.7188e-06
1.6245e-06
1.5255e-06
1.423e-06
1.318e-06
1.2113e-06
1.1041e-06
9.9736e-07
8.9194e-07
7.8881e-07
6.8888e-07
5.9299e-07
5.0197e-07
4.1659e-07
3.3757e-07
2.6557e-07
2.0118e-07
1.4495e-07
9.734e-08
5.8753e-08
2.9513e-08
9.87e-09
0
0
-0
-0
-0
-0
-0
-0
-0
-0
-0
-0
-0
-0
-0
-0
-0
-0
-0
-0
-0
-0
-0
-0
-0
-0
-0
-0
-0
-0
-0
-0
-0
-0
-0
-0
-0
-0
-0
-0
-0
-0
-0
-0
-0
-0
-0
-0
-0
-0
-0
-0
0
0
0
0
0
0
0
0
0
0
0
0
0
0
0
0
0
0
0
0
0
0
0
0
0
0
0
0
0
0
0
0
0
0
0
0
0
0
0
0
0
0
0
0
0
0
0
0
0
0
-0
-0
-0
-0
-0
-0
-0
-0
-0
-0
-0
-0
-0
-0
-0
-0
-0
-0
-0
-0
-0
-0
-0
-0
-0
-0
-0
-0
-0
-0
-0
-0
-0
-0
-0
-0
-0
-0
-0
-0
-0
-0
-0
-0
-0
-0
-0
-0
-0
-0
0
0
0
0
0
0
0
0
0
0
0
0
0
0
0
0
0
0
0
0
0
0
0
0
0
0
0
0
0
0
0
0
0
0
0
0
0
0
0
0
0
0
0
0
0
0
0
0
0
0
-0
-0
-0
-0
-0
-0
-0
-0
-0
-0
-0
-0
-0
-0
-0
-0
-0
-0
-0
-0
-0
-0
-0
-0
-0
-0
-0
-0
-0
-0
-0
-0
-0
-0
-0
-0
-0
-0
-0
-0
-0
-0
-0
-0
-0
-0
-0
-0
-0
-0
0
0
0
0
0
0
0
0
0
0
0
0
0
0
0
0
0
0
0
0
0
0
0
0
0
0
0
0
0
0
0
0
0
0
0
0
0
0
0
0
0
0
0
0
0
0
0
0
0
0
-0
-0
-0
-0
-0
-0
-0
-0
-0
-0
-0
-0
-0
-0
-0
-0
-0
-0
-0
-0
-0
-0
-0
-0
-0
-0
-0
-0
-0
-0
-0
-0
-0
-0
-0
-0
-0
-0
-0
-0
-0
-0
-0
-0
-0
-0
-0
-0
-0
-0
0
0
0
0
0
0
0
0
0
0
0
0
0
0
0
0
0
0
0
0
0
0
0
0
0
0
0
0
0
0
0
0
0
0
0
0
0
0
0
0
0
0
0
0
0
0
0
0
0
0
-0
-0
-0
-0
-0
-0
-0
-0
-0
-0
-0
-0
-0
-0
-0
-0
-0
-0
-0
-0
-0
-0
-0
-0
-0
-0
-0
-0
-0
-0
-0
-0
-0
-0
-0
-0
-0
-0
-0
-0
-0
-0
-0
-0
-0
-0
-0
-0
-0
-0
0
0
0
0
0
0
0
0
0
0
0
0
0
0
0
0
0
0
0
0
0
0
0
0
0
0
0
0
0
0
0
0
0
0
0
0
0
0
0
0
0
0
0
0
0
0
0
0
0
0
-0
-0
-0
-0
-0
-0
-0
-0
-0
-0
-0
-0
-0
-0
-0
-0
-0
-0
-0
-0
-0
-0
-0
-0
-0
-0
-0
-0
-0
-0
-0
-0
-0
-0
-0
-0
-0
-0
-0
-0
-0
-0
-0
-0
-0
-0
-0
-0
-0
0
0
0
0
0
0
0
0
0
0
0
0
0
0
0
0
0
0
0
0
0
0
0
0
0
0
0
0
0
0
0
0
0
0
0
0
0
0
0
0
0
0
0
0
0
0
0
0
0
0
0
-0
-0
-0
-0
-0
-0
-0
-0
-0
-0
-0
-0
-0
-0
-0
-0
-0
-0
-0
-0
-0
-0
-0
-0
-0
-0
-0
-0
-0
-0
-0
-0
-0
-0
-0
-0
-0
-0
-0
-0
-0
-0
-0
-0
-0
-0
-0
-0
-0
-0
0
0
0
0
0
0
0
0
0
0
0
0
0
0
0
0
0
0
0
0
0
0
0
0
0
0
0
0
0
0
0
0
0
0
0
0
0
0
0
0
0
0
0
0
0
0
0
0
0
0
-0
-0
-0
-0
-0
-0
-0
-0
-0
-0
-0
-0
-0
-0
-0
-0
-0
-0
-0
-0
-0
-0
-0
-0
-0
-0
-0
-0
-0
-0
-0
-0
-0
-0
-0
-0
-0
-0
-0
-0
-0
-0
-0
-0
-0
-0
-0
-0
-0
-0
0
0
0
0
0
0
0
0
0
0
0
0
0
0
0
0
0
0
0
0
0
0
0
0
0
0
0
0
0
0
0
0
0
0
0
0
0
0
0
0
0
0
0
0
0
0
0
0
0
-0
-0
-0
-0
-0
-0
-0
-0
-0
-0
-0
-0
-0
-0
-0
-0
-0
-0
-0
-0
-0
-0
-0
-0
-0
-0
-0
-0
-0
-0
-0
-0
-0
-0
-0
-0
-0
-0
-0
-0
-0
-0
-0
-0
-0
-0
-0
-0
-0
-0
-0
0
0
0
0
0
0
0
0
0
0
0
0
0
0
0
0
0
0
0
0
0
0
0
0
0
0
0
0
0
0
0
0
0
0
0
0
0
0
0
0
0
0
0
0
0
0
0
0
0
0
-0
-0
-0
-0
-0
-0
-0
-0
-0
-0
-0
-0
-0
-0
-0
-0
-0
-0
-0
-0
-0
-0
-0
-0
-0
-0
-0
-0
-0
-0
-0
-0
-0
-0
-0
-0
-0
-0
-0
-0
-0
-0
-0
-0
-0
-0
-0
-0
-0
0
0
0
0
0
0
0
0
0
0
0
0
0
0
0
0
0
0
0
0
0
0
0
0
0
0
0
0
0
0
0
0
0
0
0
0
0
0
0
0
0
0
0
0
0
0
0
0
0
0
0
-0
-0
-0
-0
-0
-0
-0
-0
-0
-0
-0
-0
-0
-0
-0
-0
-0
-0
-0
-0
-0
-0
-0
-0
-0
-0
-0
-0
-0
-0
-0
-0
-0
-0
-0
-0
-0
-0
-0
-0
-0
-0
-0
-0
-0
-0
-0
-0
-0
-0
0
0
0
0
0
0
0
0
0
0
0
0
0
0
0
0
0
0
0
0
0
0
0
0
0
0
0
0
0
0
0
0
0
0
0
0
0
0
0
0
0
0
0
0
0
0
0
0
0
0
-0
-0
-0
-0
-0
-0
-0
-0
-0
-0
-0
-0
-0
-0
-0
-0
-0
-0
-0
-0
-0
-0
-0
-0
-0
-0
-0
-0
-0
-0
-0
-0
-0
-0
-0
-0
-0
-0
-0
-0
-0
-0
-0
-0
-0
-0
-0
-0
-0
0
0
0
0
0
0
0
0
0
0
0
0
0
0
0
0
0
0
0
0
0
0
0
0
0
0
0
0
0
0
0
0
0
0
0
0
0
0
0
0
0
0
0
0
0
0
0
0
0
0
-0
-0
-0
-0
-0
-0
-0
-0
-0
-0
-0
-0
-0
-0
-0
-0
-0
-0
-0
-0
-0
-0
-0
-0
-0
-0
-0
-0
-0
-0
-0
-0
-0
-0
-0
-0
-0
-0
-0
-0
-0
-0
-0
-0
-0
-0
-0
-0
-0
-0
-0
0
0
0
0
0
0
0
0
0
0
0
0
0
0
0
0
0
0
0
0
0
0
0
0
0
0
0
0
0
0
0
0
0
0
0
0
0
0
0
0
0
0
0
0
0
0
0
0
0
0
-0
-0
-0
-0
-0
-0
-0
-0
-0
-0
-0
-0
-0
-0
-0
-0
-0
-0
-0
-0
-0
-0
-0
-0
-0
-0
-0
-0
-0
-0
-0
-0
-0
-0
-0
-0
-0
-0
-0
-0
-0
-0
-0
-0
-0
-0
-0
-0
-0
0
0
0
0
0
0
0
0
0
0
0
0
0
0
0
0
0
0
0
0
0
0
0
0
0
0
0
0
0
0
0
0
0
0
0
0
0
0
0
0
0
0
0
0
0
0
0
0
0
0
-0
-0
-0
-0
-0
-0
-0
-0
-0
-0
-0
-0
-0
-0
-0
-0
-0
-0
-0
-0
-0
-0
-0
-0
-0
-0
-0
-0
-0
-0
-0
-0
-0
-0
-0
-0
-0
-0
-0
-0
-0
-0
-0
-0
-0
-0
-0
-0
-0
-0
0
0
0
0
0
0
0
0
0
0
0
0
0
0
0
0
0
0
0
0
0
0
0
0
0
0
0
0
0
0
0
0
0
0
0
0
0
0
0
0
0
0
0
0
0
0
0
0
0
0
0
-0
-0
-0
-0
-0
-0
-0
-0
-0
-0
-0
-0
-0
-0
-0
-0
-0
-0
-0
-0
-0
-0
-0
-0
-0
-0
-0
-0
-0
-0
-0
-0
-0
-0
-0
-0
-0
-0
-0
-0
-0
-0
-0
-0
-0
-0
-0
-0
-0
-0
0
0
0
0
0
0
0
0
0
0
0
0
0
0
0
0
0
0
0
0
0
0
0
0
0
0
0
0
0
0
0
0
0
0
0
0
0
0
0
0
0
0
0
0
0
0
0
0
0
-0
-0
-0
-0
-0
-0
-0
-0
-0
-0
-0
-0
-0
-0
-0
-0
-0
-0
-0
-0
-0
-0
-0
-0
-0
-0
-0
-0
-0
-0
-0
-0
-0
-0
-0
-0
-0
-0
-0
-0
-0
-0
-0
-0
-0
-0
-0
-0
-0
-0
0
0
0
0
0
0
0
0
0
0
0
0
0
0
0
0
0
0
0
0
0
0
0
0
0
0
0
0
0
0
0
0
0
0
0
0
0
0
0
0
0
0
0
0
0
0
0
0
0
0
-0
-0
-0
-0
-0
-0
-0
-0
-0
-0
-0
-0
-0
-0
-0
-0
-0
-0
-0
-0
-0
-0
-0
-0
-0
-0
-0
-0
-0
-0
-0
-0
-0
-0
-0
-0
-0
-0
-0
-0
-0
-0
-0
-0
-0
-0
-0
-0
-0
-0
-0
0
0
0
0
0
0
0
0
0
0
0
0
0
0
0
0
0
0
0
0
0
0
0
0
0
0
0
0
0
0
0
0
0
0
0
0
0
0
0
0
0
0
0
0
0
0
0
0
0
0
-0
-0
-0
-0
-0
-0
-0
-0
-0
-0
-0
-0
-0
-0
-0
-0
-0
-0
-0
-0
-0
-0
-0
-0
-0
-0
-0
-0
-0
-0
-0
-0
-0
-0
-0
-0
-0
-0
-0
-0
-0
-0
-0
-0
-0
-0
-0
-0
-0
0
0
0
0
0
0
0
0
0
0
0
0
0
0
0
0
0
0
0
0
0
0
0
0
0
0
0
0
0
0
0
0
0
0
0
0
0
0
0
0
0
0
0
0
0
0
0
0
0
0
-0
-0
-0
-0
-0
-0
-0
-0
-0
-0
-0
-0
-0
-0
-0
-0
-0
-0
-0
-0
-0
-0
-0
-0
-0
-0
-0
-0
-0
-0
-0
-0
-0
-0
-0
-0
-0
-0
-0
-0
-0
-0
-0
-0
-0
-0
-0
-0
-0
-0
0
0
0
0
0
0
0
0
0
0
0
0
0
0
0
0
0
0
0
0
0
0
0
0
0
0
0
0
0
0
0
0
0
0
0
0
0
0
0
0
0
0
0
0
0
0
0
0
0
0
-0
-0
-0
-0
-0
-0
-0
-0
-0
-0
-0
-0
-0
-0
-0
-0
-0
-0
-0
-0
-0
-0
-0
-0
-0
-0
-0
-0
-0
-0
-0
-0
-0
-0
-0
-0
-0
-0
-0
-0
-0
-0
-0
-0
-0
-0
-0
-0
-0
-0
-0
0
0
0
0
0
0
0
0
0
0
0
0
0
0
0
0
0
0
0
0
0
0
0
0
0
0
0
0
0
0
0
0
0
0
0
0
0
0
0
0
0
0
0
0
0
0
0
0
0
0
-0
-0
-0
-0
-0
-0
-0
-0
-0
-0
-0
-0
-0
-0
-0
-0
-0
-0
-0
-0
-0
-0
-0
-0
-0
-0
-0
-0
-0
-0
-0
-0
-0
-0
-0
-0
-0
-0
-0
-0
-0
-0
-0
-0
-0
-0
-0
-0
-0
-0
0
0
0
0
0
0
0
0
0
0
0
0
0
0
0
0
0
0
0
0
0
0
0
0
0
0
0
0
0
0
0
0
0
0
0
0
0
0
0
0
0
0
0
0
0
0
0
0
0
-0
-0
-0
-0
-0
-0
-0
-0
-0
-0
-0
-0
-0
-0
-0
-0
-0
-0
-0
-0
-0
-0
-0
-0
-0
-0
-0
-0
-0
-0
-0
-0
-0
-0
-0
-0
-0
-0
-0
-0
-0
-0
-0
-0
-0
-0
-0
-0
-0
-0
0
0
0
0
0
0
0
0
0
0
0
0
0
0
0
0
0
0
0
0
0
0
0
0
0
0
0
0
0
0
0
0
0
0
0
0
0
0
0
0
0
0
0
0
0
0
0
0
0
0
0
-0
-0
-0
-0
-0
-0
-0
-0
-0
-0
-0
-0
-0
-0
-0
-0
-0
-0
-0
-0
-0
-0
-0
-0
-0
-0
-0
-0
-0
-0
-0
-0
-0
-0
-0
-0
-0
-0
-0
-0
-0
-0
-0
-0
-0
-0
-0
-0
-0
-0
0
0
0
0
0
0
0
0
0
0
0
0
0
0
0
0
0
0
0
0
0
0
0
0
0
0
0
0
0
0
0
0
0
0
0
0
0
0
0
0
0
0
0
0
0
0
0
0
0
0
-0
-0
-0
-0
-0
-0
-0
-0
-0
-0
-0
-0
-0
-0
-0
-0
-0
-0
-0
-0
-0
-0
-0
-0
-0
-0
-0
-0
-0
-0
-0
-0
-0
-0
-0
-0
-0
-0
-0
-0
-0
-0
-0
-0
-0
-0
-0
-0
-0
0
0
0
0
0
0
0
0
0
0
0
0
0
0
0
0
0
0
0
0
0
0
0
0
0
0
0
0
0
0
0
0
0
0
0
0
0
0
0
0
0
0
0
0
0
0
0
0
0
0
-0
-0
-0
-0
-0
-0
-0
-0
-0
-0
-0
-0
-0
-0
-0
-0
-0
-0
-0
-0
-0
-0
-0
-0
-0
-0
-0
-0
-0
-0
-0
-0
-0
-0
-0
-0
-0
-0
-0
-0
-0
-0
-0
-0
-0
-0
-0
-0
-0
-0
-0
0
0
0
0
0
0
0
0
0
0
0
0
0
0
0
0
0
0
0
0
0
0
0
0
0
0
0
0
0
0
0
0
0
0
0
0
0
0
0
0
0
0
0
0
0
0
0
0
0
0
-0
-0
-0
-0
-0
-0
-0
-0
-0
-0
-0
-0
-0
-0
-0
-0
-0
-0
-0
-0
-0
-0
-0
-0
-0
-0
-0
-0
-0
-0
-0
-0
-0
-0
-0
-0
-0
-0
-0
-0
-0
-0
-0
-0
-0
-0
-0
-0
-0
-0
0
0
0
0
0
0
0
0
0
0
0
0
0
0
0
0
0
0
0
0
0
0
0
0
0
0
0
0
0
0
0
0
0
0
0
0
0
0
0
0
0
0
0
0
0
0
0
0
0
-0
-0
-0
-0
-0
-0
-0
-0
-0
-0
-0
-0
-0
-0
-0
-0
-0
-0
-0
-0
-0
-0
-0
-0
-0
-0
-0
-0
-0
-0
-0
-0
-0
-0
-0
-0
-0
-0
-0
-0
-0
-0
-0
-0
-0
-0
-0
-0
-0
-0
0
0
0
0
0
0
0
0
0
0
0
0
0
0
0
0
0
0
0
0
0
0
0
0
0
0
0
0
0
0
0
0
0
0
0
0
0
0
0
0
0
0
0
0
0
0
0
0
0
0
-0
-4.9448e-09
-1.974e-08
-4.4269e-08
-7.8337e-08
-1.2168e-07
-1.7394e-07
-2.3471e-07
-3.035e-07
-3.7977e-07
-4.6288e-07
-5.5217e-07
-6.469e-07
-7.4628e-07
-8.4949e-07
-9.5565e-07
-1.0639e-06
-1.1732e-06
-1.2826e-06
-1.3912e-06
-1.4979e-06
-1.6018e-06
-1.7018e-06
-1.797e-06
-1.8863e-06
-1.9687e-06
-2.0435e-06
-2.1095e-06
-2.1659e-06
-2.212e-06
-2.2469e-06
-2.2698e-06
-2.2802e-06
-2.2773e-06
-2.2607e-06
-2.2299e-06
-2.1844e-06
-2.124e-06
-2.0485e-06
-1.9577e-06
-1.8515e-06
-1.7301e-06
-1.5934e-06
-1.4418e-06
-1.2756e-06
-1.0951e-06
-9.0088e-07
-6.9355e-07
-4.7376e-07
-2.4229e-07
-4.2429e-20
2.5218e-07
5.1324e-07
7.8208e-07
1.0576e-06
1.3384e-06
1.6234e-06
1.9112e-06
2.2004e-06
2.4896e-06
2.7773e-06
3.062e-06
3.3423e-06
3.6166e-06
3.8834e-06
4.1412e-06
4.3884e-06
4.6236e-06
4.8453e-06
5.0522e-06
5.2427e-06
5.4156e-06
5.5696e-06
5.7034e-06
5.816e-06
5.9063e-06
5.9732e-06
6.0159e-06
6.0337e-06
6.0258e-06
5.9917e-06
5.9308e-06
5.8429e-06
5.7278e-06
5.5852e-06
5.4154e-06
5.2183e-06
4.9943e-06
4.7439e-06
4.4675e-06
4.1659e-06
3.8399e-06
3.4903e-06
3.1183e-06
2.725e-06
2.3118e-06
1.8801e-06
1.4314e-06
9.6726e-07
4.8953e-07
-2.7789e-19
-4.9942e-07
-1.0067e-06
-1.5199e-06
-2.0368e-06
-2.5552e-06
-3.0729e-06
-3.5877e-06
-4.0973e-06
-4.5994e-06
-5.0917e-06
-5.5719e-06
-6.0377e-06
-6.4869e-06
-6.9173e-06
-7.3267e-06
-7.7129e-06
-8.0741e-06
-8.4081e-06
-8.7132e-06
-8.9875e-06
-9.2294e-06
-9.4373e-06
-9.6099e-06
-9.7457e-06
-9.8438e-06
-9.9029e-06
-9.9224e-06
-9.9015e-06
-9.8396e-06
-9.7364e-06
-9.5918e-06
-9.4057e-06
-9.1782e-06
-8.9098e-06
-8.6009e-06
-8.2522e-06
-7.8647e-06
-7.4393e-06
-6.9774e-06
-6.4803e-06
-5.9497e-06
-5.3872e-06
-4.7948e-06
-4.1745e-06
-3.5286e-06
-2.8593e-06
-2.1692e-06
-1.4608e-06
-7.3677e-07
2.8948e-19
7.4666e-07
1.5002e-06
2.2577e-06
3.016e-06
3.7719e-06
4.5224e-06
5.2642e-06
5.9942e-06
6.7092e-06
7.4061e-06
8.0817e-06
8.7331e-06
9.3572e-06
9.9512e-06
1.0512e-05
1.1037e-05
1.1525e-05
1.1971e-05
1.2374e-05
1.2732e-05
1.3043e-05
1.3305e-05
1.3516e-05
1.3675e-05
1.3781e-05
1.3833e-05
1.3829e-05
1.3769e-05
1.3653e-05
1.3481e-05
1.3253e-05
1.2968e-05
1.2629e-05
1.2234e-05
1.1786e-05
1.1286e-05
1.0735e-05
1.0135e-05
9.4873e-06
8.7947e-06
8.0595e-06
7.2841e-06
6.4713e-06
5.624e-06
4.7453e-06
3.8385e-06
2.907e-06
1.9543e-06
9.8401e-07
6.791e-19
-9.939e-07
-1.9937e-06
-2.9955e-06
-3.9952e-06
-4.9887e-06
-5.9719e-06
-6.9407e-06
-7.8911e-06
-8.819e-06
-9.7205e-06
-1.0592e-05
-1.1429e-05
-1.2228e-05
-1.2985e-05
-1.3698e-05
-1.4362e-05
-1.4975e-05
-1.5534e-05
-1.6035e-05
-1.6477e-05
-1.6857e-05
-1.7173e-05
-1.7423e-05
-1.7605e-05
-1.7719e-05
-1.7762e-05
-1.7735e-05
-1.7637e-05
-1.7467e-05
-1.7226e-05
-1.6914e-05
-1.6531e-05
-1.6079e-05
-1.5559e-05
-1.4972e-05
-1.432e-05
-1.3605e-05
-1.283e-05
-1.1997e-05
-1.1109e-05
-1.0169e-05
-9.181e-06
-8.1478e-06
-7.0735e-06
-5.9621e-06
-4.8177e-06
-3.6448e-06
-2.4478e-06
-1.2312e-06
-1.0611e-18
1.2411e-06
2.4872e-06
3.7333e-06
4.9744e-06
6.2054e-06
7.4214e-06
8.6172e-06
9.788e-06
1.0929e-05
1.2035e-05
1.3101e-05
1.4124e-05
1.5098e-05
1.6019e-05
1.6883e-05
1.7687e-05
1.8425e-05
1.9096e-05
1.9696e-05
2.0222e-05
2.0671e-05
2.1041e-05
2.1329e-05
2.1535e-05
2.1656e-05
2.1692e-05
2.1642e-05
2.1505e-05
2.1281e-05
2.0971e-05
2.0575e-05
2.0094e-05
1.953e-05
1.8883e-05
1.8157e-05
1.7354e-05
1.6476e-05
1.5526e-05
1.4507e-05
1.3424e-05
1.2279e-05
1.1078e-05
9.8243e-06
8.523e-06
7.1789e-06
5.797e-06
4.3826e-06
2.9413e-06
1.4785e-06
1.528e-18
-1.4884e-06
-2.9807e-06
-4.4712e-06
-5.9536e-06
-7.4222e-06
-8.8709e-06
-1.0294e-05
-1.1685e-05
-1.3039e-05
-1.4349e-05
-1.5611e-05
-1.6819e-05
-1.7968e-05
-1.9053e-05
-2.0069e-05
-2.1011e-05
-2.1876e-05
-2.2659e-05
-2.3357e-05
-2.3967e-05
-2.4485e-05
-2.4908e-05
-2.5236e-05
-2.5465e-05
-2.5594e-05
-2.5622e-05
-2.5548e-05
-2.5372e-05
-2.5095e-05
-2.4716e-05
-2.4236e-05
-2.3657e-05
-2.298e-05
-2.2208e-05
-2.1343e-05
-2.0388e-05
-1.9346e-05
-1.8221e-05
-1.7017e-05
-1.5738e-05
-1.4389e-05
-1.2975e-05
-1.1501e-05
-9.9725e-06
-8.3956e-06
-6.7762e-06
-5.1204e-06
-3.4348e-06
-1.7257e-06
-5.131e-19
1.7356e-06
3.4742e-06
5.209e-06
6.9329e-06
8.639e-06
1.032e-05
1.197e-05
1.3582e-05
1.5148e-05
1.6664e-05
1.8121e-05
1.9515e-05
2.0838e-05
2.2087e-05
2.3254e-05
2.4336e-05
2.5326e-05
2.6222e-05
2.7018e-05
2.7711e-05
2.8298e-05
2.8776e-05
2.9142e-05
2.9394e-05
2.9531e-05
2.9552e-05
2.9455e-05
2.924e-05
2.8909e-05
2.846e-05
2.7897e-05
2.7219e-05
2.6431e-05
2.5532e-05
2.4528e-05
2.3422e-05
2.2216e-05
2.0916e-05
1.9527e-05
1.8052e-05
1.6499e-05
1.4872e-05
1.3177e-05
1.1422e-05
9.6124e-06
7.7554e-06
5.8582e-06
3.9283e-06
1.973e-06
2.7166e-18
-1.9828e-06
-3.9677e-06
-5.9468e-06
-7.9121e-06
-9.8557e-06
-1.177e-05
-1.3647e-05
-1.5479e-05
-1.7258e-05
-1.8978e-05
-2.0631e-05
-2.221e-05
-2.3709e-05
-2.5121e-05
-2.644e-05
-2.766e-05
-2.8777e-05
-2.9785e-05
-3.0679e-05
-3.1456e-05
-3.2112e-05
-3.2644e-05
-3.3049e-05
-3.3324e-05
-3.3469e-05
-3.3481e-05
-3.3361e-05
-3.3108e-05
-3.2722e-05
-3.2205e-05
-3.1558e-05
-3.0782e-05
-2.9881e-05
-2.8857e-05
-2.7714e-05
-2.6456e-05
-2.5087e-05
-2.3612e-05
-2.2037e-05
-2.0367e-05
-1.8609e-05
-1.6769e-05
-1.4854e-05
-1.2871e-05
-1.0829e-05
-8.7346e-06
-6.5961e-06
-4.4218e-06
-2.2202e-06
-1.4238e-18
2.2301e-06
4.4612e-06
6.6846e-06
8.8913e-06
1.1072e-05
1.3219e-05
1.5323e-05
1.7376e-05
1.9368e-05
2.1293e-05
2.3141e-05
2.4906e-05
2.6579e-05
2.8155e-05
2.9625e-05
3.0985e-05
3.2227e-05
3.3347e-05
3.434e-05
3.5201e-05
3.5926e-05
3.6512e-05
3.6955e-05
3.7254e-05
3.7406e-05
3.7411e-05
3.7268e-05
3.6976e-05
3.6536e-05
3.595e-05
3.5219e-05
3.4345e-05
3.3331e-05
3.2182e-05
3.0899e-05
2.9489e-05
2.7957e-05
2.6307e-05
2.4546e-05
2.2681e-05
2.0718e-05
1.8666e-05
1.653e-05
1.4321e-05
1.2046e-05
9.7138e-06
7.3339e-06
4.9153e-06
2.4674e-06
2.0024e-18
-2.4625e-06
-4.9054e-06
-7.3191e-06
-9.6942e-06
-1.2022e-05
-1.4292e-05
-1.6497e-05
-1.8628e-05
-2.0676e-05
-2.2635e-05
-2.4496e-05
-2.6253e-05
-2.7899e-05
-2.9429e-05
-3.0836e-05
-3.2115e-05
-3.3262e-05
-3.4274e-05
-3.5146e-05
-3.5875e-05
-3.646e-05
-3.6898e-05
-3.7189e-05
-3.7332e-05
-3.7327e-05
-3.7175e-05
-3.6877e-05
-3.6434e-05
-3.585e-05
-3.5126e-05
-3.4267e-05
-3.3276e-05
-3.2158e-05
-3.0918e-05
-2.9561e-05
-2.8094e-05
-2.6522e-05
-2.4852e-05
-2.3091e-05
-2.1246e-05
-1.9326e-05
-1.7338e-05
-1.529e-05
-1.319e-05
-1.1048e-05
-8.8717e-06
-6.6698e-06
-4.4514e-06
-2.2251e-06
-2.183e-18
2.2152e-06
4.4119e-06
6.5813e-06
8.715e-06
1.0805e-05
1.2842e-05
1.482e-05
1.6731e-05
1.8566e-05
2.032e-05
2.1986e-05
2.3558e-05
2.5029e-05
2.6395e-05
2.765e-05
2.8791e-05
2.9812e-05
3.0711e-05
3.1485e-05
3.213e-05
3.2646e-05
3.3031e-05
3.3283e-05
3.3403e-05
3.339e-05
3.3246e-05
3.297e-05
3.2567e-05
3.2036e-05
3.1381e-05
3.0606e-05
2.9713e-05
2.8708e-05
2.7594e-05
2.6376e-05
2.506e-05
2.3651e-05
2.2156e-05
2.0581e-05
1.8932e-05
1.7216e-05
1.5441e-05
1.3613e-05
1.1741e-05
9.8314e-06
7.8925e-06
5.932e-06
3.9579e-06
1.9779e-06
4.9254e-19
-1.968e-06
-3.9184e-06
-5.8435e-06
-7.7358e-06
-9.588e-06
-1.1393e-05
-1.3144e-05
-1.4834e-05
-1.6457e-05
-1.8006e-05
-1.9476e-05
-2.0862e-05
-2.2159e-05
-2.3361e-05
-2.4465e-05
-2.5466e-05
-2.6361e-05
-2.7148e-05
-2.7824e-05
-2.8385e-05
-2.8832e-05
-2.9163e-05
-2.9377e-05
-2.9473e-05
-2.9452e-05
-2.9316e-05
-2.9064e-05
-2.8699e-05
-2.8222e-05
-2.7637e-05
-2.6945e-05
-2.6151e-05
-2.5257e-05
-2.4269e-05
-2.319e-05
-2.2026e-05
-2.0781e-05
-1.9461e-05
-1.8071e-05
-1.6617e-05
-1.5106e-05
-1.3544e-05
-1.1937e-05
-1.0291e-05
-8.6146e-06
-6.9133e-06
-5.1942e-06
-3.4644e-06
-1.7307e-06
-2.2894e-18
1.7208e-06
3.4249e-06
5.1057e-06
6.7566e-06
8.3713e-06
9.9435e-06
1.1467e-05
1.2937e-05
1.4347e-05
1.5692e-05
1.6967e-05
1.8167e-05
1.9289e-05
2.0327e-05
2.1279e-05
2.2141e-05
2.2911e-05
2.3585e-05
2.4163e-05
2.4641e-05
2.5019e-05
2.5295e-05
2.547e-05
2.5543e-05
2.5515e-05
2.5386e-05
2.5158e-05
2.4831e-05
2.4408e-05
2.3892e-05
2.3284e-05
2.2588e-05
2.1807e-05
2.0945e-05
2.0005e-05
1.8992e-05
1.7911e-05
1.6765e-05
1.5561e-05
1.4303e-05
1.2996e-05
1.1647e-05
1.026e-05
8.8419e-06
7.3979e-06
5.9341e-06
4.4564e-06
2.9709e-06
1.4834e-06
8.7678e-19
-1.4735e-06
-2.9314e-06
-4.3679e-06
-5.7774e-06
-7.1545e-06
-8.494e-06
-9.7908e-06
-1.104e-05
-1.2237e-05
-1.3377e-05
-1.4457e-05
-1.5472e-05
-1.6418e-05
-1.7293e-05
-1.8094e-05
-1.8817e-05
-1.9461e-05
-2.0023e-05
-2.0502e-05
-2.0896e-05
-2.1205e-05
-2.1427e-05
-2.1564e-05
-2.1614e-05
-2.1578e-05
-2.1456e-05
-2.1251e-05
-2.0963e-05
-2.0594e-05
-2.0147e-05
-1.9623e-05
-1.9025e-05
-1.8356e-05
-1.762e-05
-1.6819e-05
-1.5958e-05
-1.504e-05
-1.407e-05
-1.3051e-05
-1.1989e-05
-1.0887e-05
-9.7501e-06
-8.5837e-06
-7.3924e-06
-6.1811e-06
-4.9548e-06
-3.7186e-06
-2.4774e-06
-1.2362e-06
-9.4156e-19
1.2263e-06
2.4379e-06
3.63e-06
4.7982e-06
5.9378e-06
7.0445e-06
8.1143e-06
9.1431e-06
1.0127e-05
1.1063e-05
1.1947e-05
1.2776e-05
1.3548e-05
1.4259e-05
1.4908e-05
1.5492e-05
1.601e-05
1.646e-05
1.6841e-05
1.7151e-05
1.7391e-05
1.756e-05
1.7657e-05
1.7684e-05
1.764e-05
1.7527e-05
1.7345e-05
1.7095e-05
1.6781e-05
1.6402e-05
1.5962e-05
1.5462e-05
1.4906e-05
1.4296e-05
1.3634e-05
1.2924e-05
1.217e-05
1.1375e-05
1.0541e-05
9.6742e-06
8.7768e-06
7.8532e-06
6.9072e-06
5.9429e-06
4.9644e-06
3.9756e-06
2.9808e-06
1.9839e-06
9.8895e-07
9.2144e-19
-9.7906e-07
-1.9444e-06
-2.8922e-06
-3.8189e-06
-4.721e-06
-5.595e-06
-6.4378e-06
-7.2462e-06
-8.0173e-06
-8.7484e-06
-9.4371e-06
-1.0081e-05
-1.0678e-05
-1.1225e-05
-1.1723e-05
-1.2168e-05
-1.256e-05
-1.2897e-05
-1.318e-05
-1.3406e-05
-1.3577e-05
-1.3692e-05
-1.3751e-05
-1.3754e-05
-1.3703e-05
-1.3597e-05
-1.3438e-05
-1.3228e-05
-1.2967e-05
-1.2657e-05
-1.2301e-05
-1.19e-05
-1.1456e-05
-1.0971e-05
-1.0448e-05
-9.8905e-06
-9.2998e-06
-8.6792e-06
-8.0315e-06
-7.3598e-06
-6.667e-06
-5.9563e-06
-5.2307e-06
-4.4934e-06
-3.7476e-06
-2.9964e-06
-2.243e-06
-1.4904e-06
-7.4171e-07
-1.4943e-19
7.3182e-07
1.4509e-06
2.1544e-06
2.8397e-06
3.5043e-06
4.1455e-06
4.7613e-06
5.3493e-06
5.9075e-06
6.434e-06
6.9272e-06
7.3854e-06
7.8073e-06
8.1915e-06
8.5372e-06
8.8433e-06
9.1092e-06
9.3344e-06
9.5186e-06
9.6615e-06
9.7633e-06
9.8241e-06
9.8443e-06
9.8243e-06
9.765e-06
9.6671e-06
9.5317e-06
9.36e-06
9.1531e-06
8.9126e-06
8.6399e-06
8.3369e-06
8.0051e-06
7.6464e-06
7.263e-06
6.8566e-06
6.4295e-06
5.9838e-06
5.5217e-06
5.0454e-06
4.5572e-06
4.0594e-06
3.5542e-06
3.0439e-06
2.5308e-06
2.0172e-06
1.5051e-06
9.9687e-07
4.9448e-07
6.265e-19
-4.8459e-07
-9.5739e-07
-1.4166e-06
-1.8605e-06
-2.2875e-06
-2.6961e-06
-3.0848e-06
-3.4524e-06
-3.7977e-06
-4.1196e-06
-4.4173e-06
-4.69e-06
-4.9369e-06
-5.1576e-06
-5.3516e-06
-5.5187e-06
-5.6588e-06
-5.7717e-06
-5.8576e-06
-5.9168e-06
-5.9495e-06
-5.9563e-06
-5.9378e-06
-5.8946e-06
-5.8275e-06
-5.7374e-06
-5.6253e-06
-5.4922e-06
-5.3393e-06
-5.1678e-06
-4.979e-06
-4.7741e-06
-4.5546e-06
-4.3219e-06
-4.0774e-06
-3.8227e-06
-3.5592e-06
-3.2884e-06
-3.0118e-06
-2.731e-06
-2.4474e-06
-2.1625e-06
-1.8777e-06
-1.5944e-06
-1.3141e-06
-1.038e-06
-7.6733e-07
-5.0337e-07
-2.4724e-07
-1.3234e-19
2.3735e-07
4.6389e-07
6.7879e-07
8.8129e-07
1.0707e-06
1.2466e-06
1.4083e-06
1.5555e-06
1.6879e-06
1.8052e-06
1.9075e-06
1.9946e-06
2.0666e-06
2.1237e-06
2.1661e-06
2.1942e-06
2.2083e-06
2.2089e-06
2.1966e-06
2.172e-06
2.1357e-06
2.0886e-06
2.0314e-06
1.9649e-06
1.89e-06
1.8077e-06
1.7188e-06
1.6245e-06
1.5255e-06
1.423e-06
1.318e-06
1.2113e-06
1.1041e-06
9.9736e-07
8.9194e-07
7.8881e-07
6.8888e-07
5.9299e-07
5.0197e-07
4.1659e-07
3.3757e-07
2.6557e-07
2.0118e-07
1.4495e-07
9.734e-08
5.8753e-08
2.9513e-08
9.87e-09
0
0
-0
-0
-0
-0
-0
-0
-0
-0
-0
-0
-0
-0
-0
-0
-0
-0
-0
-0
-0
-0
-0
-0
-0
-0
-0
-0
-0
-0
-0
-0
-0
-0
-0
-0
-0
-0
-0
-0
-0
-0
-0
-0
-0
-0
-0
-0
-0
-0
-0
-0
0
0
0
0
0
0
0
0
0
0
0
0
0
0
0
0
0
0
0
0
0
0
0
0
0
0
0
0
0
0
0
0
0
0
0
0
0
0
0
0
0
0
0
0
0
0
0
0
0
0
-0
-0
-0
-0
-0
-0
-0
-0
-0
-0
-0
-0
-0
-0
-0
-0
-0
-0
-0
-0
-0
-0
-0
-0
-0
-0
-0
-0
-0
-0
-0
-0
-0
-0
-0
-0
-0
-0
-0
-0
-0
-0
-0
-0
-0
-0
-0
-0
-0
-0
0
0
0
0
0
0
0
0
0
0
0
0
0
0
0
0
0
0
0
0
0
0
0
0
0
0
0
0
0
0
0
0
0
0
0
0
0
0
0
0
0
0
0
0
0
0
0
0
0
0
-0
-0
-0
-0
-0
-0
-0
-0
-0
-0
-0
-0
-0
-0
-0
-0
-0
-0
-0
-0
-0
-0
-0
-0
-0
-0
-0
-0
-0
-0
-0
-0
-0
-0
-0
-0
-0
-0
-0
-0
-0
-0
-0
-0
-0
-0
-0
-0
-0
-0
0
0
0
0
0
0
0
0
0
0
0
0
0
0
0
0
0
0
0
0
0
0
0
0
0
0
0
0
0
0
0
0
0
0
0
0
0
0
0
0
0
0
0
0
0
0
0
0
0
0
-0
-0
-0
-0
-0
-0
-0
-0
-0
-0
-0
-0
-0
-0
-0
-0
-0
-0
-0
-0
-0
-0
-0
-0
-0
-0
-0
-0
-0
-0
-0
-0
-0
-0
-0
-0
-0
-0
-0
-0
-0
-0
-0
-0
-0
-0
-0
-0
-0
-0
0
0
0
0
0
0
0
0
0
0
0
0
0
0
0
0
0
0
0
0
0
0
0
0
0
0
0
0
0
0
0
0
0
0
0
0
0
0
0
0
0
0
0
0
0
0
0
0
0
0
-0
-0
-0
-0
-0
-0
-0
-0
-0
-0
-0
-0
-0
-0
-0
-0
-0
-0
-0
-0
-0
-0
-0
-0
-0
-0
-0
-0
-0
-0
-0
-0
-0
-0
-0
-0
-0
-0
-0
-0
-0
-0
-0
-0
-0
-0
-0
-0
-0
-0
0
0
0
0
0
0
0
0
0
0
0
0
0
0
0
0
0
0
0
0
0
0
0
0
0
0
0
0
0
0
0
0
0
0
0
0
0
0
0
0
0
0
0
0
0
0
0
0
0
0
-0
-0
-0
-0
-0
-0
-0
-0
-0
-0
-0
-0
-0
-0
-0
-0
-0
-0
-0
-0
-0
-0
-0
-0
-0
-0
-0
-0
-0
-0
-0
-0
-0
-0
-0
-0
-0
-0
-0
-0
-0
-0
-0
-0
-0
-0
-0
-0
-0
-0
0
0
0
0
0
0
0
0
0
0
0
0
0
0
0
0
0
0
0
0
0
0
0
0
0
0
0
0
0
0
0
0
0
0
0
0
0
0
0
0
0
0
0
0
0
0
0
0
0
0
-0
-0
-0
-0
-0
-0
-0
-0
-0
-0
-0
-0
-0
-0
-0
-0
-0
-0
-0
-0
-0
-0
-0
-0
-0
-0
-0
-0
-0
-0
-0
-0
-0
-0
-0
-0
-0
-0
-0
-0
-0
-0
-0
-0
-0
-0
-0
-0
-0
-0
0
0
0
0
0
0
0
0
0
0
0
0
0
0
0
0
0
0
0
0
0
0
0
0
0
0
0
0
0
0
0
0
0
0
0
0
0
0
0
0
0
0
0
0
0
0
0
0
0
0
-0
-0
-0
-0
-0
-0
-0
-0
-0
-0
-0
-0
-0
-0
-0
-0
-0
-0
-0
-0
-0
-0
-0
-0
-0
-0
-0
-0
-0
-0
-0
-0
-0
-0
-0
-0
-0
-0
-0
-0
-0
-0
-0
-0
-0
-0
-0
-0
-0
-0
0
0
0
0
0
0
0
0
0
0
0
0
0
0
0
0
0
0
0
0
0
0
0
0
0
0
0
0
0
0
0
0
0
0
0
0
0
0
0
0
0
0
0
0
0
0
0
0
0
0
-0
-0
-0
-0
-0
-0
-0
-0
-0
-0
-0
-0
-0
-0
-0
-0
-0
-0
-0
-0
-0
-0
-0
-0
-0
-0
-0
-0
-0
-0
-0
-0
-0
-0
-0
-0
-0
-0
-0
-0
-0
-0
-0
-0
-0
-0
-0
-0
-0
-0
0
0
0
0
0
0
0
0
0
0
0
0
0
0
0
0
0
0
0
0
0
0
0
0
0
0
0
0
0
0
0
0
0
0
0
0
0
0
0
0
0
0
0
0
0
0
0
0
0
0
-0
-0
-0
-0
-0
-0
-0
-0
-0
-0
-0
-0
-0
-0
-0
-0
-0
-0
-0
-0
-0
-0
-0
-0
-0
-0
-0
-0
-0
-0
-0
-0
-0
-0
-0
-0
-0
-0
-0
-0
-0
-0
-0
-0
-0
-0
-0
-0
-0
-0
0
0
0
0
0
0
0
0
0
0
0
0
0
0
0
0
0
0
0
0
0
0
0
0
0
0
0
0
0
0
0
0
0
0
0
0
0
0
0
0
0
0
0
0
0
0
0
0
0
0
-0
-0
-0
-0
-0
-0
-0
-0
-0
-0
-0
-0
-0
-0
-0
-0
-0
-0
-0
-0
-0
-0
-0
-0
-0
-0
-0
-0
-0
-0
-0
-0
-0
-0
-0
-0
-0
-0
-0
-0
-0
-0
-0
-0
-0
-0
-0
-0
-0
-0
0
0
0
0
0
0
0
0
0
0
0
0
0
0
0
0
0
0
0
0
0
0
0
0
0
0
0
0
0
0
0
0
0
0
0
0
0
0
0
0
0
0
0
0
0
0
0
0
0
-0
-0
-0
-0
-0
-0
-0
-0
-0
-0
-0
-0
-0
-0
-0
-0
-0
-0
-0
-0
-0
-0
-0
-0
-0
-0
-0
-0
-0
-0
-0
-0
-0
-0
-0
-0
-0
-0
-0
-0
-0
-0
-0
-0
-0
-0
-0
-0
-0
-0
-0
0
0
0
0
0
0
0
0
0
0
0
0
0
0
0
0
0
0
0
0
0
0
0
0
0
0
0
0
0
0
0
0
0
0
0
0
0
0
0
0
0
0
0
0
0
0
0
0
0
0
-0
-0
-0
-0
-0
-0
-0
-0
-0
-0
-0
-0
-0
-0
-0
-0
-0
-0
-0
-0
-0
-0
-0
-0
-0
-0
-0
-0
-0
-0
-0
-0
-0
-0
-0
-0
-0
-0
-0
-0
-0
-0
-0
-0
-0
-0
-0
-0
-0
0
0
0
0
0
0
0
0
0
0
0
0
0
0
0
0
0
0
0
0
0
0
0
0
0
0
0
0
0
0
0
0
0
0
0
0
0
0
0
0
0
0
0
0
0
0
0
0
0
0
0
-0
-0
-0
-0
-0
-0
-0
-0
-0
-0
-0
-0
-0
-0
-0
-0
-0
-0
-0
-0
-0
-0
-0
-0
-0
-0
-0
-0
-0
-0
-0
-0
-0
-0
-0
-0
-0
-0
-0
-0
-0
-0
-0
-0
-0
-0
-0
-0
-0
-0
0
0
0
0
0
0
0
0
0
0
0
0
0
0
0
0
0
0
0
0
0
0
0
0
0
0
0
0
0
0
0
0
0
0
0
0
0
0
0
0
0
0
0
0
0
0
0
0
0
0
-0
-0
-0
-0
-0
-0
-0
-0
-0
-0
-0
-0
-0
-0
-0
-0
-0
-0
-0
-0
-0
-0
-0
-0
-0
-0
-0
-0
-0
-0
-0
-0
-0
-0
-0
-0
-0
-0
-0
-0
-0
-0
-0
-0
-0
-0
-0
-0
-0
-0
0
0
0
0
0
0
0
0
0
0
0
0
0
0
0
0
0
0
0
0
0
0
0
0
0
0
0
0
0
0
0
0
0
0
0
0
0
0
0
0
0
0
0
0
0
0
0
0
0
-0
-0
-0
-0
-0
-0
-0
-0
-0
-0
-0
-0
-0
-0
-0
-0
-0
-0
-0
-0
-0
-0
-0
-0
-0
-0
-0
-0
-0
-0
-0
-0
-0
-0
-0
-0
-0
-0
-0
-0
-0
-0
-0
-0
-0
-0
-0
-0
-0
-0
-0
0
0
0
0
0
0
0
0
0
0
0
0
0
0
0
0
0
0
0
0
0
0
0
0
0
0
0
0
0
0
0
0
0
0
0
0
0
0
0
0
0
0
0
0
0
0
0
0
0
-0
-0
-0
-0
-0
-0
-0
-0
-0
-0
-0
-0
-0
-0
-0
-0
-0
-0
-0
-0
-0
-0
-0
-0
-0
-0
-0
-0
-0
-0
-0
-0
-0
-0
-0
-0
-0
-0
-0
-0
-0
-0
-0
-0
-0
-0
-0
-0
-0
-0
-0
0
0
0
0
0
0
0
0
0
0
0
0
0
0
0
0
0
0
0
0
0
0
0
0
0
0
0
0
0
0
0
0
0
0
0
0
0
0
0
0
0
0
0
0
0
0
0
0
0
0
-0
-0
-0
-0
-0
-0
-0
-0
-0
-0
-0
-0
-0
-0
-0
-0
-0
-0
-0
-0
-0
-0
-0
-0
-0
-0
-0
-0
-0
-0
-0
-0
-0
-0
-0
-0
-0
-0
-0
-0
-0
-0
-0
-0
-0
-0
-0
-0
-0
-0
0
0
0
0
0
0
0
0
0
0
0
0
0
0
0
0
0
0
0
0
0
0
0
0
0
0
0
0
0
0
0
0
0
0
0
0
0
0
0
0
0
0
0
0
0
0
0
0
0
0
-0
-0
-0
-0
-0
-0
-0
-0
-0
-0
-0
-0
-0
-0
-0
-0
-0
-0
-0
-0
-0
-0
-0
-0
-0
-0
-0
-0
-0
-0
-0
-0
-0
-0
-0
-0
-0
-0
-0
-0
-0
-0
-0
-0
-0
-0
-0
-0
-0
-0
0
0
0
0
0
0
0
0
0
0
0
0
0
0
0
0
0
0
0
0
0
0
0
0
0
0
0
0
0
0
0
0
0
0
0
0
0
0
0
0
0
0
0
0
0
0
0
0
0
0
-0
-0
-0
-0
-0
-0
-0
-0
-0
-0
-0
-0
-0
-0
-0
-0
-0
-0
-0
-0
-0
-0
-0
-0
-0
-0
-0
-0
-0
-0
-0
-0
-0
-0
-0
-0
-0
-0
-0
-0
-0
-0
-0
-0
-0
-0
-0
-0
-0
-0
0
0
0
0
0
0
0
0
0
0
0
0
0
0
0
0
0
0
0
0
0
0
0
0
0
0
0
0
0
0
0
0
0
0
0
0
0
0
0
0
0
0
0
0
0
0
0
0
0
-0
-0
-0
-0
-0
-0
-0
-0
-0
-0
-0
-0
-0
-0
-0
-0
-0
-0
-0
-0
-0
-0
-0
-0
-0
-0
-0
-0
-0
-0
-0
-0
-0
-0
-0
-0
-0
-0
-0
-0
-0
-0
-0
-0
-0
-0
-0
-0
-0
-0
-0
0
0
0
0
0
0
0
0
0
0
0
0
0
0
0
0
0
0
0
0
0
0
0
0
0
0
0
0
0
0
0
0
0
0
0
0
0
0
0
0
0
0
0
0
0
0
0
0
0
-0
-0
-0
-0
-0
-0
-0
-0
-0
-0
-0
-0
-0
-0
-0
-0
-0
-0
-0
-0
-0
-0
-0
-0
-0
-0
-0
-0
-0
-0
-0
-0
-0
-0
-0
-0
-0
-0
-0
-0
-0
-0
-0
-0
-0
-0
-0
-0
-0
-0
-0
0
0
0
0
0
0
0
0
0
0
0
0
0
0
0
0
0
0
0
0
0
0
0
0
0
0
0
0
0
0
0
0
0
0
0
0
0
0
0
0
0
0
0
0
0
0
0
0
0
0
-0
-0
-0
-0
-0
-0
-0
-0
-0
-0
-0
-0
-0
-0
-0
-0
-0
-0
-0
-0
-0
-0
-0
-0
-0
-0
-0
-0
-0
-0
-0
-0
-0
-0
-0
-0
-0
-0
-0
-0
-0
-0
-0
-0
-0
-0
-0
-0
-0
-0
0
0
0
0
0
0
0
0
0
0
0
0
0
0
0
0
0
0
0
0
0
0
0
0
0
0
0
0
0
0
0
0
0
0
0
0
0
0
0
0
0
0
0
0
0
0
0
0
0
0
-0
-0
-0
-0
-0
-0
-0
-0
-0
-0
-0
-0
-0
-0
-0
-0
-0
-0
-0
-0
-0
-0
-0
-0
-0
-0
-0
-0
-0
-0
-0
-0
-0
-0
-0
-0
-0
-0
-0
-0
-0
-0
-0
-0
-0
-0
-0
-0
-0
-0
0
0
0
0
0
0
0
0
0
0
0
0
0
0
0
0
0
0
0
0
0
0
0
0
0
0
0
0
0
0
0
0
0
0
0
0
0
0
0
0
0
0
0
0
0
0
0
0
0
0
-0
-0
-0
-0
-0
-0
-0
-0
-0
-0
-0
-0
-0
-0
-0
-0
-0
-0
-0
-0
-0
-0
-0
-0
-0
-0
-0
-0
-0
-0
-0
-0
-0
-0
-0
-0
-0
-0
-0
-0
-0
-0
-0
-0
-0
-0
-0
-0
-0
-0
0
0
0
0
0
0
0
0
0
0
0
0
0
0
0
0
0
0
0
0
0
0
0
0
0
0
0
0
0
0
0
0
0
0
0
0
0
0
0
0
0
0
0
0
0
0
0
0
0
-0
-0
-0
-0
-0
-0
-0
-0
-0
-0
-0
-0
-0
-0
-0
-0
-0
-0
-0
-0
-0
-0
-0
-0
-0
-0
-0
-0
-0
-0
-0
-0
-0
-0
-0
-0
-0
-0
-0
-0
-0
-0
-0
-0
-0
-0
-0
-0
-0
-0
-0
0
0
0
0
0
0
0
0
0
0
0
0
0
0
0
0
0
0
0
0
0
0
0
0
0
0
0
0
0
0
0
0
0
0
0
0
0
0
0
0
0
0
0
0
0
0
0
0
0
-0
-0
-0
-0
-0
-0
-0
-0
-0
-0
-0
-0
-0
-0
-0
-0
-0
-0
-0
-0
-0
-0
-0
-0
-0
-0
-0
-0
-0
-0
-0
-0
-0
-0
-0
-0
-0
-0
-0
-0
-0
-0
-0
-0
-0
-0
-0
-0
-0
-0
-0
0
0
0
0
0
0
0
0
0
0
0
0
0
0
0
0
0
0
0
0
0
0
0
0
0
0
0
0
0
0
0
0
0
0
0
0
0
0
0
0
0
0
0
0
0
0
0
0
0
0
-0
-0
-0
-0
-0
-0
-0
-0
-0
-0
-0
-0
-0
-0
-0
-0
-0
-0
-0
-0
-0
-0
-0
-0
-0
-0
-0
-0
-0
-0
-0
-0
-0
-0
-0
-0
-0
-0
-0
-0
-0
-0
-0
-0
-0
-0
-0
-0
-0
-0
0
0
0
0
0
0
0
0
0
0
0
0
0
0
0
0
0
0
0
0
0
0
0
0
0
0
0
0
0
0
0
0
0
0
0
0
0
0
0
0
0
0
0
0
0
0
0
0
0
0
-0
-0
-0
-0
-0
-0
-0
-0
-0
-0
-0
-0
-0
-0
-0
-0
-0
-0
-0
-0
-0
-0
-0
-0
-0
-0
-0
-0
-0
-0
-0
-0
-0
-0
-0
-0
-0
-0
-0
-0
-0
-0
-0
-0
-0
-0
-0
-0
-0
-0
0
0
0
0
0
0
0
0
0
0
0
0
0
0
0
0
0
0
0
0
0
0
0
0
0
0
0
0
0
0
0
0
0
0
0
0
0
0
0
0
0
0
0
0
0
0
0
0
0
0
-0
-0
-0
-0
-0
-0
-0
-0
-0
-0
-0
-0
-0
-0
-0
-0
-0
-0
-0
-0
-0
-0
-0
-0
-0
-0
-0
-0
-0
-0
-0
-0
-0
-0
-0
-0
-0
-0
-0
-0
-0
-0
-0
-0
-0
-0
-0
-0
-0
-0
0
0
0
0
0
0
0
0
0
0
0
0
0
0
0
0
0
0
0
0
0
0
0
0
0
0
0
0
0
0
0
0
0
0
0
0
0
0
0
0
0
0
0
0
0
0
0
0
0
-0
-0
-0
-0
-0
-0
-0
-0
-0
-0
-0
-0
-0
-0
-0
-0
-0
-0
-0
-0
-0
-0
-0
-0
-0
-0
-0
-0
-0
-0
-0
-0
-0
-0
-0
-0
-0
-0
-0
-0
-0
-0
-0
-0
-0
-0
-0
-0
-0
-0
-0
0
0
0
0
0
0
0
0
0
0
0
0
0
0
0
0
0
0
0
0
0
0
0
0
0
0
0
0
0
0
0
0
0
0
0
0
0
0
0
0
0
0
0
0
0
0
0
0
0
-0
-0
-0
-0
-0
-0
-0
-0
-0
-0
-0
-0
-0
-0
-0
-0
-0
-0
-0
-0
-0
-0
-0
-0
-0
-0
-0
-0
-0
-0
-0
-0
-0
-0
-0
-0
-0
-0
-0
-0
-0
-0
-0
-0
-0
-0
-0
-0
-0
-0
-0
0
0
0
0
0
0
0
0
0
0
0
0
0
0
0
0
0
0
0
0
0
0
0
0
0
0
0
0
0
0
0
0
0
0
0
0
0
0
0
0
0
0
0
0
0
0
0
0
0
-0
