-0
-0
-0
-0
-0
-0
-0
-0
-0
-0
-0
-0
-0
-0
-0
-0
-0
-0
-0
-0
-0
-0
-0
-0
-0
-0
-0
-0
-0
-0
-0
-0
-0
-0
-0
-0
-0
-0
-0
-0
-0
-0
-0
-0
-0
-0
-0
-0
-0
-0
-0
0
0
0
0
0
0
0
0
0
0
0
0
0
0
0
0
0
0
0
0
0
0
0
0
0
0
0
0
0
0
0
0
0
0
0
0
0
0
0
0
0
0
0
0
0
0
0
0
0
0
-0
-0
-0
-0
-0
-0
-0
-0
-0
-0
-0
-0
-0
-0
-0
-0
-0
-0
-0
-0
-0
-0
-0
-0
-0
-0
-0
-0
-0
-0
-0
-0
-0
-0
-0
-0
-0
-0
-0
-0
-0
-0
-0
-0
-0
-0
-0
-0
-0
-0
0
0
0
0
0
0
0
0
0
0
0
0
0
0
0
0
0
0
0
0
0
0
0
0
0
0
0
0
0
0
0
0
0
0
0
0
0
0
0
0
0
0
0
0
0
0
0
0
0
0
-0
-0
-0
-0
-0
-0
-0
-0
-0
-0
-0
-0
-0
-0
-0
-0
-0
-0
-0
-0
-0
-0
-0
-0
-0
-0
-0
-0
-0
-0
-0
-0
-0
-0
-0
-0
-0
-0
-0
-0
-0
-0
-0
-0
-0
-0
-0
-0
-0
-0
0
0
0
0
0
0
0
0
0
0
0
0
0
0
0
0
0
0
0
0
0
0
0
0
0
0
0
0
0
0
0
0
0
0
0
0
0
0
0
0
0
0
0
0
0
0
0
0
0
0
-0
-0
-0
-0
-0
-0
-0
-0
-0
-0
-0
-0
-0
-0
-0
-0
-0
-0
-0
-0
-0
-0
-0
-0
-0
-0
-0
-0
-0
-0
-0
-0
-0
-0
-0
-0
-0
-0
-0
-0
-0
-0
-0
-0
-0
-0
-0
-0
-0
0
0
0
0
0
0
0
0
0
0
0
0
0
0
0
0
0
0
0
0
0
0
0
0
0
0
0
0
0
0
0
0
0
0
0
0
0
0
0
0
0
0
0
0
0
0
0
0
0
0
0
-0
-0
-0
-0
-0
-0
-0
-0
-0
-0
-0
-0
-0
-0
-0
-0
-0
-0
-0
-0
-0
-0
-0
-0
-0
-0
-0
-0
-0
-0
-0
-0
-0
-0
-0
-0
-0
-0
-0
-0
-0
-0
-0
-0
-0
-0
-0
-0
-0
-0
0
0
0
0
0
0
0
0
0
0
0
0
0
0
0
0
0
0
0
0
0
0
0
0
0
0
0
0
0
0
0
0
0
0
0
0
0
0
0
0
0
0
0
0
0
0
0
0
0
0
-0
-0
-0
-0
-0
-0
-0
-0
-0
-0
-0
-0
-0
-0
-0
-0
-0
-0
-0
-0
-0
-0
-0
-0
-0
-0
-0
-0
-0
-0
-0
-0
-0
-0
-0
-0
-0
-0
-0
-0
-0
-0
-0
-0
-0
-0
-0
-0
-0
0
0
0
0
0
0
0
0
0
0
0
0
0
0
0
0
0
0
0
0
0
0
0
0
0
0
0
0
0
0
0
0
0
0
0
0
0
0
0
0
0
0
0
0
0
0
0
0
0
0
0
-0
-0
-0
-0
-0
-0
-0
-0
-0
-0
-0
-0
-0
-0
-0
-0
-0
-0
-0
-0
-0
-0
-0
-0
-0
-0
-0
-0
-0
-0
-0
-0
-0
-0
-0
-0
-0
-0
-0
-0
-0
-0
-0
-0
-0
-0
-0
-0
-0
0
0
0
0
0
0
0
0
0
0
0
0
0
0
0
0
0
0
0
0
0
0
0
0
0
0
0
0
0
0
0
0
0
0
0
0
0
0
0
0
0
0
0
0
0
0
0
0
0
0
-0
-0
-0
-0
-0
-0
-0
-0
-0
-0
-0
-0
-0
-0
-0
-0
-0
-0
-0
-0
-0
-0
-0
-0
-0
-0
-0
-0
-0
-0
-0
-0
-0
-0
-0
-0
-0
-0
-0
-0
-0
-0
-0
-0
-0
-0
-0
-0
-0
-0
-0
0
0
0
0
0
0
0
0
0
0
0
0
0
0
0
0
0
0
0
0
0
0
0
0
0
0
0
0
0
0
0
0
0
0
0
0
0
0
0
0
0
0
0
0
0
0
0
0
0
0
-0
-0
-0
-0
-0
-0
-0
-0
-0
-0
-0
-0
-0
-0
-0
-0
-0
-0
-0
-0
-0
-0
-0
-0
-0
-0
-0
-0
-0
-0
-0
-0
-0
-0
-0
-0
-0
-0
-0
-0
-0
-0
-0
-0
-0
-0
-0
-0
-0
-0
0
0
0
0
0
0
0
0
0
0
0
0
0
0
0
0
0
0
0
0
0
0
0
0
0
0
0
0
0
0
0
0
0
0
0
0
0
0
0
0
0
0
0
0
0
0
0
0
0
0
-0
-0
-0
-0
-0
-0
-0
-0
-0
-0
-0
-0
-0
-0
-0
-0
-0
-0
-0
-0
-0
-0
-0
-0
-0
-0
-0
-0
-0
-0
-0
-0
-0
-0
-0
-0
-0
-0
-0
-0
-0
-0
-0
-0
-0
-0
-0
-0
-0
0
0
0
0
0
0
0
0
0
0
0
0
0
0
0
0
0
0
0
0
0
0
0
0
0
0
0
0
0
0
0
0
0
0
0
0
0
0
0
0
0
0
0
0
0
0
0
0
0
0
0
-0
-0
-0
-0
-0
-0
-0
-0
-0
-0
-0
-0
-0
-0
-0
-0
-0
-0
-0
-0
-0
-0
-0
-0
-0
-0
-0
-0
-0
-0
-0
-0
-0
-0
-0
-0
-0
-0
-0
-0
-0
-0
-0
-0
-0
-0
-0
-0
-0
0
0
0
0
0
0
0
0
0
0
0
0
0
0
0
0
0
0
0
0
0
0
0
0
0
0
0
0
0
0
0
0
0
0
0
0
0
0
0
0
0
0
0
0
0
0
0
0
0
0
-0
-0
-0
-0
-0
-0
-0
-0
-0
-0
-0
-0
-0
-0
-0
-0
-0
-0
-0
-0
-0
-0
-0
-0
-0
-0
-0
-0
-0
-0
-0
-0
-0
-0
-0
-0
-0
-0
-0
-0
-0
-0
-0
-0
-0
-0
-0
-0
-0
-0
0
0
0
0
0
0
0
0
0
0
0
0
0
0
0
0
0
0
0
0
0
0
0
0
0
0
0
0
0
0
0
0
0
0
0
0
0
0
0
0
0
0
0
0
0
0
0
0
0
0
0
-0
-0
-0
-0
-0
-0
-0
-0
-0
-0
-0
-0
-0
-0
-0
-0
-0
-0
-0
-0
-0
-0
-0
-0
-0
-0
-0
-0
-0
-0
-0
-0
-0
-0
-0
-0
-0
-0
-0
-0
-0
-0
-0
-0
-0
-0
-0
-0
-0
0
0
0
0
0
0
0
0
0
0
0
0
0
0
0
0
0
0
0
0
0
0
0
0
0
0
0
0
0
0
0
0
0
0
0
0
0
0
0
0
0
0
0
0
0
0
0
0
0
0
-0
-0
-0
-0
-0
-0
-0
-0
-0
-0
-0
-0
-0
-0
-0
-0
-0
-0
-0
-0
-0
-0
-0
-0
-0
-0
-0
-0
-0
-0
-0
-0
-0
-0
-0
-0
-0
-0
-0
-0
-0
-0
-0
-0
-0
-0
-0
-0
-0
-0
0
0
0
0
0
0
0
0
0
0
0
0
0
0
0
0
0
0
0
0
0
0
0
0
0
0
0
0
0
0
0
0
0
0
0
0
0
0
0
0
0
0
0
0
0
0
0
0
0
0
-0
-0
-0
-0
-0
-0
-0
-0
-0
-0
-0
-0
-0
-0
-0
-0
-0
-0
-0
-0
-0
-0
-0
-0
-0
-0
-0
-0
-0
-0
-0
-0
-0
-0
-0
-0
-0
-0
-0
-0
-0
-0
-0
-0
-0
-0
-0
-0
-0
-0
0
0
0
0
0
0
0
0
0
0
0
0
0
0
0
0
0
0
0
0
0
0
0
0
0
0
0
0
0
0
0
0
0
0
0
0
0
0
0
0
0
0
0
0
0
0
0
0
0
0
0
-0
-0
-0
-0
-0
-0
-0
-0
-0
-0
-0
-0
-0
-0
-0
-0
-0
-0
-0
-0
-0
-0
-0
-0
-0
-0
-0
-0
-0
-0
-0
-0
-0
-0
-0
-0
-0
-0
-0
-0
-0
-0
-0
-0
-0
-0
-0
-0
-0
-0
0
0
0
0
0
0
0
0
0
0
0
0
0
0
0
0
0
0
0
0
0
0
0
0
0
0
0
0
0
0
0
0
0
0
0
0
0
0
0
0
0
0
0
0
0
0
0
0
0
0
-0
-0
-0
-0
-0
-0
-0
-0
-0
-0
-0
-0
-0
-0
-0
-0
-0
-0
-0
-0
-0
-0
-0
-0
-0
-0
-0
-0
-0
-0
-0
-0
-0
-0
-0
-0
-0
-0
-0
-0
-0
-0
-0
-0
-0
-0
-0
-0
-0
-0
0
0
0
0
0
0
0
0
0
0
0
0
0
0
0
0
0
0
0
0
0
0
0
0
0
0
0
0
0
0
0
0
0
0
0
0
0
0
0
0
0
0
0
0
0
0
0
0
0
0
-0
-0
-0
-0
-0
-0
-0
-0
-0
-0
-0
-0
-0
-0
-0
-0
-0
-0
-0
-0
-0
-0
-0
-0
-0
-0
-0
-0
-0
-0
-0
-0
-0
-0
-0
-0
-0
-0
-0
-0
-0
-0
-0
-0
-0
-0
-0
-0
-0
-0
0
0
0
0
0
0
0
0
0
0
0
0
0
0
0
0
0
0
0
0
0
0
0
0
0
0
0
0
0
0
0
0
0
0
0
0
0
0
0
0
0
0
0
0
0
0
0
0
0
0
-0
-0
-0
-0
-0
-0
-0
-0
-0
-0
-0
-0
-0
-0
-0
-0
-0
-0
-0
-0
-0
-0
-0
-0
-0
-0
-0
-0
-0
-0
-0
-0
-0
-0
-0
-0
-0
-0
-0
-0
-0
-0
-0
-0
-0
-0
-0
-0
-0
-0
0
0
0
0
0
0
0
0
0
0
0
0
0
0
0
0
0
0
0
0
0
0
0
0
0
0
0
0
0
0
0
0
0
0
0
0
0
0
0
0
0
0
0
0
0
0
0
0
0
-0
-0
-0
-0
-0
-0
-0
-0
-0
-0
-0
-0
-0
-0
-0
-0
-0
-0
-0
-0
-0
-0
-0
-0
-0
-0
-0
-0
-0
-0
-0
-0
-0
-0
-0
-0
-0
-0
-0
-0
-0
-0
-0
-0
-0
-0
-0
-0
-0
-0
-0
0
0
0
0
0
0
0
0
0
0
0
0
0
0
0
0
0
0
0
0
0
0
0
0
0
0
0
0
0
0
0
0
0
0
0
0
0
0
0
0
0
0
0
0
0
0
0
0
0
0
-1.6483e-09
-6.58e-09
-1.4756e-08
-2.6112e-08
-4.0558e-08
-5.798e-08
-7.8237e-08
-1.0117e-07
-1.2659e-07
-1.5429e-07
-1.8406e-07
-2.1563e-07
-2.4876e-07
-2.8316e-07
-3.1855e-07
-3.5462e-07
-3.9105e-07
-4.2753e-07
-4.6373e-07
-4.993e-07
-5.3393e-07
-5.6727e-07
-5.9899e-07
-6.2876e-07
-6.5625e-07
-6.8115e-07
-7.0316e-07
-7.2198e-07
-7.3733e-07
-7.4896e-07
-7.5661e-07
-7.6005e-07
-7.591e-07
-7.5356e-07
-7.4328e-07
-7.2814e-07
-7.0801e-07
-6.8284e-07
-6.5256e-07
-6.1717e-07
-5.7668e-07
-5.3113e-07
-4.806e-07
-4.2518e-07
-3.6503e-07
-3.0029e-07
-2.3118e-07
-1.5792e-07
-8.0764e-08
-2.0579e-20
8.4061e-08
1.7108e-07
2.6069e-07
3.5252e-07
4.4614e-07
5.4114e-07
6.3707e-07
7.3347e-07
8.2986e-07
9.2576e-07
1.0207e-06
1.1141e-06
1.2055e-06
1.2945e-06
1.3804e-06
1.4628e-06
1.5412e-06
1.6151e-06
1.6841e-06
1.7476e-06
1.8052e-06
1.8565e-06
1.9011e-06
1.9387e-06
1.9687e-06
1.9911e-06
2.0053e-06
2.0112e-06
2.0086e-06
1.9972e-06
1.9769e-06
1.9476e-06
1.9093e-06
1.8617e-06
1.8051e-06
1.7394e-06
1.6648e-06
1.5813e-06
1.4892e-06
1.3886e-06
1.28e-06
1.1634e-06
1.0394e-06
9.0835e-07
7.7061e-07
6.267e-07
4.7712e-07
3.2242e-07
1.6318e-07
-5.15e-21
-1.6647e-07
-3.3558e-07
-5.0663e-07
-6.7892e-07
-8.5173e-07
-1.0243e-06
-1.1959e-06
-1.3658e-06
-1.5331e-06
-1.6972e-06
-1.8573e-06
-2.0126e-06
-2.1623e-06
-2.3058e-06
-2.4422e-06
-2.571e-06
-2.6914e-06
-2.8027e-06
-2.9044e-06
-2.9958e-06
-3.0765e-06
-3.1458e-06
-3.2033e-06
-3.2486e-06
-3.2812e-06
-3.301e-06
-3.3075e-06
-3.3005e-06
-3.2799e-06
-3.2455e-06
-3.1973e-06
-3.1352e-06
-3.0594e-06
-2.9699e-06
-2.867e-06
-2.7507e-06
-2.6216e-06
-2.4798e-06
-2.3258e-06
-2.1601e-06
-1.9832e-06
-1.7957e-06
-1.5983e-06
-1.3915e-06
-1.1762e-06
-9.531e-07
-7.2306e-07
-4.8692e-07
-2.4559e-07
-3.4724e-20
2.4889e-07
5.0008e-07
7.5257e-07
1.0053e-06
1.2573e-06
1.5075e-06
1.7547e-06
1.9981e-06
2.2364e-06
2.4687e-06
2.6939e-06
2.911e-06
3.1191e-06
3.3171e-06
3.5041e-06
3.6792e-06
3.8415e-06
3.9903e-06
4.1247e-06
4.2441e-06
4.3477e-06
4.435e-06
4.5054e-06
4.5585e-06
4.5937e-06
4.6109e-06
4.6096e-06
4.5897e-06
4.5511e-06
4.4937e-06
4.4176e-06
4.3228e-06
4.2096e-06
4.0781e-06
3.9288e-06
3.762e-06
3.5783e-06
3.3782e-06
3.1624e-06
2.9316e-06
2.6865e-06
2.428e-06
2.1571e-06
1.8747e-06
1.5818e-06
1.2795e-06
9.69e-07
6.5142e-07
3.28e-07
-4.6318e-20
-3.313e-07
-6.6458e-07
-9.9851e-07
-1.3317e-06
-1.6629e-06
-1.9906e-06
-2.3136e-06
-2.6304e-06
-2.9397e-06
-3.2402e-06
-3.5305e-06
-3.8095e-06
-4.0758e-06
-4.3284e-06
-4.5659e-06
-4.7873e-06
-4.9917e-06
-5.1779e-06
-5.3451e-06
-5.4924e-06
-5.619e-06
-5.7243e-06
-5.8076e-06
-5.8684e-06
-5.9062e-06
-5.9208e-06
-5.9118e-06
-5.879e-06
-5.8224e-06
-5.742e-06
-5.6379e-06
-5.5104e-06
-5.3597e-06
-5.1863e-06
-4.9906e-06
-4.7733e-06
-4.5351e-06
-4.2767e-06
-3.999e-06
-3.703e-06
-3.3898e-06
-3.0603e-06
-2.7159e-06
-2.3578e-06
-1.9874e-06
-1.6059e-06
-1.2149e-06
-8.1592e-07
-4.1041e-07
-1.2851e-20
4.1371e-07
8.2908e-07
1.2444e-06
1.6581e-06
2.0685e-06
2.4738e-06
2.8724e-06
3.2627e-06
3.643e-06
4.0116e-06
4.3672e-06
4.708e-06
5.0326e-06
5.3397e-06
5.6277e-06
5.8955e-06
6.1418e-06
6.3655e-06
6.5654e-06
6.7406e-06
6.8903e-06
7.0135e-06
7.1097e-06
7.1783e-06
7.2188e-06
7.2307e-06
7.2139e-06
7.1682e-06
7.0937e-06
6.9903e-06
6.8583e-06
6.698e-06
6.5099e-06
6.2945e-06
6.0525e-06
5.7846e-06
5.4919e-06
5.1752e-06
4.8357e-06
4.4745e-06
4.093e-06
3.6926e-06
3.2748e-06
2.841e-06
2.393e-06
1.9323e-06
1.4609e-06
9.8042e-07
4.9283e-07
-1.235e-19
-4.9612e-07
-9.9358e-07
-1.4904e-06
-1.9845e-06
-2.4741e-06
-2.957e-06
-3.4312e-06
-3.895e-06
-4.3462e-06
-4.7831e-06
-5.2038e-06
-5.6064e-06
-5.9894e-06
-6.351e-06
-6.6896e-06
-7.0037e-06
-7.292e-06
-7.553e-06
-7.7857e-06
-7.9889e-06
-8.1615e-06
-8.3028e-06
-8.4119e-06
-8.4882e-06
-8.5312e-06
-8.5406e-06
-8.5161e-06
-8.4575e-06
-8.3649e-06
-8.2385e-06
-8.0786e-06
-7.8856e-06
-7.66e-06
-7.4026e-06
-7.1143e-06
-6.7959e-06
-6.4486e-06
-6.0736e-06
-5.6723e-06
-5.246e-06
-4.7963e-06
-4.3249e-06
-3.8336e-06
-3.3242e-06
-2.7985e-06
-2.2587e-06
-1.7068e-06
-1.1449e-06
-5.7524e-07
4.504e-20
5.7854e-07
1.1581e-06
1.7363e-06
2.311e-06
2.8797e-06
3.4401e-06
3.9901e-06
4.5273e-06
5.0495e-06
5.5546e-06
6.0404e-06
6.5049e-06
6.9462e-06
7.3623e-06
7.7514e-06
8.1119e-06
8.4421e-06
8.7406e-06
9.006e-06
9.2371e-06
9.4328e-06
9.592e-06
9.714e-06
9.7981e-06
9.8437e-06
9.8505e-06
9.8182e-06
9.7467e-06
9.6362e-06
9.4868e-06
9.2989e-06
9.0732e-06
8.8102e-06
8.5108e-06
8.1761e-06
7.8072e-06
7.4054e-06
6.9721e-06
6.5089e-06
6.0175e-06
5.4996e-06
4.9572e-06
4.3924e-06
3.8073e-06
3.2041e-06
2.5851e-06
1.9527e-06
1.3094e-06
6.5765e-07
6.1722e-20
-6.6095e-07
-1.3226e-06
-1.9823e-06
-2.6374e-06
-3.2852e-06
-3.9233e-06
-4.5489e-06
-5.1596e-06
-5.7528e-06
-6.326e-06
-6.877e-06
-7.4034e-06
-7.9029e-06
-8.3736e-06
-8.8132e-06
-9.2201e-06
-9.5923e-06
-9.9282e-06
-1.0226e-05
-1.0485e-05
-1.0704e-05
-1.0881e-05
-1.1016e-05
-1.1108e-05
-1.1156e-05
-1.116e-05
-1.112e-05
-1.1036e-05
-1.0907e-05
-1.0735e-05
-1.0519e-05
-1.0261e-05
-9.9603e-06
-9.619e-06
-9.238e-06
-8.8185e-06
-8.3622e-06
-7.8706e-06
-7.3455e-06
-6.7889e-06
-6.2029e-06
-5.5895e-06
-4.9513e-06
-4.2905e-06
-3.6097e-06
-2.9115e-06
-2.1987e-06
-1.4739e-06
-7.4006e-07
1.3895e-19
7.4336e-07
1.4871e-06
2.2282e-06
2.9638e-06
3.6908e-06
4.4065e-06
5.1078e-06
5.7919e-06
6.456e-06
7.0975e-06
7.7136e-06
8.3018e-06
8.8597e-06
9.3849e-06
9.8751e-06
1.0328e-05
1.0742e-05
1.1116e-05
1.1447e-05
1.1734e-05
1.1975e-05
1.2171e-05
1.2318e-05
1.2418e-05
1.2469e-05
1.247e-05
1.2423e-05
1.2325e-05
1.2179e-05
1.1983e-05
1.174e-05
1.1448e-05
1.111e-05
1.0727e-05
1.03e-05
9.8298e-06
9.319e-06
8.769e-06
8.1821e-06
7.5604e-06
6.9061e-06
6.2218e-06
5.5101e-06
4.7737e-06
4.0153e-06
3.2379e-06
2.4446e-06
1.6384e-06
8.2248e-07
-1.2891e-20
-8.2577e-07
-1.6516e-06
-2.4741e-06
-3.2902e-06
-4.0964e-06
-4.8896e-06
-5.6666e-06
-6.4242e-06
-7.1593e-06
-7.869e-06
-8.5502e-06
-9.2003e-06
-9.8165e-06
-1.0396e-05
-1.0937e-05
-1.1436e-05
-1.1893e-05
-1.2303e-05
-1.2667e-05
-1.2982e-05
-1.3247e-05
-1.346e-05
-1.362e-05
-1.3728e-05
-1.3781e-05
-1.378e-05
-1.3725e-05
-1.3615e-05
-1.345e-05
-1.3232e-05
-1.296e-05
-1.2636e-05
-1.2261e-05
-1.1835e-05
-1.1362e-05
-1.0841e-05
-1.0276e-05
-9.6675e-06
-9.0188e-06
-8.3319e-06
-7.6094e-06
-6.8542e-06
-6.069e-06
-5.2568e-06
-4.4209e-06
-3.5643e-06
-2.6906e-06
-1.8029e-06
-9.0489e-07
2.6887e-19
9.0819e-07
1.8161e-06
2.7201e-06
3.6166e-06
4.502e-06
5.3728e-06
6.2254e-06
7.0565e-06
7.8626e-06
8.6404e-06
9.3869e-06
1.0099e-05
1.0773e-05
1.1407e-05
1.1999e-05
1.2545e-05
1.3043e-05
1.3491e-05
1.3887e-05
1.423e-05
1.4518e-05
1.4749e-05
1.4923e-05
1.5038e-05
1.5094e-05
1.509e-05
1.5027e-05
1.4904e-05
1.4721e-05
1.448e-05
1.418e-05
1.3823e-05
1.3411e-05
1.2944e-05
1.2423e-05
1.1852e-05
1.1232e-05
1.0566e-05
9.8554e-06
9.1033e-06
8.3127e-06
7.4865e-06
6.6278e-06
5.74e-06
4.8265e-06
3.8908e-06
2.9365e-06
1.9674e-06
9.873e-07
-1.2352e-19
-9.906e-07
-1.9806e-06
-2.966e-06
-3.943e-06
-4.9076e-06
-5.8559e-06
-6.7843e-06
-7.6888e-06
-8.5659e-06
-9.4119e-06
-1.0223e-05
-1.0997e-05
-1.173e-05
-1.2419e-05
-1.3061e-05
-1.3653e-05
-1.4193e-05
-1.4679e-05
-1.5108e-05
-1.5478e-05
-1.5789e-05
-1.6038e-05
-1.6225e-05
-1.6348e-05
-1.6406e-05
-1.64e-05
-1.6329e-05
-1.6193e-05
-1.5993e-05
-1.5728e-05
-1.5401e-05
-1.5011e-05
-1.4561e-05
-1.4052e-05
-1.3485e-05
-1.2864e-05
-1.2189e-05
-1.1464e-05
-1.0692e-05
-9.8748e-06
-9.016e-06
-8.1188e-06
-7.1866e-06
-6.2231e-06
-5.232e-06
-4.2172e-06
-3.1824e-06
-2.1319e-06
-1.0697e-06
-5.0128e-20
1.073e-06
2.1451e-06
3.2119e-06
4.2694e-06
5.3132e-06
6.3391e-06
7.3431e-06
8.3211e-06
9.2691e-06
1.0183e-05
1.106e-05
1.1896e-05
1.2687e-05
1.343e-05
1.4122e-05
1.4761e-05
1.5343e-05
1.5866e-05
1.6328e-05
1.6727e-05
1.706e-05
1.7328e-05
1.7527e-05
1.7658e-05
1.7719e-05
1.771e-05
1.7631e-05
1.7482e-05
1.7264e-05
1.6976e-05
1.6621e-05
1.6199e-05
1.5711e-05
1.516e-05
1.4547e-05
1.3875e-05
1.3146e-05
1.2363e-05
1.1529e-05
1.0646e-05
9.7192e-06
8.7511e-06
7.7455e-06
6.7063e-06
5.6376e-06
4.5436e-06
3.4284e-06
2.2964e-06
1.1521e-06
-2.7017e-19
-1.1554e-06
-2.3096e-06
-3.4579e-06
-4.5958e-06
-5.7187e-06
-6.8223e-06
-7.9019e-06
-8.9534e-06
-9.9724e-06
-1.0955e-05
-1.1897e-05
-1.2794e-05
-1.3644e-05
-1.4441e-05
-1.5184e-05
-1.5869e-05
-1.6493e-05
-1.7054e-05
-1.7548e-05
-1.7975e-05
-1.8332e-05
-1.8617e-05
-1.8829e-05
-1.8967e-05
-1.9031e-05
-1.902e-05
-1.8933e-05
-1.8772e-05
-1.8535e-05
-1.8225e-05
-1.7841e-05
-1.7386e-05
-1.6861e-05
-1.6268e-05
-1.5609e-05
-1.4886e-05
-1.4103e-05
-1.3261e-05
-1.2365e-05
-1.1418e-05
-1.0423e-05
-9.3834e-06
-8.3043e-06
-7.1895e-06
-6.0432e-06
-4.87e-06
-3.6743e-06
-2.4609e-06
-1.2345e-06
7.7226e-20
1.2378e-06
2.4741e-06
3.7038e-06
4.9222e-06
6.1243e-06
7.3054e-06
8.4608e-06
9.5857e-06
1.0676e-05
1.1726e-05
1.2733e-05
1.3693e-05
1.46e-05
1.5453e-05
1.6246e-05
1.6977e-05
1.7643e-05
1.8241e-05
1.8769e-05
1.9223e-05
1.9603e-05
1.9906e-05
2.0131e-05
2.0277e-05
2.0344e-05
2.033e-05
2.0235e-05
2.0061e-05
1.9806e-05
1.9473e-05
1.9062e-05
1.8574e-05
1.8011e-05
1.7376e-05
1.6671e-05
1.5898e-05
1.506e-05
1.416e-05
1.3202e-05
1.2189e-05
1.1126e-05
1.0016e-05
8.8631e-06
7.6726e-06
6.4488e-06
5.1964e-06
3.9203e-06
2.6254e-06
1.317e-06
-4.5284e-19
-1.3202e-06
-2.6386e-06
-3.9498e-06
-5.2486e-06
-6.5299e-06
-7.7886e-06
-9.0196e-06
-1.0218e-05
-1.1379e-05
-1.2498e-05
-1.357e-05
-1.4591e-05
-1.5557e-05
-1.6464e-05
-1.7308e-05
-1.8086e-05
-1.8793e-05
-1.9429e-05
-1.9989e-05
-2.0471e-05
-2.0874e-05
-2.1195e-05
-2.1433e-05
-2.1587e-05
-2.1656e-05
-2.164e-05
-2.1538e-05
-2.135e-05
-2.1078e-05
-2.0721e-05
-2.0282e-05
-1.9761e-05
-1.9162e-05
-1.8484e-05
-1.7733e-05
-1.6909e-05
-1.6016e-05
-1.5058e-05
-1.4038e-05
-1.2961e-05
-1.1829e-05
-1.0648e-05
-9.422e-06
-8.1558e-06
-6.8544e-06
-5.5228e-06
-4.1662e-06
-2.7899e-06
-1.3994e-06
2.406e-19
1.4027e-06
2.8031e-06
4.1957e-06
5.575e-06
6.9355e-06
8.2718e-06
9.5784e-06
1.085e-05
1.2082e-05
1.3269e-05
1.4407e-05
1.549e-05
1.6514e-05
1.7475e-05
1.837e-05
1.9194e-05
1.9944e-05
2.0616e-05
2.1209e-05
2.172e-05
2.2145e-05
2.2485e-05
2.2736e-05
2.2897e-05
2.2969e-05
2.295e-05
2.284e-05
2.2639e-05
2.2349e-05
2.1969e-05
2.1502e-05
2.0949e-05
2.0312e-05
1.9593e-05
1.8794e-05
1.792e-05
1.6973e-05
1.5957e-05
1.4875e-05
1.3732e-05
1.2532e-05
1.128e-05
9.9808e-06
8.639e-06
7.26e-06
5.8492e-06
4.4121e-06
2.9544e-06
1.4818e-06
-5.8494e-23
-1.4851e-06
-2.9676e-06
-4.4416e-06
-5.9014e-06
-7.3411e-06
-8.7549e-06
-1.0137e-05
-1.1483e-05
-1.2785e-05
-1.4041e-05
-1.5243e-05
-1.6388e-05
-1.7471e-05
-1.8487e-05
-1.9432e-05
-2.0302e-05
-2.1094e-05
-2.1804e-05
-2.243e-05
-2.2968e-05
-2.3417e-05
-2.3774e-05
-2.4038e-05
-2.4207e-05
-2.4281e-05
-2.426e-05
-2.4142e-05
-2.3929e-05
-2.362e-05
-2.3218e-05
-2.2723e-05
-2.2137e-05
-2.1462e-05
-2.0701e-05
-1.9856e-05
-1.8932e-05
-1.793e-05
-1.6855e-05
-1.5712e-05
-1.4504e-05
-1.3236e-05
-1.1913e-05
-1.054e-05
-9.1221e-06
-7.6656e-06
-6.1756e-06
-4.6581e-06
-3.1189e-06
-1.5642e-06
4.3999e-19
1.5675e-06
3.1321e-06
4.6876e-06
6.2278e-06
7.7467e-06
9.2381e-06
1.0696e-05
1.2115e-05
1.3489e-05
1.4812e-05
1.608e-05
1.7287e-05
1.8427e-05
1.9498e-05
2.0493e-05
2.141e-05
2.2244e-05
2.2992e-05
2.365e-05
2.4216e-05
2.4688e-05
2.5063e-05
2.534e-05
2.5517e-05
2.5594e-05
2.5569e-05
2.5444e-05
2.5218e-05
2.4891e-05
2.4466e-05
2.3943e-05
2.3324e-05
2.2612e-05
2.1809e-05
2.0918e-05
1.9943e-05
1.8887e-05
1.7754e-05
1.6548e-05
1.5275e-05
1.3939e-05
1.2545e-05
1.1098e-05
9.6053e-06
8.0711e-06
6.502e-06
4.904e-06
3.2834e-06
1.6466e-06
5.6592e-19
-1.6483e-06
-3.29e-06
-4.9188e-06
-6.5281e-06
-8.1117e-06
-9.6633e-06
-1.1177e-05
-1.2646e-05
-1.4065e-05
-1.5429e-05
-1.6732e-05
-1.7969e-05
-1.9135e-05
-2.0226e-05
-2.1237e-05
-2.2164e-05
-2.3003e-05
-2.3752e-05
-2.4407e-05
-2.4965e-05
-2.5425e-05
-2.5785e-05
-2.6043e-05
-2.6198e-05
-2.625e-05
-2.6198e-05
-2.6043e-05
-2.5785e-05
-2.5425e-05
-2.4965e-05
-2.4407e-05
-2.3752e-05
-2.3003e-05
-2.2164e-05
-2.1237e-05
-2.0226e-05
-1.9135e-05
-1.7969e-05
-1.6732e-05
-1.5429e-05
-1.4065e-05
-1.2646e-05
-1.1177e-05
-9.6633e-06
-8.1117e-06
-6.5281e-06
-4.9188e-06
-3.29e-06
-1.6483e-06
-1.0284e-19
1.6483e-06
3.29e-06
4.9188e-06
6.5281e-06
8.1117e-06
9.6633e-06
1.1177e-05
1.2646e-05
1.4065e-05
1.5429e-05
1.6732e-05
1.7969e-05
1.9135e-05
2.0226e-05
2.1237e-05
2.2164e-05
2.3003e-05
2.3752e-05
2.4407e-05
2.4965e-05
2.5425e-05
2.5785e-05
2.6043e-05
2.6198e-05
2.625e-05
2.6198e-05
2.6043e-05
2.5785e-05
2.5425e-05
2.4965e-05
2.4407e-05
2.3752e-05
2.3003e-05
2.2164e-05
2.1237e-05
2.0226e-05
1.9135e-05
1.7969e-05
1.6732e-05
1.5429e-05
1.4065e-05
1.2646e-05
1.1177e-05
9.6633e-06
8.1117e-06
6.5281e-06
4.9188e-06
3.29e-06
1.6483e-06
3.8583e-19
-1.6483e-06
-3.29e-06
-4.9188e-06
-6.5281e-06
-8.1117e-06
-9.6633e-06
-1.1177e-05
-1.2646e-05
-1.4065e-05
-1.5429e-05
-1.6732e-05
-1.7969e-05
-1.9135e-05
-2.0226e-05
-2.1237e-05
-2.2164e-05
-2.3003e-05
-2.3752e-05
-2.4407e-05
-2.4965e-05
-2.5425e-05
-2.5785e-05
-2.6043e-05
-2.6198e-05
-2.625e-05
-2.6198e-05
-2.6043e-05
-2.5785e-05
-2.5425e-05
-2.4965e-05
-2.4407e-05
-2.3752e-05
-2.3003e-05
-2.2164e-05
-2.1237e-05
-2.0226e-05
-1.9135e-05
-1.7969e-05
-1.6732e-05
-1.5429e-05
-1.4065e-05
-1.2646e-05
-1.1177e-05
-9.6633e-06
-8.1117e-06
-6.5281e-06
-4.9188e-06
-3.29e-06
-1.6483e-06
-6.6882e-19
1.6483e-06
3.29e-06
4.9188e-06
6.5281e-06
8.1117e-06
9.6633e-06
1.1177e-05
1.2646e-05
1.4065e-05
1.5429e-05
1.6732e-05
1.7969e-05
1.9135e-05
2.0226e-05
2.1237e-05
2.2164e-05
2.3003e-05
2.3752e-05
2.4407e-05
2.4965e-05
2.5425e-05
2.5785e-05
2.6043e-05
2.6198e-05
2.625e-05
2.6198e-05
2.6043e-05
2.5785e-05
2.5425e-05
2.4965e-05
2.4407e-05
2.3752e-05
2.3003e-05
2.2164e-05
2.1237e-05
2.0226e-05
1.9135e-05
1.7969e-05
1.6732e-05
1.5429e-05
1.4065e-05
1.2646e-05
1.1177e-05
9.6633e-06
8.1117e-06
6.5281e-06
4.9188e-06
3.29e-06
1.6483e-06
2.0574e-19
-1.6483e-06
-3.29e-06
-4.9188e-06
-6.5281e-06
-8.1117e-06
-9.6633e-06
-1.1177e-05
-1.2646e-05
-1.4065e-05
-1.5429e-05
-1.6732e-05
-1.7969e-05
-1.9135e-05
-2.0226e-05
-2.1237e-05
-2.2164e-05
-2.3003e-05
-2.3752e-05
-2.4407e-05
-2.4965e-05
-2.5425e-05
-2.5785e-05
-2.6043e-05
-2.6198e-05
-2.625e-05
-2.6198e-05
-2.6043e-05
-2.5785e-05
-2.5425e-05
-2.4965e-05
-2.4407e-05
-2.3752e-05
-2.3003e-05
-2.2164e-05
-2.1237e-05
-2.0226e-05
-1.9135e-05
-1.7969e-05
-1.6732e-05
-1.5429e-05
-1.4065e-05
-1.2646e-05
-1.1177e-05
-9.6633e-06
-8.1117e-06
-6.5281e-06
-4.9188e-06
-3.29e-06
-1.6483e-06
-4.8873e-19
1.6483e-06
3.29e-06
4.9188e-06
6.5281e-06
8.1117e-06
9.6633e-06
1.1177e-05
1.2646e-05
1.4065e-05
1.5429e-05
1.6732e-05
1.7969e-05
1.9135e-05
2.0226e-05
2.1237e-05
2.2164e-05
2.3003e-05
2.3752e-05
2.4407e-05
2.4965e-05
2.5425e-05
2.5785e-05
2.6043e-05
2.6198e-05
2.625e-05
2.6198e-05
2.6043e-05
2.5785e-05
2.5425e-05
2.4965e-05
2.4407e-05
2.3752e-05
2.3003e-05
2.2164e-05
2.1237e-05
2.0226e-05
1.9135e-05
1.7969e-05
1.6732e-05
1.5429e-05
1.4065e-05
1.2646e-05
1.1177e-05
9.6633e-06
8.1117e-06
6.5281e-06
4.9188e-06
3.29e-06
1.6483e-06
2.5653e-20
-1.6483e-06
-3.29e-06
-4.9188e-06
-6.5281e-06
-8.1117e-06
-9.6633e-06
-1.1177e-05
-1.2646e-05
-1.4065e-05
-1.5429e-05
-1.6732e-05
-1.7969e-05
-1.9135e-05
-2.0226e-05
-2.1237e-05
-2.2164e-05
-2.3003e-05
-2.3752e-05
-2.4407e-05
-2.4965e-05
-2.5425e-05
-2.5785e-05
-2.6043e-05
-2.6198e-05
-2.625e-05
-2.6198e-05
-2.6043e-05
-2.5785e-05
-2.5425e-05
-2.4965e-05
-2.4407e-05
-2.3752e-05
-2.3003e-05
-2.2164e-05
-2.1237e-05
-2.0226e-05
-1.9135e-05
-1.7969e-05
-1.6732e-05
-1.5429e-05
-1.4065e-05
-1.2646e-05
-1.1177e-05
-9.6633e-06
-8.1117e-06
-6.5281e-06
-4.9188e-06
-3.29e-06
-1.6483e-06
-3.0864e-19
1.6483e-06
3.29e-06
4.9188e-06
6.5281e-06
8.1117e-06
9.6633e-06
1.1177e-05
1.2646e-05
1.4065e-05
1.5429e-05
1.6732e-05
1.7969e-05
1.9135e-05
2.0226e-05
2.1237e-05
2.2164e-05
2.3003e-05
2.3752e-05
2.4407e-05
2.4965e-05
2.5425e-05
2.5785e-05
2.6043e-05
2.6198e-05
2.625e-05
2.6198e-05
2.6043e-05
2.5785e-05
2.5425e-05
2.4965e-05
2.4407e-05
2.3752e-05
2.3003e-05
2.2164e-05
2.1237e-05
2.0226e-05
1.9135e-05
1.7969e-05
1.6732e-05
1.5429e-05
1.4065e-05
1.2646e-05
1.1177e-05
9.6633e-06
8.1117e-06
6.5281e-06
4.9188e-06
3.29e-06
1.6483e-06
5.9163e-19
-1.6483e-06
-3.29e-06
-4.9188e-06
-6.5281e-06
-8.1117e-06
-9.6633e-06
-1.1177e-05
-1.2646e-05
-1.4065e-05
-1.5429e-05
-1.6732e-05
-1.7969e-05
-1.9135e-05
-2.0226e-05
-2.1237e-05
-2.2164e-05
-2.3003e-05
-2.3752e-05
-2.4407e-05
-2.4965e-05
-2.5425e-05
-2.5785e-05
-2.6043e-05
-2.6198e-05
-2.625e-05
-2.6198e-05
-2.6043e-05
-2.5785e-05
-2.5425e-05
-2.4965e-05
-2.4407e-05
-2.3752e-05
-2.3003e-05
-2.2164e-05
-2.1237e-05
-2.0226e-05
-1.9135e-05
-1.7969e-05
-1.6732e-05
-1.5429e-05
-1.4065e-05
-1.2646e-05
-1.1177e-05
-9.6633e-06
-8.1117e-06
-6.5281e-06
-4.9188e-06
-3.29e-06
-1.6483e-06
-1.2856e-19
1.6483e-06
3.29e-06
4.9188e-06
6.5281e-06
8.1117e-06
9.6633e-06
1.1177e-05
1.2646e-05
1.4065e-05
1.5429e-05
1.6732e-05
1.7969e-05
1.9135e-05
2.0226e-05
2.1237e-05
2.2164e-05
2.3003e-05
2.3752e-05
2.4407e-05
2.4965e-05
2.5425e-05
2.5785e-05
2.6043e-05
2.6198e-05
2.625e-05
2.6198e-05
2.6043e-05
2.5785e-05
2.5425e-05
2.4965e-05
2.4407e-05
2.3752e-05
2.3003e-05
2.2164e-05
2.1237e-05
2.0226e-05
1.9135e-05
1.7969e-05
1.6732e-05
1.5429e-05
1.4065e-05
1.2646e-05
1.1177e-05
9.6633e-06
8.1117e-06
6.5281e-06
4.9188e-06
3.29e-06
1.6483e-06
4.1155e-19
-1.6483e-06
-3.29e-06
-4.9188e-06
-6.5281e-06
-8.1117e-06
-9.6633e-06
-1.1177e-05
-1.2646e-05
-1.4065e-05
-1.5429e-05
-1.6732e-05
-1.7969e-05
-1.9135e-05
-2.0226e-05
-2.1237e-05
-2.2164e-05
-2.3003e-05
-2.3752e-05
-2.4407e-05
-2.4965e-05
-2.5425e-05
-2.5785e-05
-2.6043e-05
-2.6198e-05
-2.625e-05
-2.6198e-05
-2.6043e-05
-2.5785e-05
-2.5425e-05
-2.4965e-05
-2.4407e-05
-2.3752e-05
-2.3003e-05
-2.2164e-05
-2.1237e-05
-2.0226e-05
-1.9135e-05
-1.7969e-05
-1.6732e-05
-1.5429e-05
-1.4065e-05
-1.2646e-05
-1.1177e-05
-9.6633e-06
-8.1117e-06
-6.5281e-06
-4.9188e-06
-3.29e-06
-1.6483e-06
5.1533e-20
1.6483e-06
3.29e-06
4.9188e-06
6.5281e-06
8.1117e-06
9.6633e-06
1.1177e-05
1.2646e-05
1.4065e-05
1.5429e-05
1.6732e-05
1.7969e-05
1.9135e-05
2.0226e-05
2.1237e-05
2.2164e-05
2.3003e-05
2.3752e-05
2.4407e-05
2.4965e-05
2.5425e-05
2.5785e-05
2.6043e-05
2.6198e-05
2.625e-05
2.6198e-05
2.6043e-05
2.5785e-05
2.5425e-05
2.4965e-05
2.4407e-05
2.3752e-05
2.3003e-05
2.2164e-05
2.1237e-05
2.0226e-05
1.9135e-05
1.7969e-05
1.6732e-05
1.5429e-05
1.4065e-05
1.2646e-05
1.1177e-05
9.6633e-06
8.1117e-06
6.5281e-06
4.9188e-06
3.29e-06
1.6483e-06
2.3146e-19
-1.6483e-06
-3.29e-06
-4.9188e-06
-6.5281e-06
-8.1117e-06
-9.6633e-06
-1.1177e-05
-1.2646e-05
-1.4065e-05
-1.5429e-05
-1.6732e-05
-1.7969e-05
-1.9135e-05
-2.0226e-05
-2.1237e-05
-2.2164e-05
-2.3003e-05
-2.3752e-05
-2.4407e-05
-2.4965e-05
-2.5425e-05
-2.5785e-05
-2.6043e-05
-2.6198e-05
-2.625e-05
-2.6198e-05
-2.6043e-05
-2.5785e-05
-2.5425e-05
-2.4965e-05
-2.4407e-05
-2.3752e-05
-2.3003e-05
-2.2164e-05
-2.1237e-05
-2.0226e-05
-1.9135e-05
-1.7969e-05
-1.6732e-05
-1.5429e-05
-1.4065e-05
-1.2646e-05
-1.1177e-05
-9.6633e-06
-8.1117e-06
-6.5281e-06
-4.9188e-06
-3.29e-06
-1.6483e-06
-5.1445e-19
1.6483e-06
3.29e-06
4.9188e-06
6.5281e-06
8.1117e-06
9.6633e-06
1.1177e-05
1.2646e-05
1.4065e-05
1.5429e-05
1.6732e-05
1.7969e-05
1.9135e-05
2.0226e-05
2.1237e-05
2.2164e-05
2.3003e-05
2.3752e-05
2.4407e-05
2.4965e-05
2.5425e-05
2.5785e-05
2.6043e-05
2.6198e-05
2.625e-05
2.6198e-05
2.6043e-05
2.5785e-05
2.5425e-05
2.4965e-05
2.4407e-05
2.3752e-05
2.3003e-05
2.2164e-05
2.1237e-05
2.0226e-05
1.9135e-05
1.7969e-05
1.6732e-05
1.5429e-05
1.4065e-05
1.2646e-05
1.1177e-05
9.6633e-06
8.1117e-06
6.5281e-06
4.9188e-06
3.29e-06
1.6483e-06
5.137e-20
-1.6483e-06
-3.29e-06
-4.9188e-06
-6.5281e-06
-8.1117e-06
-9.6633e-06
-1.1177e-05
-1.2646e-05
-1.4065e-05
-1.5429e-05
-1.6732e-05
-1.7969e-05
-1.9135e-05
-2.0226e-05
-2.1237e-05
-2.2164e-05
-2.3003e-05
-2.3752e-05
-2.4407e-05
-2.4965e-05
-2.5425e-05
-2.5785e-05
-2.6043e-05
-2.6198e-05
-2.625e-05
-2.6198e-05
-2.6043e-05
-2.5785e-05
-2.5425e-05
-2.4965e-05
-2.4407e-05
-2.3752e-05
-2.3003e-05
-2.2164e-05
-2.1237e-05
-2.0226e-05
-1.9135e-05
-1.7969e-05
-1.6732e-05
-1.5429e-05
-1.4065e-05
-1.2646e-05
-1.1177e-05
-9.6633e-06
-8.1117e-06
-6.5281e-06
-4.9188e-06
-3.29e-06
-1.6483e-06
-3.3436e-19
1.6483e-06
3.29e-06
4.9188e-06
6.5281e-06
8.1117e-06
9.6633e-06
1.1177e-05
1.2646e-05
1.4065e-05
1.5429e-05
1.6732e-05
1.7969e-05
1.9135e-05
2.0226e-05
2.1237e-05
2.2164e-05
2.3003e-05
2.3752e-05
2.4407e-05
2.4965e-05
2.5425e-05
2.5785e-05
2.6043e-05
2.6198e-05
2.625e-05
2.6198e-05
2.6043e-05
2.5785e-05
2.5425e-05
2.4965e-05
2.4407e-05
2.3752e-05
2.3003e-05
2.2164e-05
2.1237e-05
2.0226e-05
1.9135e-05
1.7969e-05
1.6732e-05
1.5429e-05
1.4065e-05
1.2646e-05
1.1177e-05
9.6633e-06
8.1117e-06
6.5281e-06
4.9188e-06
3.29e-06
1.6483e-06
-1.2872e-19
-1.6483e-06
-3.29e-06
-4.9188e-06
-6.5281e-06
-8.1117e-06
-9.6633e-06
-1.1177e-05
-1.2646e-05
-1.4065e-05
-1.5429e-05
-1.6732e-05
-1.7969e-05
-1.9135e-05
-2.0226e-05
-2.1237e-05
-2.2164e-05
-2.3003e-05
-2.3752e-05
-2.4407e-05
-2.4965e-05
-2.5425e-05
-2.5785e-05
-2.6043e-05
-2.6198e-05
-2.625e-05
-2.6198e-05
-2.6043e-05
-2.5785e-05
-2.5425e-05
-2.4965e-05
-2.4407e-05
-2.3752e-05
-2.3003e-05
-2.2164e-05
-2.1237e-05
-2.0226e-05
-1.9135e-05
-1.7969e-05
-1.6732e-05
-1.5429e-05
-1.4065e-05
-1.2646e-05
-1.1177e-05
-9.6633e-06
-8.1117e-06
-6.5281e-06
-4.9188e-06
-3.29e-06
-1.6483e-06
-1.5427e-19
1.6483e-06
3.29e-06
4.9188e-06
6.5281e-06
8.1117e-06
9.6633e-06
1.1177e-05
1.2646e-05
1.4065e-05
1.5429e-05
1.6732e-05
1.7969e-05
1.9135e-05
2.0226e-05
2.1237e-05
2.2164e-05
2.3003e-05
2.3752e-05
2.4407e-05
2.4965e-05
2.5425e-05
2.5785e-05
2.6043e-05
2.6198e-05
2.625e-05
2.6198e-05
2.6043e-05
2.5785e-05
2.5425e-05
2.4965e-05
2.4407e-05
2.3752e-05
2.3003e-05
2.2164e-05
2.1237e-05
2.0226e-05
1.9135e-05
1.7969e-05
1.6732e-05
1.5429e-05
1.4065e-05
1.2646e-05
1.1177e-05
9.6633e-06
8.1117e-06
6.5281e-06
4.9188e-06
3.29e-06
1.6483e-06
4.3726e-19
-1.6483e-06
-3.29e-06
-4.9188e-06
-6.5281e-06
-8.1117e-06
-9.6633e-06
-1.1177e-05
-1.2646e-05
-1.4065e-05
-1.5429e-05
-1.6732e-05
-1.7969e-05
-1.9135e-05
-2.0226e-05
-2.1237e-05
-2.2164e-05
-2.3003e-05
-2.3752e-05
-2.4407e-05
-2.4965e-05
-2.5425e-05
-2.5785e-05
-2.6043e-05
-2.6198e-05
-2.625e-05
-2.6198e-05
-2.6043e-05
-2.5785e-05
-2.5425e-05
-2.4965e-05
-2.4407e-05
-2.3752e-05
-2.3003e-05
-2.2164e-05
-2.1237e-05
-2.0226e-05
-1.9135e-05
-1.7969e-05
-1.6732e-05
-1.5429e-05
-1.4065e-05
-1.2646e-05
-1.1177e-05
-9.6633e-06
-8.1117e-06
-6.5281e-06
-4.9188e-06
-3.29e-06
-1.6483e-06
2.5815e-20
1.6483e-06
3.29e-06
4.9188e-06
6.5281e-06
8.1117e-06
9.6633e-06
1.1177e-05
1.2646e-05
1.4065e-05
1.5429e-05
1.6732e-05
1.7969e-05
1.9135e-05
2.0226e-05
2.1237e-05
2.2164e-05
2.3003e-05
2.3752e-05
2.4407e-05
2.4965e-05
2.5425e-05
2.5785e-05
2.6043e-05
2.6198e-05
2.625e-05
2.6198e-05
2.6043e-05
2.5785e-05
2.5425e-05
2.4965e-05
2.4407e-05
2.3752e-05
2.3003e-05
2.2164e-05
2.1237e-05
2.0226e-05
1.9135e-05
1.7969e-05
1.6732e-05
1.5429e-05
1.4065e-05
1.2646e-05
1.1177e-05
9.6633e-06
8.1117e-06
6.5281e-06
4.9188e-06
3.29e-06
1.6483e-06
2.5718e-19
-1.6483e-06
-3.29e-06
-4.9188e-06
-6.5281e-06
-8.1117e-06
-9.6633e-06
-1.1177e-05
-1.2646e-05
-1.4065e-05
-1.5429e-05
-1.6732e-05
-1.7969e-05
-1.9135e-05
-2.0226e-05
-2.1237e-05
-2.2164e-05
-2.3003e-05
-2.3752e-05
-2.4407e-05
-2.4965e-05
-2.5425e-05
-2.5785e-05
-2.6043e-05
-2.6198e-05
-2.625e-05
-2.6198e-05
-2.6043e-05
-2.5785e-05
-2.5425e-05
-2.4965e-05
-2.4407e-05
-2.3752e-05
-2.3003e-05
-2.2164e-05
-2.1237e-05
-2.0226e-05
-1.9135e-05
-1.7969e-05
-1.6732e-05
-1.5429e-05
-1.4065e-05
-1.2646e-05
-1.1177e-05
-9.6633e-06
-8.1117e-06
-6.5281e-06
-4.9188e-06
-3.29e-06
-1.6483e-06
-5.4017e-19
1.6483e-06
3.29e-06
4.9188e-06
6.5281e-06
8.1117e-06
9.6633e-06
1.1177e-05
1.2646e-05
1.4065e-05
1.5429e-05
1.6732e-05
1.7969e-05
1.9135e-05
2.0226e-05
2.1237e-05
2.2164e-05
2.3003e-05
2.3752e-05
2.4407e-05
2.4965e-05
2.5425e-05
2.5785e-05
2.6043e-05
2.6198e-05
2.625e-05
2.6198e-05
2.6043e-05
2.5785e-05
2.5425e-05
2.4965e-05
2.4407e-05
2.3752e-05
2.3003e-05
2.2164e-05
2.1237e-05
2.0226e-05
1.9135e-05
1.7969e-05
1.6732e-05
1.5429e-05
1.4065e-05
1.2646e-05
1.1177e-05
9.6633e-06
8.1117e-06
6.5281e-06
4.9188e-06
3.29e-06
1.6483e-06
8.2316e-19
-1.6483e-06
-3.29e-06
-4.9188e-06
-6.5281e-06
-8.1117e-06
-9.6633e-06
-1.1177e-05
-1.2646e-05
-1.4065e-05
-1.5429e-05
-1.6732e-05
-1.7969e-05
-1.9135e-05
-2.0226e-05
-2.1237e-05
-2.2164e-05
-2.3003e-05
-2.3752e-05
-2.4407e-05
-2.4965e-05
-2.5425e-05
-2.5785e-05
-2.6043e-05
-2.6198e-05
-2.625e-05
-2.6198e-05
-2.6043e-05
-2.5785e-05
-2.5425e-05
-2.4965e-05
-2.4407e-05
-2.3752e-05
-2.3003e-05
-2.2164e-05
-2.1237e-05
-2.0226e-05
-1.9135e-05
-1.7969e-05
-1.6732e-05
-1.5429e-05
-1.4065e-05
-1.2646e-05
-1.1177e-05
-9.6633e-06
-8.1117e-06
-6.5281e-06
-4.9188e-06
-3.29e-06
-1.6483e-06
3.8599e-19
1.6483e-06
3.29e-06
4.9188e-06
6.5281e-06
8.1117e-06
9.6633e-06
1.1177e-05
1.2646e-05
1.4065e-05
1.5429e-05
1.6732e-05
1.7969e-05
1.9135e-05
2.0226e-05
2.1237e-05
2.2164e-05
2.3003e-05
2.3752e-05
2.4407e-05
2.4965e-05
2.5425e-05
2.5785e-05
2.6043e-05
2.6198e-05
2.625e-05
2.6198e-05
2.6043e-05
2.5785e-05
2.5425e-05
2.4965e-05
2.4407e-05
2.3752e-05
2.3003e-05
2.2164e-05
2.1237e-05
2.0226e-05
1.9135e-05
1.7969e-05
1.6732e-05
1.5429e-05
1.4065e-05
1.2646e-05
1.1177e-05
9.6633e-06
8.1117e-06
6.5281e-06
4.9188e-06
3.29e-06
1.6483e-06
-1.03e-19
-1.6483e-06
-3.29e-06
-4.9188e-06
-6.5281e-06
-8.1117e-06
-9.6633e-06
-1.1177e-05
-1.2646e-05
-1.4065e-05
-1.5429e-05
-1.6732e-05
-1.7969e-05
-1.9135e-05
-2.0226e-05
-2.1237e-05
-2.2164e-05
-2.3003e-05
-2.3752e-05
-2.4407e-05
-2.4965e-05
-2.5425e-05
-2.5785e-05
-2.6043e-05
-2.6198e-05
-2.625e-05
-2.6198e-05
-2.6043e-05
-2.5785e-05
-2.5425e-05
-2.4965e-05
-2.4407e-05
-2.3752e-05
-2.3003e-05
-2.2164e-05
-2.1237e-05
-2.0226e-05
-1.9135e-05
-1.7969e-05
-1.6732e-05
-1.5429e-05
-1.4065e-05
-1.2646e-05
-1.1177e-05
-9.6633e-06
-8.1117e-06
-6.5281e-06
-4.9188e-06
-3.29e-06
-1.6483e-06
-1.7999e-19
1.6483e-06
3.29e-06
4.9188e-06
6.5281e-06
8.1117e-06
9.6633e-06
1.1177e-05
1.2646e-05
1.4065e-05
1.5429e-05
1.6732e-05
1.7969e-05
1.9135e-05
2.0226e-05
2.1237e-05
2.2164e-05
2.3003e-05
2.3752e-05
2.4407e-05
2.4965e-05
2.5425e-05
2.5785e-05
2.6043e-05
2.6198e-05
2.625e-05
2.6198e-05
2.6043e-05
2.5785e-05
2.5425e-05
2.4965e-05
2.4407e-05
2.3752e-05
2.3003e-05
2.2164e-05
2.1237e-05
2.0226e-05
1.9135e-05
1.7969e-05
1.6732e-05
1.5429e-05
1.4065e-05
1.2646e-05
1.1177e-05
9.6633e-06
8.1117e-06
6.5281e-06
4.9188e-06
3.29e-06
1.6483e-06
4.6298e-19
-1.6483e-06
-3.29e-06
-4.9188e-06
-6.5281e-06
-8.1117e-06
-9.6633e-06
-1.1177e-05
-1.2646e-05
-1.4065e-05
-1.5429e-05
-1.6732e-05
-1.7969e-05
-1.9135e-05
-2.0226e-05
-2.1237e-05
-2.2164e-05
-2.3003e-05
-2.3752e-05
-2.4407e-05
-2.4965e-05
-2.5425e-05
-2.5785e-05
-2.6043e-05
-2.6198e-05
-2.625e-05
-2.6198e-05
-2.6043e-05
-2.5785e-05
-2.5425e-05
-2.4965e-05
-2.4407e-05
-2.3752e-05
-2.3003e-05
-2.2164e-05
-2.1237e-05
-2.0226e-05
-1.9135e-05
-1.7969e-05
-1.6732e-05
-1.5429e-05
-1.4065e-05
-1.2646e-05
-1.1177e-05
-9.6633e-06
-8.1117e-06
-6.5281e-06
-4.9188e-06
-3.29e-06
-1.6483e-06
7.4617e-19
1.6483e-06
3.29e-06
4.9188e-06
6.5281e-06
8.1117e-06
9.6633e-06
1.1177e-05
1.2646e-05
1.4065e-05
1.5429e-05
1.6732e-05
1.7969e-05
1.9135e-05
2.0226e-05
2.1237e-05
2.2164e-05
2.3003e-05
2.3752e-05
2.4407e-05
2.4965e-05
2.5425e-05
2.5785e-05
2.6043e-05
2.6198e-05
2.625e-05
2.6198e-05
2.6043e-05
2.5785e-05
2.5425e-05
2.4965e-05
2.4407e-05
2.3752e-05
2.3003e-05
2.2164e-05
2.1237e-05
2.0226e-05
1.9135e-05
1.7969e-05
1.6732e-05
1.5429e-05
1.4065e-05
1.2646e-05
1.1177e-05
9.6633e-06
8.1117e-06
6.5281e-06
4.9188e-06
3.29e-06
1.6483e-06
-4.6318e-19
-1.6483e-06
-3.29e-06
-4.9188e-06
-6.5281e-06
-8.1117e-06
-9.6633e-06
-1.1177e-05
-1.2646e-05
-1.4065e-05
-1.5429e-05
-1.6732e-05
-1.7969e-05
-1.9135e-05
-2.0226e-05
-2.1237e-05
-2.2164e-05
-2.3003e-05
-2.3752e-05
-2.4407e-05
-2.4965e-05
-2.5425e-05
-2.5785e-05
-2.6043e-05
-2.6198e-05
-2.625e-05
-2.6198e-05
-2.6043e-05
-2.5785e-05
-2.5425e-05
-2.4965e-05
-2.4407e-05
-2.3752e-05
-2.3003e-05
-2.2164e-05
-2.1237e-05
-2.0226e-05
-1.9135e-05
-1.7969e-05
-1.6732e-05
-1.5429e-05
-1.4065e-05
-1.2646e-05
-1.1177e-05
-9.6633e-06
-8.1117e-06
-6.5281e-06
-4.9188e-06
-3.29e-06
-1.6483e-06
1.8019e-19
1.6483e-06
3.29e-06
4.9188e-06
6.5281e-06
8.1117e-06
9.6633e-06
1.1177e-05
1.2646e-05
1.4065e-05
1.5429e-05
1.6732e-05
1.7969e-05
1.9135e-05
2.0226e-05
2.1237e-05
2.2164e-05
2.3003e-05
2.3752e-05
2.4407e-05
2.4965e-05
2.5425e-05
2.5785e-05
2.6043e-05
2.6198e-05
2.625e-05
2.6198e-05
2.6043e-05
2.5785e-05
2.5425e-05
2.4965e-05
2.4407e-05
2.3752e-05
2.3003e-05
2.2164e-05
2.1237e-05
2.0226e-05
1.9135e-05
1.7969e-05
1.6732e-05
1.5429e-05
1.4065e-05
1.2646e-05
1.1177e-05
9.6633e-06
8.1117e-06
6.5281e-06
4.9188e-06
3.29e-06
1.6483e-06
1.0281e-19
-1.6483e-06
-3.29e-06
-4.9188e-06
-6.5281e-06
-8.1117e-06
-9.6633e-06
-1.1177e-05
-1.2646e-05
-1.4065e-05
-1.5429e-05
-1.6732e-05
-1.7969e-05
-1.9135e-05
-2.0226e-05
-2.1237e-05
-2.2164e-05
-2.3003e-05
-2.3752e-05
-2.4407e-05
-2.4965e-05
-2.5425e-05
-2.5785e-05
-2.6043e-05
-2.6198e-05
-2.625e-05
-2.6198e-05
-2.6043e-05
-2.5785e-05
-2.5425e-05
-2.4965e-05
-2.4407e-05
-2.3752e-05
-2.3003e-05
-2.2164e-05
-2.1237e-05
-2.0226e-05
-1.9135e-05
-1.7969e-05
-1.6732e-05
-1.5429e-05
-1.4065e-05
-1.2646e-05
-1.1177e-05
-9.6633e-06
-8.1117e-06
-6.5281e-06
-4.9188e-06
-3.29e-06
-1.6483e-06
-3.858e-19
1.6483e-06
3.29e-06
4.9188e-06
6.5281e-06
8.1117e-06
9.6633e-06
1.1177e-05
1.2646e-05
1.4065e-05
1.5429e-05
1.6732e-05
1.7969e-05
1.9135e-05
2.0226e-05
2.1237e-05
2.2164e-05
2.3003e-05
2.3752e-05
2.4407e-05
2.4965e-05
2.5425e-05
2.5785e-05
2.6043e-05
2.6198e-05
2.625e-05
2.6198e-05
2.6043e-05
2.5785e-05
2.5425e-05
2.4965e-05
2.4407e-05
2.3752e-05
2.3003e-05
2.2164e-05
2.1237e-05
2.0226e-05
1.9135e-05
1.7969e-05
1.6732e-05
1.5429e-05
1.4065e-05
1.2646e-05
1.1177e-05
9.6633e-06
8.1117e-06
6.5281e-06
4.9188e-06
3.29e-06
1.6483e-06
-8.2335e-19
-1.6483e-06
-3.29e-06
-4.9188e-06
-6.5281e-06
-8.1117e-06
-9.6633e-06
-1.1177e-05
-1.2646e-05
-1.4065e-05
-1.5429e-05
-1.6732e-05
-1.7969e-05
-1.9135e-05
-2.0226e-05
-2.1237e-05
-2.2164e-05
-2.3003e-05
-2.3752e-05
-2.4407e-05
-2.4965e-05
-2.5425e-05
-2.5785e-05
-2.6043e-05
-2.6198e-05
-2.625e-05
-2.6198e-05
-2.6043e-05
-2.5785e-05
-2.5425e-05
-2.4965e-05
-2.4407e-05
-2.3752e-05
-2.3003e-05
-2.2164e-05
-2.1237e-05
-2.0226e-05
-1.9135e-05
-1.7969e-05
-1.6732e-05
-1.5429e-05
-1.4065e-05
-1.2646e-05
-1.1177e-05
-9.6633e-06
-8.1117e-06
-6.5281e-06
-4.9188e-06
-3.29e-06
-1.6483e-06
5.4036e-19
1.6483e-06
3.29e-06
4.9188e-06
6.5281e-06
8.1117e-06
9.6633e-06
1.1177e-05
1.2646e-05
1.4065e-05
1.5429e-05
1.6732e-05
1.7969e-05
1.9135e-05
2.0226e-05
2.1237e-05
2.2164e-05
2.3003e-05
2.3752e-05
2.4407e-05
2.4965e-05
2.5425e-05
2.5785e-05
2.6043e-05
2.6198e-05
2.625e-05
2.6198e-05
2.6043e-05
2.5785e-05
2.5425e-05
2.4965e-05
2.4407e-05
2.3752e-05
2.3003e-05
2.2164e-05
2.1237e-05
2.0226e-05
1.9135e-05
1.7969e-05
1.6732e-05
1.5429e-05
1.4065e-05
1.2646e-05
1.1177e-05
9.6633e-06
8.1117e-06
6.5281e-06
4.9188e-06
3.29e-06
1.6483e-06
-2.5737e-19
-1.6483e-06
-3.29e-06
-4.9188e-06
-6.5281e-06
-8.1117e-06
-9.6633e-06
-1.1177e-05
-1.2646e-05
-1.4065e-05
-1.5429e-05
-1.6732e-05
-1.7969e-05
-1.9135e-05
-2.0226e-05
-2.1237e-05
-2.2164e-05
-2.3003e-05
-2.3752e-05
-2.4407e-05
-2.4965e-05
-2.5425e-05
-2.5785e-05
-2.6043e-05
-2.6198e-05
-2.625e-05
-2.6198e-05
-2.6043e-05
-2.5785e-05
-2.5425e-05
-2.4965e-05
-2.4407e-05
-2.3752e-05
-2.3003e-05
-2.2164e-05
-2.1237e-05
-2.0226e-05
-1.9135e-05
-1.7969e-05
-1.6732e-05
-1.5429e-05
-1.4065e-05
-1.2646e-05
-1.1177e-05
-9.6633e-06
-8.1117e-06
-6.5281e-06
-4.9188e-06
-3.29e-06
-1.6483e-06
-2.562e-20
1.6483e-06
3.29e-06
4.9188e-06
6.5281e-06
8.1117e-06
9.6633e-06
1.1177e-05
1.2646e-05
1.4065e-05
1.5429e-05
1.6732e-05
1.7969e-05
1.9135e-05
2.0226e-05
2.1237e-05
2.2164e-05
2.3003e-05
2.3752e-05
2.4407e-05
2.4965e-05
2.5425e-05
2.5785e-05
2.6043e-05
2.6198e-05
2.625e-05
2.6198e-05
2.6043e-05
2.5785e-05
2.5425e-05
2.4965e-05
2.4407e-05
2.3752e-05
2.3003e-05
2.2164e-05
2.1237e-05
2.0226e-05
1.9135e-05
1.7969e-05
1.6732e-05
1.5429e-05
1.4065e-05
1.2646e-05
1.1177e-05
9.6633e-06
8.1117e-06
6.5281e-06
4.9188e-06
3.29e-06
1.6483e-06
3.0861e-19
-1.6483e-06
-3.29e-06
-4.9188e-06
-6.5281e-06
-8.1117e-06
-9.6633e-06
-1.1177e-05
-1.2646e-05
-1.4065e-05
-1.5429e-05
-1.6732e-05
-1.7969e-05
-1.9135e-05
-2.0226e-05
-2.1237e-05
-2.2164e-05
-2.3003e-05
-2.3752e-05
-2.4407e-05
-2.4965e-05
-2.5425e-05
-2.5785e-05
-2.6043e-05
-2.6198e-05
-2.625e-05
-2.6198e-05
-2.6043e-05
-2.5785e-05
-2.5425e-05
-2.4965e-05
-2.4407e-05
-2.3752e-05
-2.3003e-05
-2.2164e-05
-2.1237e-05
-2.0226e-05
-1.9135e-05
-1.7969e-05
-1.6732e-05
-1.5429e-05
-1.4065e-05
-1.2646e-05
-1.1177e-05
-9.6633e-06
-8.1117e-06
-6.5281e-06
-4.9188e-06
-3.29e-06
-1.6483e-06
9.0054e-19
1.6483e-06
3.29e-06
4.9188e-06
6.5281e-06
8.1117e-06
9.6633e-06
1.1177e-05
1.2646e-05
1.4065e-05
1.5429e-05
1.6732e-05
1.7969e-05
1.9135e-05
2.0226e-05
2.1237e-05
2.2164e-05
2.3003e-05
2.3752e-05
2.4407e-05
2.4965e-05
2.5425e-05
2.5785e-05
2.6043e-05
2.6198e-05
2.625e-05
2.6198e-05
2.6043e-05
2.5785e-05
2.5425e-05
2.4965e-05
2.4407e-05
2.3752e-05
2.3003e-05
2.2164e-05
2.1237e-05
2.0226e-05
1.9135e-05
1.7969e-05
1.6732e-05
1.5429e-05
1.4065e-05
1.2646e-05
1.1177e-05
9.6633e-06
8.1117e-06
6.5281e-06
4.9188e-06
3.29e-06
1.6483e-06
-6.1755e-19
-1.6483e-06
-3.29e-06
-4.9188e-06
-6.5281e-06
-8.1117e-06
-9.6633e-06
-1.1177e-05
-1.2646e-05
-1.4065e-05
-1.5429e-05
-1.6732e-05
-1.7969e-05
-1.9135e-05
-2.0226e-05
-2.1237e-05
-2.2164e-05
-2.3003e-05
-2.3752e-05
-2.4407e-05
-2.4965e-05
-2.5425e-05
-2.5785e-05
-2.6043e-05
-2.6198e-05
-2.625e-05
-2.6198e-05
-2.6043e-05
-2.5785e-05
-2.5425e-05
-2.4965e-05
-2.4407e-05
-2.3752e-05
-2.3003e-05
-2.2164e-05
-2.1237e-05
-2.0226e-05
-1.9135e-05
-1.7969e-05
-1.6732e-05
-1.5429e-05
-1.4065e-05
-1.2646e-05
-1.1177e-05
-9.6633e-06
-8.1117e-06
-6.5281e-06
-4.9188e-06
-3.29e-06
-1.6483e-06
3.3456e-19
1.6483e-06
3.29e-06
4.9188e-06
6.5281e-06
8.1117e-06
9.6633e-06
1.1177e-05
1.2646e-05
1.4065e-05
1.5429e-05
1.6732e-05
1.7969e-05
1.9135e-05
2.0226e-05
2.1237e-05
2.2164e-05
2.3003e-05
2.3752e-05
2.4407e-05
2.4965e-05
2.5425e-05
2.5785e-05
2.6043e-05
2.6198e-05
2.625e-05
2.6198e-05
2.6043e-05
2.5785e-05
2.5425e-05
2.4965e-05
2.4407e-05
2.3752e-05
2.3003e-05
2.2164e-05
2.1237e-05
2.0226e-05
1.9135e-05
1.7969e-05
1.6732e-05
1.5429e-05
1.4065e-05
1.2646e-05
1.1177e-05
9.6633e-06
8.1117e-06
6.5281e-06
4.9188e-06
3.29e-06
1.6483e-06
-5.1565e-20
-1.6483e-06
-3.29e-06
-4.9188e-06
-6.5281e-06
-8.1117e-06
-9.6633e-06
-1.1177e-05
-1.2646e-05
-1.4065e-05
-1.5429e-05
-1.6732e-05
-1.7969e-05
-1.9135e-05
-2.0226e-05
-2.1237e-05
-2.2164e-05
-2.3003e-05
-2.3752e-05
-2.4407e-05
-2.4965e-05
-2.5425e-05
-2.5785e-05
-2.6043e-05
-2.6198e-05
-2.625e-05
-2.6198e-05
-2.6043e-05
-2.5785e-05
-2.5425e-05
-2.4965e-05
-2.4407e-05
-2.3752e-05
-2.3003e-05
-2.2164e-05
-2.1237e-05
-2.0226e-05
-1.9135e-05
-1.7969e-05
-1.6732e-05
-1.5429e-05
-1.4065e-05
-1.2646e-05
-1.1177e-05
-9.6633e-06
-8.1117e-06
-6.5281e-06
-4.9188e-06
-3.29e-06
-1.6483e-06
-2.3143e-19
1.6483e-06
3.29e-06
4.9188e-06
6.5281e-06
8.1117e-06
9.6633e-06
1.1177e-05
1.2646e-05
1.4065e-05
1.5429e-05
1.6732e-05
1.7969e-05
1.9135e-05
2.0226e-05
2.1237e-05
2.2164e-05
2.3003e-05
2.3752e-05
2.4407e-05
2.4965e-05
2.5425e-05
2.5785e-05
2.6043e-05
2.6198e-05
2.625e-05
2.6198e-05
2.6043e-05
2.5785e-05
2.5425e-05
2.4965e-05
2.4407e-05
2.3752e-05
2.3003e-05
2.2164e-05
2.1237e-05
2.0226e-05
1.9135e-05
1.7969e-05
1.6732e-05
1.5429e-05
1.4065e-05
1.2646e-05
1.1177e-05
9.6633e-06
8.1117e-06
6.5281e-06
4.9188e-06
3.29e-06
1.6483e-06
5.1442e-19
-1.6483e-06
-3.29e-06
-4.9188e-06
-6.5281e-06
-8.1117e-06
-9.6633e-06
-1.1177e-05
-1.2646e-05
-1.4065e-05
-1.5429e-05
-1.6732e-05
-1.7969e-05
-1.9135e-05
-2.0226e-05
-2.1237e-05
-2.2164e-05
-2.3003e-05
-2.3752e-05
-2.4407e-05
-2.4965e-05
-2.5425e-05
-2.5785e-05
-2.6043e-05
-2.6198e-05
-2.625e-05
-2.6198e-05
-2.6043e-05
-2.5785e-05
-2.5425e-05
-2.4965e-05
-2.4407e-05
-2.3752e-05
-2.3003e-05
-2.2164e-05
-2.1237e-05
-2.0226e-05
-1.9135e-05
-1.7969e-05
-1.6732e-05
-1.5429e-05
-1.4065e-05
-1.2646e-05
-1.1177e-05
-9.6633e-06
-8.1117e-06
-6.5281e-06
-4.9188e-06
-3.29e-06
-1.6483e-06
-7.9741e-19
1.6483e-06
3.29e-06
4.9188e-06
6.5281e-06
8.1117e-06
9.6633e-06
1.1177e-05
1.2646e-05
1.4065e-05
1.5429e-05
1.6732e-05
1.7969e-05
1.9135e-05
2.0226e-05
2.1237e-05
2.2164e-05
2.3003e-05
2.3752e-05
2.4407e-05
2.4965e-05
2.5425e-05
2.5785e-05
2.6043e-05
2.6198e-05
2.625e-05
2.6198e-05
2.6043e-05
2.5785e-05
2.5425e-05
2.4965e-05
2.4407e-05
2.3752e-05
2.3003e-05
2.2164e-05
2.1237e-05
2.0226e-05
1.9135e-05
1.7969e-05
1.6732e-05
1.5429e-05
1.4065e-05
1.2646e-05
1.1177e-05
9.6633e-06
8.1117e-06
6.5281e-06
4.9188e-06
3.29e-06
1.6483e-06
-4.1174e-19
-1.6483e-06
-3.29e-06
-4.9188e-06
-6.5281e-06
-8.1117e-06
-9.6633e-06
-1.1177e-05
-1.2646e-05
-1.4065e-05
-1.5429e-05
-1.6732e-05
-1.7969e-05
-1.9135e-05
-2.0226e-05
-2.1237e-05
-2.2164e-05
-2.3003e-05
-2.3752e-05
-2.4407e-05
-2.4965e-05
-2.5425e-05
-2.5785e-05
-2.6043e-05
-2.6198e-05
-2.625e-05
-2.6198e-05
-2.6043e-05
-2.5785e-05
-2.5425e-05
-2.4965e-05
-2.4407e-05
-2.3752e-05
-2.3003e-05
-2.2164e-05
-2.1237e-05
-2.0226e-05
-1.9135e-05
-1.7969e-05
-1.6732e-05
-1.5429e-05
-1.4065e-05
-1.2646e-05
-1.1177e-05
-9.6633e-06
-8.1117e-06
-6.5281e-06
-4.9188e-06
-3.29e-06
-1.6483e-06
1.2875e-19
1.6483e-06
3.29e-06
4.9188e-06
6.5281e-06
8.1117e-06
9.6633e-06
1.1177e-05
1.2646e-05
1.4065e-05
1.5429e-05
1.6732e-05
1.7969e-05
1.9135e-05
2.0226e-05
2.1237e-05
2.2164e-05
2.3003e-05
2.3752e-05
2.4407e-05
2.4965e-05
2.5425e-05
2.5785e-05
2.6043e-05
2.6198e-05
2.625e-05
2.6198e-05
2.6043e-05
2.5785e-05
2.5425e-05
2.4965e-05
2.4407e-05
2.3752e-05
2.3003e-05
2.2164e-05
2.1237e-05
2.0226e-05
1.9135e-05
1.7969e-05
1.6732e-05
1.5429e-05
1.4065e-05
1.2646e-05
1.1177e-05
9.6633e-06
8.1117e-06
6.5281e-06
4.9188e-06
3.29e-06
1.6483e-06
1.5424e-19
-1.6483e-06
-3.29e-06
-4.9188e-06
-6.5281e-06
-8.1117e-06
-9.6633e-06
-1.1177e-05
-1.2646e-05
-1.4065e-05
-1.5429e-05
-1.6732e-05
-1.7969e-05
-1.9135e-05
-2.0226e-05
-2.1237e-05
-2.2164e-05
-2.3003e-05
-2.3752e-05
-2.4407e-05
-2.4965e-05
-2.5425e-05
-2.5785e-05
-2.6043e-05
-2.6198e-05
-2.625e-05
-2.6198e-05
-2.6043e-05
-2.5785e-05
-2.5425e-05
-2.4965e-05
-2.4407e-05
-2.3752e-05
-2.3003e-05
-2.2164e-05
-2.1237e-05
-2.0226e-05
-1.9135e-05
-1.7969e-05
-1.6732e-05
-1.5429e-05
-1.4065e-05
-1.2646e-05
-1.1177e-05
-9.6633e-06
-8.1117e-06
-6.5281e-06
-4.9188e-06
-3.29e-06
-1.6483e-06
-4.3723e-19
1.6483e-06
3.29e-06
4.9188e-06
6.5281e-06
8.1117e-06
9.6633e-06
1.1177e-05
1.2646e-05
1.4065e-05
1.5429e-05
1.6732e-05
1.7969e-05
1.9135e-05
2.0226e-05
2.1237e-05
2.2164e-05
2.3003e-05
2.3752e-05
2.4407e-05
2.4965e-05
2.5425e-05
2.5785e-05
2.6043e-05
2.6198e-05
2.625e-05
2.6198e-05
2.6043e-05
2.5785e-05
2.5425e-05
2.4965e-05
2.4407e-05
2.3752e-05
2.3003e-05
2.2164e-05
2.1237e-05
2.0226e-05
1.9135e-05
1.7969e-05
1.6732e-05
1.5429e-05
1.4065e-05
1.2646e-05
1.1177e-05
9.6633e-06
8.1117e-06
6.5281e-06
4.9188e-06
3.29e-06
1.6483e-06
7.2022e-19
-1.6483e-06
-3.29e-06
-4.9188e-06
-6.5281e-06
-8.1117e-06
-9.6633e-06
-1.1177e-05
-1.2646e-05
-1.4065e-05
-1.5429e-05
-1.6732e-05
-1.7969e-05
-1.9135e-05
-2.0226e-05
-2.1237e-05
-2.2164e-05
-2.3003e-05
-2.3752e-05
-2.4407e-05
-2.4965e-05
-2.5425e-05
-2.5785e-05
-2.6043e-05
-2.6198e-05
-2.625e-05
-2.6198e-05
-2.6043e-05
-2.5785e-05
-2.5425e-05
-2.4965e-05
-2.4407e-05
-2.3752e-05
-2.3003e-05
-2.2164e-05
-2.1237e-05
-2.0226e-05
-1.9135e-05
-1.7969e-05
-1.6732e-05
-1.5429e-05
-1.4065e-05
-1.2646e-05
-1.1177e-05
-9.6633e-06
-8.1117e-06
-6.5281e-06
-4.9188e-06
-3.29e-06
-1.6483e-06
4.8893e-19
1.6483e-06
3.29e-06
4.9188e-06
6.5281e-06
8.1117e-06
9.6633e-06
1.1177e-05
1.2646e-05
1.4065e-05
1.5429e-05
1.6732e-05
1.7969e-05
1.9135e-05
2.0226e-05
2.1237e-05
2.2164e-05
2.3003e-05
2.3752e-05
2.4407e-05
2.4965e-05
2.5425e-05
2.5785e-05
2.6043e-05
2.6198e-05
2.625e-05
2.6198e-05
2.6043e-05
2.5785e-05
2.5425e-05
2.4965e-05
2.4407e-05
2.3752e-05
2.3003e-05
2.2164e-05
2.1237e-05
2.0226e-05
1.9135e-05
1.7969e-05
1.6732e-05
1.5429e-05
1.4065e-05
1.2646e-05
1.1177e-05
9.6633e-06
8.1117e-06
6.5281e-06
4.9188e-06
3.29e-06
1.6483e-06
-2.0594e-19
-1.6483e-06
-3.29e-06
-4.9188e-06
-6.5281e-06
-8.1117e-06
-9.6633e-06
-1.1177e-05
-1.2646e-05
-1.4065e-05
-1.5429e-05
-1.6732e-05
-1.7969e-05
-1.9135e-05
-2.0226e-05
-2.1237e-05
-2.2164e-05
-2.3003e-05
-2.3752e-05
-2.4407e-05
-2.4965e-05
-2.5425e-05
-2.5785e-05
-2.6043e-05
-2.6198e-05
-2.625e-05
-2.6198e-05
-2.6043e-05
-2.5785e-05
-2.5425e-05
-2.4965e-05
-2.4407e-05
-2.3752e-05
-2.3003e-05
-2.2164e-05
-2.1237e-05
-2.0226e-05
-1.9135e-05
-1.7969e-05
-1.6732e-05
-1.5429e-05
-1.4065e-05
-1.2646e-05
-1.1177e-05
-9.6633e-06
-8.1117e-06
-6.5281e-06
-4.9188e-06
-3.29e-06
-1.6483e-06
-7.7055e-20
1.6483e-06
3.29e-06
4.9188e-06
6.5281e-06
8.1117e-06
9.6633e-06
1.1177e-05
1.2646e-05
1.4065e-05
1.5429e-05
1.6732e-05
1.7969e-05
1.9135e-05
2.0226e-05
2.1237e-05
2.2164e-05
2.3003e-05
2.3752e-05
2.4407e-05
2.4965e-05
2.5425e-05
2.5785e-05
2.6043e-05
2.6198e-05
2.625e-05
2.6198e-05
2.6043e-05
2.5785e-05
2.5425e-05
2.4965e-05
2.4407e-05
2.3752e-05
2.3003e-05
2.2164e-05
2.1237e-05
2.0226e-05
1.9135e-05
1.7969e-05
1.6732e-05
1.5429e-05
1.4065e-05
1.2646e-05
1.1177e-05
9.6633e-06
8.1117e-06
6.5281e-06
4.9188e-06
3.29e-06
1.6483e-06
3.6005e-19
-1.6483e-06
-3.29e-06
-4.9188e-06
-6.5281e-06
-8.1117e-06
-9.6633e-06
-1.1177e-05
-1.2646e-05
-1.4065e-05
-1.5429e-05
-1.6732e-05
-1.7969e-05
-1.9135e-05
-2.0226e-05
-2.1237e-05
-2.2164e-05
-2.3003e-05
-2.3752e-05
-2.4407e-05
-2.4965e-05
-2.5425e-05
-2.5785e-05
-2.6043e-05
-2.6198e-05
-2.625e-05
-2.6198e-05
-2.6043e-05
-2.5785e-05
-2.5425e-05
-2.4965e-05
-2.4407e-05
-2.3752e-05
-2.3003e-05
-2.2164e-05
-2.1237e-05
-2.0226e-05
-1.9135e-05
-1.7969e-05
-1.6732e-05
-1.5429e-05
-1.4065e-05
-1.2646e-05
-1.1177e-05
-9.6633e-06
-8.1117e-06
-6.5281e-06
-4.9188e-06
-3.29e-06
-1.6483e-06
-6.4304e-19
1.6483e-06
3.29e-06
4.9188e-06
6.5281e-06
8.1117e-06
9.6633e-06
1.1177e-05
1.2646e-05
1.4065e-05
1.5429e-05
1.6732e-05
1.7969e-05
1.9135e-05
2.0226e-05
2.1237e-05
2.2164e-05
2.3003e-05
2.3752e-05
2.4407e-05
2.4965e-05
2.5425e-05
2.5785e-05
2.6043e-05
2.6198e-05
2.625e-05
2.6198e-05
2.6043e-05
2.5785e-05
2.5425e-05
2.4965e-05
2.4407e-05
2.3752e-05
2.3003e-05
2.2164e-05
2.1237e-05
2.0226e-05
1.9135e-05
1.7969e-05
1.6732e-05
1.5429e-05
1.4065e-05
1.2646e-05
1.1177e-05
9.6633e-06
8.1117e-06
6.5281e-06
4.9188e-06
3.29e-06
1.6483e-06
-5.6611e-19
-1.6483e-06
-3.29e-06
-4.9188e-06
-6.5281e-06
-8.1117e-06
-9.6633e-06
-1.1177e-05
-1.2646e-05
-1.4065e-05
-1.5429e-05
-1.6732e-05
-1.7969e-05
-1.9135e-05
-2.0226e-05
-2.1237e-05
-2.2164e-05
-2.3003e-05
-2.3752e-05
-2.4407e-05
-2.4965e-05
-2.5425e-05
-2.5785e-05
-2.6043e-05
-2.6198e-05
-2.625e-05
-2.6198e-05
-2.6043e-05
-2.5785e-05
-2.5425e-05
-2.4965e-05
-2.4407e-05
-2.3752e-05
-2.3003e-05
-2.2164e-05
-2.1237e-05
-2.0226e-05
-1.9135e-05
-1.7969e-05
-1.6732e-05
-1.5429e-05
-1.4065e-05
-1.2646e-05
-1.1177e-05
-9.6633e-06
-8.1117e-06
-6.5281e-06
-4.9188e-06
-3.29e-06
-1.6483e-06
2.8312e-19
1.6483e-06
3.29e-06
4.9188e-06
6.5281e-06
8.1117e-06
9.6633e-06
1.1177e-05
1.2646e-05
1.4065e-05
1.5429e-05
1.6732e-05
1.7969e-05
1.9135e-05
2.0226e-05
2.1237e-05
2.2164e-05
2.3003e-05
2.3752e-05
2.4407e-05
2.4965e-05
2.5425e-05
2.5785e-05
2.6043e-05
2.6198e-05
2.625e-05
2.6198e-05
2.6043e-05
2.5785e-05
2.5425e-05
2.4965e-05
2.4407e-05
2.3752e-05
2.3003e-05
2.2164e-05
2.1237e-05
2.0226e-05
1.9135e-05
1.7969e-05
1.6732e-05
1.5429e-05
1.4065e-05
1.2646e-05
1.1177e-05
9.6633e-06
8.1117e-06
6.5281e-06
4.9188e-06
3.29e-06
1.6483e-06
-1.2986e-22
-1.645e-06
-3.2801e-06
-4.8991e-06
-6.4955e-06
-8.063e-06
-9.5956e-06
-1.1087e-05
-1.2532e-05
-1.3925e-05
-1.526e-05
-1.6532e-05
-1.7736e-05
-1.8868e-05
-1.9923e-05
-2.0897e-05
-2.1787e-05
-2.2589e-05
-2.33e-05
-2.3919e-05
-2.4441e-05
-2.4866e-05
-2.5192e-05
-2.5418e-05
-2.5543e-05
-2.5567e-05
-2.5491e-05
-2.5314e-05
-2.5037e-05
-2.4663e-05
-2.4191e-05
-2.3626e-05
-2.2968e-05
-2.2221e-05
-2.1388e-05
-2.0472e-05
-1.9478e-05
-1.8408e-05
-1.7269e-05
-1.6063e-05
-1.4797e-05
-1.3475e-05
-1.2102e-05
-1.0685e-05
-9.2284e-06
-7.7386e-06
-6.2213e-06
-4.6827e-06
-3.1288e-06
-1.5658e-06
-2.6844e-19
1.5625e-06
3.1156e-06
4.6531e-06
6.1691e-06
7.6574e-06
9.1125e-06
1.0528e-05
1.19e-05
1.3222e-05
1.4488e-05
1.5695e-05
1.6837e-05
1.7911e-05
1.8911e-05
1.9835e-05
2.0679e-05
2.1439e-05
2.2113e-05
2.2698e-05
2.3193e-05
2.3595e-05
2.3903e-05
2.4116e-05
2.4233e-05
2.4255e-05
2.4181e-05
2.4012e-05
2.3748e-05
2.3391e-05
2.2943e-05
2.2405e-05
2.178e-05
2.1071e-05
2.028e-05
1.941e-05
1.8466e-05
1.7452e-05
1.637e-05
1.5226e-05
1.4025e-05
1.2771e-05
1.147e-05
1.0126e-05
8.7453e-06
7.333e-06
5.8949e-06
4.4367e-06
2.9643e-06
1.4834e-06
-8.3273e-19
-1.4801e-06
-2.9511e-06
-4.4072e-06
-5.8427e-06
-7.2519e-06
-8.6293e-06
-9.9696e-06
-1.1268e-05
-1.2518e-05
-1.3717e-05
-1.4858e-05
-1.5939e-05
-1.6954e-05
-1.79e-05
-1.8773e-05
-1.957e-05
-2.0289e-05
-2.0925e-05
-2.1478e-05
-2.1944e-05
-2.2323e-05
-2.2613e-05
-2.2814e-05
-2.2923e-05
-2.2942e-05
-2.2871e-05
-2.271e-05
-2.2459e-05
-2.212e-05
-2.1695e-05
-2.1185e-05
-2.0593e-05
-1.9921e-05
-1.9172e-05
-1.8349e-05
-1.7455e-05
-1.6495e-05
-1.5472e-05
-1.439e-05
-1.3254e-05
-1.2068e-05
-1.0838e-05
-9.5673e-06
-8.2621e-06
-6.9274e-06
-5.5685e-06
-4.1908e-06
-2.7998e-06
-1.401e-06
5.4616e-19
1.3977e-06
2.7866e-06
4.1613e-06
5.5163e-06
6.8463e-06
8.1461e-06
9.4108e-06
1.0635e-05
1.1815e-05
1.2945e-05
1.4022e-05
1.504e-05
1.5997e-05
1.6889e-05
1.7711e-05
1.8462e-05
1.9139e-05
1.9738e-05
2.0258e-05
2.0696e-05
2.1052e-05
2.1324e-05
2.1512e-05
2.1614e-05
2.163e-05
2.1561e-05
2.1407e-05
2.117e-05
2.0849e-05
2.0447e-05
1.9965e-05
1.9405e-05
1.877e-05
1.8063e-05
1.7287e-05
1.6444e-05
1.5538e-05
1.4573e-05
1.3553e-05
1.2482e-05
1.1365e-05
1.0205e-05
9.0084e-06
7.7789e-06
6.5218e-06
5.2421e-06
3.9448e-06
2.6353e-06
1.3186e-06
9.0434e-19
-1.3153e-06
-2.6221e-06
-3.9153e-06
-5.1898e-06
-6.4407e-06
-7.663e-06
-8.852e-06
-1.0003e-05
-1.1112e-05
-1.2174e-05
-1.3185e-05
-1.4142e-05
-1.504e-05
-1.5877e-05
-1.665e-05
-1.7354e-05
-1.7988e-05
-1.855e-05
-1.9037e-05
-1.9448e-05
-1.9781e-05
-2.0035e-05
-2.0209e-05
-2.0304e-05
-2.0317e-05
-2.0251e-05
-2.0105e-05
-1.988e-05
-1.9577e-05
-1.9198e-05
-1.8744e-05
-1.8218e-05
-1.762e-05
-1.6955e-05
-1.6225e-05
-1.5432e-05
-1.4581e-05
-1.3675e-05
-1.2717e-05
-1.1711e-05
-1.0662e-05
-9.573e-06
-8.4496e-06
-7.2958e-06
-6.1162e-06
-4.9157e-06
-3.6989e-06
-2.4708e-06
-1.2362e-06
-1.0597e-18
1.2329e-06
2.4576e-06
3.6694e-06
4.8634e-06
6.0351e-06
7.1798e-06
8.2931e-06
9.3707e-06
1.0408e-05
1.1402e-05
1.2348e-05
1.3243e-05
1.4084e-05
1.4866e-05
1.5588e-05
1.6246e-05
1.6838e-05
1.7363e-05
1.7817e-05
1.82e-05
1.851e-05
1.8746e-05
1.8907e-05
1.8994e-05
1.9005e-05
1.8941e-05
1.8803e-05
1.8591e-05
1.8306e-05
1.795e-05
1.7524e-05
1.703e-05
1.647e-05
1.5847e-05
1.5163e-05
1.4421e-05
1.3624e-05
1.2776e-05
1.188e-05
1.0939e-05
9.9583e-06
8.9407e-06
7.8908e-06
6.8126e-06
5.7106e-06
4.5893e-06
3.453e-06
2.3063e-06
1.1538e-06
1.1868e-18
-1.1505e-06
-2.2931e-06
-3.4235e-06
-4.537e-06
-5.6295e-06
-6.6966e-06
-7.7343e-06
-8.7384e-06
-9.7052e-06
-1.0631e-05
-1.1512e-05
-1.2345e-05
-1.3127e-05
-1.3855e-05
-1.4526e-05
-1.5138e-05
-1.5688e-05
-1.6175e-05
-1.6597e-05
-1.6951e-05
-1.7238e-05
-1.7456e-05
-1.7605e-05
-1.7684e-05
-1.7692e-05
-1.7631e-05
-1.7501e-05
-1.7302e-05
-1.7035e-05
-1.6702e-05
-1.6304e-05
-1.5842e-05
-1.532e-05
-1.4739e-05
-1.4101e-05
-1.341e-05
-1.2668e-05
-1.1878e-05
-1.1043e-05
-1.0168e-05
-9.2551e-06
-8.3084e-06
-7.3319e-06
-6.3294e-06
-5.305e-06
-4.2629e-06
-3.207e-06
-2.1418e-06
-1.0714e-06
-3.1714e-19
1.0681e-06
2.1286e-06
3.1775e-06
4.2106e-06
5.2239e-06
6.2135e-06
7.1754e-06
8.1061e-06
9.0019e-06
9.8594e-06
1.0675e-05
1.1446e-05
1.217e-05
1.2843e-05
1.3464e-05
1.403e-05
1.4538e-05
1.4987e-05
1.5376e-05
1.5703e-05
1.5967e-05
1.6167e-05
1.6303e-05
1.6374e-05
1.638e-05
1.6321e-05
1.6199e-05
1.6013e-05
1.5764e-05
1.5453e-05
1.5083e-05
1.4655e-05
1.417e-05
1.3631e-05
1.3039e-05
1.2399e-05
1.1711e-05
1.0979e-05
1.0207e-05
9.3965e-06
8.5518e-06
7.6761e-06
6.7731e-06
5.8463e-06
4.8995e-06
3.9365e-06
2.9611e-06
1.9773e-06
9.8895e-07
1.356e-18
-9.8565e-07
-1.9641e-06
-2.9316e-06
-3.8842e-06
-4.8183e-06
-5.7303e-06
-6.6166e-06
-7.4738e-06
-8.2986e-06
-9.0879e-06
-9.8386e-06
-1.0548e-05
-1.1213e-05
-1.1832e-05
-1.2402e-05
-1.2921e-05
-1.3388e-05
-1.38e-05
-1.4156e-05
-1.4455e-05
-1.4696e-05
-1.4878e-05
-1.5001e-05
-1.5064e-05
-1.5068e-05
-1.5012e-05
-1.4897e-05
-1.4723e-05
-1.4492e-05
-1.4205e-05
-1.3863e-05
-1.3467e-05
-1.302e-05
-1.2522e-05
-1.1977e-05
-1.1387e-05
-1.0754e-05
-1.0081e-05
-9.3701e-06
-8.625e-06
-7.8485e-06
-7.0438e-06
-6.2142e-06
-5.3631e-06
-4.4939e-06
-3.61e-06
-2.7152e-06
-1.8128e-06
-9.0654e-07
-5.79e-19
9.0324e-07
1.7996e-06
2.6856e-06
3.5578e-06
4.4128e-06
5.2472e-06
6.0578e-06
6.8415e-06
7.5953e-06
8.3164e-06
9.002e-06
9.6495e-06
1.0257e-05
1.0821e-05
1.134e-05
1.1813e-05
1.2238e-05
1.2612e-05
1.2936e-05
1.3207e-05
1.3425e-05
1.3589e-05
1.3699e-05
1.3754e-05
1.3755e-05
1.3702e-05
1.3594e-05
1.3434e-05
1.3221e-05
1.2957e-05
1.2643e-05
1.228e-05
1.187e-05
1.1414e-05
1.0916e-05
1.0376e-05
9.7973e-06
9.1823e-06
8.5335e-06
7.8535e-06
7.1453e-06
6.4115e-06
5.6554e-06
4.88e-06
4.0883e-06
3.2836e-06
2.4692e-06
1.6483e-06
8.2413e-07
6.6748e-19
-8.2083e-07
-1.6351e-06
-2.4397e-06
-3.2314e-06
-4.0072e-06
-4.764e-06
-5.4989e-06
-6.2092e-06
-6.8921e-06
-7.545e-06
-8.1654e-06
-8.7511e-06
-9.2998e-06
-9.8096e-06
-1.0279e-05
-1.0705e-05
-1.1087e-05
-1.1425e-05
-1.1715e-05
-1.1958e-05
-1.2153e-05
-1.2299e-05
-1.2396e-05
-1.2444e-05
-1.2442e-05
-1.2392e-05
-1.2292e-05
-1.2145e-05
-1.195e-05
-1.1709e-05
-1.1422e-05
-1.1092e-05
-1.0719e-05
-1.0306e-05
-9.8538e-06
-9.3646e-06
-8.8406e-06
-8.2839e-06
-7.6969e-06
-7.0821e-06
-6.442e-06
-5.7792e-06
-5.0966e-06
-4.3968e-06
-3.6827e-06
-2.9572e-06
-2.2233e-06
-1.4838e-06
-7.4171e-07
-7.2766e-19
7.3842e-07
1.4706e-06
2.1938e-06
2.905e-06
3.6016e-06
4.2808e-06
4.9401e-06
5.5769e-06
6.1888e-06
6.7735e-06
7.3288e-06
7.8526e-06
8.343e-06
8.7983e-06
9.2167e-06
9.5968e-06
9.9373e-06
1.0237e-05
1.0495e-05
1.071e-05
1.0882e-05
1.101e-05
1.1094e-05
1.1134e-05
1.113e-05
1.1082e-05
1.099e-05
1.0856e-05
1.0679e-05
1.046e-05
1.0202e-05
9.9045e-06
9.5693e-06
9.1979e-06
8.792e-06
8.3533e-06
7.8838e-06
7.3854e-06
6.8603e-06
6.3106e-06
5.7387e-06
5.1469e-06
4.5377e-06
3.9136e-06
3.2771e-06
2.6308e-06
1.9773e-06
1.3193e-06
6.593e-07
1.6418e-19
-6.56e-07
-1.3061e-06
-1.9478e-06
-2.5786e-06
-3.196e-06
-3.7977e-06
-4.3813e-06
-4.9446e-06
-5.4855e-06
-6.002e-06
-6.4922e-06
-6.9541e-06
-7.3863e-06
-7.787e-06
-8.1549e-06
-8.4887e-06
-8.7872e-06
-9.0494e-06
-9.2745e-06
-9.4618e-06
-9.6108e-06
-9.721e-06
-9.7922e-06
-9.8243e-06
-9.8175e-06
-9.7719e-06
-9.688e-06
-9.5662e-06
-9.4074e-06
-9.2122e-06
-8.9816e-06
-8.7169e-06
-8.4191e-06
-8.0897e-06
-7.7302e-06
-7.342e-06
-6.927e-06
-6.4869e-06
-6.0237e-06
-5.5391e-06
-5.0354e-06
-4.5146e-06
-3.9789e-06
-3.4305e-06
-2.8715e-06
-2.3044e-06
-1.7314e-06
-1.1548e-06
-5.7689e-07
-7.6313e-19
5.7359e-07
1.1416e-06
1.7019e-06
2.2522e-06
2.7904e-06
3.3145e-06
3.8224e-06
4.3123e-06
4.7823e-06
5.2306e-06
5.6555e-06
6.0557e-06
6.4295e-06
6.7757e-06
7.0931e-06
7.3805e-06
7.637e-06
7.8618e-06
8.0542e-06
8.2136e-06
8.3395e-06
8.4317e-06
8.49e-06
8.5144e-06
8.505e-06
8.462e-06
8.3858e-06
8.277e-06
8.1361e-06
7.9639e-06
7.7613e-06
7.5293e-06
7.269e-06
6.9815e-06
6.6683e-06
6.3307e-06
5.9703e-06
5.5885e-06
5.187e-06
4.7677e-06
4.3322e-06
3.8823e-06
3.4201e-06
2.9473e-06
2.466e-06
1.978e-06
1.4855e-06
9.9029e-07
4.9448e-07
2.9226e-19
-4.9118e-07
-9.7713e-07
-1.456e-06
-1.9258e-06
-2.3848e-06
-2.8313e-06
-3.2636e-06
-3.68e-06
-4.079e-06
-4.4591e-06
-4.8189e-06
-5.1572e-06
-5.4727e-06
-5.7644e-06
-6.0312e-06
-6.2723e-06
-6.4869e-06
-6.6742e-06
-6.8339e-06
-6.9653e-06
-7.0682e-06
-7.1425e-06
-7.1879e-06
-7.2045e-06
-7.1925e-06
-7.1521e-06
-7.0837e-06
-6.9877e-06
-6.8648e-06
-6.7156e-06
-6.541e-06
-6.3417e-06
-6.1188e-06
-5.8734e-06
-5.6065e-06
-5.3194e-06
-5.0135e-06
-4.69e-06
-4.3504e-06
-3.9962e-06
-3.6289e-06
-3.25e-06
-2.8612e-06
-2.4641e-06
-2.0604e-06
-1.6516e-06
-1.2395e-06
-8.2579e-07
-4.1206e-07
-3.1385e-19
4.0877e-07
8.1263e-07
1.21e-06
1.5994e-06
1.9793e-06
2.3482e-06
2.7048e-06
3.0477e-06
3.3757e-06
3.6876e-06
3.9823e-06
4.2587e-06
4.516e-06
4.7531e-06
4.9694e-06
5.1641e-06
5.3367e-06
5.4866e-06
5.6135e-06
5.717e-06
5.797e-06
5.8532e-06
5.8857e-06
5.8946e-06
5.88e-06
5.8422e-06
5.7815e-06
5.6985e-06
5.5936e-06
5.4674e-06
5.3206e-06
5.1541e-06
4.9687e-06
4.7652e-06
4.5447e-06
4.3081e-06
4.0567e-06
3.7915e-06
3.5138e-06
3.2247e-06
2.9256e-06
2.6177e-06
2.3024e-06
1.981e-06
1.6548e-06
1.3252e-06
9.9359e-07
6.6129e-07
3.2965e-07
3.0715e-19
-3.2635e-07
-6.4813e-07
-9.6408e-07
-1.273e-06
-1.5737e-06
-1.865e-06
-2.1459e-06
-2.4154e-06
-2.6724e-06
-2.9161e-06
-3.1457e-06
-3.3603e-06
-3.5592e-06
-3.7418e-06
-3.9076e-06
-4.0559e-06
-4.1866e-06
-4.2991e-06
-4.3932e-06
-4.4688e-06
-4.5257e-06
-4.564e-06
-4.5836e-06
-4.5847e-06
-4.5675e-06
-4.5323e-06
-4.4794e-06
-4.4092e-06
-4.3223e-06
-4.2191e-06
-4.1003e-06
-3.9665e-06
-3.8185e-06
-3.657e-06
-3.4828e-06
-3.2968e-06
-3.0999e-06
-2.8931e-06
-2.6772e-06
-2.4533e-06
-2.2223e-06
-1.9854e-06
-1.7436e-06
-1.4978e-06
-1.2492e-06
-9.988e-07
-7.4765e-07
-4.9679e-07
-2.4724e-07
-4.981e-20
2.4394e-07
4.8363e-07
7.1814e-07
9.4658e-07
1.1681e-06
1.3818e-06
1.5871e-06
1.7831e-06
1.9692e-06
2.1447e-06
2.3091e-06
2.4618e-06
2.6024e-06
2.7305e-06
2.8457e-06
2.9478e-06
3.0364e-06
3.1115e-06
3.1729e-06
3.2205e-06
3.2544e-06
3.2747e-06
3.2814e-06
3.2748e-06
3.255e-06
3.2224e-06
3.1772e-06
3.12e-06
3.051e-06
2.9709e-06
2.88e-06
2.779e-06
2.6684e-06
2.5488e-06
2.421e-06
2.2855e-06
2.1432e-06
1.9946e-06
1.8406e-06
1.6818e-06
1.5191e-06
1.3531e-06
1.1847e-06
1.0146e-06
8.4362e-07
6.724e-07
5.0171e-07
3.3229e-07
1.6483e-07
2.0883e-19
-1.6153e-07
-3.1913e-07
-4.722e-07
-6.2017e-07
-7.625e-07
-8.9868e-07
-1.0283e-06
-1.1508e-06
-1.2659e-06
-1.3732e-06
-1.4724e-06
-1.5633e-06
-1.6456e-06
-1.7192e-06
-1.7839e-06
-1.8396e-06
-1.8863e-06
-1.9239e-06
-1.9525e-06
-1.9723e-06
-1.9832e-06
-1.9854e-06
-1.9793e-06
-1.9649e-06
-1.9425e-06
-1.9125e-06
-1.8751e-06
-1.8307e-06
-1.7798e-06
-1.7226e-06
-1.6597e-06
-1.5914e-06
-1.5182e-06
-1.4406e-06
-1.3591e-06
-1.2742e-06
-1.1864e-06
-1.0961e-06
-1.0039e-06
-9.1033e-07
-8.158e-07
-7.2082e-07
-6.259e-07
-5.3148e-07
-4.3803e-07
-3.4599e-07
-2.5578e-07
-1.6779e-07
-8.2413e-08
-4.4114e-20
7.9116e-08
1.5463e-07
2.2626e-07
2.9376e-07
3.5691e-07
4.1552e-07
4.6942e-07
5.1849e-07
5.6262e-07
6.0175e-07
6.3583e-07
6.6487e-07
6.8888e-07
7.0791e-07
7.2205e-07
7.314e-07
7.361e-07
7.363e-07
7.322e-07
7.2399e-07
7.1191e-07
6.962e-07
6.7712e-07
6.5496e-07
6.3e-07
6.0256e-07
5.7295e-07
5.4149e-07
5.0851e-07
4.7434e-07
4.3932e-07
4.0378e-07
3.6805e-07
3.3245e-07
2.9731e-07
2.6294e-07
2.2963e-07
1.9766e-07
1.6732e-07
1.3886e-07
1.1252e-07
8.8522e-08
6.706e-08
4.8316e-08
3.2447e-08
1.9584e-08
9.8375e-09
3.29e-09
0
0
-0
-0
-0
-0
-0
-0
-0
-0
-0
-0
-0
-0
-0
-0
-0
-0
-0
-0
-0
-0
-0
-0
-0
-0
-0
-0
-0
-0
-0
-0
-0
-0
-0
-0
-0
-0
-0
-0
-0
-0
-0
-0
-0
-0
-0
-0
-0
-0
-0
-0
0
0
0
0
0
0
0
0
0
0
0
0
0
0
0
0
0
0
0
0
0
0
0
0
0
0
0
0
0
0
0
0
0
0
0
0
0
0
0
0
0
0
0
0
0
0
0
0
0
0
-0
-0
-0
-0
-0
-0
-0
-0
-0
-0
-0
-0
-0
-0
-0
-0
-0
-0
-0
-0
-0
-0
-0
-0
-0
-0
-0
-0
-0
-0
-0
-0
-0
-0
-0
-0
-0
-0
-0
-0
-0
-0
-0
-0
-0
-0
-0
-0
-0
-0
0
0
0
0
0
0
0
0
0
0
0
0
0
0
0
0
0
0
0
0
0
0
0
0
0
0
0
0
0
0
0
0
0
0
0
0
0
0
0
0
0
0
0
0
0
0
0
0
0
0
-0
-0
-0
-0
-0
-0
-0
-0
-0
-0
-0
-0
-0
-0
-0
-0
-0
-0
-0
-0
-0
-0
-0
-0
-0
-0
-0
-0
-0
-0
-0
-0
-0
-0
-0
-0
-0
-0
-0
-0
-0
-0
-0
-0
-0
-0
-0
-0
-0
-0
0
0
0
0
0
0
0
0
0
0
0
0
0
0
0
0
0
0
0
0
0
0
0
0
0
0
0
0
0
0
0
0
0
0
0
0
0
0
0
0
0
0
0
0
0
0
0
0
0
0
-0
-0
-0
-0
-0
-0
-0
-0
-0
-0
-0
-0
-0
-0
-0
-0
-0
-0
-0
-0
-0
-0
-0
-0
-0
-0
-0
-0
-0
-0
-0
-0
-0
-0
-0
-0
-0
-0
-0
-0
-0
-0
-0
-0
-0
-0
-0
-0
-0
-0
0
0
0
0
0
0
0
0
0
0
0
0
0
0
0
0
0
0
0
0
0
0
0
0
0
0
0
0
0
0
0
0
0
0
0
0
0
0
0
0
0
0
0
0
0
0
0
0
0
0
-0
-0
-0
-0
-0
-0
-0
-0
-0
-0
-0
-0
-0
-0
-0
-0
-0
-0
-0
-0
-0
-0
-0
-0
-0
-0
-0
-0
-0
-0
-0
-0
-0
-0
-0
-0
-0
-0
-0
-0
-0
-0
-0
-0
-0
-0
-0
-0
-0
-0
0
0
0
0
0
0
0
0
0
0
0
0
0
0
0
0
0
0
0
0
0
0
0
0
0
0
0
0
0
0
0
0
0
0
0
0
0
0
0
0
0
0
0
0
0
0
0
0
0
0
-0
-0
-0
-0
-0
-0
-0
-0
-0
-0
-0
-0
-0
-0
-0
-0
-0
-0
-0
-0
-0
-0
-0
-0
-0
-0
-0
-0
-0
-0
-0
-0
-0
-0
-0
-0
-0
-0
-0
-0
-0
-0
-0
-0
-0
-0
-0
-0
-0
-0
0
0
0
0
0
0
0
0
0
0
0
0
0
0
0
0
0
0
0
0
0
0
0
0
0
0
0
0
0
0
0
0
0
0
0
0
0
0
0
0
0
0
0
0
0
0
0
0
0
0
-0
-0
-0
-0
-0
-0
-0
-0
-0
-0
-0
-0
-0
-0
-0
-0
-0
-0
-0
-0
-0
-0
-0
-0
-0
-0
-0
-0
-0
-0
-0
-0
-0
-0
-0
-0
-0
-0
-0
-0
-0
-0
-0
-0
-0
-0
-0
-0
-0
-0
0
0
0
0
0
0
0
0
0
0
0
0
0
0
0
0
0
0
0
0
0
0
0
0
0
0
0
0
0
0
0
0
0
0
0
0
0
0
0
0
0
0
0
0
0
0
0
0
0
0
-0
-0
-0
-0
-0
-0
-0
-0
-0
-0
-0
-0
-0
-0
-0
-0
-0
-0
-0
-0
-0
-0
-0
-0
-0
-0
-0
-0
-0
-0
-0
-0
-0
-0
-0
-0
-0
-0
-0
-0
-0
-0
-0
-0
-0
-0
-0
-0
-0
-0
0
0
0
0
0
0
0
0
0
0
0
0
0
0
0
0
0
0
0
0
0
0
0
0
0
0
0
0
0
0
0
0
0
0
0
0
0
0
0
0
0
0
0
0
0
0
0
0
0
0
-0
-0
-0
-0
-0
-0
-0
-0
-0
-0
-0
-0
-0
-0
-0
-0
-0
-0
-0
-0
-0
-0
-0
-0
-0
-0
-0
-0
-0
-0
-0
-0
-0
-0
-0
-0
-0
-0
-0
-0
-0
-0
-0
-0
-0
-0
-0
-0
-0
-0
0
0
0
0
0
0
0
0
0
0
0
0
0
0
0
0
0
0
0
0
0
0
0
0
0
0
0
0
0
0
0
0
0
0
0
0
0
0
0
0
0
0
0
0
0
0
0
0
0
0
-0
-0
-0
-0
-0
-0
-0
-0
-0
-0
-0
-0
-0
-0
-0
-0
-0
-0
-0
-0
-0
-0
-0
-0
-0
-0
-0
-0
-0
-0
-0
-0
-0
-0
-0
-0
-0
-0
-0
-0
-0
-0
-0
-0
-0
-0
-0
-0
-0
-0
0
0
0
0
0
0
0
0
0
0
0
0
0
0
0
0
0
0
0
0
0
0
0
0
0
0
0
0
0
0
0
0
0
0
0
0
0
0
0
0
0
0
0
0
0
0
0
0
0
0
-0
-0
-0
-0
-0
-0
-0
-0
-0
-0
-0
-0
-0
-0
-0
-0
-0
-0
-0
-0
-0
-0
-0
-0
-0
-0
-0
-0
-0
-0
-0
-0
-0
-0
-0
-0
-0
-0
-0
-0
-0
-0
-0
-0
-0
-0
-0
-0
-0
-0
0
0
0
0
0
0
0
0
0
0
0
0
0
0
0
0
0
0
0
0
0
0
0
0
0
0
0
0
0
0
0
0
0
0
0
0
0
0
0
0
0
0
0
0
0
0
0
0
0
-0
-0
-0
-0
-0
-0
-0
-0
-0
-0
-0
-0
-0
-0
-0
-0
-0
-0
-0
-0
-0
-0
-0
-0
-0
-0
-0
-0
-0
-0
-0
-0
-0
-0
-0
-0
-0
-0
-0
-0
-0
-0
-0
-0
-0
-0
-0
-0
-0
-0
-0
0
0
0
0
0
0
0
0
0
0
0
0
0
0
0
0
0
0
0
0
0
0
0
0
0
0
0
0
0
0
0
0
0
0
0
0
0
0
0
0
0
0
0
0
0
0
0
0
0
0
-0
-0
-0
-0
-0
-0
-0
-0
-0
-0
-0
-0
-0
-0
-0
-0
-0
-0
-0
-0
-0
-0
-0
-0
-0
-0
-0
-0
-0
-0
-0
-0
-0
-0
-0
-0
-0
-0
-0
-0
-0
-0
-0
-0
-0
-0
-0
-0
-0
0
0
0
0
0
0
0
0
0
0
0
0
0
0
0
0
0
0
0
0
0
0
0
0
0
0
0
0
0
0
0
0
0
0
0
0
0
0
0
0
0
0
0
0
0
0
0
0
0
0
0
-0
-0
-0
-0
-0
-0
-0
-0
-0
-0
-0
-0
-0
-0
-0
-0
-0
-0
-0
-0
-0
-0
-0
-0
-0
-0
-0
-0
-0
-0
-0
-0
-0
-0
-0
-0
-0
-0
-0
-0
-0
-0
-0
-0
-0
-0
-0
-0
-0
-0
0
0
0
0
0
0
0
0
0
0
0
0
0
0
0
0
0
0
0
0
0
0
0
0
0
0
0
0
0
0
0
0
0
0
0
0
0
0
0
0
0
0
0
0
0
0
0
0
0
0
-0
-0
-0
-0
-0
-0
-0
-0
-0
-0
-0
-0
-0
-0
-0
-0
-0
-0
-0
-0
-0
-0
-0
-0
-0
-0
-0
-0
-0
-0
-0
-0
-0
-0
-0
-0
-0
-0
-0
-0
-0
-0
-0
-0
-0
-0
-0
-0
-0
-0
0
0
0
0
0
0
0
0
0
0
0
0
0
0
0
0
0
0
0
0
0
0
0
0
0
0
0
0
0
0
0
0
0
0
0
0
0
0
0
0
0
0
0
0
0
0
0
0
0
-0
-0
-0
-0
-0
-0
-0
-0
-0
-0
-0
-0
-0
-0
-0
-0
-0
-0
-0
-0
-0
-0
-0
-0
-0
-0
-0
-0
-0
-0
-0
-0
-0
-0
-0
-0
-0
-0
-0
-0
-0
-0
-0
-0
-0
-0
-0
-0
-0
-0
-0
0
0
0
0
0
0
0
0
0
0
0
0
0
0
0
0
0
0
0
0
0
0
0
0
0
0
0
0
0
0
0
0
0
0
0
0
0
0
0
0
0
0
0
0
0
0
0
0
0
-0
-0
-0
-0
-0
-0
-0
-0
-0
-0
-0
-0
-0
-0
-0
-0
-0
-0
-0
-0
-0
-0
-0
-0
-0
-0
-0
-0
-0
-0
-0
-0
-0
-0
-0
-0
-0
-0
-0
-0
-0
-0
-0
-0
-0
-0
-0
-0
-0
-0
-0
0
0
0
0
0
0
0
0
0
0
0
0
0
0
0
0
0
0
0
0
0
0
0
0
0
0
0
0
0
0
0
0
0
0
0
0
0
0
0
0
0
0
0
0
0
0
0
0
0
0
-0
-0
-0
-0
-0
-0
-0
-0
-0
-0
-0
-0
-0
-0
-0
-0
-0
-0
-0
-0
-0
-0
-0
-0
-0
-0
-0
-0
-0
-0
-0
-0
-0
-0
-0
-0
-0
-0
-0
-0
-0
-0
-0
-0
-0
-0
-0
-0
-0
-0
0
0
0
0
0
0
0
0
0
0
0
0
0
0
0
0
0
0
0
0
0
0
0
0
0
0
0
0
0
0
0
0
0
0
0
0
0
0
0
0
0
0
0
0
0
0
0
0
0
0
-0
-0
-0
-0
-0
-0
-0
-0
-0
-0
-0
-0
-0
-0
-0
-0
-0
-0
-0
-0
-0
-0
-0
-0
-0
-0
-0
-0
-0
-0
-0
-0
-0
-0
-0
-0
-0
-0
-0
-0
-0
-0
-0
-0
-0
-0
-0
-0
-0
-0
0
0
0
0
0
0
0
0
0
0
0
0
0
0
0
0
0
0
0
0
0
0
0
0
0
0
0
0
0
0
0
0
0
0
0
0
0
0
0
0
0
0
0
0
0
0
0
0
0
0
-0
-0
-0
-0
-0
-0
-0
-0
-0
-0
-0
-0
-0
-0
-0
-0
-0
-0
-0
-0
-0
-0
-0
-0
-0
-0
-0
-0
-0
-0
-0
-0
-0
-0
-0
-0
-0
-0
-0
-0
-0
-0
-0
-0
-0
-0
-0
-0
-0
-0
0
0
0
0
0
0
0
0
0
0
0
0
0
0
0
0
0
0
0
0
0
0
0
0
0
0
0
0
0
0
0
0
0
0
0
0
0
0
0
0
0
0
0
0
0
0
0
0
0
-0
-0
-0
-0
-0
-0
-0
-0
-0
-0
-0
-0
-0
-0
-0
-0
-0
-0
-0
-0
-0
-0
-0
-0
-0
-0
-0
-0
-0
-0
-0
-0
-0
-0
-0
-0
-0
-0
-0
-0
-0
-0
-0
-0
-0
-0
-0
-0
-0
-0
-0
0
0
0
0
0
0
0
0
0
0
0
0
0
0
0
0
0
0
0
0
0
0
0
0
0
0
0
0
0
0
0
0
0
0
0
0
0
0
0
0
0
0
0
0
0
0
0
0
0
-0
-0
-0
-0
-0
-0
-0
-0
-0
-0
-0
-0
-0
-0
-0
-0
-0
-0
-0
-0
-0
-0
-0
-0
-0
-0
-0
-0
-0
-0
-0
-0
-0
-0
-0
-0
-0
-0
-0
-0
-0
-0
-0
-0
-0
-0
-0
-0
-0
-0
-0
0
0
0
0
0
0
0
0
0
0
0
0
0
0
0
0
0
0
0
0
0
0
0
0
0
0
0
0
0
0
0
0
0
0
0
0
0
0
0
0
0
0
0
0
0
0
0
0
0
0
-0
-0
-0
-0
-0
-0
-0
-0
-0
-0
-0
-0
-0
-0
-0
-0
-0
-0
-0
-0
-0
-0
-0
-0
-0
-0
-0
-0
-0
-0
-0
-0
-0
-0
-0
-0
-0
-0
-0
-0
-0
-0
-0
-0
-0
-0
-0
-0
-0
-0
0
0
0
0
0
0
0
0
0
0
0
0
0
0
0
0
0
0
0
0
0
0
0
0
0
0
0
0
0
0
0
0
0
0
0
0
0
0
0
0
0
0
0
0
0
0
0
0
0
0
-0
-0
-0
-0
-0
-0
-0
-0
-0
-0
-0
-0
-0
-0
-0
-0
-0
-0
-0
-0
-0
-0
-0
-0
-0
-0
-0
-0
-0
-0
-0
-0
-0
-0
-0
-0
-0
-0
-0
-0
-0
-0
-0
-0
-0
-0
-0
-0
-0
-0
0
0
0
0
0
0
0
0
0
0
0
0
0
0
0
0
0
0
0
0
0
0
0
0
0
0
0
0
0
0
0
0
0
0
0
0
0
0
0
0
0
0
0
0
0
0
0
0
0
0
-0
-0
-0
-0
-0
-0
-0
-0
-0
-0
-0
-0
-0
-0
-0
-0
-0
-0
-0
-0
-0
-0
-0
-0
-0
-0
-0
-0
-0
-0
-0
-0
-0
-0
-0
-0
-0
-0
-0
-0
-0
-0
-0
-0
-0
-0
-0
-0
-0
-0
0
0
0
0
0
0
0
0
0
0
0
0
0
0
0
0
0
0
0
0
0
0
0
0
0
0
0
0
0
0
0
0
0
0
0
0
0
0
0
0
0
0
0
0
0
0
0
0
0
-0
-0
-0
-0
-0
-0
-0
-0
-0
-0
-0
-0
-0
-0
-0
-0
-0
-0
-0
-0
-0
-0
-0
-0
-0
-0
-0
-0
-0
-0
-0
-0
-0
-0
-0
-0
-0
-0
-0
-0
-0
-0
-0
-0
-0
-0
-0
-0
-0
-0
-0
0
0
0
0
0
0
0
0
0
0
0
0
0
0
0
0
0
0
0
0
0
0
0
0
0
0
0
0
0
0
0
0
0
0
0
0
0
0
0
0
0
0
0
0
0
0
0
0
0
-0
-0
-0
-0
-0
-0
-0
-0
-0
-0
-0
-0
-0
-0
-0
-0
-0
-0
-0
-0
-0
-0
-0
-0
-0
-0
-0
-0
-0
-0
-0
-0
-0
-0
-0
-0
-0
-0
-0
-0
-0
-0
-0
-0
-0
-0
-0
-0
-0
-0
-0
0
0
0
0
0
0
0
0
0
0
0
0
0
0
0
0
0
0
0
0
0
0
0
0
0
0
0
0
0
0
0
0
0
0
0
0
0
0
0
0
0
0
0
0
0
0
0
0
0
0
-0
-0
-0
-0
-0
-0
-0
-0
-0
-0
-0
-0
-0
-0
-0
-0
-0
-0
-0
-0
-0
-0
-0
-0
-0
-0
-0
-0
-0
-0
-0
-0
-0
-0
-0
-0
-0
-0
-0
-0
-0
-0
-0
-0
-0
-0
-0
-0
-0
-0
0
0
0
0
0
0
0
0
0
0
0
0
0
0
0
0
0
0
0
0
0
0
0
0
0
0
0
0
0
0
0
0
0
0
0
0
0
0
0
0
0
0
0
0
0
0
0
0
0
0
-0
-0
-0
-0
-0
-0
-0
-0
-0
-0
-0
-0
-0
-0
-0
-0
-0
-0
-0
-0
-0
-0
-0
-0
-0
-0
-0
-0
-0
-0
-0
-0
-0
-0
-0
-0
-0
-0
-0
-0
-0
-0
-0
-0
-0
-0
-0
-0
-0
-0
0
0
0
0
0
0
0
0
0
0
0
0
0
0
0
0
0
0
0
0
0
0
0
0
0
0
0
0
0
0
0
0
0
0
0
0
0
0
0
0
0
0
0
0
0
0
0
0
0
0
-0
-0
-0
-0
-0
-0
-0
-0
-0
-0
-0
-0
-0
-0
-0
-0
-0
-0
-0
-0
-0
-0
-0
-0
-0
-0
-0
-0
-0
-0
-0
-0
-0
-0
-0
-0
-0
-0
-0
-0
-0
-0
-0
-0
-0
-0
-0
-0
-0
-0
0
0
0
0
0
0
0
0
0
0
0
0
0
0
0
0
0
0
0
0
0
0
0
0
0
0
0
0
0
0
0
0
0
0
0
0
0
0
0
0
0
0
0
0
0
0
0
0
0
-0
-0
-0
-0
-0
-0
-0
-0
-0
-0
-0
-0
-0
-0
-0
-0
-0
-0
-0
-0
-0
-0
-0
-0
-0
-0
-0
-0
-0
-0
-0
-0
-0
-0
-0
-0
-0
-0
-0
-0
-0
-0
-0
-0
-0
-0
-0
-0
-0
-0
-0
0
0
0
0
0
0
0
0
0
0
0
0
0
0
0
0
0
0
0
0
0
0
0
0
0
0
0
0
0
0
0
0
0
0
0
0
0
0
0
0
0
0
0
0
0
0
0
0
0
-0
-0
-0
-0
-0
-0
-0
-0
-0
-0
-0
-0
-0
-0
-0
-0
-0
-0
-0
-0
-0
-0
-0
-0
-0
-0
-0
-0
-0
-0
-0
-0
-0
-0
-0
-0
-0
-0
-0
-0
-0
-0
-0
-0
-0
-0
-0
-0
-0
-0
-0
0
0
0
0
0
0
0
0
0
0
0
0
0
0
0
0
0
0
0
0
0
0
0
0
0
0
0
0
0
0
0
0
0
0
0
0
0
0
0
0
0
0
0
0
0
0
0
0
0
-0
