-0
-0
-0
-0
-0
-0
-0
-0
-0
-0
-0
-0
-0
-0
-0
-0
-0
-0
-0
-0
-0
-0
-0
-0
-0
-0
-0
-0
-0
-0
-0
-0
-0
-0
-0
-0
-0
-0
-0
-0
-0
-0
-0
-0
-0
-0
-0
-0
-0
-0
-0
0
0
0
0
0
0
0
0
0
0
0
0
0
0
0
0
0
0
0
0
0
0
0
0
0
0
0
0
0
0
0
0
0
0
0
0
0
0
0
0
0
0
0
0
0
0
0
0
0
0
-0
-0
-0
-0
-0
-0
-0
-0
-0
-0
-0
-0
-0
-0
-0
-0
-0
-0
-0
-0
-0
-0
-0
-0
-0
-0
-0
-0
-0
-0
-0
-0
-0
-0
-0
-0
-0
-0
-0
-0
-0
-0
-0
-0
-0
-0
-0
-0
-0
-0
0
0
0
0
0
0
0
0
0
0
0
0
0
0
0
0
0
0
0
0
0
0
0
0
0
0
0
0
0
0
0
0
0
0
0
0
0
0
0
0
0
0
0
0
0
0
0
0
0
0
-0
-0
-0
-0
-0
-0
-0
-0
-0
-0
-0
-0
-0
-0
-0
-0
-0
-0
-0
-0
-0
-0
-0
-0
-0
-0
-0
-0
-0
-0
-0
-0
-0
-0
-0
-0
-0
-0
-0
-0
-0
-0
-0
-0
-0
-0
-0
-0
-0
-0
0
0
0
0
0
0
0
0
0
0
0
0
0
0
0
0
0
0
0
0
0
0
0
0
0
0
0
0
0
0
0
0
0
0
0
0
0
0
0
0
0
0
0
0
0
0
0
0
0
0
-0
-0
-0
-0
-0
-0
-0
-0
-0
-0
-0
-0
-0
-0
-0
-0
-0
-0
-0
-0
-0
-0
-0
-0
-0
-0
-0
-0
-0
-0
-0
-0
-0
-0
-0
-0
-0
-0
-0
-0
-0
-0
-0
-0
-0
-0
-0
-0
-0
0
0
0
0
0
0
0
0
0
0
0
0
0
0
0
0
0
0
0
0
0
0
0
0
0
0
0
0
0
0
0
0
0
0
0
0
0
0
0
0
0
0
0
0
0
0
0
0
0
0
0
-0
-0
-0
-0
-0
-0
-0
-0
-0
-0
-0
-0
-0
-0
-0
-0
-0
-0
-0
-0
-0
-0
-0
-0
-0
-0
-0
-0
-0
-0
-0
-0
-0
-0
-0
-0
-0
-0
-0
-0
-0
-0
-0
-0
-0
-0
-0
-0
-0
-0
0
0
0
0
0
0
0
0
0
0
0
0
0
0
0
0
0
0
0
0
0
0
0
0
0
0
0
0
0
0
0
0
0
0
0
0
0
0
0
0
0
0
0
0
0
0
0
0
0
0
-0
-0
-0
-0
-0
-0
-0
-0
-0
-0
-0
-0
-0
-0
-0
-0
-0
-0
-0
-0
-0
-0
-0
-0
-0
-0
-0
-0
-0
-0
-0
-0
-0
-0
-0
-0
-0
-0
-0
-0
-0
-0
-0
-0
-0
-0
-0
-0
-0
0
0
0
0
0
0
0
0
0
0
0
0
0
0
0
0
0
0
0
0
0
0
0
0
0
0
0
0
0
0
0
0
0
0
0
0
0
0
0
0
0
0
0
0
0
0
0
0
0
0
0
-0
-0
-0
-0
-0
-0
-0
-0
-0
-0
-0
-0
-0
-0
-0
-0
-0
-0
-0
-0
-0
-0
-0
-0
-0
-0
-0
-0
-0
-0
-0
-0
-0
-0
-0
-0
-0
-0
-0
-0
-0
-0
-0
-0
-0
-0
-0
-0
-0
0
0
0
0
0
0
0
0
0
0
0
0
0
0
0
0
0
0
0
0
0
0
0
0
0
0
0
0
0
0
0
0
0
0
0
0
0
0
0
0
0
0
0
0
0
0
0
0
0
0
-0
-0
-0
-0
-0
-0
-0
-0
-0
-0
-0
-0
-0
-0
-0
-0
-0
-0
-0
-0
-0
-0
-0
-0
-0
-0
-0
-0
-0
-0
-0
-0
-0
-0
-0
-0
-0
-0
-0
-0
-0
-0
-0
-0
-0
-0
-0
-0
-0
-0
-0
0
0
0
0
0
0
0
0
0
0
0
0
0
0
0
0
0
0
0
0
0
0
0
0
0
0
0
0
0
0
0
0
0
0
0
0
0
0
0
0
0
0
0
0
0
0
0
0
0
0
-0
-0
-0
-0
-0
-0
-0
-0
-0
-0
-0
-0
-0
-0
-0
-0
-0
-0
-0
-0
-0
-0
-0
-0
-0
-0
-0
-0
-0
-0
-0
-0
-0
-0
-0
-0
-0
-0
-0
-0
-0
-0
-0
-0
-0
-0
-0
-0
-0
-0
0
0
0
0
0
0
0
0
0
0
0
0
0
0
0
0
0
0
0
0
0
0
0
0
0
0
0
0
0
0
0
0
0
0
0
0
0
0
0
0
0
0
0
0
0
0
0
0
0
0
-0
-0
-0
-0
-0
-0
-0
-0
-0
-0
-0
-0
-0
-0
-0
-0
-0
-0
-0
-0
-0
-0
-0
-0
-0
-0
-0
-0
-0
-0
-0
-0
-0
-0
-0
-0
-0
-0
-0
-0
-0
-0
-0
-0
-0
-0
-0
-0
-0
0
0
0
0
0
0
0
0
0
0
0
0
0
0
0
0
0
0
0
0
0
0
0
0
0
0
0
0
0
0
0
0
0
0
0
0
0
0
0
0
0
0
0
0
0
0
0
0
0
0
0
-0
-0
-0
-0
-0
-0
-0
-0
-0
-0
-0
-0
-0
-0
-0
-0
-0
-0
-0
-0
-0
-0
-0
-0
-0
-0
-0
-0
-0
-0
-0
-0
-0
-0
-0
-0
-0
-0
-0
-0
-0
-0
-0
-0
-0
-0
-0
-0
-0
0
0
0
0
0
0
0
0
0
0
0
0
0
0
0
0
0
0
0
0
0
0
0
0
0
0
0
0
0
0
0
0
0
0
0
0
0
0
0
0
0
0
0
0
0
0
0
0
0
0
-0
-0
-0
-0
-0
-0
-0
-0
-0
-0
-0
-0
-0
-0
-0
-0
-0
-0
-0
-0
-0
-0
-0
-0
-0
-0
-0
-0
-0
-0
-0
-0
-0
-0
-0
-0
-0
-0
-0
-0
-0
-0
-0
-0
-0
-0
-0
-0
-0
-0
0
0
0
0
0
0
0
0
0
0
0
0
0
0
0
0
0
0
0
0
0
0
0
0
0
0
0
0
0
0
0
0
0
0
0
0
0
0
0
0
0
0
0
0
0
0
0
0
0
0
0
-0
-0
-0
-0
-0
-0
-0
-0
-0
-0
-0
-0
-0
-0
-0
-0
-0
-0
-0
-0
-0
-0
-0
-0
-0
-0
-0
-0
-0
-0
-0
-0
-0
-0
-0
-0
-0
-0
-0
-0
-0
-0
-0
-0
-0
-0
-0
-0
-0
0
0
0
0
0
0
0
0
0
0
0
0
0
0
0
0
0
0
0
0
0
0
0
0
0
0
0
0
0
0
0
0
0
0
0
0
0
0
0
0
0
0
0
0
0
0
0
0
0
0
-0
-0
-0
-0
-0
-0
-0
-0
-0
-0
-0
-0
-0
-0
-0
-0
-0
-0
-0
-0
-0
-0
-0
-0
-0
-0
-0
-0
-0
-0
-0
-0
-0
-0
-0
-0
-0
-0
-0
-0
-0
-0
-0
-0
-0
-0
-0
-0
-0
-0
0
0
0
0
0
0
0
0
0
0
0
0
0
0
0
0
0
0
0
0
0
0
0
0
0
0
0
0
0
0
0
0
0
0
0
0
0
0
0
0
0
0
0
0
0
0
0
0
0
0
-0
-0
-0
-0
-0
-0
-0
-0
-0
-0
-0
-0
-0
-0
-0
-0
-0
-0
-0
-0
-0
-0
-0
-0
-0
-0
-0
-0
-0
-0
-0
-0
-0
-0
-0
-0
-0
-0
-0
-0
-0
-0
-0
-0
-0
-0
-0
-0
-0
-0
0
0
0
0
0
0
0
0
0
0
0
0
0
0
0
0
0
0
0
0
0
0
0
0
0
0
0
0
0
0
0
0
0
0
0
0
0
0
0
0
0
0
0
0
0
0
0
0
0
0
0
-0
-0
-0
-0
-0
-0
-0
-0
-0
-0
-0
-0
-0
-0
-0
-0
-0
-0
-0
-0
-0
-0
-0
-0
-0
-0
-0
-0
-0
-0
-0
-0
-0
-0
-0
-0
-0
-0
-0
-0
-0
-0
-0
-0
-0
-0
-0
-0
-0
-0
0
0
0
0
0
0
0
0
0
0
0
0
0
0
0
0
0
0
0
0
0
0
0
0
0
0
0
0
0
0
0
0
0
0
0
0
0
0
0
0
0
0
0
0
0
0
0
0
0
0
-0
-0
-0
-0
-0
-0
-0
-0
-0
-0
-0
-0
-0
-0
-0
-0
-0
-0
-0
-0
-0
-0
-0
-0
-0
-0
-0
-0
-0
-0
-0
-0
-0
-0
-0
-0
-0
-0
-0
-0
-0
-0
-0
-0
-0
-0
-0
-0
-0
-0
0
0
0
0
0
0
0
0
0
0
0
0
0
0
0
0
0
0
0
0
0
0
0
0
0
0
0
0
0
0
0
0
0
0
0
0
0
0
0
0
0
0
0
0
0
0
0
0
0
0
-0
-0
-0
-0
-0
-0
-0
-0
-0
-0
-0
-0
-0
-0
-0
-0
-0
-0
-0
-0
-0
-0
-0
-0
-0
-0
-0
-0
-0
-0
-0
-0
-0
-0
-0
-0
-0
-0
-0
-0
-0
-0
-0
-0
-0
-0
-0
-0
-0
-0
0
0
0
0
0
0
0
0
0
0
0
0
0
0
0
0
0
0
0
0
0
0
0
0
0
0
0
0
0
0
0
0
0
0
0
0
0
0
0
0
0
0
0
0
0
0
0
0
0
0
-0
-0
-0
-0
-0
-0
-0
-0
-0
-0
-0
-0
-0
-0
-0
-0
-0
-0
-0
-0
-0
-0
-0
-0
-0
-0
-0
-0
-0
-0
-0
-0
-0
-0
-0
-0
-0
-0
-0
-0
-0
-0
-0
-0
-0
-0
-0
-0
-0
-0
0
0
0
0
0
0
0
0
0
0
0
0
0
0
0
0
0
0
0
0
0
0
0
0
0
0
0
0
0
0
0
0
0
0
0
0
0
0
0
0
0
0
0
0
0
0
0
0
0
-0
-0
-0
-0
-0
-0
-0
-0
-0
-0
-0
-0
-0
-0
-0
-0
-0
-0
-0
-0
-0
-0
-0
-0
-0
-0
-0
-0
-0
-0
-0
-0
-0
-0
-0
-0
-0
-0
-0
-0
-0
-0
-0
-0
-0
-0
-0
-0
-0
-0
-0
0
0
0
0
0
0
0
0
0
0
0
0
0
0
0
0
0
0
0
0
0
0
0
0
0
0
0
0
0
0
0
0
0
0
0
0
0
0
0
0
0
0
0
0
0
0
0
0
0
0
-5.6511e-09
-2.256e-08
-5.0593e-08
-8.9528e-08
-1.3906e-07
-1.9879e-07
-2.6824e-07
-3.4686e-07
-4.3402e-07
-5.2901e-07
-6.3105e-07
-7.3931e-07
-8.5289e-07
-9.7085e-07
-1.0922e-06
-1.2158e-06
-1.3407e-06
-1.4658e-06
-1.5899e-06
-1.7119e-06
-1.8306e-06
-1.9449e-06
-2.0537e-06
-2.1557e-06
-2.25e-06
-2.3354e-06
-2.4108e-06
-2.4754e-06
-2.528e-06
-2.5679e-06
-2.5941e-06
-2.6059e-06
-2.6026e-06
-2.5836e-06
-2.5484e-06
-2.4965e-06
-2.4275e-06
-2.3412e-06
-2.2374e-06
-2.116e-06
-1.9772e-06
-1.821e-06
-1.6478e-06
-1.4578e-06
-1.2515e-06
-1.0296e-06
-7.9262e-07
-5.4144e-07
-2.7691e-07
-7.0556e-20
2.8821e-07
5.8656e-07
8.9381e-07
1.2086e-06
1.5296e-06
1.8553e-06
2.1842e-06
2.5148e-06
2.8452e-06
3.174e-06
3.4995e-06
3.8198e-06
4.1333e-06
4.4382e-06
4.7327e-06
5.0153e-06
5.2841e-06
5.5375e-06
5.7739e-06
5.9917e-06
6.1892e-06
6.3652e-06
6.5182e-06
6.6469e-06
6.75e-06
6.8265e-06
6.8754e-06
6.8957e-06
6.8866e-06
6.8476e-06
6.7781e-06
6.6776e-06
6.546e-06
6.3831e-06
6.189e-06
5.9638e-06
5.7078e-06
5.4216e-06
5.1058e-06
4.7611e-06
4.3884e-06
3.9889e-06
3.5638e-06
3.1143e-06
2.6421e-06
2.1487e-06
1.6358e-06
1.1054e-06
5.5946e-07
-1.7657e-20
-5.7077e-07
-1.1506e-06
-1.737e-06
-2.3277e-06
-2.9202e-06
-3.5119e-06
-4.1003e-06
-4.6826e-06
-5.2565e-06
-5.8191e-06
-6.3679e-06
-6.9002e-06
-7.4136e-06
-7.9055e-06
-8.3733e-06
-8.8148e-06
-9.2275e-06
-9.6093e-06
-9.9579e-06
-1.0271e-05
-1.0548e-05
-1.0786e-05
-1.0983e-05
-1.1138e-05
-1.125e-05
-1.1318e-05
-1.134e-05
-1.1316e-05
-1.1245e-05
-1.1127e-05
-1.0962e-05
-1.0749e-05
-1.0489e-05
-1.0183e-05
-9.8296e-06
-9.4311e-06
-8.9882e-06
-8.5021e-06
-7.9742e-06
-7.4061e-06
-6.7996e-06
-6.1568e-06
-5.4798e-06
-4.7709e-06
-4.0327e-06
-3.2678e-06
-2.4791e-06
-1.6694e-06
-8.4202e-07
-1.1905e-19
8.5332e-07
1.7146e-06
2.5802e-06
3.4468e-06
4.3108e-06
5.1685e-06
6.0163e-06
6.8505e-06
7.6677e-06
8.4641e-06
9.2363e-06
9.9807e-06
1.0694e-05
1.1373e-05
1.2014e-05
1.2614e-05
1.3171e-05
1.3681e-05
1.4142e-05
1.4551e-05
1.4906e-05
1.5206e-05
1.5447e-05
1.5629e-05
1.575e-05
1.5809e-05
1.5804e-05
1.5736e-05
1.5604e-05
1.5407e-05
1.5146e-05
1.4821e-05
1.4433e-05
1.3982e-05
1.347e-05
1.2898e-05
1.2269e-05
1.1583e-05
1.0843e-05
1.0051e-05
9.2109e-06
8.3247e-06
7.3958e-06
6.4275e-06
5.4232e-06
4.3869e-06
3.3223e-06
2.2334e-06
1.1246e-06
-1.588e-19
-1.1359e-06
-2.2786e-06
-3.4235e-06
-4.5659e-06
-5.7014e-06
-6.825e-06
-7.9323e-06
-9.0184e-06
-1.0079e-05
-1.1109e-05
-1.2105e-05
-1.3061e-05
-1.3974e-05
-1.484e-05
-1.5654e-05
-1.6414e-05
-1.7114e-05
-1.7753e-05
-1.8326e-05
-1.8831e-05
-1.9265e-05
-1.9626e-05
-1.9912e-05
-2.012e-05
-2.025e-05
-2.03e-05
-2.0269e-05
-2.0157e-05
-1.9962e-05
-1.9687e-05
-1.933e-05
-1.8893e-05
-1.8376e-05
-1.7782e-05
-1.7111e-05
-1.6366e-05
-1.5549e-05
-1.4663e-05
-1.3711e-05
-1.2696e-05
-1.1622e-05
-1.0493e-05
-9.3118e-06
-8.084e-06
-6.8138e-06
-5.506e-06
-4.1655e-06
-2.7974e-06
-1.4071e-06
-4.4059e-20
1.4184e-06
2.8426e-06
4.2667e-06
5.6851e-06
7.0919e-06
8.4816e-06
9.8483e-06
1.1186e-05
1.249e-05
1.3754e-05
1.4973e-05
1.6142e-05
1.7255e-05
1.8307e-05
1.9295e-05
2.0213e-05
2.1058e-05
2.1824e-05
2.251e-05
2.3111e-05
2.3624e-05
2.4046e-05
2.4376e-05
2.4611e-05
2.475e-05
2.4791e-05
2.4733e-05
2.4577e-05
2.4321e-05
2.3967e-05
2.3514e-05
2.2965e-05
2.232e-05
2.1581e-05
2.0751e-05
1.9833e-05
1.8829e-05
1.7743e-05
1.6579e-05
1.5341e-05
1.4033e-05
1.266e-05
1.1228e-05
9.7406e-06
8.2044e-06
6.6251e-06
5.0087e-06
3.3614e-06
1.6897e-06
-4.2344e-19
-1.701e-06
-3.4066e-06
-5.1099e-06
-6.8042e-06
-8.4825e-06
-1.0138e-05
-1.1764e-05
-1.3354e-05
-1.4901e-05
-1.6399e-05
-1.7841e-05
-1.9222e-05
-2.0535e-05
-2.1775e-05
-2.2936e-05
-2.4013e-05
-2.5001e-05
-2.5896e-05
-2.6694e-05
-2.739e-05
-2.7982e-05
-2.8467e-05
-2.8841e-05
-2.9102e-05
-2.925e-05
-2.9282e-05
-2.9198e-05
-2.8997e-05
-2.868e-05
-2.8246e-05
-2.7698e-05
-2.7036e-05
-2.6263e-05
-2.538e-05
-2.4392e-05
-2.33e-05
-2.211e-05
-2.0824e-05
-1.9448e-05
-1.7986e-05
-1.6445e-05
-1.4828e-05
-1.3144e-05
-1.1397e-05
-9.595e-06
-7.7442e-06
-5.8519e-06
-3.9254e-06
-1.9723e-06
1.5442e-19
1.9836e-06
3.9706e-06
5.9531e-06
7.9233e-06
9.8731e-06
1.1795e-05
1.368e-05
1.5522e-05
1.7313e-05
1.9044e-05
2.071e-05
2.2303e-05
2.3815e-05
2.5242e-05
2.6576e-05
2.7812e-05
2.8944e-05
2.9968e-05
3.0878e-05
3.167e-05
3.2341e-05
3.2887e-05
3.3305e-05
3.3594e-05
3.375e-05
3.3773e-05
3.3662e-05
3.3417e-05
3.3038e-05
3.2526e-05
3.1882e-05
3.1108e-05
3.0206e-05
2.918e-05
2.8032e-05
2.6768e-05
2.539e-05
2.3904e-05
2.2316e-05
2.0631e-05
1.8856e-05
1.6996e-05
1.506e-05
1.3054e-05
1.0986e-05
8.8633e-06
6.6951e-06
4.4894e-06
2.2548e-06
2.1162e-19
-2.2661e-06
-4.5346e-06
-6.7963e-06
-9.0424e-06
-1.1264e-05
-1.3451e-05
-1.5596e-05
-1.769e-05
-1.9724e-05
-2.1689e-05
-2.3578e-05
-2.5383e-05
-2.7096e-05
-2.8709e-05
-3.0217e-05
-3.1612e-05
-3.2888e-05
-3.404e-05
-3.5062e-05
-3.595e-05
-3.67e-05
-3.7307e-05
-3.777e-05
-3.8085e-05
-3.825e-05
-3.8264e-05
-3.8127e-05
-3.7838e-05
-3.7397e-05
-3.6806e-05
-3.6066e-05
-3.518e-05
-3.415e-05
-3.2979e-05
-3.1673e-05
-3.0235e-05
-2.867e-05
-2.6985e-05
-2.5185e-05
-2.3276e-05
-2.1267e-05
-1.9164e-05
-1.6976e-05
-1.471e-05
-1.2376e-05
-9.9824e-06
-7.5384e-06
-5.0534e-06
-2.5374e-06
4.7639e-19
2.5487e-06
5.0986e-06
7.6395e-06
1.0161e-05
1.2654e-05
1.5108e-05
1.7512e-05
1.9858e-05
2.2135e-05
2.4334e-05
2.6447e-05
2.8463e-05
3.0376e-05
3.2177e-05
3.3857e-05
3.5411e-05
3.6831e-05
3.8111e-05
3.9246e-05
4.023e-05
4.1058e-05
4.1728e-05
4.2234e-05
4.2576e-05
4.275e-05
4.2755e-05
4.2591e-05
4.2258e-05
4.1756e-05
4.1086e-05
4.025e-05
3.9251e-05
3.8093e-05
3.6779e-05
3.5314e-05
3.3702e-05
3.1951e-05
3.0065e-05
2.8053e-05
2.5921e-05
2.3678e-05
2.1332e-05
1.8892e-05
1.6367e-05
1.3767e-05
1.1102e-05
8.3816e-06
5.6174e-06
2.8199e-06
-4.411e-20
-2.8143e-06
-5.6062e-06
-8.3647e-06
-1.1079e-05
-1.3739e-05
-1.6334e-05
-1.8854e-05
-2.1289e-05
-2.363e-05
-2.5868e-05
-2.7996e-05
-3.0004e-05
-3.1885e-05
-3.3633e-05
-3.5241e-05
-3.6703e-05
-3.8014e-05
-3.917e-05
-4.0166e-05
-4.1e-05
-4.1668e-05
-4.217e-05
-4.2502e-05
-4.2666e-05
-4.266e-05
-4.2486e-05
-4.2145e-05
-4.1639e-05
-4.0971e-05
-4.0144e-05
-3.9162e-05
-3.803e-05
-3.6752e-05
-3.5335e-05
-3.3785e-05
-3.2107e-05
-3.0311e-05
-2.8402e-05
-2.6389e-05
-2.4281e-05
-2.2087e-05
-1.9815e-05
-1.7474e-05
-1.5075e-05
-1.2626e-05
-1.0139e-05
-7.6227e-06
-5.0873e-06
-2.543e-06
7.5257e-19
2.5317e-06
5.0422e-06
7.5215e-06
9.96e-06
1.2348e-05
1.4677e-05
1.6938e-05
1.9121e-05
2.1219e-05
2.3223e-05
2.5127e-05
2.6923e-05
2.8605e-05
3.0166e-05
3.16e-05
3.2903e-05
3.4071e-05
3.5098e-05
3.5982e-05
3.672e-05
3.731e-05
3.7749e-05
3.8038e-05
3.8175e-05
3.816e-05
3.7995e-05
3.7681e-05
3.7219e-05
3.6612e-05
3.5864e-05
3.4978e-05
3.3958e-05
3.2809e-05
3.1536e-05
3.0144e-05
2.864e-05
2.703e-05
2.5321e-05
2.3521e-05
2.1636e-05
1.9676e-05
1.7647e-05
1.5558e-05
1.3418e-05
1.1236e-05
9.02e-06
6.7795e-06
4.5233e-06
2.2605e-06
-2.8163e-19
-2.2492e-06
-4.4782e-06
-6.6783e-06
-8.8409e-06
-1.0958e-05
-1.3021e-05
-1.5021e-05
-1.6953e-05
-1.8808e-05
-2.0578e-05
-2.2259e-05
-2.3843e-05
-2.5324e-05
-2.6698e-05
-2.796e-05
-2.9104e-05
-3.0127e-05
-3.1027e-05
-3.1798e-05
-3.2441e-05
-3.2951e-05
-3.3329e-05
-3.3573e-05
-3.3683e-05
-3.366e-05
-3.3504e-05
-3.3216e-05
-3.2799e-05
-3.2254e-05
-3.1585e-05
-3.0794e-05
-2.9886e-05
-2.8866e-05
-2.7736e-05
-2.6503e-05
-2.5173e-05
-2.375e-05
-2.2241e-05
-2.0653e-05
-1.8991e-05
-1.7264e-05
-1.5479e-05
-1.3642e-05
-1.1762e-05
-9.8453e-06
-7.9009e-06
-5.9362e-06
-3.9593e-06
-1.9779e-06
-9.228e-20
1.9666e-06
3.9142e-06
5.8351e-06
7.7218e-06
9.5672e-06
1.1364e-05
1.3105e-05
1.4785e-05
1.6396e-05
1.7933e-05
1.939e-05
2.0762e-05
2.2044e-05
2.3231e-05
2.4319e-05
2.5305e-05
2.6184e-05
2.6955e-05
2.7614e-05
2.8161e-05
2.8593e-05
2.8909e-05
2.9109e-05
2.9192e-05
2.916e-05
2.9013e-05
2.8751e-05
2.8378e-05
2.7895e-05
2.7305e-05
2.661e-05
2.5815e-05
2.4922e-05
2.3937e-05
2.2863e-05
2.1705e-05
2.0469e-05
1.916e-05
1.7784e-05
1.6346e-05
1.4853e-05
1.3311e-05
1.1726e-05
1.0105e-05
8.4547e-06
6.7818e-06
5.093e-06
3.3953e-06
1.6953e-06
-3.9566e-19
-1.684e-06
-3.3502e-06
-4.9918e-06
-6.6027e-06
-8.1766e-06
-9.7074e-06
-1.1189e-05
-1.2617e-05
-1.3985e-05
-1.5288e-05
-1.6522e-05
-1.7682e-05
-1.8764e-05
-1.9764e-05
-2.0678e-05
-2.1505e-05
-2.2241e-05
-2.2883e-05
-2.343e-05
-2.3881e-05
-2.4234e-05
-2.4488e-05
-2.4644e-05
-2.4701e-05
-2.466e-05
-2.4522e-05
-2.4287e-05
-2.3958e-05
-2.3537e-05
-2.3025e-05
-2.2426e-05
-2.1743e-05
-2.0979e-05
-2.0137e-05
-1.9222e-05
-1.8238e-05
-1.7189e-05
-1.608e-05
-1.4916e-05
-1.3701e-05
-1.2442e-05
-1.1143e-05
-9.81e-06
-8.4485e-06
-7.0641e-06
-5.6627e-06
-4.2498e-06
-2.8313e-06
-1.4128e-06
8.7905e-20
1.4015e-06
2.7862e-06
4.1486e-06
5.4836e-06
6.786e-06
8.0509e-06
9.2735e-06
1.0449e-05
1.1574e-05
1.2643e-05
1.3654e-05
1.4601e-05
1.5483e-05
1.6296e-05
1.7038e-05
1.7706e-05
1.8297e-05
1.8811e-05
1.9246e-05
1.9601e-05
1.9875e-05
2.0068e-05
2.018e-05
2.021e-05
2.016e-05
2.003e-05
1.9822e-05
1.9538e-05
1.9178e-05
1.8745e-05
1.8242e-05
1.7671e-05
1.7035e-05
1.6338e-05
1.5582e-05
1.4771e-05
1.3909e-05
1.3e-05
1.2047e-05
1.1056e-05
1.0031e-05
8.9751e-06
7.8939e-06
6.7919e-06
5.6736e-06
4.5436e-06
3.4066e-06
2.2673e-06
1.1302e-06
-3.8621e-19
-1.1189e-06
-2.2222e-06
-3.3054e-06
-4.3645e-06
-5.3954e-06
-6.3943e-06
-7.3575e-06
-8.2813e-06
-9.1626e-06
-9.9982e-06
-1.0785e-05
-1.1521e-05
-1.2203e-05
-1.2829e-05
-1.3397e-05
-1.3906e-05
-1.4354e-05
-1.474e-05
-1.5062e-05
-1.5322e-05
-1.5517e-05
-1.5648e-05
-1.5715e-05
-1.5719e-05
-1.566e-05
-1.5539e-05
-1.5358e-05
-1.5117e-05
-1.4819e-05
-1.4466e-05
-1.4058e-05
-1.36e-05
-1.3092e-05
-1.2538e-05
-1.1941e-05
-1.1303e-05
-1.0628e-05
-9.9191e-06
-9.1789e-06
-8.4112e-06
-7.6195e-06
-6.8072e-06
-5.9779e-06
-5.1353e-06
-4.283e-06
-3.4245e-06
-2.5634e-06
-1.7033e-06
-8.4767e-07
1.446e-19
8.3637e-07
1.6582e-06
2.4622e-06
3.2454e-06
4.0049e-06
4.7378e-06
5.4415e-06
6.1135e-06
6.7514e-06
7.3532e-06
7.9168e-06
8.4405e-06
8.9226e-06
9.3617e-06
9.7567e-06
1.0107e-05
1.0411e-05
1.0668e-05
1.0878e-05
1.1042e-05
1.1158e-05
1.1228e-05
1.1251e-05
1.1228e-05
1.116e-05
1.1048e-05
1.0893e-05
1.0697e-05
1.0461e-05
1.0186e-05
9.8742e-06
9.5278e-06
9.1486e-06
8.7388e-06
8.3005e-06
7.8361e-06
7.348e-06
6.8386e-06
6.3105e-06
5.7662e-06
5.2082e-06
4.6393e-06
4.0619e-06
3.4788e-06
2.8924e-06
2.3054e-06
1.7202e-06
1.1393e-06
5.6511e-07
-2.206e-23
-5.5381e-07
-1.0942e-06
-1.619e-06
-2.1263e-06
-2.6143e-06
-3.0812e-06
-3.5255e-06
-3.9456e-06
-4.3402e-06
-4.7082e-06
-5.0484e-06
-5.36e-06
-5.6422e-06
-5.8944e-06
-6.1162e-06
-6.3071e-06
-6.4671e-06
-6.5962e-06
-6.6944e-06
-6.762e-06
-6.7995e-06
-6.8073e-06
-6.7861e-06
-6.7367e-06
-6.66e-06
-6.557e-06
-6.4289e-06
-6.2768e-06
-6.1021e-06
-5.9061e-06
-5.6902e-06
-5.4561e-06
-5.2053e-06
-4.9393e-06
-4.6599e-06
-4.3688e-06
-4.0676e-06
-3.7582e-06
-3.4421e-06
-3.1211e-06
-2.797e-06
-2.4714e-06
-2.1459e-06
-1.8222e-06
-1.5018e-06
-1.1863e-06
-8.7694e-07
-5.7528e-07
-2.8256e-07
7.7808e-20
2.7126e-07
5.3016e-07
7.7576e-07
1.0072e-06
1.2237e-06
1.4246e-06
1.6094e-06
1.7777e-06
1.929e-06
2.0631e-06
2.18e-06
2.2795e-06
2.3619e-06
2.4271e-06
2.4756e-06
2.5077e-06
2.5238e-06
2.5245e-06
2.5104e-06
2.4823e-06
2.4408e-06
2.387e-06
2.3215e-06
2.2456e-06
2.16e-06
2.0659e-06
1.9644e-06
1.8565e-06
1.7434e-06
1.6263e-06
1.5062e-06
1.3844e-06
1.2619e-06
1.1398e-06
1.0194e-06
9.015e-07
7.8729e-07
6.777e-07
5.7368e-07
4.7611e-07
3.858e-07
3.035e-07
2.2992e-07
1.6566e-07
1.1125e-07
6.7146e-08
3.3729e-08
1.128e-08
0
0
-0
-0
-0
-0
-0
-0
-0
-0
-0
-0
-0
-0
-0
-0
-0
-0
-0
-0
-0
-0
-0
-0
-0
-0
-0
-0
-0
-0
-0
-0
-0
-0
-0
-0
-0
-0
-0
-0
-0
-0
-0
-0
-0
-0
-0
-0
-0
-0
-0
-0
0
0
0
0
0
0
0
0
0
0
0
0
0
0
0
0
0
0
0
0
0
0
0
0
0
0
0
0
0
0
0
0
0
0
0
0
0
0
0
0
0
0
0
0
0
0
0
0
0
0
-0
-0
-0
-0
-0
-0
-0
-0
-0
-0
-0
-0
-0
-0
-0
-0
-0
-0
-0
-0
-0
-0
-0
-0
-0
-0
-0
-0
-0
-0
-0
-0
-0
-0
-0
-0
-0
-0
-0
-0
-0
-0
-0
-0
-0
-0
-0
-0
-0
-0
0
0
0
0
0
0
0
0
0
0
0
0
0
0
0
0
0
0
0
0
0
0
0
0
0
0
0
0
0
0
0
0
0
0
0
0
0
0
0
0
0
0
0
0
0
0
0
0
0
0
-0
-0
-0
-0
-0
-0
-0
-0
-0
-0
-0
-0
-0
-0
-0
-0
-0
-0
-0
-0
-0
-0
-0
-0
-0
-0
-0
-0
-0
-0
-0
-0
-0
-0
-0
-0
-0
-0
-0
-0
-0
-0
-0
-0
-0
-0
-0
-0
-0
-0
0
0
0
0
0
0
0
0
0
0
0
0
0
0
0
0
0
0
0
0
0
0
0
0
0
0
0
0
0
0
0
0
0
0
0
0
0
0
0
0
0
0
0
0
0
0
0
0
0
0
-0
-0
-0
-0
-0
-0
-0
-0
-0
-0
-0
-0
-0
-0
-0
-0
-0
-0
-0
-0
-0
-0
-0
-0
-0
-0
-0
-0
-0
-0
-0
-0
-0
-0
-0
-0
-0
-0
-0
-0
-0
-0
-0
-0
-0
-0
-0
-0
-0
-0
0
0
0
0
0
0
0
0
0
0
0
0
0
0
0
0
0
0
0
0
0
0
0
0
0
0
0
0
0
0
0
0
0
0
0
0
0
0
0
0
0
0
0
0
0
0
0
0
0
0
-0
-0
-0
-0
-0
-0
-0
-0
-0
-0
-0
-0
-0
-0
-0
-0
-0
-0
-0
-0
-0
-0
-0
-0
-0
-0
-0
-0
-0
-0
-0
-0
-0
-0
-0
-0
-0
-0
-0
-0
-0
-0
-0
-0
-0
-0
-0
-0
-0
-0
0
0
0
0
0
0
0
0
0
0
0
0
0
0
0
0
0
0
0
0
0
0
0
0
0
0
0
0
0
0
0
0
0
0
0
0
0
0
0
0
0
0
0
0
0
0
0
0
0
0
-0
-0
-0
-0
-0
-0
-0
-0
-0
-0
-0
-0
-0
-0
-0
-0
-0
-0
-0
-0
-0
-0
-0
-0
-0
-0
-0
-0
-0
-0
-0
-0
-0
-0
-0
-0
-0
-0
-0
-0
-0
-0
-0
-0
-0
-0
-0
-0
-0
0
0
0
0
0
0
0
0
0
0
0
0
0
0
0
0
0
0
0
0
0
0
0
0
0
0
0
0
0
0
0
0
0
0
0
0
0
0
0
0
0
0
0
0
0
0
0
0
0
0
0
-0
-0
-0
-0
-0
-0
-0
-0
-0
-0
-0
-0
-0
-0
-0
-0
-0
-0
-0
-0
-0
-0
-0
-0
-0
-0
-0
-0
-0
-0
-0
-0
-0
-0
-0
-0
-0
-0
-0
-0
-0
-0
-0
-0
-0
-0
-0
-0
-0
-0
0
0
0
0
0
0
0
0
0
0
0
0
0
0
0
0
0
0
0
0
0
0
0
0
0
0
0
0
0
0
0
0
0
0
0
0
0
0
0
0
0
0
0
0
0
0
0
0
0
0
-0
-0
-0
-0
-0
-0
-0
-0
-0
-0
-0
-0
-0
-0
-0
-0
-0
-0
-0
-0
-0
-0
-0
-0
-0
-0
-0
-0
-0
-0
-0
-0
-0
-0
-0
-0
-0
-0
-0
-0
-0
-0
-0
-0
-0
-0
-0
-0
-0
-0
0
0
0
0
0
0
0
0
0
0
0
0
0
0
0
0
0
0
0
0
0
0
0
0
0
0
0
0
0
0
0
0
0
0
0
0
0
0
0
0
0
0
0
0
0
0
0
0
0
-0
-0
-0
-0
-0
-0
-0
-0
-0
-0
-0
-0
-0
-0
-0
-0
-0
-0
-0
-0
-0
-0
-0
-0
-0
-0
-0
-0
-0
-0
-0
-0
-0
-0
-0
-0
-0
-0
-0
-0
-0
-0
-0
-0
-0
-0
-0
-0
-0
-0
-0
0
0
0
0
0
0
0
0
0
0
0
0
0
0
0
0
0
0
0
0
0
0
0
0
0
0
0
0
0
0
0
0
0
0
0
0
0
0
0
0
0
0
0
0
0
0
0
0
0
0
-0
-0
-0
-0
-0
-0
-0
-0
-0
-0
-0
-0
-0
-0
-0
-0
-0
-0
-0
-0
-0
-0
-0
-0
-0
-0
-0
-0
-0
-0
-0
-0
-0
-0
-0
-0
-0
-0
-0
-0
-0
-0
-0
-0
-0
-0
-0
-0
-0
0
0
0
0
0
0
0
0
0
0
0
0
0
0
0
0
0
0
0
0
0
0
0
0
0
0
0
0
0
0
0
0
0
0
0
0
0
0
0
0
0
0
0
0
0
0
0
0
0
0
0
-0
-0
-0
-0
-0
-0
-0
-0
-0
-0
-0
-0
-0
-0
-0
-0
-0
-0
-0
-0
-0
-0
-0
-0
-0
-0
-0
-0
-0
-0
-0
-0
-0
-0
-0
-0
-0
-0
-0
-0
-0
-0
-0
-0
-0
-0
-0
-0
-0
-0
0
0
0
0
0
0
0
0
0
0
0
0
0
0
0
0
0
0
0
0
0
0
0
0
0
0
0
0
0
0
0
0
0
0
0
0
0
0
0
0
0
0
0
0
0
0
0
0
0
0
-0
-0
-0
-0
-0
-0
-0
-0
-0
-0
-0
-0
-0
-0
-0
-0
-0
-0
-0
-0
-0
-0
-0
-0
-0
-0
-0
-0
-0
-0
-0
-0
-0
-0
-0
-0
-0
-0
-0
-0
-0
-0
-0
-0
-0
-0
-0
-0
-0
0
0
0
0
0
0
0
0
0
0
0
0
0
0
0
0
0
0
0
0
0
0
0
0
0
0
0
0
0
0
0
0
0
0
0
0
0
0
0
0
0
0
0
0
0
0
0
0
0
0
-0
-0
-0
-0
-0
-0
-0
-0
-0
-0
-0
-0
-0
-0
-0
-0
-0
-0
-0
-0
-0
-0
-0
-0
-0
-0
-0
-0
-0
-0
-0
-0
-0
-0
-0
-0
-0
-0
-0
-0
-0
-0
-0
-0
-0
-0
-0
-0
-0
-0
-0
0
0
0
0
0
0
0
0
0
0
0
0
0
0
0
0
0
0
0
0
0
0
0
0
0
0
0
0
0
0
0
0
0
0
0
0
0
0
0
0
0
0
0
0
0
0
0
0
0
0
-0
-0
-0
-0
-0
-0
-0
-0
-0
-0
-0
-0
-0
-0
-0
-0
-0
-0
-0
-0
-0
-0
-0
-0
-0
-0
-0
-0
-0
-0
-0
-0
-0
-0
-0
-0
-0
-0
-0
-0
-0
-0
-0
-0
-0
-0
-0
-0
-0
0
0
0
0
0
0
0
0
0
0
0
0
0
0
0
0
0
0
0
0
0
0
0
0
0
0
0
0
0
0
0
0
0
0
0
0
0
0
0
0
0
0
0
0
0
0
0
0
0
0
-0
-0
-0
-0
-0
-0
-0
-0
-0
-0
-0
-0
-0
-0
-0
-0
-0
-0
-0
-0
-0
-0
-0
-0
-0
-0
-0
-0
-0
-0
-0
-0
-0
-0
-0
-0
-0
-0
-0
-0
-0
-0
-0
-0
-0
-0
-0
-0
-0
-0
0
0
0
0
0
0
0
0
0
0
0
0
0
0
0
0
0
0
0
0
0
0
0
0
0
0
0
0
0
0
0
0
0
0
0
0
0
0
0
0
0
0
0
0
0
0
0
0
0
0
0
-0
-0
-0
-0
-0
-0
-0
-0
-0
-0
-0
-0
-0
-0
-0
-0
-0
-0
-0
-0
-0
-0
-0
-0
-0
-0
-0
-0
-0
-0
-0
-0
-0
-0
-0
-0
-0
-0
-0
-0
-0
-0
-0
-0
-0
-0
-0
-0
-0
-0
0
0
0
0
0
0
0
0
0
0
0
0
0
0
0
0
0
0
0
0
0
0
0
0
0
0
0
0
0
0
0
0
0
0
0
0
0
0
0
0
0
0
0
0
0
0
0
0
0
-0
-0
-0
-0
-0
-0
-0
-0
-0
-0
-0
-0
-0
-0
-0
-0
-0
-0
-0
-0
-0
-0
-0
-0
-0
-0
-0
-0
-0
-0
-0
-0
-0
-0
-0
-0
-0
-0
-0
-0
-0
-0
-0
-0
-0
-0
-0
-0
-0
-0
0
0
0
0
0
0
0
0
0
0
0
0
0
0
0
0
0
0
0
0
0
0
0
0
0
0
0
0
0
0
0
0
0
0
0
0
0
0
0
0
0
0
0
0
0
0
0
0
0
0
-0
-0
-0
-0
-0
-0
-0
-0
-0
-0
-0
-0
-0
-0
-0
-0
-0
-0
-0
-0
-0
-0
-0
-0
-0
-0
-0
-0
-0
-0
-0
-0
-0
-0
-0
-0
-0
-0
-0
-0
-0
-0
-0
-0
-0
-0
-0
-0
-0
-0
-0
0
0
0
0
0
0
0
0
0
0
0
0
0
0
0
0
0
0
0
0
0
0
0
0
0
0
0
0
0
0
0
0
0
0
0
0
0
0
0
0
0
0
0
0
0
0
0
0
0
0
-0
-0
-0
-0
-0
-0
-0
-0
-0
-0
-0
-0
-0
-0
-0
-0
-0
-0
-0
-0
-0
-0
-0
-0
-0
-0
-0
-0
-0
-0
-0
-0
-0
-0
-0
-0
-0
-0
-0
-0
-0
-0
-0
-0
-0
-0
-0
-0
-0
0
0
0
0
0
0
0
0
0
0
0
0
0
0
0
0
0
0
0
0
0
0
0
0
0
0
0
0
0
0
0
0
0
0
0
0
0
0
0
0
0
0
0
0
0
0
0
0
0
0
-0
-0
-0
-0
-0
-0
-0
-0
-0
-0
-0
-0
-0
-0
-0
-0
-0
-0
-0
-0
-0
-0
-0
-0
-0
-0
-0
-0
-0
-0
-0
-0
-0
-0
-0
-0
-0
-0
-0
-0
-0
-0
-0
-0
-0
-0
-0
-0
-0
-0
0
0
0
0
0
0
0
0
0
0
0
0
0
0
0
0
0
0
0
0
0
0
0
0
0
0
0
0
0
0
0
0
0
0
0
0
0
0
0
0
0
0
0
0
0
0
0
0
0
0
-0
-0
-0
-0
-0
-0
-0
-0
-0
-0
-0
-0
-0
-0
-0
-0
-0
-0
-0
-0
-0
-0
-0
-0
-0
-0
-0
-0
-0
-0
-0
-0
-0
-0
-0
-0
-0
-0
-0
-0
-0
-0
-0
-0
-0
-0
-0
-0
-0
-0
-0
0
0
0
0
0
0
0
0
0
0
0
0
0
0
0
0
0
0
0
0
0
0
0
0
0
0
0
0
0
0
0
0
0
0
0
0
0
0
0
0
0
0
0
0
0
0
0
0
0
0
-0
-0
-0
-0
-0
-0
-0
-0
-0
-0
-0
-0
-0
-0
-0
-0
-0
-0
-0
-0
-0
-0
-0
-0
-0
-0
-0
-0
-0
-0
-0
-0
-0
-0
-0
-0
-0
-0
-0
-0
-0
-0
-0
-0
-0
-0
-0
-0
-0
-0
0
0
0
0
0
0
0
0
0
0
0
0
0
0
0
0
0
0
0
0
0
0
0
0
0
0
0
0
0
0
0
0
0
0
0
0
0
0
0
0
0
0
0
0
0
0
0
0
0
-0
-0
-0
-0
-0
-0
-0
-0
-0
-0
-0
-0
-0
-0
-0
-0
-0
-0
-0
-0
-0
-0
-0
-0
-0
-0
-0
-0
-0
-0
-0
-0
-0
-0
-0
-0
-0
-0
-0
-0
-0
-0
-0
-0
-0
-0
-0
-0
-0
-0
0
0
0
0
0
0
0
0
0
0
0
0
0
0
0
0
0
0
0
0
0
0
0
0
0
0
0
0
0
0
0
0
0
0
0
0
0
0
0
0
0
0
0
0
0
0
0
0
0
0
0
-0
-0
-0
-0
-0
-0
-0
-0
-0
-0
-0
-0
-0
-0
-0
-0
-0
-0
-0
-0
-0
-0
-0
-0
-0
-0
-0
-0
-0
-0
-0
-0
-0
-0
-0
-0
-0
-0
-0
-0
-0
-0
-0
-0
-0
-0
-0
-0
-0
-0
0
0
0
0
0
0
0
0
0
0
0
0
0
0
0
0
0
0
0
0
0
0
0
0
0
0
0
0
0
0
0
0
0
0
0
0
0
0
0
0
0
0
0
0
0
0
0
0
0
0
-0
-0
-0
-0
-0
-0
-0
-0
-0
-0
-0
-0
-0
-0
-0
-0
-0
-0
-0
-0
-0
-0
-0
-0
-0
-0
-0
-0
-0
-0
-0
-0
-0
-0
-0
-0
-0
-0
-0
-0
-0
-0
-0
-0
-0
-0
-0
-0
-0
0
0
0
0
0
0
0
0
0
0
0
0
0
0
0
0
0
0
0
0
0
0
0
0
0
0
0
0
0
0
0
0
0
0
0
0
0
0
0
0
0
0
0
0
0
0
0
0
0
0
-0
-0
-0
-0
-0
-0
-0
-0
-0
-0
-0
-0
-0
-0
-0
-0
-0
-0
-0
-0
-0
-0
-0
-0
-0
-0
-0
-0
-0
-0
-0
-0
-0
-0
-0
-0
-0
-0
-0
-0
-0
-0
-0
-0
-0
-0
-0
-0
-0
-0
-0
0
0
0
0
0
0
0
0
0
0
0
0
0
0
0
0
0
0
0
0
0
0
0
0
0
0
0
0
0
0
0
0
0
0
0
0
0
0
0
0
0
0
0
0
0
0
0
0
0
0
-0
-0
-0
-0
-0
-0
-0
-0
-0
-0
-0
-0
-0
-0
-0
-0
-0
-0
-0
-0
-0
-0
-0
-0
-0
-0
-0
-0
-0
-0
-0
-0
-0
-0
-0
-0
-0
-0
-0
-0
-0
-0
-0
-0
-0
-0
-0
-0
-0
-0
0
0
0
0
0
0
0
0
0
0
0
0
0
0
0
0
0
0
0
0
0
0
0
0
0
0
0
0
0
0
0
0
0
0
0
0
0
0
0
0
0
0
0
0
0
0
0
0
0
-0
-0
-0
-0
-0
-0
-0
-0
-0
-0
-0
-0
-0
-0
-0
-0
-0
-0
-0
-0
-0
-0
-0
-0
-0
-0
-0
-0
-0
-0
-0
-0
-0
-0
-0
-0
-0
-0
-0
-0
-0
-0
-0
-0
-0
-0
-0
-0
-0
-0
0
0
0
0
0
0
0
0
0
0
0
0
0
0
0
0
0
0
0
0
0
0
0
0
0
0
0
0
0
0
0
0
0
0
0
0
0
0
0
0
0
0
0
0
0
0
0
0
0
0
-0
-5.6511e-09
-2.256e-08
-5.0593e-08
-8.9528e-08
-1.3906e-07
-1.9879e-07
-2.6824e-07
-3.4686e-07
-4.3402e-07
-5.2901e-07
-6.3105e-07
-7.3931e-07
-8.5289e-07
-9.7085e-07
-1.0922e-06
-1.2158e-06
-1.3407e-06
-1.4658e-06
-1.5899e-06
-1.7119e-06
-1.8306e-06
-1.9449e-06
-2.0537e-06
-2.1557e-06
-2.25e-06
-2.3354e-06
-2.4108e-06
-2.4754e-06
-2.528e-06
-2.5679e-06
-2.5941e-06
-2.6059e-06
-2.6026e-06
-2.5836e-06
-2.5484e-06
-2.4965e-06
-2.4275e-06
-2.3412e-06
-2.2374e-06
-2.116e-06
-1.9772e-06
-1.821e-06
-1.6478e-06
-1.4578e-06
-1.2515e-06
-1.0296e-06
-7.9262e-07
-5.4144e-07
-2.7691e-07
-4.849e-20
2.8821e-07
5.8656e-07
8.9381e-07
1.2086e-06
1.5296e-06
1.8553e-06
2.1842e-06
2.5148e-06
2.8452e-06
3.174e-06
3.4995e-06
3.8198e-06
4.1333e-06
4.4382e-06
4.7327e-06
5.0153e-06
5.2841e-06
5.5375e-06
5.7739e-06
5.9917e-06
6.1892e-06
6.3652e-06
6.5182e-06
6.6469e-06
6.75e-06
6.8265e-06
6.8754e-06
6.8957e-06
6.8866e-06
6.8476e-06
6.7781e-06
6.6776e-06
6.546e-06
6.3831e-06
6.189e-06
5.9638e-06
5.7078e-06
5.4216e-06
5.1058e-06
4.7611e-06
4.3884e-06
3.9889e-06
3.5638e-06
3.1143e-06
2.6421e-06
2.1487e-06
1.6358e-06
1.1054e-06
5.5946e-07
-3.1758e-19
-5.7077e-07
-1.1506e-06
-1.737e-06
-2.3277e-06
-2.9202e-06
-3.5119e-06
-4.1003e-06
-4.6826e-06
-5.2565e-06
-5.8191e-06
-6.3679e-06
-6.9002e-06
-7.4136e-06
-7.9055e-06
-8.3733e-06
-8.8148e-06
-9.2275e-06
-9.6093e-06
-9.9579e-06
-1.0271e-05
-1.0548e-05
-1.0786e-05
-1.0983e-05
-1.1138e-05
-1.125e-05
-1.1318e-05
-1.134e-05
-1.1316e-05
-1.1245e-05
-1.1127e-05
-1.0962e-05
-1.0749e-05
-1.0489e-05
-1.0183e-05
-9.8296e-06
-9.4311e-06
-8.9882e-06
-8.5021e-06
-7.9742e-06
-7.4061e-06
-6.7996e-06
-6.1568e-06
-5.4798e-06
-4.7709e-06
-4.0327e-06
-3.2678e-06
-2.4791e-06
-1.6694e-06
-8.4202e-07
3.3084e-19
8.5332e-07
1.7146e-06
2.5802e-06
3.4468e-06
4.3108e-06
5.1685e-06
6.0163e-06
6.8505e-06
7.6677e-06
8.4641e-06
9.2363e-06
9.9807e-06
1.0694e-05
1.1373e-05
1.2014e-05
1.2614e-05
1.3171e-05
1.3681e-05
1.4142e-05
1.4551e-05
1.4906e-05
1.5206e-05
1.5447e-05
1.5629e-05
1.575e-05
1.5809e-05
1.5804e-05
1.5736e-05
1.5604e-05
1.5407e-05
1.5146e-05
1.4821e-05
1.4433e-05
1.3982e-05
1.347e-05
1.2898e-05
1.2269e-05
1.1583e-05
1.0843e-05
1.0051e-05
9.2109e-06
8.3247e-06
7.3958e-06
6.4275e-06
5.4232e-06
4.3869e-06
3.3223e-06
2.2334e-06
1.1246e-06
7.7611e-19
-1.1359e-06
-2.2786e-06
-3.4235e-06
-4.5659e-06
-5.7014e-06
-6.825e-06
-7.9323e-06
-9.0184e-06
-1.0079e-05
-1.1109e-05
-1.2105e-05
-1.3061e-05
-1.3974e-05
-1.484e-05
-1.5654e-05
-1.6414e-05
-1.7114e-05
-1.7753e-05
-1.8326e-05
-1.8831e-05
-1.9265e-05
-1.9626e-05
-1.9912e-05
-2.012e-05
-2.025e-05
-2.03e-05
-2.0269e-05
-2.0157e-05
-1.9962e-05
-1.9687e-05
-1.933e-05
-1.8893e-05
-1.8376e-05
-1.7782e-05
-1.7111e-05
-1.6366e-05
-1.5549e-05
-1.4663e-05
-1.3711e-05
-1.2696e-05
-1.1622e-05
-1.0493e-05
-9.3118e-06
-8.084e-06
-6.8138e-06
-5.506e-06
-4.1655e-06
-2.7974e-06
-1.4071e-06
-1.2127e-18
1.4184e-06
2.8426e-06
4.2667e-06
5.6851e-06
7.0919e-06
8.4816e-06
9.8483e-06
1.1186e-05
1.249e-05
1.3754e-05
1.4973e-05
1.6142e-05
1.7255e-05
1.8307e-05
1.9295e-05
2.0213e-05
2.1058e-05
2.1824e-05
2.251e-05
2.3111e-05
2.3624e-05
2.4046e-05
2.4376e-05
2.4611e-05
2.475e-05
2.4791e-05
2.4733e-05
2.4577e-05
2.4321e-05
2.3967e-05
2.3514e-05
2.2965e-05
2.232e-05
2.1581e-05
2.0751e-05
1.9833e-05
1.8829e-05
1.7743e-05
1.6579e-05
1.5341e-05
1.4033e-05
1.266e-05
1.1228e-05
9.7406e-06
8.2044e-06
6.6251e-06
5.0087e-06
3.3614e-06
1.6897e-06
1.7463e-18
-1.701e-06
-3.4066e-06
-5.1099e-06
-6.8042e-06
-8.4825e-06
-1.0138e-05
-1.1764e-05
-1.3354e-05
-1.4901e-05
-1.6399e-05
-1.7841e-05
-1.9222e-05
-2.0535e-05
-2.1775e-05
-2.2936e-05
-2.4013e-05
-2.5001e-05
-2.5896e-05
-2.6694e-05
-2.739e-05
-2.7982e-05
-2.8467e-05
-2.8841e-05
-2.9102e-05
-2.925e-05
-2.9282e-05
-2.9198e-05
-2.8997e-05
-2.868e-05
-2.8246e-05
-2.7698e-05
-2.7036e-05
-2.6263e-05
-2.538e-05
-2.4392e-05
-2.33e-05
-2.211e-05
-2.0824e-05
-1.9448e-05
-1.7986e-05
-1.6445e-05
-1.4828e-05
-1.3144e-05
-1.1397e-05
-9.595e-06
-7.7442e-06
-5.8519e-06
-3.9254e-06
-1.9723e-06
-5.864e-19
1.9836e-06
3.9706e-06
5.9531e-06
7.9233e-06
9.8731e-06
1.1795e-05
1.368e-05
1.5522e-05
1.7313e-05
1.9044e-05
2.071e-05
2.2303e-05
2.3815e-05
2.5242e-05
2.6576e-05
2.7812e-05
2.8944e-05
2.9968e-05
3.0878e-05
3.167e-05
3.2341e-05
3.2887e-05
3.3305e-05
3.3594e-05
3.375e-05
3.3773e-05
3.3662e-05
3.3417e-05
3.3038e-05
3.2526e-05
3.1882e-05
3.1108e-05
3.0206e-05
2.918e-05
2.8032e-05
2.6768e-05
2.539e-05
2.3904e-05
2.2316e-05
2.0631e-05
1.8856e-05
1.6996e-05
1.506e-05
1.3054e-05
1.0986e-05
8.8633e-06
6.6951e-06
4.4894e-06
2.2548e-06
3.1046e-18
-2.2661e-06
-4.5346e-06
-6.7963e-06
-9.0424e-06
-1.1264e-05
-1.3451e-05
-1.5596e-05
-1.769e-05
-1.9724e-05
-2.1689e-05
-2.3578e-05
-2.5383e-05
-2.7096e-05
-2.8709e-05
-3.0217e-05
-3.1612e-05
-3.2888e-05
-3.404e-05
-3.5062e-05
-3.595e-05
-3.67e-05
-3.7307e-05
-3.777e-05
-3.8085e-05
-3.825e-05
-3.8264e-05
-3.8127e-05
-3.7838e-05
-3.7397e-05
-3.6806e-05
-3.6066e-05
-3.518e-05
-3.415e-05
-3.2979e-05
-3.1673e-05
-3.0235e-05
-2.867e-05
-2.6985e-05
-2.5185e-05
-2.3276e-05
-2.1267e-05
-1.9164e-05
-1.6976e-05
-1.471e-05
-1.2376e-05
-9.9824e-06
-7.5384e-06
-5.0534e-06
-2.5374e-06
-1.6272e-18
2.5487e-06
5.0986e-06
7.6395e-06
1.0161e-05
1.2654e-05
1.5108e-05
1.7512e-05
1.9858e-05
2.2135e-05
2.4334e-05
2.6447e-05
2.8463e-05
3.0376e-05
3.2177e-05
3.3857e-05
3.5411e-05
3.6831e-05
3.8111e-05
3.9246e-05
4.023e-05
4.1058e-05
4.1728e-05
4.2234e-05
4.2576e-05
4.275e-05
4.2755e-05
4.2591e-05
4.2258e-05
4.1756e-05
4.1086e-05
4.025e-05
3.9251e-05
3.8093e-05
3.6779e-05
3.5314e-05
3.3702e-05
3.1951e-05
3.0065e-05
2.8053e-05
2.5921e-05
2.3678e-05
2.1332e-05
1.8892e-05
1.6367e-05
1.3767e-05
1.1102e-05
8.3816e-06
5.6174e-06
2.8199e-06
2.2885e-18
-2.8143e-06
-5.6062e-06
-8.3647e-06
-1.1079e-05
-1.3739e-05
-1.6334e-05
-1.8854e-05
-2.1289e-05
-2.363e-05
-2.5868e-05
-2.7996e-05
-3.0004e-05
-3.1885e-05
-3.3633e-05
-3.5241e-05
-3.6703e-05
-3.8014e-05
-3.917e-05
-4.0166e-05
-4.1e-05
-4.1668e-05
-4.217e-05
-4.2502e-05
-4.2666e-05
-4.266e-05
-4.2486e-05
-4.2145e-05
-4.1639e-05
-4.0971e-05
-4.0144e-05
-3.9162e-05
-3.803e-05
-3.6752e-05
-3.5335e-05
-3.3785e-05
-3.2107e-05
-3.0311e-05
-2.8402e-05
-2.6389e-05
-2.4281e-05
-2.2087e-05
-1.9815e-05
-1.7474e-05
-1.5075e-05
-1.2626e-05
-1.0139e-05
-7.6227e-06
-5.0873e-06
-2.543e-06
-2.4948e-18
2.5317e-06
5.0422e-06
7.5215e-06
9.96e-06
1.2348e-05
1.4677e-05
1.6938e-05
1.9121e-05
2.1219e-05
2.3223e-05
2.5127e-05
2.6923e-05
2.8605e-05
3.0166e-05
3.16e-05
3.2903e-05
3.4071e-05
3.5098e-05
3.5982e-05
3.672e-05
3.731e-05
3.7749e-05
3.8038e-05
3.8175e-05
3.816e-05
3.7995e-05
3.7681e-05
3.7219e-05
3.6612e-05
3.5864e-05
3.4978e-05
3.3958e-05
3.2809e-05
3.1536e-05
3.0144e-05
2.864e-05
2.703e-05
2.5321e-05
2.3521e-05
2.1636e-05
1.9676e-05
1.7647e-05
1.5558e-05
1.3418e-05
1.1236e-05
9.02e-06
6.7795e-06
4.5233e-06
2.2605e-06
5.6291e-19
-2.2492e-06
-4.4782e-06
-6.6783e-06
-8.8409e-06
-1.0958e-05
-1.3021e-05
-1.5021e-05
-1.6953e-05
-1.8808e-05
-2.0578e-05
-2.2259e-05
-2.3843e-05
-2.5324e-05
-2.6698e-05
-2.796e-05
-2.9104e-05
-3.0127e-05
-3.1027e-05
-3.1798e-05
-3.2441e-05
-3.2951e-05
-3.3329e-05
-3.3573e-05
-3.3683e-05
-3.366e-05
-3.3504e-05
-3.3216e-05
-3.2799e-05
-3.2254e-05
-3.1585e-05
-3.0794e-05
-2.9886e-05
-2.8866e-05
-2.7736e-05
-2.6503e-05
-2.5173e-05
-2.375e-05
-2.2241e-05
-2.0653e-05
-1.8991e-05
-1.7264e-05
-1.5479e-05
-1.3642e-05
-1.1762e-05
-9.8453e-06
-7.9009e-06
-5.9362e-06
-3.9593e-06
-1.9779e-06
-2.6164e-18
1.9666e-06
3.9142e-06
5.8351e-06
7.7218e-06
9.5672e-06
1.1364e-05
1.3105e-05
1.4785e-05
1.6396e-05
1.7933e-05
1.939e-05
2.0762e-05
2.2044e-05
2.3231e-05
2.4319e-05
2.5305e-05
2.6184e-05
2.6955e-05
2.7614e-05
2.8161e-05
2.8593e-05
2.8909e-05
2.9109e-05
2.9192e-05
2.916e-05
2.9013e-05
2.8751e-05
2.8378e-05
2.7895e-05
2.7305e-05
2.661e-05
2.5815e-05
2.4922e-05
2.3937e-05
2.2863e-05
2.1705e-05
2.0469e-05
1.916e-05
1.7784e-05
1.6346e-05
1.4853e-05
1.3311e-05
1.1726e-05
1.0105e-05
8.4547e-06
6.7818e-06
5.093e-06
3.3953e-06
1.6953e-06
1.002e-18
-1.684e-06
-3.3502e-06
-4.9918e-06
-6.6027e-06
-8.1766e-06
-9.7074e-06
-1.1189e-05
-1.2617e-05
-1.3985e-05
-1.5288e-05
-1.6522e-05
-1.7682e-05
-1.8764e-05
-1.9764e-05
-2.0678e-05
-2.1505e-05
-2.2241e-05
-2.2883e-05
-2.343e-05
-2.3881e-05
-2.4234e-05
-2.4488e-05
-2.4644e-05
-2.4701e-05
-2.466e-05
-2.4522e-05
-2.4287e-05
-2.3958e-05
-2.3537e-05
-2.3025e-05
-2.2426e-05
-2.1743e-05
-2.0979e-05
-2.0137e-05
-1.9222e-05
-1.8238e-05
-1.7189e-05
-1.608e-05
-1.4916e-05
-1.3701e-05
-1.2442e-05
-1.1143e-05
-9.81e-06
-8.4485e-06
-7.0641e-06
-5.6627e-06
-4.2498e-06
-2.8313e-06
-1.4128e-06
-1.0761e-18
1.4015e-06
2.7862e-06
4.1486e-06
5.4836e-06
6.786e-06
8.0509e-06
9.2735e-06
1.0449e-05
1.1574e-05
1.2643e-05
1.3654e-05
1.4601e-05
1.5483e-05
1.6296e-05
1.7038e-05
1.7706e-05
1.8297e-05
1.8811e-05
1.9246e-05
1.9601e-05
1.9875e-05
2.0068e-05
2.018e-05
2.021e-05
2.016e-05
2.003e-05
1.9822e-05
1.9538e-05
1.9178e-05
1.8745e-05
1.8242e-05
1.7671e-05
1.7035e-05
1.6338e-05
1.5582e-05
1.4771e-05
1.3909e-05
1.3e-05
1.2047e-05
1.1056e-05
1.0031e-05
8.9751e-06
7.8939e-06
6.7919e-06
5.6736e-06
4.5436e-06
3.4066e-06
2.2673e-06
1.1302e-06
1.0531e-18
-1.1189e-06
-2.2222e-06
-3.3054e-06
-4.3645e-06
-5.3954e-06
-6.3943e-06
-7.3575e-06
-8.2813e-06
-9.1626e-06
-9.9982e-06
-1.0785e-05
-1.1521e-05
-1.2203e-05
-1.2829e-05
-1.3397e-05
-1.3906e-05
-1.4354e-05
-1.474e-05
-1.5062e-05
-1.5322e-05
-1.5517e-05
-1.5648e-05
-1.5715e-05
-1.5719e-05
-1.566e-05
-1.5539e-05
-1.5358e-05
-1.5117e-05
-1.4819e-05
-1.4466e-05
-1.4058e-05
-1.36e-05
-1.3092e-05
-1.2538e-05
-1.1941e-05
-1.1303e-05
-1.0628e-05
-9.9191e-06
-9.1789e-06
-8.4112e-06
-7.6195e-06
-6.8072e-06
-5.9779e-06
-5.1353e-06
-4.283e-06
-3.4245e-06
-2.5634e-06
-1.7033e-06
-8.4767e-07
-1.7078e-19
8.3637e-07
1.6582e-06
2.4622e-06
3.2454e-06
4.0049e-06
4.7378e-06
5.4415e-06
6.1135e-06
6.7514e-06
7.3532e-06
7.9168e-06
8.4405e-06
8.9226e-06
9.3617e-06
9.7567e-06
1.0107e-05
1.0411e-05
1.0668e-05
1.0878e-05
1.1042e-05
1.1158e-05
1.1228e-05
1.1251e-05
1.1228e-05
1.116e-05
1.1048e-05
1.0893e-05
1.0697e-05
1.0461e-05
1.0186e-05
9.8742e-06
9.5278e-06
9.1486e-06
8.7388e-06
8.3005e-06
7.8361e-06
7.348e-06
6.8386e-06
6.3105e-06
5.7662e-06
5.2082e-06
4.6393e-06
4.0619e-06
3.4788e-06
2.8924e-06
2.3054e-06
1.7202e-06
1.1393e-06
5.6511e-07
7.16e-19
-5.5381e-07
-1.0942e-06
-1.619e-06
-2.1263e-06
-2.6143e-06
-3.0812e-06
-3.5255e-06
-3.9456e-06
-4.3402e-06
-4.7082e-06
-5.0484e-06
-5.36e-06
-5.6422e-06
-5.8944e-06
-6.1162e-06
-6.3071e-06
-6.4671e-06
-6.5962e-06
-6.6944e-06
-6.762e-06
-6.7995e-06
-6.8073e-06
-6.7861e-06
-6.7367e-06
-6.66e-06
-6.557e-06
-6.4289e-06
-6.2768e-06
-6.1021e-06
-5.9061e-06
-5.6902e-06
-5.4561e-06
-5.2053e-06
-4.9393e-06
-4.6599e-06
-4.3688e-06
-4.0676e-06
-3.7582e-06
-3.4421e-06
-3.1211e-06
-2.797e-06
-2.4714e-06
-2.1459e-06
-1.8222e-06
-1.5018e-06
-1.1863e-06
-8.7694e-07
-5.7528e-07
-2.8256e-07
-1.5125e-19
2.7126e-07
5.3016e-07
7.7576e-07
1.0072e-06
1.2237e-06
1.4246e-06
1.6094e-06
1.7777e-06
1.929e-06
2.0631e-06
2.18e-06
2.2795e-06
2.3619e-06
2.4271e-06
2.4756e-06
2.5077e-06
2.5238e-06
2.5245e-06
2.5104e-06
2.4823e-06
2.4408e-06
2.387e-06
2.3215e-06
2.2456e-06
2.16e-06
2.0659e-06
1.9644e-06
1.8565e-06
1.7434e-06
1.6263e-06
1.5062e-06
1.3844e-06
1.2619e-06
1.1398e-06
1.0194e-06
9.015e-07
7.8729e-07
6.777e-07
5.7368e-07
4.7611e-07
3.858e-07
3.035e-07
2.2992e-07
1.6566e-07
1.1125e-07
6.7146e-08
3.3729e-08
1.128e-08
0
0
-0
-0
-0
-0
-0
-0
-0
-0
-0
-0
-0
-0
-0
-0
-0
-0
-0
-0
-0
-0
-0
-0
-0
-0
-0
-0
-0
-0
-0
-0
-0
-0
-0
-0
-0
-0
-0
-0
-0
-0
-0
-0
-0
-0
-0
-0
-0
-0
-0
-0
0
0
0
0
0
0
0
0
0
0
0
0
0
0
0
0
0
0
0
0
0
0
0
0
0
0
0
0
0
0
0
0
0
0
0
0
0
0
0
0
0
0
0
0
0
0
0
0
0
0
-0
-0
-0
-0
-0
-0
-0
-0
-0
-0
-0
-0
-0
-0
-0
-0
-0
-0
-0
-0
-0
-0
-0
-0
-0
-0
-0
-0
-0
-0
-0
-0
-0
-0
-0
-0
-0
-0
-0
-0
-0
-0
-0
-0
-0
-0
-0
-0
-0
-0
0
0
0
0
0
0
0
0
0
0
0
0
0
0
0
0
0
0
0
0
0
0
0
0
0
0
0
0
0
0
0
0
0
0
0
0
0
0
0
0
0
0
0
0
0
0
0
0
0
0
-0
-0
-0
-0
-0
-0
-0
-0
-0
-0
-0
-0
-0
-0
-0
-0
-0
-0
-0
-0
-0
-0
-0
-0
-0
-0
-0
-0
-0
-0
-0
-0
-0
-0
-0
-0
-0
-0
-0
-0
-0
-0
-0
-0
-0
-0
-0
-0
-0
-0
0
0
0
0
0
0
0
0
0
0
0
0
0
0
0
0
0
0
0
0
0
0
0
0
0
0
0
0
0
0
0
0
0
0
0
0
0
0
0
0
0
0
0
0
0
0
0
0
0
0
-0
-0
-0
-0
-0
-0
-0
-0
-0
-0
-0
-0
-0
-0
-0
-0
-0
-0
-0
-0
-0
-0
-0
-0
-0
-0
-0
-0
-0
-0
-0
-0
-0
-0
-0
-0
-0
-0
-0
-0
-0
-0
-0
-0
-0
-0
-0
-0
-0
-0
0
0
0
0
0
0
0
0
0
0
0
0
0
0
0
0
0
0
0
0
0
0
0
0
0
0
0
0
0
0
0
0
0
0
0
0
0
0
0
0
0
0
0
0
0
0
0
0
0
0
-0
-0
-0
-0
-0
-0
-0
-0
-0
-0
-0
-0
-0
-0
-0
-0
-0
-0
-0
-0
-0
-0
-0
-0
-0
-0
-0
-0
-0
-0
-0
-0
-0
-0
-0
-0
-0
-0
-0
-0
-0
-0
-0
-0
-0
-0
-0
-0
-0
-0
0
0
0
0
0
0
0
0
0
0
0
0
0
0
0
0
0
0
0
0
0
0
0
0
0
0
0
0
0
0
0
0
0
0
0
0
0
0
0
0
0
0
0
0
0
0
0
0
0
0
-0
-0
-0
-0
-0
-0
-0
-0
-0
-0
-0
-0
-0
-0
-0
-0
-0
-0
-0
-0
-0
-0
-0
-0
-0
-0
-0
-0
-0
-0
-0
-0
-0
-0
-0
-0
-0
-0
-0
-0
-0
-0
-0
-0
-0
-0
-0
-0
-0
-0
0
0
0
0
0
0
0
0
0
0
0
0
0
0
0
0
0
0
0
0
0
0
0
0
0
0
0
0
0
0
0
0
0
0
0
0
0
0
0
0
0
0
0
0
0
0
0
0
0
0
-0
-0
-0
-0
-0
-0
-0
-0
-0
-0
-0
-0
-0
-0
-0
-0
-0
-0
-0
-0
-0
-0
-0
-0
-0
-0
-0
-0
-0
-0
-0
-0
-0
-0
-0
-0
-0
-0
-0
-0
-0
-0
-0
-0
-0
-0
-0
-0
-0
-0
0
0
0
0
0
0
0
0
0
0
0
0
0
0
0
0
0
0
0
0
0
0
0
0
0
0
0
0
0
0
0
0
0
0
0
0
0
0
0
0
0
0
0
0
0
0
0
0
0
0
-0
-0
-0
-0
-0
-0
-0
-0
-0
-0
-0
-0
-0
-0
-0
-0
-0
-0
-0
-0
-0
-0
-0
-0
-0
-0
-0
-0
-0
-0
-0
-0
-0
-0
-0
-0
-0
-0
-0
-0
-0
-0
-0
-0
-0
-0
-0
-0
-0
-0
0
0
0
0
0
0
0
0
0
0
0
0
0
0
0
0
0
0
0
0
0
0
0
0
0
0
0
0
0
0
0
0
0
0
0
0
0
0
0
0
0
0
0
0
0
0
0
0
0
0
-0
-0
-0
-0
-0
-0
-0
-0
-0
-0
-0
-0
-0
-0
-0
-0
-0
-0
-0
-0
-0
-0
-0
-0
-0
-0
-0
-0
-0
-0
-0
-0
-0
-0
-0
-0
-0
-0
-0
-0
-0
-0
-0
-0
-0
-0
-0
-0
-0
-0
0
0
0
0
0
0
0
0
0
0
0
0
0
0
0
0
0
0
0
0
0
0
0
0
0
0
0
0
0
0
0
0
0
0
0
0
0
0
0
0
0
0
0
0
0
0
0
0
0
0
-0
-0
-0
-0
-0
-0
-0
-0
-0
-0
-0
-0
-0
-0
-0
-0
-0
-0
-0
-0
-0
-0
-0
-0
-0
-0
-0
-0
-0
-0
-0
-0
-0
-0
-0
-0
-0
-0
-0
-0
-0
-0
-0
-0
-0
-0
-0
-0
-0
-0
0
0
0
0
0
0
0
0
0
0
0
0
0
0
0
0
0
0
0
0
0
0
0
0
0
0
0
0
0
0
0
0
0
0
0
0
0
0
0
0
0
0
0
0
0
0
0
0
0
0
-0
-0
-0
-0
-0
-0
-0
-0
-0
-0
-0
-0
-0
-0
-0
-0
-0
-0
-0
-0
-0
-0
-0
-0
-0
-0
-0
-0
-0
-0
-0
-0
-0
-0
-0
-0
-0
-0
-0
-0
-0
-0
-0
-0
-0
-0
-0
-0
-0
-0
0
0
0
0
0
0
0
0
0
0
0
0
0
0
0
0
0
0
0
0
0
0
0
0
0
0
0
0
0
0
0
0
0
0
0
0
0
0
0
0
0
0
0
0
0
0
0
0
0
-0
-0
-0
-0
-0
-0
-0
-0
-0
-0
-0
-0
-0
-0
-0
-0
-0
-0
-0
-0
-0
-0
-0
-0
-0
-0
-0
-0
-0
-0
-0
-0
-0
-0
-0
-0
-0
-0
-0
-0
-0
-0
-0
-0
-0
-0
-0
-0
-0
-0
-0
0
0
0
0
0
0
0
0
0
0
0
0
0
0
0
0
0
0
0
0
0
0
0
0
0
0
0
0
0
0
0
0
0
0
0
0
0
0
0
0
0
0
0
0
0
0
0
0
0
0
-0
-0
-0
-0
-0
-0
-0
-0
-0
-0
-0
-0
-0
-0
-0
-0
-0
-0
-0
-0
-0
-0
-0
-0
-0
-0
-0
-0
-0
-0
-0
-0
-0
-0
-0
-0
-0
-0
-0
-0
-0
-0
-0
-0
-0
-0
-0
-0
-0
0
0
0
0
0
0
0
0
0
0
0
0
0
0
0
0
0
0
0
0
0
0
0
0
0
0
0
0
0
0
0
0
0
0
0
0
0
0
0
0
0
0
0
0
0
0
0
0
0
0
0
-0
-0
-0
-0
-0
-0
-0
-0
-0
-0
-0
-0
-0
-0
-0
-0
-0
-0
-0
-0
-0
-0
-0
-0
-0
-0
-0
-0
-0
-0
-0
-0
-0
-0
-0
-0
-0
-0
-0
-0
-0
-0
-0
-0
-0
-0
-0
-0
-0
-0
0
0
0
0
0
0
0
0
0
0
0
0
0
0
0
0
0
0
0
0
0
0
0
0
0
0
0
0
0
0
0
0
0
0
0
0
0
0
0
0
0
0
0
0
0
0
0
0
0
0
-0
-0
-0
-0
-0
-0
-0
-0
-0
-0
-0
-0
-0
-0
-0
-0
-0
-0
-0
-0
-0
-0
-0
-0
-0
-0
-0
-0
-0
-0
-0
-0
-0
-0
-0
-0
-0
-0
-0
-0
-0
-0
-0
-0
-0
-0
-0
-0
-0
-0
0
0
0
0
0
0
0
0
0
0
0
0
0
0
0
0
0
0
0
0
0
0
0
0
0
0
0
0
0
0
0
0
0
0
0
0
0
0
0
0
0
0
0
0
0
0
0
0
0
-0
-0
-0
-0
-0
-0
-0
-0
-0
-0
-0
-0
-0
-0
-0
-0
-0
-0
-0
-0
-0
-0
-0
-0
-0
-0
-0
-0
-0
-0
-0
-0
-0
-0
-0
-0
-0
-0
-0
-0
-0
-0
-0
-0
-0
-0
-0
-0
-0
-0
-0
0
0
0
0
0
0
0
0
0
0
0
0
0
0
0
0
0
0
0
0
0
0
0
0
0
0
0
0
0
0
0
0
0
0
0
0
0
0
0
0
0
0
0
0
0
0
0
0
0
-0
-0
-0
-0
-0
-0
-0
-0
-0
-0
-0
-0
-0
-0
-0
-0
-0
-0
-0
-0
-0
-0
-0
-0
-0
-0
-0
-0
-0
-0
-0
-0
-0
-0
-0
-0
-0
-0
-0
-0
-0
-0
-0
-0
-0
-0
-0
-0
-0
-0
-0
0
0
0
0
0
0
0
0
0
0
0
0
0
0
0
0
0
0
0
0
0
0
0
0
0
0
0
0
0
0
0
0
0
0
0
0
0
0
0
0
0
0
0
0
0
0
0
0
0
0
-0
-0
-0
-0
-0
-0
-0
-0
-0
-0
-0
-0
-0
-0
-0
-0
-0
-0
-0
-0
-0
-0
-0
-0
-0
-0
-0
-0
-0
-0
-0
-0
-0
-0
-0
-0
-0
-0
-0
-0
-0
-0
-0
-0
-0
-0
-0
-0
-0
-0
0
0
0
0
0
0
0
0
0
0
0
0
0
0
0
0
0
0
0
0
0
0
0
0
0
0
0
0
0
0
0
0
0
0
0
0
0
0
0
0
0
0
0
0
0
0
0
0
0
0
-0
-0
-0
-0
-0
-0
-0
-0
-0
-0
-0
-0
-0
-0
-0
-0
-0
-0
-0
-0
-0
-0
-0
-0
-0
-0
-0
-0
-0
-0
-0
-0
-0
-0
-0
-0
-0
-0
-0
-0
-0
-0
-0
-0
-0
-0
-0
-0
-0
-0
0
0
0
0
0
0
0
0
0
0
0
0
0
0
0
0
0
0
0
0
0
0
0
0
0
0
0
0
0
0
0
0
0
0
0
0
0
0
0
0
0
0
0
0
0
0
0
0
0
0
-0
-0
-0
-0
-0
-0
-0
-0
-0
-0
-0
-0
-0
-0
-0
-0
-0
-0
-0
-0
-0
-0
-0
-0
-0
-0
-0
-0
-0
-0
-0
-0
-0
-0
-0
-0
-0
-0
-0
-0
-0
-0
-0
-0
-0
-0
-0
-0
-0
-0
0
0
0
0
0
0
0
0
0
0
0
0
0
0
0
0
0
0
0
0
0
0
0
0
0
0
0
0
0
0
0
0
0
0
0
0
0
0
0
0
0
0
0
0
0
0
0
0
0
-0
-0
-0
-0
-0
-0
-0
-0
-0
-0
-0
-0
-0
-0
-0
-0
-0
-0
-0
-0
-0
-0
-0
-0
-0
-0
-0
-0
-0
-0
-0
-0
-0
-0
-0
-0
-0
-0
-0
-0
-0
-0
-0
-0
-0
-0
-0
-0
-0
-0
-0
0
0
0
0
0
0
0
0
0
0
0
0
0
0
0
0
0
0
0
0
0
0
0
0
0
0
0
0
0
0
0
0
0
0
0
0
0
0
0
0
0
0
0
0
0
0
0
0
0
-0
-0
-0
-0
-0
-0
-0
-0
-0
-0
-0
-0
-0
-0
-0
-0
-0
-0
-0
-0
-0
-0
-0
-0
-0
-0
-0
-0
-0
-0
-0
-0
-0
-0
-0
-0
-0
-0
-0
-0
-0
-0
-0
-0
-0
-0
-0
-0
-0
-0
-0
0
0
0
0
0
0
0
0
0
0
0
0
0
0
0
0
0
0
0
0
0
0
0
0
0
0
0
0
0
0
0
0
0
0
0
0
0
0
0
0
0
0
0
0
0
0
0
0
0
0
-0
-0
-0
-0
-0
-0
-0
-0
-0
-0
-0
-0
-0
-0
-0
-0
-0
-0
-0
-0
-0
-0
-0
-0
-0
-0
-0
-0
-0
-0
-0
-0
-0
-0
-0
-0
-0
-0
-0
-0
-0
-0
-0
-0
-0
-0
-0
-0
-0
-0
0
0
0
0
0
0
0
0
0
0
0
0
0
0
0
0
0
0
0
0
0
0
0
0
0
0
0
0
0
0
0
0
0
0
0
0
0
0
0
0
0
0
0
0
0
0
0
0
0
0
-0
-0
-0
-0
-0
-0
-0
-0
-0
-0
-0
-0
-0
-0
-0
-0
-0
-0
-0
-0
-0
-0
-0
-0
-0
-0
-0
-0
-0
-0
-0
-0
-0
-0
-0
-0
-0
-0
-0
-0
-0
-0
-0
-0
-0
-0
-0
-0
-0
-0
0
0
0
0
0
0
0
0
0
0
0
0
0
0
0
0
0
0
0
0
0
0
0
0
0
0
0
0
0
0
0
0
0
0
0
0
0
0
0
0
0
0
0
0
0
0
0
0
0
0
-0
-0
-0
-0
-0
-0
-0
-0
-0
-0
-0
-0
-0
-0
-0
-0
-0
-0
-0
-0
-0
-0
-0
-0
-0
-0
-0
-0
-0
-0
-0
-0
-0
-0
-0
-0
-0
-0
-0
-0
-0
-0
-0
-0
-0
-0
-0
-0
-0
-0
0
0
0
0
0
0
0
0
0
0
0
0
0
0
0
0
0
0
0
0
0
0
0
0
0
0
0
0
0
0
0
0
0
0
0
0
0
0
0
0
0
0
0
0
0
0
0
0
0
-0
-0
-0
-0
-0
-0
-0
-0
-0
-0
-0
-0
-0
-0
-0
-0
-0
-0
-0
-0
-0
-0
-0
-0
-0
-0
-0
-0
-0
-0
-0
-0
-0
-0
-0
-0
-0
-0
-0
-0
-0
-0
-0
-0
-0
-0
-0
-0
-0
-0
-0
0
0
0
0
0
0
0
0
0
0
0
0
0
0
0
0
0
0
0
0
0
0
0
0
0
0
0
0
0
0
0
0
0
0
0
0
0
0
0
0
0
0
0
0
0
0
0
0
0
-0
-0
-0
-0
-0
-0
-0
-0
-0
-0
-0
-0
-0
-0
-0
-0
-0
-0
-0
-0
-0
-0
-0
-0
-0
-0
-0
-0
-0
-0
-0
-0
-0
-0
-0
-0
-0
-0
-0
-0
-0
-0
-0
-0
-0
-0
-0
-0
-0
-0
-0
0
0
0
0
0
0
0
0
0
0
0
0
0
0
0
0
0
0
0
0
0
0
0
0
0
0
0
0
0
0
0
0
0
0
0
0
0
0
0
0
0
0
0
0
0
0
0
0
0
0
-0
-0
-0
-0
-0
-0
-0
-0
-0
-0
-0
-0
-0
-0
-0
-0
-0
-0
-0
-0
-0
-0
-0
-0
-0
-0
-0
-0
-0
-0
-0
-0
-0
-0
-0
-0
-0
-0
-0
-0
-0
-0
-0
-0
-0
-0
-0
-0
-0
-0
0
0
0
0
0
0
0
0
0
0
0
0
0
0
0
0
0
0
0
0
0
0
0
0
0
0
0
0
0
0
0
0
0
0
0
0
0
0
0
0
0
0
0
0
0
0
0
0
0
0
-0
-0
-0
-0
-0
-0
-0
-0
-0
-0
-0
-0
-0
-0
-0
-0
-0
-0
-0
-0
-0
-0
-0
-0
-0
-0
-0
-0
-0
-0
-0
-0
-0
-0
-0
-0
-0
-0
-0
-0
-0
-0
-0
-0
-0
-0
-0
-0
-0
-0
0
0
0
0
0
0
0
0
0
0
0
0
0
0
0
0
0
0
0
0
0
0
0
0
0
0
0
0
0
0
0
0
0
0
0
0
0
0
0
0
0
0
0
0
0
0
0
0
0
0
-0
-0
-0
-0
-0
-0
-0
-0
-0
-0
-0
-0
-0
-0
-0
-0
-0
-0
-0
-0
-0
-0
-0
-0
-0
-0
-0
-0
-0
-0
-0
-0
-0
-0
-0
-0
-0
-0
-0
-0
-0
-0
-0
-0
-0
-0
-0
-0
-0
-0
0
0
0
0
0
0
0
0
0
0
0
0
0
0
0
0
0
0
0
0
0
0
0
0
0
0
0
0
0
0
0
0
0
0
0
0
0
0
0
0
0
0
0
0
0
0
0
0
0
-0
-0
-0
-0
-0
-0
-0
-0
-0
-0
-0
-0
-0
-0
-0
-0
-0
-0
-0
-0
-0
-0
-0
-0
-0
-0
-0
-0
-0
-0
-0
-0
-0
-0
-0
-0
-0
-0
-0
-0
-0
-0
-0
-0
-0
-0
-0
-0
-0
-0
-0
0
0
0
0
0
0
0
0
0
0
0
0
0
0
0
0
0
0
0
0
0
0
0
0
0
0
0
0
0
0
0
0
0
0
0
0
0
0
0
0
0
0
0
0
0
0
0
0
0
-0
-0
-0
-0
-0
-0
-0
-0
-0
-0
-0
-0
-0
-0
-0
-0
-0
-0
-0
-0
-0
-0
-0
-0
-0
-0
-0
-0
-0
-0
-0
-0
-0
-0
-0
-0
-0
-0
-0
-0
-0
-0
-0
-0
-0
-0
-0
-0
-0
-0
-0
0
0
0
0
0
0
0
0
0
0
0
0
0
0
0
0
0
0
0
0
0
0
0
0
0
0
0
0
0
0
0
0
0
0
0
0
0
0
0
0
0
0
0
0
0
0
0
0
0
-0
