0
0
0
0
0
0
0
0
0
0
0
0
0
0
0
0
0
0
0
0
0
0
0
0
0
0
0
0
0
0
0
0
0
0
0
0
0
0
0
0
0
0
0
0
0
0
0
0
0
0
0
-0
-0
-0
-0
-0
-0
-0
-0
-0
-0
-0
-0
-0
-0
-0
-0
-0
-0
-0
-0
-0
-0
-0
-0
-0
-0
-0
-0
-0
-0
-0
-0
-0
-0
-0
-0
-0
-0
-0
-0
-0
-0
-0
-0
-0
-0
-0
-0
-0
-0
0
0
0
0
0
0
0
0
0
0
0
0
0
0
0
0
0
0
0
0
0
0
0
0
0
0
0
0
0
0
0
0
0
0
0
0
0
0
0
0
0
0
0
0
0
0
0
0
0
0
-0
-0
-0
-0
-0
-0
-0
-0
-0
-0
-0
-0
-0
-0
-0
-0
-0
-0
-0
-0
-0
-0
-0
-0
-0
-0
-0
-0
-0
-0
-0
-0
-0
-0
-0
-0
-0
-0
-0
-0
-0
-0
-0
-0
-0
-0
-0
-0
-0
-0
0
0
0
0
0
0
0
0
0
0
0
0
0
0
0
0
0
0
0
0
0
0
0
0
0
0
0
0
0
0
0
0
0
0
0
0
0
0
0
0
0
0
0
0
0
0
0
0
0
0
-0
-0
-0
-0
-0
-0
-0
-0
-0
-0
-0
-0
-0
-0
-0
-0
-0
-0
-0
-0
-0
-0
-0
-0
-0
-0
-0
-0
-0
-0
-0
-0
-0
-0
-0
-0
-0
-0
-0
-0
-0
-0
-0
-0
-0
-0
-0
-0
-0
-0
0
0
0
0
0
0
0
0
0
0
0
0
0
0
0
0
0
0
0
0
0
0
0
0
0
0
0
0
0
0
0
0
0
0
0
0
0
0
0
0
0
0
0
0
0
0
0
0
0
-0
-0
-0
-0
-0
-0
-0
-0
-0
-0
-0
-0
-0
-0
-0
-0
-0
-0
-0
-0
-0
-0
-0
-0
-0
-0
-0
-0
-0
-0
-0
-0
-0
-0
-0
-0
-0
-0
-0
-0
-0
-0
-0
-0
-0
-0
-0
-0
-0
-0
-0
0
0
0
0
0
0
0
0
0
0
0
0
0
0
0
0
0
0
0
0
0
0
0
0
0
0
0
0
0
0
0
0
0
0
0
0
0
0
0
0
0
0
0
0
0
0
0
0
0
0
-0
-0
-0
-0
-0
-0
-0
-0
-0
-0
-0
-0
-0
-0
-0
-0
-0
-0
-0
-0
-0
-0
-0
-0
-0
-0
-0
-0
-0
-0
-0
-0
-0
-0
-0
-0
-0
-0
-0
-0
-0
-0
-0
-0
-0
-0
-0
-0
-0
-0
0
0
0
0
0
0
0
0
0
0
0
0
0
0
0
0
0
0
0
0
0
0
0
0
0
0
0
0
0
0
0
0
0
0
0
0
0
0
0
0
0
0
0
0
0
0
0
0
0
-0
-0
-0
-0
-0
-0
-0
-0
-0
-0
-0
-0
-0
-0
-0
-0
-0
-0
-0
-0
-0
-0
-0
-0
-0
-0
-0
-0
-0
-0
-0
-0
-0
-0
-0
-0
-0
-0
-0
-0
-0
-0
-0
-0
-0
-0
-0
-0
-0
-0
-0
0
0
0
0
0
0
0
0
0
0
0
0
0
0
0
0
0
0
0
0
0
0
0
0
0
0
0
0
0
0
0
0
0
0
0
0
0
0
0
0
0
0
0
0
0
0
0
0
0
-0
-0
-0
-0
-0
-0
-0
-0
-0
-0
-0
-0
-0
-0
-0
-0
-0
-0
-0
-0
-0
-0
-0
-0
-0
-0
-0
-0
-0
-0
-0
-0
-0
-0
-0
-0
-0
-0
-0
-0
-0
-0
-0
-0
-0
-0
-0
-0
-0
-0
0
0
0
0
0
0
0
0
0
0
0
0
0
0
0
0
0
0
0
0
0
0
0
0
0
0
0
0
0
0
0
0
0
0
0
0
0
0
0
0
0
0
0
0
0
0
0
0
0
0
0
-0
-0
-0
-0
-0
-0
-0
-0
-0
-0
-0
-0
-0
-0
-0
-0
-0
-0
-0
-0
-0
-0
-0
-0
-0
-0
-0
-0
-0
-0
-0
-0
-0
-0
-0
-0
-0
-0
-0
-0
-0
-0
-0
-0
-0
-0
-0
-0
-0
-0
0
0
0
0
0
0
0
0
0
0
0
0
0
0
0
0
0
0
0
0
0
0
0
0
0
0
0
0
0
0
0
0
0
0
0
0
0
0
0
0
0
0
0
0
0
0
0
0
0
0
-0
-0
-0
-0
-0
-0
-0
-0
-0
-0
-0
-0
-0
-0
-0
-0
-0
-0
-0
-0
-0
-0
-0
-0
-0
-0
-0
-0
-0
-0
-0
-0
-0
-0
-0
-0
-0
-0
-0
-0
-0
-0
-0
-0
-0
-0
-0
-0
-0
-0
0
0
0
0
0
0
0
0
0
0
0
0
0
0
0
0
0
0
0
0
0
0
0
0
0
0
0
0
0
0
0
0
0
0
0
0
0
0
0
0
0
0
0
0
0
0
0
0
0
-0
-0
-0
-0
-0
-0
-0
-0
-0
-0
-0
-0
-0
-0
-0
-0
-0
-0
-0
-0
-0
-0
-0
-0
-0
-0
-0
-0
-0
-0
-0
-0
-0
-0
-0
-0
-0
-0
-0
-0
-0
-0
-0
-0
-0
-0
-0
-0
-0
-0
-0
0
0
0
0
0
0
0
0
0
0
0
0
0
0
0
0
0
0
0
0
0
0
0
0
0
0
0
0
0
0
0
0
0
0
0
0
0
0
0
0
0
0
0
0
0
0
0
0
0
-0
-0
-0
-0
-0
-0
-0
-0
-0
-0
-0
-0
-0
-0
-0
-0
-0
-0
-0
-0
-0
-0
-0
-0
-0
-0
-0
-0
-0
-0
-0
-0
-0
-0
-0
-0
-0
-0
-0
-0
-0
-0
-0
-0
-0
-0
-0
-0
-0
-0
0
0
0
0
0
0
0
0
0
0
0
0
0
0
0
0
0
0
0
0
0
0
0
0
0
0
0
0
0
0
0
0
0
0
0
0
0
0
0
0
0
0
0
0
0
0
0
0
0
0
-0
-0
-0
-0
-0
-0
-0
-0
-0
-0
-0
-0
-0
-0
-0
-0
-0
-0
-0
-0
-0
-0
-0
-0
-0
-0
-0
-0
-0
-0
-0
-0
-0
-0
-0
-0
-0
-0
-0
-0
-0
-0
-0
-0
-0
-0
-0
-0
-0
-0
-0
0
0
0
0
0
0
0
0
0
0
0
0
0
0
0
0
0
0
0
0
0
0
0
0
0
0
0
0
0
0
0
0
0
0
0
0
0
0
0
0
0
0
0
0
0
0
0
0
0
-0
-0
-0
-0
-0
-0
-0
-0
-0
-0
-0
-0
-0
-0
-0
-0
-0
-0
-0
-0
-0
-0
-0
-0
-0
-0
-0
-0
-0
-0
-0
-0
-0
-0
-0
-0
-0
-0
-0
-0
-0
-0
-0
-0
-0
-0
-0
-0
-0
-0
0
0
0
0
0
0
0
0
0
0
0
0
0
0
0
0
0
0
0
0
0
0
0
0
0
0
0
0
0
0
0
0
0
0
0
0
0
0
0
0
0
0
0
0
0
0
0
0
0
0
-0
-0
-0
-0
-0
-0
-0
-0
-0
-0
-0
-0
-0
-0
-0
-0
-0
-0
-0
-0
-0
-0
-0
-0
-0
-0
-0
-0
-0
-0
-0
-0
-0
-0
-0
-0
-0
-0
-0
-0
-0
-0
-0
-0
-0
-0
-0
-0
-0
-0
0
0
0
0
0
0
0
0
0
0
0
0
0
0
0
0
0
0
0
0
0
0
0
0
0
0
0
0
0
0
0
0
0
0
0
0
0
0
0
0
0
0
0
0
0
0
0
0
0
0
-0
-0
-0
-0
-0
-0
-0
-0
-0
-0
-0
-0
-0
-0
-0
-0
-0
-0
-0
-0
-0
-0
-0
-0
-0
-0
-0
-0
-0
-0
-0
-0
-0
-0
-0
-0
-0
-0
-0
-0
-0
-0
-0
-0
-0
-0
-0
-0
-0
-0
-0
0
0
0
0
0
0
0
0
0
0
0
0
0
0
0
0
0
0
0
0
0
0
0
0
0
0
0
0
0
0
0
0
0
0
0
0
0
0
0
0
0
0
0
0
0
0
0
0
0
0
-0
-0
-0
-0
-0
-0
-0
-0
-0
-0
-0
-0
-0
-0
-0
-0
-0
-0
-0
-0
-0
-0
-0
-0
-0
-0
-0
-0
-0
-0
-0
-0
-0
-0
-0
-0
-0
-0
-0
-0
-0
-0
-0
-0
-0
-0
-0
-0
-0
-0
0
0
0
0
0
0
0
0
0
0
0
0
0
0
0
0
0
0
0
0
0
0
0
0
0
0
0
0
0
0
0
0
0
0
0
0
0
0
0
0
0
0
0
0
0
0
0
0
0
0
-0
-0
-0
-0
-0
-0
-0
-0
-0
-0
-0
-0
-0
-0
-0
-0
-0
-0
-0
-0
-0
-0
-0
-0
-0
-0
-0
-0
-0
-0
-0
-0
-0
-0
-0
-0
-0
-0
-0
-0
-0
-0
-0
-0
-0
-0
-0
-0
-0
-0
0
0
0
0
0
0
0
0
0
0
0
0
0
0
0
0
0
0
0
0
0
0
0
0
0
0
0
0
0
0
0
0
0
0
0
0
0
0
0
0
0
0
0
0
0
0
0
0
0
0
-0
-0
-0
-0
-0
-0
-0
-0
-0
-0
-0
-0
-0
-0
-0
-0
-0
-0
-0
-0
-0
-0
-0
-0
-0
-0
-0
-0
-0
-0
-0
-0
-0
-0
-0
-0
-0
-0
-0
-0
-0
-0
-0
-0
-0
-0
-0
-0
-0
-0
0
0
0
0
0
0
0
0
0
0
0
0
0
0
0
0
0
0
0
0
0
0
0
0
0
0
0
0
0
0
0
0
0
0
0
0
0
0
0
0
0
0
0
0
0
0
0
0
0
0
-0
-0
-0
-0
-0
-0
-0
-0
-0
-0
-0
-0
-0
-0
-0
-0
-0
-0
-0
-0
-0
-0
-0
-0
-0
-0
-0
-0
-0
-0
-0
-0
-0
-0
-0
-0
-0
-0
-0
-0
-0
-0
-0
-0
-0
-0
-0
-0
-0
0
0
0
0
0
0
0
0
0
0
0
0
0
0
0
0
0
0
0
0
0
0
0
0
0
0
0
0
0
0
0
0
0
0
0
0
0
0
0
0
0
0
0
0
0
0
0
0
0
0
0
-0
-0
-0
-0
-0
-0
-0
-0
-0
-0
-0
-0
-0
-0
-0
-0
-0
-0
-0
-0
-0
-0
-0
-0
-0
-0
-0
-0
-0
-0
-0
-0
-0
-0
-0
-0
-0
-0
-0
-0
-0
-0
-0
-0
-0
-0
-0
-0
-0
-0
8.0058e-08
3.196e-07
7.1673e-07
1.2683e-06
1.97e-06
2.8162e-06
3.8001e-06
4.9139e-06
6.1486e-06
7.4943e-06
8.9399e-06
1.0474e-05
1.2083e-05
1.3754e-05
1.5472e-05
1.7224e-05
1.8994e-05
2.0766e-05
2.2524e-05
2.4252e-05
2.5934e-05
2.7553e-05
2.9094e-05
3.054e-05
3.1875e-05
3.3085e-05
3.4154e-05
3.5068e-05
3.5813e-05
3.6378e-05
3.6749e-05
3.6917e-05
3.6871e-05
3.6602e-05
3.6102e-05
3.5367e-05
3.4389e-05
3.3166e-05
3.1696e-05
2.9977e-05
2.801e-05
2.5798e-05
2.3343e-05
2.0652e-05
1.773e-05
1.4586e-05
1.1229e-05
7.6704e-06
3.9228e-06
9.9955e-19
-4.083e-06
-8.3096e-06
-1.2662e-05
-1.7122e-05
-2.167e-05
-2.6284e-05
-3.0944e-05
-3.5626e-05
-4.0308e-05
-4.4966e-05
-4.9576e-05
-5.4113e-05
-5.8554e-05
-6.2874e-05
-6.7047e-05
-7.105e-05
-7.4858e-05
-7.8449e-05
-8.1797e-05
-8.4882e-05
-8.7681e-05
-9.0174e-05
-9.2341e-05
-9.4164e-05
-9.5625e-05
-9.6709e-05
-9.7401e-05
-9.7688e-05
-9.7561e-05
-9.7008e-05
-9.6023e-05
-9.46e-05
-9.2735e-05
-9.0428e-05
-8.7677e-05
-8.4487e-05
-8.0861e-05
-7.6806e-05
-7.2332e-05
-6.7448e-05
-6.2169e-05
-5.651e-05
-5.0487e-05
-4.412e-05
-3.743e-05
-3.044e-05
-2.3174e-05
-1.566e-05
-7.9257e-06
2.5014e-19
8.0858e-06
1.63e-05
2.4608e-05
3.2976e-05
4.137e-05
4.9752e-05
5.8087e-05
6.6337e-05
7.4467e-05
8.2437e-05
9.0211e-05
9.7753e-05
0.00010503
0.00011199
0.00011862
0.00012488
0.00013072
0.00013613
0.00014107
0.00014551
0.00014943
0.00015279
0.00015559
0.00015779
0.00015938
0.00016033
0.00016065
0.00016031
0.00015931
0.00015764
0.0001553
0.00015228
0.0001486
0.00014425
0.00013925
0.00013361
0.00012733
0.00012045
0.00011297
0.00010492
9.6328e-05
8.7222e-05
7.763e-05
6.7588e-05
5.713e-05
4.6294e-05
3.512e-05
2.365e-05
1.1929e-05
1.6866e-18
-1.2089e-05
-2.429e-05
-3.6553e-05
-4.883e-05
-6.1069e-05
-7.322e-05
-8.523e-05
-9.7049e-05
-0.00010863
-0.00011991
-0.00013085
-0.00014139
-0.0001515
-0.00016111
-0.0001702
-0.0001787
-0.00018659
-0.00019381
-0.00020034
-0.00020614
-0.00021118
-0.00021542
-0.00021884
-0.00022141
-0.00022313
-0.00022396
-0.0002239
-0.00022293
-0.00022105
-0.00021827
-0.00021457
-0.00020997
-0.00020446
-0.00019808
-0.00019083
-0.00018273
-0.0001738
-0.00016409
-0.0001536
-0.00014239
-0.00013049
-0.00011793
-0.00010477
-9.1056e-05
-7.6829e-05
-6.2148e-05
-4.7066e-05
-3.164e-05
-1.5932e-05
2.2497e-18
1.6092e-05
3.228e-05
4.8499e-05
6.4684e-05
8.0769e-05
9.6688e-05
0.00011237
0.00012776
0.00014278
0.00015738
0.00017148
0.00018503
0.00019797
0.00021023
0.00022177
0.00023253
0.00024245
0.0002515
0.00025962
0.00026677
0.00027292
0.00027804
0.00028208
0.00028504
0.00028688
0.00028758
0.00028714
0.00028555
0.0002828
0.0002789
0.00027384
0.00026765
0.00026033
0.00025191
0.0002424
0.00023185
0.00022028
0.00020773
0.00019424
0.00017986
0.00016465
0.00014865
0.00013192
0.00011452
9.6529e-05
7.8002e-05
5.9011e-05
3.963e-05
1.9934e-05
6.2418e-19
-2.0095e-05
-4.027e-05
-6.0445e-05
-8.0538e-05
-0.00010047
-0.00012016
-0.00013952
-0.00015847
-0.00017694
-0.00019485
-0.00021212
-0.00022867
-0.00024444
-0.00025935
-0.00027335
-0.00028635
-0.00029832
-0.00030918
-0.00031889
-0.0003274
-0.00033467
-0.00034066
-0.00034533
-0.00034866
-0.00035063
-0.00035121
-0.00035039
-0.00034817
-0.00034455
-0.00033953
-0.00033312
-0.00032533
-0.00031619
-0.00030573
-0.00029398
-0.00028097
-0.00026675
-0.00025137
-0.00023487
-0.00021733
-0.00019881
-0.00017936
-0.00015906
-0.00013799
-0.00011623
-9.3856e-05
-7.0957e-05
-4.762e-05
-2.3937e-05
5.9987e-18
2.4097e-05
4.826e-05
7.239e-05
9.6392e-05
0.00012017
0.00014362
0.00016666
0.00018918
0.0002111
0.00023232
0.00025275
0.00027231
0.00029091
0.00030847
0.00032492
0.00034018
0.00035418
0.00036686
0.00037816
0.00038803
0.00039642
0.00040328
0.00040858
0.00041228
0.00041437
0.00041483
0.00041364
0.00041079
0.0004063
0.00040016
0.00039239
0.00038301
0.00037206
0.00035956
0.00034555
0.00033009
0.00031322
0.00029501
0.00027551
0.0002548
0.00023296
0.00021007
0.0001862
0.00016146
0.00013593
0.00010971
8.2902e-05
5.561e-05
2.794e-05
-2.1877e-18
-2.81e-05
-5.625e-05
-8.4336e-05
-0.00011225
-0.00013987
-0.00016709
-0.0001938
-0.0002199
-0.00024526
-0.00026979
-0.00029339
-0.00031595
-0.00033738
-0.0003576
-0.0003765
-0.00039401
-0.00041005
-0.00042454
-0.00043744
-0.00044866
-0.00045816
-0.0004659
-0.00047182
-0.00047591
-0.00047813
-0.00047845
-0.00047688
-0.00047341
-0.00046804
-0.00046079
-0.00045166
-0.0004407
-0.00042792
-0.00041338
-0.00039713
-0.00037921
-0.00035969
-0.00033865
-0.00031615
-0.00029228
-0.00026712
-0.00024078
-0.00021335
-0.00018493
-0.00015563
-0.00012556
-9.4848e-05
-6.36e-05
-3.1943e-05
-2.9979e-18
3.2103e-05
6.424e-05
9.6281e-05
0.0001281
0.00015957
0.00019056
0.00022095
0.00025061
0.00027942
0.00030726
0.00033403
0.00035959
0.00038386
0.00040672
0.00042807
0.00044783
0.00046591
0.00048223
0.00049671
0.00050929
0.00051991
0.00052852
0.00053507
0.00053953
0.00054188
0.00054208
0.00054013
0.00053603
0.00052979
0.00052142
0.00051094
0.00049838
0.00048379
0.00046721
0.0004487
0.00042833
0.00040616
0.00038229
0.00035678
0.00032975
0.00030128
0.00027149
0.00024049
0.0002084
0.00017533
0.00014142
0.00010679
7.159e-05
3.5946e-05
-6.7489e-18
-3.6106e-05
-7.223e-05
-0.00010823
-0.00014395
-0.00017927
-0.00021403
-0.00024809
-0.00028132
-0.00031358
-0.00034474
-0.00037466
-0.00040323
-0.00043033
-0.00045584
-0.00047965
-0.00050166
-0.00052177
-0.00053991
-0.00055598
-0.00056992
-0.00058166
-0.00059114
-0.00059832
-0.00060316
-0.00060563
-0.0006057
-0.00060338
-0.00059865
-0.00059154
-0.00058205
-0.00057021
-0.00055606
-0.00053965
-0.00052103
-0.00050028
-0.00047745
-0.00045263
-0.00042593
-0.00039742
-0.00036722
-0.00033544
-0.0003022
-0.00026763
-0.00023186
-0.00019503
-0.00015727
-0.00011874
-7.958e-05
-3.9949e-05
6.249e-19
3.9869e-05
7.9421e-05
0.0001185
0.00015695
0.00019463
0.00023139
0.00026709
0.00030159
0.00033476
0.00036647
0.00039661
0.00042505
0.00045171
0.00047647
0.00049924
0.00051996
0.00053853
0.00055491
0.00056902
0.00058083
0.0005903
0.0005974
0.00060211
0.00060443
0.00060435
0.00060188
0.00059705
0.00058989
0.00058042
0.00056871
0.0005548
0.00053876
0.00052066
0.00050058
0.00047861
0.00045485
0.0004294
0.00040236
0.00037385
0.00034399
0.0003129
0.00028071
0.00024755
0.00021356
0.00017887
0.00014364
0.00010799
7.207e-05
3.6026e-05
-1.0661e-17
-3.5866e-05
-7.1431e-05
-0.00010655
-0.0001411
-0.00017493
-0.00020793
-0.00023995
-0.00027088
-0.0003006
-0.000329
-0.00035597
-0.00038141
-0.00040523
-0.00042735
-0.00044767
-0.00046613
-0.00048267
-0.00049723
-0.00050975
-0.0005202
-0.00052856
-0.00053478
-0.00053887
-0.00054081
-0.0005406
-0.00053826
-0.00053381
-0.00052727
-0.00051868
-0.00050808
-0.00049552
-0.00048107
-0.00046479
-0.00044676
-0.00042704
-0.00040573
-0.00038293
-0.00035872
-0.00033321
-0.00030652
-0.00027874
-0.00024999
-0.0002204
-0.00019009
-0.00015917
-0.00012778
-9.6042e-05
-6.408e-05
-3.2023e-05
3.9898e-18
3.1863e-05
6.3441e-05
9.4609e-05
0.00012525
0.00015523
0.00018446
0.0002128
0.00024017
0.00026644
0.00029153
0.00031533
0.00033777
0.00035876
0.00037823
0.00039609
0.00041231
0.00042681
0.00043954
0.00045048
0.00045957
0.00046681
0.00047216
0.00047562
0.00047718
0.00047685
0.00047464
0.00047056
0.00046465
0.00045693
0.00044745
0.00043625
0.00042339
0.00040893
0.00039293
0.00037546
0.00035661
0.00033646
0.00031508
0.00029258
0.00026904
0.00024458
0.00021928
0.00019326
0.00016662
0.00013947
0.00011193
8.4097e-05
5.609e-05
2.802e-05
1.3073e-18
-2.786e-05
-5.5451e-05
-8.2663e-05
-0.00010939
-0.00013553
-0.00016099
-0.00018566
-0.00020945
-0.00023228
-0.00025406
-0.0002747
-0.00029413
-0.00031229
-0.00032911
-0.00034452
-0.00035848
-0.00037094
-0.00038186
-0.0003912
-0.00039894
-0.00040506
-0.00040954
-0.00041237
-0.00041356
-0.0004131
-0.00041101
-0.00040731
-0.00040203
-0.00039518
-0.00038682
-0.00037698
-0.00036571
-0.00035306
-0.0003391
-0.00032389
-0.00030749
-0.00028998
-0.00027144
-0.00025194
-0.00023157
-0.00021042
-0.00018857
-0.00016612
-0.00014315
-0.00011977
-9.6075e-05
-7.2151e-05
-4.81e-05
-2.4017e-05
5.6052e-18
2.3857e-05
4.7461e-05
7.0718e-05
9.3538e-05
0.00011584
0.00013752
0.00015852
0.00017874
0.00019812
0.00021658
0.00023406
0.00025049
0.00026582
0.00027999
0.00029295
0.00030465
0.00031508
0.00032418
0.00033193
0.00033831
0.00034331
0.00034692
0.00034913
0.00034993
0.00034935
0.00034739
0.00034407
0.0003394
0.00033343
0.00032619
0.0003177
0.00030803
0.0002972
0.00028528
0.00027232
0.00025837
0.00024351
0.0002278
0.00021131
0.0001941
0.00017626
0.00015786
0.00013897
0.00011969
0.00010008
8.0221e-05
6.0206e-05
4.011e-05
2.0014e-05
-1.2453e-18
-1.9854e-05
-3.9471e-05
-5.8772e-05
-7.7685e-05
-9.6135e-05
-0.00011405
-0.00013137
-0.00014803
-0.00016396
-0.00017911
-0.00019343
-0.00020685
-0.00021935
-0.00023087
-0.00024137
-0.00025083
-0.00025921
-0.00026649
-0.00027266
-0.00027768
-0.00028157
-0.0002843
-0.00028588
-0.00028631
-0.0002856
-0.00028376
-0.00028082
-0.00027678
-0.00027169
-0.00026556
-0.00025843
-0.00025034
-0.00024133
-0.00023145
-0.00022074
-0.00020925
-0.00019704
-0.00018416
-0.00017067
-0.00015663
-0.0001421
-0.00012715
-0.00011183
-9.6219e-05
-8.0375e-05
-6.4367e-05
-4.826e-05
-3.212e-05
-1.6012e-05
5.4712e-18
1.5851e-05
3.1481e-05
4.6827e-05
6.1831e-05
7.6435e-05
9.0586e-05
0.00010423
0.00011732
0.0001298
0.00014164
0.00015279
0.00016321
0.00017287
0.00018174
0.0001898
0.000197
0.00020335
0.00020881
0.00021338
0.00021705
0.00021982
0.00022168
0.00022263
0.00022268
0.00022185
0.00022014
0.00021757
0.00021416
0.00020994
0.00020493
0.00019916
0.00019266
0.00018547
0.00017763
0.00016917
0.00016013
0.00015057
0.00014052
0.00013003
0.00011916
0.00010794
9.6435e-05
8.4688e-05
7.2751e-05
6.0675e-05
4.8513e-05
3.6314e-05
2.413e-05
1.2009e-05
-2.0485e-18
-1.1849e-05
-2.3491e-05
-3.4881e-05
-4.5977e-05
-5.6736e-05
-6.7118e-05
-7.7087e-05
-8.6607e-05
-9.5645e-05
-0.00010417
-0.00011215
-0.00011957
-0.0001264
-0.00013262
-0.00013822
-0.00014318
-0.00014748
-0.00015113
-0.00015411
-0.00015643
-0.00015807
-0.00015906
-0.00015938
-0.00015906
-0.0001581
-0.00015652
-0.00015432
-0.00015154
-0.00014819
-0.0001443
-0.00013988
-0.00013498
-0.00012961
-0.0001238
-0.00011759
-0.00011101
-0.0001041
-9.6881e-05
-8.9399e-05
-8.1687e-05
-7.3783e-05
-6.5723e-05
-5.7544e-05
-4.9283e-05
-4.0976e-05
-3.2659e-05
-2.4369e-05
-1.614e-05
-8.0058e-06
3.1252e-22
7.8457e-06
1.5501e-05
2.2935e-05
3.0123e-05
3.7036e-05
4.365e-05
4.9944e-05
5.5895e-05
6.1486e-05
6.6699e-05
7.1519e-05
7.5933e-05
7.9931e-05
8.3504e-05
8.6646e-05
8.9351e-05
9.1618e-05
9.3446e-05
9.4837e-05
9.5795e-05
9.6326e-05
9.6436e-05
9.6136e-05
9.5436e-05
9.435e-05
9.2891e-05
9.1076e-05
8.8922e-05
8.6446e-05
8.3669e-05
8.0612e-05
7.7295e-05
7.3741e-05
6.9974e-05
6.6016e-05
6.1891e-05
5.7625e-05
5.3241e-05
4.8763e-05
4.4216e-05
3.9624e-05
3.5011e-05
3.0401e-05
2.5815e-05
2.1276e-05
1.6805e-05
1.2423e-05
8.1498e-06
4.0029e-06
-1.1023e-18
-3.8428e-06
-7.5106e-06
-1.099e-05
-1.4269e-05
-1.7336e-05
-2.0182e-05
-2.28e-05
-2.5184e-05
-2.7327e-05
-2.9228e-05
-3.0883e-05
-3.2294e-05
-3.346e-05
-3.4384e-05
-3.5071e-05
-3.5525e-05
-3.5753e-05
-3.5763e-05
-3.5564e-05
-3.5165e-05
-3.4578e-05
-3.3815e-05
-3.2889e-05
-3.1812e-05
-3.06e-05
-2.9267e-05
-2.7829e-05
-2.6301e-05
-2.4699e-05
-2.3039e-05
-2.1338e-05
-1.9612e-05
-1.7877e-05
-1.6148e-05
-1.4441e-05
-1.2771e-05
-1.1153e-05
-9.6008e-06
-8.1272e-06
-6.7448e-06
-5.4654e-06
-4.2997e-06
-3.2572e-06
-2.3468e-06
-1.576e-06
-9.5124e-07
-4.7782e-07
-1.598e-07
-0
-0
0
0
0
0
0
0
0
0
0
0
0
0
0
0
0
0
0
0
0
0
0
0
0
0
0
0
0
0
0
0
0
0
0
0
0
0
0
0
0
0
0
0
0
0
0
0
0
0
0
0
-0
-0
-0
-0
-0
-0
-0
-0
-0
-0
-0
-0
-0
-0
-0
-0
-0
-0
-0
-0
-0
-0
-0
-0
-0
-0
-0
-0
-0
-0
-0
-0
-0
-0
-0
-0
-0
-0
-0
-0
-0
-0
-0
-0
-0
-0
-0
-0
-0
-0
0
0
0
0
0
0
0
0
0
0
0
0
0
0
0
0
0
0
0
0
0
0
0
0
0
0
0
0
0
0
0
0
0
0
0
0
0
0
0
0
0
0
0
0
0
0
0
0
0
0
-0
-0
-0
-0
-0
-0
-0
-0
-0
-0
-0
-0
-0
-0
-0
-0
-0
-0
-0
-0
-0
-0
-0
-0
-0
-0
-0
-0
-0
-0
-0
-0
-0
-0
-0
-0
-0
-0
-0
-0
-0
-0
-0
-0
-0
-0
-0
-0
-0
-0
0
0
0
0
0
0
0
0
0
0
0
0
0
0
0
0
0
0
0
0
0
0
0
0
0
0
0
0
0
0
0
0
0
0
0
0
0
0
0
0
0
0
0
0
0
0
0
0
0
0
-0
-0
-0
-0
-0
-0
-0
-0
-0
-0
-0
-0
-0
-0
-0
-0
-0
-0
-0
-0
-0
-0
-0
-0
-0
-0
-0
-0
-0
-0
-0
-0
-0
-0
-0
-0
-0
-0
-0
-0
-0
-0
-0
-0
-0
-0
-0
-0
-0
-0
0
0
0
0
0
0
0
0
0
0
0
0
0
0
0
0
0
0
0
0
0
0
0
0
0
0
0
0
0
0
0
0
0
0
0
0
0
0
0
0
0
0
0
0
0
0
0
0
0
0
-0
-0
-0
-0
-0
-0
-0
-0
-0
-0
-0
-0
-0
-0
-0
-0
-0
-0
-0
-0
-0
-0
-0
-0
-0
-0
-0
-0
-0
-0
-0
-0
-0
-0
-0
-0
-0
-0
-0
-0
-0
-0
-0
-0
-0
-0
-0
-0
-0
-0
0
0
0
0
0
0
0
0
0
0
0
0
0
0
0
0
0
0
0
0
0
0
0
0
0
0
0
0
0
0
0
0
0
0
0
0
0
0
0
0
0
0
0
0
0
0
0
0
0
0
-0
-0
-0
-0
-0
-0
-0
-0
-0
-0
-0
-0
-0
-0
-0
-0
-0
-0
-0
-0
-0
-0
-0
-0
-0
-0
-0
-0
-0
-0
-0
-0
-0
-0
-0
-0
-0
-0
-0
-0
-0
-0
-0
-0
-0
-0
-0
-0
-0
-0
0
0
0
0
0
0
0
0
0
0
0
0
0
0
0
0
0
0
0
0
0
0
0
0
0
0
0
0
0
0
0
0
0
0
0
0
0
0
0
0
0
0
0
0
0
0
0
0
0
-0
-0
-0
-0
-0
-0
-0
-0
-0
-0
-0
-0
-0
-0
-0
-0
-0
-0
-0
-0
-0
-0
-0
-0
-0
-0
-0
-0
-0
-0
-0
-0
-0
-0
-0
-0
-0
-0
-0
-0
-0
-0
-0
-0
-0
-0
-0
-0
-0
-0
-0
0
0
0
0
0
0
0
0
0
0
0
0
0
0
0
0
0
0
0
0
0
0
0
0
0
0
0
0
0
0
0
0
0
0
0
0
0
0
0
0
0
0
0
0
0
0
0
0
0
0
-0
-0
-0
-0
-0
-0
-0
-0
-0
-0
-0
-0
-0
-0
-0
-0
-0
-0
-0
-0
-0
-0
-0
-0
-0
-0
-0
-0
-0
-0
-0
-0
-0
-0
-0
-0
-0
-0
-0
-0
-0
-0
-0
-0
-0
-0
-0
-0
-0
-0
0
0
0
0
0
0
0
0
0
0
0
0
0
0
0
0
0
0
0
0
0
0
0
0
0
0
0
0
0
0
0
0
0
0
0
0
0
0
0
0
0
0
0
0
0
0
0
0
0
0
-0
-0
-0
-0
-0
-0
-0
-0
-0
-0
-0
-0
-0
-0
-0
-0
-0
-0
-0
-0
-0
-0
-0
-0
-0
-0
-0
-0
-0
-0
-0
-0
-0
-0
-0
-0
-0
-0
-0
-0
-0
-0
-0
-0
-0
-0
-0
-0
-0
0
0
0
0
0
0
0
0
0
0
0
0
0
0
0
0
0
0
0
0
0
0
0
0
0
0
0
0
0
0
0
0
0
0
0
0
0
0
0
0
0
0
0
0
0
0
0
0
0
0
0
-0
-0
-0
-0
-0
-0
-0
-0
-0
-0
-0
-0
-0
-0
-0
-0
-0
-0
-0
-0
-0
-0
-0
-0
-0
-0
-0
-0
-0
-0
-0
-0
-0
-0
-0
-0
-0
-0
-0
-0
-0
-0
-0
-0
-0
-0
-0
-0
-0
-0
0
0
0
0
0
0
0
0
0
0
0
0
0
0
0
0
0
0
0
0
0
0
0
0
0
0
0
0
0
0
0
0
0
0
0
0
0
0
0
0
0
0
0
0
0
0
0
0
0
-0
-0
-0
-0
-0
-0
-0
-0
-0
-0
-0
-0
-0
-0
-0
-0
-0
-0
-0
-0
-0
-0
-0
-0
-0
-0
-0
-0
-0
-0
-0
-0
-0
-0
-0
-0
-0
-0
-0
-0
-0
-0
-0
-0
-0
-0
-0
-0
-0
-0
-0
0
0
0
0
0
0
0
0
0
0
0
0
0
0
0
0
0
0
0
0
0
0
0
0
0
0
0
0
0
0
0
0
0
0
0
0
0
0
0
0
0
0
0
0
0
0
0
0
0
0
-0
-0
-0
-0
-0
-0
-0
-0
-0
-0
-0
-0
-0
-0
-0
-0
-0
-0
-0
-0
-0
-0
-0
-0
-0
-0
-0
-0
-0
-0
-0
-0
-0
-0
-0
-0
-0
-0
-0
-0
-0
-0
-0
-0
-0
-0
-0
-0
-0
-0
0
0
0
0
0
0
0
0
0
0
0
0
0
0
0
0
0
0
0
0
0
0
0
0
0
0
0
0
0
0
0
0
0
0
0
0
0
0
0
0
0
0
0
0
0
0
0
0
0
-0
-0
-0
-0
-0
-0
-0
-0
-0
-0
-0
-0
-0
-0
-0
-0
-0
-0
-0
-0
-0
-0
-0
-0
-0
-0
-0
-0
-0
-0
-0
-0
-0
-0
-0
-0
-0
-0
-0
-0
-0
-0
-0
-0
-0
-0
-0
-0
-0
-0
0
0
0
0
0
0
0
0
0
0
0
0
0
0
0
0
0
0
0
0
0
0
0
0
0
0
0
0
0
0
0
0
0
0
0
0
0
0
0
0
0
0
0
0
0
0
0
0
0
0
0
-0
-0
-0
-0
-0
-0
-0
-0
-0
-0
-0
-0
-0
-0
-0
-0
-0
-0
-0
-0
-0
-0
-0
-0
-0
-0
-0
-0
-0
-0
-0
-0
-0
-0
-0
-0
-0
-0
-0
-0
-0
-0
-0
-0
-0
-0
-0
-0
-0
-0
0
0
0
0
0
0
0
0
0
0
0
0
0
0
0
0
0
0
0
0
0
0
0
0
0
0
0
0
0
0
0
0
0
0
0
0
0
0
0
0
0
0
0
0
0
0
0
0
0
-0
-0
-0
-0
-0
-0
-0
-0
-0
-0
-0
-0
-0
-0
-0
-0
-0
-0
-0
-0
-0
-0
-0
-0
-0
-0
-0
-0
-0
-0
-0
-0
-0
-0
-0
-0
-0
-0
-0
-0
-0
-0
-0
-0
-0
-0
-0
-0
-0
-0
0
0
0
0
0
0
0
0
0
0
0
0
0
0
0
0
0
0
0
0
0
0
0
0
0
0
0
0
0
0
0
0
0
0
0
0
0
0
0
0
0
0
0
0
0
0
0
0
0
0
-0
-0
-0
-0
-0
-0
-0
-0
-0
-0
-0
-0
-0
-0
-0
-0
-0
-0
-0
-0
-0
-0
-0
-0
-0
-0
-0
-0
-0
-0
-0
-0
-0
-0
-0
-0
-0
-0
-0
-0
-0
-0
-0
-0
-0
-0
-0
-0
-0
-0
-0
0
0
0
0
0
0
0
0
0
0
0
0
0
0
0
0
0
0
0
0
0
0
0
0
0
0
0
0
0
0
0
0
0
0
0
0
0
0
0
0
0
0
0
0
0
0
0
0
0
0
-0
-0
-0
-0
-0
-0
-0
-0
-0
-0
-0
-0
-0
-0
-0
-0
-0
-0
-0
-0
-0
-0
-0
-0
-0
-0
-0
-0
-0
-0
-0
-0
-0
-0
-0
-0
-0
-0
-0
-0
-0
-0
-0
-0
-0
-0
-0
-0
-0
0
0
0
0
0
0
0
0
0
0
0
0
0
0
0
0
0
0
0
0
0
0
0
0
0
0
0
0
0
0
0
0
0
0
0
0
0
0
0
0
0
0
0
0
0
0
0
0
0
0
-0
-0
-0
-0
-0
-0
-0
-0
-0
-0
-0
-0
-0
-0
-0
-0
-0
-0
-0
-0
-0
-0
-0
-0
-0
-0
-0
-0
-0
-0
-0
-0
-0
-0
-0
-0
-0
-0
-0
-0
-0
-0
-0
-0
-0
-0
-0
-0
-0
-0
0
0
0
0
0
0
0
0
0
0
0
0
0
0
0
0
0
0
0
0
0
0
0
0
0
0
0
0
0
0
0
0
0
0
0
0
0
0
0
0
0
0
0
0
0
0
0
0
0
0
0
-0
-0
-0
-0
-0
-0
-0
-0
-0
-0
-0
-0
-0
-0
-0
-0
-0
-0
-0
-0
-0
-0
-0
-0
-0
-0
-0
-0
-0
-0
-0
-0
-0
-0
-0
-0
-0
-0
-0
-0
-0
-0
-0
-0
-0
-0
-0
-0
-0
-0
0
0
0
0
0
0
0
0
0
0
0
0
0
0
0
0
0
0
0
0
0
0
0
0
0
0
0
0
0
0
0
0
0
0
0
0
0
0
0
0
0
0
0
0
0
0
0
0
0
-0
-0
-0
-0
-0
-0
-0
-0
-0
-0
-0
-0
-0
-0
-0
-0
-0
-0
-0
-0
-0
-0
-0
-0
-0
-0
-0
-0
-0
-0
-0
-0
-0
-0
-0
-0
-0
-0
-0
-0
-0
-0
-0
-0
-0
-0
-0
-0
-0
-0
0
0
0
0
0
0
0
0
0
0
0
0
0
0
0
0
0
0
0
0
0
0
0
0
0
0
0
0
0
0
0
0
0
0
0
0
0
0
0
0
0
0
0
0
0
0
0
0
0
0
-0
-0
-0
-0
-0
-0
-0
-0
-0
-0
-0
-0
-0
-0
-0
-0
-0
-0
-0
-0
-0
-0
-0
-0
-0
-0
-0
-0
-0
-0
-0
-0
-0
-0
-0
-0
-0
-0
-0
-0
-0
-0
-0
-0
-0
-0
-0
-0
-0
-0
0
0
0
0
0
0
0
0
0
0
0
0
0
0
0
0
0
0
0
0
0
0
0
0
0
0
0
0
0
0
0
0
0
0
0
0
0
0
0
0
0
0
0
0
0
0
0
0
0
0
0
-0
-0
-0
-0
-0
-0
-0
-0
-0
-0
-0
-0
-0
-0
-0
-0
-0
-0
-0
-0
-0
-0
-0
-0
-0
-0
-0
-0
-0
-0
-0
-0
-0
-0
-0
-0
-0
-0
-0
-0
-0
-0
-0
-0
-0
-0
-0
-0
-0
-0
0
0
0
0
0
0
0
0
0
0
0
0
0
0
0
0
0
0
0
0
0
0
0
0
0
0
0
0
0
0
0
0
0
0
0
0
0
0
0
0
0
0
0
0
0
0
0
0
0
0
-0
-0
-0
-0
-0
-0
-0
-0
-0
-0
-0
-0
-0
-0
-0
-0
-0
-0
-0
-0
-0
-0
-0
-0
-0
-0
-0
-0
-0
-0
-0
-0
-0
-0
-0
-0
-0
-0
-0
-0
-0
-0
-0
-0
-0
-0
-0
-0
-0
0
0
0
0
0
0
0
0
0
0
0
0
0
0
0
0
0
0
0
0
0
0
0
0
0
0
0
0
0
0
0
0
0
0
0
0
0
0
0
0
0
0
0
0
0
0
0
0
0
0
-0
-0
-0
-0
-0
-0
-0
-0
-0
-0
-0
-0
-0
-0
-0
-0
-0
-0
-0
-0
-0
-0
-0
-0
-0
-0
-0
-0
-0
-0
-0
-0
-0
-0
-0
-0
-0
-0
-0
-0
-0
-0
-0
-0
-0
-0
-0
-0
-0
-0
-0
0
0
0
0
0
0
0
0
0
0
0
0
0
0
0
0
0
0
0
0
0
0
0
0
0
0
0
0
0
0
0
0
0
0
0
0
0
0
0
0
0
0
0
0
0
0
0
0
0
0
-0
-0
-0
-0
-0
-0
-0
-0
-0
-0
-0
-0
-0
-0
-0
-0
-0
-0
-0
-0
-0
-0
-0
-0
-0
-0
-0
-0
-0
-0
-0
-0
-0
-0
-0
-0
-0
-0
-0
-0
-0
-0
-0
-0
-0
-0
-0
-0
-0
-0
0
0
0
0
0
0
0
0
0
0
0
0
0
0
0
0
0
0
0
0
0
0
0
0
0
0
0
0
0
0
0
0
0
0
0
0
0
0
0
0
0
0
0
0
0
0
0
0
0
-0
-0
-0
-0
-0
-0
-0
-0
-0
-0
-0
-0
-0
-0
-0
-0
-0
-0
-0
-0
-0
-0
-0
-0
-0
-0
-0
-0
-0
-0
-0
-0
-0
-0
-0
-0
-0
-0
-0
-0
-0
-0
-0
-0
-0
-0
-0
-0
-0
-0
0
0
0
0
0
0
0
0
0
0
0
0
0
0
0
0
0
0
0
0
0
0
0
0
0
0
0
0
0
0
0
0
0
0
0
0
0
0
0
0
0
0
0
0
0
0
0
0
0
0
0
-0
-0
-0
-0
-0
-0
-0
-0
-0
-0
-0
-0
-0
-0
-0
-0
-0
-0
-0
-0
-0
-0
-0
-0
-0
-0
-0
-0
-0
-0
-0
-0
-0
-0
-0
-0
-0
-0
-0
-0
-0
-0
-0
-0
-0
-0
-0
-0
-0
-0
0
0
0
0
0
0
0
0
0
0
0
0
0
0
0
0
0
0
0
0
0
0
0
0
0
0
0
0
0
0
0
0
0
0
0
0
0
0
0
0
0
0
0
0
0
0
0
0
0
0
-0
-0
-0
-0
-0
-0
-0
-0
-0
-0
-0
-0
-0
-0
-0
-0
-0
-0
-0
-0
-0
-0
-0
-0
-0
-0
-0
-0
-0
-0
-0
-0
-0
-0
-0
-0
-0
-0
-0
-0
-0
-0
-0
-0
-0
-0
-0
-0
-0
0
0
0
0
0
0
0
0
0
0
0
0
0
0
0
0
0
0
0
0
0
0
0
0
0
0
0
0
0
0
0
0
0
0
0
0
0
0
0
0
0
0
0
0
0
0
0
0
0
0
-0
-0
-0
-0
-0
-0
-0
-0
-0
-0
-0
-0
-0
-0
-0
-0
-0
-0
-0
-0
-0
-0
-0
-0
-0
-0
-0
-0
-0
-0
-0
-0
-0
-0
-0
-0
-0
-0
-0
-0
-0
-0
-0
-0
-0
-0
-0
-0
-0
-0
0
8.0058e-08
3.196e-07
7.1673e-07
1.2683e-06
1.97e-06
2.8162e-06
3.8001e-06
4.9139e-06
6.1486e-06
7.4943e-06
8.9399e-06
1.0474e-05
1.2083e-05
1.3754e-05
1.5472e-05
1.7224e-05
1.8994e-05
2.0766e-05
2.2524e-05
2.4252e-05
2.5934e-05
2.7553e-05
2.9094e-05
3.054e-05
3.1875e-05
3.3085e-05
3.4154e-05
3.5068e-05
3.5813e-05
3.6378e-05
3.6749e-05
3.6917e-05
3.6871e-05
3.6602e-05
3.6102e-05
3.5367e-05
3.4389e-05
3.3166e-05
3.1696e-05
2.9977e-05
2.801e-05
2.5798e-05
2.3343e-05
2.0652e-05
1.773e-05
1.4586e-05
1.1229e-05
7.6704e-06
3.9228e-06
6.8695e-19
-4.083e-06
-8.3096e-06
-1.2662e-05
-1.7122e-05
-2.167e-05
-2.6284e-05
-3.0944e-05
-3.5626e-05
-4.0308e-05
-4.4966e-05
-4.9576e-05
-5.4113e-05
-5.8554e-05
-6.2874e-05
-6.7047e-05
-7.105e-05
-7.4858e-05
-7.8449e-05
-8.1797e-05
-8.4882e-05
-8.7681e-05
-9.0174e-05
-9.2341e-05
-9.4164e-05
-9.5625e-05
-9.6709e-05
-9.7401e-05
-9.7688e-05
-9.7561e-05
-9.7008e-05
-9.6023e-05
-9.46e-05
-9.2735e-05
-9.0428e-05
-8.7677e-05
-8.4487e-05
-8.0861e-05
-7.6806e-05
-7.2332e-05
-6.7448e-05
-6.2169e-05
-5.651e-05
-5.0487e-05
-4.412e-05
-3.743e-05
-3.044e-05
-2.3174e-05
-1.566e-05
-7.9257e-06
4.4991e-18
8.0858e-06
1.63e-05
2.4608e-05
3.2976e-05
4.137e-05
4.9752e-05
5.8087e-05
6.6337e-05
7.4467e-05
8.2437e-05
9.0211e-05
9.7753e-05
0.00010503
0.00011199
0.00011862
0.00012488
0.00013072
0.00013613
0.00014107
0.00014551
0.00014943
0.00015279
0.00015559
0.00015779
0.00015938
0.00016033
0.00016065
0.00016031
0.00015931
0.00015764
0.0001553
0.00015228
0.0001486
0.00014425
0.00013925
0.00013361
0.00012733
0.00012045
0.00011297
0.00010492
9.6328e-05
8.7222e-05
7.763e-05
6.7588e-05
5.713e-05
4.6294e-05
3.512e-05
2.365e-05
1.1929e-05
-4.6869e-18
-1.2089e-05
-2.429e-05
-3.6553e-05
-4.883e-05
-6.1069e-05
-7.322e-05
-8.523e-05
-9.7049e-05
-0.00010863
-0.00011991
-0.00013085
-0.00014139
-0.0001515
-0.00016111
-0.0001702
-0.0001787
-0.00018659
-0.00019381
-0.00020034
-0.00020614
-0.00021118
-0.00021542
-0.00021884
-0.00022141
-0.00022313
-0.00022396
-0.0002239
-0.00022293
-0.00022105
-0.00021827
-0.00021457
-0.00020997
-0.00020446
-0.00019808
-0.00019083
-0.00018273
-0.0001738
-0.00016409
-0.0001536
-0.00014239
-0.00013049
-0.00011793
-0.00010477
-9.1056e-05
-7.6829e-05
-6.2148e-05
-4.7066e-05
-3.164e-05
-1.5932e-05
-1.0995e-17
1.6092e-05
3.228e-05
4.8499e-05
6.4684e-05
8.0769e-05
9.6688e-05
0.00011237
0.00012776
0.00014278
0.00015738
0.00017148
0.00018503
0.00019797
0.00021023
0.00022177
0.00023253
0.00024245
0.0002515
0.00025962
0.00026677
0.00027292
0.00027804
0.00028208
0.00028504
0.00028688
0.00028758
0.00028714
0.00028555
0.0002828
0.0002789
0.00027384
0.00026765
0.00026033
0.00025191
0.0002424
0.00023185
0.00022028
0.00020773
0.00019424
0.00017986
0.00016465
0.00014865
0.00013192
0.00011452
9.6529e-05
7.8002e-05
5.9011e-05
3.963e-05
1.9934e-05
1.718e-17
-2.0095e-05
-4.027e-05
-6.0445e-05
-8.0538e-05
-0.00010047
-0.00012016
-0.00013952
-0.00015847
-0.00017694
-0.00019485
-0.00021212
-0.00022867
-0.00024444
-0.00025935
-0.00027335
-0.00028635
-0.00029832
-0.00030918
-0.00031889
-0.0003274
-0.00033467
-0.00034066
-0.00034533
-0.00034866
-0.00035063
-0.00035121
-0.00035039
-0.00034817
-0.00034455
-0.00033953
-0.00033312
-0.00032533
-0.00031619
-0.00030573
-0.00029398
-0.00028097
-0.00026675
-0.00025137
-0.00023487
-0.00021733
-0.00019881
-0.00017936
-0.00015906
-0.00013799
-0.00011623
-9.3856e-05
-7.0957e-05
-4.762e-05
-2.3937e-05
-2.474e-17
2.4097e-05
4.826e-05
7.239e-05
9.6392e-05
0.00012017
0.00014362
0.00016666
0.00018918
0.0002111
0.00023232
0.00025275
0.00027231
0.00029091
0.00030847
0.00032492
0.00034018
0.00035418
0.00036686
0.00037816
0.00038803
0.00039642
0.00040328
0.00040858
0.00041228
0.00041437
0.00041483
0.00041364
0.00041079
0.0004063
0.00040016
0.00039239
0.00038301
0.00037206
0.00035956
0.00034555
0.00033009
0.00031322
0.00029501
0.00027551
0.0002548
0.00023296
0.00021007
0.0001862
0.00016146
0.00013593
0.00010971
8.2902e-05
5.561e-05
2.794e-05
8.3073e-18
-2.81e-05
-5.625e-05
-8.4336e-05
-0.00011225
-0.00013987
-0.00016709
-0.0001938
-0.0002199
-0.00024526
-0.00026979
-0.00029339
-0.00031595
-0.00033738
-0.0003576
-0.0003765
-0.00039401
-0.00041005
-0.00042454
-0.00043744
-0.00044866
-0.00045816
-0.0004659
-0.00047182
-0.00047591
-0.00047813
-0.00047845
-0.00047688
-0.00047341
-0.00046804
-0.00046079
-0.00045166
-0.0004407
-0.00042792
-0.00041338
-0.00039713
-0.00037921
-0.00035969
-0.00033865
-0.00031615
-0.00029228
-0.00026712
-0.00024078
-0.00021335
-0.00018493
-0.00015563
-0.00012556
-9.4848e-05
-6.36e-05
-3.1943e-05
-4.3982e-17
3.2103e-05
6.424e-05
9.6281e-05
0.0001281
0.00015957
0.00019056
0.00022095
0.00025061
0.00027942
0.00030726
0.00033403
0.00035959
0.00038386
0.00040672
0.00042807
0.00044783
0.00046591
0.00048223
0.00049671
0.00050929
0.00051991
0.00052852
0.00053507
0.00053953
0.00054188
0.00054208
0.00054013
0.00053603
0.00052979
0.00052142
0.00051094
0.00049838
0.00048379
0.00046721
0.0004487
0.00042833
0.00040616
0.00038229
0.00035678
0.00032975
0.00030128
0.00027149
0.00024049
0.0002084
0.00017533
0.00014142
0.00010679
7.159e-05
3.5946e-05
2.3052e-17
-3.6106e-05
-7.223e-05
-0.00010823
-0.00014395
-0.00017927
-0.00021403
-0.00024809
-0.00028132
-0.00031358
-0.00034474
-0.00037466
-0.00040323
-0.00043033
-0.00045584
-0.00047965
-0.00050166
-0.00052177
-0.00053991
-0.00055598
-0.00056992
-0.00058166
-0.00059114
-0.00059832
-0.00060316
-0.00060563
-0.0006057
-0.00060338
-0.00059865
-0.00059154
-0.00058205
-0.00057021
-0.00055606
-0.00053965
-0.00052103
-0.00050028
-0.00047745
-0.00045263
-0.00042593
-0.00039742
-0.00036722
-0.00033544
-0.0003022
-0.00026763
-0.00023186
-0.00019503
-0.00015727
-0.00011874
-7.958e-05
-3.9949e-05
-3.2421e-17
3.9869e-05
7.9421e-05
0.0001185
0.00015695
0.00019463
0.00023139
0.00026709
0.00030159
0.00033476
0.00036647
0.00039661
0.00042505
0.00045171
0.00047647
0.00049924
0.00051996
0.00053853
0.00055491
0.00056902
0.00058083
0.0005903
0.0005974
0.00060211
0.00060443
0.00060435
0.00060188
0.00059705
0.00058989
0.00058042
0.00056871
0.0005548
0.00053876
0.00052066
0.00050058
0.00047861
0.00045485
0.0004294
0.00040236
0.00037385
0.00034399
0.0003129
0.00028071
0.00024755
0.00021356
0.00017887
0.00014364
0.00010799
7.207e-05
3.6026e-05
3.5344e-17
-3.5866e-05
-7.1431e-05
-0.00010655
-0.0001411
-0.00017493
-0.00020793
-0.00023995
-0.00027088
-0.0003006
-0.000329
-0.00035597
-0.00038141
-0.00040523
-0.00042735
-0.00044767
-0.00046613
-0.00048267
-0.00049723
-0.00050975
-0.0005202
-0.00052856
-0.00053478
-0.00053887
-0.00054081
-0.0005406
-0.00053826
-0.00053381
-0.00052727
-0.00051868
-0.00050808
-0.00049552
-0.00048107
-0.00046479
-0.00044676
-0.00042704
-0.00040573
-0.00038293
-0.00035872
-0.00033321
-0.00030652
-0.00027874
-0.00024999
-0.0002204
-0.00019009
-0.00015917
-0.00012778
-9.6042e-05
-6.408e-05
-3.2023e-05
-7.9745e-18
3.1863e-05
6.3441e-05
9.4609e-05
0.00012525
0.00015523
0.00018446
0.0002128
0.00024017
0.00026644
0.00029153
0.00031533
0.00033777
0.00035876
0.00037823
0.00039609
0.00041231
0.00042681
0.00043954
0.00045048
0.00045957
0.00046681
0.00047216
0.00047562
0.00047718
0.00047685
0.00047464
0.00047056
0.00046465
0.00045693
0.00044745
0.00043625
0.00042339
0.00040893
0.00039293
0.00037546
0.00035661
0.00033646
0.00031508
0.00029258
0.00026904
0.00024458
0.00021928
0.00019326
0.00016662
0.00013947
0.00011193
8.4097e-05
5.609e-05
2.802e-05
3.7066e-17
-2.786e-05
-5.5451e-05
-8.2663e-05
-0.00010939
-0.00013553
-0.00016099
-0.00018566
-0.00020945
-0.00023228
-0.00025406
-0.0002747
-0.00029413
-0.00031229
-0.00032911
-0.00034452
-0.00035848
-0.00037094
-0.00038186
-0.0003912
-0.00039894
-0.00040506
-0.00040954
-0.00041237
-0.00041356
-0.0004131
-0.00041101
-0.00040731
-0.00040203
-0.00039518
-0.00038682
-0.00037698
-0.00036571
-0.00035306
-0.0003391
-0.00032389
-0.00030749
-0.00028998
-0.00027144
-0.00025194
-0.00023157
-0.00021042
-0.00018857
-0.00016612
-0.00014315
-0.00011977
-9.6075e-05
-7.2151e-05
-4.81e-05
-2.4017e-05
-1.4196e-17
2.3857e-05
4.7461e-05
7.0718e-05
9.3538e-05
0.00011584
0.00013752
0.00015852
0.00017874
0.00019812
0.00021658
0.00023406
0.00025049
0.00026582
0.00027999
0.00029295
0.00030465
0.00031508
0.00032418
0.00033193
0.00033831
0.00034331
0.00034692
0.00034913
0.00034993
0.00034935
0.00034739
0.00034407
0.0003394
0.00033343
0.00032619
0.0003177
0.00030803
0.0002972
0.00028528
0.00027232
0.00025837
0.00024351
0.0002278
0.00021131
0.0001941
0.00017626
0.00015786
0.00013897
0.00011969
0.00010008
8.0221e-05
6.0206e-05
4.011e-05
2.0014e-05
1.5244e-17
-1.9854e-05
-3.9471e-05
-5.8772e-05
-7.7685e-05
-9.6135e-05
-0.00011405
-0.00013137
-0.00014803
-0.00016396
-0.00017911
-0.00019343
-0.00020685
-0.00021935
-0.00023087
-0.00024137
-0.00025083
-0.00025921
-0.00026649
-0.00027266
-0.00027768
-0.00028157
-0.0002843
-0.00028588
-0.00028631
-0.0002856
-0.00028376
-0.00028082
-0.00027678
-0.00027169
-0.00026556
-0.00025843
-0.00025034
-0.00024133
-0.00023145
-0.00022074
-0.00020925
-0.00019704
-0.00018416
-0.00017067
-0.00015663
-0.0001421
-0.00012715
-0.00011183
-9.6219e-05
-8.0375e-05
-6.4367e-05
-4.826e-05
-3.212e-05
-1.6012e-05
-1.4918e-17
1.5851e-05
3.1481e-05
4.6827e-05
6.1831e-05
7.6435e-05
9.0586e-05
0.00010423
0.00011732
0.0001298
0.00014164
0.00015279
0.00016321
0.00017287
0.00018174
0.0001898
0.000197
0.00020335
0.00020881
0.00021338
0.00021705
0.00021982
0.00022168
0.00022263
0.00022268
0.00022185
0.00022014
0.00021757
0.00021416
0.00020994
0.00020493
0.00019916
0.00019266
0.00018547
0.00017763
0.00016917
0.00016013
0.00015057
0.00014052
0.00013003
0.00011916
0.00010794
9.6435e-05
8.4688e-05
7.2751e-05
6.0675e-05
4.8513e-05
3.6314e-05
2.413e-05
1.2009e-05
2.4193e-18
-1.1849e-05
-2.3491e-05
-3.4881e-05
-4.5977e-05
-5.6736e-05
-6.7118e-05
-7.7087e-05
-8.6607e-05
-9.5645e-05
-0.00010417
-0.00011215
-0.00011957
-0.0001264
-0.00013262
-0.00013822
-0.00014318
-0.00014748
-0.00015113
-0.00015411
-0.00015643
-0.00015807
-0.00015906
-0.00015938
-0.00015906
-0.0001581
-0.00015652
-0.00015432
-0.00015154
-0.00014819
-0.0001443
-0.00013988
-0.00013498
-0.00012961
-0.0001238
-0.00011759
-0.00011101
-0.0001041
-9.6881e-05
-8.9399e-05
-8.1687e-05
-7.3783e-05
-6.5723e-05
-5.7544e-05
-4.9283e-05
-4.0976e-05
-3.2659e-05
-2.4369e-05
-1.614e-05
-8.0058e-06
-1.0143e-17
7.8457e-06
1.5501e-05
2.2935e-05
3.0123e-05
3.7036e-05
4.365e-05
4.9944e-05
5.5895e-05
6.1486e-05
6.6699e-05
7.1519e-05
7.5933e-05
7.9931e-05
8.3504e-05
8.6646e-05
8.9351e-05
9.1618e-05
9.3446e-05
9.4837e-05
9.5795e-05
9.6326e-05
9.6436e-05
9.6136e-05
9.5436e-05
9.435e-05
9.2891e-05
9.1076e-05
8.8922e-05
8.6446e-05
8.3669e-05
8.0612e-05
7.7295e-05
7.3741e-05
6.9974e-05
6.6016e-05
6.1891e-05
5.7625e-05
5.3241e-05
4.8763e-05
4.4216e-05
3.9624e-05
3.5011e-05
3.0401e-05
2.5815e-05
2.1276e-05
1.6805e-05
1.2423e-05
8.1498e-06
4.0029e-06
2.1427e-18
-3.8428e-06
-7.5106e-06
-1.099e-05
-1.4269e-05
-1.7336e-05
-2.0182e-05
-2.28e-05
-2.5184e-05
-2.7327e-05
-2.9228e-05
-3.0883e-05
-3.2294e-05
-3.346e-05
-3.4384e-05
-3.5071e-05
-3.5525e-05
-3.5753e-05
-3.5763e-05
-3.5564e-05
-3.5165e-05
-3.4578e-05
-3.3815e-05
-3.2889e-05
-3.1812e-05
-3.06e-05
-2.9267e-05
-2.7829e-05
-2.6301e-05
-2.4699e-05
-2.3039e-05
-2.1338e-05
-1.9612e-05
-1.7877e-05
-1.6148e-05
-1.4441e-05
-1.2771e-05
-1.1153e-05
-9.6008e-06
-8.1272e-06
-6.7448e-06
-5.4654e-06
-4.2997e-06
-3.2572e-06
-2.3468e-06
-1.576e-06
-9.5124e-07
-4.7782e-07
-1.598e-07
-0
-0
0
0
0
0
0
0
0
0
0
0
0
0
0
0
0
0
0
0
0
0
0
0
0
0
0
0
0
0
0
0
0
0
0
0
0
0
0
0
0
0
0
0
0
0
0
0
0
0
0
0
-0
-0
-0
-0
-0
-0
-0
-0
-0
-0
-0
-0
-0
-0
-0
-0
-0
-0
-0
-0
-0
-0
-0
-0
-0
-0
-0
-0
-0
-0
-0
-0
-0
-0
-0
-0
-0
-0
-0
-0
-0
-0
-0
-0
-0
-0
-0
-0
-0
-0
0
0
0
0
0
0
0
0
0
0
0
0
0
0
0
0
0
0
0
0
0
0
0
0
0
0
0
0
0
0
0
0
0
0
0
0
0
0
0
0
0
0
0
0
0
0
0
0
0
0
-0
-0
-0
-0
-0
-0
-0
-0
-0
-0
-0
-0
-0
-0
-0
-0
-0
-0
-0
-0
-0
-0
-0
-0
-0
-0
-0
-0
-0
-0
-0
-0
-0
-0
-0
-0
-0
-0
-0
-0
-0
-0
-0
-0
-0
-0
-0
-0
-0
-0
0
0
0
0
0
0
0
0
0
0
0
0
0
0
0
0
0
0
0
0
0
0
0
0
0
0
0
0
0
0
0
0
0
0
0
0
0
0
0
0
0
0
0
0
0
0
0
0
0
0
-0
-0
-0
-0
-0
-0
-0
-0
-0
-0
-0
-0
-0
-0
-0
-0
-0
-0
-0
-0
-0
-0
-0
-0
-0
-0
-0
-0
-0
-0
-0
-0
-0
-0
-0
-0
-0
-0
-0
-0
-0
-0
-0
-0
-0
-0
-0
-0
-0
-0
0
0
0
0
0
0
0
0
0
0
0
0
0
0
0
0
0
0
0
0
0
0
0
0
0
0
0
0
0
0
0
0
0
0
0
0
0
0
0
0
0
0
0
0
0
0
0
0
0
0
-0
-0
-0
-0
-0
-0
-0
-0
-0
-0
-0
-0
-0
-0
-0
-0
-0
-0
-0
-0
-0
-0
-0
-0
-0
-0
-0
-0
-0
-0
-0
-0
-0
-0
-0
-0
-0
-0
-0
-0
-0
-0
-0
-0
-0
-0
-0
-0
-0
-0
0
0
0
0
0
0
0
0
0
0
0
0
0
0
0
0
0
0
0
0
0
0
0
0
0
0
0
0
0
0
0
0
0
0
0
0
0
0
0
0
0
0
0
0
0
0
0
0
0
0
-0
-0
-0
-0
-0
-0
-0
-0
-0
-0
-0
-0
-0
-0
-0
-0
-0
-0
-0
-0
-0
-0
-0
-0
-0
-0
-0
-0
-0
-0
-0
-0
-0
-0
-0
-0
-0
-0
-0
-0
-0
-0
-0
-0
-0
-0
-0
-0
-0
-0
0
0
0
0
0
0
0
0
0
0
0
0
0
0
0
0
0
0
0
0
0
0
0
0
0
0
0
0
0
0
0
0
0
0
0
0
0
0
0
0
0
0
0
0
0
0
0
0
0
0
-0
-0
-0
-0
-0
-0
-0
-0
-0
-0
-0
-0
-0
-0
-0
-0
-0
-0
-0
-0
-0
-0
-0
-0
-0
-0
-0
-0
-0
-0
-0
-0
-0
-0
-0
-0
-0
-0
-0
-0
-0
-0
-0
-0
-0
-0
-0
-0
-0
-0
0
0
0
0
0
0
0
0
0
0
0
0
0
0
0
0
0
0
0
0
0
0
0
0
0
0
0
0
0
0
0
0
0
0
0
0
0
0
0
0
0
0
0
0
0
0
0
0
0
0
-0
-0
-0
-0
-0
-0
-0
-0
-0
-0
-0
-0
-0
-0
-0
-0
-0
-0
-0
-0
-0
-0
-0
-0
-0
-0
-0
-0
-0
-0
-0
-0
-0
-0
-0
-0
-0
-0
-0
-0
-0
-0
-0
-0
-0
-0
-0
-0
-0
-0
0
0
0
0
0
0
0
0
0
0
0
0
0
0
0
0
0
0
0
0
0
0
0
0
0
0
0
0
0
0
0
0
0
0
0
0
0
0
0
0
0
0
0
0
0
0
0
0
0
0
-0
-0
-0
-0
-0
-0
-0
-0
-0
-0
-0
-0
-0
-0
-0
-0
-0
-0
-0
-0
-0
-0
-0
-0
-0
-0
-0
-0
-0
-0
-0
-0
-0
-0
-0
-0
-0
-0
-0
-0
-0
-0
-0
-0
-0
-0
-0
-0
-0
-0
0
0
0
0
0
0
0
0
0
0
0
0
0
0
0
0
0
0
0
0
0
0
0
0
0
0
0
0
0
0
0
0
0
0
0
0
0
0
0
0
0
0
0
0
0
0
0
0
0
0
-0
-0
-0
-0
-0
-0
-0
-0
-0
-0
-0
-0
-0
-0
-0
-0
-0
-0
-0
-0
-0
-0
-0
-0
-0
-0
-0
-0
-0
-0
-0
-0
-0
-0
-0
-0
-0
-0
-0
-0
-0
-0
-0
-0
-0
-0
-0
-0
-0
-0
0
0
0
0
0
0
0
0
0
0
0
0
0
0
0
0
0
0
0
0
0
0
0
0
0
0
0
0
0
0
0
0
0
0
0
0
0
0
0
0
0
0
0
0
0
0
0
0
0
0
-0
-0
-0
-0
-0
-0
-0
-0
-0
-0
-0
-0
-0
-0
-0
-0
-0
-0
-0
-0
-0
-0
-0
-0
-0
-0
-0
-0
-0
-0
-0
-0
-0
-0
-0
-0
-0
-0
-0
-0
-0
-0
-0
-0
-0
-0
-0
-0
-0
-0
0
0
0
0
0
0
0
0
0
0
0
0
0
0
0
0
0
0
0
0
0
0
0
0
0
0
0
0
0
0
0
0
0
0
0
0
0
0
0
0
0
0
0
0
0
0
0
0
0
0
-0
-0
-0
-0
-0
-0
-0
-0
-0
-0
-0
-0
-0
-0
-0
-0
-0
-0
-0
-0
-0
-0
-0
-0
-0
-0
-0
-0
-0
-0
-0
-0
-0
-0
-0
-0
-0
-0
-0
-0
-0
-0
-0
-0
-0
-0
-0
-0
-0
0
0
0
0
0
0
0
0
0
0
0
0
0
0
0
0
0
0
0
0
0
0
0
0
0
0
0
0
0
0
0
0
0
0
0
0
0
0
0
0
0
0
0
0
0
0
0
0
0
0
0
-0
-0
-0
-0
-0
-0
-0
-0
-0
-0
-0
-0
-0
-0
-0
-0
-0
-0
-0
-0
-0
-0
-0
-0
-0
-0
-0
-0
-0
-0
-0
-0
-0
-0
-0
-0
-0
-0
-0
-0
-0
-0
-0
-0
-0
-0
-0
-0
-0
-0
0
0
0
0
0
0
0
0
0
0
0
0
0
0
0
0
0
0
0
0
0
0
0
0
0
0
0
0
0
0
0
0
0
0
0
0
0
0
0
0
0
0
0
0
0
0
0
0
0
-0
-0
-0
-0
-0
-0
-0
-0
-0
-0
-0
-0
-0
-0
-0
-0
-0
-0
-0
-0
-0
-0
-0
-0
-0
-0
-0
-0
-0
-0
-0
-0
-0
-0
-0
-0
-0
-0
-0
-0
-0
-0
-0
-0
-0
-0
-0
-0
-0
-0
-0
0
0
0
0
0
0
0
0
0
0
0
0
0
0
0
0
0
0
0
0
0
0
0
0
0
0
0
0
0
0
0
0
0
0
0
0
0
0
0
0
0
0
0
0
0
0
0
0
0
0
-0
-0
-0
-0
-0
-0
-0
-0
-0
-0
-0
-0
-0
-0
-0
-0
-0
-0
-0
-0
-0
-0
-0
-0
-0
-0
-0
-0
-0
-0
-0
-0
-0
-0
-0
-0
-0
-0
-0
-0
-0
-0
-0
-0
-0
-0
-0
-0
-0
-0
0
0
0
0
0
0
0
0
0
0
0
0
0
0
0
0
0
0
0
0
0
0
0
0
0
0
0
0
0
0
0
0
0
0
0
0
0
0
0
0
0
0
0
0
0
0
0
0
0
0
-0
-0
-0
-0
-0
-0
-0
-0
-0
-0
-0
-0
-0
-0
-0
-0
-0
-0
-0
-0
-0
-0
-0
-0
-0
-0
-0
-0
-0
-0
-0
-0
-0
-0
-0
-0
-0
-0
-0
-0
-0
-0
-0
-0
-0
-0
-0
-0
-0
0
0
0
0
0
0
0
0
0
0
0
0
0
0
0
0
0
0
0
0
0
0
0
0
0
0
0
0
0
0
0
0
0
0
0
0
0
0
0
0
0
0
0
0
0
0
0
0
0
0
0
-0
-0
-0
-0
-0
-0
-0
-0
-0
-0
-0
-0
-0
-0
-0
-0
-0
-0
-0
-0
-0
-0
-0
-0
-0
-0
-0
-0
-0
-0
-0
-0
-0
-0
-0
-0
-0
-0
-0
-0
-0
-0
-0
-0
-0
-0
-0
-0
-0
0
0
0
0
0
0
0
0
0
0
0
0
0
0
0
0
0
0
0
0
0
0
0
0
0
0
0
0
0
0
0
0
0
0
0
0
0
0
0
0
0
0
0
0
0
0
0
0
0
0
0
-0
-0
-0
-0
-0
-0
-0
-0
-0
-0
-0
-0
-0
-0
-0
-0
-0
-0
-0
-0
-0
-0
-0
-0
-0
-0
-0
-0
-0
-0
-0
-0
-0
-0
-0
-0
-0
-0
-0
-0
-0
-0
-0
-0
-0
-0
-0
-0
-0
-0
0
0
0
0
0
0
0
0
0
0
0
0
0
0
0
0
0
0
0
0
0
0
0
0
0
0
0
0
0
0
0
0
0
0
0
0
0
0
0
0
0
0
0
0
0
0
0
0
0
0
-0
-0
-0
-0
-0
-0
-0
-0
-0
-0
-0
-0
-0
-0
-0
-0
-0
-0
-0
-0
-0
-0
-0
-0
-0
-0
-0
-0
-0
-0
-0
-0
-0
-0
-0
-0
-0
-0
-0
-0
-0
-0
-0
-0
-0
-0
-0
-0
-0
-0
0
0
0
0
0
0
0
0
0
0
0
0
0
0
0
0
0
0
0
0
0
0
0
0
0
0
0
0
0
0
0
0
0
0
0
0
0
0
0
0
0
0
0
0
0
0
0
0
0
0
-0
-0
-0
-0
-0
-0
-0
-0
-0
-0
-0
-0
-0
-0
-0
-0
-0
-0
-0
-0
-0
-0
-0
-0
-0
-0
-0
-0
-0
-0
-0
-0
-0
-0
-0
-0
-0
-0
-0
-0
-0
-0
-0
-0
-0
-0
-0
-0
-0
-0
0
0
0
0
0
0
0
0
0
0
0
0
0
0
0
0
0
0
0
0
0
0
0
0
0
0
0
0
0
0
0
0
0
0
0
0
0
0
0
0
0
0
0
0
0
0
0
0
0
0
-0
-0
-0
-0
-0
-0
-0
-0
-0
-0
-0
-0
-0
-0
-0
-0
-0
-0
-0
-0
-0
-0
-0
-0
-0
-0
-0
-0
-0
-0
-0
-0
-0
-0
-0
-0
-0
-0
-0
-0
-0
-0
-0
-0
-0
-0
-0
-0
-0
0
0
0
0
0
0
0
0
0
0
0
0
0
0
0
0
0
0
0
0
0
0
0
0
0
0
0
0
0
0
0
0
0
0
0
0
0
0
0
0
0
0
0
0
0
0
0
0
0
0
0
-0
-0
-0
-0
-0
-0
-0
-0
-0
-0
-0
-0
-0
-0
-0
-0
-0
-0
-0
-0
-0
-0
-0
-0
-0
-0
-0
-0
-0
-0
-0
-0
-0
-0
-0
-0
-0
-0
-0
-0
-0
-0
-0
-0
-0
-0
-0
-0
-0
0
0
0
0
0
0
0
0
0
0
0
0
0
0
0
0
0
0
0
0
0
0
0
0
0
0
0
0
0
0
0
0
0
0
0
0
0
0
0
0
0
0
0
0
0
0
0
0
0
0
0
-0
-0
-0
-0
-0
-0
-0
-0
-0
-0
-0
-0
-0
-0
-0
-0
-0
-0
-0
-0
-0
-0
-0
-0
-0
-0
-0
-0
-0
-0
-0
-0
-0
-0
-0
-0
-0
-0
-0
-0
-0
-0
-0
-0
-0
-0
-0
-0
-0
-0
0
0
0
0
0
0
0
0
0
0
0
0
0
0
0
0
0
0
0
0
0
0
0
0
0
0
0
0
0
0
0
0
0
0
0
0
0
0
0
0
0
0
0
0
0
0
0
0
0
0
-0
-0
-0
-0
-0
-0
-0
-0
-0
-0
-0
-0
-0
-0
-0
-0
-0
-0
-0
-0
-0
-0
-0
-0
-0
-0
-0
-0
-0
-0
-0
-0
-0
-0
-0
-0
-0
-0
-0
-0
-0
-0
-0
-0
-0
-0
-0
-0
-0
-0
0
0
0
0
0
0
0
0
0
0
0
0
0
0
0
0
0
0
0
0
0
0
0
0
0
0
0
0
0
0
0
0
0
0
0
0
0
0
0
0
0
0
0
0
0
0
0
0
0
0
-0
-0
-0
-0
-0
-0
-0
-0
-0
-0
-0
-0
-0
-0
-0
-0
-0
-0
-0
-0
-0
-0
-0
-0
-0
-0
-0
-0
-0
-0
-0
-0
-0
-0
-0
-0
-0
-0
-0
-0
-0
-0
-0
-0
-0
-0
-0
-0
-0
-0
0
0
0
0
0
0
0
0
0
0
0
0
0
0
0
0
0
0
0
0
0
0
0
0
0
0
0
0
0
0
0
0
0
0
0
0
0
0
0
0
0
0
0
0
0
0
0
0
0
0
-0
-0
-0
-0
-0
-0
-0
-0
-0
-0
-0
-0
-0
-0
-0
-0
-0
-0
-0
-0
-0
-0
-0
-0
-0
-0
-0
-0
-0
-0
-0
-0
-0
-0
-0
-0
-0
-0
-0
-0
-0
-0
-0
-0
-0
-0
-0
-0
-0
0
0
0
0
0
0
0
0
0
0
0
0
0
0
0
0
0
0
0
0
0
0
0
0
0
0
0
0
0
0
0
0
0
0
0
0
0
0
0
0
0
0
0
0
0
0
0
0
0
0
0
-0
-0
-0
-0
-0
-0
-0
-0
-0
-0
-0
-0
-0
-0
-0
-0
-0
-0
-0
-0
-0
-0
-0
-0
-0
-0
-0
-0
-0
-0
-0
-0
-0
-0
-0
-0
-0
-0
-0
-0
-0
-0
-0
-0
-0
-0
-0
-0
-0
0
0
0
0
0
0
0
0
0
0
0
0
0
0
0
0
0
0
0
0
0
0
0
0
0
0
0
0
0
0
0
0
0
0
0
0
0
0
0
0
0
0
0
0
0
0
0
0
0
0
0
-0
-0
-0
-0
-0
-0
-0
-0
-0
-0
-0
-0
-0
-0
-0
-0
-0
-0
-0
-0
-0
-0
-0
-0
-0
-0
-0
-0
-0
-0
-0
-0
-0
-0
-0
-0
-0
-0
-0
-0
-0
-0
-0
-0
-0
-0
-0
-0
-0
-0
0
0
0
0
0
0
0
0
0
0
0
0
0
0
0
0
0
0
0
0
0
0
0
0
0
0
0
0
0
0
0
0
0
0
0
0
0
0
0
0
0
0
0
0
0
0
0
0
0
0
-0
-0
-0
-0
-0
-0
-0
-0
-0
-0
-0
-0
-0
-0
-0
-0
-0
-0
-0
-0
-0
-0
-0
-0
-0
-0
-0
-0
-0
-0
-0
-0
-0
-0
-0
-0
-0
-0
-0
-0
-0
-0
-0
-0
-0
-0
-0
-0
-0
-0
0
0
0
0
0
0
0
0
0
0
0
0
0
0
0
0
0
0
0
0
0
0
0
0
0
0
0
0
0
0
0
0
0
0
0
0
0
0
0
0
0
0
0
0
0
0
0
0
0
0
-0
-0
-0
-0
-0
-0
-0
-0
-0
-0
-0
-0
-0
-0
-0
-0
-0
-0
-0
-0
-0
-0
-0
-0
-0
-0
-0
-0
-0
-0
-0
-0
-0
-0
-0
-0
-0
-0
-0
-0
-0
-0
-0
-0
-0
-0
-0
-0
-0
-0
0
0
0
0
0
0
0
0
0
0
0
0
0
0
0
0
0
0
0
0
0
0
0
0
0
0
0
0
0
0
0
0
0
0
0
0
0
0
0
0
0
0
0
0
0
0
0
0
0
0
-0
-0
-0
-0
-0
-0
-0
-0
-0
-0
-0
-0
-0
-0
-0
-0
-0
-0
-0
-0
-0
-0
-0
-0
-0
-0
-0
-0
-0
-0
-0
-0
-0
-0
-0
-0
-0
-0
-0
-0
-0
-0
-0
-0
-0
-0
-0
-0
-0
0
0
0
0
0
0
0
0
0
0
0
0
0
0
0
0
0
0
0
0
0
0
0
0
0
0
0
0
0
0
0
0
0
0
0
0
0
0
0
0
0
0
0
0
0
0
0
0
0
0
0
-0
-0
-0
-0
-0
-0
-0
-0
-0
-0
-0
-0
-0
-0
-0
-0
-0
-0
-0
-0
-0
-0
-0
-0
-0
-0
-0
-0
-0
-0
-0
-0
-0
-0
-0
-0
-0
-0
-0
-0
-0
-0
-0
-0
-0
-0
-0
-0
-0
0
0
0
0
0
0
0
0
0
0
0
0
0
0
0
0
0
0
0
0
0
0
0
0
0
0
0
0
0
0
0
0
0
0
0
0
0
0
0
0
0
0
0
0
0
0
0
0
0
0
0
-0
-0
-0
-0
-0
-0
-0
-0
-0
-0
-0
-0
-0
-0
-0
-0
-0
-0
-0
-0
-0
-0
-0
-0
-0
-0
-0
-0
-0
-0
-0
-0
-0
-0
-0
-0
-0
-0
-0
-0
-0
-0
-0
-0
-0
-0
-0
-0
-0
0
