-0
-0
-0
-0
-0
-0
-0
-0
-0
-0
-0
-0
-0
-0
-0
-0
-0
-0
-0
-0
-0
-0
-0
-0
-0
-0
-0
-0
-0
-0
-0
-0
-0
-0
-0
-0
-0
-0
-0
-0
-0
-0
-0
-0
-0
-0
-0
-0
-0
-0
-0
0
0
0
0
0
0
0
0
0
0
0
0
0
0
0
0
0
0
0
0
0
0
0
0
0
0
0
0
0
0
0
0
0
0
0
0
0
0
0
0
0
0
0
0
0
0
0
0
0
0
-0
-0
-0
-0
-0
-0
-0
-0
-0
-0
-0
-0
-0
-0
-0
-0
-0
-0
-0
-0
-0
-0
-0
-0
-0
-0
-0
-0
-0
-0
-0
-0
-0
-0
-0
-0
-0
-0
-0
-0
-0
-0
-0
-0
-0
-0
-0
-0
-0
-0
0
0
0
0
0
0
0
0
0
0
0
0
0
0
0
0
0
0
0
0
0
0
0
0
0
0
0
0
0
0
0
0
0
0
0
0
0
0
0
0
0
0
0
0
0
0
0
0
0
0
-0
-0
-0
-0
-0
-0
-0
-0
-0
-0
-0
-0
-0
-0
-0
-0
-0
-0
-0
-0
-0
-0
-0
-0
-0
-0
-0
-0
-0
-0
-0
-0
-0
-0
-0
-0
-0
-0
-0
-0
-0
-0
-0
-0
-0
-0
-0
-0
-0
-0
0
0
0
0
0
0
0
0
0
0
0
0
0
0
0
0
0
0
0
0
0
0
0
0
0
0
0
0
0
0
0
0
0
0
0
0
0
0
0
0
0
0
0
0
0
0
0
0
0
0
-0
-0
-0
-0
-0
-0
-0
-0
-0
-0
-0
-0
-0
-0
-0
-0
-0
-0
-0
-0
-0
-0
-0
-0
-0
-0
-0
-0
-0
-0
-0
-0
-0
-0
-0
-0
-0
-0
-0
-0
-0
-0
-0
-0
-0
-0
-0
-0
-0
0
0
0
0
0
0
0
0
0
0
0
0
0
0
0
0
0
0
0
0
0
0
0
0
0
0
0
0
0
0
0
0
0
0
0
0
0
0
0
0
0
0
0
0
0
0
0
0
0
0
0
-0
-0
-0
-0
-0
-0
-0
-0
-0
-0
-0
-0
-0
-0
-0
-0
-0
-0
-0
-0
-0
-0
-0
-0
-0
-0
-0
-0
-0
-0
-0
-0
-0
-0
-0
-0
-0
-0
-0
-0
-0
-0
-0
-0
-0
-0
-0
-0
-0
-0
0
0
0
0
0
0
0
0
0
0
0
0
0
0
0
0
0
0
0
0
0
0
0
0
0
0
0
0
0
0
0
0
0
0
0
0
0
0
0
0
0
0
0
0
0
0
0
0
0
0
-0
-0
-0
-0
-0
-0
-0
-0
-0
-0
-0
-0
-0
-0
-0
-0
-0
-0
-0
-0
-0
-0
-0
-0
-0
-0
-0
-0
-0
-0
-0
-0
-0
-0
-0
-0
-0
-0
-0
-0
-0
-0
-0
-0
-0
-0
-0
-0
-0
0
0
0
0
0
0
0
0
0
0
0
0
0
0
0
0
0
0
0
0
0
0
0
0
0
0
0
0
0
0
0
0
0
0
0
0
0
0
0
0
0
0
0
0
0
0
0
0
0
0
0
-0
-0
-0
-0
-0
-0
-0
-0
-0
-0
-0
-0
-0
-0
-0
-0
-0
-0
-0
-0
-0
-0
-0
-0
-0
-0
-0
-0
-0
-0
-0
-0
-0
-0
-0
-0
-0
-0
-0
-0
-0
-0
-0
-0
-0
-0
-0
-0
-0
0
0
0
0
0
0
0
0
0
0
0
0
0
0
0
0
0
0
0
0
0
0
0
0
0
0
0
0
0
0
0
0
0
0
0
0
0
0
0
0
0
0
0
0
0
0
0
0
0
0
-0
-0
-0
-0
-0
-0
-0
-0
-0
-0
-0
-0
-0
-0
-0
-0
-0
-0
-0
-0
-0
-0
-0
-0
-0
-0
-0
-0
-0
-0
-0
-0
-0
-0
-0
-0
-0
-0
-0
-0
-0
-0
-0
-0
-0
-0
-0
-0
-0
-0
-0
0
0
0
0
0
0
0
0
0
0
0
0
0
0
0
0
0
0
0
0
0
0
0
0
0
0
0
0
0
0
0
0
0
0
0
0
0
0
0
0
0
0
0
0
0
0
0
0
0
0
-0
-0
-0
-0
-0
-0
-0
-0
-0
-0
-0
-0
-0
-0
-0
-0
-0
-0
-0
-0
-0
-0
-0
-0
-0
-0
-0
-0
-0
-0
-0
-0
-0
-0
-0
-0
-0
-0
-0
-0
-0
-0
-0
-0
-0
-0
-0
-0
-0
-0
0
0
0
0
0
0
0
0
0
0
0
0
0
0
0
0
0
0
0
0
0
0
0
0
0
0
0
0
0
0
0
0
0
0
0
0
0
0
0
0
0
0
0
0
0
0
0
0
0
0
-0
-0
-0
-0
-0
-0
-0
-0
-0
-0
-0
-0
-0
-0
-0
-0
-0
-0
-0
-0
-0
-0
-0
-0
-0
-0
-0
-0
-0
-0
-0
-0
-0
-0
-0
-0
-0
-0
-0
-0
-0
-0
-0
-0
-0
-0
-0
-0
-0
0
0
0
0
0
0
0
0
0
0
0
0
0
0
0
0
0
0
0
0
0
0
0
0
0
0
0
0
0
0
0
0
0
0
0
0
0
0
0
0
0
0
0
0
0
0
0
0
0
0
0
-0
-0
-0
-0
-0
-0
-0
-0
-0
-0
-0
-0
-0
-0
-0
-0
-0
-0
-0
-0
-0
-0
-0
-0
-0
-0
-0
-0
-0
-0
-0
-0
-0
-0
-0
-0
-0
-0
-0
-0
-0
-0
-0
-0
-0
-0
-0
-0
-0
0
0
0
0
0
0
0
0
0
0
0
0
0
0
0
0
0
0
0
0
0
0
0
0
0
0
0
0
0
0
0
0
0
0
0
0
0
0
0
0
0
0
0
0
0
0
0
0
0
0
-0
-0
-0
-0
-0
-0
-0
-0
-0
-0
-0
-0
-0
-0
-0
-0
-0
-0
-0
-0
-0
-0
-0
-0
-0
-0
-0
-0
-0
-0
-0
-0
-0
-0
-0
-0
-0
-0
-0
-0
-0
-0
-0
-0
-0
-0
-0
-0
-0
-0
0
0
0
0
0
0
0
0
0
0
0
0
0
0
0
0
0
0
0
0
0
0
0
0
0
0
0
0
0
0
0
0
0
0
0
0
0
0
0
0
0
0
0
0
0
0
0
0
0
0
0
-0
-0
-0
-0
-0
-0
-0
-0
-0
-0
-0
-0
-0
-0
-0
-0
-0
-0
-0
-0
-0
-0
-0
-0
-0
-0
-0
-0
-0
-0
-0
-0
-0
-0
-0
-0
-0
-0
-0
-0
-0
-0
-0
-0
-0
-0
-0
-0
-0
0
0
0
0
0
0
0
0
0
0
0
0
0
0
0
0
0
0
0
0
0
0
0
0
0
0
0
0
0
0
0
0
0
0
0
0
0
0
0
0
0
0
0
0
0
0
0
0
0
0
-0
-0
-0
-0
-0
-0
-0
-0
-0
-0
-0
-0
-0
-0
-0
-0
-0
-0
-0
-0
-0
-0
-0
-0
-0
-0
-0
-0
-0
-0
-0
-0
-0
-0
-0
-0
-0
-0
-0
-0
-0
-0
-0
-0
-0
-0
-0
-0
-0
-0
0
0
0
0
0
0
0
0
0
0
0
0
0
0
0
0
0
0
0
0
0
0
0
0
0
0
0
0
0
0
0
0
0
0
0
0
0
0
0
0
0
0
0
0
0
0
0
0
0
0
-0
-0
-0
-0
-0
-0
-0
-0
-0
-0
-0
-0
-0
-0
-0
-0
-0
-0
-0
-0
-0
-0
-0
-0
-0
-0
-0
-0
-0
-0
-0
-0
-0
-0
-0
-0
-0
-0
-0
-0
-0
-0
-0
-0
-0
-0
-0
-0
-0
-0
0
0
0
0
0
0
0
0
0
0
0
0
0
0
0
0
0
0
0
0
0
0
0
0
0
0
0
0
0
0
0
0
0
0
0
0
0
0
0
0
0
0
0
0
0
0
0
0
0
0
0
-0
-0
-0
-0
-0
-0
-0
-0
-0
-0
-0
-0
-0
-0
-0
-0
-0
-0
-0
-0
-0
-0
-0
-0
-0
-0
-0
-0
-0
-0
-0
-0
-0
-0
-0
-0
-0
-0
-0
-0
-0
-0
-0
-0
-0
-0
-0
-0
-0
-0
0
0
0
0
0
0
0
0
0
0
0
0
0
0
0
0
0
0
0
0
0
0
0
0
0
0
0
0
0
0
0
0
0
0
0
0
0
0
0
0
0
0
0
0
0
0
0
0
0
0
-0
-0
-0
-0
-0
-0
-0
-0
-0
-0
-0
-0
-0
-0
-0
-0
-0
-0
-0
-0
-0
-0
-0
-0
-0
-0
-0
-0
-0
-0
-0
-0
-0
-0
-0
-0
-0
-0
-0
-0
-0
-0
-0
-0
-0
-0
-0
-0
-0
-0
0
0
0
0
0
0
0
0
0
0
0
0
0
0
0
0
0
0
0
0
0
0
0
0
0
0
0
0
0
0
0
0
0
0
0
0
0
0
0
0
0
0
0
0
0
0
0
0
0
0
-0
-0
-0
-0
-0
-0
-0
-0
-0
-0
-0
-0
-0
-0
-0
-0
-0
-0
-0
-0
-0
-0
-0
-0
-0
-0
-0
-0
-0
-0
-0
-0
-0
-0
-0
-0
-0
-0
-0
-0
-0
-0
-0
-0
-0
-0
-0
-0
-0
-0
0
0
0
0
0
0
0
0
0
0
0
0
0
0
0
0
0
0
0
0
0
0
0
0
0
0
0
0
0
0
0
0
0
0
0
0
0
0
0
0
0
0
0
0
0
0
0
0
0
0
-0
-0
-0
-0
-0
-0
-0
-0
-0
-0
-0
-0
-0
-0
-0
-0
-0
-0
-0
-0
-0
-0
-0
-0
-0
-0
-0
-0
-0
-0
-0
-0
-0
-0
-0
-0
-0
-0
-0
-0
-0
-0
-0
-0
-0
-0
-0
-0
-0
-0
0
0
0
0
0
0
0
0
0
0
0
0
0
0
0
0
0
0
0
0
0
0
0
0
0
0
0
0
0
0
0
0
0
0
0
0
0
0
0
0
0
0
0
0
0
0
0
0
0
-0
-0
-0
-0
-0
-0
-0
-0
-0
-0
-0
-0
-0
-0
-0
-0
-0
-0
-0
-0
-0
-0
-0
-0
-0
-0
-0
-0
-0
-0
-0
-0
-0
-0
-0
-0
-0
-0
-0
-0
-0
-0
-0
-0
-0
-0
-0
-0
-0
-0
-0
0
0
0
0
0
0
0
0
0
0
0
0
0
0
0
0
0
0
0
0
0
0
0
0
0
0
0
0
0
0
0
0
0
0
0
0
0
0
0
0
0
0
0
0
0
0
0
0
0
0
-1.2009e-08
-4.794e-08
-1.0751e-07
-1.9025e-07
-2.955e-07
-4.2242e-07
-5.7001e-07
-7.3708e-07
-9.2229e-07
-1.1241e-06
-1.341e-06
-1.571e-06
-1.8124e-06
-2.063e-06
-2.3209e-06
-2.5836e-06
-2.8491e-06
-3.1149e-06
-3.3786e-06
-3.6378e-06
-3.8901e-06
-4.133e-06
-4.3641e-06
-4.5809e-06
-4.7813e-06
-4.9627e-06
-5.123e-06
-5.2601e-06
-5.372e-06
-5.4567e-06
-5.5124e-06
-5.5375e-06
-5.5306e-06
-5.4902e-06
-5.4154e-06
-5.305e-06
-5.1584e-06
-4.9749e-06
-4.7544e-06
-4.4966e-06
-4.2016e-06
-3.8697e-06
-3.5015e-06
-3.0978e-06
-2.6595e-06
-2.1878e-06
-1.6843e-06
-1.1506e-06
-5.8843e-07
-1.4993e-19
6.1244e-07
1.2464e-06
1.8993e-06
2.5683e-06
3.2505e-06
3.9426e-06
4.6415e-06
5.3439e-06
6.0461e-06
6.7448e-06
7.4363e-06
8.117e-06
8.7832e-06
9.4311e-06
1.0057e-05
1.0658e-05
1.1229e-05
1.1767e-05
1.227e-05
1.2732e-05
1.3152e-05
1.3526e-05
1.3851e-05
1.4125e-05
1.4344e-05
1.4506e-05
1.461e-05
1.4653e-05
1.4634e-05
1.4551e-05
1.4403e-05
1.419e-05
1.391e-05
1.3564e-05
1.3152e-05
1.2673e-05
1.2129e-05
1.1521e-05
1.085e-05
1.0117e-05
9.3254e-06
8.4765e-06
7.573e-06
6.618e-06
5.6145e-06
4.5659e-06
3.4762e-06
2.3491e-06
1.1889e-06
-3.7522e-20
-1.2129e-06
-2.4449e-06
-3.6912e-06
-4.9464e-06
-6.2054e-06
-7.4628e-06
-8.713e-06
-9.9506e-06
-1.117e-05
-1.2366e-05
-1.3532e-05
-1.4663e-05
-1.5754e-05
-1.6799e-05
-1.7793e-05
-1.8731e-05
-1.9608e-05
-2.042e-05
-2.1161e-05
-2.1827e-05
-2.2414e-05
-2.2919e-05
-2.3338e-05
-2.3668e-05
-2.3906e-05
-2.405e-05
-2.4097e-05
-2.4046e-05
-2.3896e-05
-2.3646e-05
-2.3294e-05
-2.2842e-05
-2.229e-05
-2.1638e-05
-2.0888e-05
-2.0041e-05
-1.91e-05
-1.8067e-05
-1.6945e-05
-1.5738e-05
-1.4449e-05
-1.3083e-05
-1.1645e-05
-1.0138e-05
-8.5694e-06
-6.944e-06
-5.268e-06
-3.5476e-06
-1.7893e-06
-2.5299e-19
1.8133e-06
3.6434e-06
5.483e-06
7.3245e-06
9.1604e-06
1.0983e-05
1.2785e-05
1.4557e-05
1.6294e-05
1.7986e-05
1.9627e-05
2.1209e-05
2.2725e-05
2.4167e-05
2.553e-05
2.6805e-05
2.7988e-05
2.9072e-05
3.0052e-05
3.0921e-05
3.1676e-05
3.2312e-05
3.2825e-05
3.3212e-05
3.3469e-05
3.3594e-05
3.3584e-05
3.344e-05
3.3158e-05
3.274e-05
3.2185e-05
3.1495e-05
3.067e-05
2.9712e-05
2.8624e-05
2.7409e-05
2.6071e-05
2.4613e-05
2.304e-05
2.1359e-05
1.9573e-05
1.769e-05
1.5716e-05
1.3658e-05
1.1524e-05
9.3221e-06
7.0598e-06
4.7461e-06
2.3897e-06
-3.3746e-19
-2.4137e-06
-4.8419e-06
-7.2748e-06
-9.7026e-06
-1.2115e-05
-1.4503e-05
-1.6856e-05
-1.9164e-05
-2.1418e-05
-2.3607e-05
-2.5722e-05
-2.7755e-05
-2.9695e-05
-3.1535e-05
-3.3266e-05
-3.4879e-05
-3.6368e-05
-3.7725e-05
-3.8943e-05
-4.0016e-05
-4.0938e-05
-4.1705e-05
-4.2312e-05
-4.2755e-05
-4.3031e-05
-4.3137e-05
-4.3071e-05
-4.2833e-05
-4.242e-05
-4.1835e-05
-4.1076e-05
-4.0147e-05
-3.9049e-05
-3.7786e-05
-3.636e-05
-3.4777e-05
-3.3041e-05
-3.1159e-05
-2.9136e-05
-2.6979e-05
-2.4697e-05
-2.2297e-05
-1.9788e-05
-1.7179e-05
-1.4479e-05
-1.17e-05
-8.8517e-06
-5.9446e-06
-2.9902e-06
-9.3626e-20
3.0142e-06
6.0404e-06
9.0667e-06
1.2081e-05
1.507e-05
1.8023e-05
2.0928e-05
2.3771e-05
2.6542e-05
2.9228e-05
3.1818e-05
3.4301e-05
3.6666e-05
3.8903e-05
4.1002e-05
4.2953e-05
4.4748e-05
4.6377e-05
4.7834e-05
4.911e-05
5.02e-05
5.1099e-05
5.18e-05
5.2299e-05
5.2594e-05
5.2681e-05
5.2559e-05
5.2226e-05
5.1682e-05
5.0929e-05
4.9967e-05
4.88e-05
4.7429e-05
4.586e-05
4.4096e-05
4.2145e-05
4.0012e-05
3.7705e-05
3.5231e-05
3.26e-05
2.9821e-05
2.6904e-05
2.3859e-05
2.0699e-05
1.7434e-05
1.4078e-05
1.0643e-05
7.1431e-06
3.5906e-06
-8.9981e-19
-3.6146e-06
-7.2389e-06
-1.0859e-05
-1.4459e-05
-1.8025e-05
-2.1544e-05
-2.4999e-05
-2.8378e-05
-3.1665e-05
-3.4848e-05
-3.7913e-05
-4.0847e-05
-4.3637e-05
-4.6271e-05
-4.8738e-05
-5.1027e-05
-5.3127e-05
-5.5029e-05
-5.6725e-05
-5.8205e-05
-5.9463e-05
-6.0492e-05
-6.1287e-05
-6.1843e-05
-6.2156e-05
-6.2224e-05
-6.2046e-05
-6.1619e-05
-6.0944e-05
-6.0024e-05
-5.8858e-05
-5.7452e-05
-5.5809e-05
-5.3934e-05
-5.1833e-05
-4.9513e-05
-4.6983e-05
-4.4251e-05
-4.1327e-05
-3.8221e-05
-3.4945e-05
-3.151e-05
-2.7931e-05
-2.4219e-05
-2.0389e-05
-1.6456e-05
-1.2435e-05
-8.3416e-06
-4.191e-06
3.2815e-19
4.215e-06
8.4374e-06
1.265e-05
1.6837e-05
2.098e-05
2.5064e-05
2.9071e-05
3.2984e-05
3.6789e-05
4.0469e-05
4.4009e-05
4.7393e-05
5.0608e-05
5.3639e-05
5.6474e-05
5.9101e-05
6.1507e-05
6.3682e-05
6.5615e-05
6.7299e-05
6.8725e-05
6.9885e-05
7.0774e-05
7.1386e-05
7.1719e-05
7.1768e-05
7.1533e-05
7.1012e-05
7.0207e-05
6.9118e-05
6.7749e-05
6.6104e-05
6.4188e-05
6.2007e-05
5.9569e-05
5.6881e-05
5.3954e-05
5.0797e-05
4.7422e-05
4.3841e-05
4.0068e-05
3.6117e-05
3.2002e-05
2.7739e-05
2.3344e-05
1.8835e-05
1.4227e-05
9.5401e-06
4.7915e-06
4.4969e-19
-4.8155e-06
-9.6359e-06
-1.4442e-05
-1.9215e-05
-2.3935e-05
-2.8584e-05
-3.3142e-05
-3.7591e-05
-4.1913e-05
-4.609e-05
-5.0104e-05
-5.3939e-05
-5.7578e-05
-6.1007e-05
-6.4211e-05
-6.7175e-05
-6.9887e-05
-7.2334e-05
-7.4506e-05
-7.6394e-05
-7.7987e-05
-7.9278e-05
-8.0261e-05
-8.093e-05
-8.1281e-05
-8.1312e-05
-8.102e-05
-8.0405e-05
-7.9469e-05
-7.8213e-05
-7.664e-05
-7.4757e-05
-7.2568e-05
-7.0081e-05
-6.7305e-05
-6.4249e-05
-6.0924e-05
-5.7343e-05
-5.3517e-05
-4.9462e-05
-4.5192e-05
-4.0724e-05
-3.6074e-05
-3.1259e-05
-2.6299e-05
-2.1213e-05
-1.6019e-05
-1.0739e-05
-5.3919e-06
1.0123e-18
5.4159e-06
1.0834e-05
1.6234e-05
2.1593e-05
2.689e-05
3.2104e-05
3.7214e-05
4.2198e-05
4.7037e-05
5.171e-05
5.6199e-05
6.0485e-05
6.4549e-05
6.8375e-05
7.1947e-05
7.5249e-05
7.8266e-05
8.0987e-05
8.3397e-05
8.5488e-05
8.7249e-05
8.8671e-05
8.9748e-05
9.0474e-05
9.0844e-05
9.0855e-05
9.0507e-05
8.9798e-05
8.8731e-05
8.7307e-05
8.5531e-05
8.3409e-05
8.0948e-05
7.8155e-05
7.5041e-05
7.1617e-05
6.7895e-05
6.3889e-05
5.9613e-05
5.5083e-05
5.0316e-05
4.5331e-05
4.0145e-05
3.4779e-05
2.9254e-05
2.3591e-05
1.7811e-05
1.1937e-05
5.9923e-06
-9.3734e-20
-5.9803e-06
-1.1913e-05
-1.7775e-05
-2.3543e-05
-2.9195e-05
-3.4709e-05
-4.0064e-05
-4.5238e-05
-5.0214e-05
-5.497e-05
-5.9491e-05
-6.3758e-05
-6.7756e-05
-7.147e-05
-7.4887e-05
-7.7994e-05
-8.078e-05
-8.3236e-05
-8.5353e-05
-8.7125e-05
-8.8545e-05
-8.961e-05
-9.0317e-05
-9.0664e-05
-9.0653e-05
-9.0283e-05
-8.9558e-05
-8.8483e-05
-8.7064e-05
-8.5306e-05
-8.322e-05
-8.0813e-05
-7.8099e-05
-7.5087e-05
-7.1792e-05
-6.8228e-05
-6.441e-05
-6.0354e-05
-5.6077e-05
-5.1598e-05
-4.6934e-05
-4.2106e-05
-3.7132e-05
-3.2034e-05
-2.6831e-05
-2.1546e-05
-1.6198e-05
-1.081e-05
-5.4039e-06
1.5992e-18
5.3799e-06
1.0715e-05
1.5983e-05
2.1165e-05
2.624e-05
3.1189e-05
3.5992e-05
4.0632e-05
4.509e-05
4.935e-05
5.3395e-05
5.7212e-05
6.0785e-05
6.4102e-05
6.715e-05
6.992e-05
7.24e-05
7.4584e-05
7.6462e-05
7.8031e-05
7.9283e-05
8.0217e-05
8.083e-05
8.1121e-05
8.109e-05
8.0739e-05
8.0071e-05
7.909e-05
7.7801e-05
7.6212e-05
7.4329e-05
7.2161e-05
6.9719e-05
6.7013e-05
6.4056e-05
6.086e-05
5.7439e-05
5.3808e-05
4.9982e-05
4.5977e-05
4.1811e-05
3.7499e-05
3.3061e-05
2.8514e-05
2.3876e-05
1.9167e-05
1.4406e-05
9.612e-06
4.8035e-06
-5.9847e-19
-4.7795e-06
-9.5161e-06
-1.4191e-05
-1.8787e-05
-2.3285e-05
-2.7669e-05
-3.1921e-05
-3.6025e-05
-3.9966e-05
-4.3729e-05
-4.73e-05
-5.0666e-05
-5.3814e-05
-5.6734e-05
-5.9414e-05
-6.1846e-05
-6.4021e-05
-6.5931e-05
-6.7572e-05
-6.8936e-05
-7.0021e-05
-7.0824e-05
-7.1343e-05
-7.1577e-05
-7.1528e-05
-7.1195e-05
-7.0584e-05
-6.9697e-05
-6.8539e-05
-6.7117e-05
-6.5438e-05
-6.3509e-05
-6.1339e-05
-5.8939e-05
-5.632e-05
-5.3492e-05
-5.0468e-05
-4.7262e-05
-4.3887e-05
-4.0357e-05
-3.6687e-05
-3.2892e-05
-2.8989e-05
-2.4993e-05
-2.0921e-05
-1.6789e-05
-1.2615e-05
-8.4135e-06
-4.203e-06
-1.9609e-19
4.179e-06
8.3176e-06
1.2399e-05
1.6409e-05
2.033e-05
2.4149e-05
2.7849e-05
3.1418e-05
3.4842e-05
3.8108e-05
4.1205e-05
4.412e-05
4.6844e-05
4.9366e-05
5.1678e-05
5.3772e-05
5.5641e-05
5.7279e-05
5.8681e-05
5.9842e-05
6.0759e-05
6.1431e-05
6.1856e-05
6.2034e-05
6.1965e-05
6.1652e-05
6.1097e-05
6.0304e-05
5.9277e-05
5.8023e-05
5.6547e-05
5.4856e-05
5.296e-05
5.0865e-05
4.8583e-05
4.6124e-05
4.3498e-05
4.0716e-05
3.7791e-05
3.4736e-05
3.1563e-05
2.8286e-05
2.4918e-05
2.1473e-05
1.7966e-05
1.4411e-05
1.0823e-05
7.215e-06
3.6026e-06
-8.4078e-19
-3.5786e-06
-7.1191e-06
-1.0608e-05
-1.4031e-05
-1.7375e-05
-2.0628e-05
-2.3778e-05
-2.6811e-05
-2.9718e-05
-3.2488e-05
-3.5109e-05
-3.7574e-05
-3.9873e-05
-4.1998e-05
-4.3942e-05
-4.5698e-05
-4.7261e-05
-4.8627e-05
-4.979e-05
-5.0747e-05
-5.1497e-05
-5.2038e-05
-5.2369e-05
-5.249e-05
-5.2403e-05
-5.2108e-05
-5.161e-05
-5.0911e-05
-5.0015e-05
-4.8928e-05
-4.7656e-05
-4.6204e-05
-4.458e-05
-4.2792e-05
-4.0847e-05
-3.8756e-05
-3.6527e-05
-3.417e-05
-3.1696e-05
-2.9115e-05
-2.6439e-05
-2.3679e-05
-2.0846e-05
-1.7953e-05
-1.5011e-05
-1.2033e-05
-9.0308e-06
-6.0165e-06
-3.0022e-06
1.868e-19
2.9782e-06
5.9206e-06
8.8158e-06
1.1653e-05
1.442e-05
1.7108e-05
1.9706e-05
2.2205e-05
2.4594e-05
2.6867e-05
2.9014e-05
3.1028e-05
3.2902e-05
3.463e-05
3.6206e-05
3.7624e-05
3.8882e-05
3.9974e-05
4.0899e-05
4.1653e-05
4.2235e-05
4.2645e-05
4.2882e-05
4.2946e-05
4.284e-05
4.2565e-05
4.2123e-05
4.1518e-05
4.0753e-05
3.9834e-05
3.8765e-05
3.7551e-05
3.62e-05
3.4718e-05
3.3111e-05
3.1388e-05
2.9556e-05
2.7624e-05
2.5601e-05
2.3495e-05
2.1315e-05
1.9072e-05
1.6775e-05
1.4433e-05
1.2056e-05
9.6551e-06
7.239e-06
4.818e-06
2.4017e-06
-8.2069e-19
-2.3777e-06
-4.7221e-06
-7.024e-06
-9.2746e-06
-1.1465e-05
-1.3588e-05
-1.5635e-05
-1.7598e-05
-1.9471e-05
-2.1246e-05
-2.2919e-05
-2.4482e-05
-2.5931e-05
-2.7262e-05
-2.8469e-05
-2.955e-05
-3.0502e-05
-3.1322e-05
-3.2008e-05
-3.2558e-05
-3.2973e-05
-3.3252e-05
-3.3395e-05
-3.3403e-05
-3.3278e-05
-3.3021e-05
-3.2636e-05
-3.2124e-05
-3.1491e-05
-3.0739e-05
-2.9874e-05
-2.8899e-05
-2.7821e-05
-2.6644e-05
-2.5375e-05
-2.402e-05
-2.2585e-05
-2.1078e-05
-1.9505e-05
-1.7874e-05
-1.6191e-05
-1.4465e-05
-1.2703e-05
-1.0913e-05
-9.1013e-06
-7.277e-06
-5.4472e-06
-3.6195e-06
-1.8013e-06
3.0728e-19
1.7773e-06
3.5236e-06
5.2322e-06
6.8965e-06
8.5103e-06
1.0068e-05
1.1563e-05
1.2991e-05
1.4347e-05
1.5626e-05
1.6823e-05
1.7936e-05
1.896e-05
1.9894e-05
2.0733e-05
2.1477e-05
2.2122e-05
2.2669e-05
2.3117e-05
2.3464e-05
2.3711e-05
2.3859e-05
2.3907e-05
2.3859e-05
2.3715e-05
2.3477e-05
2.3149e-05
2.2731e-05
2.2229e-05
2.1645e-05
2.0983e-05
2.0247e-05
1.9441e-05
1.857e-05
1.7639e-05
1.6652e-05
1.5615e-05
1.4532e-05
1.341e-05
1.2253e-05
1.1068e-05
9.8585e-06
8.6316e-06
7.3924e-06
6.1463e-06
4.8989e-06
3.6553e-06
2.421e-06
1.2009e-06
-4.6878e-23
-1.1769e-06
-2.3251e-06
-3.4403e-06
-4.5184e-06
-5.5554e-06
-6.5476e-06
-7.4916e-06
-8.3843e-06
-9.2229e-06
-1.0005e-05
-1.0728e-05
-1.139e-05
-1.199e-05
-1.2526e-05
-1.2997e-05
-1.3403e-05
-1.3743e-05
-1.4017e-05
-1.4226e-05
-1.4369e-05
-1.4449e-05
-1.4465e-05
-1.442e-05
-1.4315e-05
-1.4153e-05
-1.3934e-05
-1.3661e-05
-1.3338e-05
-1.2967e-05
-1.255e-05
-1.2092e-05
-1.1594e-05
-1.1061e-05
-1.0496e-05
-9.9024e-06
-9.2837e-06
-8.6437e-06
-7.9861e-06
-7.3144e-06
-6.6324e-06
-5.9437e-06
-5.2517e-06
-4.5601e-06
-3.8722e-06
-3.1914e-06
-2.5208e-06
-1.8635e-06
-1.2225e-06
-6.0043e-07
1.6534e-19
5.7642e-07
1.1266e-06
1.6485e-06
2.1403e-06
2.6004e-06
3.0274e-06
3.4201e-06
3.7776e-06
4.0991e-06
4.3841e-06
4.6325e-06
4.844e-06
5.0189e-06
5.1576e-06
5.2606e-06
5.3288e-06
5.363e-06
5.3645e-06
5.3346e-06
5.2748e-06
5.1868e-06
5.0723e-06
4.9333e-06
4.7718e-06
4.59e-06
4.3901e-06
4.1743e-06
3.9451e-06
3.7048e-06
3.4559e-06
3.2008e-06
2.9418e-06
2.6815e-06
2.4222e-06
2.1661e-06
1.9157e-06
1.673e-06
1.4401e-06
1.2191e-06
1.0117e-06
8.1981e-07
6.4495e-07
4.8858e-07
3.5202e-07
2.364e-07
1.4269e-07
7.1673e-08
2.397e-08
0
0
-0
-0
-0
-0
-0
-0
-0
-0
-0
-0
-0
-0
-0
-0
-0
-0
-0
-0
-0
-0
-0
-0
-0
-0
-0
-0
-0
-0
-0
-0
-0
-0
-0
-0
-0
-0
-0
-0
-0
-0
-0
-0
-0
-0
-0
-0
-0
-0
-0
-0
0
0
0
0
0
0
0
0
0
0
0
0
0
0
0
0
0
0
0
0
0
0
0
0
0
0
0
0
0
0
0
0
0
0
0
0
0
0
0
0
0
0
0
0
0
0
0
0
0
0
-0
-0
-0
-0
-0
-0
-0
-0
-0
-0
-0
-0
-0
-0
-0
-0
-0
-0
-0
-0
-0
-0
-0
-0
-0
-0
-0
-0
-0
-0
-0
-0
-0
-0
-0
-0
-0
-0
-0
-0
-0
-0
-0
-0
-0
-0
-0
-0
-0
-0
0
0
0
0
0
0
0
0
0
0
0
0
0
0
0
0
0
0
0
0
0
0
0
0
0
0
0
0
0
0
0
0
0
0
0
0
0
0
0
0
0
0
0
0
0
0
0
0
0
0
-0
-0
-0
-0
-0
-0
-0
-0
-0
-0
-0
-0
-0
-0
-0
-0
-0
-0
-0
-0
-0
-0
-0
-0
-0
-0
-0
-0
-0
-0
-0
-0
-0
-0
-0
-0
-0
-0
-0
-0
-0
-0
-0
-0
-0
-0
-0
-0
-0
-0
0
0
0
0
0
0
0
0
0
0
0
0
0
0
0
0
0
0
0
0
0
0
0
0
0
0
0
0
0
0
0
0
0
0
0
0
0
0
0
0
0
0
0
0
0
0
0
0
0
0
-0
-0
-0
-0
-0
-0
-0
-0
-0
-0
-0
-0
-0
-0
-0
-0
-0
-0
-0
-0
-0
-0
-0
-0
-0
-0
-0
-0
-0
-0
-0
-0
-0
-0
-0
-0
-0
-0
-0
-0
-0
-0
-0
-0
-0
-0
-0
-0
-0
-0
0
0
0
0
0
0
0
0
0
0
0
0
0
0
0
0
0
0
0
0
0
0
0
0
0
0
0
0
0
0
0
0
0
0
0
0
0
0
0
0
0
0
0
0
0
0
0
0
0
0
-0
-0
-0
-0
-0
-0
-0
-0
-0
-0
-0
-0
-0
-0
-0
-0
-0
-0
-0
-0
-0
-0
-0
-0
-0
-0
-0
-0
-0
-0
-0
-0
-0
-0
-0
-0
-0
-0
-0
-0
-0
-0
-0
-0
-0
-0
-0
-0
-0
-0
0
0
0
0
0
0
0
0
0
0
0
0
0
0
0
0
0
0
0
0
0
0
0
0
0
0
0
0
0
0
0
0
0
0
0
0
0
0
0
0
0
0
0
0
0
0
0
0
0
0
-0
-0
-0
-0
-0
-0
-0
-0
-0
-0
-0
-0
-0
-0
-0
-0
-0
-0
-0
-0
-0
-0
-0
-0
-0
-0
-0
-0
-0
-0
-0
-0
-0
-0
-0
-0
-0
-0
-0
-0
-0
-0
-0
-0
-0
-0
-0
-0
-0
0
0
0
0
0
0
0
0
0
0
0
0
0
0
0
0
0
0
0
0
0
0
0
0
0
0
0
0
0
0
0
0
0
0
0
0
0
0
0
0
0
0
0
0
0
0
0
0
0
0
0
-0
-0
-0
-0
-0
-0
-0
-0
-0
-0
-0
-0
-0
-0
-0
-0
-0
-0
-0
-0
-0
-0
-0
-0
-0
-0
-0
-0
-0
-0
-0
-0
-0
-0
-0
-0
-0
-0
-0
-0
-0
-0
-0
-0
-0
-0
-0
-0
-0
-0
0
0
0
0
0
0
0
0
0
0
0
0
0
0
0
0
0
0
0
0
0
0
0
0
0
0
0
0
0
0
0
0
0
0
0
0
0
0
0
0
0
0
0
0
0
0
0
0
0
0
-0
-0
-0
-0
-0
-0
-0
-0
-0
-0
-0
-0
-0
-0
-0
-0
-0
-0
-0
-0
-0
-0
-0
-0
-0
-0
-0
-0
-0
-0
-0
-0
-0
-0
-0
-0
-0
-0
-0
-0
-0
-0
-0
-0
-0
-0
-0
-0
-0
-0
0
0
0
0
0
0
0
0
0
0
0
0
0
0
0
0
0
0
0
0
0
0
0
0
0
0
0
0
0
0
0
0
0
0
0
0
0
0
0
0
0
0
0
0
0
0
0
0
0
-0
-0
-0
-0
-0
-0
-0
-0
-0
-0
-0
-0
-0
-0
-0
-0
-0
-0
-0
-0
-0
-0
-0
-0
-0
-0
-0
-0
-0
-0
-0
-0
-0
-0
-0
-0
-0
-0
-0
-0
-0
-0
-0
-0
-0
-0
-0
-0
-0
-0
-0
0
0
0
0
0
0
0
0
0
0
0
0
0
0
0
0
0
0
0
0
0
0
0
0
0
0
0
0
0
0
0
0
0
0
0
0
0
0
0
0
0
0
0
0
0
0
0
0
0
0
-0
-0
-0
-0
-0
-0
-0
-0
-0
-0
-0
-0
-0
-0
-0
-0
-0
-0
-0
-0
-0
-0
-0
-0
-0
-0
-0
-0
-0
-0
-0
-0
-0
-0
-0
-0
-0
-0
-0
-0
-0
-0
-0
-0
-0
-0
-0
-0
-0
0
0
0
0
0
0
0
0
0
0
0
0
0
0
0
0
0
0
0
0
0
0
0
0
0
0
0
0
0
0
0
0
0
0
0
0
0
0
0
0
0
0
0
0
0
0
0
0
0
0
0
-0
-0
-0
-0
-0
-0
-0
-0
-0
-0
-0
-0
-0
-0
-0
-0
-0
-0
-0
-0
-0
-0
-0
-0
-0
-0
-0
-0
-0
-0
-0
-0
-0
-0
-0
-0
-0
-0
-0
-0
-0
-0
-0
-0
-0
-0
-0
-0
-0
-0
0
0
0
0
0
0
0
0
0
0
0
0
0
0
0
0
0
0
0
0
0
0
0
0
0
0
0
0
0
0
0
0
0
0
0
0
0
0
0
0
0
0
0
0
0
0
0
0
0
0
-0
-0
-0
-0
-0
-0
-0
-0
-0
-0
-0
-0
-0
-0
-0
-0
-0
-0
-0
-0
-0
-0
-0
-0
-0
-0
-0
-0
-0
-0
-0
-0
-0
-0
-0
-0
-0
-0
-0
-0
-0
-0
-0
-0
-0
-0
-0
-0
-0
0
0
0
0
0
0
0
0
0
0
0
0
0
0
0
0
0
0
0
0
0
0
0
0
0
0
0
0
0
0
0
0
0
0
0
0
0
0
0
0
0
0
0
0
0
0
0
0
0
0
-0
-0
-0
-0
-0
-0
-0
-0
-0
-0
-0
-0
-0
-0
-0
-0
-0
-0
-0
-0
-0
-0
-0
-0
-0
-0
-0
-0
-0
-0
-0
-0
-0
-0
-0
-0
-0
-0
-0
-0
-0
-0
-0
-0
-0
-0
-0
-0
-0
-0
-0
0
0
0
0
0
0
0
0
0
0
0
0
0
0
0
0
0
0
0
0
0
0
0
0
0
0
0
0
0
0
0
0
0
0
0
0
0
0
0
0
0
0
0
0
0
0
0
0
0
0
-0
-0
-0
-0
-0
-0
-0
-0
-0
-0
-0
-0
-0
-0
-0
-0
-0
-0
-0
-0
-0
-0
-0
-0
-0
-0
-0
-0
-0
-0
-0
-0
-0
-0
-0
-0
-0
-0
-0
-0
-0
-0
-0
-0
-0
-0
-0
-0
-0
0
0
0
0
0
0
0
0
0
0
0
0
0
0
0
0
0
0
0
0
0
0
0
0
0
0
0
0
0
0
0
0
0
0
0
0
0
0
0
0
0
0
0
0
0
0
0
0
0
0
-0
-0
-0
-0
-0
-0
-0
-0
-0
-0
-0
-0
-0
-0
-0
-0
-0
-0
-0
-0
-0
-0
-0
-0
-0
-0
-0
-0
-0
-0
-0
-0
-0
-0
-0
-0
-0
-0
-0
-0
-0
-0
-0
-0
-0
-0
-0
-0
-0
-0
0
0
0
0
0
0
0
0
0
0
0
0
0
0
0
0
0
0
0
0
0
0
0
0
0
0
0
0
0
0
0
0
0
0
0
0
0
0
0
0
0
0
0
0
0
0
0
0
0
0
0
-0
-0
-0
-0
-0
-0
-0
-0
-0
-0
-0
-0
-0
-0
-0
-0
-0
-0
-0
-0
-0
-0
-0
-0
-0
-0
-0
-0
-0
-0
-0
-0
-0
-0
-0
-0
-0
-0
-0
-0
-0
-0
-0
-0
-0
-0
-0
-0
-0
-0
0
0
0
0
0
0
0
0
0
0
0
0
0
0
0
0
0
0
0
0
0
0
0
0
0
0
0
0
0
0
0
0
0
0
0
0
0
0
0
0
0
0
0
0
0
0
0
0
0
-0
-0
-0
-0
-0
-0
-0
-0
-0
-0
-0
-0
-0
-0
-0
-0
-0
-0
-0
-0
-0
-0
-0
-0
-0
-0
-0
-0
-0
-0
-0
-0
-0
-0
-0
-0
-0
-0
-0
-0
-0
-0
-0
-0
-0
-0
-0
-0
-0
-0
0
0
0
0
0
0
0
0
0
0
0
0
0
0
0
0
0
0
0
0
0
0
0
0
0
0
0
0
0
0
0
0
0
0
0
0
0
0
0
0
0
0
0
0
0
0
0
0
0
0
-0
-0
-0
-0
-0
-0
-0
-0
-0
-0
-0
-0
-0
-0
-0
-0
-0
-0
-0
-0
-0
-0
-0
-0
-0
-0
-0
-0
-0
-0
-0
-0
-0
-0
-0
-0
-0
-0
-0
-0
-0
-0
-0
-0
-0
-0
-0
-0
-0
-0
-0
0
0
0
0
0
0
0
0
0
0
0
0
0
0
0
0
0
0
0
0
0
0
0
0
0
0
0
0
0
0
0
0
0
0
0
0
0
0
0
0
0
0
0
0
0
0
0
0
0
0
-0
-0
-0
-0
-0
-0
-0
-0
-0
-0
-0
-0
-0
-0
-0
-0
-0
-0
-0
-0
-0
-0
-0
-0
-0
-0
-0
-0
-0
-0
-0
-0
-0
-0
-0
-0
-0
-0
-0
-0
-0
-0
-0
-0
-0
-0
-0
-0
-0
0
0
0
0
0
0
0
0
0
0
0
0
0
0
0
0
0
0
0
0
0
0
0
0
0
0
0
0
0
0
0
0
0
0
0
0
0
0
0
0
0
0
0
0
0
0
0
0
0
0
-0
-0
-0
-0
-0
-0
-0
-0
-0
-0
-0
-0
-0
-0
-0
-0
-0
-0
-0
-0
-0
-0
-0
-0
-0
-0
-0
-0
-0
-0
-0
-0
-0
-0
-0
-0
-0
-0
-0
-0
-0
-0
-0
-0
-0
-0
-0
-0
-0
-0
0
0
0
0
0
0
0
0
0
0
0
0
0
0
0
0
0
0
0
0
0
0
0
0
0
0
0
0
0
0
0
0
0
0
0
0
0
0
0
0
0
0
0
0
0
0
0
0
0
0
-0
-0
-0
-0
-0
-0
-0
-0
-0
-0
-0
-0
-0
-0
-0
-0
-0
-0
-0
-0
-0
-0
-0
-0
-0
-0
-0
-0
-0
-0
-0
-0
-0
-0
-0
-0
-0
-0
-0
-0
-0
-0
-0
-0
-0
-0
-0
-0
-0
-0
-0
0
0
0
0
0
0
0
0
0
0
0
0
0
0
0
0
0
0
0
0
0
0
0
0
0
0
0
0
0
0
0
0
0
0
0
0
0
0
0
0
0
0
0
0
0
0
0
0
0
0
-0
-0
-0
-0
-0
-0
-0
-0
-0
-0
-0
-0
-0
-0
-0
-0
-0
-0
-0
-0
-0
-0
-0
-0
-0
-0
-0
-0
-0
-0
-0
-0
-0
-0
-0
-0
-0
-0
-0
-0
-0
-0
-0
-0
-0
-0
-0
-0
-0
-0
0
0
0
0
0
0
0
0
0
0
0
0
0
0
0
0
0
0
0
0
0
0
0
0
0
0
0
0
0
0
0
0
0
0
0
0
0
0
0
0
0
0
0
0
0
0
0
0
0
-0
-0
-0
-0
-0
-0
-0
-0
-0
-0
-0
-0
-0
-0
-0
-0
-0
-0
-0
-0
-0
-0
-0
-0
-0
-0
-0
-0
-0
-0
-0
-0
-0
-0
-0
-0
-0
-0
-0
-0
-0
-0
-0
-0
-0
-0
-0
-0
-0
-0
0
0
0
0
0
0
0
0
0
0
0
0
0
0
0
0
0
0
0
0
0
0
0
0
0
0
0
0
0
0
0
0
0
0
0
0
0
0
0
0
0
0
0
0
0
0
0
0
0
0
0
-0
-0
-0
-0
-0
-0
-0
-0
-0
-0
-0
-0
-0
-0
-0
-0
-0
-0
-0
-0
-0
-0
-0
-0
-0
-0
-0
-0
-0
-0
-0
-0
-0
-0
-0
-0
-0
-0
-0
-0
-0
-0
-0
-0
-0
-0
-0
-0
-0
-0
0
0
0
0
0
0
0
0
0
0
0
0
0
0
0
0
0
0
0
0
0
0
0
0
0
0
0
0
0
0
0
0
0
0
0
0
0
0
0
0
0
0
0
0
0
0
0
0
0
0
-0
-0
-0
-0
-0
-0
-0
-0
-0
-0
-0
-0
-0
-0
-0
-0
-0
-0
-0
-0
-0
-0
-0
-0
-0
-0
-0
-0
-0
-0
-0
-0
-0
-0
-0
-0
-0
-0
-0
-0
-0
-0
-0
-0
-0
-0
-0
-0
-0
0
0
0
0
0
0
0
0
0
0
0
0
0
0
0
0
0
0
0
0
0
0
0
0
0
0
0
0
0
0
0
0
0
0
0
0
0
0
0
0
0
0
0
0
0
0
0
0
0
0
-0
-0
-0
-0
-0
-0
-0
-0
-0
-0
-0
-0
-0
-0
-0
-0
-0
-0
-0
-0
-0
-0
-0
-0
-0
-0
-0
-0
-0
-0
-0
-0
-0
-0
-0
-0
-0
-0
-0
-0
-0
-0
-0
-0
-0
-0
-0
-0
-0
-0
-0
0
0
0
0
0
0
0
0
0
0
0
0
0
0
0
0
0
0
0
0
0
0
0
0
0
0
0
0
0
0
0
0
0
0
0
0
0
0
0
0
0
0
0
0
0
0
0
0
0
0
-0
-0
-0
-0
-0
-0
-0
-0
-0
-0
-0
-0
-0
-0
-0
-0
-0
-0
-0
-0
-0
-0
-0
-0
-0
-0
-0
-0
-0
-0
-0
-0
-0
-0
-0
-0
-0
-0
-0
-0
-0
-0
-0
-0
-0
-0
-0
-0
-0
-0
0
0
0
0
0
0
0
0
0
0
0
0
0
0
0
0
0
0
0
0
0
0
0
0
0
0
0
0
0
0
0
0
0
0
0
0
0
0
0
0
0
0
0
0
0
0
0
0
0
-0
-0
-0
-0
-0
-0
-0
-0
-0
-0
-0
-0
-0
-0
-0
-0
-0
-0
-0
-0
-0
-0
-0
-0
-0
-0
-0
-0
-0
-0
-0
-0
-0
-0
-0
-0
-0
-0
-0
-0
-0
-0
-0
-0
-0
-0
-0
-0
-0
-0
0
0
0
0
0
0
0
0
0
0
0
0
0
0
0
0
0
0
0
0
0
0
0
0
0
0
0
0
0
0
0
0
0
0
0
0
0
0
0
0
0
0
0
0
0
0
0
0
0
0
-0
-1.2009e-08
-4.794e-08
-1.0751e-07
-1.9025e-07
-2.955e-07
-4.2242e-07
-5.7001e-07
-7.3708e-07
-9.2229e-07
-1.1241e-06
-1.341e-06
-1.571e-06
-1.8124e-06
-2.063e-06
-2.3209e-06
-2.5836e-06
-2.8491e-06
-3.1149e-06
-3.3786e-06
-3.6378e-06
-3.8901e-06
-4.133e-06
-4.3641e-06
-4.5809e-06
-4.7813e-06
-4.9627e-06
-5.123e-06
-5.2601e-06
-5.372e-06
-5.4567e-06
-5.5124e-06
-5.5375e-06
-5.5306e-06
-5.4902e-06
-5.4154e-06
-5.305e-06
-5.1584e-06
-4.9749e-06
-4.7544e-06
-4.4966e-06
-4.2016e-06
-3.8697e-06
-3.5015e-06
-3.0978e-06
-2.6595e-06
-2.1878e-06
-1.6843e-06
-1.1506e-06
-5.8843e-07
-1.0304e-19
6.1244e-07
1.2464e-06
1.8993e-06
2.5683e-06
3.2505e-06
3.9426e-06
4.6415e-06
5.3439e-06
6.0461e-06
6.7448e-06
7.4363e-06
8.117e-06
8.7832e-06
9.4311e-06
1.0057e-05
1.0658e-05
1.1229e-05
1.1767e-05
1.227e-05
1.2732e-05
1.3152e-05
1.3526e-05
1.3851e-05
1.4125e-05
1.4344e-05
1.4506e-05
1.461e-05
1.4653e-05
1.4634e-05
1.4551e-05
1.4403e-05
1.419e-05
1.391e-05
1.3564e-05
1.3152e-05
1.2673e-05
1.2129e-05
1.1521e-05
1.085e-05
1.0117e-05
9.3254e-06
8.4765e-06
7.573e-06
6.618e-06
5.6145e-06
4.5659e-06
3.4762e-06
2.3491e-06
1.1889e-06
-6.7487e-19
-1.2129e-06
-2.4449e-06
-3.6912e-06
-4.9464e-06
-6.2054e-06
-7.4628e-06
-8.713e-06
-9.9506e-06
-1.117e-05
-1.2366e-05
-1.3532e-05
-1.4663e-05
-1.5754e-05
-1.6799e-05
-1.7793e-05
-1.8731e-05
-1.9608e-05
-2.042e-05
-2.1161e-05
-2.1827e-05
-2.2414e-05
-2.2919e-05
-2.3338e-05
-2.3668e-05
-2.3906e-05
-2.405e-05
-2.4097e-05
-2.4046e-05
-2.3896e-05
-2.3646e-05
-2.3294e-05
-2.2842e-05
-2.229e-05
-2.1638e-05
-2.0888e-05
-2.0041e-05
-1.91e-05
-1.8067e-05
-1.6945e-05
-1.5738e-05
-1.4449e-05
-1.3083e-05
-1.1645e-05
-1.0138e-05
-8.5694e-06
-6.944e-06
-5.268e-06
-3.5476e-06
-1.7893e-06
7.0303e-19
1.8133e-06
3.6434e-06
5.483e-06
7.3245e-06
9.1604e-06
1.0983e-05
1.2785e-05
1.4557e-05
1.6294e-05
1.7986e-05
1.9627e-05
2.1209e-05
2.2725e-05
2.4167e-05
2.553e-05
2.6805e-05
2.7988e-05
2.9072e-05
3.0052e-05
3.0921e-05
3.1676e-05
3.2312e-05
3.2825e-05
3.3212e-05
3.3469e-05
3.3594e-05
3.3584e-05
3.344e-05
3.3158e-05
3.274e-05
3.2185e-05
3.1495e-05
3.067e-05
2.9712e-05
2.8624e-05
2.7409e-05
2.6071e-05
2.4613e-05
2.304e-05
2.1359e-05
1.9573e-05
1.769e-05
1.5716e-05
1.3658e-05
1.1524e-05
9.3221e-06
7.0598e-06
4.7461e-06
2.3897e-06
1.6492e-18
-2.4137e-06
-4.8419e-06
-7.2748e-06
-9.7026e-06
-1.2115e-05
-1.4503e-05
-1.6856e-05
-1.9164e-05
-2.1418e-05
-2.3607e-05
-2.5722e-05
-2.7755e-05
-2.9695e-05
-3.1535e-05
-3.3266e-05
-3.4879e-05
-3.6368e-05
-3.7725e-05
-3.8943e-05
-4.0016e-05
-4.0938e-05
-4.1705e-05
-4.2312e-05
-4.2755e-05
-4.3031e-05
-4.3137e-05
-4.3071e-05
-4.2833e-05
-4.242e-05
-4.1835e-05
-4.1076e-05
-4.0147e-05
-3.9049e-05
-3.7786e-05
-3.636e-05
-3.4777e-05
-3.3041e-05
-3.1159e-05
-2.9136e-05
-2.6979e-05
-2.4697e-05
-2.2297e-05
-1.9788e-05
-1.7179e-05
-1.4479e-05
-1.17e-05
-8.8517e-06
-5.9446e-06
-2.9902e-06
-2.577e-18
3.0142e-06
6.0404e-06
9.0667e-06
1.2081e-05
1.507e-05
1.8023e-05
2.0928e-05
2.3771e-05
2.6542e-05
2.9228e-05
3.1818e-05
3.4301e-05
3.6666e-05
3.8903e-05
4.1002e-05
4.2953e-05
4.4748e-05
4.6377e-05
4.7834e-05
4.911e-05
5.02e-05
5.1099e-05
5.18e-05
5.2299e-05
5.2594e-05
5.2681e-05
5.2559e-05
5.2226e-05
5.1682e-05
5.0929e-05
4.9967e-05
4.88e-05
4.7429e-05
4.586e-05
4.4096e-05
4.2145e-05
4.0012e-05
3.7705e-05
3.5231e-05
3.26e-05
2.9821e-05
2.6904e-05
2.3859e-05
2.0699e-05
1.7434e-05
1.4078e-05
1.0643e-05
7.1431e-06
3.5906e-06
3.7109e-18
-3.6146e-06
-7.2389e-06
-1.0859e-05
-1.4459e-05
-1.8025e-05
-2.1544e-05
-2.4999e-05
-2.8378e-05
-3.1665e-05
-3.4848e-05
-3.7913e-05
-4.0847e-05
-4.3637e-05
-4.6271e-05
-4.8738e-05
-5.1027e-05
-5.3127e-05
-5.5029e-05
-5.6725e-05
-5.8205e-05
-5.9463e-05
-6.0492e-05
-6.1287e-05
-6.1843e-05
-6.2156e-05
-6.2224e-05
-6.2046e-05
-6.1619e-05
-6.0944e-05
-6.0024e-05
-5.8858e-05
-5.7452e-05
-5.5809e-05
-5.3934e-05
-5.1833e-05
-4.9513e-05
-4.6983e-05
-4.4251e-05
-4.1327e-05
-3.8221e-05
-3.4945e-05
-3.151e-05
-2.7931e-05
-2.4219e-05
-2.0389e-05
-1.6456e-05
-1.2435e-05
-8.3416e-06
-4.191e-06
-1.2461e-18
4.215e-06
8.4374e-06
1.265e-05
1.6837e-05
2.098e-05
2.5064e-05
2.9071e-05
3.2984e-05
3.6789e-05
4.0469e-05
4.4009e-05
4.7393e-05
5.0608e-05
5.3639e-05
5.6474e-05
5.9101e-05
6.1507e-05
6.3682e-05
6.5615e-05
6.7299e-05
6.8725e-05
6.9885e-05
7.0774e-05
7.1386e-05
7.1719e-05
7.1768e-05
7.1533e-05
7.1012e-05
7.0207e-05
6.9118e-05
6.7749e-05
6.6104e-05
6.4188e-05
6.2007e-05
5.9569e-05
5.6881e-05
5.3954e-05
5.0797e-05
4.7422e-05
4.3841e-05
4.0068e-05
3.6117e-05
3.2002e-05
2.7739e-05
2.3344e-05
1.8835e-05
1.4227e-05
9.5401e-06
4.7915e-06
6.5974e-18
-4.8155e-06
-9.6359e-06
-1.4442e-05
-1.9215e-05
-2.3935e-05
-2.8584e-05
-3.3142e-05
-3.7591e-05
-4.1913e-05
-4.609e-05
-5.0104e-05
-5.3939e-05
-5.7578e-05
-6.1007e-05
-6.4211e-05
-6.7175e-05
-6.9887e-05
-7.2334e-05
-7.4506e-05
-7.6394e-05
-7.7987e-05
-7.9278e-05
-8.0261e-05
-8.093e-05
-8.1281e-05
-8.1312e-05
-8.102e-05
-8.0405e-05
-7.9469e-05
-7.8213e-05
-7.664e-05
-7.4757e-05
-7.2568e-05
-7.0081e-05
-6.7305e-05
-6.4249e-05
-6.0924e-05
-5.7343e-05
-5.3517e-05
-4.9462e-05
-4.5192e-05
-4.0724e-05
-3.6074e-05
-3.1259e-05
-2.6299e-05
-2.1213e-05
-1.6019e-05
-1.0739e-05
-5.3919e-06
-3.4577e-18
5.4159e-06
1.0834e-05
1.6234e-05
2.1593e-05
2.689e-05
3.2104e-05
3.7214e-05
4.2198e-05
4.7037e-05
5.171e-05
5.6199e-05
6.0485e-05
6.4549e-05
6.8375e-05
7.1947e-05
7.5249e-05
7.8266e-05
8.0987e-05
8.3397e-05
8.5488e-05
8.7249e-05
8.8671e-05
8.9748e-05
9.0474e-05
9.0844e-05
9.0855e-05
9.0507e-05
8.9798e-05
8.8731e-05
8.7307e-05
8.5531e-05
8.3409e-05
8.0948e-05
7.8155e-05
7.5041e-05
7.1617e-05
6.7895e-05
6.3889e-05
5.9613e-05
5.5083e-05
5.0316e-05
4.5331e-05
4.0145e-05
3.4779e-05
2.9254e-05
2.3591e-05
1.7811e-05
1.1937e-05
5.9923e-06
4.8631e-18
-5.9803e-06
-1.1913e-05
-1.7775e-05
-2.3543e-05
-2.9195e-05
-3.4709e-05
-4.0064e-05
-4.5238e-05
-5.0214e-05
-5.497e-05
-5.9491e-05
-6.3758e-05
-6.7756e-05
-7.147e-05
-7.4887e-05
-7.7994e-05
-8.078e-05
-8.3236e-05
-8.5353e-05
-8.7125e-05
-8.8545e-05
-8.961e-05
-9.0317e-05
-9.0664e-05
-9.0653e-05
-9.0283e-05
-8.9558e-05
-8.8483e-05
-8.7064e-05
-8.5306e-05
-8.322e-05
-8.0813e-05
-7.8099e-05
-7.5087e-05
-7.1792e-05
-6.8228e-05
-6.441e-05
-6.0354e-05
-5.6077e-05
-5.1598e-05
-4.6934e-05
-4.2106e-05
-3.7132e-05
-3.2034e-05
-2.6831e-05
-2.1546e-05
-1.6198e-05
-1.081e-05
-5.4039e-06
-5.3015e-18
5.3799e-06
1.0715e-05
1.5983e-05
2.1165e-05
2.624e-05
3.1189e-05
3.5992e-05
4.0632e-05
4.509e-05
4.935e-05
5.3395e-05
5.7212e-05
6.0785e-05
6.4102e-05
6.715e-05
6.992e-05
7.24e-05
7.4584e-05
7.6462e-05
7.8031e-05
7.9283e-05
8.0217e-05
8.083e-05
8.1121e-05
8.109e-05
8.0739e-05
8.0071e-05
7.909e-05
7.7801e-05
7.6212e-05
7.4329e-05
7.2161e-05
6.9719e-05
6.7013e-05
6.4056e-05
6.086e-05
5.7439e-05
5.3808e-05
4.9982e-05
4.5977e-05
4.1811e-05
3.7499e-05
3.3061e-05
2.8514e-05
2.3876e-05
1.9167e-05
1.4406e-05
9.612e-06
4.8035e-06
1.1962e-18
-4.7795e-06
-9.5161e-06
-1.4191e-05
-1.8787e-05
-2.3285e-05
-2.7669e-05
-3.1921e-05
-3.6025e-05
-3.9966e-05
-4.3729e-05
-4.73e-05
-5.0666e-05
-5.3814e-05
-5.6734e-05
-5.9414e-05
-6.1846e-05
-6.4021e-05
-6.5931e-05
-6.7572e-05
-6.8936e-05
-7.0021e-05
-7.0824e-05
-7.1343e-05
-7.1577e-05
-7.1528e-05
-7.1195e-05
-7.0584e-05
-6.9697e-05
-6.8539e-05
-6.7117e-05
-6.5438e-05
-6.3509e-05
-6.1339e-05
-5.8939e-05
-5.632e-05
-5.3492e-05
-5.0468e-05
-4.7262e-05
-4.3887e-05
-4.0357e-05
-3.6687e-05
-3.2892e-05
-2.8989e-05
-2.4993e-05
-2.0921e-05
-1.6789e-05
-1.2615e-05
-8.4135e-06
-4.203e-06
-5.5599e-18
4.179e-06
8.3176e-06
1.2399e-05
1.6409e-05
2.033e-05
2.4149e-05
2.7849e-05
3.1418e-05
3.4842e-05
3.8108e-05
4.1205e-05
4.412e-05
4.6844e-05
4.9366e-05
5.1678e-05
5.3772e-05
5.5641e-05
5.7279e-05
5.8681e-05
5.9842e-05
6.0759e-05
6.1431e-05
6.1856e-05
6.2034e-05
6.1965e-05
6.1652e-05
6.1097e-05
6.0304e-05
5.9277e-05
5.8023e-05
5.6547e-05
5.4856e-05
5.296e-05
5.0865e-05
4.8583e-05
4.6124e-05
4.3498e-05
4.0716e-05
3.7791e-05
3.4736e-05
3.1563e-05
2.8286e-05
2.4918e-05
2.1473e-05
1.7966e-05
1.4411e-05
1.0823e-05
7.215e-06
3.6026e-06
2.1293e-18
-3.5786e-06
-7.1191e-06
-1.0608e-05
-1.4031e-05
-1.7375e-05
-2.0628e-05
-2.3778e-05
-2.6811e-05
-2.9718e-05
-3.2488e-05
-3.5109e-05
-3.7574e-05
-3.9873e-05
-4.1998e-05
-4.3942e-05
-4.5698e-05
-4.7261e-05
-4.8627e-05
-4.979e-05
-5.0747e-05
-5.1497e-05
-5.2038e-05
-5.2369e-05
-5.249e-05
-5.2403e-05
-5.2108e-05
-5.161e-05
-5.0911e-05
-5.0015e-05
-4.8928e-05
-4.7656e-05
-4.6204e-05
-4.458e-05
-4.2792e-05
-4.0847e-05
-3.8756e-05
-3.6527e-05
-3.417e-05
-3.1696e-05
-2.9115e-05
-2.6439e-05
-2.3679e-05
-2.0846e-05
-1.7953e-05
-1.5011e-05
-1.2033e-05
-9.0308e-06
-6.0165e-06
-3.0022e-06
-2.2866e-18
2.9782e-06
5.9206e-06
8.8158e-06
1.1653e-05
1.442e-05
1.7108e-05
1.9706e-05
2.2205e-05
2.4594e-05
2.6867e-05
2.9014e-05
3.1028e-05
3.2902e-05
3.463e-05
3.6206e-05
3.7624e-05
3.8882e-05
3.9974e-05
4.0899e-05
4.1653e-05
4.2235e-05
4.2645e-05
4.2882e-05
4.2946e-05
4.284e-05
4.2565e-05
4.2123e-05
4.1518e-05
4.0753e-05
3.9834e-05
3.8765e-05
3.7551e-05
3.62e-05
3.4718e-05
3.3111e-05
3.1388e-05
2.9556e-05
2.7624e-05
2.5601e-05
2.3495e-05
2.1315e-05
1.9072e-05
1.6775e-05
1.4433e-05
1.2056e-05
9.6551e-06
7.239e-06
4.818e-06
2.4017e-06
2.2378e-18
-2.3777e-06
-4.7221e-06
-7.024e-06
-9.2746e-06
-1.1465e-05
-1.3588e-05
-1.5635e-05
-1.7598e-05
-1.9471e-05
-2.1246e-05
-2.2919e-05
-2.4482e-05
-2.5931e-05
-2.7262e-05
-2.8469e-05
-2.955e-05
-3.0502e-05
-3.1322e-05
-3.2008e-05
-3.2558e-05
-3.2973e-05
-3.3252e-05
-3.3395e-05
-3.3403e-05
-3.3278e-05
-3.3021e-05
-3.2636e-05
-3.2124e-05
-3.1491e-05
-3.0739e-05
-2.9874e-05
-2.8899e-05
-2.7821e-05
-2.6644e-05
-2.5375e-05
-2.402e-05
-2.2585e-05
-2.1078e-05
-1.9505e-05
-1.7874e-05
-1.6191e-05
-1.4465e-05
-1.2703e-05
-1.0913e-05
-9.1013e-06
-7.277e-06
-5.4472e-06
-3.6195e-06
-1.8013e-06
-3.629e-19
1.7773e-06
3.5236e-06
5.2322e-06
6.8965e-06
8.5103e-06
1.0068e-05
1.1563e-05
1.2991e-05
1.4347e-05
1.5626e-05
1.6823e-05
1.7936e-05
1.896e-05
1.9894e-05
2.0733e-05
2.1477e-05
2.2122e-05
2.2669e-05
2.3117e-05
2.3464e-05
2.3711e-05
2.3859e-05
2.3907e-05
2.3859e-05
2.3715e-05
2.3477e-05
2.3149e-05
2.2731e-05
2.2229e-05
2.1645e-05
2.0983e-05
2.0247e-05
1.9441e-05
1.857e-05
1.7639e-05
1.6652e-05
1.5615e-05
1.4532e-05
1.341e-05
1.2253e-05
1.1068e-05
9.8585e-06
8.6316e-06
7.3924e-06
6.1463e-06
4.8989e-06
3.6553e-06
2.421e-06
1.2009e-06
1.5215e-18
-1.1769e-06
-2.3251e-06
-3.4403e-06
-4.5184e-06
-5.5554e-06
-6.5476e-06
-7.4916e-06
-8.3843e-06
-9.2229e-06
-1.0005e-05
-1.0728e-05
-1.139e-05
-1.199e-05
-1.2526e-05
-1.2997e-05
-1.3403e-05
-1.3743e-05
-1.4017e-05
-1.4226e-05
-1.4369e-05
-1.4449e-05
-1.4465e-05
-1.442e-05
-1.4315e-05
-1.4153e-05
-1.3934e-05
-1.3661e-05
-1.3338e-05
-1.2967e-05
-1.255e-05
-1.2092e-05
-1.1594e-05
-1.1061e-05
-1.0496e-05
-9.9024e-06
-9.2837e-06
-8.6437e-06
-7.9861e-06
-7.3144e-06
-6.6324e-06
-5.9437e-06
-5.2517e-06
-4.5601e-06
-3.8722e-06
-3.1914e-06
-2.5208e-06
-1.8635e-06
-1.2225e-06
-6.0043e-07
-3.214e-19
5.7642e-07
1.1266e-06
1.6485e-06
2.1403e-06
2.6004e-06
3.0274e-06
3.4201e-06
3.7776e-06
4.0991e-06
4.3841e-06
4.6325e-06
4.844e-06
5.0189e-06
5.1576e-06
5.2606e-06
5.3288e-06
5.363e-06
5.3645e-06
5.3346e-06
5.2748e-06
5.1868e-06
5.0723e-06
4.9333e-06
4.7718e-06
4.59e-06
4.3901e-06
4.1743e-06
3.9451e-06
3.7048e-06
3.4559e-06
3.2008e-06
2.9418e-06
2.6815e-06
2.4222e-06
2.1661e-06
1.9157e-06
1.673e-06
1.4401e-06
1.2191e-06
1.0117e-06
8.1981e-07
6.4495e-07
4.8858e-07
3.5202e-07
2.364e-07
1.4269e-07
7.1673e-08
2.397e-08
0
0
-0
-0
-0
-0
-0
-0
-0
-0
-0
-0
-0
-0
-0
-0
-0
-0
-0
-0
-0
-0
-0
-0
-0
-0
-0
-0
-0
-0
-0
-0
-0
-0
-0
-0
-0
-0
-0
-0
-0
-0
-0
-0
-0
-0
-0
-0
-0
-0
-0
-0
0
0
0
0
0
0
0
0
0
0
0
0
0
0
0
0
0
0
0
0
0
0
0
0
0
0
0
0
0
0
0
0
0
0
0
0
0
0
0
0
0
0
0
0
0
0
0
0
0
0
-0
-0
-0
-0
-0
-0
-0
-0
-0
-0
-0
-0
-0
-0
-0
-0
-0
-0
-0
-0
-0
-0
-0
-0
-0
-0
-0
-0
-0
-0
-0
-0
-0
-0
-0
-0
-0
-0
-0
-0
-0
-0
-0
-0
-0
-0
-0
-0
-0
-0
0
0
0
0
0
0
0
0
0
0
0
0
0
0
0
0
0
0
0
0
0
0
0
0
0
0
0
0
0
0
0
0
0
0
0
0
0
0
0
0
0
0
0
0
0
0
0
0
0
0
-0
-0
-0
-0
-0
-0
-0
-0
-0
-0
-0
-0
-0
-0
-0
-0
-0
-0
-0
-0
-0
-0
-0
-0
-0
-0
-0
-0
-0
-0
-0
-0
-0
-0
-0
-0
-0
-0
-0
-0
-0
-0
-0
-0
-0
-0
-0
-0
-0
-0
0
0
0
0
0
0
0
0
0
0
0
0
0
0
0
0
0
0
0
0
0
0
0
0
0
0
0
0
0
0
0
0
0
0
0
0
0
0
0
0
0
0
0
0
0
0
0
0
0
0
-0
-0
-0
-0
-0
-0
-0
-0
-0
-0
-0
-0
-0
-0
-0
-0
-0
-0
-0
-0
-0
-0
-0
-0
-0
-0
-0
-0
-0
-0
-0
-0
-0
-0
-0
-0
-0
-0
-0
-0
-0
-0
-0
-0
-0
-0
-0
-0
-0
-0
0
0
0
0
0
0
0
0
0
0
0
0
0
0
0
0
0
0
0
0
0
0
0
0
0
0
0
0
0
0
0
0
0
0
0
0
0
0
0
0
0
0
0
0
0
0
0
0
0
0
-0
-0
-0
-0
-0
-0
-0
-0
-0
-0
-0
-0
-0
-0
-0
-0
-0
-0
-0
-0
-0
-0
-0
-0
-0
-0
-0
-0
-0
-0
-0
-0
-0
-0
-0
-0
-0
-0
-0
-0
-0
-0
-0
-0
-0
-0
-0
-0
-0
-0
0
0
0
0
0
0
0
0
0
0
0
0
0
0
0
0
0
0
0
0
0
0
0
0
0
0
0
0
0
0
0
0
0
0
0
0
0
0
0
0
0
0
0
0
0
0
0
0
0
0
-0
-0
-0
-0
-0
-0
-0
-0
-0
-0
-0
-0
-0
-0
-0
-0
-0
-0
-0
-0
-0
-0
-0
-0
-0
-0
-0
-0
-0
-0
-0
-0
-0
-0
-0
-0
-0
-0
-0
-0
-0
-0
-0
-0
-0
-0
-0
-0
-0
-0
0
0
0
0
0
0
0
0
0
0
0
0
0
0
0
0
0
0
0
0
0
0
0
0
0
0
0
0
0
0
0
0
0
0
0
0
0
0
0
0
0
0
0
0
0
0
0
0
0
0
-0
-0
-0
-0
-0
-0
-0
-0
-0
-0
-0
-0
-0
-0
-0
-0
-0
-0
-0
-0
-0
-0
-0
-0
-0
-0
-0
-0
-0
-0
-0
-0
-0
-0
-0
-0
-0
-0
-0
-0
-0
-0
-0
-0
-0
-0
-0
-0
-0
-0
0
0
0
0
0
0
0
0
0
0
0
0
0
0
0
0
0
0
0
0
0
0
0
0
0
0
0
0
0
0
0
0
0
0
0
0
0
0
0
0
0
0
0
0
0
0
0
0
0
0
-0
-0
-0
-0
-0
-0
-0
-0
-0
-0
-0
-0
-0
-0
-0
-0
-0
-0
-0
-0
-0
-0
-0
-0
-0
-0
-0
-0
-0
-0
-0
-0
-0
-0
-0
-0
-0
-0
-0
-0
-0
-0
-0
-0
-0
-0
-0
-0
-0
-0
0
0
0
0
0
0
0
0
0
0
0
0
0
0
0
0
0
0
0
0
0
0
0
0
0
0
0
0
0
0
0
0
0
0
0
0
0
0
0
0
0
0
0
0
0
0
0
0
0
0
-0
-0
-0
-0
-0
-0
-0
-0
-0
-0
-0
-0
-0
-0
-0
-0
-0
-0
-0
-0
-0
-0
-0
-0
-0
-0
-0
-0
-0
-0
-0
-0
-0
-0
-0
-0
-0
-0
-0
-0
-0
-0
-0
-0
-0
-0
-0
-0
-0
-0
0
0
0
0
0
0
0
0
0
0
0
0
0
0
0
0
0
0
0
0
0
0
0
0
0
0
0
0
0
0
0
0
0
0
0
0
0
0
0
0
0
0
0
0
0
0
0
0
0
0
-0
-0
-0
-0
-0
-0
-0
-0
-0
-0
-0
-0
-0
-0
-0
-0
-0
-0
-0
-0
-0
-0
-0
-0
-0
-0
-0
-0
-0
-0
-0
-0
-0
-0
-0
-0
-0
-0
-0
-0
-0
-0
-0
-0
-0
-0
-0
-0
-0
-0
0
0
0
0
0
0
0
0
0
0
0
0
0
0
0
0
0
0
0
0
0
0
0
0
0
0
0
0
0
0
0
0
0
0
0
0
0
0
0
0
0
0
0
0
0
0
0
0
0
0
-0
-0
-0
-0
-0
-0
-0
-0
-0
-0
-0
-0
-0
-0
-0
-0
-0
-0
-0
-0
-0
-0
-0
-0
-0
-0
-0
-0
-0
-0
-0
-0
-0
-0
-0
-0
-0
-0
-0
-0
-0
-0
-0
-0
-0
-0
-0
-0
-0
-0
0
0
0
0
0
0
0
0
0
0
0
0
0
0
0
0
0
0
0
0
0
0
0
0
0
0
0
0
0
0
0
0
0
0
0
0
0
0
0
0
0
0
0
0
0
0
0
0
0
-0
-0
-0
-0
-0
-0
-0
-0
-0
-0
-0
-0
-0
-0
-0
-0
-0
-0
-0
-0
-0
-0
-0
-0
-0
-0
-0
-0
-0
-0
-0
-0
-0
-0
-0
-0
-0
-0
-0
-0
-0
-0
-0
-0
-0
-0
-0
-0
-0
-0
-0
0
0
0
0
0
0
0
0
0
0
0
0
0
0
0
0
0
0
0
0
0
0
0
0
0
0
0
0
0
0
0
0
0
0
0
0
0
0
0
0
0
0
0
0
0
0
0
0
0
0
-0
-0
-0
-0
-0
-0
-0
-0
-0
-0
-0
-0
-0
-0
-0
-0
-0
-0
-0
-0
-0
-0
-0
-0
-0
-0
-0
-0
-0
-0
-0
-0
-0
-0
-0
-0
-0
-0
-0
-0
-0
-0
-0
-0
-0
-0
-0
-0
-0
0
0
0
0
0
0
0
0
0
0
0
0
0
0
0
0
0
0
0
0
0
0
0
0
0
0
0
0
0
0
0
0
0
0
0
0
0
0
0
0
0
0
0
0
0
0
0
0
0
0
0
-0
-0
-0
-0
-0
-0
-0
-0
-0
-0
-0
-0
-0
-0
-0
-0
-0
-0
-0
-0
-0
-0
-0
-0
-0
-0
-0
-0
-0
-0
-0
-0
-0
-0
-0
-0
-0
-0
-0
-0
-0
-0
-0
-0
-0
-0
-0
-0
-0
-0
0
0
0
0
0
0
0
0
0
0
0
0
0
0
0
0
0
0
0
0
0
0
0
0
0
0
0
0
0
0
0
0
0
0
0
0
0
0
0
0
0
0
0
0
0
0
0
0
0
0
-0
-0
-0
-0
-0
-0
-0
-0
-0
-0
-0
-0
-0
-0
-0
-0
-0
-0
-0
-0
-0
-0
-0
-0
-0
-0
-0
-0
-0
-0
-0
-0
-0
-0
-0
-0
-0
-0
-0
-0
-0
-0
-0
-0
-0
-0
-0
-0
-0
-0
0
0
0
0
0
0
0
0
0
0
0
0
0
0
0
0
0
0
0
0
0
0
0
0
0
0
0
0
0
0
0
0
0
0
0
0
0
0
0
0
0
0
0
0
0
0
0
0
0
-0
-0
-0
-0
-0
-0
-0
-0
-0
-0
-0
-0
-0
-0
-0
-0
-0
-0
-0
-0
-0
-0
-0
-0
-0
-0
-0
-0
-0
-0
-0
-0
-0
-0
-0
-0
-0
-0
-0
-0
-0
-0
-0
-0
-0
-0
-0
-0
-0
-0
-0
0
0
0
0
0
0
0
0
0
0
0
0
0
0
0
0
0
0
0
0
0
0
0
0
0
0
0
0
0
0
0
0
0
0
0
0
0
0
0
0
0
0
0
0
0
0
0
0
0
-0
-0
-0
-0
-0
-0
-0
-0
-0
-0
-0
-0
-0
-0
-0
-0
-0
-0
-0
-0
-0
-0
-0
-0
-0
-0
-0
-0
-0
-0
-0
-0
-0
-0
-0
-0
-0
-0
-0
-0
-0
-0
-0
-0
-0
-0
-0
-0
-0
-0
-0
0
0
0
0
0
0
0
0
0
0
0
0
0
0
0
0
0
0
0
0
0
0
0
0
0
0
0
0
0
0
0
0
0
0
0
0
0
0
0
0
0
0
0
0
0
0
0
0
0
0
-0
-0
-0
-0
-0
-0
-0
-0
-0
-0
-0
-0
-0
-0
-0
-0
-0
-0
-0
-0
-0
-0
-0
-0
-0
-0
-0
-0
-0
-0
-0
-0
-0
-0
-0
-0
-0
-0
-0
-0
-0
-0
-0
-0
-0
-0
-0
-0
-0
-0
0
0
0
0
0
0
0
0
0
0
0
0
0
0
0
0
0
0
0
0
0
0
0
0
0
0
0
0
0
0
0
0
0
0
0
0
0
0
0
0
0
0
0
0
0
0
0
0
0
0
-0
-0
-0
-0
-0
-0
-0
-0
-0
-0
-0
-0
-0
-0
-0
-0
-0
-0
-0
-0
-0
-0
-0
-0
-0
-0
-0
-0
-0
-0
-0
-0
-0
-0
-0
-0
-0
-0
-0
-0
-0
-0
-0
-0
-0
-0
-0
-0
-0
-0
0
0
0
0
0
0
0
0
0
0
0
0
0
0
0
0
0
0
0
0
0
0
0
0
0
0
0
0
0
0
0
0
0
0
0
0
0
0
0
0
0
0
0
0
0
0
0
0
0
0
-0
-0
-0
-0
-0
-0
-0
-0
-0
-0
-0
-0
-0
-0
-0
-0
-0
-0
-0
-0
-0
-0
-0
-0
-0
-0
-0
-0
-0
-0
-0
-0
-0
-0
-0
-0
-0
-0
-0
-0
-0
-0
-0
-0
-0
-0
-0
-0
-0
-0
0
0
0
0
0
0
0
0
0
0
0
0
0
0
0
0
0
0
0
0
0
0
0
0
0
0
0
0
0
0
0
0
0
0
0
0
0
0
0
0
0
0
0
0
0
0
0
0
0
-0
-0
-0
-0
-0
-0
-0
-0
-0
-0
-0
-0
-0
-0
-0
-0
-0
-0
-0
-0
-0
-0
-0
-0
-0
-0
-0
-0
-0
-0
-0
-0
-0
-0
-0
-0
-0
-0
-0
-0
-0
-0
-0
-0
-0
-0
-0
-0
-0
-0
-0
0
0
0
0
0
0
0
0
0
0
0
0
0
0
0
0
0
0
0
0
0
0
0
0
0
0
0
0
0
0
0
0
0
0
0
0
0
0
0
0
0
0
0
0
0
0
0
0
0
-0
-0
-0
-0
-0
-0
-0
-0
-0
-0
-0
-0
-0
-0
-0
-0
-0
-0
-0
-0
-0
-0
-0
-0
-0
-0
-0
-0
-0
-0
-0
-0
-0
-0
-0
-0
-0
-0
-0
-0
-0
-0
-0
-0
-0
-0
-0
-0
-0
-0
-0
0
0
0
0
0
0
0
0
0
0
0
0
0
0
0
0
0
0
0
0
0
0
0
0
0
0
0
0
0
0
0
0
0
0
0
0
0
0
0
0
0
0
0
0
0
0
0
0
0
0
-0
-0
-0
-0
-0
-0
-0
-0
-0
-0
-0
-0
-0
-0
-0
-0
-0
-0
-0
-0
-0
-0
-0
-0
-0
-0
-0
-0
-0
-0
-0
-0
-0
-0
-0
-0
-0
-0
-0
-0
-0
-0
-0
-0
-0
-0
-0
-0
-0
-0
0
0
0
0
0
0
0
0
0
0
0
0
0
0
0
0
0
0
0
0
0
0
0
0
0
0
0
0
0
0
0
0
0
0
0
0
0
0
0
0
0
0
0
0
0
0
0
0
0
0
-0
-0
-0
-0
-0
-0
-0
-0
-0
-0
-0
-0
-0
-0
-0
-0
-0
-0
-0
-0
-0
-0
-0
-0
-0
-0
-0
-0
-0
-0
-0
-0
-0
-0
-0
-0
-0
-0
-0
-0
-0
-0
-0
-0
-0
-0
-0
-0
-0
-0
0
0
0
0
0
0
0
0
0
0
0
0
0
0
0
0
0
0
0
0
0
0
0
0
0
0
0
0
0
0
0
0
0
0
0
0
0
0
0
0
0
0
0
0
0
0
0
0
0
0
-0
-0
-0
-0
-0
-0
-0
-0
-0
-0
-0
-0
-0
-0
-0
-0
-0
-0
-0
-0
-0
-0
-0
-0
-0
-0
-0
-0
-0
-0
-0
-0
-0
-0
-0
-0
-0
-0
-0
-0
-0
-0
-0
-0
-0
-0
-0
-0
-0
-0
0
0
0
0
0
0
0
0
0
0
0
0
0
0
0
0
0
0
0
0
0
0
0
0
0
0
0
0
0
0
0
0
0
0
0
0
0
0
0
0
0
0
0
0
0
0
0
0
0
-0
-0
-0
-0
-0
-0
-0
-0
-0
-0
-0
-0
-0
-0
-0
-0
-0
-0
-0
-0
-0
-0
-0
-0
-0
-0
-0
-0
-0
-0
-0
-0
-0
-0
-0
-0
-0
-0
-0
-0
-0
-0
-0
-0
-0
-0
-0
-0
-0
-0
-0
0
0
0
0
0
0
0
0
0
0
0
0
0
0
0
0
0
0
0
0
0
0
0
0
0
0
0
0
0
0
0
0
0
0
0
0
0
0
0
0
0
0
0
0
0
0
0
0
0
-0
-0
-0
-0
-0
-0
-0
-0
-0
-0
-0
-0
-0
-0
-0
-0
-0
-0
-0
-0
-0
-0
-0
-0
-0
-0
-0
-0
-0
-0
-0
-0
-0
-0
-0
-0
-0
-0
-0
-0
-0
-0
-0
-0
-0
-0
-0
-0
-0
-0
-0
0
0
0
0
0
0
0
0
0
0
0
0
0
0
0
0
0
0
0
0
0
0
0
0
0
0
0
0
0
0
0
0
0
0
0
0
0
0
0
0
0
0
0
0
0
0
0
0
0
0
-0
-0
-0
-0
-0
-0
-0
-0
-0
-0
-0
-0
-0
-0
-0
-0
-0
-0
-0
-0
-0
-0
-0
-0
-0
-0
-0
-0
-0
-0
-0
-0
-0
-0
-0
-0
-0
-0
-0
-0
-0
-0
-0
-0
-0
-0
-0
-0
-0
-0
0
0
0
0
0
0
0
0
0
0
0
0
0
0
0
0
0
0
0
0
0
0
0
0
0
0
0
0
0
0
0
0
0
0
0
0
0
0
0
0
0
0
0
0
0
0
0
0
0
0
-0
-0
-0
-0
-0
-0
-0
-0
-0
-0
-0
-0
-0
-0
-0
-0
-0
-0
-0
-0
-0
-0
-0
-0
-0
-0
-0
-0
-0
-0
-0
-0
-0
-0
-0
-0
-0
-0
-0
-0
-0
-0
-0
-0
-0
-0
-0
-0
-0
-0
0
0
0
0
0
0
0
0
0
0
0
0
0
0
0
0
0
0
0
0
0
0
0
0
0
0
0
0
0
0
0
0
0
0
0
0
0
0
0
0
0
0
0
0
0
0
0
0
0
0
-0
-0
-0
-0
-0
-0
-0
-0
-0
-0
-0
-0
-0
-0
-0
-0
-0
-0
-0
-0
-0
-0
-0
-0
-0
-0
-0
-0
-0
-0
-0
-0
-0
-0
-0
-0
-0
-0
-0
-0
-0
-0
-0
-0
-0
-0
-0
-0
-0
-0
0
0
0
0
0
0
0
0
0
0
0
0
0
0
0
0
0
0
0
0
0
0
0
0
0
0
0
0
0
0
0
0
0
0
0
0
0
0
0
0
0
0
0
0
0
0
0
0
0
-0
-0
-0
-0
-0
-0
-0
-0
-0
-0
-0
-0
-0
-0
-0
-0
-0
-0
-0
-0
-0
-0
-0
-0
-0
-0
-0
-0
-0
-0
-0
-0
-0
-0
-0
-0
-0
-0
-0
-0
-0
-0
-0
-0
-0
-0
-0
-0
-0
-0
-0
0
0
0
0
0
0
0
0
0
0
0
0
0
0
0
0
0
0
0
0
0
0
0
0
0
0
0
0
0
0
0
0
0
0
0
0
0
0
0
0
0
0
0
0
0
0
0
0
0
-0
-0
-0
-0
-0
-0
-0
-0
-0
-0
-0
-0
-0
-0
-0
-0
-0
-0
-0
-0
-0
-0
-0
-0
-0
-0
-0
-0
-0
-0
-0
-0
-0
-0
-0
-0
-0
-0
-0
-0
-0
-0
-0
-0
-0
-0
-0
-0
-0
-0
-0
0
0
0
0
0
0
0
0
0
0
0
0
0
0
0
0
0
0
0
0
0
0
0
0
0
0
0
0
0
0
0
0
0
0
0
0
0
0
0
0
0
0
0
0
0
0
0
0
0
-0
