-0
-0
-0
-0
-0
-0
-0
-0
-0
-0
-0
-0
-0
-0
-0
-0
-0
-0
-0
-0
-0
-0
-0
-0
-0
-0
-0
-0
-0
-0
-0
-0
-0
-0
-0
-0
-0
-0
-0
-0
-0
-0
-0
-0
-0
-0
-0
-0
-0
-0
-0
0
0
0
0
0
0
0
0
0
0
0
0
0
0
0
0
0
0
0
0
0
0
0
0
0
0
0
0
0
0
0
0
0
0
0
0
0
0
0
0
0
0
0
0
0
0
0
0
0
0
-0
-0
-0
-0
-0
-0
-0
-0
-0
-0
-0
-0
-0
-0
-0
-0
-0
-0
-0
-0
-0
-0
-0
-0
-0
-0
-0
-0
-0
-0
-0
-0
-0
-0
-0
-0
-0
-0
-0
-0
-0
-0
-0
-0
-0
-0
-0
-0
-0
-0
0
0
0
0
0
0
0
0
0
0
0
0
0
0
0
0
0
0
0
0
0
0
0
0
0
0
0
0
0
0
0
0
0
0
0
0
0
0
0
0
0
0
0
0
0
0
0
0
0
0
-0
-0
-0
-0
-0
-0
-0
-0
-0
-0
-0
-0
-0
-0
-0
-0
-0
-0
-0
-0
-0
-0
-0
-0
-0
-0
-0
-0
-0
-0
-0
-0
-0
-0
-0
-0
-0
-0
-0
-0
-0
-0
-0
-0
-0
-0
-0
-0
-0
-0
0
0
0
0
0
0
0
0
0
0
0
0
0
0
0
0
0
0
0
0
0
0
0
0
0
0
0
0
0
0
0
0
0
0
0
0
0
0
0
0
0
0
0
0
0
0
0
0
0
0
-0
-0
-0
-0
-0
-0
-0
-0
-0
-0
-0
-0
-0
-0
-0
-0
-0
-0
-0
-0
-0
-0
-0
-0
-0
-0
-0
-0
-0
-0
-0
-0
-0
-0
-0
-0
-0
-0
-0
-0
-0
-0
-0
-0
-0
-0
-0
-0
-0
0
0
0
0
0
0
0
0
0
0
0
0
0
0
0
0
0
0
0
0
0
0
0
0
0
0
0
0
0
0
0
0
0
0
0
0
0
0
0
0
0
0
0
0
0
0
0
0
0
0
0
-0
-0
-0
-0
-0
-0
-0
-0
-0
-0
-0
-0
-0
-0
-0
-0
-0
-0
-0
-0
-0
-0
-0
-0
-0
-0
-0
-0
-0
-0
-0
-0
-0
-0
-0
-0
-0
-0
-0
-0
-0
-0
-0
-0
-0
-0
-0
-0
-0
-0
0
0
0
0
0
0
0
0
0
0
0
0
0
0
0
0
0
0
0
0
0
0
0
0
0
0
0
0
0
0
0
0
0
0
0
0
0
0
0
0
0
0
0
0
0
0
0
0
0
0
-0
-0
-0
-0
-0
-0
-0
-0
-0
-0
-0
-0
-0
-0
-0
-0
-0
-0
-0
-0
-0
-0
-0
-0
-0
-0
-0
-0
-0
-0
-0
-0
-0
-0
-0
-0
-0
-0
-0
-0
-0
-0
-0
-0
-0
-0
-0
-0
-0
0
0
0
0
0
0
0
0
0
0
0
0
0
0
0
0
0
0
0
0
0
0
0
0
0
0
0
0
0
0
0
0
0
0
0
0
0
0
0
0
0
0
0
0
0
0
0
0
0
0
0
-0
-0
-0
-0
-0
-0
-0
-0
-0
-0
-0
-0
-0
-0
-0
-0
-0
-0
-0
-0
-0
-0
-0
-0
-0
-0
-0
-0
-0
-0
-0
-0
-0
-0
-0
-0
-0
-0
-0
-0
-0
-0
-0
-0
-0
-0
-0
-0
-0
0
0
0
0
0
0
0
0
0
0
0
0
0
0
0
0
0
0
0
0
0
0
0
0
0
0
0
0
0
0
0
0
0
0
0
0
0
0
0
0
0
0
0
0
0
0
0
0
0
0
-0
-0
-0
-0
-0
-0
-0
-0
-0
-0
-0
-0
-0
-0
-0
-0
-0
-0
-0
-0
-0
-0
-0
-0
-0
-0
-0
-0
-0
-0
-0
-0
-0
-0
-0
-0
-0
-0
-0
-0
-0
-0
-0
-0
-0
-0
-0
-0
-0
-0
-0
0
0
0
0
0
0
0
0
0
0
0
0
0
0
0
0
0
0
0
0
0
0
0
0
0
0
0
0
0
0
0
0
0
0
0
0
0
0
0
0
0
0
0
0
0
0
0
0
0
0
-0
-0
-0
-0
-0
-0
-0
-0
-0
-0
-0
-0
-0
-0
-0
-0
-0
-0
-0
-0
-0
-0
-0
-0
-0
-0
-0
-0
-0
-0
-0
-0
-0
-0
-0
-0
-0
-0
-0
-0
-0
-0
-0
-0
-0
-0
-0
-0
-0
-0
0
0
0
0
0
0
0
0
0
0
0
0
0
0
0
0
0
0
0
0
0
0
0
0
0
0
0
0
0
0
0
0
0
0
0
0
0
0
0
0
0
0
0
0
0
0
0
0
0
0
-0
-0
-0
-0
-0
-0
-0
-0
-0
-0
-0
-0
-0
-0
-0
-0
-0
-0
-0
-0
-0
-0
-0
-0
-0
-0
-0
-0
-0
-0
-0
-0
-0
-0
-0
-0
-0
-0
-0
-0
-0
-0
-0
-0
-0
-0
-0
-0
-0
0
0
0
0
0
0
0
0
0
0
0
0
0
0
0
0
0
0
0
0
0
0
0
0
0
0
0
0
0
0
0
0
0
0
0
0
0
0
0
0
0
0
0
0
0
0
0
0
0
0
0
-0
-0
-0
-0
-0
-0
-0
-0
-0
-0
-0
-0
-0
-0
-0
-0
-0
-0
-0
-0
-0
-0
-0
-0
-0
-0
-0
-0
-0
-0
-0
-0
-0
-0
-0
-0
-0
-0
-0
-0
-0
-0
-0
-0
-0
-0
-0
-0
-0
0
0
0
0
0
0
0
0
0
0
0
0
0
0
0
0
0
0
0
0
0
0
0
0
0
0
0
0
0
0
0
0
0
0
0
0
0
0
0
0
0
0
0
0
0
0
0
0
0
0
-0
-0
-0
-0
-0
-0
-0
-0
-0
-0
-0
-0
-0
-0
-0
-0
-0
-0
-0
-0
-0
-0
-0
-0
-0
-0
-0
-0
-0
-0
-0
-0
-0
-0
-0
-0
-0
-0
-0
-0
-0
-0
-0
-0
-0
-0
-0
-0
-0
-0
0
0
0
0
0
0
0
0
0
0
0
0
0
0
0
0
0
0
0
0
0
0
0
0
0
0
0
0
0
0
0
0
0
0
0
0
0
0
0
0
0
0
0
0
0
0
0
0
0
0
0
-0
-0
-0
-0
-0
-0
-0
-0
-0
-0
-0
-0
-0
-0
-0
-0
-0
-0
-0
-0
-0
-0
-0
-0
-0
-0
-0
-0
-0
-0
-0
-0
-0
-0
-0
-0
-0
-0
-0
-0
-0
-0
-0
-0
-0
-0
-0
-0
-0
0
0
0
0
0
0
0
0
0
0
0
0
0
0
0
0
0
0
0
0
0
0
0
0
0
0
0
0
0
0
0
0
0
0
0
0
0
0
0
0
0
0
0
0
0
0
0
0
0
0
-0
-0
-0
-0
-0
-0
-0
-0
-0
-0
-0
-0
-0
-0
-0
-0
-0
-0
-0
-0
-0
-0
-0
-0
-0
-0
-0
-0
-0
-0
-0
-0
-0
-0
-0
-0
-0
-0
-0
-0
-0
-0
-0
-0
-0
-0
-0
-0
-0
-0
0
0
0
0
0
0
0
0
0
0
0
0
0
0
0
0
0
0
0
0
0
0
0
0
0
0
0
0
0
0
0
0
0
0
0
0
0
0
0
0
0
0
0
0
0
0
0
0
0
0
-0
-0
-0
-0
-0
-0
-0
-0
-0
-0
-0
-0
-0
-0
-0
-0
-0
-0
-0
-0
-0
-0
-0
-0
-0
-0
-0
-0
-0
-0
-0
-0
-0
-0
-0
-0
-0
-0
-0
-0
-0
-0
-0
-0
-0
-0
-0
-0
-0
-0
0
0
0
0
0
0
0
0
0
0
0
0
0
0
0
0
0
0
0
0
0
0
0
0
0
0
0
0
0
0
0
0
0
0
0
0
0
0
0
0
0
0
0
0
0
0
0
0
0
0
0
-0
-0
-0
-0
-0
-0
-0
-0
-0
-0
-0
-0
-0
-0
-0
-0
-0
-0
-0
-0
-0
-0
-0
-0
-0
-0
-0
-0
-0
-0
-0
-0
-0
-0
-0
-0
-0
-0
-0
-0
-0
-0
-0
-0
-0
-0
-0
-0
-0
-0
0
0
0
0
0
0
0
0
0
0
0
0
0
0
0
0
0
0
0
0
0
0
0
0
0
0
0
0
0
0
0
0
0
0
0
0
0
0
0
0
0
0
0
0
0
0
0
0
0
0
-0
-0
-0
-0
-0
-0
-0
-0
-0
-0
-0
-0
-0
-0
-0
-0
-0
-0
-0
-0
-0
-0
-0
-0
-0
-0
-0
-0
-0
-0
-0
-0
-0
-0
-0
-0
-0
-0
-0
-0
-0
-0
-0
-0
-0
-0
-0
-0
-0
-0
0
0
0
0
0
0
0
0
0
0
0
0
0
0
0
0
0
0
0
0
0
0
0
0
0
0
0
0
0
0
0
0
0
0
0
0
0
0
0
0
0
0
0
0
0
0
0
0
0
0
-0
-0
-0
-0
-0
-0
-0
-0
-0
-0
-0
-0
-0
-0
-0
-0
-0
-0
-0
-0
-0
-0
-0
-0
-0
-0
-0
-0
-0
-0
-0
-0
-0
-0
-0
-0
-0
-0
-0
-0
-0
-0
-0
-0
-0
-0
-0
-0
-0
-0
0
0
0
0
0
0
0
0
0
0
0
0
0
0
0
0
0
0
0
0
0
0
0
0
0
0
0
0
0
0
0
0
0
0
0
0
0
0
0
0
0
0
0
0
0
0
0
0
0
0
-0
-0
-0
-0
-0
-0
-0
-0
-0
-0
-0
-0
-0
-0
-0
-0
-0
-0
-0
-0
-0
-0
-0
-0
-0
-0
-0
-0
-0
-0
-0
-0
-0
-0
-0
-0
-0
-0
-0
-0
-0
-0
-0
-0
-0
-0
-0
-0
-0
-0
0
0
0
0
0
0
0
0
0
0
0
0
0
0
0
0
0
0
0
0
0
0
0
0
0
0
0
0
0
0
0
0
0
0
0
0
0
0
0
0
0
0
0
0
0
0
0
0
0
-0
-0
-0
-0
-0
-0
-0
-0
-0
-0
-0
-0
-0
-0
-0
-0
-0
-0
-0
-0
-0
-0
-0
-0
-0
-0
-0
-0
-0
-0
-0
-0
-0
-0
-0
-0
-0
-0
-0
-0
-0
-0
-0
-0
-0
-0
-0
-0
-0
-0
-0
0
0
0
0
0
0
0
0
0
0
0
0
0
0
0
0
0
0
0
0
0
0
0
0
0
0
0
0
0
0
0
0
0
0
0
0
0
0
0
0
0
0
0
0
0
0
0
0
0
0
-3.2023e-08
-1.2784e-07
-2.8669e-07
-5.0733e-07
-7.8799e-07
-1.1265e-06
-1.52e-06
-1.9656e-06
-2.4594e-06
-2.9977e-06
-3.5759e-06
-4.1894e-06
-4.8331e-06
-5.5015e-06
-6.189e-06
-6.8897e-06
-7.5976e-06
-8.3063e-06
-9.0095e-06
-9.7008e-06
-1.0374e-05
-1.1021e-05
-1.1638e-05
-1.2216e-05
-1.275e-05
-1.3234e-05
-1.3661e-05
-1.4027e-05
-1.4325e-05
-1.4551e-05
-1.47e-05
-1.4767e-05
-1.4748e-05
-1.4641e-05
-1.4441e-05
-1.4147e-05
-1.3756e-05
-1.3267e-05
-1.2678e-05
-1.1991e-05
-1.1204e-05
-1.0319e-05
-9.3373e-06
-8.2607e-06
-7.0919e-06
-5.8343e-06
-4.4915e-06
-3.0682e-06
-1.5691e-06
-3.9982e-19
1.6332e-06
3.3238e-06
5.0649e-06
6.8489e-06
8.6679e-06
1.0514e-05
1.2377e-05
1.425e-05
1.6123e-05
1.7986e-05
1.983e-05
2.1645e-05
2.3422e-05
2.515e-05
2.6819e-05
2.842e-05
2.9943e-05
3.1379e-05
3.2719e-05
3.3953e-05
3.5072e-05
3.607e-05
3.6936e-05
3.7666e-05
3.825e-05
3.8684e-05
3.896e-05
3.9075e-05
3.9024e-05
3.8803e-05
3.8409e-05
3.784e-05
3.7094e-05
3.6171e-05
3.5071e-05
3.3795e-05
3.2344e-05
3.0722e-05
2.8933e-05
2.6979e-05
2.4868e-05
2.2604e-05
2.0195e-05
1.7648e-05
1.4972e-05
1.2176e-05
9.2698e-06
6.2642e-06
3.1703e-06
-1.0006e-19
-3.2343e-06
-6.5198e-06
-9.8431e-06
-1.3191e-05
-1.6548e-05
-1.9901e-05
-2.3235e-05
-2.6535e-05
-2.9787e-05
-3.2975e-05
-3.6085e-05
-3.9101e-05
-4.201e-05
-4.4798e-05
-4.7449e-05
-4.995e-05
-5.2289e-05
-5.4452e-05
-5.6428e-05
-5.8205e-05
-5.9771e-05
-6.1118e-05
-6.2235e-05
-6.3115e-05
-6.375e-05
-6.4133e-05
-6.4259e-05
-6.4124e-05
-6.3723e-05
-6.3055e-05
-6.2118e-05
-6.0913e-05
-5.944e-05
-5.7701e-05
-5.5701e-05
-5.3443e-05
-5.0933e-05
-4.8178e-05
-4.5187e-05
-4.1968e-05
-3.8531e-05
-3.4889e-05
-3.1052e-05
-2.7035e-05
-2.2852e-05
-1.8517e-05
-1.4048e-05
-9.4602e-06
-4.7715e-06
-6.7463e-19
4.8355e-06
9.7158e-06
1.4621e-05
1.9532e-05
2.4428e-05
2.9288e-05
3.4092e-05
3.882e-05
4.345e-05
4.7963e-05
5.2339e-05
5.6557e-05
6.0599e-05
6.4446e-05
6.8079e-05
7.1481e-05
7.4635e-05
7.7526e-05
8.0137e-05
8.2457e-05
8.447e-05
8.6166e-05
8.7534e-05
8.8565e-05
8.925e-05
8.9583e-05
8.9558e-05
8.9172e-05
8.8422e-05
8.7307e-05
8.5828e-05
8.3986e-05
8.1786e-05
7.9232e-05
7.6331e-05
7.3091e-05
6.9522e-05
6.5634e-05
6.1441e-05
5.6956e-05
5.2195e-05
4.7173e-05
4.1909e-05
3.6422e-05
3.0732e-05
2.4859e-05
1.8826e-05
1.2656e-05
6.3726e-06
-8.9989e-19
-6.4367e-06
-1.2912e-05
-1.94e-05
-2.5874e-05
-3.2308e-05
-3.8675e-05
-4.495e-05
-5.1104e-05
-5.7114e-05
-6.2952e-05
-6.8593e-05
-7.4013e-05
-7.9188e-05
-8.4094e-05
-8.8709e-05
-9.3011e-05
-9.6981e-05
-0.0001006
-0.00010385
-0.00010671
-0.00010917
-0.00011121
-0.00011283
-0.00011401
-0.00011475
-0.00011503
-0.00011486
-0.00011422
-0.00011312
-0.00011156
-0.00010954
-0.00010706
-0.00010413
-0.00010076
-9.6961e-05
-9.2739e-05
-8.811e-05
-8.309e-05
-7.7696e-05
-7.1945e-05
-6.5858e-05
-5.9458e-05
-5.2767e-05
-4.5809e-05
-3.8612e-05
-3.1201e-05
-2.3604e-05
-1.5852e-05
-7.9738e-06
-2.4967e-19
8.0378e-06
1.6108e-05
2.4178e-05
3.2215e-05
4.0188e-05
4.8062e-05
5.5807e-05
6.3389e-05
7.0777e-05
7.794e-05
8.4848e-05
9.1469e-05
9.7777e-05
0.00010374
0.00010934
0.00011454
0.00011933
0.00012367
0.00012756
0.00013096
0.00013387
0.00013626
0.00013813
0.00013946
0.00014025
0.00014048
0.00014016
0.00013927
0.00013782
0.00013581
0.00013325
0.00013013
0.00012648
0.00012229
0.00011759
0.00011239
0.0001067
0.00010055
9.395e-05
8.6933e-05
7.9522e-05
7.1743e-05
6.3624e-05
5.5197e-05
4.6492e-05
3.7542e-05
2.8383e-05
1.9048e-05
9.5749e-06
-2.3995e-18
-9.639e-06
-1.9304e-05
-2.8956e-05
-3.8557e-05
-4.8068e-05
-5.745e-05
-6.6664e-05
-7.5674e-05
-8.4441e-05
-9.2929e-05
-0.0001011
-0.00010893
-0.00011637
-0.00012339
-0.00012997
-0.00013607
-0.00014167
-0.00014674
-0.00015127
-0.00015521
-0.00015857
-0.00016131
-0.00016343
-0.00016491
-0.00016575
-0.00016593
-0.00016545
-0.00016432
-0.00016252
-0.00016006
-0.00015696
-0.00015321
-0.00014882
-0.00014382
-0.00013822
-0.00013204
-0.00012529
-0.000118
-0.0001102
-0.00010192
-9.3186e-05
-8.4027e-05
-7.4482e-05
-6.4584e-05
-5.4372e-05
-4.3884e-05
-3.3161e-05
-2.2244e-05
-1.1176e-05
8.7506e-19
1.124e-05
2.25e-05
3.3734e-05
4.4898e-05
5.5948e-05
6.6837e-05
7.7522e-05
8.7959e-05
9.8105e-05
0.00010792
0.00011736
0.00012638
0.00013495
0.00014304
0.0001506
0.0001576
0.00016402
0.00016982
0.00017497
0.00017946
0.00018327
0.00018636
0.00018873
0.00019036
0.00019125
0.00019138
0.00019075
0.00018937
0.00018722
0.00018431
0.00018066
0.00017628
0.00017117
0.00016535
0.00015885
0.00015168
0.00014388
0.00013546
0.00012646
0.00011691
0.00010685
9.6312e-05
8.5339e-05
7.3971e-05
6.2251e-05
5.0225e-05
3.7939e-05
2.544e-05
1.2777e-05
1.1992e-18
-1.2841e-05
-2.5696e-05
-3.8512e-05
-5.124e-05
-6.3827e-05
-7.6224e-05
-8.8379e-05
-0.00010024
-0.00011177
-0.00012291
-0.00013361
-0.00014384
-0.00015354
-0.00016269
-0.00017123
-0.00017913
-0.00018636
-0.00019289
-0.00019868
-0.00020372
-0.00020796
-0.00021141
-0.00021403
-0.00021581
-0.00021675
-0.00021683
-0.00021605
-0.00021441
-0.00021192
-0.00020857
-0.00020437
-0.00019935
-0.00019351
-0.00018688
-0.00017948
-0.00017133
-0.00016247
-0.00015291
-0.00014271
-0.0001319
-0.00012051
-0.0001086
-9.6196e-05
-8.3358e-05
-7.0131e-05
-5.6567e-05
-4.2717e-05
-2.8636e-05
-1.4378e-05
2.6996e-18
1.4442e-05
2.8892e-05
4.3291e-05
5.7582e-05
7.1707e-05
8.5611e-05
9.9236e-05
0.00011253
0.00012543
0.00013789
0.00014986
0.00016129
0.00017213
0.00018233
0.00019186
0.00020066
0.00020871
0.00021596
0.00022239
0.00022797
0.00023266
0.00023646
0.00023933
0.00024126
0.00024225
0.00024228
0.00024135
0.00023946
0.00023662
0.00023282
0.00022808
0.00022242
0.00021586
0.00020841
0.00020011
0.00019098
0.00018105
0.00017037
0.00015897
0.00014689
0.00013418
0.00012088
0.00010705
9.2745e-05
7.8011e-05
6.2909e-05
4.7496e-05
3.1832e-05
1.598e-05
-2.4996e-19
-1.5948e-05
-3.1768e-05
-4.74e-05
-6.2782e-05
-7.7854e-05
-9.2558e-05
-0.00010684
-0.00012064
-0.0001339
-0.00014659
-0.00015864
-0.00017002
-0.00018068
-0.00019059
-0.0001997
-0.00020798
-0.00021541
-0.00022196
-0.00022761
-0.00023233
-0.00023612
-0.00023896
-0.00024085
-0.00024177
-0.00024174
-0.00024075
-0.00023882
-0.00023596
-0.00023217
-0.00022748
-0.00022192
-0.0002155
-0.00020826
-0.00020023
-0.00019145
-0.00018194
-0.00017176
-0.00016094
-0.00014954
-0.00013759
-0.00012516
-0.00011228
-9.9019e-05
-8.5423e-05
-7.155e-05
-5.7455e-05
-4.3195e-05
-2.8828e-05
-1.441e-05
4.2645e-18
1.4346e-05
2.8572e-05
4.2622e-05
5.644e-05
6.9974e-05
8.317e-05
9.5979e-05
0.00010835
0.00012024
0.0001316
0.00014239
0.00015257
0.00016209
0.00017094
0.00017907
0.00018645
0.00019307
0.00019889
0.0002039
0.00020808
0.00021142
0.00021391
0.00021555
0.00021632
0.00021624
0.0002153
0.00021352
0.00021091
0.00020747
0.00020323
0.00019821
0.00019243
0.00018592
0.0001787
0.00017082
0.00016229
0.00015317
0.00014349
0.00013329
0.00012261
0.00011149
9.9998e-05
8.8162e-05
7.6036e-05
6.367e-05
5.1113e-05
3.8417e-05
2.5632e-05
1.2809e-05
-1.5959e-18
-1.2745e-05
-2.5376e-05
-3.7844e-05
-5.0099e-05
-6.2094e-05
-7.3783e-05
-8.5122e-05
-9.6067e-05
-0.00010658
-0.00011661
-0.00012613
-0.00013511
-0.0001435
-0.00015129
-0.00015844
-0.00016492
-0.00017072
-0.00017582
-0.00018019
-0.00018383
-0.00018672
-0.00018886
-0.00019025
-0.00019087
-0.00019074
-0.00018985
-0.00018822
-0.00018586
-0.00018277
-0.00017898
-0.0001745
-0.00016936
-0.00016357
-0.00015717
-0.00015019
-0.00014265
-0.00013458
-0.00012603
-0.00011703
-0.00010762
-9.7831e-05
-8.7713e-05
-7.7304e-05
-6.6649e-05
-5.579e-05
-4.4772e-05
-3.3639e-05
-2.2436e-05
-1.1208e-05
-5.2292e-19
1.1144e-05
2.218e-05
3.3065e-05
4.3757e-05
5.4214e-05
6.4396e-05
7.4264e-05
8.3782e-05
9.2912e-05
0.00010162
0.00010988
0.00011765
0.00012492
0.00013164
0.00013781
0.00014339
0.00014838
0.00015274
0.00015648
0.00015958
0.00016202
0.00016382
0.00016495
0.00016542
0.00016524
0.0001644
0.00016293
0.00016081
0.00015807
0.00015473
0.00015079
0.00014628
0.00014123
0.00013564
0.00012956
0.000123
0.00011599
0.00010858
0.00010078
9.2629e-05
8.4168e-05
7.5428e-05
6.6447e-05
5.7262e-05
4.791e-05
3.843e-05
2.886e-05
1.924e-05
9.6069e-06
-2.2421e-18
-9.5429e-06
-1.8984e-05
-2.8287e-05
-3.7415e-05
-4.6334e-05
-5.5009e-05
-6.3407e-05
-7.1497e-05
-7.9249e-05
-8.6634e-05
-9.3625e-05
-0.0001002
-0.00010633
-0.00011199
-0.00011718
-0.00012186
-0.00012603
-0.00012967
-0.00013277
-0.00013533
-0.00013733
-0.00013877
-0.00013965
-0.00013997
-0.00013974
-0.00013896
-0.00013763
-0.00013576
-0.00013337
-0.00013048
-0.00012708
-0.00012321
-0.00011888
-0.00011411
-0.00010893
-0.00010335
-9.7405e-05
-9.112e-05
-8.4522e-05
-7.7641e-05
-7.0504e-05
-6.3143e-05
-5.559e-05
-4.7875e-05
-4.003e-05
-3.2088e-05
-2.4082e-05
-1.6044e-05
-8.0058e-06
4.9813e-19
7.9417e-06
1.5788e-05
2.3509e-05
3.1074e-05
3.8454e-05
4.5622e-05
5.255e-05
5.9212e-05
6.5585e-05
7.1645e-05
7.7371e-05
8.2741e-05
8.7739e-05
9.2346e-05
9.6548e-05
0.00010033
0.00010368
0.0001066
0.00010906
0.00011107
0.00011263
0.00011372
0.00011435
0.00011452
0.00011424
0.00011351
0.00011233
0.00011071
0.00010868
0.00010622
0.00010337
0.00010014
9.6534e-05
9.2581e-05
8.8296e-05
8.3701e-05
7.8816e-05
7.3664e-05
6.8268e-05
6.2652e-05
5.6841e-05
5.0859e-05
4.4732e-05
3.8487e-05
3.215e-05
2.5747e-05
1.9304e-05
1.2848e-05
6.4046e-06
-2.1885e-18
-6.3406e-06
-1.2592e-05
-1.8731e-05
-2.4732e-05
-3.0574e-05
-3.6234e-05
-4.1692e-05
-4.6928e-05
-5.1922e-05
-5.6657e-05
-6.1116e-05
-6.5285e-05
-6.915e-05
-7.2698e-05
-7.5918e-05
-7.8801e-05
-8.1339e-05
-8.3525e-05
-8.5353e-05
-8.6822e-05
-8.7928e-05
-8.8671e-05
-8.9052e-05
-8.9074e-05
-8.874e-05
-8.8056e-05
-8.7028e-05
-8.5665e-05
-8.3976e-05
-8.1972e-05
-7.9663e-05
-7.7064e-05
-7.4188e-05
-7.105e-05
-6.7666e-05
-6.4053e-05
-6.0227e-05
-5.6208e-05
-5.2014e-05
-4.7664e-05
-4.3177e-05
-3.8574e-05
-3.3875e-05
-2.91e-05
-2.427e-05
-1.9405e-05
-1.4526e-05
-9.6519e-06
-4.8035e-06
8.1941e-19
4.7394e-06
9.3962e-06
1.3952e-05
1.8391e-05
2.2694e-05
2.6847e-05
3.0835e-05
3.4643e-05
3.8258e-05
4.1668e-05
4.4862e-05
4.7829e-05
5.0561e-05
5.305e-05
5.5288e-05
5.7271e-05
5.8993e-05
6.0451e-05
6.1644e-05
6.257e-05
6.3229e-05
6.3623e-05
6.3753e-05
6.3624e-05
6.324e-05
6.2606e-05
6.1729e-05
6.0617e-05
5.9277e-05
5.772e-05
5.5954e-05
5.3991e-05
5.1842e-05
4.952e-05
4.7036e-05
4.4405e-05
4.1639e-05
3.8752e-05
3.5759e-05
3.2675e-05
2.9513e-05
2.6289e-05
2.3018e-05
1.9713e-05
1.639e-05
1.3064e-05
9.7476e-06
6.4559e-06
3.2023e-06
-1.2501e-22
-3.1383e-06
-6.2002e-06
-9.1742e-06
-1.2049e-05
-1.4814e-05
-1.746e-05
-1.9978e-05
-2.2358e-05
-2.4594e-05
-2.668e-05
-2.8608e-05
-3.0373e-05
-3.1973e-05
-3.3402e-05
-3.4658e-05
-3.574e-05
-3.6647e-05
-3.7378e-05
-3.7935e-05
-3.8318e-05
-3.853e-05
-3.8574e-05
-3.8454e-05
-3.8175e-05
-3.774e-05
-3.7157e-05
-3.643e-05
-3.5569e-05
-3.4578e-05
-3.3468e-05
-3.2245e-05
-3.0918e-05
-2.9496e-05
-2.7989e-05
-2.6406e-05
-2.4757e-05
-2.305e-05
-2.1296e-05
-1.9505e-05
-1.7686e-05
-1.585e-05
-1.4005e-05
-1.216e-05
-1.0326e-05
-8.5103e-06
-6.7221e-06
-4.9694e-06
-3.2599e-06
-1.6012e-06
4.4091e-19
1.5371e-06
3.0042e-06
4.396e-06
5.7074e-06
6.9343e-06
8.073e-06
9.1202e-06
1.0073e-05
1.0931e-05
1.1691e-05
1.2353e-05
1.2917e-05
1.3384e-05
1.3754e-05
1.4028e-05
1.421e-05
1.4301e-05
1.4305e-05
1.4226e-05
1.4066e-05
1.3831e-05
1.3526e-05
1.3155e-05
1.2725e-05
1.224e-05
1.1707e-05
1.1132e-05
1.052e-05
9.8795e-06
9.2157e-06
8.5353e-06
7.8449e-06
7.1507e-06
6.4591e-06
5.7764e-06
5.1085e-06
4.4613e-06
3.8403e-06
3.2509e-06
2.6979e-06
2.1862e-06
1.7199e-06
1.3029e-06
9.3872e-07
6.3039e-07
3.805e-07
1.9113e-07
6.392e-08
0
0
-0
-0
-0
-0
-0
-0
-0
-0
-0
-0
-0
-0
-0
-0
-0
-0
-0
-0
-0
-0
-0
-0
-0
-0
-0
-0
-0
-0
-0
-0
-0
-0
-0
-0
-0
-0
-0
-0
-0
-0
-0
-0
-0
-0
-0
-0
-0
-0
-0
-0
0
0
0
0
0
0
0
0
0
0
0
0
0
0
0
0
0
0
0
0
0
0
0
0
0
0
0
0
0
0
0
0
0
0
0
0
0
0
0
0
0
0
0
0
0
0
0
0
0
0
-0
-0
-0
-0
-0
-0
-0
-0
-0
-0
-0
-0
-0
-0
-0
-0
-0
-0
-0
-0
-0
-0
-0
-0
-0
-0
-0
-0
-0
-0
-0
-0
-0
-0
-0
-0
-0
-0
-0
-0
-0
-0
-0
-0
-0
-0
-0
-0
-0
-0
0
0
0
0
0
0
0
0
0
0
0
0
0
0
0
0
0
0
0
0
0
0
0
0
0
0
0
0
0
0
0
0
0
0
0
0
0
0
0
0
0
0
0
0
0
0
0
0
0
0
-0
-0
-0
-0
-0
-0
-0
-0
-0
-0
-0
-0
-0
-0
-0
-0
-0
-0
-0
-0
-0
-0
-0
-0
-0
-0
-0
-0
-0
-0
-0
-0
-0
-0
-0
-0
-0
-0
-0
-0
-0
-0
-0
-0
-0
-0
-0
-0
-0
-0
0
0
0
0
0
0
0
0
0
0
0
0
0
0
0
0
0
0
0
0
0
0
0
0
0
0
0
0
0
0
0
0
0
0
0
0
0
0
0
0
0
0
0
0
0
0
0
0
0
0
-0
-0
-0
-0
-0
-0
-0
-0
-0
-0
-0
-0
-0
-0
-0
-0
-0
-0
-0
-0
-0
-0
-0
-0
-0
-0
-0
-0
-0
-0
-0
-0
-0
-0
-0
-0
-0
-0
-0
-0
-0
-0
-0
-0
-0
-0
-0
-0
-0
-0
0
0
0
0
0
0
0
0
0
0
0
0
0
0
0
0
0
0
0
0
0
0
0
0
0
0
0
0
0
0
0
0
0
0
0
0
0
0
0
0
0
0
0
0
0
0
0
0
0
0
-0
-0
-0
-0
-0
-0
-0
-0
-0
-0
-0
-0
-0
-0
-0
-0
-0
-0
-0
-0
-0
-0
-0
-0
-0
-0
-0
-0
-0
-0
-0
-0
-0
-0
-0
-0
-0
-0
-0
-0
-0
-0
-0
-0
-0
-0
-0
-0
-0
-0
0
0
0
0
0
0
0
0
0
0
0
0
0
0
0
0
0
0
0
0
0
0
0
0
0
0
0
0
0
0
0
0
0
0
0
0
0
0
0
0
0
0
0
0
0
0
0
0
0
0
-0
-0
-0
-0
-0
-0
-0
-0
-0
-0
-0
-0
-0
-0
-0
-0
-0
-0
-0
-0
-0
-0
-0
-0
-0
-0
-0
-0
-0
-0
-0
-0
-0
-0
-0
-0
-0
-0
-0
-0
-0
-0
-0
-0
-0
-0
-0
-0
-0
0
0
0
0
0
0
0
0
0
0
0
0
0
0
0
0
0
0
0
0
0
0
0
0
0
0
0
0
0
0
0
0
0
0
0
0
0
0
0
0
0
0
0
0
0
0
0
0
0
0
0
-0
-0
-0
-0
-0
-0
-0
-0
-0
-0
-0
-0
-0
-0
-0
-0
-0
-0
-0
-0
-0
-0
-0
-0
-0
-0
-0
-0
-0
-0
-0
-0
-0
-0
-0
-0
-0
-0
-0
-0
-0
-0
-0
-0
-0
-0
-0
-0
-0
-0
0
0
0
0
0
0
0
0
0
0
0
0
0
0
0
0
0
0
0
0
0
0
0
0
0
0
0
0
0
0
0
0
0
0
0
0
0
0
0
0
0
0
0
0
0
0
0
0
0
0
-0
-0
-0
-0
-0
-0
-0
-0
-0
-0
-0
-0
-0
-0
-0
-0
-0
-0
-0
-0
-0
-0
-0
-0
-0
-0
-0
-0
-0
-0
-0
-0
-0
-0
-0
-0
-0
-0
-0
-0
-0
-0
-0
-0
-0
-0
-0
-0
-0
-0
0
0
0
0
0
0
0
0
0
0
0
0
0
0
0
0
0
0
0
0
0
0
0
0
0
0
0
0
0
0
0
0
0
0
0
0
0
0
0
0
0
0
0
0
0
0
0
0
0
-0
-0
-0
-0
-0
-0
-0
-0
-0
-0
-0
-0
-0
-0
-0
-0
-0
-0
-0
-0
-0
-0
-0
-0
-0
-0
-0
-0
-0
-0
-0
-0
-0
-0
-0
-0
-0
-0
-0
-0
-0
-0
-0
-0
-0
-0
-0
-0
-0
-0
-0
0
0
0
0
0
0
0
0
0
0
0
0
0
0
0
0
0
0
0
0
0
0
0
0
0
0
0
0
0
0
0
0
0
0
0
0
0
0
0
0
0
0
0
0
0
0
0
0
0
0
-0
-0
-0
-0
-0
-0
-0
-0
-0
-0
-0
-0
-0
-0
-0
-0
-0
-0
-0
-0
-0
-0
-0
-0
-0
-0
-0
-0
-0
-0
-0
-0
-0
-0
-0
-0
-0
-0
-0
-0
-0
-0
-0
-0
-0
-0
-0
-0
-0
0
0
0
0
0
0
0
0
0
0
0
0
0
0
0
0
0
0
0
0
0
0
0
0
0
0
0
0
0
0
0
0
0
0
0
0
0
0
0
0
0
0
0
0
0
0
0
0
0
0
0
-0
-0
-0
-0
-0
-0
-0
-0
-0
-0
-0
-0
-0
-0
-0
-0
-0
-0
-0
-0
-0
-0
-0
-0
-0
-0
-0
-0
-0
-0
-0
-0
-0
-0
-0
-0
-0
-0
-0
-0
-0
-0
-0
-0
-0
-0
-0
-0
-0
-0
0
0
0
0
0
0
0
0
0
0
0
0
0
0
0
0
0
0
0
0
0
0
0
0
0
0
0
0
0
0
0
0
0
0
0
0
0
0
0
0
0
0
0
0
0
0
0
0
0
0
-0
-0
-0
-0
-0
-0
-0
-0
-0
-0
-0
-0
-0
-0
-0
-0
-0
-0
-0
-0
-0
-0
-0
-0
-0
-0
-0
-0
-0
-0
-0
-0
-0
-0
-0
-0
-0
-0
-0
-0
-0
-0
-0
-0
-0
-0
-0
-0
-0
0
0
0
0
0
0
0
0
0
0
0
0
0
0
0
0
0
0
0
0
0
0
0
0
0
0
0
0
0
0
0
0
0
0
0
0
0
0
0
0
0
0
0
0
0
0
0
0
0
0
-0
-0
-0
-0
-0
-0
-0
-0
-0
-0
-0
-0
-0
-0
-0
-0
-0
-0
-0
-0
-0
-0
-0
-0
-0
-0
-0
-0
-0
-0
-0
-0
-0
-0
-0
-0
-0
-0
-0
-0
-0
-0
-0
-0
-0
-0
-0
-0
-0
-0
-0
0
0
0
0
0
0
0
0
0
0
0
0
0
0
0
0
0
0
0
0
0
0
0
0
0
0
0
0
0
0
0
0
0
0
0
0
0
0
0
0
0
0
0
0
0
0
0
0
0
0
-0
-0
-0
-0
-0
-0
-0
-0
-0
-0
-0
-0
-0
-0
-0
-0
-0
-0
-0
-0
-0
-0
-0
-0
-0
-0
-0
-0
-0
-0
-0
-0
-0
-0
-0
-0
-0
-0
-0
-0
-0
-0
-0
-0
-0
-0
-0
-0
-0
0
0
0
0
0
0
0
0
0
0
0
0
0
0
0
0
0
0
0
0
0
0
0
0
0
0
0
0
0
0
0
0
0
0
0
0
0
0
0
0
0
0
0
0
0
0
0
0
0
0
-0
-0
-0
-0
-0
-0
-0
-0
-0
-0
-0
-0
-0
-0
-0
-0
-0
-0
-0
-0
-0
-0
-0
-0
-0
-0
-0
-0
-0
-0
-0
-0
-0
-0
-0
-0
-0
-0
-0
-0
-0
-0
-0
-0
-0
-0
-0
-0
-0
-0
0
0
0
0
0
0
0
0
0
0
0
0
0
0
0
0
0
0
0
0
0
0
0
0
0
0
0
0
0
0
0
0
0
0
0
0
0
0
0
0
0
0
0
0
0
0
0
0
0
0
0
-0
-0
-0
-0
-0
-0
-0
-0
-0
-0
-0
-0
-0
-0
-0
-0
-0
-0
-0
-0
-0
-0
-0
-0
-0
-0
-0
-0
-0
-0
-0
-0
-0
-0
-0
-0
-0
-0
-0
-0
-0
-0
-0
-0
-0
-0
-0
-0
-0
-0
0
0
0
0
0
0
0
0
0
0
0
0
0
0
0
0
0
0
0
0
0
0
0
0
0
0
0
0
0
0
0
0
0
0
0
0
0
0
0
0
0
0
0
0
0
0
0
0
0
-0
-0
-0
-0
-0
-0
-0
-0
-0
-0
-0
-0
-0
-0
-0
-0
-0
-0
-0
-0
-0
-0
-0
-0
-0
-0
-0
-0
-0
-0
-0
-0
-0
-0
-0
-0
-0
-0
-0
-0
-0
-0
-0
-0
-0
-0
-0
-0
-0
-0
0
0
0
0
0
0
0
0
0
0
0
0
0
0
0
0
0
0
0
0
0
0
0
0
0
0
0
0
0
0
0
0
0
0
0
0
0
0
0
0
0
0
0
0
0
0
0
0
0
0
-0
-0
-0
-0
-0
-0
-0
-0
-0
-0
-0
-0
-0
-0
-0
-0
-0
-0
-0
-0
-0
-0
-0
-0
-0
-0
-0
-0
-0
-0
-0
-0
-0
-0
-0
-0
-0
-0
-0
-0
-0
-0
-0
-0
-0
-0
-0
-0
-0
-0
-0
0
0
0
0
0
0
0
0
0
0
0
0
0
0
0
0
0
0
0
0
0
0
0
0
0
0
0
0
0
0
0
0
0
0
0
0
0
0
0
0
0
0
0
0
0
0
0
0
0
0
-0
-0
-0
-0
-0
-0
-0
-0
-0
-0
-0
-0
-0
-0
-0
-0
-0
-0
-0
-0
-0
-0
-0
-0
-0
-0
-0
-0
-0
-0
-0
-0
-0
-0
-0
-0
-0
-0
-0
-0
-0
-0
-0
-0
-0
-0
-0
-0
-0
0
0
0
0
0
0
0
0
0
0
0
0
0
0
0
0
0
0
0
0
0
0
0
0
0
0
0
0
0
0
0
0
0
0
0
0
0
0
0
0
0
0
0
0
0
0
0
0
0
0
-0
-0
-0
-0
-0
-0
-0
-0
-0
-0
-0
-0
-0
-0
-0
-0
-0
-0
-0
-0
-0
-0
-0
-0
-0
-0
-0
-0
-0
-0
-0
-0
-0
-0
-0
-0
-0
-0
-0
-0
-0
-0
-0
-0
-0
-0
-0
-0
-0
-0
0
0
0
0
0
0
0
0
0
0
0
0
0
0
0
0
0
0
0
0
0
0
0
0
0
0
0
0
0
0
0
0
0
0
0
0
0
0
0
0
0
0
0
0
0
0
0
0
0
0
-0
-0
-0
-0
-0
-0
-0
-0
-0
-0
-0
-0
-0
-0
-0
-0
-0
-0
-0
-0
-0
-0
-0
-0
-0
-0
-0
-0
-0
-0
-0
-0
-0
-0
-0
-0
-0
-0
-0
-0
-0
-0
-0
-0
-0
-0
-0
-0
-0
-0
-0
0
0
0
0
0
0
0
0
0
0
0
0
0
0
0
0
0
0
0
0
0
0
0
0
0
0
0
0
0
0
0
0
0
0
0
0
0
0
0
0
0
0
0
0
0
0
0
0
0
0
-0
-0
-0
-0
-0
-0
-0
-0
-0
-0
-0
-0
-0
-0
-0
-0
-0
-0
-0
-0
-0
-0
-0
-0
-0
-0
-0
-0
-0
-0
-0
-0
-0
-0
-0
-0
-0
-0
-0
-0
-0
-0
-0
-0
-0
-0
-0
-0
-0
-0
0
0
0
0
0
0
0
0
0
0
0
0
0
0
0
0
0
0
0
0
0
0
0
0
0
0
0
0
0
0
0
0
0
0
0
0
0
0
0
0
0
0
0
0
0
0
0
0
0
-0
-0
-0
-0
-0
-0
-0
-0
-0
-0
-0
-0
-0
-0
-0
-0
-0
-0
-0
-0
-0
-0
-0
-0
-0
-0
-0
-0
-0
-0
-0
-0
-0
-0
-0
-0
-0
-0
-0
-0
-0
-0
-0
-0
-0
-0
-0
-0
-0
-0
0
0
0
0
0
0
0
0
0
0
0
0
0
0
0
0
0
0
0
0
0
0
0
0
0
0
0
0
0
0
0
0
0
0
0
0
0
0
0
0
0
0
0
0
0
0
0
0
0
0
0
-0
-0
-0
-0
-0
-0
-0
-0
-0
-0
-0
-0
-0
-0
-0
-0
-0
-0
-0
-0
-0
-0
-0
-0
-0
-0
-0
-0
-0
-0
-0
-0
-0
-0
-0
-0
-0
-0
-0
-0
-0
-0
-0
-0
-0
-0
-0
-0
-0
-0
0
0
0
0
0
0
0
0
0
0
0
0
0
0
0
0
0
0
0
0
0
0
0
0
0
0
0
0
0
0
0
0
0
0
0
0
0
0
0
0
0
0
0
0
0
0
0
0
0
0
-0
-0
-0
-0
-0
-0
-0
-0
-0
-0
-0
-0
-0
-0
-0
-0
-0
-0
-0
-0
-0
-0
-0
-0
-0
-0
-0
-0
-0
-0
-0
-0
-0
-0
-0
-0
-0
-0
-0
-0
-0
-0
-0
-0
-0
-0
-0
-0
-0
0
0
0
0
0
0
0
0
0
0
0
0
0
0
0
0
0
0
0
0
0
0
0
0
0
0
0
0
0
0
0
0
0
0
0
0
0
0
0
0
0
0
0
0
0
0
0
0
0
0
-0
-0
-0
-0
-0
-0
-0
-0
-0
-0
-0
-0
-0
-0
-0
-0
-0
-0
-0
-0
-0
-0
-0
-0
-0
-0
-0
-0
-0
-0
-0
-0
-0
-0
-0
-0
-0
-0
-0
-0
-0
-0
-0
-0
-0
-0
-0
-0
-0
-0
-0
0
0
0
0
0
0
0
0
0
0
0
0
0
0
0
0
0
0
0
0
0
0
0
0
0
0
0
0
0
0
0
0
0
0
0
0
0
0
0
0
0
0
0
0
0
0
0
0
0
0
-0
-0
-0
-0
-0
-0
-0
-0
-0
-0
-0
-0
-0
-0
-0
-0
-0
-0
-0
-0
-0
-0
-0
-0
-0
-0
-0
-0
-0
-0
-0
-0
-0
-0
-0
-0
-0
-0
-0
-0
-0
-0
-0
-0
-0
-0
-0
-0
-0
-0
0
0
0
0
0
0
0
0
0
0
0
0
0
0
0
0
0
0
0
0
0
0
0
0
0
0
0
0
0
0
0
0
0
0
0
0
0
0
0
0
0
0
0
0
0
0
0
0
0
-0
-0
-0
-0
-0
-0
-0
-0
-0
-0
-0
-0
-0
-0
-0
-0
-0
-0
-0
-0
-0
-0
-0
-0
-0
-0
-0
-0
-0
-0
-0
-0
-0
-0
-0
-0
-0
-0
-0
-0
-0
-0
-0
-0
-0
-0
-0
-0
-0
-0
0
0
0
0
0
0
0
0
0
0
0
0
0
0
0
0
0
0
0
0
0
0
0
0
0
0
0
0
0
0
0
0
0
0
0
0
0
0
0
0
0
0
0
0
0
0
0
0
0
0
-0
-3.2023e-08
-1.2784e-07
-2.8669e-07
-5.0733e-07
-7.8799e-07
-1.1265e-06
-1.52e-06
-1.9656e-06
-2.4594e-06
-2.9977e-06
-3.5759e-06
-4.1894e-06
-4.8331e-06
-5.5015e-06
-6.189e-06
-6.8897e-06
-7.5976e-06
-8.3063e-06
-9.0095e-06
-9.7008e-06
-1.0374e-05
-1.1021e-05
-1.1638e-05
-1.2216e-05
-1.275e-05
-1.3234e-05
-1.3661e-05
-1.4027e-05
-1.4325e-05
-1.4551e-05
-1.47e-05
-1.4767e-05
-1.4748e-05
-1.4641e-05
-1.4441e-05
-1.4147e-05
-1.3756e-05
-1.3267e-05
-1.2678e-05
-1.1991e-05
-1.1204e-05
-1.0319e-05
-9.3373e-06
-8.2607e-06
-7.0919e-06
-5.8343e-06
-4.4915e-06
-3.0682e-06
-1.5691e-06
-2.7478e-19
1.6332e-06
3.3238e-06
5.0649e-06
6.8489e-06
8.6679e-06
1.0514e-05
1.2377e-05
1.425e-05
1.6123e-05
1.7986e-05
1.983e-05
2.1645e-05
2.3422e-05
2.515e-05
2.6819e-05
2.842e-05
2.9943e-05
3.1379e-05
3.2719e-05
3.3953e-05
3.5072e-05
3.607e-05
3.6936e-05
3.7666e-05
3.825e-05
3.8684e-05
3.896e-05
3.9075e-05
3.9024e-05
3.8803e-05
3.8409e-05
3.784e-05
3.7094e-05
3.6171e-05
3.5071e-05
3.3795e-05
3.2344e-05
3.0722e-05
2.8933e-05
2.6979e-05
2.4868e-05
2.2604e-05
2.0195e-05
1.7648e-05
1.4972e-05
1.2176e-05
9.2698e-06
6.2642e-06
3.1703e-06
-1.7996e-18
-3.2343e-06
-6.5198e-06
-9.8431e-06
-1.3191e-05
-1.6548e-05
-1.9901e-05
-2.3235e-05
-2.6535e-05
-2.9787e-05
-3.2975e-05
-3.6085e-05
-3.9101e-05
-4.201e-05
-4.4798e-05
-4.7449e-05
-4.995e-05
-5.2289e-05
-5.4452e-05
-5.6428e-05
-5.8205e-05
-5.9771e-05
-6.1118e-05
-6.2235e-05
-6.3115e-05
-6.375e-05
-6.4133e-05
-6.4259e-05
-6.4124e-05
-6.3723e-05
-6.3055e-05
-6.2118e-05
-6.0913e-05
-5.944e-05
-5.7701e-05
-5.5701e-05
-5.3443e-05
-5.0933e-05
-4.8178e-05
-4.5187e-05
-4.1968e-05
-3.8531e-05
-3.4889e-05
-3.1052e-05
-2.7035e-05
-2.2852e-05
-1.8517e-05
-1.4048e-05
-9.4602e-06
-4.7715e-06
1.8748e-18
4.8355e-06
9.7158e-06
1.4621e-05
1.9532e-05
2.4428e-05
2.9288e-05
3.4092e-05
3.882e-05
4.345e-05
4.7963e-05
5.2339e-05
5.6557e-05
6.0599e-05
6.4446e-05
6.8079e-05
7.1481e-05
7.4635e-05
7.7526e-05
8.0137e-05
8.2457e-05
8.447e-05
8.6166e-05
8.7534e-05
8.8565e-05
8.925e-05
8.9583e-05
8.9558e-05
8.9172e-05
8.8422e-05
8.7307e-05
8.5828e-05
8.3986e-05
8.1786e-05
7.9232e-05
7.6331e-05
7.3091e-05
6.9522e-05
6.5634e-05
6.1441e-05
5.6956e-05
5.2195e-05
4.7173e-05
4.1909e-05
3.6422e-05
3.0732e-05
2.4859e-05
1.8826e-05
1.2656e-05
6.3726e-06
4.398e-18
-6.4367e-06
-1.2912e-05
-1.94e-05
-2.5874e-05
-3.2308e-05
-3.8675e-05
-4.495e-05
-5.1104e-05
-5.7114e-05
-6.2952e-05
-6.8593e-05
-7.4013e-05
-7.9188e-05
-8.4094e-05
-8.8709e-05
-9.3011e-05
-9.6981e-05
-0.0001006
-0.00010385
-0.00010671
-0.00010917
-0.00011121
-0.00011283
-0.00011401
-0.00011475
-0.00011503
-0.00011486
-0.00011422
-0.00011312
-0.00011156
-0.00010954
-0.00010706
-0.00010413
-0.00010076
-9.6961e-05
-9.2739e-05
-8.811e-05
-8.309e-05
-7.7696e-05
-7.1945e-05
-6.5858e-05
-5.9458e-05
-5.2767e-05
-4.5809e-05
-3.8612e-05
-3.1201e-05
-2.3604e-05
-1.5852e-05
-7.9738e-06
-6.872e-18
8.0378e-06
1.6108e-05
2.4178e-05
3.2215e-05
4.0188e-05
4.8062e-05
5.5807e-05
6.3389e-05
7.0777e-05
7.794e-05
8.4848e-05
9.1469e-05
9.7777e-05
0.00010374
0.00010934
0.00011454
0.00011933
0.00012367
0.00012756
0.00013096
0.00013387
0.00013626
0.00013813
0.00013946
0.00014025
0.00014048
0.00014016
0.00013927
0.00013782
0.00013581
0.00013325
0.00013013
0.00012648
0.00012229
0.00011759
0.00011239
0.0001067
0.00010055
9.395e-05
8.6933e-05
7.9522e-05
7.1743e-05
6.3624e-05
5.5197e-05
4.6492e-05
3.7542e-05
2.8383e-05
1.9048e-05
9.5749e-06
9.8958e-18
-9.639e-06
-1.9304e-05
-2.8956e-05
-3.8557e-05
-4.8068e-05
-5.745e-05
-6.6664e-05
-7.5674e-05
-8.4441e-05
-9.2929e-05
-0.0001011
-0.00010893
-0.00011637
-0.00012339
-0.00012997
-0.00013607
-0.00014167
-0.00014674
-0.00015127
-0.00015521
-0.00015857
-0.00016131
-0.00016343
-0.00016491
-0.00016575
-0.00016593
-0.00016545
-0.00016432
-0.00016252
-0.00016006
-0.00015696
-0.00015321
-0.00014882
-0.00014382
-0.00013822
-0.00013204
-0.00012529
-0.000118
-0.0001102
-0.00010192
-9.3186e-05
-8.4027e-05
-7.4482e-05
-6.4584e-05
-5.4372e-05
-4.3884e-05
-3.3161e-05
-2.2244e-05
-1.1176e-05
-3.3229e-18
1.124e-05
2.25e-05
3.3734e-05
4.4898e-05
5.5948e-05
6.6837e-05
7.7522e-05
8.7959e-05
9.8105e-05
0.00010792
0.00011736
0.00012638
0.00013495
0.00014304
0.0001506
0.0001576
0.00016402
0.00016982
0.00017497
0.00017946
0.00018327
0.00018636
0.00018873
0.00019036
0.00019125
0.00019138
0.00019075
0.00018937
0.00018722
0.00018431
0.00018066
0.00017628
0.00017117
0.00016535
0.00015885
0.00015168
0.00014388
0.00013546
0.00012646
0.00011691
0.00010685
9.6312e-05
8.5339e-05
7.3971e-05
6.2251e-05
5.0225e-05
3.7939e-05
2.544e-05
1.2777e-05
1.7593e-17
-1.2841e-05
-2.5696e-05
-3.8512e-05
-5.124e-05
-6.3827e-05
-7.6224e-05
-8.8379e-05
-0.00010024
-0.00011177
-0.00012291
-0.00013361
-0.00014384
-0.00015354
-0.00016269
-0.00017123
-0.00017913
-0.00018636
-0.00019289
-0.00019868
-0.00020372
-0.00020796
-0.00021141
-0.00021403
-0.00021581
-0.00021675
-0.00021683
-0.00021605
-0.00021441
-0.00021192
-0.00020857
-0.00020437
-0.00019935
-0.00019351
-0.00018688
-0.00017948
-0.00017133
-0.00016247
-0.00015291
-0.00014271
-0.0001319
-0.00012051
-0.0001086
-9.6196e-05
-8.3358e-05
-7.0131e-05
-5.6567e-05
-4.2717e-05
-2.8636e-05
-1.4378e-05
-9.2206e-18
1.4442e-05
2.8892e-05
4.3291e-05
5.7582e-05
7.1707e-05
8.5611e-05
9.9236e-05
0.00011253
0.00012543
0.00013789
0.00014986
0.00016129
0.00017213
0.00018233
0.00019186
0.00020066
0.00020871
0.00021596
0.00022239
0.00022797
0.00023266
0.00023646
0.00023933
0.00024126
0.00024225
0.00024228
0.00024135
0.00023946
0.00023662
0.00023282
0.00022808
0.00022242
0.00021586
0.00020841
0.00020011
0.00019098
0.00018105
0.00017037
0.00015897
0.00014689
0.00013418
0.00012088
0.00010705
9.2745e-05
7.8011e-05
6.2909e-05
4.7496e-05
3.1832e-05
1.598e-05
1.2968e-17
-1.5948e-05
-3.1768e-05
-4.74e-05
-6.2782e-05
-7.7854e-05
-9.2558e-05
-0.00010684
-0.00012064
-0.0001339
-0.00014659
-0.00015864
-0.00017002
-0.00018068
-0.00019059
-0.0001997
-0.00020798
-0.00021541
-0.00022196
-0.00022761
-0.00023233
-0.00023612
-0.00023896
-0.00024085
-0.00024177
-0.00024174
-0.00024075
-0.00023882
-0.00023596
-0.00023217
-0.00022748
-0.00022192
-0.0002155
-0.00020826
-0.00020023
-0.00019145
-0.00018194
-0.00017176
-0.00016094
-0.00014954
-0.00013759
-0.00012516
-0.00011228
-9.9019e-05
-8.5423e-05
-7.155e-05
-5.7455e-05
-4.3195e-05
-2.8828e-05
-1.441e-05
-1.4137e-17
1.4346e-05
2.8572e-05
4.2622e-05
5.644e-05
6.9974e-05
8.317e-05
9.5979e-05
0.00010835
0.00012024
0.0001316
0.00014239
0.00015257
0.00016209
0.00017094
0.00017907
0.00018645
0.00019307
0.00019889
0.0002039
0.00020808
0.00021142
0.00021391
0.00021555
0.00021632
0.00021624
0.0002153
0.00021352
0.00021091
0.00020747
0.00020323
0.00019821
0.00019243
0.00018592
0.0001787
0.00017082
0.00016229
0.00015317
0.00014349
0.00013329
0.00012261
0.00011149
9.9998e-05
8.8162e-05
7.6036e-05
6.367e-05
5.1113e-05
3.8417e-05
2.5632e-05
1.2809e-05
3.1898e-18
-1.2745e-05
-2.5376e-05
-3.7844e-05
-5.0099e-05
-6.2094e-05
-7.3783e-05
-8.5122e-05
-9.6067e-05
-0.00010658
-0.00011661
-0.00012613
-0.00013511
-0.0001435
-0.00015129
-0.00015844
-0.00016492
-0.00017072
-0.00017582
-0.00018019
-0.00018383
-0.00018672
-0.00018886
-0.00019025
-0.00019087
-0.00019074
-0.00018985
-0.00018822
-0.00018586
-0.00018277
-0.00017898
-0.0001745
-0.00016936
-0.00016357
-0.00015717
-0.00015019
-0.00014265
-0.00013458
-0.00012603
-0.00011703
-0.00010762
-9.7831e-05
-8.7713e-05
-7.7304e-05
-6.6649e-05
-5.579e-05
-4.4772e-05
-3.3639e-05
-2.2436e-05
-1.1208e-05
-1.4826e-17
1.1144e-05
2.218e-05
3.3065e-05
4.3757e-05
5.4214e-05
6.4396e-05
7.4264e-05
8.3782e-05
9.2912e-05
0.00010162
0.00010988
0.00011765
0.00012492
0.00013164
0.00013781
0.00014339
0.00014838
0.00015274
0.00015648
0.00015958
0.00016202
0.00016382
0.00016495
0.00016542
0.00016524
0.0001644
0.00016293
0.00016081
0.00015807
0.00015473
0.00015079
0.00014628
0.00014123
0.00013564
0.00012956
0.000123
0.00011599
0.00010858
0.00010078
9.2629e-05
8.4168e-05
7.5428e-05
6.6447e-05
5.7262e-05
4.791e-05
3.843e-05
2.886e-05
1.924e-05
9.6069e-06
5.6782e-18
-9.5429e-06
-1.8984e-05
-2.8287e-05
-3.7415e-05
-4.6334e-05
-5.5009e-05
-6.3407e-05
-7.1497e-05
-7.9249e-05
-8.6634e-05
-9.3625e-05
-0.0001002
-0.00010633
-0.00011199
-0.00011718
-0.00012186
-0.00012603
-0.00012967
-0.00013277
-0.00013533
-0.00013733
-0.00013877
-0.00013965
-0.00013997
-0.00013974
-0.00013896
-0.00013763
-0.00013576
-0.00013337
-0.00013048
-0.00012708
-0.00012321
-0.00011888
-0.00011411
-0.00010893
-0.00010335
-9.7405e-05
-9.112e-05
-8.4522e-05
-7.7641e-05
-7.0504e-05
-6.3143e-05
-5.559e-05
-4.7875e-05
-4.003e-05
-3.2088e-05
-2.4082e-05
-1.6044e-05
-8.0058e-06
-6.0977e-18
7.9417e-06
1.5788e-05
2.3509e-05
3.1074e-05
3.8454e-05
4.5622e-05
5.255e-05
5.9212e-05
6.5585e-05
7.1645e-05
7.7371e-05
8.2741e-05
8.7739e-05
9.2346e-05
9.6548e-05
0.00010033
0.00010368
0.0001066
0.00010906
0.00011107
0.00011263
0.00011372
0.00011435
0.00011452
0.00011424
0.00011351
0.00011233
0.00011071
0.00010868
0.00010622
0.00010337
0.00010014
9.6534e-05
9.2581e-05
8.8296e-05
8.3701e-05
7.8816e-05
7.3664e-05
6.8268e-05
6.2652e-05
5.6841e-05
5.0859e-05
4.4732e-05
3.8487e-05
3.215e-05
2.5747e-05
1.9304e-05
1.2848e-05
6.4046e-06
5.9674e-18
-6.3406e-06
-1.2592e-05
-1.8731e-05
-2.4732e-05
-3.0574e-05
-3.6234e-05
-4.1692e-05
-4.6928e-05
-5.1922e-05
-5.6657e-05
-6.1116e-05
-6.5285e-05
-6.915e-05
-7.2698e-05
-7.5918e-05
-7.8801e-05
-8.1339e-05
-8.3525e-05
-8.5353e-05
-8.6822e-05
-8.7928e-05
-8.8671e-05
-8.9052e-05
-8.9074e-05
-8.874e-05
-8.8056e-05
-8.7028e-05
-8.5665e-05
-8.3976e-05
-8.1972e-05
-7.9663e-05
-7.7064e-05
-7.4188e-05
-7.105e-05
-6.7666e-05
-6.4053e-05
-6.0227e-05
-5.6208e-05
-5.2014e-05
-4.7664e-05
-4.3177e-05
-3.8574e-05
-3.3875e-05
-2.91e-05
-2.427e-05
-1.9405e-05
-1.4526e-05
-9.6519e-06
-4.8035e-06
-9.6774e-19
4.7394e-06
9.3962e-06
1.3952e-05
1.8391e-05
2.2694e-05
2.6847e-05
3.0835e-05
3.4643e-05
3.8258e-05
4.1668e-05
4.4862e-05
4.7829e-05
5.0561e-05
5.305e-05
5.5288e-05
5.7271e-05
5.8993e-05
6.0451e-05
6.1644e-05
6.257e-05
6.3229e-05
6.3623e-05
6.3753e-05
6.3624e-05
6.324e-05
6.2606e-05
6.1729e-05
6.0617e-05
5.9277e-05
5.772e-05
5.5954e-05
5.3991e-05
5.1842e-05
4.952e-05
4.7036e-05
4.4405e-05
4.1639e-05
3.8752e-05
3.5759e-05
3.2675e-05
2.9513e-05
2.6289e-05
2.3018e-05
1.9713e-05
1.639e-05
1.3064e-05
9.7476e-06
6.4559e-06
3.2023e-06
4.0573e-18
-3.1383e-06
-6.2002e-06
-9.1742e-06
-1.2049e-05
-1.4814e-05
-1.746e-05
-1.9978e-05
-2.2358e-05
-2.4594e-05
-2.668e-05
-2.8608e-05
-3.0373e-05
-3.1973e-05
-3.3402e-05
-3.4658e-05
-3.574e-05
-3.6647e-05
-3.7378e-05
-3.7935e-05
-3.8318e-05
-3.853e-05
-3.8574e-05
-3.8454e-05
-3.8175e-05
-3.774e-05
-3.7157e-05
-3.643e-05
-3.5569e-05
-3.4578e-05
-3.3468e-05
-3.2245e-05
-3.0918e-05
-2.9496e-05
-2.7989e-05
-2.6406e-05
-2.4757e-05
-2.305e-05
-2.1296e-05
-1.9505e-05
-1.7686e-05
-1.585e-05
-1.4005e-05
-1.216e-05
-1.0326e-05
-8.5103e-06
-6.7221e-06
-4.9694e-06
-3.2599e-06
-1.6012e-06
-8.5706e-19
1.5371e-06
3.0042e-06
4.396e-06
5.7074e-06
6.9343e-06
8.073e-06
9.1202e-06
1.0073e-05
1.0931e-05
1.1691e-05
1.2353e-05
1.2917e-05
1.3384e-05
1.3754e-05
1.4028e-05
1.421e-05
1.4301e-05
1.4305e-05
1.4226e-05
1.4066e-05
1.3831e-05
1.3526e-05
1.3155e-05
1.2725e-05
1.224e-05
1.1707e-05
1.1132e-05
1.052e-05
9.8795e-06
9.2157e-06
8.5353e-06
7.8449e-06
7.1507e-06
6.4591e-06
5.7764e-06
5.1085e-06
4.4613e-06
3.8403e-06
3.2509e-06
2.6979e-06
2.1862e-06
1.7199e-06
1.3029e-06
9.3872e-07
6.3039e-07
3.805e-07
1.9113e-07
6.392e-08
0
0
-0
-0
-0
-0
-0
-0
-0
-0
-0
-0
-0
-0
-0
-0
-0
-0
-0
-0
-0
-0
-0
-0
-0
-0
-0
-0
-0
-0
-0
-0
-0
-0
-0
-0
-0
-0
-0
-0
-0
-0
-0
-0
-0
-0
-0
-0
-0
-0
-0
-0
0
0
0
0
0
0
0
0
0
0
0
0
0
0
0
0
0
0
0
0
0
0
0
0
0
0
0
0
0
0
0
0
0
0
0
0
0
0
0
0
0
0
0
0
0
0
0
0
0
0
-0
-0
-0
-0
-0
-0
-0
-0
-0
-0
-0
-0
-0
-0
-0
-0
-0
-0
-0
-0
-0
-0
-0
-0
-0
-0
-0
-0
-0
-0
-0
-0
-0
-0
-0
-0
-0
-0
-0
-0
-0
-0
-0
-0
-0
-0
-0
-0
-0
-0
0
0
0
0
0
0
0
0
0
0
0
0
0
0
0
0
0
0
0
0
0
0
0
0
0
0
0
0
0
0
0
0
0
0
0
0
0
0
0
0
0
0
0
0
0
0
0
0
0
0
-0
-0
-0
-0
-0
-0
-0
-0
-0
-0
-0
-0
-0
-0
-0
-0
-0
-0
-0
-0
-0
-0
-0
-0
-0
-0
-0
-0
-0
-0
-0
-0
-0
-0
-0
-0
-0
-0
-0
-0
-0
-0
-0
-0
-0
-0
-0
-0
-0
-0
0
0
0
0
0
0
0
0
0
0
0
0
0
0
0
0
0
0
0
0
0
0
0
0
0
0
0
0
0
0
0
0
0
0
0
0
0
0
0
0
0
0
0
0
0
0
0
0
0
0
-0
-0
-0
-0
-0
-0
-0
-0
-0
-0
-0
-0
-0
-0
-0
-0
-0
-0
-0
-0
-0
-0
-0
-0
-0
-0
-0
-0
-0
-0
-0
-0
-0
-0
-0
-0
-0
-0
-0
-0
-0
-0
-0
-0
-0
-0
-0
-0
-0
-0
0
0
0
0
0
0
0
0
0
0
0
0
0
0
0
0
0
0
0
0
0
0
0
0
0
0
0
0
0
0
0
0
0
0
0
0
0
0
0
0
0
0
0
0
0
0
0
0
0
0
-0
-0
-0
-0
-0
-0
-0
-0
-0
-0
-0
-0
-0
-0
-0
-0
-0
-0
-0
-0
-0
-0
-0
-0
-0
-0
-0
-0
-0
-0
-0
-0
-0
-0
-0
-0
-0
-0
-0
-0
-0
-0
-0
-0
-0
-0
-0
-0
-0
-0
0
0
0
0
0
0
0
0
0
0
0
0
0
0
0
0
0
0
0
0
0
0
0
0
0
0
0
0
0
0
0
0
0
0
0
0
0
0
0
0
0
0
0
0
0
0
0
0
0
0
-0
-0
-0
-0
-0
-0
-0
-0
-0
-0
-0
-0
-0
-0
-0
-0
-0
-0
-0
-0
-0
-0
-0
-0
-0
-0
-0
-0
-0
-0
-0
-0
-0
-0
-0
-0
-0
-0
-0
-0
-0
-0
-0
-0
-0
-0
-0
-0
-0
-0
0
0
0
0
0
0
0
0
0
0
0
0
0
0
0
0
0
0
0
0
0
0
0
0
0
0
0
0
0
0
0
0
0
0
0
0
0
0
0
0
0
0
0
0
0
0
0
0
0
0
-0
-0
-0
-0
-0
-0
-0
-0
-0
-0
-0
-0
-0
-0
-0
-0
-0
-0
-0
-0
-0
-0
-0
-0
-0
-0
-0
-0
-0
-0
-0
-0
-0
-0
-0
-0
-0
-0
-0
-0
-0
-0
-0
-0
-0
-0
-0
-0
-0
-0
0
0
0
0
0
0
0
0
0
0
0
0
0
0
0
0
0
0
0
0
0
0
0
0
0
0
0
0
0
0
0
0
0
0
0
0
0
0
0
0
0
0
0
0
0
0
0
0
0
0
-0
-0
-0
-0
-0
-0
-0
-0
-0
-0
-0
-0
-0
-0
-0
-0
-0
-0
-0
-0
-0
-0
-0
-0
-0
-0
-0
-0
-0
-0
-0
-0
-0
-0
-0
-0
-0
-0
-0
-0
-0
-0
-0
-0
-0
-0
-0
-0
-0
-0
0
0
0
0
0
0
0
0
0
0
0
0
0
0
0
0
0
0
0
0
0
0
0
0
0
0
0
0
0
0
0
0
0
0
0
0
0
0
0
0
0
0
0
0
0
0
0
0
0
0
-0
-0
-0
-0
-0
-0
-0
-0
-0
-0
-0
-0
-0
-0
-0
-0
-0
-0
-0
-0
-0
-0
-0
-0
-0
-0
-0
-0
-0
-0
-0
-0
-0
-0
-0
-0
-0
-0
-0
-0
-0
-0
-0
-0
-0
-0
-0
-0
-0
-0
0
0
0
0
0
0
0
0
0
0
0
0
0
0
0
0
0
0
0
0
0
0
0
0
0
0
0
0
0
0
0
0
0
0
0
0
0
0
0
0
0
0
0
0
0
0
0
0
0
0
-0
-0
-0
-0
-0
-0
-0
-0
-0
-0
-0
-0
-0
-0
-0
-0
-0
-0
-0
-0
-0
-0
-0
-0
-0
-0
-0
-0
-0
-0
-0
-0
-0
-0
-0
-0
-0
-0
-0
-0
-0
-0
-0
-0
-0
-0
-0
-0
-0
-0
0
0
0
0
0
0
0
0
0
0
0
0
0
0
0
0
0
0
0
0
0
0
0
0
0
0
0
0
0
0
0
0
0
0
0
0
0
0
0
0
0
0
0
0
0
0
0
0
0
0
-0
-0
-0
-0
-0
-0
-0
-0
-0
-0
-0
-0
-0
-0
-0
-0
-0
-0
-0
-0
-0
-0
-0
-0
-0
-0
-0
-0
-0
-0
-0
-0
-0
-0
-0
-0
-0
-0
-0
-0
-0
-0
-0
-0
-0
-0
-0
-0
-0
-0
0
0
0
0
0
0
0
0
0
0
0
0
0
0
0
0
0
0
0
0
0
0
0
0
0
0
0
0
0
0
0
0
0
0
0
0
0
0
0
0
0
0
0
0
0
0
0
0
0
-0
-0
-0
-0
-0
-0
-0
-0
-0
-0
-0
-0
-0
-0
-0
-0
-0
-0
-0
-0
-0
-0
-0
-0
-0
-0
-0
-0
-0
-0
-0
-0
-0
-0
-0
-0
-0
-0
-0
-0
-0
-0
-0
-0
-0
-0
-0
-0
-0
-0
-0
0
0
0
0
0
0
0
0
0
0
0
0
0
0
0
0
0
0
0
0
0
0
0
0
0
0
0
0
0
0
0
0
0
0
0
0
0
0
0
0
0
0
0
0
0
0
0
0
0
0
-0
-0
-0
-0
-0
-0
-0
-0
-0
-0
-0
-0
-0
-0
-0
-0
-0
-0
-0
-0
-0
-0
-0
-0
-0
-0
-0
-0
-0
-0
-0
-0
-0
-0
-0
-0
-0
-0
-0
-0
-0
-0
-0
-0
-0
-0
-0
-0
-0
0
0
0
0
0
0
0
0
0
0
0
0
0
0
0
0
0
0
0
0
0
0
0
0
0
0
0
0
0
0
0
0
0
0
0
0
0
0
0
0
0
0
0
0
0
0
0
0
0
0
0
-0
-0
-0
-0
-0
-0
-0
-0
-0
-0
-0
-0
-0
-0
-0
-0
-0
-0
-0
-0
-0
-0
-0
-0
-0
-0
-0
-0
-0
-0
-0
-0
-0
-0
-0
-0
-0
-0
-0
-0
-0
-0
-0
-0
-0
-0
-0
-0
-0
-0
0
0
0
0
0
0
0
0
0
0
0
0
0
0
0
0
0
0
0
0
0
0
0
0
0
0
0
0
0
0
0
0
0
0
0
0
0
0
0
0
0
0
0
0
0
0
0
0
0
0
-0
-0
-0
-0
-0
-0
-0
-0
-0
-0
-0
-0
-0
-0
-0
-0
-0
-0
-0
-0
-0
-0
-0
-0
-0
-0
-0
-0
-0
-0
-0
-0
-0
-0
-0
-0
-0
-0
-0
-0
-0
-0
-0
-0
-0
-0
-0
-0
-0
-0
0
0
0
0
0
0
0
0
0
0
0
0
0
0
0
0
0
0
0
0
0
0
0
0
0
0
0
0
0
0
0
0
0
0
0
0
0
0
0
0
0
0
0
0
0
0
0
0
0
-0
-0
-0
-0
-0
-0
-0
-0
-0
-0
-0
-0
-0
-0
-0
-0
-0
-0
-0
-0
-0
-0
-0
-0
-0
-0
-0
-0
-0
-0
-0
-0
-0
-0
-0
-0
-0
-0
-0
-0
-0
-0
-0
-0
-0
-0
-0
-0
-0
-0
-0
0
0
0
0
0
0
0
0
0
0
0
0
0
0
0
0
0
0
0
0
0
0
0
0
0
0
0
0
0
0
0
0
0
0
0
0
0
0
0
0
0
0
0
0
0
0
0
0
0
-0
-0
-0
-0
-0
-0
-0
-0
-0
-0
-0
-0
-0
-0
-0
-0
-0
-0
-0
-0
-0
-0
-0
-0
-0
-0
-0
-0
-0
-0
-0
-0
-0
-0
-0
-0
-0
-0
-0
-0
-0
-0
-0
-0
-0
-0
-0
-0
-0
-0
-0
0
0
0
0
0
0
0
0
0
0
0
0
0
0
0
0
0
0
0
0
0
0
0
0
0
0
0
0
0
0
0
0
0
0
0
0
0
0
0
0
0
0
0
0
0
0
0
0
0
0
-0
-0
-0
-0
-0
-0
-0
-0
-0
-0
-0
-0
-0
-0
-0
-0
-0
-0
-0
-0
-0
-0
-0
-0
-0
-0
-0
-0
-0
-0
-0
-0
-0
-0
-0
-0
-0
-0
-0
-0
-0
-0
-0
-0
-0
-0
-0
-0
-0
-0
0
0
0
0
0
0
0
0
0
0
0
0
0
0
0
0
0
0
0
0
0
0
0
0
0
0
0
0
0
0
0
0
0
0
0
0
0
0
0
0
0
0
0
0
0
0
0
0
0
0
-0
-0
-0
-0
-0
-0
-0
-0
-0
-0
-0
-0
-0
-0
-0
-0
-0
-0
-0
-0
-0
-0
-0
-0
-0
-0
-0
-0
-0
-0
-0
-0
-0
-0
-0
-0
-0
-0
-0
-0
-0
-0
-0
-0
-0
-0
-0
-0
-0
-0
0
0
0
0
0
0
0
0
0
0
0
0
0
0
0
0
0
0
0
0
0
0
0
0
0
0
0
0
0
0
0
0
0
0
0
0
0
0
0
0
0
0
0
0
0
0
0
0
0
0
-0
-0
-0
-0
-0
-0
-0
-0
-0
-0
-0
-0
-0
-0
-0
-0
-0
-0
-0
-0
-0
-0
-0
-0
-0
-0
-0
-0
-0
-0
-0
-0
-0
-0
-0
-0
-0
-0
-0
-0
-0
-0
-0
-0
-0
-0
-0
-0
-0
-0
0
0
0
0
0
0
0
0
0
0
0
0
0
0
0
0
0
0
0
0
0
0
0
0
0
0
0
0
0
0
0
0
0
0
0
0
0
0
0
0
0
0
0
0
0
0
0
0
0
-0
-0
-0
-0
-0
-0
-0
-0
-0
-0
-0
-0
-0
-0
-0
-0
-0
-0
-0
-0
-0
-0
-0
-0
-0
-0
-0
-0
-0
-0
-0
-0
-0
-0
-0
-0
-0
-0
-0
-0
-0
-0
-0
-0
-0
-0
-0
-0
-0
-0
-0
0
0
0
0
0
0
0
0
0
0
0
0
0
0
0
0
0
0
0
0
0
0
0
0
0
0
0
0
0
0
0
0
0
0
0
0
0
0
0
0
0
0
0
0
0
0
0
0
0
-0
-0
-0
-0
-0
-0
-0
-0
-0
-0
-0
-0
-0
-0
-0
-0
-0
-0
-0
-0
-0
-0
-0
-0
-0
-0
-0
-0
-0
-0
-0
-0
-0
-0
-0
-0
-0
-0
-0
-0
-0
-0
-0
-0
-0
-0
-0
-0
-0
-0
-0
0
0
0
0
0
0
0
0
0
0
0
0
0
0
0
0
0
0
0
0
0
0
0
0
0
0
0
0
0
0
0
0
0
0
0
0
0
0
0
0
0
0
0
0
0
0
0
0
0
0
-0
-0
-0
-0
-0
-0
-0
-0
-0
-0
-0
-0
-0
-0
-0
-0
-0
-0
-0
-0
-0
-0
-0
-0
-0
-0
-0
-0
-0
-0
-0
-0
-0
-0
-0
-0
-0
-0
-0
-0
-0
-0
-0
-0
-0
-0
-0
-0
-0
-0
0
0
0
0
0
0
0
0
0
0
0
0
0
0
0
0
0
0
0
0
0
0
0
0
0
0
0
0
0
0
0
0
0
0
0
0
0
0
0
0
0
0
0
0
0
0
0
0
0
0
-0
-0
-0
-0
-0
-0
-0
-0
-0
-0
-0
-0
-0
-0
-0
-0
-0
-0
-0
-0
-0
-0
-0
-0
-0
-0
-0
-0
-0
-0
-0
-0
-0
-0
-0
-0
-0
-0
-0
-0
-0
-0
-0
-0
-0
-0
-0
-0
-0
-0
0
0
0
0
0
0
0
0
0
0
0
0
0
0
0
0
0
0
0
0
0
0
0
0
0
0
0
0
0
0
0
0
0
0
0
0
0
0
0
0
0
0
0
0
0
0
0
0
0
0
-0
-0
-0
-0
-0
-0
-0
-0
-0
-0
-0
-0
-0
-0
-0
-0
-0
-0
-0
-0
-0
-0
-0
-0
-0
-0
-0
-0
-0
-0
-0
-0
-0
-0
-0
-0
-0
-0
-0
-0
-0
-0
-0
-0
-0
-0
-0
-0
-0
-0
0
0
0
0
0
0
0
0
0
0
0
0
0
0
0
0
0
0
0
0
0
0
0
0
0
0
0
0
0
0
0
0
0
0
0
0
0
0
0
0
0
0
0
0
0
0
0
0
0
-0
-0
-0
-0
-0
-0
-0
-0
-0
-0
-0
-0
-0
-0
-0
-0
-0
-0
-0
-0
-0
-0
-0
-0
-0
-0
-0
-0
-0
-0
-0
-0
-0
-0
-0
-0
-0
-0
-0
-0
-0
-0
-0
-0
-0
-0
-0
-0
-0
-0
-0
0
0
0
0
0
0
0
0
0
0
0
0
0
0
0
0
0
0
0
0
0
0
0
0
0
0
0
0
0
0
0
0
0
0
0
0
0
0
0
0
0
0
0
0
0
0
0
0
0
-0
-0
-0
-0
-0
-0
-0
-0
-0
-0
-0
-0
-0
-0
-0
-0
-0
-0
-0
-0
-0
-0
-0
-0
-0
-0
-0
-0
-0
-0
-0
-0
-0
-0
-0
-0
-0
-0
-0
-0
-0
-0
-0
-0
-0
-0
-0
-0
-0
-0
-0
0
0
0
0
0
0
0
0
0
0
0
0
0
0
0
0
0
0
0
0
0
0
0
0
0
0
0
0
0
0
0
0
0
0
0
0
0
0
0
0
0
0
0
0
0
0
0
0
0
0
-0
-0
-0
-0
-0
-0
-0
-0
-0
-0
-0
-0
-0
-0
-0
-0
-0
-0
-0
-0
-0
-0
-0
-0
-0
-0
-0
-0
-0
-0
-0
-0
-0
-0
-0
-0
-0
-0
-0
-0
-0
-0
-0
-0
-0
-0
-0
-0
-0
-0
0
0
0
0
0
0
0
0
0
0
0
0
0
0
0
0
0
0
0
0
0
0
0
0
0
0
0
0
0
0
0
0
0
0
0
0
0
0
0
0
0
0
0
0
0
0
0
0
0
0
-0
-0
-0
-0
-0
-0
-0
-0
-0
-0
-0
-0
-0
-0
-0
-0
-0
-0
-0
-0
-0
-0
-0
-0
-0
-0
-0
-0
-0
-0
-0
-0
-0
-0
-0
-0
-0
-0
-0
-0
-0
-0
-0
-0
-0
-0
-0
-0
-0
-0
0
0
0
0
0
0
0
0
0
0
0
0
0
0
0
0
0
0
0
0
0
0
0
0
0
0
0
0
0
0
0
0
0
0
0
0
0
0
0
0
0
0
0
0
0
0
0
0
0
0
-0
-0
-0
-0
-0
-0
-0
-0
-0
-0
-0
-0
-0
-0
-0
-0
-0
-0
-0
-0
-0
-0
-0
-0
-0
-0
-0
-0
-0
-0
-0
-0
-0
-0
-0
-0
-0
-0
-0
-0
-0
-0
-0
-0
-0
-0
-0
-0
-0
-0
0
0
0
0
0
0
0
0
0
0
0
0
0
0
0
0
0
0
0
0
0
0
0
0
0
0
0
0
0
0
0
0
0
0
0
0
0
0
0
0
0
0
0
0
0
0
0
0
0
-0
-0
-0
-0
-0
-0
-0
-0
-0
-0
-0
-0
-0
-0
-0
-0
-0
-0
-0
-0
-0
-0
-0
-0
-0
-0
-0
-0
-0
-0
-0
-0
-0
-0
-0
-0
-0
-0
-0
-0
-0
-0
-0
-0
-0
-0
-0
-0
-0
-0
-0
0
0
0
0
0
0
0
0
0
0
0
0
0
0
0
0
0
0
0
0
0
0
0
0
0
0
0
0
0
0
0
0
0
0
0
0
0
0
0
0
0
0
0
0
0
0
0
0
0
-0
-0
-0
-0
-0
-0
-0
-0
-0
-0
-0
-0
-0
-0
-0
-0
-0
-0
-0
-0
-0
-0
-0
-0
-0
-0
-0
-0
-0
-0
-0
-0
-0
-0
-0
-0
-0
-0
-0
-0
-0
-0
-0
-0
-0
-0
-0
-0
-0
-0
-0
0
0
0
0
0
0
0
0
0
0
0
0
0
0
0
0
0
0
0
0
0
0
0
0
0
0
0
0
0
0
0
0
0
0
0
0
0
0
0
0
0
0
0
0
0
0
0
0
0
-0
