-0
-0
-0
-0
-0
-0
-0
-0
-0
-0
-0
-0
-0
-0
-0
-0
-0
-0
-0
-0
-0
-0
-0
-0
-0
-0
-0
-0
-0
-0
-0
-0
-0
-0
-0
-0
-0
-0
-0
-0
-0
-0
-0
-0
-0
-0
-0
-0
-0
-0
-0
0
0
0
0
0
0
0
0
0
0
0
0
0
0
0
0
0
0
0
0
0
0
0
0
0
0
0
0
0
0
0
0
0
0
0
0
0
0
0
0
0
0
0
0
0
0
0
0
0
0
-0
-0
-0
-0
-0
-0
-0
-0
-0
-0
-0
-0
-0
-0
-0
-0
-0
-0
-0
-0
-0
-0
-0
-0
-0
-0
-0
-0
-0
-0
-0
-0
-0
-0
-0
-0
-0
-0
-0
-0
-0
-0
-0
-0
-0
-0
-0
-0
-0
-0
0
0
0
0
0
0
0
0
0
0
0
0
0
0
0
0
0
0
0
0
0
0
0
0
0
0
0
0
0
0
0
0
0
0
0
0
0
0
0
0
0
0
0
0
0
0
0
0
0
0
-0
-0
-0
-0
-0
-0
-0
-0
-0
-0
-0
-0
-0
-0
-0
-0
-0
-0
-0
-0
-0
-0
-0
-0
-0
-0
-0
-0
-0
-0
-0
-0
-0
-0
-0
-0
-0
-0
-0
-0
-0
-0
-0
-0
-0
-0
-0
-0
-0
-0
0
0
0
0
0
0
0
0
0
0
0
0
0
0
0
0
0
0
0
0
0
0
0
0
0
0
0
0
0
0
0
0
0
0
0
0
0
0
0
0
0
0
0
0
0
0
0
0
0
0
-0
-0
-0
-0
-0
-0
-0
-0
-0
-0
-0
-0
-0
-0
-0
-0
-0
-0
-0
-0
-0
-0
-0
-0
-0
-0
-0
-0
-0
-0
-0
-0
-0
-0
-0
-0
-0
-0
-0
-0
-0
-0
-0
-0
-0
-0
-0
-0
-0
0
0
0
0
0
0
0
0
0
0
0
0
0
0
0
0
0
0
0
0
0
0
0
0
0
0
0
0
0
0
0
0
0
0
0
0
0
0
0
0
0
0
0
0
0
0
0
0
0
0
0
-0
-0
-0
-0
-0
-0
-0
-0
-0
-0
-0
-0
-0
-0
-0
-0
-0
-0
-0
-0
-0
-0
-0
-0
-0
-0
-0
-0
-0
-0
-0
-0
-0
-0
-0
-0
-0
-0
-0
-0
-0
-0
-0
-0
-0
-0
-0
-0
-0
-0
0
0
0
0
0
0
0
0
0
0
0
0
0
0
0
0
0
0
0
0
0
0
0
0
0
0
0
0
0
0
0
0
0
0
0
0
0
0
0
0
0
0
0
0
0
0
0
0
0
0
-0
-0
-0
-0
-0
-0
-0
-0
-0
-0
-0
-0
-0
-0
-0
-0
-0
-0
-0
-0
-0
-0
-0
-0
-0
-0
-0
-0
-0
-0
-0
-0
-0
-0
-0
-0
-0
-0
-0
-0
-0
-0
-0
-0
-0
-0
-0
-0
-0
0
0
0
0
0
0
0
0
0
0
0
0
0
0
0
0
0
0
0
0
0
0
0
0
0
0
0
0
0
0
0
0
0
0
0
0
0
0
0
0
0
0
0
0
0
0
0
0
0
0
0
-0
-0
-0
-0
-0
-0
-0
-0
-0
-0
-0
-0
-0
-0
-0
-0
-0
-0
-0
-0
-0
-0
-0
-0
-0
-0
-0
-0
-0
-0
-0
-0
-0
-0
-0
-0
-0
-0
-0
-0
-0
-0
-0
-0
-0
-0
-0
-0
-0
0
0
0
0
0
0
0
0
0
0
0
0
0
0
0
0
0
0
0
0
0
0
0
0
0
0
0
0
0
0
0
0
0
0
0
0
0
0
0
0
0
0
0
0
0
0
0
0
0
0
-0
-0
-0
-0
-0
-0
-0
-0
-0
-0
-0
-0
-0
-0
-0
-0
-0
-0
-0
-0
-0
-0
-0
-0
-0
-0
-0
-0
-0
-0
-0
-0
-0
-0
-0
-0
-0
-0
-0
-0
-0
-0
-0
-0
-0
-0
-0
-0
-0
-0
-0
0
0
0
0
0
0
0
0
0
0
0
0
0
0
0
0
0
0
0
0
0
0
0
0
0
0
0
0
0
0
0
0
0
0
0
0
0
0
0
0
0
0
0
0
0
0
0
0
0
0
-0
-0
-0
-0
-0
-0
-0
-0
-0
-0
-0
-0
-0
-0
-0
-0
-0
-0
-0
-0
-0
-0
-0
-0
-0
-0
-0
-0
-0
-0
-0
-0
-0
-0
-0
-0
-0
-0
-0
-0
-0
-0
-0
-0
-0
-0
-0
-0
-0
-0
0
0
0
0
0
0
0
0
0
0
0
0
0
0
0
0
0
0
0
0
0
0
0
0
0
0
0
0
0
0
0
0
0
0
0
0
0
0
0
0
0
0
0
0
0
0
0
0
0
0
-0
-0
-0
-0
-0
-0
-0
-0
-0
-0
-0
-0
-0
-0
-0
-0
-0
-0
-0
-0
-0
-0
-0
-0
-0
-0
-0
-0
-0
-0
-0
-0
-0
-0
-0
-0
-0
-0
-0
-0
-0
-0
-0
-0
-0
-0
-0
-0
-0
0
0
0
0
0
0
0
0
0
0
0
0
0
0
0
0
0
0
0
0
0
0
0
0
0
0
0
0
0
0
0
0
0
0
0
0
0
0
0
0
0
0
0
0
0
0
0
0
0
0
0
-0
-0
-0
-0
-0
-0
-0
-0
-0
-0
-0
-0
-0
-0
-0
-0
-0
-0
-0
-0
-0
-0
-0
-0
-0
-0
-0
-0
-0
-0
-0
-0
-0
-0
-0
-0
-0
-0
-0
-0
-0
-0
-0
-0
-0
-0
-0
-0
-0
0
0
0
0
0
0
0
0
0
0
0
0
0
0
0
0
0
0
0
0
0
0
0
0
0
0
0
0
0
0
0
0
0
0
0
0
0
0
0
0
0
0
0
0
0
0
0
0
0
0
-0
-0
-0
-0
-0
-0
-0
-0
-0
-0
-0
-0
-0
-0
-0
-0
-0
-0
-0
-0
-0
-0
-0
-0
-0
-0
-0
-0
-0
-0
-0
-0
-0
-0
-0
-0
-0
-0
-0
-0
-0
-0
-0
-0
-0
-0
-0
-0
-0
-0
0
0
0
0
0
0
0
0
0
0
0
0
0
0
0
0
0
0
0
0
0
0
0
0
0
0
0
0
0
0
0
0
0
0
0
0
0
0
0
0
0
0
0
0
0
0
0
0
0
0
0
-0
-0
-0
-0
-0
-0
-0
-0
-0
-0
-0
-0
-0
-0
-0
-0
-0
-0
-0
-0
-0
-0
-0
-0
-0
-0
-0
-0
-0
-0
-0
-0
-0
-0
-0
-0
-0
-0
-0
-0
-0
-0
-0
-0
-0
-0
-0
-0
-0
0
0
0
0
0
0
0
0
0
0
0
0
0
0
0
0
0
0
0
0
0
0
0
0
0
0
0
0
0
0
0
0
0
0
0
0
0
0
0
0
0
0
0
0
0
0
0
0
0
0
-0
-0
-0
-0
-0
-0
-0
-0
-0
-0
-0
-0
-0
-0
-0
-0
-0
-0
-0
-0
-0
-0
-0
-0
-0
-0
-0
-0
-0
-0
-0
-0
-0
-0
-0
-0
-0
-0
-0
-0
-0
-0
-0
-0
-0
-0
-0
-0
-0
-0
0
0
0
0
0
0
0
0
0
0
0
0
0
0
0
0
0
0
0
0
0
0
0
0
0
0
0
0
0
0
0
0
0
0
0
0
0
0
0
0
0
0
0
0
0
0
0
0
0
0
-0
-0
-0
-0
-0
-0
-0
-0
-0
-0
-0
-0
-0
-0
-0
-0
-0
-0
-0
-0
-0
-0
-0
-0
-0
-0
-0
-0
-0
-0
-0
-0
-0
-0
-0
-0
-0
-0
-0
-0
-0
-0
-0
-0
-0
-0
-0
-0
-0
-0
0
0
0
0
0
0
0
0
0
0
0
0
0
0
0
0
0
0
0
0
0
0
0
0
0
0
0
0
0
0
0
0
0
0
0
0
0
0
0
0
0
0
0
0
0
0
0
0
0
0
0
-0
-0
-0
-0
-0
-0
-0
-0
-0
-0
-0
-0
-0
-0
-0
-0
-0
-0
-0
-0
-0
-0
-0
-0
-0
-0
-0
-0
-0
-0
-0
-0
-0
-0
-0
-0
-0
-0
-0
-0
-0
-0
-0
-0
-0
-0
-0
-0
-0
-0
0
0
0
0
0
0
0
0
0
0
0
0
0
0
0
0
0
0
0
0
0
0
0
0
0
0
0
0
0
0
0
0
0
0
0
0
0
0
0
0
0
0
0
0
0
0
0
0
0
0
-0
-0
-0
-0
-0
-0
-0
-0
-0
-0
-0
-0
-0
-0
-0
-0
-0
-0
-0
-0
-0
-0
-0
-0
-0
-0
-0
-0
-0
-0
-0
-0
-0
-0
-0
-0
-0
-0
-0
-0
-0
-0
-0
-0
-0
-0
-0
-0
-0
-0
0
0
0
0
0
0
0
0
0
0
0
0
0
0
0
0
0
0
0
0
0
0
0
0
0
0
0
0
0
0
0
0
0
0
0
0
0
0
0
0
0
0
0
0
0
0
0
0
0
0
-0
-0
-0
-0
-0
-0
-0
-0
-0
-0
-0
-0
-0
-0
-0
-0
-0
-0
-0
-0
-0
-0
-0
-0
-0
-0
-0
-0
-0
-0
-0
-0
-0
-0
-0
-0
-0
-0
-0
-0
-0
-0
-0
-0
-0
-0
-0
-0
-0
-0
0
0
0
0
0
0
0
0
0
0
0
0
0
0
0
0
0
0
0
0
0
0
0
0
0
0
0
0
0
0
0
0
0
0
0
0
0
0
0
0
0
0
0
0
0
0
0
0
0
0
-0
-0
-0
-0
-0
-0
-0
-0
-0
-0
-0
-0
-0
-0
-0
-0
-0
-0
-0
-0
-0
-0
-0
-0
-0
-0
-0
-0
-0
-0
-0
-0
-0
-0
-0
-0
-0
-0
-0
-0
-0
-0
-0
-0
-0
-0
-0
-0
-0
-0
0
0
0
0
0
0
0
0
0
0
0
0
0
0
0
0
0
0
0
0
0
0
0
0
0
0
0
0
0
0
0
0
0
0
0
0
0
0
0
0
0
0
0
0
0
0
0
0
0
-0
-0
-0
-0
-0
-0
-0
-0
-0
-0
-0
-0
-0
-0
-0
-0
-0
-0
-0
-0
-0
-0
-0
-0
-0
-0
-0
-0
-0
-0
-0
-0
-0
-0
-0
-0
-0
-0
-0
-0
-0
-0
-0
-0
-0
-0
-0
-0
-0
-0
-0
0
0
0
0
0
0
0
0
0
0
0
0
0
0
0
0
0
0
0
0
0
0
0
0
0
0
0
0
0
0
0
0
0
0
0
0
0
0
0
0
0
0
0
0
0
0
0
0
0
0
-4.5209e-08
-1.8048e-07
-4.0474e-07
-7.1623e-07
-1.1125e-06
-1.5903e-06
-2.1459e-06
-2.7749e-06
-3.4722e-06
-4.2321e-06
-5.0484e-06
-5.9145e-06
-6.8231e-06
-7.7668e-06
-8.7374e-06
-9.7267e-06
-1.0726e-05
-1.1727e-05
-1.2719e-05
-1.3695e-05
-1.4645e-05
-1.5559e-05
-1.6429e-05
-1.7246e-05
-1.8e-05
-1.8683e-05
-1.9287e-05
-1.9803e-05
-2.0224e-05
-2.0543e-05
-2.0753e-05
-2.0847e-05
-2.0821e-05
-2.0669e-05
-2.0387e-05
-1.9972e-05
-1.942e-05
-1.8729e-05
-1.7899e-05
-1.6928e-05
-1.5818e-05
-1.4568e-05
-1.3182e-05
-1.1662e-05
-1.0012e-05
-8.2366e-06
-6.341e-06
-4.3315e-06
-2.2152e-06
-5.6445e-19
2.3057e-06
4.6925e-06
7.1505e-06
9.6691e-06
1.2237e-05
1.4843e-05
1.7474e-05
2.0118e-05
2.2762e-05
2.5392e-05
2.7996e-05
3.0558e-05
3.3066e-05
3.5505e-05
3.7862e-05
4.0122e-05
4.2273e-05
4.43e-05
4.6191e-05
4.7933e-05
4.9514e-05
5.0922e-05
5.2146e-05
5.3175e-05
5.4e-05
5.4612e-05
5.5003e-05
5.5165e-05
5.5093e-05
5.4781e-05
5.4225e-05
5.3421e-05
5.2368e-05
5.1065e-05
4.9512e-05
4.771e-05
4.5663e-05
4.3373e-05
4.0846e-05
3.8088e-05
3.5107e-05
3.1911e-05
2.851e-05
2.4915e-05
2.1137e-05
1.7189e-05
1.3087e-05
8.8435e-06
4.4757e-06
-1.4126e-19
-4.5661e-06
-9.2045e-06
-1.3896e-05
-1.8622e-05
-2.3362e-05
-2.8095e-05
-3.2802e-05
-3.7461e-05
-4.2052e-05
-4.6553e-05
-5.0943e-05
-5.5202e-05
-5.9309e-05
-6.3244e-05
-6.6987e-05
-7.0518e-05
-7.382e-05
-7.6874e-05
-7.9663e-05
-8.2171e-05
-8.4383e-05
-8.6284e-05
-8.7862e-05
-8.9104e-05
-9e-05
-9.0541e-05
-9.0719e-05
-9.0528e-05
-8.9962e-05
-8.9019e-05
-8.7697e-05
-8.5995e-05
-8.3915e-05
-8.1461e-05
-7.8636e-05
-7.5449e-05
-7.1905e-05
-6.8017e-05
-6.3793e-05
-5.9249e-05
-5.4397e-05
-4.9254e-05
-4.3838e-05
-3.8167e-05
-3.2261e-05
-2.6142e-05
-1.9832e-05
-1.3356e-05
-6.7362e-06
-9.5242e-19
6.8266e-06
1.3716e-05
2.0642e-05
2.7575e-05
3.4486e-05
4.1348e-05
4.813e-05
5.4804e-05
6.1341e-05
6.7713e-05
7.389e-05
7.9846e-05
8.5552e-05
9.0982e-05
9.6111e-05
0.00010091
0.00010537
0.00010945
0.00011314
0.00011641
0.00011925
0.00012165
0.00012358
0.00012503
0.000126
0.00012647
0.00012644
0.00012589
0.00012483
0.00012326
0.00012117
0.00011857
0.00011546
0.00011186
0.00010776
0.00010319
9.8148e-05
9.266e-05
8.6741e-05
8.0409e-05
7.3687e-05
6.6598e-05
5.9166e-05
5.142e-05
4.3386e-05
3.5095e-05
2.6578e-05
1.7868e-05
8.9966e-06
-1.2704e-18
-9.087e-06
-1.8228e-05
-2.7388e-05
-3.6528e-05
-4.5611e-05
-5.46e-05
-6.3458e-05
-7.2147e-05
-8.0631e-05
-8.8873e-05
-9.6837e-05
-0.00010449
-0.00011179
-0.00011872
-0.00012524
-0.00013131
-0.00013691
-0.00014202
-0.00014661
-0.00015065
-0.00015412
-0.00015701
-0.00015929
-0.00016096
-0.000162
-0.0001624
-0.00016215
-0.00016125
-0.0001597
-0.00015749
-0.00015464
-0.00015114
-0.00014701
-0.00014225
-0.00013689
-0.00013093
-0.00012439
-0.0001173
-0.00010969
-0.00010157
-9.2977e-05
-8.3941e-05
-7.4494e-05
-6.4672e-05
-5.4511e-05
-4.4048e-05
-3.3324e-05
-2.238e-05
-1.1257e-05
-3.5248e-19
1.1348e-05
2.274e-05
3.4133e-05
4.548e-05
5.6736e-05
6.7853e-05
7.8786e-05
8.9491e-05
9.9921e-05
0.00011003
0.00011978
0.00012913
0.00013804
0.00014646
0.00015436
0.00016171
0.00016846
0.0001746
0.00018008
0.00018489
0.00018899
0.00019237
0.00019501
0.00019689
0.000198
0.00019833
0.00019787
0.00019661
0.00019457
0.00019173
0.00018811
0.00018372
0.00017856
0.00017265
0.00016601
0.00015866
0.00015063
0.00014195
0.00013264
0.00012273
0.00011227
0.00010128
8.9822e-05
7.7925e-05
6.5635e-05
5.3001e-05
4.007e-05
2.6891e-05
1.3518e-05
-3.3875e-18
-1.3608e-05
-2.7252e-05
-4.0879e-05
-5.4433e-05
-6.786e-05
-8.1105e-05
-9.4114e-05
-0.00010683
-0.00011921
-0.00013119
-0.00014273
-0.00015378
-0.00016428
-0.0001742
-0.00018349
-0.0001921
-0.00020001
-0.00020717
-0.00021355
-0.00021912
-0.00022386
-0.00022773
-0.00023073
-0.00023282
-0.000234
-0.00023426
-0.00023358
-0.00023198
-0.00022944
-0.00022597
-0.00022158
-0.00021629
-0.0002101
-0.00020304
-0.00019513
-0.0001864
-0.00017688
-0.00016659
-0.00015558
-0.00014389
-0.00013156
-0.00011863
-0.00010515
-9.1177e-05
-7.676e-05
-6.1954e-05
-4.6815e-05
-3.1403e-05
-1.5778e-05
1.2354e-18
1.5868e-05
3.1764e-05
4.7625e-05
6.3386e-05
7.8985e-05
9.4358e-05
0.00010944
0.00012418
0.0001385
0.00015235
0.00016568
0.00017842
0.00019052
0.00020194
0.00021261
0.0002225
0.00023156
0.00023974
0.00024702
0.00025336
0.00025873
0.0002631
0.00026644
0.00026875
0.00027
0.00027019
0.0002693
0.00026734
0.00026431
0.00026021
0.00025506
0.00024886
0.00024165
0.00023344
0.00022426
0.00021414
0.00020312
0.00019124
0.00017853
0.00016505
0.00015085
0.00013597
0.00012048
0.00010443
8.7884e-05
7.0906e-05
5.3561e-05
3.5915e-05
1.8038e-05
1.693e-18
-1.8129e-05
-3.6276e-05
-5.4371e-05
-7.2339e-05
-9.0109e-05
-0.00010761
-0.00012477
-0.00014152
-0.00015779
-0.00017351
-0.00018863
-0.00020306
-0.00021677
-0.00022967
-0.00024173
-0.00025289
-0.0002631
-0.00027232
-0.00028049
-0.0002876
-0.0002936
-0.00029846
-0.00030216
-0.00030468
-0.000306
-0.00030611
-0.00030502
-0.0003027
-0.00029918
-0.00029445
-0.00028853
-0.00028144
-0.0002732
-0.00026384
-0.00025338
-0.00024188
-0.00022936
-0.00021588
-0.00020148
-0.00018621
-0.00017014
-0.00015331
-0.00013581
-0.00011768
-9.9009e-05
-7.9859e-05
-6.0307e-05
-4.0427e-05
-2.0299e-05
3.8111e-18
2.0389e-05
4.0788e-05
6.1116e-05
8.1292e-05
0.00010123
0.00012086
0.0001401
0.00015886
0.00017708
0.00019467
0.00021157
0.00022771
0.00024301
0.00025741
0.00027086
0.00028329
0.00029465
0.00030489
0.00031397
0.00032184
0.00032847
0.00033382
0.00033787
0.00034061
0.000342
0.00034204
0.00034073
0.00033806
0.00033404
0.00032869
0.000322
0.00031401
0.00030474
0.00029423
0.00028251
0.00026962
0.00025561
0.00024052
0.00022442
0.00020737
0.00018943
0.00017066
0.00015113
0.00013093
0.00011013
8.8812e-05
6.7053e-05
4.4939e-05
2.2559e-05
-3.5288e-19
-2.2514e-05
-4.4849e-05
-6.6918e-05
-8.8633e-05
-0.00010991
-0.00013067
-0.00015083
-0.00017031
-0.00018904
-0.00020695
-0.00022397
-0.00024003
-0.00025508
-0.00026906
-0.00028193
-0.00029362
-0.00030411
-0.00031336
-0.00032133
-0.000328
-0.00033335
-0.00033736
-0.00034002
-0.00034133
-0.00034128
-0.00033989
-0.00033716
-0.00033311
-0.00032777
-0.00032115
-0.0003133
-0.00030424
-0.00029402
-0.00028268
-0.00027028
-0.00025686
-0.00024248
-0.00022721
-0.00021111
-0.00019425
-0.00017669
-0.00015852
-0.00013979
-0.0001206
-0.00010101
-8.1113e-05
-6.0981e-05
-4.0698e-05
-2.0344e-05
6.0205e-18
2.0254e-05
4.0337e-05
6.0172e-05
7.968e-05
9.8787e-05
0.00011742
0.0001355
0.00015297
0.00016975
0.00018579
0.00020102
0.00021539
0.00022884
0.00024132
0.0002528
0.00026323
0.00027257
0.00028079
0.00028786
0.00029376
0.00029848
0.00030199
0.0003043
0.0003054
0.00030528
0.00030396
0.00030144
0.00029775
0.0002929
0.00028691
0.00027983
0.00027167
0.00026247
0.00025229
0.00024115
0.00022912
0.00021624
0.00020257
0.00018817
0.00017309
0.0001574
0.00014117
0.00012446
0.00010735
8.9887e-05
7.216e-05
5.4236e-05
3.6186e-05
1.8084e-05
-2.253e-18
-1.7993e-05
-3.5825e-05
-5.3426e-05
-7.0727e-05
-8.7662e-05
-0.00010416
-0.00012017
-0.00013562
-0.00015046
-0.00016463
-0.00017807
-0.00019074
-0.00020259
-0.00021359
-0.00022368
-0.00023283
-0.00024102
-0.00024821
-0.00025439
-0.00025952
-0.00026361
-0.00026663
-0.00026859
-0.00026947
-0.00026928
-0.00026803
-0.00026573
-0.00026239
-0.00025803
-0.00025268
-0.00024635
-0.00023909
-0.00023092
-0.00022189
-0.00021203
-0.00020138
-0.00019
-0.00017793
-0.00016522
-0.00015193
-0.00013811
-0.00012383
-0.00010914
-9.4093e-05
-7.8762e-05
-6.3207e-05
-4.749e-05
-3.1674e-05
-1.5823e-05
-7.3824e-19
1.5733e-05
3.1313e-05
4.668e-05
6.1775e-05
7.6537e-05
9.0912e-05
0.00010484
0.00011828
0.00013117
0.00014347
0.00015512
0.0001661
0.00017635
0.00018585
0.00019455
0.00020244
0.00020947
0.00021564
0.00022091
0.00022529
0.00022874
0.00023127
0.00023287
0.00023354
0.00023328
0.0002321
0.00023001
0.00022703
0.00022316
0.00021844
0.00021288
0.00020652
0.00019938
0.00019149
0.0001829
0.00017364
0.00016376
0.00015328
0.00014227
0.00013077
0.00011882
0.00010649
9.3808e-05
8.084e-05
6.7638e-05
5.4254e-05
4.0744e-05
2.7162e-05
1.3563e-05
-3.1653e-18
-1.3472e-05
-2.6801e-05
-3.9935e-05
-5.2822e-05
-6.5413e-05
-7.766e-05
-8.9516e-05
-0.00010094
-0.00011188
-0.00012231
-0.00013218
-0.00014145
-0.00015011
-0.00015811
-0.00016543
-0.00017204
-0.00017793
-0.00018306
-0.00018744
-0.00019105
-0.00019387
-0.00019591
-0.00019715
-0.00019761
-0.00019728
-0.00019617
-0.0001943
-0.00019166
-0.00018829
-0.0001842
-0.00017941
-0.00017394
-0.00016783
-0.0001611
-0.00015378
-0.0001459
-0.00013751
-0.00012864
-0.00011933
-0.00010961
-9.9535e-05
-8.9144e-05
-7.848e-05
-6.7588e-05
-5.6513e-05
-4.5301e-05
-3.3998e-05
-2.265e-05
-1.1302e-05
7.0324e-19
1.1212e-05
2.2289e-05
3.3189e-05
4.3869e-05
5.4288e-05
6.4407e-05
7.4188e-05
8.3594e-05
9.2591e-05
0.00010115
0.00010923
0.00011681
0.00012387
0.00013037
0.0001363
0.00014164
0.00014638
0.00015049
0.00015397
0.00015681
0.000159
0.00016055
0.00016144
0.00016168
0.00016128
0.00016024
0.00015858
0.0001563
0.00015342
0.00014996
0.00014594
0.00014137
0.00013628
0.0001307
0.00012465
0.00011817
0.00011127
0.000104
9.6379e-05
8.845e-05
8.0245e-05
7.1801e-05
6.3152e-05
5.4335e-05
4.5388e-05
3.6349e-05
2.7253e-05
1.8138e-05
9.0418e-06
-3.0896e-18
-8.9514e-06
-1.7777e-05
-2.6443e-05
-3.4916e-05
-4.3163e-05
-5.1155e-05
-5.886e-05
-6.6251e-05
-7.3301e-05
-7.9986e-05
-8.6282e-05
-9.2167e-05
-9.7623e-05
-0.00010263
-0.00010718
-0.00011125
-0.00011483
-0.00011792
-0.0001205
-0.00012257
-0.00012413
-0.00012518
-0.00012572
-0.00012575
-0.00012528
-0.00012431
-0.00012286
-0.00012094
-0.00011855
-0.00011572
-0.00011247
-0.0001088
-0.00010474
-0.00010031
-9.5529e-05
-9.0427e-05
-8.5027e-05
-7.9353e-05
-7.3431e-05
-6.729e-05
-6.0956e-05
-5.4457e-05
-4.7824e-05
-4.1083e-05
-3.4264e-05
-2.7396e-05
-2.0507e-05
-1.3626e-05
-6.7814e-06
1.1568e-18
6.691e-06
1.3265e-05
1.9698e-05
2.5963e-05
3.2039e-05
3.7902e-05
4.3532e-05
4.8908e-05
5.4011e-05
5.8826e-05
6.3334e-05
6.7524e-05
7.1381e-05
7.4894e-05
7.8054e-05
8.0853e-05
8.3284e-05
8.5343e-05
8.7027e-05
8.8334e-05
8.9265e-05
8.982e-05
9.0005e-05
8.9822e-05
8.928e-05
8.8385e-05
8.7147e-05
8.5577e-05
8.3686e-05
8.1487e-05
7.8994e-05
7.6223e-05
7.3189e-05
6.991e-05
6.6404e-05
6.2689e-05
5.8784e-05
5.4709e-05
5.0484e-05
4.6129e-05
4.1666e-05
3.7114e-05
3.2495e-05
2.783e-05
2.3139e-05
1.8443e-05
1.3761e-05
9.1142e-06
4.5209e-06
-1.7648e-22
-4.4305e-06
-8.7533e-06
-1.2952e-05
-1.701e-05
-2.0914e-05
-2.465e-05
-2.8204e-05
-3.1565e-05
-3.4722e-05
-3.7665e-05
-4.0387e-05
-4.288e-05
-4.5138e-05
-4.7155e-05
-4.8929e-05
-5.0457e-05
-5.1737e-05
-5.277e-05
-5.3555e-05
-5.4096e-05
-5.4396e-05
-5.4458e-05
-5.4289e-05
-5.3893e-05
-5.328e-05
-5.2456e-05
-5.1431e-05
-5.0215e-05
-4.8817e-05
-4.7248e-05
-4.5522e-05
-4.3649e-05
-4.1642e-05
-3.9515e-05
-3.728e-05
-3.495e-05
-3.2541e-05
-3.0065e-05
-2.7537e-05
-2.4969e-05
-2.2376e-05
-1.9771e-05
-1.7167e-05
-1.4578e-05
-1.2015e-05
-9.49e-06
-7.0156e-06
-4.6022e-06
-2.2605e-06
6.2247e-19
2.17e-06
4.2413e-06
6.2061e-06
8.0576e-06
9.7897e-06
1.1397e-05
1.2876e-05
1.4221e-05
1.5432e-05
1.6505e-05
1.744e-05
1.8236e-05
1.8895e-05
1.9417e-05
1.9805e-05
2.0061e-05
2.019e-05
2.0196e-05
2.0083e-05
1.9858e-05
1.9527e-05
1.9096e-05
1.8572e-05
1.7964e-05
1.728e-05
1.6527e-05
1.5715e-05
1.4852e-05
1.3948e-05
1.301e-05
1.205e-05
1.1075e-05
1.0095e-05
9.1187e-06
8.1549e-06
7.212e-06
6.2983e-06
5.4216e-06
4.5895e-06
3.8088e-06
3.0864e-06
2.428e-06
1.8394e-06
1.3252e-06
8.8997e-07
5.3717e-07
2.6983e-07
9.024e-08
0
0
-0
-0
-0
-0
-0
-0
-0
-0
-0
-0
-0
-0
-0
-0
-0
-0
-0
-0
-0
-0
-0
-0
-0
-0
-0
-0
-0
-0
-0
-0
-0
-0
-0
-0
-0
-0
-0
-0
-0
-0
-0
-0
-0
-0
-0
-0
-0
-0
-0
-0
0
0
0
0
0
0
0
0
0
0
0
0
0
0
0
0
0
0
0
0
0
0
0
0
0
0
0
0
0
0
0
0
0
0
0
0
0
0
0
0
0
0
0
0
0
0
0
0
0
0
-0
-0
-0
-0
-0
-0
-0
-0
-0
-0
-0
-0
-0
-0
-0
-0
-0
-0
-0
-0
-0
-0
-0
-0
-0
-0
-0
-0
-0
-0
-0
-0
-0
-0
-0
-0
-0
-0
-0
-0
-0
-0
-0
-0
-0
-0
-0
-0
-0
-0
0
0
0
0
0
0
0
0
0
0
0
0
0
0
0
0
0
0
0
0
0
0
0
0
0
0
0
0
0
0
0
0
0
0
0
0
0
0
0
0
0
0
0
0
0
0
0
0
0
0
-0
-0
-0
-0
-0
-0
-0
-0
-0
-0
-0
-0
-0
-0
-0
-0
-0
-0
-0
-0
-0
-0
-0
-0
-0
-0
-0
-0
-0
-0
-0
-0
-0
-0
-0
-0
-0
-0
-0
-0
-0
-0
-0
-0
-0
-0
-0
-0
-0
-0
0
0
0
0
0
0
0
0
0
0
0
0
0
0
0
0
0
0
0
0
0
0
0
0
0
0
0
0
0
0
0
0
0
0
0
0
0
0
0
0
0
0
0
0
0
0
0
0
0
0
-0
-0
-0
-0
-0
-0
-0
-0
-0
-0
-0
-0
-0
-0
-0
-0
-0
-0
-0
-0
-0
-0
-0
-0
-0
-0
-0
-0
-0
-0
-0
-0
-0
-0
-0
-0
-0
-0
-0
-0
-0
-0
-0
-0
-0
-0
-0
-0
-0
-0
0
0
0
0
0
0
0
0
0
0
0
0
0
0
0
0
0
0
0
0
0
0
0
0
0
0
0
0
0
0
0
0
0
0
0
0
0
0
0
0
0
0
0
0
0
0
0
0
0
0
-0
-0
-0
-0
-0
-0
-0
-0
-0
-0
-0
-0
-0
-0
-0
-0
-0
-0
-0
-0
-0
-0
-0
-0
-0
-0
-0
-0
-0
-0
-0
-0
-0
-0
-0
-0
-0
-0
-0
-0
-0
-0
-0
-0
-0
-0
-0
-0
-0
-0
0
0
0
0
0
0
0
0
0
0
0
0
0
0
0
0
0
0
0
0
0
0
0
0
0
0
0
0
0
0
0
0
0
0
0
0
0
0
0
0
0
0
0
0
0
0
0
0
0
0
-0
-0
-0
-0
-0
-0
-0
-0
-0
-0
-0
-0
-0
-0
-0
-0
-0
-0
-0
-0
-0
-0
-0
-0
-0
-0
-0
-0
-0
-0
-0
-0
-0
-0
-0
-0
-0
-0
-0
-0
-0
-0
-0
-0
-0
-0
-0
-0
-0
0
0
0
0
0
0
0
0
0
0
0
0
0
0
0
0
0
0
0
0
0
0
0
0
0
0
0
0
0
0
0
0
0
0
0
0
0
0
0
0
0
0
0
0
0
0
0
0
0
0
0
-0
-0
-0
-0
-0
-0
-0
-0
-0
-0
-0
-0
-0
-0
-0
-0
-0
-0
-0
-0
-0
-0
-0
-0
-0
-0
-0
-0
-0
-0
-0
-0
-0
-0
-0
-0
-0
-0
-0
-0
-0
-0
-0
-0
-0
-0
-0
-0
-0
-0
0
0
0
0
0
0
0
0
0
0
0
0
0
0
0
0
0
0
0
0
0
0
0
0
0
0
0
0
0
0
0
0
0
0
0
0
0
0
0
0
0
0
0
0
0
0
0
0
0
0
-0
-0
-0
-0
-0
-0
-0
-0
-0
-0
-0
-0
-0
-0
-0
-0
-0
-0
-0
-0
-0
-0
-0
-0
-0
-0
-0
-0
-0
-0
-0
-0
-0
-0
-0
-0
-0
-0
-0
-0
-0
-0
-0
-0
-0
-0
-0
-0
-0
-0
0
0
0
0
0
0
0
0
0
0
0
0
0
0
0
0
0
0
0
0
0
0
0
0
0
0
0
0
0
0
0
0
0
0
0
0
0
0
0
0
0
0
0
0
0
0
0
0
0
-0
-0
-0
-0
-0
-0
-0
-0
-0
-0
-0
-0
-0
-0
-0
-0
-0
-0
-0
-0
-0
-0
-0
-0
-0
-0
-0
-0
-0
-0
-0
-0
-0
-0
-0
-0
-0
-0
-0
-0
-0
-0
-0
-0
-0
-0
-0
-0
-0
-0
-0
0
0
0
0
0
0
0
0
0
0
0
0
0
0
0
0
0
0
0
0
0
0
0
0
0
0
0
0
0
0
0
0
0
0
0
0
0
0
0
0
0
0
0
0
0
0
0
0
0
0
-0
-0
-0
-0
-0
-0
-0
-0
-0
-0
-0
-0
-0
-0
-0
-0
-0
-0
-0
-0
-0
-0
-0
-0
-0
-0
-0
-0
-0
-0
-0
-0
-0
-0
-0
-0
-0
-0
-0
-0
-0
-0
-0
-0
-0
-0
-0
-0
-0
0
0
0
0
0
0
0
0
0
0
0
0
0
0
0
0
0
0
0
0
0
0
0
0
0
0
0
0
0
0
0
0
0
0
0
0
0
0
0
0
0
0
0
0
0
0
0
0
0
0
0
-0
-0
-0
-0
-0
-0
-0
-0
-0
-0
-0
-0
-0
-0
-0
-0
-0
-0
-0
-0
-0
-0
-0
-0
-0
-0
-0
-0
-0
-0
-0
-0
-0
-0
-0
-0
-0
-0
-0
-0
-0
-0
-0
-0
-0
-0
-0
-0
-0
-0
0
0
0
0
0
0
0
0
0
0
0
0
0
0
0
0
0
0
0
0
0
0
0
0
0
0
0
0
0
0
0
0
0
0
0
0
0
0
0
0
0
0
0
0
0
0
0
0
0
0
-0
-0
-0
-0
-0
-0
-0
-0
-0
-0
-0
-0
-0
-0
-0
-0
-0
-0
-0
-0
-0
-0
-0
-0
-0
-0
-0
-0
-0
-0
-0
-0
-0
-0
-0
-0
-0
-0
-0
-0
-0
-0
-0
-0
-0
-0
-0
-0
-0
0
0
0
0
0
0
0
0
0
0
0
0
0
0
0
0
0
0
0
0
0
0
0
0
0
0
0
0
0
0
0
0
0
0
0
0
0
0
0
0
0
0
0
0
0
0
0
0
0
0
-0
-0
-0
-0
-0
-0
-0
-0
-0
-0
-0
-0
-0
-0
-0
-0
-0
-0
-0
-0
-0
-0
-0
-0
-0
-0
-0
-0
-0
-0
-0
-0
-0
-0
-0
-0
-0
-0
-0
-0
-0
-0
-0
-0
-0
-0
-0
-0
-0
-0
-0
0
0
0
0
0
0
0
0
0
0
0
0
0
0
0
0
0
0
0
0
0
0
0
0
0
0
0
0
0
0
0
0
0
0
0
0
0
0
0
0
0
0
0
0
0
0
0
0
0
0
-0
-0
-0
-0
-0
-0
-0
-0
-0
-0
-0
-0
-0
-0
-0
-0
-0
-0
-0
-0
-0
-0
-0
-0
-0
-0
-0
-0
-0
-0
-0
-0
-0
-0
-0
-0
-0
-0
-0
-0
-0
-0
-0
-0
-0
-0
-0
-0
-0
0
0
0
0
0
0
0
0
0
0
0
0
0
0
0
0
0
0
0
0
0
0
0
0
0
0
0
0
0
0
0
0
0
0
0
0
0
0
0
0
0
0
0
0
0
0
0
0
0
0
-0
-0
-0
-0
-0
-0
-0
-0
-0
-0
-0
-0
-0
-0
-0
-0
-0
-0
-0
-0
-0
-0
-0
-0
-0
-0
-0
-0
-0
-0
-0
-0
-0
-0
-0
-0
-0
-0
-0
-0
-0
-0
-0
-0
-0
-0
-0
-0
-0
-0
0
0
0
0
0
0
0
0
0
0
0
0
0
0
0
0
0
0
0
0
0
0
0
0
0
0
0
0
0
0
0
0
0
0
0
0
0
0
0
0
0
0
0
0
0
0
0
0
0
0
0
-0
-0
-0
-0
-0
-0
-0
-0
-0
-0
-0
-0
-0
-0
-0
-0
-0
-0
-0
-0
-0
-0
-0
-0
-0
-0
-0
-0
-0
-0
-0
-0
-0
-0
-0
-0
-0
-0
-0
-0
-0
-0
-0
-0
-0
-0
-0
-0
-0
-0
0
0
0
0
0
0
0
0
0
0
0
0
0
0
0
0
0
0
0
0
0
0
0
0
0
0
0
0
0
0
0
0
0
0
0
0
0
0
0
0
0
0
0
0
0
0
0
0
0
-0
-0
-0
-0
-0
-0
-0
-0
-0
-0
-0
-0
-0
-0
-0
-0
-0
-0
-0
-0
-0
-0
-0
-0
-0
-0
-0
-0
-0
-0
-0
-0
-0
-0
-0
-0
-0
-0
-0
-0
-0
-0
-0
-0
-0
-0
-0
-0
-0
-0
0
0
0
0
0
0
0
0
0
0
0
0
0
0
0
0
0
0
0
0
0
0
0
0
0
0
0
0
0
0
0
0
0
0
0
0
0
0
0
0
0
0
0
0
0
0
0
0
0
0
-0
-0
-0
-0
-0
-0
-0
-0
-0
-0
-0
-0
-0
-0
-0
-0
-0
-0
-0
-0
-0
-0
-0
-0
-0
-0
-0
-0
-0
-0
-0
-0
-0
-0
-0
-0
-0
-0
-0
-0
-0
-0
-0
-0
-0
-0
-0
-0
-0
-0
-0
0
0
0
0
0
0
0
0
0
0
0
0
0
0
0
0
0
0
0
0
0
0
0
0
0
0
0
0
0
0
0
0
0
0
0
0
0
0
0
0
0
0
0
0
0
0
0
0
0
0
-0
-0
-0
-0
-0
-0
-0
-0
-0
-0
-0
-0
-0
-0
-0
-0
-0
-0
-0
-0
-0
-0
-0
-0
-0
-0
-0
-0
-0
-0
-0
-0
-0
-0
-0
-0
-0
-0
-0
-0
-0
-0
-0
-0
-0
-0
-0
-0
-0
0
0
0
0
0
0
0
0
0
0
0
0
0
0
0
0
0
0
0
0
0
0
0
0
0
0
0
0
0
0
0
0
0
0
0
0
0
0
0
0
0
0
0
0
0
0
0
0
0
0
-0
-0
-0
-0
-0
-0
-0
-0
-0
-0
-0
-0
-0
-0
-0
-0
-0
-0
-0
-0
-0
-0
-0
-0
-0
-0
-0
-0
-0
-0
-0
-0
-0
-0
-0
-0
-0
-0
-0
-0
-0
-0
-0
-0
-0
-0
-0
-0
-0
-0
0
0
0
0
0
0
0
0
0
0
0
0
0
0
0
0
0
0
0
0
0
0
0
0
0
0
0
0
0
0
0
0
0
0
0
0
0
0
0
0
0
0
0
0
0
0
0
0
0
0
-0
-0
-0
-0
-0
-0
-0
-0
-0
-0
-0
-0
-0
-0
-0
-0
-0
-0
-0
-0
-0
-0
-0
-0
-0
-0
-0
-0
-0
-0
-0
-0
-0
-0
-0
-0
-0
-0
-0
-0
-0
-0
-0
-0
-0
-0
-0
-0
-0
-0
-0
0
0
0
0
0
0
0
0
0
0
0
0
0
0
0
0
0
0
0
0
0
0
0
0
0
0
0
0
0
0
0
0
0
0
0
0
0
0
0
0
0
0
0
0
0
0
0
0
0
0
-0
-0
-0
-0
-0
-0
-0
-0
-0
-0
-0
-0
-0
-0
-0
-0
-0
-0
-0
-0
-0
-0
-0
-0
-0
-0
-0
-0
-0
-0
-0
-0
-0
-0
-0
-0
-0
-0
-0
-0
-0
-0
-0
-0
-0
-0
-0
-0
-0
-0
0
0
0
0
0
0
0
0
0
0
0
0
0
0
0
0
0
0
0
0
0
0
0
0
0
0
0
0
0
0
0
0
0
0
0
0
0
0
0
0
0
0
0
0
0
0
0
0
0
-0
-0
-0
-0
-0
-0
-0
-0
-0
-0
-0
-0
-0
-0
-0
-0
-0
-0
-0
-0
-0
-0
-0
-0
-0
-0
-0
-0
-0
-0
-0
-0
-0
-0
-0
-0
-0
-0
-0
-0
-0
-0
-0
-0
-0
-0
-0
-0
-0
-0
0
0
0
0
0
0
0
0
0
0
0
0
0
0
0
0
0
0
0
0
0
0
0
0
0
0
0
0
0
0
0
0
0
0
0
0
0
0
0
0
0
0
0
0
0
0
0
0
0
0
0
-0
-0
-0
-0
-0
-0
-0
-0
-0
-0
-0
-0
-0
-0
-0
-0
-0
-0
-0
-0
-0
-0
-0
-0
-0
-0
-0
-0
-0
-0
-0
-0
-0
-0
-0
-0
-0
-0
-0
-0
-0
-0
-0
-0
-0
-0
-0
-0
-0
-0
0
0
0
0
0
0
0
0
0
0
0
0
0
0
0
0
0
0
0
0
0
0
0
0
0
0
0
0
0
0
0
0
0
0
0
0
0
0
0
0
0
0
0
0
0
0
0
0
0
0
-0
-0
-0
-0
-0
-0
-0
-0
-0
-0
-0
-0
-0
-0
-0
-0
-0
-0
-0
-0
-0
-0
-0
-0
-0
-0
-0
-0
-0
-0
-0
-0
-0
-0
-0
-0
-0
-0
-0
-0
-0
-0
-0
-0
-0
-0
-0
-0
-0
0
0
0
0
0
0
0
0
0
0
0
0
0
0
0
0
0
0
0
0
0
0
0
0
0
0
0
0
0
0
0
0
0
0
0
0
0
0
0
0
0
0
0
0
0
0
0
0
0
0
-0
-0
-0
-0
-0
-0
-0
-0
-0
-0
-0
-0
-0
-0
-0
-0
-0
-0
-0
-0
-0
-0
-0
-0
-0
-0
-0
-0
-0
-0
-0
-0
-0
-0
-0
-0
-0
-0
-0
-0
-0
-0
-0
-0
-0
-0
-0
-0
-0
-0
-0
0
0
0
0
0
0
0
0
0
0
0
0
0
0
0
0
0
0
0
0
0
0
0
0
0
0
0
0
0
0
0
0
0
0
0
0
0
0
0
0
0
0
0
0
0
0
0
0
0
0
-0
-0
-0
-0
-0
-0
-0
-0
-0
-0
-0
-0
-0
-0
-0
-0
-0
-0
-0
-0
-0
-0
-0
-0
-0
-0
-0
-0
-0
-0
-0
-0
-0
-0
-0
-0
-0
-0
-0
-0
-0
-0
-0
-0
-0
-0
-0
-0
-0
-0
0
0
0
0
0
0
0
0
0
0
0
0
0
0
0
0
0
0
0
0
0
0
0
0
0
0
0
0
0
0
0
0
0
0
0
0
0
0
0
0
0
0
0
0
0
0
0
0
0
-0
-0
-0
-0
-0
-0
-0
-0
-0
-0
-0
-0
-0
-0
-0
-0
-0
-0
-0
-0
-0
-0
-0
-0
-0
-0
-0
-0
-0
-0
-0
-0
-0
-0
-0
-0
-0
-0
-0
-0
-0
-0
-0
-0
-0
-0
-0
-0
-0
-0
0
0
0
0
0
0
0
0
0
0
0
0
0
0
0
0
0
0
0
0
0
0
0
0
0
0
0
0
0
0
0
0
0
0
0
0
0
0
0
0
0
0
0
0
0
0
0
0
0
0
-0
-4.5209e-08
-1.8048e-07
-4.0474e-07
-7.1623e-07
-1.1125e-06
-1.5903e-06
-2.1459e-06
-2.7749e-06
-3.4722e-06
-4.2321e-06
-5.0484e-06
-5.9145e-06
-6.8231e-06
-7.7668e-06
-8.7374e-06
-9.7267e-06
-1.0726e-05
-1.1727e-05
-1.2719e-05
-1.3695e-05
-1.4645e-05
-1.5559e-05
-1.6429e-05
-1.7246e-05
-1.8e-05
-1.8683e-05
-1.9287e-05
-1.9803e-05
-2.0224e-05
-2.0543e-05
-2.0753e-05
-2.0847e-05
-2.0821e-05
-2.0669e-05
-2.0387e-05
-1.9972e-05
-1.942e-05
-1.8729e-05
-1.7899e-05
-1.6928e-05
-1.5818e-05
-1.4568e-05
-1.3182e-05
-1.1662e-05
-1.0012e-05
-8.2366e-06
-6.341e-06
-4.3315e-06
-2.2152e-06
-3.8792e-19
2.3057e-06
4.6925e-06
7.1505e-06
9.6691e-06
1.2237e-05
1.4843e-05
1.7474e-05
2.0118e-05
2.2762e-05
2.5392e-05
2.7996e-05
3.0558e-05
3.3066e-05
3.5505e-05
3.7862e-05
4.0122e-05
4.2273e-05
4.43e-05
4.6191e-05
4.7933e-05
4.9514e-05
5.0922e-05
5.2146e-05
5.3175e-05
5.4e-05
5.4612e-05
5.5003e-05
5.5165e-05
5.5093e-05
5.4781e-05
5.4225e-05
5.3421e-05
5.2368e-05
5.1065e-05
4.9512e-05
4.771e-05
4.5663e-05
4.3373e-05
4.0846e-05
3.8088e-05
3.5107e-05
3.1911e-05
2.851e-05
2.4915e-05
2.1137e-05
1.7189e-05
1.3087e-05
8.8435e-06
4.4757e-06
-2.5407e-18
-4.5661e-06
-9.2045e-06
-1.3896e-05
-1.8622e-05
-2.3362e-05
-2.8095e-05
-3.2802e-05
-3.7461e-05
-4.2052e-05
-4.6553e-05
-5.0943e-05
-5.5202e-05
-5.9309e-05
-6.3244e-05
-6.6987e-05
-7.0518e-05
-7.382e-05
-7.6874e-05
-7.9663e-05
-8.2171e-05
-8.4383e-05
-8.6284e-05
-8.7862e-05
-8.9104e-05
-9e-05
-9.0541e-05
-9.0719e-05
-9.0528e-05
-8.9962e-05
-8.9019e-05
-8.7697e-05
-8.5995e-05
-8.3915e-05
-8.1461e-05
-7.8636e-05
-7.5449e-05
-7.1905e-05
-6.8017e-05
-6.3793e-05
-5.9249e-05
-5.4397e-05
-4.9254e-05
-4.3838e-05
-3.8167e-05
-3.2261e-05
-2.6142e-05
-1.9832e-05
-1.3356e-05
-6.7362e-06
2.6467e-18
6.8266e-06
1.3716e-05
2.0642e-05
2.7575e-05
3.4486e-05
4.1348e-05
4.813e-05
5.4804e-05
6.1341e-05
6.7713e-05
7.389e-05
7.9846e-05
8.5552e-05
9.0982e-05
9.6111e-05
0.00010091
0.00010537
0.00010945
0.00011314
0.00011641
0.00011925
0.00012165
0.00012358
0.00012503
0.000126
0.00012647
0.00012644
0.00012589
0.00012483
0.00012326
0.00012117
0.00011857
0.00011546
0.00011186
0.00010776
0.00010319
9.8148e-05
9.266e-05
8.6741e-05
8.0409e-05
7.3687e-05
6.6598e-05
5.9166e-05
5.142e-05
4.3386e-05
3.5095e-05
2.6578e-05
1.7868e-05
8.9966e-06
6.2089e-18
-9.087e-06
-1.8228e-05
-2.7388e-05
-3.6528e-05
-4.5611e-05
-5.46e-05
-6.3458e-05
-7.2147e-05
-8.0631e-05
-8.8873e-05
-9.6837e-05
-0.00010449
-0.00011179
-0.00011872
-0.00012524
-0.00013131
-0.00013691
-0.00014202
-0.00014661
-0.00015065
-0.00015412
-0.00015701
-0.00015929
-0.00016096
-0.000162
-0.0001624
-0.00016215
-0.00016125
-0.0001597
-0.00015749
-0.00015464
-0.00015114
-0.00014701
-0.00014225
-0.00013689
-0.00013093
-0.00012439
-0.0001173
-0.00010969
-0.00010157
-9.2977e-05
-8.3941e-05
-7.4494e-05
-6.4672e-05
-5.4511e-05
-4.4048e-05
-3.3324e-05
-2.238e-05
-1.1257e-05
-9.7017e-18
1.1348e-05
2.274e-05
3.4133e-05
4.548e-05
5.6736e-05
6.7853e-05
7.8786e-05
8.9491e-05
9.9921e-05
0.00011003
0.00011978
0.00012913
0.00013804
0.00014646
0.00015436
0.00016171
0.00016846
0.0001746
0.00018008
0.00018489
0.00018899
0.00019237
0.00019501
0.00019689
0.000198
0.00019833
0.00019787
0.00019661
0.00019457
0.00019173
0.00018811
0.00018372
0.00017856
0.00017265
0.00016601
0.00015866
0.00015063
0.00014195
0.00013264
0.00012273
0.00011227
0.00010128
8.9822e-05
7.7925e-05
6.5635e-05
5.3001e-05
4.007e-05
2.6891e-05
1.3518e-05
1.3971e-17
-1.3608e-05
-2.7252e-05
-4.0879e-05
-5.4433e-05
-6.786e-05
-8.1105e-05
-9.4114e-05
-0.00010683
-0.00011921
-0.00013119
-0.00014273
-0.00015378
-0.00016428
-0.0001742
-0.00018349
-0.0001921
-0.00020001
-0.00020717
-0.00021355
-0.00021912
-0.00022386
-0.00022773
-0.00023073
-0.00023282
-0.000234
-0.00023426
-0.00023358
-0.00023198
-0.00022944
-0.00022597
-0.00022158
-0.00021629
-0.0002101
-0.00020304
-0.00019513
-0.0001864
-0.00017688
-0.00016659
-0.00015558
-0.00014389
-0.00013156
-0.00011863
-0.00010515
-9.1177e-05
-7.676e-05
-6.1954e-05
-4.6815e-05
-3.1403e-05
-1.5778e-05
-4.6912e-18
1.5868e-05
3.1764e-05
4.7625e-05
6.3386e-05
7.8985e-05
9.4358e-05
0.00010944
0.00012418
0.0001385
0.00015235
0.00016568
0.00017842
0.00019052
0.00020194
0.00021261
0.0002225
0.00023156
0.00023974
0.00024702
0.00025336
0.00025873
0.0002631
0.00026644
0.00026875
0.00027
0.00027019
0.0002693
0.00026734
0.00026431
0.00026021
0.00025506
0.00024886
0.00024165
0.00023344
0.00022426
0.00021414
0.00020312
0.00019124
0.00017853
0.00016505
0.00015085
0.00013597
0.00012048
0.00010443
8.7884e-05
7.0906e-05
5.3561e-05
3.5915e-05
1.8038e-05
2.4837e-17
-1.8129e-05
-3.6276e-05
-5.4371e-05
-7.2339e-05
-9.0109e-05
-0.00010761
-0.00012477
-0.00014152
-0.00015779
-0.00017351
-0.00018863
-0.00020306
-0.00021677
-0.00022967
-0.00024173
-0.00025289
-0.0002631
-0.00027232
-0.00028049
-0.0002876
-0.0002936
-0.00029846
-0.00030216
-0.00030468
-0.000306
-0.00030611
-0.00030502
-0.0003027
-0.00029918
-0.00029445
-0.00028853
-0.00028144
-0.0002732
-0.00026384
-0.00025338
-0.00024188
-0.00022936
-0.00021588
-0.00020148
-0.00018621
-0.00017014
-0.00015331
-0.00013581
-0.00011768
-9.9009e-05
-7.9859e-05
-6.0307e-05
-4.0427e-05
-2.0299e-05
-1.3017e-17
2.0389e-05
4.0788e-05
6.1116e-05
8.1292e-05
0.00010123
0.00012086
0.0001401
0.00015886
0.00017708
0.00019467
0.00021157
0.00022771
0.00024301
0.00025741
0.00027086
0.00028329
0.00029465
0.00030489
0.00031397
0.00032184
0.00032847
0.00033382
0.00033787
0.00034061
0.000342
0.00034204
0.00034073
0.00033806
0.00033404
0.00032869
0.000322
0.00031401
0.00030474
0.00029423
0.00028251
0.00026962
0.00025561
0.00024052
0.00022442
0.00020737
0.00018943
0.00017066
0.00015113
0.00013093
0.00011013
8.8812e-05
6.7053e-05
4.4939e-05
2.2559e-05
1.8308e-17
-2.2514e-05
-4.4849e-05
-6.6918e-05
-8.8633e-05
-0.00010991
-0.00013067
-0.00015083
-0.00017031
-0.00018904
-0.00020695
-0.00022397
-0.00024003
-0.00025508
-0.00026906
-0.00028193
-0.00029362
-0.00030411
-0.00031336
-0.00032133
-0.000328
-0.00033335
-0.00033736
-0.00034002
-0.00034133
-0.00034128
-0.00033989
-0.00033716
-0.00033311
-0.00032777
-0.00032115
-0.0003133
-0.00030424
-0.00029402
-0.00028268
-0.00027028
-0.00025686
-0.00024248
-0.00022721
-0.00021111
-0.00019425
-0.00017669
-0.00015852
-0.00013979
-0.0001206
-0.00010101
-8.1113e-05
-6.0981e-05
-4.0698e-05
-2.0344e-05
-1.9959e-17
2.0254e-05
4.0337e-05
6.0172e-05
7.968e-05
9.8787e-05
0.00011742
0.0001355
0.00015297
0.00016975
0.00018579
0.00020102
0.00021539
0.00022884
0.00024132
0.0002528
0.00026323
0.00027257
0.00028079
0.00028786
0.00029376
0.00029848
0.00030199
0.0003043
0.0003054
0.00030528
0.00030396
0.00030144
0.00029775
0.0002929
0.00028691
0.00027983
0.00027167
0.00026247
0.00025229
0.00024115
0.00022912
0.00021624
0.00020257
0.00018817
0.00017309
0.0001574
0.00014117
0.00012446
0.00010735
8.9887e-05
7.216e-05
5.4236e-05
3.6186e-05
1.8084e-05
4.5033e-18
-1.7993e-05
-3.5825e-05
-5.3426e-05
-7.0727e-05
-8.7662e-05
-0.00010416
-0.00012017
-0.00013562
-0.00015046
-0.00016463
-0.00017807
-0.00019074
-0.00020259
-0.00021359
-0.00022368
-0.00023283
-0.00024102
-0.00024821
-0.00025439
-0.00025952
-0.00026361
-0.00026663
-0.00026859
-0.00026947
-0.00026928
-0.00026803
-0.00026573
-0.00026239
-0.00025803
-0.00025268
-0.00024635
-0.00023909
-0.00023092
-0.00022189
-0.00021203
-0.00020138
-0.00019
-0.00017793
-0.00016522
-0.00015193
-0.00013811
-0.00012383
-0.00010914
-9.4093e-05
-7.8762e-05
-6.3207e-05
-4.749e-05
-3.1674e-05
-1.5823e-05
-2.0931e-17
1.5733e-05
3.1313e-05
4.668e-05
6.1775e-05
7.6537e-05
9.0912e-05
0.00010484
0.00011828
0.00013117
0.00014347
0.00015512
0.0001661
0.00017635
0.00018585
0.00019455
0.00020244
0.00020947
0.00021564
0.00022091
0.00022529
0.00022874
0.00023127
0.00023287
0.00023354
0.00023328
0.0002321
0.00023001
0.00022703
0.00022316
0.00021844
0.00021288
0.00020652
0.00019938
0.00019149
0.0001829
0.00017364
0.00016376
0.00015328
0.00014227
0.00013077
0.00011882
0.00010649
9.3808e-05
8.084e-05
6.7638e-05
5.4254e-05
4.0744e-05
2.7162e-05
1.3563e-05
8.0163e-18
-1.3472e-05
-2.6801e-05
-3.9935e-05
-5.2822e-05
-6.5413e-05
-7.766e-05
-8.9516e-05
-0.00010094
-0.00011188
-0.00012231
-0.00013218
-0.00014145
-0.00015011
-0.00015811
-0.00016543
-0.00017204
-0.00017793
-0.00018306
-0.00018744
-0.00019105
-0.00019387
-0.00019591
-0.00019715
-0.00019761
-0.00019728
-0.00019617
-0.0001943
-0.00019166
-0.00018829
-0.0001842
-0.00017941
-0.00017394
-0.00016783
-0.0001611
-0.00015378
-0.0001459
-0.00013751
-0.00012864
-0.00011933
-0.00010961
-9.9535e-05
-8.9144e-05
-7.848e-05
-6.7588e-05
-5.6513e-05
-4.5301e-05
-3.3998e-05
-2.265e-05
-1.1302e-05
-8.6085e-18
1.1212e-05
2.2289e-05
3.3189e-05
4.3869e-05
5.4288e-05
6.4407e-05
7.4188e-05
8.3594e-05
9.2591e-05
0.00010115
0.00010923
0.00011681
0.00012387
0.00013037
0.0001363
0.00014164
0.00014638
0.00015049
0.00015397
0.00015681
0.000159
0.00016055
0.00016144
0.00016168
0.00016128
0.00016024
0.00015858
0.0001563
0.00015342
0.00014996
0.00014594
0.00014137
0.00013628
0.0001307
0.00012465
0.00011817
0.00011127
0.000104
9.6379e-05
8.845e-05
8.0245e-05
7.1801e-05
6.3152e-05
5.4335e-05
4.5388e-05
3.6349e-05
2.7253e-05
1.8138e-05
9.0418e-06
8.4246e-18
-8.9514e-06
-1.7777e-05
-2.6443e-05
-3.4916e-05
-4.3163e-05
-5.1155e-05
-5.886e-05
-6.6251e-05
-7.3301e-05
-7.9986e-05
-8.6282e-05
-9.2167e-05
-9.7623e-05
-0.00010263
-0.00010718
-0.00011125
-0.00011483
-0.00011792
-0.0001205
-0.00012257
-0.00012413
-0.00012518
-0.00012572
-0.00012575
-0.00012528
-0.00012431
-0.00012286
-0.00012094
-0.00011855
-0.00011572
-0.00011247
-0.0001088
-0.00010474
-0.00010031
-9.5529e-05
-9.0427e-05
-8.5027e-05
-7.9353e-05
-7.3431e-05
-6.729e-05
-6.0956e-05
-5.4457e-05
-4.7824e-05
-4.1083e-05
-3.4264e-05
-2.7396e-05
-2.0507e-05
-1.3626e-05
-6.7814e-06
-1.3662e-18
6.691e-06
1.3265e-05
1.9698e-05
2.5963e-05
3.2039e-05
3.7902e-05
4.3532e-05
4.8908e-05
5.4011e-05
5.8826e-05
6.3334e-05
6.7524e-05
7.1381e-05
7.4894e-05
7.8054e-05
8.0853e-05
8.3284e-05
8.5343e-05
8.7027e-05
8.8334e-05
8.9265e-05
8.982e-05
9.0005e-05
8.9822e-05
8.928e-05
8.8385e-05
8.7147e-05
8.5577e-05
8.3686e-05
8.1487e-05
7.8994e-05
7.6223e-05
7.3189e-05
6.991e-05
6.6404e-05
6.2689e-05
5.8784e-05
5.4709e-05
5.0484e-05
4.6129e-05
4.1666e-05
3.7114e-05
3.2495e-05
2.783e-05
2.3139e-05
1.8443e-05
1.3761e-05
9.1142e-06
4.5209e-06
5.728e-18
-4.4305e-06
-8.7533e-06
-1.2952e-05
-1.701e-05
-2.0914e-05
-2.465e-05
-2.8204e-05
-3.1565e-05
-3.4722e-05
-3.7665e-05
-4.0387e-05
-4.288e-05
-4.5138e-05
-4.7155e-05
-4.8929e-05
-5.0457e-05
-5.1737e-05
-5.277e-05
-5.3555e-05
-5.4096e-05
-5.4396e-05
-5.4458e-05
-5.4289e-05
-5.3893e-05
-5.328e-05
-5.2456e-05
-5.1431e-05
-5.0215e-05
-4.8817e-05
-4.7248e-05
-4.5522e-05
-4.3649e-05
-4.1642e-05
-3.9515e-05
-3.728e-05
-3.495e-05
-3.2541e-05
-3.0065e-05
-2.7537e-05
-2.4969e-05
-2.2376e-05
-1.9771e-05
-1.7167e-05
-1.4578e-05
-1.2015e-05
-9.49e-06
-7.0156e-06
-4.6022e-06
-2.2605e-06
-1.21e-18
2.17e-06
4.2413e-06
6.2061e-06
8.0576e-06
9.7897e-06
1.1397e-05
1.2876e-05
1.4221e-05
1.5432e-05
1.6505e-05
1.744e-05
1.8236e-05
1.8895e-05
1.9417e-05
1.9805e-05
2.0061e-05
2.019e-05
2.0196e-05
2.0083e-05
1.9858e-05
1.9527e-05
1.9096e-05
1.8572e-05
1.7964e-05
1.728e-05
1.6527e-05
1.5715e-05
1.4852e-05
1.3948e-05
1.301e-05
1.205e-05
1.1075e-05
1.0095e-05
9.1187e-06
8.1549e-06
7.212e-06
6.2983e-06
5.4216e-06
4.5895e-06
3.8088e-06
3.0864e-06
2.428e-06
1.8394e-06
1.3252e-06
8.8997e-07
5.3717e-07
2.6983e-07
9.024e-08
0
0
-0
-0
-0
-0
-0
-0
-0
-0
-0
-0
-0
-0
-0
-0
-0
-0
-0
-0
-0
-0
-0
-0
-0
-0
-0
-0
-0
-0
-0
-0
-0
-0
-0
-0
-0
-0
-0
-0
-0
-0
-0
-0
-0
-0
-0
-0
-0
-0
-0
-0
0
0
0
0
0
0
0
0
0
0
0
0
0
0
0
0
0
0
0
0
0
0
0
0
0
0
0
0
0
0
0
0
0
0
0
0
0
0
0
0
0
0
0
0
0
0
0
0
0
0
-0
-0
-0
-0
-0
-0
-0
-0
-0
-0
-0
-0
-0
-0
-0
-0
-0
-0
-0
-0
-0
-0
-0
-0
-0
-0
-0
-0
-0
-0
-0
-0
-0
-0
-0
-0
-0
-0
-0
-0
-0
-0
-0
-0
-0
-0
-0
-0
-0
-0
0
0
0
0
0
0
0
0
0
0
0
0
0
0
0
0
0
0
0
0
0
0
0
0
0
0
0
0
0
0
0
0
0
0
0
0
0
0
0
0
0
0
0
0
0
0
0
0
0
0
-0
-0
-0
-0
-0
-0
-0
-0
-0
-0
-0
-0
-0
-0
-0
-0
-0
-0
-0
-0
-0
-0
-0
-0
-0
-0
-0
-0
-0
-0
-0
-0
-0
-0
-0
-0
-0
-0
-0
-0
-0
-0
-0
-0
-0
-0
-0
-0
-0
-0
0
0
0
0
0
0
0
0
0
0
0
0
0
0
0
0
0
0
0
0
0
0
0
0
0
0
0
0
0
0
0
0
0
0
0
0
0
0
0
0
0
0
0
0
0
0
0
0
0
0
-0
-0
-0
-0
-0
-0
-0
-0
-0
-0
-0
-0
-0
-0
-0
-0
-0
-0
-0
-0
-0
-0
-0
-0
-0
-0
-0
-0
-0
-0
-0
-0
-0
-0
-0
-0
-0
-0
-0
-0
-0
-0
-0
-0
-0
-0
-0
-0
-0
-0
0
0
0
0
0
0
0
0
0
0
0
0
0
0
0
0
0
0
0
0
0
0
0
0
0
0
0
0
0
0
0
0
0
0
0
0
0
0
0
0
0
0
0
0
0
0
0
0
0
0
-0
-0
-0
-0
-0
-0
-0
-0
-0
-0
-0
-0
-0
-0
-0
-0
-0
-0
-0
-0
-0
-0
-0
-0
-0
-0
-0
-0
-0
-0
-0
-0
-0
-0
-0
-0
-0
-0
-0
-0
-0
-0
-0
-0
-0
-0
-0
-0
-0
-0
0
0
0
0
0
0
0
0
0
0
0
0
0
0
0
0
0
0
0
0
0
0
0
0
0
0
0
0
0
0
0
0
0
0
0
0
0
0
0
0
0
0
0
0
0
0
0
0
0
0
-0
-0
-0
-0
-0
-0
-0
-0
-0
-0
-0
-0
-0
-0
-0
-0
-0
-0
-0
-0
-0
-0
-0
-0
-0
-0
-0
-0
-0
-0
-0
-0
-0
-0
-0
-0
-0
-0
-0
-0
-0
-0
-0
-0
-0
-0
-0
-0
-0
-0
0
0
0
0
0
0
0
0
0
0
0
0
0
0
0
0
0
0
0
0
0
0
0
0
0
0
0
0
0
0
0
0
0
0
0
0
0
0
0
0
0
0
0
0
0
0
0
0
0
0
-0
-0
-0
-0
-0
-0
-0
-0
-0
-0
-0
-0
-0
-0
-0
-0
-0
-0
-0
-0
-0
-0
-0
-0
-0
-0
-0
-0
-0
-0
-0
-0
-0
-0
-0
-0
-0
-0
-0
-0
-0
-0
-0
-0
-0
-0
-0
-0
-0
-0
0
0
0
0
0
0
0
0
0
0
0
0
0
0
0
0
0
0
0
0
0
0
0
0
0
0
0
0
0
0
0
0
0
0
0
0
0
0
0
0
0
0
0
0
0
0
0
0
0
0
-0
-0
-0
-0
-0
-0
-0
-0
-0
-0
-0
-0
-0
-0
-0
-0
-0
-0
-0
-0
-0
-0
-0
-0
-0
-0
-0
-0
-0
-0
-0
-0
-0
-0
-0
-0
-0
-0
-0
-0
-0
-0
-0
-0
-0
-0
-0
-0
-0
-0
0
0
0
0
0
0
0
0
0
0
0
0
0
0
0
0
0
0
0
0
0
0
0
0
0
0
0
0
0
0
0
0
0
0
0
0
0
0
0
0
0
0
0
0
0
0
0
0
0
0
-0
-0
-0
-0
-0
-0
-0
-0
-0
-0
-0
-0
-0
-0
-0
-0
-0
-0
-0
-0
-0
-0
-0
-0
-0
-0
-0
-0
-0
-0
-0
-0
-0
-0
-0
-0
-0
-0
-0
-0
-0
-0
-0
-0
-0
-0
-0
-0
-0
-0
0
0
0
0
0
0
0
0
0
0
0
0
0
0
0
0
0
0
0
0
0
0
0
0
0
0
0
0
0
0
0
0
0
0
0
0
0
0
0
0
0
0
0
0
0
0
0
0
0
0
-0
-0
-0
-0
-0
-0
-0
-0
-0
-0
-0
-0
-0
-0
-0
-0
-0
-0
-0
-0
-0
-0
-0
-0
-0
-0
-0
-0
-0
-0
-0
-0
-0
-0
-0
-0
-0
-0
-0
-0
-0
-0
-0
-0
-0
-0
-0
-0
-0
-0
0
0
0
0
0
0
0
0
0
0
0
0
0
0
0
0
0
0
0
0
0
0
0
0
0
0
0
0
0
0
0
0
0
0
0
0
0
0
0
0
0
0
0
0
0
0
0
0
0
0
-0
-0
-0
-0
-0
-0
-0
-0
-0
-0
-0
-0
-0
-0
-0
-0
-0
-0
-0
-0
-0
-0
-0
-0
-0
-0
-0
-0
-0
-0
-0
-0
-0
-0
-0
-0
-0
-0
-0
-0
-0
-0
-0
-0
-0
-0
-0
-0
-0
-0
0
0
0
0
0
0
0
0
0
0
0
0
0
0
0
0
0
0
0
0
0
0
0
0
0
0
0
0
0
0
0
0
0
0
0
0
0
0
0
0
0
0
0
0
0
0
0
0
0
-0
-0
-0
-0
-0
-0
-0
-0
-0
-0
-0
-0
-0
-0
-0
-0
-0
-0
-0
-0
-0
-0
-0
-0
-0
-0
-0
-0
-0
-0
-0
-0
-0
-0
-0
-0
-0
-0
-0
-0
-0
-0
-0
-0
-0
-0
-0
-0
-0
-0
-0
0
0
0
0
0
0
0
0
0
0
0
0
0
0
0
0
0
0
0
0
0
0
0
0
0
0
0
0
0
0
0
0
0
0
0
0
0
0
0
0
0
0
0
0
0
0
0
0
0
0
-0
-0
-0
-0
-0
-0
-0
-0
-0
-0
-0
-0
-0
-0
-0
-0
-0
-0
-0
-0
-0
-0
-0
-0
-0
-0
-0
-0
-0
-0
-0
-0
-0
-0
-0
-0
-0
-0
-0
-0
-0
-0
-0
-0
-0
-0
-0
-0
-0
0
0
0
0
0
0
0
0
0
0
0
0
0
0
0
0
0
0
0
0
0
0
0
0
0
0
0
0
0
0
0
0
0
0
0
0
0
0
0
0
0
0
0
0
0
0
0
0
0
0
0
-0
-0
-0
-0
-0
-0
-0
-0
-0
-0
-0
-0
-0
-0
-0
-0
-0
-0
-0
-0
-0
-0
-0
-0
-0
-0
-0
-0
-0
-0
-0
-0
-0
-0
-0
-0
-0
-0
-0
-0
-0
-0
-0
-0
-0
-0
-0
-0
-0
-0
0
0
0
0
0
0
0
0
0
0
0
0
0
0
0
0
0
0
0
0
0
0
0
0
0
0
0
0
0
0
0
0
0
0
0
0
0
0
0
0
0
0
0
0
0
0
0
0
0
0
-0
-0
-0
-0
-0
-0
-0
-0
-0
-0
-0
-0
-0
-0
-0
-0
-0
-0
-0
-0
-0
-0
-0
-0
-0
-0
-0
-0
-0
-0
-0
-0
-0
-0
-0
-0
-0
-0
-0
-0
-0
-0
-0
-0
-0
-0
-0
-0
-0
-0
0
0
0
0
0
0
0
0
0
0
0
0
0
0
0
0
0
0
0
0
0
0
0
0
0
0
0
0
0
0
0
0
0
0
0
0
0
0
0
0
0
0
0
0
0
0
0
0
0
-0
-0
-0
-0
-0
-0
-0
-0
-0
-0
-0
-0
-0
-0
-0
-0
-0
-0
-0
-0
-0
-0
-0
-0
-0
-0
-0
-0
-0
-0
-0
-0
-0
-0
-0
-0
-0
-0
-0
-0
-0
-0
-0
-0
-0
-0
-0
-0
-0
-0
-0
0
0
0
0
0
0
0
0
0
0
0
0
0
0
0
0
0
0
0
0
0
0
0
0
0
0
0
0
0
0
0
0
0
0
0
0
0
0
0
0
0
0
0
0
0
0
0
0
0
-0
-0
-0
-0
-0
-0
-0
-0
-0
-0
-0
-0
-0
-0
-0
-0
-0
-0
-0
-0
-0
-0
-0
-0
-0
-0
-0
-0
-0
-0
-0
-0
-0
-0
-0
-0
-0
-0
-0
-0
-0
-0
-0
-0
-0
-0
-0
-0
-0
-0
-0
0
0
0
0
0
0
0
0
0
0
0
0
0
0
0
0
0
0
0
0
0
0
0
0
0
0
0
0
0
0
0
0
0
0
0
0
0
0
0
0
0
0
0
0
0
0
0
0
0
0
-0
-0
-0
-0
-0
-0
-0
-0
-0
-0
-0
-0
-0
-0
-0
-0
-0
-0
-0
-0
-0
-0
-0
-0
-0
-0
-0
-0
-0
-0
-0
-0
-0
-0
-0
-0
-0
-0
-0
-0
-0
-0
-0
-0
-0
-0
-0
-0
-0
-0
0
0
0
0
0
0
0
0
0
0
0
0
0
0
0
0
0
0
0
0
0
0
0
0
0
0
0
0
0
0
0
0
0
0
0
0
0
0
0
0
0
0
0
0
0
0
0
0
0
0
-0
-0
-0
-0
-0
-0
-0
-0
-0
-0
-0
-0
-0
-0
-0
-0
-0
-0
-0
-0
-0
-0
-0
-0
-0
-0
-0
-0
-0
-0
-0
-0
-0
-0
-0
-0
-0
-0
-0
-0
-0
-0
-0
-0
-0
-0
-0
-0
-0
-0
0
0
0
0
0
0
0
0
0
0
0
0
0
0
0
0
0
0
0
0
0
0
0
0
0
0
0
0
0
0
0
0
0
0
0
0
0
0
0
0
0
0
0
0
0
0
0
0
0
0
-0
-0
-0
-0
-0
-0
-0
-0
-0
-0
-0
-0
-0
-0
-0
-0
-0
-0
-0
-0
-0
-0
-0
-0
-0
-0
-0
-0
-0
-0
-0
-0
-0
-0
-0
-0
-0
-0
-0
-0
-0
-0
-0
-0
-0
-0
-0
-0
-0
-0
0
0
0
0
0
0
0
0
0
0
0
0
0
0
0
0
0
0
0
0
0
0
0
0
0
0
0
0
0
0
0
0
0
0
0
0
0
0
0
0
0
0
0
0
0
0
0
0
0
-0
-0
-0
-0
-0
-0
-0
-0
-0
-0
-0
-0
-0
-0
-0
-0
-0
-0
-0
-0
-0
-0
-0
-0
-0
-0
-0
-0
-0
-0
-0
-0
-0
-0
-0
-0
-0
-0
-0
-0
-0
-0
-0
-0
-0
-0
-0
-0
-0
-0
-0
0
0
0
0
0
0
0
0
0
0
0
0
0
0
0
0
0
0
0
0
0
0
0
0
0
0
0
0
0
0
0
0
0
0
0
0
0
0
0
0
0
0
0
0
0
0
0
0
0
-0
-0
-0
-0
-0
-0
-0
-0
-0
-0
-0
-0
-0
-0
-0
-0
-0
-0
-0
-0
-0
-0
-0
-0
-0
-0
-0
-0
-0
-0
-0
-0
-0
-0
-0
-0
-0
-0
-0
-0
-0
-0
-0
-0
-0
-0
-0
-0
-0
-0
-0
0
0
0
0
0
0
0
0
0
0
0
0
0
0
0
0
0
0
0
0
0
0
0
0
0
0
0
0
0
0
0
0
0
0
0
0
0
0
0
0
0
0
0
0
0
0
0
0
0
0
-0
-0
-0
-0
-0
-0
-0
-0
-0
-0
-0
-0
-0
-0
-0
-0
-0
-0
-0
-0
-0
-0
-0
-0
-0
-0
-0
-0
-0
-0
-0
-0
-0
-0
-0
-0
-0
-0
-0
-0
-0
-0
-0
-0
-0
-0
-0
-0
-0
-0
0
0
0
0
0
0
0
0
0
0
0
0
0
0
0
0
0
0
0
0
0
0
0
0
0
0
0
0
0
0
0
0
0
0
0
0
0
0
0
0
0
0
0
0
0
0
0
0
0
0
-0
-0
-0
-0
-0
-0
-0
-0
-0
-0
-0
-0
-0
-0
-0
-0
-0
-0
-0
-0
-0
-0
-0
-0
-0
-0
-0
-0
-0
-0
-0
-0
-0
-0
-0
-0
-0
-0
-0
-0
-0
-0
-0
-0
-0
-0
-0
-0
-0
-0
0
0
0
0
0
0
0
0
0
0
0
0
0
0
0
0
0
0
0
0
0
0
0
0
0
0
0
0
0
0
0
0
0
0
0
0
0
0
0
0
0
0
0
0
0
0
0
0
0
0
-0
-0
-0
-0
-0
-0
-0
-0
-0
-0
-0
-0
-0
-0
-0
-0
-0
-0
-0
-0
-0
-0
-0
-0
-0
-0
-0
-0
-0
-0
-0
-0
-0
-0
-0
-0
-0
-0
-0
-0
-0
-0
-0
-0
-0
-0
-0
-0
-0
-0
0
0
0
0
0
0
0
0
0
0
0
0
0
0
0
0
0
0
0
0
0
0
0
0
0
0
0
0
0
0
0
0
0
0
0
0
0
0
0
0
0
0
0
0
0
0
0
0
0
-0
-0
-0
-0
-0
-0
-0
-0
-0
-0
-0
-0
-0
-0
-0
-0
-0
-0
-0
-0
-0
-0
-0
-0
-0
-0
-0
-0
-0
-0
-0
-0
-0
-0
-0
-0
-0
-0
-0
-0
-0
-0
-0
-0
-0
-0
-0
-0
-0
-0
-0
0
0
0
0
0
0
0
0
0
0
0
0
0
0
0
0
0
0
0
0
0
0
0
0
0
0
0
0
0
0
0
0
0
0
0
0
0
0
0
0
0
0
0
0
0
0
0
0
0
-0
-0
-0
-0
-0
-0
-0
-0
-0
-0
-0
-0
-0
-0
-0
-0
-0
-0
-0
-0
-0
-0
-0
-0
-0
-0
-0
-0
-0
-0
-0
-0
-0
-0
-0
-0
-0
-0
-0
-0
-0
-0
-0
-0
-0
-0
-0
-0
-0
-0
-0
0
0
0
0
0
0
0
0
0
0
0
0
0
0
0
0
0
0
0
0
0
0
0
0
0
0
0
0
0
0
0
0
0
0
0
0
0
0
0
0
0
0
0
0
0
0
0
0
0
0
-0
-0
-0
-0
-0
-0
-0
-0
-0
-0
-0
-0
-0
-0
-0
-0
-0
-0
-0
-0
-0
-0
-0
-0
-0
-0
-0
-0
-0
-0
-0
-0
-0
-0
-0
-0
-0
-0
-0
-0
-0
-0
-0
-0
-0
-0
-0
-0
-0
-0
0
0
0
0
0
0
0
0
0
0
0
0
0
0
0
0
0
0
0
0
0
0
0
0
0
0
0
0
0
0
0
0
0
0
0
0
0
0
0
0
0
0
0
0
0
0
0
0
0
0
-0
-0
-0
-0
-0
-0
-0
-0
-0
-0
-0
-0
-0
-0
-0
-0
-0
-0
-0
-0
-0
-0
-0
-0
-0
-0
-0
-0
-0
-0
-0
-0
-0
-0
-0
-0
-0
-0
-0
-0
-0
-0
-0
-0
-0
-0
-0
-0
-0
-0
0
0
0
0
0
0
0
0
0
0
0
0
0
0
0
0
0
0
0
0
0
0
0
0
0
0
0
0
0
0
0
0
0
0
0
0
0
0
0
0
0
0
0
0
0
0
0
0
0
0
-0
-0
-0
-0
-0
-0
-0
-0
-0
-0
-0
-0
-0
-0
-0
-0
-0
-0
-0
-0
-0
-0
-0
-0
-0
-0
-0
-0
-0
-0
-0
-0
-0
-0
-0
-0
-0
-0
-0
-0
-0
-0
-0
-0
-0
-0
-0
-0
-0
-0
0
0
0
0
0
0
0
0
0
0
0
0
0
0
0
0
0
0
0
0
0
0
0
0
0
0
0
0
0
0
0
0
0
0
0
0
0
0
0
0
0
0
0
0
0
0
0
0
0
-0
-0
-0
-0
-0
-0
-0
-0
-0
-0
-0
-0
-0
-0
-0
-0
-0
-0
-0
-0
-0
-0
-0
-0
-0
-0
-0
-0
-0
-0
-0
-0
-0
-0
-0
-0
-0
-0
-0
-0
-0
-0
-0
-0
-0
-0
-0
-0
-0
-0
-0
0
0
0
0
0
0
0
0
0
0
0
0
0
0
0
0
0
0
0
0
0
0
0
0
0
0
0
0
0
0
0
0
0
0
0
0
0
0
0
0
0
0
0
0
0
0
0
0
0
-0
-0
-0
-0
-0
-0
-0
-0
-0
-0
-0
-0
-0
-0
-0
-0
-0
-0
-0
-0
-0
-0
-0
-0
-0
-0
-0
-0
-0
-0
-0
-0
-0
-0
-0
-0
-0
-0
-0
-0
-0
-0
-0
-0
-0
-0
-0
-0
-0
-0
-0
0
0
0
0
0
0
0
0
0
0
0
0
0
0
0
0
0
0
0
0
0
0
0
0
0
0
0
0
0
0
0
0
0
0
0
0
0
0
0
0
0
0
0
0
0
0
0
0
0
-0
