0
0
0
0
0
0
0
0
0
0
0
0
0
0
0
0
0
0
0
0
0
0
0
0
0
0
0
0
0
0
0
0
0
0
0
0
0
0
0
0
0
0
0
0
0
0
0
0
0
0
0
-0
-0
-0
-0
-0
-0
-0
-0
-0
-0
-0
-0
-0
-0
-0
-0
-0
-0
-0
-0
-0
-0
-0
-0
-0
-0
-0
-0
-0
-0
-0
-0
-0
-0
-0
-0
-0
-0
-0
-0
-0
-0
-0
-0
-0
-0
-0
-0
-0
-0
0
0
0
0
0
0
0
0
0
0
0
0
0
0
0
0
0
0
0
0
0
0
0
0
0
0
0
0
0
0
0
0
0
0
0
0
0
0
0
0
0
0
0
0
0
0
0
0
0
0
-0
-0
-0
-0
-0
-0
-0
-0
-0
-0
-0
-0
-0
-0
-0
-0
-0
-0
-0
-0
-0
-0
-0
-0
-0
-0
-0
-0
-0
-0
-0
-0
-0
-0
-0
-0
-0
-0
-0
-0
-0
-0
-0
-0
-0
-0
-0
-0
-0
-0
0
0
0
0
0
0
0
0
0
0
0
0
0
0
0
0
0
0
0
0
0
0
0
0
0
0
0
0
0
0
0
0
0
0
0
0
0
0
0
0
0
0
0
0
0
0
0
0
0
0
-0
-0
-0
-0
-0
-0
-0
-0
-0
-0
-0
-0
-0
-0
-0
-0
-0
-0
-0
-0
-0
-0
-0
-0
-0
-0
-0
-0
-0
-0
-0
-0
-0
-0
-0
-0
-0
-0
-0
-0
-0
-0
-0
-0
-0
-0
-0
-0
-0
-0
0
0
0
0
0
0
0
0
0
0
0
0
0
0
0
0
0
0
0
0
0
0
0
0
0
0
0
0
0
0
0
0
0
0
0
0
0
0
0
0
0
0
0
0
0
0
0
0
0
-0
-0
-0
-0
-0
-0
-0
-0
-0
-0
-0
-0
-0
-0
-0
-0
-0
-0
-0
-0
-0
-0
-0
-0
-0
-0
-0
-0
-0
-0
-0
-0
-0
-0
-0
-0
-0
-0
-0
-0
-0
-0
-0
-0
-0
-0
-0
-0
-0
-0
-0
0
0
0
0
0
0
0
0
0
0
0
0
0
0
0
0
0
0
0
0
0
0
0
0
0
0
0
0
0
0
0
0
0
0
0
0
0
0
0
0
0
0
0
0
0
0
0
0
0
0
-0
-0
-0
-0
-0
-0
-0
-0
-0
-0
-0
-0
-0
-0
-0
-0
-0
-0
-0
-0
-0
-0
-0
-0
-0
-0
-0
-0
-0
-0
-0
-0
-0
-0
-0
-0
-0
-0
-0
-0
-0
-0
-0
-0
-0
-0
-0
-0
-0
-0
0
0
0
0
0
0
0
0
0
0
0
0
0
0
0
0
0
0
0
0
0
0
0
0
0
0
0
0
0
0
0
0
0
0
0
0
0
0
0
0
0
0
0
0
0
0
0
0
0
-0
-0
-0
-0
-0
-0
-0
-0
-0
-0
-0
-0
-0
-0
-0
-0
-0
-0
-0
-0
-0
-0
-0
-0
-0
-0
-0
-0
-0
-0
-0
-0
-0
-0
-0
-0
-0
-0
-0
-0
-0
-0
-0
-0
-0
-0
-0
-0
-0
-0
-0
0
0
0
0
0
0
0
0
0
0
0
0
0
0
0
0
0
0
0
0
0
0
0
0
0
0
0
0
0
0
0
0
0
0
0
0
0
0
0
0
0
0
0
0
0
0
0
0
0
-0
-0
-0
-0
-0
-0
-0
-0
-0
-0
-0
-0
-0
-0
-0
-0
-0
-0
-0
-0
-0
-0
-0
-0
-0
-0
-0
-0
-0
-0
-0
-0
-0
-0
-0
-0
-0
-0
-0
-0
-0
-0
-0
-0
-0
-0
-0
-0
-0
-0
0
0
0
0
0
0
0
0
0
0
0
0
0
0
0
0
0
0
0
0
0
0
0
0
0
0
0
0
0
0
0
0
0
0
0
0
0
0
0
0
0
0
0
0
0
0
0
0
0
0
0
-0
-0
-0
-0
-0
-0
-0
-0
-0
-0
-0
-0
-0
-0
-0
-0
-0
-0
-0
-0
-0
-0
-0
-0
-0
-0
-0
-0
-0
-0
-0
-0
-0
-0
-0
-0
-0
-0
-0
-0
-0
-0
-0
-0
-0
-0
-0
-0
-0
-0
0
0
0
0
0
0
0
0
0
0
0
0
0
0
0
0
0
0
0
0
0
0
0
0
0
0
0
0
0
0
0
0
0
0
0
0
0
0
0
0
0
0
0
0
0
0
0
0
0
0
-0
-0
-0
-0
-0
-0
-0
-0
-0
-0
-0
-0
-0
-0
-0
-0
-0
-0
-0
-0
-0
-0
-0
-0
-0
-0
-0
-0
-0
-0
-0
-0
-0
-0
-0
-0
-0
-0
-0
-0
-0
-0
-0
-0
-0
-0
-0
-0
-0
-0
0
0
0
0
0
0
0
0
0
0
0
0
0
0
0
0
0
0
0
0
0
0
0
0
0
0
0
0
0
0
0
0
0
0
0
0
0
0
0
0
0
0
0
0
0
0
0
0
0
-0
-0
-0
-0
-0
-0
-0
-0
-0
-0
-0
-0
-0
-0
-0
-0
-0
-0
-0
-0
-0
-0
-0
-0
-0
-0
-0
-0
-0
-0
-0
-0
-0
-0
-0
-0
-0
-0
-0
-0
-0
-0
-0
-0
-0
-0
-0
-0
-0
-0
-0
0
0
0
0
0
0
0
0
0
0
0
0
0
0
0
0
0
0
0
0
0
0
0
0
0
0
0
0
0
0
0
0
0
0
0
0
0
0
0
0
0
0
0
0
0
0
0
0
0
-0
-0
-0
-0
-0
-0
-0
-0
-0
-0
-0
-0
-0
-0
-0
-0
-0
-0
-0
-0
-0
-0
-0
-0
-0
-0
-0
-0
-0
-0
-0
-0
-0
-0
-0
-0
-0
-0
-0
-0
-0
-0
-0
-0
-0
-0
-0
-0
-0
-0
0
0
0
0
0
0
0
0
0
0
0
0
0
0
0
0
0
0
0
0
0
0
0
0
0
0
0
0
0
0
0
0
0
0
0
0
0
0
0
0
0
0
0
0
0
0
0
0
0
0
-0
-0
-0
-0
-0
-0
-0
-0
-0
-0
-0
-0
-0
-0
-0
-0
-0
-0
-0
-0
-0
-0
-0
-0
-0
-0
-0
-0
-0
-0
-0
-0
-0
-0
-0
-0
-0
-0
-0
-0
-0
-0
-0
-0
-0
-0
-0
-0
-0
-0
-0
0
0
0
0
0
0
0
0
0
0
0
0
0
0
0
0
0
0
0
0
0
0
0
0
0
0
0
0
0
0
0
0
0
0
0
0
0
0
0
0
0
0
0
0
0
0
0
0
0
-0
-0
-0
-0
-0
-0
-0
-0
-0
-0
-0
-0
-0
-0
-0
-0
-0
-0
-0
-0
-0
-0
-0
-0
-0
-0
-0
-0
-0
-0
-0
-0
-0
-0
-0
-0
-0
-0
-0
-0
-0
-0
-0
-0
-0
-0
-0
-0
-0
-0
0
0
0
0
0
0
0
0
0
0
0
0
0
0
0
0
0
0
0
0
0
0
0
0
0
0
0
0
0
0
0
0
0
0
0
0
0
0
0
0
0
0
0
0
0
0
0
0
0
0
-0
-0
-0
-0
-0
-0
-0
-0
-0
-0
-0
-0
-0
-0
-0
-0
-0
-0
-0
-0
-0
-0
-0
-0
-0
-0
-0
-0
-0
-0
-0
-0
-0
-0
-0
-0
-0
-0
-0
-0
-0
-0
-0
-0
-0
-0
-0
-0
-0
-0
0
0
0
0
0
0
0
0
0
0
0
0
0
0
0
0
0
0
0
0
0
0
0
0
0
0
0
0
0
0
0
0
0
0
0
0
0
0
0
0
0
0
0
0
0
0
0
0
0
0
-0
-0
-0
-0
-0
-0
-0
-0
-0
-0
-0
-0
-0
-0
-0
-0
-0
-0
-0
-0
-0
-0
-0
-0
-0
-0
-0
-0
-0
-0
-0
-0
-0
-0
-0
-0
-0
-0
-0
-0
-0
-0
-0
-0
-0
-0
-0
-0
-0
-0
-0
0
0
0
0
0
0
0
0
0
0
0
0
0
0
0
0
0
0
0
0
0
0
0
0
0
0
0
0
0
0
0
0
0
0
0
0
0
0
0
0
0
0
0
0
0
0
0
0
0
0
-0
-0
-0
-0
-0
-0
-0
-0
-0
-0
-0
-0
-0
-0
-0
-0
-0
-0
-0
-0
-0
-0
-0
-0
-0
-0
-0
-0
-0
-0
-0
-0
-0
-0
-0
-0
-0
-0
-0
-0
-0
-0
-0
-0
-0
-0
-0
-0
-0
-0
0
0
0
0
0
0
0
0
0
0
0
0
0
0
0
0
0
0
0
0
0
0
0
0
0
0
0
0
0
0
0
0
0
0
0
0
0
0
0
0
0
0
0
0
0
0
0
0
0
0
-0
-0
-0
-0
-0
-0
-0
-0
-0
-0
-0
-0
-0
-0
-0
-0
-0
-0
-0
-0
-0
-0
-0
-0
-0
-0
-0
-0
-0
-0
-0
-0
-0
-0
-0
-0
-0
-0
-0
-0
-0
-0
-0
-0
-0
-0
-0
-0
-0
-0
0
0
0
0
0
0
0
0
0
0
0
0
0
0
0
0
0
0
0
0
0
0
0
0
0
0
0
0
0
0
0
0
0
0
0
0
0
0
0
0
0
0
0
0
0
0
0
0
0
0
-0
-0
-0
-0
-0
-0
-0
-0
-0
-0
-0
-0
-0
-0
-0
-0
-0
-0
-0
-0
-0
-0
-0
-0
-0
-0
-0
-0
-0
-0
-0
-0
-0
-0
-0
-0
-0
-0
-0
-0
-0
-0
-0
-0
-0
-0
-0
-0
-0
-0
0
0
0
0
0
0
0
0
0
0
0
0
0
0
0
0
0
0
0
0
0
0
0
0
0
0
0
0
0
0
0
0
0
0
0
0
0
0
0
0
0
0
0
0
0
0
0
0
0
0
-0
-0
-0
-0
-0
-0
-0
-0
-0
-0
-0
-0
-0
-0
-0
-0
-0
-0
-0
-0
-0
-0
-0
-0
-0
-0
-0
-0
-0
-0
-0
-0
-0
-0
-0
-0
-0
-0
-0
-0
-0
-0
-0
-0
-0
-0
-0
-0
-0
0
0
0
0
0
0
0
0
0
0
0
0
0
0
0
0
0
0
0
0
0
0
0
0
0
0
0
0
0
0
0
0
0
0
0
0
0
0
0
0
0
0
0
0
0
0
0
0
0
0
0
-0
-0
-0
-0
-0
-0
-0
-0
-0
-0
-0
-0
-0
-0
-0
-0
-0
-0
-0
-0
-0
-0
-0
-0
-0
-0
-0
-0
-0
-0
-0
-0
-0
-0
-0
-0
-0
-0
-0
-0
-0
-0
-0
-0
-0
-0
-0
-0
-0
-0
1.1773e-07
4.7e-07
1.054e-06
1.8652e-06
2.897e-06
4.1414e-06
5.5884e-06
7.2263e-06
9.0421e-06
1.1021e-05
1.3147e-05
1.5402e-05
1.7769e-05
2.0226e-05
2.2754e-05
2.533e-05
2.7932e-05
3.0538e-05
3.3123e-05
3.5665e-05
3.8138e-05
4.0519e-05
4.2785e-05
4.4911e-05
4.6875e-05
4.8654e-05
5.0226e-05
5.157e-05
5.2667e-05
5.3497e-05
5.4043e-05
5.429e-05
5.4221e-05
5.3826e-05
5.3092e-05
5.201e-05
5.0572e-05
4.8774e-05
4.6612e-05
4.4084e-05
4.1192e-05
3.7938e-05
3.4328e-05
3.037e-05
2.6073e-05
2.145e-05
1.6513e-05
1.128e-05
5.7689e-06
1.4699e-18
-6.0043e-06
-1.222e-05
-1.8621e-05
-2.518e-05
-3.1867e-05
-3.8653e-05
-4.5505e-05
-5.2391e-05
-5.9276e-05
-6.6126e-05
-7.2905e-05
-7.9579e-05
-8.6109e-05
-9.2462e-05
-9.8599e-05
-0.00010449
-0.00011009
-0.00011537
-0.00012029
-0.00012483
-0.00012894
-0.00013261
-0.0001358
-0.00013848
-0.00014063
-0.00014222
-0.00014324
-0.00014366
-0.00014347
-0.00014266
-0.00014121
-0.00013912
-0.00013638
-0.00013298
-0.00012894
-0.00012425
-0.00011891
-0.00011295
-0.00010637
-9.9189e-05
-9.1425e-05
-8.3103e-05
-7.4245e-05
-6.4882e-05
-5.5044e-05
-4.4764e-05
-3.408e-05
-2.303e-05
-1.1655e-05
3.6786e-19
1.1891e-05
2.397e-05
3.6188e-05
4.8495e-05
6.0838e-05
7.3165e-05
8.5422e-05
9.7555e-05
0.00010951
0.00012123
0.00013266
0.00014375
0.00015445
0.0001647
0.00017444
0.00018364
0.00019224
0.00020019
0.00020746
0.00021399
0.00021975
0.0002247
0.00022881
0.00023204
0.00023438
0.00023578
0.00023625
0.00023575
0.00023428
0.00023182
0.00022838
0.00022394
0.00021853
0.00021214
0.00020478
0.00019648
0.00018725
0.00017713
0.00016613
0.00015429
0.00014166
0.00012827
0.00011416
9.9394e-05
8.4014e-05
6.8079e-05
5.1647e-05
3.478e-05
1.7542e-05
2.4803e-18
-1.7778e-05
-3.572e-05
-5.3755e-05
-7.1809e-05
-8.9808e-05
-0.00010768
-0.00012534
-0.00014272
-0.00015974
-0.00017634
-0.00019242
-0.00020793
-0.00022279
-0.00023693
-0.00025029
-0.0002628
-0.00027439
-0.00028502
-0.00029462
-0.00030315
-0.00031055
-0.00031679
-0.00032182
-0.00032561
-0.00032813
-0.00032935
-0.00032926
-0.00032784
-0.00032508
-0.00032098
-0.00031554
-0.00030877
-0.00030068
-0.00029129
-0.00028063
-0.00026872
-0.00025559
-0.0002413
-0.00022589
-0.0002094
-0.00019189
-0.00017343
-0.00015408
-0.00013391
-0.00011298
-9.1394e-05
-6.9214e-05
-4.653e-05
-2.3429e-05
3.3084e-18
2.3664e-05
4.747e-05
7.1322e-05
9.5124e-05
0.00011878
0.00014219
0.00016526
0.00018788
0.00020998
0.00023144
0.00025218
0.00027211
0.00029113
0.00030917
0.00032613
0.00034195
0.00035655
0.00036985
0.00038179
0.00039231
0.00040136
0.00040888
0.00041483
0.00041917
0.00042188
0.00042291
0.00042227
0.00041993
0.00041589
0.00041014
0.00040271
0.0003936
0.00038284
0.00037045
0.00035647
0.00034095
0.00032394
0.00030548
0.00028565
0.0002645
0.00024213
0.0002186
0.000194
0.00016842
0.00014195
0.00011471
8.6781e-05
5.828e-05
2.9315e-05
9.179e-19
-2.9551e-05
-5.922e-05
-8.8889e-05
-0.00011844
-0.00014775
-0.0001767
-0.00020517
-0.00023305
-0.00026021
-0.00028655
-0.00031194
-0.00033628
-0.00035947
-0.0003814
-0.00040198
-0.00042111
-0.0004387
-0.00045468
-0.00046896
-0.00048147
-0.00049216
-0.00050097
-0.00050784
-0.00051274
-0.00051563
-0.00051648
-0.00051528
-0.00051202
-0.00050669
-0.0004993
-0.00048988
-0.00047843
-0.00046499
-0.0004496
-0.00043232
-0.00041319
-0.00039228
-0.00036966
-0.0003454
-0.00031961
-0.00029236
-0.00026376
-0.00023391
-0.00020293
-0.00017093
-0.00013802
-0.00010435
-7.003e-05
-3.5202e-05
8.8216e-18
3.5437e-05
7.097e-05
0.00010646
0.00014175
0.00017672
0.00021121
0.00024509
0.00027821
0.00031044
0.00034165
0.0003717
0.00040046
0.00042781
0.00045364
0.00047783
0.00050026
0.00052085
0.0005395
0.00055612
0.00057063
0.00058297
0.00059306
0.00060085
0.0006063
0.00060938
0.00061004
0.00060829
0.00060411
0.00059749
0.00058847
0.00057704
0.00056325
0.00054714
0.00052876
0.00050816
0.00048542
0.00046062
0.00043383
0.00040516
0.00037471
0.00034259
0.00030892
0.00027383
0.00023744
0.0001999
0.00016134
0.00012191
8.178e-05
4.1089e-05
-3.2171e-18
-4.1324e-05
-8.272e-05
-0.00012402
-0.00016507
-0.00020569
-0.00024572
-0.00028501
-0.00032338
-0.00036068
-0.00039676
-0.00043146
-0.00046464
-0.00049615
-0.00052588
-0.00055367
-0.00057942
-0.00060301
-0.00062433
-0.00064329
-0.0006598
-0.00067377
-0.00068515
-0.00069386
-0.00069987
-0.00070313
-0.00070361
-0.0007013
-0.0006962
-0.0006883
-0.00067763
-0.00066421
-0.00064808
-0.0006293
-0.00060792
-0.00058401
-0.00055766
-0.00052896
-0.00049801
-0.00046492
-0.00042982
-0.00039283
-0.00035409
-0.00031375
-0.00027195
-0.00022887
-0.00018465
-0.00013948
-9.353e-05
-4.6975e-05
-4.4087e-18
4.7211e-05
9.447e-05
0.00014159
0.00018838
0.00023466
0.00028023
0.00032492
0.00036854
0.00041091
0.00045186
0.00049121
0.00052881
0.0005645
0.00059811
0.00062952
0.00065858
0.00068516
0.00070916
0.00073046
0.00074896
0.00076458
0.00077723
0.00078687
0.00079343
0.00079688
0.00079717
0.00079431
0.00078829
0.0007791
0.00076679
0.00075138
0.00073291
0.00071145
0.00068707
0.00065985
0.00062989
0.0005973
0.00056218
0.00052468
0.00048492
0.00044306
0.00039925
0.00035366
0.00030646
0.00025784
0.00020797
0.00015705
0.00010528
5.2862e-05
-9.9249e-18
-5.3097e-05
-0.00010622
-0.00015916
-0.0002117
-0.00026363
-0.00031475
-0.00036484
-0.00041371
-0.00046115
-0.00050696
-0.00055097
-0.00059299
-0.00063284
-0.00067035
-0.00070536
-0.00073773
-0.00076732
-0.00079399
-0.00081762
-0.00083812
-0.00085538
-0.00086932
-0.00087988
-0.000887
-0.00089063
-0.00089074
-0.00088732
-0.00088037
-0.00086991
-0.00085595
-0.00083854
-0.00081774
-0.00079361
-0.00076623
-0.0007357
-0.00070213
-0.00066564
-0.00062636
-0.00058444
-0.00054003
-0.0004933
-0.00044442
-0.00039358
-0.00034098
-0.00028681
-0.00023128
-0.00017462
-0.00011703
-5.8748e-05
9.2081e-19
5.8984e-05
0.00011797
0.00017672
0.00023501
0.0002926
0.00034926
0.00040476
0.00045887
0.00051138
0.00056207
0.00061073
0.00065717
0.00070118
0.00074258
0.00078121
0.00081689
0.00084947
0.00087881
0.00090479
0.00092728
0.00094618
0.00096141
0.00097289
0.00098056
0.00098438
0.0009843
0.00098033
0.00097246
0.00096071
0.00094511
0.00092571
0.00090256
0.00087576
0.00084538
0.00081155
0.00077437
0.00073398
0.00069054
0.0006442
0.00059513
0.00054353
0.00048958
0.0004335
0.00037549
0.00031578
0.0002546
0.00019218
0.00012878
6.4635e-05
-1.9205e-17
-6.487e-05
-0.00012972
-0.00019429
-0.00025833
-0.00032157
-0.00038377
-0.00044467
-0.00050403
-0.00056161
-0.00061717
-0.00067049
-0.00072134
-0.00076952
-0.00081482
-0.00085705
-0.00089604
-0.00093162
-0.00096364
-0.00099196
-0.0010164
-0.001037
-0.0010535
-0.0010659
-0.0010741
-0.0010781
-0.0010779
-0.0010733
-0.0010646
-0.0010515
-0.0010343
-0.0010129
-0.00098739
-0.00095791
-0.00092454
-0.00088739
-0.0008466
-0.00080232
-0.00075471
-0.00070396
-0.00065024
-0.00059376
-0.00053475
-0.00047341
-0.00041
-0.00034475
-0.00027791
-0.00020975
-0.00014053
-7.0522e-05
8.823e-18
7.0757e-05
0.00014147
0.00021186
0.00028164
0.00035054
0.00041828
0.00048459
0.0005492
0.00061185
0.00067228
0.00073025
0.00078552
0.00083786
0.00088705
0.0009329
0.0009752
0.0010138
0.0010485
0.0010791
0.0011056
0.0011278
0.0011456
0.0011589
0.0011677
0.0011719
0.0011714
0.0011664
0.0011566
0.0011423
0.0011234
0.0011
0.0010722
0.0010401
0.0010037
0.00096324
0.00091884
0.00087066
0.00081889
0.00076371
0.00070534
0.000644
0.00057991
0.00051333
0.00044451
0.00037372
0.00030123
0.00022732
0.00015228
7.6408e-05
3.5806e-18
-7.6644e-05
-0.00015322
-0.00022942
-0.00030496
-0.00037951
-0.00045279
-0.00052451
-0.00059436
-0.00066208
-0.00072738
-0.00079001
-0.00084969
-0.0009062
-0.00095929
-0.0010087
-0.0010544
-0.0010959
-0.0011333
-0.0011663
-0.0011948
-0.0012186
-0.0012377
-0.0012519
-0.0012613
-0.0012656
-0.001265
-0.0012594
-0.0012487
-0.0012331
-0.0012126
-0.0011872
-0.001157
-0.0011222
-0.0010829
-0.0010391
-0.00099107
-0.000939
-0.00088307
-0.00082347
-0.00076045
-0.00069423
-0.00062508
-0.00055325
-0.00047902
-0.00040269
-0.00032454
-0.00024488
-0.00016403
-8.2295e-05
1.9298e-17
8.253e-05
0.00016497
0.00024699
0.00032827
0.00040848
0.0004873
0.00056442
0.00063953
0.00071231
0.00078249
0.00084977
0.00091387
0.00097454
0.0010315
0.0010846
0.0011335
0.0011781
0.0012181
0.0012535
0.0012839
0.0013094
0.0013298
0.0013449
0.0013548
0.0013594
0.0013586
0.0013524
0.0013408
0.0013239
0.0013018
0.0012744
0.0012419
0.0012044
0.001162
0.0011149
0.0010633
0.0010073
0.00094724
0.00088323
0.00081555
0.00074446
0.00067024
0.00059316
0.00051353
0.00043166
0.00034785
0.00026245
0.00017578
8.8181e-05
-5.5161e-18
-8.8417e-05
-0.00017672
-0.00026456
-0.00035159
-0.00043745
-0.00052182
-0.00060434
-0.00068469
-0.00076255
-0.00083759
-0.00090952
-0.00097805
-0.0010429
-0.0011038
-0.0011604
-0.0012127
-0.0012602
-0.001303
-0.0013406
-0.0013731
-0.0014002
-0.0014219
-0.0014379
-0.0014484
-0.0014531
-0.0014521
-0.0014454
-0.0014329
-0.0014147
-0.0013909
-0.0013615
-0.0013267
-0.0012865
-0.0012412
-0.0011908
-0.0011355
-0.0010757
-0.0010114
-0.00094299
-0.00087066
-0.0007947
-0.0007154
-0.00063308
-0.00054805
-0.00046063
-0.00037117
-0.00028002
-0.00018753
-9.4068e-05
3.2346e-17
9.4304e-05
0.00018847
0.00028213
0.0003749
0.00046642
0.00055633
0.00064426
0.00072986
0.00081278
0.0008927
0.00096928
0.0010422
0.0011112
0.001176
0.0012363
0.0012918
0.0013424
0.0013878
0.0014278
0.0014622
0.001491
0.001514
0.001531
0.001542
0.0015469
0.0015457
0.0015384
0.001525
0.0015055
0.0014801
0.0014487
0.0014115
0.0013687
0.0013203
0.0012666
0.0012078
0.001144
0.0010756
0.0010027
0.00092576
0.00084493
0.00076057
0.000673
0.00058256
0.0004896
0.00039448
0.00029758
0.00019928
9.9955e-05
-1.7186e-17
-0.00010019
-0.00020022
-0.00029969
-0.00039821
-0.00049539
-0.00059084
-0.00068417
-0.00077502
-0.00086302
-0.0009478
-0.001029
-0.0011064
-0.0011796
-0.0012482
-0.0013121
-0.001371
-0.0014245
-0.0014726
-0.001515
-0.0015514
-0.0015818
-0.001606
-0.001624
-0.0016355
-0.0016406
-0.0016393
-0.0016314
-0.0016171
-0.0015963
-0.0015692
-0.0015359
-0.0014964
-0.0014508
-0.0013995
-0.0013425
-0.00128
-0.0012124
-0.0011398
-0.0010625
-0.00098087
-0.00089517
-0.00080573
-0.00071291
-0.00061707
-0.00051857
-0.0004178
-0.00031515
-0.00021103
-0.00010584
4.1781e-21
0.00010608
0.00021197
0.00031726
0.00042153
0.00052436
0.00062535
0.00072409
0.00082019
0.00091325
0.0010029
0.0010888
0.0011706
0.0012479
0.0013205
0.001388
0.0014501
0.0015067
0.0015574
0.0016021
0.0016406
0.0016726
0.0016981
0.001717
0.0017291
0.0017344
0.0017328
0.0017244
0.0017092
0.0016872
0.0016584
0.001623
0.0015812
0.001533
0.0014786
0.0014183
0.0013523
0.0012807
0.0012039
0.0011223
0.001036
0.0009454
0.0008509
0.00075283
0.00065158
0.00054754
0.00044111
0.00033272
0.00022278
0.00011173
-3.1428e-17
-0.00011196
-0.00022372
-0.00033483
-0.00044484
-0.00055333
-0.00065986
-0.00076401
-0.00086535
-0.00096348
-0.001058
-0.0011486
-0.0012348
-0.0013162
-0.0013927
-0.0014638
-0.0015293
-0.0015889
-0.0016423
-0.0016893
-0.0017297
-0.0017634
-0.0017902
-0.00181
-0.0018226
-0.0018281
-0.0018264
-0.0018174
-0.0018013
-0.001778
-0.0017476
-0.0017102
-0.001666
-0.0016151
-0.0015578
-0.0014942
-0.0014245
-0.001349
-0.0012681
-0.001182
-0.0010911
-0.00099563
-0.00089606
-0.00079275
-0.00068609
-0.00057651
-0.00046443
-0.00035029
-0.00023453
-0.00011761
-4.0423e-17
0.00011773
0.000235
0.00035134
0.00046629
0.00057941
0.00069023
0.00079834
0.00090329
0.0010047
0.0011021
0.0011952
0.0012835
0.0013668
0.0014447
0.0015169
0.0015831
0.0016431
0.0016966
0.0017433
0.0017832
0.0018161
0.0018418
0.0018602
0.0018713
0.001875
0.0018713
0.0018602
0.0018418
0.0018161
0.0017832
0.0017433
0.0016966
0.0016431
0.0015831
0.0015169
0.0014447
0.0013668
0.0012835
0.0011952
0.0011021
0.0010047
0.00090329
0.00079834
0.00069023
0.00057941
0.00046629
0.00035134
0.000235
0.00011773
7.3456e-18
-0.00011773
-0.000235
-0.00035134
-0.00046629
-0.00057941
-0.00069023
-0.00079834
-0.00090329
-0.0010047
-0.0011021
-0.0011952
-0.0012835
-0.0013668
-0.0014447
-0.0015169
-0.0015831
-0.0016431
-0.0016966
-0.0017433
-0.0017832
-0.0018161
-0.0018418
-0.0018602
-0.0018713
-0.001875
-0.0018713
-0.0018602
-0.0018418
-0.0018161
-0.0017832
-0.0017433
-0.0016966
-0.0016431
-0.0015831
-0.0015169
-0.0014447
-0.0013668
-0.0012835
-0.0011952
-0.0011021
-0.0010047
-0.00090329
-0.00079834
-0.00069023
-0.00057941
-0.00046629
-0.00035134
-0.000235
-0.00011773
-2.7559e-17
0.00011773
0.000235
0.00035134
0.00046629
0.00057941
0.00069023
0.00079834
0.00090329
0.0010047
0.0011021
0.0011952
0.0012835
0.0013668
0.0014447
0.0015169
0.0015831
0.0016431
0.0016966
0.0017433
0.0017832
0.0018161
0.0018418
0.0018602
0.0018713
0.001875
0.0018713
0.0018602
0.0018418
0.0018161
0.0017832
0.0017433
0.0016966
0.0016431
0.0015831
0.0015169
0.0014447
0.0013668
0.0012835
0.0011952
0.0011021
0.0010047
0.00090329
0.00079834
0.00069023
0.00057941
0.00046629
0.00035134
0.000235
0.00011773
4.7773e-17
-0.00011773
-0.000235
-0.00035134
-0.00046629
-0.00057941
-0.00069023
-0.00079834
-0.00090329
-0.0010047
-0.0011021
-0.0011952
-0.0012835
-0.0013668
-0.0014447
-0.0015169
-0.0015831
-0.0016431
-0.0016966
-0.0017433
-0.0017832
-0.0018161
-0.0018418
-0.0018602
-0.0018713
-0.001875
-0.0018713
-0.0018602
-0.0018418
-0.0018161
-0.0017832
-0.0017433
-0.0016966
-0.0016431
-0.0015831
-0.0015169
-0.0014447
-0.0013668
-0.0012835
-0.0011952
-0.0011021
-0.0010047
-0.00090329
-0.00079834
-0.00069023
-0.00057941
-0.00046629
-0.00035134
-0.000235
-0.00011773
-1.4696e-17
0.00011773
0.000235
0.00035134
0.00046629
0.00057941
0.00069023
0.00079834
0.00090329
0.0010047
0.0011021
0.0011952
0.0012835
0.0013668
0.0014447
0.0015169
0.0015831
0.0016431
0.0016966
0.0017433
0.0017832
0.0018161
0.0018418
0.0018602
0.0018713
0.001875
0.0018713
0.0018602
0.0018418
0.0018161
0.0017832
0.0017433
0.0016966
0.0016431
0.0015831
0.0015169
0.0014447
0.0013668
0.0012835
0.0011952
0.0011021
0.0010047
0.00090329
0.00079834
0.00069023
0.00057941
0.00046629
0.00035134
0.000235
0.00011773
3.4909e-17
-0.00011773
-0.000235
-0.00035134
-0.00046629
-0.00057941
-0.00069023
-0.00079834
-0.00090329
-0.0010047
-0.0011021
-0.0011952
-0.0012835
-0.0013668
-0.0014447
-0.0015169
-0.0015831
-0.0016431
-0.0016966
-0.0017433
-0.0017832
-0.0018161
-0.0018418
-0.0018602
-0.0018713
-0.001875
-0.0018713
-0.0018602
-0.0018418
-0.0018161
-0.0017832
-0.0017433
-0.0016966
-0.0016431
-0.0015831
-0.0015169
-0.0014447
-0.0013668
-0.0012835
-0.0011952
-0.0011021
-0.0010047
-0.00090329
-0.00079834
-0.00069023
-0.00057941
-0.00046629
-0.00035134
-0.000235
-0.00011773
-1.8323e-18
0.00011773
0.000235
0.00035134
0.00046629
0.00057941
0.00069023
0.00079834
0.00090329
0.0010047
0.0011021
0.0011952
0.0012835
0.0013668
0.0014447
0.0015169
0.0015831
0.0016431
0.0016966
0.0017433
0.0017832
0.0018161
0.0018418
0.0018602
0.0018713
0.001875
0.0018713
0.0018602
0.0018418
0.0018161
0.0017832
0.0017433
0.0016966
0.0016431
0.0015831
0.0015169
0.0014447
0.0013668
0.0012835
0.0011952
0.0011021
0.0010047
0.00090329
0.00079834
0.00069023
0.00057941
0.00046629
0.00035134
0.000235
0.00011773
2.2046e-17
-0.00011773
-0.000235
-0.00035134
-0.00046629
-0.00057941
-0.00069023
-0.00079834
-0.00090329
-0.0010047
-0.0011021
-0.0011952
-0.0012835
-0.0013668
-0.0014447
-0.0015169
-0.0015831
-0.0016431
-0.0016966
-0.0017433
-0.0017832
-0.0018161
-0.0018418
-0.0018602
-0.0018713
-0.001875
-0.0018713
-0.0018602
-0.0018418
-0.0018161
-0.0017832
-0.0017433
-0.0016966
-0.0016431
-0.0015831
-0.0015169
-0.0014447
-0.0013668
-0.0012835
-0.0011952
-0.0011021
-0.0010047
-0.00090329
-0.00079834
-0.00069023
-0.00057941
-0.00046629
-0.00035134
-0.000235
-0.00011773
-4.226e-17
0.00011773
0.000235
0.00035134
0.00046629
0.00057941
0.00069023
0.00079834
0.00090329
0.0010047
0.0011021
0.0011952
0.0012835
0.0013668
0.0014447
0.0015169
0.0015831
0.0016431
0.0016966
0.0017433
0.0017832
0.0018161
0.0018418
0.0018602
0.0018713
0.001875
0.0018713
0.0018602
0.0018418
0.0018161
0.0017832
0.0017433
0.0016966
0.0016431
0.0015831
0.0015169
0.0014447
0.0013668
0.0012835
0.0011952
0.0011021
0.0010047
0.00090329
0.00079834
0.00069023
0.00057941
0.00046629
0.00035134
0.000235
0.00011773
9.1825e-18
-0.00011773
-0.000235
-0.00035134
-0.00046629
-0.00057941
-0.00069023
-0.00079834
-0.00090329
-0.0010047
-0.0011021
-0.0011952
-0.0012835
-0.0013668
-0.0014447
-0.0015169
-0.0015831
-0.0016431
-0.0016966
-0.0017433
-0.0017832
-0.0018161
-0.0018418
-0.0018602
-0.0018713
-0.001875
-0.0018713
-0.0018602
-0.0018418
-0.0018161
-0.0017832
-0.0017433
-0.0016966
-0.0016431
-0.0015831
-0.0015169
-0.0014447
-0.0013668
-0.0012835
-0.0011952
-0.0011021
-0.0010047
-0.00090329
-0.00079834
-0.00069023
-0.00057941
-0.00046629
-0.00035134
-0.000235
-0.00011773
-2.9396e-17
0.00011773
0.000235
0.00035134
0.00046629
0.00057941
0.00069023
0.00079834
0.00090329
0.0010047
0.0011021
0.0011952
0.0012835
0.0013668
0.0014447
0.0015169
0.0015831
0.0016431
0.0016966
0.0017433
0.0017832
0.0018161
0.0018418
0.0018602
0.0018713
0.001875
0.0018713
0.0018602
0.0018418
0.0018161
0.0017832
0.0017433
0.0016966
0.0016431
0.0015831
0.0015169
0.0014447
0.0013668
0.0012835
0.0011952
0.0011021
0.0010047
0.00090329
0.00079834
0.00069023
0.00057941
0.00046629
0.00035134
0.000235
0.00011773
-3.6809e-18
-0.00011773
-0.000235
-0.00035134
-0.00046629
-0.00057941
-0.00069023
-0.00079834
-0.00090329
-0.0010047
-0.0011021
-0.0011952
-0.0012835
-0.0013668
-0.0014447
-0.0015169
-0.0015831
-0.0016431
-0.0016966
-0.0017433
-0.0017832
-0.0018161
-0.0018418
-0.0018602
-0.0018713
-0.001875
-0.0018713
-0.0018602
-0.0018418
-0.0018161
-0.0017832
-0.0017433
-0.0016966
-0.0016431
-0.0015831
-0.0015169
-0.0014447
-0.0013668
-0.0012835
-0.0011952
-0.0011021
-0.0010047
-0.00090329
-0.00079834
-0.00069023
-0.00057941
-0.00046629
-0.00035134
-0.000235
-0.00011773
-1.6533e-17
0.00011773
0.000235
0.00035134
0.00046629
0.00057941
0.00069023
0.00079834
0.00090329
0.0010047
0.0011021
0.0011952
0.0012835
0.0013668
0.0014447
0.0015169
0.0015831
0.0016431
0.0016966
0.0017433
0.0017832
0.0018161
0.0018418
0.0018602
0.0018713
0.001875
0.0018713
0.0018602
0.0018418
0.0018161
0.0017832
0.0017433
0.0016966
0.0016431
0.0015831
0.0015169
0.0014447
0.0013668
0.0012835
0.0011952
0.0011021
0.0010047
0.00090329
0.00079834
0.00069023
0.00057941
0.00046629
0.00035134
0.000235
0.00011773
3.6746e-17
-0.00011773
-0.000235
-0.00035134
-0.00046629
-0.00057941
-0.00069023
-0.00079834
-0.00090329
-0.0010047
-0.0011021
-0.0011952
-0.0012835
-0.0013668
-0.0014447
-0.0015169
-0.0015831
-0.0016431
-0.0016966
-0.0017433
-0.0017832
-0.0018161
-0.0018418
-0.0018602
-0.0018713
-0.001875
-0.0018713
-0.0018602
-0.0018418
-0.0018161
-0.0017832
-0.0017433
-0.0016966
-0.0016431
-0.0015831
-0.0015169
-0.0014447
-0.0013668
-0.0012835
-0.0011952
-0.0011021
-0.0010047
-0.00090329
-0.00079834
-0.00069023
-0.00057941
-0.00046629
-0.00035134
-0.000235
-0.00011773
-3.6693e-18
0.00011773
0.000235
0.00035134
0.00046629
0.00057941
0.00069023
0.00079834
0.00090329
0.0010047
0.0011021
0.0011952
0.0012835
0.0013668
0.0014447
0.0015169
0.0015831
0.0016431
0.0016966
0.0017433
0.0017832
0.0018161
0.0018418
0.0018602
0.0018713
0.001875
0.0018713
0.0018602
0.0018418
0.0018161
0.0017832
0.0017433
0.0016966
0.0016431
0.0015831
0.0015169
0.0014447
0.0013668
0.0012835
0.0011952
0.0011021
0.0010047
0.00090329
0.00079834
0.00069023
0.00057941
0.00046629
0.00035134
0.000235
0.00011773
2.3883e-17
-0.00011773
-0.000235
-0.00035134
-0.00046629
-0.00057941
-0.00069023
-0.00079834
-0.00090329
-0.0010047
-0.0011021
-0.0011952
-0.0012835
-0.0013668
-0.0014447
-0.0015169
-0.0015831
-0.0016431
-0.0016966
-0.0017433
-0.0017832
-0.0018161
-0.0018418
-0.0018602
-0.0018713
-0.001875
-0.0018713
-0.0018602
-0.0018418
-0.0018161
-0.0017832
-0.0017433
-0.0016966
-0.0016431
-0.0015831
-0.0015169
-0.0014447
-0.0013668
-0.0012835
-0.0011952
-0.0011021
-0.0010047
-0.00090329
-0.00079834
-0.00069023
-0.00057941
-0.00046629
-0.00035134
-0.000235
-0.00011773
9.1941e-18
0.00011773
0.000235
0.00035134
0.00046629
0.00057941
0.00069023
0.00079834
0.00090329
0.0010047
0.0011021
0.0011952
0.0012835
0.0013668
0.0014447
0.0015169
0.0015831
0.0016431
0.0016966
0.0017433
0.0017832
0.0018161
0.0018418
0.0018602
0.0018713
0.001875
0.0018713
0.0018602
0.0018418
0.0018161
0.0017832
0.0017433
0.0016966
0.0016431
0.0015831
0.0015169
0.0014447
0.0013668
0.0012835
0.0011952
0.0011021
0.0010047
0.00090329
0.00079834
0.00069023
0.00057941
0.00046629
0.00035134
0.000235
0.00011773
1.102e-17
-0.00011773
-0.000235
-0.00035134
-0.00046629
-0.00057941
-0.00069023
-0.00079834
-0.00090329
-0.0010047
-0.0011021
-0.0011952
-0.0012835
-0.0013668
-0.0014447
-0.0015169
-0.0015831
-0.0016431
-0.0016966
-0.0017433
-0.0017832
-0.0018161
-0.0018418
-0.0018602
-0.0018713
-0.001875
-0.0018713
-0.0018602
-0.0018418
-0.0018161
-0.0017832
-0.0017433
-0.0016966
-0.0016431
-0.0015831
-0.0015169
-0.0014447
-0.0013668
-0.0012835
-0.0011952
-0.0011021
-0.0010047
-0.00090329
-0.00079834
-0.00069023
-0.00057941
-0.00046629
-0.00035134
-0.000235
-0.00011773
-3.1233e-17
0.00011773
0.000235
0.00035134
0.00046629
0.00057941
0.00069023
0.00079834
0.00090329
0.0010047
0.0011021
0.0011952
0.0012835
0.0013668
0.0014447
0.0015169
0.0015831
0.0016431
0.0016966
0.0017433
0.0017832
0.0018161
0.0018418
0.0018602
0.0018713
0.001875
0.0018713
0.0018602
0.0018418
0.0018161
0.0017832
0.0017433
0.0016966
0.0016431
0.0015831
0.0015169
0.0014447
0.0013668
0.0012835
0.0011952
0.0011021
0.0010047
0.00090329
0.00079834
0.00069023
0.00057941
0.00046629
0.00035134
0.000235
0.00011773
-1.8439e-18
-0.00011773
-0.000235
-0.00035134
-0.00046629
-0.00057941
-0.00069023
-0.00079834
-0.00090329
-0.0010047
-0.0011021
-0.0011952
-0.0012835
-0.0013668
-0.0014447
-0.0015169
-0.0015831
-0.0016431
-0.0016966
-0.0017433
-0.0017832
-0.0018161
-0.0018418
-0.0018602
-0.0018713
-0.001875
-0.0018713
-0.0018602
-0.0018418
-0.0018161
-0.0017832
-0.0017433
-0.0016966
-0.0016431
-0.0015831
-0.0015169
-0.0014447
-0.0013668
-0.0012835
-0.0011952
-0.0011021
-0.0010047
-0.00090329
-0.00079834
-0.00069023
-0.00057941
-0.00046629
-0.00035134
-0.000235
-0.00011773
-1.837e-17
0.00011773
0.000235
0.00035134
0.00046629
0.00057941
0.00069023
0.00079834
0.00090329
0.0010047
0.0011021
0.0011952
0.0012835
0.0013668
0.0014447
0.0015169
0.0015831
0.0016431
0.0016966
0.0017433
0.0017832
0.0018161
0.0018418
0.0018602
0.0018713
0.001875
0.0018713
0.0018602
0.0018418
0.0018161
0.0017832
0.0017433
0.0016966
0.0016431
0.0015831
0.0015169
0.0014447
0.0013668
0.0012835
0.0011952
0.0011021
0.0010047
0.00090329
0.00079834
0.00069023
0.00057941
0.00046629
0.00035134
0.000235
0.00011773
3.8583e-17
-0.00011773
-0.000235
-0.00035134
-0.00046629
-0.00057941
-0.00069023
-0.00079834
-0.00090329
-0.0010047
-0.0011021
-0.0011952
-0.0012835
-0.0013668
-0.0014447
-0.0015169
-0.0015831
-0.0016431
-0.0016966
-0.0017433
-0.0017832
-0.0018161
-0.0018418
-0.0018602
-0.0018713
-0.001875
-0.0018713
-0.0018602
-0.0018418
-0.0018161
-0.0017832
-0.0017433
-0.0016966
-0.0016431
-0.0015831
-0.0015169
-0.0014447
-0.0013668
-0.0012835
-0.0011952
-0.0011021
-0.0010047
-0.00090329
-0.00079834
-0.00069023
-0.00057941
-0.00046629
-0.00035134
-0.000235
-0.00011773
-5.8797e-17
0.00011773
0.000235
0.00035134
0.00046629
0.00057941
0.00069023
0.00079834
0.00090329
0.0010047
0.0011021
0.0011952
0.0012835
0.0013668
0.0014447
0.0015169
0.0015831
0.0016431
0.0016966
0.0017433
0.0017832
0.0018161
0.0018418
0.0018602
0.0018713
0.001875
0.0018713
0.0018602
0.0018418
0.0018161
0.0017832
0.0017433
0.0016966
0.0016431
0.0015831
0.0015169
0.0014447
0.0013668
0.0012835
0.0011952
0.0011021
0.0010047
0.00090329
0.00079834
0.00069023
0.00057941
0.00046629
0.00035134
0.000235
0.00011773
-2.7571e-17
-0.00011773
-0.000235
-0.00035134
-0.00046629
-0.00057941
-0.00069023
-0.00079834
-0.00090329
-0.0010047
-0.0011021
-0.0011952
-0.0012835
-0.0013668
-0.0014447
-0.0015169
-0.0015831
-0.0016431
-0.0016966
-0.0017433
-0.0017832
-0.0018161
-0.0018418
-0.0018602
-0.0018713
-0.001875
-0.0018713
-0.0018602
-0.0018418
-0.0018161
-0.0017832
-0.0017433
-0.0016966
-0.0016431
-0.0015831
-0.0015169
-0.0014447
-0.0013668
-0.0012835
-0.0011952
-0.0011021
-0.0010047
-0.00090329
-0.00079834
-0.00069023
-0.00057941
-0.00046629
-0.00035134
-0.000235
-0.00011773
7.3572e-18
0.00011773
0.000235
0.00035134
0.00046629
0.00057941
0.00069023
0.00079834
0.00090329
0.0010047
0.0011021
0.0011952
0.0012835
0.0013668
0.0014447
0.0015169
0.0015831
0.0016431
0.0016966
0.0017433
0.0017832
0.0018161
0.0018418
0.0018602
0.0018713
0.001875
0.0018713
0.0018602
0.0018418
0.0018161
0.0017832
0.0017433
0.0016966
0.0016431
0.0015831
0.0015169
0.0014447
0.0013668
0.0012835
0.0011952
0.0011021
0.0010047
0.00090329
0.00079834
0.00069023
0.00057941
0.00046629
0.00035134
0.000235
0.00011773
1.2856e-17
-0.00011773
-0.000235
-0.00035134
-0.00046629
-0.00057941
-0.00069023
-0.00079834
-0.00090329
-0.0010047
-0.0011021
-0.0011952
-0.0012835
-0.0013668
-0.0014447
-0.0015169
-0.0015831
-0.0016431
-0.0016966
-0.0017433
-0.0017832
-0.0018161
-0.0018418
-0.0018602
-0.0018713
-0.001875
-0.0018713
-0.0018602
-0.0018418
-0.0018161
-0.0017832
-0.0017433
-0.0016966
-0.0016431
-0.0015831
-0.0015169
-0.0014447
-0.0013668
-0.0012835
-0.0011952
-0.0011021
-0.0010047
-0.00090329
-0.00079834
-0.00069023
-0.00057941
-0.00046629
-0.00035134
-0.000235
-0.00011773
-3.307e-17
0.00011773
0.000235
0.00035134
0.00046629
0.00057941
0.00069023
0.00079834
0.00090329
0.0010047
0.0011021
0.0011952
0.0012835
0.0013668
0.0014447
0.0015169
0.0015831
0.0016431
0.0016966
0.0017433
0.0017832
0.0018161
0.0018418
0.0018602
0.0018713
0.001875
0.0018713
0.0018602
0.0018418
0.0018161
0.0017832
0.0017433
0.0016966
0.0016431
0.0015831
0.0015169
0.0014447
0.0013668
0.0012835
0.0011952
0.0011021
0.0010047
0.00090329
0.00079834
0.00069023
0.00057941
0.00046629
0.00035134
0.000235
0.00011773
-5.3298e-17
-0.00011773
-0.000235
-0.00035134
-0.00046629
-0.00057941
-0.00069023
-0.00079834
-0.00090329
-0.0010047
-0.0011021
-0.0011952
-0.0012835
-0.0013668
-0.0014447
-0.0015169
-0.0015831
-0.0016431
-0.0016966
-0.0017433
-0.0017832
-0.0018161
-0.0018418
-0.0018602
-0.0018713
-0.001875
-0.0018713
-0.0018602
-0.0018418
-0.0018161
-0.0017832
-0.0017433
-0.0016966
-0.0016431
-0.0015831
-0.0015169
-0.0014447
-0.0013668
-0.0012835
-0.0011952
-0.0011021
-0.0010047
-0.00090329
-0.00079834
-0.00069023
-0.00057941
-0.00046629
-0.00035134
-0.000235
-0.00011773
3.3084e-17
0.00011773
0.000235
0.00035134
0.00046629
0.00057941
0.00069023
0.00079834
0.00090329
0.0010047
0.0011021
0.0011952
0.0012835
0.0013668
0.0014447
0.0015169
0.0015831
0.0016431
0.0016966
0.0017433
0.0017832
0.0018161
0.0018418
0.0018602
0.0018713
0.001875
0.0018713
0.0018602
0.0018418
0.0018161
0.0017832
0.0017433
0.0016966
0.0016431
0.0015831
0.0015169
0.0014447
0.0013668
0.0012835
0.0011952
0.0011021
0.0010047
0.00090329
0.00079834
0.00069023
0.00057941
0.00046629
0.00035134
0.000235
0.00011773
-1.287e-17
-0.00011773
-0.000235
-0.00035134
-0.00046629
-0.00057941
-0.00069023
-0.00079834
-0.00090329
-0.0010047
-0.0011021
-0.0011952
-0.0012835
-0.0013668
-0.0014447
-0.0015169
-0.0015831
-0.0016431
-0.0016966
-0.0017433
-0.0017832
-0.0018161
-0.0018418
-0.0018602
-0.0018713
-0.001875
-0.0018713
-0.0018602
-0.0018418
-0.0018161
-0.0017832
-0.0017433
-0.0016966
-0.0016431
-0.0015831
-0.0015169
-0.0014447
-0.0013668
-0.0012835
-0.0011952
-0.0011021
-0.0010047
-0.00090329
-0.00079834
-0.00069023
-0.00057941
-0.00046629
-0.00035134
-0.000235
-0.00011773
-7.3432e-18
0.00011773
0.000235
0.00035134
0.00046629
0.00057941
0.00069023
0.00079834
0.00090329
0.0010047
0.0011021
0.0011952
0.0012835
0.0013668
0.0014447
0.0015169
0.0015831
0.0016431
0.0016966
0.0017433
0.0017832
0.0018161
0.0018418
0.0018602
0.0018713
0.001875
0.0018713
0.0018602
0.0018418
0.0018161
0.0017832
0.0017433
0.0016966
0.0016431
0.0015831
0.0015169
0.0014447
0.0013668
0.0012835
0.0011952
0.0011021
0.0010047
0.00090329
0.00079834
0.00069023
0.00057941
0.00046629
0.00035134
0.000235
0.00011773
2.7557e-17
-0.00011773
-0.000235
-0.00035134
-0.00046629
-0.00057941
-0.00069023
-0.00079834
-0.00090329
-0.0010047
-0.0011021
-0.0011952
-0.0012835
-0.0013668
-0.0014447
-0.0015169
-0.0015831
-0.0016431
-0.0016966
-0.0017433
-0.0017832
-0.0018161
-0.0018418
-0.0018602
-0.0018713
-0.001875
-0.0018713
-0.0018602
-0.0018418
-0.0018161
-0.0017832
-0.0017433
-0.0016966
-0.0016431
-0.0015831
-0.0015169
-0.0014447
-0.0013668
-0.0012835
-0.0011952
-0.0011021
-0.0010047
-0.00090329
-0.00079834
-0.00069023
-0.00057941
-0.00046629
-0.00035134
-0.000235
-0.00011773
5.8811e-17
0.00011773
0.000235
0.00035134
0.00046629
0.00057941
0.00069023
0.00079834
0.00090329
0.0010047
0.0011021
0.0011952
0.0012835
0.0013668
0.0014447
0.0015169
0.0015831
0.0016431
0.0016966
0.0017433
0.0017832
0.0018161
0.0018418
0.0018602
0.0018713
0.001875
0.0018713
0.0018602
0.0018418
0.0018161
0.0017832
0.0017433
0.0016966
0.0016431
0.0015831
0.0015169
0.0014447
0.0013668
0.0012835
0.0011952
0.0011021
0.0010047
0.00090329
0.00079834
0.00069023
0.00057941
0.00046629
0.00035134
0.000235
0.00011773
-3.8597e-17
-0.00011773
-0.000235
-0.00035134
-0.00046629
-0.00057941
-0.00069023
-0.00079834
-0.00090329
-0.0010047
-0.0011021
-0.0011952
-0.0012835
-0.0013668
-0.0014447
-0.0015169
-0.0015831
-0.0016431
-0.0016966
-0.0017433
-0.0017832
-0.0018161
-0.0018418
-0.0018602
-0.0018713
-0.001875
-0.0018713
-0.0018602
-0.0018418
-0.0018161
-0.0017832
-0.0017433
-0.0016966
-0.0016431
-0.0015831
-0.0015169
-0.0014447
-0.0013668
-0.0012835
-0.0011952
-0.0011021
-0.0010047
-0.00090329
-0.00079834
-0.00069023
-0.00057941
-0.00046629
-0.00035134
-0.000235
-0.00011773
1.8384e-17
0.00011773
0.000235
0.00035134
0.00046629
0.00057941
0.00069023
0.00079834
0.00090329
0.0010047
0.0011021
0.0011952
0.0012835
0.0013668
0.0014447
0.0015169
0.0015831
0.0016431
0.0016966
0.0017433
0.0017832
0.0018161
0.0018418
0.0018602
0.0018713
0.001875
0.0018713
0.0018602
0.0018418
0.0018161
0.0017832
0.0017433
0.0016966
0.0016431
0.0015831
0.0015169
0.0014447
0.0013668
0.0012835
0.0011952
0.0011021
0.0010047
0.00090329
0.00079834
0.00069023
0.00057941
0.00046629
0.00035134
0.000235
0.00011773
1.83e-18
-0.00011773
-0.000235
-0.00035134
-0.00046629
-0.00057941
-0.00069023
-0.00079834
-0.00090329
-0.0010047
-0.0011021
-0.0011952
-0.0012835
-0.0013668
-0.0014447
-0.0015169
-0.0015831
-0.0016431
-0.0016966
-0.0017433
-0.0017832
-0.0018161
-0.0018418
-0.0018602
-0.0018713
-0.001875
-0.0018713
-0.0018602
-0.0018418
-0.0018161
-0.0017832
-0.0017433
-0.0016966
-0.0016431
-0.0015831
-0.0015169
-0.0014447
-0.0013668
-0.0012835
-0.0011952
-0.0011021
-0.0010047
-0.00090329
-0.00079834
-0.00069023
-0.00057941
-0.00046629
-0.00035134
-0.000235
-0.00011773
-2.2044e-17
0.00011773
0.000235
0.00035134
0.00046629
0.00057941
0.00069023
0.00079834
0.00090329
0.0010047
0.0011021
0.0011952
0.0012835
0.0013668
0.0014447
0.0015169
0.0015831
0.0016431
0.0016966
0.0017433
0.0017832
0.0018161
0.0018418
0.0018602
0.0018713
0.001875
0.0018713
0.0018602
0.0018418
0.0018161
0.0017832
0.0017433
0.0016966
0.0016431
0.0015831
0.0015169
0.0014447
0.0013668
0.0012835
0.0011952
0.0011021
0.0010047
0.00090329
0.00079834
0.00069023
0.00057941
0.00046629
0.00035134
0.000235
0.00011773
-6.4324e-17
-0.00011773
-0.000235
-0.00035134
-0.00046629
-0.00057941
-0.00069023
-0.00079834
-0.00090329
-0.0010047
-0.0011021
-0.0011952
-0.0012835
-0.0013668
-0.0014447
-0.0015169
-0.0015831
-0.0016431
-0.0016966
-0.0017433
-0.0017832
-0.0018161
-0.0018418
-0.0018602
-0.0018713
-0.001875
-0.0018713
-0.0018602
-0.0018418
-0.0018161
-0.0017832
-0.0017433
-0.0016966
-0.0016431
-0.0015831
-0.0015169
-0.0014447
-0.0013668
-0.0012835
-0.0011952
-0.0011021
-0.0010047
-0.00090329
-0.00079834
-0.00069023
-0.00057941
-0.00046629
-0.00035134
-0.000235
-0.00011773
4.411e-17
0.00011773
0.000235
0.00035134
0.00046629
0.00057941
0.00069023
0.00079834
0.00090329
0.0010047
0.0011021
0.0011952
0.0012835
0.0013668
0.0014447
0.0015169
0.0015831
0.0016431
0.0016966
0.0017433
0.0017832
0.0018161
0.0018418
0.0018602
0.0018713
0.001875
0.0018713
0.0018602
0.0018418
0.0018161
0.0017832
0.0017433
0.0016966
0.0016431
0.0015831
0.0015169
0.0014447
0.0013668
0.0012835
0.0011952
0.0011021
0.0010047
0.00090329
0.00079834
0.00069023
0.00057941
0.00046629
0.00035134
0.000235
0.00011773
-2.3897e-17
-0.00011773
-0.000235
-0.00035134
-0.00046629
-0.00057941
-0.00069023
-0.00079834
-0.00090329
-0.0010047
-0.0011021
-0.0011952
-0.0012835
-0.0013668
-0.0014447
-0.0015169
-0.0015831
-0.0016431
-0.0016966
-0.0017433
-0.0017832
-0.0018161
-0.0018418
-0.0018602
-0.0018713
-0.001875
-0.0018713
-0.0018602
-0.0018418
-0.0018161
-0.0017832
-0.0017433
-0.0016966
-0.0016431
-0.0015831
-0.0015169
-0.0014447
-0.0013668
-0.0012835
-0.0011952
-0.0011021
-0.0010047
-0.00090329
-0.00079834
-0.00069023
-0.00057941
-0.00046629
-0.00035134
-0.000235
-0.00011773
3.6832e-18
0.00011773
0.000235
0.00035134
0.00046629
0.00057941
0.00069023
0.00079834
0.00090329
0.0010047
0.0011021
0.0011952
0.0012835
0.0013668
0.0014447
0.0015169
0.0015831
0.0016431
0.0016966
0.0017433
0.0017832
0.0018161
0.0018418
0.0018602
0.0018713
0.001875
0.0018713
0.0018602
0.0018418
0.0018161
0.0017832
0.0017433
0.0016966
0.0016431
0.0015831
0.0015169
0.0014447
0.0013668
0.0012835
0.0011952
0.0011021
0.0010047
0.00090329
0.00079834
0.00069023
0.00057941
0.00046629
0.00035134
0.000235
0.00011773
1.653e-17
-0.00011773
-0.000235
-0.00035134
-0.00046629
-0.00057941
-0.00069023
-0.00079834
-0.00090329
-0.0010047
-0.0011021
-0.0011952
-0.0012835
-0.0013668
-0.0014447
-0.0015169
-0.0015831
-0.0016431
-0.0016966
-0.0017433
-0.0017832
-0.0018161
-0.0018418
-0.0018602
-0.0018713
-0.001875
-0.0018713
-0.0018602
-0.0018418
-0.0018161
-0.0017832
-0.0017433
-0.0016966
-0.0016431
-0.0015831
-0.0015169
-0.0014447
-0.0013668
-0.0012835
-0.0011952
-0.0011021
-0.0010047
-0.00090329
-0.00079834
-0.00069023
-0.00057941
-0.00046629
-0.00035134
-0.000235
-0.00011773
-3.6744e-17
0.00011773
0.000235
0.00035134
0.00046629
0.00057941
0.00069023
0.00079834
0.00090329
0.0010047
0.0011021
0.0011952
0.0012835
0.0013668
0.0014447
0.0015169
0.0015831
0.0016431
0.0016966
0.0017433
0.0017832
0.0018161
0.0018418
0.0018602
0.0018713
0.001875
0.0018713
0.0018602
0.0018418
0.0018161
0.0017832
0.0017433
0.0016966
0.0016431
0.0015831
0.0015169
0.0014447
0.0013668
0.0012835
0.0011952
0.0011021
0.0010047
0.00090329
0.00079834
0.00069023
0.00057941
0.00046629
0.00035134
0.000235
0.00011773
5.6958e-17
-0.00011773
-0.000235
-0.00035134
-0.00046629
-0.00057941
-0.00069023
-0.00079834
-0.00090329
-0.0010047
-0.0011021
-0.0011952
-0.0012835
-0.0013668
-0.0014447
-0.0015169
-0.0015831
-0.0016431
-0.0016966
-0.0017433
-0.0017832
-0.0018161
-0.0018418
-0.0018602
-0.0018713
-0.001875
-0.0018713
-0.0018602
-0.0018418
-0.0018161
-0.0017832
-0.0017433
-0.0016966
-0.0016431
-0.0015831
-0.0015169
-0.0014447
-0.0013668
-0.0012835
-0.0011952
-0.0011021
-0.0010047
-0.00090329
-0.00079834
-0.00069023
-0.00057941
-0.00046629
-0.00035134
-0.000235
-0.00011773
2.941e-17
0.00011773
0.000235
0.00035134
0.00046629
0.00057941
0.00069023
0.00079834
0.00090329
0.0010047
0.0011021
0.0011952
0.0012835
0.0013668
0.0014447
0.0015169
0.0015831
0.0016431
0.0016966
0.0017433
0.0017832
0.0018161
0.0018418
0.0018602
0.0018713
0.001875
0.0018713
0.0018602
0.0018418
0.0018161
0.0017832
0.0017433
0.0016966
0.0016431
0.0015831
0.0015169
0.0014447
0.0013668
0.0012835
0.0011952
0.0011021
0.0010047
0.00090329
0.00079834
0.00069023
0.00057941
0.00046629
0.00035134
0.000235
0.00011773
-9.1965e-18
-0.00011773
-0.000235
-0.00035134
-0.00046629
-0.00057941
-0.00069023
-0.00079834
-0.00090329
-0.0010047
-0.0011021
-0.0011952
-0.0012835
-0.0013668
-0.0014447
-0.0015169
-0.0015831
-0.0016431
-0.0016966
-0.0017433
-0.0017832
-0.0018161
-0.0018418
-0.0018602
-0.0018713
-0.001875
-0.0018713
-0.0018602
-0.0018418
-0.0018161
-0.0017832
-0.0017433
-0.0016966
-0.0016431
-0.0015831
-0.0015169
-0.0014447
-0.0013668
-0.0012835
-0.0011952
-0.0011021
-0.0010047
-0.00090329
-0.00079834
-0.00069023
-0.00057941
-0.00046629
-0.00035134
-0.000235
-0.00011773
-1.1017e-17
0.00011773
0.000235
0.00035134
0.00046629
0.00057941
0.00069023
0.00079834
0.00090329
0.0010047
0.0011021
0.0011952
0.0012835
0.0013668
0.0014447
0.0015169
0.0015831
0.0016431
0.0016966
0.0017433
0.0017832
0.0018161
0.0018418
0.0018602
0.0018713
0.001875
0.0018713
0.0018602
0.0018418
0.0018161
0.0017832
0.0017433
0.0016966
0.0016431
0.0015831
0.0015169
0.0014447
0.0013668
0.0012835
0.0011952
0.0011021
0.0010047
0.00090329
0.00079834
0.00069023
0.00057941
0.00046629
0.00035134
0.000235
0.00011773
3.1231e-17
-0.00011773
-0.000235
-0.00035134
-0.00046629
-0.00057941
-0.00069023
-0.00079834
-0.00090329
-0.0010047
-0.0011021
-0.0011952
-0.0012835
-0.0013668
-0.0014447
-0.0015169
-0.0015831
-0.0016431
-0.0016966
-0.0017433
-0.0017832
-0.0018161
-0.0018418
-0.0018602
-0.0018713
-0.001875
-0.0018713
-0.0018602
-0.0018418
-0.0018161
-0.0017832
-0.0017433
-0.0016966
-0.0016431
-0.0015831
-0.0015169
-0.0014447
-0.0013668
-0.0012835
-0.0011952
-0.0011021
-0.0010047
-0.00090329
-0.00079834
-0.00069023
-0.00057941
-0.00046629
-0.00035134
-0.000235
-0.00011773
-5.1444e-17
0.00011773
0.000235
0.00035134
0.00046629
0.00057941
0.00069023
0.00079834
0.00090329
0.0010047
0.0011021
0.0011952
0.0012835
0.0013668
0.0014447
0.0015169
0.0015831
0.0016431
0.0016966
0.0017433
0.0017832
0.0018161
0.0018418
0.0018602
0.0018713
0.001875
0.0018713
0.0018602
0.0018418
0.0018161
0.0017832
0.0017433
0.0016966
0.0016431
0.0015831
0.0015169
0.0014447
0.0013668
0.0012835
0.0011952
0.0011021
0.0010047
0.00090329
0.00079834
0.00069023
0.00057941
0.00046629
0.00035134
0.000235
0.00011773
-3.4923e-17
-0.00011773
-0.000235
-0.00035134
-0.00046629
-0.00057941
-0.00069023
-0.00079834
-0.00090329
-0.0010047
-0.0011021
-0.0011952
-0.0012835
-0.0013668
-0.0014447
-0.0015169
-0.0015831
-0.0016431
-0.0016966
-0.0017433
-0.0017832
-0.0018161
-0.0018418
-0.0018602
-0.0018713
-0.001875
-0.0018713
-0.0018602
-0.0018418
-0.0018161
-0.0017832
-0.0017433
-0.0016966
-0.0016431
-0.0015831
-0.0015169
-0.0014447
-0.0013668
-0.0012835
-0.0011952
-0.0011021
-0.0010047
-0.00090329
-0.00079834
-0.00069023
-0.00057941
-0.00046629
-0.00035134
-0.000235
-0.00011773
1.471e-17
0.00011773
0.000235
0.00035134
0.00046629
0.00057941
0.00069023
0.00079834
0.00090329
0.0010047
0.0011021
0.0011952
0.0012835
0.0013668
0.0014447
0.0015169
0.0015831
0.0016431
0.0016966
0.0017433
0.0017832
0.0018161
0.0018418
0.0018602
0.0018713
0.001875
0.0018713
0.0018602
0.0018418
0.0018161
0.0017832
0.0017433
0.0016966
0.0016431
0.0015831
0.0015169
0.0014447
0.0013668
0.0012835
0.0011952
0.0011021
0.0010047
0.00090329
0.00079834
0.00069023
0.00057941
0.00046629
0.00035134
0.000235
0.00011773
5.5039e-18
-0.00011773
-0.000235
-0.00035134
-0.00046629
-0.00057941
-0.00069023
-0.00079834
-0.00090329
-0.0010047
-0.0011021
-0.0011952
-0.0012835
-0.0013668
-0.0014447
-0.0015169
-0.0015831
-0.0016431
-0.0016966
-0.0017433
-0.0017832
-0.0018161
-0.0018418
-0.0018602
-0.0018713
-0.001875
-0.0018713
-0.0018602
-0.0018418
-0.0018161
-0.0017832
-0.0017433
-0.0016966
-0.0016431
-0.0015831
-0.0015169
-0.0014447
-0.0013668
-0.0012835
-0.0011952
-0.0011021
-0.0010047
-0.00090329
-0.00079834
-0.00069023
-0.00057941
-0.00046629
-0.00035134
-0.000235
-0.00011773
-2.5718e-17
0.00011773
0.000235
0.00035134
0.00046629
0.00057941
0.00069023
0.00079834
0.00090329
0.0010047
0.0011021
0.0011952
0.0012835
0.0013668
0.0014447
0.0015169
0.0015831
0.0016431
0.0016966
0.0017433
0.0017832
0.0018161
0.0018418
0.0018602
0.0018713
0.001875
0.0018713
0.0018602
0.0018418
0.0018161
0.0017832
0.0017433
0.0016966
0.0016431
0.0015831
0.0015169
0.0014447
0.0013668
0.0012835
0.0011952
0.0011021
0.0010047
0.00090329
0.00079834
0.00069023
0.00057941
0.00046629
0.00035134
0.000235
0.00011773
4.5931e-17
-0.00011773
-0.000235
-0.00035134
-0.00046629
-0.00057941
-0.00069023
-0.00079834
-0.00090329
-0.0010047
-0.0011021
-0.0011952
-0.0012835
-0.0013668
-0.0014447
-0.0015169
-0.0015831
-0.0016431
-0.0016966
-0.0017433
-0.0017832
-0.0018161
-0.0018418
-0.0018602
-0.0018713
-0.001875
-0.0018713
-0.0018602
-0.0018418
-0.0018161
-0.0017832
-0.0017433
-0.0016966
-0.0016431
-0.0015831
-0.0015169
-0.0014447
-0.0013668
-0.0012835
-0.0011952
-0.0011021
-0.0010047
-0.00090329
-0.00079834
-0.00069023
-0.00057941
-0.00046629
-0.00035134
-0.000235
-0.00011773
4.0437e-17
0.00011773
0.000235
0.00035134
0.00046629
0.00057941
0.00069023
0.00079834
0.00090329
0.0010047
0.0011021
0.0011952
0.0012835
0.0013668
0.0014447
0.0015169
0.0015831
0.0016431
0.0016966
0.0017433
0.0017832
0.0018161
0.0018418
0.0018602
0.0018713
0.001875
0.0018713
0.0018602
0.0018418
0.0018161
0.0017832
0.0017433
0.0016966
0.0016431
0.0015831
0.0015169
0.0014447
0.0013668
0.0012835
0.0011952
0.0011021
0.0010047
0.00090329
0.00079834
0.00069023
0.00057941
0.00046629
0.00035134
0.000235
0.00011773
-2.0223e-17
-0.00011773
-0.000235
-0.00035134
-0.00046629
-0.00057941
-0.00069023
-0.00079834
-0.00090329
-0.0010047
-0.0011021
-0.0011952
-0.0012835
-0.0013668
-0.0014447
-0.0015169
-0.0015831
-0.0016431
-0.0016966
-0.0017433
-0.0017832
-0.0018161
-0.0018418
-0.0018602
-0.0018713
-0.001875
-0.0018713
-0.0018602
-0.0018418
-0.0018161
-0.0017832
-0.0017433
-0.0016966
-0.0016431
-0.0015831
-0.0015169
-0.0014447
-0.0013668
-0.0012835
-0.0011952
-0.0011021
-0.0010047
-0.00090329
-0.00079834
-0.00069023
-0.00057941
-0.00046629
-0.00035134
-0.000235
-0.00011773
9.2754e-21
0.0001175
0.00023429
0.00034993
0.00046396
0.00057593
0.0006854
0.00079195
0.00089516
0.00099463
0.00109
0.0011808
0.0012668
0.0013477
0.001423
0.0014926
0.0015562
0.0016135
0.0016643
0.0017085
0.0017458
0.0017761
0.0017994
0.0018156
0.0018245
0.0018263
0.0018208
0.0018081
0.0017884
0.0017616
0.001728
0.0016875
0.0016406
0.0015872
0.0015277
0.0014623
0.0013913
0.0013149
0.0012335
0.0011474
0.0010569
0.00096248
0.00086445
0.00076321
0.00065917
0.00055275
0.00044438
0.00033448
0.00022348
0.00011185
1.9174e-17
-0.00011161
-0.00022254
-0.00033237
-0.00044065
-0.00054696
-0.00065089
-0.00075203
-0.00084999
-0.00094439
-0.0010349
-0.0011211
-0.0012027
-0.0012793
-0.0013508
-0.0014168
-0.001477
-0.0015313
-0.0015795
-0.0016213
-0.0016566
-0.0016853
-0.0017073
-0.0017226
-0.001731
-0.0017325
-0.0017272
-0.0017151
-0.0016963
-0.0016708
-0.0016388
-0.0016004
-0.0015557
-0.0015051
-0.0014486
-0.0013865
-0.001319
-0.0012465
-0.0011693
-0.0010876
-0.0010018
-0.00091225
-0.00081928
-0.00072329
-0.00062466
-0.00052378
-0.00042106
-0.00031691
-0.00021173
-0.00010596
5.9481e-17
0.00010572
0.00021079
0.0003148
0.00041733
0.00051799
0.00061638
0.00071212
0.00080483
0.00089416
0.00097976
0.0010613
0.0011385
0.001211
0.0012786
0.0013409
0.0013979
0.0014492
0.0014947
0.0015341
0.0015675
0.0015945
0.0016152
0.0016295
0.0016374
0.0016388
0.0016336
0.0016221
0.0016042
0.00158
0.0015496
0.0015132
0.0014709
0.0014229
0.0013694
0.0013106
0.0012468
0.0011782
0.0011051
0.0010278
0.0009467
0.00086201
0.00077412
0.00068338
0.00059015
0.00049481
0.00039775
0.00029934
0.00019998
0.00010007
-3.9011e-17
-9.9837e-05
-0.00019904
-0.00029723
-0.00039402
-0.00048902
-0.00058187
-0.0006722
-0.00075967
-0.00084393
-0.00092466
-0.0010016
-0.0010743
-0.0011427
-0.0012063
-0.0012651
-0.0013187
-0.001367
-0.0014098
-0.001447
-0.0014783
-0.0015037
-0.0015232
-0.0015365
-0.0015438
-0.001545
-0.0015401
-0.0015291
-0.0015121
-0.0014892
-0.0014605
-0.001426
-0.0013861
-0.0013407
-0.0012902
-0.0012348
-0.0011746
-0.0011099
-0.0010409
-0.00096809
-0.0008916
-0.00081178
-0.00072895
-0.00064346
-0.00055564
-0.00046584
-0.00037443
-0.00028177
-0.00018823
-9.4186e-05
-6.4595e-17
9.395e-05
0.00018729
0.00027967
0.0003707
0.00046005
0.00054736
0.00063228
0.0007145
0.00079369
0.00086955
0.00094179
0.0010101
0.0010743
0.0011341
0.0011893
0.0012396
0.0012849
0.001325
0.0013598
0.0013891
0.0014129
0.0014311
0.0014435
0.0014503
0.0014513
0.0014465
0.0014361
0.00142
0.0013984
0.0013713
0.0013389
0.0013013
0.0012586
0.0012111
0.0011589
0.0011023
0.0010415
0.00097676
0.00090833
0.00083649
0.00076154
0.00068379
0.00060354
0.00052113
0.00043687
0.00035112
0.00026421
0.00017648
8.8299e-05
7.5693e-17
-8.8064e-05
-0.00017554
-0.0002621
-0.00034739
-0.00043108
-0.00051284
-0.00059237
-0.00066934
-0.00074346
-0.00081445
-0.00088204
-0.00094596
-0.001006
-0.0010619
-0.0011134
-0.0011604
-0.0012027
-0.0012402
-0.0012726
-0.0013
-0.0013221
-0.001339
-0.0013505
-0.0013567
-0.0013575
-0.0013529
-0.0013431
-0.0013279
-0.0013076
-0.0012821
-0.0012517
-0.0012164
-0.0011764
-0.0011319
-0.0010831
-0.0010301
-0.00097317
-0.00091259
-0.00084857
-0.00078139
-0.00071131
-0.00063862
-0.00056363
-0.00048661
-0.0004079
-0.0003278
-0.00024664
-0.00016473
-8.2413e-05
-8.4769e-17
8.2177e-05
0.00016379
0.00024453
0.00032407
0.00040211
0.00047833
0.00055245
0.00062417
0.00069323
0.00075935
0.00082228
0.00088178
0.00093764
0.00098963
0.0010376
0.0010813
0.0011206
0.0011554
0.0011855
0.0012108
0.0012313
0.0012469
0.0012575
0.0012631
0.0012637
0.0012594
0.0012501
0.0012358
0.0012168
0.001193
0.0011645
0.0011316
0.0010943
0.0010528
0.0010072
0.00095784
0.00090483
0.00084841
0.00078881
0.00072628
0.00066108
0.00059346
0.00052371
0.0004521
0.00037893
0.00030449
0.00022907
0.00015298
7.6526e-05
2.2653e-17
-7.629e-05
-0.00015204
-0.00022697
-0.00030076
-0.00037314
-0.00044382
-0.00051253
-0.00057901
-0.00064299
-0.00070424
-0.00076252
-0.00081761
-0.0008693
-0.00091739
-0.00096172
-0.0010021
-0.0010384
-0.0010705
-0.0010983
-0.0011217
-0.0011405
-0.0011548
-0.0011645
-0.0011696
-0.00117
-0.0011658
-0.0011571
-0.0011438
-0.001126
-0.0011038
-0.0010774
-0.0010468
-0.0010121
-0.00097362
-0.00093138
-0.00088561
-0.00083649
-0.00078423
-0.00072905
-0.00067118
-0.00061084
-0.0005483
-0.00048379
-0.00041759
-0.00034996
-0.00028118
-0.00021151
-0.00014123
-7.0639e-05
-9.6858e-17
7.0404e-05
0.00014029
0.0002094
0.00027744
0.00034417
0.00040931
0.00047262
0.00053384
0.00059276
0.00064914
0.00070276
0.00075343
0.00080095
0.00084516
0.00088587
0.00092296
0.00095627
0.0009857
0.0010111
0.0010325
0.0010497
0.0010627
0.0010715
0.001076
0.0010763
0.0010723
0.001064
0.0010517
0.0010352
0.0010147
0.00099021
0.00096194
0.00092998
0.00089446
0.00085554
0.00081337
0.00076815
0.00072006
0.0006693
0.00061607
0.00056061
0.00050313
0.00044387
0.00038308
0.00032099
0.00025786
0.00019394
0.00012948
6.4753e-05
4.1357e-17
-6.4517e-05
-0.00012854
-0.00019183
-0.00025413
-0.0003152
-0.0003748
-0.0004327
-0.00048868
-0.00054252
-0.00059403
-0.000643
-0.00068925
-0.00073261
-0.00077292
-0.00081003
-0.0008438
-0.00087412
-0.00090087
-0.00092397
-0.00094333
-0.0009589
-0.00097062
-0.00097847
-0.00098243
-0.0009825
-0.00097869
-0.00097103
-0.00095957
-0.00094437
-0.0009255
-0.00090305
-0.00087712
-0.00084783
-0.0008153
-0.00077969
-0.00074114
-0.00069981
-0.00065588
-0.00060954
-0.00056097
-0.00051038
-0.00045797
-0.00040396
-0.00034857
-0.00029202
-0.00023455
-0.00017637
-0.00011773
-5.8866e-05
-4.7677e-17
5.8631e-05
0.00011679
0.00017426
0.00023082
0.00028623
0.00034029
0.00039278
0.00044351
0.00049229
0.00053893
0.00058324
0.00062508
0.00066427
0.00070069
0.00073418
0.00076464
0.00079196
0.00081604
0.0008368
0.00085417
0.00086809
0.00087853
0.00088546
0.00088887
0.00088875
0.00088512
0.00087802
0.00086748
0.00085356
0.00083634
0.00081588
0.00079229
0.00076567
0.00073615
0.00070384
0.0006689
0.00063147
0.00059171
0.00054978
0.00050586
0.00046014
0.0004128
0.00036404
0.00031406
0.00026305
0.00021123
0.00015881
0.00010598
5.298e-05
5.1976e-17
-5.2744e-05
-0.00010504
-0.0001567
-0.0002075
-0.00025726
-0.00030577
-0.00035286
-0.00039835
-0.00044206
-0.00048382
-0.00052348
-0.0005609
-0.00059593
-0.00062845
-0.00065834
-0.00068549
-0.00070981
-0.00073121
-0.00074963
-0.00076501
-0.00077729
-0.00078644
-0.00079245
-0.0007953
-0.000795
-0.00079156
-0.00078501
-0.00077539
-0.00076276
-0.00074717
-0.00072871
-0.00070746
-0.00068352
-0.00065699
-0.000628
-0.00059667
-0.00056313
-0.00052753
-0.00049002
-0.00045076
-0.00040991
-0.00036764
-0.00032412
-0.00027954
-0.00023408
-0.00018792
-0.00014124
-9.4235e-05
-4.7093e-05
-1.1727e-17
4.6857e-05
9.3295e-05
0.00013913
0.00018419
0.00022829
0.00027126
0.00031295
0.00035319
0.00039182
0.00042872
0.00046373
0.00049672
0.00052759
0.00055621
0.00058249
0.00060633
0.00062765
0.00064639
0.00066247
0.00067584
0.00068648
0.00069435
0.00069944
0.00070174
0.00070125
0.00069799
0.000692
0.0006833
0.00067195
0.00065801
0.00064155
0.00062263
0.00060137
0.00057784
0.00055215
0.00052443
0.00049479
0.00046335
0.00043026
0.00039565
0.00035967
0.00032247
0.00028421
0.00024503
0.00020511
0.0001646
0.00012367
8.2485e-05
4.1206e-05
5.4509e-17
-4.0971e-05
-8.1545e-05
-0.00012156
-0.00016087
-0.00019932
-0.00023675
-0.00027303
-0.00030802
-0.00034159
-0.00037361
-0.00040397
-0.00043255
-0.00045925
-0.00048398
-0.00050665
-0.00052718
-0.0005455
-0.00056156
-0.0005753
-0.00058668
-0.00059568
-0.00060226
-0.00060643
-0.00060817
-0.0006075
-0.00060443
-0.00059899
-0.00059121
-0.00058115
-0.00056885
-0.00055438
-0.00053781
-0.00051921
-0.00049868
-0.00047631
-0.00045219
-0.00042645
-0.00039918
-0.0003705
-0.00034055
-0.00030944
-0.00027731
-0.00024429
-0.00021052
-0.00017614
-0.00014129
-0.0001061
-7.0735e-05
-3.532e-05
-2.0876e-17
3.5084e-05
6.9795e-05
0.000104
0.00013756
0.00017035
0.00020224
0.00023311
0.00026286
0.00029136
0.00031851
0.00034421
0.00036837
0.00039091
0.00041174
0.0004308
0.00044802
0.00046335
0.00047673
0.00048813
0.00049752
0.00050487
0.00051018
0.00051342
0.00051461
0.00051375
0.00051086
0.00050598
0.00049912
0.00049035
0.00047969
0.00046721
0.00045298
0.00043706
0.00041953
0.00040046
0.00037996
0.00035811
0.000335
0.00031074
0.00028544
0.00025921
0.00023215
0.00020437
0.00017601
0.00014717
0.00011797
8.8538e-05
5.8985e-05
2.9433e-05
2.2418e-17
-2.9198e-05
-5.8045e-05
-8.643e-05
-0.00011424
-0.00014138
-0.00016773
-0.0001932
-0.00021769
-0.00024112
-0.0002634
-0.00028445
-0.0003042
-0.00032257
-0.00033951
-0.00035496
-0.00036887
-0.00038119
-0.0003919
-0.00040097
-0.00040836
-0.00041407
-0.00041809
-0.00042041
-0.00042104
-0.00042
-0.0004173
-0.00041297
-0.00040704
-0.00039954
-0.00039053
-0.00038005
-0.00036815
-0.0003549
-0.00034037
-0.00032462
-0.00030772
-0.00028977
-0.00027082
-0.00025099
-0.00023034
-0.00020897
-0.00018698
-0.00016446
-0.0001415
-0.0001182
-9.4658e-05
-7.0971e-05
-4.7235e-05
-2.3546e-05
-2.1939e-17
2.3311e-05
4.6295e-05
6.8863e-05
9.0927e-05
0.0001124
0.00013322
0.00015328
0.00017253
0.00019089
0.0002083
0.00022469
0.00024002
0.00025423
0.00026727
0.00027911
0.00028971
0.00029904
0.00030708
0.0003138
0.0003192
0.00032326
0.000326
0.0003274
0.00032748
0.00032625
0.00032373
0.00031996
0.00031495
0.00030874
0.00030137
0.00029288
0.00028332
0.00027275
0.00026121
0.00024877
0.00023549
0.00022142
0.00020665
0.00019123
0.00017523
0.00015874
0.00014182
0.00012454
0.00010699
8.9229e-05
7.1343e-05
5.3404e-05
3.5485e-05
1.766e-05
3.5579e-18
-1.7424e-05
-3.4545e-05
-5.1296e-05
-6.7613e-05
-8.3435e-05
-9.8703e-05
-0.00011336
-0.00012736
-0.00014065
-0.00015319
-0.00016493
-0.00017584
-0.00018589
-0.00019504
-0.00020327
-0.00021055
-0.00021689
-0.00022225
-0.00022663
-0.00023004
-0.00023246
-0.00023391
-0.00023439
-0.00023391
-0.0002325
-0.00023017
-0.00022695
-0.00022286
-0.00021793
-0.0002122
-0.00020571
-0.0001985
-0.0001906
-0.00018206
-0.00017293
-0.00016325
-0.00015308
-0.00014247
-0.00013147
-0.00012013
-0.0001085
-9.6652e-05
-8.4624e-05
-7.2475e-05
-6.0258e-05
-4.8028e-05
-3.5837e-05
-2.3735e-05
-1.1773e-05
-1.4917e-17
1.1538e-05
2.2795e-05
3.3729e-05
4.4298e-05
5.4464e-05
6.4192e-05
7.3447e-05
8.2199e-05
9.0421e-05
9.8087e-05
0.00010517
0.00011167
0.00011755
0.0001228
0.00012742
0.0001314
0.00013473
0.00013742
0.00013947
0.00014088
0.00014166
0.00014182
0.00014138
0.00014035
0.00013875
0.0001366
0.00013394
0.00013077
0.00012713
0.00012304
0.00011855
0.00011367
0.00010844
0.0001029
9.7082e-05
9.1017e-05
8.4743e-05
7.8295e-05
7.171e-05
6.5024e-05
5.8271e-05
5.1487e-05
4.4707e-05
3.7963e-05
3.1288e-05
2.4714e-05
1.827e-05
1.1985e-05
5.8866e-06
3.151e-18
-5.6511e-06
-1.1045e-05
-1.6162e-05
-2.0983e-05
-2.5494e-05
-2.968e-05
-3.353e-05
-3.7035e-05
-4.0187e-05
-4.2982e-05
-4.5416e-05
-4.749e-05
-4.9205e-05
-5.0565e-05
-5.1575e-05
-5.2243e-05
-5.2578e-05
-5.2593e-05
-5.23e-05
-5.1714e-05
-5.0851e-05
-4.9728e-05
-4.8366e-05
-4.6783e-05
-4.5e-05
-4.304e-05
-4.0925e-05
-3.8678e-05
-3.6322e-05
-3.3881e-05
-3.138e-05
-2.8841e-05
-2.6289e-05
-2.3747e-05
-2.1237e-05
-1.8781e-05
-1.6402e-05
-1.4119e-05
-1.1952e-05
-9.9189e-06
-8.0374e-06
-6.323e-06
-4.79e-06
-3.4512e-06
-2.3176e-06
-1.3989e-06
-7.0268e-07
-2.35e-07
-0
-0
0
0
0
0
0
0
0
0
0
0
0
0
0
0
0
0
0
0
0
0
0
0
0
0
0
0
0
0
0
0
0
0
0
0
0
0
0
0
0
0
0
0
0
0
0
0
0
0
0
0
-0
-0
-0
-0
-0
-0
-0
-0
-0
-0
-0
-0
-0
-0
-0
-0
-0
-0
-0
-0
-0
-0
-0
-0
-0
-0
-0
-0
-0
-0
-0
-0
-0
-0
-0
-0
-0
-0
-0
-0
-0
-0
-0
-0
-0
-0
-0
-0
-0
-0
0
0
0
0
0
0
0
0
0
0
0
0
0
0
0
0
0
0
0
0
0
0
0
0
0
0
0
0
0
0
0
0
0
0
0
0
0
0
0
0
0
0
0
0
0
0
0
0
0
0
-0
-0
-0
-0
-0
-0
-0
-0
-0
-0
-0
-0
-0
-0
-0
-0
-0
-0
-0
-0
-0
-0
-0
-0
-0
-0
-0
-0
-0
-0
-0
-0
-0
-0
-0
-0
-0
-0
-0
-0
-0
-0
-0
-0
-0
-0
-0
-0
-0
-0
0
0
0
0
0
0
0
0
0
0
0
0
0
0
0
0
0
0
0
0
0
0
0
0
0
0
0
0
0
0
0
0
0
0
0
0
0
0
0
0
0
0
0
0
0
0
0
0
0
0
-0
-0
-0
-0
-0
-0
-0
-0
-0
-0
-0
-0
-0
-0
-0
-0
-0
-0
-0
-0
-0
-0
-0
-0
-0
-0
-0
-0
-0
-0
-0
-0
-0
-0
-0
-0
-0
-0
-0
-0
-0
-0
-0
-0
-0
-0
-0
-0
-0
-0
0
0
0
0
0
0
0
0
0
0
0
0
0
0
0
0
0
0
0
0
0
0
0
0
0
0
0
0
0
0
0
0
0
0
0
0
0
0
0
0
0
0
0
0
0
0
0
0
0
0
-0
-0
-0
-0
-0
-0
-0
-0
-0
-0
-0
-0
-0
-0
-0
-0
-0
-0
-0
-0
-0
-0
-0
-0
-0
-0
-0
-0
-0
-0
-0
-0
-0
-0
-0
-0
-0
-0
-0
-0
-0
-0
-0
-0
-0
-0
-0
-0
-0
-0
0
0
0
0
0
0
0
0
0
0
0
0
0
0
0
0
0
0
0
0
0
0
0
0
0
0
0
0
0
0
0
0
0
0
0
0
0
0
0
0
0
0
0
0
0
0
0
0
0
0
-0
-0
-0
-0
-0
-0
-0
-0
-0
-0
-0
-0
-0
-0
-0
-0
-0
-0
-0
-0
-0
-0
-0
-0
-0
-0
-0
-0
-0
-0
-0
-0
-0
-0
-0
-0
-0
-0
-0
-0
-0
-0
-0
-0
-0
-0
-0
-0
-0
-0
0
0
0
0
0
0
0
0
0
0
0
0
0
0
0
0
0
0
0
0
0
0
0
0
0
0
0
0
0
0
0
0
0
0
0
0
0
0
0
0
0
0
0
0
0
0
0
0
0
0
-0
-0
-0
-0
-0
-0
-0
-0
-0
-0
-0
-0
-0
-0
-0
-0
-0
-0
-0
-0
-0
-0
-0
-0
-0
-0
-0
-0
-0
-0
-0
-0
-0
-0
-0
-0
-0
-0
-0
-0
-0
-0
-0
-0
-0
-0
-0
-0
-0
-0
0
0
0
0
0
0
0
0
0
0
0
0
0
0
0
0
0
0
0
0
0
0
0
0
0
0
0
0
0
0
0
0
0
0
0
0
0
0
0
0
0
0
0
0
0
0
0
0
0
0
-0
-0
-0
-0
-0
-0
-0
-0
-0
-0
-0
-0
-0
-0
-0
-0
-0
-0
-0
-0
-0
-0
-0
-0
-0
-0
-0
-0
-0
-0
-0
-0
-0
-0
-0
-0
-0
-0
-0
-0
-0
-0
-0
-0
-0
-0
-0
-0
-0
-0
0
0
0
0
0
0
0
0
0
0
0
0
0
0
0
0
0
0
0
0
0
0
0
0
0
0
0
0
0
0
0
0
0
0
0
0
0
0
0
0
0
0
0
0
0
0
0
0
0
0
-0
-0
-0
-0
-0
-0
-0
-0
-0
-0
-0
-0
-0
-0
-0
-0
-0
-0
-0
-0
-0
-0
-0
-0
-0
-0
-0
-0
-0
-0
-0
-0
-0
-0
-0
-0
-0
-0
-0
-0
-0
-0
-0
-0
-0
-0
-0
-0
-0
-0
0
0
0
0
0
0
0
0
0
0
0
0
0
0
0
0
0
0
0
0
0
0
0
0
0
0
0
0
0
0
0
0
0
0
0
0
0
0
0
0
0
0
0
0
0
0
0
0
0
0
-0
-0
-0
-0
-0
-0
-0
-0
-0
-0
-0
-0
-0
-0
-0
-0
-0
-0
-0
-0
-0
-0
-0
-0
-0
-0
-0
-0
-0
-0
-0
-0
-0
-0
-0
-0
-0
-0
-0
-0
-0
-0
-0
-0
-0
-0
-0
-0
-0
-0
0
0
0
0
0
0
0
0
0
0
0
0
0
0
0
0
0
0
0
0
0
0
0
0
0
0
0
0
0
0
0
0
0
0
0
0
0
0
0
0
0
0
0
0
0
0
0
0
0
0
-0
-0
-0
-0
-0
-0
-0
-0
-0
-0
-0
-0
-0
-0
-0
-0
-0
-0
-0
-0
-0
-0
-0
-0
-0
-0
-0
-0
-0
-0
-0
-0
-0
-0
-0
-0
-0
-0
-0
-0
-0
-0
-0
-0
-0
-0
-0
-0
-0
-0
0
0
0
0
0
0
0
0
0
0
0
0
0
0
0
0
0
0
0
0
0
0
0
0
0
0
0
0
0
0
0
0
0
0
0
0
0
0
0
0
0
0
0
0
0
0
0
0
0
0
-0
-0
-0
-0
-0
-0
-0
-0
-0
-0
-0
-0
-0
-0
-0
-0
-0
-0
-0
-0
-0
-0
-0
-0
-0
-0
-0
-0
-0
-0
-0
-0
-0
-0
-0
-0
-0
-0
-0
-0
-0
-0
-0
-0
-0
-0
-0
-0
-0
0
0
0
0
0
0
0
0
0
0
0
0
0
0
0
0
0
0
0
0
0
0
0
0
0
0
0
0
0
0
0
0
0
0
0
0
0
0
0
0
0
0
0
0
0
0
0
0
0
0
0
-0
-0
-0
-0
-0
-0
-0
-0
-0
-0
-0
-0
-0
-0
-0
-0
-0
-0
-0
-0
-0
-0
-0
-0
-0
-0
-0
-0
-0
-0
-0
-0
-0
-0
-0
-0
-0
-0
-0
-0
-0
-0
-0
-0
-0
-0
-0
-0
-0
-0
0
0
0
0
0
0
0
0
0
0
0
0
0
0
0
0
0
0
0
0
0
0
0
0
0
0
0
0
0
0
0
0
0
0
0
0
0
0
0
0
0
0
0
0
0
0
0
0
0
-0
-0
-0
-0
-0
-0
-0
-0
-0
-0
-0
-0
-0
-0
-0
-0
-0
-0
-0
-0
-0
-0
-0
-0
-0
-0
-0
-0
-0
-0
-0
-0
-0
-0
-0
-0
-0
-0
-0
-0
-0
-0
-0
-0
-0
-0
-0
-0
-0
-0
-0
0
0
0
0
0
0
0
0
0
0
0
0
0
0
0
0
0
0
0
0
0
0
0
0
0
0
0
0
0
0
0
0
0
0
0
0
0
0
0
0
0
0
0
0
0
0
0
0
0
0
-0
-0
-0
-0
-0
-0
-0
-0
-0
-0
-0
-0
-0
-0
-0
-0
-0
-0
-0
-0
-0
-0
-0
-0
-0
-0
-0
-0
-0
-0
-0
-0
-0
-0
-0
-0
-0
-0
-0
-0
-0
-0
-0
-0
-0
-0
-0
-0
-0
-0
0
0
0
0
0
0
0
0
0
0
0
0
0
0
0
0
0
0
0
0
0
0
0
0
0
0
0
0
0
0
0
0
0
0
0
0
0
0
0
0
0
0
0
0
0
0
0
0
0
0
-0
-0
-0
-0
-0
-0
-0
-0
-0
-0
-0
-0
-0
-0
-0
-0
-0
-0
-0
-0
-0
-0
-0
-0
-0
-0
-0
-0
-0
-0
-0
-0
-0
-0
-0
-0
-0
-0
-0
-0
-0
-0
-0
-0
-0
-0
-0
-0
-0
0
0
0
0
0
0
0
0
0
0
0
0
0
0
0
0
0
0
0
0
0
0
0
0
0
0
0
0
0
0
0
0
0
0
0
0
0
0
0
0
0
0
0
0
0
0
0
0
0
0
0
-0
-0
-0
-0
-0
-0
-0
-0
-0
-0
-0
-0
-0
-0
-0
-0
-0
-0
-0
-0
-0
-0
-0
-0
-0
-0
-0
-0
-0
-0
-0
-0
-0
-0
-0
-0
-0
-0
-0
-0
-0
-0
-0
-0
-0
-0
-0
-0
-0
0
0
0
0
0
0
0
0
0
0
0
0
0
0
0
0
0
0
0
0
0
0
0
0
0
0
0
0
0
0
0
0
0
0
0
0
0
0
0
0
0
0
0
0
0
0
0
0
0
0
0
-0
-0
-0
-0
-0
-0
-0
-0
-0
-0
-0
-0
-0
-0
-0
-0
-0
-0
-0
-0
-0
-0
-0
-0
-0
-0
-0
-0
-0
-0
-0
-0
-0
-0
-0
-0
-0
-0
-0
-0
-0
-0
-0
-0
-0
-0
-0
-0
-0
-0
0
0
0
0
0
0
0
0
0
0
0
0
0
0
0
0
0
0
0
0
0
0
0
0
0
0
0
0
0
0
0
0
0
0
0
0
0
0
0
0
0
0
0
0
0
0
0
0
0
0
-0
-0
-0
-0
-0
-0
-0
-0
-0
-0
-0
-0
-0
-0
-0
-0
-0
-0
-0
-0
-0
-0
-0
-0
-0
-0
-0
-0
-0
-0
-0
-0
-0
-0
-0
-0
-0
-0
-0
-0
-0
-0
-0
-0
-0
-0
-0
-0
-0
-0
0
0
0
0
0
0
0
0
0
0
0
0
0
0
0
0
0
0
0
0
0
0
0
0
0
0
0
0
0
0
0
0
0
0
0
0
0
0
0
0
0
0
0
0
0
0
0
0
0
0
-0
-0
-0
-0
-0
-0
-0
-0
-0
-0
-0
-0
-0
-0
-0
-0
-0
-0
-0
-0
-0
-0
-0
-0
-0
-0
-0
-0
-0
-0
-0
-0
-0
-0
-0
-0
-0
-0
-0
-0
-0
-0
-0
-0
-0
-0
-0
-0
-0
-0
0
0
0
0
0
0
0
0
0
0
0
0
0
0
0
0
0
0
0
0
0
0
0
0
0
0
0
0
0
0
0
0
0
0
0
0
0
0
0
0
0
0
0
0
0
0
0
0
0
0
-0
-0
-0
-0
-0
-0
-0
-0
-0
-0
-0
-0
-0
-0
-0
-0
-0
-0
-0
-0
-0
-0
-0
-0
-0
-0
-0
-0
-0
-0
-0
-0
-0
-0
-0
-0
-0
-0
-0
-0
-0
-0
-0
-0
-0
-0
-0
-0
-0
0
0
0
0
0
0
0
0
0
0
0
0
0
0
0
0
0
0
0
0
0
0
0
0
0
0
0
0
0
0
0
0
0
0
0
0
0
0
0
0
0
0
0
0
0
0
0
0
0
0
0
-0
-0
-0
-0
-0
-0
-0
-0
-0
-0
-0
-0
-0
-0
-0
-0
-0
-0
-0
-0
-0
-0
-0
-0
-0
-0
-0
-0
-0
-0
-0
-0
-0
-0
-0
-0
-0
-0
-0
-0
-0
-0
-0
-0
-0
-0
-0
-0
-0
0
0
0
0
0
0
0
0
0
0
0
0
0
0
0
0
0
0
0
0
0
0
0
0
0
0
0
0
0
0
0
0
0
0
0
0
0
0
0
0
0
0
0
0
0
0
0
0
0
0
0
-0
-0
-0
-0
-0
-0
-0
-0
-0
-0
-0
-0
-0
-0
-0
-0
-0
-0
-0
-0
-0
-0
-0
-0
-0
-0
-0
-0
-0
-0
-0
-0
-0
-0
-0
-0
-0
-0
-0
-0
-0
-0
-0
-0
-0
-0
-0
-0
-0
-0
0
0
0
0
0
0
0
0
0
0
0
0
0
0
0
0
0
0
0
0
0
0
0
0
0
0
0
0
0
0
0
0
0
0
0
0
0
0
0
0
0
0
0
0
0
0
0
0
0
0
-0
-0
-0
-0
-0
-0
-0
-0
-0
-0
-0
-0
-0
-0
-0
-0
-0
-0
-0
-0
-0
-0
-0
-0
-0
-0
-0
-0
-0
-0
-0
-0
-0
-0
-0
-0
-0
-0
-0
-0
-0
-0
-0
-0
-0
-0
-0
-0
-0
-0
0
0
0
0
0
0
0
0
0
0
0
0
0
0
0
0
0
0
0
0
0
0
0
0
0
0
0
0
0
0
0
0
0
0
0
0
0
0
0
0
0
0
0
0
0
0
0
0
0
0
-0
-0
-0
-0
-0
-0
-0
-0
-0
-0
-0
-0
-0
-0
-0
-0
-0
-0
-0
-0
-0
-0
-0
-0
-0
-0
-0
-0
-0
-0
-0
-0
-0
-0
-0
-0
-0
-0
-0
-0
-0
-0
-0
-0
-0
-0
-0
-0
-0
-0
0
0
0
0
0
0
0
0
0
0
0
0
0
0
0
0
0
0
0
0
0
0
0
0
0
0
0
0
0
0
0
0
0
0
0
0
0
0
0
0
0
0
0
0
0
0
0
0
0
0
-0
-0
-0
-0
-0
-0
-0
-0
-0
-0
-0
-0
-0
-0
-0
-0
-0
-0
-0
-0
-0
-0
-0
-0
-0
-0
-0
-0
-0
-0
-0
-0
-0
-0
-0
-0
-0
-0
-0
-0
-0
-0
-0
-0
-0
-0
-0
-0
-0
0
0
0
0
0
0
0
0
0
0
0
0
0
0
0
0
0
0
0
0
0
0
0
0
0
0
0
0
0
0
0
0
0
0
0
0
0
0
0
0
0
0
0
0
0
0
0
0
0
0
0
-0
-0
-0
-0
-0
-0
-0
-0
-0
-0
-0
-0
-0
-0
-0
-0
-0
-0
-0
-0
-0
-0
-0
-0
-0
-0
-0
-0
-0
-0
-0
-0
-0
-0
-0
-0
-0
-0
-0
-0
-0
-0
-0
-0
-0
-0
-0
-0
-0
0
0
0
0
0
0
0
0
0
0
0
0
0
0
0
0
0
0
0
0
0
0
0
0
0
0
0
0
0
0
0
0
0
0
0
0
0
0
0
0
0
0
0
0
0
0
0
0
0
0
0
-0
-0
-0
-0
-0
-0
-0
-0
-0
-0
-0
-0
-0
-0
-0
-0
-0
-0
-0
-0
-0
-0
-0
-0
-0
-0
-0
-0
-0
-0
-0
-0
-0
-0
-0
-0
-0
-0
-0
-0
-0
-0
-0
-0
-0
-0
-0
-0
-0
-0
0
0
0
0
0
0
0
0
0
0
0
0
0
0
0
0
0
0
0
0
0
0
0
0
0
0
0
0
0
0
0
0
0
0
0
0
0
0
0
0
0
0
0
0
0
0
0
0
0
0
-0
-0
-0
-0
-0
-0
-0
-0
-0
-0
-0
-0
-0
-0
-0
-0
-0
-0
-0
-0
-0
-0
-0
-0
-0
-0
-0
-0
-0
-0
-0
-0
-0
-0
-0
-0
-0
-0
-0
-0
-0
-0
-0
-0
-0
-0
-0
-0
-0
-0
0
0
0
0
0
0
0
0
0
0
0
0
0
0
0
0
0
0
0
0
0
0
0
0
0
0
0
0
0
0
0
0
0
0
0
0
0
0
0
0
0
0
0
0
0
0
0
0
0
0
-0
-0
-0
-0
-0
-0
-0
-0
-0
-0
-0
-0
-0
-0
-0
-0
-0
-0
-0
-0
-0
-0
-0
-0
-0
-0
-0
-0
-0
-0
-0
-0
-0
-0
-0
-0
-0
-0
-0
-0
-0
-0
-0
-0
-0
-0
-0
-0
-0
-0
0
0
0
0
0
0
0
0
0
0
0
0
0
0
0
0
0
0
0
0
0
0
0
0
0
0
0
0
0
0
0
0
0
0
0
0
0
0
0
0
0
0
0
0
0
0
0
0
0
0
-0
-0
-0
-0
-0
-0
-0
-0
-0
-0
-0
-0
-0
-0
-0
-0
-0
-0
-0
-0
-0
-0
-0
-0
-0
-0
-0
-0
-0
-0
-0
-0
-0
-0
-0
-0
-0
-0
-0
-0
-0
-0
-0
-0
-0
-0
-0
-0
-0
0
0
0
0
0
0
0
0
0
0
0
0
0
0
0
0
0
0
0
0
0
0
0
0
0
0
0
0
0
0
0
0
0
0
0
0
0
0
0
0
0
0
0
0
0
0
0
0
0
0
0
-0
-0
-0
-0
-0
-0
-0
-0
-0
-0
-0
-0
-0
-0
-0
-0
-0
-0
-0
-0
-0
-0
-0
-0
-0
-0
-0
-0
-0
-0
-0
-0
-0
-0
-0
-0
-0
-0
-0
-0
-0
-0
-0
-0
-0
-0
-0
-0
-0
0
0
0
0
0
0
0
0
0
0
0
0
0
0
0
0
0
0
0
0
0
0
0
0
0
0
0
0
0
0
0
0
0
0
0
0
0
0
0
0
0
0
0
0
0
0
0
0
0
0
0
-0
-0
-0
-0
-0
-0
-0
-0
-0
-0
-0
-0
-0
-0
-0
-0
-0
-0
-0
-0
-0
-0
-0
-0
-0
-0
-0
-0
-0
-0
-0
-0
-0
-0
-0
-0
-0
-0
-0
-0
-0
-0
-0
-0
-0
-0
-0
-0
-0
0
