-0
-0
-0
-0
-0
-0
-0
-0
-0
-0
-0
-0
-0
-0
-0
-0
-0
-0
-0
-0
-0
-0
-0
-0
-0
-0
-0
-0
-0
-0
-0
-0
-0
-0
-0
-0
-0
-0
-0
-0
-0
-0
-0
-0
-0
-0
-0
-0
-0
-0
-0
0
0
0
0
0
0
0
0
0
0
0
0
0
0
0
0
0
0
0
0
0
0
0
0
0
0
0
0
0
0
0
0
0
0
0
0
0
0
0
0
0
0
0
0
0
0
0
0
0
0
-0
-0
-0
-0
-0
-0
-0
-0
-0
-0
-0
-0
-0
-0
-0
-0
-0
-0
-0
-0
-0
-0
-0
-0
-0
-0
-0
-0
-0
-0
-0
-0
-0
-0
-0
-0
-0
-0
-0
-0
-0
-0
-0
-0
-0
-0
-0
-0
-0
-0
0
0
0
0
0
0
0
0
0
0
0
0
0
0
0
0
0
0
0
0
0
0
0
0
0
0
0
0
0
0
0
0
0
0
0
0
0
0
0
0
0
0
0
0
0
0
0
0
0
0
-0
-0
-0
-0
-0
-0
-0
-0
-0
-0
-0
-0
-0
-0
-0
-0
-0
-0
-0
-0
-0
-0
-0
-0
-0
-0
-0
-0
-0
-0
-0
-0
-0
-0
-0
-0
-0
-0
-0
-0
-0
-0
-0
-0
-0
-0
-0
-0
-0
-0
0
0
0
0
0
0
0
0
0
0
0
0
0
0
0
0
0
0
0
0
0
0
0
0
0
0
0
0
0
0
0
0
0
0
0
0
0
0
0
0
0
0
0
0
0
0
0
0
0
0
-0
-0
-0
-0
-0
-0
-0
-0
-0
-0
-0
-0
-0
-0
-0
-0
-0
-0
-0
-0
-0
-0
-0
-0
-0
-0
-0
-0
-0
-0
-0
-0
-0
-0
-0
-0
-0
-0
-0
-0
-0
-0
-0
-0
-0
-0
-0
-0
-0
0
0
0
0
0
0
0
0
0
0
0
0
0
0
0
0
0
0
0
0
0
0
0
0
0
0
0
0
0
0
0
0
0
0
0
0
0
0
0
0
0
0
0
0
0
0
0
0
0
0
0
-0
-0
-0
-0
-0
-0
-0
-0
-0
-0
-0
-0
-0
-0
-0
-0
-0
-0
-0
-0
-0
-0
-0
-0
-0
-0
-0
-0
-0
-0
-0
-0
-0
-0
-0
-0
-0
-0
-0
-0
-0
-0
-0
-0
-0
-0
-0
-0
-0
-0
0
0
0
0
0
0
0
0
0
0
0
0
0
0
0
0
0
0
0
0
0
0
0
0
0
0
0
0
0
0
0
0
0
0
0
0
0
0
0
0
0
0
0
0
0
0
0
0
0
0
-0
-0
-0
-0
-0
-0
-0
-0
-0
-0
-0
-0
-0
-0
-0
-0
-0
-0
-0
-0
-0
-0
-0
-0
-0
-0
-0
-0
-0
-0
-0
-0
-0
-0
-0
-0
-0
-0
-0
-0
-0
-0
-0
-0
-0
-0
-0
-0
-0
0
0
0
0
0
0
0
0
0
0
0
0
0
0
0
0
0
0
0
0
0
0
0
0
0
0
0
0
0
0
0
0
0
0
0
0
0
0
0
0
0
0
0
0
0
0
0
0
0
0
0
-0
-0
-0
-0
-0
-0
-0
-0
-0
-0
-0
-0
-0
-0
-0
-0
-0
-0
-0
-0
-0
-0
-0
-0
-0
-0
-0
-0
-0
-0
-0
-0
-0
-0
-0
-0
-0
-0
-0
-0
-0
-0
-0
-0
-0
-0
-0
-0
-0
0
0
0
0
0
0
0
0
0
0
0
0
0
0
0
0
0
0
0
0
0
0
0
0
0
0
0
0
0
0
0
0
0
0
0
0
0
0
0
0
0
0
0
0
0
0
0
0
0
0
-0
-0
-0
-0
-0
-0
-0
-0
-0
-0
-0
-0
-0
-0
-0
-0
-0
-0
-0
-0
-0
-0
-0
-0
-0
-0
-0
-0
-0
-0
-0
-0
-0
-0
-0
-0
-0
-0
-0
-0
-0
-0
-0
-0
-0
-0
-0
-0
-0
-0
-0
0
0
0
0
0
0
0
0
0
0
0
0
0
0
0
0
0
0
0
0
0
0
0
0
0
0
0
0
0
0
0
0
0
0
0
0
0
0
0
0
0
0
0
0
0
0
0
0
0
0
-0
-0
-0
-0
-0
-0
-0
-0
-0
-0
-0
-0
-0
-0
-0
-0
-0
-0
-0
-0
-0
-0
-0
-0
-0
-0
-0
-0
-0
-0
-0
-0
-0
-0
-0
-0
-0
-0
-0
-0
-0
-0
-0
-0
-0
-0
-0
-0
-0
-0
0
0
0
0
0
0
0
0
0
0
0
0
0
0
0
0
0
0
0
0
0
0
0
0
0
0
0
0
0
0
0
0
0
0
0
0
0
0
0
0
0
0
0
0
0
0
0
0
0
0
-0
-0
-0
-0
-0
-0
-0
-0
-0
-0
-0
-0
-0
-0
-0
-0
-0
-0
-0
-0
-0
-0
-0
-0
-0
-0
-0
-0
-0
-0
-0
-0
-0
-0
-0
-0
-0
-0
-0
-0
-0
-0
-0
-0
-0
-0
-0
-0
-0
0
0
0
0
0
0
0
0
0
0
0
0
0
0
0
0
0
0
0
0
0
0
0
0
0
0
0
0
0
0
0
0
0
0
0
0
0
0
0
0
0
0
0
0
0
0
0
0
0
0
0
-0
-0
-0
-0
-0
-0
-0
-0
-0
-0
-0
-0
-0
-0
-0
-0
-0
-0
-0
-0
-0
-0
-0
-0
-0
-0
-0
-0
-0
-0
-0
-0
-0
-0
-0
-0
-0
-0
-0
-0
-0
-0
-0
-0
-0
-0
-0
-0
-0
0
0
0
0
0
0
0
0
0
0
0
0
0
0
0
0
0
0
0
0
0
0
0
0
0
0
0
0
0
0
0
0
0
0
0
0
0
0
0
0
0
0
0
0
0
0
0
0
0
0
-0
-0
-0
-0
-0
-0
-0
-0
-0
-0
-0
-0
-0
-0
-0
-0
-0
-0
-0
-0
-0
-0
-0
-0
-0
-0
-0
-0
-0
-0
-0
-0
-0
-0
-0
-0
-0
-0
-0
-0
-0
-0
-0
-0
-0
-0
-0
-0
-0
-0
0
0
0
0
0
0
0
0
0
0
0
0
0
0
0
0
0
0
0
0
0
0
0
0
0
0
0
0
0
0
0
0
0
0
0
0
0
0
0
0
0
0
0
0
0
0
0
0
0
0
0
-0
-0
-0
-0
-0
-0
-0
-0
-0
-0
-0
-0
-0
-0
-0
-0
-0
-0
-0
-0
-0
-0
-0
-0
-0
-0
-0
-0
-0
-0
-0
-0
-0
-0
-0
-0
-0
-0
-0
-0
-0
-0
-0
-0
-0
-0
-0
-0
-0
0
0
0
0
0
0
0
0
0
0
0
0
0
0
0
0
0
0
0
0
0
0
0
0
0
0
0
0
0
0
0
0
0
0
0
0
0
0
0
0
0
0
0
0
0
0
0
0
0
0
-0
-0
-0
-0
-0
-0
-0
-0
-0
-0
-0
-0
-0
-0
-0
-0
-0
-0
-0
-0
-0
-0
-0
-0
-0
-0
-0
-0
-0
-0
-0
-0
-0
-0
-0
-0
-0
-0
-0
-0
-0
-0
-0
-0
-0
-0
-0
-0
-0
-0
0
0
0
0
0
0
0
0
0
0
0
0
0
0
0
0
0
0
0
0
0
0
0
0
0
0
0
0
0
0
0
0
0
0
0
0
0
0
0
0
0
0
0
0
0
0
0
0
0
0
-0
-0
-0
-0
-0
-0
-0
-0
-0
-0
-0
-0
-0
-0
-0
-0
-0
-0
-0
-0
-0
-0
-0
-0
-0
-0
-0
-0
-0
-0
-0
-0
-0
-0
-0
-0
-0
-0
-0
-0
-0
-0
-0
-0
-0
-0
-0
-0
-0
-0
0
0
0
0
0
0
0
0
0
0
0
0
0
0
0
0
0
0
0
0
0
0
0
0
0
0
0
0
0
0
0
0
0
0
0
0
0
0
0
0
0
0
0
0
0
0
0
0
0
0
0
-0
-0
-0
-0
-0
-0
-0
-0
-0
-0
-0
-0
-0
-0
-0
-0
-0
-0
-0
-0
-0
-0
-0
-0
-0
-0
-0
-0
-0
-0
-0
-0
-0
-0
-0
-0
-0
-0
-0
-0
-0
-0
-0
-0
-0
-0
-0
-0
-0
-0
0
0
0
0
0
0
0
0
0
0
0
0
0
0
0
0
0
0
0
0
0
0
0
0
0
0
0
0
0
0
0
0
0
0
0
0
0
0
0
0
0
0
0
0
0
0
0
0
0
0
-0
-0
-0
-0
-0
-0
-0
-0
-0
-0
-0
-0
-0
-0
-0
-0
-0
-0
-0
-0
-0
-0
-0
-0
-0
-0
-0
-0
-0
-0
-0
-0
-0
-0
-0
-0
-0
-0
-0
-0
-0
-0
-0
-0
-0
-0
-0
-0
-0
-0
0
0
0
0
0
0
0
0
0
0
0
0
0
0
0
0
0
0
0
0
0
0
0
0
0
0
0
0
0
0
0
0
0
0
0
0
0
0
0
0
0
0
0
0
0
0
0
0
0
0
-0
-0
-0
-0
-0
-0
-0
-0
-0
-0
-0
-0
-0
-0
-0
-0
-0
-0
-0
-0
-0
-0
-0
-0
-0
-0
-0
-0
-0
-0
-0
-0
-0
-0
-0
-0
-0
-0
-0
-0
-0
-0
-0
-0
-0
-0
-0
-0
-0
-0
0
0
0
0
0
0
0
0
0
0
0
0
0
0
0
0
0
0
0
0
0
0
0
0
0
0
0
0
0
0
0
0
0
0
0
0
0
0
0
0
0
0
0
0
0
0
0
0
0
0
-0
-0
-0
-0
-0
-0
-0
-0
-0
-0
-0
-0
-0
-0
-0
-0
-0
-0
-0
-0
-0
-0
-0
-0
-0
-0
-0
-0
-0
-0
-0
-0
-0
-0
-0
-0
-0
-0
-0
-0
-0
-0
-0
-0
-0
-0
-0
-0
-0
-0
0
0
0
0
0
0
0
0
0
0
0
0
0
0
0
0
0
0
0
0
0
0
0
0
0
0
0
0
0
0
0
0
0
0
0
0
0
0
0
0
0
0
0
0
0
0
0
0
0
-0
-0
-0
-0
-0
-0
-0
-0
-0
-0
-0
-0
-0
-0
-0
-0
-0
-0
-0
-0
-0
-0
-0
-0
-0
-0
-0
-0
-0
-0
-0
-0
-0
-0
-0
-0
-0
-0
-0
-0
-0
-0
-0
-0
-0
-0
-0
-0
-0
-0
-0
0
0
0
0
0
0
0
0
0
0
0
0
0
0
0
0
0
0
0
0
0
0
0
0
0
0
0
0
0
0
0
0
0
0
0
0
0
0
0
0
0
0
0
0
0
0
0
0
0
0
-1.766e-08
-7.05e-08
-1.581e-07
-2.7978e-07
-4.3456e-07
-6.2121e-07
-8.3825e-07
-1.0839e-06
-1.3563e-06
-1.6531e-06
-1.972e-06
-2.3103e-06
-2.6653e-06
-3.0339e-06
-3.413e-06
-3.7995e-06
-4.1898e-06
-4.5807e-06
-4.9685e-06
-5.3497e-06
-5.7207e-06
-6.0779e-06
-6.4177e-06
-6.7367e-06
-7.0313e-06
-7.2981e-06
-7.5339e-06
-7.7355e-06
-7.9e-06
-8.0245e-06
-8.1065e-06
-8.1434e-06
-8.1332e-06
-8.0739e-06
-7.9638e-06
-7.8014e-06
-7.5858e-06
-7.3161e-06
-6.9917e-06
-6.6126e-06
-6.1788e-06
-5.6907e-06
-5.1493e-06
-4.5555e-06
-3.911e-06
-3.2174e-06
-2.4769e-06
-1.692e-06
-8.6533e-07
-2.2049e-19
9.0065e-07
1.833e-06
2.7932e-06
3.777e-06
4.7801e-06
5.798e-06
6.8258e-06
7.8586e-06
8.8914e-06
9.9189e-06
1.0936e-05
1.1937e-05
1.2916e-05
1.3869e-05
1.479e-05
1.5673e-05
1.6513e-05
1.7305e-05
1.8043e-05
1.8724e-05
1.9341e-05
1.9891e-05
2.0369e-05
2.0771e-05
2.1094e-05
2.1333e-05
2.1485e-05
2.1549e-05
2.1521e-05
2.1399e-05
2.1181e-05
2.0868e-05
2.0456e-05
1.9947e-05
1.9341e-05
1.8637e-05
1.7837e-05
1.6943e-05
1.5956e-05
1.4878e-05
1.3714e-05
1.2465e-05
1.1137e-05
9.7323e-06
8.2565e-06
6.7146e-06
5.112e-06
3.4545e-06
1.7483e-06
-5.5179e-20
-1.7836e-06
-3.5955e-06
-5.4282e-06
-7.2742e-06
-9.1257e-06
-1.0975e-05
-1.2813e-05
-1.4633e-05
-1.6426e-05
-1.8185e-05
-1.99e-05
-2.1563e-05
-2.3168e-05
-2.4705e-05
-2.6167e-05
-2.7546e-05
-2.8836e-05
-3.0029e-05
-3.1118e-05
-3.2098e-05
-3.2962e-05
-3.3705e-05
-3.4321e-05
-3.4806e-05
-3.5156e-05
-3.5368e-05
-3.5437e-05
-3.5362e-05
-3.5141e-05
-3.4773e-05
-3.4256e-05
-3.3592e-05
-3.2779e-05
-3.1821e-05
-3.0717e-05
-2.9472e-05
-2.8088e-05
-2.6569e-05
-2.4919e-05
-2.3144e-05
-2.1249e-05
-1.924e-05
-1.7124e-05
-1.4909e-05
-1.2602e-05
-1.0212e-05
-7.747e-06
-5.217e-06
-2.6313e-06
-3.7204e-19
2.6666e-06
5.358e-06
8.0633e-06
1.0771e-05
1.3471e-05
1.6151e-05
1.8801e-05
2.1408e-05
2.3962e-05
2.645e-05
2.8863e-05
3.119e-05
3.3419e-05
3.554e-05
3.7543e-05
3.942e-05
4.1159e-05
4.2753e-05
4.4193e-05
4.5472e-05
4.6583e-05
4.7518e-05
4.8273e-05
4.8841e-05
4.9219e-05
4.9402e-05
4.9389e-05
4.9176e-05
4.8762e-05
4.8147e-05
4.7331e-05
4.6316e-05
4.5102e-05
4.3694e-05
4.2094e-05
4.0307e-05
3.8339e-05
3.6195e-05
3.3883e-05
3.141e-05
2.8784e-05
2.6015e-05
2.3112e-05
2.0086e-05
1.6948e-05
1.3709e-05
1.0382e-05
6.9795e-06
3.5143e-06
-4.9626e-19
-3.5496e-06
-7.1205e-06
-1.0698e-05
-1.4269e-05
-1.7817e-05
-2.1328e-05
-2.4788e-05
-2.8183e-05
-3.1497e-05
-3.4716e-05
-3.7827e-05
-4.0816e-05
-4.367e-05
-4.6375e-05
-4.892e-05
-5.1293e-05
-5.3482e-05
-5.5477e-05
-5.7268e-05
-5.8847e-05
-6.0203e-05
-6.1332e-05
-6.2224e-05
-6.2876e-05
-6.3281e-05
-6.3437e-05
-6.334e-05
-6.2989e-05
-6.2383e-05
-6.1521e-05
-6.0406e-05
-5.904e-05
-5.7425e-05
-5.5567e-05
-5.3471e-05
-5.1143e-05
-4.859e-05
-4.5822e-05
-4.2847e-05
-3.9676e-05
-3.6319e-05
-3.2789e-05
-2.9099e-05
-2.5263e-05
-2.1293e-05
-1.7206e-05
-1.3017e-05
-8.742e-06
-4.3973e-06
-1.3769e-19
4.4326e-06
8.883e-06
1.3333e-05
1.7766e-05
2.2162e-05
2.6505e-05
3.0776e-05
3.4957e-05
3.9032e-05
4.2982e-05
4.6791e-05
5.0443e-05
5.3921e-05
5.7211e-05
6.0297e-05
6.3166e-05
6.5805e-05
6.8201e-05
7.0343e-05
7.2221e-05
7.3824e-05
7.5145e-05
7.6176e-05
7.691e-05
7.7344e-05
7.7472e-05
7.7292e-05
7.6803e-05
7.6004e-05
7.4896e-05
7.3481e-05
7.1764e-05
6.9749e-05
6.7441e-05
6.4848e-05
6.1978e-05
5.8841e-05
5.5448e-05
5.1811e-05
4.7941e-05
4.3854e-05
3.9564e-05
3.5087e-05
3.0439e-05
2.5639e-05
2.0703e-05
1.5652e-05
1.0504e-05
5.2803e-06
-1.3232e-18
-5.3156e-06
-1.0645e-05
-1.5968e-05
-2.1263e-05
-2.6508e-05
-3.1682e-05
-3.6763e-05
-4.1732e-05
-4.6567e-05
-5.1248e-05
-5.5755e-05
-6.0069e-05
-6.4172e-05
-6.8046e-05
-7.1674e-05
-7.504e-05
-7.8128e-05
-8.0925e-05
-8.3418e-05
-8.5595e-05
-8.7445e-05
-8.8958e-05
-9.0127e-05
-9.0945e-05
-9.1406e-05
-9.1507e-05
-9.1244e-05
-9.0616e-05
-8.9624e-05
-8.827e-05
-8.6556e-05
-8.4488e-05
-8.2072e-05
-7.9314e-05
-7.6225e-05
-7.2814e-05
-6.9093e-05
-6.5075e-05
-6.0774e-05
-5.6207e-05
-5.1389e-05
-4.6339e-05
-4.1074e-05
-3.5616e-05
-2.9984e-05
-2.4201e-05
-1.8287e-05
-1.2267e-05
-6.1633e-06
4.8257e-19
6.1986e-06
1.2408e-05
1.8603e-05
2.476e-05
3.0853e-05
3.6858e-05
4.2751e-05
4.8507e-05
5.4102e-05
5.9513e-05
6.4718e-05
6.9695e-05
7.4423e-05
7.8881e-05
8.3051e-05
8.6913e-05
9.0451e-05
9.365e-05
9.6493e-05
9.8969e-05
0.00010107
0.00010277
0.00010408
0.00010498
0.00010547
0.00010554
0.0001052
0.00010443
0.00010324
0.00010164
9.9631e-05
9.7212e-05
9.4395e-05
9.1187e-05
8.7601e-05
8.3649e-05
7.9344e-05
7.4701e-05
6.9738e-05
6.4473e-05
5.8924e-05
5.3113e-05
4.7062e-05
4.0793e-05
3.433e-05
2.7698e-05
2.0922e-05
1.4029e-05
7.0463e-06
6.6131e-19
-7.0816e-06
-1.417e-05
-2.1239e-05
-2.8257e-05
-3.5199e-05
-4.2035e-05
-4.8738e-05
-5.5281e-05
-6.1637e-05
-6.7779e-05
-7.3682e-05
-7.9322e-05
-8.4674e-05
-8.9717e-05
-9.4427e-05
-9.8786e-05
-0.00010277
-0.00010637
-0.00010957
-0.00011234
-0.00011469
-0.00011659
-0.00011803
-0.00011901
-0.00011953
-0.00011958
-0.00011915
-0.00011824
-0.00011687
-0.00011502
-0.00011271
-0.00010994
-0.00010672
-0.00010306
-9.8978e-05
-9.4484e-05
-8.9595e-05
-8.4328e-05
-7.8702e-05
-7.2738e-05
-6.6459e-05
-5.9888e-05
-5.3049e-05
-4.597e-05
-3.8675e-05
-3.1195e-05
-2.3557e-05
-1.5792e-05
-7.9293e-06
1.4887e-18
7.9646e-06
1.5933e-05
2.3874e-05
3.1755e-05
3.9545e-05
4.7212e-05
5.4726e-05
6.2056e-05
6.9172e-05
7.6045e-05
8.2646e-05
8.8948e-05
9.4925e-05
0.00010055
0.0001058
0.00011066
0.0001151
0.0001191
0.00012264
0.00012572
0.00012831
0.0001304
0.00013198
0.00013305
0.00013359
0.00013361
0.0001331
0.00013206
0.00013049
0.00012839
0.00012578
0.00012266
0.00011904
0.00011493
0.00011035
0.00010532
9.9846e-05
9.3954e-05
8.7666e-05
8.1004e-05
7.3994e-05
6.6663e-05
5.9037e-05
5.1146e-05
4.3021e-05
3.4692e-05
2.6192e-05
1.7554e-05
8.8123e-06
-1.3812e-19
-8.8476e-06
-1.7695e-05
-2.6509e-05
-3.5252e-05
-4.389e-05
-5.2389e-05
-6.0713e-05
-6.8831e-05
-7.6707e-05
-8.431e-05
-9.161e-05
-9.8575e-05
-0.00010518
-0.00011139
-0.00011718
-0.00012253
-0.00012742
-0.00013182
-0.00013572
-0.00013909
-0.00014193
-0.00014421
-0.00014593
-0.00014708
-0.00014766
-0.00014765
-0.00014705
-0.00014587
-0.00014411
-0.00014177
-0.00013886
-0.00013538
-0.00013136
-0.00012681
-0.00012173
-0.00011615
-0.0001101
-0.00010358
-9.6629e-05
-8.927e-05
-8.1529e-05
-7.3437e-05
-6.5024e-05
-5.6323e-05
-4.7367e-05
-3.8189e-05
-2.8827e-05
-1.9317e-05
-9.6952e-06
2.8808e-18
9.7306e-06
1.9458e-05
2.9144e-05
3.8749e-05
4.8236e-05
5.7565e-05
6.6701e-05
7.5605e-05
8.4242e-05
9.2576e-05
0.00010057
0.0001082
0.00011543
0.00012222
0.00012856
0.00013441
0.00013974
0.00014455
0.00014879
0.00015247
0.00015555
0.00015803
0.00015989
0.00016112
0.00016172
0.00016168
0.000161
0.00015968
0.00015773
0.00015514
0.00015193
0.00014811
0.00014369
0.00013868
0.00013311
0.00012699
0.00012035
0.00011321
0.00010559
9.7536e-05
8.9064e-05
8.0212e-05
7.1012e-05
6.15e-05
5.1712e-05
4.1687e-05
3.1462e-05
2.1079e-05
1.0578e-05
-1.3235e-18
-1.0614e-05
-2.122e-05
-3.1779e-05
-4.2246e-05
-5.2581e-05
-6.2742e-05
-7.2689e-05
-8.238e-05
-9.1777e-05
-0.00010084
-0.00010954
-0.00011783
-0.00012568
-0.00013306
-0.00013993
-0.00014628
-0.00015207
-0.00015727
-0.00016187
-0.00016584
-0.00016917
-0.00017184
-0.00017384
-0.00017515
-0.00017578
-0.00017572
-0.00017495
-0.0001735
-0.00017135
-0.00016852
-0.00016501
-0.00016083
-0.00015601
-0.00015055
-0.00014449
-0.00013783
-0.0001306
-0.00012283
-0.00011456
-0.0001058
-9.66e-05
-8.6987e-05
-7.7e-05
-6.6677e-05
-5.6058e-05
-4.5184e-05
-3.4098e-05
-2.2842e-05
-1.1461e-05
-5.3709e-19
1.1497e-05
2.2983e-05
3.4414e-05
4.5743e-05
5.6927e-05
6.7919e-05
7.8676e-05
8.9155e-05
9.9312e-05
0.00010911
0.0001185
0.00012745
0.00013593
0.00014389
0.00015131
0.00015815
0.00016439
0.00016999
0.00017494
0.00017921
0.00018279
0.00018565
0.00018779
0.00018919
0.00018984
0.00018975
0.0001889
0.00018731
0.00018497
0.00018189
0.00017808
0.00017356
0.00016833
0.00016243
0.00015586
0.00014866
0.00014085
0.00013246
0.00012352
0.00011407
0.00010413
9.3761e-05
8.2987e-05
7.1853e-05
6.0403e-05
4.8681e-05
3.6733e-05
2.4604e-05
1.2344e-05
-2.8947e-18
-1.238e-05
-2.4745e-05
-3.7049e-05
-4.9241e-05
-6.1272e-05
-7.3096e-05
-8.4664e-05
-9.5929e-05
-0.00010685
-0.00011737
-0.00012746
-0.00013708
-0.00014618
-0.00015473
-0.00016269
-0.00017003
-0.00017671
-0.00018272
-0.00018802
-0.00019259
-0.00019641
-0.00019947
-0.00020174
-0.00020322
-0.00020391
-0.00020378
-0.00020286
-0.00020112
-0.00019859
-0.00019526
-0.00019116
-0.00018628
-0.00018066
-0.0001743
-0.00016724
-0.0001595
-0.0001511
-0.00014209
-0.00013248
-0.00012233
-0.00011167
-0.00010054
-8.8975e-05
-7.703e-05
-6.4749e-05
-5.2178e-05
-3.9368e-05
-2.6367e-05
-1.3227e-05
8.2742e-19
1.3263e-05
2.6508e-05
3.9684e-05
5.2738e-05
6.5618e-05
7.8272e-05
9.0651e-05
0.0001027
0.00011438
0.00012564
0.00013643
0.00014671
0.00015643
0.00016556
0.00017407
0.0001819
0.00018904
0.00019544
0.00020109
0.00020596
0.00021003
0.00021328
0.00021569
0.00021726
0.00021797
0.00021782
0.00021681
0.00021494
0.00021221
0.00020864
0.00020423
0.00019901
0.00019298
0.00018617
0.00017862
0.00017033
0.00016135
0.00015171
0.00014145
0.0001306
0.0001192
0.00010731
9.4962e-05
8.2207e-05
6.9094e-05
5.5675e-05
4.2003e-05
2.8129e-05
1.411e-05
-4.8518e-18
-1.4146e-05
-2.827e-05
-4.2319e-05
-5.6235e-05
-6.9963e-05
-8.3449e-05
-9.6639e-05
-0.00010948
-0.00012192
-0.0001339
-0.00014539
-0.00015633
-0.00016668
-0.0001764
-0.00018544
-0.00019377
-0.00020136
-0.00020817
-0.00021417
-0.00021934
-0.00022365
-0.00022709
-0.00022964
-0.00023129
-0.00023203
-0.00023185
-0.00023076
-0.00022875
-0.00022583
-0.00022201
-0.00021731
-0.00021173
-0.0002053
-0.00019805
-0.00018999
-0.00018117
-0.0001716
-0.00016134
-0.00015041
-0.00013886
-0.00012674
-0.00011409
-0.00010095
-8.7384e-05
-7.344e-05
-5.9173e-05
-4.4638e-05
-2.9892e-05
-1.4993e-05
2.5778e-18
1.5029e-05
3.0033e-05
4.4954e-05
5.9732e-05
7.4309e-05
8.8626e-05
0.00010263
0.00011625
0.00012945
0.00014217
0.00015436
0.00016596
0.00017693
0.00018723
0.00019682
0.00020565
0.00021368
0.00022089
0.00022724
0.00023271
0.00023727
0.00024091
0.0002436
0.00024533
0.00024609
0.00024589
0.00024471
0.00024256
0.00023945
0.00023539
0.00023038
0.00022445
0.00021763
0.00020992
0.00020137
0.000192
0.00018185
0.00017097
0.00015938
0.00014713
0.00013427
0.00012086
0.00010694
9.256e-05
7.7785e-05
6.267e-05
4.7273e-05
3.1654e-05
1.5876e-05
-6.2672e-22
-1.5912e-05
-3.1795e-05
-4.7589e-05
-6.3229e-05
-7.8654e-05
-9.3803e-05
-0.00010861
-0.00012303
-0.00013699
-0.00015044
-0.00016332
-0.00017559
-0.00018719
-0.00019807
-0.0002082
-0.00021752
-0.000226
-0.00023362
-0.00024032
-0.00024609
-0.00025089
-0.00025472
-0.00025755
-0.00025936
-0.00026016
-0.00025992
-0.00025866
-0.00025638
-0.00025307
-0.00024876
-0.00024346
-0.00023718
-0.00022995
-0.00022179
-0.00021275
-0.00020284
-0.00019211
-0.00018059
-0.00016834
-0.0001554
-0.00014181
-0.00012763
-0.00011292
-9.7737e-05
-8.2131e-05
-6.6167e-05
-4.9908e-05
-3.3417e-05
-1.6759e-05
4.7141e-18
1.6795e-05
3.3558e-05
5.0224e-05
6.6727e-05
8.3e-05
9.8979e-05
0.0001146
0.0001298
0.00014452
0.0001587
0.00017228
0.00018521
0.00019744
0.00020891
0.00021957
0.00022939
0.00023833
0.00024634
0.00025339
0.00025946
0.00026451
0.00026853
0.0002715
0.0002734
0.00027422
0.00027396
0.00027261
0.00027019
0.00026669
0.00026213
0.00025653
0.0002499
0.00024227
0.00023367
0.00022412
0.00021367
0.00020236
0.00019022
0.0001773
0.00016366
0.00014934
0.00013441
0.00011891
0.00010291
8.6476e-05
6.9664e-05
5.2543e-05
3.5179e-05
1.7642e-05
6.0634e-18
-1.766e-05
-3.525e-05
-5.2701e-05
-6.9944e-05
-8.6911e-05
-0.00010354
-0.00011975
-0.00013549
-0.0001507
-0.00016531
-0.00017928
-0.00019253
-0.00020502
-0.00021671
-0.00022754
-0.00023747
-0.00024646
-0.00025448
-0.0002615
-0.00026748
-0.00027241
-0.00027627
-0.00027903
-0.0002807
-0.00028125
-0.0002807
-0.00027903
-0.00027627
-0.00027241
-0.00026748
-0.0002615
-0.00025448
-0.00024646
-0.00023747
-0.00022754
-0.00021671
-0.00020502
-0.00019253
-0.00017928
-0.00016531
-0.0001507
-0.00013549
-0.00011975
-0.00010354
-8.6911e-05
-6.9944e-05
-5.2701e-05
-3.525e-05
-1.766e-05
-1.1018e-18
1.766e-05
3.525e-05
5.2701e-05
6.9944e-05
8.6911e-05
0.00010354
0.00011975
0.00013549
0.0001507
0.00016531
0.00017928
0.00019253
0.00020502
0.00021671
0.00022754
0.00023747
0.00024646
0.00025448
0.0002615
0.00026748
0.00027241
0.00027627
0.00027903
0.0002807
0.00028125
0.0002807
0.00027903
0.00027627
0.00027241
0.00026748
0.0002615
0.00025448
0.00024646
0.00023747
0.00022754
0.00021671
0.00020502
0.00019253
0.00017928
0.00016531
0.0001507
0.00013549
0.00011975
0.00010354
8.6911e-05
6.9944e-05
5.2701e-05
3.525e-05
1.766e-05
4.1339e-18
-1.766e-05
-3.525e-05
-5.2701e-05
-6.9944e-05
-8.6911e-05
-0.00010354
-0.00011975
-0.00013549
-0.0001507
-0.00016531
-0.00017928
-0.00019253
-0.00020502
-0.00021671
-0.00022754
-0.00023747
-0.00024646
-0.00025448
-0.0002615
-0.00026748
-0.00027241
-0.00027627
-0.00027903
-0.0002807
-0.00028125
-0.0002807
-0.00027903
-0.00027627
-0.00027241
-0.00026748
-0.0002615
-0.00025448
-0.00024646
-0.00023747
-0.00022754
-0.00021671
-0.00020502
-0.00019253
-0.00017928
-0.00016531
-0.0001507
-0.00013549
-0.00011975
-0.00010354
-8.6911e-05
-6.9944e-05
-5.2701e-05
-3.525e-05
-1.766e-05
-7.1659e-18
1.766e-05
3.525e-05
5.2701e-05
6.9944e-05
8.6911e-05
0.00010354
0.00011975
0.00013549
0.0001507
0.00016531
0.00017928
0.00019253
0.00020502
0.00021671
0.00022754
0.00023747
0.00024646
0.00025448
0.0002615
0.00026748
0.00027241
0.00027627
0.00027903
0.0002807
0.00028125
0.0002807
0.00027903
0.00027627
0.00027241
0.00026748
0.0002615
0.00025448
0.00024646
0.00023747
0.00022754
0.00021671
0.00020502
0.00019253
0.00017928
0.00016531
0.0001507
0.00013549
0.00011975
0.00010354
8.6911e-05
6.9944e-05
5.2701e-05
3.525e-05
1.766e-05
2.2044e-18
-1.766e-05
-3.525e-05
-5.2701e-05
-6.9944e-05
-8.6911e-05
-0.00010354
-0.00011975
-0.00013549
-0.0001507
-0.00016531
-0.00017928
-0.00019253
-0.00020502
-0.00021671
-0.00022754
-0.00023747
-0.00024646
-0.00025448
-0.0002615
-0.00026748
-0.00027241
-0.00027627
-0.00027903
-0.0002807
-0.00028125
-0.0002807
-0.00027903
-0.00027627
-0.00027241
-0.00026748
-0.0002615
-0.00025448
-0.00024646
-0.00023747
-0.00022754
-0.00021671
-0.00020502
-0.00019253
-0.00017928
-0.00016531
-0.0001507
-0.00013549
-0.00011975
-0.00010354
-8.6911e-05
-6.9944e-05
-5.2701e-05
-3.525e-05
-1.766e-05
-5.2364e-18
1.766e-05
3.525e-05
5.2701e-05
6.9944e-05
8.6911e-05
0.00010354
0.00011975
0.00013549
0.0001507
0.00016531
0.00017928
0.00019253
0.00020502
0.00021671
0.00022754
0.00023747
0.00024646
0.00025448
0.0002615
0.00026748
0.00027241
0.00027627
0.00027903
0.0002807
0.00028125
0.0002807
0.00027903
0.00027627
0.00027241
0.00026748
0.0002615
0.00025448
0.00024646
0.00023747
0.00022754
0.00021671
0.00020502
0.00019253
0.00017928
0.00016531
0.0001507
0.00013549
0.00011975
0.00010354
8.6911e-05
6.9944e-05
5.2701e-05
3.525e-05
1.766e-05
2.7485e-19
-1.766e-05
-3.525e-05
-5.2701e-05
-6.9944e-05
-8.6911e-05
-0.00010354
-0.00011975
-0.00013549
-0.0001507
-0.00016531
-0.00017928
-0.00019253
-0.00020502
-0.00021671
-0.00022754
-0.00023747
-0.00024646
-0.00025448
-0.0002615
-0.00026748
-0.00027241
-0.00027627
-0.00027903
-0.0002807
-0.00028125
-0.0002807
-0.00027903
-0.00027627
-0.00027241
-0.00026748
-0.0002615
-0.00025448
-0.00024646
-0.00023747
-0.00022754
-0.00021671
-0.00020502
-0.00019253
-0.00017928
-0.00016531
-0.0001507
-0.00013549
-0.00011975
-0.00010354
-8.6911e-05
-6.9944e-05
-5.2701e-05
-3.525e-05
-1.766e-05
-3.3069e-18
1.766e-05
3.525e-05
5.2701e-05
6.9944e-05
8.6911e-05
0.00010354
0.00011975
0.00013549
0.0001507
0.00016531
0.00017928
0.00019253
0.00020502
0.00021671
0.00022754
0.00023747
0.00024646
0.00025448
0.0002615
0.00026748
0.00027241
0.00027627
0.00027903
0.0002807
0.00028125
0.0002807
0.00027903
0.00027627
0.00027241
0.00026748
0.0002615
0.00025448
0.00024646
0.00023747
0.00022754
0.00021671
0.00020502
0.00019253
0.00017928
0.00016531
0.0001507
0.00013549
0.00011975
0.00010354
8.6911e-05
6.9944e-05
5.2701e-05
3.525e-05
1.766e-05
6.3389e-18
-1.766e-05
-3.525e-05
-5.2701e-05
-6.9944e-05
-8.6911e-05
-0.00010354
-0.00011975
-0.00013549
-0.0001507
-0.00016531
-0.00017928
-0.00019253
-0.00020502
-0.00021671
-0.00022754
-0.00023747
-0.00024646
-0.00025448
-0.0002615
-0.00026748
-0.00027241
-0.00027627
-0.00027903
-0.0002807
-0.00028125
-0.0002807
-0.00027903
-0.00027627
-0.00027241
-0.00026748
-0.0002615
-0.00025448
-0.00024646
-0.00023747
-0.00022754
-0.00021671
-0.00020502
-0.00019253
-0.00017928
-0.00016531
-0.0001507
-0.00013549
-0.00011975
-0.00010354
-8.6911e-05
-6.9944e-05
-5.2701e-05
-3.525e-05
-1.766e-05
-1.3774e-18
1.766e-05
3.525e-05
5.2701e-05
6.9944e-05
8.6911e-05
0.00010354
0.00011975
0.00013549
0.0001507
0.00016531
0.00017928
0.00019253
0.00020502
0.00021671
0.00022754
0.00023747
0.00024646
0.00025448
0.0002615
0.00026748
0.00027241
0.00027627
0.00027903
0.0002807
0.00028125
0.0002807
0.00027903
0.00027627
0.00027241
0.00026748
0.0002615
0.00025448
0.00024646
0.00023747
0.00022754
0.00021671
0.00020502
0.00019253
0.00017928
0.00016531
0.0001507
0.00013549
0.00011975
0.00010354
8.6911e-05
6.9944e-05
5.2701e-05
3.525e-05
1.766e-05
4.4094e-18
-1.766e-05
-3.525e-05
-5.2701e-05
-6.9944e-05
-8.6911e-05
-0.00010354
-0.00011975
-0.00013549
-0.0001507
-0.00016531
-0.00017928
-0.00019253
-0.00020502
-0.00021671
-0.00022754
-0.00023747
-0.00024646
-0.00025448
-0.0002615
-0.00026748
-0.00027241
-0.00027627
-0.00027903
-0.0002807
-0.00028125
-0.0002807
-0.00027903
-0.00027627
-0.00027241
-0.00026748
-0.0002615
-0.00025448
-0.00024646
-0.00023747
-0.00022754
-0.00021671
-0.00020502
-0.00019253
-0.00017928
-0.00016531
-0.0001507
-0.00013549
-0.00011975
-0.00010354
-8.6911e-05
-6.9944e-05
-5.2701e-05
-3.525e-05
-1.766e-05
5.5214e-19
1.766e-05
3.525e-05
5.2701e-05
6.9944e-05
8.6911e-05
0.00010354
0.00011975
0.00013549
0.0001507
0.00016531
0.00017928
0.00019253
0.00020502
0.00021671
0.00022754
0.00023747
0.00024646
0.00025448
0.0002615
0.00026748
0.00027241
0.00027627
0.00027903
0.0002807
0.00028125
0.0002807
0.00027903
0.00027627
0.00027241
0.00026748
0.0002615
0.00025448
0.00024646
0.00023747
0.00022754
0.00021671
0.00020502
0.00019253
0.00017928
0.00016531
0.0001507
0.00013549
0.00011975
0.00010354
8.6911e-05
6.9944e-05
5.2701e-05
3.525e-05
1.766e-05
2.4799e-18
-1.766e-05
-3.525e-05
-5.2701e-05
-6.9944e-05
-8.6911e-05
-0.00010354
-0.00011975
-0.00013549
-0.0001507
-0.00016531
-0.00017928
-0.00019253
-0.00020502
-0.00021671
-0.00022754
-0.00023747
-0.00024646
-0.00025448
-0.0002615
-0.00026748
-0.00027241
-0.00027627
-0.00027903
-0.0002807
-0.00028125
-0.0002807
-0.00027903
-0.00027627
-0.00027241
-0.00026748
-0.0002615
-0.00025448
-0.00024646
-0.00023747
-0.00022754
-0.00021671
-0.00020502
-0.00019253
-0.00017928
-0.00016531
-0.0001507
-0.00013549
-0.00011975
-0.00010354
-8.6911e-05
-6.9944e-05
-5.2701e-05
-3.525e-05
-1.766e-05
-5.512e-18
1.766e-05
3.525e-05
5.2701e-05
6.9944e-05
8.6911e-05
0.00010354
0.00011975
0.00013549
0.0001507
0.00016531
0.00017928
0.00019253
0.00020502
0.00021671
0.00022754
0.00023747
0.00024646
0.00025448
0.0002615
0.00026748
0.00027241
0.00027627
0.00027903
0.0002807
0.00028125
0.0002807
0.00027903
0.00027627
0.00027241
0.00026748
0.0002615
0.00025448
0.00024646
0.00023747
0.00022754
0.00021671
0.00020502
0.00019253
0.00017928
0.00016531
0.0001507
0.00013549
0.00011975
0.00010354
8.6911e-05
6.9944e-05
5.2701e-05
3.525e-05
1.766e-05
5.5039e-19
-1.766e-05
-3.525e-05
-5.2701e-05
-6.9944e-05
-8.6911e-05
-0.00010354
-0.00011975
-0.00013549
-0.0001507
-0.00016531
-0.00017928
-0.00019253
-0.00020502
-0.00021671
-0.00022754
-0.00023747
-0.00024646
-0.00025448
-0.0002615
-0.00026748
-0.00027241
-0.00027627
-0.00027903
-0.0002807
-0.00028125
-0.0002807
-0.00027903
-0.00027627
-0.00027241
-0.00026748
-0.0002615
-0.00025448
-0.00024646
-0.00023747
-0.00022754
-0.00021671
-0.00020502
-0.00019253
-0.00017928
-0.00016531
-0.0001507
-0.00013549
-0.00011975
-0.00010354
-8.6911e-05
-6.9944e-05
-5.2701e-05
-3.525e-05
-1.766e-05
-3.5824e-18
1.766e-05
3.525e-05
5.2701e-05
6.9944e-05
8.6911e-05
0.00010354
0.00011975
0.00013549
0.0001507
0.00016531
0.00017928
0.00019253
0.00020502
0.00021671
0.00022754
0.00023747
0.00024646
0.00025448
0.0002615
0.00026748
0.00027241
0.00027627
0.00027903
0.0002807
0.00028125
0.0002807
0.00027903
0.00027627
0.00027241
0.00026748
0.0002615
0.00025448
0.00024646
0.00023747
0.00022754
0.00021671
0.00020502
0.00019253
0.00017928
0.00016531
0.0001507
0.00013549
0.00011975
0.00010354
8.6911e-05
6.9944e-05
5.2701e-05
3.525e-05
1.766e-05
-1.3791e-18
-1.766e-05
-3.525e-05
-5.2701e-05
-6.9944e-05
-8.6911e-05
-0.00010354
-0.00011975
-0.00013549
-0.0001507
-0.00016531
-0.00017928
-0.00019253
-0.00020502
-0.00021671
-0.00022754
-0.00023747
-0.00024646
-0.00025448
-0.0002615
-0.00026748
-0.00027241
-0.00027627
-0.00027903
-0.0002807
-0.00028125
-0.0002807
-0.00027903
-0.00027627
-0.00027241
-0.00026748
-0.0002615
-0.00025448
-0.00024646
-0.00023747
-0.00022754
-0.00021671
-0.00020502
-0.00019253
-0.00017928
-0.00016531
-0.0001507
-0.00013549
-0.00011975
-0.00010354
-8.6911e-05
-6.9944e-05
-5.2701e-05
-3.525e-05
-1.766e-05
-1.6529e-18
1.766e-05
3.525e-05
5.2701e-05
6.9944e-05
8.6911e-05
0.00010354
0.00011975
0.00013549
0.0001507
0.00016531
0.00017928
0.00019253
0.00020502
0.00021671
0.00022754
0.00023747
0.00024646
0.00025448
0.0002615
0.00026748
0.00027241
0.00027627
0.00027903
0.0002807
0.00028125
0.0002807
0.00027903
0.00027627
0.00027241
0.00026748
0.0002615
0.00025448
0.00024646
0.00023747
0.00022754
0.00021671
0.00020502
0.00019253
0.00017928
0.00016531
0.0001507
0.00013549
0.00011975
0.00010354
8.6911e-05
6.9944e-05
5.2701e-05
3.525e-05
1.766e-05
4.685e-18
-1.766e-05
-3.525e-05
-5.2701e-05
-6.9944e-05
-8.6911e-05
-0.00010354
-0.00011975
-0.00013549
-0.0001507
-0.00016531
-0.00017928
-0.00019253
-0.00020502
-0.00021671
-0.00022754
-0.00023747
-0.00024646
-0.00025448
-0.0002615
-0.00026748
-0.00027241
-0.00027627
-0.00027903
-0.0002807
-0.00028125
-0.0002807
-0.00027903
-0.00027627
-0.00027241
-0.00026748
-0.0002615
-0.00025448
-0.00024646
-0.00023747
-0.00022754
-0.00021671
-0.00020502
-0.00019253
-0.00017928
-0.00016531
-0.0001507
-0.00013549
-0.00011975
-0.00010354
-8.6911e-05
-6.9944e-05
-5.2701e-05
-3.525e-05
-1.766e-05
2.7659e-19
1.766e-05
3.525e-05
5.2701e-05
6.9944e-05
8.6911e-05
0.00010354
0.00011975
0.00013549
0.0001507
0.00016531
0.00017928
0.00019253
0.00020502
0.00021671
0.00022754
0.00023747
0.00024646
0.00025448
0.0002615
0.00026748
0.00027241
0.00027627
0.00027903
0.0002807
0.00028125
0.0002807
0.00027903
0.00027627
0.00027241
0.00026748
0.0002615
0.00025448
0.00024646
0.00023747
0.00022754
0.00021671
0.00020502
0.00019253
0.00017928
0.00016531
0.0001507
0.00013549
0.00011975
0.00010354
8.6911e-05
6.9944e-05
5.2701e-05
3.525e-05
1.766e-05
2.7555e-18
-1.766e-05
-3.525e-05
-5.2701e-05
-6.9944e-05
-8.6911e-05
-0.00010354
-0.00011975
-0.00013549
-0.0001507
-0.00016531
-0.00017928
-0.00019253
-0.00020502
-0.00021671
-0.00022754
-0.00023747
-0.00024646
-0.00025448
-0.0002615
-0.00026748
-0.00027241
-0.00027627
-0.00027903
-0.0002807
-0.00028125
-0.0002807
-0.00027903
-0.00027627
-0.00027241
-0.00026748
-0.0002615
-0.00025448
-0.00024646
-0.00023747
-0.00022754
-0.00021671
-0.00020502
-0.00019253
-0.00017928
-0.00016531
-0.0001507
-0.00013549
-0.00011975
-0.00010354
-8.6911e-05
-6.9944e-05
-5.2701e-05
-3.525e-05
-1.766e-05
-5.7875e-18
1.766e-05
3.525e-05
5.2701e-05
6.9944e-05
8.6911e-05
0.00010354
0.00011975
0.00013549
0.0001507
0.00016531
0.00017928
0.00019253
0.00020502
0.00021671
0.00022754
0.00023747
0.00024646
0.00025448
0.0002615
0.00026748
0.00027241
0.00027627
0.00027903
0.0002807
0.00028125
0.0002807
0.00027903
0.00027627
0.00027241
0.00026748
0.0002615
0.00025448
0.00024646
0.00023747
0.00022754
0.00021671
0.00020502
0.00019253
0.00017928
0.00016531
0.0001507
0.00013549
0.00011975
0.00010354
8.6911e-05
6.9944e-05
5.2701e-05
3.525e-05
1.766e-05
8.8195e-18
-1.766e-05
-3.525e-05
-5.2701e-05
-6.9944e-05
-8.6911e-05
-0.00010354
-0.00011975
-0.00013549
-0.0001507
-0.00016531
-0.00017928
-0.00019253
-0.00020502
-0.00021671
-0.00022754
-0.00023747
-0.00024646
-0.00025448
-0.0002615
-0.00026748
-0.00027241
-0.00027627
-0.00027903
-0.0002807
-0.00028125
-0.0002807
-0.00027903
-0.00027627
-0.00027241
-0.00026748
-0.0002615
-0.00025448
-0.00024646
-0.00023747
-0.00022754
-0.00021671
-0.00020502
-0.00019253
-0.00017928
-0.00016531
-0.0001507
-0.00013549
-0.00011975
-0.00010354
-8.6911e-05
-6.9944e-05
-5.2701e-05
-3.525e-05
-1.766e-05
4.1356e-18
1.766e-05
3.525e-05
5.2701e-05
6.9944e-05
8.6911e-05
0.00010354
0.00011975
0.00013549
0.0001507
0.00016531
0.00017928
0.00019253
0.00020502
0.00021671
0.00022754
0.00023747
0.00024646
0.00025448
0.0002615
0.00026748
0.00027241
0.00027627
0.00027903
0.0002807
0.00028125
0.0002807
0.00027903
0.00027627
0.00027241
0.00026748
0.0002615
0.00025448
0.00024646
0.00023747
0.00022754
0.00021671
0.00020502
0.00019253
0.00017928
0.00016531
0.0001507
0.00013549
0.00011975
0.00010354
8.6911e-05
6.9944e-05
5.2701e-05
3.525e-05
1.766e-05
-1.1036e-18
-1.766e-05
-3.525e-05
-5.2701e-05
-6.9944e-05
-8.6911e-05
-0.00010354
-0.00011975
-0.00013549
-0.0001507
-0.00016531
-0.00017928
-0.00019253
-0.00020502
-0.00021671
-0.00022754
-0.00023747
-0.00024646
-0.00025448
-0.0002615
-0.00026748
-0.00027241
-0.00027627
-0.00027903
-0.0002807
-0.00028125
-0.0002807
-0.00027903
-0.00027627
-0.00027241
-0.00026748
-0.0002615
-0.00025448
-0.00024646
-0.00023747
-0.00022754
-0.00021671
-0.00020502
-0.00019253
-0.00017928
-0.00016531
-0.0001507
-0.00013549
-0.00011975
-0.00010354
-8.6911e-05
-6.9944e-05
-5.2701e-05
-3.525e-05
-1.766e-05
-1.9285e-18
1.766e-05
3.525e-05
5.2701e-05
6.9944e-05
8.6911e-05
0.00010354
0.00011975
0.00013549
0.0001507
0.00016531
0.00017928
0.00019253
0.00020502
0.00021671
0.00022754
0.00023747
0.00024646
0.00025448
0.0002615
0.00026748
0.00027241
0.00027627
0.00027903
0.0002807
0.00028125
0.0002807
0.00027903
0.00027627
0.00027241
0.00026748
0.0002615
0.00025448
0.00024646
0.00023747
0.00022754
0.00021671
0.00020502
0.00019253
0.00017928
0.00016531
0.0001507
0.00013549
0.00011975
0.00010354
8.6911e-05
6.9944e-05
5.2701e-05
3.525e-05
1.766e-05
4.9605e-18
-1.766e-05
-3.525e-05
-5.2701e-05
-6.9944e-05
-8.6911e-05
-0.00010354
-0.00011975
-0.00013549
-0.0001507
-0.00016531
-0.00017928
-0.00019253
-0.00020502
-0.00021671
-0.00022754
-0.00023747
-0.00024646
-0.00025448
-0.0002615
-0.00026748
-0.00027241
-0.00027627
-0.00027903
-0.0002807
-0.00028125
-0.0002807
-0.00027903
-0.00027627
-0.00027241
-0.00026748
-0.0002615
-0.00025448
-0.00024646
-0.00023747
-0.00022754
-0.00021671
-0.00020502
-0.00019253
-0.00017928
-0.00016531
-0.0001507
-0.00013549
-0.00011975
-0.00010354
-8.6911e-05
-6.9944e-05
-5.2701e-05
-3.525e-05
-1.766e-05
7.9947e-18
1.766e-05
3.525e-05
5.2701e-05
6.9944e-05
8.6911e-05
0.00010354
0.00011975
0.00013549
0.0001507
0.00016531
0.00017928
0.00019253
0.00020502
0.00021671
0.00022754
0.00023747
0.00024646
0.00025448
0.0002615
0.00026748
0.00027241
0.00027627
0.00027903
0.0002807
0.00028125
0.0002807
0.00027903
0.00027627
0.00027241
0.00026748
0.0002615
0.00025448
0.00024646
0.00023747
0.00022754
0.00021671
0.00020502
0.00019253
0.00017928
0.00016531
0.0001507
0.00013549
0.00011975
0.00010354
8.6911e-05
6.9944e-05
5.2701e-05
3.525e-05
1.766e-05
-4.9626e-18
-1.766e-05
-3.525e-05
-5.2701e-05
-6.9944e-05
-8.6911e-05
-0.00010354
-0.00011975
-0.00013549
-0.0001507
-0.00016531
-0.00017928
-0.00019253
-0.00020502
-0.00021671
-0.00022754
-0.00023747
-0.00024646
-0.00025448
-0.0002615
-0.00026748
-0.00027241
-0.00027627
-0.00027903
-0.0002807
-0.00028125
-0.0002807
-0.00027903
-0.00027627
-0.00027241
-0.00026748
-0.0002615
-0.00025448
-0.00024646
-0.00023747
-0.00022754
-0.00021671
-0.00020502
-0.00019253
-0.00017928
-0.00016531
-0.0001507
-0.00013549
-0.00011975
-0.00010354
-8.6911e-05
-6.9944e-05
-5.2701e-05
-3.525e-05
-1.766e-05
1.9306e-18
1.766e-05
3.525e-05
5.2701e-05
6.9944e-05
8.6911e-05
0.00010354
0.00011975
0.00013549
0.0001507
0.00016531
0.00017928
0.00019253
0.00020502
0.00021671
0.00022754
0.00023747
0.00024646
0.00025448
0.0002615
0.00026748
0.00027241
0.00027627
0.00027903
0.0002807
0.00028125
0.0002807
0.00027903
0.00027627
0.00027241
0.00026748
0.0002615
0.00025448
0.00024646
0.00023747
0.00022754
0.00021671
0.00020502
0.00019253
0.00017928
0.00016531
0.0001507
0.00013549
0.00011975
0.00010354
8.6911e-05
6.9944e-05
5.2701e-05
3.525e-05
1.766e-05
1.1015e-18
-1.766e-05
-3.525e-05
-5.2701e-05
-6.9944e-05
-8.6911e-05
-0.00010354
-0.00011975
-0.00013549
-0.0001507
-0.00016531
-0.00017928
-0.00019253
-0.00020502
-0.00021671
-0.00022754
-0.00023747
-0.00024646
-0.00025448
-0.0002615
-0.00026748
-0.00027241
-0.00027627
-0.00027903
-0.0002807
-0.00028125
-0.0002807
-0.00027903
-0.00027627
-0.00027241
-0.00026748
-0.0002615
-0.00025448
-0.00024646
-0.00023747
-0.00022754
-0.00021671
-0.00020502
-0.00019253
-0.00017928
-0.00016531
-0.0001507
-0.00013549
-0.00011975
-0.00010354
-8.6911e-05
-6.9944e-05
-5.2701e-05
-3.525e-05
-1.766e-05
-4.1335e-18
1.766e-05
3.525e-05
5.2701e-05
6.9944e-05
8.6911e-05
0.00010354
0.00011975
0.00013549
0.0001507
0.00016531
0.00017928
0.00019253
0.00020502
0.00021671
0.00022754
0.00023747
0.00024646
0.00025448
0.0002615
0.00026748
0.00027241
0.00027627
0.00027903
0.0002807
0.00028125
0.0002807
0.00027903
0.00027627
0.00027241
0.00026748
0.0002615
0.00025448
0.00024646
0.00023747
0.00022754
0.00021671
0.00020502
0.00019253
0.00017928
0.00016531
0.0001507
0.00013549
0.00011975
0.00010354
8.6911e-05
6.9944e-05
5.2701e-05
3.525e-05
1.766e-05
-8.8216e-18
-1.766e-05
-3.525e-05
-5.2701e-05
-6.9944e-05
-8.6911e-05
-0.00010354
-0.00011975
-0.00013549
-0.0001507
-0.00016531
-0.00017928
-0.00019253
-0.00020502
-0.00021671
-0.00022754
-0.00023747
-0.00024646
-0.00025448
-0.0002615
-0.00026748
-0.00027241
-0.00027627
-0.00027903
-0.0002807
-0.00028125
-0.0002807
-0.00027903
-0.00027627
-0.00027241
-0.00026748
-0.0002615
-0.00025448
-0.00024646
-0.00023747
-0.00022754
-0.00021671
-0.00020502
-0.00019253
-0.00017928
-0.00016531
-0.0001507
-0.00013549
-0.00011975
-0.00010354
-8.6911e-05
-6.9944e-05
-5.2701e-05
-3.525e-05
-1.766e-05
5.7896e-18
1.766e-05
3.525e-05
5.2701e-05
6.9944e-05
8.6911e-05
0.00010354
0.00011975
0.00013549
0.0001507
0.00016531
0.00017928
0.00019253
0.00020502
0.00021671
0.00022754
0.00023747
0.00024646
0.00025448
0.0002615
0.00026748
0.00027241
0.00027627
0.00027903
0.0002807
0.00028125
0.0002807
0.00027903
0.00027627
0.00027241
0.00026748
0.0002615
0.00025448
0.00024646
0.00023747
0.00022754
0.00021671
0.00020502
0.00019253
0.00017928
0.00016531
0.0001507
0.00013549
0.00011975
0.00010354
8.6911e-05
6.9944e-05
5.2701e-05
3.525e-05
1.766e-05
-2.7575e-18
-1.766e-05
-3.525e-05
-5.2701e-05
-6.9944e-05
-8.6911e-05
-0.00010354
-0.00011975
-0.00013549
-0.0001507
-0.00016531
-0.00017928
-0.00019253
-0.00020502
-0.00021671
-0.00022754
-0.00023747
-0.00024646
-0.00025448
-0.0002615
-0.00026748
-0.00027241
-0.00027627
-0.00027903
-0.0002807
-0.00028125
-0.0002807
-0.00027903
-0.00027627
-0.00027241
-0.00026748
-0.0002615
-0.00025448
-0.00024646
-0.00023747
-0.00022754
-0.00021671
-0.00020502
-0.00019253
-0.00017928
-0.00016531
-0.0001507
-0.00013549
-0.00011975
-0.00010354
-8.6911e-05
-6.9944e-05
-5.2701e-05
-3.525e-05
-1.766e-05
-2.745e-19
1.766e-05
3.525e-05
5.2701e-05
6.9944e-05
8.6911e-05
0.00010354
0.00011975
0.00013549
0.0001507
0.00016531
0.00017928
0.00019253
0.00020502
0.00021671
0.00022754
0.00023747
0.00024646
0.00025448
0.0002615
0.00026748
0.00027241
0.00027627
0.00027903
0.0002807
0.00028125
0.0002807
0.00027903
0.00027627
0.00027241
0.00026748
0.0002615
0.00025448
0.00024646
0.00023747
0.00022754
0.00021671
0.00020502
0.00019253
0.00017928
0.00016531
0.0001507
0.00013549
0.00011975
0.00010354
8.6911e-05
6.9944e-05
5.2701e-05
3.525e-05
1.766e-05
3.3065e-18
-1.766e-05
-3.525e-05
-5.2701e-05
-6.9944e-05
-8.6911e-05
-0.00010354
-0.00011975
-0.00013549
-0.0001507
-0.00016531
-0.00017928
-0.00019253
-0.00020502
-0.00021671
-0.00022754
-0.00023747
-0.00024646
-0.00025448
-0.0002615
-0.00026748
-0.00027241
-0.00027627
-0.00027903
-0.0002807
-0.00028125
-0.0002807
-0.00027903
-0.00027627
-0.00027241
-0.00026748
-0.0002615
-0.00025448
-0.00024646
-0.00023747
-0.00022754
-0.00021671
-0.00020502
-0.00019253
-0.00017928
-0.00016531
-0.0001507
-0.00013549
-0.00011975
-0.00010354
-8.6911e-05
-6.9944e-05
-5.2701e-05
-3.525e-05
-1.766e-05
9.6486e-18
1.766e-05
3.525e-05
5.2701e-05
6.9944e-05
8.6911e-05
0.00010354
0.00011975
0.00013549
0.0001507
0.00016531
0.00017928
0.00019253
0.00020502
0.00021671
0.00022754
0.00023747
0.00024646
0.00025448
0.0002615
0.00026748
0.00027241
0.00027627
0.00027903
0.0002807
0.00028125
0.0002807
0.00027903
0.00027627
0.00027241
0.00026748
0.0002615
0.00025448
0.00024646
0.00023747
0.00022754
0.00021671
0.00020502
0.00019253
0.00017928
0.00016531
0.0001507
0.00013549
0.00011975
0.00010354
8.6911e-05
6.9944e-05
5.2701e-05
3.525e-05
1.766e-05
-6.6166e-18
-1.766e-05
-3.525e-05
-5.2701e-05
-6.9944e-05
-8.6911e-05
-0.00010354
-0.00011975
-0.00013549
-0.0001507
-0.00016531
-0.00017928
-0.00019253
-0.00020502
-0.00021671
-0.00022754
-0.00023747
-0.00024646
-0.00025448
-0.0002615
-0.00026748
-0.00027241
-0.00027627
-0.00027903
-0.0002807
-0.00028125
-0.0002807
-0.00027903
-0.00027627
-0.00027241
-0.00026748
-0.0002615
-0.00025448
-0.00024646
-0.00023747
-0.00022754
-0.00021671
-0.00020502
-0.00019253
-0.00017928
-0.00016531
-0.0001507
-0.00013549
-0.00011975
-0.00010354
-8.6911e-05
-6.9944e-05
-5.2701e-05
-3.525e-05
-1.766e-05
3.5845e-18
1.766e-05
3.525e-05
5.2701e-05
6.9944e-05
8.6911e-05
0.00010354
0.00011975
0.00013549
0.0001507
0.00016531
0.00017928
0.00019253
0.00020502
0.00021671
0.00022754
0.00023747
0.00024646
0.00025448
0.0002615
0.00026748
0.00027241
0.00027627
0.00027903
0.0002807
0.00028125
0.0002807
0.00027903
0.00027627
0.00027241
0.00026748
0.0002615
0.00025448
0.00024646
0.00023747
0.00022754
0.00021671
0.00020502
0.00019253
0.00017928
0.00016531
0.0001507
0.00013549
0.00011975
0.00010354
8.6911e-05
6.9944e-05
5.2701e-05
3.525e-05
1.766e-05
-5.5248e-19
-1.766e-05
-3.525e-05
-5.2701e-05
-6.9944e-05
-8.6911e-05
-0.00010354
-0.00011975
-0.00013549
-0.0001507
-0.00016531
-0.00017928
-0.00019253
-0.00020502
-0.00021671
-0.00022754
-0.00023747
-0.00024646
-0.00025448
-0.0002615
-0.00026748
-0.00027241
-0.00027627
-0.00027903
-0.0002807
-0.00028125
-0.0002807
-0.00027903
-0.00027627
-0.00027241
-0.00026748
-0.0002615
-0.00025448
-0.00024646
-0.00023747
-0.00022754
-0.00021671
-0.00020502
-0.00019253
-0.00017928
-0.00016531
-0.0001507
-0.00013549
-0.00011975
-0.00010354
-8.6911e-05
-6.9944e-05
-5.2701e-05
-3.525e-05
-1.766e-05
-2.4796e-18
1.766e-05
3.525e-05
5.2701e-05
6.9944e-05
8.6911e-05
0.00010354
0.00011975
0.00013549
0.0001507
0.00016531
0.00017928
0.00019253
0.00020502
0.00021671
0.00022754
0.00023747
0.00024646
0.00025448
0.0002615
0.00026748
0.00027241
0.00027627
0.00027903
0.0002807
0.00028125
0.0002807
0.00027903
0.00027627
0.00027241
0.00026748
0.0002615
0.00025448
0.00024646
0.00023747
0.00022754
0.00021671
0.00020502
0.00019253
0.00017928
0.00016531
0.0001507
0.00013549
0.00011975
0.00010354
8.6911e-05
6.9944e-05
5.2701e-05
3.525e-05
1.766e-05
5.5116e-18
-1.766e-05
-3.525e-05
-5.2701e-05
-6.9944e-05
-8.6911e-05
-0.00010354
-0.00011975
-0.00013549
-0.0001507
-0.00016531
-0.00017928
-0.00019253
-0.00020502
-0.00021671
-0.00022754
-0.00023747
-0.00024646
-0.00025448
-0.0002615
-0.00026748
-0.00027241
-0.00027627
-0.00027903
-0.0002807
-0.00028125
-0.0002807
-0.00027903
-0.00027627
-0.00027241
-0.00026748
-0.0002615
-0.00025448
-0.00024646
-0.00023747
-0.00022754
-0.00021671
-0.00020502
-0.00019253
-0.00017928
-0.00016531
-0.0001507
-0.00013549
-0.00011975
-0.00010354
-8.6911e-05
-6.9944e-05
-5.2701e-05
-3.525e-05
-1.766e-05
-8.5437e-18
1.766e-05
3.525e-05
5.2701e-05
6.9944e-05
8.6911e-05
0.00010354
0.00011975
0.00013549
0.0001507
0.00016531
0.00017928
0.00019253
0.00020502
0.00021671
0.00022754
0.00023747
0.00024646
0.00025448
0.0002615
0.00026748
0.00027241
0.00027627
0.00027903
0.0002807
0.00028125
0.0002807
0.00027903
0.00027627
0.00027241
0.00026748
0.0002615
0.00025448
0.00024646
0.00023747
0.00022754
0.00021671
0.00020502
0.00019253
0.00017928
0.00016531
0.0001507
0.00013549
0.00011975
0.00010354
8.6911e-05
6.9944e-05
5.2701e-05
3.525e-05
1.766e-05
-4.4115e-18
-1.766e-05
-3.525e-05
-5.2701e-05
-6.9944e-05
-8.6911e-05
-0.00010354
-0.00011975
-0.00013549
-0.0001507
-0.00016531
-0.00017928
-0.00019253
-0.00020502
-0.00021671
-0.00022754
-0.00023747
-0.00024646
-0.00025448
-0.0002615
-0.00026748
-0.00027241
-0.00027627
-0.00027903
-0.0002807
-0.00028125
-0.0002807
-0.00027903
-0.00027627
-0.00027241
-0.00026748
-0.0002615
-0.00025448
-0.00024646
-0.00023747
-0.00022754
-0.00021671
-0.00020502
-0.00019253
-0.00017928
-0.00016531
-0.0001507
-0.00013549
-0.00011975
-0.00010354
-8.6911e-05
-6.9944e-05
-5.2701e-05
-3.525e-05
-1.766e-05
1.3795e-18
1.766e-05
3.525e-05
5.2701e-05
6.9944e-05
8.6911e-05
0.00010354
0.00011975
0.00013549
0.0001507
0.00016531
0.00017928
0.00019253
0.00020502
0.00021671
0.00022754
0.00023747
0.00024646
0.00025448
0.0002615
0.00026748
0.00027241
0.00027627
0.00027903
0.0002807
0.00028125
0.0002807
0.00027903
0.00027627
0.00027241
0.00026748
0.0002615
0.00025448
0.00024646
0.00023747
0.00022754
0.00021671
0.00020502
0.00019253
0.00017928
0.00016531
0.0001507
0.00013549
0.00011975
0.00010354
8.6911e-05
6.9944e-05
5.2701e-05
3.525e-05
1.766e-05
1.6526e-18
-1.766e-05
-3.525e-05
-5.2701e-05
-6.9944e-05
-8.6911e-05
-0.00010354
-0.00011975
-0.00013549
-0.0001507
-0.00016531
-0.00017928
-0.00019253
-0.00020502
-0.00021671
-0.00022754
-0.00023747
-0.00024646
-0.00025448
-0.0002615
-0.00026748
-0.00027241
-0.00027627
-0.00027903
-0.0002807
-0.00028125
-0.0002807
-0.00027903
-0.00027627
-0.00027241
-0.00026748
-0.0002615
-0.00025448
-0.00024646
-0.00023747
-0.00022754
-0.00021671
-0.00020502
-0.00019253
-0.00017928
-0.00016531
-0.0001507
-0.00013549
-0.00011975
-0.00010354
-8.6911e-05
-6.9944e-05
-5.2701e-05
-3.525e-05
-1.766e-05
-4.6846e-18
1.766e-05
3.525e-05
5.2701e-05
6.9944e-05
8.6911e-05
0.00010354
0.00011975
0.00013549
0.0001507
0.00016531
0.00017928
0.00019253
0.00020502
0.00021671
0.00022754
0.00023747
0.00024646
0.00025448
0.0002615
0.00026748
0.00027241
0.00027627
0.00027903
0.0002807
0.00028125
0.0002807
0.00027903
0.00027627
0.00027241
0.00026748
0.0002615
0.00025448
0.00024646
0.00023747
0.00022754
0.00021671
0.00020502
0.00019253
0.00017928
0.00016531
0.0001507
0.00013549
0.00011975
0.00010354
8.6911e-05
6.9944e-05
5.2701e-05
3.525e-05
1.766e-05
7.7167e-18
-1.766e-05
-3.525e-05
-5.2701e-05
-6.9944e-05
-8.6911e-05
-0.00010354
-0.00011975
-0.00013549
-0.0001507
-0.00016531
-0.00017928
-0.00019253
-0.00020502
-0.00021671
-0.00022754
-0.00023747
-0.00024646
-0.00025448
-0.0002615
-0.00026748
-0.00027241
-0.00027627
-0.00027903
-0.0002807
-0.00028125
-0.0002807
-0.00027903
-0.00027627
-0.00027241
-0.00026748
-0.0002615
-0.00025448
-0.00024646
-0.00023747
-0.00022754
-0.00021671
-0.00020502
-0.00019253
-0.00017928
-0.00016531
-0.0001507
-0.00013549
-0.00011975
-0.00010354
-8.6911e-05
-6.9944e-05
-5.2701e-05
-3.525e-05
-1.766e-05
5.2385e-18
1.766e-05
3.525e-05
5.2701e-05
6.9944e-05
8.6911e-05
0.00010354
0.00011975
0.00013549
0.0001507
0.00016531
0.00017928
0.00019253
0.00020502
0.00021671
0.00022754
0.00023747
0.00024646
0.00025448
0.0002615
0.00026748
0.00027241
0.00027627
0.00027903
0.0002807
0.00028125
0.0002807
0.00027903
0.00027627
0.00027241
0.00026748
0.0002615
0.00025448
0.00024646
0.00023747
0.00022754
0.00021671
0.00020502
0.00019253
0.00017928
0.00016531
0.0001507
0.00013549
0.00011975
0.00010354
8.6911e-05
6.9944e-05
5.2701e-05
3.525e-05
1.766e-05
-2.2065e-18
-1.766e-05
-3.525e-05
-5.2701e-05
-6.9944e-05
-8.6911e-05
-0.00010354
-0.00011975
-0.00013549
-0.0001507
-0.00016531
-0.00017928
-0.00019253
-0.00020502
-0.00021671
-0.00022754
-0.00023747
-0.00024646
-0.00025448
-0.0002615
-0.00026748
-0.00027241
-0.00027627
-0.00027903
-0.0002807
-0.00028125
-0.0002807
-0.00027903
-0.00027627
-0.00027241
-0.00026748
-0.0002615
-0.00025448
-0.00024646
-0.00023747
-0.00022754
-0.00021671
-0.00020502
-0.00019253
-0.00017928
-0.00016531
-0.0001507
-0.00013549
-0.00011975
-0.00010354
-8.6911e-05
-6.9944e-05
-5.2701e-05
-3.525e-05
-1.766e-05
-8.2559e-19
1.766e-05
3.525e-05
5.2701e-05
6.9944e-05
8.6911e-05
0.00010354
0.00011975
0.00013549
0.0001507
0.00016531
0.00017928
0.00019253
0.00020502
0.00021671
0.00022754
0.00023747
0.00024646
0.00025448
0.0002615
0.00026748
0.00027241
0.00027627
0.00027903
0.0002807
0.00028125
0.0002807
0.00027903
0.00027627
0.00027241
0.00026748
0.0002615
0.00025448
0.00024646
0.00023747
0.00022754
0.00021671
0.00020502
0.00019253
0.00017928
0.00016531
0.0001507
0.00013549
0.00011975
0.00010354
8.6911e-05
6.9944e-05
5.2701e-05
3.525e-05
1.766e-05
3.8576e-18
-1.766e-05
-3.525e-05
-5.2701e-05
-6.9944e-05
-8.6911e-05
-0.00010354
-0.00011975
-0.00013549
-0.0001507
-0.00016531
-0.00017928
-0.00019253
-0.00020502
-0.00021671
-0.00022754
-0.00023747
-0.00024646
-0.00025448
-0.0002615
-0.00026748
-0.00027241
-0.00027627
-0.00027903
-0.0002807
-0.00028125
-0.0002807
-0.00027903
-0.00027627
-0.00027241
-0.00026748
-0.0002615
-0.00025448
-0.00024646
-0.00023747
-0.00022754
-0.00021671
-0.00020502
-0.00019253
-0.00017928
-0.00016531
-0.0001507
-0.00013549
-0.00011975
-0.00010354
-8.6911e-05
-6.9944e-05
-5.2701e-05
-3.525e-05
-1.766e-05
-6.8897e-18
1.766e-05
3.525e-05
5.2701e-05
6.9944e-05
8.6911e-05
0.00010354
0.00011975
0.00013549
0.0001507
0.00016531
0.00017928
0.00019253
0.00020502
0.00021671
0.00022754
0.00023747
0.00024646
0.00025448
0.0002615
0.00026748
0.00027241
0.00027627
0.00027903
0.0002807
0.00028125
0.0002807
0.00027903
0.00027627
0.00027241
0.00026748
0.0002615
0.00025448
0.00024646
0.00023747
0.00022754
0.00021671
0.00020502
0.00019253
0.00017928
0.00016531
0.0001507
0.00013549
0.00011975
0.00010354
8.6911e-05
6.9944e-05
5.2701e-05
3.525e-05
1.766e-05
-6.0655e-18
-1.766e-05
-3.525e-05
-5.2701e-05
-6.9944e-05
-8.6911e-05
-0.00010354
-0.00011975
-0.00013549
-0.0001507
-0.00016531
-0.00017928
-0.00019253
-0.00020502
-0.00021671
-0.00022754
-0.00023747
-0.00024646
-0.00025448
-0.0002615
-0.00026748
-0.00027241
-0.00027627
-0.00027903
-0.0002807
-0.00028125
-0.0002807
-0.00027903
-0.00027627
-0.00027241
-0.00026748
-0.0002615
-0.00025448
-0.00024646
-0.00023747
-0.00022754
-0.00021671
-0.00020502
-0.00019253
-0.00017928
-0.00016531
-0.0001507
-0.00013549
-0.00011975
-0.00010354
-8.6911e-05
-6.9944e-05
-5.2701e-05
-3.525e-05
-1.766e-05
3.0334e-18
1.766e-05
3.525e-05
5.2701e-05
6.9944e-05
8.6911e-05
0.00010354
0.00011975
0.00013549
0.0001507
0.00016531
0.00017928
0.00019253
0.00020502
0.00021671
0.00022754
0.00023747
0.00024646
0.00025448
0.0002615
0.00026748
0.00027241
0.00027627
0.00027903
0.0002807
0.00028125
0.0002807
0.00027903
0.00027627
0.00027241
0.00026748
0.0002615
0.00025448
0.00024646
0.00023747
0.00022754
0.00021671
0.00020502
0.00019253
0.00017928
0.00016531
0.0001507
0.00013549
0.00011975
0.00010354
8.6911e-05
6.9944e-05
5.2701e-05
3.525e-05
1.766e-05
-1.3913e-21
-1.7625e-05
-3.5144e-05
-5.249e-05
-6.9594e-05
-8.639e-05
-0.00010281
-0.00011879
-0.00013427
-0.00014919
-0.0001635
-0.00017712
-0.00019003
-0.00020215
-0.00021346
-0.0002239
-0.00023343
-0.00024202
-0.00024965
-0.00025627
-0.00026187
-0.00026642
-0.00026991
-0.00027234
-0.00027368
-0.00027394
-0.00027312
-0.00027122
-0.00026826
-0.00026424
-0.00025919
-0.00025313
-0.00024608
-0.00023808
-0.00022916
-0.00021934
-0.00020869
-0.00019723
-0.00018502
-0.0001721
-0.00015854
-0.00014437
-0.00012967
-0.00011448
-9.8876e-05
-8.2913e-05
-6.6657e-05
-5.0171e-05
-3.3523e-05
-1.6777e-05
-2.8761e-18
1.6742e-05
3.3382e-05
4.9855e-05
6.6097e-05
8.2044e-05
9.7634e-05
0.0001128
0.0001275
0.00014166
0.00015523
0.00016816
0.0001804
0.0001919
0.00020262
0.00021252
0.00022156
0.0002297
0.00023692
0.00024319
0.00024849
0.0002528
0.0002561
0.00025838
0.00025964
0.00025988
0.00025908
0.00025727
0.00025444
0.00025062
0.00024582
0.00024006
0.00023336
0.00022576
0.00021728
0.00020797
0.00019785
0.00018698
0.00017539
0.00016314
0.00015027
0.00013684
0.00012289
0.00010849
9.3699e-05
7.8568e-05
6.3159e-05
4.7536e-05
3.176e-05
1.5894e-05
-8.9221e-18
-1.5859e-05
-3.1619e-05
-4.722e-05
-6.26e-05
-7.7698e-05
-9.2457e-05
-0.00010682
-0.00012072
-0.00013412
-0.00014696
-0.0001592
-0.00017077
-0.00018165
-0.00019179
-0.00020114
-0.00020968
-0.00021738
-0.0002242
-0.00023012
-0.00023512
-0.00023918
-0.00024229
-0.00024443
-0.00024561
-0.00024581
-0.00024505
-0.00024332
-0.00024063
-0.000237
-0.00023244
-0.00022698
-0.00022064
-0.00021344
-0.00020541
-0.00019659
-0.00018702
-0.00017673
-0.00016577
-0.00015418
-0.00014201
-0.0001293
-0.00011612
-0.00010251
-8.8522e-05
-7.4222e-05
-5.9662e-05
-4.4901e-05
-2.9998e-05
-1.5011e-05
5.8517e-18
1.4976e-05
2.9857e-05
4.4585e-05
5.9103e-05
7.3353e-05
8.728e-05
0.00010083
0.00011395
0.00012659
0.0001387
0.00015023
0.00016115
0.0001714
0.00018095
0.00018977
0.00019781
0.00020506
0.00021148
0.00021704
0.00022174
0.00022556
0.00022847
0.00023048
0.00023157
0.00023175
0.00023101
0.00022936
0.00022682
0.00022338
0.00021907
0.00021391
0.00020791
0.00020111
0.00019354
0.00018521
0.00017618
0.00016648
0.00015614
0.00014521
0.00013374
0.00012177
0.00010934
9.6519e-05
8.3346e-05
6.9876e-05
5.6165e-05
4.2266e-05
2.8235e-05
1.4128e-05
9.6893e-18
-1.4093e-05
-2.8094e-05
-4.195e-05
-5.5606e-05
-6.9007e-05
-8.2103e-05
-9.4842e-05
-0.00010718
-0.00011905
-0.00013043
-0.00014127
-0.00015152
-0.00016115
-0.00017011
-0.00017839
-0.00018594
-0.00019273
-0.00019875
-0.00020397
-0.00020837
-0.00021194
-0.00021466
-0.00021653
-0.00021754
-0.00021769
-0.00021698
-0.00021541
-0.000213
-0.00020976
-0.0002057
-0.00020083
-0.00019519
-0.00018879
-0.00018166
-0.00017384
-0.00016535
-0.00015623
-0.00014651
-0.00013625
-0.00012547
-0.00011423
-0.00010257
-9.0531e-05
-7.8169e-05
-6.5531e-05
-5.2668e-05
-3.9631e-05
-2.6473e-05
-1.3245e-05
-1.1354e-17
1.321e-05
2.6332e-05
3.9315e-05
5.2108e-05
6.4662e-05
7.6927e-05
8.8855e-05
0.0001004
0.00011152
0.00012217
0.00013231
0.00014189
0.0001509
0.00015928
0.00016701
0.00017406
0.00018041
0.00018603
0.00019089
0.000195
0.00019832
0.00020085
0.00020258
0.0002035
0.00020363
0.00020294
0.00020146
0.00019919
0.00019614
0.00019232
0.00018776
0.00018246
0.00017647
0.00016979
0.00016246
0.00015451
0.00014598
0.00013689
0.00012729
0.00011721
0.0001067
9.5794e-05
8.4544e-05
7.2992e-05
6.1185e-05
4.9171e-05
3.6996e-05
2.471e-05
1.2362e-05
1.2715e-17
-1.2327e-05
-2.4569e-05
-3.668e-05
-4.8611e-05
-6.0316e-05
-7.175e-05
-8.2867e-05
-9.3626e-05
-0.00010398
-0.0001139
-0.00012334
-0.00013227
-0.00014065
-0.00014844
-0.00015563
-0.00016219
-0.00016809
-0.0001733
-0.00017782
-0.00018162
-0.0001847
-0.00018703
-0.00018863
-0.00018947
-0.00018956
-0.00018891
-0.00018751
-0.00018538
-0.00018252
-0.00017895
-0.00017468
-0.00016974
-0.00016414
-0.00015792
-0.00015108
-0.00014368
-0.00013572
-0.00012726
-0.00011832
-0.00010894
-9.9161e-05
-8.9019e-05
-7.8556e-05
-6.7815e-05
-5.684e-05
-4.5673e-05
-3.4361e-05
-2.2948e-05
-1.1479e-05
-3.398e-18
1.1444e-05
2.2807e-05
3.4045e-05
4.5114e-05
5.5971e-05
6.6573e-05
7.688e-05
8.6851e-05
9.6449e-05
0.00010564
0.00011438
0.00012264
0.00013039
0.00013761
0.00014426
0.00015032
0.00015576
0.00016058
0.00016474
0.00016825
0.00017108
0.00017322
0.00017467
0.00017543
0.0001755
0.00017487
0.00017356
0.00017156
0.0001689
0.00016557
0.00016161
0.00015702
0.00015182
0.00014604
0.00013971
0.00013284
0.00012547
0.00011764
0.00010936
0.00010068
9.1626e-05
8.2244e-05
7.2569e-05
6.2639e-05
5.2494e-05
4.2176e-05
3.1726e-05
2.1185e-05
1.0596e-05
1.4529e-17
-1.0561e-05
-2.1044e-05
-3.141e-05
-4.1617e-05
-5.1625e-05
-6.1396e-05
-7.0892e-05
-8.0076e-05
-8.8914e-05
-9.737e-05
-0.00010541
-0.00011301
-0.00012014
-0.00012677
-0.00013288
-0.00013844
-0.00014344
-0.00014785
-0.00015167
-0.00015487
-0.00015746
-0.00015941
-0.00016072
-0.0001614
-0.00016144
-0.00016084
-0.00015961
-0.00015775
-0.00015528
-0.0001522
-0.00014853
-0.00014429
-0.0001395
-0.00013417
-0.00012833
-0.00012201
-0.00011522
-0.00010801
-0.00010039
-9.2411e-05
-8.4091e-05
-7.547e-05
-6.6581e-05
-5.7462e-05
-4.8149e-05
-3.8679e-05
-2.9091e-05
-1.9423e-05
-9.7129e-06
-6.2036e-18
9.6776e-06
1.9282e-05
2.8775e-05
3.8119e-05
4.728e-05
5.622e-05
6.4905e-05
7.3302e-05
8.1379e-05
8.9105e-05
9.645e-05
0.00010339
0.00010989
0.00011594
0.0001215
0.00012657
0.00013112
0.00013513
0.00013859
0.0001415
0.00014383
0.00014559
0.00014677
0.00014736
0.00014738
0.0001468
0.00014565
0.00014394
0.00014166
0.00013882
0.00013546
0.00013157
0.00012717
0.0001223
0.00011695
0.00011117
0.00010497
9.8382e-05
9.1431e-05
8.4145e-05
7.6556e-05
6.8695e-05
6.0594e-05
5.2285e-05
4.3803e-05
3.5182e-05
2.6456e-05
1.766e-05
8.8299e-06
7.1516e-18
-8.7946e-06
-1.7519e-05
-2.614e-05
-3.4622e-05
-4.2934e-05
-5.1043e-05
-5.8917e-05
-6.6527e-05
-7.3844e-05
-8.0839e-05
-8.7486e-05
-9.3762e-05
-9.9641e-05
-0.0001051
-0.00011013
-0.0001147
-0.00011879
-0.00012241
-0.00012552
-0.00012813
-0.00013021
-0.00013178
-0.00013282
-0.00013333
-0.00013331
-0.00013277
-0.0001317
-0.00013012
-0.00012803
-0.00012545
-0.00012238
-0.00011884
-0.00011485
-0.00011042
-0.00010558
-0.00010034
-9.472e-05
-8.8756e-05
-8.2467e-05
-7.5879e-05
-6.9021e-05
-6.192e-05
-5.4606e-05
-4.7108e-05
-3.9458e-05
-3.1685e-05
-2.3821e-05
-1.5898e-05
-7.9469e-06
-7.7964e-18
7.9116e-06
1.5757e-05
2.3505e-05
3.1125e-05
3.8588e-05
4.5866e-05
5.293e-05
5.9753e-05
6.6309e-05
7.2573e-05
7.8523e-05
8.4135e-05
8.939e-05
9.4267e-05
9.8751e-05
0.00010282
0.00010647
0.00010968
0.00011244
0.00011475
0.00011659
0.00011797
0.00011887
0.0001193
0.00011925
0.00011873
0.00011775
0.00011631
0.00011441
0.00011208
0.00010931
0.00010612
0.00010253
9.8549e-05
9.42e-05
8.95e-05
8.4469e-05
7.9129e-05
7.3503e-05
6.7614e-05
6.1486e-05
5.5146e-05
4.8619e-05
4.1932e-05
3.5112e-05
2.8187e-05
2.1186e-05
1.4135e-05
7.0639e-06
1.7591e-18
-7.0286e-06
-1.3994e-05
-2.087e-05
-2.7628e-05
-3.4243e-05
-4.0689e-05
-4.6942e-05
-5.2978e-05
-5.8774e-05
-6.4307e-05
-6.9559e-05
-7.4509e-05
-7.9139e-05
-8.3432e-05
-8.7374e-05
-9.095e-05
-9.4148e-05
-9.6958e-05
-9.937e-05
-0.00010138
-0.00010297
-0.00010415
-0.00010492
-0.00010526
-0.00010519
-0.0001047
-0.0001038
-0.0001025
-0.00010079
-9.8702e-05
-9.6232e-05
-9.3395e-05
-9.0205e-05
-8.6676e-05
-8.2823e-05
-7.8665e-05
-7.4218e-05
-6.9503e-05
-6.4539e-05
-5.9348e-05
-5.3951e-05
-4.8371e-05
-4.2631e-05
-3.6755e-05
-3.0767e-05
-2.469e-05
-1.8551e-05
-1.2373e-05
-6.1809e-06
-8.1764e-18
6.1456e-06
1.2232e-05
1.8235e-05
2.4131e-05
2.9897e-05
3.5513e-05
4.0955e-05
4.6203e-05
5.1238e-05
5.6042e-05
6.0595e-05
6.4882e-05
6.8888e-05
7.2597e-05
7.5997e-05
7.9077e-05
8.1825e-05
8.4234e-05
8.6295e-05
8.8002e-05
8.9352e-05
9.034e-05
9.0965e-05
9.1226e-05
9.1125e-05
9.0664e-05
8.9848e-05
8.8682e-05
8.7172e-05
8.5328e-05
8.3157e-05
8.0671e-05
7.7882e-05
7.4802e-05
7.1446e-05
6.7829e-05
6.3967e-05
5.9876e-05
5.5575e-05
5.1082e-05
4.6416e-05
4.1596e-05
3.6644e-05
3.1578e-05
2.6421e-05
2.1193e-05
1.5916e-05
1.061e-05
5.298e-06
3.1314e-18
-5.2626e-06
-1.0469e-05
-1.5599e-05
-2.0633e-05
-2.5552e-05
-3.0336e-05
-3.4967e-05
-3.9429e-05
-4.3703e-05
-4.7776e-05
-5.1631e-05
-5.5256e-05
-5.8636e-05
-6.1761e-05
-6.462e-05
-6.7203e-05
-6.9502e-05
-7.151e-05
-7.322e-05
-7.4628e-05
-7.5731e-05
-7.6526e-05
-7.7013e-05
-7.7191e-05
-7.7063e-05
-7.663e-05
-7.5897e-05
-7.4869e-05
-7.3552e-05
-7.1953e-05
-7.0082e-05
-6.7947e-05
-6.5559e-05
-6.2929e-05
-6.007e-05
-5.6994e-05
-5.3716e-05
-5.025e-05
-4.6612e-05
-4.2816e-05
-3.8881e-05
-3.4822e-05
-3.0656e-05
-2.6401e-05
-2.2075e-05
-1.7696e-05
-1.3281e-05
-8.8477e-06
-4.415e-06
-3.3627e-18
4.3796e-06
8.7067e-06
1.2964e-05
1.7136e-05
2.1206e-05
2.5159e-05
2.898e-05
3.2654e-05
3.6168e-05
3.951e-05
4.2668e-05
4.5629e-05
4.8385e-05
5.0926e-05
5.3243e-05
5.533e-05
5.7179e-05
5.8785e-05
6.0145e-05
6.1254e-05
6.211e-05
6.2713e-05
6.3061e-05
6.3156e-05
6.3e-05
6.2595e-05
6.1945e-05
6.1055e-05
5.9931e-05
5.8579e-05
5.7007e-05
5.5223e-05
5.3236e-05
5.1055e-05
4.8693e-05
4.6159e-05
4.3465e-05
4.0624e-05
3.7648e-05
3.4551e-05
3.1346e-05
2.8047e-05
2.4669e-05
2.1225e-05
1.773e-05
1.4199e-05
1.0646e-05
7.0852e-06
3.532e-06
3.2908e-18
-3.4966e-06
-6.9442e-06
-1.0329e-05
-1.3639e-05
-1.6861e-05
-1.9982e-05
-2.2992e-05
-2.5879e-05
-2.8633e-05
-3.1244e-05
-3.3704e-05
-3.6003e-05
-3.8134e-05
-4.0091e-05
-4.1867e-05
-4.3457e-05
-4.4856e-05
-4.6061e-05
-4.707e-05
-4.788e-05
-4.849e-05
-4.8899e-05
-4.911e-05
-4.9122e-05
-4.8938e-05
-4.856e-05
-4.7994e-05
-4.7242e-05
-4.631e-05
-4.5205e-05
-4.3932e-05
-4.2499e-05
-4.0913e-05
-3.9182e-05
-3.7316e-05
-3.5323e-05
-3.3214e-05
-3.0997e-05
-2.8684e-05
-2.6285e-05
-2.3811e-05
-2.1272e-05
-1.8681e-05
-1.6048e-05
-1.3384e-05
-1.0701e-05
-8.0106e-06
-5.3227e-06
-2.649e-06
-5.3368e-19
2.6137e-06
5.1817e-06
7.6943e-06
1.0142e-05
1.2515e-05
1.4806e-05
1.7005e-05
1.9105e-05
2.1098e-05
2.2979e-05
2.474e-05
2.6376e-05
2.7883e-05
2.9255e-05
3.049e-05
3.1583e-05
3.2533e-05
3.3337e-05
3.3995e-05
3.4506e-05
3.4869e-05
3.5086e-05
3.5158e-05
3.5087e-05
3.4875e-05
3.4525e-05
3.4042e-05
3.3428e-05
3.269e-05
3.1831e-05
3.0857e-05
2.9774e-05
2.859e-05
2.7309e-05
2.5939e-05
2.4488e-05
2.2963e-05
2.1371e-05
1.972e-05
1.8019e-05
1.6276e-05
1.4498e-05
1.2694e-05
1.0871e-05
9.0387e-06
7.2042e-06
5.3755e-06
3.5602e-06
1.766e-06
2.2375e-18
-1.7307e-06
-3.4192e-06
-5.0593e-06
-6.6447e-06
-8.1696e-06
-9.6288e-06
-1.1017e-05
-1.233e-05
-1.3563e-05
-1.4713e-05
-1.5776e-05
-1.675e-05
-1.7632e-05
-1.842e-05
-1.9113e-05
-1.971e-05
-2.021e-05
-2.0613e-05
-2.092e-05
-2.1131e-05
-2.1248e-05
-2.1273e-05
-2.1206e-05
-2.1052e-05
-2.0813e-05
-2.0491e-05
-2.009e-05
-1.9615e-05
-1.9069e-05
-1.8456e-05
-1.7782e-05
-1.705e-05
-1.6266e-05
-1.5435e-05
-1.4562e-05
-1.3653e-05
-1.2711e-05
-1.1744e-05
-1.0757e-05
-9.7536e-06
-8.7407e-06
-7.7231e-06
-6.706e-06
-5.6944e-06
-4.6932e-06
-3.707e-06
-2.7405e-06
-1.7977e-06
-8.8299e-07
-4.7265e-19
8.4767e-07
1.6567e-06
2.4242e-06
3.1475e-06
3.8241e-06
4.452e-06
5.0295e-06
5.5552e-06
6.0281e-06
6.4473e-06
6.8125e-06
7.1236e-06
7.3808e-06
7.5847e-06
7.7362e-06
7.8364e-06
7.8868e-06
7.889e-06
7.845e-06
7.7571e-06
7.6276e-06
7.4592e-06
7.2548e-06
7.0174e-06
6.75e-06
6.456e-06
6.1387e-06
5.8016e-06
5.4483e-06
5.0822e-06
4.707e-06
4.3262e-06
3.9434e-06
3.562e-06
3.1855e-06
2.8172e-06
2.4603e-06
2.1178e-06
1.7928e-06
1.4878e-06
1.2056e-06
9.4845e-07
7.185e-07
5.1768e-07
3.4764e-07
2.0983e-07
1.054e-07
3.525e-08
0
0
-0
-0
-0
-0
-0
-0
-0
-0
-0
-0
-0
-0
-0
-0
-0
-0
-0
-0
-0
-0
-0
-0
-0
-0
-0
-0
-0
-0
-0
-0
-0
-0
-0
-0
-0
-0
-0
-0
-0
-0
-0
-0
-0
-0
-0
-0
-0
-0
-0
-0
0
0
0
0
0
0
0
0
0
0
0
0
0
0
0
0
0
0
0
0
0
0
0
0
0
0
0
0
0
0
0
0
0
0
0
0
0
0
0
0
0
0
0
0
0
0
0
0
0
0
-0
-0
-0
-0
-0
-0
-0
-0
-0
-0
-0
-0
-0
-0
-0
-0
-0
-0
-0
-0
-0
-0
-0
-0
-0
-0
-0
-0
-0
-0
-0
-0
-0
-0
-0
-0
-0
-0
-0
-0
-0
-0
-0
-0
-0
-0
-0
-0
-0
-0
0
0
0
0
0
0
0
0
0
0
0
0
0
0
0
0
0
0
0
0
0
0
0
0
0
0
0
0
0
0
0
0
0
0
0
0
0
0
0
0
0
0
0
0
0
0
0
0
0
0
-0
-0
-0
-0
-0
-0
-0
-0
-0
-0
-0
-0
-0
-0
-0
-0
-0
-0
-0
-0
-0
-0
-0
-0
-0
-0
-0
-0
-0
-0
-0
-0
-0
-0
-0
-0
-0
-0
-0
-0
-0
-0
-0
-0
-0
-0
-0
-0
-0
-0
0
0
0
0
0
0
0
0
0
0
0
0
0
0
0
0
0
0
0
0
0
0
0
0
0
0
0
0
0
0
0
0
0
0
0
0
0
0
0
0
0
0
0
0
0
0
0
0
0
0
-0
-0
-0
-0
-0
-0
-0
-0
-0
-0
-0
-0
-0
-0
-0
-0
-0
-0
-0
-0
-0
-0
-0
-0
-0
-0
-0
-0
-0
-0
-0
-0
-0
-0
-0
-0
-0
-0
-0
-0
-0
-0
-0
-0
-0
-0
-0
-0
-0
-0
0
0
0
0
0
0
0
0
0
0
0
0
0
0
0
0
0
0
0
0
0
0
0
0
0
0
0
0
0
0
0
0
0
0
0
0
0
0
0
0
0
0
0
0
0
0
0
0
0
0
-0
-0
-0
-0
-0
-0
-0
-0
-0
-0
-0
-0
-0
-0
-0
-0
-0
-0
-0
-0
-0
-0
-0
-0
-0
-0
-0
-0
-0
-0
-0
-0
-0
-0
-0
-0
-0
-0
-0
-0
-0
-0
-0
-0
-0
-0
-0
-0
-0
-0
0
0
0
0
0
0
0
0
0
0
0
0
0
0
0
0
0
0
0
0
0
0
0
0
0
0
0
0
0
0
0
0
0
0
0
0
0
0
0
0
0
0
0
0
0
0
0
0
0
0
-0
-0
-0
-0
-0
-0
-0
-0
-0
-0
-0
-0
-0
-0
-0
-0
-0
-0
-0
-0
-0
-0
-0
-0
-0
-0
-0
-0
-0
-0
-0
-0
-0
-0
-0
-0
-0
-0
-0
-0
-0
-0
-0
-0
-0
-0
-0
-0
-0
-0
0
0
0
0
0
0
0
0
0
0
0
0
0
0
0
0
0
0
0
0
0
0
0
0
0
0
0
0
0
0
0
0
0
0
0
0
0
0
0
0
0
0
0
0
0
0
0
0
0
0
-0
-0
-0
-0
-0
-0
-0
-0
-0
-0
-0
-0
-0
-0
-0
-0
-0
-0
-0
-0
-0
-0
-0
-0
-0
-0
-0
-0
-0
-0
-0
-0
-0
-0
-0
-0
-0
-0
-0
-0
-0
-0
-0
-0
-0
-0
-0
-0
-0
-0
0
0
0
0
0
0
0
0
0
0
0
0
0
0
0
0
0
0
0
0
0
0
0
0
0
0
0
0
0
0
0
0
0
0
0
0
0
0
0
0
0
0
0
0
0
0
0
0
0
0
-0
-0
-0
-0
-0
-0
-0
-0
-0
-0
-0
-0
-0
-0
-0
-0
-0
-0
-0
-0
-0
-0
-0
-0
-0
-0
-0
-0
-0
-0
-0
-0
-0
-0
-0
-0
-0
-0
-0
-0
-0
-0
-0
-0
-0
-0
-0
-0
-0
-0
0
0
0
0
0
0
0
0
0
0
0
0
0
0
0
0
0
0
0
0
0
0
0
0
0
0
0
0
0
0
0
0
0
0
0
0
0
0
0
0
0
0
0
0
0
0
0
0
0
0
-0
-0
-0
-0
-0
-0
-0
-0
-0
-0
-0
-0
-0
-0
-0
-0
-0
-0
-0
-0
-0
-0
-0
-0
-0
-0
-0
-0
-0
-0
-0
-0
-0
-0
-0
-0
-0
-0
-0
-0
-0
-0
-0
-0
-0
-0
-0
-0
-0
-0
0
0
0
0
0
0
0
0
0
0
0
0
0
0
0
0
0
0
0
0
0
0
0
0
0
0
0
0
0
0
0
0
0
0
0
0
0
0
0
0
0
0
0
0
0
0
0
0
0
0
-0
-0
-0
-0
-0
-0
-0
-0
-0
-0
-0
-0
-0
-0
-0
-0
-0
-0
-0
-0
-0
-0
-0
-0
-0
-0
-0
-0
-0
-0
-0
-0
-0
-0
-0
-0
-0
-0
-0
-0
-0
-0
-0
-0
-0
-0
-0
-0
-0
-0
0
0
0
0
0
0
0
0
0
0
0
0
0
0
0
0
0
0
0
0
0
0
0
0
0
0
0
0
0
0
0
0
0
0
0
0
0
0
0
0
0
0
0
0
0
0
0
0
0
0
-0
-0
-0
-0
-0
-0
-0
-0
-0
-0
-0
-0
-0
-0
-0
-0
-0
-0
-0
-0
-0
-0
-0
-0
-0
-0
-0
-0
-0
-0
-0
-0
-0
-0
-0
-0
-0
-0
-0
-0
-0
-0
-0
-0
-0
-0
-0
-0
-0
-0
0
0
0
0
0
0
0
0
0
0
0
0
0
0
0
0
0
0
0
0
0
0
0
0
0
0
0
0
0
0
0
0
0
0
0
0
0
0
0
0
0
0
0
0
0
0
0
0
0
-0
-0
-0
-0
-0
-0
-0
-0
-0
-0
-0
-0
-0
-0
-0
-0
-0
-0
-0
-0
-0
-0
-0
-0
-0
-0
-0
-0
-0
-0
-0
-0
-0
-0
-0
-0
-0
-0
-0
-0
-0
-0
-0
-0
-0
-0
-0
-0
-0
-0
-0
0
0
0
0
0
0
0
0
0
0
0
0
0
0
0
0
0
0
0
0
0
0
0
0
0
0
0
0
0
0
0
0
0
0
0
0
0
0
0
0
0
0
0
0
0
0
0
0
0
0
-0
-0
-0
-0
-0
-0
-0
-0
-0
-0
-0
-0
-0
-0
-0
-0
-0
-0
-0
-0
-0
-0
-0
-0
-0
-0
-0
-0
-0
-0
-0
-0
-0
-0
-0
-0
-0
-0
-0
-0
-0
-0
-0
-0
-0
-0
-0
-0
-0
0
0
0
0
0
0
0
0
0
0
0
0
0
0
0
0
0
0
0
0
0
0
0
0
0
0
0
0
0
0
0
0
0
0
0
0
0
0
0
0
0
0
0
0
0
0
0
0
0
0
0
-0
-0
-0
-0
-0
-0
-0
-0
-0
-0
-0
-0
-0
-0
-0
-0
-0
-0
-0
-0
-0
-0
-0
-0
-0
-0
-0
-0
-0
-0
-0
-0
-0
-0
-0
-0
-0
-0
-0
-0
-0
-0
-0
-0
-0
-0
-0
-0
-0
-0
0
0
0
0
0
0
0
0
0
0
0
0
0
0
0
0
0
0
0
0
0
0
0
0
0
0
0
0
0
0
0
0
0
0
0
0
0
0
0
0
0
0
0
0
0
0
0
0
0
0
-0
-0
-0
-0
-0
-0
-0
-0
-0
-0
-0
-0
-0
-0
-0
-0
-0
-0
-0
-0
-0
-0
-0
-0
-0
-0
-0
-0
-0
-0
-0
-0
-0
-0
-0
-0
-0
-0
-0
-0
-0
-0
-0
-0
-0
-0
-0
-0
-0
-0
0
0
0
0
0
0
0
0
0
0
0
0
0
0
0
0
0
0
0
0
0
0
0
0
0
0
0
0
0
0
0
0
0
0
0
0
0
0
0
0
0
0
0
0
0
0
0
0
0
-0
-0
-0
-0
-0
-0
-0
-0
-0
-0
-0
-0
-0
-0
-0
-0
-0
-0
-0
-0
-0
-0
-0
-0
-0
-0
-0
-0
-0
-0
-0
-0
-0
-0
-0
-0
-0
-0
-0
-0
-0
-0
-0
-0
-0
-0
-0
-0
-0
-0
-0
0
0
0
0
0
0
0
0
0
0
0
0
0
0
0
0
0
0
0
0
0
0
0
0
0
0
0
0
0
0
0
0
0
0
0
0
0
0
0
0
0
0
0
0
0
0
0
0
0
-0
-0
-0
-0
-0
-0
-0
-0
-0
-0
-0
-0
-0
-0
-0
-0
-0
-0
-0
-0
-0
-0
-0
-0
-0
-0
-0
-0
-0
-0
-0
-0
-0
-0
-0
-0
-0
-0
-0
-0
-0
-0
-0
-0
-0
-0
-0
-0
-0
-0
-0
0
0
0
0
0
0
0
0
0
0
0
0
0
0
0
0
0
0
0
0
0
0
0
0
0
0
0
0
0
0
0
0
0
0
0
0
0
0
0
0
0
0
0
0
0
0
0
0
0
0
-0
-0
-0
-0
-0
-0
-0
-0
-0
-0
-0
-0
-0
-0
-0
-0
-0
-0
-0
-0
-0
-0
-0
-0
-0
-0
-0
-0
-0
-0
-0
-0
-0
-0
-0
-0
-0
-0
-0
-0
-0
-0
-0
-0
-0
-0
-0
-0
-0
-0
0
0
0
0
0
0
0
0
0
0
0
0
0
0
0
0
0
0
0
0
0
0
0
0
0
0
0
0
0
0
0
0
0
0
0
0
0
0
0
0
0
0
0
0
0
0
0
0
0
0
-0
-0
-0
-0
-0
-0
-0
-0
-0
-0
-0
-0
-0
-0
-0
-0
-0
-0
-0
-0
-0
-0
-0
-0
-0
-0
-0
-0
-0
-0
-0
-0
-0
-0
-0
-0
-0
-0
-0
-0
-0
-0
-0
-0
-0
-0
-0
-0
-0
-0
0
0
0
0
0
0
0
0
0
0
0
0
0
0
0
0
0
0
0
0
0
0
0
0
0
0
0
0
0
0
0
0
0
0
0
0
0
0
0
0
0
0
0
0
0
0
0
0
0
0
-0
-0
-0
-0
-0
-0
-0
-0
-0
-0
-0
-0
-0
-0
-0
-0
-0
-0
-0
-0
-0
-0
-0
-0
-0
-0
-0
-0
-0
-0
-0
-0
-0
-0
-0
-0
-0
-0
-0
-0
-0
-0
-0
-0
-0
-0
-0
-0
-0
-0
0
0
0
0
0
0
0
0
0
0
0
0
0
0
0
0
0
0
0
0
0
0
0
0
0
0
0
0
0
0
0
0
0
0
0
0
0
0
0
0
0
0
0
0
0
0
0
0
0
-0
-0
-0
-0
-0
-0
-0
-0
-0
-0
-0
-0
-0
-0
-0
-0
-0
-0
-0
-0
-0
-0
-0
-0
-0
-0
-0
-0
-0
-0
-0
-0
-0
-0
-0
-0
-0
-0
-0
-0
-0
-0
-0
-0
-0
-0
-0
-0
-0
-0
-0
0
0
0
0
0
0
0
0
0
0
0
0
0
0
0
0
0
0
0
0
0
0
0
0
0
0
0
0
0
0
0
0
0
0
0
0
0
0
0
0
0
0
0
0
0
0
0
0
0
-0
-0
-0
-0
-0
-0
-0
-0
-0
-0
-0
-0
-0
-0
-0
-0
-0
-0
-0
-0
-0
-0
-0
-0
-0
-0
-0
-0
-0
-0
-0
-0
-0
-0
-0
-0
-0
-0
-0
-0
-0
-0
-0
-0
-0
-0
-0
-0
-0
-0
-0
0
0
0
0
0
0
0
0
0
0
0
0
0
0
0
0
0
0
0
0
0
0
0
0
0
0
0
0
0
0
0
0
0
0
0
0
0
0
0
0
0
0
0
0
0
0
0
0
0
0
-0
-0
-0
-0
-0
-0
-0
-0
-0
-0
-0
-0
-0
-0
-0
-0
-0
-0
-0
-0
-0
-0
-0
-0
-0
-0
-0
-0
-0
-0
-0
-0
-0
-0
-0
-0
-0
-0
-0
-0
-0
-0
-0
-0
-0
-0
-0
-0
-0
-0
0
0
0
0
0
0
0
0
0
0
0
0
0
0
0
0
0
0
0
0
0
0
0
0
0
0
0
0
0
0
0
0
0
0
0
0
0
0
0
0
0
0
0
0
0
0
0
0
0
0
-0
-0
-0
-0
-0
-0
-0
-0
-0
-0
-0
-0
-0
-0
-0
-0
-0
-0
-0
-0
-0
-0
-0
-0
-0
-0
-0
-0
-0
-0
-0
-0
-0
-0
-0
-0
-0
-0
-0
-0
-0
-0
-0
-0
-0
-0
-0
-0
-0
-0
0
0
0
0
0
0
0
0
0
0
0
0
0
0
0
0
0
0
0
0
0
0
0
0
0
0
0
0
0
0
0
0
0
0
0
0
0
0
0
0
0
0
0
0
0
0
0
0
0
0
-0
-0
-0
-0
-0
-0
-0
-0
-0
-0
-0
-0
-0
-0
-0
-0
-0
-0
-0
-0
-0
-0
-0
-0
-0
-0
-0
-0
-0
-0
-0
-0
-0
-0
-0
-0
-0
-0
-0
-0
-0
-0
-0
-0
-0
-0
-0
-0
-0
-0
0
0
0
0
0
0
0
0
0
0
0
0
0
0
0
0
0
0
0
0
0
0
0
0
0
0
0
0
0
0
0
0
0
0
0
0
0
0
0
0
0
0
0
0
0
0
0
0
0
-0
-0
-0
-0
-0
-0
-0
-0
-0
-0
-0
-0
-0
-0
-0
-0
-0
-0
-0
-0
-0
-0
-0
-0
-0
-0
-0
-0
-0
-0
-0
-0
-0
-0
-0
-0
-0
-0
-0
-0
-0
-0
-0
-0
-0
-0
-0
-0
-0
-0
-0
0
0
0
0
0
0
0
0
0
0
0
0
0
0
0
0
0
0
0
0
0
0
0
0
0
0
0
0
0
0
0
0
0
0
0
0
0
0
0
0
0
0
0
0
0
0
0
0
0
-0
-0
-0
-0
-0
-0
-0
-0
-0
-0
-0
-0
-0
-0
-0
-0
-0
-0
-0
-0
-0
-0
-0
-0
-0
-0
-0
-0
-0
-0
-0
-0
-0
-0
-0
-0
-0
-0
-0
-0
-0
-0
-0
-0
-0
-0
-0
-0
-0
-0
-0
0
0
0
0
0
0
0
0
0
0
0
0
0
0
0
0
0
0
0
0
0
0
0
0
0
0
0
0
0
0
0
0
0
0
0
0
0
0
0
0
0
0
0
0
0
0
0
0
0
0
-0
-0
-0
-0
-0
-0
-0
-0
-0
-0
-0
-0
-0
-0
-0
-0
-0
-0
-0
-0
-0
-0
-0
-0
-0
-0
-0
-0
-0
-0
-0
-0
-0
-0
-0
-0
-0
-0
-0
-0
-0
-0
-0
-0
-0
-0
-0
-0
-0
-0
0
0
0
0
0
0
0
0
0
0
0
0
0
0
0
0
0
0
0
0
0
0
0
0
0
0
0
0
0
0
0
0
0
0
0
0
0
0
0
0
0
0
0
0
0
0
0
0
0
0
-0
-0
-0
-0
-0
-0
-0
-0
-0
-0
-0
-0
-0
-0
-0
-0
-0
-0
-0
-0
-0
-0
-0
-0
-0
-0
-0
-0
-0
-0
-0
-0
-0
-0
-0
-0
-0
-0
-0
-0
-0
-0
-0
-0
-0
-0
-0
-0
-0
-0
0
0
0
0
0
0
0
0
0
0
0
0
0
0
0
0
0
0
0
0
0
0
0
0
0
0
0
0
0
0
0
0
0
0
0
0
0
0
0
0
0
0
0
0
0
0
0
0
0
0
-0
-0
-0
-0
-0
-0
-0
-0
-0
-0
-0
-0
-0
-0
-0
-0
-0
-0
-0
-0
-0
-0
-0
-0
-0
-0
-0
-0
-0
-0
-0
-0
-0
-0
-0
-0
-0
-0
-0
-0
-0
-0
-0
-0
-0
-0
-0
-0
-0
-0
0
0
0
0
0
0
0
0
0
0
0
0
0
0
0
0
0
0
0
0
0
0
0
0
0
0
0
0
0
0
0
0
0
0
0
0
0
0
0
0
0
0
0
0
0
0
0
0
0
-0
-0
-0
-0
-0
-0
-0
-0
-0
-0
-0
-0
-0
-0
-0
-0
-0
-0
-0
-0
-0
-0
-0
-0
-0
-0
-0
-0
-0
-0
-0
-0
-0
-0
-0
-0
-0
-0
-0
-0
-0
-0
-0
-0
-0
-0
-0
-0
-0
-0
-0
0
0
0
0
0
0
0
0
0
0
0
0
0
0
0
0
0
0
0
0
0
0
0
0
0
0
0
0
0
0
0
0
0
0
0
0
0
0
0
0
0
0
0
0
0
0
0
0
0
-0
-0
-0
-0
-0
-0
-0
-0
-0
-0
-0
-0
-0
-0
-0
-0
-0
-0
-0
-0
-0
-0
-0
-0
-0
-0
-0
-0
-0
-0
-0
-0
-0
-0
-0
-0
-0
-0
-0
-0
-0
-0
-0
-0
-0
-0
-0
-0
-0
-0
-0
0
0
0
0
0
0
0
0
0
0
0
0
0
0
0
0
0
0
0
0
0
0
0
0
0
0
0
0
0
0
0
0
0
0
0
0
0
0
0
0
0
0
0
0
0
0
0
0
0
-0
