-0
-0
-0
-0
-0
-0
-0
-0
-0
-0
-0
-0
-0
-0
-0
-0
-0
-0
-0
-0
-0
-0
-0
-0
-0
-0
-0
-0
-0
-0
-0
-0
-0
-0
-0
-0
-0
-0
-0
-0
-0
-0
-0
-0
-0
-0
-0
-0
-0
-0
-0
0
0
0
0
0
0
0
0
0
0
0
0
0
0
0
0
0
0
0
0
0
0
0
0
0
0
0
0
0
0
0
0
0
0
0
0
0
0
0
0
0
0
0
0
0
0
0
0
0
0
-0
-0
-0
-0
-0
-0
-0
-0
-0
-0
-0
-0
-0
-0
-0
-0
-0
-0
-0
-0
-0
-0
-0
-0
-0
-0
-0
-0
-0
-0
-0
-0
-0
-0
-0
-0
-0
-0
-0
-0
-0
-0
-0
-0
-0
-0
-0
-0
-0
-0
0
0
0
0
0
0
0
0
0
0
0
0
0
0
0
0
0
0
0
0
0
0
0
0
0
0
0
0
0
0
0
0
0
0
0
0
0
0
0
0
0
0
0
0
0
0
0
0
0
0
-0
-0
-0
-0
-0
-0
-0
-0
-0
-0
-0
-0
-0
-0
-0
-0
-0
-0
-0
-0
-0
-0
-0
-0
-0
-0
-0
-0
-0
-0
-0
-0
-0
-0
-0
-0
-0
-0
-0
-0
-0
-0
-0
-0
-0
-0
-0
-0
-0
-0
0
0
0
0
0
0
0
0
0
0
0
0
0
0
0
0
0
0
0
0
0
0
0
0
0
0
0
0
0
0
0
0
0
0
0
0
0
0
0
0
0
0
0
0
0
0
0
0
0
0
-0
-0
-0
-0
-0
-0
-0
-0
-0
-0
-0
-0
-0
-0
-0
-0
-0
-0
-0
-0
-0
-0
-0
-0
-0
-0
-0
-0
-0
-0
-0
-0
-0
-0
-0
-0
-0
-0
-0
-0
-0
-0
-0
-0
-0
-0
-0
-0
-0
0
0
0
0
0
0
0
0
0
0
0
0
0
0
0
0
0
0
0
0
0
0
0
0
0
0
0
0
0
0
0
0
0
0
0
0
0
0
0
0
0
0
0
0
0
0
0
0
0
0
0
-0
-0
-0
-0
-0
-0
-0
-0
-0
-0
-0
-0
-0
-0
-0
-0
-0
-0
-0
-0
-0
-0
-0
-0
-0
-0
-0
-0
-0
-0
-0
-0
-0
-0
-0
-0
-0
-0
-0
-0
-0
-0
-0
-0
-0
-0
-0
-0
-0
-0
0
0
0
0
0
0
0
0
0
0
0
0
0
0
0
0
0
0
0
0
0
0
0
0
0
0
0
0
0
0
0
0
0
0
0
0
0
0
0
0
0
0
0
0
0
0
0
0
0
0
-0
-0
-0
-0
-0
-0
-0
-0
-0
-0
-0
-0
-0
-0
-0
-0
-0
-0
-0
-0
-0
-0
-0
-0
-0
-0
-0
-0
-0
-0
-0
-0
-0
-0
-0
-0
-0
-0
-0
-0
-0
-0
-0
-0
-0
-0
-0
-0
-0
0
0
0
0
0
0
0
0
0
0
0
0
0
0
0
0
0
0
0
0
0
0
0
0
0
0
0
0
0
0
0
0
0
0
0
0
0
0
0
0
0
0
0
0
0
0
0
0
0
0
0
-0
-0
-0
-0
-0
-0
-0
-0
-0
-0
-0
-0
-0
-0
-0
-0
-0
-0
-0
-0
-0
-0
-0
-0
-0
-0
-0
-0
-0
-0
-0
-0
-0
-0
-0
-0
-0
-0
-0
-0
-0
-0
-0
-0
-0
-0
-0
-0
-0
0
0
0
0
0
0
0
0
0
0
0
0
0
0
0
0
0
0
0
0
0
0
0
0
0
0
0
0
0
0
0
0
0
0
0
0
0
0
0
0
0
0
0
0
0
0
0
0
0
0
-0
-0
-0
-0
-0
-0
-0
-0
-0
-0
-0
-0
-0
-0
-0
-0
-0
-0
-0
-0
-0
-0
-0
-0
-0
-0
-0
-0
-0
-0
-0
-0
-0
-0
-0
-0
-0
-0
-0
-0
-0
-0
-0
-0
-0
-0
-0
-0
-0
-0
-0
0
0
0
0
0
0
0
0
0
0
0
0
0
0
0
0
0
0
0
0
0
0
0
0
0
0
0
0
0
0
0
0
0
0
0
0
0
0
0
0
0
0
0
0
0
0
0
0
0
0
-0
-0
-0
-0
-0
-0
-0
-0
-0
-0
-0
-0
-0
-0
-0
-0
-0
-0
-0
-0
-0
-0
-0
-0
-0
-0
-0
-0
-0
-0
-0
-0
-0
-0
-0
-0
-0
-0
-0
-0
-0
-0
-0
-0
-0
-0
-0
-0
-0
-0
0
0
0
0
0
0
0
0
0
0
0
0
0
0
0
0
0
0
0
0
0
0
0
0
0
0
0
0
0
0
0
0
0
0
0
0
0
0
0
0
0
0
0
0
0
0
0
0
0
0
-0
-0
-0
-0
-0
-0
-0
-0
-0
-0
-0
-0
-0
-0
-0
-0
-0
-0
-0
-0
-0
-0
-0
-0
-0
-0
-0
-0
-0
-0
-0
-0
-0
-0
-0
-0
-0
-0
-0
-0
-0
-0
-0
-0
-0
-0
-0
-0
-0
0
0
0
0
0
0
0
0
0
0
0
0
0
0
0
0
0
0
0
0
0
0
0
0
0
0
0
0
0
0
0
0
0
0
0
0
0
0
0
0
0
0
0
0
0
0
0
0
0
0
0
-0
-0
-0
-0
-0
-0
-0
-0
-0
-0
-0
-0
-0
-0
-0
-0
-0
-0
-0
-0
-0
-0
-0
-0
-0
-0
-0
-0
-0
-0
-0
-0
-0
-0
-0
-0
-0
-0
-0
-0
-0
-0
-0
-0
-0
-0
-0
-0
-0
0
0
0
0
0
0
0
0
0
0
0
0
0
0
0
0
0
0
0
0
0
0
0
0
0
0
0
0
0
0
0
0
0
0
0
0
0
0
0
0
0
0
0
0
0
0
0
0
0
0
-0
-0
-0
-0
-0
-0
-0
-0
-0
-0
-0
-0
-0
-0
-0
-0
-0
-0
-0
-0
-0
-0
-0
-0
-0
-0
-0
-0
-0
-0
-0
-0
-0
-0
-0
-0
-0
-0
-0
-0
-0
-0
-0
-0
-0
-0
-0
-0
-0
-0
0
0
0
0
0
0
0
0
0
0
0
0
0
0
0
0
0
0
0
0
0
0
0
0
0
0
0
0
0
0
0
0
0
0
0
0
0
0
0
0
0
0
0
0
0
0
0
0
0
0
0
-0
-0
-0
-0
-0
-0
-0
-0
-0
-0
-0
-0
-0
-0
-0
-0
-0
-0
-0
-0
-0
-0
-0
-0
-0
-0
-0
-0
-0
-0
-0
-0
-0
-0
-0
-0
-0
-0
-0
-0
-0
-0
-0
-0
-0
-0
-0
-0
-0
0
0
0
0
0
0
0
0
0
0
0
0
0
0
0
0
0
0
0
0
0
0
0
0
0
0
0
0
0
0
0
0
0
0
0
0
0
0
0
0
0
0
0
0
0
0
0
0
0
0
-0
-0
-0
-0
-0
-0
-0
-0
-0
-0
-0
-0
-0
-0
-0
-0
-0
-0
-0
-0
-0
-0
-0
-0
-0
-0
-0
-0
-0
-0
-0
-0
-0
-0
-0
-0
-0
-0
-0
-0
-0
-0
-0
-0
-0
-0
-0
-0
-0
-0
0
0
0
0
0
0
0
0
0
0
0
0
0
0
0
0
0
0
0
0
0
0
0
0
0
0
0
0
0
0
0
0
0
0
0
0
0
0
0
0
0
0
0
0
0
0
0
0
0
0
-0
-0
-0
-0
-0
-0
-0
-0
-0
-0
-0
-0
-0
-0
-0
-0
-0
-0
-0
-0
-0
-0
-0
-0
-0
-0
-0
-0
-0
-0
-0
-0
-0
-0
-0
-0
-0
-0
-0
-0
-0
-0
-0
-0
-0
-0
-0
-0
-0
-0
0
0
0
0
0
0
0
0
0
0
0
0
0
0
0
0
0
0
0
0
0
0
0
0
0
0
0
0
0
0
0
0
0
0
0
0
0
0
0
0
0
0
0
0
0
0
0
0
0
0
0
-0
-0
-0
-0
-0
-0
-0
-0
-0
-0
-0
-0
-0
-0
-0
-0
-0
-0
-0
-0
-0
-0
-0
-0
-0
-0
-0
-0
-0
-0
-0
-0
-0
-0
-0
-0
-0
-0
-0
-0
-0
-0
-0
-0
-0
-0
-0
-0
-0
-0
0
0
0
0
0
0
0
0
0
0
0
0
0
0
0
0
0
0
0
0
0
0
0
0
0
0
0
0
0
0
0
0
0
0
0
0
0
0
0
0
0
0
0
0
0
0
0
0
0
0
-0
-0
-0
-0
-0
-0
-0
-0
-0
-0
-0
-0
-0
-0
-0
-0
-0
-0
-0
-0
-0
-0
-0
-0
-0
-0
-0
-0
-0
-0
-0
-0
-0
-0
-0
-0
-0
-0
-0
-0
-0
-0
-0
-0
-0
-0
-0
-0
-0
-0
0
0
0
0
0
0
0
0
0
0
0
0
0
0
0
0
0
0
0
0
0
0
0
0
0
0
0
0
0
0
0
0
0
0
0
0
0
0
0
0
0
0
0
0
0
0
0
0
0
0
-0
-0
-0
-0
-0
-0
-0
-0
-0
-0
-0
-0
-0
-0
-0
-0
-0
-0
-0
-0
-0
-0
-0
-0
-0
-0
-0
-0
-0
-0
-0
-0
-0
-0
-0
-0
-0
-0
-0
-0
-0
-0
-0
-0
-0
-0
-0
-0
-0
-0
0
0
0
0
0
0
0
0
0
0
0
0
0
0
0
0
0
0
0
0
0
0
0
0
0
0
0
0
0
0
0
0
0
0
0
0
0
0
0
0
0
0
0
0
0
0
0
0
0
0
-0
-0
-0
-0
-0
-0
-0
-0
-0
-0
-0
-0
-0
-0
-0
-0
-0
-0
-0
-0
-0
-0
-0
-0
-0
-0
-0
-0
-0
-0
-0
-0
-0
-0
-0
-0
-0
-0
-0
-0
-0
-0
-0
-0
-0
-0
-0
-0
-0
-0
0
0
0
0
0
0
0
0
0
0
0
0
0
0
0
0
0
0
0
0
0
0
0
0
0
0
0
0
0
0
0
0
0
0
0
0
0
0
0
0
0
0
0
0
0
0
0
0
0
-0
-0
-0
-0
-0
-0
-0
-0
-0
-0
-0
-0
-0
-0
-0
-0
-0
-0
-0
-0
-0
-0
-0
-0
-0
-0
-0
-0
-0
-0
-0
-0
-0
-0
-0
-0
-0
-0
-0
-0
-0
-0
-0
-0
-0
-0
-0
-0
-0
-0
-0
0
0
0
0
0
0
0
0
0
0
0
0
0
0
0
0
0
0
0
0
0
0
0
0
0
0
0
0
0
0
0
0
0
0
0
0
0
0
0
0
0
0
0
0
0
0
0
0
0
0
-5.8866e-09
-2.35e-08
-5.2701e-08
-9.3259e-08
-1.4485e-07
-2.0707e-07
-2.7942e-07
-3.6132e-07
-4.521e-07
-5.5105e-07
-6.5734e-07
-7.7012e-07
-8.8843e-07
-1.0113e-06
-1.1377e-06
-1.2665e-06
-1.3966e-06
-1.5269e-06
-1.6562e-06
-1.7832e-06
-1.9069e-06
-2.026e-06
-2.1392e-06
-2.2456e-06
-2.3438e-06
-2.4327e-06
-2.5113e-06
-2.5785e-06
-2.6333e-06
-2.6748e-06
-2.7022e-06
-2.7145e-06
-2.7111e-06
-2.6913e-06
-2.6546e-06
-2.6005e-06
-2.5286e-06
-2.4387e-06
-2.3306e-06
-2.2042e-06
-2.0596e-06
-1.8969e-06
-1.7164e-06
-1.5185e-06
-1.3037e-06
-1.0725e-06
-8.2565e-07
-5.64e-07
-2.8844e-07
-7.3496e-20
3.0022e-07
6.11e-07
9.3105e-07
1.259e-06
1.5934e-06
1.9327e-06
2.2753e-06
2.6195e-06
2.9638e-06
3.3063e-06
3.6453e-06
3.9789e-06
4.3055e-06
4.6231e-06
4.9299e-06
5.2243e-06
5.5043e-06
5.7683e-06
6.0145e-06
6.2413e-06
6.4471e-06
6.6304e-06
6.7898e-06
6.9238e-06
7.0312e-06
7.1109e-06
7.1618e-06
7.183e-06
7.1736e-06
7.1329e-06
7.0605e-06
6.9559e-06
6.8188e-06
6.6491e-06
6.4469e-06
6.2123e-06
5.9457e-06
5.6475e-06
5.3185e-06
4.9594e-06
4.5713e-06
4.1551e-06
3.7123e-06
3.2441e-06
2.7522e-06
2.2382e-06
1.704e-06
1.1515e-06
5.8277e-07
-1.8393e-20
-5.9455e-07
-1.1985e-06
-1.8094e-06
-2.4247e-06
-3.0419e-06
-3.6582e-06
-4.2711e-06
-4.8778e-06
-5.4755e-06
-6.0615e-06
-6.6332e-06
-7.1877e-06
-7.7225e-06
-8.2349e-06
-8.7222e-06
-9.1821e-06
-9.612e-06
-1.001e-05
-1.0373e-05
-1.0699e-05
-1.0987e-05
-1.1235e-05
-1.144e-05
-1.1602e-05
-1.1719e-05
-1.1789e-05
-1.1812e-05
-1.1787e-05
-1.1714e-05
-1.1591e-05
-1.1419e-05
-1.1197e-05
-1.0926e-05
-1.0607e-05
-1.0239e-05
-9.824e-06
-9.3627e-06
-8.8563e-06
-8.3064e-06
-7.7147e-06
-7.083e-06
-6.4133e-06
-5.7081e-06
-4.9697e-06
-4.2007e-06
-3.4039e-06
-2.5823e-06
-1.739e-06
-8.7711e-07
-1.2401e-19
8.8888e-07
1.786e-06
2.6878e-06
3.5905e-06
4.4904e-06
5.3838e-06
6.2669e-06
7.136e-06
7.9872e-06
8.8168e-06
9.6211e-06
1.0397e-05
1.114e-05
1.1847e-05
1.2514e-05
1.314e-05
1.372e-05
1.4251e-05
1.4731e-05
1.5157e-05
1.5528e-05
1.5839e-05
1.6091e-05
1.628e-05
1.6406e-05
1.6467e-05
1.6463e-05
1.6392e-05
1.6254e-05
1.6049e-05
1.5777e-05
1.5439e-05
1.5034e-05
1.4565e-05
1.4031e-05
1.3436e-05
1.278e-05
1.2065e-05
1.1294e-05
1.047e-05
9.5946e-06
8.6716e-06
7.7039e-06
6.6953e-06
5.6492e-06
4.5697e-06
3.4607e-06
2.3265e-06
1.1714e-06
-1.6542e-19
-1.1832e-06
-2.3735e-06
-3.5661e-06
-4.7562e-06
-5.9389e-06
-7.1094e-06
-8.2628e-06
-9.3942e-06
-1.0499e-05
-1.1572e-05
-1.2609e-05
-1.3605e-05
-1.4557e-05
-1.5458e-05
-1.6307e-05
-1.7098e-05
-1.7827e-05
-1.8492e-05
-1.9089e-05
-1.9616e-05
-2.0068e-05
-2.0444e-05
-2.0741e-05
-2.0959e-05
-2.1094e-05
-2.1146e-05
-2.1113e-05
-2.0996e-05
-2.0794e-05
-2.0507e-05
-2.0135e-05
-1.968e-05
-1.9142e-05
-1.8522e-05
-1.7824e-05
-1.7048e-05
-1.6197e-05
-1.5274e-05
-1.4282e-05
-1.3225e-05
-1.2106e-05
-1.093e-05
-9.6998e-06
-8.4208e-06
-7.0977e-06
-5.7354e-06
-4.339e-06
-2.914e-06
-1.4658e-06
-4.5895e-20
1.4775e-06
2.961e-06
4.4445e-06
5.9219e-06
7.3874e-06
8.835e-06
1.0259e-05
1.1652e-05
1.3011e-05
1.4327e-05
1.5597e-05
1.6814e-05
1.7974e-05
1.907e-05
2.0099e-05
2.1055e-05
2.1935e-05
2.2734e-05
2.3448e-05
2.4074e-05
2.4608e-05
2.5048e-05
2.5392e-05
2.5637e-05
2.5781e-05
2.5824e-05
2.5764e-05
2.5601e-05
2.5335e-05
2.4965e-05
2.4494e-05
2.3921e-05
2.325e-05
2.248e-05
2.1616e-05
2.0659e-05
1.9614e-05
1.8483e-05
1.727e-05
1.598e-05
1.4618e-05
1.3188e-05
1.1696e-05
1.0146e-05
8.5463e-06
6.9011e-06
5.2174e-06
3.5015e-06
1.7601e-06
-4.4108e-19
-1.7719e-06
-3.5485e-06
-5.3228e-06
-7.0877e-06
-8.836e-06
-1.0561e-05
-1.2254e-05
-1.3911e-05
-1.5522e-05
-1.7083e-05
-1.8585e-05
-2.0023e-05
-2.1391e-05
-2.2682e-05
-2.3891e-05
-2.5013e-05
-2.6043e-05
-2.6975e-05
-2.7806e-05
-2.8532e-05
-2.9148e-05
-2.9653e-05
-3.0042e-05
-3.0315e-05
-3.0469e-05
-3.0502e-05
-3.0415e-05
-3.0205e-05
-2.9875e-05
-2.9423e-05
-2.8852e-05
-2.8163e-05
-2.7357e-05
-2.6438e-05
-2.5408e-05
-2.4271e-05
-2.3031e-05
-2.1692e-05
-2.0258e-05
-1.8736e-05
-1.713e-05
-1.5446e-05
-1.3691e-05
-1.1872e-05
-9.9948e-06
-8.0669e-06
-6.0957e-06
-4.089e-06
-2.0544e-06
1.6086e-19
2.0662e-06
4.136e-06
6.2012e-06
8.2534e-06
1.0284e-05
1.2286e-05
1.425e-05
1.6169e-05
1.8034e-05
1.9838e-05
2.1573e-05
2.3232e-05
2.4808e-05
2.6294e-05
2.7684e-05
2.8971e-05
3.015e-05
3.1217e-05
3.2164e-05
3.299e-05
3.3689e-05
3.4257e-05
3.4693e-05
3.4993e-05
3.5156e-05
3.518e-05
3.5065e-05
3.481e-05
3.4415e-05
3.3881e-05
3.321e-05
3.2404e-05
3.1465e-05
3.0396e-05
2.92e-05
2.7883e-05
2.6448e-05
2.49e-05
2.3246e-05
2.1491e-05
1.9641e-05
1.7704e-05
1.5687e-05
1.3598e-05
1.1443e-05
9.2326e-06
6.9741e-06
4.6765e-06
2.3488e-06
2.2044e-19
-2.3605e-06
-4.7235e-06
-7.0795e-06
-9.4191e-06
-1.1733e-05
-1.4012e-05
-1.6246e-05
-1.8427e-05
-2.0546e-05
-2.2593e-05
-2.4561e-05
-2.6441e-05
-2.8225e-05
-2.9906e-05
-3.1476e-05
-3.2929e-05
-3.4258e-05
-3.5458e-05
-3.6523e-05
-3.7448e-05
-3.8229e-05
-3.8862e-05
-3.9344e-05
-3.9672e-05
-3.9844e-05
-3.9859e-05
-3.9716e-05
-3.9414e-05
-3.8955e-05
-3.8339e-05
-3.7569e-05
-3.6645e-05
-3.5573e-05
-3.4354e-05
-3.2993e-05
-3.1495e-05
-2.9865e-05
-2.8109e-05
-2.6234e-05
-2.4246e-05
-2.2153e-05
-1.9963e-05
-1.7683e-05
-1.5323e-05
-1.2892e-05
-1.0398e-05
-7.8524e-06
-5.264e-06
-2.6431e-06
4.9624e-19
2.6549e-06
5.311e-06
7.9579e-06
1.0585e-05
1.3182e-05
1.5737e-05
1.8242e-05
2.0685e-05
2.3057e-05
2.5348e-05
2.7549e-05
2.9649e-05
3.1642e-05
3.3517e-05
3.5268e-05
3.6887e-05
3.8366e-05
3.9699e-05
4.0881e-05
4.1906e-05
4.2769e-05
4.3466e-05
4.3994e-05
4.435e-05
4.4531e-05
4.4537e-05
4.4366e-05
4.4019e-05
4.3495e-05
4.2798e-05
4.1927e-05
4.0887e-05
3.968e-05
3.8311e-05
3.6785e-05
3.5107e-05
3.3282e-05
3.1318e-05
2.9222e-05
2.7001e-05
2.4665e-05
2.2221e-05
1.9679e-05
1.7049e-05
1.434e-05
1.1564e-05
8.7308e-06
5.8515e-06
2.9374e-06
-4.604e-20
-2.9492e-06
-5.8985e-06
-8.8362e-06
-1.1751e-05
-1.463e-05
-1.7463e-05
-2.0238e-05
-2.2944e-05
-2.5569e-05
-2.8103e-05
-3.0537e-05
-3.2858e-05
-3.5059e-05
-3.7129e-05
-3.906e-05
-4.0844e-05
-4.2473e-05
-4.3941e-05
-4.5239e-05
-4.6364e-05
-4.7309e-05
-4.8071e-05
-4.8645e-05
-4.9028e-05
-4.9219e-05
-4.9215e-05
-4.9017e-05
-4.8623e-05
-4.8036e-05
-4.7256e-05
-4.6285e-05
-4.5128e-05
-4.3788e-05
-4.2269e-05
-4.0577e-05
-3.8718e-05
-3.6699e-05
-3.4527e-05
-3.221e-05
-2.9757e-05
-2.7176e-05
-2.4479e-05
-2.1675e-05
-1.8774e-05
-1.5789e-05
-1.273e-05
-9.6091e-06
-6.439e-06
-3.2317e-06
9.6026e-19
3.2435e-06
6.486e-06
9.7146e-06
1.2916e-05
1.6079e-05
1.9188e-05
2.2234e-05
2.5202e-05
2.8081e-05
3.0859e-05
3.3525e-05
3.6067e-05
3.8476e-05
4.0741e-05
4.2853e-05
4.4802e-05
4.6581e-05
4.8182e-05
4.9598e-05
5.0822e-05
5.1849e-05
5.2675e-05
5.3295e-05
5.3706e-05
5.3906e-05
5.3893e-05
5.3667e-05
5.3228e-05
5.2576e-05
5.1714e-05
5.0644e-05
4.937e-05
4.7896e-05
4.6227e-05
4.437e-05
4.233e-05
4.0116e-05
3.7736e-05
3.5198e-05
3.2512e-05
2.9688e-05
2.6737e-05
2.3671e-05
2.05e-05
1.7237e-05
1.3896e-05
1.0487e-05
7.0265e-06
3.5261e-06
-4.4115e-19
-3.5379e-06
-7.0735e-06
-1.0593e-05
-1.4082e-05
-1.7527e-05
-2.0914e-05
-2.423e-05
-2.746e-05
-3.0592e-05
-3.3614e-05
-3.6512e-05
-3.9276e-05
-4.1893e-05
-4.4353e-05
-4.6645e-05
-4.876e-05
-5.0689e-05
-5.2423e-05
-5.3956e-05
-5.528e-05
-5.639e-05
-5.728e-05
-5.7946e-05
-5.8385e-05
-5.8594e-05
-5.8572e-05
-5.8318e-05
-5.7832e-05
-5.7116e-05
-5.6172e-05
-5.5002e-05
-5.3611e-05
-5.2003e-05
-5.0185e-05
-4.8162e-05
-4.5942e-05
-4.3533e-05
-4.0944e-05
-3.8186e-05
-3.5267e-05
-3.22e-05
-2.8996e-05
-2.5667e-05
-2.2226e-05
-1.8686e-05
-1.5061e-05
-1.1366e-05
-7.614e-06
-3.8204e-06
-1.7903e-19
3.8322e-06
7.661e-06
1.1471e-05
1.5248e-05
1.8976e-05
2.264e-05
2.6225e-05
2.9718e-05
3.3104e-05
3.6369e-05
3.95e-05
4.2485e-05
4.531e-05
4.7964e-05
5.0437e-05
5.2718e-05
5.4797e-05
5.6665e-05
5.8314e-05
5.9738e-05
6.093e-05
6.1884e-05
6.2596e-05
6.3063e-05
6.3281e-05
6.325e-05
6.2968e-05
6.2437e-05
6.1656e-05
6.063e-05
5.936e-05
5.7852e-05
5.6111e-05
5.4143e-05
5.1954e-05
4.9554e-05
4.695e-05
4.4153e-05
4.1174e-05
3.8022e-05
3.4712e-05
3.1254e-05
2.7662e-05
2.3951e-05
2.0134e-05
1.6227e-05
1.2244e-05
8.2015e-06
4.1147e-06
-9.649e-19
-4.1265e-06
-8.2485e-06
-1.235e-05
-1.6414e-05
-2.0424e-05
-2.4365e-05
-2.8221e-05
-3.1976e-05
-3.5616e-05
-3.9124e-05
-4.2488e-05
-4.5694e-05
-4.8727e-05
-5.1576e-05
-5.4229e-05
-5.6676e-05
-5.8904e-05
-6.0906e-05
-6.2673e-05
-6.4196e-05
-6.547e-05
-6.6489e-05
-6.7247e-05
-6.7741e-05
-6.7969e-05
-6.7928e-05
-6.7619e-05
-6.7041e-05
-6.6197e-05
-6.5088e-05
-6.3719e-05
-6.2094e-05
-6.0219e-05
-5.81e-05
-5.5746e-05
-5.3165e-05
-5.0367e-05
-4.7362e-05
-4.4162e-05
-4.0778e-05
-3.7223e-05
-3.3512e-05
-2.9658e-05
-2.5677e-05
-2.1583e-05
-1.7393e-05
-1.3123e-05
-8.789e-06
-4.4091e-06
2.7581e-19
4.4208e-06
8.836e-06
1.3228e-05
1.7579e-05
2.1873e-05
2.6091e-05
3.0217e-05
3.4235e-05
3.8127e-05
4.188e-05
4.5476e-05
4.8902e-05
5.2144e-05
5.5188e-05
5.8022e-05
6.0633e-05
6.3012e-05
6.5148e-05
6.7031e-05
6.8654e-05
7.001e-05
7.1093e-05
7.1897e-05
7.2419e-05
7.2656e-05
7.2606e-05
7.2269e-05
7.1646e-05
7.0737e-05
6.9546e-05
6.8077e-05
6.6335e-05
6.4326e-05
6.2058e-05
5.9539e-05
5.6777e-05
5.3784e-05
5.0571e-05
4.7149e-05
4.3533e-05
3.9735e-05
3.577e-05
3.1654e-05
2.7402e-05
2.3031e-05
1.8558e-05
1.4001e-05
9.3765e-06
4.7034e-06
-1.6173e-18
-4.7152e-06
-9.4235e-06
-1.4106e-05
-1.8745e-05
-2.3321e-05
-2.7816e-05
-3.2213e-05
-3.6493e-05
-4.0639e-05
-4.4635e-05
-4.8464e-05
-5.2111e-05
-5.5561e-05
-5.88e-05
-6.1814e-05
-6.4591e-05
-6.712e-05
-6.9389e-05
-7.1389e-05
-7.3112e-05
-7.4551e-05
-7.5698e-05
-7.6548e-05
-7.7098e-05
-7.7344e-05
-7.7285e-05
-7.692e-05
-7.625e-05
-7.5277e-05
-7.4004e-05
-7.2435e-05
-7.0577e-05
-6.8434e-05
-6.6016e-05
-6.3331e-05
-6.0389e-05
-5.7201e-05
-5.378e-05
-5.0137e-05
-4.6288e-05
-4.2247e-05
-3.8028e-05
-3.365e-05
-2.9128e-05
-2.448e-05
-1.9724e-05
-1.4879e-05
-9.964e-06
-4.9977e-06
8.5928e-19
5.0095e-06
1.0011e-05
1.4985e-05
1.9911e-05
2.477e-05
2.9542e-05
3.4209e-05
3.8751e-05
4.3151e-05
4.739e-05
5.1452e-05
5.532e-05
5.8978e-05
6.2412e-05
6.5606e-05
6.8549e-05
7.1227e-05
7.363e-05
7.5748e-05
7.7571e-05
7.9091e-05
8.0302e-05
8.1198e-05
8.1776e-05
8.2031e-05
8.1963e-05
8.157e-05
8.0855e-05
7.9817e-05
7.8462e-05
7.6794e-05
7.4818e-05
7.2542e-05
6.9974e-05
6.7123e-05
6.4001e-05
6.0618e-05
5.6989e-05
5.3125e-05
4.9043e-05
4.4758e-05
4.0287e-05
3.5646e-05
3.0853e-05
2.5928e-05
2.089e-05
1.5758e-05
1.0551e-05
5.2921e-06
-2.0891e-22
-5.3038e-06
-1.0598e-05
-1.5863e-05
-2.1076e-05
-2.6218e-05
-3.1268e-05
-3.6205e-05
-4.1009e-05
-4.5662e-05
-5.0145e-05
-5.444e-05
-5.8529e-05
-6.2395e-05
-6.6023e-05
-6.9398e-05
-7.2507e-05
-7.5335e-05
-7.7872e-05
-8.0106e-05
-8.2029e-05
-8.3631e-05
-8.4906e-05
-8.5849e-05
-8.6454e-05
-8.6719e-05
-8.6641e-05
-8.6221e-05
-8.5459e-05
-8.4358e-05
-8.292e-05
-8.1152e-05
-7.9059e-05
-7.6649e-05
-7.3931e-05
-7.0915e-05
-6.7613e-05
-6.4035e-05
-6.0197e-05
-5.6113e-05
-5.1799e-05
-4.727e-05
-4.2545e-05
-3.7642e-05
-3.2579e-05
-2.7377e-05
-2.2056e-05
-1.6636e-05
-1.1139e-05
-5.5864e-06
1.5714e-18
5.5982e-06
1.1186e-05
1.6741e-05
2.2242e-05
2.7667e-05
3.2993e-05
3.82e-05
4.3268e-05
4.8174e-05
5.2901e-05
5.7428e-05
6.1738e-05
6.5812e-05
6.9635e-05
7.3191e-05
7.6464e-05
7.9443e-05
8.2113e-05
8.4464e-05
8.6487e-05
8.8171e-05
8.9511e-05
9.0499e-05
9.1132e-05
9.1406e-05
9.1319e-05
9.0872e-05
9.0063e-05
8.8898e-05
8.7378e-05
8.551e-05
8.3301e-05
8.0757e-05
7.7889e-05
7.4708e-05
7.1224e-05
6.7452e-05
6.3406e-05
5.9101e-05
5.4554e-05
4.9782e-05
4.4803e-05
3.9637e-05
3.4305e-05
2.8825e-05
2.3221e-05
1.7514e-05
1.1726e-05
5.8807e-06
2.0211e-18
-5.8866e-06
-1.175e-05
-1.7567e-05
-2.3315e-05
-2.897e-05
-3.4512e-05
-3.9917e-05
-4.5164e-05
-5.0234e-05
-5.5105e-05
-5.9758e-05
-6.4176e-05
-6.8341e-05
-7.2236e-05
-7.5845e-05
-7.9156e-05
-8.2154e-05
-8.4828e-05
-8.7167e-05
-8.9162e-05
-9.0805e-05
-9.2089e-05
-9.3011e-05
-9.3565e-05
-9.375e-05
-9.3565e-05
-9.3011e-05
-9.2089e-05
-9.0805e-05
-8.9162e-05
-8.7167e-05
-8.4828e-05
-8.2154e-05
-7.9156e-05
-7.5845e-05
-7.2236e-05
-6.8341e-05
-6.4176e-05
-5.9758e-05
-5.5105e-05
-5.0234e-05
-4.5164e-05
-3.9917e-05
-3.4512e-05
-2.897e-05
-2.3315e-05
-1.7567e-05
-1.175e-05
-5.8866e-06
-3.6728e-19
5.8866e-06
1.175e-05
1.7567e-05
2.3315e-05
2.897e-05
3.4512e-05
3.9917e-05
4.5164e-05
5.0234e-05
5.5105e-05
5.9758e-05
6.4176e-05
6.8341e-05
7.2236e-05
7.5845e-05
7.9156e-05
8.2154e-05
8.4828e-05
8.7167e-05
8.9162e-05
9.0805e-05
9.2089e-05
9.3011e-05
9.3565e-05
9.375e-05
9.3565e-05
9.3011e-05
9.2089e-05
9.0805e-05
8.9162e-05
8.7167e-05
8.4828e-05
8.2154e-05
7.9156e-05
7.5845e-05
7.2236e-05
6.8341e-05
6.4176e-05
5.9758e-05
5.5105e-05
5.0234e-05
4.5164e-05
3.9917e-05
3.4512e-05
2.897e-05
2.3315e-05
1.7567e-05
1.175e-05
5.8866e-06
1.378e-18
-5.8866e-06
-1.175e-05
-1.7567e-05
-2.3315e-05
-2.897e-05
-3.4512e-05
-3.9917e-05
-4.5164e-05
-5.0234e-05
-5.5105e-05
-5.9758e-05
-6.4176e-05
-6.8341e-05
-7.2236e-05
-7.5845e-05
-7.9156e-05
-8.2154e-05
-8.4828e-05
-8.7167e-05
-8.9162e-05
-9.0805e-05
-9.2089e-05
-9.3011e-05
-9.3565e-05
-9.375e-05
-9.3565e-05
-9.3011e-05
-9.2089e-05
-9.0805e-05
-8.9162e-05
-8.7167e-05
-8.4828e-05
-8.2154e-05
-7.9156e-05
-7.5845e-05
-7.2236e-05
-6.8341e-05
-6.4176e-05
-5.9758e-05
-5.5105e-05
-5.0234e-05
-4.5164e-05
-3.9917e-05
-3.4512e-05
-2.897e-05
-2.3315e-05
-1.7567e-05
-1.175e-05
-5.8866e-06
-2.3886e-18
5.8866e-06
1.175e-05
1.7567e-05
2.3315e-05
2.897e-05
3.4512e-05
3.9917e-05
4.5164e-05
5.0234e-05
5.5105e-05
5.9758e-05
6.4176e-05
6.8341e-05
7.2236e-05
7.5845e-05
7.9156e-05
8.2154e-05
8.4828e-05
8.7167e-05
8.9162e-05
9.0805e-05
9.2089e-05
9.3011e-05
9.3565e-05
9.375e-05
9.3565e-05
9.3011e-05
9.2089e-05
9.0805e-05
8.9162e-05
8.7167e-05
8.4828e-05
8.2154e-05
7.9156e-05
7.5845e-05
7.2236e-05
6.8341e-05
6.4176e-05
5.9758e-05
5.5105e-05
5.0234e-05
4.5164e-05
3.9917e-05
3.4512e-05
2.897e-05
2.3315e-05
1.7567e-05
1.175e-05
5.8866e-06
7.3479e-19
-5.8866e-06
-1.175e-05
-1.7567e-05
-2.3315e-05
-2.897e-05
-3.4512e-05
-3.9917e-05
-4.5164e-05
-5.0234e-05
-5.5105e-05
-5.9758e-05
-6.4176e-05
-6.8341e-05
-7.2236e-05
-7.5845e-05
-7.9156e-05
-8.2154e-05
-8.4828e-05
-8.7167e-05
-8.9162e-05
-9.0805e-05
-9.2089e-05
-9.3011e-05
-9.3565e-05
-9.375e-05
-9.3565e-05
-9.3011e-05
-9.2089e-05
-9.0805e-05
-8.9162e-05
-8.7167e-05
-8.4828e-05
-8.2154e-05
-7.9156e-05
-7.5845e-05
-7.2236e-05
-6.8341e-05
-6.4176e-05
-5.9758e-05
-5.5105e-05
-5.0234e-05
-4.5164e-05
-3.9917e-05
-3.4512e-05
-2.897e-05
-2.3315e-05
-1.7567e-05
-1.175e-05
-5.8866e-06
-1.7455e-18
5.8866e-06
1.175e-05
1.7567e-05
2.3315e-05
2.897e-05
3.4512e-05
3.9917e-05
4.5164e-05
5.0234e-05
5.5105e-05
5.9758e-05
6.4176e-05
6.8341e-05
7.2236e-05
7.5845e-05
7.9156e-05
8.2154e-05
8.4828e-05
8.7167e-05
8.9162e-05
9.0805e-05
9.2089e-05
9.3011e-05
9.3565e-05
9.375e-05
9.3565e-05
9.3011e-05
9.2089e-05
9.0805e-05
8.9162e-05
8.7167e-05
8.4828e-05
8.2154e-05
7.9156e-05
7.5845e-05
7.2236e-05
6.8341e-05
6.4176e-05
5.9758e-05
5.5105e-05
5.0234e-05
4.5164e-05
3.9917e-05
3.4512e-05
2.897e-05
2.3315e-05
1.7567e-05
1.175e-05
5.8866e-06
9.1616e-20
-5.8866e-06
-1.175e-05
-1.7567e-05
-2.3315e-05
-2.897e-05
-3.4512e-05
-3.9917e-05
-4.5164e-05
-5.0234e-05
-5.5105e-05
-5.9758e-05
-6.4176e-05
-6.8341e-05
-7.2236e-05
-7.5845e-05
-7.9156e-05
-8.2154e-05
-8.4828e-05
-8.7167e-05
-8.9162e-05
-9.0805e-05
-9.2089e-05
-9.3011e-05
-9.3565e-05
-9.375e-05
-9.3565e-05
-9.3011e-05
-9.2089e-05
-9.0805e-05
-8.9162e-05
-8.7167e-05
-8.4828e-05
-8.2154e-05
-7.9156e-05
-7.5845e-05
-7.2236e-05
-6.8341e-05
-6.4176e-05
-5.9758e-05
-5.5105e-05
-5.0234e-05
-4.5164e-05
-3.9917e-05
-3.4512e-05
-2.897e-05
-2.3315e-05
-1.7567e-05
-1.175e-05
-5.8866e-06
-1.1023e-18
5.8866e-06
1.175e-05
1.7567e-05
2.3315e-05
2.897e-05
3.4512e-05
3.9917e-05
4.5164e-05
5.0234e-05
5.5105e-05
5.9758e-05
6.4176e-05
6.8341e-05
7.2236e-05
7.5845e-05
7.9156e-05
8.2154e-05
8.4828e-05
8.7167e-05
8.9162e-05
9.0805e-05
9.2089e-05
9.3011e-05
9.3565e-05
9.375e-05
9.3565e-05
9.3011e-05
9.2089e-05
9.0805e-05
8.9162e-05
8.7167e-05
8.4828e-05
8.2154e-05
7.9156e-05
7.5845e-05
7.2236e-05
6.8341e-05
6.4176e-05
5.9758e-05
5.5105e-05
5.0234e-05
4.5164e-05
3.9917e-05
3.4512e-05
2.897e-05
2.3315e-05
1.7567e-05
1.175e-05
5.8866e-06
2.113e-18
-5.8866e-06
-1.175e-05
-1.7567e-05
-2.3315e-05
-2.897e-05
-3.4512e-05
-3.9917e-05
-4.5164e-05
-5.0234e-05
-5.5105e-05
-5.9758e-05
-6.4176e-05
-6.8341e-05
-7.2236e-05
-7.5845e-05
-7.9156e-05
-8.2154e-05
-8.4828e-05
-8.7167e-05
-8.9162e-05
-9.0805e-05
-9.2089e-05
-9.3011e-05
-9.3565e-05
-9.375e-05
-9.3565e-05
-9.3011e-05
-9.2089e-05
-9.0805e-05
-8.9162e-05
-8.7167e-05
-8.4828e-05
-8.2154e-05
-7.9156e-05
-7.5845e-05
-7.2236e-05
-6.8341e-05
-6.4176e-05
-5.9758e-05
-5.5105e-05
-5.0234e-05
-4.5164e-05
-3.9917e-05
-3.4512e-05
-2.897e-05
-2.3315e-05
-1.7567e-05
-1.175e-05
-5.8866e-06
-4.5913e-19
5.8866e-06
1.175e-05
1.7567e-05
2.3315e-05
2.897e-05
3.4512e-05
3.9917e-05
4.5164e-05
5.0234e-05
5.5105e-05
5.9758e-05
6.4176e-05
6.8341e-05
7.2236e-05
7.5845e-05
7.9156e-05
8.2154e-05
8.4828e-05
8.7167e-05
8.9162e-05
9.0805e-05
9.2089e-05
9.3011e-05
9.3565e-05
9.375e-05
9.3565e-05
9.3011e-05
9.2089e-05
9.0805e-05
8.9162e-05
8.7167e-05
8.4828e-05
8.2154e-05
7.9156e-05
7.5845e-05
7.2236e-05
6.8341e-05
6.4176e-05
5.9758e-05
5.5105e-05
5.0234e-05
4.5164e-05
3.9917e-05
3.4512e-05
2.897e-05
2.3315e-05
1.7567e-05
1.175e-05
5.8866e-06
1.4698e-18
-5.8866e-06
-1.175e-05
-1.7567e-05
-2.3315e-05
-2.897e-05
-3.4512e-05
-3.9917e-05
-4.5164e-05
-5.0234e-05
-5.5105e-05
-5.9758e-05
-6.4176e-05
-6.8341e-05
-7.2236e-05
-7.5845e-05
-7.9156e-05
-8.2154e-05
-8.4828e-05
-8.7167e-05
-8.9162e-05
-9.0805e-05
-9.2089e-05
-9.3011e-05
-9.3565e-05
-9.375e-05
-9.3565e-05
-9.3011e-05
-9.2089e-05
-9.0805e-05
-8.9162e-05
-8.7167e-05
-8.4828e-05
-8.2154e-05
-7.9156e-05
-7.5845e-05
-7.2236e-05
-6.8341e-05
-6.4176e-05
-5.9758e-05
-5.5105e-05
-5.0234e-05
-4.5164e-05
-3.9917e-05
-3.4512e-05
-2.897e-05
-2.3315e-05
-1.7567e-05
-1.175e-05
-5.8866e-06
1.8405e-19
5.8866e-06
1.175e-05
1.7567e-05
2.3315e-05
2.897e-05
3.4512e-05
3.9917e-05
4.5164e-05
5.0234e-05
5.5105e-05
5.9758e-05
6.4176e-05
6.8341e-05
7.2236e-05
7.5845e-05
7.9156e-05
8.2154e-05
8.4828e-05
8.7167e-05
8.9162e-05
9.0805e-05
9.2089e-05
9.3011e-05
9.3565e-05
9.375e-05
9.3565e-05
9.3011e-05
9.2089e-05
9.0805e-05
8.9162e-05
8.7167e-05
8.4828e-05
8.2154e-05
7.9156e-05
7.5845e-05
7.2236e-05
6.8341e-05
6.4176e-05
5.9758e-05
5.5105e-05
5.0234e-05
4.5164e-05
3.9917e-05
3.4512e-05
2.897e-05
2.3315e-05
1.7567e-05
1.175e-05
5.8866e-06
8.2664e-19
-5.8866e-06
-1.175e-05
-1.7567e-05
-2.3315e-05
-2.897e-05
-3.4512e-05
-3.9917e-05
-4.5164e-05
-5.0234e-05
-5.5105e-05
-5.9758e-05
-6.4176e-05
-6.8341e-05
-7.2236e-05
-7.5845e-05
-7.9156e-05
-8.2154e-05
-8.4828e-05
-8.7167e-05
-8.9162e-05
-9.0805e-05
-9.2089e-05
-9.3011e-05
-9.3565e-05
-9.375e-05
-9.3565e-05
-9.3011e-05
-9.2089e-05
-9.0805e-05
-8.9162e-05
-8.7167e-05
-8.4828e-05
-8.2154e-05
-7.9156e-05
-7.5845e-05
-7.2236e-05
-6.8341e-05
-6.4176e-05
-5.9758e-05
-5.5105e-05
-5.0234e-05
-4.5164e-05
-3.9917e-05
-3.4512e-05
-2.897e-05
-2.3315e-05
-1.7567e-05
-1.175e-05
-5.8866e-06
-1.8373e-18
5.8866e-06
1.175e-05
1.7567e-05
2.3315e-05
2.897e-05
3.4512e-05
3.9917e-05
4.5164e-05
5.0234e-05
5.5105e-05
5.9758e-05
6.4176e-05
6.8341e-05
7.2236e-05
7.5845e-05
7.9156e-05
8.2154e-05
8.4828e-05
8.7167e-05
8.9162e-05
9.0805e-05
9.2089e-05
9.3011e-05
9.3565e-05
9.375e-05
9.3565e-05
9.3011e-05
9.2089e-05
9.0805e-05
8.9162e-05
8.7167e-05
8.4828e-05
8.2154e-05
7.9156e-05
7.5845e-05
7.2236e-05
6.8341e-05
6.4176e-05
5.9758e-05
5.5105e-05
5.0234e-05
4.5164e-05
3.9917e-05
3.4512e-05
2.897e-05
2.3315e-05
1.7567e-05
1.175e-05
5.8866e-06
1.8346e-19
-5.8866e-06
-1.175e-05
-1.7567e-05
-2.3315e-05
-2.897e-05
-3.4512e-05
-3.9917e-05
-4.5164e-05
-5.0234e-05
-5.5105e-05
-5.9758e-05
-6.4176e-05
-6.8341e-05
-7.2236e-05
-7.5845e-05
-7.9156e-05
-8.2154e-05
-8.4828e-05
-8.7167e-05
-8.9162e-05
-9.0805e-05
-9.2089e-05
-9.3011e-05
-9.3565e-05
-9.375e-05
-9.3565e-05
-9.3011e-05
-9.2089e-05
-9.0805e-05
-8.9162e-05
-8.7167e-05
-8.4828e-05
-8.2154e-05
-7.9156e-05
-7.5845e-05
-7.2236e-05
-6.8341e-05
-6.4176e-05
-5.9758e-05
-5.5105e-05
-5.0234e-05
-4.5164e-05
-3.9917e-05
-3.4512e-05
-2.897e-05
-2.3315e-05
-1.7567e-05
-1.175e-05
-5.8866e-06
-1.1941e-18
5.8866e-06
1.175e-05
1.7567e-05
2.3315e-05
2.897e-05
3.4512e-05
3.9917e-05
4.5164e-05
5.0234e-05
5.5105e-05
5.9758e-05
6.4176e-05
6.8341e-05
7.2236e-05
7.5845e-05
7.9156e-05
8.2154e-05
8.4828e-05
8.7167e-05
8.9162e-05
9.0805e-05
9.2089e-05
9.3011e-05
9.3565e-05
9.375e-05
9.3565e-05
9.3011e-05
9.2089e-05
9.0805e-05
8.9162e-05
8.7167e-05
8.4828e-05
8.2154e-05
7.9156e-05
7.5845e-05
7.2236e-05
6.8341e-05
6.4176e-05
5.9758e-05
5.5105e-05
5.0234e-05
4.5164e-05
3.9917e-05
3.4512e-05
2.897e-05
2.3315e-05
1.7567e-05
1.175e-05
5.8866e-06
-4.5971e-19
-5.8866e-06
-1.175e-05
-1.7567e-05
-2.3315e-05
-2.897e-05
-3.4512e-05
-3.9917e-05
-4.5164e-05
-5.0234e-05
-5.5105e-05
-5.9758e-05
-6.4176e-05
-6.8341e-05
-7.2236e-05
-7.5845e-05
-7.9156e-05
-8.2154e-05
-8.4828e-05
-8.7167e-05
-8.9162e-05
-9.0805e-05
-9.2089e-05
-9.3011e-05
-9.3565e-05
-9.375e-05
-9.3565e-05
-9.3011e-05
-9.2089e-05
-9.0805e-05
-8.9162e-05
-8.7167e-05
-8.4828e-05
-8.2154e-05
-7.9156e-05
-7.5845e-05
-7.2236e-05
-6.8341e-05
-6.4176e-05
-5.9758e-05
-5.5105e-05
-5.0234e-05
-4.5164e-05
-3.9917e-05
-3.4512e-05
-2.897e-05
-2.3315e-05
-1.7567e-05
-1.175e-05
-5.8866e-06
-5.5098e-19
5.8866e-06
1.175e-05
1.7567e-05
2.3315e-05
2.897e-05
3.4512e-05
3.9917e-05
4.5164e-05
5.0234e-05
5.5105e-05
5.9758e-05
6.4176e-05
6.8341e-05
7.2236e-05
7.5845e-05
7.9156e-05
8.2154e-05
8.4828e-05
8.7167e-05
8.9162e-05
9.0805e-05
9.2089e-05
9.3011e-05
9.3565e-05
9.375e-05
9.3565e-05
9.3011e-05
9.2089e-05
9.0805e-05
8.9162e-05
8.7167e-05
8.4828e-05
8.2154e-05
7.9156e-05
7.5845e-05
7.2236e-05
6.8341e-05
6.4176e-05
5.9758e-05
5.5105e-05
5.0234e-05
4.5164e-05
3.9917e-05
3.4512e-05
2.897e-05
2.3315e-05
1.7567e-05
1.175e-05
5.8866e-06
1.5617e-18
-5.8866e-06
-1.175e-05
-1.7567e-05
-2.3315e-05
-2.897e-05
-3.4512e-05
-3.9917e-05
-4.5164e-05
-5.0234e-05
-5.5105e-05
-5.9758e-05
-6.4176e-05
-6.8341e-05
-7.2236e-05
-7.5845e-05
-7.9156e-05
-8.2154e-05
-8.4828e-05
-8.7167e-05
-8.9162e-05
-9.0805e-05
-9.2089e-05
-9.3011e-05
-9.3565e-05
-9.375e-05
-9.3565e-05
-9.3011e-05
-9.2089e-05
-9.0805e-05
-8.9162e-05
-8.7167e-05
-8.4828e-05
-8.2154e-05
-7.9156e-05
-7.5845e-05
-7.2236e-05
-6.8341e-05
-6.4176e-05
-5.9758e-05
-5.5105e-05
-5.0234e-05
-4.5164e-05
-3.9917e-05
-3.4512e-05
-2.897e-05
-2.3315e-05
-1.7567e-05
-1.175e-05
-5.8866e-06
9.2197e-20
5.8866e-06
1.175e-05
1.7567e-05
2.3315e-05
2.897e-05
3.4512e-05
3.9917e-05
4.5164e-05
5.0234e-05
5.5105e-05
5.9758e-05
6.4176e-05
6.8341e-05
7.2236e-05
7.5845e-05
7.9156e-05
8.2154e-05
8.4828e-05
8.7167e-05
8.9162e-05
9.0805e-05
9.2089e-05
9.3011e-05
9.3565e-05
9.375e-05
9.3565e-05
9.3011e-05
9.2089e-05
9.0805e-05
8.9162e-05
8.7167e-05
8.4828e-05
8.2154e-05
7.9156e-05
7.5845e-05
7.2236e-05
6.8341e-05
6.4176e-05
5.9758e-05
5.5105e-05
5.0234e-05
4.5164e-05
3.9917e-05
3.4512e-05
2.897e-05
2.3315e-05
1.7567e-05
1.175e-05
5.8866e-06
9.1849e-19
-5.8866e-06
-1.175e-05
-1.7567e-05
-2.3315e-05
-2.897e-05
-3.4512e-05
-3.9917e-05
-4.5164e-05
-5.0234e-05
-5.5105e-05
-5.9758e-05
-6.4176e-05
-6.8341e-05
-7.2236e-05
-7.5845e-05
-7.9156e-05
-8.2154e-05
-8.4828e-05
-8.7167e-05
-8.9162e-05
-9.0805e-05
-9.2089e-05
-9.3011e-05
-9.3565e-05
-9.375e-05
-9.3565e-05
-9.3011e-05
-9.2089e-05
-9.0805e-05
-8.9162e-05
-8.7167e-05
-8.4828e-05
-8.2154e-05
-7.9156e-05
-7.5845e-05
-7.2236e-05
-6.8341e-05
-6.4176e-05
-5.9758e-05
-5.5105e-05
-5.0234e-05
-4.5164e-05
-3.9917e-05
-3.4512e-05
-2.897e-05
-2.3315e-05
-1.7567e-05
-1.175e-05
-5.8866e-06
-1.9292e-18
5.8866e-06
1.175e-05
1.7567e-05
2.3315e-05
2.897e-05
3.4512e-05
3.9917e-05
4.5164e-05
5.0234e-05
5.5105e-05
5.9758e-05
6.4176e-05
6.8341e-05
7.2236e-05
7.5845e-05
7.9156e-05
8.2154e-05
8.4828e-05
8.7167e-05
8.9162e-05
9.0805e-05
9.2089e-05
9.3011e-05
9.3565e-05
9.375e-05
9.3565e-05
9.3011e-05
9.2089e-05
9.0805e-05
8.9162e-05
8.7167e-05
8.4828e-05
8.2154e-05
7.9156e-05
7.5845e-05
7.2236e-05
6.8341e-05
6.4176e-05
5.9758e-05
5.5105e-05
5.0234e-05
4.5164e-05
3.9917e-05
3.4512e-05
2.897e-05
2.3315e-05
1.7567e-05
1.175e-05
5.8866e-06
2.9398e-18
-5.8866e-06
-1.175e-05
-1.7567e-05
-2.3315e-05
-2.897e-05
-3.4512e-05
-3.9917e-05
-4.5164e-05
-5.0234e-05
-5.5105e-05
-5.9758e-05
-6.4176e-05
-6.8341e-05
-7.2236e-05
-7.5845e-05
-7.9156e-05
-8.2154e-05
-8.4828e-05
-8.7167e-05
-8.9162e-05
-9.0805e-05
-9.2089e-05
-9.3011e-05
-9.3565e-05
-9.375e-05
-9.3565e-05
-9.3011e-05
-9.2089e-05
-9.0805e-05
-8.9162e-05
-8.7167e-05
-8.4828e-05
-8.2154e-05
-7.9156e-05
-7.5845e-05
-7.2236e-05
-6.8341e-05
-6.4176e-05
-5.9758e-05
-5.5105e-05
-5.0234e-05
-4.5164e-05
-3.9917e-05
-3.4512e-05
-2.897e-05
-2.3315e-05
-1.7567e-05
-1.175e-05
-5.8866e-06
1.3785e-18
5.8866e-06
1.175e-05
1.7567e-05
2.3315e-05
2.897e-05
3.4512e-05
3.9917e-05
4.5164e-05
5.0234e-05
5.5105e-05
5.9758e-05
6.4176e-05
6.8341e-05
7.2236e-05
7.5845e-05
7.9156e-05
8.2154e-05
8.4828e-05
8.7167e-05
8.9162e-05
9.0805e-05
9.2089e-05
9.3011e-05
9.3565e-05
9.375e-05
9.3565e-05
9.3011e-05
9.2089e-05
9.0805e-05
8.9162e-05
8.7167e-05
8.4828e-05
8.2154e-05
7.9156e-05
7.5845e-05
7.2236e-05
6.8341e-05
6.4176e-05
5.9758e-05
5.5105e-05
5.0234e-05
4.5164e-05
3.9917e-05
3.4512e-05
2.897e-05
2.3315e-05
1.7567e-05
1.175e-05
5.8866e-06
-3.6786e-19
-5.8866e-06
-1.175e-05
-1.7567e-05
-2.3315e-05
-2.897e-05
-3.4512e-05
-3.9917e-05
-4.5164e-05
-5.0234e-05
-5.5105e-05
-5.9758e-05
-6.4176e-05
-6.8341e-05
-7.2236e-05
-7.5845e-05
-7.9156e-05
-8.2154e-05
-8.4828e-05
-8.7167e-05
-8.9162e-05
-9.0805e-05
-9.2089e-05
-9.3011e-05
-9.3565e-05
-9.375e-05
-9.3565e-05
-9.3011e-05
-9.2089e-05
-9.0805e-05
-8.9162e-05
-8.7167e-05
-8.4828e-05
-8.2154e-05
-7.9156e-05
-7.5845e-05
-7.2236e-05
-6.8341e-05
-6.4176e-05
-5.9758e-05
-5.5105e-05
-5.0234e-05
-4.5164e-05
-3.9917e-05
-3.4512e-05
-2.897e-05
-2.3315e-05
-1.7567e-05
-1.175e-05
-5.8866e-06
-6.4282e-19
5.8866e-06
1.175e-05
1.7567e-05
2.3315e-05
2.897e-05
3.4512e-05
3.9917e-05
4.5164e-05
5.0234e-05
5.5105e-05
5.9758e-05
6.4176e-05
6.8341e-05
7.2236e-05
7.5845e-05
7.9156e-05
8.2154e-05
8.4828e-05
8.7167e-05
8.9162e-05
9.0805e-05
9.2089e-05
9.3011e-05
9.3565e-05
9.375e-05
9.3565e-05
9.3011e-05
9.2089e-05
9.0805e-05
8.9162e-05
8.7167e-05
8.4828e-05
8.2154e-05
7.9156e-05
7.5845e-05
7.2236e-05
6.8341e-05
6.4176e-05
5.9758e-05
5.5105e-05
5.0234e-05
4.5164e-05
3.9917e-05
3.4512e-05
2.897e-05
2.3315e-05
1.7567e-05
1.175e-05
5.8866e-06
1.6535e-18
-5.8866e-06
-1.175e-05
-1.7567e-05
-2.3315e-05
-2.897e-05
-3.4512e-05
-3.9917e-05
-4.5164e-05
-5.0234e-05
-5.5105e-05
-5.9758e-05
-6.4176e-05
-6.8341e-05
-7.2236e-05
-7.5845e-05
-7.9156e-05
-8.2154e-05
-8.4828e-05
-8.7167e-05
-8.9162e-05
-9.0805e-05
-9.2089e-05
-9.3011e-05
-9.3565e-05
-9.375e-05
-9.3565e-05
-9.3011e-05
-9.2089e-05
-9.0805e-05
-8.9162e-05
-8.7167e-05
-8.4828e-05
-8.2154e-05
-7.9156e-05
-7.5845e-05
-7.2236e-05
-6.8341e-05
-6.4176e-05
-5.9758e-05
-5.5105e-05
-5.0234e-05
-4.5164e-05
-3.9917e-05
-3.4512e-05
-2.897e-05
-2.3315e-05
-1.7567e-05
-1.175e-05
-5.8866e-06
2.6649e-18
5.8866e-06
1.175e-05
1.7567e-05
2.3315e-05
2.897e-05
3.4512e-05
3.9917e-05
4.5164e-05
5.0234e-05
5.5105e-05
5.9758e-05
6.4176e-05
6.8341e-05
7.2236e-05
7.5845e-05
7.9156e-05
8.2154e-05
8.4828e-05
8.7167e-05
8.9162e-05
9.0805e-05
9.2089e-05
9.3011e-05
9.3565e-05
9.375e-05
9.3565e-05
9.3011e-05
9.2089e-05
9.0805e-05
8.9162e-05
8.7167e-05
8.4828e-05
8.2154e-05
7.9156e-05
7.5845e-05
7.2236e-05
6.8341e-05
6.4176e-05
5.9758e-05
5.5105e-05
5.0234e-05
4.5164e-05
3.9917e-05
3.4512e-05
2.897e-05
2.3315e-05
1.7567e-05
1.175e-05
5.8866e-06
-1.6542e-18
-5.8866e-06
-1.175e-05
-1.7567e-05
-2.3315e-05
-2.897e-05
-3.4512e-05
-3.9917e-05
-4.5164e-05
-5.0234e-05
-5.5105e-05
-5.9758e-05
-6.4176e-05
-6.8341e-05
-7.2236e-05
-7.5845e-05
-7.9156e-05
-8.2154e-05
-8.4828e-05
-8.7167e-05
-8.9162e-05
-9.0805e-05
-9.2089e-05
-9.3011e-05
-9.3565e-05
-9.375e-05
-9.3565e-05
-9.3011e-05
-9.2089e-05
-9.0805e-05
-8.9162e-05
-8.7167e-05
-8.4828e-05
-8.2154e-05
-7.9156e-05
-7.5845e-05
-7.2236e-05
-6.8341e-05
-6.4176e-05
-5.9758e-05
-5.5105e-05
-5.0234e-05
-4.5164e-05
-3.9917e-05
-3.4512e-05
-2.897e-05
-2.3315e-05
-1.7567e-05
-1.175e-05
-5.8866e-06
6.4352e-19
5.8866e-06
1.175e-05
1.7567e-05
2.3315e-05
2.897e-05
3.4512e-05
3.9917e-05
4.5164e-05
5.0234e-05
5.5105e-05
5.9758e-05
6.4176e-05
6.8341e-05
7.2236e-05
7.5845e-05
7.9156e-05
8.2154e-05
8.4828e-05
8.7167e-05
8.9162e-05
9.0805e-05
9.2089e-05
9.3011e-05
9.3565e-05
9.375e-05
9.3565e-05
9.3011e-05
9.2089e-05
9.0805e-05
8.9162e-05
8.7167e-05
8.4828e-05
8.2154e-05
7.9156e-05
7.5845e-05
7.2236e-05
6.8341e-05
6.4176e-05
5.9758e-05
5.5105e-05
5.0234e-05
4.5164e-05
3.9917e-05
3.4512e-05
2.897e-05
2.3315e-05
1.7567e-05
1.175e-05
5.8866e-06
3.6716e-19
-5.8866e-06
-1.175e-05
-1.7567e-05
-2.3315e-05
-2.897e-05
-3.4512e-05
-3.9917e-05
-4.5164e-05
-5.0234e-05
-5.5105e-05
-5.9758e-05
-6.4176e-05
-6.8341e-05
-7.2236e-05
-7.5845e-05
-7.9156e-05
-8.2154e-05
-8.4828e-05
-8.7167e-05
-8.9162e-05
-9.0805e-05
-9.2089e-05
-9.3011e-05
-9.3565e-05
-9.375e-05
-9.3565e-05
-9.3011e-05
-9.2089e-05
-9.0805e-05
-8.9162e-05
-8.7167e-05
-8.4828e-05
-8.2154e-05
-7.9156e-05
-7.5845e-05
-7.2236e-05
-6.8341e-05
-6.4176e-05
-5.9758e-05
-5.5105e-05
-5.0234e-05
-4.5164e-05
-3.9917e-05
-3.4512e-05
-2.897e-05
-2.3315e-05
-1.7567e-05
-1.175e-05
-5.8866e-06
-1.3778e-18
5.8866e-06
1.175e-05
1.7567e-05
2.3315e-05
2.897e-05
3.4512e-05
3.9917e-05
4.5164e-05
5.0234e-05
5.5105e-05
5.9758e-05
6.4176e-05
6.8341e-05
7.2236e-05
7.5845e-05
7.9156e-05
8.2154e-05
8.4828e-05
8.7167e-05
8.9162e-05
9.0805e-05
9.2089e-05
9.3011e-05
9.3565e-05
9.375e-05
9.3565e-05
9.3011e-05
9.2089e-05
9.0805e-05
8.9162e-05
8.7167e-05
8.4828e-05
8.2154e-05
7.9156e-05
7.5845e-05
7.2236e-05
6.8341e-05
6.4176e-05
5.9758e-05
5.5105e-05
5.0234e-05
4.5164e-05
3.9917e-05
3.4512e-05
2.897e-05
2.3315e-05
1.7567e-05
1.175e-05
5.8866e-06
-2.9405e-18
-5.8866e-06
-1.175e-05
-1.7567e-05
-2.3315e-05
-2.897e-05
-3.4512e-05
-3.9917e-05
-4.5164e-05
-5.0234e-05
-5.5105e-05
-5.9758e-05
-6.4176e-05
-6.8341e-05
-7.2236e-05
-7.5845e-05
-7.9156e-05
-8.2154e-05
-8.4828e-05
-8.7167e-05
-8.9162e-05
-9.0805e-05
-9.2089e-05
-9.3011e-05
-9.3565e-05
-9.375e-05
-9.3565e-05
-9.3011e-05
-9.2089e-05
-9.0805e-05
-8.9162e-05
-8.7167e-05
-8.4828e-05
-8.2154e-05
-7.9156e-05
-7.5845e-05
-7.2236e-05
-6.8341e-05
-6.4176e-05
-5.9758e-05
-5.5105e-05
-5.0234e-05
-4.5164e-05
-3.9917e-05
-3.4512e-05
-2.897e-05
-2.3315e-05
-1.7567e-05
-1.175e-05
-5.8866e-06
1.9299e-18
5.8866e-06
1.175e-05
1.7567e-05
2.3315e-05
2.897e-05
3.4512e-05
3.9917e-05
4.5164e-05
5.0234e-05
5.5105e-05
5.9758e-05
6.4176e-05
6.8341e-05
7.2236e-05
7.5845e-05
7.9156e-05
8.2154e-05
8.4828e-05
8.7167e-05
8.9162e-05
9.0805e-05
9.2089e-05
9.3011e-05
9.3565e-05
9.375e-05
9.3565e-05
9.3011e-05
9.2089e-05
9.0805e-05
8.9162e-05
8.7167e-05
8.4828e-05
8.2154e-05
7.9156e-05
7.5845e-05
7.2236e-05
6.8341e-05
6.4176e-05
5.9758e-05
5.5105e-05
5.0234e-05
4.5164e-05
3.9917e-05
3.4512e-05
2.897e-05
2.3315e-05
1.7567e-05
1.175e-05
5.8866e-06
-9.1918e-19
-5.8866e-06
-1.175e-05
-1.7567e-05
-2.3315e-05
-2.897e-05
-3.4512e-05
-3.9917e-05
-4.5164e-05
-5.0234e-05
-5.5105e-05
-5.9758e-05
-6.4176e-05
-6.8341e-05
-7.2236e-05
-7.5845e-05
-7.9156e-05
-8.2154e-05
-8.4828e-05
-8.7167e-05
-8.9162e-05
-9.0805e-05
-9.2089e-05
-9.3011e-05
-9.3565e-05
-9.375e-05
-9.3565e-05
-9.3011e-05
-9.2089e-05
-9.0805e-05
-8.9162e-05
-8.7167e-05
-8.4828e-05
-8.2154e-05
-7.9156e-05
-7.5845e-05
-7.2236e-05
-6.8341e-05
-6.4176e-05
-5.9758e-05
-5.5105e-05
-5.0234e-05
-4.5164e-05
-3.9917e-05
-3.4512e-05
-2.897e-05
-2.3315e-05
-1.7567e-05
-1.175e-05
-5.8866e-06
-9.15e-20
5.8866e-06
1.175e-05
1.7567e-05
2.3315e-05
2.897e-05
3.4512e-05
3.9917e-05
4.5164e-05
5.0234e-05
5.5105e-05
5.9758e-05
6.4176e-05
6.8341e-05
7.2236e-05
7.5845e-05
7.9156e-05
8.2154e-05
8.4828e-05
8.7167e-05
8.9162e-05
9.0805e-05
9.2089e-05
9.3011e-05
9.3565e-05
9.375e-05
9.3565e-05
9.3011e-05
9.2089e-05
9.0805e-05
8.9162e-05
8.7167e-05
8.4828e-05
8.2154e-05
7.9156e-05
7.5845e-05
7.2236e-05
6.8341e-05
6.4176e-05
5.9758e-05
5.5105e-05
5.0234e-05
4.5164e-05
3.9917e-05
3.4512e-05
2.897e-05
2.3315e-05
1.7567e-05
1.175e-05
5.8866e-06
1.1022e-18
-5.8866e-06
-1.175e-05
-1.7567e-05
-2.3315e-05
-2.897e-05
-3.4512e-05
-3.9917e-05
-4.5164e-05
-5.0234e-05
-5.5105e-05
-5.9758e-05
-6.4176e-05
-6.8341e-05
-7.2236e-05
-7.5845e-05
-7.9156e-05
-8.2154e-05
-8.4828e-05
-8.7167e-05
-8.9162e-05
-9.0805e-05
-9.2089e-05
-9.3011e-05
-9.3565e-05
-9.375e-05
-9.3565e-05
-9.3011e-05
-9.2089e-05
-9.0805e-05
-8.9162e-05
-8.7167e-05
-8.4828e-05
-8.2154e-05
-7.9156e-05
-7.5845e-05
-7.2236e-05
-6.8341e-05
-6.4176e-05
-5.9758e-05
-5.5105e-05
-5.0234e-05
-4.5164e-05
-3.9917e-05
-3.4512e-05
-2.897e-05
-2.3315e-05
-1.7567e-05
-1.175e-05
-5.8866e-06
3.2162e-18
5.8866e-06
1.175e-05
1.7567e-05
2.3315e-05
2.897e-05
3.4512e-05
3.9917e-05
4.5164e-05
5.0234e-05
5.5105e-05
5.9758e-05
6.4176e-05
6.8341e-05
7.2236e-05
7.5845e-05
7.9156e-05
8.2154e-05
8.4828e-05
8.7167e-05
8.9162e-05
9.0805e-05
9.2089e-05
9.3011e-05
9.3565e-05
9.375e-05
9.3565e-05
9.3011e-05
9.2089e-05
9.0805e-05
8.9162e-05
8.7167e-05
8.4828e-05
8.2154e-05
7.9156e-05
7.5845e-05
7.2236e-05
6.8341e-05
6.4176e-05
5.9758e-05
5.5105e-05
5.0234e-05
4.5164e-05
3.9917e-05
3.4512e-05
2.897e-05
2.3315e-05
1.7567e-05
1.175e-05
5.8866e-06
-2.2055e-18
-5.8866e-06
-1.175e-05
-1.7567e-05
-2.3315e-05
-2.897e-05
-3.4512e-05
-3.9917e-05
-4.5164e-05
-5.0234e-05
-5.5105e-05
-5.9758e-05
-6.4176e-05
-6.8341e-05
-7.2236e-05
-7.5845e-05
-7.9156e-05
-8.2154e-05
-8.4828e-05
-8.7167e-05
-8.9162e-05
-9.0805e-05
-9.2089e-05
-9.3011e-05
-9.3565e-05
-9.375e-05
-9.3565e-05
-9.3011e-05
-9.2089e-05
-9.0805e-05
-8.9162e-05
-8.7167e-05
-8.4828e-05
-8.2154e-05
-7.9156e-05
-7.5845e-05
-7.2236e-05
-6.8341e-05
-6.4176e-05
-5.9758e-05
-5.5105e-05
-5.0234e-05
-4.5164e-05
-3.9917e-05
-3.4512e-05
-2.897e-05
-2.3315e-05
-1.7567e-05
-1.175e-05
-5.8866e-06
1.1948e-18
5.8866e-06
1.175e-05
1.7567e-05
2.3315e-05
2.897e-05
3.4512e-05
3.9917e-05
4.5164e-05
5.0234e-05
5.5105e-05
5.9758e-05
6.4176e-05
6.8341e-05
7.2236e-05
7.5845e-05
7.9156e-05
8.2154e-05
8.4828e-05
8.7167e-05
8.9162e-05
9.0805e-05
9.2089e-05
9.3011e-05
9.3565e-05
9.375e-05
9.3565e-05
9.3011e-05
9.2089e-05
9.0805e-05
8.9162e-05
8.7167e-05
8.4828e-05
8.2154e-05
7.9156e-05
7.5845e-05
7.2236e-05
6.8341e-05
6.4176e-05
5.9758e-05
5.5105e-05
5.0234e-05
4.5164e-05
3.9917e-05
3.4512e-05
2.897e-05
2.3315e-05
1.7567e-05
1.175e-05
5.8866e-06
-1.8416e-19
-5.8866e-06
-1.175e-05
-1.7567e-05
-2.3315e-05
-2.897e-05
-3.4512e-05
-3.9917e-05
-4.5164e-05
-5.0234e-05
-5.5105e-05
-5.9758e-05
-6.4176e-05
-6.8341e-05
-7.2236e-05
-7.5845e-05
-7.9156e-05
-8.2154e-05
-8.4828e-05
-8.7167e-05
-8.9162e-05
-9.0805e-05
-9.2089e-05
-9.3011e-05
-9.3565e-05
-9.375e-05
-9.3565e-05
-9.3011e-05
-9.2089e-05
-9.0805e-05
-8.9162e-05
-8.7167e-05
-8.4828e-05
-8.2154e-05
-7.9156e-05
-7.5845e-05
-7.2236e-05
-6.8341e-05
-6.4176e-05
-5.9758e-05
-5.5105e-05
-5.0234e-05
-4.5164e-05
-3.9917e-05
-3.4512e-05
-2.897e-05
-2.3315e-05
-1.7567e-05
-1.175e-05
-5.8866e-06
-8.2652e-19
5.8866e-06
1.175e-05
1.7567e-05
2.3315e-05
2.897e-05
3.4512e-05
3.9917e-05
4.5164e-05
5.0234e-05
5.5105e-05
5.9758e-05
6.4176e-05
6.8341e-05
7.2236e-05
7.5845e-05
7.9156e-05
8.2154e-05
8.4828e-05
8.7167e-05
8.9162e-05
9.0805e-05
9.2089e-05
9.3011e-05
9.3565e-05
9.375e-05
9.3565e-05
9.3011e-05
9.2089e-05
9.0805e-05
8.9162e-05
8.7167e-05
8.4828e-05
8.2154e-05
7.9156e-05
7.5845e-05
7.2236e-05
6.8341e-05
6.4176e-05
5.9758e-05
5.5105e-05
5.0234e-05
4.5164e-05
3.9917e-05
3.4512e-05
2.897e-05
2.3315e-05
1.7567e-05
1.175e-05
5.8866e-06
1.8372e-18
-5.8866e-06
-1.175e-05
-1.7567e-05
-2.3315e-05
-2.897e-05
-3.4512e-05
-3.9917e-05
-4.5164e-05
-5.0234e-05
-5.5105e-05
-5.9758e-05
-6.4176e-05
-6.8341e-05
-7.2236e-05
-7.5845e-05
-7.9156e-05
-8.2154e-05
-8.4828e-05
-8.7167e-05
-8.9162e-05
-9.0805e-05
-9.2089e-05
-9.3011e-05
-9.3565e-05
-9.375e-05
-9.3565e-05
-9.3011e-05
-9.2089e-05
-9.0805e-05
-8.9162e-05
-8.7167e-05
-8.4828e-05
-8.2154e-05
-7.9156e-05
-7.5845e-05
-7.2236e-05
-6.8341e-05
-6.4176e-05
-5.9758e-05
-5.5105e-05
-5.0234e-05
-4.5164e-05
-3.9917e-05
-3.4512e-05
-2.897e-05
-2.3315e-05
-1.7567e-05
-1.175e-05
-5.8866e-06
-2.8479e-18
5.8866e-06
1.175e-05
1.7567e-05
2.3315e-05
2.897e-05
3.4512e-05
3.9917e-05
4.5164e-05
5.0234e-05
5.5105e-05
5.9758e-05
6.4176e-05
6.8341e-05
7.2236e-05
7.5845e-05
7.9156e-05
8.2154e-05
8.4828e-05
8.7167e-05
8.9162e-05
9.0805e-05
9.2089e-05
9.3011e-05
9.3565e-05
9.375e-05
9.3565e-05
9.3011e-05
9.2089e-05
9.0805e-05
8.9162e-05
8.7167e-05
8.4828e-05
8.2154e-05
7.9156e-05
7.5845e-05
7.2236e-05
6.8341e-05
6.4176e-05
5.9758e-05
5.5105e-05
5.0234e-05
4.5164e-05
3.9917e-05
3.4512e-05
2.897e-05
2.3315e-05
1.7567e-05
1.175e-05
5.8866e-06
-1.4705e-18
-5.8866e-06
-1.175e-05
-1.7567e-05
-2.3315e-05
-2.897e-05
-3.4512e-05
-3.9917e-05
-4.5164e-05
-5.0234e-05
-5.5105e-05
-5.9758e-05
-6.4176e-05
-6.8341e-05
-7.2236e-05
-7.5845e-05
-7.9156e-05
-8.2154e-05
-8.4828e-05
-8.7167e-05
-8.9162e-05
-9.0805e-05
-9.2089e-05
-9.3011e-05
-9.3565e-05
-9.375e-05
-9.3565e-05
-9.3011e-05
-9.2089e-05
-9.0805e-05
-8.9162e-05
-8.7167e-05
-8.4828e-05
-8.2154e-05
-7.9156e-05
-7.5845e-05
-7.2236e-05
-6.8341e-05
-6.4176e-05
-5.9758e-05
-5.5105e-05
-5.0234e-05
-4.5164e-05
-3.9917e-05
-3.4512e-05
-2.897e-05
-2.3315e-05
-1.7567e-05
-1.175e-05
-5.8866e-06
4.5982e-19
5.8866e-06
1.175e-05
1.7567e-05
2.3315e-05
2.897e-05
3.4512e-05
3.9917e-05
4.5164e-05
5.0234e-05
5.5105e-05
5.9758e-05
6.4176e-05
6.8341e-05
7.2236e-05
7.5845e-05
7.9156e-05
8.2154e-05
8.4828e-05
8.7167e-05
8.9162e-05
9.0805e-05
9.2089e-05
9.3011e-05
9.3565e-05
9.375e-05
9.3565e-05
9.3011e-05
9.2089e-05
9.0805e-05
8.9162e-05
8.7167e-05
8.4828e-05
8.2154e-05
7.9156e-05
7.5845e-05
7.2236e-05
6.8341e-05
6.4176e-05
5.9758e-05
5.5105e-05
5.0234e-05
4.5164e-05
3.9917e-05
3.4512e-05
2.897e-05
2.3315e-05
1.7567e-05
1.175e-05
5.8866e-06
5.5086e-19
-5.8866e-06
-1.175e-05
-1.7567e-05
-2.3315e-05
-2.897e-05
-3.4512e-05
-3.9917e-05
-4.5164e-05
-5.0234e-05
-5.5105e-05
-5.9758e-05
-6.4176e-05
-6.8341e-05
-7.2236e-05
-7.5845e-05
-7.9156e-05
-8.2154e-05
-8.4828e-05
-8.7167e-05
-8.9162e-05
-9.0805e-05
-9.2089e-05
-9.3011e-05
-9.3565e-05
-9.375e-05
-9.3565e-05
-9.3011e-05
-9.2089e-05
-9.0805e-05
-8.9162e-05
-8.7167e-05
-8.4828e-05
-8.2154e-05
-7.9156e-05
-7.5845e-05
-7.2236e-05
-6.8341e-05
-6.4176e-05
-5.9758e-05
-5.5105e-05
-5.0234e-05
-4.5164e-05
-3.9917e-05
-3.4512e-05
-2.897e-05
-2.3315e-05
-1.7567e-05
-1.175e-05
-5.8866e-06
-1.5615e-18
5.8866e-06
1.175e-05
1.7567e-05
2.3315e-05
2.897e-05
3.4512e-05
3.9917e-05
4.5164e-05
5.0234e-05
5.5105e-05
5.9758e-05
6.4176e-05
6.8341e-05
7.2236e-05
7.5845e-05
7.9156e-05
8.2154e-05
8.4828e-05
8.7167e-05
8.9162e-05
9.0805e-05
9.2089e-05
9.3011e-05
9.3565e-05
9.375e-05
9.3565e-05
9.3011e-05
9.2089e-05
9.0805e-05
8.9162e-05
8.7167e-05
8.4828e-05
8.2154e-05
7.9156e-05
7.5845e-05
7.2236e-05
6.8341e-05
6.4176e-05
5.9758e-05
5.5105e-05
5.0234e-05
4.5164e-05
3.9917e-05
3.4512e-05
2.897e-05
2.3315e-05
1.7567e-05
1.175e-05
5.8866e-06
2.5722e-18
-5.8866e-06
-1.175e-05
-1.7567e-05
-2.3315e-05
-2.897e-05
-3.4512e-05
-3.9917e-05
-4.5164e-05
-5.0234e-05
-5.5105e-05
-5.9758e-05
-6.4176e-05
-6.8341e-05
-7.2236e-05
-7.5845e-05
-7.9156e-05
-8.2154e-05
-8.4828e-05
-8.7167e-05
-8.9162e-05
-9.0805e-05
-9.2089e-05
-9.3011e-05
-9.3565e-05
-9.375e-05
-9.3565e-05
-9.3011e-05
-9.2089e-05
-9.0805e-05
-8.9162e-05
-8.7167e-05
-8.4828e-05
-8.2154e-05
-7.9156e-05
-7.5845e-05
-7.2236e-05
-6.8341e-05
-6.4176e-05
-5.9758e-05
-5.5105e-05
-5.0234e-05
-4.5164e-05
-3.9917e-05
-3.4512e-05
-2.897e-05
-2.3315e-05
-1.7567e-05
-1.175e-05
-5.8866e-06
1.7462e-18
5.8866e-06
1.175e-05
1.7567e-05
2.3315e-05
2.897e-05
3.4512e-05
3.9917e-05
4.5164e-05
5.0234e-05
5.5105e-05
5.9758e-05
6.4176e-05
6.8341e-05
7.2236e-05
7.5845e-05
7.9156e-05
8.2154e-05
8.4828e-05
8.7167e-05
8.9162e-05
9.0805e-05
9.2089e-05
9.3011e-05
9.3565e-05
9.375e-05
9.3565e-05
9.3011e-05
9.2089e-05
9.0805e-05
8.9162e-05
8.7167e-05
8.4828e-05
8.2154e-05
7.9156e-05
7.5845e-05
7.2236e-05
6.8341e-05
6.4176e-05
5.9758e-05
5.5105e-05
5.0234e-05
4.5164e-05
3.9917e-05
3.4512e-05
2.897e-05
2.3315e-05
1.7567e-05
1.175e-05
5.8866e-06
-7.3548e-19
-5.8866e-06
-1.175e-05
-1.7567e-05
-2.3315e-05
-2.897e-05
-3.4512e-05
-3.9917e-05
-4.5164e-05
-5.0234e-05
-5.5105e-05
-5.9758e-05
-6.4176e-05
-6.8341e-05
-7.2236e-05
-7.5845e-05
-7.9156e-05
-8.2154e-05
-8.4828e-05
-8.7167e-05
-8.9162e-05
-9.0805e-05
-9.2089e-05
-9.3011e-05
-9.3565e-05
-9.375e-05
-9.3565e-05
-9.3011e-05
-9.2089e-05
-9.0805e-05
-8.9162e-05
-8.7167e-05
-8.4828e-05
-8.2154e-05
-7.9156e-05
-7.5845e-05
-7.2236e-05
-6.8341e-05
-6.4176e-05
-5.9758e-05
-5.5105e-05
-5.0234e-05
-4.5164e-05
-3.9917e-05
-3.4512e-05
-2.897e-05
-2.3315e-05
-1.7567e-05
-1.175e-05
-5.8866e-06
-2.752e-19
5.8866e-06
1.175e-05
1.7567e-05
2.3315e-05
2.897e-05
3.4512e-05
3.9917e-05
4.5164e-05
5.0234e-05
5.5105e-05
5.9758e-05
6.4176e-05
6.8341e-05
7.2236e-05
7.5845e-05
7.9156e-05
8.2154e-05
8.4828e-05
8.7167e-05
8.9162e-05
9.0805e-05
9.2089e-05
9.3011e-05
9.3565e-05
9.375e-05
9.3565e-05
9.3011e-05
9.2089e-05
9.0805e-05
8.9162e-05
8.7167e-05
8.4828e-05
8.2154e-05
7.9156e-05
7.5845e-05
7.2236e-05
6.8341e-05
6.4176e-05
5.9758e-05
5.5105e-05
5.0234e-05
4.5164e-05
3.9917e-05
3.4512e-05
2.897e-05
2.3315e-05
1.7567e-05
1.175e-05
5.8866e-06
1.2859e-18
-5.8866e-06
-1.175e-05
-1.7567e-05
-2.3315e-05
-2.897e-05
-3.4512e-05
-3.9917e-05
-4.5164e-05
-5.0234e-05
-5.5105e-05
-5.9758e-05
-6.4176e-05
-6.8341e-05
-7.2236e-05
-7.5845e-05
-7.9156e-05
-8.2154e-05
-8.4828e-05
-8.7167e-05
-8.9162e-05
-9.0805e-05
-9.2089e-05
-9.3011e-05
-9.3565e-05
-9.375e-05
-9.3565e-05
-9.3011e-05
-9.2089e-05
-9.0805e-05
-8.9162e-05
-8.7167e-05
-8.4828e-05
-8.2154e-05
-7.9156e-05
-7.5845e-05
-7.2236e-05
-6.8341e-05
-6.4176e-05
-5.9758e-05
-5.5105e-05
-5.0234e-05
-4.5164e-05
-3.9917e-05
-3.4512e-05
-2.897e-05
-2.3315e-05
-1.7567e-05
-1.175e-05
-5.8866e-06
-2.2966e-18
5.8866e-06
1.175e-05
1.7567e-05
2.3315e-05
2.897e-05
3.4512e-05
3.9917e-05
4.5164e-05
5.0234e-05
5.5105e-05
5.9758e-05
6.4176e-05
6.8341e-05
7.2236e-05
7.5845e-05
7.9156e-05
8.2154e-05
8.4828e-05
8.7167e-05
8.9162e-05
9.0805e-05
9.2089e-05
9.3011e-05
9.3565e-05
9.375e-05
9.3565e-05
9.3011e-05
9.2089e-05
9.0805e-05
8.9162e-05
8.7167e-05
8.4828e-05
8.2154e-05
7.9156e-05
7.5845e-05
7.2236e-05
6.8341e-05
6.4176e-05
5.9758e-05
5.5105e-05
5.0234e-05
4.5164e-05
3.9917e-05
3.4512e-05
2.897e-05
2.3315e-05
1.7567e-05
1.175e-05
5.8866e-06
-2.0218e-18
-5.8866e-06
-1.175e-05
-1.7567e-05
-2.3315e-05
-2.897e-05
-3.4512e-05
-3.9917e-05
-4.5164e-05
-5.0234e-05
-5.5105e-05
-5.9758e-05
-6.4176e-05
-6.8341e-05
-7.2236e-05
-7.5845e-05
-7.9156e-05
-8.2154e-05
-8.4828e-05
-8.7167e-05
-8.9162e-05
-9.0805e-05
-9.2089e-05
-9.3011e-05
-9.3565e-05
-9.375e-05
-9.3565e-05
-9.3011e-05
-9.2089e-05
-9.0805e-05
-8.9162e-05
-8.7167e-05
-8.4828e-05
-8.2154e-05
-7.9156e-05
-7.5845e-05
-7.2236e-05
-6.8341e-05
-6.4176e-05
-5.9758e-05
-5.5105e-05
-5.0234e-05
-4.5164e-05
-3.9917e-05
-3.4512e-05
-2.897e-05
-2.3315e-05
-1.7567e-05
-1.175e-05
-5.8866e-06
1.0111e-18
5.8866e-06
1.175e-05
1.7567e-05
2.3315e-05
2.897e-05
3.4512e-05
3.9917e-05
4.5164e-05
5.0234e-05
5.5105e-05
5.9758e-05
6.4176e-05
6.8341e-05
7.2236e-05
7.5845e-05
7.9156e-05
8.2154e-05
8.4828e-05
8.7167e-05
8.9162e-05
9.0805e-05
9.2089e-05
9.3011e-05
9.3565e-05
9.375e-05
9.3565e-05
9.3011e-05
9.2089e-05
9.0805e-05
8.9162e-05
8.7167e-05
8.4828e-05
8.2154e-05
7.9156e-05
7.5845e-05
7.2236e-05
6.8341e-05
6.4176e-05
5.9758e-05
5.5105e-05
5.0234e-05
4.5164e-05
3.9917e-05
3.4512e-05
2.897e-05
2.3315e-05
1.7567e-05
1.175e-05
5.8866e-06
-4.6377e-22
-5.8748e-06
-1.1715e-05
-1.7497e-05
-2.3198e-05
-2.8797e-05
-3.427e-05
-3.9597e-05
-4.4758e-05
-4.9731e-05
-5.4499e-05
-5.9041e-05
-6.3342e-05
-6.7384e-05
-7.1152e-05
-7.4632e-05
-7.781e-05
-8.0675e-05
-8.3216e-05
-8.5423e-05
-8.7289e-05
-8.8807e-05
-8.9971e-05
-9.0778e-05
-9.1226e-05
-9.1313e-05
-9.1039e-05
-9.0406e-05
-8.9419e-05
-8.8081e-05
-8.6398e-05
-8.4377e-05
-8.2028e-05
-7.9361e-05
-7.6385e-05
-7.3115e-05
-6.9563e-05
-6.5744e-05
-6.1673e-05
-5.7368e-05
-5.2846e-05
-4.8124e-05
-4.3222e-05
-3.816e-05
-3.2959e-05
-2.7638e-05
-2.2219e-05
-1.6724e-05
-1.1174e-05
-5.5923e-06
-9.587e-19
5.5805e-06
1.1127e-05
1.6618e-05
2.2032e-05
2.7348e-05
3.2545e-05
3.7602e-05
4.25e-05
4.722e-05
5.1743e-05
5.6053e-05
6.0133e-05
6.3967e-05
6.754e-05
7.084e-05
7.3852e-05
7.6567e-05
7.8974e-05
8.1065e-05
8.2831e-05
8.4267e-05
8.5367e-05
8.6128e-05
8.6548e-05
8.6625e-05
8.6361e-05
8.5756e-05
8.4814e-05
8.354e-05
8.1939e-05
8.0019e-05
7.7787e-05
7.5253e-05
7.2428e-05
6.9323e-05
6.5951e-05
6.2327e-05
5.8465e-05
5.438e-05
5.009e-05
4.5612e-05
4.0964e-05
3.6165e-05
3.1233e-05
2.6189e-05
2.1053e-05
1.5845e-05
1.0587e-05
5.298e-06
-2.974e-18
-5.2862e-06
-1.054e-05
-1.574e-05
-2.0867e-05
-2.5899e-05
-3.0819e-05
-3.5606e-05
-4.0241e-05
-4.4708e-05
-4.8988e-05
-5.3066e-05
-5.6924e-05
-6.055e-05
-6.3929e-05
-6.7047e-05
-6.9895e-05
-7.246e-05
-7.4733e-05
-7.6707e-05
-7.8373e-05
-7.9727e-05
-8.0762e-05
-8.1477e-05
-8.1869e-05
-8.1938e-05
-8.1682e-05
-8.1105e-05
-8.021e-05
-7.9e-05
-7.7481e-05
-7.5661e-05
-7.3545e-05
-7.1145e-05
-6.847e-05
-6.553e-05
-6.2339e-05
-5.891e-05
-5.5256e-05
-5.1392e-05
-4.7335e-05
-4.3101e-05
-3.8706e-05
-3.4169e-05
-2.9507e-05
-2.4741e-05
-1.9887e-05
-1.4967e-05
-9.9992e-06
-5.0036e-06
1.9506e-18
4.9918e-06
9.9522e-06
1.4862e-05
1.9701e-05
2.4451e-05
2.9093e-05
3.361e-05
3.7983e-05
4.2196e-05
4.6233e-05
5.0078e-05
5.3716e-05
5.7133e-05
6.0317e-05
6.3255e-05
6.5937e-05
6.8352e-05
7.0492e-05
7.2348e-05
7.3915e-05
7.5186e-05
7.6158e-05
7.6827e-05
7.7191e-05
7.725e-05
7.7004e-05
7.6455e-05
7.5605e-05
7.446e-05
7.3023e-05
7.1302e-05
6.9304e-05
6.7037e-05
6.4512e-05
6.1738e-05
5.8728e-05
5.5493e-05
5.2047e-05
4.8404e-05
4.458e-05
4.0589e-05
3.6448e-05
3.2173e-05
2.7782e-05
2.3292e-05
1.8722e-05
1.4089e-05
9.4117e-06
4.7093e-06
3.2298e-18
-4.6975e-06
-9.3647e-06
-1.3983e-05
-1.8535e-05
-2.3002e-05
-2.7368e-05
-3.1614e-05
-3.5725e-05
-3.9685e-05
-4.3478e-05
-4.709e-05
-5.0507e-05
-5.3716e-05
-5.6705e-05
-5.9463e-05
-6.1979e-05
-6.4244e-05
-6.625e-05
-6.799e-05
-6.9457e-05
-7.0646e-05
-7.1553e-05
-7.2176e-05
-7.2513e-05
-7.2563e-05
-7.2326e-05
-7.1804e-05
-7.1001e-05
-6.992e-05
-6.8565e-05
-6.6944e-05
-6.5063e-05
-6.293e-05
-6.0554e-05
-5.7946e-05
-5.5116e-05
-5.2076e-05
-4.8838e-05
-4.5416e-05
-4.1825e-05
-3.8077e-05
-3.4189e-05
-3.0177e-05
-2.6056e-05
-2.1844e-05
-1.7556e-05
-1.321e-05
-8.8242e-06
-4.415e-06
-3.7847e-18
4.4032e-06
8.7772e-06
1.3105e-05
1.7369e-05
2.1554e-05
2.5642e-05
2.9618e-05
3.3467e-05
3.7173e-05
4.0722e-05
4.4102e-05
4.7298e-05
5.0299e-05
5.3093e-05
5.567e-05
5.8021e-05
6.0137e-05
6.2009e-05
6.3632e-05
6.4999e-05
6.6106e-05
6.6949e-05
6.7526e-05
6.7835e-05
6.7875e-05
6.7647e-05
6.7154e-05
6.6396e-05
6.5379e-05
6.4107e-05
6.2586e-05
6.0821e-05
5.8822e-05
5.6596e-05
5.4154e-05
5.1504e-05
4.8659e-05
4.5629e-05
4.2429e-05
3.9069e-05
3.5566e-05
3.1931e-05
2.8181e-05
2.4331e-05
2.0395e-05
1.639e-05
1.2332e-05
8.2367e-06
4.1206e-06
4.2385e-18
-4.1089e-06
-8.1897e-06
-1.2227e-05
-1.6204e-05
-2.0105e-05
-2.3917e-05
-2.7622e-05
-3.1209e-05
-3.4661e-05
-3.7967e-05
-4.1114e-05
-4.4089e-05
-4.6882e-05
-4.9481e-05
-5.1878e-05
-5.4063e-05
-5.6029e-05
-5.7768e-05
-5.9273e-05
-6.0541e-05
-6.1566e-05
-6.2345e-05
-6.2875e-05
-6.3156e-05
-6.3187e-05
-6.2969e-05
-6.2503e-05
-6.1792e-05
-6.0839e-05
-5.9649e-05
-5.8227e-05
-5.658e-05
-5.4714e-05
-5.2639e-05
-5.0361e-05
-4.7892e-05
-4.5242e-05
-4.2421e-05
-3.9441e-05
-3.6314e-05
-3.3054e-05
-2.9673e-05
-2.6185e-05
-2.2605e-05
-1.8947e-05
-1.5224e-05
-1.1454e-05
-7.6492e-06
-3.8263e-06
-1.1327e-18
3.8145e-06
7.6022e-06
1.1348e-05
1.5038e-05
1.8657e-05
2.2191e-05
2.5627e-05
2.895e-05
3.215e-05
3.5212e-05
3.8126e-05
4.088e-05
4.3465e-05
4.587e-05
4.8086e-05
5.0106e-05
5.1921e-05
5.3526e-05
5.4915e-05
5.6083e-05
5.7025e-05
5.774e-05
5.8225e-05
5.8478e-05
5.85e-05
5.8291e-05
5.7853e-05
5.7188e-05
5.6299e-05
5.5191e-05
5.3869e-05
5.2339e-05
5.0607e-05
4.8681e-05
4.6569e-05
4.428e-05
4.1825e-05
3.9212e-05
3.6453e-05
3.3559e-05
3.0542e-05
2.7415e-05
2.419e-05
2.088e-05
1.7498e-05
1.4059e-05
1.0575e-05
7.0617e-06
3.532e-06
4.8429e-18
-3.5202e-06
-7.0147e-06
-1.047e-05
-1.3872e-05
-1.7208e-05
-2.0465e-05
-2.3631e-05
-2.6692e-05
-2.9638e-05
-3.2457e-05
-3.5138e-05
-3.7671e-05
-4.0048e-05
-4.2258e-05
-4.4294e-05
-4.6148e-05
-4.7813e-05
-4.9285e-05
-5.0557e-05
-5.1625e-05
-5.2485e-05
-5.3136e-05
-5.3574e-05
-5.38e-05
-5.3813e-05
-5.3613e-05
-5.3202e-05
-5.2583e-05
-5.1759e-05
-5.0733e-05
-4.9511e-05
-4.8097e-05
-4.6499e-05
-4.4723e-05
-4.2777e-05
-4.0669e-05
-3.8408e-05
-3.6003e-05
-3.3465e-05
-3.0804e-05
-2.803e-05
-2.5157e-05
-2.2194e-05
-1.9154e-05
-1.605e-05
-1.2893e-05
-9.697e-06
-6.4742e-06
-3.2376e-06
-2.0679e-18
3.2259e-06
6.4272e-06
9.5916e-06
1.2706e-05
1.576e-05
1.874e-05
2.1635e-05
2.4434e-05
2.7126e-05
2.9702e-05
3.215e-05
3.4463e-05
3.6631e-05
3.8646e-05
4.0501e-05
4.219e-05
4.3706e-05
4.5043e-05
4.6198e-05
4.7166e-05
4.7945e-05
4.8531e-05
4.8924e-05
4.9122e-05
4.9125e-05
4.8934e-05
4.8552e-05
4.7979e-05
4.7218e-05
4.6275e-05
4.5152e-05
4.3856e-05
4.2391e-05
4.0765e-05
3.8985e-05
3.7057e-05
3.499e-05
3.2794e-05
3.0477e-05
2.8048e-05
2.5519e-05
2.2898e-05
2.0198e-05
1.7428e-05
1.4601e-05
1.1727e-05
8.8186e-06
5.8867e-06
2.9433e-06
2.3839e-18
-2.9315e-06
-5.8397e-06
-8.7132e-06
-1.1541e-05
-1.4311e-05
-1.7014e-05
-1.9639e-05
-2.2176e-05
-2.4615e-05
-2.6946e-05
-2.9162e-05
-3.1254e-05
-3.3214e-05
-3.5034e-05
-3.6709e-05
-3.8232e-05
-3.9598e-05
-4.0802e-05
-4.184e-05
-4.2708e-05
-4.3405e-05
-4.3927e-05
-4.4273e-05
-4.4443e-05
-4.4438e-05
-4.4256e-05
-4.3901e-05
-4.3374e-05
-4.2678e-05
-4.1817e-05
-4.0794e-05
-3.9614e-05
-3.8284e-05
-3.6807e-05
-3.5192e-05
-3.3445e-05
-3.1573e-05
-2.9585e-05
-2.7489e-05
-2.5293e-05
-2.3007e-05
-2.064e-05
-1.8202e-05
-1.5703e-05
-1.3153e-05
-1.0562e-05
-7.9403e-06
-5.2992e-06
-2.649e-06
-2.5988e-18
2.6372e-06
5.2522e-06
7.8349e-06
1.0375e-05
1.2863e-05
1.5289e-05
1.7643e-05
1.9918e-05
2.2103e-05
2.4191e-05
2.6174e-05
2.8045e-05
2.9797e-05
3.1422e-05
3.2917e-05
3.4274e-05
3.549e-05
3.6561e-05
3.7482e-05
3.825e-05
3.8864e-05
3.9322e-05
3.9623e-05
3.9765e-05
3.975e-05
3.9578e-05
3.9251e-05
3.877e-05
3.8138e-05
3.7359e-05
3.6436e-05
3.5373e-05
3.4176e-05
3.285e-05
3.14e-05
2.9833e-05
2.8156e-05
2.6376e-05
2.4501e-05
2.2538e-05
2.0495e-05
1.8382e-05
1.6206e-05
1.3977e-05
1.1704e-05
9.3958e-06
7.0619e-06
4.7117e-06
2.3546e-06
5.8636e-19
-2.3429e-06
-4.6647e-06
-6.9565e-06
-9.2093e-06
-1.1414e-05
-1.3563e-05
-1.5647e-05
-1.7659e-05
-1.9591e-05
-2.1436e-05
-2.3186e-05
-2.4836e-05
-2.638e-05
-2.7811e-05
-2.9125e-05
-3.0317e-05
-3.1383e-05
-3.2319e-05
-3.3123e-05
-3.3792e-05
-3.4324e-05
-3.4718e-05
-3.4972e-05
-3.5087e-05
-3.5062e-05
-3.49e-05
-3.46e-05
-3.4165e-05
-3.3598e-05
-3.2901e-05
-3.2077e-05
-3.1132e-05
-3.0068e-05
-2.8892e-05
-2.7608e-05
-2.6222e-05
-2.4739e-05
-2.3168e-05
-2.1513e-05
-1.9783e-05
-1.7984e-05
-1.6124e-05
-1.421e-05
-1.2252e-05
-1.0256e-05
-8.2301e-06
-6.1836e-06
-4.1242e-06
-2.0603e-06
-2.7255e-18
2.0485e-06
4.0772e-06
6.0782e-06
8.0436e-06
9.9658e-06
1.1838e-05
1.3652e-05
1.5401e-05
1.7079e-05
1.8681e-05
2.0198e-05
2.1627e-05
2.2963e-05
2.4199e-05
2.5332e-05
2.6359e-05
2.7275e-05
2.8078e-05
2.8765e-05
2.9334e-05
2.9784e-05
3.0113e-05
3.0322e-05
3.0409e-05
3.0375e-05
3.0221e-05
2.9949e-05
2.9561e-05
2.9057e-05
2.8443e-05
2.7719e-05
2.689e-05
2.5961e-05
2.4934e-05
2.3815e-05
2.261e-05
2.1322e-05
1.9959e-05
1.8525e-05
1.7027e-05
1.5472e-05
1.3865e-05
1.2215e-05
1.0526e-05
8.807e-06
7.0643e-06
5.3052e-06
3.5367e-06
1.766e-06
1.0438e-18
-1.7542e-06
-3.4897e-06
-5.1998e-06
-6.8778e-06
-8.5173e-06
-1.0112e-05
-1.1656e-05
-1.3143e-05
-1.4568e-05
-1.5925e-05
-1.721e-05
-1.8419e-05
-1.9545e-05
-2.0587e-05
-2.154e-05
-2.2401e-05
-2.3167e-05
-2.3837e-05
-2.4407e-05
-2.4876e-05
-2.5244e-05
-2.5509e-05
-2.5671e-05
-2.573e-05
-2.5688e-05
-2.5543e-05
-2.5299e-05
-2.4956e-05
-2.4517e-05
-2.3984e-05
-2.3361e-05
-2.2649e-05
-2.1853e-05
-2.0976e-05
-2.0023e-05
-1.8998e-05
-1.7905e-05
-1.675e-05
-1.5537e-05
-1.4272e-05
-1.296e-05
-1.1607e-05
-1.0219e-05
-8.8005e-06
-7.3585e-06
-5.8986e-06
-4.4269e-06
-2.9492e-06
-1.4717e-06
-1.1209e-18
1.4599e-06
2.9022e-06
4.3215e-06
5.7121e-06
7.0688e-06
8.3863e-06
9.6599e-06
1.0885e-05
1.2056e-05
1.317e-05
1.4223e-05
1.521e-05
1.6128e-05
1.6975e-05
1.7748e-05
1.8443e-05
1.906e-05
1.9595e-05
2.0048e-05
2.0418e-05
2.0703e-05
2.0904e-05
2.102e-05
2.1052e-05
2.1e-05
2.0865e-05
2.0648e-05
2.0352e-05
1.9977e-05
1.9526e-05
1.9002e-05
1.8408e-05
1.7745e-05
1.7018e-05
1.6231e-05
1.5386e-05
1.4488e-05
1.3541e-05
1.2549e-05
1.1517e-05
1.0449e-05
9.349e-06
8.2229e-06
7.0749e-06
5.91e-06
4.7329e-06
3.5485e-06
2.3617e-06
1.1773e-06
1.0969e-18
-1.1655e-06
-2.3147e-06
-3.4431e-06
-4.5464e-06
-5.6202e-06
-6.6608e-06
-7.664e-06
-8.6264e-06
-9.5444e-06
-1.0415e-05
-1.1235e-05
-1.2001e-05
-1.2711e-05
-1.3364e-05
-1.3956e-05
-1.4486e-05
-1.4952e-05
-1.5354e-05
-1.569e-05
-1.596e-05
-1.6163e-05
-1.63e-05
-1.637e-05
-1.6374e-05
-1.6313e-05
-1.6187e-05
-1.5998e-05
-1.5747e-05
-1.5437e-05
-1.5068e-05
-1.4644e-05
-1.4166e-05
-1.3638e-05
-1.3061e-05
-1.2439e-05
-1.1774e-05
-1.1071e-05
-1.0332e-05
-9.5614e-06
-8.7617e-06
-7.9369e-06
-7.0908e-06
-6.227e-06
-5.3493e-06
-4.4614e-06
-3.5671e-06
-2.6702e-06
-1.7742e-06
-8.8299e-07
-1.7789e-19
8.7122e-07
1.7272e-06
2.5648e-06
3.3806e-06
4.1717e-06
4.9352e-06
5.6682e-06
6.3682e-06
7.0327e-06
7.6596e-06
8.2467e-06
8.7922e-06
9.2943e-06
9.7518e-06
1.0163e-05
1.0528e-05
1.0844e-05
1.1112e-05
1.1332e-05
1.1502e-05
1.1623e-05
1.1695e-05
1.1719e-05
1.1696e-05
1.1625e-05
1.1508e-05
1.1347e-05
1.1143e-05
1.0897e-05
1.061e-05
1.0286e-05
9.9248e-06
9.5298e-06
9.1029e-06
8.6464e-06
8.1626e-06
7.6542e-06
7.1236e-06
6.5734e-06
6.0064e-06
5.4252e-06
4.8326e-06
4.2312e-06
3.6237e-06
3.0129e-06
2.4014e-06
1.7918e-06
1.1867e-06
5.8866e-07
7.4583e-19
-5.7689e-07
-1.1397e-06
-1.6864e-06
-2.2149e-06
-2.7232e-06
-3.2096e-06
-3.6723e-06
-4.11e-06
-4.521e-06
-4.9043e-06
-5.2587e-06
-5.5833e-06
-5.8773e-06
-6.14e-06
-6.371e-06
-6.5699e-06
-6.7366e-06
-6.871e-06
-6.9733e-06
-7.0438e-06
-7.0828e-06
-7.0909e-06
-7.0688e-06
-7.0174e-06
-6.9375e-06
-6.8302e-06
-6.6968e-06
-6.5383e-06
-6.3563e-06
-6.1521e-06
-5.9273e-06
-5.6834e-06
-5.4221e-06
-5.1451e-06
-4.8541e-06
-4.5508e-06
-4.2371e-06
-3.9148e-06
-3.5855e-06
-3.2512e-06
-2.9136e-06
-2.5744e-06
-2.2353e-06
-1.8981e-06
-1.5644e-06
-1.2357e-06
-9.1348e-07
-5.9925e-07
-2.9433e-07
-1.5755e-19
2.8256e-07
5.5225e-07
8.0808e-07
1.0492e-06
1.2747e-06
1.484e-06
1.6765e-06
1.8517e-06
2.0094e-06
2.1491e-06
2.2708e-06
2.3745e-06
2.4603e-06
2.5282e-06
2.5787e-06
2.6121e-06
2.6289e-06
2.6297e-06
2.615e-06
2.5857e-06
2.5425e-06
2.4864e-06
2.4183e-06
2.3391e-06
2.25e-06
2.152e-06
2.0462e-06
1.9339e-06
1.8161e-06
1.6941e-06
1.569e-06
1.4421e-06
1.3145e-06
1.1873e-06
1.0618e-06
9.3906e-07
8.2009e-07
7.0594e-07
5.9758e-07
4.9594e-07
4.0187e-07
3.1615e-07
2.395e-07
1.7256e-07
1.1588e-07
6.9944e-08
3.5134e-08
1.175e-08
0
0
-0
-0
-0
-0
-0
-0
-0
-0
-0
-0
-0
-0
-0
-0
-0
-0
-0
-0
-0
-0
-0
-0
-0
-0
-0
-0
-0
-0
-0
-0
-0
-0
-0
-0
-0
-0
-0
-0
-0
-0
-0
-0
-0
-0
-0
-0
-0
-0
-0
-0
0
0
0
0
0
0
0
0
0
0
0
0
0
0
0
0
0
0
0
0
0
0
0
0
0
0
0
0
0
0
0
0
0
0
0
0
0
0
0
0
0
0
0
0
0
0
0
0
0
0
-0
-0
-0
-0
-0
-0
-0
-0
-0
-0
-0
-0
-0
-0
-0
-0
-0
-0
-0
-0
-0
-0
-0
-0
-0
-0
-0
-0
-0
-0
-0
-0
-0
-0
-0
-0
-0
-0
-0
-0
-0
-0
-0
-0
-0
-0
-0
-0
-0
-0
0
0
0
0
0
0
0
0
0
0
0
0
0
0
0
0
0
0
0
0
0
0
0
0
0
0
0
0
0
0
0
0
0
0
0
0
0
0
0
0
0
0
0
0
0
0
0
0
0
0
-0
-0
-0
-0
-0
-0
-0
-0
-0
-0
-0
-0
-0
-0
-0
-0
-0
-0
-0
-0
-0
-0
-0
-0
-0
-0
-0
-0
-0
-0
-0
-0
-0
-0
-0
-0
-0
-0
-0
-0
-0
-0
-0
-0
-0
-0
-0
-0
-0
-0
0
0
0
0
0
0
0
0
0
0
0
0
0
0
0
0
0
0
0
0
0
0
0
0
0
0
0
0
0
0
0
0
0
0
0
0
0
0
0
0
0
0
0
0
0
0
0
0
0
0
-0
-0
-0
-0
-0
-0
-0
-0
-0
-0
-0
-0
-0
-0
-0
-0
-0
-0
-0
-0
-0
-0
-0
-0
-0
-0
-0
-0
-0
-0
-0
-0
-0
-0
-0
-0
-0
-0
-0
-0
-0
-0
-0
-0
-0
-0
-0
-0
-0
-0
0
0
0
0
0
0
0
0
0
0
0
0
0
0
0
0
0
0
0
0
0
0
0
0
0
0
0
0
0
0
0
0
0
0
0
0
0
0
0
0
0
0
0
0
0
0
0
0
0
0
-0
-0
-0
-0
-0
-0
-0
-0
-0
-0
-0
-0
-0
-0
-0
-0
-0
-0
-0
-0
-0
-0
-0
-0
-0
-0
-0
-0
-0
-0
-0
-0
-0
-0
-0
-0
-0
-0
-0
-0
-0
-0
-0
-0
-0
-0
-0
-0
-0
-0
0
0
0
0
0
0
0
0
0
0
0
0
0
0
0
0
0
0
0
0
0
0
0
0
0
0
0
0
0
0
0
0
0
0
0
0
0
0
0
0
0
0
0
0
0
0
0
0
0
0
-0
-0
-0
-0
-0
-0
-0
-0
-0
-0
-0
-0
-0
-0
-0
-0
-0
-0
-0
-0
-0
-0
-0
-0
-0
-0
-0
-0
-0
-0
-0
-0
-0
-0
-0
-0
-0
-0
-0
-0
-0
-0
-0
-0
-0
-0
-0
-0
-0
-0
0
0
0
0
0
0
0
0
0
0
0
0
0
0
0
0
0
0
0
0
0
0
0
0
0
0
0
0
0
0
0
0
0
0
0
0
0
0
0
0
0
0
0
0
0
0
0
0
0
0
-0
-0
-0
-0
-0
-0
-0
-0
-0
-0
-0
-0
-0
-0
-0
-0
-0
-0
-0
-0
-0
-0
-0
-0
-0
-0
-0
-0
-0
-0
-0
-0
-0
-0
-0
-0
-0
-0
-0
-0
-0
-0
-0
-0
-0
-0
-0
-0
-0
-0
0
0
0
0
0
0
0
0
0
0
0
0
0
0
0
0
0
0
0
0
0
0
0
0
0
0
0
0
0
0
0
0
0
0
0
0
0
0
0
0
0
0
0
0
0
0
0
0
0
0
-0
-0
-0
-0
-0
-0
-0
-0
-0
-0
-0
-0
-0
-0
-0
-0
-0
-0
-0
-0
-0
-0
-0
-0
-0
-0
-0
-0
-0
-0
-0
-0
-0
-0
-0
-0
-0
-0
-0
-0
-0
-0
-0
-0
-0
-0
-0
-0
-0
-0
0
0
0
0
0
0
0
0
0
0
0
0
0
0
0
0
0
0
0
0
0
0
0
0
0
0
0
0
0
0
0
0
0
0
0
0
0
0
0
0
0
0
0
0
0
0
0
0
0
0
-0
-0
-0
-0
-0
-0
-0
-0
-0
-0
-0
-0
-0
-0
-0
-0
-0
-0
-0
-0
-0
-0
-0
-0
-0
-0
-0
-0
-0
-0
-0
-0
-0
-0
-0
-0
-0
-0
-0
-0
-0
-0
-0
-0
-0
-0
-0
-0
-0
-0
0
0
0
0
0
0
0
0
0
0
0
0
0
0
0
0
0
0
0
0
0
0
0
0
0
0
0
0
0
0
0
0
0
0
0
0
0
0
0
0
0
0
0
0
0
0
0
0
0
0
-0
-0
-0
-0
-0
-0
-0
-0
-0
-0
-0
-0
-0
-0
-0
-0
-0
-0
-0
-0
-0
-0
-0
-0
-0
-0
-0
-0
-0
-0
-0
-0
-0
-0
-0
-0
-0
-0
-0
-0
-0
-0
-0
-0
-0
-0
-0
-0
-0
-0
0
0
0
0
0
0
0
0
0
0
0
0
0
0
0
0
0
0
0
0
0
0
0
0
0
0
0
0
0
0
0
0
0
0
0
0
0
0
0
0
0
0
0
0
0
0
0
0
0
0
-0
-0
-0
-0
-0
-0
-0
-0
-0
-0
-0
-0
-0
-0
-0
-0
-0
-0
-0
-0
-0
-0
-0
-0
-0
-0
-0
-0
-0
-0
-0
-0
-0
-0
-0
-0
-0
-0
-0
-0
-0
-0
-0
-0
-0
-0
-0
-0
-0
-0
0
0
0
0
0
0
0
0
0
0
0
0
0
0
0
0
0
0
0
0
0
0
0
0
0
0
0
0
0
0
0
0
0
0
0
0
0
0
0
0
0
0
0
0
0
0
0
0
0
-0
-0
-0
-0
-0
-0
-0
-0
-0
-0
-0
-0
-0
-0
-0
-0
-0
-0
-0
-0
-0
-0
-0
-0
-0
-0
-0
-0
-0
-0
-0
-0
-0
-0
-0
-0
-0
-0
-0
-0
-0
-0
-0
-0
-0
-0
-0
-0
-0
-0
-0
0
0
0
0
0
0
0
0
0
0
0
0
0
0
0
0
0
0
0
0
0
0
0
0
0
0
0
0
0
0
0
0
0
0
0
0
0
0
0
0
0
0
0
0
0
0
0
0
0
0
-0
-0
-0
-0
-0
-0
-0
-0
-0
-0
-0
-0
-0
-0
-0
-0
-0
-0
-0
-0
-0
-0
-0
-0
-0
-0
-0
-0
-0
-0
-0
-0
-0
-0
-0
-0
-0
-0
-0
-0
-0
-0
-0
-0
-0
-0
-0
-0
-0
0
0
0
0
0
0
0
0
0
0
0
0
0
0
0
0
0
0
0
0
0
0
0
0
0
0
0
0
0
0
0
0
0
0
0
0
0
0
0
0
0
0
0
0
0
0
0
0
0
0
0
-0
-0
-0
-0
-0
-0
-0
-0
-0
-0
-0
-0
-0
-0
-0
-0
-0
-0
-0
-0
-0
-0
-0
-0
-0
-0
-0
-0
-0
-0
-0
-0
-0
-0
-0
-0
-0
-0
-0
-0
-0
-0
-0
-0
-0
-0
-0
-0
-0
-0
0
0
0
0
0
0
0
0
0
0
0
0
0
0
0
0
0
0
0
0
0
0
0
0
0
0
0
0
0
0
0
0
0
0
0
0
0
0
0
0
0
0
0
0
0
0
0
0
0
0
-0
-0
-0
-0
-0
-0
-0
-0
-0
-0
-0
-0
-0
-0
-0
-0
-0
-0
-0
-0
-0
-0
-0
-0
-0
-0
-0
-0
-0
-0
-0
-0
-0
-0
-0
-0
-0
-0
-0
-0
-0
-0
-0
-0
-0
-0
-0
-0
-0
-0
0
0
0
0
0
0
0
0
0
0
0
0
0
0
0
0
0
0
0
0
0
0
0
0
0
0
0
0
0
0
0
0
0
0
0
0
0
0
0
0
0
0
0
0
0
0
0
0
0
-0
-0
-0
-0
-0
-0
-0
-0
-0
-0
-0
-0
-0
-0
-0
-0
-0
-0
-0
-0
-0
-0
-0
-0
-0
-0
-0
-0
-0
-0
-0
-0
-0
-0
-0
-0
-0
-0
-0
-0
-0
-0
-0
-0
-0
-0
-0
-0
-0
-0
-0
0
0
0
0
0
0
0
0
0
0
0
0
0
0
0
0
0
0
0
0
0
0
0
0
0
0
0
0
0
0
0
0
0
0
0
0
0
0
0
0
0
0
0
0
0
0
0
0
0
-0
-0
-0
-0
-0
-0
-0
-0
-0
-0
-0
-0
-0
-0
-0
-0
-0
-0
-0
-0
-0
-0
-0
-0
-0
-0
-0
-0
-0
-0
-0
-0
-0
-0
-0
-0
-0
-0
-0
-0
-0
-0
-0
-0
-0
-0
-0
-0
-0
-0
-0
0
0
0
0
0
0
0
0
0
0
0
0
0
0
0
0
0
0
0
0
0
0
0
0
0
0
0
0
0
0
0
0
0
0
0
0
0
0
0
0
0
0
0
0
0
0
0
0
0
0
-0
-0
-0
-0
-0
-0
-0
-0
-0
-0
-0
-0
-0
-0
-0
-0
-0
-0
-0
-0
-0
-0
-0
-0
-0
-0
-0
-0
-0
-0
-0
-0
-0
-0
-0
-0
-0
-0
-0
-0
-0
-0
-0
-0
-0
-0
-0
-0
-0
-0
0
0
0
0
0
0
0
0
0
0
0
0
0
0
0
0
0
0
0
0
0
0
0
0
0
0
0
0
0
0
0
0
0
0
0
0
0
0
0
0
0
0
0
0
0
0
0
0
0
0
-0
-0
-0
-0
-0
-0
-0
-0
-0
-0
-0
-0
-0
-0
-0
-0
-0
-0
-0
-0
-0
-0
-0
-0
-0
-0
-0
-0
-0
-0
-0
-0
-0
-0
-0
-0
-0
-0
-0
-0
-0
-0
-0
-0
-0
-0
-0
-0
-0
-0
0
0
0
0
0
0
0
0
0
0
0
0
0
0
0
0
0
0
0
0
0
0
0
0
0
0
0
0
0
0
0
0
0
0
0
0
0
0
0
0
0
0
0
0
0
0
0
0
0
0
-0
-0
-0
-0
-0
-0
-0
-0
-0
-0
-0
-0
-0
-0
-0
-0
-0
-0
-0
-0
-0
-0
-0
-0
-0
-0
-0
-0
-0
-0
-0
-0
-0
-0
-0
-0
-0
-0
-0
-0
-0
-0
-0
-0
-0
-0
-0
-0
-0
-0
0
0
0
0
0
0
0
0
0
0
0
0
0
0
0
0
0
0
0
0
0
0
0
0
0
0
0
0
0
0
0
0
0
0
0
0
0
0
0
0
0
0
0
0
0
0
0
0
0
-0
-0
-0
-0
-0
-0
-0
-0
-0
-0
-0
-0
-0
-0
-0
-0
-0
-0
-0
-0
-0
-0
-0
-0
-0
-0
-0
-0
-0
-0
-0
-0
-0
-0
-0
-0
-0
-0
-0
-0
-0
-0
-0
-0
-0
-0
-0
-0
-0
-0
-0
0
0
0
0
0
0
0
0
0
0
0
0
0
0
0
0
0
0
0
0
0
0
0
0
0
0
0
0
0
0
0
0
0
0
0
0
0
0
0
0
0
0
0
0
0
0
0
0
0
-0
-0
-0
-0
-0
-0
-0
-0
-0
-0
-0
-0
-0
-0
-0
-0
-0
-0
-0
-0
-0
-0
-0
-0
-0
-0
-0
-0
-0
-0
-0
-0
-0
-0
-0
-0
-0
-0
-0
-0
-0
-0
-0
-0
-0
-0
-0
-0
-0
-0
-0
0
0
0
0
0
0
0
0
0
0
0
0
0
0
0
0
0
0
0
0
0
0
0
0
0
0
0
0
0
0
0
0
0
0
0
0
0
0
0
0
0
0
0
0
0
0
0
0
0
0
-0
-0
-0
-0
-0
-0
-0
-0
-0
-0
-0
-0
-0
-0
-0
-0
-0
-0
-0
-0
-0
-0
-0
-0
-0
-0
-0
-0
-0
-0
-0
-0
-0
-0
-0
-0
-0
-0
-0
-0
-0
-0
-0
-0
-0
-0
-0
-0
-0
-0
0
0
0
0
0
0
0
0
0
0
0
0
0
0
0
0
0
0
0
0
0
0
0
0
0
0
0
0
0
0
0
0
0
0
0
0
0
0
0
0
0
0
0
0
0
0
0
0
0
0
-0
-0
-0
-0
-0
-0
-0
-0
-0
-0
-0
-0
-0
-0
-0
-0
-0
-0
-0
-0
-0
-0
-0
-0
-0
-0
-0
-0
-0
-0
-0
-0
-0
-0
-0
-0
-0
-0
-0
-0
-0
-0
-0
-0
-0
-0
-0
-0
-0
-0
0
0
0
0
0
0
0
0
0
0
0
0
0
0
0
0
0
0
0
0
0
0
0
0
0
0
0
0
0
0
0
0
0
0
0
0
0
0
0
0
0
0
0
0
0
0
0
0
0
0
-0
-0
-0
-0
-0
-0
-0
-0
-0
-0
-0
-0
-0
-0
-0
-0
-0
-0
-0
-0
-0
-0
-0
-0
-0
-0
-0
-0
-0
-0
-0
-0
-0
-0
-0
-0
-0
-0
-0
-0
-0
-0
-0
-0
-0
-0
-0
-0
-0
-0
0
0
0
0
0
0
0
0
0
0
0
0
0
0
0
0
0
0
0
0
0
0
0
0
0
0
0
0
0
0
0
0
0
0
0
0
0
0
0
0
0
0
0
0
0
0
0
0
0
-0
-0
-0
-0
-0
-0
-0
-0
-0
-0
-0
-0
-0
-0
-0
-0
-0
-0
-0
-0
-0
-0
-0
-0
-0
-0
-0
-0
-0
-0
-0
-0
-0
-0
-0
-0
-0
-0
-0
-0
-0
-0
-0
-0
-0
-0
-0
-0
-0
-0
-0
0
0
0
0
0
0
0
0
0
0
0
0
0
0
0
0
0
0
0
0
0
0
0
0
0
0
0
0
0
0
0
0
0
0
0
0
0
0
0
0
0
0
0
0
0
0
0
0
0
-0
-0
-0
-0
-0
-0
-0
-0
-0
-0
-0
-0
-0
-0
-0
-0
-0
-0
-0
-0
-0
-0
-0
-0
-0
-0
-0
-0
-0
-0
-0
-0
-0
-0
-0
-0
-0
-0
-0
-0
-0
-0
-0
-0
-0
-0
-0
-0
-0
-0
-0
0
0
0
0
0
0
0
0
0
0
0
0
0
0
0
0
0
0
0
0
0
0
0
0
0
0
0
0
0
0
0
0
0
0
0
0
0
0
0
0
0
0
0
0
0
0
0
0
0
0
-0
-0
-0
-0
-0
-0
-0
-0
-0
-0
-0
-0
-0
-0
-0
-0
-0
-0
-0
-0
-0
-0
-0
-0
-0
-0
-0
-0
-0
-0
-0
-0
-0
-0
-0
-0
-0
-0
-0
-0
-0
-0
-0
-0
-0
-0
-0
-0
-0
-0
0
0
0
0
0
0
0
0
0
0
0
0
0
0
0
0
0
0
0
0
0
0
0
0
0
0
0
0
0
0
0
0
0
0
0
0
0
0
0
0
0
0
0
0
0
0
0
0
0
0
-0
-0
-0
-0
-0
-0
-0
-0
-0
-0
-0
-0
-0
-0
-0
-0
-0
-0
-0
-0
-0
-0
-0
-0
-0
-0
-0
-0
-0
-0
-0
-0
-0
-0
-0
-0
-0
-0
-0
-0
-0
-0
-0
-0
-0
-0
-0
-0
-0
-0
0
0
0
0
0
0
0
0
0
0
0
0
0
0
0
0
0
0
0
0
0
0
0
0
0
0
0
0
0
0
0
0
0
0
0
0
0
0
0
0
0
0
0
0
0
0
0
0
0
0
-0
-0
-0
-0
-0
-0
-0
-0
-0
-0
-0
-0
-0
-0
-0
-0
-0
-0
-0
-0
-0
-0
-0
-0
-0
-0
-0
-0
-0
-0
-0
-0
-0
-0
-0
-0
-0
-0
-0
-0
-0
-0
-0
-0
-0
-0
-0
-0
-0
-0
0
0
0
0
0
0
0
0
0
0
0
0
0
0
0
0
0
0
0
0
0
0
0
0
0
0
0
0
0
0
0
0
0
0
0
0
0
0
0
0
0
0
0
0
0
0
0
0
0
-0
-0
-0
-0
-0
-0
-0
-0
-0
-0
-0
-0
-0
-0
-0
-0
-0
-0
-0
-0
-0
-0
-0
-0
-0
-0
-0
-0
-0
-0
-0
-0
-0
-0
-0
-0
-0
-0
-0
-0
-0
-0
-0
-0
-0
-0
-0
-0
-0
-0
-0
0
0
0
0
0
0
0
0
0
0
0
0
0
0
0
0
0
0
0
0
0
0
0
0
0
0
0
0
0
0
0
0
0
0
0
0
0
0
0
0
0
0
0
0
0
0
0
0
0
-0
-0
-0
-0
-0
-0
-0
-0
-0
-0
-0
-0
-0
-0
-0
-0
-0
-0
-0
-0
-0
-0
-0
-0
-0
-0
-0
-0
-0
-0
-0
-0
-0
-0
-0
-0
-0
-0
-0
-0
-0
-0
-0
-0
-0
-0
-0
-0
-0
-0
-0
0
0
0
0
0
0
0
0
0
0
0
0
0
0
0
0
0
0
0
0
0
0
0
0
0
0
0
0
0
0
0
0
0
0
0
0
0
0
0
0
0
0
0
0
0
0
0
0
0
-0
