-0
-0
-0
-0
-0
-0
-0
-0
-0
-0
-0
-0
-0
-0
-0
-0
-0
-0
-0
-0
-0
-0
-0
-0
-0
-0
-0
-0
-0
-0
-0
-0
-0
-0
-0
-0
-0
-0
-0
-0
-0
-0
-0
-0
-0
-0
-0
-0
-0
-0
-0
0
0
0
0
0
0
0
0
0
0
0
0
0
0
0
0
0
0
0
0
0
0
0
0
0
0
0
0
0
0
0
0
0
0
0
0
0
0
0
0
0
0
0
0
0
0
0
0
0
0
-0
-0
-0
-0
-0
-0
-0
-0
-0
-0
-0
-0
-0
-0
-0
-0
-0
-0
-0
-0
-0
-0
-0
-0
-0
-0
-0
-0
-0
-0
-0
-0
-0
-0
-0
-0
-0
-0
-0
-0
-0
-0
-0
-0
-0
-0
-0
-0
-0
-0
0
0
0
0
0
0
0
0
0
0
0
0
0
0
0
0
0
0
0
0
0
0
0
0
0
0
0
0
0
0
0
0
0
0
0
0
0
0
0
0
0
0
0
0
0
0
0
0
0
0
-0
-0
-0
-0
-0
-0
-0
-0
-0
-0
-0
-0
-0
-0
-0
-0
-0
-0
-0
-0
-0
-0
-0
-0
-0
-0
-0
-0
-0
-0
-0
-0
-0
-0
-0
-0
-0
-0
-0
-0
-0
-0
-0
-0
-0
-0
-0
-0
-0
-0
0
0
0
0
0
0
0
0
0
0
0
0
0
0
0
0
0
0
0
0
0
0
0
0
0
0
0
0
0
0
0
0
0
0
0
0
0
0
0
0
0
0
0
0
0
0
0
0
0
0
-0
-0
-0
-0
-0
-0
-0
-0
-0
-0
-0
-0
-0
-0
-0
-0
-0
-0
-0
-0
-0
-0
-0
-0
-0
-0
-0
-0
-0
-0
-0
-0
-0
-0
-0
-0
-0
-0
-0
-0
-0
-0
-0
-0
-0
-0
-0
-0
-0
0
0
0
0
0
0
0
0
0
0
0
0
0
0
0
0
0
0
0
0
0
0
0
0
0
0
0
0
0
0
0
0
0
0
0
0
0
0
0
0
0
0
0
0
0
0
0
0
0
0
0
-0
-0
-0
-0
-0
-0
-0
-0
-0
-0
-0
-0
-0
-0
-0
-0
-0
-0
-0
-0
-0
-0
-0
-0
-0
-0
-0
-0
-0
-0
-0
-0
-0
-0
-0
-0
-0
-0
-0
-0
-0
-0
-0
-0
-0
-0
-0
-0
-0
-0
0
0
0
0
0
0
0
0
0
0
0
0
0
0
0
0
0
0
0
0
0
0
0
0
0
0
0
0
0
0
0
0
0
0
0
0
0
0
0
0
0
0
0
0
0
0
0
0
0
0
-0
-0
-0
-0
-0
-0
-0
-0
-0
-0
-0
-0
-0
-0
-0
-0
-0
-0
-0
-0
-0
-0
-0
-0
-0
-0
-0
-0
-0
-0
-0
-0
-0
-0
-0
-0
-0
-0
-0
-0
-0
-0
-0
-0
-0
-0
-0
-0
-0
0
0
0
0
0
0
0
0
0
0
0
0
0
0
0
0
0
0
0
0
0
0
0
0
0
0
0
0
0
0
0
0
0
0
0
0
0
0
0
0
0
0
0
0
0
0
0
0
0
0
0
-0
-0
-0
-0
-0
-0
-0
-0
-0
-0
-0
-0
-0
-0
-0
-0
-0
-0
-0
-0
-0
-0
-0
-0
-0
-0
-0
-0
-0
-0
-0
-0
-0
-0
-0
-0
-0
-0
-0
-0
-0
-0
-0
-0
-0
-0
-0
-0
-0
0
0
0
0
0
0
0
0
0
0
0
0
0
0
0
0
0
0
0
0
0
0
0
0
0
0
0
0
0
0
0
0
0
0
0
0
0
0
0
0
0
0
0
0
0
0
0
0
0
0
-0
-0
-0
-0
-0
-0
-0
-0
-0
-0
-0
-0
-0
-0
-0
-0
-0
-0
-0
-0
-0
-0
-0
-0
-0
-0
-0
-0
-0
-0
-0
-0
-0
-0
-0
-0
-0
-0
-0
-0
-0
-0
-0
-0
-0
-0
-0
-0
-0
-0
-0
0
0
0
0
0
0
0
0
0
0
0
0
0
0
0
0
0
0
0
0
0
0
0
0
0
0
0
0
0
0
0
0
0
0
0
0
0
0
0
0
0
0
0
0
0
0
0
0
0
0
-0
-0
-0
-0
-0
-0
-0
-0
-0
-0
-0
-0
-0
-0
-0
-0
-0
-0
-0
-0
-0
-0
-0
-0
-0
-0
-0
-0
-0
-0
-0
-0
-0
-0
-0
-0
-0
-0
-0
-0
-0
-0
-0
-0
-0
-0
-0
-0
-0
-0
0
0
0
0
0
0
0
0
0
0
0
0
0
0
0
0
0
0
0
0
0
0
0
0
0
0
0
0
0
0
0
0
0
0
0
0
0
0
0
0
0
0
0
0
0
0
0
0
0
0
-0
-0
-0
-0
-0
-0
-0
-0
-0
-0
-0
-0
-0
-0
-0
-0
-0
-0
-0
-0
-0
-0
-0
-0
-0
-0
-0
-0
-0
-0
-0
-0
-0
-0
-0
-0
-0
-0
-0
-0
-0
-0
-0
-0
-0
-0
-0
-0
-0
0
0
0
0
0
0
0
0
0
0
0
0
0
0
0
0
0
0
0
0
0
0
0
0
0
0
0
0
0
0
0
0
0
0
0
0
0
0
0
0
0
0
0
0
0
0
0
0
0
0
0
-0
-0
-0
-0
-0
-0
-0
-0
-0
-0
-0
-0
-0
-0
-0
-0
-0
-0
-0
-0
-0
-0
-0
-0
-0
-0
-0
-0
-0
-0
-0
-0
-0
-0
-0
-0
-0
-0
-0
-0
-0
-0
-0
-0
-0
-0
-0
-0
-0
0
0
0
0
0
0
0
0
0
0
0
0
0
0
0
0
0
0
0
0
0
0
0
0
0
0
0
0
0
0
0
0
0
0
0
0
0
0
0
0
0
0
0
0
0
0
0
0
0
0
-0
-0
-0
-0
-0
-0
-0
-0
-0
-0
-0
-0
-0
-0
-0
-0
-0
-0
-0
-0
-0
-0
-0
-0
-0
-0
-0
-0
-0
-0
-0
-0
-0
-0
-0
-0
-0
-0
-0
-0
-0
-0
-0
-0
-0
-0
-0
-0
-0
-0
0
0
0
0
0
0
0
0
0
0
0
0
0
0
0
0
0
0
0
0
0
0
0
0
0
0
0
0
0
0
0
0
0
0
0
0
0
0
0
0
0
0
0
0
0
0
0
0
0
0
0
-0
-0
-0
-0
-0
-0
-0
-0
-0
-0
-0
-0
-0
-0
-0
-0
-0
-0
-0
-0
-0
-0
-0
-0
-0
-0
-0
-0
-0
-0
-0
-0
-0
-0
-0
-0
-0
-0
-0
-0
-0
-0
-0
-0
-0
-0
-0
-0
-0
0
0
0
0
0
0
0
0
0
0
0
0
0
0
0
0
0
0
0
0
0
0
0
0
0
0
0
0
0
0
0
0
0
0
0
0
0
0
0
0
0
0
0
0
0
0
0
0
0
0
-0
-0
-0
-0
-0
-0
-0
-0
-0
-0
-0
-0
-0
-0
-0
-0
-0
-0
-0
-0
-0
-0
-0
-0
-0
-0
-0
-0
-0
-0
-0
-0
-0
-0
-0
-0
-0
-0
-0
-0
-0
-0
-0
-0
-0
-0
-0
-0
-0
-0
0
0
0
0
0
0
0
0
0
0
0
0
0
0
0
0
0
0
0
0
0
0
0
0
0
0
0
0
0
0
0
0
0
0
0
0
0
0
0
0
0
0
0
0
0
0
0
0
0
0
-0
-0
-0
-0
-0
-0
-0
-0
-0
-0
-0
-0
-0
-0
-0
-0
-0
-0
-0
-0
-0
-0
-0
-0
-0
-0
-0
-0
-0
-0
-0
-0
-0
-0
-0
-0
-0
-0
-0
-0
-0
-0
-0
-0
-0
-0
-0
-0
-0
-0
0
0
0
0
0
0
0
0
0
0
0
0
0
0
0
0
0
0
0
0
0
0
0
0
0
0
0
0
0
0
0
0
0
0
0
0
0
0
0
0
0
0
0
0
0
0
0
0
0
0
0
-0
-0
-0
-0
-0
-0
-0
-0
-0
-0
-0
-0
-0
-0
-0
-0
-0
-0
-0
-0
-0
-0
-0
-0
-0
-0
-0
-0
-0
-0
-0
-0
-0
-0
-0
-0
-0
-0
-0
-0
-0
-0
-0
-0
-0
-0
-0
-0
-0
-0
0
0
0
0
0
0
0
0
0
0
0
0
0
0
0
0
0
0
0
0
0
0
0
0
0
0
0
0
0
0
0
0
0
0
0
0
0
0
0
0
0
0
0
0
0
0
0
0
0
0
-0
-0
-0
-0
-0
-0
-0
-0
-0
-0
-0
-0
-0
-0
-0
-0
-0
-0
-0
-0
-0
-0
-0
-0
-0
-0
-0
-0
-0
-0
-0
-0
-0
-0
-0
-0
-0
-0
-0
-0
-0
-0
-0
-0
-0
-0
-0
-0
-0
-0
0
0
0
0
0
0
0
0
0
0
0
0
0
0
0
0
0
0
0
0
0
0
0
0
0
0
0
0
0
0
0
0
0
0
0
0
0
0
0
0
0
0
0
0
0
0
0
0
0
0
-0
-0
-0
-0
-0
-0
-0
-0
-0
-0
-0
-0
-0
-0
-0
-0
-0
-0
-0
-0
-0
-0
-0
-0
-0
-0
-0
-0
-0
-0
-0
-0
-0
-0
-0
-0
-0
-0
-0
-0
-0
-0
-0
-0
-0
-0
-0
-0
-0
-0
0
0
0
0
0
0
0
0
0
0
0
0
0
0
0
0
0
0
0
0
0
0
0
0
0
0
0
0
0
0
0
0
0
0
0
0
0
0
0
0
0
0
0
0
0
0
0
0
0
0
-0
-0
-0
-0
-0
-0
-0
-0
-0
-0
-0
-0
-0
-0
-0
-0
-0
-0
-0
-0
-0
-0
-0
-0
-0
-0
-0
-0
-0
-0
-0
-0
-0
-0
-0
-0
-0
-0
-0
-0
-0
-0
-0
-0
-0
-0
-0
-0
-0
-0
0
0
0
0
0
0
0
0
0
0
0
0
0
0
0
0
0
0
0
0
0
0
0
0
0
0
0
0
0
0
0
0
0
0
0
0
0
0
0
0
0
0
0
0
0
0
0
0
0
-0
-0
-0
-0
-0
-0
-0
-0
-0
-0
-0
-0
-0
-0
-0
-0
-0
-0
-0
-0
-0
-0
-0
-0
-0
-0
-0
-0
-0
-0
-0
-0
-0
-0
-0
-0
-0
-0
-0
-0
-0
-0
-0
-0
-0
-0
-0
-0
-0
-0
-0
0
0
0
0
0
0
0
0
0
0
0
0
0
0
0
0
0
0
0
0
0
0
0
0
0
0
0
0
0
0
0
0
0
0
0
0
0
0
0
0
0
0
0
0
0
0
0
0
0
0
-5.2744e-08
-2.1056e-07
-4.722e-07
-8.356e-07
-1.2979e-06
-1.8553e-06
-2.5036e-06
-3.2374e-06
-4.0509e-06
-4.9374e-06
-5.8898e-06
-6.9002e-06
-7.9603e-06
-9.0612e-06
-1.0194e-05
-1.1348e-05
-1.2514e-05
-1.3681e-05
-1.4839e-05
-1.5978e-05
-1.7086e-05
-1.8153e-05
-1.9168e-05
-2.012e-05
-2.1e-05
-2.1797e-05
-2.2501e-05
-2.3103e-05
-2.3595e-05
-2.3967e-05
-2.4211e-05
-2.4322e-05
-2.4291e-05
-2.4114e-05
-2.3785e-05
-2.33e-05
-2.2656e-05
-2.1851e-05
-2.0882e-05
-1.975e-05
-1.8454e-05
-1.6996e-05
-1.5379e-05
-1.3606e-05
-1.1681e-05
-9.6094e-06
-7.3978e-06
-5.0534e-06
-2.5845e-06
-6.5853e-19
2.6899e-06
5.4746e-06
8.3422e-06
1.1281e-05
1.4277e-05
1.7317e-05
2.0386e-05
2.3471e-05
2.6556e-05
2.9624e-05
3.2662e-05
3.5651e-05
3.8577e-05
4.1423e-05
4.4172e-05
4.681e-05
4.9319e-05
5.1684e-05
5.389e-05
5.5922e-05
5.7766e-05
5.9409e-05
6.0836e-05
6.2037e-05
6.3e-05
6.3714e-05
6.417e-05
6.4359e-05
6.4275e-05
6.3911e-05
6.3262e-05
6.2324e-05
6.1096e-05
5.9576e-05
5.7764e-05
5.5662e-05
5.3273e-05
5.0602e-05
4.7654e-05
4.4437e-05
4.0959e-05
3.723e-05
3.3262e-05
2.9067e-05
2.466e-05
2.0054e-05
1.5268e-05
1.0317e-05
5.2217e-06
-1.648e-19
-5.3271e-06
-1.0739e-05
-1.6212e-05
-2.1726e-05
-2.7255e-05
-3.2778e-05
-3.8269e-05
-4.3705e-05
-4.906e-05
-5.4311e-05
-5.9433e-05
-6.4402e-05
-6.9194e-05
-7.3784e-05
-7.8151e-05
-8.2271e-05
-8.6123e-05
-8.9686e-05
-9.294e-05
-9.5866e-05
-9.8447e-05
-0.00010066
-0.00010251
-0.00010395
-0.000105
-0.00010563
-0.00010584
-0.00010562
-0.00010496
-0.00010386
-0.00010231
-0.00010033
-9.7901e-05
-9.5038e-05
-9.1743e-05
-8.8023e-05
-8.389e-05
-7.9353e-05
-7.4426e-05
-6.9124e-05
-6.3463e-05
-5.7464e-05
-5.1145e-05
-4.4528e-05
-3.7638e-05
-3.0499e-05
-2.3138e-05
-1.5581e-05
-7.8589e-06
-1.1112e-18
7.9643e-06
1.6003e-05
2.4082e-05
3.2171e-05
4.0234e-05
4.8239e-05
5.6152e-05
6.3938e-05
7.1565e-05
7.8998e-05
8.6205e-05
9.3153e-05
9.981e-05
0.00010615
0.00011213
0.00011773
0.00012293
0.00012769
0.00013199
0.00013581
0.00013913
0.00014192
0.00014417
0.00014587
0.000147
0.00014755
0.00014751
0.00014687
0.00014564
0.0001438
0.00014136
0.00013833
0.00013471
0.0001305
0.00012572
0.00012038
0.00011451
0.0001081
0.0001012
9.3811e-05
8.5968e-05
7.7697e-05
6.9027e-05
5.999e-05
5.0617e-05
4.0944e-05
3.1008e-05
2.0845e-05
1.0496e-05
-1.4822e-18
-1.0602e-05
-2.1267e-05
-3.1952e-05
-4.2615e-05
-5.3213e-05
-6.37e-05
-7.4035e-05
-8.4172e-05
-9.407e-05
-0.00010369
-0.00011298
-0.0001219
-0.00013043
-0.00013851
-0.00014611
-0.00015319
-0.00015973
-0.00016569
-0.00017104
-0.00017576
-0.00017981
-0.00018318
-0.00018584
-0.00018779
-0.000189
-0.00018947
-0.00018918
-0.00018813
-0.00018632
-0.00018374
-0.00018041
-0.00017633
-0.00017151
-0.00016596
-0.0001597
-0.00015275
-0.00014512
-0.00013685
-0.00012797
-0.0001185
-0.00010847
-9.7931e-05
-8.691e-05
-7.5451e-05
-6.3596e-05
-5.1389e-05
-3.8878e-05
-2.6109e-05
-1.3133e-05
-4.1122e-19
1.3239e-05
2.6531e-05
3.9822e-05
5.306e-05
6.6191e-05
7.9162e-05
9.1917e-05
0.00010441
0.00011657
0.00012837
0.00013975
0.00015066
0.00016104
0.00017087
0.00018009
0.00018866
0.00019654
0.00020369
0.00021009
0.0002157
0.00022049
0.00022443
0.00022751
0.00022971
0.000231
0.00023138
0.00023085
0.00022938
0.000227
0.00022369
0.00021946
0.00021434
0.00020832
0.00020142
0.00019368
0.00018511
0.00017574
0.00016561
0.00015474
0.00014318
0.00013098
0.00011816
0.00010479
9.0912e-05
7.6574e-05
6.1834e-05
4.6748e-05
3.1373e-05
1.577e-05
-3.9521e-18
-1.5876e-05
-3.1795e-05
-4.7692e-05
-6.3505e-05
-7.917e-05
-9.4623e-05
-0.0001098
-0.00012464
-0.00013908
-0.00015306
-0.00016652
-0.00017941
-0.00019166
-0.00020323
-0.00021407
-0.00022412
-0.00023334
-0.0002417
-0.00024914
-0.00025564
-0.00026117
-0.00026569
-0.00026918
-0.00027162
-0.000273
-0.0002733
-0.00027251
-0.00027064
-0.00026768
-0.00026363
-0.00025852
-0.00025234
-0.00024512
-0.00023688
-0.00022766
-0.00021747
-0.00020636
-0.00019436
-0.00018151
-0.00016787
-0.00015348
-0.0001384
-0.00012268
-0.00010637
-8.9553e-05
-7.2279e-05
-5.4618e-05
-3.6637e-05
-1.8408e-05
1.4413e-18
1.8513e-05
3.7059e-05
5.5562e-05
7.395e-05
9.2149e-05
0.00011008
0.00012768
0.00014487
0.00016158
0.00017775
0.00019329
0.00020816
0.00022228
0.00023559
0.00024804
0.00025958
0.00027015
0.0002797
0.00028819
0.00029559
0.00030185
0.00030695
0.00031085
0.00031354
0.000315
0.00031522
0.00031418
0.0003119
0.00030836
0.00030358
0.00029757
0.00029034
0.00028193
0.00027235
0.00026164
0.00024983
0.00023697
0.00022311
0.00020828
0.00019256
0.00017599
0.00015863
0.00014056
0.00012183
0.00010253
8.2724e-05
6.2488e-05
4.1901e-05
2.1045e-05
1.9751e-18
-2.115e-05
-4.2323e-05
-6.3432e-05
-8.4395e-05
-0.00010513
-0.00012555
-0.00014557
-0.00016511
-0.00018409
-0.00020243
-0.00022006
-0.00023691
-0.00025289
-0.00026795
-0.00028202
-0.00029504
-0.00030695
-0.0003177
-0.00032724
-0.00033553
-0.00034253
-0.0003482
-0.00035252
-0.00035546
-0.000357
-0.00035713
-0.00035585
-0.00035315
-0.00034904
-0.00034352
-0.00033662
-0.00032834
-0.00031873
-0.00030781
-0.00029561
-0.00028219
-0.00026759
-0.00025186
-0.00023506
-0.00021725
-0.00019849
-0.00017887
-0.00015844
-0.0001373
-0.00011551
-9.3169e-05
-7.0358e-05
-4.7165e-05
-2.3682e-05
4.4463e-18
2.3788e-05
4.7587e-05
7.1302e-05
9.484e-05
0.00011811
0.00014101
0.00016345
0.00018534
0.00020659
0.00022712
0.00024684
0.00026566
0.00028351
0.00030032
0.000316
0.0003305
0.00034376
0.00035571
0.00036629
0.00037548
0.00038321
0.00038946
0.00039419
0.00039737
0.000399
0.00039905
0.00039752
0.00039441
0.00038972
0.00038347
0.00037567
0.00036635
0.00035554
0.00034327
0.00032959
0.00031455
0.00029821
0.00028061
0.00026183
0.00024193
0.000221
0.0001991
0.00017632
0.00015276
0.00012849
0.00010361
7.8228e-05
5.2429e-05
2.6319e-05
-4.1252e-19
-2.6425e-05
-5.2851e-05
-7.9172e-05
-0.00010529
-0.00013109
-0.00015647
-0.00018133
-0.00020557
-0.0002291
-0.00025181
-0.00027361
-0.00029441
-0.00031413
-0.00033268
-0.00034998
-0.00036597
-0.00038056
-0.00039371
-0.00040535
-0.00041542
-0.00042389
-0.00043071
-0.00043586
-0.00043929
-0.000441
-0.00044097
-0.00043919
-0.00043566
-0.0004304
-0.00042341
-0.00041472
-0.00040435
-0.00039234
-0.00037873
-0.00036357
-0.00034692
-0.00032882
-0.00030936
-0.0002886
-0.00026662
-0.0002435
-0.00021933
-0.00019421
-0.00016822
-0.00014147
-0.00011406
-8.6098e-05
-5.7693e-05
-2.8956e-05
8.604e-18
2.9062e-05
5.8115e-05
8.7042e-05
0.00011573
0.00014406
0.00017193
0.00019921
0.00022581
0.0002516
0.00027649
0.00030038
0.00032316
0.00034474
0.00036504
0.00038396
0.00040143
0.00041737
0.00043171
0.0004444
0.00045537
0.00046457
0.00047197
0.00047752
0.00048121
0.000483
0.00048289
0.00048086
0.00047692
0.00047108
0.00046335
0.00045377
0.00044235
0.00042914
0.00041419
0.00039755
0.00037928
0.00035944
0.00033811
0.00031537
0.00029131
0.00026601
0.00023957
0.00021209
0.00018368
0.00015445
0.0001245
9.3968e-05
6.2957e-05
3.1594e-05
-3.9527e-18
-3.1699e-05
-6.3379e-05
-9.4912e-05
-0.00012618
-0.00015704
-0.00018739
-0.0002171
-0.00024604
-0.00027411
-0.00030118
-0.00032715
-0.00035191
-0.00037536
-0.0003974
-0.00041794
-0.00043689
-0.00045417
-0.00046971
-0.00048345
-0.00049531
-0.00050525
-0.00051323
-0.00051919
-0.00052313
-0.000525
-0.0005248
-0.00052253
-0.00051818
-0.00051176
-0.0005033
-0.00049282
-0.00048035
-0.00046595
-0.00044966
-0.00043153
-0.00041164
-0.00039006
-0.00036686
-0.00034214
-0.00031599
-0.00028851
-0.0002598
-0.00022997
-0.00019914
-0.00016743
-0.00013495
-0.00010184
-6.8221e-05
-3.4231e-05
-1.6041e-18
3.4336e-05
6.8643e-05
0.00010278
0.00013662
0.00017002
0.00020285
0.00023498
0.00026627
0.00029661
0.00032587
0.00035392
0.00038066
0.00040598
0.00042976
0.00045192
0.00047235
0.00049098
0.00050772
0.0005225
0.00053525
0.00054593
0.00055448
0.00056086
0.00056504
0.000567
0.00056672
0.0005642
0.00055943
0.00055244
0.00054324
0.00053187
0.00051836
0.00050275
0.00048512
0.00046551
0.000444
0.00042067
0.00039561
0.00036892
0.00034068
0.00031102
0.00028003
0.00024785
0.0002146
0.0001804
0.00014539
0.00010971
7.3485e-05
3.6868e-05
-8.6455e-18
-3.6974e-05
-7.3907e-05
-0.00011065
-0.00014707
-0.000183
-0.00021831
-0.00025286
-0.00028651
-0.00031912
-0.00035056
-0.0003807
-0.00040941
-0.00043659
-0.00046212
-0.0004859
-0.00050781
-0.00052778
-0.00054572
-0.00056155
-0.0005752
-0.00058661
-0.00059574
-0.00060253
-0.00060696
-0.000609
-0.00060864
-0.00060586
-0.00060069
-0.00059312
-0.00058319
-0.00057092
-0.00055636
-0.00053956
-0.00052058
-0.00049949
-0.00047636
-0.00045129
-0.00042436
-0.00039569
-0.00036537
-0.00033352
-0.00030027
-0.00026574
-0.00023006
-0.00019338
-0.00015584
-0.00011758
-7.8749e-05
-3.9505e-05
2.4712e-18
3.9611e-05
7.917e-05
0.00011852
0.00015751
0.00019598
0.00023377
0.00027074
0.00030674
0.00034162
0.00037524
0.00040747
0.00043816
0.00046721
0.00049448
0.00051987
0.00054327
0.00056459
0.00058372
0.0006006
0.00061514
0.00062729
0.00063699
0.0006442
0.00064888
0.000651
0.00065055
0.00064753
0.00064194
0.0006338
0.00062313
0.00060997
0.00059436
0.00057636
0.00055604
0.00053347
0.00050872
0.00048191
0.00045312
0.00042246
0.00039005
0.00035602
0.0003205
0.00028362
0.00024552
0.00020636
0.00016628
0.00012545
8.4013e-05
4.2142e-05
-1.4491e-17
-4.2248e-05
-8.4434e-05
-0.00012639
-0.00016796
-0.00020896
-0.00024924
-0.00028863
-0.00032698
-0.00036413
-0.00039993
-0.00043424
-0.00046692
-0.00049783
-0.00052685
-0.00055385
-0.00057874
-0.00060139
-0.00062172
-0.00063965
-0.00065509
-0.00066797
-0.00067825
-0.00068587
-0.00069079
-0.000693
-0.00069247
-0.0006892
-0.0006832
-0.00067448
-0.00066308
-0.00064902
-0.00063237
-0.00061317
-0.0005915
-0.00056744
-0.00054109
-0.00051252
-0.00048187
-0.00044923
-0.00041474
-0.00037853
-0.00034073
-0.0003015
-0.00026099
-0.00021934
-0.00017673
-0.00013332
-8.9277e-05
-4.478e-05
7.6991e-18
4.4885e-05
8.9698e-05
0.00013426
0.0001784
0.00022194
0.0002647
0.00030651
0.00034721
0.00038663
0.00042462
0.00046101
0.00049567
0.00052844
0.00055921
0.00058783
0.0006142
0.0006382
0.00065973
0.0006787
0.00069503
0.00070865
0.00071951
0.00072754
0.00073271
0.000735
0.00073439
0.00073087
0.00072446
0.00071516
0.00070302
0.00068807
0.00067037
0.00064997
0.00062696
0.00060142
0.00057345
0.00054314
0.00051062
0.000476
0.00043943
0.00040103
0.00036097
0.00031939
0.00027645
0.00023232
0.00018717
0.00014119
9.4541e-05
4.7417e-05
-1.8718e-21
-4.7522e-05
-9.4962e-05
-0.00014213
-0.00018885
-0.00023491
-0.00028016
-0.00032439
-0.00036744
-0.00040914
-0.0004493
-0.00048778
-0.00052442
-0.00055906
-0.00059157
-0.00062181
-0.00064966
-0.000675
-0.00069773
-0.00071775
-0.00073498
-0.00074933
-0.00076076
-0.00076921
-0.00077463
-0.000777
-0.00077631
-0.00077254
-0.00076571
-0.00075584
-0.00074297
-0.00072712
-0.00070837
-0.00068678
-0.00066243
-0.0006354
-0.00060581
-0.00057376
-0.00053937
-0.00050277
-0.00046412
-0.00042354
-0.0003812
-0.00033727
-0.00029191
-0.0002453
-0.00019762
-0.00014906
-9.9805e-05
-5.0054e-05
1.408e-17
5.016e-05
0.00010023
0.00015
0.00019929
0.00024789
0.00029562
0.00034228
0.00038768
0.00043164
0.00047399
0.00051455
0.00055317
0.00058968
0.00062393
0.00065579
0.00068512
0.00071181
0.00073573
0.0007568
0.00077492
0.00079002
0.00080202
0.00081088
0.00081655
0.000819
0.00081822
0.00081421
0.00080697
0.00079652
0.00078291
0.00076617
0.00074637
0.00072358
0.00069789
0.00066938
0.00063817
0.00060437
0.00056812
0.00052955
0.0004888
0.00044604
0.00040144
0.00035515
0.00030737
0.00025828
0.00020806
0.00015693
0.00010507
5.2691e-05
1.8109e-17
-5.2744e-05
-0.00010528
-0.0001574
-0.0002089
-0.00025957
-0.00030922
-0.00035765
-0.00040467
-0.00045009
-0.00049374
-0.00053544
-0.00057502
-0.00061233
-0.00064723
-0.00067957
-0.00070924
-0.0007361
-0.00076005
-0.00078101
-0.00079889
-0.00081361
-0.00082512
-0.00083338
-0.00083834
-0.00084
-0.00083834
-0.00083338
-0.00082512
-0.00081361
-0.00079889
-0.00078101
-0.00076005
-0.0007361
-0.00070924
-0.00067957
-0.00064723
-0.00061233
-0.00057502
-0.00053544
-0.00049374
-0.00045009
-0.00040467
-0.00035765
-0.00030922
-0.00025957
-0.0002089
-0.0001574
-0.00010528
-5.2744e-05
-3.2908e-18
5.2744e-05
0.00010528
0.0001574
0.0002089
0.00025957
0.00030922
0.00035765
0.00040467
0.00045009
0.00049374
0.00053544
0.00057502
0.00061233
0.00064723
0.00067957
0.00070924
0.0007361
0.00076005
0.00078101
0.00079889
0.00081361
0.00082512
0.00083338
0.00083834
0.00084
0.00083834
0.00083338
0.00082512
0.00081361
0.00079889
0.00078101
0.00076005
0.0007361
0.00070924
0.00067957
0.00064723
0.00061233
0.00057502
0.00053544
0.00049374
0.00045009
0.00040467
0.00035765
0.00030922
0.00025957
0.0002089
0.0001574
0.00010528
5.2744e-05
1.2347e-17
-5.2744e-05
-0.00010528
-0.0001574
-0.0002089
-0.00025957
-0.00030922
-0.00035765
-0.00040467
-0.00045009
-0.00049374
-0.00053544
-0.00057502
-0.00061233
-0.00064723
-0.00067957
-0.00070924
-0.0007361
-0.00076005
-0.00078101
-0.00079889
-0.00081361
-0.00082512
-0.00083338
-0.00083834
-0.00084
-0.00083834
-0.00083338
-0.00082512
-0.00081361
-0.00079889
-0.00078101
-0.00076005
-0.0007361
-0.00070924
-0.00067957
-0.00064723
-0.00061233
-0.00057502
-0.00053544
-0.00049374
-0.00045009
-0.00040467
-0.00035765
-0.00030922
-0.00025957
-0.0002089
-0.0001574
-0.00010528
-5.2744e-05
-2.1402e-17
5.2744e-05
0.00010528
0.0001574
0.0002089
0.00025957
0.00030922
0.00035765
0.00040467
0.00045009
0.00049374
0.00053544
0.00057502
0.00061233
0.00064723
0.00067957
0.00070924
0.0007361
0.00076005
0.00078101
0.00079889
0.00081361
0.00082512
0.00083338
0.00083834
0.00084
0.00083834
0.00083338
0.00082512
0.00081361
0.00079889
0.00078101
0.00076005
0.0007361
0.00070924
0.00067957
0.00064723
0.00061233
0.00057502
0.00053544
0.00049374
0.00045009
0.00040467
0.00035765
0.00030922
0.00025957
0.0002089
0.0001574
0.00010528
5.2744e-05
6.5837e-18
-5.2744e-05
-0.00010528
-0.0001574
-0.0002089
-0.00025957
-0.00030922
-0.00035765
-0.00040467
-0.00045009
-0.00049374
-0.00053544
-0.00057502
-0.00061233
-0.00064723
-0.00067957
-0.00070924
-0.0007361
-0.00076005
-0.00078101
-0.00079889
-0.00081361
-0.00082512
-0.00083338
-0.00083834
-0.00084
-0.00083834
-0.00083338
-0.00082512
-0.00081361
-0.00079889
-0.00078101
-0.00076005
-0.0007361
-0.00070924
-0.00067957
-0.00064723
-0.00061233
-0.00057502
-0.00053544
-0.00049374
-0.00045009
-0.00040467
-0.00035765
-0.00030922
-0.00025957
-0.0002089
-0.0001574
-0.00010528
-5.2744e-05
-1.5639e-17
5.2744e-05
0.00010528
0.0001574
0.0002089
0.00025957
0.00030922
0.00035765
0.00040467
0.00045009
0.00049374
0.00053544
0.00057502
0.00061233
0.00064723
0.00067957
0.00070924
0.0007361
0.00076005
0.00078101
0.00079889
0.00081361
0.00082512
0.00083338
0.00083834
0.00084
0.00083834
0.00083338
0.00082512
0.00081361
0.00079889
0.00078101
0.00076005
0.0007361
0.00070924
0.00067957
0.00064723
0.00061233
0.00057502
0.00053544
0.00049374
0.00045009
0.00040467
0.00035765
0.00030922
0.00025957
0.0002089
0.0001574
0.00010528
5.2744e-05
8.2088e-19
-5.2744e-05
-0.00010528
-0.0001574
-0.0002089
-0.00025957
-0.00030922
-0.00035765
-0.00040467
-0.00045009
-0.00049374
-0.00053544
-0.00057502
-0.00061233
-0.00064723
-0.00067957
-0.00070924
-0.0007361
-0.00076005
-0.00078101
-0.00079889
-0.00081361
-0.00082512
-0.00083338
-0.00083834
-0.00084
-0.00083834
-0.00083338
-0.00082512
-0.00081361
-0.00079889
-0.00078101
-0.00076005
-0.0007361
-0.00070924
-0.00067957
-0.00064723
-0.00061233
-0.00057502
-0.00053544
-0.00049374
-0.00045009
-0.00040467
-0.00035765
-0.00030922
-0.00025957
-0.0002089
-0.0001574
-0.00010528
-5.2744e-05
-9.8766e-18
5.2744e-05
0.00010528
0.0001574
0.0002089
0.00025957
0.00030922
0.00035765
0.00040467
0.00045009
0.00049374
0.00053544
0.00057502
0.00061233
0.00064723
0.00067957
0.00070924
0.0007361
0.00076005
0.00078101
0.00079889
0.00081361
0.00082512
0.00083338
0.00083834
0.00084
0.00083834
0.00083338
0.00082512
0.00081361
0.00079889
0.00078101
0.00076005
0.0007361
0.00070924
0.00067957
0.00064723
0.00061233
0.00057502
0.00053544
0.00049374
0.00045009
0.00040467
0.00035765
0.00030922
0.00025957
0.0002089
0.0001574
0.00010528
5.2744e-05
1.8932e-17
-5.2744e-05
-0.00010528
-0.0001574
-0.0002089
-0.00025957
-0.00030922
-0.00035765
-0.00040467
-0.00045009
-0.00049374
-0.00053544
-0.00057502
-0.00061233
-0.00064723
-0.00067957
-0.00070924
-0.0007361
-0.00076005
-0.00078101
-0.00079889
-0.00081361
-0.00082512
-0.00083338
-0.00083834
-0.00084
-0.00083834
-0.00083338
-0.00082512
-0.00081361
-0.00079889
-0.00078101
-0.00076005
-0.0007361
-0.00070924
-0.00067957
-0.00064723
-0.00061233
-0.00057502
-0.00053544
-0.00049374
-0.00045009
-0.00040467
-0.00035765
-0.00030922
-0.00025957
-0.0002089
-0.0001574
-0.00010528
-5.2744e-05
-4.1138e-18
5.2744e-05
0.00010528
0.0001574
0.0002089
0.00025957
0.00030922
0.00035765
0.00040467
0.00045009
0.00049374
0.00053544
0.00057502
0.00061233
0.00064723
0.00067957
0.00070924
0.0007361
0.00076005
0.00078101
0.00079889
0.00081361
0.00082512
0.00083338
0.00083834
0.00084
0.00083834
0.00083338
0.00082512
0.00081361
0.00079889
0.00078101
0.00076005
0.0007361
0.00070924
0.00067957
0.00064723
0.00061233
0.00057502
0.00053544
0.00049374
0.00045009
0.00040467
0.00035765
0.00030922
0.00025957
0.0002089
0.0001574
0.00010528
5.2744e-05
1.3169e-17
-5.2744e-05
-0.00010528
-0.0001574
-0.0002089
-0.00025957
-0.00030922
-0.00035765
-0.00040467
-0.00045009
-0.00049374
-0.00053544
-0.00057502
-0.00061233
-0.00064723
-0.00067957
-0.00070924
-0.0007361
-0.00076005
-0.00078101
-0.00079889
-0.00081361
-0.00082512
-0.00083338
-0.00083834
-0.00084
-0.00083834
-0.00083338
-0.00082512
-0.00081361
-0.00079889
-0.00078101
-0.00076005
-0.0007361
-0.00070924
-0.00067957
-0.00064723
-0.00061233
-0.00057502
-0.00053544
-0.00049374
-0.00045009
-0.00040467
-0.00035765
-0.00030922
-0.00025957
-0.0002089
-0.0001574
-0.00010528
-5.2744e-05
1.649e-18
5.2744e-05
0.00010528
0.0001574
0.0002089
0.00025957
0.00030922
0.00035765
0.00040467
0.00045009
0.00049374
0.00053544
0.00057502
0.00061233
0.00064723
0.00067957
0.00070924
0.0007361
0.00076005
0.00078101
0.00079889
0.00081361
0.00082512
0.00083338
0.00083834
0.00084
0.00083834
0.00083338
0.00082512
0.00081361
0.00079889
0.00078101
0.00076005
0.0007361
0.00070924
0.00067957
0.00064723
0.00061233
0.00057502
0.00053544
0.00049374
0.00045009
0.00040467
0.00035765
0.00030922
0.00025957
0.0002089
0.0001574
0.00010528
5.2744e-05
7.4067e-18
-5.2744e-05
-0.00010528
-0.0001574
-0.0002089
-0.00025957
-0.00030922
-0.00035765
-0.00040467
-0.00045009
-0.00049374
-0.00053544
-0.00057502
-0.00061233
-0.00064723
-0.00067957
-0.00070924
-0.0007361
-0.00076005
-0.00078101
-0.00079889
-0.00081361
-0.00082512
-0.00083338
-0.00083834
-0.00084
-0.00083834
-0.00083338
-0.00082512
-0.00081361
-0.00079889
-0.00078101
-0.00076005
-0.0007361
-0.00070924
-0.00067957
-0.00064723
-0.00061233
-0.00057502
-0.00053544
-0.00049374
-0.00045009
-0.00040467
-0.00035765
-0.00030922
-0.00025957
-0.0002089
-0.0001574
-0.00010528
-5.2744e-05
-1.6462e-17
5.2744e-05
0.00010528
0.0001574
0.0002089
0.00025957
0.00030922
0.00035765
0.00040467
0.00045009
0.00049374
0.00053544
0.00057502
0.00061233
0.00064723
0.00067957
0.00070924
0.0007361
0.00076005
0.00078101
0.00079889
0.00081361
0.00082512
0.00083338
0.00083834
0.00084
0.00083834
0.00083338
0.00082512
0.00081361
0.00079889
0.00078101
0.00076005
0.0007361
0.00070924
0.00067957
0.00064723
0.00061233
0.00057502
0.00053544
0.00049374
0.00045009
0.00040467
0.00035765
0.00030922
0.00025957
0.0002089
0.0001574
0.00010528
5.2744e-05
1.6438e-18
-5.2744e-05
-0.00010528
-0.0001574
-0.0002089
-0.00025957
-0.00030922
-0.00035765
-0.00040467
-0.00045009
-0.00049374
-0.00053544
-0.00057502
-0.00061233
-0.00064723
-0.00067957
-0.00070924
-0.0007361
-0.00076005
-0.00078101
-0.00079889
-0.00081361
-0.00082512
-0.00083338
-0.00083834
-0.00084
-0.00083834
-0.00083338
-0.00082512
-0.00081361
-0.00079889
-0.00078101
-0.00076005
-0.0007361
-0.00070924
-0.00067957
-0.00064723
-0.00061233
-0.00057502
-0.00053544
-0.00049374
-0.00045009
-0.00040467
-0.00035765
-0.00030922
-0.00025957
-0.0002089
-0.0001574
-0.00010528
-5.2744e-05
-1.07e-17
5.2744e-05
0.00010528
0.0001574
0.0002089
0.00025957
0.00030922
0.00035765
0.00040467
0.00045009
0.00049374
0.00053544
0.00057502
0.00061233
0.00064723
0.00067957
0.00070924
0.0007361
0.00076005
0.00078101
0.00079889
0.00081361
0.00082512
0.00083338
0.00083834
0.00084
0.00083834
0.00083338
0.00082512
0.00081361
0.00079889
0.00078101
0.00076005
0.0007361
0.00070924
0.00067957
0.00064723
0.00061233
0.00057502
0.00053544
0.00049374
0.00045009
0.00040467
0.00035765
0.00030922
0.00025957
0.0002089
0.0001574
0.00010528
5.2744e-05
-4.119e-18
-5.2744e-05
-0.00010528
-0.0001574
-0.0002089
-0.00025957
-0.00030922
-0.00035765
-0.00040467
-0.00045009
-0.00049374
-0.00053544
-0.00057502
-0.00061233
-0.00064723
-0.00067957
-0.00070924
-0.0007361
-0.00076005
-0.00078101
-0.00079889
-0.00081361
-0.00082512
-0.00083338
-0.00083834
-0.00084
-0.00083834
-0.00083338
-0.00082512
-0.00081361
-0.00079889
-0.00078101
-0.00076005
-0.0007361
-0.00070924
-0.00067957
-0.00064723
-0.00061233
-0.00057502
-0.00053544
-0.00049374
-0.00045009
-0.00040467
-0.00035765
-0.00030922
-0.00025957
-0.0002089
-0.0001574
-0.00010528
-5.2744e-05
-4.9367e-18
5.2744e-05
0.00010528
0.0001574
0.0002089
0.00025957
0.00030922
0.00035765
0.00040467
0.00045009
0.00049374
0.00053544
0.00057502
0.00061233
0.00064723
0.00067957
0.00070924
0.0007361
0.00076005
0.00078101
0.00079889
0.00081361
0.00082512
0.00083338
0.00083834
0.00084
0.00083834
0.00083338
0.00082512
0.00081361
0.00079889
0.00078101
0.00076005
0.0007361
0.00070924
0.00067957
0.00064723
0.00061233
0.00057502
0.00053544
0.00049374
0.00045009
0.00040467
0.00035765
0.00030922
0.00025957
0.0002089
0.0001574
0.00010528
5.2744e-05
1.3992e-17
-5.2744e-05
-0.00010528
-0.0001574
-0.0002089
-0.00025957
-0.00030922
-0.00035765
-0.00040467
-0.00045009
-0.00049374
-0.00053544
-0.00057502
-0.00061233
-0.00064723
-0.00067957
-0.00070924
-0.0007361
-0.00076005
-0.00078101
-0.00079889
-0.00081361
-0.00082512
-0.00083338
-0.00083834
-0.00084
-0.00083834
-0.00083338
-0.00082512
-0.00081361
-0.00079889
-0.00078101
-0.00076005
-0.0007361
-0.00070924
-0.00067957
-0.00064723
-0.00061233
-0.00057502
-0.00053544
-0.00049374
-0.00045009
-0.00040467
-0.00035765
-0.00030922
-0.00025957
-0.0002089
-0.0001574
-0.00010528
-5.2744e-05
8.2608e-19
5.2744e-05
0.00010528
0.0001574
0.0002089
0.00025957
0.00030922
0.00035765
0.00040467
0.00045009
0.00049374
0.00053544
0.00057502
0.00061233
0.00064723
0.00067957
0.00070924
0.0007361
0.00076005
0.00078101
0.00079889
0.00081361
0.00082512
0.00083338
0.00083834
0.00084
0.00083834
0.00083338
0.00082512
0.00081361
0.00079889
0.00078101
0.00076005
0.0007361
0.00070924
0.00067957
0.00064723
0.00061233
0.00057502
0.00053544
0.00049374
0.00045009
0.00040467
0.00035765
0.00030922
0.00025957
0.0002089
0.0001574
0.00010528
5.2744e-05
8.2296e-18
-5.2744e-05
-0.00010528
-0.0001574
-0.0002089
-0.00025957
-0.00030922
-0.00035765
-0.00040467
-0.00045009
-0.00049374
-0.00053544
-0.00057502
-0.00061233
-0.00064723
-0.00067957
-0.00070924
-0.0007361
-0.00076005
-0.00078101
-0.00079889
-0.00081361
-0.00082512
-0.00083338
-0.00083834
-0.00084
-0.00083834
-0.00083338
-0.00082512
-0.00081361
-0.00079889
-0.00078101
-0.00076005
-0.0007361
-0.00070924
-0.00067957
-0.00064723
-0.00061233
-0.00057502
-0.00053544
-0.00049374
-0.00045009
-0.00040467
-0.00035765
-0.00030922
-0.00025957
-0.0002089
-0.0001574
-0.00010528
-5.2744e-05
-1.7285e-17
5.2744e-05
0.00010528
0.0001574
0.0002089
0.00025957
0.00030922
0.00035765
0.00040467
0.00045009
0.00049374
0.00053544
0.00057502
0.00061233
0.00064723
0.00067957
0.00070924
0.0007361
0.00076005
0.00078101
0.00079889
0.00081361
0.00082512
0.00083338
0.00083834
0.00084
0.00083834
0.00083338
0.00082512
0.00081361
0.00079889
0.00078101
0.00076005
0.0007361
0.00070924
0.00067957
0.00064723
0.00061233
0.00057502
0.00053544
0.00049374
0.00045009
0.00040467
0.00035765
0.00030922
0.00025957
0.0002089
0.0001574
0.00010528
5.2744e-05
2.6341e-17
-5.2744e-05
-0.00010528
-0.0001574
-0.0002089
-0.00025957
-0.00030922
-0.00035765
-0.00040467
-0.00045009
-0.00049374
-0.00053544
-0.00057502
-0.00061233
-0.00064723
-0.00067957
-0.00070924
-0.0007361
-0.00076005
-0.00078101
-0.00079889
-0.00081361
-0.00082512
-0.00083338
-0.00083834
-0.00084
-0.00083834
-0.00083338
-0.00082512
-0.00081361
-0.00079889
-0.00078101
-0.00076005
-0.0007361
-0.00070924
-0.00067957
-0.00064723
-0.00061233
-0.00057502
-0.00053544
-0.00049374
-0.00045009
-0.00040467
-0.00035765
-0.00030922
-0.00025957
-0.0002089
-0.0001574
-0.00010528
-5.2744e-05
1.2352e-17
5.2744e-05
0.00010528
0.0001574
0.0002089
0.00025957
0.00030922
0.00035765
0.00040467
0.00045009
0.00049374
0.00053544
0.00057502
0.00061233
0.00064723
0.00067957
0.00070924
0.0007361
0.00076005
0.00078101
0.00079889
0.00081361
0.00082512
0.00083338
0.00083834
0.00084
0.00083834
0.00083338
0.00082512
0.00081361
0.00079889
0.00078101
0.00076005
0.0007361
0.00070924
0.00067957
0.00064723
0.00061233
0.00057502
0.00053544
0.00049374
0.00045009
0.00040467
0.00035765
0.00030922
0.00025957
0.0002089
0.0001574
0.00010528
5.2744e-05
-3.296e-18
-5.2744e-05
-0.00010528
-0.0001574
-0.0002089
-0.00025957
-0.00030922
-0.00035765
-0.00040467
-0.00045009
-0.00049374
-0.00053544
-0.00057502
-0.00061233
-0.00064723
-0.00067957
-0.00070924
-0.0007361
-0.00076005
-0.00078101
-0.00079889
-0.00081361
-0.00082512
-0.00083338
-0.00083834
-0.00084
-0.00083834
-0.00083338
-0.00082512
-0.00081361
-0.00079889
-0.00078101
-0.00076005
-0.0007361
-0.00070924
-0.00067957
-0.00064723
-0.00061233
-0.00057502
-0.00053544
-0.00049374
-0.00045009
-0.00040467
-0.00035765
-0.00030922
-0.00025957
-0.0002089
-0.0001574
-0.00010528
-5.2744e-05
-5.7597e-18
5.2744e-05
0.00010528
0.0001574
0.0002089
0.00025957
0.00030922
0.00035765
0.00040467
0.00045009
0.00049374
0.00053544
0.00057502
0.00061233
0.00064723
0.00067957
0.00070924
0.0007361
0.00076005
0.00078101
0.00079889
0.00081361
0.00082512
0.00083338
0.00083834
0.00084
0.00083834
0.00083338
0.00082512
0.00081361
0.00079889
0.00078101
0.00076005
0.0007361
0.00070924
0.00067957
0.00064723
0.00061233
0.00057502
0.00053544
0.00049374
0.00045009
0.00040467
0.00035765
0.00030922
0.00025957
0.0002089
0.0001574
0.00010528
5.2744e-05
1.4815e-17
-5.2744e-05
-0.00010528
-0.0001574
-0.0002089
-0.00025957
-0.00030922
-0.00035765
-0.00040467
-0.00045009
-0.00049374
-0.00053544
-0.00057502
-0.00061233
-0.00064723
-0.00067957
-0.00070924
-0.0007361
-0.00076005
-0.00078101
-0.00079889
-0.00081361
-0.00082512
-0.00083338
-0.00083834
-0.00084
-0.00083834
-0.00083338
-0.00082512
-0.00081361
-0.00079889
-0.00078101
-0.00076005
-0.0007361
-0.00070924
-0.00067957
-0.00064723
-0.00061233
-0.00057502
-0.00053544
-0.00049374
-0.00045009
-0.00040467
-0.00035765
-0.00030922
-0.00025957
-0.0002089
-0.0001574
-0.00010528
-5.2744e-05
2.3877e-17
5.2744e-05
0.00010528
0.0001574
0.0002089
0.00025957
0.00030922
0.00035765
0.00040467
0.00045009
0.00049374
0.00053544
0.00057502
0.00061233
0.00064723
0.00067957
0.00070924
0.0007361
0.00076005
0.00078101
0.00079889
0.00081361
0.00082512
0.00083338
0.00083834
0.00084
0.00083834
0.00083338
0.00082512
0.00081361
0.00079889
0.00078101
0.00076005
0.0007361
0.00070924
0.00067957
0.00064723
0.00061233
0.00057502
0.00053544
0.00049374
0.00045009
0.00040467
0.00035765
0.00030922
0.00025957
0.0002089
0.0001574
0.00010528
5.2744e-05
-1.4822e-17
-5.2744e-05
-0.00010528
-0.0001574
-0.0002089
-0.00025957
-0.00030922
-0.00035765
-0.00040467
-0.00045009
-0.00049374
-0.00053544
-0.00057502
-0.00061233
-0.00064723
-0.00067957
-0.00070924
-0.0007361
-0.00076005
-0.00078101
-0.00079889
-0.00081361
-0.00082512
-0.00083338
-0.00083834
-0.00084
-0.00083834
-0.00083338
-0.00082512
-0.00081361
-0.00079889
-0.00078101
-0.00076005
-0.0007361
-0.00070924
-0.00067957
-0.00064723
-0.00061233
-0.00057502
-0.00053544
-0.00049374
-0.00045009
-0.00040467
-0.00035765
-0.00030922
-0.00025957
-0.0002089
-0.0001574
-0.00010528
-5.2744e-05
5.7659e-18
5.2744e-05
0.00010528
0.0001574
0.0002089
0.00025957
0.00030922
0.00035765
0.00040467
0.00045009
0.00049374
0.00053544
0.00057502
0.00061233
0.00064723
0.00067957
0.00070924
0.0007361
0.00076005
0.00078101
0.00079889
0.00081361
0.00082512
0.00083338
0.00083834
0.00084
0.00083834
0.00083338
0.00082512
0.00081361
0.00079889
0.00078101
0.00076005
0.0007361
0.00070924
0.00067957
0.00064723
0.00061233
0.00057502
0.00053544
0.00049374
0.00045009
0.00040467
0.00035765
0.00030922
0.00025957
0.0002089
0.0001574
0.00010528
5.2744e-05
3.2898e-18
-5.2744e-05
-0.00010528
-0.0001574
-0.0002089
-0.00025957
-0.00030922
-0.00035765
-0.00040467
-0.00045009
-0.00049374
-0.00053544
-0.00057502
-0.00061233
-0.00064723
-0.00067957
-0.00070924
-0.0007361
-0.00076005
-0.00078101
-0.00079889
-0.00081361
-0.00082512
-0.00083338
-0.00083834
-0.00084
-0.00083834
-0.00083338
-0.00082512
-0.00081361
-0.00079889
-0.00078101
-0.00076005
-0.0007361
-0.00070924
-0.00067957
-0.00064723
-0.00061233
-0.00057502
-0.00053544
-0.00049374
-0.00045009
-0.00040467
-0.00035765
-0.00030922
-0.00025957
-0.0002089
-0.0001574
-0.00010528
-5.2744e-05
-1.2345e-17
5.2744e-05
0.00010528
0.0001574
0.0002089
0.00025957
0.00030922
0.00035765
0.00040467
0.00045009
0.00049374
0.00053544
0.00057502
0.00061233
0.00064723
0.00067957
0.00070924
0.0007361
0.00076005
0.00078101
0.00079889
0.00081361
0.00082512
0.00083338
0.00083834
0.00084
0.00083834
0.00083338
0.00082512
0.00081361
0.00079889
0.00078101
0.00076005
0.0007361
0.00070924
0.00067957
0.00064723
0.00061233
0.00057502
0.00053544
0.00049374
0.00045009
0.00040467
0.00035765
0.00030922
0.00025957
0.0002089
0.0001574
0.00010528
5.2744e-05
-2.6347e-17
-5.2744e-05
-0.00010528
-0.0001574
-0.0002089
-0.00025957
-0.00030922
-0.00035765
-0.00040467
-0.00045009
-0.00049374
-0.00053544
-0.00057502
-0.00061233
-0.00064723
-0.00067957
-0.00070924
-0.0007361
-0.00076005
-0.00078101
-0.00079889
-0.00081361
-0.00082512
-0.00083338
-0.00083834
-0.00084
-0.00083834
-0.00083338
-0.00082512
-0.00081361
-0.00079889
-0.00078101
-0.00076005
-0.0007361
-0.00070924
-0.00067957
-0.00064723
-0.00061233
-0.00057502
-0.00053544
-0.00049374
-0.00045009
-0.00040467
-0.00035765
-0.00030922
-0.00025957
-0.0002089
-0.0001574
-0.00010528
-5.2744e-05
1.7292e-17
5.2744e-05
0.00010528
0.0001574
0.0002089
0.00025957
0.00030922
0.00035765
0.00040467
0.00045009
0.00049374
0.00053544
0.00057502
0.00061233
0.00064723
0.00067957
0.00070924
0.0007361
0.00076005
0.00078101
0.00079889
0.00081361
0.00082512
0.00083338
0.00083834
0.00084
0.00083834
0.00083338
0.00082512
0.00081361
0.00079889
0.00078101
0.00076005
0.0007361
0.00070924
0.00067957
0.00064723
0.00061233
0.00057502
0.00053544
0.00049374
0.00045009
0.00040467
0.00035765
0.00030922
0.00025957
0.0002089
0.0001574
0.00010528
5.2744e-05
-8.2359e-18
-5.2744e-05
-0.00010528
-0.0001574
-0.0002089
-0.00025957
-0.00030922
-0.00035765
-0.00040467
-0.00045009
-0.00049374
-0.00053544
-0.00057502
-0.00061233
-0.00064723
-0.00067957
-0.00070924
-0.0007361
-0.00076005
-0.00078101
-0.00079889
-0.00081361
-0.00082512
-0.00083338
-0.00083834
-0.00084
-0.00083834
-0.00083338
-0.00082512
-0.00081361
-0.00079889
-0.00078101
-0.00076005
-0.0007361
-0.00070924
-0.00067957
-0.00064723
-0.00061233
-0.00057502
-0.00053544
-0.00049374
-0.00045009
-0.00040467
-0.00035765
-0.00030922
-0.00025957
-0.0002089
-0.0001574
-0.00010528
-5.2744e-05
-8.1984e-19
5.2744e-05
0.00010528
0.0001574
0.0002089
0.00025957
0.00030922
0.00035765
0.00040467
0.00045009
0.00049374
0.00053544
0.00057502
0.00061233
0.00064723
0.00067957
0.00070924
0.0007361
0.00076005
0.00078101
0.00079889
0.00081361
0.00082512
0.00083338
0.00083834
0.00084
0.00083834
0.00083338
0.00082512
0.00081361
0.00079889
0.00078101
0.00076005
0.0007361
0.00070924
0.00067957
0.00064723
0.00061233
0.00057502
0.00053544
0.00049374
0.00045009
0.00040467
0.00035765
0.00030922
0.00025957
0.0002089
0.0001574
0.00010528
5.2744e-05
9.8756e-18
-5.2744e-05
-0.00010528
-0.0001574
-0.0002089
-0.00025957
-0.00030922
-0.00035765
-0.00040467
-0.00045009
-0.00049374
-0.00053544
-0.00057502
-0.00061233
-0.00064723
-0.00067957
-0.00070924
-0.0007361
-0.00076005
-0.00078101
-0.00079889
-0.00081361
-0.00082512
-0.00083338
-0.00083834
-0.00084
-0.00083834
-0.00083338
-0.00082512
-0.00081361
-0.00079889
-0.00078101
-0.00076005
-0.0007361
-0.00070924
-0.00067957
-0.00064723
-0.00061233
-0.00057502
-0.00053544
-0.00049374
-0.00045009
-0.00040467
-0.00035765
-0.00030922
-0.00025957
-0.0002089
-0.0001574
-0.00010528
-5.2744e-05
2.8817e-17
5.2744e-05
0.00010528
0.0001574
0.0002089
0.00025957
0.00030922
0.00035765
0.00040467
0.00045009
0.00049374
0.00053544
0.00057502
0.00061233
0.00064723
0.00067957
0.00070924
0.0007361
0.00076005
0.00078101
0.00079889
0.00081361
0.00082512
0.00083338
0.00083834
0.00084
0.00083834
0.00083338
0.00082512
0.00081361
0.00079889
0.00078101
0.00076005
0.0007361
0.00070924
0.00067957
0.00064723
0.00061233
0.00057502
0.00053544
0.00049374
0.00045009
0.00040467
0.00035765
0.00030922
0.00025957
0.0002089
0.0001574
0.00010528
5.2744e-05
-1.9762e-17
-5.2744e-05
-0.00010528
-0.0001574
-0.0002089
-0.00025957
-0.00030922
-0.00035765
-0.00040467
-0.00045009
-0.00049374
-0.00053544
-0.00057502
-0.00061233
-0.00064723
-0.00067957
-0.00070924
-0.0007361
-0.00076005
-0.00078101
-0.00079889
-0.00081361
-0.00082512
-0.00083338
-0.00083834
-0.00084
-0.00083834
-0.00083338
-0.00082512
-0.00081361
-0.00079889
-0.00078101
-0.00076005
-0.0007361
-0.00070924
-0.00067957
-0.00064723
-0.00061233
-0.00057502
-0.00053544
-0.00049374
-0.00045009
-0.00040467
-0.00035765
-0.00030922
-0.00025957
-0.0002089
-0.0001574
-0.00010528
-5.2744e-05
1.0706e-17
5.2744e-05
0.00010528
0.0001574
0.0002089
0.00025957
0.00030922
0.00035765
0.00040467
0.00045009
0.00049374
0.00053544
0.00057502
0.00061233
0.00064723
0.00067957
0.00070924
0.0007361
0.00076005
0.00078101
0.00079889
0.00081361
0.00082512
0.00083338
0.00083834
0.00084
0.00083834
0.00083338
0.00082512
0.00081361
0.00079889
0.00078101
0.00076005
0.0007361
0.00070924
0.00067957
0.00064723
0.00061233
0.00057502
0.00053544
0.00049374
0.00045009
0.00040467
0.00035765
0.00030922
0.00025957
0.0002089
0.0001574
0.00010528
5.2744e-05
-1.6501e-18
-5.2744e-05
-0.00010528
-0.0001574
-0.0002089
-0.00025957
-0.00030922
-0.00035765
-0.00040467
-0.00045009
-0.00049374
-0.00053544
-0.00057502
-0.00061233
-0.00064723
-0.00067957
-0.00070924
-0.0007361
-0.00076005
-0.00078101
-0.00079889
-0.00081361
-0.00082512
-0.00083338
-0.00083834
-0.00084
-0.00083834
-0.00083338
-0.00082512
-0.00081361
-0.00079889
-0.00078101
-0.00076005
-0.0007361
-0.00070924
-0.00067957
-0.00064723
-0.00061233
-0.00057502
-0.00053544
-0.00049374
-0.00045009
-0.00040467
-0.00035765
-0.00030922
-0.00025957
-0.0002089
-0.0001574
-0.00010528
-5.2744e-05
-7.4056e-18
5.2744e-05
0.00010528
0.0001574
0.0002089
0.00025957
0.00030922
0.00035765
0.00040467
0.00045009
0.00049374
0.00053544
0.00057502
0.00061233
0.00064723
0.00067957
0.00070924
0.0007361
0.00076005
0.00078101
0.00079889
0.00081361
0.00082512
0.00083338
0.00083834
0.00084
0.00083834
0.00083338
0.00082512
0.00081361
0.00079889
0.00078101
0.00076005
0.0007361
0.00070924
0.00067957
0.00064723
0.00061233
0.00057502
0.00053544
0.00049374
0.00045009
0.00040467
0.00035765
0.00030922
0.00025957
0.0002089
0.0001574
0.00010528
5.2744e-05
1.6461e-17
-5.2744e-05
-0.00010528
-0.0001574
-0.0002089
-0.00025957
-0.00030922
-0.00035765
-0.00040467
-0.00045009
-0.00049374
-0.00053544
-0.00057502
-0.00061233
-0.00064723
-0.00067957
-0.00070924
-0.0007361
-0.00076005
-0.00078101
-0.00079889
-0.00081361
-0.00082512
-0.00083338
-0.00083834
-0.00084
-0.00083834
-0.00083338
-0.00082512
-0.00081361
-0.00079889
-0.00078101
-0.00076005
-0.0007361
-0.00070924
-0.00067957
-0.00064723
-0.00061233
-0.00057502
-0.00053544
-0.00049374
-0.00045009
-0.00040467
-0.00035765
-0.00030922
-0.00025957
-0.0002089
-0.0001574
-0.00010528
-5.2744e-05
-2.5517e-17
5.2744e-05
0.00010528
0.0001574
0.0002089
0.00025957
0.00030922
0.00035765
0.00040467
0.00045009
0.00049374
0.00053544
0.00057502
0.00061233
0.00064723
0.00067957
0.00070924
0.0007361
0.00076005
0.00078101
0.00079889
0.00081361
0.00082512
0.00083338
0.00083834
0.00084
0.00083834
0.00083338
0.00082512
0.00081361
0.00079889
0.00078101
0.00076005
0.0007361
0.00070924
0.00067957
0.00064723
0.00061233
0.00057502
0.00053544
0.00049374
0.00045009
0.00040467
0.00035765
0.00030922
0.00025957
0.0002089
0.0001574
0.00010528
5.2744e-05
-1.3176e-17
-5.2744e-05
-0.00010528
-0.0001574
-0.0002089
-0.00025957
-0.00030922
-0.00035765
-0.00040467
-0.00045009
-0.00049374
-0.00053544
-0.00057502
-0.00061233
-0.00064723
-0.00067957
-0.00070924
-0.0007361
-0.00076005
-0.00078101
-0.00079889
-0.00081361
-0.00082512
-0.00083338
-0.00083834
-0.00084
-0.00083834
-0.00083338
-0.00082512
-0.00081361
-0.00079889
-0.00078101
-0.00076005
-0.0007361
-0.00070924
-0.00067957
-0.00064723
-0.00061233
-0.00057502
-0.00053544
-0.00049374
-0.00045009
-0.00040467
-0.00035765
-0.00030922
-0.00025957
-0.0002089
-0.0001574
-0.00010528
-5.2744e-05
4.12e-18
5.2744e-05
0.00010528
0.0001574
0.0002089
0.00025957
0.00030922
0.00035765
0.00040467
0.00045009
0.00049374
0.00053544
0.00057502
0.00061233
0.00064723
0.00067957
0.00070924
0.0007361
0.00076005
0.00078101
0.00079889
0.00081361
0.00082512
0.00083338
0.00083834
0.00084
0.00083834
0.00083338
0.00082512
0.00081361
0.00079889
0.00078101
0.00076005
0.0007361
0.00070924
0.00067957
0.00064723
0.00061233
0.00057502
0.00053544
0.00049374
0.00045009
0.00040467
0.00035765
0.00030922
0.00025957
0.0002089
0.0001574
0.00010528
5.2744e-05
4.9357e-18
-5.2744e-05
-0.00010528
-0.0001574
-0.0002089
-0.00025957
-0.00030922
-0.00035765
-0.00040467
-0.00045009
-0.00049374
-0.00053544
-0.00057502
-0.00061233
-0.00064723
-0.00067957
-0.00070924
-0.0007361
-0.00076005
-0.00078101
-0.00079889
-0.00081361
-0.00082512
-0.00083338
-0.00083834
-0.00084
-0.00083834
-0.00083338
-0.00082512
-0.00081361
-0.00079889
-0.00078101
-0.00076005
-0.0007361
-0.00070924
-0.00067957
-0.00064723
-0.00061233
-0.00057502
-0.00053544
-0.00049374
-0.00045009
-0.00040467
-0.00035765
-0.00030922
-0.00025957
-0.0002089
-0.0001574
-0.00010528
-5.2744e-05
-1.3991e-17
5.2744e-05
0.00010528
0.0001574
0.0002089
0.00025957
0.00030922
0.00035765
0.00040467
0.00045009
0.00049374
0.00053544
0.00057502
0.00061233
0.00064723
0.00067957
0.00070924
0.0007361
0.00076005
0.00078101
0.00079889
0.00081361
0.00082512
0.00083338
0.00083834
0.00084
0.00083834
0.00083338
0.00082512
0.00081361
0.00079889
0.00078101
0.00076005
0.0007361
0.00070924
0.00067957
0.00064723
0.00061233
0.00057502
0.00053544
0.00049374
0.00045009
0.00040467
0.00035765
0.00030922
0.00025957
0.0002089
0.0001574
0.00010528
5.2744e-05
2.3047e-17
-5.2744e-05
-0.00010528
-0.0001574
-0.0002089
-0.00025957
-0.00030922
-0.00035765
-0.00040467
-0.00045009
-0.00049374
-0.00053544
-0.00057502
-0.00061233
-0.00064723
-0.00067957
-0.00070924
-0.0007361
-0.00076005
-0.00078101
-0.00079889
-0.00081361
-0.00082512
-0.00083338
-0.00083834
-0.00084
-0.00083834
-0.00083338
-0.00082512
-0.00081361
-0.00079889
-0.00078101
-0.00076005
-0.0007361
-0.00070924
-0.00067957
-0.00064723
-0.00061233
-0.00057502
-0.00053544
-0.00049374
-0.00045009
-0.00040467
-0.00035765
-0.00030922
-0.00025957
-0.0002089
-0.0001574
-0.00010528
-5.2744e-05
1.5646e-17
5.2744e-05
0.00010528
0.0001574
0.0002089
0.00025957
0.00030922
0.00035765
0.00040467
0.00045009
0.00049374
0.00053544
0.00057502
0.00061233
0.00064723
0.00067957
0.00070924
0.0007361
0.00076005
0.00078101
0.00079889
0.00081361
0.00082512
0.00083338
0.00083834
0.00084
0.00083834
0.00083338
0.00082512
0.00081361
0.00079889
0.00078101
0.00076005
0.0007361
0.00070924
0.00067957
0.00064723
0.00061233
0.00057502
0.00053544
0.00049374
0.00045009
0.00040467
0.00035765
0.00030922
0.00025957
0.0002089
0.0001574
0.00010528
5.2744e-05
-6.5899e-18
-5.2744e-05
-0.00010528
-0.0001574
-0.0002089
-0.00025957
-0.00030922
-0.00035765
-0.00040467
-0.00045009
-0.00049374
-0.00053544
-0.00057502
-0.00061233
-0.00064723
-0.00067957
-0.00070924
-0.0007361
-0.00076005
-0.00078101
-0.00079889
-0.00081361
-0.00082512
-0.00083338
-0.00083834
-0.00084
-0.00083834
-0.00083338
-0.00082512
-0.00081361
-0.00079889
-0.00078101
-0.00076005
-0.0007361
-0.00070924
-0.00067957
-0.00064723
-0.00061233
-0.00057502
-0.00053544
-0.00049374
-0.00045009
-0.00040467
-0.00035765
-0.00030922
-0.00025957
-0.0002089
-0.0001574
-0.00010528
-5.2744e-05
-2.4658e-18
5.2744e-05
0.00010528
0.0001574
0.0002089
0.00025957
0.00030922
0.00035765
0.00040467
0.00045009
0.00049374
0.00053544
0.00057502
0.00061233
0.00064723
0.00067957
0.00070924
0.0007361
0.00076005
0.00078101
0.00079889
0.00081361
0.00082512
0.00083338
0.00083834
0.00084
0.00083834
0.00083338
0.00082512
0.00081361
0.00079889
0.00078101
0.00076005
0.0007361
0.00070924
0.00067957
0.00064723
0.00061233
0.00057502
0.00053544
0.00049374
0.00045009
0.00040467
0.00035765
0.00030922
0.00025957
0.0002089
0.0001574
0.00010528
5.2744e-05
1.1521e-17
-5.2744e-05
-0.00010528
-0.0001574
-0.0002089
-0.00025957
-0.00030922
-0.00035765
-0.00040467
-0.00045009
-0.00049374
-0.00053544
-0.00057502
-0.00061233
-0.00064723
-0.00067957
-0.00070924
-0.0007361
-0.00076005
-0.00078101
-0.00079889
-0.00081361
-0.00082512
-0.00083338
-0.00083834
-0.00084
-0.00083834
-0.00083338
-0.00082512
-0.00081361
-0.00079889
-0.00078101
-0.00076005
-0.0007361
-0.00070924
-0.00067957
-0.00064723
-0.00061233
-0.00057502
-0.00053544
-0.00049374
-0.00045009
-0.00040467
-0.00035765
-0.00030922
-0.00025957
-0.0002089
-0.0001574
-0.00010528
-5.2744e-05
-2.0577e-17
5.2744e-05
0.00010528
0.0001574
0.0002089
0.00025957
0.00030922
0.00035765
0.00040467
0.00045009
0.00049374
0.00053544
0.00057502
0.00061233
0.00064723
0.00067957
0.00070924
0.0007361
0.00076005
0.00078101
0.00079889
0.00081361
0.00082512
0.00083338
0.00083834
0.00084
0.00083834
0.00083338
0.00082512
0.00081361
0.00079889
0.00078101
0.00076005
0.0007361
0.00070924
0.00067957
0.00064723
0.00061233
0.00057502
0.00053544
0.00049374
0.00045009
0.00040467
0.00035765
0.00030922
0.00025957
0.0002089
0.0001574
0.00010528
5.2744e-05
-1.8116e-17
-5.2744e-05
-0.00010528
-0.0001574
-0.0002089
-0.00025957
-0.00030922
-0.00035765
-0.00040467
-0.00045009
-0.00049374
-0.00053544
-0.00057502
-0.00061233
-0.00064723
-0.00067957
-0.00070924
-0.0007361
-0.00076005
-0.00078101
-0.00079889
-0.00081361
-0.00082512
-0.00083338
-0.00083834
-0.00084
-0.00083834
-0.00083338
-0.00082512
-0.00081361
-0.00079889
-0.00078101
-0.00076005
-0.0007361
-0.00070924
-0.00067957
-0.00064723
-0.00061233
-0.00057502
-0.00053544
-0.00049374
-0.00045009
-0.00040467
-0.00035765
-0.00030922
-0.00025957
-0.0002089
-0.0001574
-0.00010528
-5.2744e-05
9.0599e-18
5.2744e-05
0.00010528
0.0001574
0.0002089
0.00025957
0.00030922
0.00035765
0.00040467
0.00045009
0.00049374
0.00053544
0.00057502
0.00061233
0.00064723
0.00067957
0.00070924
0.0007361
0.00076005
0.00078101
0.00079889
0.00081361
0.00082512
0.00083338
0.00083834
0.00084
0.00083834
0.00083338
0.00082512
0.00081361
0.00079889
0.00078101
0.00076005
0.0007361
0.00070924
0.00067957
0.00064723
0.00061233
0.00057502
0.00053544
0.00049374
0.00045009
0.00040467
0.00035765
0.00030922
0.00025957
0.0002089
0.0001574
0.00010528
5.2744e-05
-4.1554e-21
-5.2639e-05
-0.00010496
-0.00015677
-0.00020786
-0.00025802
-0.00030706
-0.00035479
-0.00040103
-0.00044559
-0.00048831
-0.00052901
-0.00056754
-0.00060376
-0.00063752
-0.0006687
-0.00069718
-0.00072285
-0.00074561
-0.00076539
-0.00078211
-0.00079571
-0.00080614
-0.00081338
-0.00081738
-0.00081816
-0.00081571
-0.00081004
-0.00080119
-0.0007892
-0.00077412
-0.00075602
-0.00073497
-0.00071107
-0.00068441
-0.00065511
-0.00062328
-0.00058906
-0.00055259
-0.00051402
-0.0004735
-0.00043119
-0.00038727
-0.00034192
-0.00029531
-0.00024763
-0.00019908
-0.00014985
-0.00010012
-5.0107e-05
-8.5899e-18
5.0001e-05
9.97e-05
0.0001489
0.00019741
0.00024504
0.0002916
0.00033691
0.0003808
0.00042309
0.00046362
0.00050224
0.00053879
0.00057314
0.00060516
0.00063472
0.00066172
0.00068604
0.00070761
0.00072634
0.00074217
0.00075503
0.00076489
0.00077171
0.00077547
0.00077616
0.00077379
0.00076837
0.00075994
0.00074852
0.00073418
0.00071697
0.00069697
0.00067427
0.00064895
0.00062113
0.00059092
0.00055845
0.00052384
0.00048725
0.00044881
0.00040869
0.00036704
0.00032404
0.00027985
0.00023466
0.00018864
0.00014198
9.4857e-05
4.747e-05
-2.6647e-17
-4.7364e-05
-9.4436e-05
-0.00014103
-0.00018697
-0.00023206
-0.00027614
-0.00031903
-0.00036056
-0.00040058
-0.00043893
-0.00047547
-0.00051004
-0.00054253
-0.0005728
-0.00060074
-0.00062625
-0.00064924
-0.00066961
-0.00068729
-0.00070222
-0.00071435
-0.00072363
-0.00073004
-0.00073355
-0.00073416
-0.00073187
-0.0007267
-0.00071868
-0.00070784
-0.00069423
-0.00067792
-0.00065897
-0.00063746
-0.00061349
-0.00058715
-0.00055856
-0.00052783
-0.00049509
-0.00046048
-0.00042412
-0.00038618
-0.0003468
-0.00030615
-0.00026439
-0.00022168
-0.00017819
-0.00013411
-8.9593e-05
-4.4832e-05
1.7477e-17
4.4727e-05
8.9172e-05
0.00013316
0.00017652
0.00021908
0.00026068
0.00030115
0.00034033
0.00037808
0.00041425
0.0004487
0.00048129
0.00051191
0.00054044
0.00056676
0.00059079
0.00061243
0.00063161
0.00064824
0.00066228
0.00067367
0.00068238
0.00068837
0.00069163
0.00069216
0.00068996
0.00068504
0.00067742
0.00066716
0.00065429
0.00063887
0.00062096
0.00060066
0.00057803
0.00055317
0.0005262
0.00049721
0.00046634
0.0004337
0.00039944
0.00036368
0.00032657
0.00028827
0.00024893
0.0002087
0.00016775
0.00012624
8.4329e-05
4.2195e-05
2.8939e-17
-4.209e-05
-8.3908e-05
-0.00012529
-0.00016608
-0.0002061
-0.00024522
-0.00028326
-0.0003201
-0.00035557
-0.00038956
-0.00042192
-0.00045254
-0.00048129
-0.00050808
-0.00053279
-0.00055533
-0.00057563
-0.0005936
-0.00060919
-0.00062233
-0.00063299
-0.00064112
-0.0006467
-0.00064972
-0.00065016
-0.00064804
-0.00064337
-0.00063617
-0.00062648
-0.00061434
-0.00059982
-0.00058296
-0.00056385
-0.00054257
-0.00051919
-0.00049384
-0.0004666
-0.00043759
-0.00040693
-0.00037475
-0.00034117
-0.00030634
-0.00027039
-0.00023346
-0.00019572
-0.0001573
-0.00011837
-7.9065e-05
-3.9558e-05
-3.3911e-17
3.9453e-05
7.8644e-05
0.00011742
0.00015563
0.00019312
0.00022975
0.00026538
0.00029986
0.00033307
0.00036487
0.00039515
0.00042379
0.00045068
0.00047571
0.00049881
0.00051987
0.00053882
0.0005556
0.00057014
0.00058239
0.00059231
0.00059986
0.00060503
0.0006078
0.00060816
0.00060612
0.0006017
0.00059491
0.0005858
0.0005744
0.00056077
0.00054496
0.00052705
0.0005071
0.00048522
0.00046148
0.00043598
0.00040884
0.00038016
0.00035006
0.00031867
0.0002861
0.0002525
0.000218
0.00018274
0.00014686
0.0001105
7.3801e-05
3.6921e-05
3.7977e-17
-3.6815e-05
-7.338e-05
-0.00010955
-0.00014519
-0.00018014
-0.00021429
-0.0002475
-0.00027963
-0.00031057
-0.00034019
-0.00036838
-0.00039504
-0.00042006
-0.00044335
-0.00046483
-0.00048441
-0.00050202
-0.0005176
-0.00053109
-0.00054244
-0.00055163
-0.00055861
-0.00056336
-0.00056588
-0.00056616
-0.0005642
-0.00056003
-0.00055366
-0.00054512
-0.00053446
-0.00052172
-0.00050696
-0.00049024
-0.00047164
-0.00045124
-0.00042911
-0.00040536
-0.00038009
-0.00035339
-0.00032537
-0.00029616
-0.00026587
-0.00023462
-0.00020254
-0.00016976
-0.00013641
-0.00010262
-6.8537e-05
-3.4284e-05
-1.0149e-17
3.4178e-05
6.8116e-05
0.00010168
0.00013474
0.00016717
0.00019883
0.00022961
0.0002594
0.00028806
0.0003155
0.00034161
0.00036629
0.00038944
0.00041099
0.00043085
0.00044895
0.00046521
0.00047959
0.00049204
0.0005025
0.00051095
0.00051735
0.00052169
0.00052396
0.00052416
0.00052229
0.00051836
0.0005124
0.00050444
0.00049451
0.00048267
0.00046895
0.00045344
0.00043618
0.00041726
0.00039675
0.00037475
0.00035134
0.00032662
0.00030069
0.00027366
0.00024564
0.00021674
0.00018708
0.00015678
0.00012597
9.4755e-05
6.3273e-05
3.1646e-05
4.3392e-17
-3.1541e-05
-6.2852e-05
-9.3811e-05
-0.0001243
-0.00015419
-0.00018337
-0.00021173
-0.00023916
-0.00026556
-0.00029081
-0.00031484
-0.00033754
-0.00035883
-0.00037863
-0.00039687
-0.00041348
-0.00042841
-0.00044159
-0.00045299
-0.00046256
-0.00047027
-0.00047609
-0.00048002
-0.00048205
-0.00048216
-0.00048037
-0.00047669
-0.00047114
-0.00046376
-0.00045457
-0.00044361
-0.00043095
-0.00041663
-0.00040072
-0.00038328
-0.00036439
-0.00034413
-0.00032259
-0.00029984
-0.000276
-0.00025115
-0.0002254
-0.00019886
-0.00017162
-0.0001438
-0.00011552
-8.6885e-05
-5.8009e-05
-2.9009e-05
-1.8528e-17
2.8904e-05
5.7588e-05
8.5941e-05
0.00011385
0.00014121
0.00016791
0.00019385
0.00021893
0.00024305
0.00026613
0.00028806
0.00030879
0.00032821
0.00034627
0.00036289
0.00037802
0.0003916
0.00040359
0.00041394
0.00042261
0.00042959
0.00043484
0.00043836
0.00044013
0.00044016
0.00043845
0.00043502
0.00042989
0.00042308
0.00041462
0.00040456
0.00039295
0.00037983
0.00036526
0.0003493
0.00033203
0.00031351
0.00029383
0.00027307
0.00025131
0.00022865
0.00020517
0.00018097
0.00015616
0.00013083
0.00010508
7.9015e-05
5.2745e-05
2.6372e-05
2.1359e-17
-2.6267e-05
-5.2324e-05
-7.8071e-05
-0.00010341
-0.00012823
-0.00015245
-0.00017597
-0.00019869
-0.00022055
-0.00024144
-0.00026129
-0.00028003
-0.00029759
-0.00031391
-0.00032891
-0.00034256
-0.0003548
-0.00036559
-0.00037489
-0.00038267
-0.00038891
-0.00039358
-0.00039669
-0.00039821
-0.00039816
-0.00039654
-0.00039335
-0.00038863
-0.0003824
-0.00037468
-0.00036551
-0.00035495
-0.00034302
-0.00032979
-0.00031532
-0.00029967
-0.0002829
-0.00026508
-0.0002463
-0.00022663
-0.00020614
-0.00018494
-0.00016309
-0.0001407
-0.00011785
-9.4631e-05
-7.1145e-05
-4.7481e-05
-2.3735e-05
-2.3285e-17
2.3629e-05
4.706e-05
7.0201e-05
9.296e-05
0.00011525
0.00013699
0.00015808
0.00017846
0.00019804
0.00021675
0.00023452
0.00025128
0.00026698
0.00028155
0.00029494
0.0003071
0.00031799
0.00032758
0.00033584
0.00034272
0.00034823
0.00035233
0.00035502
0.0003563
0.00035616
0.00035462
0.00035168
0.00034738
0.00034172
0.00033473
0.00032646
0.00031694
0.00030622
0.00029433
0.00028134
0.00026731
0.00025228
0.00023633
0.00021953
0.00020194
0.00018364
0.0001647
0.00014521
0.00012524
0.00010487
8.4187e-05
6.3275e-05
4.2217e-05
2.1098e-05
5.2538e-18
-2.0992e-05
-4.1796e-05
-6.2331e-05
-8.2515e-05
-0.00010227
-0.00012153
-0.0001402
-0.00015823
-0.00017554
-0.00019206
-0.00020775
-0.00022253
-0.00023636
-0.00024918
-0.00026096
-0.00027164
-0.00028119
-0.00028958
-0.00029678
-0.00030278
-0.00030754
-0.00031107
-0.00031335
-0.00031438
-0.00031416
-0.0003127
-0.00031002
-0.00030612
-0.00030104
-0.00029479
-0.00028741
-0.00027894
-0.00026941
-0.00025887
-0.00024737
-0.00023494
-0.00022166
-0.00020758
-0.00019276
-0.00017725
-0.00016113
-0.00014447
-0.00012733
-0.00010977
-9.1889e-05
-7.3742e-05
-5.5405e-05
-3.6953e-05
-1.846e-05
-2.442e-17
1.8355e-05
3.6532e-05
5.4461e-05
7.207e-05
8.9294e-05
0.00010606
0.00012232
0.00013799
0.00015303
0.00016738
0.00018098
0.00019378
0.00020574
0.00021682
0.00022698
0.00023618
0.00024438
0.00025158
0.00025773
0.00026283
0.00026686
0.00026981
0.00027168
0.00027246
0.00027216
0.00027078
0.00026835
0.00026486
0.00026036
0.00025485
0.00024836
0.00024094
0.00023261
0.00022341
0.00021339
0.00020258
0.00019105
0.00017883
0.00016599
0.00015257
0.00013863
0.00012423
0.00010944
9.4314e-05
7.8911e-05
6.3297e-05
4.7535e-05
3.1689e-05
1.5823e-05
9.3524e-18
-1.5718e-05
-3.1268e-05
-4.659e-05
-6.1625e-05
-7.6315e-05
-9.0603e-05
-0.00010444
-0.00011776
-0.00013053
-0.00014269
-0.00015421
-0.00016503
-0.00017513
-0.00018446
-0.000193
-0.00020071
-0.00020758
-0.00021358
-0.00021868
-0.00022289
-0.00022618
-0.00022856
-0.00023001
-0.00023054
-0.00023016
-0.00022887
-0.00022668
-0.00022361
-0.00021967
-0.0002149
-0.00020931
-0.00020293
-0.0001958
-0.00018795
-0.00017941
-0.00017022
-0.00016043
-0.00015008
-0.00013921
-0.00012788
-0.00011612
-0.000104
-9.156e-05
-7.8852e-05
-6.5932e-05
-5.2852e-05
-3.9665e-05
-2.6425e-05
-1.3186e-05
-1.0043e-17
1.3081e-05
2.6004e-05
3.872e-05
5.118e-05
6.3336e-05
7.5142e-05
8.6552e-05
9.7526e-05
0.00010802
0.000118
0.00012743
0.00013628
0.00014451
0.0001521
0.00015902
0.00016525
0.00017077
0.00017557
0.00017963
0.00018295
0.0001855
0.0001873
0.00018834
0.00018863
0.00018816
0.00018695
0.00018501
0.00018235
0.00017899
0.00017496
0.00017026
0.00016493
0.000159
0.00015249
0.00014543
0.00013786
0.00012981
0.00012133
0.00011244
0.00010319
9.362e-05
8.3767e-05
7.3677e-05
6.3391e-05
5.2953e-05
4.2407e-05
3.1795e-05
2.1161e-05
1.0549e-05
9.8287e-18
-1.0443e-05
-2.074e-05
-3.085e-05
-4.0735e-05
-5.0357e-05
-5.968e-05
-6.867e-05
-7.7293e-05
-8.5518e-05
-9.3317e-05
-0.00010066
-0.00010753
-0.00011389
-0.00011974
-0.00012504
-0.00012979
-0.00013397
-0.00013757
-0.00014058
-0.000143
-0.00014482
-0.00014605
-0.00014667
-0.00014671
-0.00014616
-0.00014503
-0.00014334
-0.0001411
-0.00013831
-0.00013501
-0.00013121
-0.00012693
-0.00012219
-0.00011702
-0.00011145
-0.0001055
-9.9198e-05
-9.2578e-05
-8.567e-05
-7.8505e-05
-7.1115e-05
-6.3534e-05
-5.5794e-05
-4.793e-05
-3.9974e-05
-3.1962e-05
-2.3925e-05
-1.5897e-05
-7.9116e-06
-1.5939e-18
7.8061e-06
1.5476e-05
2.298e-05
3.029e-05
3.7379e-05
4.4219e-05
5.0787e-05
5.7059e-05
6.3013e-05
6.863e-05
7.389e-05
7.8778e-05
8.3277e-05
8.7376e-05
9.1063e-05
9.4328e-05
9.7165e-05
9.9567e-05
0.00010153
0.00010306
0.00010414
0.00010479
0.00010501
0.00010479
0.00010416
0.00010312
0.00010167
9.984e-05
9.7633e-05
9.5068e-05
9.2159e-05
8.8926e-05
8.5387e-05
8.1562e-05
7.7471e-05
7.3137e-05
6.8581e-05
6.3827e-05
5.8898e-05
5.3818e-05
4.861e-05
4.33e-05
3.7911e-05
3.2469e-05
2.6996e-05
2.1517e-05
1.6055e-05
1.0633e-05
5.2744e-06
6.6827e-18
-5.1689e-06
-1.0212e-05
-1.511e-05
-1.9845e-05
-2.44e-05
-2.8758e-05
-3.2904e-05
-3.6825e-05
-4.0509e-05
-4.3943e-05
-4.7118e-05
-5.0027e-05
-5.2661e-05
-5.5015e-05
-5.7084e-05
-5.8867e-05
-6.036e-05
-6.1564e-05
-6.2481e-05
-6.3112e-05
-6.3462e-05
-6.3534e-05
-6.3337e-05
-6.2876e-05
-6.216e-05
-6.1199e-05
-6.0003e-05
-5.8584e-05
-5.6953e-05
-5.5123e-05
-5.3109e-05
-5.0924e-05
-4.8582e-05
-4.61e-05
-4.3493e-05
-4.0776e-05
-3.7965e-05
-3.5076e-05
-3.2126e-05
-2.9131e-05
-2.6105e-05
-2.3066e-05
-2.0029e-05
-1.7007e-05
-1.4017e-05
-1.1072e-05
-8.1848e-06
-5.3693e-06
-2.6372e-06
-1.4116e-18
2.5317e-06
4.9482e-06
7.2404e-06
9.4005e-06
1.1421e-05
1.3297e-05
1.5021e-05
1.6592e-05
1.8004e-05
1.9256e-05
2.0347e-05
2.1276e-05
2.2044e-05
2.2653e-05
2.3106e-05
2.3405e-05
2.3555e-05
2.3562e-05
2.343e-05
2.3168e-05
2.2781e-05
2.2278e-05
2.1668e-05
2.0959e-05
2.016e-05
1.9282e-05
1.8334e-05
1.7328e-05
1.6272e-05
1.5179e-05
1.4058e-05
1.2921e-05
1.1778e-05
1.0639e-05
9.514e-06
8.414e-06
7.348e-06
6.3252e-06
5.3544e-06
4.4437e-06
3.6008e-06
2.8327e-06
2.1459e-06
1.5461e-06
1.0383e-06
6.267e-07
3.148e-07
1.0528e-07
0
0
-0
-0
-0
-0
-0
-0
-0
-0
-0
-0
-0
-0
-0
-0
-0
-0
-0
-0
-0
-0
-0
-0
-0
-0
-0
-0
-0
-0
-0
-0
-0
-0
-0
-0
-0
-0
-0
-0
-0
-0
-0
-0
-0
-0
-0
-0
-0
-0
-0
-0
0
0
0
0
0
0
0
0
0
0
0
0
0
0
0
0
0
0
0
0
0
0
0
0
0
0
0
0
0
0
0
0
0
0
0
0
0
0
0
0
0
0
0
0
0
0
0
0
0
0
-0
-0
-0
-0
-0
-0
-0
-0
-0
-0
-0
-0
-0
-0
-0
-0
-0
-0
-0
-0
-0
-0
-0
-0
-0
-0
-0
-0
-0
-0
-0
-0
-0
-0
-0
-0
-0
-0
-0
-0
-0
-0
-0
-0
-0
-0
-0
-0
-0
-0
0
0
0
0
0
0
0
0
0
0
0
0
0
0
0
0
0
0
0
0
0
0
0
0
0
0
0
0
0
0
0
0
0
0
0
0
0
0
0
0
0
0
0
0
0
0
0
0
0
0
-0
-0
-0
-0
-0
-0
-0
-0
-0
-0
-0
-0
-0
-0
-0
-0
-0
-0
-0
-0
-0
-0
-0
-0
-0
-0
-0
-0
-0
-0
-0
-0
-0
-0
-0
-0
-0
-0
-0
-0
-0
-0
-0
-0
-0
-0
-0
-0
-0
-0
0
0
0
0
0
0
0
0
0
0
0
0
0
0
0
0
0
0
0
0
0
0
0
0
0
0
0
0
0
0
0
0
0
0
0
0
0
0
0
0
0
0
0
0
0
0
0
0
0
0
-0
-0
-0
-0
-0
-0
-0
-0
-0
-0
-0
-0
-0
-0
-0
-0
-0
-0
-0
-0
-0
-0
-0
-0
-0
-0
-0
-0
-0
-0
-0
-0
-0
-0
-0
-0
-0
-0
-0
-0
-0
-0
-0
-0
-0
-0
-0
-0
-0
-0
0
0
0
0
0
0
0
0
0
0
0
0
0
0
0
0
0
0
0
0
0
0
0
0
0
0
0
0
0
0
0
0
0
0
0
0
0
0
0
0
0
0
0
0
0
0
0
0
0
0
-0
-0
-0
-0
-0
-0
-0
-0
-0
-0
-0
-0
-0
-0
-0
-0
-0
-0
-0
-0
-0
-0
-0
-0
-0
-0
-0
-0
-0
-0
-0
-0
-0
-0
-0
-0
-0
-0
-0
-0
-0
-0
-0
-0
-0
-0
-0
-0
-0
-0
0
0
0
0
0
0
0
0
0
0
0
0
0
0
0
0
0
0
0
0
0
0
0
0
0
0
0
0
0
0
0
0
0
0
0
0
0
0
0
0
0
0
0
0
0
0
0
0
0
0
-0
-0
-0
-0
-0
-0
-0
-0
-0
-0
-0
-0
-0
-0
-0
-0
-0
-0
-0
-0
-0
-0
-0
-0
-0
-0
-0
-0
-0
-0
-0
-0
-0
-0
-0
-0
-0
-0
-0
-0
-0
-0
-0
-0
-0
-0
-0
-0
-0
-0
0
0
0
0
0
0
0
0
0
0
0
0
0
0
0
0
0
0
0
0
0
0
0
0
0
0
0
0
0
0
0
0
0
0
0
0
0
0
0
0
0
0
0
0
0
0
0
0
0
0
-0
-0
-0
-0
-0
-0
-0
-0
-0
-0
-0
-0
-0
-0
-0
-0
-0
-0
-0
-0
-0
-0
-0
-0
-0
-0
-0
-0
-0
-0
-0
-0
-0
-0
-0
-0
-0
-0
-0
-0
-0
-0
-0
-0
-0
-0
-0
-0
-0
-0
0
0
0
0
0
0
0
0
0
0
0
0
0
0
0
0
0
0
0
0
0
0
0
0
0
0
0
0
0
0
0
0
0
0
0
0
0
0
0
0
0
0
0
0
0
0
0
0
0
0
-0
-0
-0
-0
-0
-0
-0
-0
-0
-0
-0
-0
-0
-0
-0
-0
-0
-0
-0
-0
-0
-0
-0
-0
-0
-0
-0
-0
-0
-0
-0
-0
-0
-0
-0
-0
-0
-0
-0
-0
-0
-0
-0
-0
-0
-0
-0
-0
-0
-0
0
0
0
0
0
0
0
0
0
0
0
0
0
0
0
0
0
0
0
0
0
0
0
0
0
0
0
0
0
0
0
0
0
0
0
0
0
0
0
0
0
0
0
0
0
0
0
0
0
0
-0
-0
-0
-0
-0
-0
-0
-0
-0
-0
-0
-0
-0
-0
-0
-0
-0
-0
-0
-0
-0
-0
-0
-0
-0
-0
-0
-0
-0
-0
-0
-0
-0
-0
-0
-0
-0
-0
-0
-0
-0
-0
-0
-0
-0
-0
-0
-0
-0
-0
0
0
0
0
0
0
0
0
0
0
0
0
0
0
0
0
0
0
0
0
0
0
0
0
0
0
0
0
0
0
0
0
0
0
0
0
0
0
0
0
0
0
0
0
0
0
0
0
0
0
-0
-0
-0
-0
-0
-0
-0
-0
-0
-0
-0
-0
-0
-0
-0
-0
-0
-0
-0
-0
-0
-0
-0
-0
-0
-0
-0
-0
-0
-0
-0
-0
-0
-0
-0
-0
-0
-0
-0
-0
-0
-0
-0
-0
-0
-0
-0
-0
-0
-0
0
0
0
0
0
0
0
0
0
0
0
0
0
0
0
0
0
0
0
0
0
0
0
0
0
0
0
0
0
0
0
0
0
0
0
0
0
0
0
0
0
0
0
0
0
0
0
0
0
0
-0
-0
-0
-0
-0
-0
-0
-0
-0
-0
-0
-0
-0
-0
-0
-0
-0
-0
-0
-0
-0
-0
-0
-0
-0
-0
-0
-0
-0
-0
-0
-0
-0
-0
-0
-0
-0
-0
-0
-0
-0
-0
-0
-0
-0
-0
-0
-0
-0
-0
0
0
0
0
0
0
0
0
0
0
0
0
0
0
0
0
0
0
0
0
0
0
0
0
0
0
0
0
0
0
0
0
0
0
0
0
0
0
0
0
0
0
0
0
0
0
0
0
0
-0
-0
-0
-0
-0
-0
-0
-0
-0
-0
-0
-0
-0
-0
-0
-0
-0
-0
-0
-0
-0
-0
-0
-0
-0
-0
-0
-0
-0
-0
-0
-0
-0
-0
-0
-0
-0
-0
-0
-0
-0
-0
-0
-0
-0
-0
-0
-0
-0
-0
-0
0
0
0
0
0
0
0
0
0
0
0
0
0
0
0
0
0
0
0
0
0
0
0
0
0
0
0
0
0
0
0
0
0
0
0
0
0
0
0
0
0
0
0
0
0
0
0
0
0
0
-0
-0
-0
-0
-0
-0
-0
-0
-0
-0
-0
-0
-0
-0
-0
-0
-0
-0
-0
-0
-0
-0
-0
-0
-0
-0
-0
-0
-0
-0
-0
-0
-0
-0
-0
-0
-0
-0
-0
-0
-0
-0
-0
-0
-0
-0
-0
-0
-0
0
0
0
0
0
0
0
0
0
0
0
0
0
0
0
0
0
0
0
0
0
0
0
0
0
0
0
0
0
0
0
0
0
0
0
0
0
0
0
0
0
0
0
0
0
0
0
0
0
0
0
-0
-0
-0
-0
-0
-0
-0
-0
-0
-0
-0
-0
-0
-0
-0
-0
-0
-0
-0
-0
-0
-0
-0
-0
-0
-0
-0
-0
-0
-0
-0
-0
-0
-0
-0
-0
-0
-0
-0
-0
-0
-0
-0
-0
-0
-0
-0
-0
-0
-0
0
0
0
0
0
0
0
0
0
0
0
0
0
0
0
0
0
0
0
0
0
0
0
0
0
0
0
0
0
0
0
0
0
0
0
0
0
0
0
0
0
0
0
0
0
0
0
0
0
0
-0
-0
-0
-0
-0
-0
-0
-0
-0
-0
-0
-0
-0
-0
-0
-0
-0
-0
-0
-0
-0
-0
-0
-0
-0
-0
-0
-0
-0
-0
-0
-0
-0
-0
-0
-0
-0
-0
-0
-0
-0
-0
-0
-0
-0
-0
-0
-0
-0
-0
0
0
0
0
0
0
0
0
0
0
0
0
0
0
0
0
0
0
0
0
0
0
0
0
0
0
0
0
0
0
0
0
0
0
0
0
0
0
0
0
0
0
0
0
0
0
0
0
0
-0
-0
-0
-0
-0
-0
-0
-0
-0
-0
-0
-0
-0
-0
-0
-0
-0
-0
-0
-0
-0
-0
-0
-0
-0
-0
-0
-0
-0
-0
-0
-0
-0
-0
-0
-0
-0
-0
-0
-0
-0
-0
-0
-0
-0
-0
-0
-0
-0
-0
-0
0
0
0
0
0
0
0
0
0
0
0
0
0
0
0
0
0
0
0
0
0
0
0
0
0
0
0
0
0
0
0
0
0
0
0
0
0
0
0
0
0
0
0
0
0
0
0
0
0
-0
-0
-0
-0
-0
-0
-0
-0
-0
-0
-0
-0
-0
-0
-0
-0
-0
-0
-0
-0
-0
-0
-0
-0
-0
-0
-0
-0
-0
-0
-0
-0
-0
-0
-0
-0
-0
-0
-0
-0
-0
-0
-0
-0
-0
-0
-0
-0
-0
-0
-0
0
0
0
0
0
0
0
0
0
0
0
0
0
0
0
0
0
0
0
0
0
0
0
0
0
0
0
0
0
0
0
0
0
0
0
0
0
0
0
0
0
0
0
0
0
0
0
0
0
0
-0
-0
-0
-0
-0
-0
-0
-0
-0
-0
-0
-0
-0
-0
-0
-0
-0
-0
-0
-0
-0
-0
-0
-0
-0
-0
-0
-0
-0
-0
-0
-0
-0
-0
-0
-0
-0
-0
-0
-0
-0
-0
-0
-0
-0
-0
-0
-0
-0
-0
0
0
0
0
0
0
0
0
0
0
0
0
0
0
0
0
0
0
0
0
0
0
0
0
0
0
0
0
0
0
0
0
0
0
0
0
0
0
0
0
0
0
0
0
0
0
0
0
0
0
-0
-0
-0
-0
-0
-0
-0
-0
-0
-0
-0
-0
-0
-0
-0
-0
-0
-0
-0
-0
-0
-0
-0
-0
-0
-0
-0
-0
-0
-0
-0
-0
-0
-0
-0
-0
-0
-0
-0
-0
-0
-0
-0
-0
-0
-0
-0
-0
-0
-0
0
0
0
0
0
0
0
0
0
0
0
0
0
0
0
0
0
0
0
0
0
0
0
0
0
0
0
0
0
0
0
0
0
0
0
0
0
0
0
0
0
0
0
0
0
0
0
0
0
0
-0
-0
-0
-0
-0
-0
-0
-0
-0
-0
-0
-0
-0
-0
-0
-0
-0
-0
-0
-0
-0
-0
-0
-0
-0
-0
-0
-0
-0
-0
-0
-0
-0
-0
-0
-0
-0
-0
-0
-0
-0
-0
-0
-0
-0
-0
-0
-0
-0
-0
0
0
0
0
0
0
0
0
0
0
0
0
0
0
0
0
0
0
0
0
0
0
0
0
0
0
0
0
0
0
0
0
0
0
0
0
0
0
0
0
0
0
0
0
0
0
0
0
0
-0
-0
-0
-0
-0
-0
-0
-0
-0
-0
-0
-0
-0
-0
-0
-0
-0
-0
-0
-0
-0
-0
-0
-0
-0
-0
-0
-0
-0
-0
-0
-0
-0
-0
-0
-0
-0
-0
-0
-0
-0
-0
-0
-0
-0
-0
-0
-0
-0
-0
-0
0
0
0
0
0
0
0
0
0
0
0
0
0
0
0
0
0
0
0
0
0
0
0
0
0
0
0
0
0
0
0
0
0
0
0
0
0
0
0
0
0
0
0
0
0
0
0
0
0
-0
-0
-0
-0
-0
-0
-0
-0
-0
-0
-0
-0
-0
-0
-0
-0
-0
-0
-0
-0
-0
-0
-0
-0
-0
-0
-0
-0
-0
-0
-0
-0
-0
-0
-0
-0
-0
-0
-0
-0
-0
-0
-0
-0
-0
-0
-0
-0
-0
-0
-0
0
0
0
0
0
0
0
0
0
0
0
0
0
0
0
0
0
0
0
0
0
0
0
0
0
0
0
0
0
0
0
0
0
0
0
0
0
0
0
0
0
0
0
0
0
0
0
0
0
0
-0
-0
-0
-0
-0
-0
-0
-0
-0
-0
-0
-0
-0
-0
-0
-0
-0
-0
-0
-0
-0
-0
-0
-0
-0
-0
-0
-0
-0
-0
-0
-0
-0
-0
-0
-0
-0
-0
-0
-0
-0
-0
-0
-0
-0
-0
-0
-0
-0
-0
0
0
0
0
0
0
0
0
0
0
0
0
0
0
0
0
0
0
0
0
0
0
0
0
0
0
0
0
0
0
0
0
0
0
0
0
0
0
0
0
0
0
0
0
0
0
0
0
0
0
-0
-0
-0
-0
-0
-0
-0
-0
-0
-0
-0
-0
-0
-0
-0
-0
-0
-0
-0
-0
-0
-0
-0
-0
-0
-0
-0
-0
-0
-0
-0
-0
-0
-0
-0
-0
-0
-0
-0
-0
-0
-0
-0
-0
-0
-0
-0
-0
-0
-0
0
0
0
0
0
0
0
0
0
0
0
0
0
0
0
0
0
0
0
0
0
0
0
0
0
0
0
0
0
0
0
0
0
0
0
0
0
0
0
0
0
0
0
0
0
0
0
0
0
0
-0
-0
-0
-0
-0
-0
-0
-0
-0
-0
-0
-0
-0
-0
-0
-0
-0
-0
-0
-0
-0
-0
-0
-0
-0
-0
-0
-0
-0
-0
-0
-0
-0
-0
-0
-0
-0
-0
-0
-0
-0
-0
-0
-0
-0
-0
-0
-0
-0
-0
0
0
0
0
0
0
0
0
0
0
0
0
0
0
0
0
0
0
0
0
0
0
0
0
0
0
0
0
0
0
0
0
0
0
0
0
0
0
0
0
0
0
0
0
0
0
0
0
0
-0
-0
-0
-0
-0
-0
-0
-0
-0
-0
-0
-0
-0
-0
-0
-0
-0
-0
-0
-0
-0
-0
-0
-0
-0
-0
-0
-0
-0
-0
-0
-0
-0
-0
-0
-0
-0
-0
-0
-0
-0
-0
-0
-0
-0
-0
-0
-0
-0
-0
-0
0
0
0
0
0
0
0
0
0
0
0
0
0
0
0
0
0
0
0
0
0
0
0
0
0
0
0
0
0
0
0
0
0
0
0
0
0
0
0
0
0
0
0
0
0
0
0
0
0
-0
-0
-0
-0
-0
-0
-0
-0
-0
-0
-0
-0
-0
-0
-0
-0
-0
-0
-0
-0
-0
-0
-0
-0
-0
-0
-0
-0
-0
-0
-0
-0
-0
-0
-0
-0
-0
-0
-0
-0
-0
-0
-0
-0
-0
-0
-0
-0
-0
-0
-0
0
0
0
0
0
0
0
0
0
0
0
0
0
0
0
0
0
0
0
0
0
0
0
0
0
0
0
0
0
0
0
0
0
0
0
0
0
0
0
0
0
0
0
0
0
0
0
0
0
0
-0
-0
-0
-0
-0
-0
-0
-0
-0
-0
-0
-0
-0
-0
-0
-0
-0
-0
-0
-0
-0
-0
-0
-0
-0
-0
-0
-0
-0
-0
-0
-0
-0
-0
-0
-0
-0
-0
-0
-0
-0
-0
-0
-0
-0
-0
-0
-0
-0
-0
0
0
0
0
0
0
0
0
0
0
0
0
0
0
0
0
0
0
0
0
0
0
0
0
0
0
0
0
0
0
0
0
0
0
0
0
0
0
0
0
0
0
0
0
0
0
0
0
0
0
-0
-0
-0
-0
-0
-0
-0
-0
-0
-0
-0
-0
-0
-0
-0
-0
-0
-0
-0
-0
-0
-0
-0
-0
-0
-0
-0
-0
-0
-0
-0
-0
-0
-0
-0
-0
-0
-0
-0
-0
-0
-0
-0
-0
-0
-0
-0
-0
-0
-0
0
0
0
0
0
0
0
0
0
0
0
0
0
0
0
0
0
0
0
0
0
0
0
0
0
0
0
0
0
0
0
0
0
0
0
0
0
0
0
0
0
0
0
0
0
0
0
0
0
0
-0
-0
-0
-0
-0
-0
-0
-0
-0
-0
-0
-0
-0
-0
-0
-0
-0
-0
-0
-0
-0
-0
-0
-0
-0
-0
-0
-0
-0
-0
-0
-0
-0
-0
-0
-0
-0
-0
-0
-0
-0
-0
-0
-0
-0
-0
-0
-0
-0
-0
0
0
0
0
0
0
0
0
0
0
0
0
0
0
0
0
0
0
0
0
0
0
0
0
0
0
0
0
0
0
0
0
0
0
0
0
0
0
0
0
0
0
0
0
0
0
0
0
0
-0
-0
-0
-0
-0
-0
-0
-0
-0
-0
-0
-0
-0
-0
-0
-0
-0
-0
-0
-0
-0
-0
-0
-0
-0
-0
-0
-0
-0
-0
-0
-0
-0
-0
-0
-0
-0
-0
-0
-0
-0
-0
-0
-0
-0
-0
-0
-0
-0
-0
-0
0
0
0
0
0
0
0
0
0
0
0
0
0
0
0
0
0
0
0
0
0
0
0
0
0
0
0
0
0
0
0
0
0
0
0
0
0
0
0
0
0
0
0
0
0
0
0
0
0
-0
-0
-0
-0
-0
-0
-0
-0
-0
-0
-0
-0
-0
-0
-0
-0
-0
-0
-0
-0
-0
-0
-0
-0
-0
-0
-0
-0
-0
-0
-0
-0
-0
-0
-0
-0
-0
-0
-0
-0
-0
-0
-0
-0
-0
-0
-0
-0
-0
-0
-0
0
0
0
0
0
0
0
0
0
0
0
0
0
0
0
0
0
0
0
0
0
0
0
0
0
0
0
0
0
0
0
0
0
0
0
0
0
0
0
0
0
0
0
0
0
0
0
0
0
-0
