0
0
0
0
0
0
0
0
0
0
0
0
0
0
0
0
0
0
0
0
0
0
0
0
0
0
0
0
0
0
0
0
0
0
0
0
0
0
0
0
0
0
0
0
0
0
0
0
0
0
0
-0
-0
-0
-0
-0
-0
-0
-0
-0
-0
-0
-0
-0
-0
-0
-0
-0
-0
-0
-0
-0
-0
-0
-0
-0
-0
-0
-0
-0
-0
-0
-0
-0
-0
-0
-0
-0
-0
-0
-0
-0
-0
-0
-0
-0
-0
-0
-0
-0
-0
0
0
0
0
0
0
0
0
0
0
0
0
0
0
0
0
0
0
0
0
0
0
0
0
0
0
0
0
0
0
0
0
0
0
0
0
0
0
0
0
0
0
0
0
0
0
0
0
0
0
-0
-0
-0
-0
-0
-0
-0
-0
-0
-0
-0
-0
-0
-0
-0
-0
-0
-0
-0
-0
-0
-0
-0
-0
-0
-0
-0
-0
-0
-0
-0
-0
-0
-0
-0
-0
-0
-0
-0
-0
-0
-0
-0
-0
-0
-0
-0
-0
-0
-0
0
0
0
0
0
0
0
0
0
0
0
0
0
0
0
0
0
0
0
0
0
0
0
0
0
0
0
0
0
0
0
0
0
0
0
0
0
0
0
0
0
0
0
0
0
0
0
0
0
0
-0
-0
-0
-0
-0
-0
-0
-0
-0
-0
-0
-0
-0
-0
-0
-0
-0
-0
-0
-0
-0
-0
-0
-0
-0
-0
-0
-0
-0
-0
-0
-0
-0
-0
-0
-0
-0
-0
-0
-0
-0
-0
-0
-0
-0
-0
-0
-0
-0
-0
0
0
0
0
0
0
0
0
0
0
0
0
0
0
0
0
0
0
0
0
0
0
0
0
0
0
0
0
0
0
0
0
0
0
0
0
0
0
0
0
0
0
0
0
0
0
0
0
0
-0
-0
-0
-0
-0
-0
-0
-0
-0
-0
-0
-0
-0
-0
-0
-0
-0
-0
-0
-0
-0
-0
-0
-0
-0
-0
-0
-0
-0
-0
-0
-0
-0
-0
-0
-0
-0
-0
-0
-0
-0
-0
-0
-0
-0
-0
-0
-0
-0
-0
-0
0
0
0
0
0
0
0
0
0
0
0
0
0
0
0
0
0
0
0
0
0
0
0
0
0
0
0
0
0
0
0
0
0
0
0
0
0
0
0
0
0
0
0
0
0
0
0
0
0
0
-0
-0
-0
-0
-0
-0
-0
-0
-0
-0
-0
-0
-0
-0
-0
-0
-0
-0
-0
-0
-0
-0
-0
-0
-0
-0
-0
-0
-0
-0
-0
-0
-0
-0
-0
-0
-0
-0
-0
-0
-0
-0
-0
-0
-0
-0
-0
-0
-0
-0
0
0
0
0
0
0
0
0
0
0
0
0
0
0
0
0
0
0
0
0
0
0
0
0
0
0
0
0
0
0
0
0
0
0
0
0
0
0
0
0
0
0
0
0
0
0
0
0
0
-0
-0
-0
-0
-0
-0
-0
-0
-0
-0
-0
-0
-0
-0
-0
-0
-0
-0
-0
-0
-0
-0
-0
-0
-0
-0
-0
-0
-0
-0
-0
-0
-0
-0
-0
-0
-0
-0
-0
-0
-0
-0
-0
-0
-0
-0
-0
-0
-0
-0
-0
0
0
0
0
0
0
0
0
0
0
0
0
0
0
0
0
0
0
0
0
0
0
0
0
0
0
0
0
0
0
0
0
0
0
0
0
0
0
0
0
0
0
0
0
0
0
0
0
0
-0
-0
-0
-0
-0
-0
-0
-0
-0
-0
-0
-0
-0
-0
-0
-0
-0
-0
-0
-0
-0
-0
-0
-0
-0
-0
-0
-0
-0
-0
-0
-0
-0
-0
-0
-0
-0
-0
-0
-0
-0
-0
-0
-0
-0
-0
-0
-0
-0
-0
0
0
0
0
0
0
0
0
0
0
0
0
0
0
0
0
0
0
0
0
0
0
0
0
0
0
0
0
0
0
0
0
0
0
0
0
0
0
0
0
0
0
0
0
0
0
0
0
0
0
0
-0
-0
-0
-0
-0
-0
-0
-0
-0
-0
-0
-0
-0
-0
-0
-0
-0
-0
-0
-0
-0
-0
-0
-0
-0
-0
-0
-0
-0
-0
-0
-0
-0
-0
-0
-0
-0
-0
-0
-0
-0
-0
-0
-0
-0
-0
-0
-0
-0
-0
0
0
0
0
0
0
0
0
0
0
0
0
0
0
0
0
0
0
0
0
0
0
0
0
0
0
0
0
0
0
0
0
0
0
0
0
0
0
0
0
0
0
0
0
0
0
0
0
0
0
-0
-0
-0
-0
-0
-0
-0
-0
-0
-0
-0
-0
-0
-0
-0
-0
-0
-0
-0
-0
-0
-0
-0
-0
-0
-0
-0
-0
-0
-0
-0
-0
-0
-0
-0
-0
-0
-0
-0
-0
-0
-0
-0
-0
-0
-0
-0
-0
-0
-0
0
0
0
0
0
0
0
0
0
0
0
0
0
0
0
0
0
0
0
0
0
0
0
0
0
0
0
0
0
0
0
0
0
0
0
0
0
0
0
0
0
0
0
0
0
0
0
0
0
-0
-0
-0
-0
-0
-0
-0
-0
-0
-0
-0
-0
-0
-0
-0
-0
-0
-0
-0
-0
-0
-0
-0
-0
-0
-0
-0
-0
-0
-0
-0
-0
-0
-0
-0
-0
-0
-0
-0
-0
-0
-0
-0
-0
-0
-0
-0
-0
-0
-0
-0
0
0
0
0
0
0
0
0
0
0
0
0
0
0
0
0
0
0
0
0
0
0
0
0
0
0
0
0
0
0
0
0
0
0
0
0
0
0
0
0
0
0
0
0
0
0
0
0
0
-0
-0
-0
-0
-0
-0
-0
-0
-0
-0
-0
-0
-0
-0
-0
-0
-0
-0
-0
-0
-0
-0
-0
-0
-0
-0
-0
-0
-0
-0
-0
-0
-0
-0
-0
-0
-0
-0
-0
-0
-0
-0
-0
-0
-0
-0
-0
-0
-0
-0
0
0
0
0
0
0
0
0
0
0
0
0
0
0
0
0
0
0
0
0
0
0
0
0
0
0
0
0
0
0
0
0
0
0
0
0
0
0
0
0
0
0
0
0
0
0
0
0
0
0
-0
-0
-0
-0
-0
-0
-0
-0
-0
-0
-0
-0
-0
-0
-0
-0
-0
-0
-0
-0
-0
-0
-0
-0
-0
-0
-0
-0
-0
-0
-0
-0
-0
-0
-0
-0
-0
-0
-0
-0
-0
-0
-0
-0
-0
-0
-0
-0
-0
-0
-0
0
0
0
0
0
0
0
0
0
0
0
0
0
0
0
0
0
0
0
0
0
0
0
0
0
0
0
0
0
0
0
0
0
0
0
0
0
0
0
0
0
0
0
0
0
0
0
0
0
-0
-0
-0
-0
-0
-0
-0
-0
-0
-0
-0
-0
-0
-0
-0
-0
-0
-0
-0
-0
-0
-0
-0
-0
-0
-0
-0
-0
-0
-0
-0
-0
-0
-0
-0
-0
-0
-0
-0
-0
-0
-0
-0
-0
-0
-0
-0
-0
-0
-0
0
0
0
0
0
0
0
0
0
0
0
0
0
0
0
0
0
0
0
0
0
0
0
0
0
0
0
0
0
0
0
0
0
0
0
0
0
0
0
0
0
0
0
0
0
0
0
0
0
0
-0
-0
-0
-0
-0
-0
-0
-0
-0
-0
-0
-0
-0
-0
-0
-0
-0
-0
-0
-0
-0
-0
-0
-0
-0
-0
-0
-0
-0
-0
-0
-0
-0
-0
-0
-0
-0
-0
-0
-0
-0
-0
-0
-0
-0
-0
-0
-0
-0
-0
0
0
0
0
0
0
0
0
0
0
0
0
0
0
0
0
0
0
0
0
0
0
0
0
0
0
0
0
0
0
0
0
0
0
0
0
0
0
0
0
0
0
0
0
0
0
0
0
0
0
-0
-0
-0
-0
-0
-0
-0
-0
-0
-0
-0
-0
-0
-0
-0
-0
-0
-0
-0
-0
-0
-0
-0
-0
-0
-0
-0
-0
-0
-0
-0
-0
-0
-0
-0
-0
-0
-0
-0
-0
-0
-0
-0
-0
-0
-0
-0
-0
-0
-0
-0
0
0
0
0
0
0
0
0
0
0
0
0
0
0
0
0
0
0
0
0
0
0
0
0
0
0
0
0
0
0
0
0
0
0
0
0
0
0
0
0
0
0
0
0
0
0
0
0
0
0
-0
-0
-0
-0
-0
-0
-0
-0
-0
-0
-0
-0
-0
-0
-0
-0
-0
-0
-0
-0
-0
-0
-0
-0
-0
-0
-0
-0
-0
-0
-0
-0
-0
-0
-0
-0
-0
-0
-0
-0
-0
-0
-0
-0
-0
-0
-0
-0
-0
-0
0
0
0
0
0
0
0
0
0
0
0
0
0
0
0
0
0
0
0
0
0
0
0
0
0
0
0
0
0
0
0
0
0
0
0
0
0
0
0
0
0
0
0
0
0
0
0
0
0
0
-0
-0
-0
-0
-0
-0
-0
-0
-0
-0
-0
-0
-0
-0
-0
-0
-0
-0
-0
-0
-0
-0
-0
-0
-0
-0
-0
-0
-0
-0
-0
-0
-0
-0
-0
-0
-0
-0
-0
-0
-0
-0
-0
-0
-0
-0
-0
-0
-0
-0
0
0
0
0
0
0
0
0
0
0
0
0
0
0
0
0
0
0
0
0
0
0
0
0
0
0
0
0
0
0
0
0
0
0
0
0
0
0
0
0
0
0
0
0
0
0
0
0
0
0
-0
-0
-0
-0
-0
-0
-0
-0
-0
-0
-0
-0
-0
-0
-0
-0
-0
-0
-0
-0
-0
-0
-0
-0
-0
-0
-0
-0
-0
-0
-0
-0
-0
-0
-0
-0
-0
-0
-0
-0
-0
-0
-0
-0
-0
-0
-0
-0
-0
-0
0
0
0
0
0
0
0
0
0
0
0
0
0
0
0
0
0
0
0
0
0
0
0
0
0
0
0
0
0
0
0
0
0
0
0
0
0
0
0
0
0
0
0
0
0
0
0
0
0
0
-0
-0
-0
-0
-0
-0
-0
-0
-0
-0
-0
-0
-0
-0
-0
-0
-0
-0
-0
-0
-0
-0
-0
-0
-0
-0
-0
-0
-0
-0
-0
-0
-0
-0
-0
-0
-0
-0
-0
-0
-0
-0
-0
-0
-0
-0
-0
-0
-0
0
0
0
0
0
0
0
0
0
0
0
0
0
0
0
0
0
0
0
0
0
0
0
0
0
0
0
0
0
0
0
0
0
0
0
0
0
0
0
0
0
0
0
0
0
0
0
0
0
0
0
-0
-0
-0
-0
-0
-0
-0
-0
-0
-0
-0
-0
-0
-0
-0
-0
-0
-0
-0
-0
-0
-0
-0
-0
-0
-0
-0
-0
-0
-0
-0
-0
-0
-0
-0
-0
-0
-0
-0
-0
-0
-0
-0
-0
-0
-0
-0
-0
-0
-0
1.3186e-07
5.264e-07
1.1805e-06
2.089e-06
3.2447e-06
4.6384e-06
6.259e-06
8.0935e-06
1.0127e-05
1.2343e-05
1.4724e-05
1.7251e-05
1.9901e-05
2.2653e-05
2.5484e-05
2.8369e-05
3.1284e-05
3.4202e-05
3.7098e-05
3.9944e-05
4.2715e-05
4.5382e-05
4.7919e-05
5.0301e-05
5.25e-05
5.4492e-05
5.6253e-05
5.7758e-05
5.8987e-05
5.9917e-05
6.0528e-05
6.0804e-05
6.0728e-05
6.0285e-05
5.9463e-05
5.8251e-05
5.6641e-05
5.4627e-05
5.2205e-05
4.9374e-05
4.6135e-05
4.2491e-05
3.8448e-05
3.4015e-05
2.9202e-05
2.4023e-05
1.8495e-05
1.2634e-05
6.4611e-06
1.6463e-18
-6.7249e-06
-1.3686e-05
-2.0856e-05
-2.8201e-05
-3.5691e-05
-4.3291e-05
-5.0966e-05
-5.8678e-05
-6.6389e-05
-7.4061e-05
-8.1654e-05
-8.9128e-05
-9.6443e-05
-0.00010356
-0.00011043
-0.00011702
-0.0001233
-0.00012921
-0.00013472
-0.00013981
-0.00014442
-0.00014852
-0.00015209
-0.00015509
-0.0001575
-0.00015929
-0.00016042
-0.0001609
-0.00016069
-0.00015978
-0.00015815
-0.00015581
-0.00015274
-0.00014894
-0.00014441
-0.00013915
-0.00013318
-0.0001265
-0.00011913
-0.00011109
-0.0001024
-9.3075e-05
-8.3155e-05
-7.2668e-05
-6.1649e-05
-5.0136e-05
-3.817e-05
-2.5794e-05
-1.3054e-05
4.12e-19
1.3318e-05
2.6846e-05
4.0531e-05
5.4314e-05
6.8138e-05
8.1945e-05
9.5673e-05
0.00010926
0.00012265
0.00013578
0.00014858
0.00016101
0.00017298
0.00018446
0.00019538
0.00020568
0.00021531
0.00022422
0.00023235
0.00023967
0.00024612
0.00025166
0.00025626
0.00025989
0.0002625
0.00026408
0.0002646
0.00026404
0.00026239
0.00025964
0.00025578
0.00025082
0.00024475
0.00023759
0.00022936
0.00022006
0.00020972
0.00019838
0.00018606
0.00017281
0.00015866
0.00014366
0.00012786
0.00011132
9.4096e-05
7.6248e-05
5.7845e-05
3.8954e-05
1.9647e-05
2.7779e-18
-1.9911e-05
-4.0006e-05
-6.0206e-05
-8.0426e-05
-0.00010059
-0.0001206
-0.00014038
-0.00015985
-0.00017891
-0.0001975
-0.00021551
-0.00023288
-0.00024953
-0.00026536
-0.00028032
-0.00029433
-0.00030732
-0.00031922
-0.00032998
-0.00033953
-0.00034782
-0.0003548
-0.00036044
-0.00036468
-0.0003675
-0.00036887
-0.00036877
-0.00036718
-0.00036409
-0.0003595
-0.00035341
-0.00034582
-0.00033676
-0.00032625
-0.0003143
-0.00030096
-0.00028627
-0.00027026
-0.00025299
-0.00023453
-0.00021492
-0.00019424
-0.00017257
-0.00014997
-0.00012654
-0.00010236
-7.752e-05
-5.2114e-05
-2.624e-05
3.7054e-18
2.6504e-05
5.3166e-05
7.9881e-05
0.00010654
0.00013303
0.00015925
0.00018509
0.00021043
0.00023517
0.00025921
0.00028244
0.00030476
0.00032607
0.00034627
0.00036527
0.00038299
0.00039933
0.00041423
0.0004276
0.00043939
0.00044952
0.00045794
0.00046461
0.00046947
0.0004725
0.00047366
0.00047294
0.00047032
0.00046579
0.00045936
0.00045103
0.00044083
0.00042878
0.0004149
0.00039925
0.00038187
0.00036281
0.00034214
0.00031992
0.00029624
0.00027118
0.00024483
0.00021728
0.00018863
0.00015899
0.00012847
9.7195e-05
6.5274e-05
3.2833e-05
1.0281e-18
-3.3097e-05
-6.6326e-05
-9.9556e-05
-0.00013265
-0.00016548
-0.0001979
-0.00022979
-0.00026101
-0.00029144
-0.00032093
-0.00034937
-0.00037664
-0.00040261
-0.00042717
-0.00045022
-0.00047164
-0.00049135
-0.00050924
-0.00052523
-0.00053925
-0.00055122
-0.00056108
-0.00056878
-0.00057426
-0.0005775
-0.00057846
-0.00057711
-0.00057346
-0.00056749
-0.00055922
-0.00054866
-0.00053584
-0.00052079
-0.00050356
-0.0004842
-0.00046277
-0.00043935
-0.00041401
-0.00038685
-0.00035796
-0.00032744
-0.00029541
-0.00026198
-0.00022728
-0.00019144
-0.00015459
-0.00011687
-7.8434e-05
-3.9426e-05
9.8802e-18
3.969e-05
7.9486e-05
0.00011923
0.00015876
0.00019793
0.00023656
0.0002745
0.0003116
0.0003477
0.00038265
0.0004163
0.00044852
0.00047915
0.00050808
0.00053516
0.0005603
0.00058336
0.00060424
0.00062286
0.00063911
0.00065292
0.00066422
0.00067295
0.00067906
0.0006825
0.00068325
0.00068129
0.0006766
0.00066919
0.00065908
0.00064629
0.00063085
0.0006128
0.00059221
0.00056914
0.00054367
0.00051589
0.00048589
0.00045378
0.00041968
0.00038371
0.000346
0.00030669
0.00026593
0.00022388
0.0001807
0.00013654
9.1594e-05
4.6019e-05
-3.6032e-18
-4.6283e-05
-9.2646e-05
-0.00013891
-0.00018488
-0.00023037
-0.00027521
-0.00031921
-0.00036218
-0.00040396
-0.00044437
-0.00048323
-0.00052039
-0.00055569
-0.00058898
-0.00062011
-0.00064895
-0.00067537
-0.00069925
-0.00072048
-0.00073897
-0.00075462
-0.00076736
-0.00077712
-0.00078385
-0.0007875
-0.00078804
-0.00078546
-0.00077974
-0.0007709
-0.00075894
-0.00074391
-0.00072585
-0.00070481
-0.00068087
-0.00065409
-0.00062458
-0.00059243
-0.00055777
-0.00052071
-0.0004814
-0.00043997
-0.00039658
-0.0003514
-0.00030459
-0.00025633
-0.00020681
-0.00015622
-0.00010475
-5.2612e-05
-4.9378e-18
5.2876e-05
0.00010581
0.00015858
0.00021099
0.00026282
0.00031386
0.00036391
0.00041277
0.00046022
0.00050608
0.00055016
0.00059227
0.00063223
0.00066988
0.00070506
0.0007376
0.00076738
0.00079426
0.00081811
0.00083883
0.00085632
0.0008705
0.0008813
0.00088864
0.0008925
0.00089283
0.00088963
0.00088288
0.0008726
0.0008588
0.00084154
0.00082086
0.00079683
0.00076952
0.00073904
0.00070548
0.00066897
0.00062965
0.00058764
0.00054311
0.00049623
0.00044716
0.0003961
0.00034324
0.00028878
0.00023292
0.00017589
0.00011791
5.9205e-05
-1.1116e-17
-5.9469e-05
-0.00011897
-0.00017826
-0.0002371
-0.00029527
-0.00035252
-0.00040862
-0.00046335
-0.00051648
-0.0005678
-0.00061709
-0.00066415
-0.00070878
-0.00075079
-0.00079001
-0.00082626
-0.00085939
-0.00088926
-0.00091574
-0.00093869
-0.00095803
-0.00097364
-0.00098547
-0.00099344
-0.0009975
-0.00099763
-0.0009938
-0.00098602
-0.0009743
-0.00095866
-0.00093917
-0.00091587
-0.00088884
-0.00085817
-0.00082398
-0.00078639
-0.00074552
-0.00070152
-0.00065457
-0.00060483
-0.00055249
-0.00049775
-0.00044081
-0.00038189
-0.00032122
-0.00025904
-0.00019557
-0.00013107
-6.5798e-05
1.0313e-18
6.6062e-05
0.00013213
0.00019793
0.00026321
0.00032771
0.00039117
0.00045333
0.00051393
0.00057275
0.00062952
0.00068402
0.00073603
0.00078532
0.00083169
0.00087495
0.00091491
0.00095141
0.00098427
0.0010134
0.0010386
0.0010597
0.0010768
0.0010896
0.0010982
0.0011025
0.0011024
0.001098
0.0010892
0.001076
0.0010585
0.0010368
0.0010109
0.00098085
0.00094683
0.00090893
0.00086729
0.00082206
0.0007734
0.0007215
0.00066655
0.00060875
0.00054833
0.00048552
0.00042055
0.00035367
0.00028515
0.00021524
0.00014423
7.2391e-05
-2.151e-17
-7.2655e-05
-0.00014529
-0.00021761
-0.00028933
-0.00036016
-0.00042982
-0.00049803
-0.00056452
-0.00062901
-0.00069124
-0.00075095
-0.0008079
-0.00086186
-0.0009126
-0.0009599
-0.0010036
-0.0010434
-0.0010793
-0.001111
-0.0011384
-0.0011614
-0.0011799
-0.0011938
-0.001203
-0.0012075
-0.0012072
-0.0012021
-0.0011923
-0.0011777
-0.0011584
-0.0011344
-0.0011059
-0.0010729
-0.0010355
-0.00099388
-0.00094819
-0.0008986
-0.00084528
-0.00078843
-0.00072827
-0.00066501
-0.00059892
-0.00053022
-0.0004592
-0.00038612
-0.00031126
-0.00023492
-0.00015739
-7.8984e-05
9.8818e-18
7.9248e-05
0.00015845
0.00023728
0.00031544
0.00039261
0.00046848
0.00054274
0.0006151
0.00068527
0.00075295
0.00081788
0.00087978
0.0009384
0.0009935
0.0010448
0.0010922
0.0011354
0.0011743
0.0012086
0.0012383
0.0012631
0.0012831
0.001298
0.0013078
0.0013125
0.001312
0.0013063
0.0012954
0.0012794
0.0012582
0.001232
0.0012009
0.0011649
0.0011241
0.0010788
0.0010291
0.00097514
0.00091716
0.00085536
0.00078998
0.00072128
0.0006495
0.00057493
0.00049785
0.00041856
0.00033737
0.00025459
0.00017055
8.5577e-05
4.0103e-18
-8.5841e-05
-0.00017161
-0.00025696
-0.00034155
-0.00042505
-0.00050713
-0.00058745
-0.00066569
-0.00074153
-0.00081467
-0.00088481
-0.00095166
-0.0010149
-0.0010744
-0.0011298
-0.0011809
-0.0012274
-0.0012693
-0.0013062
-0.0013381
-0.0013648
-0.0013862
-0.0014022
-0.0014126
-0.0014175
-0.0014168
-0.0014105
-0.0013986
-0.0013811
-0.0013581
-0.0013297
-0.0012959
-0.0012569
-0.0012128
-0.0011638
-0.00111
-0.0010517
-0.00098903
-0.00092229
-0.0008517
-0.00077754
-0.00070008
-0.00061964
-0.0005365
-0.00045101
-0.00036349
-0.00027427
-0.00018371
-9.217e-05
2.1614e-17
9.2434e-05
0.00018477
0.00027663
0.00036766
0.0004575
0.00054578
0.00063215
0.00071627
0.00079779
0.00087639
0.00095174
0.0010235
0.0010915
0.0011553
0.0012147
0.0012695
0.0013195
0.0013643
0.0014039
0.001438
0.0014665
0.0014893
0.0015063
0.0015174
0.0015225
0.0015216
0.0015147
0.0015017
0.0014828
0.001458
0.0014273
0.0013909
0.0013489
0.0013014
0.0012487
0.0011909
0.0011282
0.0010609
0.00098922
0.00091342
0.0008338
0.00075067
0.00066434
0.00057516
0.00048346
0.0003896
0.00029395
0.00019687
9.8763e-05
-6.1781e-18
-9.9027e-05
-0.00019793
-0.00029631
-0.00039378
-0.00048995
-0.00058443
-0.00067686
-0.00076686
-0.00085405
-0.00093811
-0.0010187
-0.0010954
-0.001168
-0.0012362
-0.0012997
-0.0013582
-0.0014115
-0.0014593
-0.0015015
-0.0015379
-0.0015682
-0.0015925
-0.0016105
-0.0016222
-0.0016275
-0.0016264
-0.0016188
-0.0016049
-0.0015845
-0.0015578
-0.0015249
-0.0014859
-0.0014409
-0.0013901
-0.0013337
-0.0012718
-0.0012048
-0.0011328
-0.0010561
-0.00097514
-0.00089006
-0.00080125
-0.00070905
-0.00061381
-0.0005159
-0.00041571
-0.00031362
-0.00021003
-0.00010536
3.6227e-17
0.00010562
0.00021109
0.00031598
0.00041989
0.00052239
0.00062309
0.00072157
0.00081744
0.00091032
0.00099982
0.0010856
0.0011673
0.0012446
0.0013171
0.0013846
0.0014468
0.0015035
0.0015543
0.0015991
0.0016377
0.0016699
0.0016956
0.0017147
0.001727
0.0017325
0.0017312
0.001723
0.001708
0.0016862
0.0016577
0.0016226
0.0015809
0.0015329
0.0014788
0.0014186
0.0013527
0.0012813
0.0012047
0.0011231
0.0010369
0.00094632
0.00085184
0.00075376
0.00065246
0.00054835
0.00044182
0.0003333
0.00022319
0.00011195
-1.9248e-17
-0.00011221
-0.00022425
-0.00033566
-0.000446
-0.00055484
-0.00066174
-0.00076627
-0.00086802
-0.00096658
-0.0010615
-0.0011525
-0.0012392
-0.0013211
-0.001398
-0.0014696
-0.0015355
-0.0015955
-0.0016493
-0.0016967
-0.0017376
-0.0017716
-0.0017988
-0.0018188
-0.0018318
-0.0018375
-0.001836
-0.0018272
-0.0018111
-0.0017879
-0.0017576
-0.0017202
-0.0016759
-0.0016249
-0.0015674
-0.0015036
-0.0014336
-0.0013578
-0.0012765
-0.00119
-0.0010986
-0.0010026
-0.00090242
-0.00079846
-0.00069112
-0.0005808
-0.00046793
-0.00035297
-0.00023635
-0.00011854
4.6795e-21
0.00011881
0.00023741
0.00035533
0.00047211
0.00058729
0.00070039
0.00081098
0.00091861
0.0010228
0.0011233
0.0012195
0.001311
0.0013977
0.0014789
0.0015545
0.0016241
0.0016875
0.0017443
0.0017944
0.0018374
0.0018733
0.0019019
0.001923
0.0019366
0.0019425
0.0019408
0.0019313
0.0019143
0.0018896
0.0018574
0.0018178
0.0017709
0.0017169
0.0016561
0.0015885
0.0015145
0.0014344
0.0013484
0.0012569
0.0011603
0.0010588
0.00095301
0.00084317
0.00072977
0.00061324
0.00049405
0.00037265
0.00024951
0.00012514
-3.5199e-17
-0.0001254
-0.00025057
-0.00037501
-0.00049823
-0.00061973
-0.00073905
-0.00085569
-0.00096919
-0.0010791
-0.001185
-0.0012864
-0.0013829
-0.0014742
-0.0015598
-0.0016395
-0.0017128
-0.0017795
-0.0018393
-0.001892
-0.0019373
-0.001975
-0.002005
-0.0020272
-0.0020414
-0.0020475
-0.0020456
-0.0020355
-0.0020174
-0.0019913
-0.0019573
-0.0019154
-0.0018659
-0.001809
-0.0017447
-0.0016735
-0.0015954
-0.0015109
-0.0014203
-0.0013239
-0.001222
-0.0011151
-0.0010036
-0.00088788
-0.00076842
-0.00064569
-0.00052016
-0.00039232
-0.00026267
-0.00013173
-4.5273e-17
0.00013186
0.0002632
0.0003935
0.00052225
0.00064894
0.00077306
0.00089414
0.0010117
0.0011252
0.0012343
0.0013386
0.0014375
0.0015308
0.0016181
0.0016989
0.0017731
0.0018402
0.0019001
0.0019525
0.0019972
0.002034
0.0020628
0.0020834
0.0020959
0.0021
0.0020959
0.0020834
0.0020628
0.002034
0.0019972
0.0019525
0.0019001
0.0018402
0.0017731
0.0016989
0.0016181
0.0015308
0.0014375
0.0013386
0.0012343
0.0011252
0.0010117
0.00089414
0.00077306
0.00064894
0.00052225
0.0003935
0.0002632
0.00013186
8.227e-18
-0.00013186
-0.0002632
-0.0003935
-0.00052225
-0.00064894
-0.00077306
-0.00089414
-0.0010117
-0.0011252
-0.0012343
-0.0013386
-0.0014375
-0.0015308
-0.0016181
-0.0016989
-0.0017731
-0.0018402
-0.0019001
-0.0019525
-0.0019972
-0.002034
-0.0020628
-0.0020834
-0.0020959
-0.0021
-0.0020959
-0.0020834
-0.0020628
-0.002034
-0.0019972
-0.0019525
-0.0019001
-0.0018402
-0.0017731
-0.0016989
-0.0016181
-0.0015308
-0.0014375
-0.0013386
-0.0012343
-0.0011252
-0.0010117
-0.00089414
-0.00077306
-0.00064894
-0.00052225
-0.0003935
-0.0002632
-0.00013186
-3.0866e-17
0.00013186
0.0002632
0.0003935
0.00052225
0.00064894
0.00077306
0.00089414
0.0010117
0.0011252
0.0012343
0.0013386
0.0014375
0.0015308
0.0016181
0.0016989
0.0017731
0.0018402
0.0019001
0.0019525
0.0019972
0.002034
0.0020628
0.0020834
0.0020959
0.0021
0.0020959
0.0020834
0.0020628
0.002034
0.0019972
0.0019525
0.0019001
0.0018402
0.0017731
0.0016989
0.0016181
0.0015308
0.0014375
0.0013386
0.0012343
0.0011252
0.0010117
0.00089414
0.00077306
0.00064894
0.00052225
0.0003935
0.0002632
0.00013186
5.3506e-17
-0.00013186
-0.0002632
-0.0003935
-0.00052225
-0.00064894
-0.00077306
-0.00089414
-0.0010117
-0.0011252
-0.0012343
-0.0013386
-0.0014375
-0.0015308
-0.0016181
-0.0016989
-0.0017731
-0.0018402
-0.0019001
-0.0019525
-0.0019972
-0.002034
-0.0020628
-0.0020834
-0.0020959
-0.0021
-0.0020959
-0.0020834
-0.0020628
-0.002034
-0.0019972
-0.0019525
-0.0019001
-0.0018402
-0.0017731
-0.0016989
-0.0016181
-0.0015308
-0.0014375
-0.0013386
-0.0012343
-0.0011252
-0.0010117
-0.00089414
-0.00077306
-0.00064894
-0.00052225
-0.0003935
-0.0002632
-0.00013186
-1.6459e-17
0.00013186
0.0002632
0.0003935
0.00052225
0.00064894
0.00077306
0.00089414
0.0010117
0.0011252
0.0012343
0.0013386
0.0014375
0.0015308
0.0016181
0.0016989
0.0017731
0.0018402
0.0019001
0.0019525
0.0019972
0.002034
0.0020628
0.0020834
0.0020959
0.0021
0.0020959
0.0020834
0.0020628
0.002034
0.0019972
0.0019525
0.0019001
0.0018402
0.0017731
0.0016989
0.0016181
0.0015308
0.0014375
0.0013386
0.0012343
0.0011252
0.0010117
0.00089414
0.00077306
0.00064894
0.00052225
0.0003935
0.0002632
0.00013186
3.9099e-17
-0.00013186
-0.0002632
-0.0003935
-0.00052225
-0.00064894
-0.00077306
-0.00089414
-0.0010117
-0.0011252
-0.0012343
-0.0013386
-0.0014375
-0.0015308
-0.0016181
-0.0016989
-0.0017731
-0.0018402
-0.0019001
-0.0019525
-0.0019972
-0.002034
-0.0020628
-0.0020834
-0.0020959
-0.0021
-0.0020959
-0.0020834
-0.0020628
-0.002034
-0.0019972
-0.0019525
-0.0019001
-0.0018402
-0.0017731
-0.0016989
-0.0016181
-0.0015308
-0.0014375
-0.0013386
-0.0012343
-0.0011252
-0.0010117
-0.00089414
-0.00077306
-0.00064894
-0.00052225
-0.0003935
-0.0002632
-0.00013186
-2.0522e-18
0.00013186
0.0002632
0.0003935
0.00052225
0.00064894
0.00077306
0.00089414
0.0010117
0.0011252
0.0012343
0.0013386
0.0014375
0.0015308
0.0016181
0.0016989
0.0017731
0.0018402
0.0019001
0.0019525
0.0019972
0.002034
0.0020628
0.0020834
0.0020959
0.0021
0.0020959
0.0020834
0.0020628
0.002034
0.0019972
0.0019525
0.0019001
0.0018402
0.0017731
0.0016989
0.0016181
0.0015308
0.0014375
0.0013386
0.0012343
0.0011252
0.0010117
0.00089414
0.00077306
0.00064894
0.00052225
0.0003935
0.0002632
0.00013186
2.4691e-17
-0.00013186
-0.0002632
-0.0003935
-0.00052225
-0.00064894
-0.00077306
-0.00089414
-0.0010117
-0.0011252
-0.0012343
-0.0013386
-0.0014375
-0.0015308
-0.0016181
-0.0016989
-0.0017731
-0.0018402
-0.0019001
-0.0019525
-0.0019972
-0.002034
-0.0020628
-0.0020834
-0.0020959
-0.0021
-0.0020959
-0.0020834
-0.0020628
-0.002034
-0.0019972
-0.0019525
-0.0019001
-0.0018402
-0.0017731
-0.0016989
-0.0016181
-0.0015308
-0.0014375
-0.0013386
-0.0012343
-0.0011252
-0.0010117
-0.00089414
-0.00077306
-0.00064894
-0.00052225
-0.0003935
-0.0002632
-0.00013186
-4.7331e-17
0.00013186
0.0002632
0.0003935
0.00052225
0.00064894
0.00077306
0.00089414
0.0010117
0.0011252
0.0012343
0.0013386
0.0014375
0.0015308
0.0016181
0.0016989
0.0017731
0.0018402
0.0019001
0.0019525
0.0019972
0.002034
0.0020628
0.0020834
0.0020959
0.0021
0.0020959
0.0020834
0.0020628
0.002034
0.0019972
0.0019525
0.0019001
0.0018402
0.0017731
0.0016989
0.0016181
0.0015308
0.0014375
0.0013386
0.0012343
0.0011252
0.0010117
0.00089414
0.00077306
0.00064894
0.00052225
0.0003935
0.0002632
0.00013186
1.0284e-17
-0.00013186
-0.0002632
-0.0003935
-0.00052225
-0.00064894
-0.00077306
-0.00089414
-0.0010117
-0.0011252
-0.0012343
-0.0013386
-0.0014375
-0.0015308
-0.0016181
-0.0016989
-0.0017731
-0.0018402
-0.0019001
-0.0019525
-0.0019972
-0.002034
-0.0020628
-0.0020834
-0.0020959
-0.0021
-0.0020959
-0.0020834
-0.0020628
-0.002034
-0.0019972
-0.0019525
-0.0019001
-0.0018402
-0.0017731
-0.0016989
-0.0016181
-0.0015308
-0.0014375
-0.0013386
-0.0012343
-0.0011252
-0.0010117
-0.00089414
-0.00077306
-0.00064894
-0.00052225
-0.0003935
-0.0002632
-0.00013186
-3.2924e-17
0.00013186
0.0002632
0.0003935
0.00052225
0.00064894
0.00077306
0.00089414
0.0010117
0.0011252
0.0012343
0.0013386
0.0014375
0.0015308
0.0016181
0.0016989
0.0017731
0.0018402
0.0019001
0.0019525
0.0019972
0.002034
0.0020628
0.0020834
0.0020959
0.0021
0.0020959
0.0020834
0.0020628
0.002034
0.0019972
0.0019525
0.0019001
0.0018402
0.0017731
0.0016989
0.0016181
0.0015308
0.0014375
0.0013386
0.0012343
0.0011252
0.0010117
0.00089414
0.00077306
0.00064894
0.00052225
0.0003935
0.0002632
0.00013186
-4.1226e-18
-0.00013186
-0.0002632
-0.0003935
-0.00052225
-0.00064894
-0.00077306
-0.00089414
-0.0010117
-0.0011252
-0.0012343
-0.0013386
-0.0014375
-0.0015308
-0.0016181
-0.0016989
-0.0017731
-0.0018402
-0.0019001
-0.0019525
-0.0019972
-0.002034
-0.0020628
-0.0020834
-0.0020959
-0.0021
-0.0020959
-0.0020834
-0.0020628
-0.002034
-0.0019972
-0.0019525
-0.0019001
-0.0018402
-0.0017731
-0.0016989
-0.0016181
-0.0015308
-0.0014375
-0.0013386
-0.0012343
-0.0011252
-0.0010117
-0.00089414
-0.00077306
-0.00064894
-0.00052225
-0.0003935
-0.0002632
-0.00013186
-1.8517e-17
0.00013186
0.0002632
0.0003935
0.00052225
0.00064894
0.00077306
0.00089414
0.0010117
0.0011252
0.0012343
0.0013386
0.0014375
0.0015308
0.0016181
0.0016989
0.0017731
0.0018402
0.0019001
0.0019525
0.0019972
0.002034
0.0020628
0.0020834
0.0020959
0.0021
0.0020959
0.0020834
0.0020628
0.002034
0.0019972
0.0019525
0.0019001
0.0018402
0.0017731
0.0016989
0.0016181
0.0015308
0.0014375
0.0013386
0.0012343
0.0011252
0.0010117
0.00089414
0.00077306
0.00064894
0.00052225
0.0003935
0.0002632
0.00013186
4.1156e-17
-0.00013186
-0.0002632
-0.0003935
-0.00052225
-0.00064894
-0.00077306
-0.00089414
-0.0010117
-0.0011252
-0.0012343
-0.0013386
-0.0014375
-0.0015308
-0.0016181
-0.0016989
-0.0017731
-0.0018402
-0.0019001
-0.0019525
-0.0019972
-0.002034
-0.0020628
-0.0020834
-0.0020959
-0.0021
-0.0020959
-0.0020834
-0.0020628
-0.002034
-0.0019972
-0.0019525
-0.0019001
-0.0018402
-0.0017731
-0.0016989
-0.0016181
-0.0015308
-0.0014375
-0.0013386
-0.0012343
-0.0011252
-0.0010117
-0.00089414
-0.00077306
-0.00064894
-0.00052225
-0.0003935
-0.0002632
-0.00013186
-4.1096e-18
0.00013186
0.0002632
0.0003935
0.00052225
0.00064894
0.00077306
0.00089414
0.0010117
0.0011252
0.0012343
0.0013386
0.0014375
0.0015308
0.0016181
0.0016989
0.0017731
0.0018402
0.0019001
0.0019525
0.0019972
0.002034
0.0020628
0.0020834
0.0020959
0.0021
0.0020959
0.0020834
0.0020628
0.002034
0.0019972
0.0019525
0.0019001
0.0018402
0.0017731
0.0016989
0.0016181
0.0015308
0.0014375
0.0013386
0.0012343
0.0011252
0.0010117
0.00089414
0.00077306
0.00064894
0.00052225
0.0003935
0.0002632
0.00013186
2.6749e-17
-0.00013186
-0.0002632
-0.0003935
-0.00052225
-0.00064894
-0.00077306
-0.00089414
-0.0010117
-0.0011252
-0.0012343
-0.0013386
-0.0014375
-0.0015308
-0.0016181
-0.0016989
-0.0017731
-0.0018402
-0.0019001
-0.0019525
-0.0019972
-0.002034
-0.0020628
-0.0020834
-0.0020959
-0.0021
-0.0020959
-0.0020834
-0.0020628
-0.002034
-0.0019972
-0.0019525
-0.0019001
-0.0018402
-0.0017731
-0.0016989
-0.0016181
-0.0015308
-0.0014375
-0.0013386
-0.0012343
-0.0011252
-0.0010117
-0.00089414
-0.00077306
-0.00064894
-0.00052225
-0.0003935
-0.0002632
-0.00013186
1.0297e-17
0.00013186
0.0002632
0.0003935
0.00052225
0.00064894
0.00077306
0.00089414
0.0010117
0.0011252
0.0012343
0.0013386
0.0014375
0.0015308
0.0016181
0.0016989
0.0017731
0.0018402
0.0019001
0.0019525
0.0019972
0.002034
0.0020628
0.0020834
0.0020959
0.0021
0.0020959
0.0020834
0.0020628
0.002034
0.0019972
0.0019525
0.0019001
0.0018402
0.0017731
0.0016989
0.0016181
0.0015308
0.0014375
0.0013386
0.0012343
0.0011252
0.0010117
0.00089414
0.00077306
0.00064894
0.00052225
0.0003935
0.0002632
0.00013186
1.2342e-17
-0.00013186
-0.0002632
-0.0003935
-0.00052225
-0.00064894
-0.00077306
-0.00089414
-0.0010117
-0.0011252
-0.0012343
-0.0013386
-0.0014375
-0.0015308
-0.0016181
-0.0016989
-0.0017731
-0.0018402
-0.0019001
-0.0019525
-0.0019972
-0.002034
-0.0020628
-0.0020834
-0.0020959
-0.0021
-0.0020959
-0.0020834
-0.0020628
-0.002034
-0.0019972
-0.0019525
-0.0019001
-0.0018402
-0.0017731
-0.0016989
-0.0016181
-0.0015308
-0.0014375
-0.0013386
-0.0012343
-0.0011252
-0.0010117
-0.00089414
-0.00077306
-0.00064894
-0.00052225
-0.0003935
-0.0002632
-0.00013186
-3.4981e-17
0.00013186
0.0002632
0.0003935
0.00052225
0.00064894
0.00077306
0.00089414
0.0010117
0.0011252
0.0012343
0.0013386
0.0014375
0.0015308
0.0016181
0.0016989
0.0017731
0.0018402
0.0019001
0.0019525
0.0019972
0.002034
0.0020628
0.0020834
0.0020959
0.0021
0.0020959
0.0020834
0.0020628
0.002034
0.0019972
0.0019525
0.0019001
0.0018402
0.0017731
0.0016989
0.0016181
0.0015308
0.0014375
0.0013386
0.0012343
0.0011252
0.0010117
0.00089414
0.00077306
0.00064894
0.00052225
0.0003935
0.0002632
0.00013186
-2.0652e-18
-0.00013186
-0.0002632
-0.0003935
-0.00052225
-0.00064894
-0.00077306
-0.00089414
-0.0010117
-0.0011252
-0.0012343
-0.0013386
-0.0014375
-0.0015308
-0.0016181
-0.0016989
-0.0017731
-0.0018402
-0.0019001
-0.0019525
-0.0019972
-0.002034
-0.0020628
-0.0020834
-0.0020959
-0.0021
-0.0020959
-0.0020834
-0.0020628
-0.002034
-0.0019972
-0.0019525
-0.0019001
-0.0018402
-0.0017731
-0.0016989
-0.0016181
-0.0015308
-0.0014375
-0.0013386
-0.0012343
-0.0011252
-0.0010117
-0.00089414
-0.00077306
-0.00064894
-0.00052225
-0.0003935
-0.0002632
-0.00013186
-2.0574e-17
0.00013186
0.0002632
0.0003935
0.00052225
0.00064894
0.00077306
0.00089414
0.0010117
0.0011252
0.0012343
0.0013386
0.0014375
0.0015308
0.0016181
0.0016989
0.0017731
0.0018402
0.0019001
0.0019525
0.0019972
0.002034
0.0020628
0.0020834
0.0020959
0.0021
0.0020959
0.0020834
0.0020628
0.002034
0.0019972
0.0019525
0.0019001
0.0018402
0.0017731
0.0016989
0.0016181
0.0015308
0.0014375
0.0013386
0.0012343
0.0011252
0.0010117
0.00089414
0.00077306
0.00064894
0.00052225
0.0003935
0.0002632
0.00013186
4.3213e-17
-0.00013186
-0.0002632
-0.0003935
-0.00052225
-0.00064894
-0.00077306
-0.00089414
-0.0010117
-0.0011252
-0.0012343
-0.0013386
-0.0014375
-0.0015308
-0.0016181
-0.0016989
-0.0017731
-0.0018402
-0.0019001
-0.0019525
-0.0019972
-0.002034
-0.0020628
-0.0020834
-0.0020959
-0.0021
-0.0020959
-0.0020834
-0.0020628
-0.002034
-0.0019972
-0.0019525
-0.0019001
-0.0018402
-0.0017731
-0.0016989
-0.0016181
-0.0015308
-0.0014375
-0.0013386
-0.0012343
-0.0011252
-0.0010117
-0.00089414
-0.00077306
-0.00064894
-0.00052225
-0.0003935
-0.0002632
-0.00013186
-6.5853e-17
0.00013186
0.0002632
0.0003935
0.00052225
0.00064894
0.00077306
0.00089414
0.0010117
0.0011252
0.0012343
0.0013386
0.0014375
0.0015308
0.0016181
0.0016989
0.0017731
0.0018402
0.0019001
0.0019525
0.0019972
0.002034
0.0020628
0.0020834
0.0020959
0.0021
0.0020959
0.0020834
0.0020628
0.002034
0.0019972
0.0019525
0.0019001
0.0018402
0.0017731
0.0016989
0.0016181
0.0015308
0.0014375
0.0013386
0.0012343
0.0011252
0.0010117
0.00089414
0.00077306
0.00064894
0.00052225
0.0003935
0.0002632
0.00013186
-3.0879e-17
-0.00013186
-0.0002632
-0.0003935
-0.00052225
-0.00064894
-0.00077306
-0.00089414
-0.0010117
-0.0011252
-0.0012343
-0.0013386
-0.0014375
-0.0015308
-0.0016181
-0.0016989
-0.0017731
-0.0018402
-0.0019001
-0.0019525
-0.0019972
-0.002034
-0.0020628
-0.0020834
-0.0020959
-0.0021
-0.0020959
-0.0020834
-0.0020628
-0.002034
-0.0019972
-0.0019525
-0.0019001
-0.0018402
-0.0017731
-0.0016989
-0.0016181
-0.0015308
-0.0014375
-0.0013386
-0.0012343
-0.0011252
-0.0010117
-0.00089414
-0.00077306
-0.00064894
-0.00052225
-0.0003935
-0.0002632
-0.00013186
8.24e-18
0.00013186
0.0002632
0.0003935
0.00052225
0.00064894
0.00077306
0.00089414
0.0010117
0.0011252
0.0012343
0.0013386
0.0014375
0.0015308
0.0016181
0.0016989
0.0017731
0.0018402
0.0019001
0.0019525
0.0019972
0.002034
0.0020628
0.0020834
0.0020959
0.0021
0.0020959
0.0020834
0.0020628
0.002034
0.0019972
0.0019525
0.0019001
0.0018402
0.0017731
0.0016989
0.0016181
0.0015308
0.0014375
0.0013386
0.0012343
0.0011252
0.0010117
0.00089414
0.00077306
0.00064894
0.00052225
0.0003935
0.0002632
0.00013186
1.4399e-17
-0.00013186
-0.0002632
-0.0003935
-0.00052225
-0.00064894
-0.00077306
-0.00089414
-0.0010117
-0.0011252
-0.0012343
-0.0013386
-0.0014375
-0.0015308
-0.0016181
-0.0016989
-0.0017731
-0.0018402
-0.0019001
-0.0019525
-0.0019972
-0.002034
-0.0020628
-0.0020834
-0.0020959
-0.0021
-0.0020959
-0.0020834
-0.0020628
-0.002034
-0.0019972
-0.0019525
-0.0019001
-0.0018402
-0.0017731
-0.0016989
-0.0016181
-0.0015308
-0.0014375
-0.0013386
-0.0012343
-0.0011252
-0.0010117
-0.00089414
-0.00077306
-0.00064894
-0.00052225
-0.0003935
-0.0002632
-0.00013186
-3.7039e-17
0.00013186
0.0002632
0.0003935
0.00052225
0.00064894
0.00077306
0.00089414
0.0010117
0.0011252
0.0012343
0.0013386
0.0014375
0.0015308
0.0016181
0.0016989
0.0017731
0.0018402
0.0019001
0.0019525
0.0019972
0.002034
0.0020628
0.0020834
0.0020959
0.0021
0.0020959
0.0020834
0.0020628
0.002034
0.0019972
0.0019525
0.0019001
0.0018402
0.0017731
0.0016989
0.0016181
0.0015308
0.0014375
0.0013386
0.0012343
0.0011252
0.0010117
0.00089414
0.00077306
0.00064894
0.00052225
0.0003935
0.0002632
0.00013186
-5.9693e-17
-0.00013186
-0.0002632
-0.0003935
-0.00052225
-0.00064894
-0.00077306
-0.00089414
-0.0010117
-0.0011252
-0.0012343
-0.0013386
-0.0014375
-0.0015308
-0.0016181
-0.0016989
-0.0017731
-0.0018402
-0.0019001
-0.0019525
-0.0019972
-0.002034
-0.0020628
-0.0020834
-0.0020959
-0.0021
-0.0020959
-0.0020834
-0.0020628
-0.002034
-0.0019972
-0.0019525
-0.0019001
-0.0018402
-0.0017731
-0.0016989
-0.0016181
-0.0015308
-0.0014375
-0.0013386
-0.0012343
-0.0011252
-0.0010117
-0.00089414
-0.00077306
-0.00064894
-0.00052225
-0.0003935
-0.0002632
-0.00013186
3.7054e-17
0.00013186
0.0002632
0.0003935
0.00052225
0.00064894
0.00077306
0.00089414
0.0010117
0.0011252
0.0012343
0.0013386
0.0014375
0.0015308
0.0016181
0.0016989
0.0017731
0.0018402
0.0019001
0.0019525
0.0019972
0.002034
0.0020628
0.0020834
0.0020959
0.0021
0.0020959
0.0020834
0.0020628
0.002034
0.0019972
0.0019525
0.0019001
0.0018402
0.0017731
0.0016989
0.0016181
0.0015308
0.0014375
0.0013386
0.0012343
0.0011252
0.0010117
0.00089414
0.00077306
0.00064894
0.00052225
0.0003935
0.0002632
0.00013186
-1.4415e-17
-0.00013186
-0.0002632
-0.0003935
-0.00052225
-0.00064894
-0.00077306
-0.00089414
-0.0010117
-0.0011252
-0.0012343
-0.0013386
-0.0014375
-0.0015308
-0.0016181
-0.0016989
-0.0017731
-0.0018402
-0.0019001
-0.0019525
-0.0019972
-0.002034
-0.0020628
-0.0020834
-0.0020959
-0.0021
-0.0020959
-0.0020834
-0.0020628
-0.002034
-0.0019972
-0.0019525
-0.0019001
-0.0018402
-0.0017731
-0.0016989
-0.0016181
-0.0015308
-0.0014375
-0.0013386
-0.0012343
-0.0011252
-0.0010117
-0.00089414
-0.00077306
-0.00064894
-0.00052225
-0.0003935
-0.0002632
-0.00013186
-8.2244e-18
0.00013186
0.0002632
0.0003935
0.00052225
0.00064894
0.00077306
0.00089414
0.0010117
0.0011252
0.0012343
0.0013386
0.0014375
0.0015308
0.0016181
0.0016989
0.0017731
0.0018402
0.0019001
0.0019525
0.0019972
0.002034
0.0020628
0.0020834
0.0020959
0.0021
0.0020959
0.0020834
0.0020628
0.002034
0.0019972
0.0019525
0.0019001
0.0018402
0.0017731
0.0016989
0.0016181
0.0015308
0.0014375
0.0013386
0.0012343
0.0011252
0.0010117
0.00089414
0.00077306
0.00064894
0.00052225
0.0003935
0.0002632
0.00013186
3.0864e-17
-0.00013186
-0.0002632
-0.0003935
-0.00052225
-0.00064894
-0.00077306
-0.00089414
-0.0010117
-0.0011252
-0.0012343
-0.0013386
-0.0014375
-0.0015308
-0.0016181
-0.0016989
-0.0017731
-0.0018402
-0.0019001
-0.0019525
-0.0019972
-0.002034
-0.0020628
-0.0020834
-0.0020959
-0.0021
-0.0020959
-0.0020834
-0.0020628
-0.002034
-0.0019972
-0.0019525
-0.0019001
-0.0018402
-0.0017731
-0.0016989
-0.0016181
-0.0015308
-0.0014375
-0.0013386
-0.0012343
-0.0011252
-0.0010117
-0.00089414
-0.00077306
-0.00064894
-0.00052225
-0.0003935
-0.0002632
-0.00013186
6.5868e-17
0.00013186
0.0002632
0.0003935
0.00052225
0.00064894
0.00077306
0.00089414
0.0010117
0.0011252
0.0012343
0.0013386
0.0014375
0.0015308
0.0016181
0.0016989
0.0017731
0.0018402
0.0019001
0.0019525
0.0019972
0.002034
0.0020628
0.0020834
0.0020959
0.0021
0.0020959
0.0020834
0.0020628
0.002034
0.0019972
0.0019525
0.0019001
0.0018402
0.0017731
0.0016989
0.0016181
0.0015308
0.0014375
0.0013386
0.0012343
0.0011252
0.0010117
0.00089414
0.00077306
0.00064894
0.00052225
0.0003935
0.0002632
0.00013186
-4.3229e-17
-0.00013186
-0.0002632
-0.0003935
-0.00052225
-0.00064894
-0.00077306
-0.00089414
-0.0010117
-0.0011252
-0.0012343
-0.0013386
-0.0014375
-0.0015308
-0.0016181
-0.0016989
-0.0017731
-0.0018402
-0.0019001
-0.0019525
-0.0019972
-0.002034
-0.0020628
-0.0020834
-0.0020959
-0.0021
-0.0020959
-0.0020834
-0.0020628
-0.002034
-0.0019972
-0.0019525
-0.0019001
-0.0018402
-0.0017731
-0.0016989
-0.0016181
-0.0015308
-0.0014375
-0.0013386
-0.0012343
-0.0011252
-0.0010117
-0.00089414
-0.00077306
-0.00064894
-0.00052225
-0.0003935
-0.0002632
-0.00013186
2.059e-17
0.00013186
0.0002632
0.0003935
0.00052225
0.00064894
0.00077306
0.00089414
0.0010117
0.0011252
0.0012343
0.0013386
0.0014375
0.0015308
0.0016181
0.0016989
0.0017731
0.0018402
0.0019001
0.0019525
0.0019972
0.002034
0.0020628
0.0020834
0.0020959
0.0021
0.0020959
0.0020834
0.0020628
0.002034
0.0019972
0.0019525
0.0019001
0.0018402
0.0017731
0.0016989
0.0016181
0.0015308
0.0014375
0.0013386
0.0012343
0.0011252
0.0010117
0.00089414
0.00077306
0.00064894
0.00052225
0.0003935
0.0002632
0.00013186
2.0496e-18
-0.00013186
-0.0002632
-0.0003935
-0.00052225
-0.00064894
-0.00077306
-0.00089414
-0.0010117
-0.0011252
-0.0012343
-0.0013386
-0.0014375
-0.0015308
-0.0016181
-0.0016989
-0.0017731
-0.0018402
-0.0019001
-0.0019525
-0.0019972
-0.002034
-0.0020628
-0.0020834
-0.0020959
-0.0021
-0.0020959
-0.0020834
-0.0020628
-0.002034
-0.0019972
-0.0019525
-0.0019001
-0.0018402
-0.0017731
-0.0016989
-0.0016181
-0.0015308
-0.0014375
-0.0013386
-0.0012343
-0.0011252
-0.0010117
-0.00089414
-0.00077306
-0.00064894
-0.00052225
-0.0003935
-0.0002632
-0.00013186
-2.4689e-17
0.00013186
0.0002632
0.0003935
0.00052225
0.00064894
0.00077306
0.00089414
0.0010117
0.0011252
0.0012343
0.0013386
0.0014375
0.0015308
0.0016181
0.0016989
0.0017731
0.0018402
0.0019001
0.0019525
0.0019972
0.002034
0.0020628
0.0020834
0.0020959
0.0021
0.0020959
0.0020834
0.0020628
0.002034
0.0019972
0.0019525
0.0019001
0.0018402
0.0017731
0.0016989
0.0016181
0.0015308
0.0014375
0.0013386
0.0012343
0.0011252
0.0010117
0.00089414
0.00077306
0.00064894
0.00052225
0.0003935
0.0002632
0.00013186
-7.2043e-17
-0.00013186
-0.0002632
-0.0003935
-0.00052225
-0.00064894
-0.00077306
-0.00089414
-0.0010117
-0.0011252
-0.0012343
-0.0013386
-0.0014375
-0.0015308
-0.0016181
-0.0016989
-0.0017731
-0.0018402
-0.0019001
-0.0019525
-0.0019972
-0.002034
-0.0020628
-0.0020834
-0.0020959
-0.0021
-0.0020959
-0.0020834
-0.0020628
-0.002034
-0.0019972
-0.0019525
-0.0019001
-0.0018402
-0.0017731
-0.0016989
-0.0016181
-0.0015308
-0.0014375
-0.0013386
-0.0012343
-0.0011252
-0.0010117
-0.00089414
-0.00077306
-0.00064894
-0.00052225
-0.0003935
-0.0002632
-0.00013186
4.9404e-17
0.00013186
0.0002632
0.0003935
0.00052225
0.00064894
0.00077306
0.00089414
0.0010117
0.0011252
0.0012343
0.0013386
0.0014375
0.0015308
0.0016181
0.0016989
0.0017731
0.0018402
0.0019001
0.0019525
0.0019972
0.002034
0.0020628
0.0020834
0.0020959
0.0021
0.0020959
0.0020834
0.0020628
0.002034
0.0019972
0.0019525
0.0019001
0.0018402
0.0017731
0.0016989
0.0016181
0.0015308
0.0014375
0.0013386
0.0012343
0.0011252
0.0010117
0.00089414
0.00077306
0.00064894
0.00052225
0.0003935
0.0002632
0.00013186
-2.6764e-17
-0.00013186
-0.0002632
-0.0003935
-0.00052225
-0.00064894
-0.00077306
-0.00089414
-0.0010117
-0.0011252
-0.0012343
-0.0013386
-0.0014375
-0.0015308
-0.0016181
-0.0016989
-0.0017731
-0.0018402
-0.0019001
-0.0019525
-0.0019972
-0.002034
-0.0020628
-0.0020834
-0.0020959
-0.0021
-0.0020959
-0.0020834
-0.0020628
-0.002034
-0.0019972
-0.0019525
-0.0019001
-0.0018402
-0.0017731
-0.0016989
-0.0016181
-0.0015308
-0.0014375
-0.0013386
-0.0012343
-0.0011252
-0.0010117
-0.00089414
-0.00077306
-0.00064894
-0.00052225
-0.0003935
-0.0002632
-0.00013186
4.1252e-18
0.00013186
0.0002632
0.0003935
0.00052225
0.00064894
0.00077306
0.00089414
0.0010117
0.0011252
0.0012343
0.0013386
0.0014375
0.0015308
0.0016181
0.0016989
0.0017731
0.0018402
0.0019001
0.0019525
0.0019972
0.002034
0.0020628
0.0020834
0.0020959
0.0021
0.0020959
0.0020834
0.0020628
0.002034
0.0019972
0.0019525
0.0019001
0.0018402
0.0017731
0.0016989
0.0016181
0.0015308
0.0014375
0.0013386
0.0012343
0.0011252
0.0010117
0.00089414
0.00077306
0.00064894
0.00052225
0.0003935
0.0002632
0.00013186
1.8514e-17
-0.00013186
-0.0002632
-0.0003935
-0.00052225
-0.00064894
-0.00077306
-0.00089414
-0.0010117
-0.0011252
-0.0012343
-0.0013386
-0.0014375
-0.0015308
-0.0016181
-0.0016989
-0.0017731
-0.0018402
-0.0019001
-0.0019525
-0.0019972
-0.002034
-0.0020628
-0.0020834
-0.0020959
-0.0021
-0.0020959
-0.0020834
-0.0020628
-0.002034
-0.0019972
-0.0019525
-0.0019001
-0.0018402
-0.0017731
-0.0016989
-0.0016181
-0.0015308
-0.0014375
-0.0013386
-0.0012343
-0.0011252
-0.0010117
-0.00089414
-0.00077306
-0.00064894
-0.00052225
-0.0003935
-0.0002632
-0.00013186
-4.1153e-17
0.00013186
0.0002632
0.0003935
0.00052225
0.00064894
0.00077306
0.00089414
0.0010117
0.0011252
0.0012343
0.0013386
0.0014375
0.0015308
0.0016181
0.0016989
0.0017731
0.0018402
0.0019001
0.0019525
0.0019972
0.002034
0.0020628
0.0020834
0.0020959
0.0021
0.0020959
0.0020834
0.0020628
0.002034
0.0019972
0.0019525
0.0019001
0.0018402
0.0017731
0.0016989
0.0016181
0.0015308
0.0014375
0.0013386
0.0012343
0.0011252
0.0010117
0.00089414
0.00077306
0.00064894
0.00052225
0.0003935
0.0002632
0.00013186
6.3793e-17
-0.00013186
-0.0002632
-0.0003935
-0.00052225
-0.00064894
-0.00077306
-0.00089414
-0.0010117
-0.0011252
-0.0012343
-0.0013386
-0.0014375
-0.0015308
-0.0016181
-0.0016989
-0.0017731
-0.0018402
-0.0019001
-0.0019525
-0.0019972
-0.002034
-0.0020628
-0.0020834
-0.0020959
-0.0021
-0.0020959
-0.0020834
-0.0020628
-0.002034
-0.0019972
-0.0019525
-0.0019001
-0.0018402
-0.0017731
-0.0016989
-0.0016181
-0.0015308
-0.0014375
-0.0013386
-0.0012343
-0.0011252
-0.0010117
-0.00089414
-0.00077306
-0.00064894
-0.00052225
-0.0003935
-0.0002632
-0.00013186
3.2939e-17
0.00013186
0.0002632
0.0003935
0.00052225
0.00064894
0.00077306
0.00089414
0.0010117
0.0011252
0.0012343
0.0013386
0.0014375
0.0015308
0.0016181
0.0016989
0.0017731
0.0018402
0.0019001
0.0019525
0.0019972
0.002034
0.0020628
0.0020834
0.0020959
0.0021
0.0020959
0.0020834
0.0020628
0.002034
0.0019972
0.0019525
0.0019001
0.0018402
0.0017731
0.0016989
0.0016181
0.0015308
0.0014375
0.0013386
0.0012343
0.0011252
0.0010117
0.00089414
0.00077306
0.00064894
0.00052225
0.0003935
0.0002632
0.00013186
-1.03e-17
-0.00013186
-0.0002632
-0.0003935
-0.00052225
-0.00064894
-0.00077306
-0.00089414
-0.0010117
-0.0011252
-0.0012343
-0.0013386
-0.0014375
-0.0015308
-0.0016181
-0.0016989
-0.0017731
-0.0018402
-0.0019001
-0.0019525
-0.0019972
-0.002034
-0.0020628
-0.0020834
-0.0020959
-0.0021
-0.0020959
-0.0020834
-0.0020628
-0.002034
-0.0019972
-0.0019525
-0.0019001
-0.0018402
-0.0017731
-0.0016989
-0.0016181
-0.0015308
-0.0014375
-0.0013386
-0.0012343
-0.0011252
-0.0010117
-0.00089414
-0.00077306
-0.00064894
-0.00052225
-0.0003935
-0.0002632
-0.00013186
-1.2339e-17
0.00013186
0.0002632
0.0003935
0.00052225
0.00064894
0.00077306
0.00089414
0.0010117
0.0011252
0.0012343
0.0013386
0.0014375
0.0015308
0.0016181
0.0016989
0.0017731
0.0018402
0.0019001
0.0019525
0.0019972
0.002034
0.0020628
0.0020834
0.0020959
0.0021
0.0020959
0.0020834
0.0020628
0.002034
0.0019972
0.0019525
0.0019001
0.0018402
0.0017731
0.0016989
0.0016181
0.0015308
0.0014375
0.0013386
0.0012343
0.0011252
0.0010117
0.00089414
0.00077306
0.00064894
0.00052225
0.0003935
0.0002632
0.00013186
3.4979e-17
-0.00013186
-0.0002632
-0.0003935
-0.00052225
-0.00064894
-0.00077306
-0.00089414
-0.0010117
-0.0011252
-0.0012343
-0.0013386
-0.0014375
-0.0015308
-0.0016181
-0.0016989
-0.0017731
-0.0018402
-0.0019001
-0.0019525
-0.0019972
-0.002034
-0.0020628
-0.0020834
-0.0020959
-0.0021
-0.0020959
-0.0020834
-0.0020628
-0.002034
-0.0019972
-0.0019525
-0.0019001
-0.0018402
-0.0017731
-0.0016989
-0.0016181
-0.0015308
-0.0014375
-0.0013386
-0.0012343
-0.0011252
-0.0010117
-0.00089414
-0.00077306
-0.00064894
-0.00052225
-0.0003935
-0.0002632
-0.00013186
-5.7618e-17
0.00013186
0.0002632
0.0003935
0.00052225
0.00064894
0.00077306
0.00089414
0.0010117
0.0011252
0.0012343
0.0013386
0.0014375
0.0015308
0.0016181
0.0016989
0.0017731
0.0018402
0.0019001
0.0019525
0.0019972
0.002034
0.0020628
0.0020834
0.0020959
0.0021
0.0020959
0.0020834
0.0020628
0.002034
0.0019972
0.0019525
0.0019001
0.0018402
0.0017731
0.0016989
0.0016181
0.0015308
0.0014375
0.0013386
0.0012343
0.0011252
0.0010117
0.00089414
0.00077306
0.00064894
0.00052225
0.0003935
0.0002632
0.00013186
-3.9114e-17
-0.00013186
-0.0002632
-0.0003935
-0.00052225
-0.00064894
-0.00077306
-0.00089414
-0.0010117
-0.0011252
-0.0012343
-0.0013386
-0.0014375
-0.0015308
-0.0016181
-0.0016989
-0.0017731
-0.0018402
-0.0019001
-0.0019525
-0.0019972
-0.002034
-0.0020628
-0.0020834
-0.0020959
-0.0021
-0.0020959
-0.0020834
-0.0020628
-0.002034
-0.0019972
-0.0019525
-0.0019001
-0.0018402
-0.0017731
-0.0016989
-0.0016181
-0.0015308
-0.0014375
-0.0013386
-0.0012343
-0.0011252
-0.0010117
-0.00089414
-0.00077306
-0.00064894
-0.00052225
-0.0003935
-0.0002632
-0.00013186
1.6475e-17
0.00013186
0.0002632
0.0003935
0.00052225
0.00064894
0.00077306
0.00089414
0.0010117
0.0011252
0.0012343
0.0013386
0.0014375
0.0015308
0.0016181
0.0016989
0.0017731
0.0018402
0.0019001
0.0019525
0.0019972
0.002034
0.0020628
0.0020834
0.0020959
0.0021
0.0020959
0.0020834
0.0020628
0.002034
0.0019972
0.0019525
0.0019001
0.0018402
0.0017731
0.0016989
0.0016181
0.0015308
0.0014375
0.0013386
0.0012343
0.0011252
0.0010117
0.00089414
0.00077306
0.00064894
0.00052225
0.0003935
0.0002632
0.00013186
6.1644e-18
-0.00013186
-0.0002632
-0.0003935
-0.00052225
-0.00064894
-0.00077306
-0.00089414
-0.0010117
-0.0011252
-0.0012343
-0.0013386
-0.0014375
-0.0015308
-0.0016181
-0.0016989
-0.0017731
-0.0018402
-0.0019001
-0.0019525
-0.0019972
-0.002034
-0.0020628
-0.0020834
-0.0020959
-0.0021
-0.0020959
-0.0020834
-0.0020628
-0.002034
-0.0019972
-0.0019525
-0.0019001
-0.0018402
-0.0017731
-0.0016989
-0.0016181
-0.0015308
-0.0014375
-0.0013386
-0.0012343
-0.0011252
-0.0010117
-0.00089414
-0.00077306
-0.00064894
-0.00052225
-0.0003935
-0.0002632
-0.00013186
-2.8804e-17
0.00013186
0.0002632
0.0003935
0.00052225
0.00064894
0.00077306
0.00089414
0.0010117
0.0011252
0.0012343
0.0013386
0.0014375
0.0015308
0.0016181
0.0016989
0.0017731
0.0018402
0.0019001
0.0019525
0.0019972
0.002034
0.0020628
0.0020834
0.0020959
0.0021
0.0020959
0.0020834
0.0020628
0.002034
0.0019972
0.0019525
0.0019001
0.0018402
0.0017731
0.0016989
0.0016181
0.0015308
0.0014375
0.0013386
0.0012343
0.0011252
0.0010117
0.00089414
0.00077306
0.00064894
0.00052225
0.0003935
0.0002632
0.00013186
5.1443e-17
-0.00013186
-0.0002632
-0.0003935
-0.00052225
-0.00064894
-0.00077306
-0.00089414
-0.0010117
-0.0011252
-0.0012343
-0.0013386
-0.0014375
-0.0015308
-0.0016181
-0.0016989
-0.0017731
-0.0018402
-0.0019001
-0.0019525
-0.0019972
-0.002034
-0.0020628
-0.0020834
-0.0020959
-0.0021
-0.0020959
-0.0020834
-0.0020628
-0.002034
-0.0019972
-0.0019525
-0.0019001
-0.0018402
-0.0017731
-0.0016989
-0.0016181
-0.0015308
-0.0014375
-0.0013386
-0.0012343
-0.0011252
-0.0010117
-0.00089414
-0.00077306
-0.00064894
-0.00052225
-0.0003935
-0.0002632
-0.00013186
4.5289e-17
0.00013186
0.0002632
0.0003935
0.00052225
0.00064894
0.00077306
0.00089414
0.0010117
0.0011252
0.0012343
0.0013386
0.0014375
0.0015308
0.0016181
0.0016989
0.0017731
0.0018402
0.0019001
0.0019525
0.0019972
0.002034
0.0020628
0.0020834
0.0020959
0.0021
0.0020959
0.0020834
0.0020628
0.002034
0.0019972
0.0019525
0.0019001
0.0018402
0.0017731
0.0016989
0.0016181
0.0015308
0.0014375
0.0013386
0.0012343
0.0011252
0.0010117
0.00089414
0.00077306
0.00064894
0.00052225
0.0003935
0.0002632
0.00013186
-2.265e-17
-0.00013186
-0.0002632
-0.0003935
-0.00052225
-0.00064894
-0.00077306
-0.00089414
-0.0010117
-0.0011252
-0.0012343
-0.0013386
-0.0014375
-0.0015308
-0.0016181
-0.0016989
-0.0017731
-0.0018402
-0.0019001
-0.0019525
-0.0019972
-0.002034
-0.0020628
-0.0020834
-0.0020959
-0.0021
-0.0020959
-0.0020834
-0.0020628
-0.002034
-0.0019972
-0.0019525
-0.0019001
-0.0018402
-0.0017731
-0.0016989
-0.0016181
-0.0015308
-0.0014375
-0.0013386
-0.0012343
-0.0011252
-0.0010117
-0.00089414
-0.00077306
-0.00064894
-0.00052225
-0.0003935
-0.0002632
-0.00013186
1.0388e-20
0.0001316
0.00026241
0.00039193
0.00051964
0.00064504
0.00076765
0.00088698
0.0010026
0.001114
0.0012208
0.0013225
0.0014189
0.0015094
0.0015938
0.0016718
0.0017429
0.0018071
0.001864
0.0019135
0.0019553
0.0019893
0.0020154
0.0020334
0.0020435
0.0020454
0.0020393
0.0020251
0.002003
0.001973
0.0019353
0.00189
0.0018374
0.0017777
0.001711
0.0016378
0.0015582
0.0014727
0.0013815
0.001285
0.0011837
0.001078
0.00096818
0.00085479
0.00073827
0.00061908
0.0004977
0.00037461
0.0002503
0.00012527
2.1475e-17
-0.000125
-0.00024925
-0.00037225
-0.00049353
-0.0006126
-0.000729
-0.00084228
-0.00095199
-0.0010577
-0.0011591
-0.0012556
-0.001347
-0.0014329
-0.0015129
-0.0015868
-0.0016543
-0.0017151
-0.001769
-0.0018159
-0.0018554
-0.0018876
-0.0019122
-0.0019293
-0.0019387
-0.0019404
-0.0019345
-0.0019209
-0.0018998
-0.0018713
-0.0018354
-0.0017924
-0.0017424
-0.0016857
-0.0016224
-0.0015528
-0.0014773
-0.0013961
-0.0013096
-0.0012181
-0.001122
-0.0010217
-0.0009176
-0.00081009
-0.00069962
-0.00058664
-0.00047159
-0.00035494
-0.00023714
-0.00011867
6.6619e-17
0.00011841
0.00023609
0.00035258
0.00046741
0.00058015
0.00069034
0.00079757
0.00090141
0.0010015
0.0010973
0.0011887
0.0012751
0.0013563
0.001432
0.0015019
0.0015656
0.0016231
0.001674
0.0017182
0.0017556
0.0017859
0.0018091
0.0018251
0.0018339
0.0018354
0.0018297
0.0018168
0.0017967
0.0017696
0.0017356
0.0016948
0.0016474
0.0015937
0.0015337
0.0014679
0.0013964
0.0013196
0.0012377
0.0011512
0.0010603
0.00096545
0.00086701
0.00076538
0.00066097
0.00055419
0.00044548
0.00033526
0.00022398
0.00011208
-4.3693e-17
-0.00011182
-0.00022293
-0.0003329
-0.0004413
-0.0005477
-0.00065169
-0.00075286
-0.00085083
-0.0009452
-0.0010356
-0.0011217
-0.0012032
-0.0012798
-0.0013511
-0.0014169
-0.001477
-0.0015311
-0.001579
-0.0016206
-0.0016557
-0.0016842
-0.0017059
-0.0017209
-0.0017291
-0.0017304
-0.0017249
-0.0017126
-0.0016936
-0.0016679
-0.0016357
-0.0015972
-0.0015524
-0.0015016
-0.0014451
-0.0013829
-0.0013155
-0.001243
-0.0011659
-0.0010843
-0.00099859
-0.00090919
-0.00081643
-0.00072067
-0.00062231
-0.00052174
-0.00041937
-0.00031559
-0.00021082
-0.00010549
-7.2347e-17
0.00010522
0.00020977
0.00031323
0.00041519
0.00051525
0.00061304
0.00070816
0.00080024
0.00088894
0.0009739
0.0010548
0.0011314
0.0012032
0.0012702
0.001332
0.0013883
0.0014391
0.001484
0.001523
0.0015558
0.0015825
0.0016028
0.0016168
0.0016243
0.0016254
0.0016201
0.0016084
0.0015904
0.0015662
0.0015359
0.0014995
0.0014574
0.0014096
0.0013564
0.001298
0.0012346
0.0011665
0.001094
0.0010173
0.00093687
0.00085293
0.00076584
0.00067597
0.00058366
0.0004893
0.00039325
0.00029591
0.00019766
9.8895e-05
8.4776e-17
-9.8631e-05
-0.00019661
-0.00029355
-0.00038908
-0.00048281
-0.00057438
-0.00066345
-0.00074966
-0.00083267
-0.00091218
-0.00098788
-0.0010595
-0.0011267
-0.0011893
-0.001247
-0.0012997
-0.0013471
-0.001389
-0.0014253
-0.001456
-0.0014808
-0.0014997
-0.0015126
-0.0015195
-0.0015204
-0.0015153
-0.0015042
-0.0014873
-0.0014645
-0.001436
-0.0014019
-0.0013624
-0.0013176
-0.0012678
-0.001213
-0.0011537
-0.00109
-0.0010221
-0.0009504
-0.00087515
-0.00079667
-0.00071526
-0.00063126
-0.00054501
-0.00045685
-0.00036714
-0.00027624
-0.0001845
-9.2302e-05
-9.4942e-17
9.2038e-05
0.00018345
0.00027388
0.00036296
0.00045036
0.00053573
0.00061874
0.00069907
0.00077641
0.00085047
0.00092095
0.0009876
0.0010502
0.0011084
0.0011621
0.001211
0.001255
0.001294
0.0013277
0.0013561
0.0013791
0.0013965
0.0014084
0.0014147
0.0014154
0.0014105
0.0014001
0.0013841
0.0013628
0.0013361
0.0013043
0.0012674
0.0012256
0.0011791
0.0011281
0.0010728
0.0010134
0.00095022
0.00088347
0.00081344
0.00074041
0.00066468
0.00058655
0.00050636
0.0004244
0.00034103
0.00025656
0.00017134
8.5709e-05
2.5372e-17
-8.5445e-05
-0.00017029
-0.0002542
-0.00033685
-0.00041791
-0.00049708
-0.00057404
-0.00064849
-0.00072015
-0.00078875
-0.00085402
-0.00091572
-0.00097361
-0.0010275
-0.0010771
-0.0011224
-0.001163
-0.001199
-0.0012301
-0.0012563
-0.0012774
-0.0012934
-0.0013042
-0.0013099
-0.0013104
-0.0013057
-0.0012959
-0.001281
-0.0012611
-0.0012363
-0.0012067
-0.0011724
-0.0011336
-0.0010904
-0.0010431
-0.00099188
-0.00093687
-0.00087834
-0.00081654
-0.00075172
-0.00068414
-0.00061409
-0.00054185
-0.0004677
-0.00039196
-0.00031492
-0.00023689
-0.00015818
-7.9116e-05
-1.0848e-16
7.8852e-05
0.00015713
0.00023453
0.00031074
0.00038547
0.00045843
0.00052933
0.0005979
0.00066389
0.00072703
0.00078709
0.00084384
0.00089707
0.00094658
0.00099218
0.0010337
0.001071
0.001104
0.0011325
0.0011564
0.0011757
0.0011902
0.0012001
0.0012051
0.0012054
0.0012009
0.0011917
0.0011779
0.0011594
0.0011364
0.001109
0.0010774
0.0010416
0.0010018
0.0009582
0.00091098
0.00086033
0.00080646
0.00074961
0.00069
0.00062788
0.00056351
0.00049714
0.00042905
0.00035951
0.0002888
0.00021721
0.00014502
7.2523e-05
4.632e-17
-7.2259e-05
-0.00014397
-0.00021485
-0.00028463
-0.00035302
-0.00041977
-0.00048462
-0.00054732
-0.00060763
-0.00066531
-0.00072016
-0.00077196
-0.00082053
-0.00086567
-0.00090723
-0.00094506
-0.00097901
-0.001009
-0.0010348
-0.0010565
-0.001074
-0.0010871
-0.0010959
-0.0011003
-0.0011004
-0.0010961
-0.0010876
-0.0010747
-0.0010577
-0.0010366
-0.0010114
-0.00098237
-0.00094957
-0.00091314
-0.00087325
-0.00083007
-0.00078379
-0.00073459
-0.00068268
-0.00062828
-0.00057162
-0.00051292
-0.00045243
-0.0003904
-0.00032706
-0.00026269
-0.00019754
-0.00013186
-6.593e-05
-5.3399e-17
6.5666e-05
0.00013081
0.00019518
0.00025851
0.00032057
0.00038112
0.00043992
0.00049674
0.00055137
0.0006036
0.00065323
0.00070009
0.00074399
0.00078477
0.00082228
0.0008564
0.000887
0.00091397
0.00093721
0.00095667
0.00097226
0.00098396
0.00099172
0.00099553
0.0009954
0.00099134
0.00098338
0.00097158
0.00095599
0.0009367
0.00091378
0.00088736
0.00085755
0.00082449
0.00078831
0.00074917
0.00070725
0.00066271
0.00061575
0.00056657
0.00051536
0.00046234
0.00040773
0.00035174
0.00029462
0.00023658
0.00017786
0.0001187
5.9337e-05
5.8213e-17
-5.9073e-05
-0.00011765
-0.0001755
-0.0002324
-0.00028813
-0.00034247
-0.00039521
-0.00044615
-0.0004951
-0.00054188
-0.0005863
-0.00062821
-0.00066744
-0.00070386
-0.00073734
-0.00076775
-0.00079499
-0.00081896
-0.00083959
-0.00085681
-0.00087056
-0.00088082
-0.00088755
-0.00089074
-0.0008904
-0.00088655
-0.00087921
-0.00086844
-0.00085429
-0.00083683
-0.00081616
-0.00079236
-0.00076554
-0.00073583
-0.00070336
-0.00066827
-0.0006307
-0.00059083
-0.00054882
-0.00050485
-0.0004591
-0.00041175
-0.00036302
-0.00031309
-0.00026217
-0.00021047
-0.00015819
-0.00010554
-5.2744e-05
-1.3134e-17
5.248e-05
0.00010449
0.00015583
0.00020629
0.00025568
0.00030381
0.0003505
0.00039557
0.00043884
0.00048016
0.00051937
0.00055633
0.0005909
0.00062296
0.00065239
0.00067909
0.00070297
0.00072395
0.00074196
0.00075695
0.00076886
0.00077768
0.00078337
0.00078595
0.0007854
0.00078175
0.00077504
0.0007653
0.00075259
0.00073697
0.00071853
0.00069735
0.00067353
0.00064718
0.00061841
0.00058736
0.00055416
0.00051896
0.00048189
0.00044313
0.00040283
0.00036117
0.00031831
0.00027444
0.00022972
0.00018435
0.00013851
9.2383e-05
4.6151e-05
6.105e-17
-4.5887e-05
-9.133e-05
-0.00013615
-0.00018018
-0.00022323
-0.00026516
-0.00030579
-0.00034498
-0.00038258
-0.00041844
-0.00045244
-0.00048445
-0.00051436
-0.00054206
-0.00056744
-0.00059044
-0.00061096
-0.00062895
-0.00064434
-0.00065708
-0.00066716
-0.00067454
-0.0006792
-0.00068115
-0.0006804
-0.00067696
-0.00067087
-0.00066216
-0.00065089
-0.00063711
-0.0006209
-0.00060234
-0.00058152
-0.00055852
-0.00053347
-0.00050646
-0.00047762
-0.00044708
-0.00041496
-0.00038141
-0.00034657
-0.00031059
-0.00027361
-0.00023578
-0.00019728
-0.00015824
-0.00011884
-7.9223e-05
-3.9558e-05
-2.3381e-17
3.9294e-05
7.817e-05
0.00011648
0.00015406
0.00019079
0.00022651
0.00026109
0.0002944
0.00032632
0.00035673
0.00038551
0.00041258
0.00043782
0.00046115
0.0004825
0.00050178
0.00051895
0.00053394
0.00054671
0.00055722
0.00056546
0.0005714
0.00057503
0.00057636
0.0005754
0.00057217
0.0005667
0.00055902
0.00054919
0.00053725
0.00052328
0.00050734
0.0004895
0.00046987
0.00044852
0.00042555
0.00040108
0.0003752
0.00034803
0.0003197
0.00029031
0.00026
0.0002289
0.00019713
0.00016483
0.00013213
9.9162e-05
6.6063e-05
3.2965e-05
2.5108e-17
-3.2701e-05
-6.501e-05
-9.6801e-05
-0.00012795
-0.00015834
-0.00018785
-0.00021638
-0.00024382
-0.00027006
-0.00029501
-0.00031858
-0.0003407
-0.00036128
-0.00038025
-0.00039755
-0.00041313
-0.00042694
-0.00043893
-0.00044908
-0.00045736
-0.00046376
-0.00046826
-0.00047086
-0.00047157
-0.0004704
-0.00046738
-0.00046252
-0.00045588
-0.00044749
-0.00043739
-0.00042565
-0.00041233
-0.00039749
-0.00038121
-0.00036357
-0.00034465
-0.00032454
-0.00030332
-0.0002811
-0.00025798
-0.00023405
-0.00020942
-0.00018419
-0.00015848
-0.00013238
-0.00010602
-7.9487e-05
-5.2903e-05
-2.6372e-05
-2.4572e-17
2.6108e-05
5.185e-05
7.7126e-05
0.00010184
0.00012589
0.0001492
0.00017167
0.00019323
0.00021379
0.00023329
0.00025165
0.00026882
0.00028474
0.00029934
0.0003126
0.00032448
0.00033492
0.00034392
0.00035146
0.0003575
0.00036206
0.00036512
0.00036669
0.00036677
0.0003654
0.00036258
0.00035835
0.00035274
0.00034578
0.00033753
0.00032803
0.00031732
0.00030548
0.00029256
0.00027863
0.00026375
0.000248
0.00023145
0.00021417
0.00019626
0.00017779
0.00015883
0.00013949
0.00011982
9.9936e-05
7.9904e-05
5.9812e-05
3.9743e-05
1.9779e-05
3.9848e-18
-1.9515e-05
-3.869e-05
-5.7451e-05
-7.5726e-05
-9.3447e-05
-0.00011055
-0.00012697
-0.00014265
-0.00015753
-0.00017157
-0.00018473
-0.00019694
-0.00020819
-0.00021844
-0.00022766
-0.00023582
-0.00024291
-0.00024892
-0.00025383
-0.00025764
-0.00026036
-0.00026198
-0.00026251
-0.00026198
-0.0002604
-0.00025779
-0.00025418
-0.0002496
-0.00024408
-0.00023767
-0.0002304
-0.00022232
-0.00021347
-0.00020391
-0.00019368
-0.00018284
-0.00017145
-0.00015957
-0.00014724
-0.00013454
-0.00012153
-0.00010825
-9.4778e-05
-8.1171e-05
-6.7489e-05
-5.3792e-05
-4.0137e-05
-2.6583e-05
-1.3186e-05
-1.6707e-17
1.2922e-05
2.553e-05
3.7776e-05
4.9614e-05
6.1e-05
7.1895e-05
8.2261e-05
9.2063e-05
0.00010127
0.00010986
0.0001178
0.00012507
0.00013165
0.00013754
0.00014271
0.00014717
0.0001509
0.00015391
0.0001562
0.00015778
0.00015865
0.00015884
0.00015834
0.00015719
0.0001554
0.000153
0.00015001
0.00014646
0.00014238
0.00013781
0.00013277
0.00012731
0.00012146
0.00011525
0.00010873
0.00010194
9.4912e-05
8.769e-05
8.0315e-05
7.2827e-05
6.5264e-05
5.7666e-05
5.0072e-05
4.2518e-05
3.5043e-05
2.7679e-05
2.0462e-05
1.3423e-05
6.593e-06
3.5291e-18
-6.3293e-06
-1.237e-05
-1.8101e-05
-2.3501e-05
-2.8553e-05
-3.3242e-05
-3.7554e-05
-4.1479e-05
-4.5009e-05
-4.814e-05
-5.0866e-05
-5.3189e-05
-5.511e-05
-5.6633e-05
-5.7764e-05
-5.8512e-05
-5.8888e-05
-5.8904e-05
-5.8576e-05
-5.7919e-05
-5.6953e-05
-5.5696e-05
-5.4169e-05
-5.2396e-05
-5.04e-05
-4.8205e-05
-4.5836e-05
-4.3319e-05
-4.068e-05
-3.7947e-05
-3.5146e-05
-3.2302e-05
-2.9444e-05
-2.6596e-05
-2.3785e-05
-2.1035e-05
-1.837e-05
-1.5813e-05
-1.3386e-05
-1.1109e-05
-9.0019e-06
-7.0818e-06
-5.3648e-06
-3.8653e-06
-2.5957e-06
-1.5667e-06
-7.87e-07
-2.632e-07
-0
-0
0
0
0
0
0
0
0
0
0
0
0
0
0
0
0
0
0
0
0
0
0
0
0
0
0
0
0
0
0
0
0
0
0
0
0
0
0
0
0
0
0
0
0
0
0
0
0
0
0
0
-0
-0
-0
-0
-0
-0
-0
-0
-0
-0
-0
-0
-0
-0
-0
-0
-0
-0
-0
-0
-0
-0
-0
-0
-0
-0
-0
-0
-0
-0
-0
-0
-0
-0
-0
-0
-0
-0
-0
-0
-0
-0
-0
-0
-0
-0
-0
-0
-0
-0
0
0
0
0
0
0
0
0
0
0
0
0
0
0
0
0
0
0
0
0
0
0
0
0
0
0
0
0
0
0
0
0
0
0
0
0
0
0
0
0
0
0
0
0
0
0
0
0
0
0
-0
-0
-0
-0
-0
-0
-0
-0
-0
-0
-0
-0
-0
-0
-0
-0
-0
-0
-0
-0
-0
-0
-0
-0
-0
-0
-0
-0
-0
-0
-0
-0
-0
-0
-0
-0
-0
-0
-0
-0
-0
-0
-0
-0
-0
-0
-0
-0
-0
-0
0
0
0
0
0
0
0
0
0
0
0
0
0
0
0
0
0
0
0
0
0
0
0
0
0
0
0
0
0
0
0
0
0
0
0
0
0
0
0
0
0
0
0
0
0
0
0
0
0
0
-0
-0
-0
-0
-0
-0
-0
-0
-0
-0
-0
-0
-0
-0
-0
-0
-0
-0
-0
-0
-0
-0
-0
-0
-0
-0
-0
-0
-0
-0
-0
-0
-0
-0
-0
-0
-0
-0
-0
-0
-0
-0
-0
-0
-0
-0
-0
-0
-0
-0
0
0
0
0
0
0
0
0
0
0
0
0
0
0
0
0
0
0
0
0
0
0
0
0
0
0
0
0
0
0
0
0
0
0
0
0
0
0
0
0
0
0
0
0
0
0
0
0
0
0
-0
-0
-0
-0
-0
-0
-0
-0
-0
-0
-0
-0
-0
-0
-0
-0
-0
-0
-0
-0
-0
-0
-0
-0
-0
-0
-0
-0
-0
-0
-0
-0
-0
-0
-0
-0
-0
-0
-0
-0
-0
-0
-0
-0
-0
-0
-0
-0
-0
-0
0
0
0
0
0
0
0
0
0
0
0
0
0
0
0
0
0
0
0
0
0
0
0
0
0
0
0
0
0
0
0
0
0
0
0
0
0
0
0
0
0
0
0
0
0
0
0
0
0
0
-0
-0
-0
-0
-0
-0
-0
-0
-0
-0
-0
-0
-0
-0
-0
-0
-0
-0
-0
-0
-0
-0
-0
-0
-0
-0
-0
-0
-0
-0
-0
-0
-0
-0
-0
-0
-0
-0
-0
-0
-0
-0
-0
-0
-0
-0
-0
-0
-0
-0
0
0
0
0
0
0
0
0
0
0
0
0
0
0
0
0
0
0
0
0
0
0
0
0
0
0
0
0
0
0
0
0
0
0
0
0
0
0
0
0
0
0
0
0
0
0
0
0
0
0
-0
-0
-0
-0
-0
-0
-0
-0
-0
-0
-0
-0
-0
-0
-0
-0
-0
-0
-0
-0
-0
-0
-0
-0
-0
-0
-0
-0
-0
-0
-0
-0
-0
-0
-0
-0
-0
-0
-0
-0
-0
-0
-0
-0
-0
-0
-0
-0
-0
-0
0
0
0
0
0
0
0
0
0
0
0
0
0
0
0
0
0
0
0
0
0
0
0
0
0
0
0
0
0
0
0
0
0
0
0
0
0
0
0
0
0
0
0
0
0
0
0
0
0
0
-0
-0
-0
-0
-0
-0
-0
-0
-0
-0
-0
-0
-0
-0
-0
-0
-0
-0
-0
-0
-0
-0
-0
-0
-0
-0
-0
-0
-0
-0
-0
-0
-0
-0
-0
-0
-0
-0
-0
-0
-0
-0
-0
-0
-0
-0
-0
-0
-0
-0
0
0
0
0
0
0
0
0
0
0
0
0
0
0
0
0
0
0
0
0
0
0
0
0
0
0
0
0
0
0
0
0
0
0
0
0
0
0
0
0
0
0
0
0
0
0
0
0
0
0
-0
-0
-0
-0
-0
-0
-0
-0
-0
-0
-0
-0
-0
-0
-0
-0
-0
-0
-0
-0
-0
-0
-0
-0
-0
-0
-0
-0
-0
-0
-0
-0
-0
-0
-0
-0
-0
-0
-0
-0
-0
-0
-0
-0
-0
-0
-0
-0
-0
-0
0
0
0
0
0
0
0
0
0
0
0
0
0
0
0
0
0
0
0
0
0
0
0
0
0
0
0
0
0
0
0
0
0
0
0
0
0
0
0
0
0
0
0
0
0
0
0
0
0
0
-0
-0
-0
-0
-0
-0
-0
-0
-0
-0
-0
-0
-0
-0
-0
-0
-0
-0
-0
-0
-0
-0
-0
-0
-0
-0
-0
-0
-0
-0
-0
-0
-0
-0
-0
-0
-0
-0
-0
-0
-0
-0
-0
-0
-0
-0
-0
-0
-0
-0
0
0
0
0
0
0
0
0
0
0
0
0
0
0
0
0
0
0
0
0
0
0
0
0
0
0
0
0
0
0
0
0
0
0
0
0
0
0
0
0
0
0
0
0
0
0
0
0
0
0
-0
-0
-0
-0
-0
-0
-0
-0
-0
-0
-0
-0
-0
-0
-0
-0
-0
-0
-0
-0
-0
-0
-0
-0
-0
-0
-0
-0
-0
-0
-0
-0
-0
-0
-0
-0
-0
-0
-0
-0
-0
-0
-0
-0
-0
-0
-0
-0
-0
-0
0
0
0
0
0
0
0
0
0
0
0
0
0
0
0
0
0
0
0
0
0
0
0
0
0
0
0
0
0
0
0
0
0
0
0
0
0
0
0
0
0
0
0
0
0
0
0
0
0
0
-0
-0
-0
-0
-0
-0
-0
-0
-0
-0
-0
-0
-0
-0
-0
-0
-0
-0
-0
-0
-0
-0
-0
-0
-0
-0
-0
-0
-0
-0
-0
-0
-0
-0
-0
-0
-0
-0
-0
-0
-0
-0
-0
-0
-0
-0
-0
-0
-0
0
0
0
0
0
0
0
0
0
0
0
0
0
0
0
0
0
0
0
0
0
0
0
0
0
0
0
0
0
0
0
0
0
0
0
0
0
0
0
0
0
0
0
0
0
0
0
0
0
0
0
-0
-0
-0
-0
-0
-0
-0
-0
-0
-0
-0
-0
-0
-0
-0
-0
-0
-0
-0
-0
-0
-0
-0
-0
-0
-0
-0
-0
-0
-0
-0
-0
-0
-0
-0
-0
-0
-0
-0
-0
-0
-0
-0
-0
-0
-0
-0
-0
-0
-0
0
0
0
0
0
0
0
0
0
0
0
0
0
0
0
0
0
0
0
0
0
0
0
0
0
0
0
0
0
0
0
0
0
0
0
0
0
0
0
0
0
0
0
0
0
0
0
0
0
-0
-0
-0
-0
-0
-0
-0
-0
-0
-0
-0
-0
-0
-0
-0
-0
-0
-0
-0
-0
-0
-0
-0
-0
-0
-0
-0
-0
-0
-0
-0
-0
-0
-0
-0
-0
-0
-0
-0
-0
-0
-0
-0
-0
-0
-0
-0
-0
-0
-0
-0
0
0
0
0
0
0
0
0
0
0
0
0
0
0
0
0
0
0
0
0
0
0
0
0
0
0
0
0
0
0
0
0
0
0
0
0
0
0
0
0
0
0
0
0
0
0
0
0
0
0
-0
-0
-0
-0
-0
-0
-0
-0
-0
-0
-0
-0
-0
-0
-0
-0
-0
-0
-0
-0
-0
-0
-0
-0
-0
-0
-0
-0
-0
-0
-0
-0
-0
-0
-0
-0
-0
-0
-0
-0
-0
-0
-0
-0
-0
-0
-0
-0
-0
-0
0
0
0
0
0
0
0
0
0
0
0
0
0
0
0
0
0
0
0
0
0
0
0
0
0
0
0
0
0
0
0
0
0
0
0
0
0
0
0
0
0
0
0
0
0
0
0
0
0
0
-0
-0
-0
-0
-0
-0
-0
-0
-0
-0
-0
-0
-0
-0
-0
-0
-0
-0
-0
-0
-0
-0
-0
-0
-0
-0
-0
-0
-0
-0
-0
-0
-0
-0
-0
-0
-0
-0
-0
-0
-0
-0
-0
-0
-0
-0
-0
-0
-0
0
0
0
0
0
0
0
0
0
0
0
0
0
0
0
0
0
0
0
0
0
0
0
0
0
0
0
0
0
0
0
0
0
0
0
0
0
0
0
0
0
0
0
0
0
0
0
0
0
0
0
-0
-0
-0
-0
-0
-0
-0
-0
-0
-0
-0
-0
-0
-0
-0
-0
-0
-0
-0
-0
-0
-0
-0
-0
-0
-0
-0
-0
-0
-0
-0
-0
-0
-0
-0
-0
-0
-0
-0
-0
-0
-0
-0
-0
-0
-0
-0
-0
-0
0
0
0
0
0
0
0
0
0
0
0
0
0
0
0
0
0
0
0
0
0
0
0
0
0
0
0
0
0
0
0
0
0
0
0
0
0
0
0
0
0
0
0
0
0
0
0
0
0
0
0
-0
-0
-0
-0
-0
-0
-0
-0
-0
-0
-0
-0
-0
-0
-0
-0
-0
-0
-0
-0
-0
-0
-0
-0
-0
-0
-0
-0
-0
-0
-0
-0
-0
-0
-0
-0
-0
-0
-0
-0
-0
-0
-0
-0
-0
-0
-0
-0
-0
-0
0
0
0
0
0
0
0
0
0
0
0
0
0
0
0
0
0
0
0
0
0
0
0
0
0
0
0
0
0
0
0
0
0
0
0
0
0
0
0
0
0
0
0
0
0
0
0
0
0
0
-0
-0
-0
-0
-0
-0
-0
-0
-0
-0
-0
-0
-0
-0
-0
-0
-0
-0
-0
-0
-0
-0
-0
-0
-0
-0
-0
-0
-0
-0
-0
-0
-0
-0
-0
-0
-0
-0
-0
-0
-0
-0
-0
-0
-0
-0
-0
-0
-0
-0
0
0
0
0
0
0
0
0
0
0
0
0
0
0
0
0
0
0
0
0
0
0
0
0
0
0
0
0
0
0
0
0
0
0
0
0
0
0
0
0
0
0
0
0
0
0
0
0
0
0
-0
-0
-0
-0
-0
-0
-0
-0
-0
-0
-0
-0
-0
-0
-0
-0
-0
-0
-0
-0
-0
-0
-0
-0
-0
-0
-0
-0
-0
-0
-0
-0
-0
-0
-0
-0
-0
-0
-0
-0
-0
-0
-0
-0
-0
-0
-0
-0
-0
-0
0
0
0
0
0
0
0
0
0
0
0
0
0
0
0
0
0
0
0
0
0
0
0
0
0
0
0
0
0
0
0
0
0
0
0
0
0
0
0
0
0
0
0
0
0
0
0
0
0
0
-0
-0
-0
-0
-0
-0
-0
-0
-0
-0
-0
-0
-0
-0
-0
-0
-0
-0
-0
-0
-0
-0
-0
-0
-0
-0
-0
-0
-0
-0
-0
-0
-0
-0
-0
-0
-0
-0
-0
-0
-0
-0
-0
-0
-0
-0
-0
-0
-0
0
0
0
0
0
0
0
0
0
0
0
0
0
0
0
0
0
0
0
0
0
0
0
0
0
0
0
0
0
0
0
0
0
0
0
0
0
0
0
0
0
0
0
0
0
0
0
0
0
0
0
-0
-0
-0
-0
-0
-0
-0
-0
-0
-0
-0
-0
-0
-0
-0
-0
-0
-0
-0
-0
-0
-0
-0
-0
-0
-0
-0
-0
-0
-0
-0
-0
-0
-0
-0
-0
-0
-0
-0
-0
-0
-0
-0
-0
-0
-0
-0
-0
-0
0
0
0
0
0
0
0
0
0
0
0
0
0
0
0
0
0
0
0
0
0
0
0
0
0
0
0
0
0
0
0
0
0
0
0
0
0
0
0
0
0
0
0
0
0
0
0
0
0
0
0
-0
-0
-0
-0
-0
-0
-0
-0
-0
-0
-0
-0
-0
-0
-0
-0
-0
-0
-0
-0
-0
-0
-0
-0
-0
-0
-0
-0
-0
-0
-0
-0
-0
-0
-0
-0
-0
-0
-0
-0
-0
-0
-0
-0
-0
-0
-0
-0
-0
-0
0
0
0
0
0
0
0
0
0
0
0
0
0
0
0
0
0
0
0
0
0
0
0
0
0
0
0
0
0
0
0
0
0
0
0
0
0
0
0
0
0
0
0
0
0
0
0
0
0
0
-0
-0
-0
-0
-0
-0
-0
-0
-0
-0
-0
-0
-0
-0
-0
-0
-0
-0
-0
-0
-0
-0
-0
-0
-0
-0
-0
-0
-0
-0
-0
-0
-0
-0
-0
-0
-0
-0
-0
-0
-0
-0
-0
-0
-0
-0
-0
-0
-0
-0
0
0
0
0
0
0
0
0
0
0
0
0
0
0
0
0
0
0
0
0
0
0
0
0
0
0
0
0
0
0
0
0
0
0
0
0
0
0
0
0
0
0
0
0
0
0
0
0
0
0
-0
-0
-0
-0
-0
-0
-0
-0
-0
-0
-0
-0
-0
-0
-0
-0
-0
-0
-0
-0
-0
-0
-0
-0
-0
-0
-0
-0
-0
-0
-0
-0
-0
-0
-0
-0
-0
-0
-0
-0
-0
-0
-0
-0
-0
-0
-0
-0
-0
-0
0
0
0
0
0
0
0
0
0
0
0
0
0
0
0
0
0
0
0
0
0
0
0
0
0
0
0
0
0
0
0
0
0
0
0
0
0
0
0
0
0
0
0
0
0
0
0
0
0
0
-0
-0
-0
-0
-0
-0
-0
-0
-0
-0
-0
-0
-0
-0
-0
-0
-0
-0
-0
-0
-0
-0
-0
-0
-0
-0
-0
-0
-0
-0
-0
-0
-0
-0
-0
-0
-0
-0
-0
-0
-0
-0
-0
-0
-0
-0
-0
-0
-0
0
0
0
0
0
0
0
0
0
0
0
0
0
0
0
0
0
0
0
0
0
0
0
0
0
0
0
0
0
0
0
0
0
0
0
0
0
0
0
0
0
0
0
0
0
0
0
0
0
0
0
-0
-0
-0
-0
-0
-0
-0
-0
-0
-0
-0
-0
-0
-0
-0
-0
-0
-0
-0
-0
-0
-0
-0
-0
-0
-0
-0
-0
-0
-0
-0
-0
-0
-0
-0
-0
-0
-0
-0
-0
-0
-0
-0
-0
-0
-0
-0
-0
-0
0
0
0
0
0
0
0
0
0
0
0
0
0
0
0
0
0
0
0
0
0
0
0
0
0
0
0
0
0
0
0
0
0
0
0
0
0
0
0
0
0
0
0
0
0
0
0
0
0
0
0
-0
-0
-0
-0
-0
-0
-0
-0
-0
-0
-0
-0
-0
-0
-0
-0
-0
-0
-0
-0
-0
-0
-0
-0
-0
-0
-0
-0
-0
-0
-0
-0
-0
-0
-0
-0
-0
-0
-0
-0
-0
-0
-0
-0
-0
-0
-0
-0
-0
-0
0
0
0
0
0
0
0
0
0
0
0
0
0
0
0
0
0
0
0
0
0
0
0
0
0
0
0
0
0
0
0
0
0
0
0
0
0
0
0
0
0
0
0
0
0
0
0
0
0
0
-0
-0
-0
-0
-0
-0
-0
-0
-0
-0
-0
-0
-0
-0
-0
-0
-0
-0
-0
-0
-0
-0
-0
-0
-0
-0
-0
-0
-0
-0
-0
-0
-0
-0
-0
-0
-0
-0
-0
-0
-0
-0
-0
-0
-0
-0
-0
-0
-0
-0
0
0
0
0
0
0
0
0
0
0
0
0
0
0
0
0
0
0
0
0
0
0
0
0
0
0
0
0
0
0
0
0
0
0
0
0
0
0
0
0
0
0
0
0
0
0
0
0
0
0
-0
-0
-0
-0
-0
-0
-0
-0
-0
-0
-0
-0
-0
-0
-0
-0
-0
-0
-0
-0
-0
-0
-0
-0
-0
-0
-0
-0
-0
-0
-0
-0
-0
-0
-0
-0
-0
-0
-0
-0
-0
-0
-0
-0
-0
-0
-0
-0
-0
-0
0
0
0
0
0
0
0
0
0
0
0
0
0
0
0
0
0
0
0
0
0
0
0
0
0
0
0
0
0
0
0
0
0
0
0
0
0
0
0
0
0
0
0
0
0
0
0
0
0
0
-0
-0
-0
-0
-0
-0
-0
-0
-0
-0
-0
-0
-0
-0
-0
-0
-0
-0
-0
-0
-0
-0
-0
-0
-0
-0
-0
-0
-0
-0
-0
-0
-0
-0
-0
-0
-0
-0
-0
-0
-0
-0
-0
-0
-0
-0
-0
-0
-0
0
0
0
0
0
0
0
0
0
0
0
0
0
0
0
0
0
0
0
0
0
0
0
0
0
0
0
0
0
0
0
0
0
0
0
0
0
0
0
0
0
0
0
0
0
0
0
0
0
0
0
-0
-0
-0
-0
-0
-0
-0
-0
-0
-0
-0
-0
-0
-0
-0
-0
-0
-0
-0
-0
-0
-0
-0
-0
-0
-0
-0
-0
-0
-0
-0
-0
-0
-0
-0
-0
-0
-0
-0
-0
-0
-0
-0
-0
-0
-0
-0
-0
-0
0
0
0
0
0
0
0
0
0
0
0
0
0
0
0
0
0
0
0
0
0
0
0
0
0
0
0
0
0
0
0
0
0
0
0
0
0
0
0
0
0
0
0
0
0
0
0
0
0
0
0
-0
-0
-0
-0
-0
-0
-0
-0
-0
-0
-0
-0
-0
-0
-0
-0
-0
-0
-0
-0
-0
-0
-0
-0
-0
-0
-0
-0
-0
-0
-0
-0
-0
-0
-0
-0
-0
-0
-0
-0
-0
-0
-0
-0
-0
-0
-0
-0
-0
0
