-0
-0
-0
-0
-0
-0
-0
-0
-0
-0
-0
-0
-0
-0
-0
-0
-0
-0
-0
-0
-0
-0
-0
-0
-0
-0
-0
-0
-0
-0
-0
-0
-0
-0
-0
-0
-0
-0
-0
-0
-0
-0
-0
-0
-0
-0
-0
-0
-0
-0
-0
0
0
0
0
0
0
0
0
0
0
0
0
0
0
0
0
0
0
0
0
0
0
0
0
0
0
0
0
0
0
0
0
0
0
0
0
0
0
0
0
0
0
0
0
0
0
0
0
0
0
-0
-0
-0
-0
-0
-0
-0
-0
-0
-0
-0
-0
-0
-0
-0
-0
-0
-0
-0
-0
-0
-0
-0
-0
-0
-0
-0
-0
-0
-0
-0
-0
-0
-0
-0
-0
-0
-0
-0
-0
-0
-0
-0
-0
-0
-0
-0
-0
-0
-0
0
0
0
0
0
0
0
0
0
0
0
0
0
0
0
0
0
0
0
0
0
0
0
0
0
0
0
0
0
0
0
0
0
0
0
0
0
0
0
0
0
0
0
0
0
0
0
0
0
0
-0
-0
-0
-0
-0
-0
-0
-0
-0
-0
-0
-0
-0
-0
-0
-0
-0
-0
-0
-0
-0
-0
-0
-0
-0
-0
-0
-0
-0
-0
-0
-0
-0
-0
-0
-0
-0
-0
-0
-0
-0
-0
-0
-0
-0
-0
-0
-0
-0
-0
0
0
0
0
0
0
0
0
0
0
0
0
0
0
0
0
0
0
0
0
0
0
0
0
0
0
0
0
0
0
0
0
0
0
0
0
0
0
0
0
0
0
0
0
0
0
0
0
0
0
-0
-0
-0
-0
-0
-0
-0
-0
-0
-0
-0
-0
-0
-0
-0
-0
-0
-0
-0
-0
-0
-0
-0
-0
-0
-0
-0
-0
-0
-0
-0
-0
-0
-0
-0
-0
-0
-0
-0
-0
-0
-0
-0
-0
-0
-0
-0
-0
-0
0
0
0
0
0
0
0
0
0
0
0
0
0
0
0
0
0
0
0
0
0
0
0
0
0
0
0
0
0
0
0
0
0
0
0
0
0
0
0
0
0
0
0
0
0
0
0
0
0
0
0
-0
-0
-0
-0
-0
-0
-0
-0
-0
-0
-0
-0
-0
-0
-0
-0
-0
-0
-0
-0
-0
-0
-0
-0
-0
-0
-0
-0
-0
-0
-0
-0
-0
-0
-0
-0
-0
-0
-0
-0
-0
-0
-0
-0
-0
-0
-0
-0
-0
-0
0
0
0
0
0
0
0
0
0
0
0
0
0
0
0
0
0
0
0
0
0
0
0
0
0
0
0
0
0
0
0
0
0
0
0
0
0
0
0
0
0
0
0
0
0
0
0
0
0
0
-0
-0
-0
-0
-0
-0
-0
-0
-0
-0
-0
-0
-0
-0
-0
-0
-0
-0
-0
-0
-0
-0
-0
-0
-0
-0
-0
-0
-0
-0
-0
-0
-0
-0
-0
-0
-0
-0
-0
-0
-0
-0
-0
-0
-0
-0
-0
-0
-0
0
0
0
0
0
0
0
0
0
0
0
0
0
0
0
0
0
0
0
0
0
0
0
0
0
0
0
0
0
0
0
0
0
0
0
0
0
0
0
0
0
0
0
0
0
0
0
0
0
0
0
-0
-0
-0
-0
-0
-0
-0
-0
-0
-0
-0
-0
-0
-0
-0
-0
-0
-0
-0
-0
-0
-0
-0
-0
-0
-0
-0
-0
-0
-0
-0
-0
-0
-0
-0
-0
-0
-0
-0
-0
-0
-0
-0
-0
-0
-0
-0
-0
-0
0
0
0
0
0
0
0
0
0
0
0
0
0
0
0
0
0
0
0
0
0
0
0
0
0
0
0
0
0
0
0
0
0
0
0
0
0
0
0
0
0
0
0
0
0
0
0
0
0
0
-0
-0
-0
-0
-0
-0
-0
-0
-0
-0
-0
-0
-0
-0
-0
-0
-0
-0
-0
-0
-0
-0
-0
-0
-0
-0
-0
-0
-0
-0
-0
-0
-0
-0
-0
-0
-0
-0
-0
-0
-0
-0
-0
-0
-0
-0
-0
-0
-0
-0
-0
0
0
0
0
0
0
0
0
0
0
0
0
0
0
0
0
0
0
0
0
0
0
0
0
0
0
0
0
0
0
0
0
0
0
0
0
0
0
0
0
0
0
0
0
0
0
0
0
0
0
-0
-0
-0
-0
-0
-0
-0
-0
-0
-0
-0
-0
-0
-0
-0
-0
-0
-0
-0
-0
-0
-0
-0
-0
-0
-0
-0
-0
-0
-0
-0
-0
-0
-0
-0
-0
-0
-0
-0
-0
-0
-0
-0
-0
-0
-0
-0
-0
-0
-0
0
0
0
0
0
0
0
0
0
0
0
0
0
0
0
0
0
0
0
0
0
0
0
0
0
0
0
0
0
0
0
0
0
0
0
0
0
0
0
0
0
0
0
0
0
0
0
0
0
0
-0
-0
-0
-0
-0
-0
-0
-0
-0
-0
-0
-0
-0
-0
-0
-0
-0
-0
-0
-0
-0
-0
-0
-0
-0
-0
-0
-0
-0
-0
-0
-0
-0
-0
-0
-0
-0
-0
-0
-0
-0
-0
-0
-0
-0
-0
-0
-0
-0
0
0
0
0
0
0
0
0
0
0
0
0
0
0
0
0
0
0
0
0
0
0
0
0
0
0
0
0
0
0
0
0
0
0
0
0
0
0
0
0
0
0
0
0
0
0
0
0
0
0
0
-0
-0
-0
-0
-0
-0
-0
-0
-0
-0
-0
-0
-0
-0
-0
-0
-0
-0
-0
-0
-0
-0
-0
-0
-0
-0
-0
-0
-0
-0
-0
-0
-0
-0
-0
-0
-0
-0
-0
-0
-0
-0
-0
-0
-0
-0
-0
-0
-0
0
0
0
0
0
0
0
0
0
0
0
0
0
0
0
0
0
0
0
0
0
0
0
0
0
0
0
0
0
0
0
0
0
0
0
0
0
0
0
0
0
0
0
0
0
0
0
0
0
0
-0
-0
-0
-0
-0
-0
-0
-0
-0
-0
-0
-0
-0
-0
-0
-0
-0
-0
-0
-0
-0
-0
-0
-0
-0
-0
-0
-0
-0
-0
-0
-0
-0
-0
-0
-0
-0
-0
-0
-0
-0
-0
-0
-0
-0
-0
-0
-0
-0
-0
0
0
0
0
0
0
0
0
0
0
0
0
0
0
0
0
0
0
0
0
0
0
0
0
0
0
0
0
0
0
0
0
0
0
0
0
0
0
0
0
0
0
0
0
0
0
0
0
0
0
0
-0
-0
-0
-0
-0
-0
-0
-0
-0
-0
-0
-0
-0
-0
-0
-0
-0
-0
-0
-0
-0
-0
-0
-0
-0
-0
-0
-0
-0
-0
-0
-0
-0
-0
-0
-0
-0
-0
-0
-0
-0
-0
-0
-0
-0
-0
-0
-0
-0
0
0
0
0
0
0
0
0
0
0
0
0
0
0
0
0
0
0
0
0
0
0
0
0
0
0
0
0
0
0
0
0
0
0
0
0
0
0
0
0
0
0
0
0
0
0
0
0
0
0
-0
-0
-0
-0
-0
-0
-0
-0
-0
-0
-0
-0
-0
-0
-0
-0
-0
-0
-0
-0
-0
-0
-0
-0
-0
-0
-0
-0
-0
-0
-0
-0
-0
-0
-0
-0
-0
-0
-0
-0
-0
-0
-0
-0
-0
-0
-0
-0
-0
-0
0
0
0
0
0
0
0
0
0
0
0
0
0
0
0
0
0
0
0
0
0
0
0
0
0
0
0
0
0
0
0
0
0
0
0
0
0
0
0
0
0
0
0
0
0
0
0
0
0
0
-0
-0
-0
-0
-0
-0
-0
-0
-0
-0
-0
-0
-0
-0
-0
-0
-0
-0
-0
-0
-0
-0
-0
-0
-0
-0
-0
-0
-0
-0
-0
-0
-0
-0
-0
-0
-0
-0
-0
-0
-0
-0
-0
-0
-0
-0
-0
-0
-0
-0
0
0
0
0
0
0
0
0
0
0
0
0
0
0
0
0
0
0
0
0
0
0
0
0
0
0
0
0
0
0
0
0
0
0
0
0
0
0
0
0
0
0
0
0
0
0
0
0
0
0
0
-0
-0
-0
-0
-0
-0
-0
-0
-0
-0
-0
-0
-0
-0
-0
-0
-0
-0
-0
-0
-0
-0
-0
-0
-0
-0
-0
-0
-0
-0
-0
-0
-0
-0
-0
-0
-0
-0
-0
-0
-0
-0
-0
-0
-0
-0
-0
-0
-0
-0
0
0
0
0
0
0
0
0
0
0
0
0
0
0
0
0
0
0
0
0
0
0
0
0
0
0
0
0
0
0
0
0
0
0
0
0
0
0
0
0
0
0
0
0
0
0
0
0
0
0
-0
-0
-0
-0
-0
-0
-0
-0
-0
-0
-0
-0
-0
-0
-0
-0
-0
-0
-0
-0
-0
-0
-0
-0
-0
-0
-0
-0
-0
-0
-0
-0
-0
-0
-0
-0
-0
-0
-0
-0
-0
-0
-0
-0
-0
-0
-0
-0
-0
-0
0
0
0
0
0
0
0
0
0
0
0
0
0
0
0
0
0
0
0
0
0
0
0
0
0
0
0
0
0
0
0
0
0
0
0
0
0
0
0
0
0
0
0
0
0
0
0
0
0
0
-0
-0
-0
-0
-0
-0
-0
-0
-0
-0
-0
-0
-0
-0
-0
-0
-0
-0
-0
-0
-0
-0
-0
-0
-0
-0
-0
-0
-0
-0
-0
-0
-0
-0
-0
-0
-0
-0
-0
-0
-0
-0
-0
-0
-0
-0
-0
-0
-0
-0
0
0
0
0
0
0
0
0
0
0
0
0
0
0
0
0
0
0
0
0
0
0
0
0
0
0
0
0
0
0
0
0
0
0
0
0
0
0
0
0
0
0
0
0
0
0
0
0
0
0
-0
-0
-0
-0
-0
-0
-0
-0
-0
-0
-0
-0
-0
-0
-0
-0
-0
-0
-0
-0
-0
-0
-0
-0
-0
-0
-0
-0
-0
-0
-0
-0
-0
-0
-0
-0
-0
-0
-0
-0
-0
-0
-0
-0
-0
-0
-0
-0
-0
-0
0
0
0
0
0
0
0
0
0
0
0
0
0
0
0
0
0
0
0
0
0
0
0
0
0
0
0
0
0
0
0
0
0
0
0
0
0
0
0
0
0
0
0
0
0
0
0
0
0
-0
-0
-0
-0
-0
-0
-0
-0
-0
-0
-0
-0
-0
-0
-0
-0
-0
-0
-0
-0
-0
-0
-0
-0
-0
-0
-0
-0
-0
-0
-0
-0
-0
-0
-0
-0
-0
-0
-0
-0
-0
-0
-0
-0
-0
-0
-0
-0
-0
-0
-0
0
0
0
0
0
0
0
0
0
0
0
0
0
0
0
0
0
0
0
0
0
0
0
0
0
0
0
0
0
0
0
0
0
0
0
0
0
0
0
0
0
0
0
0
0
0
0
0
0
0
-1.9779e-08
-7.896e-08
-1.7708e-07
-3.1335e-07
-4.867e-07
-6.9576e-07
-9.3884e-07
-1.214e-06
-1.5191e-06
-1.8515e-06
-2.2087e-06
-2.5876e-06
-2.9851e-06
-3.398e-06
-3.8226e-06
-4.2554e-06
-4.6926e-06
-5.1304e-06
-5.5647e-06
-5.9917e-06
-6.4072e-06
-6.8073e-06
-7.1879e-06
-7.5451e-06
-7.875e-06
-8.1738e-06
-8.4379e-06
-8.6638e-06
-8.848e-06
-8.9875e-06
-9.0793e-06
-9.1207e-06
-9.1092e-06
-9.0428e-06
-8.9194e-06
-8.7376e-06
-8.4961e-06
-8.194e-06
-7.8308e-06
-7.4061e-06
-6.9202e-06
-6.3736e-06
-5.7672e-06
-5.1022e-06
-4.3803e-06
-3.6035e-06
-2.7742e-06
-1.895e-06
-9.6917e-07
-2.4695e-19
1.0087e-06
2.053e-06
3.1283e-06
4.2302e-06
5.3537e-06
6.4937e-06
7.6449e-06
8.8016e-06
9.9583e-06
1.1109e-05
1.2248e-05
1.3369e-05
1.4466e-05
1.5534e-05
1.6565e-05
1.7554e-05
1.8494e-05
1.9381e-05
2.0209e-05
2.0971e-05
2.1662e-05
2.2278e-05
2.2814e-05
2.3264e-05
2.3625e-05
2.3893e-05
2.4064e-05
2.4135e-05
2.4103e-05
2.3967e-05
2.3723e-05
2.3372e-05
2.2911e-05
2.2341e-05
2.1661e-05
2.0873e-05
1.9977e-05
1.8976e-05
1.787e-05
1.6664e-05
1.5359e-05
1.3961e-05
1.2473e-05
1.09e-05
9.2473e-06
7.5204e-06
5.7254e-06
3.869e-06
1.9581e-06
-6.18e-20
-1.9977e-06
-4.027e-06
-6.0796e-06
-8.1471e-06
-1.0221e-05
-1.2292e-05
-1.4351e-05
-1.6389e-05
-1.8398e-05
-2.0367e-05
-2.2288e-05
-2.4151e-05
-2.5948e-05
-2.7669e-05
-2.9307e-05
-3.0852e-05
-3.2296e-05
-3.3632e-05
-3.4853e-05
-3.595e-05
-3.6918e-05
-3.7749e-05
-3.8439e-05
-3.8983e-05
-3.9375e-05
-3.9612e-05
-3.969e-05
-3.9606e-05
-3.9358e-05
-3.8946e-05
-3.8367e-05
-3.7623e-05
-3.6713e-05
-3.5639e-05
-3.4403e-05
-3.3009e-05
-3.1459e-05
-2.9757e-05
-2.791e-05
-2.5921e-05
-2.3799e-05
-2.1549e-05
-1.9179e-05
-1.6698e-05
-1.4114e-05
-1.1437e-05
-8.6767e-06
-5.843e-06
-2.9471e-06
-4.1668e-19
2.9866e-06
6.001e-06
9.0308e-06
1.2064e-05
1.5088e-05
1.809e-05
2.1057e-05
2.3977e-05
2.6837e-05
2.9624e-05
3.2327e-05
3.4932e-05
3.7429e-05
3.9805e-05
4.2049e-05
4.415e-05
4.6098e-05
4.7883e-05
4.9497e-05
5.0929e-05
5.2173e-05
5.322e-05
5.4065e-05
5.4702e-05
5.5125e-05
5.5331e-05
5.5315e-05
5.5077e-05
5.4614e-05
5.3925e-05
5.3011e-05
5.1874e-05
5.0515e-05
4.8937e-05
4.7145e-05
4.5144e-05
4.294e-05
4.0539e-05
3.7949e-05
3.5179e-05
3.2238e-05
2.9136e-05
2.5885e-05
2.2496e-05
1.8981e-05
1.5354e-05
1.1628e-05
7.817e-06
3.936e-06
-5.5581e-19
-3.9756e-06
-7.975e-06
-1.1982e-05
-1.5981e-05
-1.9955e-05
-2.3888e-05
-2.7763e-05
-3.1565e-05
-3.5276e-05
-3.8882e-05
-4.2366e-05
-4.5714e-05
-4.891e-05
-5.194e-05
-5.4791e-05
-5.7448e-05
-5.99e-05
-6.2134e-05
-6.4141e-05
-6.5908e-05
-6.7428e-05
-6.8691e-05
-6.9691e-05
-7.0421e-05
-7.0875e-05
-7.105e-05
-7.0941e-05
-7.0548e-05
-6.9869e-05
-6.8904e-05
-6.7655e-05
-6.6125e-05
-6.4317e-05
-6.2235e-05
-5.9887e-05
-5.728e-05
-5.4421e-05
-5.132e-05
-4.7988e-05
-4.4437e-05
-4.0677e-05
-3.6724e-05
-3.2591e-05
-2.8294e-05
-2.3848e-05
-1.9271e-05
-1.4579e-05
-9.791e-06
-4.925e-06
-1.5421e-19
4.9645e-06
9.949e-06
1.4933e-05
1.9898e-05
2.4822e-05
2.9686e-05
3.4469e-05
3.9152e-05
4.3715e-05
4.814e-05
5.2406e-05
5.6496e-05
6.0391e-05
6.4076e-05
6.7533e-05
7.0746e-05
7.3702e-05
7.6385e-05
7.8785e-05
8.0887e-05
8.2683e-05
8.4162e-05
8.5317e-05
8.614e-05
8.6625e-05
8.6768e-05
8.6567e-05
8.6019e-05
8.5124e-05
8.3883e-05
8.2299e-05
8.0376e-05
7.8118e-05
7.5534e-05
7.263e-05
6.9416e-05
6.5902e-05
6.2102e-05
5.8028e-05
5.3694e-05
4.9117e-05
4.4312e-05
3.9297e-05
3.4092e-05
2.8715e-05
2.3188e-05
1.753e-05
1.1765e-05
5.9139e-06
-1.482e-18
-5.9535e-06
-1.1923e-05
-1.7885e-05
-2.3815e-05
-2.9689e-05
-3.5484e-05
-4.1175e-05
-4.674e-05
-5.2155e-05
-5.7397e-05
-6.2445e-05
-6.7277e-05
-7.1873e-05
-7.6211e-05
-8.0275e-05
-8.4044e-05
-8.7504e-05
-9.0637e-05
-9.3429e-05
-9.5866e-05
-9.7938e-05
-9.9633e-05
-0.00010094
-0.00010186
-0.00010238
-0.00010249
-0.00010219
-0.00010149
-0.00010038
-9.8862e-05
-9.6943e-05
-9.4627e-05
-9.192e-05
-8.8832e-05
-8.5372e-05
-8.1551e-05
-7.7384e-05
-7.2884e-05
-6.8067e-05
-6.2952e-05
-5.7556e-05
-5.1899e-05
-4.6003e-05
-3.989e-05
-3.3582e-05
-2.7105e-05
-2.0482e-05
-1.3739e-05
-6.9029e-06
5.4048e-19
6.9424e-06
1.3897e-05
2.0836e-05
2.7731e-05
3.4556e-05
4.1281e-05
4.7881e-05
5.4327e-05
6.0594e-05
6.6655e-05
7.2485e-05
7.8059e-05
8.3354e-05
8.8347e-05
9.3017e-05
9.7343e-05
0.00010131
0.00010489
0.00010807
0.00011085
0.00011319
0.0001151
0.00011657
0.00011758
0.00011813
0.00011821
0.00011782
0.00011696
0.00011563
0.00011384
0.00011159
0.00010888
0.00010572
0.00010213
9.8114e-05
9.3687e-05
8.8865e-05
8.3665e-05
7.8107e-05
7.2209e-05
6.5995e-05
5.9487e-05
5.2709e-05
4.5688e-05
3.8449e-05
3.1022e-05
2.3433e-05
1.5713e-05
7.8918e-06
7.4067e-19
-7.9314e-06
-1.5871e-05
-2.3787e-05
-3.1648e-05
-3.9423e-05
-4.7079e-05
-5.4587e-05
-6.1915e-05
-6.9033e-05
-7.5912e-05
-8.2524e-05
-8.8841e-05
-9.4835e-05
-0.00010048
-0.00010576
-0.00011064
-0.00011511
-0.00011914
-0.00012272
-0.00012582
-0.00012845
-0.00013058
-0.00013219
-0.0001333
-0.00013388
-0.00013393
-0.00013344
-0.00013243
-0.00013089
-0.00012882
-0.00012623
-0.00012313
-0.00011952
-0.00011543
-0.00011086
-0.00010582
-0.00010035
-9.4447e-05
-8.8146e-05
-8.1467e-05
-7.4434e-05
-6.7075e-05
-5.9415e-05
-5.1486e-05
-4.3316e-05
-3.4938e-05
-2.6384e-05
-1.7687e-05
-8.8808e-06
1.6674e-18
8.9203e-06
1.7845e-05
2.6738e-05
3.5565e-05
4.429e-05
5.2877e-05
6.1293e-05
6.9503e-05
7.7473e-05
8.517e-05
9.2564e-05
9.9622e-05
0.00010632
0.00011262
0.0001185
0.00012394
0.00012891
0.00013339
0.00013736
0.0001408
0.0001437
0.00014605
0.00014782
0.00014902
0.00014963
0.00014964
0.00014907
0.0001479
0.00014614
0.0001438
0.00014088
0.00013738
0.00013333
0.00012873
0.0001236
0.00011796
0.00011183
0.00010523
9.8186e-05
9.0725e-05
8.2874e-05
7.4662e-05
6.6121e-05
5.7284e-05
4.8183e-05
3.8855e-05
2.9335e-05
1.9661e-05
9.8697e-06
-1.547e-19
-9.9093e-06
-1.9819e-05
-2.969e-05
-3.9482e-05
-4.9157e-05
-5.8675e-05
-6.7999e-05
-7.709e-05
-8.5912e-05
-9.4428e-05
-0.0001026
-0.0001104
-0.0001178
-0.00012475
-0.00013124
-0.00013724
-0.00014271
-0.00014764
-0.000152
-0.00015578
-0.00015896
-0.00016152
-0.00016345
-0.00016473
-0.00016537
-0.00016536
-0.0001647
-0.00016337
-0.0001614
-0.00015878
-0.00015552
-0.00015163
-0.00014713
-0.00014202
-0.00013634
-0.00013009
-0.00012331
-0.00011601
-0.00010823
-9.9982e-05
-9.1313e-05
-8.225e-05
-7.2827e-05
-6.3082e-05
-5.305e-05
-4.2772e-05
-3.2287e-05
-2.1635e-05
-1.0859e-05
3.2265e-18
1.0898e-05
2.1793e-05
3.2641e-05
4.3399e-05
5.4024e-05
6.4473e-05
7.4705e-05
8.4678e-05
9.4351e-05
0.00010369
0.00011264
0.00012119
0.00012928
0.00013689
0.00014398
0.00015054
0.00015651
0.00016189
0.00016665
0.00017076
0.00017421
0.00017699
0.00017907
0.00018045
0.00018112
0.00018108
0.00018032
0.00017885
0.00017666
0.00017376
0.00017016
0.00016588
0.00016093
0.00015532
0.00014908
0.00014223
0.00013479
0.00012679
0.00011826
0.00010924
9.9752e-05
8.9837e-05
7.9533e-05
6.888e-05
5.7918e-05
4.6689e-05
3.5238e-05
2.3609e-05
1.1848e-05
-1.4823e-18
-1.1887e-05
-2.3767e-05
-3.5592e-05
-4.7316e-05
-5.8891e-05
-7.0271e-05
-8.1411e-05
-9.2265e-05
-0.00010279
-0.00011294
-0.00012268
-0.00013197
-0.00014076
-0.00014902
-0.00015673
-0.00016383
-0.00017031
-0.00017614
-0.00018129
-0.00018574
-0.00018947
-0.00019246
-0.0001947
-0.00019617
-0.00019688
-0.0001968
-0.00019595
-0.00019432
-0.00019191
-0.00018874
-0.00018481
-0.00018013
-0.00017473
-0.00016862
-0.00016182
-0.00015436
-0.00014627
-0.00013757
-0.0001283
-0.0001185
-0.00010819
-9.7425e-05
-8.6239e-05
-7.4678e-05
-6.2785e-05
-5.0606e-05
-3.8189e-05
-2.5583e-05
-1.2837e-05
-6.0154e-19
1.2876e-05
2.5741e-05
3.8543e-05
5.1233e-05
6.3758e-05
7.6069e-05
8.8117e-05
9.9853e-05
0.00011123
0.0001222
0.00013272
0.00014275
0.00015224
0.00016116
0.00016947
0.00017713
0.00018412
0.00019039
0.00019594
0.00020072
0.00020472
0.00020793
0.00021032
0.00021189
0.00021263
0.00021252
0.00021157
0.00020979
0.00020717
0.00020372
0.00019945
0.00019438
0.00018853
0.00018192
0.00017457
0.0001665
0.00015775
0.00014836
0.00013834
0.00012776
0.00011663
0.00010501
9.2945e-05
8.0476e-05
6.7652e-05
5.4523e-05
4.1141e-05
2.7557e-05
1.3826e-05
-3.2421e-18
-1.3865e-05
-2.7715e-05
-4.1495e-05
-5.5149e-05
-6.8625e-05
-8.1867e-05
-9.4823e-05
-0.00010744
-0.00011967
-0.00013146
-0.00014276
-0.00015353
-0.00016372
-0.0001733
-0.00018221
-0.00019043
-0.00019792
-0.00020464
-0.00021058
-0.0002157
-0.00021998
-0.0002234
-0.00022595
-0.00022761
-0.00022838
-0.00022824
-0.0002272
-0.00022526
-0.00022242
-0.0002187
-0.00021409
-0.00020864
-0.00020233
-0.00019522
-0.00018731
-0.00017864
-0.00016923
-0.00015914
-0.00014838
-0.00013701
-0.00012507
-0.0001126
-9.9652e-05
-8.6274e-05
-7.2519e-05
-5.844e-05
-4.4092e-05
-2.9531e-05
-1.4814e-05
9.2671e-19
1.4854e-05
2.9689e-05
4.4446e-05
5.9066e-05
7.3492e-05
8.7665e-05
0.00010153
0.00011503
0.00012811
0.00014072
0.0001528
0.00016431
0.0001752
0.00018543
0.00019495
0.00020373
0.00021172
0.0002189
0.00022522
0.00023068
0.00023523
0.00023887
0.00024157
0.00024333
0.00024413
0.00024396
0.00024283
0.00024073
0.00023768
0.00023367
0.00022874
0.00022289
0.00021614
0.00020852
0.00020005
0.00019077
0.00018071
0.00016992
0.00015842
0.00014627
0.00013351
0.00012019
0.00010636
9.2072e-05
7.7386e-05
6.2357e-05
4.7043e-05
3.1505e-05
1.5803e-05
-5.434e-18
-1.5843e-05
-3.1663e-05
-4.7397e-05
-6.2983e-05
-7.8359e-05
-9.3463e-05
-0.00010824
-0.00012262
-0.00013655
-0.00014997
-0.00016284
-0.00017509
-0.00018669
-0.00019757
-0.00020769
-0.00021703
-0.00022552
-0.00023315
-0.00023987
-0.00024566
-0.00025049
-0.00025434
-0.0002572
-0.00025905
-0.00025988
-0.00025968
-0.00025845
-0.0002562
-0.00025293
-0.00024865
-0.00024338
-0.00023714
-0.00022994
-0.00022181
-0.00021279
-0.00020291
-0.0001922
-0.0001807
-0.00016846
-0.00015553
-0.00014195
-0.00012778
-0.00011306
-9.787e-05
-8.2253e-05
-6.6273e-05
-4.9994e-05
-3.3479e-05
-1.6792e-05
2.8872e-18
1.6832e-05
3.3637e-05
5.0348e-05
6.69e-05
8.3226e-05
9.9261e-05
0.00011494
0.0001302
0.00014499
0.00015923
0.00017288
0.00018588
0.00019817
0.0002097
0.00022044
0.00023032
0.00023932
0.0002474
0.00025451
0.00026064
0.00026575
0.00026981
0.00027283
0.00027477
0.00027562
0.0002754
0.00027408
0.00027167
0.00026819
0.00026363
0.00025803
0.00025139
0.00024374
0.00023511
0.00022553
0.00021504
0.00020368
0.00019148
0.0001785
0.00016479
0.00015039
0.00013536
0.00011977
0.00010367
8.712e-05
7.019e-05
5.2946e-05
3.5453e-05
1.7781e-05
-7.0192e-22
-1.7821e-05
-3.5611e-05
-5.33e-05
-7.0817e-05
-8.8093e-05
-0.00010506
-0.00012165
-0.00013779
-0.00015343
-0.00016849
-0.00018292
-0.00019666
-0.00020965
-0.00022184
-0.00023318
-0.00024362
-0.00025313
-0.00026165
-0.00026916
-0.00027562
-0.000281
-0.00028529
-0.00028845
-0.00029049
-0.00029138
-0.00029111
-0.0002897
-0.00028714
-0.00028344
-0.00027861
-0.00027267
-0.00026564
-0.00025754
-0.00024841
-0.00023828
-0.00022718
-0.00021516
-0.00020226
-0.00018854
-0.00017404
-0.00015883
-0.00014295
-0.00012648
-0.00010947
-9.1987e-05
-7.4107e-05
-5.5897e-05
-3.7427e-05
-1.877e-05
5.2798e-18
1.881e-05
3.7585e-05
5.6251e-05
7.4734e-05
9.296e-05
0.00011086
0.00012835
0.00014538
0.00016187
0.00017775
0.00019296
0.00020744
0.00022113
0.00023397
0.00024592
0.00025692
0.00026693
0.0002759
0.0002838
0.0002906
0.00029626
0.00030076
0.00030408
0.0003062
0.00030712
0.00030683
0.00030533
0.00030261
0.0002987
0.00029359
0.00028731
0.00027989
0.00027134
0.00026171
0.00025102
0.00023931
0.00022664
0.00021304
0.00019858
0.0001833
0.00016727
0.00015054
0.00013318
0.00011526
9.6854e-05
7.8024e-05
5.8848e-05
3.9401e-05
1.9759e-05
6.791e-18
-1.9779e-05
-3.948e-05
-5.9025e-05
-7.8337e-05
-9.734e-05
-0.00011596
-0.00013412
-0.00015175
-0.00016879
-0.00018515
-0.00020079
-0.00021563
-0.00022963
-0.00024271
-0.00025484
-0.00026596
-0.00027604
-0.00028502
-0.00029288
-0.00029958
-0.0003051
-0.00030942
-0.00031252
-0.00031438
-0.000315
-0.00031438
-0.00031252
-0.00030942
-0.0003051
-0.00029958
-0.00029288
-0.00028502
-0.00027604
-0.00026596
-0.00025484
-0.00024271
-0.00022963
-0.00021563
-0.00020079
-0.00018515
-0.00016879
-0.00015175
-0.00013412
-0.00011596
-9.734e-05
-7.8337e-05
-5.9025e-05
-3.948e-05
-1.9779e-05
-1.2341e-18
1.9779e-05
3.948e-05
5.9025e-05
7.8337e-05
9.734e-05
0.00011596
0.00013412
0.00015175
0.00016879
0.00018515
0.00020079
0.00021563
0.00022963
0.00024271
0.00025484
0.00026596
0.00027604
0.00028502
0.00029288
0.00029958
0.0003051
0.00030942
0.00031252
0.00031438
0.000315
0.00031438
0.00031252
0.00030942
0.0003051
0.00029958
0.00029288
0.00028502
0.00027604
0.00026596
0.00025484
0.00024271
0.00022963
0.00021563
0.00020079
0.00018515
0.00016879
0.00015175
0.00013412
0.00011596
9.734e-05
7.8337e-05
5.9025e-05
3.948e-05
1.9779e-05
4.6299e-18
-1.9779e-05
-3.948e-05
-5.9025e-05
-7.8337e-05
-9.734e-05
-0.00011596
-0.00013412
-0.00015175
-0.00016879
-0.00018515
-0.00020079
-0.00021563
-0.00022963
-0.00024271
-0.00025484
-0.00026596
-0.00027604
-0.00028502
-0.00029288
-0.00029958
-0.0003051
-0.00030942
-0.00031252
-0.00031438
-0.000315
-0.00031438
-0.00031252
-0.00030942
-0.0003051
-0.00029958
-0.00029288
-0.00028502
-0.00027604
-0.00026596
-0.00025484
-0.00024271
-0.00022963
-0.00021563
-0.00020079
-0.00018515
-0.00016879
-0.00015175
-0.00013412
-0.00011596
-9.734e-05
-7.8337e-05
-5.9025e-05
-3.948e-05
-1.9779e-05
-8.0258e-18
1.9779e-05
3.948e-05
5.9025e-05
7.8337e-05
9.734e-05
0.00011596
0.00013412
0.00015175
0.00016879
0.00018515
0.00020079
0.00021563
0.00022963
0.00024271
0.00025484
0.00026596
0.00027604
0.00028502
0.00029288
0.00029958
0.0003051
0.00030942
0.00031252
0.00031438
0.000315
0.00031438
0.00031252
0.00030942
0.0003051
0.00029958
0.00029288
0.00028502
0.00027604
0.00026596
0.00025484
0.00024271
0.00022963
0.00021563
0.00020079
0.00018515
0.00016879
0.00015175
0.00013412
0.00011596
9.734e-05
7.8337e-05
5.9025e-05
3.948e-05
1.9779e-05
2.4689e-18
-1.9779e-05
-3.948e-05
-5.9025e-05
-7.8337e-05
-9.734e-05
-0.00011596
-0.00013412
-0.00015175
-0.00016879
-0.00018515
-0.00020079
-0.00021563
-0.00022963
-0.00024271
-0.00025484
-0.00026596
-0.00027604
-0.00028502
-0.00029288
-0.00029958
-0.0003051
-0.00030942
-0.00031252
-0.00031438
-0.000315
-0.00031438
-0.00031252
-0.00030942
-0.0003051
-0.00029958
-0.00029288
-0.00028502
-0.00027604
-0.00026596
-0.00025484
-0.00024271
-0.00022963
-0.00021563
-0.00020079
-0.00018515
-0.00016879
-0.00015175
-0.00013412
-0.00011596
-9.734e-05
-7.8337e-05
-5.9025e-05
-3.948e-05
-1.9779e-05
-5.8648e-18
1.9779e-05
3.948e-05
5.9025e-05
7.8337e-05
9.734e-05
0.00011596
0.00013412
0.00015175
0.00016879
0.00018515
0.00020079
0.00021563
0.00022963
0.00024271
0.00025484
0.00026596
0.00027604
0.00028502
0.00029288
0.00029958
0.0003051
0.00030942
0.00031252
0.00031438
0.000315
0.00031438
0.00031252
0.00030942
0.0003051
0.00029958
0.00029288
0.00028502
0.00027604
0.00026596
0.00025484
0.00024271
0.00022963
0.00021563
0.00020079
0.00018515
0.00016879
0.00015175
0.00013412
0.00011596
9.734e-05
7.8337e-05
5.9025e-05
3.948e-05
1.9779e-05
3.0783e-19
-1.9779e-05
-3.948e-05
-5.9025e-05
-7.8337e-05
-9.734e-05
-0.00011596
-0.00013412
-0.00015175
-0.00016879
-0.00018515
-0.00020079
-0.00021563
-0.00022963
-0.00024271
-0.00025484
-0.00026596
-0.00027604
-0.00028502
-0.00029288
-0.00029958
-0.0003051
-0.00030942
-0.00031252
-0.00031438
-0.000315
-0.00031438
-0.00031252
-0.00030942
-0.0003051
-0.00029958
-0.00029288
-0.00028502
-0.00027604
-0.00026596
-0.00025484
-0.00024271
-0.00022963
-0.00021563
-0.00020079
-0.00018515
-0.00016879
-0.00015175
-0.00013412
-0.00011596
-9.734e-05
-7.8337e-05
-5.9025e-05
-3.948e-05
-1.9779e-05
-3.7037e-18
1.9779e-05
3.948e-05
5.9025e-05
7.8337e-05
9.734e-05
0.00011596
0.00013412
0.00015175
0.00016879
0.00018515
0.00020079
0.00021563
0.00022963
0.00024271
0.00025484
0.00026596
0.00027604
0.00028502
0.00029288
0.00029958
0.0003051
0.00030942
0.00031252
0.00031438
0.000315
0.00031438
0.00031252
0.00030942
0.0003051
0.00029958
0.00029288
0.00028502
0.00027604
0.00026596
0.00025484
0.00024271
0.00022963
0.00021563
0.00020079
0.00018515
0.00016879
0.00015175
0.00013412
0.00011596
9.734e-05
7.8337e-05
5.9025e-05
3.948e-05
1.9779e-05
7.0996e-18
-1.9779e-05
-3.948e-05
-5.9025e-05
-7.8337e-05
-9.734e-05
-0.00011596
-0.00013412
-0.00015175
-0.00016879
-0.00018515
-0.00020079
-0.00021563
-0.00022963
-0.00024271
-0.00025484
-0.00026596
-0.00027604
-0.00028502
-0.00029288
-0.00029958
-0.0003051
-0.00030942
-0.00031252
-0.00031438
-0.000315
-0.00031438
-0.00031252
-0.00030942
-0.0003051
-0.00029958
-0.00029288
-0.00028502
-0.00027604
-0.00026596
-0.00025484
-0.00024271
-0.00022963
-0.00021563
-0.00020079
-0.00018515
-0.00016879
-0.00015175
-0.00013412
-0.00011596
-9.734e-05
-7.8337e-05
-5.9025e-05
-3.948e-05
-1.9779e-05
-1.5427e-18
1.9779e-05
3.948e-05
5.9025e-05
7.8337e-05
9.734e-05
0.00011596
0.00013412
0.00015175
0.00016879
0.00018515
0.00020079
0.00021563
0.00022963
0.00024271
0.00025484
0.00026596
0.00027604
0.00028502
0.00029288
0.00029958
0.0003051
0.00030942
0.00031252
0.00031438
0.000315
0.00031438
0.00031252
0.00030942
0.0003051
0.00029958
0.00029288
0.00028502
0.00027604
0.00026596
0.00025484
0.00024271
0.00022963
0.00021563
0.00020079
0.00018515
0.00016879
0.00015175
0.00013412
0.00011596
9.734e-05
7.8337e-05
5.9025e-05
3.948e-05
1.9779e-05
4.9386e-18
-1.9779e-05
-3.948e-05
-5.9025e-05
-7.8337e-05
-9.734e-05
-0.00011596
-0.00013412
-0.00015175
-0.00016879
-0.00018515
-0.00020079
-0.00021563
-0.00022963
-0.00024271
-0.00025484
-0.00026596
-0.00027604
-0.00028502
-0.00029288
-0.00029958
-0.0003051
-0.00030942
-0.00031252
-0.00031438
-0.000315
-0.00031438
-0.00031252
-0.00030942
-0.0003051
-0.00029958
-0.00029288
-0.00028502
-0.00027604
-0.00026596
-0.00025484
-0.00024271
-0.00022963
-0.00021563
-0.00020079
-0.00018515
-0.00016879
-0.00015175
-0.00013412
-0.00011596
-9.734e-05
-7.8337e-05
-5.9025e-05
-3.948e-05
-1.9779e-05
6.1839e-19
1.9779e-05
3.948e-05
5.9025e-05
7.8337e-05
9.734e-05
0.00011596
0.00013412
0.00015175
0.00016879
0.00018515
0.00020079
0.00021563
0.00022963
0.00024271
0.00025484
0.00026596
0.00027604
0.00028502
0.00029288
0.00029958
0.0003051
0.00030942
0.00031252
0.00031438
0.000315
0.00031438
0.00031252
0.00030942
0.0003051
0.00029958
0.00029288
0.00028502
0.00027604
0.00026596
0.00025484
0.00024271
0.00022963
0.00021563
0.00020079
0.00018515
0.00016879
0.00015175
0.00013412
0.00011596
9.734e-05
7.8337e-05
5.9025e-05
3.948e-05
1.9779e-05
2.7775e-18
-1.9779e-05
-3.948e-05
-5.9025e-05
-7.8337e-05
-9.734e-05
-0.00011596
-0.00013412
-0.00015175
-0.00016879
-0.00018515
-0.00020079
-0.00021563
-0.00022963
-0.00024271
-0.00025484
-0.00026596
-0.00027604
-0.00028502
-0.00029288
-0.00029958
-0.0003051
-0.00030942
-0.00031252
-0.00031438
-0.000315
-0.00031438
-0.00031252
-0.00030942
-0.0003051
-0.00029958
-0.00029288
-0.00028502
-0.00027604
-0.00026596
-0.00025484
-0.00024271
-0.00022963
-0.00021563
-0.00020079
-0.00018515
-0.00016879
-0.00015175
-0.00013412
-0.00011596
-9.734e-05
-7.8337e-05
-5.9025e-05
-3.948e-05
-1.9779e-05
-6.1734e-18
1.9779e-05
3.948e-05
5.9025e-05
7.8337e-05
9.734e-05
0.00011596
0.00013412
0.00015175
0.00016879
0.00018515
0.00020079
0.00021563
0.00022963
0.00024271
0.00025484
0.00026596
0.00027604
0.00028502
0.00029288
0.00029958
0.0003051
0.00030942
0.00031252
0.00031438
0.000315
0.00031438
0.00031252
0.00030942
0.0003051
0.00029958
0.00029288
0.00028502
0.00027604
0.00026596
0.00025484
0.00024271
0.00022963
0.00021563
0.00020079
0.00018515
0.00016879
0.00015175
0.00013412
0.00011596
9.734e-05
7.8337e-05
5.9025e-05
3.948e-05
1.9779e-05
6.1644e-19
-1.9779e-05
-3.948e-05
-5.9025e-05
-7.8337e-05
-9.734e-05
-0.00011596
-0.00013412
-0.00015175
-0.00016879
-0.00018515
-0.00020079
-0.00021563
-0.00022963
-0.00024271
-0.00025484
-0.00026596
-0.00027604
-0.00028502
-0.00029288
-0.00029958
-0.0003051
-0.00030942
-0.00031252
-0.00031438
-0.000315
-0.00031438
-0.00031252
-0.00030942
-0.0003051
-0.00029958
-0.00029288
-0.00028502
-0.00027604
-0.00026596
-0.00025484
-0.00024271
-0.00022963
-0.00021563
-0.00020079
-0.00018515
-0.00016879
-0.00015175
-0.00013412
-0.00011596
-9.734e-05
-7.8337e-05
-5.9025e-05
-3.948e-05
-1.9779e-05
-4.0123e-18
1.9779e-05
3.948e-05
5.9025e-05
7.8337e-05
9.734e-05
0.00011596
0.00013412
0.00015175
0.00016879
0.00018515
0.00020079
0.00021563
0.00022963
0.00024271
0.00025484
0.00026596
0.00027604
0.00028502
0.00029288
0.00029958
0.0003051
0.00030942
0.00031252
0.00031438
0.000315
0.00031438
0.00031252
0.00030942
0.0003051
0.00029958
0.00029288
0.00028502
0.00027604
0.00026596
0.00025484
0.00024271
0.00022963
0.00021563
0.00020079
0.00018515
0.00016879
0.00015175
0.00013412
0.00011596
9.734e-05
7.8337e-05
5.9025e-05
3.948e-05
1.9779e-05
-1.5446e-18
-1.9779e-05
-3.948e-05
-5.9025e-05
-7.8337e-05
-9.734e-05
-0.00011596
-0.00013412
-0.00015175
-0.00016879
-0.00018515
-0.00020079
-0.00021563
-0.00022963
-0.00024271
-0.00025484
-0.00026596
-0.00027604
-0.00028502
-0.00029288
-0.00029958
-0.0003051
-0.00030942
-0.00031252
-0.00031438
-0.000315
-0.00031438
-0.00031252
-0.00030942
-0.0003051
-0.00029958
-0.00029288
-0.00028502
-0.00027604
-0.00026596
-0.00025484
-0.00024271
-0.00022963
-0.00021563
-0.00020079
-0.00018515
-0.00016879
-0.00015175
-0.00013412
-0.00011596
-9.734e-05
-7.8337e-05
-5.9025e-05
-3.948e-05
-1.9779e-05
-1.8513e-18
1.9779e-05
3.948e-05
5.9025e-05
7.8337e-05
9.734e-05
0.00011596
0.00013412
0.00015175
0.00016879
0.00018515
0.00020079
0.00021563
0.00022963
0.00024271
0.00025484
0.00026596
0.00027604
0.00028502
0.00029288
0.00029958
0.0003051
0.00030942
0.00031252
0.00031438
0.000315
0.00031438
0.00031252
0.00030942
0.0003051
0.00029958
0.00029288
0.00028502
0.00027604
0.00026596
0.00025484
0.00024271
0.00022963
0.00021563
0.00020079
0.00018515
0.00016879
0.00015175
0.00013412
0.00011596
9.734e-05
7.8337e-05
5.9025e-05
3.948e-05
1.9779e-05
5.2472e-18
-1.9779e-05
-3.948e-05
-5.9025e-05
-7.8337e-05
-9.734e-05
-0.00011596
-0.00013412
-0.00015175
-0.00016879
-0.00018515
-0.00020079
-0.00021563
-0.00022963
-0.00024271
-0.00025484
-0.00026596
-0.00027604
-0.00028502
-0.00029288
-0.00029958
-0.0003051
-0.00030942
-0.00031252
-0.00031438
-0.000315
-0.00031438
-0.00031252
-0.00030942
-0.0003051
-0.00029958
-0.00029288
-0.00028502
-0.00027604
-0.00026596
-0.00025484
-0.00024271
-0.00022963
-0.00021563
-0.00020079
-0.00018515
-0.00016879
-0.00015175
-0.00013412
-0.00011596
-9.734e-05
-7.8337e-05
-5.9025e-05
-3.948e-05
-1.9779e-05
3.0978e-19
1.9779e-05
3.948e-05
5.9025e-05
7.8337e-05
9.734e-05
0.00011596
0.00013412
0.00015175
0.00016879
0.00018515
0.00020079
0.00021563
0.00022963
0.00024271
0.00025484
0.00026596
0.00027604
0.00028502
0.00029288
0.00029958
0.0003051
0.00030942
0.00031252
0.00031438
0.000315
0.00031438
0.00031252
0.00030942
0.0003051
0.00029958
0.00029288
0.00028502
0.00027604
0.00026596
0.00025484
0.00024271
0.00022963
0.00021563
0.00020079
0.00018515
0.00016879
0.00015175
0.00013412
0.00011596
9.734e-05
7.8337e-05
5.9025e-05
3.948e-05
1.9779e-05
3.0861e-18
-1.9779e-05
-3.948e-05
-5.9025e-05
-7.8337e-05
-9.734e-05
-0.00011596
-0.00013412
-0.00015175
-0.00016879
-0.00018515
-0.00020079
-0.00021563
-0.00022963
-0.00024271
-0.00025484
-0.00026596
-0.00027604
-0.00028502
-0.00029288
-0.00029958
-0.0003051
-0.00030942
-0.00031252
-0.00031438
-0.000315
-0.00031438
-0.00031252
-0.00030942
-0.0003051
-0.00029958
-0.00029288
-0.00028502
-0.00027604
-0.00026596
-0.00025484
-0.00024271
-0.00022963
-0.00021563
-0.00020079
-0.00018515
-0.00016879
-0.00015175
-0.00013412
-0.00011596
-9.734e-05
-7.8337e-05
-5.9025e-05
-3.948e-05
-1.9779e-05
-6.482e-18
1.9779e-05
3.948e-05
5.9025e-05
7.8337e-05
9.734e-05
0.00011596
0.00013412
0.00015175
0.00016879
0.00018515
0.00020079
0.00021563
0.00022963
0.00024271
0.00025484
0.00026596
0.00027604
0.00028502
0.00029288
0.00029958
0.0003051
0.00030942
0.00031252
0.00031438
0.000315
0.00031438
0.00031252
0.00030942
0.0003051
0.00029958
0.00029288
0.00028502
0.00027604
0.00026596
0.00025484
0.00024271
0.00022963
0.00021563
0.00020079
0.00018515
0.00016879
0.00015175
0.00013412
0.00011596
9.734e-05
7.8337e-05
5.9025e-05
3.948e-05
1.9779e-05
9.8779e-18
-1.9779e-05
-3.948e-05
-5.9025e-05
-7.8337e-05
-9.734e-05
-0.00011596
-0.00013412
-0.00015175
-0.00016879
-0.00018515
-0.00020079
-0.00021563
-0.00022963
-0.00024271
-0.00025484
-0.00026596
-0.00027604
-0.00028502
-0.00029288
-0.00029958
-0.0003051
-0.00030942
-0.00031252
-0.00031438
-0.000315
-0.00031438
-0.00031252
-0.00030942
-0.0003051
-0.00029958
-0.00029288
-0.00028502
-0.00027604
-0.00026596
-0.00025484
-0.00024271
-0.00022963
-0.00021563
-0.00020079
-0.00018515
-0.00016879
-0.00015175
-0.00013412
-0.00011596
-9.734e-05
-7.8337e-05
-5.9025e-05
-3.948e-05
-1.9779e-05
4.6319e-18
1.9779e-05
3.948e-05
5.9025e-05
7.8337e-05
9.734e-05
0.00011596
0.00013412
0.00015175
0.00016879
0.00018515
0.00020079
0.00021563
0.00022963
0.00024271
0.00025484
0.00026596
0.00027604
0.00028502
0.00029288
0.00029958
0.0003051
0.00030942
0.00031252
0.00031438
0.000315
0.00031438
0.00031252
0.00030942
0.0003051
0.00029958
0.00029288
0.00028502
0.00027604
0.00026596
0.00025484
0.00024271
0.00022963
0.00021563
0.00020079
0.00018515
0.00016879
0.00015175
0.00013412
0.00011596
9.734e-05
7.8337e-05
5.9025e-05
3.948e-05
1.9779e-05
-1.236e-18
-1.9779e-05
-3.948e-05
-5.9025e-05
-7.8337e-05
-9.734e-05
-0.00011596
-0.00013412
-0.00015175
-0.00016879
-0.00018515
-0.00020079
-0.00021563
-0.00022963
-0.00024271
-0.00025484
-0.00026596
-0.00027604
-0.00028502
-0.00029288
-0.00029958
-0.0003051
-0.00030942
-0.00031252
-0.00031438
-0.000315
-0.00031438
-0.00031252
-0.00030942
-0.0003051
-0.00029958
-0.00029288
-0.00028502
-0.00027604
-0.00026596
-0.00025484
-0.00024271
-0.00022963
-0.00021563
-0.00020079
-0.00018515
-0.00016879
-0.00015175
-0.00013412
-0.00011596
-9.734e-05
-7.8337e-05
-5.9025e-05
-3.948e-05
-1.9779e-05
-2.1599e-18
1.9779e-05
3.948e-05
5.9025e-05
7.8337e-05
9.734e-05
0.00011596
0.00013412
0.00015175
0.00016879
0.00018515
0.00020079
0.00021563
0.00022963
0.00024271
0.00025484
0.00026596
0.00027604
0.00028502
0.00029288
0.00029958
0.0003051
0.00030942
0.00031252
0.00031438
0.000315
0.00031438
0.00031252
0.00030942
0.0003051
0.00029958
0.00029288
0.00028502
0.00027604
0.00026596
0.00025484
0.00024271
0.00022963
0.00021563
0.00020079
0.00018515
0.00016879
0.00015175
0.00013412
0.00011596
9.734e-05
7.8337e-05
5.9025e-05
3.948e-05
1.9779e-05
5.5558e-18
-1.9779e-05
-3.948e-05
-5.9025e-05
-7.8337e-05
-9.734e-05
-0.00011596
-0.00013412
-0.00015175
-0.00016879
-0.00018515
-0.00020079
-0.00021563
-0.00022963
-0.00024271
-0.00025484
-0.00026596
-0.00027604
-0.00028502
-0.00029288
-0.00029958
-0.0003051
-0.00030942
-0.00031252
-0.00031438
-0.000315
-0.00031438
-0.00031252
-0.00030942
-0.0003051
-0.00029958
-0.00029288
-0.00028502
-0.00027604
-0.00026596
-0.00025484
-0.00024271
-0.00022963
-0.00021563
-0.00020079
-0.00018515
-0.00016879
-0.00015175
-0.00013412
-0.00011596
-9.734e-05
-7.8337e-05
-5.9025e-05
-3.948e-05
-1.9779e-05
8.954e-18
1.9779e-05
3.948e-05
5.9025e-05
7.8337e-05
9.734e-05
0.00011596
0.00013412
0.00015175
0.00016879
0.00018515
0.00020079
0.00021563
0.00022963
0.00024271
0.00025484
0.00026596
0.00027604
0.00028502
0.00029288
0.00029958
0.0003051
0.00030942
0.00031252
0.00031438
0.000315
0.00031438
0.00031252
0.00030942
0.0003051
0.00029958
0.00029288
0.00028502
0.00027604
0.00026596
0.00025484
0.00024271
0.00022963
0.00021563
0.00020079
0.00018515
0.00016879
0.00015175
0.00013412
0.00011596
9.734e-05
7.8337e-05
5.9025e-05
3.948e-05
1.9779e-05
-5.5581e-18
-1.9779e-05
-3.948e-05
-5.9025e-05
-7.8337e-05
-9.734e-05
-0.00011596
-0.00013412
-0.00015175
-0.00016879
-0.00018515
-0.00020079
-0.00021563
-0.00022963
-0.00024271
-0.00025484
-0.00026596
-0.00027604
-0.00028502
-0.00029288
-0.00029958
-0.0003051
-0.00030942
-0.00031252
-0.00031438
-0.000315
-0.00031438
-0.00031252
-0.00030942
-0.0003051
-0.00029958
-0.00029288
-0.00028502
-0.00027604
-0.00026596
-0.00025484
-0.00024271
-0.00022963
-0.00021563
-0.00020079
-0.00018515
-0.00016879
-0.00015175
-0.00013412
-0.00011596
-9.734e-05
-7.8337e-05
-5.9025e-05
-3.948e-05
-1.9779e-05
2.1622e-18
1.9779e-05
3.948e-05
5.9025e-05
7.8337e-05
9.734e-05
0.00011596
0.00013412
0.00015175
0.00016879
0.00018515
0.00020079
0.00021563
0.00022963
0.00024271
0.00025484
0.00026596
0.00027604
0.00028502
0.00029288
0.00029958
0.0003051
0.00030942
0.00031252
0.00031438
0.000315
0.00031438
0.00031252
0.00030942
0.0003051
0.00029958
0.00029288
0.00028502
0.00027604
0.00026596
0.00025484
0.00024271
0.00022963
0.00021563
0.00020079
0.00018515
0.00016879
0.00015175
0.00013412
0.00011596
9.734e-05
7.8337e-05
5.9025e-05
3.948e-05
1.9779e-05
1.2337e-18
-1.9779e-05
-3.948e-05
-5.9025e-05
-7.8337e-05
-9.734e-05
-0.00011596
-0.00013412
-0.00015175
-0.00016879
-0.00018515
-0.00020079
-0.00021563
-0.00022963
-0.00024271
-0.00025484
-0.00026596
-0.00027604
-0.00028502
-0.00029288
-0.00029958
-0.0003051
-0.00030942
-0.00031252
-0.00031438
-0.000315
-0.00031438
-0.00031252
-0.00030942
-0.0003051
-0.00029958
-0.00029288
-0.00028502
-0.00027604
-0.00026596
-0.00025484
-0.00024271
-0.00022963
-0.00021563
-0.00020079
-0.00018515
-0.00016879
-0.00015175
-0.00013412
-0.00011596
-9.734e-05
-7.8337e-05
-5.9025e-05
-3.948e-05
-1.9779e-05
-4.6296e-18
1.9779e-05
3.948e-05
5.9025e-05
7.8337e-05
9.734e-05
0.00011596
0.00013412
0.00015175
0.00016879
0.00018515
0.00020079
0.00021563
0.00022963
0.00024271
0.00025484
0.00026596
0.00027604
0.00028502
0.00029288
0.00029958
0.0003051
0.00030942
0.00031252
0.00031438
0.000315
0.00031438
0.00031252
0.00030942
0.0003051
0.00029958
0.00029288
0.00028502
0.00027604
0.00026596
0.00025484
0.00024271
0.00022963
0.00021563
0.00020079
0.00018515
0.00016879
0.00015175
0.00013412
0.00011596
9.734e-05
7.8337e-05
5.9025e-05
3.948e-05
1.9779e-05
-9.8802e-18
-1.9779e-05
-3.948e-05
-5.9025e-05
-7.8337e-05
-9.734e-05
-0.00011596
-0.00013412
-0.00015175
-0.00016879
-0.00018515
-0.00020079
-0.00021563
-0.00022963
-0.00024271
-0.00025484
-0.00026596
-0.00027604
-0.00028502
-0.00029288
-0.00029958
-0.0003051
-0.00030942
-0.00031252
-0.00031438
-0.000315
-0.00031438
-0.00031252
-0.00030942
-0.0003051
-0.00029958
-0.00029288
-0.00028502
-0.00027604
-0.00026596
-0.00025484
-0.00024271
-0.00022963
-0.00021563
-0.00020079
-0.00018515
-0.00016879
-0.00015175
-0.00013412
-0.00011596
-9.734e-05
-7.8337e-05
-5.9025e-05
-3.948e-05
-1.9779e-05
6.4843e-18
1.9779e-05
3.948e-05
5.9025e-05
7.8337e-05
9.734e-05
0.00011596
0.00013412
0.00015175
0.00016879
0.00018515
0.00020079
0.00021563
0.00022963
0.00024271
0.00025484
0.00026596
0.00027604
0.00028502
0.00029288
0.00029958
0.0003051
0.00030942
0.00031252
0.00031438
0.000315
0.00031438
0.00031252
0.00030942
0.0003051
0.00029958
0.00029288
0.00028502
0.00027604
0.00026596
0.00025484
0.00024271
0.00022963
0.00021563
0.00020079
0.00018515
0.00016879
0.00015175
0.00013412
0.00011596
9.734e-05
7.8337e-05
5.9025e-05
3.948e-05
1.9779e-05
-3.0884e-18
-1.9779e-05
-3.948e-05
-5.9025e-05
-7.8337e-05
-9.734e-05
-0.00011596
-0.00013412
-0.00015175
-0.00016879
-0.00018515
-0.00020079
-0.00021563
-0.00022963
-0.00024271
-0.00025484
-0.00026596
-0.00027604
-0.00028502
-0.00029288
-0.00029958
-0.0003051
-0.00030942
-0.00031252
-0.00031438
-0.000315
-0.00031438
-0.00031252
-0.00030942
-0.0003051
-0.00029958
-0.00029288
-0.00028502
-0.00027604
-0.00026596
-0.00025484
-0.00024271
-0.00022963
-0.00021563
-0.00020079
-0.00018515
-0.00016879
-0.00015175
-0.00013412
-0.00011596
-9.734e-05
-7.8337e-05
-5.9025e-05
-3.948e-05
-1.9779e-05
-3.0744e-19
1.9779e-05
3.948e-05
5.9025e-05
7.8337e-05
9.734e-05
0.00011596
0.00013412
0.00015175
0.00016879
0.00018515
0.00020079
0.00021563
0.00022963
0.00024271
0.00025484
0.00026596
0.00027604
0.00028502
0.00029288
0.00029958
0.0003051
0.00030942
0.00031252
0.00031438
0.000315
0.00031438
0.00031252
0.00030942
0.0003051
0.00029958
0.00029288
0.00028502
0.00027604
0.00026596
0.00025484
0.00024271
0.00022963
0.00021563
0.00020079
0.00018515
0.00016879
0.00015175
0.00013412
0.00011596
9.734e-05
7.8337e-05
5.9025e-05
3.948e-05
1.9779e-05
3.7033e-18
-1.9779e-05
-3.948e-05
-5.9025e-05
-7.8337e-05
-9.734e-05
-0.00011596
-0.00013412
-0.00015175
-0.00016879
-0.00018515
-0.00020079
-0.00021563
-0.00022963
-0.00024271
-0.00025484
-0.00026596
-0.00027604
-0.00028502
-0.00029288
-0.00029958
-0.0003051
-0.00030942
-0.00031252
-0.00031438
-0.000315
-0.00031438
-0.00031252
-0.00030942
-0.0003051
-0.00029958
-0.00029288
-0.00028502
-0.00027604
-0.00026596
-0.00025484
-0.00024271
-0.00022963
-0.00021563
-0.00020079
-0.00018515
-0.00016879
-0.00015175
-0.00013412
-0.00011596
-9.734e-05
-7.8337e-05
-5.9025e-05
-3.948e-05
-1.9779e-05
1.0806e-17
1.9779e-05
3.948e-05
5.9025e-05
7.8337e-05
9.734e-05
0.00011596
0.00013412
0.00015175
0.00016879
0.00018515
0.00020079
0.00021563
0.00022963
0.00024271
0.00025484
0.00026596
0.00027604
0.00028502
0.00029288
0.00029958
0.0003051
0.00030942
0.00031252
0.00031438
0.000315
0.00031438
0.00031252
0.00030942
0.0003051
0.00029958
0.00029288
0.00028502
0.00027604
0.00026596
0.00025484
0.00024271
0.00022963
0.00021563
0.00020079
0.00018515
0.00016879
0.00015175
0.00013412
0.00011596
9.734e-05
7.8337e-05
5.9025e-05
3.948e-05
1.9779e-05
-7.4106e-18
-1.9779e-05
-3.948e-05
-5.9025e-05
-7.8337e-05
-9.734e-05
-0.00011596
-0.00013412
-0.00015175
-0.00016879
-0.00018515
-0.00020079
-0.00021563
-0.00022963
-0.00024271
-0.00025484
-0.00026596
-0.00027604
-0.00028502
-0.00029288
-0.00029958
-0.0003051
-0.00030942
-0.00031252
-0.00031438
-0.000315
-0.00031438
-0.00031252
-0.00030942
-0.0003051
-0.00029958
-0.00029288
-0.00028502
-0.00027604
-0.00026596
-0.00025484
-0.00024271
-0.00022963
-0.00021563
-0.00020079
-0.00018515
-0.00016879
-0.00015175
-0.00013412
-0.00011596
-9.734e-05
-7.8337e-05
-5.9025e-05
-3.948e-05
-1.9779e-05
4.0147e-18
1.9779e-05
3.948e-05
5.9025e-05
7.8337e-05
9.734e-05
0.00011596
0.00013412
0.00015175
0.00016879
0.00018515
0.00020079
0.00021563
0.00022963
0.00024271
0.00025484
0.00026596
0.00027604
0.00028502
0.00029288
0.00029958
0.0003051
0.00030942
0.00031252
0.00031438
0.000315
0.00031438
0.00031252
0.00030942
0.0003051
0.00029958
0.00029288
0.00028502
0.00027604
0.00026596
0.00025484
0.00024271
0.00022963
0.00021563
0.00020079
0.00018515
0.00016879
0.00015175
0.00013412
0.00011596
9.734e-05
7.8337e-05
5.9025e-05
3.948e-05
1.9779e-05
-6.1878e-19
-1.9779e-05
-3.948e-05
-5.9025e-05
-7.8337e-05
-9.734e-05
-0.00011596
-0.00013412
-0.00015175
-0.00016879
-0.00018515
-0.00020079
-0.00021563
-0.00022963
-0.00024271
-0.00025484
-0.00026596
-0.00027604
-0.00028502
-0.00029288
-0.00029958
-0.0003051
-0.00030942
-0.00031252
-0.00031438
-0.000315
-0.00031438
-0.00031252
-0.00030942
-0.0003051
-0.00029958
-0.00029288
-0.00028502
-0.00027604
-0.00026596
-0.00025484
-0.00024271
-0.00022963
-0.00021563
-0.00020079
-0.00018515
-0.00016879
-0.00015175
-0.00013412
-0.00011596
-9.734e-05
-7.8337e-05
-5.9025e-05
-3.948e-05
-1.9779e-05
-2.7771e-18
1.9779e-05
3.948e-05
5.9025e-05
7.8337e-05
9.734e-05
0.00011596
0.00013412
0.00015175
0.00016879
0.00018515
0.00020079
0.00021563
0.00022963
0.00024271
0.00025484
0.00026596
0.00027604
0.00028502
0.00029288
0.00029958
0.0003051
0.00030942
0.00031252
0.00031438
0.000315
0.00031438
0.00031252
0.00030942
0.0003051
0.00029958
0.00029288
0.00028502
0.00027604
0.00026596
0.00025484
0.00024271
0.00022963
0.00021563
0.00020079
0.00018515
0.00016879
0.00015175
0.00013412
0.00011596
9.734e-05
7.8337e-05
5.9025e-05
3.948e-05
1.9779e-05
6.173e-18
-1.9779e-05
-3.948e-05
-5.9025e-05
-7.8337e-05
-9.734e-05
-0.00011596
-0.00013412
-0.00015175
-0.00016879
-0.00018515
-0.00020079
-0.00021563
-0.00022963
-0.00024271
-0.00025484
-0.00026596
-0.00027604
-0.00028502
-0.00029288
-0.00029958
-0.0003051
-0.00030942
-0.00031252
-0.00031438
-0.000315
-0.00031438
-0.00031252
-0.00030942
-0.0003051
-0.00029958
-0.00029288
-0.00028502
-0.00027604
-0.00026596
-0.00025484
-0.00024271
-0.00022963
-0.00021563
-0.00020079
-0.00018515
-0.00016879
-0.00015175
-0.00013412
-0.00011596
-9.734e-05
-7.8337e-05
-5.9025e-05
-3.948e-05
-1.9779e-05
-9.5689e-18
1.9779e-05
3.948e-05
5.9025e-05
7.8337e-05
9.734e-05
0.00011596
0.00013412
0.00015175
0.00016879
0.00018515
0.00020079
0.00021563
0.00022963
0.00024271
0.00025484
0.00026596
0.00027604
0.00028502
0.00029288
0.00029958
0.0003051
0.00030942
0.00031252
0.00031438
0.000315
0.00031438
0.00031252
0.00030942
0.0003051
0.00029958
0.00029288
0.00028502
0.00027604
0.00026596
0.00025484
0.00024271
0.00022963
0.00021563
0.00020079
0.00018515
0.00016879
0.00015175
0.00013412
0.00011596
9.734e-05
7.8337e-05
5.9025e-05
3.948e-05
1.9779e-05
-4.9409e-18
-1.9779e-05
-3.948e-05
-5.9025e-05
-7.8337e-05
-9.734e-05
-0.00011596
-0.00013412
-0.00015175
-0.00016879
-0.00018515
-0.00020079
-0.00021563
-0.00022963
-0.00024271
-0.00025484
-0.00026596
-0.00027604
-0.00028502
-0.00029288
-0.00029958
-0.0003051
-0.00030942
-0.00031252
-0.00031438
-0.000315
-0.00031438
-0.00031252
-0.00030942
-0.0003051
-0.00029958
-0.00029288
-0.00028502
-0.00027604
-0.00026596
-0.00025484
-0.00024271
-0.00022963
-0.00021563
-0.00020079
-0.00018515
-0.00016879
-0.00015175
-0.00013412
-0.00011596
-9.734e-05
-7.8337e-05
-5.9025e-05
-3.948e-05
-1.9779e-05
1.545e-18
1.9779e-05
3.948e-05
5.9025e-05
7.8337e-05
9.734e-05
0.00011596
0.00013412
0.00015175
0.00016879
0.00018515
0.00020079
0.00021563
0.00022963
0.00024271
0.00025484
0.00026596
0.00027604
0.00028502
0.00029288
0.00029958
0.0003051
0.00030942
0.00031252
0.00031438
0.000315
0.00031438
0.00031252
0.00030942
0.0003051
0.00029958
0.00029288
0.00028502
0.00027604
0.00026596
0.00025484
0.00024271
0.00022963
0.00021563
0.00020079
0.00018515
0.00016879
0.00015175
0.00013412
0.00011596
9.734e-05
7.8337e-05
5.9025e-05
3.948e-05
1.9779e-05
1.8509e-18
-1.9779e-05
-3.948e-05
-5.9025e-05
-7.8337e-05
-9.734e-05
-0.00011596
-0.00013412
-0.00015175
-0.00016879
-0.00018515
-0.00020079
-0.00021563
-0.00022963
-0.00024271
-0.00025484
-0.00026596
-0.00027604
-0.00028502
-0.00029288
-0.00029958
-0.0003051
-0.00030942
-0.00031252
-0.00031438
-0.000315
-0.00031438
-0.00031252
-0.00030942
-0.0003051
-0.00029958
-0.00029288
-0.00028502
-0.00027604
-0.00026596
-0.00025484
-0.00024271
-0.00022963
-0.00021563
-0.00020079
-0.00018515
-0.00016879
-0.00015175
-0.00013412
-0.00011596
-9.734e-05
-7.8337e-05
-5.9025e-05
-3.948e-05
-1.9779e-05
-5.2468e-18
1.9779e-05
3.948e-05
5.9025e-05
7.8337e-05
9.734e-05
0.00011596
0.00013412
0.00015175
0.00016879
0.00018515
0.00020079
0.00021563
0.00022963
0.00024271
0.00025484
0.00026596
0.00027604
0.00028502
0.00029288
0.00029958
0.0003051
0.00030942
0.00031252
0.00031438
0.000315
0.00031438
0.00031252
0.00030942
0.0003051
0.00029958
0.00029288
0.00028502
0.00027604
0.00026596
0.00025484
0.00024271
0.00022963
0.00021563
0.00020079
0.00018515
0.00016879
0.00015175
0.00013412
0.00011596
9.734e-05
7.8337e-05
5.9025e-05
3.948e-05
1.9779e-05
8.6427e-18
-1.9779e-05
-3.948e-05
-5.9025e-05
-7.8337e-05
-9.734e-05
-0.00011596
-0.00013412
-0.00015175
-0.00016879
-0.00018515
-0.00020079
-0.00021563
-0.00022963
-0.00024271
-0.00025484
-0.00026596
-0.00027604
-0.00028502
-0.00029288
-0.00029958
-0.0003051
-0.00030942
-0.00031252
-0.00031438
-0.000315
-0.00031438
-0.00031252
-0.00030942
-0.0003051
-0.00029958
-0.00029288
-0.00028502
-0.00027604
-0.00026596
-0.00025484
-0.00024271
-0.00022963
-0.00021563
-0.00020079
-0.00018515
-0.00016879
-0.00015175
-0.00013412
-0.00011596
-9.734e-05
-7.8337e-05
-5.9025e-05
-3.948e-05
-1.9779e-05
5.8671e-18
1.9779e-05
3.948e-05
5.9025e-05
7.8337e-05
9.734e-05
0.00011596
0.00013412
0.00015175
0.00016879
0.00018515
0.00020079
0.00021563
0.00022963
0.00024271
0.00025484
0.00026596
0.00027604
0.00028502
0.00029288
0.00029958
0.0003051
0.00030942
0.00031252
0.00031438
0.000315
0.00031438
0.00031252
0.00030942
0.0003051
0.00029958
0.00029288
0.00028502
0.00027604
0.00026596
0.00025484
0.00024271
0.00022963
0.00021563
0.00020079
0.00018515
0.00016879
0.00015175
0.00013412
0.00011596
9.734e-05
7.8337e-05
5.9025e-05
3.948e-05
1.9779e-05
-2.4712e-18
-1.9779e-05
-3.948e-05
-5.9025e-05
-7.8337e-05
-9.734e-05
-0.00011596
-0.00013412
-0.00015175
-0.00016879
-0.00018515
-0.00020079
-0.00021563
-0.00022963
-0.00024271
-0.00025484
-0.00026596
-0.00027604
-0.00028502
-0.00029288
-0.00029958
-0.0003051
-0.00030942
-0.00031252
-0.00031438
-0.000315
-0.00031438
-0.00031252
-0.00030942
-0.0003051
-0.00029958
-0.00029288
-0.00028502
-0.00027604
-0.00026596
-0.00025484
-0.00024271
-0.00022963
-0.00021563
-0.00020079
-0.00018515
-0.00016879
-0.00015175
-0.00013412
-0.00011596
-9.734e-05
-7.8337e-05
-5.9025e-05
-3.948e-05
-1.9779e-05
-9.2466e-19
1.9779e-05
3.948e-05
5.9025e-05
7.8337e-05
9.734e-05
0.00011596
0.00013412
0.00015175
0.00016879
0.00018515
0.00020079
0.00021563
0.00022963
0.00024271
0.00025484
0.00026596
0.00027604
0.00028502
0.00029288
0.00029958
0.0003051
0.00030942
0.00031252
0.00031438
0.000315
0.00031438
0.00031252
0.00030942
0.0003051
0.00029958
0.00029288
0.00028502
0.00027604
0.00026596
0.00025484
0.00024271
0.00022963
0.00021563
0.00020079
0.00018515
0.00016879
0.00015175
0.00013412
0.00011596
9.734e-05
7.8337e-05
5.9025e-05
3.948e-05
1.9779e-05
4.3206e-18
-1.9779e-05
-3.948e-05
-5.9025e-05
-7.8337e-05
-9.734e-05
-0.00011596
-0.00013412
-0.00015175
-0.00016879
-0.00018515
-0.00020079
-0.00021563
-0.00022963
-0.00024271
-0.00025484
-0.00026596
-0.00027604
-0.00028502
-0.00029288
-0.00029958
-0.0003051
-0.00030942
-0.00031252
-0.00031438
-0.000315
-0.00031438
-0.00031252
-0.00030942
-0.0003051
-0.00029958
-0.00029288
-0.00028502
-0.00027604
-0.00026596
-0.00025484
-0.00024271
-0.00022963
-0.00021563
-0.00020079
-0.00018515
-0.00016879
-0.00015175
-0.00013412
-0.00011596
-9.734e-05
-7.8337e-05
-5.9025e-05
-3.948e-05
-1.9779e-05
-7.7164e-18
1.9779e-05
3.948e-05
5.9025e-05
7.8337e-05
9.734e-05
0.00011596
0.00013412
0.00015175
0.00016879
0.00018515
0.00020079
0.00021563
0.00022963
0.00024271
0.00025484
0.00026596
0.00027604
0.00028502
0.00029288
0.00029958
0.0003051
0.00030942
0.00031252
0.00031438
0.000315
0.00031438
0.00031252
0.00030942
0.0003051
0.00029958
0.00029288
0.00028502
0.00027604
0.00026596
0.00025484
0.00024271
0.00022963
0.00021563
0.00020079
0.00018515
0.00016879
0.00015175
0.00013412
0.00011596
9.734e-05
7.8337e-05
5.9025e-05
3.948e-05
1.9779e-05
-6.7933e-18
-1.9779e-05
-3.948e-05
-5.9025e-05
-7.8337e-05
-9.734e-05
-0.00011596
-0.00013412
-0.00015175
-0.00016879
-0.00018515
-0.00020079
-0.00021563
-0.00022963
-0.00024271
-0.00025484
-0.00026596
-0.00027604
-0.00028502
-0.00029288
-0.00029958
-0.0003051
-0.00030942
-0.00031252
-0.00031438
-0.000315
-0.00031438
-0.00031252
-0.00030942
-0.0003051
-0.00029958
-0.00029288
-0.00028502
-0.00027604
-0.00026596
-0.00025484
-0.00024271
-0.00022963
-0.00021563
-0.00020079
-0.00018515
-0.00016879
-0.00015175
-0.00013412
-0.00011596
-9.734e-05
-7.8337e-05
-5.9025e-05
-3.948e-05
-1.9779e-05
3.3975e-18
1.9779e-05
3.948e-05
5.9025e-05
7.8337e-05
9.734e-05
0.00011596
0.00013412
0.00015175
0.00016879
0.00018515
0.00020079
0.00021563
0.00022963
0.00024271
0.00025484
0.00026596
0.00027604
0.00028502
0.00029288
0.00029958
0.0003051
0.00030942
0.00031252
0.00031438
0.000315
0.00031438
0.00031252
0.00030942
0.0003051
0.00029958
0.00029288
0.00028502
0.00027604
0.00026596
0.00025484
0.00024271
0.00022963
0.00021563
0.00020079
0.00018515
0.00016879
0.00015175
0.00013412
0.00011596
9.734e-05
7.8337e-05
5.9025e-05
3.948e-05
1.9779e-05
-1.5583e-21
-1.9739e-05
-3.9362e-05
-5.8789e-05
-7.7946e-05
-9.6756e-05
-0.00011515
-0.00013305
-0.00015039
-0.0001671
-0.00018312
-0.00019838
-0.00021283
-0.00022641
-0.00023907
-0.00025076
-0.00026144
-0.00027107
-0.00027961
-0.00028702
-0.00029329
-0.00029839
-0.0003023
-0.00030502
-0.00030652
-0.00030681
-0.00030589
-0.00030377
-0.00030045
-0.00029595
-0.0002903
-0.00028351
-0.00027561
-0.00026665
-0.00025665
-0.00024567
-0.00023373
-0.0002209
-0.00020722
-0.00019276
-0.00017756
-0.0001617
-0.00014523
-0.00012822
-0.00011074
-9.2863e-05
-7.4655e-05
-5.6192e-05
-3.7545e-05
-1.879e-05
-3.2212e-18
1.8751e-05
3.7388e-05
5.5838e-05
7.4029e-05
9.1889e-05
0.00010935
0.00012634
0.0001428
0.00015866
0.00017386
0.00018834
0.00020205
0.00021493
0.00022694
0.00023802
0.00024814
0.00025727
0.00026535
0.00027238
0.00027831
0.00028314
0.00028683
0.00028939
0.0002908
0.00029106
0.00029017
0.00028814
0.00028498
0.0002807
0.00027532
0.00026886
0.00026136
0.00025285
0.00024336
0.00023292
0.0002216
0.00020942
0.00019644
0.00018272
0.0001683
0.00015326
0.00013764
0.00012151
0.00010494
8.7996e-05
7.0739e-05
5.3241e-05
3.5571e-05
1.7801e-05
-9.9928e-18
-1.7762e-05
-3.5414e-05
-5.2887e-05
-7.0112e-05
-8.7022e-05
-0.00010355
-0.00011964
-0.00013521
-0.00015022
-0.0001646
-0.0001783
-0.00019127
-0.00020345
-0.0002148
-0.00022528
-0.00023485
-0.00024346
-0.0002511
-0.00025773
-0.00026333
-0.00026788
-0.00027136
-0.00027376
-0.00027508
-0.00027531
-0.00027445
-0.00027251
-0.00026951
-0.00026544
-0.00026034
-0.00025422
-0.00024711
-0.00023905
-0.00023006
-0.00022018
-0.00020946
-0.00019794
-0.00018566
-0.00017268
-0.00015905
-0.00014482
-0.00013005
-0.00011481
-9.9145e-05
-8.3129e-05
-6.6822e-05
-5.0289e-05
-3.3597e-05
-1.6812e-05
6.5539e-18
1.6773e-05
3.344e-05
4.9935e-05
6.6195e-05
8.2155e-05
9.7754e-05
0.00011293
0.00012762
0.00014178
0.00015534
0.00016826
0.00018048
0.00019197
0.00020266
0.00021254
0.00022155
0.00022966
0.00023685
0.00024309
0.00024835
0.00025263
0.00025589
0.00025814
0.00025936
0.00025956
0.00025873
0.00025689
0.00025403
0.00025019
0.00024536
0.00023958
0.00023286
0.00022525
0.00021676
0.00020744
0.00019732
0.00018646
0.00017488
0.00016264
0.00014979
0.00013638
0.00012246
0.0001081
9.3347e-05
7.8262e-05
6.2905e-05
4.7338e-05
3.1623e-05
1.5823e-05
1.0852e-17
-1.5784e-05
-3.1466e-05
-4.6984e-05
-6.2278e-05
-7.7288e-05
-9.1956e-05
-0.00010622
-0.00012004
-0.00013334
-0.00014609
-0.00015822
-0.0001697
-0.00018049
-0.00019053
-0.00019979
-0.00020825
-0.00021586
-0.0002226
-0.00022845
-0.00023338
-0.00023737
-0.00024042
-0.00024251
-0.00024364
-0.00024381
-0.00024301
-0.00024126
-0.00023856
-0.00023493
-0.00023038
-0.00022493
-0.00021861
-0.00021144
-0.00020346
-0.0001947
-0.00018519
-0.00017497
-0.0001641
-0.0001526
-0.00014053
-0.00012794
-0.00011488
-0.0001014
-8.7549e-05
-7.3395e-05
-5.8988e-05
-4.4387e-05
-2.9649e-05
-1.4834e-05
-1.2716e-17
1.4795e-05
2.9492e-05
4.4033e-05
5.8361e-05
7.2421e-05
8.6158e-05
9.9517e-05
0.00011245
0.0001249
0.00013683
0.00014818
0.00015892
0.000169
0.00017839
0.00018705
0.00019495
0.00020206
0.00020835
0.0002138
0.0002184
0.00022212
0.00022495
0.00022689
0.00022792
0.00022806
0.0002273
0.00022564
0.00022309
0.00021967
0.0002154
0.00021029
0.00020436
0.00019764
0.00019016
0.00018196
0.00017305
0.00016349
0.00015331
0.00014256
0.00013127
0.0001195
0.00010729
9.4689e-05
8.1751e-05
6.8528e-05
5.5071e-05
4.1436e-05
2.7675e-05
1.3845e-05
1.4241e-17
-1.3806e-05
-2.7518e-05
-4.1081e-05
-5.4444e-05
-6.7554e-05
-8.036e-05
-9.2811e-05
-0.00010486
-0.00011646
-0.00012757
-0.00013814
-0.00014814
-0.00015752
-0.00016626
-0.00017431
-0.00018165
-0.00018826
-0.0001941
-0.00019916
-0.00020342
-0.00020686
-0.00020948
-0.00021126
-0.00021221
-0.00021231
-0.00021158
-0.00021001
-0.00020762
-0.00020442
-0.00020042
-0.00019564
-0.00019011
-0.00018384
-0.00017687
-0.00016921
-0.00016092
-0.00015201
-0.00014253
-0.00013252
-0.00012202
-0.00011106
-9.9701e-05
-8.7983e-05
-7.5953e-05
-6.3661e-05
-5.1154e-05
-3.8484e-05
-2.5701e-05
-1.2856e-05
-3.8057e-18
1.2817e-05
2.5544e-05
3.813e-05
5.0528e-05
6.2687e-05
7.4562e-05
8.6105e-05
9.7273e-05
0.00010802
0.00011831
0.0001281
0.00013736
0.00014604
0.00015412
0.00016157
0.00016835
0.00017446
0.00017985
0.00018451
0.00018844
0.00019161
0.00019401
0.00019564
0.00019649
0.00019656
0.00019586
0.00019439
0.00019215
0.00018916
0.00018544
0.000181
0.00017586
0.00017004
0.00016357
0.00015647
0.00014878
0.00014053
0.00013175
0.00012248
0.00011276
0.00010262
9.2114e-05
8.1277e-05
7.0155e-05
5.8794e-05
4.7237e-05
3.5533e-05
2.3727e-05
1.1867e-05
1.6272e-17
-1.1828e-05
-2.357e-05
-3.5179e-05
-4.6611e-05
-5.782e-05
-6.8764e-05
-7.9399e-05
-8.9686e-05
-9.9583e-05
-0.00010905
-0.00011806
-0.00012658
-0.00013456
-0.00014199
-0.00014883
-0.00015506
-0.00016065
-0.0001656
-0.00016987
-0.00017346
-0.00017635
-0.00017854
-0.00018001
-0.00018077
-0.00018081
-0.00018014
-0.00017876
-0.00017668
-0.00017391
-0.00017046
-0.00016636
-0.00016161
-0.00015624
-0.00015027
-0.00014373
-0.00013665
-0.00012905
-0.00012097
-0.00011244
-0.0001035
-9.4182e-05
-8.4526e-05
-7.4571e-05
-6.4357e-05
-5.3927e-05
-4.3321e-05
-3.2582e-05
-2.1753e-05
-1.0878e-05
-6.948e-18
1.0839e-05
2.1596e-05
3.2228e-05
4.2694e-05
5.2953e-05
6.2966e-05
7.2693e-05
8.2098e-05
9.1144e-05
9.9797e-05
0.00010802
0.00011579
0.00012308
0.00012985
0.00013608
0.00014176
0.00014685
0.00015135
0.00015523
0.00015848
0.00016109
0.00016306
0.00016438
0.00016505
0.00016506
0.00016442
0.00016313
0.00016121
0.00015865
0.00015548
0.00015171
0.00014736
0.00014243
0.00013697
0.00013099
0.00012451
0.00011757
0.00011019
0.0001024
9.4243e-05
8.5743e-05
7.6938e-05
6.7865e-05
5.8559e-05
4.906e-05
3.9404e-05
2.9631e-05
1.9779e-05
9.8895e-06
8.0098e-18
-9.8499e-06
-1.9622e-05
-2.9276e-05
-3.8777e-05
-4.8086e-05
-5.7168e-05
-6.5987e-05
-7.451e-05
-8.2705e-05
-9.054e-05
-9.7985e-05
-0.00010501
-0.0001116
-0.00011772
-0.00012334
-0.00012846
-0.00013305
-0.00013709
-0.00014058
-0.0001435
-0.00014584
-0.00014759
-0.00014876
-0.00014933
-0.00014931
-0.0001487
-0.00014751
-0.00014574
-0.0001434
-0.0001405
-0.00013707
-0.0001331
-0.00012863
-0.00012367
-0.00011825
-0.00011238
-0.00010609
-9.9407e-05
-9.2363e-05
-8.4985e-05
-7.7304e-05
-6.9351e-05
-6.1159e-05
-5.2761e-05
-4.4193e-05
-3.5487e-05
-2.6679e-05
-1.7805e-05
-8.9006e-06
-8.732e-18
8.861e-06
1.7648e-05
2.6325e-05
3.486e-05
4.3219e-05
5.137e-05
5.9281e-05
6.6923e-05
7.4266e-05
8.1282e-05
8.7945e-05
9.4231e-05
0.00010012
0.00010558
0.0001106
0.00011516
0.00011925
0.00012284
0.00012594
0.00012852
0.00013058
0.00013212
0.00013313
0.00013361
0.00013356
0.00013298
0.00013188
0.00013027
0.00012814
0.00012553
0.00012242
0.00011885
0.00011483
0.00011037
0.0001055
0.00010024
9.4606e-05
8.8625e-05
8.2323e-05
7.5727e-05
6.8864e-05
6.1763e-05
5.4453e-05
4.6963e-05
3.9326e-05
3.157e-05
2.3728e-05
1.5831e-05
7.9116e-06
1.9702e-18
-7.872e-06
-1.5674e-05
-2.3374e-05
-3.0943e-05
-3.8352e-05
-4.5572e-05
-5.2575e-05
-5.9335e-05
-6.5826e-05
-7.2024e-05
-7.7906e-05
-8.345e-05
-8.8635e-05
-9.3444e-05
-9.7859e-05
-0.00010186
-0.00010545
-0.00010859
-0.00011129
-0.00011354
-0.00011533
-0.00011665
-0.00011751
-0.00011789
-0.00011781
-0.00011726
-0.00011626
-0.00011479
-0.00011289
-0.00011055
-0.00010778
-0.0001046
-0.00010103
-9.7077e-05
-9.2762e-05
-8.8104e-05
-8.3124e-05
-7.7843e-05
-7.2284e-05
-6.647e-05
-6.0425e-05
-5.4176e-05
-4.7747e-05
-4.1166e-05
-3.4458e-05
-2.7653e-05
-2.0777e-05
-1.3857e-05
-6.9227e-06
-9.1575e-18
6.8831e-06
1.37e-05
2.0423e-05
2.7026e-05
3.3485e-05
3.9774e-05
4.5869e-05
5.1748e-05
5.7387e-05
6.2767e-05
6.7867e-05
7.2668e-05
7.7154e-05
8.1308e-05
8.5117e-05
8.8566e-05
9.1644e-05
9.4342e-05
9.665e-05
9.8563e-05
0.00010007
0.00010118
0.00010188
0.00010217
0.00010206
0.00010154
0.00010063
9.9324e-05
9.7633e-05
9.5567e-05
9.3136e-05
9.0352e-05
8.7228e-05
8.3778e-05
8.002e-05
7.5969e-05
7.1643e-05
6.7062e-05
6.2244e-05
5.7212e-05
5.1986e-05
4.6588e-05
4.1041e-05
3.5368e-05
2.9591e-05
2.3736e-05
1.7826e-05
1.1883e-05
5.9337e-06
3.5071e-18
-5.8941e-06
-1.1726e-05
-1.7471e-05
-2.311e-05
-2.8618e-05
-3.3976e-05
-3.9163e-05
-4.416e-05
-4.8948e-05
-5.3509e-05
-5.7827e-05
-6.1886e-05
-6.5673e-05
-6.9173e-05
-7.2375e-05
-7.5268e-05
-7.7842e-05
-8.0091e-05
-8.2006e-05
-8.3584e-05
-8.4819e-05
-8.5709e-05
-8.6254e-05
-8.6454e-05
-8.631e-05
-8.5825e-05
-8.5004e-05
-8.3853e-05
-8.2378e-05
-8.0588e-05
-7.8492e-05
-7.61e-05
-7.3426e-05
-7.048e-05
-6.7278e-05
-6.3833e-05
-6.0162e-05
-5.628e-05
-5.2205e-05
-4.7954e-05
-4.3547e-05
-3.9e-05
-3.4335e-05
-2.957e-05
-2.4724e-05
-1.9819e-05
-1.4874e-05
-9.9095e-06
-4.9448e-06
-3.7662e-18
4.9052e-06
9.7516e-06
1.452e-05
1.9193e-05
2.3751e-05
2.8178e-05
3.2457e-05
3.6572e-05
4.0509e-05
4.4251e-05
4.7788e-05
5.1105e-05
5.4192e-05
5.7037e-05
5.9633e-05
6.1969e-05
6.404e-05
6.584e-05
6.7362e-05
6.8604e-05
6.9564e-05
7.0238e-05
7.0629e-05
7.0735e-05
7.056e-05
7.0106e-05
6.9379e-05
6.8382e-05
6.7123e-05
6.5609e-05
6.3848e-05
6.1849e-05
5.9624e-05
5.7182e-05
5.4536e-05
5.1698e-05
4.8681e-05
4.5498e-05
4.2166e-05
3.8697e-05
3.5107e-05
3.1413e-05
2.7629e-05
2.3772e-05
1.9857e-05
1.5902e-05
1.1923e-05
7.9355e-06
3.9558e-06
3.6857e-18
-3.9162e-06
-7.7776e-06
-1.1569e-05
-1.5276e-05
-1.8884e-05
-2.238e-05
-2.5751e-05
-2.8985e-05
-3.2069e-05
-3.4994e-05
-3.7748e-05
-4.0323e-05
-4.271e-05
-4.4902e-05
-4.6891e-05
-4.8671e-05
-5.0239e-05
-5.1589e-05
-5.2718e-05
-5.3625e-05
-5.4308e-05
-5.4767e-05
-5.5003e-05
-5.5016e-05
-5.481e-05
-5.4387e-05
-5.3753e-05
-5.2911e-05
-5.1868e-05
-5.0629e-05
-4.9204e-05
-4.7598e-05
-4.5822e-05
-4.3884e-05
-4.1794e-05
-3.9562e-05
-3.7199e-05
-3.4717e-05
-3.2126e-05
-2.9439e-05
-2.6668e-05
-2.3825e-05
-2.0923e-05
-1.7974e-05
-1.499e-05
-1.1986e-05
-8.9718e-06
-5.9615e-06
-2.9669e-06
-5.9772e-19
2.9273e-06
5.8036e-06
8.6177e-06
1.1359e-05
1.4017e-05
1.6582e-05
1.9045e-05
2.1397e-05
2.363e-05
2.5736e-05
2.7709e-05
2.9542e-05
3.1229e-05
3.2766e-05
3.4149e-05
3.5373e-05
3.6437e-05
3.7338e-05
3.8074e-05
3.8646e-05
3.9053e-05
3.9296e-05
3.9377e-05
3.9297e-05
3.906e-05
3.8669e-05
3.8127e-05
3.744e-05
3.6612e-05
3.565e-05
3.456e-05
3.3347e-05
3.202e-05
3.0586e-05
2.9052e-05
2.7426e-05
2.5718e-05
2.3935e-05
2.2087e-05
2.0182e-05
1.8229e-05
1.6238e-05
1.4217e-05
1.2176e-05
1.0123e-05
8.0687e-06
6.0206e-06
3.9875e-06
1.9779e-06
2.506e-18
-1.9383e-06
-3.8296e-06
-5.6664e-06
-7.442e-06
-9.15e-06
-1.0784e-05
-1.2339e-05
-1.3809e-05
-1.5191e-05
-1.6479e-05
-1.7669e-05
-1.876e-05
-1.9748e-05
-2.063e-05
-2.1407e-05
-2.2075e-05
-2.2635e-05
-2.3087e-05
-2.343e-05
-2.3667e-05
-2.3798e-05
-2.3825e-05
-2.3751e-05
-2.3578e-05
-2.331e-05
-2.295e-05
-2.2501e-05
-2.1969e-05
-2.1357e-05
-2.0671e-05
-1.9916e-05
-1.9096e-05
-1.8218e-05
-1.7288e-05
-1.631e-05
-1.5291e-05
-1.4237e-05
-1.3154e-05
-1.2047e-05
-1.0924e-05
-9.7896e-06
-8.6499e-06
-7.5107e-06
-6.3778e-06
-5.2564e-06
-4.1519e-06
-3.0693e-06
-2.0135e-06
-9.8895e-07
-5.2936e-19
9.4939e-07
1.8556e-06
2.7152e-06
3.5252e-06
4.283e-06
4.9862e-06
5.6331e-06
6.2218e-06
6.7514e-06
7.2209e-06
7.63e-06
7.9784e-06
8.2665e-06
8.4949e-06
8.6646e-06
8.7768e-06
8.8332e-06
8.8356e-06
8.7864e-06
8.6879e-06
8.5429e-06
8.3544e-06
8.1254e-06
7.8595e-06
7.56e-06
7.2307e-06
6.8754e-06
6.4978e-06
6.1021e-06
5.6921e-06
5.2718e-06
4.8453e-06
4.4166e-06
3.9894e-06
3.5678e-06
3.1553e-06
2.7555e-06
2.372e-06
2.0079e-06
1.6664e-06
1.3503e-06
1.0623e-06
8.0472e-07
5.798e-07
3.8936e-07
2.3501e-07
1.1805e-07
3.948e-08
0
0
-0
-0
-0
-0
-0
-0
-0
-0
-0
-0
-0
-0
-0
-0
-0
-0
-0
-0
-0
-0
-0
-0
-0
-0
-0
-0
-0
-0
-0
-0
-0
-0
-0
-0
-0
-0
-0
-0
-0
-0
-0
-0
-0
-0
-0
-0
-0
-0
-0
-0
0
0
0
0
0
0
0
0
0
0
0
0
0
0
0
0
0
0
0
0
0
0
0
0
0
0
0
0
0
0
0
0
0
0
0
0
0
0
0
0
0
0
0
0
0
0
0
0
0
0
-0
-0
-0
-0
-0
-0
-0
-0
-0
-0
-0
-0
-0
-0
-0
-0
-0
-0
-0
-0
-0
-0
-0
-0
-0
-0
-0
-0
-0
-0
-0
-0
-0
-0
-0
-0
-0
-0
-0
-0
-0
-0
-0
-0
-0
-0
-0
-0
-0
-0
0
0
0
0
0
0
0
0
0
0
0
0
0
0
0
0
0
0
0
0
0
0
0
0
0
0
0
0
0
0
0
0
0
0
0
0
0
0
0
0
0
0
0
0
0
0
0
0
0
0
-0
-0
-0
-0
-0
-0
-0
-0
-0
-0
-0
-0
-0
-0
-0
-0
-0
-0
-0
-0
-0
-0
-0
-0
-0
-0
-0
-0
-0
-0
-0
-0
-0
-0
-0
-0
-0
-0
-0
-0
-0
-0
-0
-0
-0
-0
-0
-0
-0
-0
0
0
0
0
0
0
0
0
0
0
0
0
0
0
0
0
0
0
0
0
0
0
0
0
0
0
0
0
0
0
0
0
0
0
0
0
0
0
0
0
0
0
0
0
0
0
0
0
0
0
-0
-0
-0
-0
-0
-0
-0
-0
-0
-0
-0
-0
-0
-0
-0
-0
-0
-0
-0
-0
-0
-0
-0
-0
-0
-0
-0
-0
-0
-0
-0
-0
-0
-0
-0
-0
-0
-0
-0
-0
-0
-0
-0
-0
-0
-0
-0
-0
-0
-0
0
0
0
0
0
0
0
0
0
0
0
0
0
0
0
0
0
0
0
0
0
0
0
0
0
0
0
0
0
0
0
0
0
0
0
0
0
0
0
0
0
0
0
0
0
0
0
0
0
0
-0
-0
-0
-0
-0
-0
-0
-0
-0
-0
-0
-0
-0
-0
-0
-0
-0
-0
-0
-0
-0
-0
-0
-0
-0
-0
-0
-0
-0
-0
-0
-0
-0
-0
-0
-0
-0
-0
-0
-0
-0
-0
-0
-0
-0
-0
-0
-0
-0
-0
0
0
0
0
0
0
0
0
0
0
0
0
0
0
0
0
0
0
0
0
0
0
0
0
0
0
0
0
0
0
0
0
0
0
0
0
0
0
0
0
0
0
0
0
0
0
0
0
0
0
-0
-0
-0
-0
-0
-0
-0
-0
-0
-0
-0
-0
-0
-0
-0
-0
-0
-0
-0
-0
-0
-0
-0
-0
-0
-0
-0
-0
-0
-0
-0
-0
-0
-0
-0
-0
-0
-0
-0
-0
-0
-0
-0
-0
-0
-0
-0
-0
-0
-0
0
0
0
0
0
0
0
0
0
0
0
0
0
0
0
0
0
0
0
0
0
0
0
0
0
0
0
0
0
0
0
0
0
0
0
0
0
0
0
0
0
0
0
0
0
0
0
0
0
0
-0
-0
-0
-0
-0
-0
-0
-0
-0
-0
-0
-0
-0
-0
-0
-0
-0
-0
-0
-0
-0
-0
-0
-0
-0
-0
-0
-0
-0
-0
-0
-0
-0
-0
-0
-0
-0
-0
-0
-0
-0
-0
-0
-0
-0
-0
-0
-0
-0
-0
0
0
0
0
0
0
0
0
0
0
0
0
0
0
0
0
0
0
0
0
0
0
0
0
0
0
0
0
0
0
0
0
0
0
0
0
0
0
0
0
0
0
0
0
0
0
0
0
0
0
-0
-0
-0
-0
-0
-0
-0
-0
-0
-0
-0
-0
-0
-0
-0
-0
-0
-0
-0
-0
-0
-0
-0
-0
-0
-0
-0
-0
-0
-0
-0
-0
-0
-0
-0
-0
-0
-0
-0
-0
-0
-0
-0
-0
-0
-0
-0
-0
-0
-0
0
0
0
0
0
0
0
0
0
0
0
0
0
0
0
0
0
0
0
0
0
0
0
0
0
0
0
0
0
0
0
0
0
0
0
0
0
0
0
0
0
0
0
0
0
0
0
0
0
0
-0
-0
-0
-0
-0
-0
-0
-0
-0
-0
-0
-0
-0
-0
-0
-0
-0
-0
-0
-0
-0
-0
-0
-0
-0
-0
-0
-0
-0
-0
-0
-0
-0
-0
-0
-0
-0
-0
-0
-0
-0
-0
-0
-0
-0
-0
-0
-0
-0
-0
0
0
0
0
0
0
0
0
0
0
0
0
0
0
0
0
0
0
0
0
0
0
0
0
0
0
0
0
0
0
0
0
0
0
0
0
0
0
0
0
0
0
0
0
0
0
0
0
0
0
-0
-0
-0
-0
-0
-0
-0
-0
-0
-0
-0
-0
-0
-0
-0
-0
-0
-0
-0
-0
-0
-0
-0
-0
-0
-0
-0
-0
-0
-0
-0
-0
-0
-0
-0
-0
-0
-0
-0
-0
-0
-0
-0
-0
-0
-0
-0
-0
-0
-0
0
0
0
0
0
0
0
0
0
0
0
0
0
0
0
0
0
0
0
0
0
0
0
0
0
0
0
0
0
0
0
0
0
0
0
0
0
0
0
0
0
0
0
0
0
0
0
0
0
0
-0
-0
-0
-0
-0
-0
-0
-0
-0
-0
-0
-0
-0
-0
-0
-0
-0
-0
-0
-0
-0
-0
-0
-0
-0
-0
-0
-0
-0
-0
-0
-0
-0
-0
-0
-0
-0
-0
-0
-0
-0
-0
-0
-0
-0
-0
-0
-0
-0
-0
0
0
0
0
0
0
0
0
0
0
0
0
0
0
0
0
0
0
0
0
0
0
0
0
0
0
0
0
0
0
0
0
0
0
0
0
0
0
0
0
0
0
0
0
0
0
0
0
0
-0
-0
-0
-0
-0
-0
-0
-0
-0
-0
-0
-0
-0
-0
-0
-0
-0
-0
-0
-0
-0
-0
-0
-0
-0
-0
-0
-0
-0
-0
-0
-0
-0
-0
-0
-0
-0
-0
-0
-0
-0
-0
-0
-0
-0
-0
-0
-0
-0
-0
-0
0
0
0
0
0
0
0
0
0
0
0
0
0
0
0
0
0
0
0
0
0
0
0
0
0
0
0
0
0
0
0
0
0
0
0
0
0
0
0
0
0
0
0
0
0
0
0
0
0
0
-0
-0
-0
-0
-0
-0
-0
-0
-0
-0
-0
-0
-0
-0
-0
-0
-0
-0
-0
-0
-0
-0
-0
-0
-0
-0
-0
-0
-0
-0
-0
-0
-0
-0
-0
-0
-0
-0
-0
-0
-0
-0
-0
-0
-0
-0
-0
-0
-0
0
0
0
0
0
0
0
0
0
0
0
0
0
0
0
0
0
0
0
0
0
0
0
0
0
0
0
0
0
0
0
0
0
0
0
0
0
0
0
0
0
0
0
0
0
0
0
0
0
0
0
-0
-0
-0
-0
-0
-0
-0
-0
-0
-0
-0
-0
-0
-0
-0
-0
-0
-0
-0
-0
-0
-0
-0
-0
-0
-0
-0
-0
-0
-0
-0
-0
-0
-0
-0
-0
-0
-0
-0
-0
-0
-0
-0
-0
-0
-0
-0
-0
-0
-0
0
0
0
0
0
0
0
0
0
0
0
0
0
0
0
0
0
0
0
0
0
0
0
0
0
0
0
0
0
0
0
0
0
0
0
0
0
0
0
0
0
0
0
0
0
0
0
0
0
0
-0
-0
-0
-0
-0
-0
-0
-0
-0
-0
-0
-0
-0
-0
-0
-0
-0
-0
-0
-0
-0
-0
-0
-0
-0
-0
-0
-0
-0
-0
-0
-0
-0
-0
-0
-0
-0
-0
-0
-0
-0
-0
-0
-0
-0
-0
-0
-0
-0
-0
0
0
0
0
0
0
0
0
0
0
0
0
0
0
0
0
0
0
0
0
0
0
0
0
0
0
0
0
0
0
0
0
0
0
0
0
0
0
0
0
0
0
0
0
0
0
0
0
0
-0
-0
-0
-0
-0
-0
-0
-0
-0
-0
-0
-0
-0
-0
-0
-0
-0
-0
-0
-0
-0
-0
-0
-0
-0
-0
-0
-0
-0
-0
-0
-0
-0
-0
-0
-0
-0
-0
-0
-0
-0
-0
-0
-0
-0
-0
-0
-0
-0
-0
-0
0
0
0
0
0
0
0
0
0
0
0
0
0
0
0
0
0
0
0
0
0
0
0
0
0
0
0
0
0
0
0
0
0
0
0
0
0
0
0
0
0
0
0
0
0
0
0
0
0
-0
-0
-0
-0
-0
-0
-0
-0
-0
-0
-0
-0
-0
-0
-0
-0
-0
-0
-0
-0
-0
-0
-0
-0
-0
-0
-0
-0
-0
-0
-0
-0
-0
-0
-0
-0
-0
-0
-0
-0
-0
-0
-0
-0
-0
-0
-0
-0
-0
-0
-0
0
0
0
0
0
0
0
0
0
0
0
0
0
0
0
0
0
0
0
0
0
0
0
0
0
0
0
0
0
0
0
0
0
0
0
0
0
0
0
0
0
0
0
0
0
0
0
0
0
0
-0
-0
-0
-0
-0
-0
-0
-0
-0
-0
-0
-0
-0
-0
-0
-0
-0
-0
-0
-0
-0
-0
-0
-0
-0
-0
-0
-0
-0
-0
-0
-0
-0
-0
-0
-0
-0
-0
-0
-0
-0
-0
-0
-0
-0
-0
-0
-0
-0
-0
0
0
0
0
0
0
0
0
0
0
0
0
0
0
0
0
0
0
0
0
0
0
0
0
0
0
0
0
0
0
0
0
0
0
0
0
0
0
0
0
0
0
0
0
0
0
0
0
0
0
-0
-0
-0
-0
-0
-0
-0
-0
-0
-0
-0
-0
-0
-0
-0
-0
-0
-0
-0
-0
-0
-0
-0
-0
-0
-0
-0
-0
-0
-0
-0
-0
-0
-0
-0
-0
-0
-0
-0
-0
-0
-0
-0
-0
-0
-0
-0
-0
-0
-0
0
0
0
0
0
0
0
0
0
0
0
0
0
0
0
0
0
0
0
0
0
0
0
0
0
0
0
0
0
0
0
0
0
0
0
0
0
0
0
0
0
0
0
0
0
0
0
0
0
0
-0
-0
-0
-0
-0
-0
-0
-0
-0
-0
-0
-0
-0
-0
-0
-0
-0
-0
-0
-0
-0
-0
-0
-0
-0
-0
-0
-0
-0
-0
-0
-0
-0
-0
-0
-0
-0
-0
-0
-0
-0
-0
-0
-0
-0
-0
-0
-0
-0
-0
0
0
0
0
0
0
0
0
0
0
0
0
0
0
0
0
0
0
0
0
0
0
0
0
0
0
0
0
0
0
0
0
0
0
0
0
0
0
0
0
0
0
0
0
0
0
0
0
0
-0
-0
-0
-0
-0
-0
-0
-0
-0
-0
-0
-0
-0
-0
-0
-0
-0
-0
-0
-0
-0
-0
-0
-0
-0
-0
-0
-0
-0
-0
-0
-0
-0
-0
-0
-0
-0
-0
-0
-0
-0
-0
-0
-0
-0
-0
-0
-0
-0
-0
-0
0
0
0
0
0
0
0
0
0
0
0
0
0
0
0
0
0
0
0
0
0
0
0
0
0
0
0
0
0
0
0
0
0
0
0
0
0
0
0
0
0
0
0
0
0
0
0
0
0
-0
-0
-0
-0
-0
-0
-0
-0
-0
-0
-0
-0
-0
-0
-0
-0
-0
-0
-0
-0
-0
-0
-0
-0
-0
-0
-0
-0
-0
-0
-0
-0
-0
-0
-0
-0
-0
-0
-0
-0
-0
-0
-0
-0
-0
-0
-0
-0
-0
-0
-0
0
0
0
0
0
0
0
0
0
0
0
0
0
0
0
0
0
0
0
0
0
0
0
0
0
0
0
0
0
0
0
0
0
0
0
0
0
0
0
0
0
0
0
0
0
0
0
0
0
0
-0
-0
-0
-0
-0
-0
-0
-0
-0
-0
-0
-0
-0
-0
-0
-0
-0
-0
-0
-0
-0
-0
-0
-0
-0
-0
-0
-0
-0
-0
-0
-0
-0
-0
-0
-0
-0
-0
-0
-0
-0
-0
-0
-0
-0
-0
-0
-0
-0
-0
0
0
0
0
0
0
0
0
0
0
0
0
0
0
0
0
0
0
0
0
0
0
0
0
0
0
0
0
0
0
0
0
0
0
0
0
0
0
0
0
0
0
0
0
0
0
0
0
0
0
-0
-0
-0
-0
-0
-0
-0
-0
-0
-0
-0
-0
-0
-0
-0
-0
-0
-0
-0
-0
-0
-0
-0
-0
-0
-0
-0
-0
-0
-0
-0
-0
-0
-0
-0
-0
-0
-0
-0
-0
-0
-0
-0
-0
-0
-0
-0
-0
-0
-0
0
0
0
0
0
0
0
0
0
0
0
0
0
0
0
0
0
0
0
0
0
0
0
0
0
0
0
0
0
0
0
0
0
0
0
0
0
0
0
0
0
0
0
0
0
0
0
0
0
0
-0
-0
-0
-0
-0
-0
-0
-0
-0
-0
-0
-0
-0
-0
-0
-0
-0
-0
-0
-0
-0
-0
-0
-0
-0
-0
-0
-0
-0
-0
-0
-0
-0
-0
-0
-0
-0
-0
-0
-0
-0
-0
-0
-0
-0
-0
-0
-0
-0
-0
0
0
0
0
0
0
0
0
0
0
0
0
0
0
0
0
0
0
0
0
0
0
0
0
0
0
0
0
0
0
0
0
0
0
0
0
0
0
0
0
0
0
0
0
0
0
0
0
0
-0
-0
-0
-0
-0
-0
-0
-0
-0
-0
-0
-0
-0
-0
-0
-0
-0
-0
-0
-0
-0
-0
-0
-0
-0
-0
-0
-0
-0
-0
-0
-0
-0
-0
-0
-0
-0
-0
-0
-0
-0
-0
-0
-0
-0
-0
-0
-0
-0
-0
-0
0
0
0
0
0
0
0
0
0
0
0
0
0
0
0
0
0
0
0
0
0
0
0
0
0
0
0
0
0
0
0
0
0
0
0
0
0
0
0
0
0
0
0
0
0
0
0
0
0
-0
-0
-0
-0
-0
-0
-0
-0
-0
-0
-0
-0
-0
-0
-0
-0
-0
-0
-0
-0
-0
-0
-0
-0
-0
-0
-0
-0
-0
-0
-0
-0
-0
-0
-0
-0
-0
-0
-0
-0
-0
-0
-0
-0
-0
-0
-0
-0
-0
-0
-0
0
0
0
0
0
0
0
0
0
0
0
0
0
0
0
0
0
0
0
0
0
0
0
0
0
0
0
0
0
0
0
0
0
0
0
0
0
0
0
0
0
0
0
0
0
0
0
0
0
0
-0
-0
-0
-0
-0
-0
-0
-0
-0
-0
-0
-0
-0
-0
-0
-0
-0
-0
-0
-0
-0
-0
-0
-0
-0
-0
-0
-0
-0
-0
-0
-0
-0
-0
-0
-0
-0
-0
-0
-0
-0
-0
-0
-0
-0
-0
-0
-0
-0
-0
0
0
0
0
0
0
0
0
0
0
0
0
0
0
0
0
0
0
0
0
0
0
0
0
0
0
0
0
0
0
0
0
0
0
0
0
0
0
0
0
0
0
0
0
0
0
0
0
0
0
-0
-0
-0
-0
-0
-0
-0
-0
-0
-0
-0
-0
-0
-0
-0
-0
-0
-0
-0
-0
-0
-0
-0
-0
-0
-0
-0
-0
-0
-0
-0
-0
-0
-0
-0
-0
-0
-0
-0
-0
-0
-0
-0
-0
-0
-0
-0
-0
-0
-0
0
0
0
0
0
0
0
0
0
0
0
0
0
0
0
0
0
0
0
0
0
0
0
0
0
0
0
0
0
0
0
0
0
0
0
0
0
0
0
0
0
0
0
0
0
0
0
0
0
0
-0
-0
-0
-0
-0
-0
-0
-0
-0
-0
-0
-0
-0
-0
-0
-0
-0
-0
-0
-0
-0
-0
-0
-0
-0
-0
-0
-0
-0
-0
-0
-0
-0
-0
-0
-0
-0
-0
-0
-0
-0
-0
-0
-0
-0
-0
-0
-0
-0
-0
0
0
0
0
0
0
0
0
0
0
0
0
0
0
0
0
0
0
0
0
0
0
0
0
0
0
0
0
0
0
0
0
0
0
0
0
0
0
0
0
0
0
0
0
0
0
0
0
0
-0
-0
-0
-0
-0
-0
-0
-0
-0
-0
-0
-0
-0
-0
-0
-0
-0
-0
-0
-0
-0
-0
-0
-0
-0
-0
-0
-0
-0
-0
-0
-0
-0
-0
-0
-0
-0
-0
-0
-0
-0
-0
-0
-0
-0
-0
-0
-0
-0
-0
-0
0
0
0
0
0
0
0
0
0
0
0
0
0
0
0
0
0
0
0
0
0
0
0
0
0
0
0
0
0
0
0
0
0
0
0
0
0
0
0
0
0
0
0
0
0
0
0
0
0
-0
-0
-0
-0
-0
-0
-0
-0
-0
-0
-0
-0
-0
-0
-0
-0
-0
-0
-0
-0
-0
-0
-0
-0
-0
-0
-0
-0
-0
-0
-0
-0
-0
-0
-0
-0
-0
-0
-0
-0
-0
-0
-0
-0
-0
-0
-0
-0
-0
-0
-0
0
0
0
0
0
0
0
0
0
0
0
0
0
0
0
0
0
0
0
0
0
0
0
0
0
0
0
0
0
0
0
0
0
0
0
0
0
0
0
0
0
0
0
0
0
0
0
0
0
-0
