-0
-0
-0
-0
-0
-0
-0
-0
-0
-0
-0
-0
-0
-0
-0
-0
-0
-0
-0
-0
-0
-0
-0
-0
-0
-0
-0
-0
-0
-0
-0
-0
-0
-0
-0
-0
-0
-0
-0
-0
-0
-0
-0
-0
-0
-0
-0
-0
-0
-0
-0
0
0
0
0
0
0
0
0
0
0
0
0
0
0
0
0
0
0
0
0
0
0
0
0
0
0
0
0
0
0
0
0
0
0
0
0
0
0
0
0
0
0
0
0
0
0
0
0
0
0
-0
-0
-0
-0
-0
-0
-0
-0
-0
-0
-0
-0
-0
-0
-0
-0
-0
-0
-0
-0
-0
-0
-0
-0
-0
-0
-0
-0
-0
-0
-0
-0
-0
-0
-0
-0
-0
-0
-0
-0
-0
-0
-0
-0
-0
-0
-0
-0
-0
-0
0
0
0
0
0
0
0
0
0
0
0
0
0
0
0
0
0
0
0
0
0
0
0
0
0
0
0
0
0
0
0
0
0
0
0
0
0
0
0
0
0
0
0
0
0
0
0
0
0
0
-0
-0
-0
-0
-0
-0
-0
-0
-0
-0
-0
-0
-0
-0
-0
-0
-0
-0
-0
-0
-0
-0
-0
-0
-0
-0
-0
-0
-0
-0
-0
-0
-0
-0
-0
-0
-0
-0
-0
-0
-0
-0
-0
-0
-0
-0
-0
-0
-0
-0
0
0
0
0
0
0
0
0
0
0
0
0
0
0
0
0
0
0
0
0
0
0
0
0
0
0
0
0
0
0
0
0
0
0
0
0
0
0
0
0
0
0
0
0
0
0
0
0
0
0
-0
-0
-0
-0
-0
-0
-0
-0
-0
-0
-0
-0
-0
-0
-0
-0
-0
-0
-0
-0
-0
-0
-0
-0
-0
-0
-0
-0
-0
-0
-0
-0
-0
-0
-0
-0
-0
-0
-0
-0
-0
-0
-0
-0
-0
-0
-0
-0
-0
0
0
0
0
0
0
0
0
0
0
0
0
0
0
0
0
0
0
0
0
0
0
0
0
0
0
0
0
0
0
0
0
0
0
0
0
0
0
0
0
0
0
0
0
0
0
0
0
0
0
0
-0
-0
-0
-0
-0
-0
-0
-0
-0
-0
-0
-0
-0
-0
-0
-0
-0
-0
-0
-0
-0
-0
-0
-0
-0
-0
-0
-0
-0
-0
-0
-0
-0
-0
-0
-0
-0
-0
-0
-0
-0
-0
-0
-0
-0
-0
-0
-0
-0
-0
0
0
0
0
0
0
0
0
0
0
0
0
0
0
0
0
0
0
0
0
0
0
0
0
0
0
0
0
0
0
0
0
0
0
0
0
0
0
0
0
0
0
0
0
0
0
0
0
0
0
-0
-0
-0
-0
-0
-0
-0
-0
-0
-0
-0
-0
-0
-0
-0
-0
-0
-0
-0
-0
-0
-0
-0
-0
-0
-0
-0
-0
-0
-0
-0
-0
-0
-0
-0
-0
-0
-0
-0
-0
-0
-0
-0
-0
-0
-0
-0
-0
-0
0
0
0
0
0
0
0
0
0
0
0
0
0
0
0
0
0
0
0
0
0
0
0
0
0
0
0
0
0
0
0
0
0
0
0
0
0
0
0
0
0
0
0
0
0
0
0
0
0
0
0
-0
-0
-0
-0
-0
-0
-0
-0
-0
-0
-0
-0
-0
-0
-0
-0
-0
-0
-0
-0
-0
-0
-0
-0
-0
-0
-0
-0
-0
-0
-0
-0
-0
-0
-0
-0
-0
-0
-0
-0
-0
-0
-0
-0
-0
-0
-0
-0
-0
0
0
0
0
0
0
0
0
0
0
0
0
0
0
0
0
0
0
0
0
0
0
0
0
0
0
0
0
0
0
0
0
0
0
0
0
0
0
0
0
0
0
0
0
0
0
0
0
0
0
-0
-0
-0
-0
-0
-0
-0
-0
-0
-0
-0
-0
-0
-0
-0
-0
-0
-0
-0
-0
-0
-0
-0
-0
-0
-0
-0
-0
-0
-0
-0
-0
-0
-0
-0
-0
-0
-0
-0
-0
-0
-0
-0
-0
-0
-0
-0
-0
-0
-0
-0
0
0
0
0
0
0
0
0
0
0
0
0
0
0
0
0
0
0
0
0
0
0
0
0
0
0
0
0
0
0
0
0
0
0
0
0
0
0
0
0
0
0
0
0
0
0
0
0
0
0
-0
-0
-0
-0
-0
-0
-0
-0
-0
-0
-0
-0
-0
-0
-0
-0
-0
-0
-0
-0
-0
-0
-0
-0
-0
-0
-0
-0
-0
-0
-0
-0
-0
-0
-0
-0
-0
-0
-0
-0
-0
-0
-0
-0
-0
-0
-0
-0
-0
-0
0
0
0
0
0
0
0
0
0
0
0
0
0
0
0
0
0
0
0
0
0
0
0
0
0
0
0
0
0
0
0
0
0
0
0
0
0
0
0
0
0
0
0
0
0
0
0
0
0
0
-0
-0
-0
-0
-0
-0
-0
-0
-0
-0
-0
-0
-0
-0
-0
-0
-0
-0
-0
-0
-0
-0
-0
-0
-0
-0
-0
-0
-0
-0
-0
-0
-0
-0
-0
-0
-0
-0
-0
-0
-0
-0
-0
-0
-0
-0
-0
-0
-0
0
0
0
0
0
0
0
0
0
0
0
0
0
0
0
0
0
0
0
0
0
0
0
0
0
0
0
0
0
0
0
0
0
0
0
0
0
0
0
0
0
0
0
0
0
0
0
0
0
0
0
-0
-0
-0
-0
-0
-0
-0
-0
-0
-0
-0
-0
-0
-0
-0
-0
-0
-0
-0
-0
-0
-0
-0
-0
-0
-0
-0
-0
-0
-0
-0
-0
-0
-0
-0
-0
-0
-0
-0
-0
-0
-0
-0
-0
-0
-0
-0
-0
-0
0
0
0
0
0
0
0
0
0
0
0
0
0
0
0
0
0
0
0
0
0
0
0
0
0
0
0
0
0
0
0
0
0
0
0
0
0
0
0
0
0
0
0
0
0
0
0
0
0
0
-0
-0
-0
-0
-0
-0
-0
-0
-0
-0
-0
-0
-0
-0
-0
-0
-0
-0
-0
-0
-0
-0
-0
-0
-0
-0
-0
-0
-0
-0
-0
-0
-0
-0
-0
-0
-0
-0
-0
-0
-0
-0
-0
-0
-0
-0
-0
-0
-0
-0
0
0
0
0
0
0
0
0
0
0
0
0
0
0
0
0
0
0
0
0
0
0
0
0
0
0
0
0
0
0
0
0
0
0
0
0
0
0
0
0
0
0
0
0
0
0
0
0
0
0
0
-0
-0
-0
-0
-0
-0
-0
-0
-0
-0
-0
-0
-0
-0
-0
-0
-0
-0
-0
-0
-0
-0
-0
-0
-0
-0
-0
-0
-0
-0
-0
-0
-0
-0
-0
-0
-0
-0
-0
-0
-0
-0
-0
-0
-0
-0
-0
-0
-0
0
0
0
0
0
0
0
0
0
0
0
0
0
0
0
0
0
0
0
0
0
0
0
0
0
0
0
0
0
0
0
0
0
0
0
0
0
0
0
0
0
0
0
0
0
0
0
0
0
0
-0
-0
-0
-0
-0
-0
-0
-0
-0
-0
-0
-0
-0
-0
-0
-0
-0
-0
-0
-0
-0
-0
-0
-0
-0
-0
-0
-0
-0
-0
-0
-0
-0
-0
-0
-0
-0
-0
-0
-0
-0
-0
-0
-0
-0
-0
-0
-0
-0
-0
0
0
0
0
0
0
0
0
0
0
0
0
0
0
0
0
0
0
0
0
0
0
0
0
0
0
0
0
0
0
0
0
0
0
0
0
0
0
0
0
0
0
0
0
0
0
0
0
0
0
-0
-0
-0
-0
-0
-0
-0
-0
-0
-0
-0
-0
-0
-0
-0
-0
-0
-0
-0
-0
-0
-0
-0
-0
-0
-0
-0
-0
-0
-0
-0
-0
-0
-0
-0
-0
-0
-0
-0
-0
-0
-0
-0
-0
-0
-0
-0
-0
-0
-0
0
0
0
0
0
0
0
0
0
0
0
0
0
0
0
0
0
0
0
0
0
0
0
0
0
0
0
0
0
0
0
0
0
0
0
0
0
0
0
0
0
0
0
0
0
0
0
0
0
0
0
-0
-0
-0
-0
-0
-0
-0
-0
-0
-0
-0
-0
-0
-0
-0
-0
-0
-0
-0
-0
-0
-0
-0
-0
-0
-0
-0
-0
-0
-0
-0
-0
-0
-0
-0
-0
-0
-0
-0
-0
-0
-0
-0
-0
-0
-0
-0
-0
-0
-0
0
0
0
0
0
0
0
0
0
0
0
0
0
0
0
0
0
0
0
0
0
0
0
0
0
0
0
0
0
0
0
0
0
0
0
0
0
0
0
0
0
0
0
0
0
0
0
0
0
0
-0
-0
-0
-0
-0
-0
-0
-0
-0
-0
-0
-0
-0
-0
-0
-0
-0
-0
-0
-0
-0
-0
-0
-0
-0
-0
-0
-0
-0
-0
-0
-0
-0
-0
-0
-0
-0
-0
-0
-0
-0
-0
-0
-0
-0
-0
-0
-0
-0
-0
0
0
0
0
0
0
0
0
0
0
0
0
0
0
0
0
0
0
0
0
0
0
0
0
0
0
0
0
0
0
0
0
0
0
0
0
0
0
0
0
0
0
0
0
0
0
0
0
0
0
-0
-0
-0
-0
-0
-0
-0
-0
-0
-0
-0
-0
-0
-0
-0
-0
-0
-0
-0
-0
-0
-0
-0
-0
-0
-0
-0
-0
-0
-0
-0
-0
-0
-0
-0
-0
-0
-0
-0
-0
-0
-0
-0
-0
-0
-0
-0
-0
-0
-0
0
0
0
0
0
0
0
0
0
0
0
0
0
0
0
0
0
0
0
0
0
0
0
0
0
0
0
0
0
0
0
0
0
0
0
0
0
0
0
0
0
0
0
0
0
0
0
0
0
0
-0
-0
-0
-0
-0
-0
-0
-0
-0
-0
-0
-0
-0
-0
-0
-0
-0
-0
-0
-0
-0
-0
-0
-0
-0
-0
-0
-0
-0
-0
-0
-0
-0
-0
-0
-0
-0
-0
-0
-0
-0
-0
-0
-0
-0
-0
-0
-0
-0
-0
0
0
0
0
0
0
0
0
0
0
0
0
0
0
0
0
0
0
0
0
0
0
0
0
0
0
0
0
0
0
0
0
0
0
0
0
0
0
0
0
0
0
0
0
0
0
0
0
0
-0
-0
-0
-0
-0
-0
-0
-0
-0
-0
-0
-0
-0
-0
-0
-0
-0
-0
-0
-0
-0
-0
-0
-0
-0
-0
-0
-0
-0
-0
-0
-0
-0
-0
-0
-0
-0
-0
-0
-0
-0
-0
-0
-0
-0
-0
-0
-0
-0
-0
-0
0
0
0
0
0
0
0
0
0
0
0
0
0
0
0
0
0
0
0
0
0
0
0
0
0
0
0
0
0
0
0
0
0
0
0
0
0
0
0
0
0
0
0
0
0
0
0
0
0
0
-6.593e-09
-2.632e-08
-5.9025e-08
-1.0445e-07
-1.6223e-07
-2.3192e-07
-3.1295e-07
-4.0467e-07
-5.0636e-07
-6.1717e-07
-7.3622e-07
-8.6253e-07
-9.9504e-07
-1.1327e-06
-1.2742e-06
-1.4185e-06
-1.5642e-06
-1.7101e-06
-1.8549e-06
-1.9972e-06
-2.1357e-06
-2.2691e-06
-2.396e-06
-2.515e-06
-2.625e-06
-2.7246e-06
-2.8126e-06
-2.8879e-06
-2.9493e-06
-2.9958e-06
-3.0264e-06
-3.0402e-06
-3.0364e-06
-3.0143e-06
-2.9731e-06
-2.9125e-06
-2.832e-06
-2.7313e-06
-2.6103e-06
-2.4687e-06
-2.3067e-06
-2.1245e-06
-1.9224e-06
-1.7007e-06
-1.4601e-06
-1.2012e-06
-9.2473e-07
-6.3168e-07
-3.2306e-07
-8.2316e-20
3.3624e-07
6.8432e-07
1.0428e-06
1.4101e-06
1.7846e-06
2.1646e-06
2.5483e-06
2.9339e-06
3.3194e-06
3.703e-06
4.0827e-06
4.4564e-06
4.8221e-06
5.1778e-06
5.5215e-06
5.8512e-06
6.1648e-06
6.4605e-06
6.7362e-06
6.9903e-06
7.2208e-06
7.4261e-06
7.6046e-06
7.7547e-06
7.875e-06
7.9643e-06
8.0212e-06
8.0449e-06
8.0344e-06
7.9889e-06
7.9077e-06
7.7906e-06
7.637e-06
7.447e-06
7.2205e-06
6.9577e-06
6.6591e-06
6.3252e-06
5.9567e-06
5.5546e-06
5.1198e-06
4.6537e-06
4.1577e-06
3.6334e-06
3.0824e-06
2.5068e-06
1.9085e-06
1.2897e-06
6.5271e-07
-2.06e-20
-6.6589e-07
-1.3423e-06
-2.0265e-06
-2.7157e-06
-3.4069e-06
-4.0972e-06
-4.7836e-06
-5.4631e-06
-6.1325e-06
-6.7889e-06
-7.4292e-06
-8.0503e-06
-8.6492e-06
-9.223e-06
-9.7689e-06
-1.0284e-05
-1.0765e-05
-1.1211e-05
-1.1618e-05
-1.1983e-05
-1.2306e-05
-1.2583e-05
-1.2813e-05
-1.2994e-05
-1.3125e-05
-1.3204e-05
-1.323e-05
-1.3202e-05
-1.3119e-05
-1.2982e-05
-1.2789e-05
-1.2541e-05
-1.2238e-05
-1.188e-05
-1.1468e-05
-1.1003e-05
-1.0486e-05
-9.9191e-06
-9.3032e-06
-8.6404e-06
-7.9329e-06
-7.1829e-06
-6.3931e-06
-5.566e-06
-4.7048e-06
-3.8124e-06
-2.8922e-06
-1.9477e-06
-9.8236e-07
-1.3889e-19
9.9554e-07
2.0003e-06
3.0103e-06
4.0213e-06
5.0293e-06
6.0299e-06
7.019e-06
7.9923e-06
8.9456e-06
9.8748e-06
1.0776e-05
1.1644e-05
1.2476e-05
1.3268e-05
1.4016e-05
1.4717e-05
1.5366e-05
1.5961e-05
1.6499e-05
1.6976e-05
1.7391e-05
1.774e-05
1.8022e-05
1.8234e-05
1.8375e-05
1.8444e-05
1.8438e-05
1.8359e-05
1.8205e-05
1.7975e-05
1.767e-05
1.7291e-05
1.6838e-05
1.6312e-05
1.5715e-05
1.5048e-05
1.4313e-05
1.3513e-05
1.265e-05
1.1726e-05
1.0746e-05
9.7122e-06
8.6284e-06
7.4987e-06
6.3271e-06
5.118e-06
3.876e-06
2.6057e-06
1.312e-06
-1.8527e-19
-1.3252e-06
-2.6583e-06
-3.994e-06
-5.3269e-06
-6.6516e-06
-7.9625e-06
-9.2543e-06
-1.0522e-05
-1.1759e-05
-1.2961e-05
-1.4122e-05
-1.5238e-05
-1.6303e-05
-1.7313e-05
-1.8264e-05
-1.9149e-05
-1.9967e-05
-2.0711e-05
-2.138e-05
-2.1969e-05
-2.2476e-05
-2.2897e-05
-2.323e-05
-2.3474e-05
-2.3625e-05
-2.3683e-05
-2.3647e-05
-2.3516e-05
-2.329e-05
-2.2968e-05
-2.2552e-05
-2.2042e-05
-2.1439e-05
-2.0745e-05
-1.9962e-05
-1.9093e-05
-1.814e-05
-1.7107e-05
-1.5996e-05
-1.4812e-05
-1.3559e-05
-1.2241e-05
-1.0864e-05
-9.4314e-06
-7.9495e-06
-6.4237e-06
-4.8597e-06
-3.2637e-06
-1.6417e-06
-5.1403e-20
1.6548e-06
3.3163e-06
4.9778e-06
6.6326e-06
8.2739e-06
9.8952e-06
1.149e-05
1.3051e-05
1.4572e-05
1.6047e-05
1.7469e-05
1.8832e-05
2.013e-05
2.1359e-05
2.2511e-05
2.3582e-05
2.4567e-05
2.5462e-05
2.6262e-05
2.6962e-05
2.7561e-05
2.8054e-05
2.8439e-05
2.8713e-05
2.8875e-05
2.8923e-05
2.8856e-05
2.8673e-05
2.8375e-05
2.7961e-05
2.7433e-05
2.6792e-05
2.6039e-05
2.5178e-05
2.421e-05
2.3139e-05
2.1967e-05
2.0701e-05
1.9343e-05
1.7898e-05
1.6372e-05
1.4771e-05
1.3099e-05
1.1364e-05
9.5718e-06
7.7293e-06
5.8435e-06
3.9217e-06
1.9713e-06
-4.9401e-19
-1.9845e-06
-3.9743e-06
-5.9615e-06
-7.9382e-06
-9.8963e-06
-1.1828e-05
-1.3725e-05
-1.558e-05
-1.7385e-05
-1.9132e-05
-2.0815e-05
-2.2426e-05
-2.3958e-05
-2.5404e-05
-2.6758e-05
-2.8015e-05
-2.9168e-05
-3.0212e-05
-3.1143e-05
-3.1955e-05
-3.2646e-05
-3.3211e-05
-3.3648e-05
-3.3953e-05
-3.4125e-05
-3.4162e-05
-3.4064e-05
-3.383e-05
-3.346e-05
-3.2954e-05
-3.2314e-05
-3.1542e-05
-3.064e-05
-2.9611e-05
-2.8457e-05
-2.7184e-05
-2.5795e-05
-2.4295e-05
-2.2689e-05
-2.0984e-05
-1.9185e-05
-1.73e-05
-1.5334e-05
-1.3297e-05
-1.1194e-05
-9.0349e-06
-6.8272e-06
-4.5797e-06
-2.301e-06
1.8016e-19
2.3141e-06
4.6323e-06
6.9453e-06
9.2438e-06
1.1519e-05
1.376e-05
1.596e-05
1.8109e-05
2.0198e-05
2.2218e-05
2.4162e-05
2.602e-05
2.7785e-05
2.9449e-05
3.1006e-05
3.2448e-05
3.3768e-05
3.4963e-05
3.6024e-05
3.6949e-05
3.7731e-05
3.8368e-05
3.8856e-05
3.9193e-05
3.9375e-05
3.9402e-05
3.9273e-05
3.8987e-05
3.8545e-05
3.7947e-05
3.7196e-05
3.6293e-05
3.5241e-05
3.4043e-05
3.2705e-05
3.1229e-05
2.9622e-05
2.7888e-05
2.6036e-05
2.407e-05
2.1998e-05
1.9829e-05
1.757e-05
1.5229e-05
1.2816e-05
1.0341e-05
7.811e-06
5.2377e-06
2.6306e-06
2.4689e-19
-2.6438e-06
-5.2903e-06
-7.929e-06
-1.0549e-05
-1.3141e-05
-1.5693e-05
-1.8196e-05
-2.0638e-05
-2.3011e-05
-2.5304e-05
-2.7508e-05
-2.9614e-05
-3.1612e-05
-3.3494e-05
-3.5253e-05
-3.688e-05
-3.8369e-05
-3.9713e-05
-4.0906e-05
-4.1942e-05
-4.2816e-05
-4.3525e-05
-4.4065e-05
-4.4432e-05
-4.4625e-05
-4.4642e-05
-4.4481e-05
-4.4144e-05
-4.363e-05
-4.294e-05
-4.2077e-05
-4.1043e-05
-3.9841e-05
-3.8476e-05
-3.6952e-05
-3.5274e-05
-3.3449e-05
-3.1482e-05
-2.9382e-05
-2.7156e-05
-2.4811e-05
-2.2358e-05
-1.9805e-05
-1.7162e-05
-1.4439e-05
-1.1646e-05
-8.7947e-06
-5.8957e-06
-2.9603e-06
5.5579e-19
2.9734e-06
5.9483e-06
8.9128e-06
1.1855e-05
1.4763e-05
1.7626e-05
2.0431e-05
2.3168e-05
2.5824e-05
2.839e-05
3.0855e-05
3.3207e-05
3.5439e-05
3.7539e-05
3.95e-05
4.1313e-05
4.297e-05
4.4463e-05
4.5787e-05
4.6935e-05
4.7901e-05
4.8682e-05
4.9273e-05
4.9672e-05
4.9875e-05
4.9881e-05
4.969e-05
4.9301e-05
4.8715e-05
4.7933e-05
4.6958e-05
4.5793e-05
4.4442e-05
4.2909e-05
4.1199e-05
3.9319e-05
3.7276e-05
3.5076e-05
3.2729e-05
3.0242e-05
2.7625e-05
2.4887e-05
2.204e-05
1.9095e-05
1.6061e-05
1.2952e-05
9.7785e-06
6.5537e-06
3.2899e-06
-5.1462e-20
-3.2833e-06
-6.5405e-06
-9.7588e-06
-1.2926e-05
-1.6029e-05
-1.9056e-05
-2.1996e-05
-2.4837e-05
-2.7568e-05
-3.018e-05
-3.2662e-05
-3.5004e-05
-3.7199e-05
-3.9238e-05
-4.1114e-05
-4.282e-05
-4.435e-05
-4.5698e-05
-4.6861e-05
-4.7833e-05
-4.8613e-05
-4.9198e-05
-4.9586e-05
-4.9777e-05
-4.977e-05
-4.9567e-05
-4.9169e-05
-4.8579e-05
-4.78e-05
-4.6835e-05
-4.5689e-05
-4.4368e-05
-4.2878e-05
-4.1224e-05
-3.9415e-05
-3.7459e-05
-3.5362e-05
-3.3136e-05
-3.0788e-05
-2.8328e-05
-2.5768e-05
-2.3117e-05
-2.0386e-05
-1.7587e-05
-1.4731e-05
-1.1829e-05
-8.8931e-06
-5.9352e-06
-2.9669e-06
8.78e-19
2.9537e-06
5.8825e-06
8.7751e-06
1.162e-05
1.4406e-05
1.7123e-05
1.976e-05
2.2308e-05
2.4755e-05
2.7094e-05
2.9315e-05
3.141e-05
3.3372e-05
3.5193e-05
3.6867e-05
3.8387e-05
3.9749e-05
4.0948e-05
4.1979e-05
4.284e-05
4.3528e-05
4.4041e-05
4.4377e-05
4.4537e-05
4.452e-05
4.4327e-05
4.3961e-05
4.3422e-05
4.2715e-05
4.1842e-05
4.0808e-05
3.9618e-05
3.8277e-05
3.6792e-05
3.5168e-05
3.3413e-05
3.1535e-05
2.9542e-05
2.7441e-05
2.5242e-05
2.2955e-05
2.0588e-05
1.8151e-05
1.5654e-05
1.3109e-05
1.0523e-05
7.9094e-06
5.2772e-06
2.6372e-06
-3.2857e-19
-2.624e-06
-5.2245e-06
-7.7913e-06
-1.0314e-05
-1.2784e-05
-1.5191e-05
-1.7525e-05
-1.9778e-05
-2.1942e-05
-2.4008e-05
-2.5969e-05
-2.7817e-05
-2.9545e-05
-3.1148e-05
-3.262e-05
-3.3955e-05
-3.5149e-05
-3.6198e-05
-3.7098e-05
-3.7847e-05
-3.8443e-05
-3.8884e-05
-3.9169e-05
-3.9297e-05
-3.927e-05
-3.9088e-05
-3.8752e-05
-3.8265e-05
-3.7629e-05
-3.6849e-05
-3.5927e-05
-3.4868e-05
-3.3676e-05
-3.2359e-05
-3.0921e-05
-2.9368e-05
-2.7708e-05
-2.5948e-05
-2.4095e-05
-2.2157e-05
-2.0142e-05
-1.8059e-05
-1.5916e-05
-1.3722e-05
-1.1486e-05
-9.2177e-06
-6.9256e-06
-4.6192e-06
-2.3076e-06
-1.0766e-19
2.2944e-06
4.5665e-06
6.8076e-06
9.0088e-06
1.1162e-05
1.3258e-05
1.529e-05
1.7249e-05
1.9129e-05
2.0922e-05
2.2622e-05
2.4223e-05
2.5718e-05
2.7103e-05
2.8372e-05
2.9522e-05
3.0548e-05
3.1447e-05
3.2217e-05
3.2854e-05
3.3358e-05
3.3727e-05
3.396e-05
3.4058e-05
3.402e-05
3.3848e-05
3.3543e-05
3.3108e-05
3.2544e-05
3.1856e-05
3.1045e-05
3.0117e-05
2.9076e-05
2.7926e-05
2.6673e-05
2.5323e-05
2.3881e-05
2.2354e-05
2.0748e-05
1.9071e-05
1.7329e-05
1.5529e-05
1.368e-05
1.1789e-05
9.8638e-06
7.9121e-06
5.9419e-06
3.9612e-06
1.9779e-06
-4.6161e-19
-1.9647e-06
-3.9085e-06
-5.8238e-06
-7.7032e-06
-9.5394e-06
-1.1325e-05
-1.3054e-05
-1.472e-05
-1.6316e-05
-1.7836e-05
-1.9276e-05
-2.0629e-05
-2.1891e-05
-2.3058e-05
-2.4125e-05
-2.5089e-05
-2.5947e-05
-2.6697e-05
-2.7335e-05
-2.7861e-05
-2.8273e-05
-2.857e-05
-2.8751e-05
-2.8818e-05
-2.877e-05
-2.8608e-05
-2.8335e-05
-2.7951e-05
-2.7459e-05
-2.6863e-05
-2.6164e-05
-2.5367e-05
-2.4475e-05
-2.3493e-05
-2.2426e-05
-2.1278e-05
-2.0054e-05
-1.876e-05
-1.7402e-05
-1.5985e-05
-1.4516e-05
-1.3e-05
-1.1445e-05
-9.8565e-06
-8.2415e-06
-6.6064e-06
-4.9581e-06
-3.3032e-06
-1.6483e-06
1.0256e-19
1.6351e-06
3.2505e-06
4.8401e-06
6.3975e-06
7.917e-06
9.3927e-06
1.0819e-05
1.2191e-05
1.3503e-05
1.475e-05
1.5929e-05
1.7035e-05
1.8064e-05
1.9012e-05
1.9878e-05
2.0656e-05
2.1347e-05
2.1947e-05
2.2454e-05
2.2868e-05
2.3188e-05
2.3413e-05
2.3543e-05
2.3578e-05
2.352e-05
2.3369e-05
2.3126e-05
2.2794e-05
2.2374e-05
2.187e-05
2.1283e-05
2.0616e-05
1.9875e-05
1.9061e-05
1.8179e-05
1.7233e-05
1.6227e-05
1.5166e-05
1.4055e-05
1.2899e-05
1.1702e-05
1.0471e-05
9.2096e-06
7.9239e-06
6.6191e-06
5.3008e-06
3.9744e-06
2.6452e-06
1.3186e-06
-4.5057e-19
-1.3054e-06
-2.5925e-06
-3.8563e-06
-5.0919e-06
-6.2947e-06
-7.46e-06
-8.5837e-06
-9.6616e-06
-1.069e-05
-1.1665e-05
-1.2583e-05
-1.3441e-05
-1.4237e-05
-1.4967e-05
-1.563e-05
-1.6224e-05
-1.6746e-05
-1.7196e-05
-1.7573e-05
-1.7875e-05
-1.8103e-05
-1.8256e-05
-1.8334e-05
-1.8339e-05
-1.827e-05
-1.8129e-05
-1.7918e-05
-1.7637e-05
-1.7289e-05
-1.6876e-05
-1.6401e-05
-1.5866e-05
-1.5274e-05
-1.4628e-05
-1.3931e-05
-1.3187e-05
-1.24e-05
-1.1572e-05
-1.0709e-05
-9.8131e-06
-8.8894e-06
-7.9417e-06
-6.9743e-06
-5.9912e-06
-4.9968e-06
-3.9952e-06
-2.9906e-06
-1.9872e-06
-9.8895e-07
1.687e-19
9.7576e-07
1.9345e-06
2.8726e-06
3.7863e-06
4.6723e-06
5.5274e-06
6.3484e-06
7.1324e-06
7.8767e-06
8.5787e-06
9.2363e-06
9.8472e-06
1.041e-05
1.0922e-05
1.1383e-05
1.1791e-05
1.2146e-05
1.2446e-05
1.2691e-05
1.2882e-05
1.3018e-05
1.3099e-05
1.3126e-05
1.3099e-05
1.302e-05
1.289e-05
1.2709e-05
1.248e-05
1.2204e-05
1.1883e-05
1.152e-05
1.1116e-05
1.0673e-05
1.0195e-05
9.6839e-06
9.1421e-06
8.5727e-06
7.9784e-06
7.3622e-06
6.7272e-06
6.0763e-06
5.4125e-06
4.7389e-06
4.0586e-06
3.3745e-06
2.6896e-06
2.0069e-06
1.3292e-06
6.593e-07
-2.5737e-23
-6.4611e-07
-1.2765e-06
-1.8888e-06
-2.4807e-06
-3.05e-06
-3.5947e-06
-4.113e-06
-4.6032e-06
-5.0636e-06
-5.4929e-06
-5.8898e-06
-6.2533e-06
-6.5826e-06
-6.8768e-06
-7.1355e-06
-7.3583e-06
-7.545e-06
-7.6956e-06
-7.8101e-06
-7.889e-06
-7.9327e-06
-7.9418e-06
-7.9171e-06
-7.8595e-06
-7.77e-06
-7.6499e-06
-7.5004e-06
-7.323e-06
-7.1191e-06
-6.8904e-06
-6.6386e-06
-6.3655e-06
-6.0728e-06
-5.7625e-06
-5.4366e-06
-5.0969e-06
-4.7456e-06
-4.3845e-06
-4.0158e-06
-3.6413e-06
-3.2632e-06
-2.8833e-06
-2.5036e-06
-2.1259e-06
-1.7521e-06
-1.384e-06
-1.0231e-06
-6.7116e-07
-3.2965e-07
9.0776e-20
3.1646e-07
6.1852e-07
9.0505e-07
1.1751e-06
1.4277e-06
1.6621e-06
1.8777e-06
2.0739e-06
2.2505e-06
2.407e-06
2.5433e-06
2.6595e-06
2.7555e-06
2.8316e-06
2.8882e-06
2.9256e-06
2.9444e-06
2.9452e-06
2.9288e-06
2.896e-06
2.8476e-06
2.7848e-06
2.7085e-06
2.6198e-06
2.52e-06
2.4102e-06
2.2918e-06
2.1659e-06
2.034e-06
1.8974e-06
1.7573e-06
1.6151e-06
1.4722e-06
1.3298e-06
1.1893e-06
1.0518e-06
9.185e-07
7.9065e-07
6.693e-07
5.5546e-07
4.5009e-07
3.5409e-07
2.6824e-07
1.9327e-07
1.2979e-07
7.8337e-08
3.935e-08
1.316e-08
0
0
-0
-0
-0
-0
-0
-0
-0
-0
-0
-0
-0
-0
-0
-0
-0
-0
-0
-0
-0
-0
-0
-0
-0
-0
-0
-0
-0
-0
-0
-0
-0
-0
-0
-0
-0
-0
-0
-0
-0
-0
-0
-0
-0
-0
-0
-0
-0
-0
-0
-0
0
0
0
0
0
0
0
0
0
0
0
0
0
0
0
0
0
0
0
0
0
0
0
0
0
0
0
0
0
0
0
0
0
0
0
0
0
0
0
0
0
0
0
0
0
0
0
0
0
0
-0
-0
-0
-0
-0
-0
-0
-0
-0
-0
-0
-0
-0
-0
-0
-0
-0
-0
-0
-0
-0
-0
-0
-0
-0
-0
-0
-0
-0
-0
-0
-0
-0
-0
-0
-0
-0
-0
-0
-0
-0
-0
-0
-0
-0
-0
-0
-0
-0
-0
0
0
0
0
0
0
0
0
0
0
0
0
0
0
0
0
0
0
0
0
0
0
0
0
0
0
0
0
0
0
0
0
0
0
0
0
0
0
0
0
0
0
0
0
0
0
0
0
0
0
-0
-0
-0
-0
-0
-0
-0
-0
-0
-0
-0
-0
-0
-0
-0
-0
-0
-0
-0
-0
-0
-0
-0
-0
-0
-0
-0
-0
-0
-0
-0
-0
-0
-0
-0
-0
-0
-0
-0
-0
-0
-0
-0
-0
-0
-0
-0
-0
-0
-0
0
0
0
0
0
0
0
0
0
0
0
0
0
0
0
0
0
0
0
0
0
0
0
0
0
0
0
0
0
0
0
0
0
0
0
0
0
0
0
0
0
0
0
0
0
0
0
0
0
0
-0
-0
-0
-0
-0
-0
-0
-0
-0
-0
-0
-0
-0
-0
-0
-0
-0
-0
-0
-0
-0
-0
-0
-0
-0
-0
-0
-0
-0
-0
-0
-0
-0
-0
-0
-0
-0
-0
-0
-0
-0
-0
-0
-0
-0
-0
-0
-0
-0
-0
0
0
0
0
0
0
0
0
0
0
0
0
0
0
0
0
0
0
0
0
0
0
0
0
0
0
0
0
0
0
0
0
0
0
0
0
0
0
0
0
0
0
0
0
0
0
0
0
0
0
-0
-0
-0
-0
-0
-0
-0
-0
-0
-0
-0
-0
-0
-0
-0
-0
-0
-0
-0
-0
-0
-0
-0
-0
-0
-0
-0
-0
-0
-0
-0
-0
-0
-0
-0
-0
-0
-0
-0
-0
-0
-0
-0
-0
-0
-0
-0
-0
-0
-0
0
0
0
0
0
0
0
0
0
0
0
0
0
0
0
0
0
0
0
0
0
0
0
0
0
0
0
0
0
0
0
0
0
0
0
0
0
0
0
0
0
0
0
0
0
0
0
0
0
0
-0
-0
-0
-0
-0
-0
-0
-0
-0
-0
-0
-0
-0
-0
-0
-0
-0
-0
-0
-0
-0
-0
-0
-0
-0
-0
-0
-0
-0
-0
-0
-0
-0
-0
-0
-0
-0
-0
-0
-0
-0
-0
-0
-0
-0
-0
-0
-0
-0
0
0
0
0
0
0
0
0
0
0
0
0
0
0
0
0
0
0
0
0
0
0
0
0
0
0
0
0
0
0
0
0
0
0
0
0
0
0
0
0
0
0
0
0
0
0
0
0
0
0
0
-0
-0
-0
-0
-0
-0
-0
-0
-0
-0
-0
-0
-0
-0
-0
-0
-0
-0
-0
-0
-0
-0
-0
-0
-0
-0
-0
-0
-0
-0
-0
-0
-0
-0
-0
-0
-0
-0
-0
-0
-0
-0
-0
-0
-0
-0
-0
-0
-0
-0
0
0
0
0
0
0
0
0
0
0
0
0
0
0
0
0
0
0
0
0
0
0
0
0
0
0
0
0
0
0
0
0
0
0
0
0
0
0
0
0
0
0
0
0
0
0
0
0
0
0
-0
-0
-0
-0
-0
-0
-0
-0
-0
-0
-0
-0
-0
-0
-0
-0
-0
-0
-0
-0
-0
-0
-0
-0
-0
-0
-0
-0
-0
-0
-0
-0
-0
-0
-0
-0
-0
-0
-0
-0
-0
-0
-0
-0
-0
-0
-0
-0
-0
-0
0
0
0
0
0
0
0
0
0
0
0
0
0
0
0
0
0
0
0
0
0
0
0
0
0
0
0
0
0
0
0
0
0
0
0
0
0
0
0
0
0
0
0
0
0
0
0
0
0
-0
-0
-0
-0
-0
-0
-0
-0
-0
-0
-0
-0
-0
-0
-0
-0
-0
-0
-0
-0
-0
-0
-0
-0
-0
-0
-0
-0
-0
-0
-0
-0
-0
-0
-0
-0
-0
-0
-0
-0
-0
-0
-0
-0
-0
-0
-0
-0
-0
-0
-0
0
0
0
0
0
0
0
0
0
0
0
0
0
0
0
0
0
0
0
0
0
0
0
0
0
0
0
0
0
0
0
0
0
0
0
0
0
0
0
0
0
0
0
0
0
0
0
0
0
0
-0
-0
-0
-0
-0
-0
-0
-0
-0
-0
-0
-0
-0
-0
-0
-0
-0
-0
-0
-0
-0
-0
-0
-0
-0
-0
-0
-0
-0
-0
-0
-0
-0
-0
-0
-0
-0
-0
-0
-0
-0
-0
-0
-0
-0
-0
-0
-0
-0
0
0
0
0
0
0
0
0
0
0
0
0
0
0
0
0
0
0
0
0
0
0
0
0
0
0
0
0
0
0
0
0
0
0
0
0
0
0
0
0
0
0
0
0
0
0
0
0
0
0
0
-0
-0
-0
-0
-0
-0
-0
-0
-0
-0
-0
-0
-0
-0
-0
-0
-0
-0
-0
-0
-0
-0
-0
-0
-0
-0
-0
-0
-0
-0
-0
-0
-0
-0
-0
-0
-0
-0
-0
-0
-0
-0
-0
-0
-0
-0
-0
-0
-0
-0
0
0
0
0
0
0
0
0
0
0
0
0
0
0
0
0
0
0
0
0
0
0
0
0
0
0
0
0
0
0
0
0
0
0
0
0
0
0
0
0
0
0
0
0
0
0
0
0
0
0
-0
-0
-0
-0
-0
-0
-0
-0
-0
-0
-0
-0
-0
-0
-0
-0
-0
-0
-0
-0
-0
-0
-0
-0
-0
-0
-0
-0
-0
-0
-0
-0
-0
-0
-0
-0
-0
-0
-0
-0
-0
-0
-0
-0
-0
-0
-0
-0
-0
0
0
0
0
0
0
0
0
0
0
0
0
0
0
0
0
0
0
0
0
0
0
0
0
0
0
0
0
0
0
0
0
0
0
0
0
0
0
0
0
0
0
0
0
0
0
0
0
0
0
-0
-0
-0
-0
-0
-0
-0
-0
-0
-0
-0
-0
-0
-0
-0
-0
-0
-0
-0
-0
-0
-0
-0
-0
-0
-0
-0
-0
-0
-0
-0
-0
-0
-0
-0
-0
-0
-0
-0
-0
-0
-0
-0
-0
-0
-0
-0
-0
-0
-0
-0
0
0
0
0
0
0
0
0
0
0
0
0
0
0
0
0
0
0
0
0
0
0
0
0
0
0
0
0
0
0
0
0
0
0
0
0
0
0
0
0
0
0
0
0
0
0
0
0
0
0
-0
-0
-0
-0
-0
-0
-0
-0
-0
-0
-0
-0
-0
-0
-0
-0
-0
-0
-0
-0
-0
-0
-0
-0
-0
-0
-0
-0
-0
-0
-0
-0
-0
-0
-0
-0
-0
-0
-0
-0
-0
-0
-0
-0
-0
-0
-0
-0
-0
0
0
0
0
0
0
0
0
0
0
0
0
0
0
0
0
0
0
0
0
0
0
0
0
0
0
0
0
0
0
0
0
0
0
0
0
0
0
0
0
0
0
0
0
0
0
0
0
0
0
-0
-0
-0
-0
-0
-0
-0
-0
-0
-0
-0
-0
-0
-0
-0
-0
-0
-0
-0
-0
-0
-0
-0
-0
-0
-0
-0
-0
-0
-0
-0
-0
-0
-0
-0
-0
-0
-0
-0
-0
-0
-0
-0
-0
-0
-0
-0
-0
-0
-0
0
0
0
0
0
0
0
0
0
0
0
0
0
0
0
0
0
0
0
0
0
0
0
0
0
0
0
0
0
0
0
0
0
0
0
0
0
0
0
0
0
0
0
0
0
0
0
0
0
0
0
-0
-0
-0
-0
-0
-0
-0
-0
-0
-0
-0
-0
-0
-0
-0
-0
-0
-0
-0
-0
-0
-0
-0
-0
-0
-0
-0
-0
-0
-0
-0
-0
-0
-0
-0
-0
-0
-0
-0
-0
-0
-0
-0
-0
-0
-0
-0
-0
-0
-0
0
0
0
0
0
0
0
0
0
0
0
0
0
0
0
0
0
0
0
0
0
0
0
0
0
0
0
0
0
0
0
0
0
0
0
0
0
0
0
0
0
0
0
0
0
0
0
0
0
-0
-0
-0
-0
-0
-0
-0
-0
-0
-0
-0
-0
-0
-0
-0
-0
-0
-0
-0
-0
-0
-0
-0
-0
-0
-0
-0
-0
-0
-0
-0
-0
-0
-0
-0
-0
-0
-0
-0
-0
-0
-0
-0
-0
-0
-0
-0
-0
-0
-0
0
0
0
0
0
0
0
0
0
0
0
0
0
0
0
0
0
0
0
0
0
0
0
0
0
0
0
0
0
0
0
0
0
0
0
0
0
0
0
0
0
0
0
0
0
0
0
0
0
0
-0
-0
-0
-0
-0
-0
-0
-0
-0
-0
-0
-0
-0
-0
-0
-0
-0
-0
-0
-0
-0
-0
-0
-0
-0
-0
-0
-0
-0
-0
-0
-0
-0
-0
-0
-0
-0
-0
-0
-0
-0
-0
-0
-0
-0
-0
-0
-0
-0
-0
-0
0
0
0
0
0
0
0
0
0
0
0
0
0
0
0
0
0
0
0
0
0
0
0
0
0
0
0
0
0
0
0
0
0
0
0
0
0
0
0
0
0
0
0
0
0
0
0
0
0
0
-0
-0
-0
-0
-0
-0
-0
-0
-0
-0
-0
-0
-0
-0
-0
-0
-0
-0
-0
-0
-0
-0
-0
-0
-0
-0
-0
-0
-0
-0
-0
-0
-0
-0
-0
-0
-0
-0
-0
-0
-0
-0
-0
-0
-0
-0
-0
-0
-0
0
0
0
0
0
0
0
0
0
0
0
0
0
0
0
0
0
0
0
0
0
0
0
0
0
0
0
0
0
0
0
0
0
0
0
0
0
0
0
0
0
0
0
0
0
0
0
0
0
0
-0
-0
-0
-0
-0
-0
-0
-0
-0
-0
-0
-0
-0
-0
-0
-0
-0
-0
-0
-0
-0
-0
-0
-0
-0
-0
-0
-0
-0
-0
-0
-0
-0
-0
-0
-0
-0
-0
-0
-0
-0
-0
-0
-0
-0
-0
-0
-0
-0
-0
0
0
0
0
0
0
0
0
0
0
0
0
0
0
0
0
0
0
0
0
0
0
0
0
0
0
0
0
0
0
0
0
0
0
0
0
0
0
0
0
0
0
0
0
0
0
0
0
0
0
-0
-0
-0
-0
-0
-0
-0
-0
-0
-0
-0
-0
-0
-0
-0
-0
-0
-0
-0
-0
-0
-0
-0
-0
-0
-0
-0
-0
-0
-0
-0
-0
-0
-0
-0
-0
-0
-0
-0
-0
-0
-0
-0
-0
-0
-0
-0
-0
-0
-0
-0
0
0
0
0
0
0
0
0
0
0
0
0
0
0
0
0
0
0
0
0
0
0
0
0
0
0
0
0
0
0
0
0
0
0
0
0
0
0
0
0
0
0
0
0
0
0
0
0
0
0
-0
-0
-0
-0
-0
-0
-0
-0
-0
-0
-0
-0
-0
-0
-0
-0
-0
-0
-0
-0
-0
-0
-0
-0
-0
-0
-0
-0
-0
-0
-0
-0
-0
-0
-0
-0
-0
-0
-0
-0
-0
-0
-0
-0
-0
-0
-0
-0
-0
-0
0
0
0
0
0
0
0
0
0
0
0
0
0
0
0
0
0
0
0
0
0
0
0
0
0
0
0
0
0
0
0
0
0
0
0
0
0
0
0
0
0
0
0
0
0
0
0
0
0
-0
-0
-0
-0
-0
-0
-0
-0
-0
-0
-0
-0
-0
-0
-0
-0
-0
-0
-0
-0
-0
-0
-0
-0
-0
-0
-0
-0
-0
-0
-0
-0
-0
-0
-0
-0
-0
-0
-0
-0
-0
-0
-0
-0
-0
-0
-0
-0
-0
-0
0
0
0
0
0
0
0
0
0
0
0
0
0
0
0
0
0
0
0
0
0
0
0
0
0
0
0
0
0
0
0
0
0
0
0
0
0
0
0
0
0
0
0
0
0
0
0
0
0
0
0
-0
-0
-0
-0
-0
-0
-0
-0
-0
-0
-0
-0
-0
-0
-0
-0
-0
-0
-0
-0
-0
-0
-0
-0
-0
-0
-0
-0
-0
-0
-0
-0
-0
-0
-0
-0
-0
-0
-0
-0
-0
-0
-0
-0
-0
-0
-0
-0
-0
-0
0
0
0
0
0
0
0
0
0
0
0
0
0
0
0
0
0
0
0
0
0
0
0
0
0
0
0
0
0
0
0
0
0
0
0
0
0
0
0
0
0
0
0
0
0
0
0
0
0
0
-0
-0
-0
-0
-0
-0
-0
-0
-0
-0
-0
-0
-0
-0
-0
-0
-0
-0
-0
-0
-0
-0
-0
-0
-0
-0
-0
-0
-0
-0
-0
-0
-0
-0
-0
-0
-0
-0
-0
-0
-0
-0
-0
-0
-0
-0
-0
-0
-0
0
0
0
0
0
0
0
0
0
0
0
0
0
0
0
0
0
0
0
0
0
0
0
0
0
0
0
0
0
0
0
0
0
0
0
0
0
0
0
0
0
0
0
0
0
0
0
0
0
0
-0
-0
-0
-0
-0
-0
-0
-0
-0
-0
-0
-0
-0
-0
-0
-0
-0
-0
-0
-0
-0
-0
-0
-0
-0
-0
-0
-0
-0
-0
-0
-0
-0
-0
-0
-0
-0
-0
-0
-0
-0
-0
-0
-0
-0
-0
-0
-0
-0
-0
-0
0
0
0
0
0
0
0
0
0
0
0
0
0
0
0
0
0
0
0
0
0
0
0
0
0
0
0
0
0
0
0
0
0
0
0
0
0
0
0
0
0
0
0
0
0
0
0
0
0
0
-0
-0
-0
-0
-0
-0
-0
-0
-0
-0
-0
-0
-0
-0
-0
-0
-0
-0
-0
-0
-0
-0
-0
-0
-0
-0
-0
-0
-0
-0
-0
-0
-0
-0
-0
-0
-0
-0
-0
-0
-0
-0
-0
-0
-0
-0
-0
-0
-0
-0
0
0
0
0
0
0
0
0
0
0
0
0
0
0
0
0
0
0
0
0
0
0
0
0
0
0
0
0
0
0
0
0
0
0
0
0
0
0
0
0
0
0
0
0
0
0
0
0
0
-0
-0
-0
-0
-0
-0
-0
-0
-0
-0
-0
-0
-0
-0
-0
-0
-0
-0
-0
-0
-0
-0
-0
-0
-0
-0
-0
-0
-0
-0
-0
-0
-0
-0
-0
-0
-0
-0
-0
-0
-0
-0
-0
-0
-0
-0
-0
-0
-0
-0
0
0
0
0
0
0
0
0
0
0
0
0
0
0
0
0
0
0
0
0
0
0
0
0
0
0
0
0
0
0
0
0
0
0
0
0
0
0
0
0
0
0
0
0
0
0
0
0
0
0
-0
-6.593e-09
-2.632e-08
-5.9025e-08
-1.0445e-07
-1.6223e-07
-2.3192e-07
-3.1295e-07
-4.0467e-07
-5.0636e-07
-6.1717e-07
-7.3622e-07
-8.6253e-07
-9.9504e-07
-1.1327e-06
-1.2742e-06
-1.4185e-06
-1.5642e-06
-1.7101e-06
-1.8549e-06
-1.9972e-06
-2.1357e-06
-2.2691e-06
-2.396e-06
-2.515e-06
-2.625e-06
-2.7246e-06
-2.8126e-06
-2.8879e-06
-2.9493e-06
-2.9958e-06
-3.0264e-06
-3.0402e-06
-3.0364e-06
-3.0143e-06
-2.9731e-06
-2.9125e-06
-2.832e-06
-2.7313e-06
-2.6103e-06
-2.4687e-06
-2.3067e-06
-2.1245e-06
-1.9224e-06
-1.7007e-06
-1.4601e-06
-1.2012e-06
-9.2473e-07
-6.3168e-07
-3.2306e-07
-5.6572e-20
3.3624e-07
6.8432e-07
1.0428e-06
1.4101e-06
1.7846e-06
2.1646e-06
2.5483e-06
2.9339e-06
3.3194e-06
3.703e-06
4.0827e-06
4.4564e-06
4.8221e-06
5.1778e-06
5.5215e-06
5.8512e-06
6.1648e-06
6.4605e-06
6.7362e-06
6.9903e-06
7.2208e-06
7.4261e-06
7.6046e-06
7.7547e-06
7.875e-06
7.9643e-06
8.0212e-06
8.0449e-06
8.0344e-06
7.9889e-06
7.9077e-06
7.7906e-06
7.637e-06
7.447e-06
7.2205e-06
6.9577e-06
6.6591e-06
6.3252e-06
5.9567e-06
5.5546e-06
5.1198e-06
4.6537e-06
4.1577e-06
3.6334e-06
3.0824e-06
2.5068e-06
1.9085e-06
1.2897e-06
6.5271e-07
-3.7052e-19
-6.6589e-07
-1.3423e-06
-2.0265e-06
-2.7157e-06
-3.4069e-06
-4.0972e-06
-4.7836e-06
-5.4631e-06
-6.1325e-06
-6.7889e-06
-7.4292e-06
-8.0503e-06
-8.6492e-06
-9.223e-06
-9.7689e-06
-1.0284e-05
-1.0765e-05
-1.1211e-05
-1.1618e-05
-1.1983e-05
-1.2306e-05
-1.2583e-05
-1.2813e-05
-1.2994e-05
-1.3125e-05
-1.3204e-05
-1.323e-05
-1.3202e-05
-1.3119e-05
-1.2982e-05
-1.2789e-05
-1.2541e-05
-1.2238e-05
-1.188e-05
-1.1468e-05
-1.1003e-05
-1.0486e-05
-9.9191e-06
-9.3032e-06
-8.6404e-06
-7.9329e-06
-7.1829e-06
-6.3931e-06
-5.566e-06
-4.7048e-06
-3.8124e-06
-2.8922e-06
-1.9477e-06
-9.8236e-07
3.8598e-19
9.9554e-07
2.0003e-06
3.0103e-06
4.0213e-06
5.0293e-06
6.0299e-06
7.019e-06
7.9923e-06
8.9456e-06
9.8748e-06
1.0776e-05
1.1644e-05
1.2476e-05
1.3268e-05
1.4016e-05
1.4717e-05
1.5366e-05
1.5961e-05
1.6499e-05
1.6976e-05
1.7391e-05
1.774e-05
1.8022e-05
1.8234e-05
1.8375e-05
1.8444e-05
1.8438e-05
1.8359e-05
1.8205e-05
1.7975e-05
1.767e-05
1.7291e-05
1.6838e-05
1.6312e-05
1.5715e-05
1.5048e-05
1.4313e-05
1.3513e-05
1.265e-05
1.1726e-05
1.0746e-05
9.7122e-06
8.6284e-06
7.4987e-06
6.3271e-06
5.118e-06
3.876e-06
2.6057e-06
1.312e-06
9.0547e-19
-1.3252e-06
-2.6583e-06
-3.994e-06
-5.3269e-06
-6.6516e-06
-7.9625e-06
-9.2543e-06
-1.0522e-05
-1.1759e-05
-1.2961e-05
-1.4122e-05
-1.5238e-05
-1.6303e-05
-1.7313e-05
-1.8264e-05
-1.9149e-05
-1.9967e-05
-2.0711e-05
-2.138e-05
-2.1969e-05
-2.2476e-05
-2.2897e-05
-2.323e-05
-2.3474e-05
-2.3625e-05
-2.3683e-05
-2.3647e-05
-2.3516e-05
-2.329e-05
-2.2968e-05
-2.2552e-05
-2.2042e-05
-2.1439e-05
-2.0745e-05
-1.9962e-05
-1.9093e-05
-1.814e-05
-1.7107e-05
-1.5996e-05
-1.4812e-05
-1.3559e-05
-1.2241e-05
-1.0864e-05
-9.4314e-06
-7.9495e-06
-6.4237e-06
-4.8597e-06
-3.2637e-06
-1.6417e-06
-1.4148e-18
1.6548e-06
3.3163e-06
4.9778e-06
6.6326e-06
8.2739e-06
9.8952e-06
1.149e-05
1.3051e-05
1.4572e-05
1.6047e-05
1.7469e-05
1.8832e-05
2.013e-05
2.1359e-05
2.2511e-05
2.3582e-05
2.4567e-05
2.5462e-05
2.6262e-05
2.6962e-05
2.7561e-05
2.8054e-05
2.8439e-05
2.8713e-05
2.8875e-05
2.8923e-05
2.8856e-05
2.8673e-05
2.8375e-05
2.7961e-05
2.7433e-05
2.6792e-05
2.6039e-05
2.5178e-05
2.421e-05
2.3139e-05
2.1967e-05
2.0701e-05
1.9343e-05
1.7898e-05
1.6372e-05
1.4771e-05
1.3099e-05
1.1364e-05
9.5718e-06
7.7293e-06
5.8435e-06
3.9217e-06
1.9713e-06
2.0374e-18
-1.9845e-06
-3.9743e-06
-5.9615e-06
-7.9382e-06
-9.8963e-06
-1.1828e-05
-1.3725e-05
-1.558e-05
-1.7385e-05
-1.9132e-05
-2.0815e-05
-2.2426e-05
-2.3958e-05
-2.5404e-05
-2.6758e-05
-2.8015e-05
-2.9168e-05
-3.0212e-05
-3.1143e-05
-3.1955e-05
-3.2646e-05
-3.3211e-05
-3.3648e-05
-3.3953e-05
-3.4125e-05
-3.4162e-05
-3.4064e-05
-3.383e-05
-3.346e-05
-3.2954e-05
-3.2314e-05
-3.1542e-05
-3.064e-05
-2.9611e-05
-2.8457e-05
-2.7184e-05
-2.5795e-05
-2.4295e-05
-2.2689e-05
-2.0984e-05
-1.9185e-05
-1.73e-05
-1.5334e-05
-1.3297e-05
-1.1194e-05
-9.0349e-06
-6.8272e-06
-4.5797e-06
-2.301e-06
-6.8413e-19
2.3141e-06
4.6323e-06
6.9453e-06
9.2438e-06
1.1519e-05
1.376e-05
1.596e-05
1.8109e-05
2.0198e-05
2.2218e-05
2.4162e-05
2.602e-05
2.7785e-05
2.9449e-05
3.1006e-05
3.2448e-05
3.3768e-05
3.4963e-05
3.6024e-05
3.6949e-05
3.7731e-05
3.8368e-05
3.8856e-05
3.9193e-05
3.9375e-05
3.9402e-05
3.9273e-05
3.8987e-05
3.8545e-05
3.7947e-05
3.7196e-05
3.6293e-05
3.5241e-05
3.4043e-05
3.2705e-05
3.1229e-05
2.9622e-05
2.7888e-05
2.6036e-05
2.407e-05
2.1998e-05
1.9829e-05
1.757e-05
1.5229e-05
1.2816e-05
1.0341e-05
7.811e-06
5.2377e-06
2.6306e-06
3.6221e-18
-2.6438e-06
-5.2903e-06
-7.929e-06
-1.0549e-05
-1.3141e-05
-1.5693e-05
-1.8196e-05
-2.0638e-05
-2.3011e-05
-2.5304e-05
-2.7508e-05
-2.9614e-05
-3.1612e-05
-3.3494e-05
-3.5253e-05
-3.688e-05
-3.8369e-05
-3.9713e-05
-4.0906e-05
-4.1942e-05
-4.2816e-05
-4.3525e-05
-4.4065e-05
-4.4432e-05
-4.4625e-05
-4.4642e-05
-4.4481e-05
-4.4144e-05
-4.363e-05
-4.294e-05
-4.2077e-05
-4.1043e-05
-3.9841e-05
-3.8476e-05
-3.6952e-05
-3.5274e-05
-3.3449e-05
-3.1482e-05
-2.9382e-05
-2.7156e-05
-2.4811e-05
-2.2358e-05
-1.9805e-05
-1.7162e-05
-1.4439e-05
-1.1646e-05
-8.7947e-06
-5.8957e-06
-2.9603e-06
-1.8984e-18
2.9734e-06
5.9483e-06
8.9128e-06
1.1855e-05
1.4763e-05
1.7626e-05
2.0431e-05
2.3168e-05
2.5824e-05
2.839e-05
3.0855e-05
3.3207e-05
3.5439e-05
3.7539e-05
3.95e-05
4.1313e-05
4.297e-05
4.4463e-05
4.5787e-05
4.6935e-05
4.7901e-05
4.8682e-05
4.9273e-05
4.9672e-05
4.9875e-05
4.9881e-05
4.969e-05
4.9301e-05
4.8715e-05
4.7933e-05
4.6958e-05
4.5793e-05
4.4442e-05
4.2909e-05
4.1199e-05
3.9319e-05
3.7276e-05
3.5076e-05
3.2729e-05
3.0242e-05
2.7625e-05
2.4887e-05
2.204e-05
1.9095e-05
1.6061e-05
1.2952e-05
9.7785e-06
6.5537e-06
3.2899e-06
2.6699e-18
-3.2833e-06
-6.5405e-06
-9.7588e-06
-1.2926e-05
-1.6029e-05
-1.9056e-05
-2.1996e-05
-2.4837e-05
-2.7568e-05
-3.018e-05
-3.2662e-05
-3.5004e-05
-3.7199e-05
-3.9238e-05
-4.1114e-05
-4.282e-05
-4.435e-05
-4.5698e-05
-4.6861e-05
-4.7833e-05
-4.8613e-05
-4.9198e-05
-4.9586e-05
-4.9777e-05
-4.977e-05
-4.9567e-05
-4.9169e-05
-4.8579e-05
-4.78e-05
-4.6835e-05
-4.5689e-05
-4.4368e-05
-4.2878e-05
-4.1224e-05
-3.9415e-05
-3.7459e-05
-3.5362e-05
-3.3136e-05
-3.0788e-05
-2.8328e-05
-2.5768e-05
-2.3117e-05
-2.0386e-05
-1.7587e-05
-1.4731e-05
-1.1829e-05
-8.8931e-06
-5.9352e-06
-2.9669e-06
-2.9107e-18
2.9537e-06
5.8825e-06
8.7751e-06
1.162e-05
1.4406e-05
1.7123e-05
1.976e-05
2.2308e-05
2.4755e-05
2.7094e-05
2.9315e-05
3.141e-05
3.3372e-05
3.5193e-05
3.6867e-05
3.8387e-05
3.9749e-05
4.0948e-05
4.1979e-05
4.284e-05
4.3528e-05
4.4041e-05
4.4377e-05
4.4537e-05
4.452e-05
4.4327e-05
4.3961e-05
4.3422e-05
4.2715e-05
4.1842e-05
4.0808e-05
3.9618e-05
3.8277e-05
3.6792e-05
3.5168e-05
3.3413e-05
3.1535e-05
2.9542e-05
2.7441e-05
2.5242e-05
2.2955e-05
2.0588e-05
1.8151e-05
1.5654e-05
1.3109e-05
1.0523e-05
7.9094e-06
5.2772e-06
2.6372e-06
6.5672e-19
-2.624e-06
-5.2245e-06
-7.7913e-06
-1.0314e-05
-1.2784e-05
-1.5191e-05
-1.7525e-05
-1.9778e-05
-2.1942e-05
-2.4008e-05
-2.5969e-05
-2.7817e-05
-2.9545e-05
-3.1148e-05
-3.262e-05
-3.3955e-05
-3.5149e-05
-3.6198e-05
-3.7098e-05
-3.7847e-05
-3.8443e-05
-3.8884e-05
-3.9169e-05
-3.9297e-05
-3.927e-05
-3.9088e-05
-3.8752e-05
-3.8265e-05
-3.7629e-05
-3.6849e-05
-3.5927e-05
-3.4868e-05
-3.3676e-05
-3.2359e-05
-3.0921e-05
-2.9368e-05
-2.7708e-05
-2.5948e-05
-2.4095e-05
-2.2157e-05
-2.0142e-05
-1.8059e-05
-1.5916e-05
-1.3722e-05
-1.1486e-05
-9.2177e-06
-6.9256e-06
-4.6192e-06
-2.3076e-06
-3.0525e-18
2.2944e-06
4.5665e-06
6.8076e-06
9.0088e-06
1.1162e-05
1.3258e-05
1.529e-05
1.7249e-05
1.9129e-05
2.0922e-05
2.2622e-05
2.4223e-05
2.5718e-05
2.7103e-05
2.8372e-05
2.9522e-05
3.0548e-05
3.1447e-05
3.2217e-05
3.2854e-05
3.3358e-05
3.3727e-05
3.396e-05
3.4058e-05
3.402e-05
3.3848e-05
3.3543e-05
3.3108e-05
3.2544e-05
3.1856e-05
3.1045e-05
3.0117e-05
2.9076e-05
2.7926e-05
2.6673e-05
2.5323e-05
2.3881e-05
2.2354e-05
2.0748e-05
1.9071e-05
1.7329e-05
1.5529e-05
1.368e-05
1.1789e-05
9.8638e-06
7.9121e-06
5.9419e-06
3.9612e-06
1.9779e-06
1.169e-18
-1.9647e-06
-3.9085e-06
-5.8238e-06
-7.7032e-06
-9.5394e-06
-1.1325e-05
-1.3054e-05
-1.472e-05
-1.6316e-05
-1.7836e-05
-1.9276e-05
-2.0629e-05
-2.1891e-05
-2.3058e-05
-2.4125e-05
-2.5089e-05
-2.5947e-05
-2.6697e-05
-2.7335e-05
-2.7861e-05
-2.8273e-05
-2.857e-05
-2.8751e-05
-2.8818e-05
-2.877e-05
-2.8608e-05
-2.8335e-05
-2.7951e-05
-2.7459e-05
-2.6863e-05
-2.6164e-05
-2.5367e-05
-2.4475e-05
-2.3493e-05
-2.2426e-05
-2.1278e-05
-2.0054e-05
-1.876e-05
-1.7402e-05
-1.5985e-05
-1.4516e-05
-1.3e-05
-1.1445e-05
-9.8565e-06
-8.2415e-06
-6.6064e-06
-4.9581e-06
-3.3032e-06
-1.6483e-06
-1.2554e-18
1.6351e-06
3.2505e-06
4.8401e-06
6.3975e-06
7.917e-06
9.3927e-06
1.0819e-05
1.2191e-05
1.3503e-05
1.475e-05
1.5929e-05
1.7035e-05
1.8064e-05
1.9012e-05
1.9878e-05
2.0656e-05
2.1347e-05
2.1947e-05
2.2454e-05
2.2868e-05
2.3188e-05
2.3413e-05
2.3543e-05
2.3578e-05
2.352e-05
2.3369e-05
2.3126e-05
2.2794e-05
2.2374e-05
2.187e-05
2.1283e-05
2.0616e-05
1.9875e-05
1.9061e-05
1.8179e-05
1.7233e-05
1.6227e-05
1.5166e-05
1.4055e-05
1.2899e-05
1.1702e-05
1.0471e-05
9.2096e-06
7.9239e-06
6.6191e-06
5.3008e-06
3.9744e-06
2.6452e-06
1.3186e-06
1.2286e-18
-1.3054e-06
-2.5925e-06
-3.8563e-06
-5.0919e-06
-6.2947e-06
-7.46e-06
-8.5837e-06
-9.6616e-06
-1.069e-05
-1.1665e-05
-1.2583e-05
-1.3441e-05
-1.4237e-05
-1.4967e-05
-1.563e-05
-1.6224e-05
-1.6746e-05
-1.7196e-05
-1.7573e-05
-1.7875e-05
-1.8103e-05
-1.8256e-05
-1.8334e-05
-1.8339e-05
-1.827e-05
-1.8129e-05
-1.7918e-05
-1.7637e-05
-1.7289e-05
-1.6876e-05
-1.6401e-05
-1.5866e-05
-1.5274e-05
-1.4628e-05
-1.3931e-05
-1.3187e-05
-1.24e-05
-1.1572e-05
-1.0709e-05
-9.8131e-06
-8.8894e-06
-7.9417e-06
-6.9743e-06
-5.9912e-06
-4.9968e-06
-3.9952e-06
-2.9906e-06
-1.9872e-06
-9.8895e-07
-1.9924e-19
9.7576e-07
1.9345e-06
2.8726e-06
3.7863e-06
4.6723e-06
5.5274e-06
6.3484e-06
7.1324e-06
7.8767e-06
8.5787e-06
9.2363e-06
9.8472e-06
1.041e-05
1.0922e-05
1.1383e-05
1.1791e-05
1.2146e-05
1.2446e-05
1.2691e-05
1.2882e-05
1.3018e-05
1.3099e-05
1.3126e-05
1.3099e-05
1.302e-05
1.289e-05
1.2709e-05
1.248e-05
1.2204e-05
1.1883e-05
1.152e-05
1.1116e-05
1.0673e-05
1.0195e-05
9.6839e-06
9.1421e-06
8.5727e-06
7.9784e-06
7.3622e-06
6.7272e-06
6.0763e-06
5.4125e-06
4.7389e-06
4.0586e-06
3.3745e-06
2.6896e-06
2.0069e-06
1.3292e-06
6.593e-07
8.3533e-19
-6.4611e-07
-1.2765e-06
-1.8888e-06
-2.4807e-06
-3.05e-06
-3.5947e-06
-4.113e-06
-4.6032e-06
-5.0636e-06
-5.4929e-06
-5.8898e-06
-6.2533e-06
-6.5826e-06
-6.8768e-06
-7.1355e-06
-7.3583e-06
-7.545e-06
-7.6956e-06
-7.8101e-06
-7.889e-06
-7.9327e-06
-7.9418e-06
-7.9171e-06
-7.8595e-06
-7.77e-06
-7.6499e-06
-7.5004e-06
-7.323e-06
-7.1191e-06
-6.8904e-06
-6.6386e-06
-6.3655e-06
-6.0728e-06
-5.7625e-06
-5.4366e-06
-5.0969e-06
-4.7456e-06
-4.3845e-06
-4.0158e-06
-3.6413e-06
-3.2632e-06
-2.8833e-06
-2.5036e-06
-2.1259e-06
-1.7521e-06
-1.384e-06
-1.0231e-06
-6.7116e-07
-3.2965e-07
-1.7645e-19
3.1646e-07
6.1852e-07
9.0505e-07
1.1751e-06
1.4277e-06
1.6621e-06
1.8777e-06
2.0739e-06
2.2505e-06
2.407e-06
2.5433e-06
2.6595e-06
2.7555e-06
2.8316e-06
2.8882e-06
2.9256e-06
2.9444e-06
2.9452e-06
2.9288e-06
2.896e-06
2.8476e-06
2.7848e-06
2.7085e-06
2.6198e-06
2.52e-06
2.4102e-06
2.2918e-06
2.1659e-06
2.034e-06
1.8974e-06
1.7573e-06
1.6151e-06
1.4722e-06
1.3298e-06
1.1893e-06
1.0518e-06
9.185e-07
7.9065e-07
6.693e-07
5.5546e-07
4.5009e-07
3.5409e-07
2.6824e-07
1.9327e-07
1.2979e-07
7.8337e-08
3.935e-08
1.316e-08
0
0
-0
-0
-0
-0
-0
-0
-0
-0
-0
-0
-0
-0
-0
-0
-0
-0
-0
-0
-0
-0
-0
-0
-0
-0
-0
-0
-0
-0
-0
-0
-0
-0
-0
-0
-0
-0
-0
-0
-0
-0
-0
-0
-0
-0
-0
-0
-0
-0
-0
-0
0
0
0
0
0
0
0
0
0
0
0
0
0
0
0
0
0
0
0
0
0
0
0
0
0
0
0
0
0
0
0
0
0
0
0
0
0
0
0
0
0
0
0
0
0
0
0
0
0
0
-0
-0
-0
-0
-0
-0
-0
-0
-0
-0
-0
-0
-0
-0
-0
-0
-0
-0
-0
-0
-0
-0
-0
-0
-0
-0
-0
-0
-0
-0
-0
-0
-0
-0
-0
-0
-0
-0
-0
-0
-0
-0
-0
-0
-0
-0
-0
-0
-0
-0
0
0
0
0
0
0
0
0
0
0
0
0
0
0
0
0
0
0
0
0
0
0
0
0
0
0
0
0
0
0
0
0
0
0
0
0
0
0
0
0
0
0
0
0
0
0
0
0
0
0
-0
-0
-0
-0
-0
-0
-0
-0
-0
-0
-0
-0
-0
-0
-0
-0
-0
-0
-0
-0
-0
-0
-0
-0
-0
-0
-0
-0
-0
-0
-0
-0
-0
-0
-0
-0
-0
-0
-0
-0
-0
-0
-0
-0
-0
-0
-0
-0
-0
-0
0
0
0
0
0
0
0
0
0
0
0
0
0
0
0
0
0
0
0
0
0
0
0
0
0
0
0
0
0
0
0
0
0
0
0
0
0
0
0
0
0
0
0
0
0
0
0
0
0
0
-0
-0
-0
-0
-0
-0
-0
-0
-0
-0
-0
-0
-0
-0
-0
-0
-0
-0
-0
-0
-0
-0
-0
-0
-0
-0
-0
-0
-0
-0
-0
-0
-0
-0
-0
-0
-0
-0
-0
-0
-0
-0
-0
-0
-0
-0
-0
-0
-0
-0
0
0
0
0
0
0
0
0
0
0
0
0
0
0
0
0
0
0
0
0
0
0
0
0
0
0
0
0
0
0
0
0
0
0
0
0
0
0
0
0
0
0
0
0
0
0
0
0
0
0
-0
-0
-0
-0
-0
-0
-0
-0
-0
-0
-0
-0
-0
-0
-0
-0
-0
-0
-0
-0
-0
-0
-0
-0
-0
-0
-0
-0
-0
-0
-0
-0
-0
-0
-0
-0
-0
-0
-0
-0
-0
-0
-0
-0
-0
-0
-0
-0
-0
-0
0
0
0
0
0
0
0
0
0
0
0
0
0
0
0
0
0
0
0
0
0
0
0
0
0
0
0
0
0
0
0
0
0
0
0
0
0
0
0
0
0
0
0
0
0
0
0
0
0
0
-0
-0
-0
-0
-0
-0
-0
-0
-0
-0
-0
-0
-0
-0
-0
-0
-0
-0
-0
-0
-0
-0
-0
-0
-0
-0
-0
-0
-0
-0
-0
-0
-0
-0
-0
-0
-0
-0
-0
-0
-0
-0
-0
-0
-0
-0
-0
-0
-0
-0
0
0
0
0
0
0
0
0
0
0
0
0
0
0
0
0
0
0
0
0
0
0
0
0
0
0
0
0
0
0
0
0
0
0
0
0
0
0
0
0
0
0
0
0
0
0
0
0
0
0
-0
-0
-0
-0
-0
-0
-0
-0
-0
-0
-0
-0
-0
-0
-0
-0
-0
-0
-0
-0
-0
-0
-0
-0
-0
-0
-0
-0
-0
-0
-0
-0
-0
-0
-0
-0
-0
-0
-0
-0
-0
-0
-0
-0
-0
-0
-0
-0
-0
-0
0
0
0
0
0
0
0
0
0
0
0
0
0
0
0
0
0
0
0
0
0
0
0
0
0
0
0
0
0
0
0
0
0
0
0
0
0
0
0
0
0
0
0
0
0
0
0
0
0
0
-0
-0
-0
-0
-0
-0
-0
-0
-0
-0
-0
-0
-0
-0
-0
-0
-0
-0
-0
-0
-0
-0
-0
-0
-0
-0
-0
-0
-0
-0
-0
-0
-0
-0
-0
-0
-0
-0
-0
-0
-0
-0
-0
-0
-0
-0
-0
-0
-0
-0
0
0
0
0
0
0
0
0
0
0
0
0
0
0
0
0
0
0
0
0
0
0
0
0
0
0
0
0
0
0
0
0
0
0
0
0
0
0
0
0
0
0
0
0
0
0
0
0
0
0
-0
-0
-0
-0
-0
-0
-0
-0
-0
-0
-0
-0
-0
-0
-0
-0
-0
-0
-0
-0
-0
-0
-0
-0
-0
-0
-0
-0
-0
-0
-0
-0
-0
-0
-0
-0
-0
-0
-0
-0
-0
-0
-0
-0
-0
-0
-0
-0
-0
-0
0
0
0
0
0
0
0
0
0
0
0
0
0
0
0
0
0
0
0
0
0
0
0
0
0
0
0
0
0
0
0
0
0
0
0
0
0
0
0
0
0
0
0
0
0
0
0
0
0
0
-0
-0
-0
-0
-0
-0
-0
-0
-0
-0
-0
-0
-0
-0
-0
-0
-0
-0
-0
-0
-0
-0
-0
-0
-0
-0
-0
-0
-0
-0
-0
-0
-0
-0
-0
-0
-0
-0
-0
-0
-0
-0
-0
-0
-0
-0
-0
-0
-0
-0
0
0
0
0
0
0
0
0
0
0
0
0
0
0
0
0
0
0
0
0
0
0
0
0
0
0
0
0
0
0
0
0
0
0
0
0
0
0
0
0
0
0
0
0
0
0
0
0
0
0
-0
-0
-0
-0
-0
-0
-0
-0
-0
-0
-0
-0
-0
-0
-0
-0
-0
-0
-0
-0
-0
-0
-0
-0
-0
-0
-0
-0
-0
-0
-0
-0
-0
-0
-0
-0
-0
-0
-0
-0
-0
-0
-0
-0
-0
-0
-0
-0
-0
-0
0
0
0
0
0
0
0
0
0
0
0
0
0
0
0
0
0
0
0
0
0
0
0
0
0
0
0
0
0
0
0
0
0
0
0
0
0
0
0
0
0
0
0
0
0
0
0
0
0
-0
-0
-0
-0
-0
-0
-0
-0
-0
-0
-0
-0
-0
-0
-0
-0
-0
-0
-0
-0
-0
-0
-0
-0
-0
-0
-0
-0
-0
-0
-0
-0
-0
-0
-0
-0
-0
-0
-0
-0
-0
-0
-0
-0
-0
-0
-0
-0
-0
-0
-0
0
0
0
0
0
0
0
0
0
0
0
0
0
0
0
0
0
0
0
0
0
0
0
0
0
0
0
0
0
0
0
0
0
0
0
0
0
0
0
0
0
0
0
0
0
0
0
0
0
0
-0
-0
-0
-0
-0
-0
-0
-0
-0
-0
-0
-0
-0
-0
-0
-0
-0
-0
-0
-0
-0
-0
-0
-0
-0
-0
-0
-0
-0
-0
-0
-0
-0
-0
-0
-0
-0
-0
-0
-0
-0
-0
-0
-0
-0
-0
-0
-0
-0
0
0
0
0
0
0
0
0
0
0
0
0
0
0
0
0
0
0
0
0
0
0
0
0
0
0
0
0
0
0
0
0
0
0
0
0
0
0
0
0
0
0
0
0
0
0
0
0
0
0
0
-0
-0
-0
-0
-0
-0
-0
-0
-0
-0
-0
-0
-0
-0
-0
-0
-0
-0
-0
-0
-0
-0
-0
-0
-0
-0
-0
-0
-0
-0
-0
-0
-0
-0
-0
-0
-0
-0
-0
-0
-0
-0
-0
-0
-0
-0
-0
-0
-0
-0
0
0
0
0
0
0
0
0
0
0
0
0
0
0
0
0
0
0
0
0
0
0
0
0
0
0
0
0
0
0
0
0
0
0
0
0
0
0
0
0
0
0
0
0
0
0
0
0
0
0
-0
-0
-0
-0
-0
-0
-0
-0
-0
-0
-0
-0
-0
-0
-0
-0
-0
-0
-0
-0
-0
-0
-0
-0
-0
-0
-0
-0
-0
-0
-0
-0
-0
-0
-0
-0
-0
-0
-0
-0
-0
-0
-0
-0
-0
-0
-0
-0
-0
-0
0
0
0
0
0
0
0
0
0
0
0
0
0
0
0
0
0
0
0
0
0
0
0
0
0
0
0
0
0
0
0
0
0
0
0
0
0
0
0
0
0
0
0
0
0
0
0
0
0
-0
-0
-0
-0
-0
-0
-0
-0
-0
-0
-0
-0
-0
-0
-0
-0
-0
-0
-0
-0
-0
-0
-0
-0
-0
-0
-0
-0
-0
-0
-0
-0
-0
-0
-0
-0
-0
-0
-0
-0
-0
-0
-0
-0
-0
-0
-0
-0
-0
-0
-0
0
0
0
0
0
0
0
0
0
0
0
0
0
0
0
0
0
0
0
0
0
0
0
0
0
0
0
0
0
0
0
0
0
0
0
0
0
0
0
0
0
0
0
0
0
0
0
0
0
-0
-0
-0
-0
-0
-0
-0
-0
-0
-0
-0
-0
-0
-0
-0
-0
-0
-0
-0
-0
-0
-0
-0
-0
-0
-0
-0
-0
-0
-0
-0
-0
-0
-0
-0
-0
-0
-0
-0
-0
-0
-0
-0
-0
-0
-0
-0
-0
-0
-0
-0
0
0
0
0
0
0
0
0
0
0
0
0
0
0
0
0
0
0
0
0
0
0
0
0
0
0
0
0
0
0
0
0
0
0
0
0
0
0
0
0
0
0
0
0
0
0
0
0
0
0
-0
-0
-0
-0
-0
-0
-0
-0
-0
-0
-0
-0
-0
-0
-0
-0
-0
-0
-0
-0
-0
-0
-0
-0
-0
-0
-0
-0
-0
-0
-0
-0
-0
-0
-0
-0
-0
-0
-0
-0
-0
-0
-0
-0
-0
-0
-0
-0
-0
-0
0
0
0
0
0
0
0
0
0
0
0
0
0
0
0
0
0
0
0
0
0
0
0
0
0
0
0
0
0
0
0
0
0
0
0
0
0
0
0
0
0
0
0
0
0
0
0
0
0
0
-0
-0
-0
-0
-0
-0
-0
-0
-0
-0
-0
-0
-0
-0
-0
-0
-0
-0
-0
-0
-0
-0
-0
-0
-0
-0
-0
-0
-0
-0
-0
-0
-0
-0
-0
-0
-0
-0
-0
-0
-0
-0
-0
-0
-0
-0
-0
-0
-0
-0
0
0
0
0
0
0
0
0
0
0
0
0
0
0
0
0
0
0
0
0
0
0
0
0
0
0
0
0
0
0
0
0
0
0
0
0
0
0
0
0
0
0
0
0
0
0
0
0
0
0
-0
-0
-0
-0
-0
-0
-0
-0
-0
-0
-0
-0
-0
-0
-0
-0
-0
-0
-0
-0
-0
-0
-0
-0
-0
-0
-0
-0
-0
-0
-0
-0
-0
-0
-0
-0
-0
-0
-0
-0
-0
-0
-0
-0
-0
-0
-0
-0
-0
-0
0
0
0
0
0
0
0
0
0
0
0
0
0
0
0
0
0
0
0
0
0
0
0
0
0
0
0
0
0
0
0
0
0
0
0
0
0
0
0
0
0
0
0
0
0
0
0
0
0
-0
-0
-0
-0
-0
-0
-0
-0
-0
-0
-0
-0
-0
-0
-0
-0
-0
-0
-0
-0
-0
-0
-0
-0
-0
-0
-0
-0
-0
-0
-0
-0
-0
-0
-0
-0
-0
-0
-0
-0
-0
-0
-0
-0
-0
-0
-0
-0
-0
-0
-0
0
0
0
0
0
0
0
0
0
0
0
0
0
0
0
0
0
0
0
0
0
0
0
0
0
0
0
0
0
0
0
0
0
0
0
0
0
0
0
0
0
0
0
0
0
0
0
0
0
-0
-0
-0
-0
-0
-0
-0
-0
-0
-0
-0
-0
-0
-0
-0
-0
-0
-0
-0
-0
-0
-0
-0
-0
-0
-0
-0
-0
-0
-0
-0
-0
-0
-0
-0
-0
-0
-0
-0
-0
-0
-0
-0
-0
-0
-0
-0
-0
-0
-0
-0
0
0
0
0
0
0
0
0
0
0
0
0
0
0
0
0
0
0
0
0
0
0
0
0
0
0
0
0
0
0
0
0
0
0
0
0
0
0
0
0
0
0
0
0
0
0
0
0
0
0
-0
-0
-0
-0
-0
-0
-0
-0
-0
-0
-0
-0
-0
-0
-0
-0
-0
-0
-0
-0
-0
-0
-0
-0
-0
-0
-0
-0
-0
-0
-0
-0
-0
-0
-0
-0
-0
-0
-0
-0
-0
-0
-0
-0
-0
-0
-0
-0
-0
-0
0
0
0
0
0
0
0
0
0
0
0
0
0
0
0
0
0
0
0
0
0
0
0
0
0
0
0
0
0
0
0
0
0
0
0
0
0
0
0
0
0
0
0
0
0
0
0
0
0
0
-0
-0
-0
-0
-0
-0
-0
-0
-0
-0
-0
-0
-0
-0
-0
-0
-0
-0
-0
-0
-0
-0
-0
-0
-0
-0
-0
-0
-0
-0
-0
-0
-0
-0
-0
-0
-0
-0
-0
-0
-0
-0
-0
-0
-0
-0
-0
-0
-0
-0
0
0
0
0
0
0
0
0
0
0
0
0
0
0
0
0
0
0
0
0
0
0
0
0
0
0
0
0
0
0
0
0
0
0
0
0
0
0
0
0
0
0
0
0
0
0
0
0
0
0
-0
-0
-0
-0
-0
-0
-0
-0
-0
-0
-0
-0
-0
-0
-0
-0
-0
-0
-0
-0
-0
-0
-0
-0
-0
-0
-0
-0
-0
-0
-0
-0
-0
-0
-0
-0
-0
-0
-0
-0
-0
-0
-0
-0
-0
-0
-0
-0
-0
-0
0
0
0
0
0
0
0
0
0
0
0
0
0
0
0
0
0
0
0
0
0
0
0
0
0
0
0
0
0
0
0
0
0
0
0
0
0
0
0
0
0
0
0
0
0
0
0
0
0
-0
-0
-0
-0
-0
-0
-0
-0
-0
-0
-0
-0
-0
-0
-0
-0
-0
-0
-0
-0
-0
-0
-0
-0
-0
-0
-0
-0
-0
-0
-0
-0
-0
-0
-0
-0
-0
-0
-0
-0
-0
-0
-0
-0
-0
-0
-0
-0
-0
-0
-0
0
0
0
0
0
0
0
0
0
0
0
0
0
0
0
0
0
0
0
0
0
0
0
0
0
0
0
0
0
0
0
0
0
0
0
0
0
0
0
0
0
0
0
0
0
0
0
0
0
-0
-0
-0
-0
-0
-0
-0
-0
-0
-0
-0
-0
-0
-0
-0
-0
-0
-0
-0
-0
-0
-0
-0
-0
-0
-0
-0
-0
-0
-0
-0
-0
-0
-0
-0
-0
-0
-0
-0
-0
-0
-0
-0
-0
-0
-0
-0
-0
-0
-0
-0
0
0
0
0
0
0
0
0
0
0
0
0
0
0
0
0
0
0
0
0
0
0
0
0
0
0
0
0
0
0
0
0
0
0
0
0
0
0
0
0
0
0
0
0
0
0
0
0
0
0
-0
-0
-0
-0
-0
-0
-0
-0
-0
-0
-0
-0
-0
-0
-0
-0
-0
-0
-0
-0
-0
-0
-0
-0
-0
-0
-0
-0
-0
-0
-0
-0
-0
-0
-0
-0
-0
-0
-0
-0
-0
-0
-0
-0
-0
-0
-0
-0
-0
-0
0
0
0
0
0
0
0
0
0
0
0
0
0
0
0
0
0
0
0
0
0
0
0
0
0
0
0
0
0
0
0
0
0
0
0
0
0
0
0
0
0
0
0
0
0
0
0
0
0
0
-0
-0
-0
-0
-0
-0
-0
-0
-0
-0
-0
-0
-0
-0
-0
-0
-0
-0
-0
-0
-0
-0
-0
-0
-0
-0
-0
-0
-0
-0
-0
-0
-0
-0
-0
-0
-0
-0
-0
-0
-0
-0
-0
-0
-0
-0
-0
-0
-0
-0
0
0
0
0
0
0
0
0
0
0
0
0
0
0
0
0
0
0
0
0
0
0
0
0
0
0
0
0
0
0
0
0
0
0
0
0
0
0
0
0
0
0
0
0
0
0
0
0
0
0
-0
-0
-0
-0
-0
-0
-0
-0
-0
-0
-0
-0
-0
-0
-0
-0
-0
-0
-0
-0
-0
-0
-0
-0
-0
-0
-0
-0
-0
-0
-0
-0
-0
-0
-0
-0
-0
-0
-0
-0
-0
-0
-0
-0
-0
-0
-0
-0
-0
-0
0
0
0
0
0
0
0
0
0
0
0
0
0
0
0
0
0
0
0
0
0
0
0
0
0
0
0
0
0
0
0
0
0
0
0
0
0
0
0
0
0
0
0
0
0
0
0
0
0
-0
-0
-0
-0
-0
-0
-0
-0
-0
-0
-0
-0
-0
-0
-0
-0
-0
-0
-0
-0
-0
-0
-0
-0
-0
-0
-0
-0
-0
-0
-0
-0
-0
-0
-0
-0
-0
-0
-0
-0
-0
-0
-0
-0
-0
-0
-0
-0
-0
-0
-0
0
0
0
0
0
0
0
0
0
0
0
0
0
0
0
0
0
0
0
0
0
0
0
0
0
0
0
0
0
0
0
0
0
0
0
0
0
0
0
0
0
0
0
0
0
0
0
0
0
-0
-0
-0
-0
-0
-0
-0
-0
-0
-0
-0
-0
-0
-0
-0
-0
-0
-0
-0
-0
-0
-0
-0
-0
-0
-0
-0
-0
-0
-0
-0
-0
-0
-0
-0
-0
-0
-0
-0
-0
-0
-0
-0
-0
-0
-0
-0
-0
-0
-0
-0
0
0
0
0
0
0
0
0
0
0
0
0
0
0
0
0
0
0
0
0
0
0
0
0
0
0
0
0
0
0
0
0
0
0
0
0
0
0
0
0
0
0
0
0
0
0
0
0
0
-0
