0
0
0
0
0
0
0
0
0
0
0
0
0
0
0
0
0
0
0
0
0
0
0
0
0
0
0
0
0
0
0
0
0
0
0
0
0
0
0
0
0
0
0
0
0
0
0
0
0
0
0
-0
-0
-0
-0
-0
-0
-0
-0
-0
-0
-0
-0
-0
-0
-0
-0
-0
-0
-0
-0
-0
-0
-0
-0
-0
-0
-0
-0
-0
-0
-0
-0
-0
-0
-0
-0
-0
-0
-0
-0
-0
-0
-0
-0
-0
-0
-0
-0
-0
-0
0
0
0
0
0
0
0
0
0
0
0
0
0
0
0
0
0
0
0
0
0
0
0
0
0
0
0
0
0
0
0
0
0
0
0
0
0
0
0
0
0
0
0
0
0
0
0
0
0
0
-0
-0
-0
-0
-0
-0
-0
-0
-0
-0
-0
-0
-0
-0
-0
-0
-0
-0
-0
-0
-0
-0
-0
-0
-0
-0
-0
-0
-0
-0
-0
-0
-0
-0
-0
-0
-0
-0
-0
-0
-0
-0
-0
-0
-0
-0
-0
-0
-0
-0
0
0
0
0
0
0
0
0
0
0
0
0
0
0
0
0
0
0
0
0
0
0
0
0
0
0
0
0
0
0
0
0
0
0
0
0
0
0
0
0
0
0
0
0
0
0
0
0
0
0
-0
-0
-0
-0
-0
-0
-0
-0
-0
-0
-0
-0
-0
-0
-0
-0
-0
-0
-0
-0
-0
-0
-0
-0
-0
-0
-0
-0
-0
-0
-0
-0
-0
-0
-0
-0
-0
-0
-0
-0
-0
-0
-0
-0
-0
-0
-0
-0
-0
-0
0
0
0
0
0
0
0
0
0
0
0
0
0
0
0
0
0
0
0
0
0
0
0
0
0
0
0
0
0
0
0
0
0
0
0
0
0
0
0
0
0
0
0
0
0
0
0
0
0
-0
-0
-0
-0
-0
-0
-0
-0
-0
-0
-0
-0
-0
-0
-0
-0
-0
-0
-0
-0
-0
-0
-0
-0
-0
-0
-0
-0
-0
-0
-0
-0
-0
-0
-0
-0
-0
-0
-0
-0
-0
-0
-0
-0
-0
-0
-0
-0
-0
-0
-0
0
0
0
0
0
0
0
0
0
0
0
0
0
0
0
0
0
0
0
0
0
0
0
0
0
0
0
0
0
0
0
0
0
0
0
0
0
0
0
0
0
0
0
0
0
0
0
0
0
0
-0
-0
-0
-0
-0
-0
-0
-0
-0
-0
-0
-0
-0
-0
-0
-0
-0
-0
-0
-0
-0
-0
-0
-0
-0
-0
-0
-0
-0
-0
-0
-0
-0
-0
-0
-0
-0
-0
-0
-0
-0
-0
-0
-0
-0
-0
-0
-0
-0
-0
0
0
0
0
0
0
0
0
0
0
0
0
0
0
0
0
0
0
0
0
0
0
0
0
0
0
0
0
0
0
0
0
0
0
0
0
0
0
0
0
0
0
0
0
0
0
0
0
0
-0
-0
-0
-0
-0
-0
-0
-0
-0
-0
-0
-0
-0
-0
-0
-0
-0
-0
-0
-0
-0
-0
-0
-0
-0
-0
-0
-0
-0
-0
-0
-0
-0
-0
-0
-0
-0
-0
-0
-0
-0
-0
-0
-0
-0
-0
-0
-0
-0
-0
-0
0
0
0
0
0
0
0
0
0
0
0
0
0
0
0
0
0
0
0
0
0
0
0
0
0
0
0
0
0
0
0
0
0
0
0
0
0
0
0
0
0
0
0
0
0
0
0
0
0
-0
-0
-0
-0
-0
-0
-0
-0
-0
-0
-0
-0
-0
-0
-0
-0
-0
-0
-0
-0
-0
-0
-0
-0
-0
-0
-0
-0
-0
-0
-0
-0
-0
-0
-0
-0
-0
-0
-0
-0
-0
-0
-0
-0
-0
-0
-0
-0
-0
-0
0
0
0
0
0
0
0
0
0
0
0
0
0
0
0
0
0
0
0
0
0
0
0
0
0
0
0
0
0
0
0
0
0
0
0
0
0
0
0
0
0
0
0
0
0
0
0
0
0
0
0
-0
-0
-0
-0
-0
-0
-0
-0
-0
-0
-0
-0
-0
-0
-0
-0
-0
-0
-0
-0
-0
-0
-0
-0
-0
-0
-0
-0
-0
-0
-0
-0
-0
-0
-0
-0
-0
-0
-0
-0
-0
-0
-0
-0
-0
-0
-0
-0
-0
-0
0
0
0
0
0
0
0
0
0
0
0
0
0
0
0
0
0
0
0
0
0
0
0
0
0
0
0
0
0
0
0
0
0
0
0
0
0
0
0
0
0
0
0
0
0
0
0
0
0
0
-0
-0
-0
-0
-0
-0
-0
-0
-0
-0
-0
-0
-0
-0
-0
-0
-0
-0
-0
-0
-0
-0
-0
-0
-0
-0
-0
-0
-0
-0
-0
-0
-0
-0
-0
-0
-0
-0
-0
-0
-0
-0
-0
-0
-0
-0
-0
-0
-0
-0
0
0
0
0
0
0
0
0
0
0
0
0
0
0
0
0
0
0
0
0
0
0
0
0
0
0
0
0
0
0
0
0
0
0
0
0
0
0
0
0
0
0
0
0
0
0
0
0
0
-0
-0
-0
-0
-0
-0
-0
-0
-0
-0
-0
-0
-0
-0
-0
-0
-0
-0
-0
-0
-0
-0
-0
-0
-0
-0
-0
-0
-0
-0
-0
-0
-0
-0
-0
-0
-0
-0
-0
-0
-0
-0
-0
-0
-0
-0
-0
-0
-0
-0
-0
0
0
0
0
0
0
0
0
0
0
0
0
0
0
0
0
0
0
0
0
0
0
0
0
0
0
0
0
0
0
0
0
0
0
0
0
0
0
0
0
0
0
0
0
0
0
0
0
0
-0
-0
-0
-0
-0
-0
-0
-0
-0
-0
-0
-0
-0
-0
-0
-0
-0
-0
-0
-0
-0
-0
-0
-0
-0
-0
-0
-0
-0
-0
-0
-0
-0
-0
-0
-0
-0
-0
-0
-0
-0
-0
-0
-0
-0
-0
-0
-0
-0
-0
0
0
0
0
0
0
0
0
0
0
0
0
0
0
0
0
0
0
0
0
0
0
0
0
0
0
0
0
0
0
0
0
0
0
0
0
0
0
0
0
0
0
0
0
0
0
0
0
0
0
-0
-0
-0
-0
-0
-0
-0
-0
-0
-0
-0
-0
-0
-0
-0
-0
-0
-0
-0
-0
-0
-0
-0
-0
-0
-0
-0
-0
-0
-0
-0
-0
-0
-0
-0
-0
-0
-0
-0
-0
-0
-0
-0
-0
-0
-0
-0
-0
-0
-0
-0
0
0
0
0
0
0
0
0
0
0
0
0
0
0
0
0
0
0
0
0
0
0
0
0
0
0
0
0
0
0
0
0
0
0
0
0
0
0
0
0
0
0
0
0
0
0
0
0
0
-0
-0
-0
-0
-0
-0
-0
-0
-0
-0
-0
-0
-0
-0
-0
-0
-0
-0
-0
-0
-0
-0
-0
-0
-0
-0
-0
-0
-0
-0
-0
-0
-0
-0
-0
-0
-0
-0
-0
-0
-0
-0
-0
-0
-0
-0
-0
-0
-0
-0
0
0
0
0
0
0
0
0
0
0
0
0
0
0
0
0
0
0
0
0
0
0
0
0
0
0
0
0
0
0
0
0
0
0
0
0
0
0
0
0
0
0
0
0
0
0
0
0
0
0
-0
-0
-0
-0
-0
-0
-0
-0
-0
-0
-0
-0
-0
-0
-0
-0
-0
-0
-0
-0
-0
-0
-0
-0
-0
-0
-0
-0
-0
-0
-0
-0
-0
-0
-0
-0
-0
-0
-0
-0
-0
-0
-0
-0
-0
-0
-0
-0
-0
-0
0
0
0
0
0
0
0
0
0
0
0
0
0
0
0
0
0
0
0
0
0
0
0
0
0
0
0
0
0
0
0
0
0
0
0
0
0
0
0
0
0
0
0
0
0
0
0
0
0
0
-0
-0
-0
-0
-0
-0
-0
-0
-0
-0
-0
-0
-0
-0
-0
-0
-0
-0
-0
-0
-0
-0
-0
-0
-0
-0
-0
-0
-0
-0
-0
-0
-0
-0
-0
-0
-0
-0
-0
-0
-0
-0
-0
-0
-0
-0
-0
-0
-0
-0
-0
0
0
0
0
0
0
0
0
0
0
0
0
0
0
0
0
0
0
0
0
0
0
0
0
0
0
0
0
0
0
0
0
0
0
0
0
0
0
0
0
0
0
0
0
0
0
0
0
0
0
-0
-0
-0
-0
-0
-0
-0
-0
-0
-0
-0
-0
-0
-0
-0
-0
-0
-0
-0
-0
-0
-0
-0
-0
-0
-0
-0
-0
-0
-0
-0
-0
-0
-0
-0
-0
-0
-0
-0
-0
-0
-0
-0
-0
-0
-0
-0
-0
-0
-0
0
0
0
0
0
0
0
0
0
0
0
0
0
0
0
0
0
0
0
0
0
0
0
0
0
0
0
0
0
0
0
0
0
0
0
0
0
0
0
0
0
0
0
0
0
0
0
0
0
0
-0
-0
-0
-0
-0
-0
-0
-0
-0
-0
-0
-0
-0
-0
-0
-0
-0
-0
-0
-0
-0
-0
-0
-0
-0
-0
-0
-0
-0
-0
-0
-0
-0
-0
-0
-0
-0
-0
-0
-0
-0
-0
-0
-0
-0
-0
-0
-0
-0
-0
0
0
0
0
0
0
0
0
0
0
0
0
0
0
0
0
0
0
0
0
0
0
0
0
0
0
0
0
0
0
0
0
0
0
0
0
0
0
0
0
0
0
0
0
0
0
0
0
0
0
-0
-0
-0
-0
-0
-0
-0
-0
-0
-0
-0
-0
-0
-0
-0
-0
-0
-0
-0
-0
-0
-0
-0
-0
-0
-0
-0
-0
-0
-0
-0
-0
-0
-0
-0
-0
-0
-0
-0
-0
-0
-0
-0
-0
-0
-0
-0
-0
-0
-0
0
0
0
0
0
0
0
0
0
0
0
0
0
0
0
0
0
0
0
0
0
0
0
0
0
0
0
0
0
0
0
0
0
0
0
0
0
0
0
0
0
0
0
0
0
0
0
0
0
0
-0
-0
-0
-0
-0
-0
-0
-0
-0
-0
-0
-0
-0
-0
-0
-0
-0
-0
-0
-0
-0
-0
-0
-0
-0
-0
-0
-0
-0
-0
-0
-0
-0
-0
-0
-0
-0
-0
-0
-0
-0
-0
-0
-0
-0
-0
-0
-0
-0
0
0
0
0
0
0
0
0
0
0
0
0
0
0
0
0
0
0
0
0
0
0
0
0
0
0
0
0
0
0
0
0
0
0
0
0
0
0
0
0
0
0
0
0
0
0
0
0
0
0
0
-0
-0
-0
-0
-0
-0
-0
-0
-0
-0
-0
-0
-0
-0
-0
-0
-0
-0
-0
-0
-0
-0
-0
-0
-0
-0
-0
-0
-0
-0
-0
-0
-0
-0
-0
-0
-0
-0
-0
-0
-0
-0
-0
-0
-0
-0
-0
-0
-0
-0
2.8256e-08
1.128e-07
2.5296e-07
4.4764e-07
6.9529e-07
9.9394e-07
1.3412e-06
1.7343e-06
2.1701e-06
2.645e-06
3.1552e-06
3.6966e-06
4.2645e-06
4.8542e-06
5.4609e-06
6.0792e-06
6.7037e-06
7.3291e-06
7.9496e-06
8.5595e-06
9.1531e-06
9.7246e-06
1.0268e-05
1.0779e-05
1.125e-05
1.1677e-05
1.2054e-05
1.2377e-05
1.264e-05
1.2839e-05
1.297e-05
1.303e-05
1.3013e-05
1.2918e-05
1.2742e-05
1.2482e-05
1.2137e-05
1.1706e-05
1.1187e-05
1.058e-05
9.886e-06
9.1051e-06
8.2388e-06
7.2889e-06
6.2576e-06
5.1479e-06
3.9631e-06
2.7072e-06
1.3845e-06
3.5278e-19
-1.441e-06
-2.9328e-06
-4.469e-06
-6.0432e-06
-7.6482e-06
-9.2767e-06
-1.0921e-05
-1.2574e-05
-1.4226e-05
-1.587e-05
-1.7497e-05
-1.9099e-05
-2.0666e-05
-2.2191e-05
-2.3664e-05
-2.5077e-05
-2.6421e-05
-2.7688e-05
-2.887e-05
-2.9958e-05
-3.0946e-05
-3.1826e-05
-3.2591e-05
-3.3234e-05
-3.375e-05
-3.4133e-05
-3.4377e-05
-3.4478e-05
-3.4433e-05
-3.4238e-05
-3.389e-05
-3.3388e-05
-3.273e-05
-3.1916e-05
-3.0945e-05
-2.9819e-05
-2.8539e-05
-2.7108e-05
-2.5529e-05
-2.3805e-05
-2.1942e-05
-1.9945e-05
-1.7819e-05
-1.5572e-05
-1.321e-05
-1.0743e-05
-8.1792e-06
-5.5272e-06
-2.7973e-06
8.8286e-20
2.8538e-06
5.7528e-06
8.6851e-06
1.1639e-05
1.4601e-05
1.756e-05
2.0501e-05
2.3413e-05
2.6282e-05
2.9095e-05
3.1839e-05
3.4501e-05
3.7068e-05
3.9527e-05
4.1867e-05
4.4074e-05
4.6138e-05
4.8046e-05
4.979e-05
5.1357e-05
5.2739e-05
5.3928e-05
5.4914e-05
5.569e-05
5.625e-05
5.6588e-05
5.6699e-05
5.658e-05
5.6226e-05
5.5637e-05
5.481e-05
5.3747e-05
5.2447e-05
5.0913e-05
4.9148e-05
4.7155e-05
4.4941e-05
4.251e-05
3.9871e-05
3.703e-05
3.3998e-05
3.0784e-05
2.7399e-05
2.3854e-05
2.0163e-05
1.6339e-05
1.2395e-05
8.3472e-06
4.2101e-06
5.9526e-19
-4.2666e-06
-8.5728e-06
-1.2901e-05
-1.7234e-05
-2.1554e-05
-2.5842e-05
-3.0081e-05
-3.4253e-05
-3.8338e-05
-4.2321e-05
-4.6181e-05
-4.9903e-05
-5.347e-05
-5.6864e-05
-6.007e-05
-6.3071e-05
-6.5854e-05
-6.8405e-05
-7.071e-05
-7.2756e-05
-7.4532e-05
-7.6029e-05
-7.7236e-05
-7.8145e-05
-7.875e-05
-7.9044e-05
-7.9022e-05
-7.8681e-05
-7.8019e-05
-7.7036e-05
-7.573e-05
-7.4105e-05
-7.2164e-05
-6.991e-05
-6.7351e-05
-6.4492e-05
-6.1343e-05
-5.7913e-05
-5.4213e-05
-5.0256e-05
-4.6054e-05
-4.1624e-05
-3.6979e-05
-3.2137e-05
-2.7116e-05
-2.1934e-05
-1.6611e-05
-1.1167e-05
-5.6229e-06
7.9402e-19
5.6794e-06
1.1393e-05
1.7117e-05
2.283e-05
2.8507e-05
3.4125e-05
3.9661e-05
4.5092e-05
5.0395e-05
5.5546e-05
6.0523e-05
6.5306e-05
6.9872e-05
7.42e-05
7.8272e-05
8.2069e-05
8.5571e-05
8.8764e-05
9.1629e-05
9.4155e-05
9.6326e-05
9.813e-05
9.9559e-05
0.0001006
0.00010125
0.0001015
0.00010134
0.00010078
9.9812e-05
9.8434e-05
9.665e-05
9.4464e-05
9.1881e-05
8.8908e-05
8.5554e-05
8.1829e-05
7.7745e-05
7.3315e-05
6.8555e-05
6.3481e-05
5.811e-05
5.2463e-05
4.6559e-05
4.042e-05
3.4069e-05
2.753e-05
2.0827e-05
1.3987e-05
7.0357e-06
2.203e-19
-7.0922e-06
-1.4213e-05
-2.1333e-05
-2.8425e-05
-3.546e-05
-4.2408e-05
-4.9241e-05
-5.5932e-05
-6.2451e-05
-6.8771e-05
-7.4865e-05
-8.0708e-05
-8.6273e-05
-9.1537e-05
-9.6475e-05
-0.00010107
-0.00010529
-0.00010912
-0.00011255
-0.00011555
-0.00011812
-0.00012023
-0.00012188
-0.00012306
-0.00012375
-0.00012395
-0.00012367
-0.00012288
-0.00012161
-0.00011983
-0.00011757
-0.00011482
-0.0001116
-0.00010791
-0.00010376
-9.9165e-05
-9.4146e-05
-8.8717e-05
-8.2897e-05
-7.6706e-05
-7.0167e-05
-6.3302e-05
-5.6139e-05
-4.8703e-05
-4.1022e-05
-3.3125e-05
-2.5044e-05
-1.6807e-05
-8.4485e-06
2.1172e-18
8.505e-06
1.7033e-05
2.5549e-05
3.4021e-05
4.2413e-05
5.0691e-05
5.8821e-05
6.6771e-05
7.4507e-05
8.1996e-05
8.9207e-05
9.611e-05
0.00010268
0.00010887
0.00011468
0.00012006
0.00012501
0.00012948
0.00013347
0.00013695
0.00013991
0.00014233
0.0001442
0.00014551
0.00014625
0.00014641
0.00014599
0.00014499
0.0001434
0.00014123
0.00013849
0.00013518
0.00013131
0.0001269
0.00012196
0.0001165
0.00011055
0.00010412
9.7239e-05
8.9931e-05
8.2223e-05
7.4142e-05
6.5719e-05
5.6986e-05
4.7975e-05
3.8721e-05
2.926e-05
1.9627e-05
9.8613e-06
-7.7211e-19
-9.9178e-06
-1.9853e-05
-2.9766e-05
-3.9616e-05
-4.9365e-05
-5.8974e-05
-6.8401e-05
-7.7611e-05
-8.6563e-05
-9.5221e-05
-0.00010355
-0.00011151
-0.00011908
-0.00012621
-0.00013288
-0.00013906
-0.00014472
-0.00014984
-0.00015439
-0.00015835
-0.0001617
-0.00016443
-0.00016653
-0.00016797
-0.00016875
-0.00016887
-0.00016831
-0.00016709
-0.00016519
-0.00016263
-0.00015941
-0.00015554
-0.00015103
-0.0001459
-0.00014016
-0.00013384
-0.00012695
-0.00011952
-0.00011158
-0.00010316
-9.4279e-05
-8.4981e-05
-7.5299e-05
-6.5268e-05
-5.4928e-05
-4.4317e-05
-3.3476e-05
-2.2447e-05
-1.1274e-05
-1.0581e-18
1.1331e-05
2.2673e-05
3.3982e-05
4.5212e-05
5.6318e-05
6.7256e-05
7.7981e-05
8.845e-05
9.8619e-05
0.00010845
0.00011789
0.00012692
0.00013548
0.00014355
0.00015108
0.00015806
0.00016444
0.0001702
0.00017531
0.00017975
0.0001835
0.00018654
0.00018885
0.00019042
0.00019125
0.00019132
0.00019063
0.00018919
0.00018698
0.00018403
0.00018033
0.0001759
0.00017075
0.0001649
0.00015837
0.00015117
0.00014335
0.00013492
0.00012592
0.00011638
0.00010633
9.5821e-05
8.4879e-05
7.3551e-05
6.1881e-05
4.9912e-05
3.7692e-05
2.5267e-05
1.2687e-05
-2.382e-18
-1.2743e-05
-2.5493e-05
-3.8198e-05
-5.0807e-05
-6.3271e-05
-7.5539e-05
-8.7562e-05
-9.9289e-05
-0.00011068
-0.00012167
-0.00013223
-0.00014232
-0.00015188
-0.00016088
-0.00016929
-0.00017706
-0.00018416
-0.00019056
-0.00019623
-0.00020115
-0.00020529
-0.00020864
-0.00021117
-0.00021288
-0.00021375
-0.00021378
-0.00021296
-0.00021129
-0.00020878
-0.00020543
-0.00020125
-0.00019626
-0.00019047
-0.00018389
-0.00017657
-0.00016851
-0.00015975
-0.00015033
-0.00014027
-0.00012961
-0.00011839
-0.00010666
-9.4459e-05
-8.1834e-05
-6.8834e-05
-5.5508e-05
-4.1908e-05
-2.8087e-05
-1.41e-05
2.2055e-19
1.4071e-05
2.8031e-05
4.1824e-05
5.5396e-05
6.8694e-05
8.1668e-05
9.4268e-05
0.00010644
0.00011815
0.00012934
0.00013998
0.00015002
0.00015943
0.00016816
0.0001762
0.00018351
0.00019007
0.00019585
0.00020083
0.000205
0.00020834
0.00021085
0.00021251
0.00021333
0.0002133
0.00021243
0.00021073
0.0002082
0.00020486
0.00020072
0.00019581
0.00019015
0.00018376
0.00017668
0.00016892
0.00016054
0.00015155
0.00014201
0.00013195
0.00012141
0.00011043
9.9073e-05
8.737e-05
7.5374e-05
6.3132e-05
5.0695e-05
3.8113e-05
2.5436e-05
1.2715e-05
-3.7628e-18
-1.2659e-05
-2.5211e-05
-3.7607e-05
-4.98e-05
-6.1742e-05
-7.3386e-05
-8.4688e-05
-9.5604e-05
-0.00010609
-0.00011612
-0.00012564
-0.00013462
-0.00014302
-0.00015083
-0.000158
-0.00016452
-0.00017035
-0.00017549
-0.00017991
-0.0001836
-0.00018655
-0.00018875
-0.00019019
-0.00019087
-0.0001908
-0.00018997
-0.0001884
-0.00018609
-0.00018306
-0.00017932
-0.00017489
-0.00016979
-0.00016404
-0.00015768
-0.00015072
-0.0001432
-0.00013515
-0.00012661
-0.0001176
-0.00010818
-9.8378e-05
-8.8233e-05
-7.779e-05
-6.7091e-05
-5.6179e-05
-4.51e-05
-3.3897e-05
-2.2616e-05
-1.1302e-05
1.4082e-18
1.1246e-05
2.2391e-05
3.3391e-05
4.4205e-05
5.4789e-05
6.5103e-05
7.5107e-05
8.4765e-05
9.4038e-05
0.00010289
0.00011129
0.00011921
0.00012662
0.00013349
0.0001398
0.00014552
0.00015064
0.00015513
0.00015899
0.0001622
0.00016476
0.00016665
0.00016787
0.00016842
0.0001683
0.00016752
0.00016608
0.00016399
0.00016127
0.00015792
0.00015397
0.00014943
0.00014433
0.00013868
0.00013252
0.00012586
0.00011875
0.0001112
0.00010326
9.4957e-05
8.6322e-05
7.7394e-05
6.821e-05
5.8808e-05
4.9226e-05
3.9504e-05
2.9681e-05
1.9796e-05
9.8895e-06
4.614e-19
-9.833e-06
-1.9571e-05
-2.9175e-05
-3.8609e-05
-4.7836e-05
-5.682e-05
-6.5527e-05
-7.3925e-05
-8.1981e-05
-8.9667e-05
-9.6952e-05
-0.00010381
-0.00011022
-0.00011615
-0.0001216
-0.00012652
-0.00013092
-0.00013477
-0.00013807
-0.0001408
-0.00014296
-0.00014454
-0.00014554
-0.00014596
-0.0001458
-0.00014506
-0.00014376
-0.00014189
-0.00013948
-0.00013652
-0.00013305
-0.00012907
-0.00012461
-0.00011968
-0.00011431
-0.00010853
-0.00010235
-9.5802e-05
-8.8921e-05
-8.1732e-05
-7.4266e-05
-6.6554e-05
-5.863e-05
-5.0525e-05
-4.2274e-05
-3.3909e-05
-2.5465e-05
-1.6976e-05
-8.4767e-06
1.9783e-18
8.4202e-06
1.6751e-05
2.4959e-05
3.3014e-05
4.0883e-05
4.8537e-05
5.5947e-05
6.3086e-05
6.9925e-05
7.6441e-05
8.261e-05
8.8409e-05
9.3818e-05
9.8818e-05
0.00010339
0.00010753
0.0001112
0.00011442
0.00011715
0.00011941
0.00012117
0.00012244
0.00012322
0.00012351
0.0001233
0.00012261
0.00012143
0.00011979
0.00011768
0.00011513
0.00011213
0.00010871
0.00010489
0.00010069
9.6111e-05
9.119e-05
8.5945e-05
8.04e-05
7.4579e-05
6.8506e-05
6.2209e-05
5.5715e-05
4.905e-05
4.2242e-05
3.5321e-05
2.8313e-05
2.1249e-05
1.4156e-05
7.0639e-06
-4.3953e-19
-7.0074e-06
-1.3931e-05
-2.0743e-05
-2.7418e-05
-3.393e-05
-4.0254e-05
-4.6367e-05
-5.2246e-05
-5.7869e-05
-6.3216e-05
-6.8268e-05
-7.3007e-05
-7.7416e-05
-8.1482e-05
-8.5189e-05
-8.8528e-05
-9.1486e-05
-9.4057e-05
-9.6232e-05
-9.8006e-05
-9.9377e-05
-0.00010034
-0.0001009
-0.00010105
-0.0001008
-0.00010015
-9.9112e-05
-9.7688e-05
-9.589e-05
-9.3727e-05
-9.1211e-05
-8.8356e-05
-8.5177e-05
-8.1689e-05
-7.7908e-05
-7.3854e-05
-6.9544e-05
-6.4998e-05
-6.0237e-05
-5.5281e-05
-5.0153e-05
-4.4875e-05
-3.947e-05
-3.3959e-05
-2.8368e-05
-2.2718e-05
-1.7033e-05
-1.1336e-05
-5.6511e-06
1.931e-18
5.5946e-06
1.1111e-05
1.6527e-05
2.1823e-05
2.6977e-05
3.1972e-05
3.6787e-05
4.1407e-05
4.5813e-05
4.9991e-05
5.3926e-05
5.7605e-05
6.1015e-05
6.4145e-05
6.6987e-05
6.953e-05
7.177e-05
7.3698e-05
7.5312e-05
7.6608e-05
7.7584e-05
7.8239e-05
7.8575e-05
7.8595e-05
7.83e-05
7.7696e-05
7.679e-05
7.5587e-05
7.4097e-05
7.2328e-05
7.0291e-05
6.7998e-05
6.546e-05
6.2691e-05
5.9705e-05
5.6517e-05
5.3142e-05
4.9595e-05
4.5895e-05
4.2056e-05
3.8097e-05
3.4036e-05
2.989e-05
2.5677e-05
2.1415e-05
1.7122e-05
1.2817e-05
8.5164e-06
4.2384e-06
-7.2301e-19
-4.1818e-06
-8.2908e-06
-1.2311e-05
-1.6227e-05
-2.0024e-05
-2.3689e-05
-2.7207e-05
-3.0567e-05
-3.3757e-05
-3.6766e-05
-3.9584e-05
-4.2202e-05
-4.4613e-05
-4.6809e-05
-4.8784e-05
-5.0533e-05
-5.2053e-05
-5.334e-05
-5.4392e-05
-5.5209e-05
-5.579e-05
-5.6138e-05
-5.6253e-05
-5.6139e-05
-5.58e-05
-5.5241e-05
-5.4467e-05
-5.3486e-05
-5.2303e-05
-5.0929e-05
-4.9371e-05
-4.7639e-05
-4.5743e-05
-4.3694e-05
-4.1503e-05
-3.9181e-05
-3.674e-05
-3.4193e-05
-3.1552e-05
-2.8831e-05
-2.6041e-05
-2.3196e-05
-2.031e-05
-1.7394e-05
-1.4462e-05
-1.1527e-05
-8.6008e-06
-5.6964e-06
-2.8256e-06
1.103e-22
2.7691e-06
5.4708e-06
8.0949e-06
1.0631e-05
1.3071e-05
1.5406e-05
1.7627e-05
1.9728e-05
2.1701e-05
2.3541e-05
2.5242e-05
2.68e-05
2.8211e-05
2.9472e-05
3.0581e-05
3.1536e-05
3.2336e-05
3.2981e-05
3.3472e-05
3.381e-05
3.3997e-05
3.4036e-05
3.393e-05
3.3683e-05
3.33e-05
3.2785e-05
3.2145e-05
3.1384e-05
3.051e-05
2.953e-05
2.8451e-05
2.7281e-05
2.6026e-05
2.4697e-05
2.33e-05
2.1844e-05
2.0338e-05
1.8791e-05
1.721e-05
1.5606e-05
1.3985e-05
1.2357e-05
1.073e-05
9.1111e-06
7.5091e-06
5.9313e-06
4.3847e-06
2.8764e-06
1.4128e-06
-3.8904e-19
-1.3563e-06
-2.6508e-06
-3.8788e-06
-5.036e-06
-6.1185e-06
-7.1232e-06
-8.0472e-06
-8.8884e-06
-9.6449e-06
-1.0316e-05
-1.09e-05
-1.1398e-05
-1.1809e-05
-1.2136e-05
-1.2378e-05
-1.2538e-05
-1.2619e-05
-1.2622e-05
-1.2552e-05
-1.2411e-05
-1.2204e-05
-1.1935e-05
-1.1608e-05
-1.1228e-05
-1.08e-05
-1.033e-05
-9.8219e-06
-9.2826e-06
-8.7172e-06
-8.1315e-06
-7.5312e-06
-6.9219e-06
-6.3094e-06
-5.6992e-06
-5.0968e-06
-4.5075e-06
-3.9364e-06
-3.3885e-06
-2.8684e-06
-2.3805e-06
-1.929e-06
-1.5175e-06
-1.1496e-06
-8.2828e-07
-5.5623e-07
-3.3573e-07
-1.6864e-07
-5.64e-08
-0
-0
0
0
0
0
0
0
0
0
0
0
0
0
0
0
0
0
0
0
0
0
0
0
0
0
0
0
0
0
0
0
0
0
0
0
0
0
0
0
0
0
0
0
0
0
0
0
0
0
0
0
-0
-0
-0
-0
-0
-0
-0
-0
-0
-0
-0
-0
-0
-0
-0
-0
-0
-0
-0
-0
-0
-0
-0
-0
-0
-0
-0
-0
-0
-0
-0
-0
-0
-0
-0
-0
-0
-0
-0
-0
-0
-0
-0
-0
-0
-0
-0
-0
-0
-0
0
0
0
0
0
0
0
0
0
0
0
0
0
0
0
0
0
0
0
0
0
0
0
0
0
0
0
0
0
0
0
0
0
0
0
0
0
0
0
0
0
0
0
0
0
0
0
0
0
0
-0
-0
-0
-0
-0
-0
-0
-0
-0
-0
-0
-0
-0
-0
-0
-0
-0
-0
-0
-0
-0
-0
-0
-0
-0
-0
-0
-0
-0
-0
-0
-0
-0
-0
-0
-0
-0
-0
-0
-0
-0
-0
-0
-0
-0
-0
-0
-0
-0
-0
0
0
0
0
0
0
0
0
0
0
0
0
0
0
0
0
0
0
0
0
0
0
0
0
0
0
0
0
0
0
0
0
0
0
0
0
0
0
0
0
0
0
0
0
0
0
0
0
0
0
-0
-0
-0
-0
-0
-0
-0
-0
-0
-0
-0
-0
-0
-0
-0
-0
-0
-0
-0
-0
-0
-0
-0
-0
-0
-0
-0
-0
-0
-0
-0
-0
-0
-0
-0
-0
-0
-0
-0
-0
-0
-0
-0
-0
-0
-0
-0
-0
-0
-0
0
0
0
0
0
0
0
0
0
0
0
0
0
0
0
0
0
0
0
0
0
0
0
0
0
0
0
0
0
0
0
0
0
0
0
0
0
0
0
0
0
0
0
0
0
0
0
0
0
0
-0
-0
-0
-0
-0
-0
-0
-0
-0
-0
-0
-0
-0
-0
-0
-0
-0
-0
-0
-0
-0
-0
-0
-0
-0
-0
-0
-0
-0
-0
-0
-0
-0
-0
-0
-0
-0
-0
-0
-0
-0
-0
-0
-0
-0
-0
-0
-0
-0
-0
0
0
0
0
0
0
0
0
0
0
0
0
0
0
0
0
0
0
0
0
0
0
0
0
0
0
0
0
0
0
0
0
0
0
0
0
0
0
0
0
0
0
0
0
0
0
0
0
0
0
-0
-0
-0
-0
-0
-0
-0
-0
-0
-0
-0
-0
-0
-0
-0
-0
-0
-0
-0
-0
-0
-0
-0
-0
-0
-0
-0
-0
-0
-0
-0
-0
-0
-0
-0
-0
-0
-0
-0
-0
-0
-0
-0
-0
-0
-0
-0
-0
-0
-0
0
0
0
0
0
0
0
0
0
0
0
0
0
0
0
0
0
0
0
0
0
0
0
0
0
0
0
0
0
0
0
0
0
0
0
0
0
0
0
0
0
0
0
0
0
0
0
0
0
-0
-0
-0
-0
-0
-0
-0
-0
-0
-0
-0
-0
-0
-0
-0
-0
-0
-0
-0
-0
-0
-0
-0
-0
-0
-0
-0
-0
-0
-0
-0
-0
-0
-0
-0
-0
-0
-0
-0
-0
-0
-0
-0
-0
-0
-0
-0
-0
-0
-0
-0
0
0
0
0
0
0
0
0
0
0
0
0
0
0
0
0
0
0
0
0
0
0
0
0
0
0
0
0
0
0
0
0
0
0
0
0
0
0
0
0
0
0
0
0
0
0
0
0
0
0
-0
-0
-0
-0
-0
-0
-0
-0
-0
-0
-0
-0
-0
-0
-0
-0
-0
-0
-0
-0
-0
-0
-0
-0
-0
-0
-0
-0
-0
-0
-0
-0
-0
-0
-0
-0
-0
-0
-0
-0
-0
-0
-0
-0
-0
-0
-0
-0
-0
-0
0
0
0
0
0
0
0
0
0
0
0
0
0
0
0
0
0
0
0
0
0
0
0
0
0
0
0
0
0
0
0
0
0
0
0
0
0
0
0
0
0
0
0
0
0
0
0
0
0
0
-0
-0
-0
-0
-0
-0
-0
-0
-0
-0
-0
-0
-0
-0
-0
-0
-0
-0
-0
-0
-0
-0
-0
-0
-0
-0
-0
-0
-0
-0
-0
-0
-0
-0
-0
-0
-0
-0
-0
-0
-0
-0
-0
-0
-0
-0
-0
-0
-0
0
0
0
0
0
0
0
0
0
0
0
0
0
0
0
0
0
0
0
0
0
0
0
0
0
0
0
0
0
0
0
0
0
0
0
0
0
0
0
0
0
0
0
0
0
0
0
0
0
0
0
-0
-0
-0
-0
-0
-0
-0
-0
-0
-0
-0
-0
-0
-0
-0
-0
-0
-0
-0
-0
-0
-0
-0
-0
-0
-0
-0
-0
-0
-0
-0
-0
-0
-0
-0
-0
-0
-0
-0
-0
-0
-0
-0
-0
-0
-0
-0
-0
-0
-0
0
0
0
0
0
0
0
0
0
0
0
0
0
0
0
0
0
0
0
0
0
0
0
0
0
0
0
0
0
0
0
0
0
0
0
0
0
0
0
0
0
0
0
0
0
0
0
0
0
-0
-0
-0
-0
-0
-0
-0
-0
-0
-0
-0
-0
-0
-0
-0
-0
-0
-0
-0
-0
-0
-0
-0
-0
-0
-0
-0
-0
-0
-0
-0
-0
-0
-0
-0
-0
-0
-0
-0
-0
-0
-0
-0
-0
-0
-0
-0
-0
-0
-0
-0
0
0
0
0
0
0
0
0
0
0
0
0
0
0
0
0
0
0
0
0
0
0
0
0
0
0
0
0
0
0
0
0
0
0
0
0
0
0
0
0
0
0
0
0
0
0
0
0
0
0
-0
-0
-0
-0
-0
-0
-0
-0
-0
-0
-0
-0
-0
-0
-0
-0
-0
-0
-0
-0
-0
-0
-0
-0
-0
-0
-0
-0
-0
-0
-0
-0
-0
-0
-0
-0
-0
-0
-0
-0
-0
-0
-0
-0
-0
-0
-0
-0
-0
-0
0
0
0
0
0
0
0
0
0
0
0
0
0
0
0
0
0
0
0
0
0
0
0
0
0
0
0
0
0
0
0
0
0
0
0
0
0
0
0
0
0
0
0
0
0
0
0
0
0
-0
-0
-0
-0
-0
-0
-0
-0
-0
-0
-0
-0
-0
-0
-0
-0
-0
-0
-0
-0
-0
-0
-0
-0
-0
-0
-0
-0
-0
-0
-0
-0
-0
-0
-0
-0
-0
-0
-0
-0
-0
-0
-0
-0
-0
-0
-0
-0
-0
-0
0
0
0
0
0
0
0
0
0
0
0
0
0
0
0
0
0
0
0
0
0
0
0
0
0
0
0
0
0
0
0
0
0
0
0
0
0
0
0
0
0
0
0
0
0
0
0
0
0
0
0
-0
-0
-0
-0
-0
-0
-0
-0
-0
-0
-0
-0
-0
-0
-0
-0
-0
-0
-0
-0
-0
-0
-0
-0
-0
-0
-0
-0
-0
-0
-0
-0
-0
-0
-0
-0
-0
-0
-0
-0
-0
-0
-0
-0
-0
-0
-0
-0
-0
-0
0
0
0
0
0
0
0
0
0
0
0
0
0
0
0
0
0
0
0
0
0
0
0
0
0
0
0
0
0
0
0
0
0
0
0
0
0
0
0
0
0
0
0
0
0
0
0
0
0
-0
-0
-0
-0
-0
-0
-0
-0
-0
-0
-0
-0
-0
-0
-0
-0
-0
-0
-0
-0
-0
-0
-0
-0
-0
-0
-0
-0
-0
-0
-0
-0
-0
-0
-0
-0
-0
-0
-0
-0
-0
-0
-0
-0
-0
-0
-0
-0
-0
-0
0
0
0
0
0
0
0
0
0
0
0
0
0
0
0
0
0
0
0
0
0
0
0
0
0
0
0
0
0
0
0
0
0
0
0
0
0
0
0
0
0
0
0
0
0
0
0
0
0
0
-0
-0
-0
-0
-0
-0
-0
-0
-0
-0
-0
-0
-0
-0
-0
-0
-0
-0
-0
-0
-0
-0
-0
-0
-0
-0
-0
-0
-0
-0
-0
-0
-0
-0
-0
-0
-0
-0
-0
-0
-0
-0
-0
-0
-0
-0
-0
-0
-0
-0
-0
0
0
0
0
0
0
0
0
0
0
0
0
0
0
0
0
0
0
0
0
0
0
0
0
0
0
0
0
0
0
0
0
0
0
0
0
0
0
0
0
0
0
0
0
0
0
0
0
0
0
-0
-0
-0
-0
-0
-0
-0
-0
-0
-0
-0
-0
-0
-0
-0
-0
-0
-0
-0
-0
-0
-0
-0
-0
-0
-0
-0
-0
-0
-0
-0
-0
-0
-0
-0
-0
-0
-0
-0
-0
-0
-0
-0
-0
-0
-0
-0
-0
-0
0
0
0
0
0
0
0
0
0
0
0
0
0
0
0
0
0
0
0
0
0
0
0
0
0
0
0
0
0
0
0
0
0
0
0
0
0
0
0
0
0
0
0
0
0
0
0
0
0
0
-0
-0
-0
-0
-0
-0
-0
-0
-0
-0
-0
-0
-0
-0
-0
-0
-0
-0
-0
-0
-0
-0
-0
-0
-0
-0
-0
-0
-0
-0
-0
-0
-0
-0
-0
-0
-0
-0
-0
-0
-0
-0
-0
-0
-0
-0
-0
-0
-0
-0
0
0
0
0
0
0
0
0
0
0
0
0
0
0
0
0
0
0
0
0
0
0
0
0
0
0
0
0
0
0
0
0
0
0
0
0
0
0
0
0
0
0
0
0
0
0
0
0
0
0
0
-0
-0
-0
-0
-0
-0
-0
-0
-0
-0
-0
-0
-0
-0
-0
-0
-0
-0
-0
-0
-0
-0
-0
-0
-0
-0
-0
-0
-0
-0
-0
-0
-0
-0
-0
-0
-0
-0
-0
-0
-0
-0
-0
-0
-0
-0
-0
-0
-0
-0
0
0
0
0
0
0
0
0
0
0
0
0
0
0
0
0
0
0
0
0
0
0
0
0
0
0
0
0
0
0
0
0
0
0
0
0
0
0
0
0
0
0
0
0
0
0
0
0
0
-0
-0
-0
-0
-0
-0
-0
-0
-0
-0
-0
-0
-0
-0
-0
-0
-0
-0
-0
-0
-0
-0
-0
-0
-0
-0
-0
-0
-0
-0
-0
-0
-0
-0
-0
-0
-0
-0
-0
-0
-0
-0
-0
-0
-0
-0
-0
-0
-0
-0
0
0
0
0
0
0
0
0
0
0
0
0
0
0
0
0
0
0
0
0
0
0
0
0
0
0
0
0
0
0
0
0
0
0
0
0
0
0
0
0
0
0
0
0
0
0
0
0
0
0
-0
-0
-0
-0
-0
-0
-0
-0
-0
-0
-0
-0
-0
-0
-0
-0
-0
-0
-0
-0
-0
-0
-0
-0
-0
-0
-0
-0
-0
-0
-0
-0
-0
-0
-0
-0
-0
-0
-0
-0
-0
-0
-0
-0
-0
-0
-0
-0
-0
-0
0
0
0
0
0
0
0
0
0
0
0
0
0
0
0
0
0
0
0
0
0
0
0
0
0
0
0
0
0
0
0
0
0
0
0
0
0
0
0
0
0
0
0
0
0
0
0
0
0
0
0
-0
-0
-0
-0
-0
-0
-0
-0
-0
-0
-0
-0
-0
-0
-0
-0
-0
-0
-0
-0
-0
-0
-0
-0
-0
-0
-0
-0
-0
-0
-0
-0
-0
-0
-0
-0
-0
-0
-0
-0
-0
-0
-0
-0
-0
-0
-0
-0
-0
-0
0
0
0
0
0
0
0
0
0
0
0
0
0
0
0
0
0
0
0
0
0
0
0
0
0
0
0
0
0
0
0
0
0
0
0
0
0
0
0
0
0
0
0
0
0
0
0
0
0
0
-0
-0
-0
-0
-0
-0
-0
-0
-0
-0
-0
-0
-0
-0
-0
-0
-0
-0
-0
-0
-0
-0
-0
-0
-0
-0
-0
-0
-0
-0
-0
-0
-0
-0
-0
-0
-0
-0
-0
-0
-0
-0
-0
-0
-0
-0
-0
-0
-0
0
0
0
0
0
0
0
0
0
0
0
0
0
0
0
0
0
0
0
0
0
0
0
0
0
0
0
0
0
0
0
0
0
0
0
0
0
0
0
0
0
0
0
0
0
0
0
0
0
0
-0
-0
-0
-0
-0
-0
-0
-0
-0
-0
-0
-0
-0
-0
-0
-0
-0
-0
-0
-0
-0
-0
-0
-0
-0
-0
-0
-0
-0
-0
-0
-0
-0
-0
-0
-0
-0
-0
-0
-0
-0
-0
-0
-0
-0
-0
-0
-0
-0
-0
-0
0
0
0
0
0
0
0
0
0
0
0
0
0
0
0
0
0
0
0
0
0
0
0
0
0
0
0
0
0
0
0
0
0
0
0
0
0
0
0
0
0
0
0
0
0
0
0
0
0
0
-0
-0
-0
-0
-0
-0
-0
-0
-0
-0
-0
-0
-0
-0
-0
-0
-0
-0
-0
-0
-0
-0
-0
-0
-0
-0
-0
-0
-0
-0
-0
-0
-0
-0
-0
-0
-0
-0
-0
-0
-0
-0
-0
-0
-0
-0
-0
-0
-0
-0
0
0
0
0
0
0
0
0
0
0
0
0
0
0
0
0
0
0
0
0
0
0
0
0
0
0
0
0
0
0
0
0
0
0
0
0
0
0
0
0
0
0
0
0
0
0
0
0
0
-0
-0
-0
-0
-0
-0
-0
-0
-0
-0
-0
-0
-0
-0
-0
-0
-0
-0
-0
-0
-0
-0
-0
-0
-0
-0
-0
-0
-0
-0
-0
-0
-0
-0
-0
-0
-0
-0
-0
-0
-0
-0
-0
-0
-0
-0
-0
-0
-0
-0
0
0
0
0
0
0
0
0
0
0
0
0
0
0
0
0
0
0
0
0
0
0
0
0
0
0
0
0
0
0
0
0
0
0
0
0
0
0
0
0
0
0
0
0
0
0
0
0
0
0
0
-0
-0
-0
-0
-0
-0
-0
-0
-0
-0
-0
-0
-0
-0
-0
-0
-0
-0
-0
-0
-0
-0
-0
-0
-0
-0
-0
-0
-0
-0
-0
-0
-0
-0
-0
-0
-0
-0
-0
-0
-0
-0
-0
-0
-0
-0
-0
-0
-0
-0
0
0
0
0
0
0
0
0
0
0
0
0
0
0
0
0
0
0
0
0
0
0
0
0
0
0
0
0
0
0
0
0
0
0
0
0
0
0
0
0
0
0
0
0
0
0
0
0
0
0
-0
-0
-0
-0
-0
-0
-0
-0
-0
-0
-0
-0
-0
-0
-0
-0
-0
-0
-0
-0
-0
-0
-0
-0
-0
-0
-0
-0
-0
-0
-0
-0
-0
-0
-0
-0
-0
-0
-0
-0
-0
-0
-0
-0
-0
-0
-0
-0
-0
0
0
0
0
0
0
0
0
0
0
0
0
0
0
0
0
0
0
0
0
0
0
0
0
0
0
0
0
0
0
0
0
0
0
0
0
0
0
0
0
0
0
0
0
0
0
0
0
0
0
-0
-0
-0
-0
-0
-0
-0
-0
-0
-0
-0
-0
-0
-0
-0
-0
-0
-0
-0
-0
-0
-0
-0
-0
-0
-0
-0
-0
-0
-0
-0
-0
-0
-0
-0
-0
-0
-0
-0
-0
-0
-0
-0
-0
-0
-0
-0
-0
-0
-0
0
2.8256e-08
1.128e-07
2.5296e-07
4.4764e-07
6.9529e-07
9.9394e-07
1.3412e-06
1.7343e-06
2.1701e-06
2.645e-06
3.1552e-06
3.6966e-06
4.2645e-06
4.8542e-06
5.4609e-06
6.0792e-06
6.7037e-06
7.3291e-06
7.9496e-06
8.5595e-06
9.1531e-06
9.7246e-06
1.0268e-05
1.0779e-05
1.125e-05
1.1677e-05
1.2054e-05
1.2377e-05
1.264e-05
1.2839e-05
1.297e-05
1.303e-05
1.3013e-05
1.2918e-05
1.2742e-05
1.2482e-05
1.2137e-05
1.1706e-05
1.1187e-05
1.058e-05
9.886e-06
9.1051e-06
8.2388e-06
7.2889e-06
6.2576e-06
5.1479e-06
3.9631e-06
2.7072e-06
1.3845e-06
2.4245e-19
-1.441e-06
-2.9328e-06
-4.469e-06
-6.0432e-06
-7.6482e-06
-9.2767e-06
-1.0921e-05
-1.2574e-05
-1.4226e-05
-1.587e-05
-1.7497e-05
-1.9099e-05
-2.0666e-05
-2.2191e-05
-2.3664e-05
-2.5077e-05
-2.6421e-05
-2.7688e-05
-2.887e-05
-2.9958e-05
-3.0946e-05
-3.1826e-05
-3.2591e-05
-3.3234e-05
-3.375e-05
-3.4133e-05
-3.4377e-05
-3.4478e-05
-3.4433e-05
-3.4238e-05
-3.389e-05
-3.3388e-05
-3.273e-05
-3.1916e-05
-3.0945e-05
-2.9819e-05
-2.8539e-05
-2.7108e-05
-2.5529e-05
-2.3805e-05
-2.1942e-05
-1.9945e-05
-1.7819e-05
-1.5572e-05
-1.321e-05
-1.0743e-05
-8.1792e-06
-5.5272e-06
-2.7973e-06
1.5879e-18
2.8538e-06
5.7528e-06
8.6851e-06
1.1639e-05
1.4601e-05
1.756e-05
2.0501e-05
2.3413e-05
2.6282e-05
2.9095e-05
3.1839e-05
3.4501e-05
3.7068e-05
3.9527e-05
4.1867e-05
4.4074e-05
4.6138e-05
4.8046e-05
4.979e-05
5.1357e-05
5.2739e-05
5.3928e-05
5.4914e-05
5.569e-05
5.625e-05
5.6588e-05
5.6699e-05
5.658e-05
5.6226e-05
5.5637e-05
5.481e-05
5.3747e-05
5.2447e-05
5.0913e-05
4.9148e-05
4.7155e-05
4.4941e-05
4.251e-05
3.9871e-05
3.703e-05
3.3998e-05
3.0784e-05
2.7399e-05
2.3854e-05
2.0163e-05
1.6339e-05
1.2395e-05
8.3472e-06
4.2101e-06
-1.6542e-18
-4.2666e-06
-8.5728e-06
-1.2901e-05
-1.7234e-05
-2.1554e-05
-2.5842e-05
-3.0081e-05
-3.4253e-05
-3.8338e-05
-4.2321e-05
-4.6181e-05
-4.9903e-05
-5.347e-05
-5.6864e-05
-6.007e-05
-6.3071e-05
-6.5854e-05
-6.8405e-05
-7.071e-05
-7.2756e-05
-7.4532e-05
-7.6029e-05
-7.7236e-05
-7.8145e-05
-7.875e-05
-7.9044e-05
-7.9022e-05
-7.8681e-05
-7.8019e-05
-7.7036e-05
-7.573e-05
-7.4105e-05
-7.2164e-05
-6.991e-05
-6.7351e-05
-6.4492e-05
-6.1343e-05
-5.7913e-05
-5.4213e-05
-5.0256e-05
-4.6054e-05
-4.1624e-05
-3.6979e-05
-3.2137e-05
-2.7116e-05
-2.1934e-05
-1.6611e-05
-1.1167e-05
-5.6229e-06
-3.8806e-18
5.6794e-06
1.1393e-05
1.7117e-05
2.283e-05
2.8507e-05
3.4125e-05
3.9661e-05
4.5092e-05
5.0395e-05
5.5546e-05
6.0523e-05
6.5306e-05
6.9872e-05
7.42e-05
7.8272e-05
8.2069e-05
8.5571e-05
8.8764e-05
9.1629e-05
9.4155e-05
9.6326e-05
9.813e-05
9.9559e-05
0.0001006
0.00010125
0.0001015
0.00010134
0.00010078
9.9812e-05
9.8434e-05
9.665e-05
9.4464e-05
9.1881e-05
8.8908e-05
8.5554e-05
8.1829e-05
7.7745e-05
7.3315e-05
6.8555e-05
6.3481e-05
5.811e-05
5.2463e-05
4.6559e-05
4.042e-05
3.4069e-05
2.753e-05
2.0827e-05
1.3987e-05
7.0357e-06
6.0635e-18
-7.0922e-06
-1.4213e-05
-2.1333e-05
-2.8425e-05
-3.546e-05
-4.2408e-05
-4.9241e-05
-5.5932e-05
-6.2451e-05
-6.8771e-05
-7.4865e-05
-8.0708e-05
-8.6273e-05
-9.1537e-05
-9.6475e-05
-0.00010107
-0.00010529
-0.00010912
-0.00011255
-0.00011555
-0.00011812
-0.00012023
-0.00012188
-0.00012306
-0.00012375
-0.00012395
-0.00012367
-0.00012288
-0.00012161
-0.00011983
-0.00011757
-0.00011482
-0.0001116
-0.00010791
-0.00010376
-9.9165e-05
-9.4146e-05
-8.8717e-05
-8.2897e-05
-7.6706e-05
-7.0167e-05
-6.3302e-05
-5.6139e-05
-4.8703e-05
-4.1022e-05
-3.3125e-05
-2.5044e-05
-1.6807e-05
-8.4485e-06
-8.7316e-18
8.505e-06
1.7033e-05
2.5549e-05
3.4021e-05
4.2413e-05
5.0691e-05
5.8821e-05
6.6771e-05
7.4507e-05
8.1996e-05
8.9207e-05
9.611e-05
0.00010268
0.00010887
0.00011468
0.00012006
0.00012501
0.00012948
0.00013347
0.00013695
0.00013991
0.00014233
0.0001442
0.00014551
0.00014625
0.00014641
0.00014599
0.00014499
0.0001434
0.00014123
0.00013849
0.00013518
0.00013131
0.0001269
0.00012196
0.0001165
0.00011055
0.00010412
9.7239e-05
8.9931e-05
8.2223e-05
7.4142e-05
6.5719e-05
5.6986e-05
4.7975e-05
3.8721e-05
2.926e-05
1.9627e-05
9.8613e-06
2.932e-18
-9.9178e-06
-1.9853e-05
-2.9766e-05
-3.9616e-05
-4.9365e-05
-5.8974e-05
-6.8401e-05
-7.7611e-05
-8.6563e-05
-9.5221e-05
-0.00010355
-0.00011151
-0.00011908
-0.00012621
-0.00013288
-0.00013906
-0.00014472
-0.00014984
-0.00015439
-0.00015835
-0.0001617
-0.00016443
-0.00016653
-0.00016797
-0.00016875
-0.00016887
-0.00016831
-0.00016709
-0.00016519
-0.00016263
-0.00015941
-0.00015554
-0.00015103
-0.0001459
-0.00014016
-0.00013384
-0.00012695
-0.00011952
-0.00011158
-0.00010316
-9.4279e-05
-8.4981e-05
-7.5299e-05
-6.5268e-05
-5.4928e-05
-4.4317e-05
-3.3476e-05
-2.2447e-05
-1.1274e-05
-1.5523e-17
1.1331e-05
2.2673e-05
3.3982e-05
4.5212e-05
5.6318e-05
6.7256e-05
7.7981e-05
8.845e-05
9.8619e-05
0.00010845
0.00011789
0.00012692
0.00013548
0.00014355
0.00015108
0.00015806
0.00016444
0.0001702
0.00017531
0.00017975
0.0001835
0.00018654
0.00018885
0.00019042
0.00019125
0.00019132
0.00019063
0.00018919
0.00018698
0.00018403
0.00018033
0.0001759
0.00017075
0.0001649
0.00015837
0.00015117
0.00014335
0.00013492
0.00012592
0.00011638
0.00010633
9.5821e-05
8.4879e-05
7.3551e-05
6.1881e-05
4.9912e-05
3.7692e-05
2.5267e-05
1.2687e-05
8.1359e-18
-1.2743e-05
-2.5493e-05
-3.8198e-05
-5.0807e-05
-6.3271e-05
-7.5539e-05
-8.7562e-05
-9.9289e-05
-0.00011068
-0.00012167
-0.00013223
-0.00014232
-0.00015188
-0.00016088
-0.00016929
-0.00017706
-0.00018416
-0.00019056
-0.00019623
-0.00020115
-0.00020529
-0.00020864
-0.00021117
-0.00021288
-0.00021375
-0.00021378
-0.00021296
-0.00021129
-0.00020878
-0.00020543
-0.00020125
-0.00019626
-0.00019047
-0.00018389
-0.00017657
-0.00016851
-0.00015975
-0.00015033
-0.00014027
-0.00012961
-0.00011839
-0.00010666
-9.4459e-05
-8.1834e-05
-6.8834e-05
-5.5508e-05
-4.1908e-05
-2.8087e-05
-1.41e-05
-1.1443e-17
1.4071e-05
2.8031e-05
4.1824e-05
5.5396e-05
6.8694e-05
8.1668e-05
9.4268e-05
0.00010644
0.00011815
0.00012934
0.00013998
0.00015002
0.00015943
0.00016816
0.0001762
0.00018351
0.00019007
0.00019585
0.00020083
0.000205
0.00020834
0.00021085
0.00021251
0.00021333
0.0002133
0.00021243
0.00021073
0.0002082
0.00020486
0.00020072
0.00019581
0.00019015
0.00018376
0.00017668
0.00016892
0.00016054
0.00015155
0.00014201
0.00013195
0.00012141
0.00011043
9.9073e-05
8.737e-05
7.5374e-05
6.3132e-05
5.0695e-05
3.8113e-05
2.5436e-05
1.2715e-05
1.2474e-17
-1.2659e-05
-2.5211e-05
-3.7607e-05
-4.98e-05
-6.1742e-05
-7.3386e-05
-8.4688e-05
-9.5604e-05
-0.00010609
-0.00011612
-0.00012564
-0.00013462
-0.00014302
-0.00015083
-0.000158
-0.00016452
-0.00017035
-0.00017549
-0.00017991
-0.0001836
-0.00018655
-0.00018875
-0.00019019
-0.00019087
-0.0001908
-0.00018997
-0.0001884
-0.00018609
-0.00018306
-0.00017932
-0.00017489
-0.00016979
-0.00016404
-0.00015768
-0.00015072
-0.0001432
-0.00013515
-0.00012661
-0.0001176
-0.00010818
-9.8378e-05
-8.8233e-05
-7.779e-05
-6.7091e-05
-5.6179e-05
-4.51e-05
-3.3897e-05
-2.2616e-05
-1.1302e-05
-2.8145e-18
1.1246e-05
2.2391e-05
3.3391e-05
4.4205e-05
5.4789e-05
6.5103e-05
7.5107e-05
8.4765e-05
9.4038e-05
0.00010289
0.00011129
0.00011921
0.00012662
0.00013349
0.0001398
0.00014552
0.00015064
0.00015513
0.00015899
0.0001622
0.00016476
0.00016665
0.00016787
0.00016842
0.0001683
0.00016752
0.00016608
0.00016399
0.00016127
0.00015792
0.00015397
0.00014943
0.00014433
0.00013868
0.00013252
0.00012586
0.00011875
0.0001112
0.00010326
9.4957e-05
8.6322e-05
7.7394e-05
6.821e-05
5.8808e-05
4.9226e-05
3.9504e-05
2.9681e-05
1.9796e-05
9.8895e-06
1.3082e-17
-9.833e-06
-1.9571e-05
-2.9175e-05
-3.8609e-05
-4.7836e-05
-5.682e-05
-6.5527e-05
-7.3925e-05
-8.1981e-05
-8.9667e-05
-9.6952e-05
-0.00010381
-0.00011022
-0.00011615
-0.0001216
-0.00012652
-0.00013092
-0.00013477
-0.00013807
-0.0001408
-0.00014296
-0.00014454
-0.00014554
-0.00014596
-0.0001458
-0.00014506
-0.00014376
-0.00014189
-0.00013948
-0.00013652
-0.00013305
-0.00012907
-0.00012461
-0.00011968
-0.00011431
-0.00010853
-0.00010235
-9.5802e-05
-8.8921e-05
-8.1732e-05
-7.4266e-05
-6.6554e-05
-5.863e-05
-5.0525e-05
-4.2274e-05
-3.3909e-05
-2.5465e-05
-1.6976e-05
-8.4767e-06
-5.0102e-18
8.4202e-06
1.6751e-05
2.4959e-05
3.3014e-05
4.0883e-05
4.8537e-05
5.5947e-05
6.3086e-05
6.9925e-05
7.6441e-05
8.261e-05
8.8409e-05
9.3818e-05
9.8818e-05
0.00010339
0.00010753
0.0001112
0.00011442
0.00011715
0.00011941
0.00012117
0.00012244
0.00012322
0.00012351
0.0001233
0.00012261
0.00012143
0.00011979
0.00011768
0.00011513
0.00011213
0.00010871
0.00010489
0.00010069
9.6111e-05
9.119e-05
8.5945e-05
8.04e-05
7.4579e-05
6.8506e-05
6.2209e-05
5.5715e-05
4.905e-05
4.2242e-05
3.5321e-05
2.8313e-05
2.1249e-05
1.4156e-05
7.0639e-06
5.3803e-18
-7.0074e-06
-1.3931e-05
-2.0743e-05
-2.7418e-05
-3.393e-05
-4.0254e-05
-4.6367e-05
-5.2246e-05
-5.7869e-05
-6.3216e-05
-6.8268e-05
-7.3007e-05
-7.7416e-05
-8.1482e-05
-8.5189e-05
-8.8528e-05
-9.1486e-05
-9.4057e-05
-9.6232e-05
-9.8006e-05
-9.9377e-05
-0.00010034
-0.0001009
-0.00010105
-0.0001008
-0.00010015
-9.9112e-05
-9.7688e-05
-9.589e-05
-9.3727e-05
-9.1211e-05
-8.8356e-05
-8.5177e-05
-8.1689e-05
-7.7908e-05
-7.3854e-05
-6.9544e-05
-6.4998e-05
-6.0237e-05
-5.5281e-05
-5.0153e-05
-4.4875e-05
-3.947e-05
-3.3959e-05
-2.8368e-05
-2.2718e-05
-1.7033e-05
-1.1336e-05
-5.6511e-06
-5.2654e-18
5.5946e-06
1.1111e-05
1.6527e-05
2.1823e-05
2.6977e-05
3.1972e-05
3.6787e-05
4.1407e-05
4.5813e-05
4.9991e-05
5.3926e-05
5.7605e-05
6.1015e-05
6.4145e-05
6.6987e-05
6.953e-05
7.177e-05
7.3698e-05
7.5312e-05
7.6608e-05
7.7584e-05
7.8239e-05
7.8575e-05
7.8595e-05
7.83e-05
7.7696e-05
7.679e-05
7.5587e-05
7.4097e-05
7.2328e-05
7.0291e-05
6.7998e-05
6.546e-05
6.2691e-05
5.9705e-05
5.6517e-05
5.3142e-05
4.9595e-05
4.5895e-05
4.2056e-05
3.8097e-05
3.4036e-05
2.989e-05
2.5677e-05
2.1415e-05
1.7122e-05
1.2817e-05
8.5164e-06
4.2384e-06
8.5389e-19
-4.1818e-06
-8.2908e-06
-1.2311e-05
-1.6227e-05
-2.0024e-05
-2.3689e-05
-2.7207e-05
-3.0567e-05
-3.3757e-05
-3.6766e-05
-3.9584e-05
-4.2202e-05
-4.4613e-05
-4.6809e-05
-4.8784e-05
-5.0533e-05
-5.2053e-05
-5.334e-05
-5.4392e-05
-5.5209e-05
-5.579e-05
-5.6138e-05
-5.6253e-05
-5.6139e-05
-5.58e-05
-5.5241e-05
-5.4467e-05
-5.3486e-05
-5.2303e-05
-5.0929e-05
-4.9371e-05
-4.7639e-05
-4.5743e-05
-4.3694e-05
-4.1503e-05
-3.9181e-05
-3.674e-05
-3.4193e-05
-3.1552e-05
-2.8831e-05
-2.6041e-05
-2.3196e-05
-2.031e-05
-1.7394e-05
-1.4462e-05
-1.1527e-05
-8.6008e-06
-5.6964e-06
-2.8256e-06
-3.58e-18
2.7691e-06
5.4708e-06
8.0949e-06
1.0631e-05
1.3071e-05
1.5406e-05
1.7627e-05
1.9728e-05
2.1701e-05
2.3541e-05
2.5242e-05
2.68e-05
2.8211e-05
2.9472e-05
3.0581e-05
3.1536e-05
3.2336e-05
3.2981e-05
3.3472e-05
3.381e-05
3.3997e-05
3.4036e-05
3.393e-05
3.3683e-05
3.33e-05
3.2785e-05
3.2145e-05
3.1384e-05
3.051e-05
2.953e-05
2.8451e-05
2.7281e-05
2.6026e-05
2.4697e-05
2.33e-05
2.1844e-05
2.0338e-05
1.8791e-05
1.721e-05
1.5606e-05
1.3985e-05
1.2357e-05
1.073e-05
9.1111e-06
7.5091e-06
5.9313e-06
4.3847e-06
2.8764e-06
1.4128e-06
7.5623e-19
-1.3563e-06
-2.6508e-06
-3.8788e-06
-5.036e-06
-6.1185e-06
-7.1232e-06
-8.0472e-06
-8.8884e-06
-9.6449e-06
-1.0316e-05
-1.09e-05
-1.1398e-05
-1.1809e-05
-1.2136e-05
-1.2378e-05
-1.2538e-05
-1.2619e-05
-1.2622e-05
-1.2552e-05
-1.2411e-05
-1.2204e-05
-1.1935e-05
-1.1608e-05
-1.1228e-05
-1.08e-05
-1.033e-05
-9.8219e-06
-9.2826e-06
-8.7172e-06
-8.1315e-06
-7.5312e-06
-6.9219e-06
-6.3094e-06
-5.6992e-06
-5.0968e-06
-4.5075e-06
-3.9364e-06
-3.3885e-06
-2.8684e-06
-2.3805e-06
-1.929e-06
-1.5175e-06
-1.1496e-06
-8.2828e-07
-5.5623e-07
-3.3573e-07
-1.6864e-07
-5.64e-08
-0
-0
0
0
0
0
0
0
0
0
0
0
0
0
0
0
0
0
0
0
0
0
0
0
0
0
0
0
0
0
0
0
0
0
0
0
0
0
0
0
0
0
0
0
0
0
0
0
0
0
0
0
-0
-0
-0
-0
-0
-0
-0
-0
-0
-0
-0
-0
-0
-0
-0
-0
-0
-0
-0
-0
-0
-0
-0
-0
-0
-0
-0
-0
-0
-0
-0
-0
-0
-0
-0
-0
-0
-0
-0
-0
-0
-0
-0
-0
-0
-0
-0
-0
-0
-0
0
0
0
0
0
0
0
0
0
0
0
0
0
0
0
0
0
0
0
0
0
0
0
0
0
0
0
0
0
0
0
0
0
0
0
0
0
0
0
0
0
0
0
0
0
0
0
0
0
0
-0
-0
-0
-0
-0
-0
-0
-0
-0
-0
-0
-0
-0
-0
-0
-0
-0
-0
-0
-0
-0
-0
-0
-0
-0
-0
-0
-0
-0
-0
-0
-0
-0
-0
-0
-0
-0
-0
-0
-0
-0
-0
-0
-0
-0
-0
-0
-0
-0
-0
0
0
0
0
0
0
0
0
0
0
0
0
0
0
0
0
0
0
0
0
0
0
0
0
0
0
0
0
0
0
0
0
0
0
0
0
0
0
0
0
0
0
0
0
0
0
0
0
0
0
-0
-0
-0
-0
-0
-0
-0
-0
-0
-0
-0
-0
-0
-0
-0
-0
-0
-0
-0
-0
-0
-0
-0
-0
-0
-0
-0
-0
-0
-0
-0
-0
-0
-0
-0
-0
-0
-0
-0
-0
-0
-0
-0
-0
-0
-0
-0
-0
-0
-0
0
0
0
0
0
0
0
0
0
0
0
0
0
0
0
0
0
0
0
0
0
0
0
0
0
0
0
0
0
0
0
0
0
0
0
0
0
0
0
0
0
0
0
0
0
0
0
0
0
0
-0
-0
-0
-0
-0
-0
-0
-0
-0
-0
-0
-0
-0
-0
-0
-0
-0
-0
-0
-0
-0
-0
-0
-0
-0
-0
-0
-0
-0
-0
-0
-0
-0
-0
-0
-0
-0
-0
-0
-0
-0
-0
-0
-0
-0
-0
-0
-0
-0
-0
0
0
0
0
0
0
0
0
0
0
0
0
0
0
0
0
0
0
0
0
0
0
0
0
0
0
0
0
0
0
0
0
0
0
0
0
0
0
0
0
0
0
0
0
0
0
0
0
0
0
-0
-0
-0
-0
-0
-0
-0
-0
-0
-0
-0
-0
-0
-0
-0
-0
-0
-0
-0
-0
-0
-0
-0
-0
-0
-0
-0
-0
-0
-0
-0
-0
-0
-0
-0
-0
-0
-0
-0
-0
-0
-0
-0
-0
-0
-0
-0
-0
-0
-0
0
0
0
0
0
0
0
0
0
0
0
0
0
0
0
0
0
0
0
0
0
0
0
0
0
0
0
0
0
0
0
0
0
0
0
0
0
0
0
0
0
0
0
0
0
0
0
0
0
0
-0
-0
-0
-0
-0
-0
-0
-0
-0
-0
-0
-0
-0
-0
-0
-0
-0
-0
-0
-0
-0
-0
-0
-0
-0
-0
-0
-0
-0
-0
-0
-0
-0
-0
-0
-0
-0
-0
-0
-0
-0
-0
-0
-0
-0
-0
-0
-0
-0
-0
0
0
0
0
0
0
0
0
0
0
0
0
0
0
0
0
0
0
0
0
0
0
0
0
0
0
0
0
0
0
0
0
0
0
0
0
0
0
0
0
0
0
0
0
0
0
0
0
0
0
-0
-0
-0
-0
-0
-0
-0
-0
-0
-0
-0
-0
-0
-0
-0
-0
-0
-0
-0
-0
-0
-0
-0
-0
-0
-0
-0
-0
-0
-0
-0
-0
-0
-0
-0
-0
-0
-0
-0
-0
-0
-0
-0
-0
-0
-0
-0
-0
-0
-0
0
0
0
0
0
0
0
0
0
0
0
0
0
0
0
0
0
0
0
0
0
0
0
0
0
0
0
0
0
0
0
0
0
0
0
0
0
0
0
0
0
0
0
0
0
0
0
0
0
0
-0
-0
-0
-0
-0
-0
-0
-0
-0
-0
-0
-0
-0
-0
-0
-0
-0
-0
-0
-0
-0
-0
-0
-0
-0
-0
-0
-0
-0
-0
-0
-0
-0
-0
-0
-0
-0
-0
-0
-0
-0
-0
-0
-0
-0
-0
-0
-0
-0
-0
0
0
0
0
0
0
0
0
0
0
0
0
0
0
0
0
0
0
0
0
0
0
0
0
0
0
0
0
0
0
0
0
0
0
0
0
0
0
0
0
0
0
0
0
0
0
0
0
0
0
-0
-0
-0
-0
-0
-0
-0
-0
-0
-0
-0
-0
-0
-0
-0
-0
-0
-0
-0
-0
-0
-0
-0
-0
-0
-0
-0
-0
-0
-0
-0
-0
-0
-0
-0
-0
-0
-0
-0
-0
-0
-0
-0
-0
-0
-0
-0
-0
-0
-0
0
0
0
0
0
0
0
0
0
0
0
0
0
0
0
0
0
0
0
0
0
0
0
0
0
0
0
0
0
0
0
0
0
0
0
0
0
0
0
0
0
0
0
0
0
0
0
0
0
0
-0
-0
-0
-0
-0
-0
-0
-0
-0
-0
-0
-0
-0
-0
-0
-0
-0
-0
-0
-0
-0
-0
-0
-0
-0
-0
-0
-0
-0
-0
-0
-0
-0
-0
-0
-0
-0
-0
-0
-0
-0
-0
-0
-0
-0
-0
-0
-0
-0
-0
0
0
0
0
0
0
0
0
0
0
0
0
0
0
0
0
0
0
0
0
0
0
0
0
0
0
0
0
0
0
0
0
0
0
0
0
0
0
0
0
0
0
0
0
0
0
0
0
0
0
-0
-0
-0
-0
-0
-0
-0
-0
-0
-0
-0
-0
-0
-0
-0
-0
-0
-0
-0
-0
-0
-0
-0
-0
-0
-0
-0
-0
-0
-0
-0
-0
-0
-0
-0
-0
-0
-0
-0
-0
-0
-0
-0
-0
-0
-0
-0
-0
-0
0
0
0
0
0
0
0
0
0
0
0
0
0
0
0
0
0
0
0
0
0
0
0
0
0
0
0
0
0
0
0
0
0
0
0
0
0
0
0
0
0
0
0
0
0
0
0
0
0
0
0
-0
-0
-0
-0
-0
-0
-0
-0
-0
-0
-0
-0
-0
-0
-0
-0
-0
-0
-0
-0
-0
-0
-0
-0
-0
-0
-0
-0
-0
-0
-0
-0
-0
-0
-0
-0
-0
-0
-0
-0
-0
-0
-0
-0
-0
-0
-0
-0
-0
-0
0
0
0
0
0
0
0
0
0
0
0
0
0
0
0
0
0
0
0
0
0
0
0
0
0
0
0
0
0
0
0
0
0
0
0
0
0
0
0
0
0
0
0
0
0
0
0
0
0
-0
-0
-0
-0
-0
-0
-0
-0
-0
-0
-0
-0
-0
-0
-0
-0
-0
-0
-0
-0
-0
-0
-0
-0
-0
-0
-0
-0
-0
-0
-0
-0
-0
-0
-0
-0
-0
-0
-0
-0
-0
-0
-0
-0
-0
-0
-0
-0
-0
-0
-0
0
0
0
0
0
0
0
0
0
0
0
0
0
0
0
0
0
0
0
0
0
0
0
0
0
0
0
0
0
0
0
0
0
0
0
0
0
0
0
0
0
0
0
0
0
0
0
0
0
0
-0
-0
-0
-0
-0
-0
-0
-0
-0
-0
-0
-0
-0
-0
-0
-0
-0
-0
-0
-0
-0
-0
-0
-0
-0
-0
-0
-0
-0
-0
-0
-0
-0
-0
-0
-0
-0
-0
-0
-0
-0
-0
-0
-0
-0
-0
-0
-0
-0
-0
0
0
0
0
0
0
0
0
0
0
0
0
0
0
0
0
0
0
0
0
0
0
0
0
0
0
0
0
0
0
0
0
0
0
0
0
0
0
0
0
0
0
0
0
0
0
0
0
0
0
-0
-0
-0
-0
-0
-0
-0
-0
-0
-0
-0
-0
-0
-0
-0
-0
-0
-0
-0
-0
-0
-0
-0
-0
-0
-0
-0
-0
-0
-0
-0
-0
-0
-0
-0
-0
-0
-0
-0
-0
-0
-0
-0
-0
-0
-0
-0
-0
-0
0
0
0
0
0
0
0
0
0
0
0
0
0
0
0
0
0
0
0
0
0
0
0
0
0
0
0
0
0
0
0
0
0
0
0
0
0
0
0
0
0
0
0
0
0
0
0
0
0
0
0
-0
-0
-0
-0
-0
-0
-0
-0
-0
-0
-0
-0
-0
-0
-0
-0
-0
-0
-0
-0
-0
-0
-0
-0
-0
-0
-0
-0
-0
-0
-0
-0
-0
-0
-0
-0
-0
-0
-0
-0
-0
-0
-0
-0
-0
-0
-0
-0
-0
0
0
0
0
0
0
0
0
0
0
0
0
0
0
0
0
0
0
0
0
0
0
0
0
0
0
0
0
0
0
0
0
0
0
0
0
0
0
0
0
0
0
0
0
0
0
0
0
0
0
0
-0
-0
-0
-0
-0
-0
-0
-0
-0
-0
-0
-0
-0
-0
-0
-0
-0
-0
-0
-0
-0
-0
-0
-0
-0
-0
-0
-0
-0
-0
-0
-0
-0
-0
-0
-0
-0
-0
-0
-0
-0
-0
-0
-0
-0
-0
-0
-0
-0
-0
0
0
0
0
0
0
0
0
0
0
0
0
0
0
0
0
0
0
0
0
0
0
0
0
0
0
0
0
0
0
0
0
0
0
0
0
0
0
0
0
0
0
0
0
0
0
0
0
0
0
-0
-0
-0
-0
-0
-0
-0
-0
-0
-0
-0
-0
-0
-0
-0
-0
-0
-0
-0
-0
-0
-0
-0
-0
-0
-0
-0
-0
-0
-0
-0
-0
-0
-0
-0
-0
-0
-0
-0
-0
-0
-0
-0
-0
-0
-0
-0
-0
-0
-0
0
0
0
0
0
0
0
0
0
0
0
0
0
0
0
0
0
0
0
0
0
0
0
0
0
0
0
0
0
0
0
0
0
0
0
0
0
0
0
0
0
0
0
0
0
0
0
0
0
0
-0
-0
-0
-0
-0
-0
-0
-0
-0
-0
-0
-0
-0
-0
-0
-0
-0
-0
-0
-0
-0
-0
-0
-0
-0
-0
-0
-0
-0
-0
-0
-0
-0
-0
-0
-0
-0
-0
-0
-0
-0
-0
-0
-0
-0
-0
-0
-0
-0
-0
0
0
0
0
0
0
0
0
0
0
0
0
0
0
0
0
0
0
0
0
0
0
0
0
0
0
0
0
0
0
0
0
0
0
0
0
0
0
0
0
0
0
0
0
0
0
0
0
0
0
-0
-0
-0
-0
-0
-0
-0
-0
-0
-0
-0
-0
-0
-0
-0
-0
-0
-0
-0
-0
-0
-0
-0
-0
-0
-0
-0
-0
-0
-0
-0
-0
-0
-0
-0
-0
-0
-0
-0
-0
-0
-0
-0
-0
-0
-0
-0
-0
-0
0
0
0
0
0
0
0
0
0
0
0
0
0
0
0
0
0
0
0
0
0
0
0
0
0
0
0
0
0
0
0
0
0
0
0
0
0
0
0
0
0
0
0
0
0
0
0
0
0
0
0
-0
-0
-0
-0
-0
-0
-0
-0
-0
-0
-0
-0
-0
-0
-0
-0
-0
-0
-0
-0
-0
-0
-0
-0
-0
-0
-0
-0
-0
-0
-0
-0
-0
-0
-0
-0
-0
-0
-0
-0
-0
-0
-0
-0
-0
-0
-0
-0
-0
0
0
0
0
0
0
0
0
0
0
0
0
0
0
0
0
0
0
0
0
0
0
0
0
0
0
0
0
0
0
0
0
0
0
0
0
0
0
0
0
0
0
0
0
0
0
0
0
0
0
0
-0
-0
-0
-0
-0
-0
-0
-0
-0
-0
-0
-0
-0
-0
-0
-0
-0
-0
-0
-0
-0
-0
-0
-0
-0
-0
-0
-0
-0
-0
-0
-0
-0
-0
-0
-0
-0
-0
-0
-0
-0
-0
-0
-0
-0
-0
-0
-0
-0
-0
0
0
0
0
0
0
0
0
0
0
0
0
0
0
0
0
0
0
0
0
0
0
0
0
0
0
0
0
0
0
0
0
0
0
0
0
0
0
0
0
0
0
0
0
0
0
0
0
0
0
-0
-0
-0
-0
-0
-0
-0
-0
-0
-0
-0
-0
-0
-0
-0
-0
-0
-0
-0
-0
-0
-0
-0
-0
-0
-0
-0
-0
-0
-0
-0
-0
-0
-0
-0
-0
-0
-0
-0
-0
-0
-0
-0
-0
-0
-0
-0
-0
-0
-0
0
0
0
0
0
0
0
0
0
0
0
0
0
0
0
0
0
0
0
0
0
0
0
0
0
0
0
0
0
0
0
0
0
0
0
0
0
0
0
0
0
0
0
0
0
0
0
0
0
0
-0
-0
-0
-0
-0
-0
-0
-0
-0
-0
-0
-0
-0
-0
-0
-0
-0
-0
-0
-0
-0
-0
-0
-0
-0
-0
-0
-0
-0
-0
-0
-0
-0
-0
-0
-0
-0
-0
-0
-0
-0
-0
-0
-0
-0
-0
-0
-0
-0
-0
0
0
0
0
0
0
0
0
0
0
0
0
0
0
0
0
0
0
0
0
0
0
0
0
0
0
0
0
0
0
0
0
0
0
0
0
0
0
0
0
0
0
0
0
0
0
0
0
0
0
-0
-0
-0
-0
-0
-0
-0
-0
-0
-0
-0
-0
-0
-0
-0
-0
-0
-0
-0
-0
-0
-0
-0
-0
-0
-0
-0
-0
-0
-0
-0
-0
-0
-0
-0
-0
-0
-0
-0
-0
-0
-0
-0
-0
-0
-0
-0
-0
-0
0
0
0
0
0
0
0
0
0
0
0
0
0
0
0
0
0
0
0
0
0
0
0
0
0
0
0
0
0
0
0
0
0
0
0
0
0
0
0
0
0
0
0
0
0
0
0
0
0
0
0
-0
-0
-0
-0
-0
-0
-0
-0
-0
-0
-0
-0
-0
-0
-0
-0
-0
-0
-0
-0
-0
-0
-0
-0
-0
-0
-0
-0
-0
-0
-0
-0
-0
-0
-0
-0
-0
-0
-0
-0
-0
-0
-0
-0
-0
-0
-0
-0
-0
0
0
0
0
0
0
0
0
0
0
0
0
0
0
0
0
0
0
0
0
0
0
0
0
0
0
0
0
0
0
0
0
0
0
0
0
0
0
0
0
0
0
0
0
0
0
0
0
0
0
0
-0
-0
-0
-0
-0
-0
-0
-0
-0
-0
-0
-0
-0
-0
-0
-0
-0
-0
-0
-0
-0
-0
-0
-0
-0
-0
-0
-0
-0
-0
-0
-0
-0
-0
-0
-0
-0
-0
-0
-0
-0
-0
-0
-0
-0
-0
-0
-0
-0
-0
0
0
0
0
0
0
0
0
0
0
0
0
0
0
0
0
0
0
0
0
0
0
0
0
0
0
0
0
0
0
0
0
0
0
0
0
0
0
0
0
0
0
0
0
0
0
0
0
0
0
-0
-0
-0
-0
-0
-0
-0
-0
-0
-0
-0
-0
-0
-0
-0
-0
-0
-0
-0
-0
-0
-0
-0
-0
-0
-0
-0
-0
-0
-0
-0
-0
-0
-0
-0
-0
-0
-0
-0
-0
-0
-0
-0
-0
-0
-0
-0
-0
-0
-0
0
0
0
0
0
0
0
0
0
0
0
0
0
0
0
0
0
0
0
0
0
0
0
0
0
0
0
0
0
0
0
0
0
0
0
0
0
0
0
0
0
0
0
0
0
0
0
0
0
0
-0
-0
-0
-0
-0
-0
-0
-0
-0
-0
-0
-0
-0
-0
-0
-0
-0
-0
-0
-0
-0
-0
-0
-0
-0
-0
-0
-0
-0
-0
-0
-0
-0
-0
-0
-0
-0
-0
-0
-0
-0
-0
-0
-0
-0
-0
-0
-0
-0
-0
0
0
0
0
0
0
0
0
0
0
0
0
0
0
0
0
0
0
0
0
0
0
0
0
0
0
0
0
0
0
0
0
0
0
0
0
0
0
0
0
0
0
0
0
0
0
0
0
0
0
-0
-0
-0
-0
-0
-0
-0
-0
-0
-0
-0
-0
-0
-0
-0
-0
-0
-0
-0
-0
-0
-0
-0
-0
-0
-0
-0
-0
-0
-0
-0
-0
-0
-0
-0
-0
-0
-0
-0
-0
-0
-0
-0
-0
-0
-0
-0
-0
-0
0
0
0
0
0
0
0
0
0
0
0
0
0
0
0
0
0
0
0
0
0
0
0
0
0
0
0
0
0
0
0
0
0
0
0
0
0
0
0
0
0
0
0
0
0
0
0
0
0
0
0
-0
-0
-0
-0
-0
-0
-0
-0
-0
-0
-0
-0
-0
-0
-0
-0
-0
-0
-0
-0
-0
-0
-0
-0
-0
-0
-0
-0
-0
-0
-0
-0
-0
-0
-0
-0
-0
-0
-0
-0
-0
-0
-0
-0
-0
-0
-0
-0
-0
0
0
0
0
0
0
0
0
0
0
0
0
0
0
0
0
0
0
0
0
0
0
0
0
0
0
0
0
0
0
0
0
0
0
0
0
0
0
0
0
0
0
0
0
0
0
0
0
0
0
0
-0
-0
-0
-0
-0
-0
-0
-0
-0
-0
-0
-0
-0
-0
-0
-0
-0
-0
-0
-0
-0
-0
-0
-0
-0
-0
-0
-0
-0
-0
-0
-0
-0
-0
-0
-0
-0
-0
-0
-0
-0
-0
-0
-0
-0
-0
-0
-0
-0
0
