0
0
0
0
0
0
0
0
0
0
0
0
0
0
0
0
0
0
0
0
0
0
0
0
0
0
0
0
0
0
0
0
0
0
0
0
0
0
0
0
0
0
0
0
0
0
0
0
0
0
0
-0
-0
-0
-0
-0
-0
-0
-0
-0
-0
-0
-0
-0
-0
-0
-0
-0
-0
-0
-0
-0
-0
-0
-0
-0
-0
-0
-0
-0
-0
-0
-0
-0
-0
-0
-0
-0
-0
-0
-0
-0
-0
-0
-0
-0
-0
-0
-0
-0
-0
0
0
0
0
0
0
0
0
0
0
0
0
0
0
0
0
0
0
0
0
0
0
0
0
0
0
0
0
0
0
0
0
0
0
0
0
0
0
0
0
0
0
0
0
0
0
0
0
0
0
-0
-0
-0
-0
-0
-0
-0
-0
-0
-0
-0
-0
-0
-0
-0
-0
-0
-0
-0
-0
-0
-0
-0
-0
-0
-0
-0
-0
-0
-0
-0
-0
-0
-0
-0
-0
-0
-0
-0
-0
-0
-0
-0
-0
-0
-0
-0
-0
-0
-0
0
0
0
0
0
0
0
0
0
0
0
0
0
0
0
0
0
0
0
0
0
0
0
0
0
0
0
0
0
0
0
0
0
0
0
0
0
0
0
0
0
0
0
0
0
0
0
0
0
0
-0
-0
-0
-0
-0
-0
-0
-0
-0
-0
-0
-0
-0
-0
-0
-0
-0
-0
-0
-0
-0
-0
-0
-0
-0
-0
-0
-0
-0
-0
-0
-0
-0
-0
-0
-0
-0
-0
-0
-0
-0
-0
-0
-0
-0
-0
-0
-0
-0
-0
0
0
0
0
0
0
0
0
0
0
0
0
0
0
0
0
0
0
0
0
0
0
0
0
0
0
0
0
0
0
0
0
0
0
0
0
0
0
0
0
0
0
0
0
0
0
0
0
0
-0
-0
-0
-0
-0
-0
-0
-0
-0
-0
-0
-0
-0
-0
-0
-0
-0
-0
-0
-0
-0
-0
-0
-0
-0
-0
-0
-0
-0
-0
-0
-0
-0
-0
-0
-0
-0
-0
-0
-0
-0
-0
-0
-0
-0
-0
-0
-0
-0
-0
-0
0
0
0
0
0
0
0
0
0
0
0
0
0
0
0
0
0
0
0
0
0
0
0
0
0
0
0
0
0
0
0
0
0
0
0
0
0
0
0
0
0
0
0
0
0
0
0
0
0
0
-0
-0
-0
-0
-0
-0
-0
-0
-0
-0
-0
-0
-0
-0
-0
-0
-0
-0
-0
-0
-0
-0
-0
-0
-0
-0
-0
-0
-0
-0
-0
-0
-0
-0
-0
-0
-0
-0
-0
-0
-0
-0
-0
-0
-0
-0
-0
-0
-0
-0
0
0
0
0
0
0
0
0
0
0
0
0
0
0
0
0
0
0
0
0
0
0
0
0
0
0
0
0
0
0
0
0
0
0
0
0
0
0
0
0
0
0
0
0
0
0
0
0
0
-0
-0
-0
-0
-0
-0
-0
-0
-0
-0
-0
-0
-0
-0
-0
-0
-0
-0
-0
-0
-0
-0
-0
-0
-0
-0
-0
-0
-0
-0
-0
-0
-0
-0
-0
-0
-0
-0
-0
-0
-0
-0
-0
-0
-0
-0
-0
-0
-0
-0
-0
0
0
0
0
0
0
0
0
0
0
0
0
0
0
0
0
0
0
0
0
0
0
0
0
0
0
0
0
0
0
0
0
0
0
0
0
0
0
0
0
0
0
0
0
0
0
0
0
0
-0
-0
-0
-0
-0
-0
-0
-0
-0
-0
-0
-0
-0
-0
-0
-0
-0
-0
-0
-0
-0
-0
-0
-0
-0
-0
-0
-0
-0
-0
-0
-0
-0
-0
-0
-0
-0
-0
-0
-0
-0
-0
-0
-0
-0
-0
-0
-0
-0
-0
0
0
0
0
0
0
0
0
0
0
0
0
0
0
0
0
0
0
0
0
0
0
0
0
0
0
0
0
0
0
0
0
0
0
0
0
0
0
0
0
0
0
0
0
0
0
0
0
0
0
0
-0
-0
-0
-0
-0
-0
-0
-0
-0
-0
-0
-0
-0
-0
-0
-0
-0
-0
-0
-0
-0
-0
-0
-0
-0
-0
-0
-0
-0
-0
-0
-0
-0
-0
-0
-0
-0
-0
-0
-0
-0
-0
-0
-0
-0
-0
-0
-0
-0
-0
0
0
0
0
0
0
0
0
0
0
0
0
0
0
0
0
0
0
0
0
0
0
0
0
0
0
0
0
0
0
0
0
0
0
0
0
0
0
0
0
0
0
0
0
0
0
0
0
0
0
-0
-0
-0
-0
-0
-0
-0
-0
-0
-0
-0
-0
-0
-0
-0
-0
-0
-0
-0
-0
-0
-0
-0
-0
-0
-0
-0
-0
-0
-0
-0
-0
-0
-0
-0
-0
-0
-0
-0
-0
-0
-0
-0
-0
-0
-0
-0
-0
-0
-0
0
0
0
0
0
0
0
0
0
0
0
0
0
0
0
0
0
0
0
0
0
0
0
0
0
0
0
0
0
0
0
0
0
0
0
0
0
0
0
0
0
0
0
0
0
0
0
0
0
-0
-0
-0
-0
-0
-0
-0
-0
-0
-0
-0
-0
-0
-0
-0
-0
-0
-0
-0
-0
-0
-0
-0
-0
-0
-0
-0
-0
-0
-0
-0
-0
-0
-0
-0
-0
-0
-0
-0
-0
-0
-0
-0
-0
-0
-0
-0
-0
-0
-0
-0
0
0
0
0
0
0
0
0
0
0
0
0
0
0
0
0
0
0
0
0
0
0
0
0
0
0
0
0
0
0
0
0
0
0
0
0
0
0
0
0
0
0
0
0
0
0
0
0
0
-0
-0
-0
-0
-0
-0
-0
-0
-0
-0
-0
-0
-0
-0
-0
-0
-0
-0
-0
-0
-0
-0
-0
-0
-0
-0
-0
-0
-0
-0
-0
-0
-0
-0
-0
-0
-0
-0
-0
-0
-0
-0
-0
-0
-0
-0
-0
-0
-0
-0
0
0
0
0
0
0
0
0
0
0
0
0
0
0
0
0
0
0
0
0
0
0
0
0
0
0
0
0
0
0
0
0
0
0
0
0
0
0
0
0
0
0
0
0
0
0
0
0
0
0
-0
-0
-0
-0
-0
-0
-0
-0
-0
-0
-0
-0
-0
-0
-0
-0
-0
-0
-0
-0
-0
-0
-0
-0
-0
-0
-0
-0
-0
-0
-0
-0
-0
-0
-0
-0
-0
-0
-0
-0
-0
-0
-0
-0
-0
-0
-0
-0
-0
-0
-0
0
0
0
0
0
0
0
0
0
0
0
0
0
0
0
0
0
0
0
0
0
0
0
0
0
0
0
0
0
0
0
0
0
0
0
0
0
0
0
0
0
0
0
0
0
0
0
0
0
-0
-0
-0
-0
-0
-0
-0
-0
-0
-0
-0
-0
-0
-0
-0
-0
-0
-0
-0
-0
-0
-0
-0
-0
-0
-0
-0
-0
-0
-0
-0
-0
-0
-0
-0
-0
-0
-0
-0
-0
-0
-0
-0
-0
-0
-0
-0
-0
-0
-0
0
0
0
0
0
0
0
0
0
0
0
0
0
0
0
0
0
0
0
0
0
0
0
0
0
0
0
0
0
0
0
0
0
0
0
0
0
0
0
0
0
0
0
0
0
0
0
0
0
0
-0
-0
-0
-0
-0
-0
-0
-0
-0
-0
-0
-0
-0
-0
-0
-0
-0
-0
-0
-0
-0
-0
-0
-0
-0
-0
-0
-0
-0
-0
-0
-0
-0
-0
-0
-0
-0
-0
-0
-0
-0
-0
-0
-0
-0
-0
-0
-0
-0
-0
0
0
0
0
0
0
0
0
0
0
0
0
0
0
0
0
0
0
0
0
0
0
0
0
0
0
0
0
0
0
0
0
0
0
0
0
0
0
0
0
0
0
0
0
0
0
0
0
0
0
-0
-0
-0
-0
-0
-0
-0
-0
-0
-0
-0
-0
-0
-0
-0
-0
-0
-0
-0
-0
-0
-0
-0
-0
-0
-0
-0
-0
-0
-0
-0
-0
-0
-0
-0
-0
-0
-0
-0
-0
-0
-0
-0
-0
-0
-0
-0
-0
-0
-0
-0
0
0
0
0
0
0
0
0
0
0
0
0
0
0
0
0
0
0
0
0
0
0
0
0
0
0
0
0
0
0
0
0
0
0
0
0
0
0
0
0
0
0
0
0
0
0
0
0
0
0
-0
-0
-0
-0
-0
-0
-0
-0
-0
-0
-0
-0
-0
-0
-0
-0
-0
-0
-0
-0
-0
-0
-0
-0
-0
-0
-0
-0
-0
-0
-0
-0
-0
-0
-0
-0
-0
-0
-0
-0
-0
-0
-0
-0
-0
-0
-0
-0
-0
-0
0
0
0
0
0
0
0
0
0
0
0
0
0
0
0
0
0
0
0
0
0
0
0
0
0
0
0
0
0
0
0
0
0
0
0
0
0
0
0
0
0
0
0
0
0
0
0
0
0
0
-0
-0
-0
-0
-0
-0
-0
-0
-0
-0
-0
-0
-0
-0
-0
-0
-0
-0
-0
-0
-0
-0
-0
-0
-0
-0
-0
-0
-0
-0
-0
-0
-0
-0
-0
-0
-0
-0
-0
-0
-0
-0
-0
-0
-0
-0
-0
-0
-0
-0
0
0
0
0
0
0
0
0
0
0
0
0
0
0
0
0
0
0
0
0
0
0
0
0
0
0
0
0
0
0
0
0
0
0
0
0
0
0
0
0
0
0
0
0
0
0
0
0
0
0
-0
-0
-0
-0
-0
-0
-0
-0
-0
-0
-0
-0
-0
-0
-0
-0
-0
-0
-0
-0
-0
-0
-0
-0
-0
-0
-0
-0
-0
-0
-0
-0
-0
-0
-0
-0
-0
-0
-0
-0
-0
-0
-0
-0
-0
-0
-0
-0
-0
-0
0
0
0
0
0
0
0
0
0
0
0
0
0
0
0
0
0
0
0
0
0
0
0
0
0
0
0
0
0
0
0
0
0
0
0
0
0
0
0
0
0
0
0
0
0
0
0
0
0
0
-0
-0
-0
-0
-0
-0
-0
-0
-0
-0
-0
-0
-0
-0
-0
-0
-0
-0
-0
-0
-0
-0
-0
-0
-0
-0
-0
-0
-0
-0
-0
-0
-0
-0
-0
-0
-0
-0
-0
-0
-0
-0
-0
-0
-0
-0
-0
-0
-0
0
0
0
0
0
0
0
0
0
0
0
0
0
0
0
0
0
0
0
0
0
0
0
0
0
0
0
0
0
0
0
0
0
0
0
0
0
0
0
0
0
0
0
0
0
0
0
0
0
0
0
-0
-0
-0
-0
-0
-0
-0
-0
-0
-0
-0
-0
-0
-0
-0
-0
-0
-0
-0
-0
-0
-0
-0
-0
-0
-0
-0
-0
-0
-0
-0
-0
-0
-0
-0
-0
-0
-0
-0
-0
-0
-0
-0
-0
-0
-0
-0
-0
-0
-0
2.8256e-08
1.128e-07
2.5296e-07
4.4764e-07
6.9529e-07
9.9394e-07
1.3412e-06
1.7343e-06
2.1701e-06
2.645e-06
3.1552e-06
3.6966e-06
4.2645e-06
4.8542e-06
5.4609e-06
6.0792e-06
6.7037e-06
7.3291e-06
7.9496e-06
8.5595e-06
9.1531e-06
9.7246e-06
1.0268e-05
1.0779e-05
1.125e-05
1.1677e-05
1.2054e-05
1.2377e-05
1.264e-05
1.2839e-05
1.297e-05
1.303e-05
1.3013e-05
1.2918e-05
1.2742e-05
1.2482e-05
1.2137e-05
1.1706e-05
1.1187e-05
1.058e-05
9.886e-06
9.1051e-06
8.2388e-06
7.2889e-06
6.2576e-06
5.1479e-06
3.9631e-06
2.7072e-06
1.3845e-06
3.5278e-19
-1.441e-06
-2.9328e-06
-4.469e-06
-6.0432e-06
-7.6482e-06
-9.2767e-06
-1.0921e-05
-1.2574e-05
-1.4226e-05
-1.587e-05
-1.7497e-05
-1.9099e-05
-2.0666e-05
-2.2191e-05
-2.3664e-05
-2.5077e-05
-2.6421e-05
-2.7688e-05
-2.887e-05
-2.9958e-05
-3.0946e-05
-3.1826e-05
-3.2591e-05
-3.3234e-05
-3.375e-05
-3.4133e-05
-3.4377e-05
-3.4478e-05
-3.4433e-05
-3.4238e-05
-3.389e-05
-3.3388e-05
-3.273e-05
-3.1916e-05
-3.0945e-05
-2.9819e-05
-2.8539e-05
-2.7108e-05
-2.5529e-05
-2.3805e-05
-2.1942e-05
-1.9945e-05
-1.7819e-05
-1.5572e-05
-1.321e-05
-1.0743e-05
-8.1792e-06
-5.5272e-06
-2.7973e-06
8.8286e-20
2.8538e-06
5.7528e-06
8.6851e-06
1.1639e-05
1.4601e-05
1.756e-05
2.0501e-05
2.3413e-05
2.6282e-05
2.9095e-05
3.1839e-05
3.4501e-05
3.7068e-05
3.9527e-05
4.1867e-05
4.4074e-05
4.6138e-05
4.8046e-05
4.979e-05
5.1357e-05
5.2739e-05
5.3928e-05
5.4914e-05
5.569e-05
5.625e-05
5.6588e-05
5.6699e-05
5.658e-05
5.6226e-05
5.5637e-05
5.481e-05
5.3747e-05
5.2447e-05
5.0913e-05
4.9148e-05
4.7155e-05
4.4941e-05
4.251e-05
3.9871e-05
3.703e-05
3.3998e-05
3.0784e-05
2.7399e-05
2.3854e-05
2.0163e-05
1.6339e-05
1.2395e-05
8.3472e-06
4.2101e-06
5.9526e-19
-4.2666e-06
-8.5728e-06
-1.2901e-05
-1.7234e-05
-2.1554e-05
-2.5842e-05
-3.0081e-05
-3.4253e-05
-3.8338e-05
-4.2321e-05
-4.6181e-05
-4.9903e-05
-5.347e-05
-5.6864e-05
-6.007e-05
-6.3071e-05
-6.5854e-05
-6.8405e-05
-7.071e-05
-7.2756e-05
-7.4532e-05
-7.6029e-05
-7.7236e-05
-7.8145e-05
-7.875e-05
-7.9044e-05
-7.9022e-05
-7.8681e-05
-7.8019e-05
-7.7036e-05
-7.573e-05
-7.4105e-05
-7.2164e-05
-6.991e-05
-6.7351e-05
-6.4492e-05
-6.1343e-05
-5.7913e-05
-5.4213e-05
-5.0256e-05
-4.6054e-05
-4.1624e-05
-3.6979e-05
-3.2137e-05
-2.7116e-05
-2.1934e-05
-1.6611e-05
-1.1167e-05
-5.6229e-06
7.9402e-19
5.6794e-06
1.1393e-05
1.7117e-05
2.283e-05
2.8507e-05
3.4125e-05
3.9661e-05
4.5092e-05
5.0395e-05
5.5546e-05
6.0523e-05
6.5306e-05
6.9872e-05
7.42e-05
7.8272e-05
8.2069e-05
8.5571e-05
8.8764e-05
9.1629e-05
9.4155e-05
9.6326e-05
9.813e-05
9.9559e-05
0.0001006
0.00010125
0.0001015
0.00010134
0.00010078
9.9812e-05
9.8434e-05
9.665e-05
9.4464e-05
9.1881e-05
8.8908e-05
8.5554e-05
8.1829e-05
7.7745e-05
7.3315e-05
6.8555e-05
6.3481e-05
5.811e-05
5.2463e-05
4.6559e-05
4.042e-05
3.4069e-05
2.753e-05
2.0827e-05
1.3987e-05
7.0357e-06
2.203e-19
-7.0922e-06
-1.4213e-05
-2.1333e-05
-2.8425e-05
-3.546e-05
-4.2408e-05
-4.9241e-05
-5.5932e-05
-6.2451e-05
-6.8771e-05
-7.4865e-05
-8.0708e-05
-8.6273e-05
-9.1537e-05
-9.6475e-05
-0.00010107
-0.00010529
-0.00010912
-0.00011255
-0.00011555
-0.00011812
-0.00012023
-0.00012188
-0.00012306
-0.00012375
-0.00012395
-0.00012367
-0.00012288
-0.00012161
-0.00011983
-0.00011757
-0.00011482
-0.0001116
-0.00010791
-0.00010376
-9.9165e-05
-9.4146e-05
-8.8717e-05
-8.2897e-05
-7.6706e-05
-7.0167e-05
-6.3302e-05
-5.6139e-05
-4.8703e-05
-4.1022e-05
-3.3125e-05
-2.5044e-05
-1.6807e-05
-8.4485e-06
2.1172e-18
8.505e-06
1.7033e-05
2.5549e-05
3.4021e-05
4.2413e-05
5.0691e-05
5.8821e-05
6.6771e-05
7.4507e-05
8.1996e-05
8.9207e-05
9.611e-05
0.00010268
0.00010887
0.00011468
0.00012006
0.00012501
0.00012948
0.00013347
0.00013695
0.00013991
0.00014233
0.0001442
0.00014551
0.00014625
0.00014641
0.00014599
0.00014499
0.0001434
0.00014123
0.00013849
0.00013518
0.00013131
0.0001269
0.00012196
0.0001165
0.00011055
0.00010412
9.7239e-05
8.9931e-05
8.2223e-05
7.4142e-05
6.5719e-05
5.6986e-05
4.7975e-05
3.8721e-05
2.926e-05
1.9627e-05
9.8613e-06
-7.7211e-19
-9.9178e-06
-1.9853e-05
-2.9766e-05
-3.9616e-05
-4.9365e-05
-5.8974e-05
-6.8401e-05
-7.7611e-05
-8.6563e-05
-9.5221e-05
-0.00010355
-0.00011151
-0.00011908
-0.00012621
-0.00013288
-0.00013906
-0.00014472
-0.00014984
-0.00015439
-0.00015835
-0.0001617
-0.00016443
-0.00016653
-0.00016797
-0.00016875
-0.00016887
-0.00016831
-0.00016709
-0.00016519
-0.00016263
-0.00015941
-0.00015554
-0.00015103
-0.0001459
-0.00014016
-0.00013384
-0.00012695
-0.00011952
-0.00011158
-0.00010316
-9.4279e-05
-8.4981e-05
-7.5299e-05
-6.5268e-05
-5.4928e-05
-4.4317e-05
-3.3476e-05
-2.2447e-05
-1.1274e-05
-1.0581e-18
1.1331e-05
2.2673e-05
3.3982e-05
4.5212e-05
5.6318e-05
6.7256e-05
7.7981e-05
8.845e-05
9.8619e-05
0.00010845
0.00011789
0.00012692
0.00013548
0.00014355
0.00015108
0.00015806
0.00016444
0.0001702
0.00017531
0.00017975
0.0001835
0.00018654
0.00018885
0.00019042
0.00019125
0.00019132
0.00019063
0.00018919
0.00018698
0.00018403
0.00018033
0.0001759
0.00017075
0.0001649
0.00015837
0.00015117
0.00014335
0.00013492
0.00012592
0.00011638
0.00010633
9.5821e-05
8.4879e-05
7.3551e-05
6.1881e-05
4.9912e-05
3.7692e-05
2.5267e-05
1.2687e-05
-2.382e-18
-1.2743e-05
-2.5493e-05
-3.8198e-05
-5.0807e-05
-6.3271e-05
-7.5539e-05
-8.7562e-05
-9.9289e-05
-0.00011068
-0.00012167
-0.00013223
-0.00014232
-0.00015188
-0.00016088
-0.00016929
-0.00017706
-0.00018416
-0.00019056
-0.00019623
-0.00020115
-0.00020529
-0.00020864
-0.00021117
-0.00021288
-0.00021375
-0.00021378
-0.00021296
-0.00021129
-0.00020878
-0.00020543
-0.00020125
-0.00019626
-0.00019047
-0.00018389
-0.00017657
-0.00016851
-0.00015975
-0.00015033
-0.00014027
-0.00012961
-0.00011839
-0.00010666
-9.4459e-05
-8.1834e-05
-6.8834e-05
-5.5508e-05
-4.1908e-05
-2.8087e-05
-1.41e-05
2.2099e-19
1.4156e-05
2.8313e-05
4.2414e-05
5.6403e-05
7.0224e-05
8.3822e-05
9.7142e-05
0.00011013
0.00012273
0.0001349
0.00014658
0.00015772
0.00016828
0.00017822
0.00018749
0.00019605
0.00020387
0.00021092
0.00021715
0.00022255
0.00022708
0.00023074
0.00023349
0.00023533
0.00023625
0.00023623
0.00023528
0.00023339
0.00023057
0.00022683
0.00022217
0.00021662
0.00021018
0.00020289
0.00019477
0.00018585
0.00017616
0.00016573
0.00015461
0.00014283
0.00013045
0.0001175
0.00010404
9.0117e-05
7.5786e-05
6.1103e-05
4.6124e-05
3.0907e-05
1.5512e-05
-4.6093e-18
-1.5569e-05
-3.1133e-05
-4.663e-05
-6.1998e-05
-7.7177e-05
-9.2105e-05
-0.00010672
-0.00012097
-0.00013479
-0.00014812
-0.00016092
-0.00017312
-0.00018468
-0.00019556
-0.00020569
-0.00021505
-0.00022359
-0.00023127
-0.00023807
-0.00024395
-0.00024888
-0.00025284
-0.00025582
-0.00025779
-0.00025875
-0.00025869
-0.0002576
-0.00025549
-0.00025236
-0.00024823
-0.00024309
-0.00023697
-0.0002299
-0.00022189
-0.00021297
-0.00020318
-0.00019256
-0.00018113
-0.00016895
-0.00015606
-0.0001425
-0.00012834
-0.00011362
-9.84e-05
-8.2739e-05
-6.6699e-05
-5.034e-05
-3.3727e-05
-1.6925e-05
2.1175e-18
1.6982e-05
3.3953e-05
5.0846e-05
6.7594e-05
8.413e-05
0.00010039
0.0001163
0.00013181
0.00014684
0.00016135
0.00017526
0.00018852
0.00020109
0.00021289
0.0002239
0.00023405
0.00024331
0.00025163
0.00025899
0.00026534
0.00027067
0.00027494
0.00027814
0.00028025
0.00028125
0.00028114
0.00027993
0.00027759
0.00027416
0.00026962
0.00026401
0.00025733
0.00024962
0.00024089
0.00023118
0.00022052
0.00020896
0.00019653
0.00018329
0.00016928
0.00015456
0.00013918
0.0001232
0.00010668
8.9692e-05
7.2294e-05
5.4556e-05
3.6547e-05
1.8338e-05
8.5934e-19
-1.8394e-05
-3.6773e-05
-5.5062e-05
-7.3189e-05
-9.1083e-05
-0.00010867
-0.00012588
-0.00014265
-0.0001589
-0.00017457
-0.0001896
-0.00020393
-0.00021749
-0.00023023
-0.0002421
-0.00025305
-0.00026302
-0.00027199
-0.00027991
-0.00028674
-0.00029246
-0.00029704
-0.00030046
-0.0003027
-0.00030375
-0.0003036
-0.00030225
-0.0002997
-0.00029595
-0.00029102
-0.00028493
-0.00027769
-0.00026933
-0.00025988
-0.00024938
-0.00023786
-0.00022536
-0.00021194
-0.00019763
-0.00018251
-0.00016662
-0.00015002
-0.00013278
-0.00011497
-9.6645e-05
-7.789e-05
-5.8772e-05
-3.9367e-05
-1.9751e-05
4.6315e-18
1.9807e-05
3.9593e-05
5.9278e-05
7.8785e-05
9.8036e-05
0.00011695
0.00013546
0.00015349
0.00017096
0.0001878
0.00020394
0.00021933
0.00023389
0.00024757
0.0002603
0.00027204
0.00028274
0.00029235
0.00030083
0.00030814
0.00031426
0.00031915
0.00032278
0.00032516
0.00032625
0.00032606
0.00032457
0.0003218
0.00031774
0.00031242
0.00030585
0.00029805
0.00028905
0.00027888
0.00026758
0.00025519
0.00024176
0.00022734
0.00021198
0.00019573
0.00017867
0.00016086
0.00014236
0.00012325
0.0001036
8.3485e-05
6.2988e-05
4.2187e-05
2.1164e-05
-1.3239e-18
-2.122e-05
-4.2413e-05
-6.3494e-05
-8.438e-05
-0.00010499
-0.00012524
-0.00014504
-0.00016433
-0.00018301
-0.00020102
-0.00021829
-0.00023473
-0.00025029
-0.0002649
-0.0002785
-0.00029104
-0.00030246
-0.00031271
-0.00032175
-0.00032954
-0.00033605
-0.00034125
-0.00034511
-0.00034761
-0.00034875
-0.00034851
-0.00034689
-0.0003439
-0.00033954
-0.00033382
-0.00032677
-0.00031841
-0.00030877
-0.00029788
-0.00028579
-0.00027253
-0.00025816
-0.00024274
-0.00022632
-0.00020896
-0.00019073
-0.0001717
-0.00015194
-0.00013153
-0.00011055
-8.9081e-05
-6.7204e-05
-4.5007e-05
-2.2576e-05
7.7629e-18
2.2633e-05
4.5233e-05
6.771e-05
8.9976e-05
0.00011194
0.00013352
0.00015462
0.00017517
0.00019507
0.00021425
0.00023263
0.00025013
0.00026669
0.00028224
0.00029671
0.00031004
0.00032217
0.00033307
0.00034267
0.00035094
0.00035784
0.00036335
0.00036743
0.00037007
0.00037125
0.00037097
0.00036922
0.000366
0.00036133
0.00035522
0.00034769
0.00033877
0.00032848
0.00031688
0.00030399
0.00028987
0.00027457
0.00025814
0.00024066
0.00022218
0.00020278
0.00018254
0.00016152
0.00013981
0.0001175
9.4676e-05
7.142e-05
4.7827e-05
2.3989e-05
-4.1245e-18
-2.4046e-05
-4.8053e-05
-7.1926e-05
-9.5572e-05
-0.00011889
-0.0001418
-0.0001642
-0.00018601
-0.00020712
-0.00022747
-0.00024697
-0.00026554
-0.00028309
-0.00029958
-0.00031491
-0.00032903
-0.00034189
-0.00035343
-0.00036359
-0.00037234
-0.00037964
-0.00038545
-0.00038975
-0.00039252
-0.00039375
-0.00039342
-0.00039154
-0.0003881
-0.00038312
-0.00037662
-0.00036861
-0.00035913
-0.0003482
-0.00033587
-0.00032219
-0.0003072
-0.00029097
-0.00027355
-0.000255
-0.00023541
-0.00021484
-0.00019338
-0.0001711
-0.0001481
-0.00012446
-0.00010027
-7.5636e-05
-5.0647e-05
-2.5402e-05
1.0027e-21
2.5458e-05
5.0873e-05
7.6142e-05
0.00010117
0.00012585
0.00015008
0.00017378
0.00019684
0.00021918
0.0002407
0.00026131
0.00028094
0.0002995
0.00031691
0.00033311
0.00034803
0.00036161
0.00037378
0.00038451
0.00039374
0.00040143
0.00040755
0.00041207
0.00041498
0.00041625
0.00041588
0.00041386
0.0004102
0.00040492
0.00039802
0.00038953
0.00037948
0.00036792
0.00035487
0.00034039
0.00032454
0.00030737
0.00028895
0.00026934
0.00024863
0.0002269
0.00020422
0.00018068
0.00015638
0.00013141
0.00010587
7.9853e-05
5.3467e-05
2.6815e-05
-7.5426e-18
-2.6871e-05
-5.3693e-05
-8.0358e-05
-0.00010676
-0.0001328
-0.00015837
-0.00018336
-0.00020768
-0.00023124
-0.00025392
-0.00027565
-0.00029634
-0.0003159
-0.00033425
-0.00035132
-0.00036703
-0.00038132
-0.00039414
-0.00040543
-0.00041514
-0.00042322
-0.00042965
-0.0004344
-0.00043744
-0.00043875
-0.00043833
-0.00043618
-0.0004323
-0.00042671
-0.00041942
-0.00041045
-0.00039984
-0.00038763
-0.00037387
-0.0003586
-0.00034188
-0.00032377
-0.00030435
-0.00028369
-0.00026186
-0.00023895
-0.00021505
-0.00019026
-0.00016466
-0.00013836
-0.00011146
-8.4069e-05
-5.6287e-05
-2.8227e-05
-9.7014e-18
2.8256e-05
5.64e-05
8.4322e-05
0.00011191
0.00013906
0.00016566
0.0001916
0.00021679
0.00024112
0.0002645
0.00028684
0.00030805
0.00032804
0.00034673
0.00036406
0.00037995
0.00039434
0.00040717
0.0004184
0.00042798
0.00043586
0.00044203
0.00044645
0.00044911
0.00045
0.00044911
0.00044645
0.00044203
0.00043586
0.00042798
0.0004184
0.00040717
0.00039434
0.00037995
0.00036406
0.00034673
0.00032804
0.00030805
0.00028684
0.0002645
0.00024112
0.00021679
0.0001916
0.00016566
0.00013906
0.00011191
8.4322e-05
5.64e-05
2.8256e-05
1.7629e-18
-2.8256e-05
-5.64e-05
-8.4322e-05
-0.00011191
-0.00013906
-0.00016566
-0.0001916
-0.00021679
-0.00024112
-0.0002645
-0.00028684
-0.00030805
-0.00032804
-0.00034673
-0.00036406
-0.00037995
-0.00039434
-0.00040717
-0.0004184
-0.00042798
-0.00043586
-0.00044203
-0.00044645
-0.00044911
-0.00045
-0.00044911
-0.00044645
-0.00044203
-0.00043586
-0.00042798
-0.0004184
-0.00040717
-0.00039434
-0.00037995
-0.00036406
-0.00034673
-0.00032804
-0.00030805
-0.00028684
-0.0002645
-0.00024112
-0.00021679
-0.0001916
-0.00016566
-0.00013906
-0.00011191
-8.4322e-05
-5.64e-05
-2.8256e-05
-6.6142e-18
2.8256e-05
5.64e-05
8.4322e-05
0.00011191
0.00013906
0.00016566
0.0001916
0.00021679
0.00024112
0.0002645
0.00028684
0.00030805
0.00032804
0.00034673
0.00036406
0.00037995
0.00039434
0.00040717
0.0004184
0.00042798
0.00043586
0.00044203
0.00044645
0.00044911
0.00045
0.00044911
0.00044645
0.00044203
0.00043586
0.00042798
0.0004184
0.00040717
0.00039434
0.00037995
0.00036406
0.00034673
0.00032804
0.00030805
0.00028684
0.0002645
0.00024112
0.00021679
0.0001916
0.00016566
0.00013906
0.00011191
8.4322e-05
5.64e-05
2.8256e-05
1.1465e-17
-2.8256e-05
-5.64e-05
-8.4322e-05
-0.00011191
-0.00013906
-0.00016566
-0.0001916
-0.00021679
-0.00024112
-0.0002645
-0.00028684
-0.00030805
-0.00032804
-0.00034673
-0.00036406
-0.00037995
-0.00039434
-0.00040717
-0.0004184
-0.00042798
-0.00043586
-0.00044203
-0.00044645
-0.00044911
-0.00045
-0.00044911
-0.00044645
-0.00044203
-0.00043586
-0.00042798
-0.0004184
-0.00040717
-0.00039434
-0.00037995
-0.00036406
-0.00034673
-0.00032804
-0.00030805
-0.00028684
-0.0002645
-0.00024112
-0.00021679
-0.0001916
-0.00016566
-0.00013906
-0.00011191
-8.4322e-05
-5.64e-05
-2.8256e-05
-3.527e-18
2.8256e-05
5.64e-05
8.4322e-05
0.00011191
0.00013906
0.00016566
0.0001916
0.00021679
0.00024112
0.0002645
0.00028684
0.00030805
0.00032804
0.00034673
0.00036406
0.00037995
0.00039434
0.00040717
0.0004184
0.00042798
0.00043586
0.00044203
0.00044645
0.00044911
0.00045
0.00044911
0.00044645
0.00044203
0.00043586
0.00042798
0.0004184
0.00040717
0.00039434
0.00037995
0.00036406
0.00034673
0.00032804
0.00030805
0.00028684
0.0002645
0.00024112
0.00021679
0.0001916
0.00016566
0.00013906
0.00011191
8.4322e-05
5.64e-05
2.8256e-05
8.3783e-18
-2.8256e-05
-5.64e-05
-8.4322e-05
-0.00011191
-0.00013906
-0.00016566
-0.0001916
-0.00021679
-0.00024112
-0.0002645
-0.00028684
-0.00030805
-0.00032804
-0.00034673
-0.00036406
-0.00037995
-0.00039434
-0.00040717
-0.0004184
-0.00042798
-0.00043586
-0.00044203
-0.00044645
-0.00044911
-0.00045
-0.00044911
-0.00044645
-0.00044203
-0.00043586
-0.00042798
-0.0004184
-0.00040717
-0.00039434
-0.00037995
-0.00036406
-0.00034673
-0.00032804
-0.00030805
-0.00028684
-0.0002645
-0.00024112
-0.00021679
-0.0001916
-0.00016566
-0.00013906
-0.00011191
-8.4322e-05
-5.64e-05
-2.8256e-05
-4.3976e-19
2.8256e-05
5.64e-05
8.4322e-05
0.00011191
0.00013906
0.00016566
0.0001916
0.00021679
0.00024112
0.0002645
0.00028684
0.00030805
0.00032804
0.00034673
0.00036406
0.00037995
0.00039434
0.00040717
0.0004184
0.00042798
0.00043586
0.00044203
0.00044645
0.00044911
0.00045
0.00044911
0.00044645
0.00044203
0.00043586
0.00042798
0.0004184
0.00040717
0.00039434
0.00037995
0.00036406
0.00034673
0.00032804
0.00030805
0.00028684
0.0002645
0.00024112
0.00021679
0.0001916
0.00016566
0.00013906
0.00011191
8.4322e-05
5.64e-05
2.8256e-05
5.291e-18
-2.8256e-05
-5.64e-05
-8.4322e-05
-0.00011191
-0.00013906
-0.00016566
-0.0001916
-0.00021679
-0.00024112
-0.0002645
-0.00028684
-0.00030805
-0.00032804
-0.00034673
-0.00036406
-0.00037995
-0.00039434
-0.00040717
-0.0004184
-0.00042798
-0.00043586
-0.00044203
-0.00044645
-0.00044911
-0.00045
-0.00044911
-0.00044645
-0.00044203
-0.00043586
-0.00042798
-0.0004184
-0.00040717
-0.00039434
-0.00037995
-0.00036406
-0.00034673
-0.00032804
-0.00030805
-0.00028684
-0.0002645
-0.00024112
-0.00021679
-0.0001916
-0.00016566
-0.00013906
-0.00011191
-8.4322e-05
-5.64e-05
-2.8256e-05
-1.0142e-17
2.8256e-05
5.64e-05
8.4322e-05
0.00011191
0.00013906
0.00016566
0.0001916
0.00021679
0.00024112
0.0002645
0.00028684
0.00030805
0.00032804
0.00034673
0.00036406
0.00037995
0.00039434
0.00040717
0.0004184
0.00042798
0.00043586
0.00044203
0.00044645
0.00044911
0.00045
0.00044911
0.00044645
0.00044203
0.00043586
0.00042798
0.0004184
0.00040717
0.00039434
0.00037995
0.00036406
0.00034673
0.00032804
0.00030805
0.00028684
0.0002645
0.00024112
0.00021679
0.0001916
0.00016566
0.00013906
0.00011191
8.4322e-05
5.64e-05
2.8256e-05
2.2038e-18
-2.8256e-05
-5.64e-05
-8.4322e-05
-0.00011191
-0.00013906
-0.00016566
-0.0001916
-0.00021679
-0.00024112
-0.0002645
-0.00028684
-0.00030805
-0.00032804
-0.00034673
-0.00036406
-0.00037995
-0.00039434
-0.00040717
-0.0004184
-0.00042798
-0.00043586
-0.00044203
-0.00044645
-0.00044911
-0.00045
-0.00044911
-0.00044645
-0.00044203
-0.00043586
-0.00042798
-0.0004184
-0.00040717
-0.00039434
-0.00037995
-0.00036406
-0.00034673
-0.00032804
-0.00030805
-0.00028684
-0.0002645
-0.00024112
-0.00021679
-0.0001916
-0.00016566
-0.00013906
-0.00011191
-8.4322e-05
-5.64e-05
-2.8256e-05
-7.0551e-18
2.8256e-05
5.64e-05
8.4322e-05
0.00011191
0.00013906
0.00016566
0.0001916
0.00021679
0.00024112
0.0002645
0.00028684
0.00030805
0.00032804
0.00034673
0.00036406
0.00037995
0.00039434
0.00040717
0.0004184
0.00042798
0.00043586
0.00044203
0.00044645
0.00044911
0.00045
0.00044911
0.00044645
0.00044203
0.00043586
0.00042798
0.0004184
0.00040717
0.00039434
0.00037995
0.00036406
0.00034673
0.00032804
0.00030805
0.00028684
0.0002645
0.00024112
0.00021679
0.0001916
0.00016566
0.00013906
0.00011191
8.4322e-05
5.64e-05
2.8256e-05
-8.8342e-19
-2.8256e-05
-5.64e-05
-8.4322e-05
-0.00011191
-0.00013906
-0.00016566
-0.0001916
-0.00021679
-0.00024112
-0.0002645
-0.00028684
-0.00030805
-0.00032804
-0.00034673
-0.00036406
-0.00037995
-0.00039434
-0.00040717
-0.0004184
-0.00042798
-0.00043586
-0.00044203
-0.00044645
-0.00044911
-0.00045
-0.00044911
-0.00044645
-0.00044203
-0.00043586
-0.00042798
-0.0004184
-0.00040717
-0.00039434
-0.00037995
-0.00036406
-0.00034673
-0.00032804
-0.00030805
-0.00028684
-0.0002645
-0.00024112
-0.00021679
-0.0001916
-0.00016566
-0.00013906
-0.00011191
-8.4322e-05
-5.64e-05
-2.8256e-05
-3.9679e-18
2.8256e-05
5.64e-05
8.4322e-05
0.00011191
0.00013906
0.00016566
0.0001916
0.00021679
0.00024112
0.0002645
0.00028684
0.00030805
0.00032804
0.00034673
0.00036406
0.00037995
0.00039434
0.00040717
0.0004184
0.00042798
0.00043586
0.00044203
0.00044645
0.00044911
0.00045
0.00044911
0.00044645
0.00044203
0.00043586
0.00042798
0.0004184
0.00040717
0.00039434
0.00037995
0.00036406
0.00034673
0.00032804
0.00030805
0.00028684
0.0002645
0.00024112
0.00021679
0.0001916
0.00016566
0.00013906
0.00011191
8.4322e-05
5.64e-05
2.8256e-05
8.8191e-18
-2.8256e-05
-5.64e-05
-8.4322e-05
-0.00011191
-0.00013906
-0.00016566
-0.0001916
-0.00021679
-0.00024112
-0.0002645
-0.00028684
-0.00030805
-0.00032804
-0.00034673
-0.00036406
-0.00037995
-0.00039434
-0.00040717
-0.0004184
-0.00042798
-0.00043586
-0.00044203
-0.00044645
-0.00044911
-0.00045
-0.00044911
-0.00044645
-0.00044203
-0.00043586
-0.00042798
-0.0004184
-0.00040717
-0.00039434
-0.00037995
-0.00036406
-0.00034673
-0.00032804
-0.00030805
-0.00028684
-0.0002645
-0.00024112
-0.00021679
-0.0001916
-0.00016566
-0.00013906
-0.00011191
-8.4322e-05
-5.64e-05
-2.8256e-05
-8.8063e-19
2.8256e-05
5.64e-05
8.4322e-05
0.00011191
0.00013906
0.00016566
0.0001916
0.00021679
0.00024112
0.0002645
0.00028684
0.00030805
0.00032804
0.00034673
0.00036406
0.00037995
0.00039434
0.00040717
0.0004184
0.00042798
0.00043586
0.00044203
0.00044645
0.00044911
0.00045
0.00044911
0.00044645
0.00044203
0.00043586
0.00042798
0.0004184
0.00040717
0.00039434
0.00037995
0.00036406
0.00034673
0.00032804
0.00030805
0.00028684
0.0002645
0.00024112
0.00021679
0.0001916
0.00016566
0.00013906
0.00011191
8.4322e-05
5.64e-05
2.8256e-05
5.7319e-18
-2.8256e-05
-5.64e-05
-8.4322e-05
-0.00011191
-0.00013906
-0.00016566
-0.0001916
-0.00021679
-0.00024112
-0.0002645
-0.00028684
-0.00030805
-0.00032804
-0.00034673
-0.00036406
-0.00037995
-0.00039434
-0.00040717
-0.0004184
-0.00042798
-0.00043586
-0.00044203
-0.00044645
-0.00044911
-0.00045
-0.00044911
-0.00044645
-0.00044203
-0.00043586
-0.00042798
-0.0004184
-0.00040717
-0.00039434
-0.00037995
-0.00036406
-0.00034673
-0.00032804
-0.00030805
-0.00028684
-0.0002645
-0.00024112
-0.00021679
-0.0001916
-0.00016566
-0.00013906
-0.00011191
-8.4322e-05
-5.64e-05
-2.8256e-05
2.2066e-18
2.8256e-05
5.64e-05
8.4322e-05
0.00011191
0.00013906
0.00016566
0.0001916
0.00021679
0.00024112
0.0002645
0.00028684
0.00030805
0.00032804
0.00034673
0.00036406
0.00037995
0.00039434
0.00040717
0.0004184
0.00042798
0.00043586
0.00044203
0.00044645
0.00044911
0.00045
0.00044911
0.00044645
0.00044203
0.00043586
0.00042798
0.0004184
0.00040717
0.00039434
0.00037995
0.00036406
0.00034673
0.00032804
0.00030805
0.00028684
0.0002645
0.00024112
0.00021679
0.0001916
0.00016566
0.00013906
0.00011191
8.4322e-05
5.64e-05
2.8256e-05
2.6447e-18
-2.8256e-05
-5.64e-05
-8.4322e-05
-0.00011191
-0.00013906
-0.00016566
-0.0001916
-0.00021679
-0.00024112
-0.0002645
-0.00028684
-0.00030805
-0.00032804
-0.00034673
-0.00036406
-0.00037995
-0.00039434
-0.00040717
-0.0004184
-0.00042798
-0.00043586
-0.00044203
-0.00044645
-0.00044911
-0.00045
-0.00044911
-0.00044645
-0.00044203
-0.00043586
-0.00042798
-0.0004184
-0.00040717
-0.00039434
-0.00037995
-0.00036406
-0.00034673
-0.00032804
-0.00030805
-0.00028684
-0.0002645
-0.00024112
-0.00021679
-0.0001916
-0.00016566
-0.00013906
-0.00011191
-8.4322e-05
-5.64e-05
-2.8256e-05
-7.496e-18
2.8256e-05
5.64e-05
8.4322e-05
0.00011191
0.00013906
0.00016566
0.0001916
0.00021679
0.00024112
0.0002645
0.00028684
0.00030805
0.00032804
0.00034673
0.00036406
0.00037995
0.00039434
0.00040717
0.0004184
0.00042798
0.00043586
0.00044203
0.00044645
0.00044911
0.00045
0.00044911
0.00044645
0.00044203
0.00043586
0.00042798
0.0004184
0.00040717
0.00039434
0.00037995
0.00036406
0.00034673
0.00032804
0.00030805
0.00028684
0.0002645
0.00024112
0.00021679
0.0001916
0.00016566
0.00013906
0.00011191
8.4322e-05
5.64e-05
2.8256e-05
-4.4254e-19
-2.8256e-05
-5.64e-05
-8.4322e-05
-0.00011191
-0.00013906
-0.00016566
-0.0001916
-0.00021679
-0.00024112
-0.0002645
-0.00028684
-0.00030805
-0.00032804
-0.00034673
-0.00036406
-0.00037995
-0.00039434
-0.00040717
-0.0004184
-0.00042798
-0.00043586
-0.00044203
-0.00044645
-0.00044911
-0.00045
-0.00044911
-0.00044645
-0.00044203
-0.00043586
-0.00042798
-0.0004184
-0.00040717
-0.00039434
-0.00037995
-0.00036406
-0.00034673
-0.00032804
-0.00030805
-0.00028684
-0.0002645
-0.00024112
-0.00021679
-0.0001916
-0.00016566
-0.00013906
-0.00011191
-8.4322e-05
-5.64e-05
-2.8256e-05
-4.4087e-18
2.8256e-05
5.64e-05
8.4322e-05
0.00011191
0.00013906
0.00016566
0.0001916
0.00021679
0.00024112
0.0002645
0.00028684
0.00030805
0.00032804
0.00034673
0.00036406
0.00037995
0.00039434
0.00040717
0.0004184
0.00042798
0.00043586
0.00044203
0.00044645
0.00044911
0.00045
0.00044911
0.00044645
0.00044203
0.00043586
0.00042798
0.0004184
0.00040717
0.00039434
0.00037995
0.00036406
0.00034673
0.00032804
0.00030805
0.00028684
0.0002645
0.00024112
0.00021679
0.0001916
0.00016566
0.00013906
0.00011191
8.4322e-05
5.64e-05
2.8256e-05
9.26e-18
-2.8256e-05
-5.64e-05
-8.4322e-05
-0.00011191
-0.00013906
-0.00016566
-0.0001916
-0.00021679
-0.00024112
-0.0002645
-0.00028684
-0.00030805
-0.00032804
-0.00034673
-0.00036406
-0.00037995
-0.00039434
-0.00040717
-0.0004184
-0.00042798
-0.00043586
-0.00044203
-0.00044645
-0.00044911
-0.00045
-0.00044911
-0.00044645
-0.00044203
-0.00043586
-0.00042798
-0.0004184
-0.00040717
-0.00039434
-0.00037995
-0.00036406
-0.00034673
-0.00032804
-0.00030805
-0.00028684
-0.0002645
-0.00024112
-0.00021679
-0.0001916
-0.00016566
-0.00013906
-0.00011191
-8.4322e-05
-5.64e-05
-2.8256e-05
-1.4111e-17
2.8256e-05
5.64e-05
8.4322e-05
0.00011191
0.00013906
0.00016566
0.0001916
0.00021679
0.00024112
0.0002645
0.00028684
0.00030805
0.00032804
0.00034673
0.00036406
0.00037995
0.00039434
0.00040717
0.0004184
0.00042798
0.00043586
0.00044203
0.00044645
0.00044911
0.00045
0.00044911
0.00044645
0.00044203
0.00043586
0.00042798
0.0004184
0.00040717
0.00039434
0.00037995
0.00036406
0.00034673
0.00032804
0.00030805
0.00028684
0.0002645
0.00024112
0.00021679
0.0001916
0.00016566
0.00013906
0.00011191
8.4322e-05
5.64e-05
2.8256e-05
-6.617e-18
-2.8256e-05
-5.64e-05
-8.4322e-05
-0.00011191
-0.00013906
-0.00016566
-0.0001916
-0.00021679
-0.00024112
-0.0002645
-0.00028684
-0.00030805
-0.00032804
-0.00034673
-0.00036406
-0.00037995
-0.00039434
-0.00040717
-0.0004184
-0.00042798
-0.00043586
-0.00044203
-0.00044645
-0.00044911
-0.00045
-0.00044911
-0.00044645
-0.00044203
-0.00043586
-0.00042798
-0.0004184
-0.00040717
-0.00039434
-0.00037995
-0.00036406
-0.00034673
-0.00032804
-0.00030805
-0.00028684
-0.0002645
-0.00024112
-0.00021679
-0.0001916
-0.00016566
-0.00013906
-0.00011191
-8.4322e-05
-5.64e-05
-2.8256e-05
1.7657e-18
2.8256e-05
5.64e-05
8.4322e-05
0.00011191
0.00013906
0.00016566
0.0001916
0.00021679
0.00024112
0.0002645
0.00028684
0.00030805
0.00032804
0.00034673
0.00036406
0.00037995
0.00039434
0.00040717
0.0004184
0.00042798
0.00043586
0.00044203
0.00044645
0.00044911
0.00045
0.00044911
0.00044645
0.00044203
0.00043586
0.00042798
0.0004184
0.00040717
0.00039434
0.00037995
0.00036406
0.00034673
0.00032804
0.00030805
0.00028684
0.0002645
0.00024112
0.00021679
0.0001916
0.00016566
0.00013906
0.00011191
8.4322e-05
5.64e-05
2.8256e-05
3.0856e-18
-2.8256e-05
-5.64e-05
-8.4322e-05
-0.00011191
-0.00013906
-0.00016566
-0.0001916
-0.00021679
-0.00024112
-0.0002645
-0.00028684
-0.00030805
-0.00032804
-0.00034673
-0.00036406
-0.00037995
-0.00039434
-0.00040717
-0.0004184
-0.00042798
-0.00043586
-0.00044203
-0.00044645
-0.00044911
-0.00045
-0.00044911
-0.00044645
-0.00044203
-0.00043586
-0.00042798
-0.0004184
-0.00040717
-0.00039434
-0.00037995
-0.00036406
-0.00034673
-0.00032804
-0.00030805
-0.00028684
-0.0002645
-0.00024112
-0.00021679
-0.0001916
-0.00016566
-0.00013906
-0.00011191
-8.4322e-05
-5.64e-05
-2.8256e-05
-7.9368e-18
2.8256e-05
5.64e-05
8.4322e-05
0.00011191
0.00013906
0.00016566
0.0001916
0.00021679
0.00024112
0.0002645
0.00028684
0.00030805
0.00032804
0.00034673
0.00036406
0.00037995
0.00039434
0.00040717
0.0004184
0.00042798
0.00043586
0.00044203
0.00044645
0.00044911
0.00045
0.00044911
0.00044645
0.00044203
0.00043586
0.00042798
0.0004184
0.00040717
0.00039434
0.00037995
0.00036406
0.00034673
0.00032804
0.00030805
0.00028684
0.0002645
0.00024112
0.00021679
0.0001916
0.00016566
0.00013906
0.00011191
8.4322e-05
5.64e-05
2.8256e-05
-1.2791e-17
-2.8256e-05
-5.64e-05
-8.4322e-05
-0.00011191
-0.00013906
-0.00016566
-0.0001916
-0.00021679
-0.00024112
-0.0002645
-0.00028684
-0.00030805
-0.00032804
-0.00034673
-0.00036406
-0.00037995
-0.00039434
-0.00040717
-0.0004184
-0.00042798
-0.00043586
-0.00044203
-0.00044645
-0.00044911
-0.00045
-0.00044911
-0.00044645
-0.00044203
-0.00043586
-0.00042798
-0.0004184
-0.00040717
-0.00039434
-0.00037995
-0.00036406
-0.00034673
-0.00032804
-0.00030805
-0.00028684
-0.0002645
-0.00024112
-0.00021679
-0.0001916
-0.00016566
-0.00013906
-0.00011191
-8.4322e-05
-5.64e-05
-2.8256e-05
7.9402e-18
2.8256e-05
5.64e-05
8.4322e-05
0.00011191
0.00013906
0.00016566
0.0001916
0.00021679
0.00024112
0.0002645
0.00028684
0.00030805
0.00032804
0.00034673
0.00036406
0.00037995
0.00039434
0.00040717
0.0004184
0.00042798
0.00043586
0.00044203
0.00044645
0.00044911
0.00045
0.00044911
0.00044645
0.00044203
0.00043586
0.00042798
0.0004184
0.00040717
0.00039434
0.00037995
0.00036406
0.00034673
0.00032804
0.00030805
0.00028684
0.0002645
0.00024112
0.00021679
0.0001916
0.00016566
0.00013906
0.00011191
8.4322e-05
5.64e-05
2.8256e-05
-3.0889e-18
-2.8256e-05
-5.64e-05
-8.4322e-05
-0.00011191
-0.00013906
-0.00016566
-0.0001916
-0.00021679
-0.00024112
-0.0002645
-0.00028684
-0.00030805
-0.00032804
-0.00034673
-0.00036406
-0.00037995
-0.00039434
-0.00040717
-0.0004184
-0.00042798
-0.00043586
-0.00044203
-0.00044645
-0.00044911
-0.00045
-0.00044911
-0.00044645
-0.00044203
-0.00043586
-0.00042798
-0.0004184
-0.00040717
-0.00039434
-0.00037995
-0.00036406
-0.00034673
-0.00032804
-0.00030805
-0.00028684
-0.0002645
-0.00024112
-0.00021679
-0.0001916
-0.00016566
-0.00013906
-0.00011191
-8.4322e-05
-5.64e-05
-2.8256e-05
-1.7624e-18
2.8256e-05
5.64e-05
8.4322e-05
0.00011191
0.00013906
0.00016566
0.0001916
0.00021679
0.00024112
0.0002645
0.00028684
0.00030805
0.00032804
0.00034673
0.00036406
0.00037995
0.00039434
0.00040717
0.0004184
0.00042798
0.00043586
0.00044203
0.00044645
0.00044911
0.00045
0.00044911
0.00044645
0.00044203
0.00043586
0.00042798
0.0004184
0.00040717
0.00039434
0.00037995
0.00036406
0.00034673
0.00032804
0.00030805
0.00028684
0.0002645
0.00024112
0.00021679
0.0001916
0.00016566
0.00013906
0.00011191
8.4322e-05
5.64e-05
2.8256e-05
6.6136e-18
-2.8256e-05
-5.64e-05
-8.4322e-05
-0.00011191
-0.00013906
-0.00016566
-0.0001916
-0.00021679
-0.00024112
-0.0002645
-0.00028684
-0.00030805
-0.00032804
-0.00034673
-0.00036406
-0.00037995
-0.00039434
-0.00040717
-0.0004184
-0.00042798
-0.00043586
-0.00044203
-0.00044645
-0.00044911
-0.00045
-0.00044911
-0.00044645
-0.00044203
-0.00043586
-0.00042798
-0.0004184
-0.00040717
-0.00039434
-0.00037995
-0.00036406
-0.00034673
-0.00032804
-0.00030805
-0.00028684
-0.0002645
-0.00024112
-0.00021679
-0.0001916
-0.00016566
-0.00013906
-0.00011191
-8.4322e-05
-5.64e-05
-2.8256e-05
1.4115e-17
2.8256e-05
5.64e-05
8.4322e-05
0.00011191
0.00013906
0.00016566
0.0001916
0.00021679
0.00024112
0.0002645
0.00028684
0.00030805
0.00032804
0.00034673
0.00036406
0.00037995
0.00039434
0.00040717
0.0004184
0.00042798
0.00043586
0.00044203
0.00044645
0.00044911
0.00045
0.00044911
0.00044645
0.00044203
0.00043586
0.00042798
0.0004184
0.00040717
0.00039434
0.00037995
0.00036406
0.00034673
0.00032804
0.00030805
0.00028684
0.0002645
0.00024112
0.00021679
0.0001916
0.00016566
0.00013906
0.00011191
8.4322e-05
5.64e-05
2.8256e-05
-9.2633e-18
-2.8256e-05
-5.64e-05
-8.4322e-05
-0.00011191
-0.00013906
-0.00016566
-0.0001916
-0.00021679
-0.00024112
-0.0002645
-0.00028684
-0.00030805
-0.00032804
-0.00034673
-0.00036406
-0.00037995
-0.00039434
-0.00040717
-0.0004184
-0.00042798
-0.00043586
-0.00044203
-0.00044645
-0.00044911
-0.00045
-0.00044911
-0.00044645
-0.00044203
-0.00043586
-0.00042798
-0.0004184
-0.00040717
-0.00039434
-0.00037995
-0.00036406
-0.00034673
-0.00032804
-0.00030805
-0.00028684
-0.0002645
-0.00024112
-0.00021679
-0.0001916
-0.00016566
-0.00013906
-0.00011191
-8.4322e-05
-5.64e-05
-2.8256e-05
4.4121e-18
2.8256e-05
5.64e-05
8.4322e-05
0.00011191
0.00013906
0.00016566
0.0001916
0.00021679
0.00024112
0.0002645
0.00028684
0.00030805
0.00032804
0.00034673
0.00036406
0.00037995
0.00039434
0.00040717
0.0004184
0.00042798
0.00043586
0.00044203
0.00044645
0.00044911
0.00045
0.00044911
0.00044645
0.00044203
0.00043586
0.00042798
0.0004184
0.00040717
0.00039434
0.00037995
0.00036406
0.00034673
0.00032804
0.00030805
0.00028684
0.0002645
0.00024112
0.00021679
0.0001916
0.00016566
0.00013906
0.00011191
8.4322e-05
5.64e-05
2.8256e-05
4.392e-19
-2.8256e-05
-5.64e-05
-8.4322e-05
-0.00011191
-0.00013906
-0.00016566
-0.0001916
-0.00021679
-0.00024112
-0.0002645
-0.00028684
-0.00030805
-0.00032804
-0.00034673
-0.00036406
-0.00037995
-0.00039434
-0.00040717
-0.0004184
-0.00042798
-0.00043586
-0.00044203
-0.00044645
-0.00044911
-0.00045
-0.00044911
-0.00044645
-0.00044203
-0.00043586
-0.00042798
-0.0004184
-0.00040717
-0.00039434
-0.00037995
-0.00036406
-0.00034673
-0.00032804
-0.00030805
-0.00028684
-0.0002645
-0.00024112
-0.00021679
-0.0001916
-0.00016566
-0.00013906
-0.00011191
-8.4322e-05
-5.64e-05
-2.8256e-05
-5.2905e-18
2.8256e-05
5.64e-05
8.4322e-05
0.00011191
0.00013906
0.00016566
0.0001916
0.00021679
0.00024112
0.0002645
0.00028684
0.00030805
0.00032804
0.00034673
0.00036406
0.00037995
0.00039434
0.00040717
0.0004184
0.00042798
0.00043586
0.00044203
0.00044645
0.00044911
0.00045
0.00044911
0.00044645
0.00044203
0.00043586
0.00042798
0.0004184
0.00040717
0.00039434
0.00037995
0.00036406
0.00034673
0.00032804
0.00030805
0.00028684
0.0002645
0.00024112
0.00021679
0.0001916
0.00016566
0.00013906
0.00011191
8.4322e-05
5.64e-05
2.8256e-05
-1.5438e-17
-2.8256e-05
-5.64e-05
-8.4322e-05
-0.00011191
-0.00013906
-0.00016566
-0.0001916
-0.00021679
-0.00024112
-0.0002645
-0.00028684
-0.00030805
-0.00032804
-0.00034673
-0.00036406
-0.00037995
-0.00039434
-0.00040717
-0.0004184
-0.00042798
-0.00043586
-0.00044203
-0.00044645
-0.00044911
-0.00045
-0.00044911
-0.00044645
-0.00044203
-0.00043586
-0.00042798
-0.0004184
-0.00040717
-0.00039434
-0.00037995
-0.00036406
-0.00034673
-0.00032804
-0.00030805
-0.00028684
-0.0002645
-0.00024112
-0.00021679
-0.0001916
-0.00016566
-0.00013906
-0.00011191
-8.4322e-05
-5.64e-05
-2.8256e-05
1.0587e-17
2.8256e-05
5.64e-05
8.4322e-05
0.00011191
0.00013906
0.00016566
0.0001916
0.00021679
0.00024112
0.0002645
0.00028684
0.00030805
0.00032804
0.00034673
0.00036406
0.00037995
0.00039434
0.00040717
0.0004184
0.00042798
0.00043586
0.00044203
0.00044645
0.00044911
0.00045
0.00044911
0.00044645
0.00044203
0.00043586
0.00042798
0.0004184
0.00040717
0.00039434
0.00037995
0.00036406
0.00034673
0.00032804
0.00030805
0.00028684
0.0002645
0.00024112
0.00021679
0.0001916
0.00016566
0.00013906
0.00011191
8.4322e-05
5.64e-05
2.8256e-05
-5.7352e-18
-2.8256e-05
-5.64e-05
-8.4322e-05
-0.00011191
-0.00013906
-0.00016566
-0.0001916
-0.00021679
-0.00024112
-0.0002645
-0.00028684
-0.00030805
-0.00032804
-0.00034673
-0.00036406
-0.00037995
-0.00039434
-0.00040717
-0.0004184
-0.00042798
-0.00043586
-0.00044203
-0.00044645
-0.00044911
-0.00045
-0.00044911
-0.00044645
-0.00044203
-0.00043586
-0.00042798
-0.0004184
-0.00040717
-0.00039434
-0.00037995
-0.00036406
-0.00034673
-0.00032804
-0.00030805
-0.00028684
-0.0002645
-0.00024112
-0.00021679
-0.0001916
-0.00016566
-0.00013906
-0.00011191
-8.4322e-05
-5.64e-05
-2.8256e-05
8.8397e-19
2.8256e-05
5.64e-05
8.4322e-05
0.00011191
0.00013906
0.00016566
0.0001916
0.00021679
0.00024112
0.0002645
0.00028684
0.00030805
0.00032804
0.00034673
0.00036406
0.00037995
0.00039434
0.00040717
0.0004184
0.00042798
0.00043586
0.00044203
0.00044645
0.00044911
0.00045
0.00044911
0.00044645
0.00044203
0.00043586
0.00042798
0.0004184
0.00040717
0.00039434
0.00037995
0.00036406
0.00034673
0.00032804
0.00030805
0.00028684
0.0002645
0.00024112
0.00021679
0.0001916
0.00016566
0.00013906
0.00011191
8.4322e-05
5.64e-05
2.8256e-05
3.9673e-18
-2.8256e-05
-5.64e-05
-8.4322e-05
-0.00011191
-0.00013906
-0.00016566
-0.0001916
-0.00021679
-0.00024112
-0.0002645
-0.00028684
-0.00030805
-0.00032804
-0.00034673
-0.00036406
-0.00037995
-0.00039434
-0.00040717
-0.0004184
-0.00042798
-0.00043586
-0.00044203
-0.00044645
-0.00044911
-0.00045
-0.00044911
-0.00044645
-0.00044203
-0.00043586
-0.00042798
-0.0004184
-0.00040717
-0.00039434
-0.00037995
-0.00036406
-0.00034673
-0.00032804
-0.00030805
-0.00028684
-0.0002645
-0.00024112
-0.00021679
-0.0001916
-0.00016566
-0.00013906
-0.00011191
-8.4322e-05
-5.64e-05
-2.8256e-05
-8.8186e-18
2.8256e-05
5.64e-05
8.4322e-05
0.00011191
0.00013906
0.00016566
0.0001916
0.00021679
0.00024112
0.0002645
0.00028684
0.00030805
0.00032804
0.00034673
0.00036406
0.00037995
0.00039434
0.00040717
0.0004184
0.00042798
0.00043586
0.00044203
0.00044645
0.00044911
0.00045
0.00044911
0.00044645
0.00044203
0.00043586
0.00042798
0.0004184
0.00040717
0.00039434
0.00037995
0.00036406
0.00034673
0.00032804
0.00030805
0.00028684
0.0002645
0.00024112
0.00021679
0.0001916
0.00016566
0.00013906
0.00011191
8.4322e-05
5.64e-05
2.8256e-05
1.367e-17
-2.8256e-05
-5.64e-05
-8.4322e-05
-0.00011191
-0.00013906
-0.00016566
-0.0001916
-0.00021679
-0.00024112
-0.0002645
-0.00028684
-0.00030805
-0.00032804
-0.00034673
-0.00036406
-0.00037995
-0.00039434
-0.00040717
-0.0004184
-0.00042798
-0.00043586
-0.00044203
-0.00044645
-0.00044911
-0.00045
-0.00044911
-0.00044645
-0.00044203
-0.00043586
-0.00042798
-0.0004184
-0.00040717
-0.00039434
-0.00037995
-0.00036406
-0.00034673
-0.00032804
-0.00030805
-0.00028684
-0.0002645
-0.00024112
-0.00021679
-0.0001916
-0.00016566
-0.00013906
-0.00011191
-8.4322e-05
-5.64e-05
-2.8256e-05
7.0584e-18
2.8256e-05
5.64e-05
8.4322e-05
0.00011191
0.00013906
0.00016566
0.0001916
0.00021679
0.00024112
0.0002645
0.00028684
0.00030805
0.00032804
0.00034673
0.00036406
0.00037995
0.00039434
0.00040717
0.0004184
0.00042798
0.00043586
0.00044203
0.00044645
0.00044911
0.00045
0.00044911
0.00044645
0.00044203
0.00043586
0.00042798
0.0004184
0.00040717
0.00039434
0.00037995
0.00036406
0.00034673
0.00032804
0.00030805
0.00028684
0.0002645
0.00024112
0.00021679
0.0001916
0.00016566
0.00013906
0.00011191
8.4322e-05
5.64e-05
2.8256e-05
-2.2071e-18
-2.8256e-05
-5.64e-05
-8.4322e-05
-0.00011191
-0.00013906
-0.00016566
-0.0001916
-0.00021679
-0.00024112
-0.0002645
-0.00028684
-0.00030805
-0.00032804
-0.00034673
-0.00036406
-0.00037995
-0.00039434
-0.00040717
-0.0004184
-0.00042798
-0.00043586
-0.00044203
-0.00044645
-0.00044911
-0.00045
-0.00044911
-0.00044645
-0.00044203
-0.00043586
-0.00042798
-0.0004184
-0.00040717
-0.00039434
-0.00037995
-0.00036406
-0.00034673
-0.00032804
-0.00030805
-0.00028684
-0.0002645
-0.00024112
-0.00021679
-0.0001916
-0.00016566
-0.00013906
-0.00011191
-8.4322e-05
-5.64e-05
-2.8256e-05
-2.6441e-18
2.8256e-05
5.64e-05
8.4322e-05
0.00011191
0.00013906
0.00016566
0.0001916
0.00021679
0.00024112
0.0002645
0.00028684
0.00030805
0.00032804
0.00034673
0.00036406
0.00037995
0.00039434
0.00040717
0.0004184
0.00042798
0.00043586
0.00044203
0.00044645
0.00044911
0.00045
0.00044911
0.00044645
0.00044203
0.00043586
0.00042798
0.0004184
0.00040717
0.00039434
0.00037995
0.00036406
0.00034673
0.00032804
0.00030805
0.00028684
0.0002645
0.00024112
0.00021679
0.0001916
0.00016566
0.00013906
0.00011191
8.4322e-05
5.64e-05
2.8256e-05
7.4954e-18
-2.8256e-05
-5.64e-05
-8.4322e-05
-0.00011191
-0.00013906
-0.00016566
-0.0001916
-0.00021679
-0.00024112
-0.0002645
-0.00028684
-0.00030805
-0.00032804
-0.00034673
-0.00036406
-0.00037995
-0.00039434
-0.00040717
-0.0004184
-0.00042798
-0.00043586
-0.00044203
-0.00044645
-0.00044911
-0.00045
-0.00044911
-0.00044645
-0.00044203
-0.00043586
-0.00042798
-0.0004184
-0.00040717
-0.00039434
-0.00037995
-0.00036406
-0.00034673
-0.00032804
-0.00030805
-0.00028684
-0.0002645
-0.00024112
-0.00021679
-0.0001916
-0.00016566
-0.00013906
-0.00011191
-8.4322e-05
-5.64e-05
-2.8256e-05
-1.2347e-17
2.8256e-05
5.64e-05
8.4322e-05
0.00011191
0.00013906
0.00016566
0.0001916
0.00021679
0.00024112
0.0002645
0.00028684
0.00030805
0.00032804
0.00034673
0.00036406
0.00037995
0.00039434
0.00040717
0.0004184
0.00042798
0.00043586
0.00044203
0.00044645
0.00044911
0.00045
0.00044911
0.00044645
0.00044203
0.00043586
0.00042798
0.0004184
0.00040717
0.00039434
0.00037995
0.00036406
0.00034673
0.00032804
0.00030805
0.00028684
0.0002645
0.00024112
0.00021679
0.0001916
0.00016566
0.00013906
0.00011191
8.4322e-05
5.64e-05
2.8256e-05
-8.3816e-18
-2.8256e-05
-5.64e-05
-8.4322e-05
-0.00011191
-0.00013906
-0.00016566
-0.0001916
-0.00021679
-0.00024112
-0.0002645
-0.00028684
-0.00030805
-0.00032804
-0.00034673
-0.00036406
-0.00037995
-0.00039434
-0.00040717
-0.0004184
-0.00042798
-0.00043586
-0.00044203
-0.00044645
-0.00044911
-0.00045
-0.00044911
-0.00044645
-0.00044203
-0.00043586
-0.00042798
-0.0004184
-0.00040717
-0.00039434
-0.00037995
-0.00036406
-0.00034673
-0.00032804
-0.00030805
-0.00028684
-0.0002645
-0.00024112
-0.00021679
-0.0001916
-0.00016566
-0.00013906
-0.00011191
-8.4322e-05
-5.64e-05
-2.8256e-05
3.5303e-18
2.8256e-05
5.64e-05
8.4322e-05
0.00011191
0.00013906
0.00016566
0.0001916
0.00021679
0.00024112
0.0002645
0.00028684
0.00030805
0.00032804
0.00034673
0.00036406
0.00037995
0.00039434
0.00040717
0.0004184
0.00042798
0.00043586
0.00044203
0.00044645
0.00044911
0.00045
0.00044911
0.00044645
0.00044203
0.00043586
0.00042798
0.0004184
0.00040717
0.00039434
0.00037995
0.00036406
0.00034673
0.00032804
0.00030805
0.00028684
0.0002645
0.00024112
0.00021679
0.0001916
0.00016566
0.00013906
0.00011191
8.4322e-05
5.64e-05
2.8256e-05
1.3209e-18
-2.8256e-05
-5.64e-05
-8.4322e-05
-0.00011191
-0.00013906
-0.00016566
-0.0001916
-0.00021679
-0.00024112
-0.0002645
-0.00028684
-0.00030805
-0.00032804
-0.00034673
-0.00036406
-0.00037995
-0.00039434
-0.00040717
-0.0004184
-0.00042798
-0.00043586
-0.00044203
-0.00044645
-0.00044911
-0.00045
-0.00044911
-0.00044645
-0.00044203
-0.00043586
-0.00042798
-0.0004184
-0.00040717
-0.00039434
-0.00037995
-0.00036406
-0.00034673
-0.00032804
-0.00030805
-0.00028684
-0.0002645
-0.00024112
-0.00021679
-0.0001916
-0.00016566
-0.00013906
-0.00011191
-8.4322e-05
-5.64e-05
-2.8256e-05
-6.1722e-18
2.8256e-05
5.64e-05
8.4322e-05
0.00011191
0.00013906
0.00016566
0.0001916
0.00021679
0.00024112
0.0002645
0.00028684
0.00030805
0.00032804
0.00034673
0.00036406
0.00037995
0.00039434
0.00040717
0.0004184
0.00042798
0.00043586
0.00044203
0.00044645
0.00044911
0.00045
0.00044911
0.00044645
0.00044203
0.00043586
0.00042798
0.0004184
0.00040717
0.00039434
0.00037995
0.00036406
0.00034673
0.00032804
0.00030805
0.00028684
0.0002645
0.00024112
0.00021679
0.0001916
0.00016566
0.00013906
0.00011191
8.4322e-05
5.64e-05
2.8256e-05
1.1023e-17
-2.8256e-05
-5.64e-05
-8.4322e-05
-0.00011191
-0.00013906
-0.00016566
-0.0001916
-0.00021679
-0.00024112
-0.0002645
-0.00028684
-0.00030805
-0.00032804
-0.00034673
-0.00036406
-0.00037995
-0.00039434
-0.00040717
-0.0004184
-0.00042798
-0.00043586
-0.00044203
-0.00044645
-0.00044911
-0.00045
-0.00044911
-0.00044645
-0.00044203
-0.00043586
-0.00042798
-0.0004184
-0.00040717
-0.00039434
-0.00037995
-0.00036406
-0.00034673
-0.00032804
-0.00030805
-0.00028684
-0.0002645
-0.00024112
-0.00021679
-0.0001916
-0.00016566
-0.00013906
-0.00011191
-8.4322e-05
-5.64e-05
-2.8256e-05
9.7048e-18
2.8256e-05
5.64e-05
8.4322e-05
0.00011191
0.00013906
0.00016566
0.0001916
0.00021679
0.00024112
0.0002645
0.00028684
0.00030805
0.00032804
0.00034673
0.00036406
0.00037995
0.00039434
0.00040717
0.0004184
0.00042798
0.00043586
0.00044203
0.00044645
0.00044911
0.00045
0.00044911
0.00044645
0.00044203
0.00043586
0.00042798
0.0004184
0.00040717
0.00039434
0.00037995
0.00036406
0.00034673
0.00032804
0.00030805
0.00028684
0.0002645
0.00024112
0.00021679
0.0001916
0.00016566
0.00013906
0.00011191
8.4322e-05
5.64e-05
2.8256e-05
-4.8535e-18
-2.8256e-05
-5.64e-05
-8.4322e-05
-0.00011191
-0.00013906
-0.00016566
-0.0001916
-0.00021679
-0.00024112
-0.0002645
-0.00028684
-0.00030805
-0.00032804
-0.00034673
-0.00036406
-0.00037995
-0.00039434
-0.00040717
-0.0004184
-0.00042798
-0.00043586
-0.00044203
-0.00044645
-0.00044911
-0.00045
-0.00044911
-0.00044645
-0.00044203
-0.00043586
-0.00042798
-0.0004184
-0.00040717
-0.00039434
-0.00037995
-0.00036406
-0.00034673
-0.00032804
-0.00030805
-0.00028684
-0.0002645
-0.00024112
-0.00021679
-0.0001916
-0.00016566
-0.00013906
-0.00011191
-8.4322e-05
-5.64e-05
-2.8256e-05
2.2261e-21
2.8199e-05
5.6231e-05
8.3984e-05
0.00011135
0.00013822
0.0001645
0.00019007
0.00021484
0.00023871
0.00026159
0.0002834
0.00030404
0.00032344
0.00034153
0.00035823
0.00037349
0.00038724
0.00039944
0.00041003
0.00041899
0.00042627
0.00043186
0.00043574
0.00043788
0.0004383
0.00043699
0.00043395
0.00042921
0.00042279
0.00041471
0.00040501
0.00039374
0.00038093
0.00036665
0.00035095
0.0003339
0.00031557
0.00029603
0.00027537
0.00025366
0.00023099
0.00020747
0.00018317
0.0001582
0.00013266
0.00010665
8.0274e-05
5.3636e-05
2.6843e-05
4.6017e-18
-2.6786e-05
-5.3411e-05
-7.9768e-05
-0.00010576
-0.00013127
-0.00015621
-0.00018049
-0.000204
-0.00022665
-0.00024837
-0.00026906
-0.00028864
-0.00030704
-0.00032419
-0.00034003
-0.00035449
-0.00036752
-0.00037908
-0.00038911
-0.00039759
-0.00040448
-0.00040976
-0.00041341
-0.00041543
-0.0004158
-0.00041453
-0.00041163
-0.00040711
-0.00040099
-0.00039331
-0.00038409
-0.00037338
-0.00036121
-0.00034765
-0.00033275
-0.00031657
-0.00029917
-0.00028063
-0.00026103
-0.00024043
-0.00021894
-0.00019663
-0.00017359
-0.00014992
-0.00012571
-0.00010106
-7.6058e-05
-5.0816e-05
-2.543e-05
1.4275e-17
2.5374e-05
5.0591e-05
7.5552e-05
0.00010016
0.00012432
0.00014793
0.00017091
0.00019316
0.0002146
0.00023514
0.00025471
0.00027324
0.00029064
0.00030686
0.00032183
0.00033549
0.00034781
0.00035872
0.00036819
0.00037619
0.00038269
0.00038766
0.00039109
0.00039297
0.0003933
0.00039207
0.00038931
0.00038501
0.0003792
0.00037191
0.00036317
0.00035302
0.0003415
0.00032865
0.00031455
0.00029923
0.00028277
0.00026523
0.00024668
0.00022721
0.00020688
0.00018579
0.00016401
0.00014164
0.00011876
9.546e-05
7.1842e-05
4.7996e-05
2.4017e-05
-9.3627e-18
-2.3961e-05
-4.7771e-05
-7.1336e-05
-9.4564e-05
-0.00011736
-0.00013965
-0.00016133
-0.00018232
-0.00020254
-0.00022192
-0.00024037
-0.00025783
-0.00027424
-0.00028952
-0.00030362
-0.0003165
-0.00032809
-0.00033836
-0.00034727
-0.00035479
-0.00036089
-0.00036556
-0.00036877
-0.00037052
-0.0003708
-0.00036962
-0.00036698
-0.00036291
-0.00035741
-0.00035051
-0.00034225
-0.00033266
-0.00032178
-0.00030966
-0.00029634
-0.00028189
-0.00026637
-0.00024983
-0.00023234
-0.00021398
-0.00019483
-0.00017495
-0.00015443
-0.00013335
-0.0001118
-8.9864e-05
-6.7626e-05
-4.5176e-05
-2.2605e-05
-1.5503e-17
2.2548e-05
4.4951e-05
6.712e-05
8.8969e-05
0.00011041
0.00013137
0.00015175
0.00017148
0.00019049
0.00020869
0.00022603
0.00024243
0.00025784
0.00027218
0.00028542
0.0002975
0.00030837
0.000318
0.00032635
0.00033339
0.0003391
0.00034346
0.00034645
0.00034806
0.0003483
0.00034716
0.00034466
0.0003408
0.00033561
0.00032911
0.00032133
0.0003123
0.00030206
0.00029066
0.00027814
0.00026456
0.00024996
0.00023442
0.000218
0.00020076
0.00018277
0.00016411
0.00014485
0.00012507
0.00010485
8.4269e-05
6.341e-05
4.2356e-05
2.1192e-05
1.8166e-17
-2.1135e-05
-4.2131e-05
-6.2904e-05
-8.3373e-05
-0.00010346
-0.00012308
-0.00014217
-0.00016064
-0.00017843
-0.00019547
-0.00021169
-0.00022703
-0.00024143
-0.00025485
-0.00026722
-0.0002785
-0.00028866
-0.00029764
-0.00030543
-0.00031199
-0.00031731
-0.00032136
-0.00032412
-0.00032561
-0.0003258
-0.00032471
-0.00032234
-0.0003187
-0.00031382
-0.00030771
-0.00030041
-0.00029194
-0.00028235
-0.00027166
-0.00025994
-0.00024722
-0.00023356
-0.00021902
-0.00020366
-0.00018753
-0.00017071
-0.00015327
-0.00013527
-0.00011679
-9.7897e-05
-7.8673e-05
-5.9194e-05
-3.9536e-05
-1.9779e-05
-2.0345e-17
1.9723e-05
3.9311e-05
5.8688e-05
7.7778e-05
9.6506e-05
0.0001148
0.00013259
0.0001498
0.00016637
0.00018224
0.00019735
0.00021163
0.00022503
0.00023751
0.00024902
0.0002595
0.00026894
0.00027728
0.00028451
0.0002906
0.00029551
0.00029925
0.0003018
0.00030315
0.0003033
0.00030225
0.00030002
0.0002966
0.00029203
0.00028632
0.00027949
0.00027158
0.00026263
0.00025267
0.00024173
0.00022988
0.00021716
0.00020362
0.00018931
0.00017431
0.00015866
0.00014243
0.00012569
0.0001085
9.0944e-05
7.3078e-05
5.4978e-05
3.6716e-05
1.8366e-05
5.4368e-18
-1.831e-05
-3.6491e-05
-5.4472e-05
-7.2182e-05
-8.9553e-05
-0.00010652
-0.00012301
-0.00013896
-0.00015432
-0.00016902
-0.000183
-0.00019623
-0.00020863
-0.00022017
-0.00023081
-0.00024051
-0.00024922
-0.00025693
-0.00026359
-0.0002692
-0.00027372
-0.00027715
-0.00027948
-0.0002807
-0.0002808
-0.0002798
-0.00027769
-0.0002745
-0.00027023
-0.00026492
-0.00025857
-0.00025123
-0.00024291
-0.00023367
-0.00022353
-0.00021255
-0.00020076
-0.00018822
-0.00017497
-0.00016108
-0.0001466
-0.00013159
-0.00011611
-0.00010022
-8.3991e-05
-6.7482e-05
-5.0762e-05
-3.3896e-05
-1.6953e-05
-2.3246e-17
1.6897e-05
3.3671e-05
5.0256e-05
6.6587e-05
8.26e-05
9.8234e-05
0.00011343
0.00012812
0.00014226
0.00015579
0.00016866
0.00018082
0.00019223
0.00020284
0.00021261
0.00022151
0.0002295
0.00023657
0.00024267
0.0002478
0.00025193
0.00025505
0.00025716
0.00025824
0.0002583
0.00025734
0.00025537
0.0002524
0.00024844
0.00024352
0.00023765
0.00023087
0.0002232
0.00021467
0.00020533
0.00019521
0.00018436
0.00017281
0.00016063
0.00014786
0.00013455
0.00012075
0.00010653
9.1939e-05
7.7038e-05
6.1886e-05
4.6546e-05
3.1076e-05
1.5541e-05
9.9257e-18
-1.5484e-05
-3.0851e-05
-4.604e-05
-6.0991e-05
-7.5647e-05
-8.9951e-05
-0.00010385
-0.00011728
-0.00013021
-0.00014257
-0.00015432
-0.00016542
-0.00017583
-0.0001855
-0.00019441
-0.00020251
-0.00020979
-0.00021621
-0.00022175
-0.0002264
-0.00023014
-0.00023295
-0.00023483
-0.00023578
-0.0002358
-0.00023489
-0.00023305
-0.0002303
-0.00022665
-0.00022212
-0.00021673
-0.00021051
-0.00020348
-0.00019567
-0.00018713
-0.00017787
-0.00016795
-0.00015741
-0.00014629
-0.00013463
-0.00012249
-0.00010991
-9.695e-05
-8.3656e-05
-7.0085e-05
-5.6291e-05
-4.2329e-05
-2.8256e-05
-1.4128e-05
-1.1443e-17
1.4071e-05
2.8031e-05
4.1824e-05
5.5396e-05
6.8694e-05
8.1668e-05
9.4268e-05
0.00010644
0.00011815
0.00012934
0.00013998
0.00015002
0.00015943
0.00016816
0.0001762
0.00018351
0.00019007
0.00019585
0.00020083
0.000205
0.00020834
0.00021085
0.00021251
0.00021333
0.0002133
0.00021243
0.00021073
0.0002082
0.00020486
0.00020072
0.00019581
0.00019015
0.00018376
0.00017668
0.00016892
0.00016054
0.00015155
0.00014201
0.00013195
0.00012141
0.00011043
9.9073e-05
8.737e-05
7.5374e-05
6.3132e-05
5.0695e-05
3.8113e-05
2.5436e-05
1.2715e-05
1.2474e-17
-1.2659e-05
-2.5211e-05
-3.7607e-05
-4.98e-05
-6.1742e-05
-7.3386e-05
-8.4688e-05
-9.5604e-05
-0.00010609
-0.00011612
-0.00012564
-0.00013462
-0.00014302
-0.00015083
-0.000158
-0.00016452
-0.00017035
-0.00017549
-0.00017991
-0.0001836
-0.00018655
-0.00018875
-0.00019019
-0.00019087
-0.0001908
-0.00018997
-0.0001884
-0.00018609
-0.00018306
-0.00017932
-0.00017489
-0.00016979
-0.00016404
-0.00015768
-0.00015072
-0.0001432
-0.00013515
-0.00012661
-0.0001176
-0.00010818
-9.8378e-05
-8.8233e-05
-7.779e-05
-6.7091e-05
-5.6179e-05
-4.51e-05
-3.3897e-05
-2.2616e-05
-1.1302e-05
-2.8145e-18
1.1246e-05
2.2391e-05
3.3391e-05
4.4205e-05
5.4789e-05
6.5103e-05
7.5107e-05
8.4765e-05
9.4038e-05
0.00010289
0.00011129
0.00011921
0.00012662
0.00013349
0.0001398
0.00014552
0.00015064
0.00015513
0.00015899
0.0001622
0.00016476
0.00016665
0.00016787
0.00016842
0.0001683
0.00016752
0.00016608
0.00016399
0.00016127
0.00015792
0.00015397
0.00014943
0.00014433
0.00013868
0.00013252
0.00012586
0.00011875
0.0001112
0.00010326
9.4957e-05
8.6322e-05
7.7394e-05
6.821e-05
5.8808e-05
4.9226e-05
3.9504e-05
2.9681e-05
1.9796e-05
9.8895e-06
1.3082e-17
-9.833e-06
-1.9571e-05
-2.9175e-05
-3.8609e-05
-4.7836e-05
-5.682e-05
-6.5527e-05
-7.3925e-05
-8.1981e-05
-8.9667e-05
-9.6952e-05
-0.00010381
-0.00011022
-0.00011615
-0.0001216
-0.00012652
-0.00013092
-0.00013477
-0.00013807
-0.0001408
-0.00014296
-0.00014454
-0.00014554
-0.00014596
-0.0001458
-0.00014506
-0.00014376
-0.00014189
-0.00013948
-0.00013652
-0.00013305
-0.00012907
-0.00012461
-0.00011968
-0.00011431
-0.00010853
-0.00010235
-9.5802e-05
-8.8921e-05
-8.1732e-05
-7.4266e-05
-6.6554e-05
-5.863e-05
-5.0525e-05
-4.2274e-05
-3.3909e-05
-2.5465e-05
-1.6976e-05
-8.4767e-06
-5.0102e-18
8.4202e-06
1.6751e-05
2.4959e-05
3.3014e-05
4.0883e-05
4.8537e-05
5.5947e-05
6.3086e-05
6.9925e-05
7.6441e-05
8.261e-05
8.8409e-05
9.3818e-05
9.8818e-05
0.00010339
0.00010753
0.0001112
0.00011442
0.00011715
0.00011941
0.00012117
0.00012244
0.00012322
0.00012351
0.0001233
0.00012261
0.00012143
0.00011979
0.00011768
0.00011513
0.00011213
0.00010871
0.00010489
0.00010069
9.6111e-05
9.119e-05
8.5945e-05
8.04e-05
7.4579e-05
6.8506e-05
6.2209e-05
5.5715e-05
4.905e-05
4.2242e-05
3.5321e-05
2.8313e-05
2.1249e-05
1.4156e-05
7.0639e-06
5.3803e-18
-7.0074e-06
-1.3931e-05
-2.0743e-05
-2.7418e-05
-3.393e-05
-4.0254e-05
-4.6367e-05
-5.2246e-05
-5.7869e-05
-6.3216e-05
-6.8268e-05
-7.3007e-05
-7.7416e-05
-8.1482e-05
-8.5189e-05
-8.8528e-05
-9.1486e-05
-9.4057e-05
-9.6232e-05
-9.8006e-05
-9.9377e-05
-0.00010034
-0.0001009
-0.00010105
-0.0001008
-0.00010015
-9.9112e-05
-9.7688e-05
-9.589e-05
-9.3727e-05
-9.1211e-05
-8.8356e-05
-8.5177e-05
-8.1689e-05
-7.7908e-05
-7.3854e-05
-6.9544e-05
-6.4998e-05
-6.0237e-05
-5.5281e-05
-5.0153e-05
-4.4875e-05
-3.947e-05
-3.3959e-05
-2.8368e-05
-2.2718e-05
-1.7033e-05
-1.1336e-05
-5.6511e-06
-5.2654e-18
5.5946e-06
1.1111e-05
1.6527e-05
2.1823e-05
2.6977e-05
3.1972e-05
3.6787e-05
4.1407e-05
4.5813e-05
4.9991e-05
5.3926e-05
5.7605e-05
6.1015e-05
6.4145e-05
6.6987e-05
6.953e-05
7.177e-05
7.3698e-05
7.5312e-05
7.6608e-05
7.7584e-05
7.8239e-05
7.8575e-05
7.8595e-05
7.83e-05
7.7696e-05
7.679e-05
7.5587e-05
7.4097e-05
7.2328e-05
7.0291e-05
6.7998e-05
6.546e-05
6.2691e-05
5.9705e-05
5.6517e-05
5.3142e-05
4.9595e-05
4.5895e-05
4.2056e-05
3.8097e-05
3.4036e-05
2.989e-05
2.5677e-05
2.1415e-05
1.7122e-05
1.2817e-05
8.5164e-06
4.2384e-06
8.5389e-19
-4.1818e-06
-8.2908e-06
-1.2311e-05
-1.6227e-05
-2.0024e-05
-2.3689e-05
-2.7207e-05
-3.0567e-05
-3.3757e-05
-3.6766e-05
-3.9584e-05
-4.2202e-05
-4.4613e-05
-4.6809e-05
-4.8784e-05
-5.0533e-05
-5.2053e-05
-5.334e-05
-5.4392e-05
-5.5209e-05
-5.579e-05
-5.6138e-05
-5.6253e-05
-5.6139e-05
-5.58e-05
-5.5241e-05
-5.4467e-05
-5.3486e-05
-5.2303e-05
-5.0929e-05
-4.9371e-05
-4.7639e-05
-4.5743e-05
-4.3694e-05
-4.1503e-05
-3.9181e-05
-3.674e-05
-3.4193e-05
-3.1552e-05
-2.8831e-05
-2.6041e-05
-2.3196e-05
-2.031e-05
-1.7394e-05
-1.4462e-05
-1.1527e-05
-8.6008e-06
-5.6964e-06
-2.8256e-06
-3.58e-18
2.7691e-06
5.4708e-06
8.0949e-06
1.0631e-05
1.3071e-05
1.5406e-05
1.7627e-05
1.9728e-05
2.1701e-05
2.3541e-05
2.5242e-05
2.68e-05
2.8211e-05
2.9472e-05
3.0581e-05
3.1536e-05
3.2336e-05
3.2981e-05
3.3472e-05
3.381e-05
3.3997e-05
3.4036e-05
3.393e-05
3.3683e-05
3.33e-05
3.2785e-05
3.2145e-05
3.1384e-05
3.051e-05
2.953e-05
2.8451e-05
2.7281e-05
2.6026e-05
2.4697e-05
2.33e-05
2.1844e-05
2.0338e-05
1.8791e-05
1.721e-05
1.5606e-05
1.3985e-05
1.2357e-05
1.073e-05
9.1111e-06
7.5091e-06
5.9313e-06
4.3847e-06
2.8764e-06
1.4128e-06
7.5623e-19
-1.3563e-06
-2.6508e-06
-3.8788e-06
-5.036e-06
-6.1185e-06
-7.1232e-06
-8.0472e-06
-8.8884e-06
-9.6449e-06
-1.0316e-05
-1.09e-05
-1.1398e-05
-1.1809e-05
-1.2136e-05
-1.2378e-05
-1.2538e-05
-1.2619e-05
-1.2622e-05
-1.2552e-05
-1.2411e-05
-1.2204e-05
-1.1935e-05
-1.1608e-05
-1.1228e-05
-1.08e-05
-1.033e-05
-9.8219e-06
-9.2826e-06
-8.7172e-06
-8.1315e-06
-7.5312e-06
-6.9219e-06
-6.3094e-06
-5.6992e-06
-5.0968e-06
-4.5075e-06
-3.9364e-06
-3.3885e-06
-2.8684e-06
-2.3805e-06
-1.929e-06
-1.5175e-06
-1.1496e-06
-8.2828e-07
-5.5623e-07
-3.3573e-07
-1.6864e-07
-5.64e-08
-0
-0
0
0
0
0
0
0
0
0
0
0
0
0
0
0
0
0
0
0
0
0
0
0
0
0
0
0
0
0
0
0
0
0
0
0
0
0
0
0
0
0
0
0
0
0
0
0
0
0
0
0
-0
-0
-0
-0
-0
-0
-0
-0
-0
-0
-0
-0
-0
-0
-0
-0
-0
-0
-0
-0
-0
-0
-0
-0
-0
-0
-0
-0
-0
-0
-0
-0
-0
-0
-0
-0
-0
-0
-0
-0
-0
-0
-0
-0
-0
-0
-0
-0
-0
-0
0
0
0
0
0
0
0
0
0
0
0
0
0
0
0
0
0
0
0
0
0
0
0
0
0
0
0
0
0
0
0
0
0
0
0
0
0
0
0
0
0
0
0
0
0
0
0
0
0
0
-0
-0
-0
-0
-0
-0
-0
-0
-0
-0
-0
-0
-0
-0
-0
-0
-0
-0
-0
-0
-0
-0
-0
-0
-0
-0
-0
-0
-0
-0
-0
-0
-0
-0
-0
-0
-0
-0
-0
-0
-0
-0
-0
-0
-0
-0
-0
-0
-0
-0
0
0
0
0
0
0
0
0
0
0
0
0
0
0
0
0
0
0
0
0
0
0
0
0
0
0
0
0
0
0
0
0
0
0
0
0
0
0
0
0
0
0
0
0
0
0
0
0
0
0
-0
-0
-0
-0
-0
-0
-0
-0
-0
-0
-0
-0
-0
-0
-0
-0
-0
-0
-0
-0
-0
-0
-0
-0
-0
-0
-0
-0
-0
-0
-0
-0
-0
-0
-0
-0
-0
-0
-0
-0
-0
-0
-0
-0
-0
-0
-0
-0
-0
-0
0
0
0
0
0
0
0
0
0
0
0
0
0
0
0
0
0
0
0
0
0
0
0
0
0
0
0
0
0
0
0
0
0
0
0
0
0
0
0
0
0
0
0
0
0
0
0
0
0
0
-0
-0
-0
-0
-0
-0
-0
-0
-0
-0
-0
-0
-0
-0
-0
-0
-0
-0
-0
-0
-0
-0
-0
-0
-0
-0
-0
-0
-0
-0
-0
-0
-0
-0
-0
-0
-0
-0
-0
-0
-0
-0
-0
-0
-0
-0
-0
-0
-0
-0
0
0
0
0
0
0
0
0
0
0
0
0
0
0
0
0
0
0
0
0
0
0
0
0
0
0
0
0
0
0
0
0
0
0
0
0
0
0
0
0
0
0
0
0
0
0
0
0
0
0
-0
-0
-0
-0
-0
-0
-0
-0
-0
-0
-0
-0
-0
-0
-0
-0
-0
-0
-0
-0
-0
-0
-0
-0
-0
-0
-0
-0
-0
-0
-0
-0
-0
-0
-0
-0
-0
-0
-0
-0
-0
-0
-0
-0
-0
-0
-0
-0
-0
-0
0
0
0
0
0
0
0
0
0
0
0
0
0
0
0
0
0
0
0
0
0
0
0
0
0
0
0
0
0
0
0
0
0
0
0
0
0
0
0
0
0
0
0
0
0
0
0
0
0
0
-0
-0
-0
-0
-0
-0
-0
-0
-0
-0
-0
-0
-0
-0
-0
-0
-0
-0
-0
-0
-0
-0
-0
-0
-0
-0
-0
-0
-0
-0
-0
-0
-0
-0
-0
-0
-0
-0
-0
-0
-0
-0
-0
-0
-0
-0
-0
-0
-0
-0
0
0
0
0
0
0
0
0
0
0
0
0
0
0
0
0
0
0
0
0
0
0
0
0
0
0
0
0
0
0
0
0
0
0
0
0
0
0
0
0
0
0
0
0
0
0
0
0
0
0
-0
-0
-0
-0
-0
-0
-0
-0
-0
-0
-0
-0
-0
-0
-0
-0
-0
-0
-0
-0
-0
-0
-0
-0
-0
-0
-0
-0
-0
-0
-0
-0
-0
-0
-0
-0
-0
-0
-0
-0
-0
-0
-0
-0
-0
-0
-0
-0
-0
-0
0
0
0
0
0
0
0
0
0
0
0
0
0
0
0
0
0
0
0
0
0
0
0
0
0
0
0
0
0
0
0
0
0
0
0
0
0
0
0
0
0
0
0
0
0
0
0
0
0
0
-0
-0
-0
-0
-0
-0
-0
-0
-0
-0
-0
-0
-0
-0
-0
-0
-0
-0
-0
-0
-0
-0
-0
-0
-0
-0
-0
-0
-0
-0
-0
-0
-0
-0
-0
-0
-0
-0
-0
-0
-0
-0
-0
-0
-0
-0
-0
-0
-0
-0
0
0
0
0
0
0
0
0
0
0
0
0
0
0
0
0
0
0
0
0
0
0
0
0
0
0
0
0
0
0
0
0
0
0
0
0
0
0
0
0
0
0
0
0
0
0
0
0
0
0
-0
-0
-0
-0
-0
-0
-0
-0
-0
-0
-0
-0
-0
-0
-0
-0
-0
-0
-0
-0
-0
-0
-0
-0
-0
-0
-0
-0
-0
-0
-0
-0
-0
-0
-0
-0
-0
-0
-0
-0
-0
-0
-0
-0
-0
-0
-0
-0
-0
-0
0
0
0
0
0
0
0
0
0
0
0
0
0
0
0
0
0
0
0
0
0
0
0
0
0
0
0
0
0
0
0
0
0
0
0
0
0
0
0
0
0
0
0
0
0
0
0
0
0
0
-0
-0
-0
-0
-0
-0
-0
-0
-0
-0
-0
-0
-0
-0
-0
-0
-0
-0
-0
-0
-0
-0
-0
-0
-0
-0
-0
-0
-0
-0
-0
-0
-0
-0
-0
-0
-0
-0
-0
-0
-0
-0
-0
-0
-0
-0
-0
-0
-0
-0
0
0
0
0
0
0
0
0
0
0
0
0
0
0
0
0
0
0
0
0
0
0
0
0
0
0
0
0
0
0
0
0
0
0
0
0
0
0
0
0
0
0
0
0
0
0
0
0
0
0
-0
-0
-0
-0
-0
-0
-0
-0
-0
-0
-0
-0
-0
-0
-0
-0
-0
-0
-0
-0
-0
-0
-0
-0
-0
-0
-0
-0
-0
-0
-0
-0
-0
-0
-0
-0
-0
-0
-0
-0
-0
-0
-0
-0
-0
-0
-0
-0
-0
0
0
0
0
0
0
0
0
0
0
0
0
0
0
0
0
0
0
0
0
0
0
0
0
0
0
0
0
0
0
0
0
0
0
0
0
0
0
0
0
0
0
0
0
0
0
0
0
0
0
0
-0
-0
-0
-0
-0
-0
-0
-0
-0
-0
-0
-0
-0
-0
-0
-0
-0
-0
-0
-0
-0
-0
-0
-0
-0
-0
-0
-0
-0
-0
-0
-0
-0
-0
-0
-0
-0
-0
-0
-0
-0
-0
-0
-0
-0
-0
-0
-0
-0
-0
0
0
0
0
0
0
0
0
0
0
0
0
0
0
0
0
0
0
0
0
0
0
0
0
0
0
0
0
0
0
0
0
0
0
0
0
0
0
0
0
0
0
0
0
0
0
0
0
0
-0
-0
-0
-0
-0
-0
-0
-0
-0
-0
-0
-0
-0
-0
-0
-0
-0
-0
-0
-0
-0
-0
-0
-0
-0
-0
-0
-0
-0
-0
-0
-0
-0
-0
-0
-0
-0
-0
-0
-0
-0
-0
-0
-0
-0
-0
-0
-0
-0
-0
-0
0
0
0
0
0
0
0
0
0
0
0
0
0
0
0
0
0
0
0
0
0
0
0
0
0
0
0
0
0
0
0
0
0
0
0
0
0
0
0
0
0
0
0
0
0
0
0
0
0
0
-0
-0
-0
-0
-0
-0
-0
-0
-0
-0
-0
-0
-0
-0
-0
-0
-0
-0
-0
-0
-0
-0
-0
-0
-0
-0
-0
-0
-0
-0
-0
-0
-0
-0
-0
-0
-0
-0
-0
-0
-0
-0
-0
-0
-0
-0
-0
-0
-0
-0
0
0
0
0
0
0
0
0
0
0
0
0
0
0
0
0
0
0
0
0
0
0
0
0
0
0
0
0
0
0
0
0
0
0
0
0
0
0
0
0
0
0
0
0
0
0
0
0
0
0
-0
-0
-0
-0
-0
-0
-0
-0
-0
-0
-0
-0
-0
-0
-0
-0
-0
-0
-0
-0
-0
-0
-0
-0
-0
-0
-0
-0
-0
-0
-0
-0
-0
-0
-0
-0
-0
-0
-0
-0
-0
-0
-0
-0
-0
-0
-0
-0
-0
0
0
0
0
0
0
0
0
0
0
0
0
0
0
0
0
0
0
0
0
0
0
0
0
0
0
0
0
0
0
0
0
0
0
0
0
0
0
0
0
0
0
0
0
0
0
0
0
0
0
0
-0
-0
-0
-0
-0
-0
-0
-0
-0
-0
-0
-0
-0
-0
-0
-0
-0
-0
-0
-0
-0
-0
-0
-0
-0
-0
-0
-0
-0
-0
-0
-0
-0
-0
-0
-0
-0
-0
-0
-0
-0
-0
-0
-0
-0
-0
-0
-0
-0
0
0
0
0
0
0
0
0
0
0
0
0
0
0
0
0
0
0
0
0
0
0
0
0
0
0
0
0
0
0
0
0
0
0
0
0
0
0
0
0
0
0
0
0
0
0
0
0
0
0
0
-0
-0
-0
-0
-0
-0
-0
-0
-0
-0
-0
-0
-0
-0
-0
-0
-0
-0
-0
-0
-0
-0
-0
-0
-0
-0
-0
-0
-0
-0
-0
-0
-0
-0
-0
-0
-0
-0
-0
-0
-0
-0
-0
-0
-0
-0
-0
-0
-0
-0
0
0
0
0
0
0
0
0
0
0
0
0
0
0
0
0
0
0
0
0
0
0
0
0
0
0
0
0
0
0
0
0
0
0
0
0
0
0
0
0
0
0
0
0
0
0
0
0
0
0
-0
-0
-0
-0
-0
-0
-0
-0
-0
-0
-0
-0
-0
-0
-0
-0
-0
-0
-0
-0
-0
-0
-0
-0
-0
-0
-0
-0
-0
-0
-0
-0
-0
-0
-0
-0
-0
-0
-0
-0
-0
-0
-0
-0
-0
-0
-0
-0
-0
-0
0
0
0
0
0
0
0
0
0
0
0
0
0
0
0
0
0
0
0
0
0
0
0
0
0
0
0
0
0
0
0
0
0
0
0
0
0
0
0
0
0
0
0
0
0
0
0
0
0
0
-0
-0
-0
-0
-0
-0
-0
-0
-0
-0
-0
-0
-0
-0
-0
-0
-0
-0
-0
-0
-0
-0
-0
-0
-0
-0
-0
-0
-0
-0
-0
-0
-0
-0
-0
-0
-0
-0
-0
-0
-0
-0
-0
-0
-0
-0
-0
-0
-0
-0
0
0
0
0
0
0
0
0
0
0
0
0
0
0
0
0
0
0
0
0
0
0
0
0
0
0
0
0
0
0
0
0
0
0
0
0
0
0
0
0
0
0
0
0
0
0
0
0
0
0
-0
-0
-0
-0
-0
-0
-0
-0
-0
-0
-0
-0
-0
-0
-0
-0
-0
-0
-0
-0
-0
-0
-0
-0
-0
-0
-0
-0
-0
-0
-0
-0
-0
-0
-0
-0
-0
-0
-0
-0
-0
-0
-0
-0
-0
-0
-0
-0
-0
0
0
0
0
0
0
0
0
0
0
0
0
0
0
0
0
0
0
0
0
0
0
0
0
0
0
0
0
0
0
0
0
0
0
0
0
0
0
0
0
0
0
0
0
0
0
0
0
0
0
0
-0
-0
-0
-0
-0
-0
-0
-0
-0
-0
-0
-0
-0
-0
-0
-0
-0
-0
-0
-0
-0
-0
-0
-0
-0
-0
-0
-0
-0
-0
-0
-0
-0
-0
-0
-0
-0
-0
-0
-0
-0
-0
-0
-0
-0
-0
-0
-0
-0
0
0
0
0
0
0
0
0
0
0
0
0
0
0
0
0
0
0
0
0
0
0
0
0
0
0
0
0
0
0
0
0
0
0
0
0
0
0
0
0
0
0
0
0
0
0
0
0
0
0
0
-0
-0
-0
-0
-0
-0
-0
-0
-0
-0
-0
-0
-0
-0
-0
-0
-0
-0
-0
-0
-0
-0
-0
-0
-0
-0
-0
-0
-0
-0
-0
-0
-0
-0
-0
-0
-0
-0
-0
-0
-0
-0
-0
-0
-0
-0
-0
-0
-0
-0
0
0
0
0
0
0
0
0
0
0
0
0
0
0
0
0
0
0
0
0
0
0
0
0
0
0
0
0
0
0
0
0
0
0
0
0
0
0
0
0
0
0
0
0
0
0
0
0
0
0
-0
-0
-0
-0
-0
-0
-0
-0
-0
-0
-0
-0
-0
-0
-0
-0
-0
-0
-0
-0
-0
-0
-0
-0
-0
-0
-0
-0
-0
-0
-0
-0
-0
-0
-0
-0
-0
-0
-0
-0
-0
-0
-0
-0
-0
-0
-0
-0
-0
-0
0
0
0
0
0
0
0
0
0
0
0
0
0
0
0
0
0
0
0
0
0
0
0
0
0
0
0
0
0
0
0
0
0
0
0
0
0
0
0
0
0
0
0
0
0
0
0
0
0
0
-0
-0
-0
-0
-0
-0
-0
-0
-0
-0
-0
-0
-0
-0
-0
-0
-0
-0
-0
-0
-0
-0
-0
-0
-0
-0
-0
-0
-0
-0
-0
-0
-0
-0
-0
-0
-0
-0
-0
-0
-0
-0
-0
-0
-0
-0
-0
-0
-0
-0
0
0
0
0
0
0
0
0
0
0
0
0
0
0
0
0
0
0
0
0
0
0
0
0
0
0
0
0
0
0
0
0
0
0
0
0
0
0
0
0
0
0
0
0
0
0
0
0
0
0
-0
-0
-0
-0
-0
-0
-0
-0
-0
-0
-0
-0
-0
-0
-0
-0
-0
-0
-0
-0
-0
-0
-0
-0
-0
-0
-0
-0
-0
-0
-0
-0
-0
-0
-0
-0
-0
-0
-0
-0
-0
-0
-0
-0
-0
-0
-0
-0
-0
0
0
0
0
0
0
0
0
0
0
0
0
0
0
0
0
0
0
0
0
0
0
0
0
0
0
0
0
0
0
0
0
0
0
0
0
0
0
0
0
0
0
0
0
0
0
0
0
0
0
0
-0
-0
-0
-0
-0
-0
-0
-0
-0
-0
-0
-0
-0
-0
-0
-0
-0
-0
-0
-0
-0
-0
-0
-0
-0
-0
-0
-0
-0
-0
-0
-0
-0
-0
-0
-0
-0
-0
-0
-0
-0
-0
-0
-0
-0
-0
-0
-0
-0
0
0
0
0
0
0
0
0
0
0
0
0
0
0
0
0
0
0
0
0
0
0
0
0
0
0
0
0
0
0
0
0
0
0
0
0
0
0
0
0
0
0
0
0
0
0
0
0
0
0
0
-0
-0
-0
-0
-0
-0
-0
-0
-0
-0
-0
-0
-0
-0
-0
-0
-0
-0
-0
-0
-0
-0
-0
-0
-0
-0
-0
-0
-0
-0
-0
-0
-0
-0
-0
-0
-0
-0
-0
-0
-0
-0
-0
-0
-0
-0
-0
-0
-0
-0
0
0
0
0
0
0
0
0
0
0
0
0
0
0
0
0
0
0
0
0
0
0
0
0
0
0
0
0
0
0
0
0
0
0
0
0
0
0
0
0
0
0
0
0
0
0
0
0
0
0
-0
-0
-0
-0
-0
-0
-0
-0
-0
-0
-0
-0
-0
-0
-0
-0
-0
-0
-0
-0
-0
-0
-0
-0
-0
-0
-0
-0
-0
-0
-0
-0
-0
-0
-0
-0
-0
-0
-0
-0
-0
-0
-0
-0
-0
-0
-0
-0
-0
-0
0
0
0
0
0
0
0
0
0
0
0
0
0
0
0
0
0
0
0
0
0
0
0
0
0
0
0
0
0
0
0
0
0
0
0
0
0
0
0
0
0
0
0
0
0
0
0
0
0
0
-0
-0
-0
-0
-0
-0
-0
-0
-0
-0
-0
-0
-0
-0
-0
-0
-0
-0
-0
-0
-0
-0
-0
-0
-0
-0
-0
-0
-0
-0
-0
-0
-0
-0
-0
-0
-0
-0
-0
-0
-0
-0
-0
-0
-0
-0
-0
-0
-0
-0
0
0
0
0
0
0
0
0
0
0
0
0
0
0
0
0
0
0
0
0
0
0
0
0
0
0
0
0
0
0
0
0
0
0
0
0
0
0
0
0
0
0
0
0
0
0
0
0
0
0
-0
-0
-0
-0
-0
-0
-0
-0
-0
-0
-0
-0
-0
-0
-0
-0
-0
-0
-0
-0
-0
-0
-0
-0
-0
-0
-0
-0
-0
-0
-0
-0
-0
-0
-0
-0
-0
-0
-0
-0
-0
-0
-0
-0
-0
-0
-0
-0
-0
0
0
0
0
0
0
0
0
0
0
0
0
0
0
0
0
0
0
0
0
0
0
0
0
0
0
0
0
0
0
0
0
0
0
0
0
0
0
0
0
0
0
0
0
0
0
0
0
0
0
0
-0
-0
-0
-0
-0
-0
-0
-0
-0
-0
-0
-0
-0
-0
-0
-0
-0
-0
-0
-0
-0
-0
-0
-0
-0
-0
-0
-0
-0
-0
-0
-0
-0
-0
-0
-0
-0
-0
-0
-0
-0
-0
-0
-0
-0
-0
-0
-0
-0
0
0
0
0
0
0
0
0
0
0
0
0
0
0
0
0
0
0
0
0
0
0
0
0
0
0
0
0
0
0
0
0
0
0
0
0
0
0
0
0
0
0
0
0
0
0
0
0
0
0
0
-0
-0
-0
-0
-0
-0
-0
-0
-0
-0
-0
-0
-0
-0
-0
-0
-0
-0
-0
-0
-0
-0
-0
-0
-0
-0
-0
-0
-0
-0
-0
-0
-0
-0
-0
-0
-0
-0
-0
-0
-0
-0
-0
-0
-0
-0
-0
-0
-0
0
