-0
-0
-0
-0
-0
-0
-0
-0
-0
-0
-0
-0
-0
-0
-0
-0
-0
-0
-0
-0
-0
-0
-0
-0
-0
-0
-0
-0
-0
-0
-0
-0
-0
-0
-0
-0
-0
-0
-0
-0
-0
-0
-0
-0
-0
-0
-0
-0
-0
-0
-0
0
0
0
0
0
0
0
0
0
0
0
0
0
0
0
0
0
0
0
0
0
0
0
0
0
0
0
0
0
0
0
0
0
0
0
0
0
0
0
0
0
0
0
0
0
0
0
0
0
0
-0
-0
-0
-0
-0
-0
-0
-0
-0
-0
-0
-0
-0
-0
-0
-0
-0
-0
-0
-0
-0
-0
-0
-0
-0
-0
-0
-0
-0
-0
-0
-0
-0
-0
-0
-0
-0
-0
-0
-0
-0
-0
-0
-0
-0
-0
-0
-0
-0
-0
0
0
0
0
0
0
0
0
0
0
0
0
0
0
0
0
0
0
0
0
0
0
0
0
0
0
0
0
0
0
0
0
0
0
0
0
0
0
0
0
0
0
0
0
0
0
0
0
0
0
-0
-0
-0
-0
-0
-0
-0
-0
-0
-0
-0
-0
-0
-0
-0
-0
-0
-0
-0
-0
-0
-0
-0
-0
-0
-0
-0
-0
-0
-0
-0
-0
-0
-0
-0
-0
-0
-0
-0
-0
-0
-0
-0
-0
-0
-0
-0
-0
-0
-0
0
0
0
0
0
0
0
0
0
0
0
0
0
0
0
0
0
0
0
0
0
0
0
0
0
0
0
0
0
0
0
0
0
0
0
0
0
0
0
0
0
0
0
0
0
0
0
0
0
0
-0
-0
-0
-0
-0
-0
-0
-0
-0
-0
-0
-0
-0
-0
-0
-0
-0
-0
-0
-0
-0
-0
-0
-0
-0
-0
-0
-0
-0
-0
-0
-0
-0
-0
-0
-0
-0
-0
-0
-0
-0
-0
-0
-0
-0
-0
-0
-0
-0
0
0
0
0
0
0
0
0
0
0
0
0
0
0
0
0
0
0
0
0
0
0
0
0
0
0
0
0
0
0
0
0
0
0
0
0
0
0
0
0
0
0
0
0
0
0
0
0
0
0
0
-0
-0
-0
-0
-0
-0
-0
-0
-0
-0
-0
-0
-0
-0
-0
-0
-0
-0
-0
-0
-0
-0
-0
-0
-0
-0
-0
-0
-0
-0
-0
-0
-0
-0
-0
-0
-0
-0
-0
-0
-0
-0
-0
-0
-0
-0
-0
-0
-0
-0
0
0
0
0
0
0
0
0
0
0
0
0
0
0
0
0
0
0
0
0
0
0
0
0
0
0
0
0
0
0
0
0
0
0
0
0
0
0
0
0
0
0
0
0
0
0
0
0
0
0
-0
-0
-0
-0
-0
-0
-0
-0
-0
-0
-0
-0
-0
-0
-0
-0
-0
-0
-0
-0
-0
-0
-0
-0
-0
-0
-0
-0
-0
-0
-0
-0
-0
-0
-0
-0
-0
-0
-0
-0
-0
-0
-0
-0
-0
-0
-0
-0
-0
0
0
0
0
0
0
0
0
0
0
0
0
0
0
0
0
0
0
0
0
0
0
0
0
0
0
0
0
0
0
0
0
0
0
0
0
0
0
0
0
0
0
0
0
0
0
0
0
0
0
0
-0
-0
-0
-0
-0
-0
-0
-0
-0
-0
-0
-0
-0
-0
-0
-0
-0
-0
-0
-0
-0
-0
-0
-0
-0
-0
-0
-0
-0
-0
-0
-0
-0
-0
-0
-0
-0
-0
-0
-0
-0
-0
-0
-0
-0
-0
-0
-0
-0
0
0
0
0
0
0
0
0
0
0
0
0
0
0
0
0
0
0
0
0
0
0
0
0
0
0
0
0
0
0
0
0
0
0
0
0
0
0
0
0
0
0
0
0
0
0
0
0
0
0
-0
-0
-0
-0
-0
-0
-0
-0
-0
-0
-0
-0
-0
-0
-0
-0
-0
-0
-0
-0
-0
-0
-0
-0
-0
-0
-0
-0
-0
-0
-0
-0
-0
-0
-0
-0
-0
-0
-0
-0
-0
-0
-0
-0
-0
-0
-0
-0
-0
-0
-0
0
0
0
0
0
0
0
0
0
0
0
0
0
0
0
0
0
0
0
0
0
0
0
0
0
0
0
0
0
0
0
0
0
0
0
0
0
0
0
0
0
0
0
0
0
0
0
0
0
0
-0
-0
-0
-0
-0
-0
-0
-0
-0
-0
-0
-0
-0
-0
-0
-0
-0
-0
-0
-0
-0
-0
-0
-0
-0
-0
-0
-0
-0
-0
-0
-0
-0
-0
-0
-0
-0
-0
-0
-0
-0
-0
-0
-0
-0
-0
-0
-0
-0
-0
0
0
0
0
0
0
0
0
0
0
0
0
0
0
0
0
0
0
0
0
0
0
0
0
0
0
0
0
0
0
0
0
0
0
0
0
0
0
0
0
0
0
0
0
0
0
0
0
0
0
-0
-0
-0
-0
-0
-0
-0
-0
-0
-0
-0
-0
-0
-0
-0
-0
-0
-0
-0
-0
-0
-0
-0
-0
-0
-0
-0
-0
-0
-0
-0
-0
-0
-0
-0
-0
-0
-0
-0
-0
-0
-0
-0
-0
-0
-0
-0
-0
-0
0
0
0
0
0
0
0
0
0
0
0
0
0
0
0
0
0
0
0
0
0
0
0
0
0
0
0
0
0
0
0
0
0
0
0
0
0
0
0
0
0
0
0
0
0
0
0
0
0
0
0
-0
-0
-0
-0
-0
-0
-0
-0
-0
-0
-0
-0
-0
-0
-0
-0
-0
-0
-0
-0
-0
-0
-0
-0
-0
-0
-0
-0
-0
-0
-0
-0
-0
-0
-0
-0
-0
-0
-0
-0
-0
-0
-0
-0
-0
-0
-0
-0
-0
0
0
0
0
0
0
0
0
0
0
0
0
0
0
0
0
0
0
0
0
0
0
0
0
0
0
0
0
0
0
0
0
0
0
0
0
0
0
0
0
0
0
0
0
0
0
0
0
0
0
-0
-0
-0
-0
-0
-0
-0
-0
-0
-0
-0
-0
-0
-0
-0
-0
-0
-0
-0
-0
-0
-0
-0
-0
-0
-0
-0
-0
-0
-0
-0
-0
-0
-0
-0
-0
-0
-0
-0
-0
-0
-0
-0
-0
-0
-0
-0
-0
-0
-0
0
0
0
0
0
0
0
0
0
0
0
0
0
0
0
0
0
0
0
0
0
0
0
0
0
0
0
0
0
0
0
0
0
0
0
0
0
0
0
0
0
0
0
0
0
0
0
0
0
0
0
-0
-0
-0
-0
-0
-0
-0
-0
-0
-0
-0
-0
-0
-0
-0
-0
-0
-0
-0
-0
-0
-0
-0
-0
-0
-0
-0
-0
-0
-0
-0
-0
-0
-0
-0
-0
-0
-0
-0
-0
-0
-0
-0
-0
-0
-0
-0
-0
-0
0
0
0
0
0
0
0
0
0
0
0
0
0
0
0
0
0
0
0
0
0
0
0
0
0
0
0
0
0
0
0
0
0
0
0
0
0
0
0
0
0
0
0
0
0
0
0
0
0
0
-0
-0
-0
-0
-0
-0
-0
-0
-0
-0
-0
-0
-0
-0
-0
-0
-0
-0
-0
-0
-0
-0
-0
-0
-0
-0
-0
-0
-0
-0
-0
-0
-0
-0
-0
-0
-0
-0
-0
-0
-0
-0
-0
-0
-0
-0
-0
-0
-0
-0
0
0
0
0
0
0
0
0
0
0
0
0
0
0
0
0
0
0
0
0
0
0
0
0
0
0
0
0
0
0
0
0
0
0
0
0
0
0
0
0
0
0
0
0
0
0
0
0
0
0
-0
-0
-0
-0
-0
-0
-0
-0
-0
-0
-0
-0
-0
-0
-0
-0
-0
-0
-0
-0
-0
-0
-0
-0
-0
-0
-0
-0
-0
-0
-0
-0
-0
-0
-0
-0
-0
-0
-0
-0
-0
-0
-0
-0
-0
-0
-0
-0
-0
-0
0
0
0
0
0
0
0
0
0
0
0
0
0
0
0
0
0
0
0
0
0
0
0
0
0
0
0
0
0
0
0
0
0
0
0
0
0
0
0
0
0
0
0
0
0
0
0
0
0
0
0
-0
-0
-0
-0
-0
-0
-0
-0
-0
-0
-0
-0
-0
-0
-0
-0
-0
-0
-0
-0
-0
-0
-0
-0
-0
-0
-0
-0
-0
-0
-0
-0
-0
-0
-0
-0
-0
-0
-0
-0
-0
-0
-0
-0
-0
-0
-0
-0
-0
-0
0
0
0
0
0
0
0
0
0
0
0
0
0
0
0
0
0
0
0
0
0
0
0
0
0
0
0
0
0
0
0
0
0
0
0
0
0
0
0
0
0
0
0
0
0
0
0
0
0
0
-0
-0
-0
-0
-0
-0
-0
-0
-0
-0
-0
-0
-0
-0
-0
-0
-0
-0
-0
-0
-0
-0
-0
-0
-0
-0
-0
-0
-0
-0
-0
-0
-0
-0
-0
-0
-0
-0
-0
-0
-0
-0
-0
-0
-0
-0
-0
-0
-0
-0
0
0
0
0
0
0
0
0
0
0
0
0
0
0
0
0
0
0
0
0
0
0
0
0
0
0
0
0
0
0
0
0
0
0
0
0
0
0
0
0
0
0
0
0
0
0
0
0
0
0
-0
-0
-0
-0
-0
-0
-0
-0
-0
-0
-0
-0
-0
-0
-0
-0
-0
-0
-0
-0
-0
-0
-0
-0
-0
-0
-0
-0
-0
-0
-0
-0
-0
-0
-0
-0
-0
-0
-0
-0
-0
-0
-0
-0
-0
-0
-0
-0
-0
-0
0
0
0
0
0
0
0
0
0
0
0
0
0
0
0
0
0
0
0
0
0
0
0
0
0
0
0
0
0
0
0
0
0
0
0
0
0
0
0
0
0
0
0
0
0
0
0
0
0
0
-0
-0
-0
-0
-0
-0
-0
-0
-0
-0
-0
-0
-0
-0
-0
-0
-0
-0
-0
-0
-0
-0
-0
-0
-0
-0
-0
-0
-0
-0
-0
-0
-0
-0
-0
-0
-0
-0
-0
-0
-0
-0
-0
-0
-0
-0
-0
-0
-0
-0
0
0
0
0
0
0
0
0
0
0
0
0
0
0
0
0
0
0
0
0
0
0
0
0
0
0
0
0
0
0
0
0
0
0
0
0
0
0
0
0
0
0
0
0
0
0
0
0
0
-0
-0
-0
-0
-0
-0
-0
-0
-0
-0
-0
-0
-0
-0
-0
-0
-0
-0
-0
-0
-0
-0
-0
-0
-0
-0
-0
-0
-0
-0
-0
-0
-0
-0
-0
-0
-0
-0
-0
-0
-0
-0
-0
-0
-0
-0
-0
-0
-0
-0
-0
0
0
0
0
0
0
0
0
0
0
0
0
0
0
0
0
0
0
0
0
0
0
0
0
0
0
0
0
0
0
0
0
0
0
0
0
0
0
0
0
0
0
0
0
0
0
0
0
0
0
-1.4128e-09
-5.64e-09
-1.2648e-08
-2.2382e-08
-3.4764e-08
-4.9697e-08
-6.706e-08
-8.6716e-08
-1.085e-07
-1.3225e-07
-1.5776e-07
-1.8483e-07
-2.1322e-07
-2.4271e-07
-2.7304e-07
-3.0396e-07
-3.3519e-07
-3.6645e-07
-3.9748e-07
-4.2798e-07
-4.5766e-07
-4.8623e-07
-5.1342e-07
-5.3893e-07
-5.625e-07
-5.8385e-07
-6.0271e-07
-6.1884e-07
-6.32e-07
-6.4196e-07
-6.4852e-07
-6.5148e-07
-6.5066e-07
-6.4591e-07
-6.371e-07
-6.2412e-07
-6.0687e-07
-5.8529e-07
-5.5934e-07
-5.2901e-07
-4.943e-07
-4.5526e-07
-4.1194e-07
-3.6444e-07
-3.1288e-07
-2.5739e-07
-1.9816e-07
-1.3536e-07
-6.9227e-08
-1.7639e-20
7.2052e-08
1.4664e-07
2.2345e-07
3.0216e-07
3.8241e-07
4.6384e-07
5.4606e-07
6.2869e-07
7.1131e-07
7.9351e-07
8.7486e-07
9.5494e-07
1.0333e-06
1.1095e-06
1.1832e-06
1.2538e-06
1.321e-06
1.3844e-06
1.4435e-06
1.4979e-06
1.5473e-06
1.5913e-06
1.6295e-06
1.6617e-06
1.6875e-06
1.7066e-06
1.7188e-06
1.7239e-06
1.7217e-06
1.7119e-06
1.6945e-06
1.6694e-06
1.6365e-06
1.5958e-06
1.5472e-06
1.4909e-06
1.427e-06
1.3554e-06
1.2764e-06
1.1903e-06
1.0971e-06
9.9723e-07
8.9094e-07
7.7858e-07
6.6052e-07
5.3717e-07
4.0896e-07
2.7636e-07
1.3987e-07
-4.4143e-21
-1.4269e-07
-2.8764e-07
-4.3426e-07
-5.8193e-07
-7.3005e-07
-8.7798e-07
-1.0251e-06
-1.1707e-06
-1.3141e-06
-1.4548e-06
-1.592e-06
-1.7251e-06
-1.8534e-06
-1.9764e-06
-2.0933e-06
-2.2037e-06
-2.3069e-06
-2.4023e-06
-2.4895e-06
-2.5679e-06
-2.637e-06
-2.6964e-06
-2.7457e-06
-2.7845e-06
-2.8125e-06
-2.8294e-06
-2.835e-06
-2.829e-06
-2.8113e-06
-2.7818e-06
-2.7405e-06
-2.6873e-06
-2.6223e-06
-2.5456e-06
-2.4574e-06
-2.3578e-06
-2.247e-06
-2.1255e-06
-1.9935e-06
-1.8515e-06
-1.6999e-06
-1.5392e-06
-1.3699e-06
-1.1927e-06
-1.0082e-06
-8.1695e-07
-6.1976e-07
-4.1736e-07
-2.1051e-07
-2.9763e-20
2.1333e-07
4.2864e-07
6.4506e-07
8.6171e-07
1.0777e-06
1.2921e-06
1.5041e-06
1.7126e-06
1.9169e-06
2.116e-06
2.3091e-06
2.4952e-06
2.6735e-06
2.8432e-06
3.0035e-06
3.1536e-06
3.2927e-06
3.4202e-06
3.5355e-06
3.6378e-06
3.7266e-06
3.8015e-06
3.8618e-06
3.9073e-06
3.9375e-06
3.9522e-06
3.9511e-06
3.9341e-06
3.901e-06
3.8518e-06
3.7865e-06
3.7053e-06
3.6082e-06
3.4955e-06
3.3675e-06
3.2246e-06
3.0671e-06
2.8956e-06
2.7106e-06
2.5128e-06
2.3027e-06
2.0812e-06
1.8489e-06
1.6069e-06
1.3558e-06
1.0967e-06
8.3057e-07
5.5836e-07
2.8114e-07
-3.9701e-20
-2.8397e-07
-5.6964e-07
-8.5586e-07
-1.1415e-06
-1.4253e-06
-1.7063e-06
-1.9831e-06
-2.2546e-06
-2.5197e-06
-2.7773e-06
-3.0262e-06
-3.2653e-06
-3.4936e-06
-3.71e-06
-3.9136e-06
-4.1034e-06
-4.2786e-06
-4.4382e-06
-4.5815e-06
-4.7077e-06
-4.8163e-06
-4.9065e-06
-4.9779e-06
-5.0301e-06
-5.0625e-06
-5.075e-06
-5.0672e-06
-5.0391e-06
-4.9906e-06
-4.9217e-06
-4.8325e-06
-4.7232e-06
-4.594e-06
-4.4454e-06
-4.2777e-06
-4.0914e-06
-3.8872e-06
-3.6657e-06
-3.4277e-06
-3.174e-06
-2.9055e-06
-2.6231e-06
-2.3279e-06
-2.021e-06
-1.7035e-06
-1.3765e-06
-1.0414e-06
-6.9936e-07
-3.5178e-07
-1.1015e-20
3.5461e-07
7.1064e-07
1.0667e-06
1.4213e-06
1.773e-06
2.1204e-06
2.4621e-06
2.7966e-06
3.1225e-06
3.4385e-06
3.7433e-06
4.0354e-06
4.3137e-06
4.5768e-06
4.8238e-06
5.0533e-06
5.2644e-06
5.4561e-06
5.6275e-06
5.7777e-06
5.9059e-06
6.0116e-06
6.0941e-06
6.1528e-06
6.1875e-06
6.1977e-06
6.1834e-06
6.1442e-06
6.0803e-06
5.9917e-06
5.8785e-06
5.7411e-06
5.5799e-06
5.3953e-06
5.1878e-06
4.9583e-06
4.7073e-06
4.4359e-06
4.1448e-06
3.8353e-06
3.5083e-06
3.1651e-06
2.8069e-06
2.4351e-06
2.0511e-06
1.6563e-06
1.2522e-06
8.4036e-07
4.2242e-07
-1.0586e-19
-4.2525e-07
-8.5164e-07
-1.2775e-06
-1.701e-06
-2.1206e-06
-2.5345e-06
-2.9411e-06
-3.3386e-06
-3.7253e-06
-4.0998e-06
-4.4604e-06
-4.8055e-06
-5.1338e-06
-5.4437e-06
-5.7339e-06
-6.0032e-06
-6.2503e-06
-6.474e-06
-6.6735e-06
-6.8476e-06
-6.9956e-06
-7.1167e-06
-7.2102e-06
-7.2756e-06
-7.3125e-06
-7.3205e-06
-7.2995e-06
-7.2493e-06
-7.1699e-06
-7.0616e-06
-6.9245e-06
-6.7591e-06
-6.5657e-06
-6.3451e-06
-6.098e-06
-5.8251e-06
-5.5274e-06
-5.206e-06
-4.862e-06
-4.4966e-06
-4.1111e-06
-3.7071e-06
-3.286e-06
-2.8493e-06
-2.3987e-06
-1.9361e-06
-1.463e-06
-9.8136e-07
-4.9306e-07
3.8606e-20
4.9589e-07
9.9264e-07
1.4883e-06
1.9808e-06
2.4683e-06
2.9487e-06
3.4201e-06
3.8805e-06
4.3281e-06
4.7611e-06
5.1775e-06
5.5756e-06
5.9539e-06
6.3105e-06
6.6441e-06
6.953e-06
7.2361e-06
7.492e-06
7.7195e-06
7.9175e-06
8.0852e-06
8.2217e-06
8.3263e-06
8.3984e-06
8.4375e-06
8.4433e-06
8.4156e-06
8.3544e-06
8.2596e-06
8.1315e-06
7.9705e-06
7.777e-06
7.5516e-06
7.295e-06
7.0081e-06
6.6919e-06
6.3475e-06
5.9761e-06
5.5791e-06
5.1578e-06
4.7139e-06
4.2491e-06
3.765e-06
3.2634e-06
2.7464e-06
2.2158e-06
1.6738e-06
1.1224e-06
5.637e-07
5.2905e-20
-5.6653e-07
-1.1336e-06
-1.6991e-06
-2.2606e-06
-2.8159e-06
-3.3628e-06
-3.8991e-06
-4.4225e-06
-4.9309e-06
-5.4223e-06
-5.8946e-06
-6.3458e-06
-6.7739e-06
-7.1773e-06
-7.5542e-06
-7.9029e-06
-8.2219e-06
-8.5099e-06
-8.7655e-06
-8.9875e-06
-9.1749e-06
-9.3268e-06
-9.4425e-06
-9.5212e-06
-9.5625e-06
-9.5661e-06
-9.5317e-06
-9.4594e-06
-9.3492e-06
-9.2015e-06
-9.0165e-06
-8.7949e-06
-8.5374e-06
-8.2449e-06
-7.9183e-06
-7.5587e-06
-7.1676e-06
-6.7462e-06
-6.2962e-06
-5.8191e-06
-5.3167e-06
-4.791e-06
-4.244e-06
-3.6776e-06
-3.094e-06
-2.4956e-06
-1.8846e-06
-1.2634e-06
-6.3434e-07
1.191e-19
6.3717e-07
1.2746e-06
1.9099e-06
2.5404e-06
3.1636e-06
3.777e-06
4.3781e-06
4.9645e-06
5.5338e-06
6.0836e-06
6.6117e-06
7.1159e-06
7.594e-06
8.0442e-06
8.4643e-06
8.8528e-06
9.2078e-06
9.5278e-06
9.8115e-06
1.0057e-05
1.0265e-05
1.0432e-05
1.0559e-05
1.0644e-05
1.0687e-05
1.0689e-05
1.0648e-05
1.0564e-05
1.0439e-05
1.0271e-05
1.0063e-05
9.8128e-06
9.5233e-06
9.1947e-06
8.8284e-06
8.4256e-06
7.9877e-06
7.5163e-06
7.0133e-06
6.4803e-06
5.9195e-06
5.333e-06
4.723e-06
4.0917e-06
3.4417e-06
2.7754e-06
2.0954e-06
1.4044e-06
7.0498e-07
-1.1028e-20
-7.0357e-07
-1.4015e-06
-2.0912e-06
-2.7698e-06
-3.4347e-06
-4.0834e-06
-4.7134e-06
-5.3222e-06
-5.9075e-06
-6.4671e-06
-6.9989e-06
-7.5009e-06
-7.9713e-06
-8.4082e-06
-8.8102e-06
-9.1757e-06
-9.5035e-06
-9.7925e-06
-1.0042e-05
-1.025e-05
-1.0417e-05
-1.0542e-05
-1.0626e-05
-1.0666e-05
-1.0665e-05
-1.0621e-05
-1.0536e-05
-1.041e-05
-1.0243e-05
-1.0036e-05
-9.7905e-06
-9.5075e-06
-9.1881e-06
-8.8338e-06
-8.4461e-06
-8.0268e-06
-7.5776e-06
-7.1005e-06
-6.5973e-06
-6.0704e-06
-5.5217e-06
-4.9536e-06
-4.3685e-06
-3.7687e-06
-3.1566e-06
-2.5348e-06
-1.9057e-06
-1.2718e-06
-6.3575e-07
1.8814e-19
6.3293e-07
1.2605e-06
1.8804e-06
2.49e-06
3.0871e-06
3.6693e-06
4.2344e-06
4.7802e-06
5.3047e-06
5.8058e-06
6.2818e-06
6.7308e-06
7.1512e-06
7.5414e-06
7.9001e-06
8.2259e-06
8.5177e-06
8.7746e-06
8.9956e-06
9.1801e-06
9.3275e-06
9.4373e-06
9.5094e-06
9.5436e-06
9.54e-06
9.4987e-06
9.4201e-06
9.3047e-06
9.1531e-06
8.9661e-06
8.7445e-06
8.4895e-06
8.2022e-06
7.8839e-06
7.536e-06
7.16e-06
6.7575e-06
6.3303e-06
5.8802e-06
5.4091e-06
4.9189e-06
4.4117e-06
3.8895e-06
3.3545e-06
2.809e-06
2.255e-06
1.6949e-06
1.1308e-06
5.6511e-07
-7.0408e-20
-5.6229e-07
-1.1195e-06
-1.6696e-06
-2.2102e-06
-2.7394e-06
-3.2551e-06
-3.7554e-06
-4.2382e-06
-4.7019e-06
-5.1446e-06
-5.5647e-06
-5.9607e-06
-6.3311e-06
-6.6746e-06
-6.9899e-06
-7.276e-06
-7.5319e-06
-7.7566e-06
-7.9496e-06
-8.1101e-06
-8.2378e-06
-8.3323e-06
-8.3933e-06
-8.4209e-06
-8.415e-06
-8.3759e-06
-8.304e-06
-8.1996e-06
-8.0635e-06
-7.8961e-06
-7.6985e-06
-7.4716e-06
-7.2164e-06
-6.934e-06
-6.6258e-06
-6.2932e-06
-5.9374e-06
-5.5602e-06
-5.1631e-06
-4.7478e-06
-4.3161e-06
-3.8697e-06
-3.4105e-06
-2.9404e-06
-2.4613e-06
-1.9752e-06
-1.4841e-06
-9.8982e-07
-4.9448e-07
-2.307e-20
4.9165e-07
9.7854e-07
1.4588e-06
1.9305e-06
2.3918e-06
2.841e-06
3.2764e-06
3.6963e-06
4.0991e-06
4.4833e-06
4.8476e-06
5.1906e-06
5.511e-06
5.8077e-06
6.0798e-06
6.3261e-06
6.546e-06
6.7387e-06
6.9036e-06
7.0402e-06
7.1481e-06
7.2272e-06
7.2772e-06
7.2981e-06
7.29e-06
7.2532e-06
7.1879e-06
7.0946e-06
6.9738e-06
6.8262e-06
6.6526e-06
6.4537e-06
6.2305e-06
5.9842e-06
5.7157e-06
5.4263e-06
5.1174e-06
4.7901e-06
4.446e-06
4.0866e-06
3.7133e-06
3.3277e-06
2.9315e-06
2.5263e-06
2.1137e-06
1.6954e-06
1.2733e-06
8.4882e-07
4.2384e-07
-9.8916e-20
-4.2101e-07
-8.3754e-07
-1.248e-06
-1.6507e-06
-2.0441e-06
-2.4269e-06
-2.7974e-06
-3.1543e-06
-3.4963e-06
-3.8221e-06
-4.1305e-06
-4.4205e-06
-4.6909e-06
-4.9409e-06
-5.1696e-06
-5.3763e-06
-5.5602e-06
-5.7208e-06
-5.8576e-06
-5.9703e-06
-6.0585e-06
-6.1221e-06
-6.161e-06
-6.1753e-06
-6.165e-06
-6.1304e-06
-6.0717e-06
-5.9895e-06
-5.8841e-06
-5.7563e-06
-5.6066e-06
-5.4357e-06
-5.2447e-06
-5.0343e-06
-4.8056e-06
-4.5595e-06
-4.2973e-06
-4.02e-06
-3.7289e-06
-3.4253e-06
-3.1105e-06
-2.7857e-06
-2.4525e-06
-2.1121e-06
-1.766e-06
-1.4157e-06
-1.0625e-06
-7.0782e-07
-3.532e-07
2.1976e-20
3.5037e-07
6.9654e-07
1.0372e-06
1.3709e-06
1.6965e-06
2.0127e-06
2.3184e-06
2.6123e-06
2.8935e-06
3.1608e-06
3.4134e-06
3.6503e-06
3.8708e-06
4.0741e-06
4.2595e-06
4.4264e-06
4.5743e-06
4.7028e-06
4.8116e-06
4.9003e-06
4.9688e-06
5.017e-06
5.0449e-06
5.0525e-06
5.04e-06
5.0076e-06
4.9556e-06
4.8844e-06
4.7945e-06
4.6863e-06
4.5606e-06
4.4178e-06
4.2589e-06
4.0844e-06
3.8954e-06
3.6927e-06
3.4772e-06
3.2499e-06
3.0118e-06
2.7641e-06
2.5077e-06
2.2438e-06
1.9735e-06
1.698e-06
1.4184e-06
1.1359e-06
8.5165e-07
5.6682e-07
2.8256e-07
-9.6551e-20
-2.7973e-07
-5.5554e-07
-8.2635e-07
-1.0911e-06
-1.3489e-06
-1.5986e-06
-1.8394e-06
-2.0703e-06
-2.2907e-06
-2.4996e-06
-2.6963e-06
-2.8802e-06
-3.0507e-06
-3.2073e-06
-3.3493e-06
-3.4765e-06
-3.5885e-06
-3.6849e-06
-3.7656e-06
-3.8304e-06
-3.8792e-06
-3.912e-06
-3.9288e-06
-3.9297e-06
-3.915e-06
-3.8848e-06
-3.8395e-06
-3.7794e-06
-3.7048e-06
-3.6164e-06
-3.5146e-06
-3.3999e-06
-3.273e-06
-3.1346e-06
-2.9853e-06
-2.8259e-06
-2.6571e-06
-2.4798e-06
-2.2947e-06
-2.1028e-06
-1.9049e-06
-1.7018e-06
-1.4945e-06
-1.2838e-06
-1.0707e-06
-8.5611e-07
-6.4084e-07
-4.2582e-07
-2.1192e-07
3.615e-20
2.0909e-07
4.1454e-07
6.1555e-07
8.1135e-07
1.0012e-06
1.1844e-06
1.3604e-06
1.5284e-06
1.6879e-06
1.8383e-06
1.9792e-06
2.1101e-06
2.2306e-06
2.3404e-06
2.4392e-06
2.5267e-06
2.6026e-06
2.667e-06
2.7196e-06
2.7604e-06
2.7895e-06
2.8069e-06
2.8126e-06
2.807e-06
2.79e-06
2.762e-06
2.7234e-06
2.6743e-06
2.6152e-06
2.5465e-06
2.4686e-06
2.382e-06
2.2872e-06
2.1847e-06
2.0751e-06
1.959e-06
1.837e-06
1.7097e-06
1.5776e-06
1.4415e-06
1.3021e-06
1.1598e-06
1.0155e-06
8.6969e-07
7.231e-07
5.7634e-07
4.3004e-07
2.8482e-07
1.4128e-07
-5.5151e-24
-1.3845e-07
-2.7354e-07
-4.0474e-07
-5.3157e-07
-6.5357e-07
-7.703e-07
-8.8136e-07
-9.8639e-07
-1.085e-06
-1.177e-06
-1.2621e-06
-1.34e-06
-1.4106e-06
-1.4736e-06
-1.529e-06
-1.5768e-06
-1.6168e-06
-1.649e-06
-1.6736e-06
-1.6905e-06
-1.6999e-06
-1.7018e-06
-1.6965e-06
-1.6842e-06
-1.665e-06
-1.6393e-06
-1.6072e-06
-1.5692e-06
-1.5255e-06
-1.4765e-06
-1.4226e-06
-1.364e-06
-1.3013e-06
-1.2348e-06
-1.165e-06
-1.0922e-06
-1.0169e-06
-9.3954e-07
-8.6052e-07
-7.8028e-07
-6.9925e-07
-6.1785e-07
-5.3648e-07
-4.5555e-07
-3.7546e-07
-2.9656e-07
-2.1924e-07
-1.4382e-07
-7.0639e-08
1.9452e-20
6.7814e-08
1.3254e-07
1.9394e-07
2.518e-07
3.0593e-07
3.5616e-07
4.0236e-07
4.4442e-07
4.8224e-07
5.1578e-07
5.45e-07
5.6989e-07
5.9046e-07
6.0678e-07
6.189e-07
6.2691e-07
6.3094e-07
6.3112e-07
6.276e-07
6.2056e-07
6.1021e-07
5.9674e-07
5.8039e-07
5.6139e-07
5.4e-07
5.1648e-07
4.911e-07
4.6413e-07
4.3586e-07
4.0658e-07
3.7656e-07
3.461e-07
3.1547e-07
2.8496e-07
2.5484e-07
2.2538e-07
1.9682e-07
1.6943e-07
1.4342e-07
1.1903e-07
9.6449e-08
7.5876e-08
5.748e-08
4.1414e-08
2.7812e-08
1.6787e-08
8.4322e-09
2.82e-09
0
0
-0
-0
-0
-0
-0
-0
-0
-0
-0
-0
-0
-0
-0
-0
-0
-0
-0
-0
-0
-0
-0
-0
-0
-0
-0
-0
-0
-0
-0
-0
-0
-0
-0
-0
-0
-0
-0
-0
-0
-0
-0
-0
-0
-0
-0
-0
-0
-0
-0
-0
0
0
0
0
0
0
0
0
0
0
0
0
0
0
0
0
0
0
0
0
0
0
0
0
0
0
0
0
0
0
0
0
0
0
0
0
0
0
0
0
0
0
0
0
0
0
0
0
0
0
-0
-0
-0
-0
-0
-0
-0
-0
-0
-0
-0
-0
-0
-0
-0
-0
-0
-0
-0
-0
-0
-0
-0
-0
-0
-0
-0
-0
-0
-0
-0
-0
-0
-0
-0
-0
-0
-0
-0
-0
-0
-0
-0
-0
-0
-0
-0
-0
-0
-0
0
0
0
0
0
0
0
0
0
0
0
0
0
0
0
0
0
0
0
0
0
0
0
0
0
0
0
0
0
0
0
0
0
0
0
0
0
0
0
0
0
0
0
0
0
0
0
0
0
0
-0
-0
-0
-0
-0
-0
-0
-0
-0
-0
-0
-0
-0
-0
-0
-0
-0
-0
-0
-0
-0
-0
-0
-0
-0
-0
-0
-0
-0
-0
-0
-0
-0
-0
-0
-0
-0
-0
-0
-0
-0
-0
-0
-0
-0
-0
-0
-0
-0
-0
0
0
0
0
0
0
0
0
0
0
0
0
0
0
0
0
0
0
0
0
0
0
0
0
0
0
0
0
0
0
0
0
0
0
0
0
0
0
0
0
0
0
0
0
0
0
0
0
0
0
-0
-0
-0
-0
-0
-0
-0
-0
-0
-0
-0
-0
-0
-0
-0
-0
-0
-0
-0
-0
-0
-0
-0
-0
-0
-0
-0
-0
-0
-0
-0
-0
-0
-0
-0
-0
-0
-0
-0
-0
-0
-0
-0
-0
-0
-0
-0
-0
-0
-0
0
0
0
0
0
0
0
0
0
0
0
0
0
0
0
0
0
0
0
0
0
0
0
0
0
0
0
0
0
0
0
0
0
0
0
0
0
0
0
0
0
0
0
0
0
0
0
0
0
0
-0
-0
-0
-0
-0
-0
-0
-0
-0
-0
-0
-0
-0
-0
-0
-0
-0
-0
-0
-0
-0
-0
-0
-0
-0
-0
-0
-0
-0
-0
-0
-0
-0
-0
-0
-0
-0
-0
-0
-0
-0
-0
-0
-0
-0
-0
-0
-0
-0
-0
0
0
0
0
0
0
0
0
0
0
0
0
0
0
0
0
0
0
0
0
0
0
0
0
0
0
0
0
0
0
0
0
0
0
0
0
0
0
0
0
0
0
0
0
0
0
0
0
0
0
-0
-0
-0
-0
-0
-0
-0
-0
-0
-0
-0
-0
-0
-0
-0
-0
-0
-0
-0
-0
-0
-0
-0
-0
-0
-0
-0
-0
-0
-0
-0
-0
-0
-0
-0
-0
-0
-0
-0
-0
-0
-0
-0
-0
-0
-0
-0
-0
-0
0
0
0
0
0
0
0
0
0
0
0
0
0
0
0
0
0
0
0
0
0
0
0
0
0
0
0
0
0
0
0
0
0
0
0
0
0
0
0
0
0
0
0
0
0
0
0
0
0
0
0
-0
-0
-0
-0
-0
-0
-0
-0
-0
-0
-0
-0
-0
-0
-0
-0
-0
-0
-0
-0
-0
-0
-0
-0
-0
-0
-0
-0
-0
-0
-0
-0
-0
-0
-0
-0
-0
-0
-0
-0
-0
-0
-0
-0
-0
-0
-0
-0
-0
-0
0
0
0
0
0
0
0
0
0
0
0
0
0
0
0
0
0
0
0
0
0
0
0
0
0
0
0
0
0
0
0
0
0
0
0
0
0
0
0
0
0
0
0
0
0
0
0
0
0
0
-0
-0
-0
-0
-0
-0
-0
-0
-0
-0
-0
-0
-0
-0
-0
-0
-0
-0
-0
-0
-0
-0
-0
-0
-0
-0
-0
-0
-0
-0
-0
-0
-0
-0
-0
-0
-0
-0
-0
-0
-0
-0
-0
-0
-0
-0
-0
-0
-0
-0
0
0
0
0
0
0
0
0
0
0
0
0
0
0
0
0
0
0
0
0
0
0
0
0
0
0
0
0
0
0
0
0
0
0
0
0
0
0
0
0
0
0
0
0
0
0
0
0
0
-0
-0
-0
-0
-0
-0
-0
-0
-0
-0
-0
-0
-0
-0
-0
-0
-0
-0
-0
-0
-0
-0
-0
-0
-0
-0
-0
-0
-0
-0
-0
-0
-0
-0
-0
-0
-0
-0
-0
-0
-0
-0
-0
-0
-0
-0
-0
-0
-0
-0
-0
0
0
0
0
0
0
0
0
0
0
0
0
0
0
0
0
0
0
0
0
0
0
0
0
0
0
0
0
0
0
0
0
0
0
0
0
0
0
0
0
0
0
0
0
0
0
0
0
0
0
-0
-0
-0
-0
-0
-0
-0
-0
-0
-0
-0
-0
-0
-0
-0
-0
-0
-0
-0
-0
-0
-0
-0
-0
-0
-0
-0
-0
-0
-0
-0
-0
-0
-0
-0
-0
-0
-0
-0
-0
-0
-0
-0
-0
-0
-0
-0
-0
-0
0
0
0
0
0
0
0
0
0
0
0
0
0
0
0
0
0
0
0
0
0
0
0
0
0
0
0
0
0
0
0
0
0
0
0
0
0
0
0
0
0
0
0
0
0
0
0
0
0
0
0
-0
-0
-0
-0
-0
-0
-0
-0
-0
-0
-0
-0
-0
-0
-0
-0
-0
-0
-0
-0
-0
-0
-0
-0
-0
-0
-0
-0
-0
-0
-0
-0
-0
-0
-0
-0
-0
-0
-0
-0
-0
-0
-0
-0
-0
-0
-0
-0
-0
-0
0
0
0
0
0
0
0
0
0
0
0
0
0
0
0
0
0
0
0
0
0
0
0
0
0
0
0
0
0
0
0
0
0
0
0
0
0
0
0
0
0
0
0
0
0
0
0
0
0
0
-0
-0
-0
-0
-0
-0
-0
-0
-0
-0
-0
-0
-0
-0
-0
-0
-0
-0
-0
-0
-0
-0
-0
-0
-0
-0
-0
-0
-0
-0
-0
-0
-0
-0
-0
-0
-0
-0
-0
-0
-0
-0
-0
-0
-0
-0
-0
-0
-0
0
0
0
0
0
0
0
0
0
0
0
0
0
0
0
0
0
0
0
0
0
0
0
0
0
0
0
0
0
0
0
0
0
0
0
0
0
0
0
0
0
0
0
0
0
0
0
0
0
0
-0
-0
-0
-0
-0
-0
-0
-0
-0
-0
-0
-0
-0
-0
-0
-0
-0
-0
-0
-0
-0
-0
-0
-0
-0
-0
-0
-0
-0
-0
-0
-0
-0
-0
-0
-0
-0
-0
-0
-0
-0
-0
-0
-0
-0
-0
-0
-0
-0
-0
-0
0
0
0
0
0
0
0
0
0
0
0
0
0
0
0
0
0
0
0
0
0
0
0
0
0
0
0
0
0
0
0
0
0
0
0
0
0
0
0
0
0
0
0
0
0
0
0
0
0
0
-0
-0
-0
-0
-0
-0
-0
-0
-0
-0
-0
-0
-0
-0
-0
-0
-0
-0
-0
-0
-0
-0
-0
-0
-0
-0
-0
-0
-0
-0
-0
-0
-0
-0
-0
-0
-0
-0
-0
-0
-0
-0
-0
-0
-0
-0
-0
-0
-0
0
0
0
0
0
0
0
0
0
0
0
0
0
0
0
0
0
0
0
0
0
0
0
0
0
0
0
0
0
0
0
0
0
0
0
0
0
0
0
0
0
0
0
0
0
0
0
0
0
0
-0
-0
-0
-0
-0
-0
-0
-0
-0
-0
-0
-0
-0
-0
-0
-0
-0
-0
-0
-0
-0
-0
-0
-0
-0
-0
-0
-0
-0
-0
-0
-0
-0
-0
-0
-0
-0
-0
-0
-0
-0
-0
-0
-0
-0
-0
-0
-0
-0
-0
0
0
0
0
0
0
0
0
0
0
0
0
0
0
0
0
0
0
0
0
0
0
0
0
0
0
0
0
0
0
0
0
0
0
0
0
0
0
0
0
0
0
0
0
0
0
0
0
0
0
0
-0
-0
-0
-0
-0
-0
-0
-0
-0
-0
-0
-0
-0
-0
-0
-0
-0
-0
-0
-0
-0
-0
-0
-0
-0
-0
-0
-0
-0
-0
-0
-0
-0
-0
-0
-0
-0
-0
-0
-0
-0
-0
-0
-0
-0
-0
-0
-0
-0
-0
0
0
0
0
0
0
0
0
0
0
0
0
0
0
0
0
0
0
0
0
0
0
0
0
0
0
0
0
0
0
0
0
0
0
0
0
0
0
0
0
0
0
0
0
0
0
0
0
0
-0
-0
-0
-0
-0
-0
-0
-0
-0
-0
-0
-0
-0
-0
-0
-0
-0
-0
-0
-0
-0
-0
-0
-0
-0
-0
-0
-0
-0
-0
-0
-0
-0
-0
-0
-0
-0
-0
-0
-0
-0
-0
-0
-0
-0
-0
-0
-0
-0
-0
0
0
0
0
0
0
0
0
0
0
0
0
0
0
0
0
0
0
0
0
0
0
0
0
0
0
0
0
0
0
0
0
0
0
0
0
0
0
0
0
0
0
0
0
0
0
0
0
0
0
-0
-0
-0
-0
-0
-0
-0
-0
-0
-0
-0
-0
-0
-0
-0
-0
-0
-0
-0
-0
-0
-0
-0
-0
-0
-0
-0
-0
-0
-0
-0
-0
-0
-0
-0
-0
-0
-0
-0
-0
-0
-0
-0
-0
-0
-0
-0
-0
-0
-0
-0
0
0
0
0
0
0
0
0
0
0
0
0
0
0
0
0
0
0
0
0
0
0
0
0
0
0
0
0
0
0
0
0
0
0
0
0
0
0
0
0
0
0
0
0
0
0
0
0
0
0
-0
-0
-0
-0
-0
-0
-0
-0
-0
-0
-0
-0
-0
-0
-0
-0
-0
-0
-0
-0
-0
-0
-0
-0
-0
-0
-0
-0
-0
-0
-0
-0
-0
-0
-0
-0
-0
-0
-0
-0
-0
-0
-0
-0
-0
-0
-0
-0
-0
0
0
0
0
0
0
0
0
0
0
0
0
0
0
0
0
0
0
0
0
0
0
0
0
0
0
0
0
0
0
0
0
0
0
0
0
0
0
0
0
0
0
0
0
0
0
0
0
0
0
-0
-0
-0
-0
-0
-0
-0
-0
-0
-0
-0
-0
-0
-0
-0
-0
-0
-0
-0
-0
-0
-0
-0
-0
-0
-0
-0
-0
-0
-0
-0
-0
-0
-0
-0
-0
-0
-0
-0
-0
-0
-0
-0
-0
-0
-0
-0
-0
-0
-0
0
0
0
0
0
0
0
0
0
0
0
0
0
0
0
0
0
0
0
0
0
0
0
0
0
0
0
0
0
0
0
0
0
0
0
0
0
0
0
0
0
0
0
0
0
0
0
0
0
0
-0
-0
-0
-0
-0
-0
-0
-0
-0
-0
-0
-0
-0
-0
-0
-0
-0
-0
-0
-0
-0
-0
-0
-0
-0
-0
-0
-0
-0
-0
-0
-0
-0
-0
-0
-0
-0
-0
-0
-0
-0
-0
-0
-0
-0
-0
-0
-0
-0
-0
-0
0
0
0
0
0
0
0
0
0
0
0
0
0
0
0
0
0
0
0
0
0
0
0
0
0
0
0
0
0
0
0
0
0
0
0
0
0
0
0
0
0
0
0
0
0
0
0
0
0
0
-0
-0
-0
-0
-0
-0
-0
-0
-0
-0
-0
-0
-0
-0
-0
-0
-0
-0
-0
-0
-0
-0
-0
-0
-0
-0
-0
-0
-0
-0
-0
-0
-0
-0
-0
-0
-0
-0
-0
-0
-0
-0
-0
-0
-0
-0
-0
-0
-0
-0
0
0
0
0
0
0
0
0
0
0
0
0
0
0
0
0
0
0
0
0
0
0
0
0
0
0
0
0
0
0
0
0
0
0
0
0
0
0
0
0
0
0
0
0
0
0
0
0
0
-0
-0
-0
-0
-0
-0
-0
-0
-0
-0
-0
-0
-0
-0
-0
-0
-0
-0
-0
-0
-0
-0
-0
-0
-0
-0
-0
-0
-0
-0
-0
-0
-0
-0
-0
-0
-0
-0
-0
-0
-0
-0
-0
-0
-0
-0
-0
-0
-0
-0
0
0
0
0
0
0
0
0
0
0
0
0
0
0
0
0
0
0
0
0
0
0
0
0
0
0
0
0
0
0
0
0
0
0
0
0
0
0
0
0
0
0
0
0
0
0
0
0
0
0
0
-0
-0
-0
-0
-0
-0
-0
-0
-0
-0
-0
-0
-0
-0
-0
-0
-0
-0
-0
-0
-0
-0
-0
-0
-0
-0
-0
-0
-0
-0
-0
-0
-0
-0
-0
-0
-0
-0
-0
-0
-0
-0
-0
-0
-0
-0
-0
-0
-0
-0
0
0
0
0
0
0
0
0
0
0
0
0
0
0
0
0
0
0
0
0
0
0
0
0
0
0
0
0
0
0
0
0
0
0
0
0
0
0
0
0
0
0
0
0
0
0
0
0
0
0
-0
-0
-0
-0
-0
-0
-0
-0
-0
-0
-0
-0
-0
-0
-0
-0
-0
-0
-0
-0
-0
-0
-0
-0
-0
-0
-0
-0
-0
-0
-0
-0
-0
-0
-0
-0
-0
-0
-0
-0
-0
-0
-0
-0
-0
-0
-0
-0
-0
0
0
0
0
0
0
0
0
0
0
0
0
0
0
0
0
0
0
0
0
0
0
0
0
0
0
0
0
0
0
0
0
0
0
0
0
0
0
0
0
0
0
0
0
0
0
0
0
0
0
-0
-0
-0
-0
-0
-0
-0
-0
-0
-0
-0
-0
-0
-0
-0
-0
-0
-0
-0
-0
-0
-0
-0
-0
-0
-0
-0
-0
-0
-0
-0
-0
-0
-0
-0
-0
-0
-0
-0
-0
-0
-0
-0
-0
-0
-0
-0
-0
-0
-0
-0
0
0
0
0
0
0
0
0
0
0
0
0
0
0
0
0
0
0
0
0
0
0
0
0
0
0
0
0
0
0
0
0
0
0
0
0
0
0
0
0
0
0
0
0
0
0
0
0
0
0
-0
-0
-0
-0
-0
-0
-0
-0
-0
-0
-0
-0
-0
-0
-0
-0
-0
-0
-0
-0
-0
-0
-0
-0
-0
-0
-0
-0
-0
-0
-0
-0
-0
-0
-0
-0
-0
-0
-0
-0
-0
-0
-0
-0
-0
-0
-0
-0
-0
-0
0
0
0
0
0
0
0
0
0
0
0
0
0
0
0
0
0
0
0
0
0
0
0
0
0
0
0
0
0
0
0
0
0
0
0
0
0
0
0
0
0
0
0
0
0
0
0
0
0
-0
-0
-0
-0
-0
-0
-0
-0
-0
-0
-0
-0
-0
-0
-0
-0
-0
-0
-0
-0
-0
-0
-0
-0
-0
-0
-0
-0
-0
-0
-0
-0
-0
-0
-0
-0
-0
-0
-0
-0
-0
-0
-0
-0
-0
-0
-0
-0
-0
-0
0
0
0
0
0
0
0
0
0
0
0
0
0
0
0
0
0
0
0
0
0
0
0
0
0
0
0
0
0
0
0
0
0
0
0
0
0
0
0
0
0
0
0
0
0
0
0
0
0
0
-0
-1.4128e-09
-5.64e-09
-1.2648e-08
-2.2382e-08
-3.4764e-08
-4.9697e-08
-6.706e-08
-8.6716e-08
-1.085e-07
-1.3225e-07
-1.5776e-07
-1.8483e-07
-2.1322e-07
-2.4271e-07
-2.7304e-07
-3.0396e-07
-3.3519e-07
-3.6645e-07
-3.9748e-07
-4.2798e-07
-4.5766e-07
-4.8623e-07
-5.1342e-07
-5.3893e-07
-5.625e-07
-5.8385e-07
-6.0271e-07
-6.1884e-07
-6.32e-07
-6.4196e-07
-6.4852e-07
-6.5148e-07
-6.5066e-07
-6.4591e-07
-6.371e-07
-6.2412e-07
-6.0687e-07
-5.8529e-07
-5.5934e-07
-5.2901e-07
-4.943e-07
-4.5526e-07
-4.1194e-07
-3.6444e-07
-3.1288e-07
-2.5739e-07
-1.9816e-07
-1.3536e-07
-6.9227e-08
-1.2123e-20
7.2052e-08
1.4664e-07
2.2345e-07
3.0216e-07
3.8241e-07
4.6384e-07
5.4606e-07
6.2869e-07
7.1131e-07
7.9351e-07
8.7486e-07
9.5494e-07
1.0333e-06
1.1095e-06
1.1832e-06
1.2538e-06
1.321e-06
1.3844e-06
1.4435e-06
1.4979e-06
1.5473e-06
1.5913e-06
1.6295e-06
1.6617e-06
1.6875e-06
1.7066e-06
1.7188e-06
1.7239e-06
1.7217e-06
1.7119e-06
1.6945e-06
1.6694e-06
1.6365e-06
1.5958e-06
1.5472e-06
1.4909e-06
1.427e-06
1.3554e-06
1.2764e-06
1.1903e-06
1.0971e-06
9.9723e-07
8.9094e-07
7.7858e-07
6.6052e-07
5.3717e-07
4.0896e-07
2.7636e-07
1.3987e-07
-7.9396e-20
-1.4269e-07
-2.8764e-07
-4.3426e-07
-5.8193e-07
-7.3005e-07
-8.7798e-07
-1.0251e-06
-1.1707e-06
-1.3141e-06
-1.4548e-06
-1.592e-06
-1.7251e-06
-1.8534e-06
-1.9764e-06
-2.0933e-06
-2.2037e-06
-2.3069e-06
-2.4023e-06
-2.4895e-06
-2.5679e-06
-2.637e-06
-2.6964e-06
-2.7457e-06
-2.7845e-06
-2.8125e-06
-2.8294e-06
-2.835e-06
-2.829e-06
-2.8113e-06
-2.7818e-06
-2.7405e-06
-2.6873e-06
-2.6223e-06
-2.5456e-06
-2.4574e-06
-2.3578e-06
-2.247e-06
-2.1255e-06
-1.9935e-06
-1.8515e-06
-1.6999e-06
-1.5392e-06
-1.3699e-06
-1.1927e-06
-1.0082e-06
-8.1695e-07
-6.1976e-07
-4.1736e-07
-2.1051e-07
8.271e-20
2.1333e-07
4.2864e-07
6.4506e-07
8.6171e-07
1.0777e-06
1.2921e-06
1.5041e-06
1.7126e-06
1.9169e-06
2.116e-06
2.3091e-06
2.4952e-06
2.6735e-06
2.8432e-06
3.0035e-06
3.1536e-06
3.2927e-06
3.4202e-06
3.5355e-06
3.6378e-06
3.7266e-06
3.8015e-06
3.8618e-06
3.9073e-06
3.9375e-06
3.9522e-06
3.9511e-06
3.9341e-06
3.901e-06
3.8518e-06
3.7865e-06
3.7053e-06
3.6082e-06
3.4955e-06
3.3675e-06
3.2246e-06
3.0671e-06
2.8956e-06
2.7106e-06
2.5128e-06
2.3027e-06
2.0812e-06
1.8489e-06
1.6069e-06
1.3558e-06
1.0967e-06
8.3057e-07
5.5836e-07
2.8114e-07
1.9403e-19
-2.8397e-07
-5.6964e-07
-8.5586e-07
-1.1415e-06
-1.4253e-06
-1.7063e-06
-1.9831e-06
-2.2546e-06
-2.5197e-06
-2.7773e-06
-3.0262e-06
-3.2653e-06
-3.4936e-06
-3.71e-06
-3.9136e-06
-4.1034e-06
-4.2786e-06
-4.4382e-06
-4.5815e-06
-4.7077e-06
-4.8163e-06
-4.9065e-06
-4.9779e-06
-5.0301e-06
-5.0625e-06
-5.075e-06
-5.0672e-06
-5.0391e-06
-4.9906e-06
-4.9217e-06
-4.8325e-06
-4.7232e-06
-4.594e-06
-4.4454e-06
-4.2777e-06
-4.0914e-06
-3.8872e-06
-3.6657e-06
-3.4277e-06
-3.174e-06
-2.9055e-06
-2.6231e-06
-2.3279e-06
-2.021e-06
-1.7035e-06
-1.3765e-06
-1.0414e-06
-6.9936e-07
-3.5178e-07
-3.0318e-19
3.5461e-07
7.1064e-07
1.0667e-06
1.4213e-06
1.773e-06
2.1204e-06
2.4621e-06
2.7966e-06
3.1225e-06
3.4385e-06
3.7433e-06
4.0354e-06
4.3137e-06
4.5768e-06
4.8238e-06
5.0533e-06
5.2644e-06
5.4561e-06
5.6275e-06
5.7777e-06
5.9059e-06
6.0116e-06
6.0941e-06
6.1528e-06
6.1875e-06
6.1977e-06
6.1834e-06
6.1442e-06
6.0803e-06
5.9917e-06
5.8785e-06
5.7411e-06
5.5799e-06
5.3953e-06
5.1878e-06
4.9583e-06
4.7073e-06
4.4359e-06
4.1448e-06
3.8353e-06
3.5083e-06
3.1651e-06
2.8069e-06
2.4351e-06
2.0511e-06
1.6563e-06
1.2522e-06
8.4036e-07
4.2242e-07
4.3658e-19
-4.2525e-07
-8.5164e-07
-1.2775e-06
-1.701e-06
-2.1206e-06
-2.5345e-06
-2.9411e-06
-3.3386e-06
-3.7253e-06
-4.0998e-06
-4.4604e-06
-4.8055e-06
-5.1338e-06
-5.4437e-06
-5.7339e-06
-6.0032e-06
-6.2503e-06
-6.474e-06
-6.6735e-06
-6.8476e-06
-6.9956e-06
-7.1167e-06
-7.2102e-06
-7.2756e-06
-7.3125e-06
-7.3205e-06
-7.2995e-06
-7.2493e-06
-7.1699e-06
-7.0616e-06
-6.9245e-06
-6.7591e-06
-6.5657e-06
-6.3451e-06
-6.098e-06
-5.8251e-06
-5.5274e-06
-5.206e-06
-4.862e-06
-4.4966e-06
-4.1111e-06
-3.7071e-06
-3.286e-06
-2.8493e-06
-2.3987e-06
-1.9361e-06
-1.463e-06
-9.8136e-07
-4.9306e-07
-1.466e-19
4.9589e-07
9.9264e-07
1.4883e-06
1.9808e-06
2.4683e-06
2.9487e-06
3.4201e-06
3.8805e-06
4.3281e-06
4.7611e-06
5.1775e-06
5.5756e-06
5.9539e-06
6.3105e-06
6.6441e-06
6.953e-06
7.2361e-06
7.492e-06
7.7195e-06
7.9175e-06
8.0852e-06
8.2217e-06
8.3263e-06
8.3984e-06
8.4375e-06
8.4433e-06
8.4156e-06
8.3544e-06
8.2596e-06
8.1315e-06
7.9705e-06
7.777e-06
7.5516e-06
7.295e-06
7.0081e-06
6.6919e-06
6.3475e-06
5.9761e-06
5.5791e-06
5.1578e-06
4.7139e-06
4.2491e-06
3.765e-06
3.2634e-06
2.7464e-06
2.2158e-06
1.6738e-06
1.1224e-06
5.637e-07
7.7616e-19
-5.6653e-07
-1.1336e-06
-1.6991e-06
-2.2606e-06
-2.8159e-06
-3.3628e-06
-3.8991e-06
-4.4225e-06
-4.9309e-06
-5.4223e-06
-5.8946e-06
-6.3458e-06
-6.7739e-06
-7.1773e-06
-7.5542e-06
-7.9029e-06
-8.2219e-06
-8.5099e-06
-8.7655e-06
-8.9875e-06
-9.1749e-06
-9.3268e-06
-9.4425e-06
-9.5212e-06
-9.5625e-06
-9.5661e-06
-9.5317e-06
-9.4594e-06
-9.3492e-06
-9.2015e-06
-9.0165e-06
-8.7949e-06
-8.5374e-06
-8.2449e-06
-7.9183e-06
-7.5587e-06
-7.1676e-06
-6.7462e-06
-6.2962e-06
-5.8191e-06
-5.3167e-06
-4.791e-06
-4.244e-06
-3.6776e-06
-3.094e-06
-2.4956e-06
-1.8846e-06
-1.2634e-06
-6.3434e-07
-4.0679e-19
6.3717e-07
1.2746e-06
1.9099e-06
2.5404e-06
3.1636e-06
3.777e-06
4.3781e-06
4.9645e-06
5.5338e-06
6.0836e-06
6.6117e-06
7.1159e-06
7.594e-06
8.0442e-06
8.4643e-06
8.8528e-06
9.2078e-06
9.5278e-06
9.8115e-06
1.0057e-05
1.0265e-05
1.0432e-05
1.0559e-05
1.0644e-05
1.0687e-05
1.0689e-05
1.0648e-05
1.0564e-05
1.0439e-05
1.0271e-05
1.0063e-05
9.8128e-06
9.5233e-06
9.1947e-06
8.8284e-06
8.4256e-06
7.9877e-06
7.5163e-06
7.0133e-06
6.4803e-06
5.9195e-06
5.333e-06
4.723e-06
4.0917e-06
3.4417e-06
2.7754e-06
2.0954e-06
1.4044e-06
7.0498e-07
5.7213e-19
-7.0357e-07
-1.4015e-06
-2.0912e-06
-2.7698e-06
-3.4347e-06
-4.0834e-06
-4.7134e-06
-5.3222e-06
-5.9075e-06
-6.4671e-06
-6.9989e-06
-7.5009e-06
-7.9713e-06
-8.4082e-06
-8.8102e-06
-9.1757e-06
-9.5035e-06
-9.7925e-06
-1.0042e-05
-1.025e-05
-1.0417e-05
-1.0542e-05
-1.0626e-05
-1.0666e-05
-1.0665e-05
-1.0621e-05
-1.0536e-05
-1.041e-05
-1.0243e-05
-1.0036e-05
-9.7905e-06
-9.5075e-06
-9.1881e-06
-8.8338e-06
-8.4461e-06
-8.0268e-06
-7.5776e-06
-7.1005e-06
-6.5973e-06
-6.0704e-06
-5.5217e-06
-4.9536e-06
-4.3685e-06
-3.7687e-06
-3.1566e-06
-2.5348e-06
-1.9057e-06
-1.2718e-06
-6.3575e-07
-6.2371e-19
6.3293e-07
1.2605e-06
1.8804e-06
2.49e-06
3.0871e-06
3.6693e-06
4.2344e-06
4.7802e-06
5.3047e-06
5.8058e-06
6.2818e-06
6.7308e-06
7.1512e-06
7.5414e-06
7.9001e-06
8.2259e-06
8.5177e-06
8.7746e-06
8.9956e-06
9.1801e-06
9.3275e-06
9.4373e-06
9.5094e-06
9.5436e-06
9.54e-06
9.4987e-06
9.4201e-06
9.3047e-06
9.1531e-06
8.9661e-06
8.7445e-06
8.4895e-06
8.2022e-06
7.8839e-06
7.536e-06
7.16e-06
6.7575e-06
6.3303e-06
5.8802e-06
5.4091e-06
4.9189e-06
4.4117e-06
3.8895e-06
3.3545e-06
2.809e-06
2.255e-06
1.6949e-06
1.1308e-06
5.6511e-07
1.4073e-19
-5.6229e-07
-1.1195e-06
-1.6696e-06
-2.2102e-06
-2.7394e-06
-3.2551e-06
-3.7554e-06
-4.2382e-06
-4.7019e-06
-5.1446e-06
-5.5647e-06
-5.9607e-06
-6.3311e-06
-6.6746e-06
-6.9899e-06
-7.276e-06
-7.5319e-06
-7.7566e-06
-7.9496e-06
-8.1101e-06
-8.2378e-06
-8.3323e-06
-8.3933e-06
-8.4209e-06
-8.415e-06
-8.3759e-06
-8.304e-06
-8.1996e-06
-8.0635e-06
-7.8961e-06
-7.6985e-06
-7.4716e-06
-7.2164e-06
-6.934e-06
-6.6258e-06
-6.2932e-06
-5.9374e-06
-5.5602e-06
-5.1631e-06
-4.7478e-06
-4.3161e-06
-3.8697e-06
-3.4105e-06
-2.9404e-06
-2.4613e-06
-1.9752e-06
-1.4841e-06
-9.8982e-07
-4.9448e-07
-6.5411e-19
4.9165e-07
9.7854e-07
1.4588e-06
1.9305e-06
2.3918e-06
2.841e-06
3.2764e-06
3.6963e-06
4.0991e-06
4.4833e-06
4.8476e-06
5.1906e-06
5.511e-06
5.8077e-06
6.0798e-06
6.3261e-06
6.546e-06
6.7387e-06
6.9036e-06
7.0402e-06
7.1481e-06
7.2272e-06
7.2772e-06
7.2981e-06
7.29e-06
7.2532e-06
7.1879e-06
7.0946e-06
6.9738e-06
6.8262e-06
6.6526e-06
6.4537e-06
6.2305e-06
5.9842e-06
5.7157e-06
5.4263e-06
5.1174e-06
4.7901e-06
4.446e-06
4.0866e-06
3.7133e-06
3.3277e-06
2.9315e-06
2.5263e-06
2.1137e-06
1.6954e-06
1.2733e-06
8.4882e-07
4.2384e-07
2.5051e-19
-4.2101e-07
-8.3754e-07
-1.248e-06
-1.6507e-06
-2.0441e-06
-2.4269e-06
-2.7974e-06
-3.1543e-06
-3.4963e-06
-3.8221e-06
-4.1305e-06
-4.4205e-06
-4.6909e-06
-4.9409e-06
-5.1696e-06
-5.3763e-06
-5.5602e-06
-5.7208e-06
-5.8576e-06
-5.9703e-06
-6.0585e-06
-6.1221e-06
-6.161e-06
-6.1753e-06
-6.165e-06
-6.1304e-06
-6.0717e-06
-5.9895e-06
-5.8841e-06
-5.7563e-06
-5.6066e-06
-5.4357e-06
-5.2447e-06
-5.0343e-06
-4.8056e-06
-4.5595e-06
-4.2973e-06
-4.02e-06
-3.7289e-06
-3.4253e-06
-3.1105e-06
-2.7857e-06
-2.4525e-06
-2.1121e-06
-1.766e-06
-1.4157e-06
-1.0625e-06
-7.0782e-07
-3.532e-07
-2.6902e-19
3.5037e-07
6.9654e-07
1.0372e-06
1.3709e-06
1.6965e-06
2.0127e-06
2.3184e-06
2.6123e-06
2.8935e-06
3.1608e-06
3.4134e-06
3.6503e-06
3.8708e-06
4.0741e-06
4.2595e-06
4.4264e-06
4.5743e-06
4.7028e-06
4.8116e-06
4.9003e-06
4.9688e-06
5.017e-06
5.0449e-06
5.0525e-06
5.04e-06
5.0076e-06
4.9556e-06
4.8844e-06
4.7945e-06
4.6863e-06
4.5606e-06
4.4178e-06
4.2589e-06
4.0844e-06
3.8954e-06
3.6927e-06
3.4772e-06
3.2499e-06
3.0118e-06
2.7641e-06
2.5077e-06
2.2438e-06
1.9735e-06
1.698e-06
1.4184e-06
1.1359e-06
8.5165e-07
5.6682e-07
2.8256e-07
2.6327e-19
-2.7973e-07
-5.5554e-07
-8.2635e-07
-1.0911e-06
-1.3489e-06
-1.5986e-06
-1.8394e-06
-2.0703e-06
-2.2907e-06
-2.4996e-06
-2.6963e-06
-2.8802e-06
-3.0507e-06
-3.2073e-06
-3.3493e-06
-3.4765e-06
-3.5885e-06
-3.6849e-06
-3.7656e-06
-3.8304e-06
-3.8792e-06
-3.912e-06
-3.9288e-06
-3.9297e-06
-3.915e-06
-3.8848e-06
-3.8395e-06
-3.7794e-06
-3.7048e-06
-3.6164e-06
-3.5146e-06
-3.3999e-06
-3.273e-06
-3.1346e-06
-2.9853e-06
-2.8259e-06
-2.6571e-06
-2.4798e-06
-2.2947e-06
-2.1028e-06
-1.9049e-06
-1.7018e-06
-1.4945e-06
-1.2838e-06
-1.0707e-06
-8.5611e-07
-6.4084e-07
-4.2582e-07
-2.1192e-07
-4.2694e-20
2.0909e-07
4.1454e-07
6.1555e-07
8.1135e-07
1.0012e-06
1.1844e-06
1.3604e-06
1.5284e-06
1.6879e-06
1.8383e-06
1.9792e-06
2.1101e-06
2.2306e-06
2.3404e-06
2.4392e-06
2.5267e-06
2.6026e-06
2.667e-06
2.7196e-06
2.7604e-06
2.7895e-06
2.8069e-06
2.8126e-06
2.807e-06
2.79e-06
2.762e-06
2.7234e-06
2.6743e-06
2.6152e-06
2.5465e-06
2.4686e-06
2.382e-06
2.2872e-06
2.1847e-06
2.0751e-06
1.959e-06
1.837e-06
1.7097e-06
1.5776e-06
1.4415e-06
1.3021e-06
1.1598e-06
1.0155e-06
8.6969e-07
7.231e-07
5.7634e-07
4.3004e-07
2.8482e-07
1.4128e-07
1.79e-19
-1.3845e-07
-2.7354e-07
-4.0474e-07
-5.3157e-07
-6.5357e-07
-7.703e-07
-8.8136e-07
-9.8639e-07
-1.085e-06
-1.177e-06
-1.2621e-06
-1.34e-06
-1.4106e-06
-1.4736e-06
-1.529e-06
-1.5768e-06
-1.6168e-06
-1.649e-06
-1.6736e-06
-1.6905e-06
-1.6999e-06
-1.7018e-06
-1.6965e-06
-1.6842e-06
-1.665e-06
-1.6393e-06
-1.6072e-06
-1.5692e-06
-1.5255e-06
-1.4765e-06
-1.4226e-06
-1.364e-06
-1.3013e-06
-1.2348e-06
-1.165e-06
-1.0922e-06
-1.0169e-06
-9.3954e-07
-8.6052e-07
-7.8028e-07
-6.9925e-07
-6.1785e-07
-5.3648e-07
-4.5555e-07
-3.7546e-07
-2.9656e-07
-2.1924e-07
-1.4382e-07
-7.0639e-08
-3.7812e-20
6.7814e-08
1.3254e-07
1.9394e-07
2.518e-07
3.0593e-07
3.5616e-07
4.0236e-07
4.4442e-07
4.8224e-07
5.1578e-07
5.45e-07
5.6989e-07
5.9046e-07
6.0678e-07
6.189e-07
6.2691e-07
6.3094e-07
6.3112e-07
6.276e-07
6.2056e-07
6.1021e-07
5.9674e-07
5.8039e-07
5.6139e-07
5.4e-07
5.1648e-07
4.911e-07
4.6413e-07
4.3586e-07
4.0658e-07
3.7656e-07
3.461e-07
3.1547e-07
2.8496e-07
2.5484e-07
2.2538e-07
1.9682e-07
1.6943e-07
1.4342e-07
1.1903e-07
9.6449e-08
7.5876e-08
5.748e-08
4.1414e-08
2.7812e-08
1.6787e-08
8.4322e-09
2.82e-09
0
0
-0
-0
-0
-0
-0
-0
-0
-0
-0
-0
-0
-0
-0
-0
-0
-0
-0
-0
-0
-0
-0
-0
-0
-0
-0
-0
-0
-0
-0
-0
-0
-0
-0
-0
-0
-0
-0
-0
-0
-0
-0
-0
-0
-0
-0
-0
-0
-0
-0
-0
0
0
0
0
0
0
0
0
0
0
0
0
0
0
0
0
0
0
0
0
0
0
0
0
0
0
0
0
0
0
0
0
0
0
0
0
0
0
0
0
0
0
0
0
0
0
0
0
0
0
-0
-0
-0
-0
-0
-0
-0
-0
-0
-0
-0
-0
-0
-0
-0
-0
-0
-0
-0
-0
-0
-0
-0
-0
-0
-0
-0
-0
-0
-0
-0
-0
-0
-0
-0
-0
-0
-0
-0
-0
-0
-0
-0
-0
-0
-0
-0
-0
-0
-0
0
0
0
0
0
0
0
0
0
0
0
0
0
0
0
0
0
0
0
0
0
0
0
0
0
0
0
0
0
0
0
0
0
0
0
0
0
0
0
0
0
0
0
0
0
0
0
0
0
0
-0
-0
-0
-0
-0
-0
-0
-0
-0
-0
-0
-0
-0
-0
-0
-0
-0
-0
-0
-0
-0
-0
-0
-0
-0
-0
-0
-0
-0
-0
-0
-0
-0
-0
-0
-0
-0
-0
-0
-0
-0
-0
-0
-0
-0
-0
-0
-0
-0
-0
0
0
0
0
0
0
0
0
0
0
0
0
0
0
0
0
0
0
0
0
0
0
0
0
0
0
0
0
0
0
0
0
0
0
0
0
0
0
0
0
0
0
0
0
0
0
0
0
0
0
-0
-0
-0
-0
-0
-0
-0
-0
-0
-0
-0
-0
-0
-0
-0
-0
-0
-0
-0
-0
-0
-0
-0
-0
-0
-0
-0
-0
-0
-0
-0
-0
-0
-0
-0
-0
-0
-0
-0
-0
-0
-0
-0
-0
-0
-0
-0
-0
-0
-0
0
0
0
0
0
0
0
0
0
0
0
0
0
0
0
0
0
0
0
0
0
0
0
0
0
0
0
0
0
0
0
0
0
0
0
0
0
0
0
0
0
0
0
0
0
0
0
0
0
0
-0
-0
-0
-0
-0
-0
-0
-0
-0
-0
-0
-0
-0
-0
-0
-0
-0
-0
-0
-0
-0
-0
-0
-0
-0
-0
-0
-0
-0
-0
-0
-0
-0
-0
-0
-0
-0
-0
-0
-0
-0
-0
-0
-0
-0
-0
-0
-0
-0
-0
0
0
0
0
0
0
0
0
0
0
0
0
0
0
0
0
0
0
0
0
0
0
0
0
0
0
0
0
0
0
0
0
0
0
0
0
0
0
0
0
0
0
0
0
0
0
0
0
0
0
-0
-0
-0
-0
-0
-0
-0
-0
-0
-0
-0
-0
-0
-0
-0
-0
-0
-0
-0
-0
-0
-0
-0
-0
-0
-0
-0
-0
-0
-0
-0
-0
-0
-0
-0
-0
-0
-0
-0
-0
-0
-0
-0
-0
-0
-0
-0
-0
-0
-0
0
0
0
0
0
0
0
0
0
0
0
0
0
0
0
0
0
0
0
0
0
0
0
0
0
0
0
0
0
0
0
0
0
0
0
0
0
0
0
0
0
0
0
0
0
0
0
0
0
0
-0
-0
-0
-0
-0
-0
-0
-0
-0
-0
-0
-0
-0
-0
-0
-0
-0
-0
-0
-0
-0
-0
-0
-0
-0
-0
-0
-0
-0
-0
-0
-0
-0
-0
-0
-0
-0
-0
-0
-0
-0
-0
-0
-0
-0
-0
-0
-0
-0
-0
0
0
0
0
0
0
0
0
0
0
0
0
0
0
0
0
0
0
0
0
0
0
0
0
0
0
0
0
0
0
0
0
0
0
0
0
0
0
0
0
0
0
0
0
0
0
0
0
0
0
-0
-0
-0
-0
-0
-0
-0
-0
-0
-0
-0
-0
-0
-0
-0
-0
-0
-0
-0
-0
-0
-0
-0
-0
-0
-0
-0
-0
-0
-0
-0
-0
-0
-0
-0
-0
-0
-0
-0
-0
-0
-0
-0
-0
-0
-0
-0
-0
-0
-0
0
0
0
0
0
0
0
0
0
0
0
0
0
0
0
0
0
0
0
0
0
0
0
0
0
0
0
0
0
0
0
0
0
0
0
0
0
0
0
0
0
0
0
0
0
0
0
0
0
0
-0
-0
-0
-0
-0
-0
-0
-0
-0
-0
-0
-0
-0
-0
-0
-0
-0
-0
-0
-0
-0
-0
-0
-0
-0
-0
-0
-0
-0
-0
-0
-0
-0
-0
-0
-0
-0
-0
-0
-0
-0
-0
-0
-0
-0
-0
-0
-0
-0
-0
0
0
0
0
0
0
0
0
0
0
0
0
0
0
0
0
0
0
0
0
0
0
0
0
0
0
0
0
0
0
0
0
0
0
0
0
0
0
0
0
0
0
0
0
0
0
0
0
0
0
-0
-0
-0
-0
-0
-0
-0
-0
-0
-0
-0
-0
-0
-0
-0
-0
-0
-0
-0
-0
-0
-0
-0
-0
-0
-0
-0
-0
-0
-0
-0
-0
-0
-0
-0
-0
-0
-0
-0
-0
-0
-0
-0
-0
-0
-0
-0
-0
-0
-0
0
0
0
0
0
0
0
0
0
0
0
0
0
0
0
0
0
0
0
0
0
0
0
0
0
0
0
0
0
0
0
0
0
0
0
0
0
0
0
0
0
0
0
0
0
0
0
0
0
0
-0
-0
-0
-0
-0
-0
-0
-0
-0
-0
-0
-0
-0
-0
-0
-0
-0
-0
-0
-0
-0
-0
-0
-0
-0
-0
-0
-0
-0
-0
-0
-0
-0
-0
-0
-0
-0
-0
-0
-0
-0
-0
-0
-0
-0
-0
-0
-0
-0
-0
0
0
0
0
0
0
0
0
0
0
0
0
0
0
0
0
0
0
0
0
0
0
0
0
0
0
0
0
0
0
0
0
0
0
0
0
0
0
0
0
0
0
0
0
0
0
0
0
0
-0
-0
-0
-0
-0
-0
-0
-0
-0
-0
-0
-0
-0
-0
-0
-0
-0
-0
-0
-0
-0
-0
-0
-0
-0
-0
-0
-0
-0
-0
-0
-0
-0
-0
-0
-0
-0
-0
-0
-0
-0
-0
-0
-0
-0
-0
-0
-0
-0
-0
-0
0
0
0
0
0
0
0
0
0
0
0
0
0
0
0
0
0
0
0
0
0
0
0
0
0
0
0
0
0
0
0
0
0
0
0
0
0
0
0
0
0
0
0
0
0
0
0
0
0
0
-0
-0
-0
-0
-0
-0
-0
-0
-0
-0
-0
-0
-0
-0
-0
-0
-0
-0
-0
-0
-0
-0
-0
-0
-0
-0
-0
-0
-0
-0
-0
-0
-0
-0
-0
-0
-0
-0
-0
-0
-0
-0
-0
-0
-0
-0
-0
-0
-0
0
0
0
0
0
0
0
0
0
0
0
0
0
0
0
0
0
0
0
0
0
0
0
0
0
0
0
0
0
0
0
0
0
0
0
0
0
0
0
0
0
0
0
0
0
0
0
0
0
0
0
-0
-0
-0
-0
-0
-0
-0
-0
-0
-0
-0
-0
-0
-0
-0
-0
-0
-0
-0
-0
-0
-0
-0
-0
-0
-0
-0
-0
-0
-0
-0
-0
-0
-0
-0
-0
-0
-0
-0
-0
-0
-0
-0
-0
-0
-0
-0
-0
-0
-0
0
0
0
0
0
0
0
0
0
0
0
0
0
0
0
0
0
0
0
0
0
0
0
0
0
0
0
0
0
0
0
0
0
0
0
0
0
0
0
0
0
0
0
0
0
0
0
0
0
0
-0
-0
-0
-0
-0
-0
-0
-0
-0
-0
-0
-0
-0
-0
-0
-0
-0
-0
-0
-0
-0
-0
-0
-0
-0
-0
-0
-0
-0
-0
-0
-0
-0
-0
-0
-0
-0
-0
-0
-0
-0
-0
-0
-0
-0
-0
-0
-0
-0
-0
0
0
0
0
0
0
0
0
0
0
0
0
0
0
0
0
0
0
0
0
0
0
0
0
0
0
0
0
0
0
0
0
0
0
0
0
0
0
0
0
0
0
0
0
0
0
0
0
0
-0
-0
-0
-0
-0
-0
-0
-0
-0
-0
-0
-0
-0
-0
-0
-0
-0
-0
-0
-0
-0
-0
-0
-0
-0
-0
-0
-0
-0
-0
-0
-0
-0
-0
-0
-0
-0
-0
-0
-0
-0
-0
-0
-0
-0
-0
-0
-0
-0
-0
-0
0
0
0
0
0
0
0
0
0
0
0
0
0
0
0
0
0
0
0
0
0
0
0
0
0
0
0
0
0
0
0
0
0
0
0
0
0
0
0
0
0
0
0
0
0
0
0
0
0
-0
-0
-0
-0
-0
-0
-0
-0
-0
-0
-0
-0
-0
-0
-0
-0
-0
-0
-0
-0
-0
-0
-0
-0
-0
-0
-0
-0
-0
-0
-0
-0
-0
-0
-0
-0
-0
-0
-0
-0
-0
-0
-0
-0
-0
-0
-0
-0
-0
-0
-0
0
0
0
0
0
0
0
0
0
0
0
0
0
0
0
0
0
0
0
0
0
0
0
0
0
0
0
0
0
0
0
0
0
0
0
0
0
0
0
0
0
0
0
0
0
0
0
0
0
0
-0
-0
-0
-0
-0
-0
-0
-0
-0
-0
-0
-0
-0
-0
-0
-0
-0
-0
-0
-0
-0
-0
-0
-0
-0
-0
-0
-0
-0
-0
-0
-0
-0
-0
-0
-0
-0
-0
-0
-0
-0
-0
-0
-0
-0
-0
-0
-0
-0
-0
0
0
0
0
0
0
0
0
0
0
0
0
0
0
0
0
0
0
0
0
0
0
0
0
0
0
0
0
0
0
0
0
0
0
0
0
0
0
0
0
0
0
0
0
0
0
0
0
0
0
-0
-0
-0
-0
-0
-0
-0
-0
-0
-0
-0
-0
-0
-0
-0
-0
-0
-0
-0
-0
-0
-0
-0
-0
-0
-0
-0
-0
-0
-0
-0
-0
-0
-0
-0
-0
-0
-0
-0
-0
-0
-0
-0
-0
-0
-0
-0
-0
-0
-0
0
0
0
0
0
0
0
0
0
0
0
0
0
0
0
0
0
0
0
0
0
0
0
0
0
0
0
0
0
0
0
0
0
0
0
0
0
0
0
0
0
0
0
0
0
0
0
0
0
0
-0
-0
-0
-0
-0
-0
-0
-0
-0
-0
-0
-0
-0
-0
-0
-0
-0
-0
-0
-0
-0
-0
-0
-0
-0
-0
-0
-0
-0
-0
-0
-0
-0
-0
-0
-0
-0
-0
-0
-0
-0
-0
-0
-0
-0
-0
-0
-0
-0
-0
0
0
0
0
0
0
0
0
0
0
0
0
0
0
0
0
0
0
0
0
0
0
0
0
0
0
0
0
0
0
0
0
0
0
0
0
0
0
0
0
0
0
0
0
0
0
0
0
0
-0
-0
-0
-0
-0
-0
-0
-0
-0
-0
-0
-0
-0
-0
-0
-0
-0
-0
-0
-0
-0
-0
-0
-0
-0
-0
-0
-0
-0
-0
-0
-0
-0
-0
-0
-0
-0
-0
-0
-0
-0
-0
-0
-0
-0
-0
-0
-0
-0
-0
-0
0
0
0
0
0
0
0
0
0
0
0
0
0
0
0
0
0
0
0
0
0
0
0
0
0
0
0
0
0
0
0
0
0
0
0
0
0
0
0
0
0
0
0
0
0
0
0
0
0
-0
-0
-0
-0
-0
-0
-0
-0
-0
-0
-0
-0
-0
-0
-0
-0
-0
-0
-0
-0
-0
-0
-0
-0
-0
-0
-0
-0
-0
-0
-0
-0
-0
-0
-0
-0
-0
-0
-0
-0
-0
-0
-0
-0
-0
-0
-0
-0
-0
-0
-0
0
0
0
0
0
0
0
0
0
0
0
0
0
0
0
0
0
0
0
0
0
0
0
0
0
0
0
0
0
0
0
0
0
0
0
0
0
0
0
0
0
0
0
0
0
0
0
0
0
0
-0
-0
-0
-0
-0
-0
-0
-0
-0
-0
-0
-0
-0
-0
-0
-0
-0
-0
-0
-0
-0
-0
-0
-0
-0
-0
-0
-0
-0
-0
-0
-0
-0
-0
-0
-0
-0
-0
-0
-0
-0
-0
-0
-0
-0
-0
-0
-0
-0
-0
0
0
0
0
0
0
0
0
0
0
0
0
0
0
0
0
0
0
0
0
0
0
0
0
0
0
0
0
0
0
0
0
0
0
0
0
0
0
0
0
0
0
0
0
0
0
0
0
0
0
-0
-0
-0
-0
-0
-0
-0
-0
-0
-0
-0
-0
-0
-0
-0
-0
-0
-0
-0
-0
-0
-0
-0
-0
-0
-0
-0
-0
-0
-0
-0
-0
-0
-0
-0
-0
-0
-0
-0
-0
-0
-0
-0
-0
-0
-0
-0
-0
-0
-0
0
0
0
0
0
0
0
0
0
0
0
0
0
0
0
0
0
0
0
0
0
0
0
0
0
0
0
0
0
0
0
0
0
0
0
0
0
0
0
0
0
0
0
0
0
0
0
0
0
0
-0
-0
-0
-0
-0
-0
-0
-0
-0
-0
-0
-0
-0
-0
-0
-0
-0
-0
-0
-0
-0
-0
-0
-0
-0
-0
-0
-0
-0
-0
-0
-0
-0
-0
-0
-0
-0
-0
-0
-0
-0
-0
-0
-0
-0
-0
-0
-0
-0
-0
0
0
0
0
0
0
0
0
0
0
0
0
0
0
0
0
0
0
0
0
0
0
0
0
0
0
0
0
0
0
0
0
0
0
0
0
0
0
0
0
0
0
0
0
0
0
0
0
0
-0
-0
-0
-0
-0
-0
-0
-0
-0
-0
-0
-0
-0
-0
-0
-0
-0
-0
-0
-0
-0
-0
-0
-0
-0
-0
-0
-0
-0
-0
-0
-0
-0
-0
-0
-0
-0
-0
-0
-0
-0
-0
-0
-0
-0
-0
-0
-0
-0
-0
-0
0
0
0
0
0
0
0
0
0
0
0
0
0
0
0
0
0
0
0
0
0
0
0
0
0
0
0
0
0
0
0
0
0
0
0
0
0
0
0
0
0
0
0
0
0
0
0
0
0
-0
-0
-0
-0
-0
-0
-0
-0
-0
-0
-0
-0
-0
-0
-0
-0
-0
-0
-0
-0
-0
-0
-0
-0
-0
-0
-0
-0
-0
-0
-0
-0
-0
-0
-0
-0
-0
-0
-0
-0
-0
-0
-0
-0
-0
-0
-0
-0
-0
-0
-0
0
0
0
0
0
0
0
0
0
0
0
0
0
0
0
0
0
0
0
0
0
0
0
0
0
0
0
0
0
0
0
0
0
0
0
0
0
0
0
0
0
0
0
0
0
0
0
0
0
0
-0
-0
-0
-0
-0
-0
-0
-0
-0
-0
-0
-0
-0
-0
-0
-0
-0
-0
-0
-0
-0
-0
-0
-0
-0
-0
-0
-0
-0
-0
-0
-0
-0
-0
-0
-0
-0
-0
-0
-0
-0
-0
-0
-0
-0
-0
-0
-0
-0
-0
0
0
0
0
0
0
0
0
0
0
0
0
0
0
0
0
0
0
0
0
0
0
0
0
0
0
0
0
0
0
0
0
0
0
0
0
0
0
0
0
0
0
0
0
0
0
0
0
0
0
-0
-0
-0
-0
-0
-0
-0
-0
-0
-0
-0
-0
-0
-0
-0
-0
-0
-0
-0
-0
-0
-0
-0
-0
-0
-0
-0
-0
-0
-0
-0
-0
-0
-0
-0
-0
-0
-0
-0
-0
-0
-0
-0
-0
-0
-0
-0
-0
-0
-0
0
0
0
0
0
0
0
0
0
0
0
0
0
0
0
0
0
0
0
0
0
0
0
0
0
0
0
0
0
0
0
0
0
0
0
0
0
0
0
0
0
0
0
0
0
0
0
0
0
0
-0
-0
-0
-0
-0
-0
-0
-0
-0
-0
-0
-0
-0
-0
-0
-0
-0
-0
-0
-0
-0
-0
-0
-0
-0
-0
-0
-0
-0
-0
-0
-0
-0
-0
-0
-0
-0
-0
-0
-0
-0
-0
-0
-0
-0
-0
-0
-0
-0
-0
0
0
0
0
0
0
0
0
0
0
0
0
0
0
0
0
0
0
0
0
0
0
0
0
0
0
0
0
0
0
0
0
0
0
0
0
0
0
0
0
0
0
0
0
0
0
0
0
0
-0
-0
-0
-0
-0
-0
-0
-0
-0
-0
-0
-0
-0
-0
-0
-0
-0
-0
-0
-0
-0
-0
-0
-0
-0
-0
-0
-0
-0
-0
-0
-0
-0
-0
-0
-0
-0
-0
-0
-0
-0
-0
-0
-0
-0
-0
-0
-0
-0
-0
-0
0
0
0
0
0
0
0
0
0
0
0
0
0
0
0
0
0
0
0
0
0
0
0
0
0
0
0
0
0
0
0
0
0
0
0
0
0
0
0
0
0
0
0
0
0
0
0
0
0
-0
-0
-0
-0
-0
-0
-0
-0
-0
-0
-0
-0
-0
-0
-0
-0
-0
-0
-0
-0
-0
-0
-0
-0
-0
-0
-0
-0
-0
-0
-0
-0
-0
-0
-0
-0
-0
-0
-0
-0
-0
-0
-0
-0
-0
-0
-0
-0
-0
-0
-0
0
0
0
0
0
0
0
0
0
0
0
0
0
0
0
0
0
0
0
0
0
0
0
0
0
0
0
0
0
0
0
0
0
0
0
0
0
0
0
0
0
0
0
0
0
0
0
0
0
-0
