-0
-0
-0
-0
-0
-0
-0
-0
-0
-0
-0
-0
-0
-0
-0
-0
-0
-0
-0
-0
-0
-0
-0
-0
-0
-0
-0
-0
-0
-0
-0
-0
-0
-0
-0
-0
-0
-0
-0
-0
-0
-0
-0
-0
-0
-0
-0
-0
-0
-0
-0
0
0
0
0
0
0
0
0
0
0
0
0
0
0
0
0
0
0
0
0
0
0
0
0
0
0
0
0
0
0
0
0
0
0
0
0
0
0
0
0
0
0
0
0
0
0
0
0
0
0
-0
-0
-0
-0
-0
-0
-0
-0
-0
-0
-0
-0
-0
-0
-0
-0
-0
-0
-0
-0
-0
-0
-0
-0
-0
-0
-0
-0
-0
-0
-0
-0
-0
-0
-0
-0
-0
-0
-0
-0
-0
-0
-0
-0
-0
-0
-0
-0
-0
-0
0
0
0
0
0
0
0
0
0
0
0
0
0
0
0
0
0
0
0
0
0
0
0
0
0
0
0
0
0
0
0
0
0
0
0
0
0
0
0
0
0
0
0
0
0
0
0
0
0
0
-0
-0
-0
-0
-0
-0
-0
-0
-0
-0
-0
-0
-0
-0
-0
-0
-0
-0
-0
-0
-0
-0
-0
-0
-0
-0
-0
-0
-0
-0
-0
-0
-0
-0
-0
-0
-0
-0
-0
-0
-0
-0
-0
-0
-0
-0
-0
-0
-0
-0
0
0
0
0
0
0
0
0
0
0
0
0
0
0
0
0
0
0
0
0
0
0
0
0
0
0
0
0
0
0
0
0
0
0
0
0
0
0
0
0
0
0
0
0
0
0
0
0
0
0
-0
-0
-0
-0
-0
-0
-0
-0
-0
-0
-0
-0
-0
-0
-0
-0
-0
-0
-0
-0
-0
-0
-0
-0
-0
-0
-0
-0
-0
-0
-0
-0
-0
-0
-0
-0
-0
-0
-0
-0
-0
-0
-0
-0
-0
-0
-0
-0
-0
0
0
0
0
0
0
0
0
0
0
0
0
0
0
0
0
0
0
0
0
0
0
0
0
0
0
0
0
0
0
0
0
0
0
0
0
0
0
0
0
0
0
0
0
0
0
0
0
0
0
0
-0
-0
-0
-0
-0
-0
-0
-0
-0
-0
-0
-0
-0
-0
-0
-0
-0
-0
-0
-0
-0
-0
-0
-0
-0
-0
-0
-0
-0
-0
-0
-0
-0
-0
-0
-0
-0
-0
-0
-0
-0
-0
-0
-0
-0
-0
-0
-0
-0
-0
0
0
0
0
0
0
0
0
0
0
0
0
0
0
0
0
0
0
0
0
0
0
0
0
0
0
0
0
0
0
0
0
0
0
0
0
0
0
0
0
0
0
0
0
0
0
0
0
0
0
-0
-0
-0
-0
-0
-0
-0
-0
-0
-0
-0
-0
-0
-0
-0
-0
-0
-0
-0
-0
-0
-0
-0
-0
-0
-0
-0
-0
-0
-0
-0
-0
-0
-0
-0
-0
-0
-0
-0
-0
-0
-0
-0
-0
-0
-0
-0
-0
-0
0
0
0
0
0
0
0
0
0
0
0
0
0
0
0
0
0
0
0
0
0
0
0
0
0
0
0
0
0
0
0
0
0
0
0
0
0
0
0
0
0
0
0
0
0
0
0
0
0
0
0
-0
-0
-0
-0
-0
-0
-0
-0
-0
-0
-0
-0
-0
-0
-0
-0
-0
-0
-0
-0
-0
-0
-0
-0
-0
-0
-0
-0
-0
-0
-0
-0
-0
-0
-0
-0
-0
-0
-0
-0
-0
-0
-0
-0
-0
-0
-0
-0
-0
0
0
0
0
0
0
0
0
0
0
0
0
0
0
0
0
0
0
0
0
0
0
0
0
0
0
0
0
0
0
0
0
0
0
0
0
0
0
0
0
0
0
0
0
0
0
0
0
0
0
-0
-0
-0
-0
-0
-0
-0
-0
-0
-0
-0
-0
-0
-0
-0
-0
-0
-0
-0
-0
-0
-0
-0
-0
-0
-0
-0
-0
-0
-0
-0
-0
-0
-0
-0
-0
-0
-0
-0
-0
-0
-0
-0
-0
-0
-0
-0
-0
-0
-0
-0
0
0
0
0
0
0
0
0
0
0
0
0
0
0
0
0
0
0
0
0
0
0
0
0
0
0
0
0
0
0
0
0
0
0
0
0
0
0
0
0
0
0
0
0
0
0
0
0
0
0
-0
-0
-0
-0
-0
-0
-0
-0
-0
-0
-0
-0
-0
-0
-0
-0
-0
-0
-0
-0
-0
-0
-0
-0
-0
-0
-0
-0
-0
-0
-0
-0
-0
-0
-0
-0
-0
-0
-0
-0
-0
-0
-0
-0
-0
-0
-0
-0
-0
-0
0
0
0
0
0
0
0
0
0
0
0
0
0
0
0
0
0
0
0
0
0
0
0
0
0
0
0
0
0
0
0
0
0
0
0
0
0
0
0
0
0
0
0
0
0
0
0
0
0
0
-0
-0
-0
-0
-0
-0
-0
-0
-0
-0
-0
-0
-0
-0
-0
-0
-0
-0
-0
-0
-0
-0
-0
-0
-0
-0
-0
-0
-0
-0
-0
-0
-0
-0
-0
-0
-0
-0
-0
-0
-0
-0
-0
-0
-0
-0
-0
-0
-0
0
0
0
0
0
0
0
0
0
0
0
0
0
0
0
0
0
0
0
0
0
0
0
0
0
0
0
0
0
0
0
0
0
0
0
0
0
0
0
0
0
0
0
0
0
0
0
0
0
0
0
-0
-0
-0
-0
-0
-0
-0
-0
-0
-0
-0
-0
-0
-0
-0
-0
-0
-0
-0
-0
-0
-0
-0
-0
-0
-0
-0
-0
-0
-0
-0
-0
-0
-0
-0
-0
-0
-0
-0
-0
-0
-0
-0
-0
-0
-0
-0
-0
-0
0
0
0
0
0
0
0
0
0
0
0
0
0
0
0
0
0
0
0
0
0
0
0
0
0
0
0
0
0
0
0
0
0
0
0
0
0
0
0
0
0
0
0
0
0
0
0
0
0
0
-0
-0
-0
-0
-0
-0
-0
-0
-0
-0
-0
-0
-0
-0
-0
-0
-0
-0
-0
-0
-0
-0
-0
-0
-0
-0
-0
-0
-0
-0
-0
-0
-0
-0
-0
-0
-0
-0
-0
-0
-0
-0
-0
-0
-0
-0
-0
-0
-0
-0
0
0
0
0
0
0
0
0
0
0
0
0
0
0
0
0
0
0
0
0
0
0
0
0
0
0
0
0
0
0
0
0
0
0
0
0
0
0
0
0
0
0
0
0
0
0
0
0
0
0
0
-0
-0
-0
-0
-0
-0
-0
-0
-0
-0
-0
-0
-0
-0
-0
-0
-0
-0
-0
-0
-0
-0
-0
-0
-0
-0
-0
-0
-0
-0
-0
-0
-0
-0
-0
-0
-0
-0
-0
-0
-0
-0
-0
-0
-0
-0
-0
-0
-0
0
0
0
0
0
0
0
0
0
0
0
0
0
0
0
0
0
0
0
0
0
0
0
0
0
0
0
0
0
0
0
0
0
0
0
0
0
0
0
0
0
0
0
0
0
0
0
0
0
0
-0
-0
-0
-0
-0
-0
-0
-0
-0
-0
-0
-0
-0
-0
-0
-0
-0
-0
-0
-0
-0
-0
-0
-0
-0
-0
-0
-0
-0
-0
-0
-0
-0
-0
-0
-0
-0
-0
-0
-0
-0
-0
-0
-0
-0
-0
-0
-0
-0
-0
0
0
0
0
0
0
0
0
0
0
0
0
0
0
0
0
0
0
0
0
0
0
0
0
0
0
0
0
0
0
0
0
0
0
0
0
0
0
0
0
0
0
0
0
0
0
0
0
0
0
-0
-0
-0
-0
-0
-0
-0
-0
-0
-0
-0
-0
-0
-0
-0
-0
-0
-0
-0
-0
-0
-0
-0
-0
-0
-0
-0
-0
-0
-0
-0
-0
-0
-0
-0
-0
-0
-0
-0
-0
-0
-0
-0
-0
-0
-0
-0
-0
-0
-0
0
0
0
0
0
0
0
0
0
0
0
0
0
0
0
0
0
0
0
0
0
0
0
0
0
0
0
0
0
0
0
0
0
0
0
0
0
0
0
0
0
0
0
0
0
0
0
0
0
0
0
-0
-0
-0
-0
-0
-0
-0
-0
-0
-0
-0
-0
-0
-0
-0
-0
-0
-0
-0
-0
-0
-0
-0
-0
-0
-0
-0
-0
-0
-0
-0
-0
-0
-0
-0
-0
-0
-0
-0
-0
-0
-0
-0
-0
-0
-0
-0
-0
-0
-0
0
0
0
0
0
0
0
0
0
0
0
0
0
0
0
0
0
0
0
0
0
0
0
0
0
0
0
0
0
0
0
0
0
0
0
0
0
0
0
0
0
0
0
0
0
0
0
0
0
0
-0
-0
-0
-0
-0
-0
-0
-0
-0
-0
-0
-0
-0
-0
-0
-0
-0
-0
-0
-0
-0
-0
-0
-0
-0
-0
-0
-0
-0
-0
-0
-0
-0
-0
-0
-0
-0
-0
-0
-0
-0
-0
-0
-0
-0
-0
-0
-0
-0
-0
0
0
0
0
0
0
0
0
0
0
0
0
0
0
0
0
0
0
0
0
0
0
0
0
0
0
0
0
0
0
0
0
0
0
0
0
0
0
0
0
0
0
0
0
0
0
0
0
0
0
-0
-0
-0
-0
-0
-0
-0
-0
-0
-0
-0
-0
-0
-0
-0
-0
-0
-0
-0
-0
-0
-0
-0
-0
-0
-0
-0
-0
-0
-0
-0
-0
-0
-0
-0
-0
-0
-0
-0
-0
-0
-0
-0
-0
-0
-0
-0
-0
-0
-0
0
0
0
0
0
0
0
0
0
0
0
0
0
0
0
0
0
0
0
0
0
0
0
0
0
0
0
0
0
0
0
0
0
0
0
0
0
0
0
0
0
0
0
0
0
0
0
0
0
0
-0
-0
-0
-0
-0
-0
-0
-0
-0
-0
-0
-0
-0
-0
-0
-0
-0
-0
-0
-0
-0
-0
-0
-0
-0
-0
-0
-0
-0
-0
-0
-0
-0
-0
-0
-0
-0
-0
-0
-0
-0
-0
-0
-0
-0
-0
-0
-0
-0
-0
0
0
0
0
0
0
0
0
0
0
0
0
0
0
0
0
0
0
0
0
0
0
0
0
0
0
0
0
0
0
0
0
0
0
0
0
0
0
0
0
0
0
0
0
0
0
0
0
0
-0
-0
-0
-0
-0
-0
-0
-0
-0
-0
-0
-0
-0
-0
-0
-0
-0
-0
-0
-0
-0
-0
-0
-0
-0
-0
-0
-0
-0
-0
-0
-0
-0
-0
-0
-0
-0
-0
-0
-0
-0
-0
-0
-0
-0
-0
-0
-0
-0
-0
-0
0
0
0
0
0
0
0
0
0
0
0
0
0
0
0
0
0
0
0
0
0
0
0
0
0
0
0
0
0
0
0
0
0
0
0
0
0
0
0
0
0
0
0
0
0
0
0
0
0
0
-5.086e-08
-2.0304e-07
-4.5534e-07
-8.0576e-07
-1.2515e-06
-1.7891e-06
-2.4142e-06
-3.1218e-06
-3.9062e-06
-4.7611e-06
-5.6794e-06
-6.6538e-06
-7.676e-06
-8.7376e-06
-9.8296e-06
-1.0942e-05
-1.2067e-05
-1.3192e-05
-1.4309e-05
-1.5407e-05
-1.6476e-05
-1.7504e-05
-1.8483e-05
-1.9402e-05
-2.025e-05
-2.1018e-05
-2.1698e-05
-2.2278e-05
-2.2752e-05
-2.3111e-05
-2.3347e-05
-2.3453e-05
-2.3424e-05
-2.3253e-05
-2.2936e-05
-2.2468e-05
-2.1847e-05
-2.107e-05
-2.0136e-05
-1.9044e-05
-1.7795e-05
-1.6389e-05
-1.483e-05
-1.312e-05
-1.1264e-05
-9.2662e-06
-7.1336e-06
-4.873e-06
-2.4922e-06
-6.3501e-19
2.5939e-06
5.279e-06
8.0443e-06
1.0878e-05
1.3767e-05
1.6698e-05
1.9658e-05
2.2633e-05
2.5607e-05
2.8566e-05
3.1495e-05
3.4378e-05
3.7199e-05
3.9943e-05
4.2595e-05
4.5138e-05
4.7557e-05
4.9838e-05
5.1965e-05
5.3925e-05
5.5703e-05
5.7287e-05
5.8664e-05
5.9822e-05
6.075e-05
6.1439e-05
6.1878e-05
6.2061e-05
6.198e-05
6.1628e-05
6.1003e-05
6.0099e-05
5.8914e-05
5.7448e-05
5.5701e-05
5.3674e-05
5.137e-05
4.8795e-05
4.5952e-05
4.285e-05
3.9496e-05
3.59e-05
3.2074e-05
2.8029e-05
2.3779e-05
1.9338e-05
1.4723e-05
9.949e-06
5.0352e-06
-1.5891e-19
-5.1369e-06
-1.0355e-05
-1.5633e-05
-2.095e-05
-2.6282e-05
-3.1607e-05
-3.6902e-05
-4.2144e-05
-4.7308e-05
-5.2372e-05
-5.7311e-05
-6.2102e-05
-6.6722e-05
-7.1149e-05
-7.536e-05
-7.9333e-05
-8.3048e-05
-8.6483e-05
-8.9621e-05
-9.2443e-05
-9.4931e-05
-9.707e-05
-9.8844e-05
-0.00010024
-0.00010125
-0.00010186
-0.00010206
-0.00010184
-0.00010121
-0.00010015
-9.8659e-05
-9.6744e-05
-9.4405e-05
-9.1643e-05
-8.8466e-05
-8.488e-05
-8.0894e-05
-7.6519e-05
-7.1768e-05
-6.6655e-05
-6.1197e-05
-5.5411e-05
-4.9318e-05
-4.2938e-05
-3.6294e-05
-2.941e-05
-2.2311e-05
-1.5025e-05
-7.5782e-06
-1.0715e-18
7.6799e-06
1.5431e-05
2.3222e-05
3.1022e-05
3.8797e-05
4.6516e-05
5.4146e-05
6.1655e-05
6.9009e-05
7.6177e-05
8.3126e-05
8.9826e-05
9.6246e-05
0.00010235
0.00010813
0.00011353
0.00011854
0.00012313
0.00012728
0.00013096
0.00013416
0.00013685
0.00013903
0.00014066
0.00014175
0.00014228
0.00014224
0.00014163
0.00014043
0.00013866
0.00013631
0.00013339
0.00012989
0.00012584
0.00012123
0.00011609
0.00011042
0.00010424
9.7583e-05
9.046e-05
8.2898e-05
7.4922e-05
6.6562e-05
5.7847e-05
4.8809e-05
3.9482e-05
2.99e-05
2.0101e-05
1.0121e-05
-1.4292e-18
-1.0223e-05
-2.0507e-05
-3.0811e-05
-4.1094e-05
-5.1312e-05
-6.1425e-05
-7.139e-05
-8.1166e-05
-9.071e-05
-9.9982e-05
-0.00010894
-0.00011755
-0.00012577
-0.00013356
-0.00014089
-0.00014772
-0.00015403
-0.00015977
-0.00016493
-0.00016948
-0.00017339
-0.00017663
-0.00017921
-0.00018108
-0.00018225
-0.0001827
-0.00018242
-0.00018141
-0.00017966
-0.00017718
-0.00017397
-0.00017004
-0.00016539
-0.00016003
-0.000154
-0.00014729
-0.00013994
-0.00013197
-0.0001234
-0.00011427
-0.0001046
-9.4433e-05
-8.3806e-05
-7.2756e-05
-6.1324e-05
-4.9554e-05
-3.7489e-05
-2.5177e-05
-1.2664e-05
-3.9653e-19
1.2766e-05
2.5583e-05
3.84e-05
5.1165e-05
6.3827e-05
7.6334e-05
8.8634e-05
0.00010068
0.00011241
0.00012379
0.00013476
0.00014527
0.00015529
0.00016477
0.00017366
0.00018192
0.00018952
0.00019642
0.00020259
0.000208
0.00021261
0.00021642
0.00021939
0.0002215
0.00022275
0.00022312
0.0002226
0.00022119
0.00021889
0.0002157
0.00021163
0.00020668
0.00020088
0.00019423
0.00018676
0.0001785
0.00016946
0.00015969
0.00014921
0.00013807
0.0001263
0.00011394
0.00010105
8.7665e-05
7.384e-05
5.9626e-05
4.5078e-05
3.0253e-05
1.5207e-05
-3.8109e-18
-1.5309e-05
-3.0659e-05
-4.5989e-05
-6.1237e-05
-7.6343e-05
-9.1243e-05
-0.00010588
-0.00012019
-0.00013411
-0.00014759
-0.00016057
-0.000173
-0.00018482
-0.00019597
-0.00020642
-0.00021611
-0.00022501
-0.00023307
-0.00024024
-0.00024651
-0.00025184
-0.0002562
-0.00025957
-0.00026192
-0.00026325
-0.00026354
-0.00026278
-0.00026097
-0.00025812
-0.00025422
-0.00024928
-0.00024333
-0.00023637
-0.00022842
-0.00021953
-0.0002097
-0.00019899
-0.00018742
-0.00017503
-0.00016188
-0.000148
-0.00013346
-0.00011829
-0.00010257
-8.6355e-05
-6.9698e-05
-5.2667e-05
-3.5329e-05
-1.775e-05
1.3898e-18
1.7852e-05
3.5735e-05
5.3578e-05
7.1309e-05
8.8858e-05
0.00010615
0.00012312
0.0001397
0.00015581
0.0001714
0.00018639
0.00020072
0.00021434
0.00022718
0.00023919
0.00025031
0.0002605
0.00026971
0.0002779
0.00028503
0.00029107
0.00029598
0.00029975
0.00030234
0.00030375
0.00030396
0.00030296
0.00030076
0.00029735
0.00029274
0.00028694
0.00027997
0.00027186
0.00026262
0.00025229
0.00024091
0.00022851
0.00021514
0.00020085
0.00018568
0.0001697
0.00015297
0.00013554
0.00011748
9.887e-05
7.977e-05
6.0256e-05
4.0405e-05
2.0293e-05
1.9046e-18
-2.0395e-05
-4.0811e-05
-6.1167e-05
-8.1381e-05
-0.00010137
-0.00012106
-0.00014037
-0.00015921
-0.00017751
-0.0001952
-0.0002122
-0.00022845
-0.00024386
-0.00025838
-0.00027195
-0.0002845
-0.00029599
-0.00030636
-0.00031556
-0.00032355
-0.0003303
-0.00033577
-0.00033993
-0.00034276
-0.00034425
-0.00034438
-0.00034314
-0.00034054
-0.00033657
-0.00033125
-0.00032459
-0.00031662
-0.00030735
-0.00029682
-0.00028506
-0.00027211
-0.00025803
-0.00024286
-0.00022666
-0.00020949
-0.0001914
-0.00017248
-0.00015278
-0.00013239
-0.00011139
-8.9842e-05
-6.7845e-05
-4.5481e-05
-2.2836e-05
4.2875e-18
2.2938e-05
4.5887e-05
6.8756e-05
9.1453e-05
0.00011389
0.00013597
0.00015761
0.00017872
0.00019922
0.00021901
0.00023802
0.00025617
0.00027339
0.00028959
0.00030472
0.0003187
0.00033148
0.000343
0.00035321
0.00036207
0.00036952
0.00037555
0.00038011
0.00038318
0.00038475
0.0003848
0.00038332
0.00038032
0.0003758
0.00036977
0.00036225
0.00035326
0.00034284
0.00033101
0.00031782
0.00030332
0.00028756
0.00027059
0.00025248
0.00023329
0.0002131
0.00019199
0.00017003
0.0001473
0.0001239
9.9914e-05
7.5434e-05
5.0557e-05
2.5379e-05
-3.9699e-19
-2.5328e-05
-5.0455e-05
-7.5282e-05
-9.9712e-05
-0.00012365
-0.000147
-0.00016968
-0.0001916
-0.00021267
-0.00023282
-0.00025196
-0.00027003
-0.00028697
-0.0003027
-0.00031717
-0.00033033
-0.00034213
-0.00035253
-0.0003615
-0.000369
-0.00037502
-0.00037953
-0.00038252
-0.00038399
-0.00038394
-0.00038237
-0.00037931
-0.00037475
-0.00036874
-0.0003613
-0.00035246
-0.00034227
-0.00033077
-0.00031802
-0.00030406
-0.00028897
-0.00027279
-0.00025562
-0.0002375
-0.00021853
-0.00019878
-0.00017833
-0.00015727
-0.00013567
-0.00011364
-9.1252e-05
-6.8604e-05
-4.5785e-05
-2.2887e-05
6.7731e-18
2.2785e-05
4.5379e-05
6.7693e-05
8.964e-05
0.00011113
0.00013209
0.00015244
0.00017209
0.00019097
0.00020901
0.00022615
0.00024231
0.00025744
0.00027149
0.0002844
0.00029613
0.00030664
0.00031588
0.00032384
0.00033048
0.00033579
0.00033974
0.00034234
0.00034357
0.00034344
0.00034195
0.00033912
0.00033497
0.00032951
0.00032278
0.0003148
0.00030562
0.00029528
0.00028382
0.0002713
0.00025776
0.00024327
0.00022789
0.00021169
0.00019473
0.00017708
0.00015882
0.00014002
0.00012076
0.00010112
8.118e-05
6.1015e-05
4.0709e-05
2.0344e-05
-2.5347e-18
-2.0242e-05
-4.0303e-05
-6.0104e-05
-7.9568e-05
-9.862e-05
-0.00011719
-0.00013519
-0.00015258
-0.00016927
-0.00018521
-0.00020033
-0.00021458
-0.00022792
-0.00024028
-0.00025164
-0.00026194
-0.00027115
-0.00027924
-0.00028619
-0.00029196
-0.00029656
-0.00029996
-0.00030216
-0.00030315
-0.00030294
-0.00030153
-0.00029894
-0.00029519
-0.00029028
-0.00028426
-0.00027715
-0.00026898
-0.00025979
-0.00024963
-0.00023853
-0.00022655
-0.00021375
-0.00020017
-0.00018587
-0.00017092
-0.00015538
-0.00013931
-0.00012278
-0.00010585
-8.8608e-05
-7.1108e-05
-5.3426e-05
-3.5633e-05
-1.7801e-05
-8.3052e-19
1.7699e-05
3.5227e-05
5.2515e-05
6.9496e-05
8.6104e-05
0.00010228
0.00011795
0.00013307
0.00014757
0.0001614
0.00017451
0.00018686
0.0001984
0.00020908
0.00021887
0.00022774
0.00023566
0.00024259
0.00024853
0.00025345
0.00025733
0.00026018
0.00026198
0.00026273
0.00026244
0.00026111
0.00025876
0.0002554
0.00025106
0.00024574
0.00023949
0.00023233
0.0002243
0.00021543
0.00020577
0.00019535
0.00018422
0.00017244
0.00016006
0.00014712
0.00013368
0.0001198
0.00010553
9.0945e-05
7.6092e-05
6.1036e-05
4.5837e-05
3.0557e-05
1.5258e-05
-3.561e-18
-1.5156e-05
-3.0151e-05
-4.4927e-05
-5.9424e-05
-7.3589e-05
-8.7367e-05
-0.00010071
-0.00011355
-0.00012587
-0.00013759
-0.0001487
-0.00015914
-0.00016887
-0.00017787
-0.00018611
-0.00019355
-0.00020017
-0.00020595
-0.00021087
-0.00021493
-0.00021811
-0.0002204
-0.0002218
-0.00022231
-0.00022194
-0.00022069
-0.00021858
-0.00021562
-0.00021183
-0.00020723
-0.00020184
-0.00019569
-0.00018881
-0.00018123
-0.000173
-0.00016414
-0.0001547
-0.00014472
-0.00013424
-0.00012331
-0.00011198
-0.00010029
-8.829e-05
-7.6036e-05
-6.3577e-05
-5.0964e-05
-3.8248e-05
-2.5481e-05
-1.2715e-05
7.9115e-19
1.2613e-05
2.5075e-05
3.7338e-05
4.9353e-05
6.1074e-05
7.2458e-05
8.3461e-05
9.4043e-05
0.00010416
0.00011379
0.00012288
0.00013141
0.00013935
0.00014667
0.00015334
0.00015935
0.00016468
0.0001693
0.00017322
0.00017641
0.00017888
0.00018061
0.00018162
0.00018189
0.00018144
0.00018027
0.0001784
0.00017584
0.0001726
0.00016871
0.00016418
0.00015904
0.00015332
0.00014704
0.00014024
0.00013294
0.00012518
0.000117
0.00010843
9.9506e-05
9.0276e-05
8.0776e-05
7.1046e-05
6.1127e-05
5.1062e-05
4.0892e-05
3.0659e-05
2.0406e-05
1.0172e-05
-3.4759e-18
-1.007e-05
-1.9999e-05
-2.9749e-05
-3.9281e-05
-4.8559e-05
-5.7549e-05
-6.6217e-05
-7.4532e-05
-8.2464e-05
-8.9984e-05
-9.7067e-05
-0.00010369
-0.00010983
-0.00011546
-0.00012058
-0.00012515
-0.00012919
-0.00013266
-0.00013556
-0.00013789
-0.00013965
-0.00014083
-0.00014144
-0.00014147
-0.00014094
-0.00013985
-0.00013822
-0.00013606
-0.00013337
-0.00013019
-0.00012652
-0.0001224
-0.00011783
-0.00011284
-0.00010747
-0.00010173
-9.5655e-05
-8.9272e-05
-8.261e-05
-7.5701e-05
-6.8575e-05
-6.1265e-05
-5.3801e-05
-4.6218e-05
-3.8547e-05
-3.082e-05
-2.307e-05
-1.533e-05
-7.629e-06
1.3014e-18
7.5273e-06
1.4923e-05
2.216e-05
2.9209e-05
3.6044e-05
4.264e-05
4.8973e-05
5.5021e-05
6.0763e-05
6.6179e-05
7.1251e-05
7.5964e-05
8.0303e-05
8.4256e-05
8.7811e-05
9.0959e-05
9.3695e-05
9.6011e-05
9.7905e-05
9.9376e-05
0.00010042
0.00010105
0.00010126
0.00010105
0.00010044
9.9433e-05
9.8041e-05
9.6274e-05
9.4146e-05
9.1672e-05
8.8868e-05
8.575e-05
8.2338e-05
7.8649e-05
7.4705e-05
7.0525e-05
6.6132e-05
6.1548e-05
5.6794e-05
5.1896e-05
4.6874e-05
4.1754e-05
3.6557e-05
3.1309e-05
2.6032e-05
2.0748e-05
1.5481e-05
1.0254e-05
5.086e-06
-1.9854e-22
-4.9843e-06
-9.8474e-06
-1.4571e-05
-1.9137e-05
-2.3529e-05
-2.7731e-05
-3.1729e-05
-3.551e-05
-3.9062e-05
-4.2373e-05
-4.5436e-05
-4.824e-05
-5.078e-05
-5.305e-05
-5.5046e-05
-5.6764e-05
-5.8204e-05
-5.9366e-05
-6.025e-05
-6.0858e-05
-6.1195e-05
-6.1265e-05
-6.1075e-05
-6.063e-05
-5.994e-05
-5.9013e-05
-5.786e-05
-5.6491e-05
-5.4919e-05
-5.3155e-05
-5.1212e-05
-4.9105e-05
-4.6847e-05
-4.4454e-05
-4.1939e-05
-3.9319e-05
-3.6609e-05
-3.3823e-05
-3.0979e-05
-2.809e-05
-2.5173e-05
-2.2243e-05
-1.9313e-05
-1.64e-05
-1.3516e-05
-1.0676e-05
-7.8925e-06
-5.1775e-06
-2.543e-06
7.0027e-19
2.4413e-06
4.7714e-06
6.9818e-06
9.0647e-06
1.1013e-05
1.2822e-05
1.4485e-05
1.5999e-05
1.7361e-05
1.8568e-05
1.962e-05
2.0516e-05
2.1257e-05
2.1844e-05
2.228e-05
2.2569e-05
2.2714e-05
2.272e-05
2.2594e-05
2.234e-05
2.1967e-05
2.1483e-05
2.0894e-05
2.021e-05
1.944e-05
1.8593e-05
1.7679e-05
1.6709e-05
1.5691e-05
1.4637e-05
1.3556e-05
1.2459e-05
1.1357e-05
1.0259e-05
9.1743e-06
8.1135e-06
7.0856e-06
6.0993e-06
5.1631e-06
4.285e-06
3.4722e-06
2.7315e-06
2.0693e-06
1.4909e-06
1.0012e-06
6.0432e-07
3.0356e-07
1.0152e-07
0
0
-0
-0
-0
-0
-0
-0
-0
-0
-0
-0
-0
-0
-0
-0
-0
-0
-0
-0
-0
-0
-0
-0
-0
-0
-0
-0
-0
-0
-0
-0
-0
-0
-0
-0
-0
-0
-0
-0
-0
-0
-0
-0
-0
-0
-0
-0
-0
-0
-0
-0
0
0
0
0
0
0
0
0
0
0
0
0
0
0
0
0
0
0
0
0
0
0
0
0
0
0
0
0
0
0
0
0
0
0
0
0
0
0
0
0
0
0
0
0
0
0
0
0
0
0
-0
-0
-0
-0
-0
-0
-0
-0
-0
-0
-0
-0
-0
-0
-0
-0
-0
-0
-0
-0
-0
-0
-0
-0
-0
-0
-0
-0
-0
-0
-0
-0
-0
-0
-0
-0
-0
-0
-0
-0
-0
-0
-0
-0
-0
-0
-0
-0
-0
-0
0
0
0
0
0
0
0
0
0
0
0
0
0
0
0
0
0
0
0
0
0
0
0
0
0
0
0
0
0
0
0
0
0
0
0
0
0
0
0
0
0
0
0
0
0
0
0
0
0
0
-0
-0
-0
-0
-0
-0
-0
-0
-0
-0
-0
-0
-0
-0
-0
-0
-0
-0
-0
-0
-0
-0
-0
-0
-0
-0
-0
-0
-0
-0
-0
-0
-0
-0
-0
-0
-0
-0
-0
-0
-0
-0
-0
-0
-0
-0
-0
-0
-0
-0
0
0
0
0
0
0
0
0
0
0
0
0
0
0
0
0
0
0
0
0
0
0
0
0
0
0
0
0
0
0
0
0
0
0
0
0
0
0
0
0
0
0
0
0
0
0
0
0
0
0
-0
-0
-0
-0
-0
-0
-0
-0
-0
-0
-0
-0
-0
-0
-0
-0
-0
-0
-0
-0
-0
-0
-0
-0
-0
-0
-0
-0
-0
-0
-0
-0
-0
-0
-0
-0
-0
-0
-0
-0
-0
-0
-0
-0
-0
-0
-0
-0
-0
-0
0
0
0
0
0
0
0
0
0
0
0
0
0
0
0
0
0
0
0
0
0
0
0
0
0
0
0
0
0
0
0
0
0
0
0
0
0
0
0
0
0
0
0
0
0
0
0
0
0
0
-0
-0
-0
-0
-0
-0
-0
-0
-0
-0
-0
-0
-0
-0
-0
-0
-0
-0
-0
-0
-0
-0
-0
-0
-0
-0
-0
-0
-0
-0
-0
-0
-0
-0
-0
-0
-0
-0
-0
-0
-0
-0
-0
-0
-0
-0
-0
-0
-0
-0
0
0
0
0
0
0
0
0
0
0
0
0
0
0
0
0
0
0
0
0
0
0
0
0
0
0
0
0
0
0
0
0
0
0
0
0
0
0
0
0
0
0
0
0
0
0
0
0
0
0
-0
-0
-0
-0
-0
-0
-0
-0
-0
-0
-0
-0
-0
-0
-0
-0
-0
-0
-0
-0
-0
-0
-0
-0
-0
-0
-0
-0
-0
-0
-0
-0
-0
-0
-0
-0
-0
-0
-0
-0
-0
-0
-0
-0
-0
-0
-0
-0
-0
0
0
0
0
0
0
0
0
0
0
0
0
0
0
0
0
0
0
0
0
0
0
0
0
0
0
0
0
0
0
0
0
0
0
0
0
0
0
0
0
0
0
0
0
0
0
0
0
0
0
0
-0
-0
-0
-0
-0
-0
-0
-0
-0
-0
-0
-0
-0
-0
-0
-0
-0
-0
-0
-0
-0
-0
-0
-0
-0
-0
-0
-0
-0
-0
-0
-0
-0
-0
-0
-0
-0
-0
-0
-0
-0
-0
-0
-0
-0
-0
-0
-0
-0
-0
0
0
0
0
0
0
0
0
0
0
0
0
0
0
0
0
0
0
0
0
0
0
0
0
0
0
0
0
0
0
0
0
0
0
0
0
0
0
0
0
0
0
0
0
0
0
0
0
0
0
-0
-0
-0
-0
-0
-0
-0
-0
-0
-0
-0
-0
-0
-0
-0
-0
-0
-0
-0
-0
-0
-0
-0
-0
-0
-0
-0
-0
-0
-0
-0
-0
-0
-0
-0
-0
-0
-0
-0
-0
-0
-0
-0
-0
-0
-0
-0
-0
-0
-0
0
0
0
0
0
0
0
0
0
0
0
0
0
0
0
0
0
0
0
0
0
0
0
0
0
0
0
0
0
0
0
0
0
0
0
0
0
0
0
0
0
0
0
0
0
0
0
0
0
-0
-0
-0
-0
-0
-0
-0
-0
-0
-0
-0
-0
-0
-0
-0
-0
-0
-0
-0
-0
-0
-0
-0
-0
-0
-0
-0
-0
-0
-0
-0
-0
-0
-0
-0
-0
-0
-0
-0
-0
-0
-0
-0
-0
-0
-0
-0
-0
-0
-0
-0
0
0
0
0
0
0
0
0
0
0
0
0
0
0
0
0
0
0
0
0
0
0
0
0
0
0
0
0
0
0
0
0
0
0
0
0
0
0
0
0
0
0
0
0
0
0
0
0
0
0
-0
-0
-0
-0
-0
-0
-0
-0
-0
-0
-0
-0
-0
-0
-0
-0
-0
-0
-0
-0
-0
-0
-0
-0
-0
-0
-0
-0
-0
-0
-0
-0
-0
-0
-0
-0
-0
-0
-0
-0
-0
-0
-0
-0
-0
-0
-0
-0
-0
0
0
0
0
0
0
0
0
0
0
0
0
0
0
0
0
0
0
0
0
0
0
0
0
0
0
0
0
0
0
0
0
0
0
0
0
0
0
0
0
0
0
0
0
0
0
0
0
0
0
0
-0
-0
-0
-0
-0
-0
-0
-0
-0
-0
-0
-0
-0
-0
-0
-0
-0
-0
-0
-0
-0
-0
-0
-0
-0
-0
-0
-0
-0
-0
-0
-0
-0
-0
-0
-0
-0
-0
-0
-0
-0
-0
-0
-0
-0
-0
-0
-0
-0
-0
0
0
0
0
0
0
0
0
0
0
0
0
0
0
0
0
0
0
0
0
0
0
0
0
0
0
0
0
0
0
0
0
0
0
0
0
0
0
0
0
0
0
0
0
0
0
0
0
0
0
-0
-0
-0
-0
-0
-0
-0
-0
-0
-0
-0
-0
-0
-0
-0
-0
-0
-0
-0
-0
-0
-0
-0
-0
-0
-0
-0
-0
-0
-0
-0
-0
-0
-0
-0
-0
-0
-0
-0
-0
-0
-0
-0
-0
-0
-0
-0
-0
-0
0
0
0
0
0
0
0
0
0
0
0
0
0
0
0
0
0
0
0
0
0
0
0
0
0
0
0
0
0
0
0
0
0
0
0
0
0
0
0
0
0
0
0
0
0
0
0
0
0
0
-0
-0
-0
-0
-0
-0
-0
-0
-0
-0
-0
-0
-0
-0
-0
-0
-0
-0
-0
-0
-0
-0
-0
-0
-0
-0
-0
-0
-0
-0
-0
-0
-0
-0
-0
-0
-0
-0
-0
-0
-0
-0
-0
-0
-0
-0
-0
-0
-0
-0
-0
0
0
0
0
0
0
0
0
0
0
0
0
0
0
0
0
0
0
0
0
0
0
0
0
0
0
0
0
0
0
0
0
0
0
0
0
0
0
0
0
0
0
0
0
0
0
0
0
0
0
-0
-0
-0
-0
-0
-0
-0
-0
-0
-0
-0
-0
-0
-0
-0
-0
-0
-0
-0
-0
-0
-0
-0
-0
-0
-0
-0
-0
-0
-0
-0
-0
-0
-0
-0
-0
-0
-0
-0
-0
-0
-0
-0
-0
-0
-0
-0
-0
-0
0
0
0
0
0
0
0
0
0
0
0
0
0
0
0
0
0
0
0
0
0
0
0
0
0
0
0
0
0
0
0
0
0
0
0
0
0
0
0
0
0
0
0
0
0
0
0
0
0
0
-0
-0
-0
-0
-0
-0
-0
-0
-0
-0
-0
-0
-0
-0
-0
-0
-0
-0
-0
-0
-0
-0
-0
-0
-0
-0
-0
-0
-0
-0
-0
-0
-0
-0
-0
-0
-0
-0
-0
-0
-0
-0
-0
-0
-0
-0
-0
-0
-0
-0
0
0
0
0
0
0
0
0
0
0
0
0
0
0
0
0
0
0
0
0
0
0
0
0
0
0
0
0
0
0
0
0
0
0
0
0
0
0
0
0
0
0
0
0
0
0
0
0
0
0
0
-0
-0
-0
-0
-0
-0
-0
-0
-0
-0
-0
-0
-0
-0
-0
-0
-0
-0
-0
-0
-0
-0
-0
-0
-0
-0
-0
-0
-0
-0
-0
-0
-0
-0
-0
-0
-0
-0
-0
-0
-0
-0
-0
-0
-0
-0
-0
-0
-0
-0
0
0
0
0
0
0
0
0
0
0
0
0
0
0
0
0
0
0
0
0
0
0
0
0
0
0
0
0
0
0
0
0
0
0
0
0
0
0
0
0
0
0
0
0
0
0
0
0
0
-0
-0
-0
-0
-0
-0
-0
-0
-0
-0
-0
-0
-0
-0
-0
-0
-0
-0
-0
-0
-0
-0
-0
-0
-0
-0
-0
-0
-0
-0
-0
-0
-0
-0
-0
-0
-0
-0
-0
-0
-0
-0
-0
-0
-0
-0
-0
-0
-0
-0
0
0
0
0
0
0
0
0
0
0
0
0
0
0
0
0
0
0
0
0
0
0
0
0
0
0
0
0
0
0
0
0
0
0
0
0
0
0
0
0
0
0
0
0
0
0
0
0
0
0
-0
-0
-0
-0
-0
-0
-0
-0
-0
-0
-0
-0
-0
-0
-0
-0
-0
-0
-0
-0
-0
-0
-0
-0
-0
-0
-0
-0
-0
-0
-0
-0
-0
-0
-0
-0
-0
-0
-0
-0
-0
-0
-0
-0
-0
-0
-0
-0
-0
-0
-0
0
0
0
0
0
0
0
0
0
0
0
0
0
0
0
0
0
0
0
0
0
0
0
0
0
0
0
0
0
0
0
0
0
0
0
0
0
0
0
0
0
0
0
0
0
0
0
0
0
0
-0
-0
-0
-0
-0
-0
-0
-0
-0
-0
-0
-0
-0
-0
-0
-0
-0
-0
-0
-0
-0
-0
-0
-0
-0
-0
-0
-0
-0
-0
-0
-0
-0
-0
-0
-0
-0
-0
-0
-0
-0
-0
-0
-0
-0
-0
-0
-0
-0
0
0
0
0
0
0
0
0
0
0
0
0
0
0
0
0
0
0
0
0
0
0
0
0
0
0
0
0
0
0
0
0
0
0
0
0
0
0
0
0
0
0
0
0
0
0
0
0
0
0
-0
-0
-0
-0
-0
-0
-0
-0
-0
-0
-0
-0
-0
-0
-0
-0
-0
-0
-0
-0
-0
-0
-0
-0
-0
-0
-0
-0
-0
-0
-0
-0
-0
-0
-0
-0
-0
-0
-0
-0
-0
-0
-0
-0
-0
-0
-0
-0
-0
-0
0
0
0
0
0
0
0
0
0
0
0
0
0
0
0
0
0
0
0
0
0
0
0
0
0
0
0
0
0
0
0
0
0
0
0
0
0
0
0
0
0
0
0
0
0
0
0
0
0
0
-0
-0
-0
-0
-0
-0
-0
-0
-0
-0
-0
-0
-0
-0
-0
-0
-0
-0
-0
-0
-0
-0
-0
-0
-0
-0
-0
-0
-0
-0
-0
-0
-0
-0
-0
-0
-0
-0
-0
-0
-0
-0
-0
-0
-0
-0
-0
-0
-0
-0
-0
0
0
0
0
0
0
0
0
0
0
0
0
0
0
0
0
0
0
0
0
0
0
0
0
0
0
0
0
0
0
0
0
0
0
0
0
0
0
0
0
0
0
0
0
0
0
0
0
0
0
-0
-0
-0
-0
-0
-0
-0
-0
-0
-0
-0
-0
-0
-0
-0
-0
-0
-0
-0
-0
-0
-0
-0
-0
-0
-0
-0
-0
-0
-0
-0
-0
-0
-0
-0
-0
-0
-0
-0
-0
-0
-0
-0
-0
-0
-0
-0
-0
-0
-0
0
0
0
0
0
0
0
0
0
0
0
0
0
0
0
0
0
0
0
0
0
0
0
0
0
0
0
0
0
0
0
0
0
0
0
0
0
0
0
0
0
0
0
0
0
0
0
0
0
-0
-0
-0
-0
-0
-0
-0
-0
-0
-0
-0
-0
-0
-0
-0
-0
-0
-0
-0
-0
-0
-0
-0
-0
-0
-0
-0
-0
-0
-0
-0
-0
-0
-0
-0
-0
-0
-0
-0
-0
-0
-0
-0
-0
-0
-0
-0
-0
-0
-0
0
0
0
0
0
0
0
0
0
0
0
0
0
0
0
0
0
0
0
0
0
0
0
0
0
0
0
0
0
0
0
0
0
0
0
0
0
0
0
0
0
0
0
0
0
0
0
0
0
0
0
-0
-0
-0
-0
-0
-0
-0
-0
-0
-0
-0
-0
-0
-0
-0
-0
-0
-0
-0
-0
-0
-0
-0
-0
-0
-0
-0
-0
-0
-0
-0
-0
-0
-0
-0
-0
-0
-0
-0
-0
-0
-0
-0
-0
-0
-0
-0
-0
-0
-0
0
0
0
0
0
0
0
0
0
0
0
0
0
0
0
0
0
0
0
0
0
0
0
0
0
0
0
0
0
0
0
0
0
0
0
0
0
0
0
0
0
0
0
0
0
0
0
0
0
0
-0
-0
-0
-0
-0
-0
-0
-0
-0
-0
-0
-0
-0
-0
-0
-0
-0
-0
-0
-0
-0
-0
-0
-0
-0
-0
-0
-0
-0
-0
-0
-0
-0
-0
-0
-0
-0
-0
-0
-0
-0
-0
-0
-0
-0
-0
-0
-0
-0
0
0
0
0
0
0
0
0
0
0
0
0
0
0
0
0
0
0
0
0
0
0
0
0
0
0
0
0
0
0
0
0
0
0
0
0
0
0
0
0
0
0
0
0
0
0
0
0
0
0
-0
-0
-0
-0
-0
-0
-0
-0
-0
-0
-0
-0
-0
-0
-0
-0
-0
-0
-0
-0
-0
-0
-0
-0
-0
-0
-0
-0
-0
-0
-0
-0
-0
-0
-0
-0
-0
-0
-0
-0
-0
-0
-0
-0
-0
-0
-0
-0
-0
-0
-0
0
0
0
0
0
0
0
0
0
0
0
0
0
0
0
0
0
0
0
0
0
0
0
0
0
0
0
0
0
0
0
0
0
0
0
0
0
0
0
0
0
0
0
0
0
0
0
0
0
0
-0
-0
-0
-0
-0
-0
-0
-0
-0
-0
-0
-0
-0
-0
-0
-0
-0
-0
-0
-0
-0
-0
-0
-0
-0
-0
-0
-0
-0
-0
-0
-0
-0
-0
-0
-0
-0
-0
-0
-0
-0
-0
-0
-0
-0
-0
-0
-0
-0
-0
0
0
0
0
0
0
0
0
0
0
0
0
0
0
0
0
0
0
0
0
0
0
0
0
0
0
0
0
0
0
0
0
0
0
0
0
0
0
0
0
0
0
0
0
0
0
0
0
0
-0
-0
-0
-0
-0
-0
-0
-0
-0
-0
-0
-0
-0
-0
-0
-0
-0
-0
-0
-0
-0
-0
-0
-0
-0
-0
-0
-0
-0
-0
-0
-0
-0
-0
-0
-0
-0
-0
-0
-0
-0
-0
-0
-0
-0
-0
-0
-0
-0
-0
0
0
0
0
0
0
0
0
0
0
0
0
0
0
0
0
0
0
0
0
0
0
0
0
0
0
0
0
0
0
0
0
0
0
0
0
0
0
0
0
0
0
0
0
0
0
0
0
0
0
-0
-5.086e-08
-2.0304e-07
-4.5534e-07
-8.0576e-07
-1.2515e-06
-1.7891e-06
-2.4142e-06
-3.1218e-06
-3.9062e-06
-4.7611e-06
-5.6794e-06
-6.6538e-06
-7.676e-06
-8.7376e-06
-9.8296e-06
-1.0942e-05
-1.2067e-05
-1.3192e-05
-1.4309e-05
-1.5407e-05
-1.6476e-05
-1.7504e-05
-1.8483e-05
-1.9402e-05
-2.025e-05
-2.1018e-05
-2.1698e-05
-2.2278e-05
-2.2752e-05
-2.3111e-05
-2.3347e-05
-2.3453e-05
-2.3424e-05
-2.3253e-05
-2.2936e-05
-2.2468e-05
-2.1847e-05
-2.107e-05
-2.0136e-05
-1.9044e-05
-1.7795e-05
-1.6389e-05
-1.483e-05
-1.312e-05
-1.1264e-05
-9.2662e-06
-7.1336e-06
-4.873e-06
-2.4922e-06
-4.3641e-19
2.5939e-06
5.279e-06
8.0443e-06
1.0878e-05
1.3767e-05
1.6698e-05
1.9658e-05
2.2633e-05
2.5607e-05
2.8566e-05
3.1495e-05
3.4378e-05
3.7199e-05
3.9943e-05
4.2595e-05
4.5138e-05
4.7557e-05
4.9838e-05
5.1965e-05
5.3925e-05
5.5703e-05
5.7287e-05
5.8664e-05
5.9822e-05
6.075e-05
6.1439e-05
6.1878e-05
6.2061e-05
6.198e-05
6.1628e-05
6.1003e-05
6.0099e-05
5.8914e-05
5.7448e-05
5.5701e-05
5.3674e-05
5.137e-05
4.8795e-05
4.5952e-05
4.285e-05
3.9496e-05
3.59e-05
3.2074e-05
2.8029e-05
2.3779e-05
1.9338e-05
1.4723e-05
9.949e-06
5.0352e-06
-2.8583e-18
-5.1369e-06
-1.0355e-05
-1.5633e-05
-2.095e-05
-2.6282e-05
-3.1607e-05
-3.6902e-05
-4.2144e-05
-4.7308e-05
-5.2372e-05
-5.7311e-05
-6.2102e-05
-6.6722e-05
-7.1149e-05
-7.536e-05
-7.9333e-05
-8.3048e-05
-8.6483e-05
-8.9621e-05
-9.2443e-05
-9.4931e-05
-9.707e-05
-9.8844e-05
-0.00010024
-0.00010125
-0.00010186
-0.00010206
-0.00010184
-0.00010121
-0.00010015
-9.8659e-05
-9.6744e-05
-9.4405e-05
-9.1643e-05
-8.8466e-05
-8.488e-05
-8.0894e-05
-7.6519e-05
-7.1768e-05
-6.6655e-05
-6.1197e-05
-5.5411e-05
-4.9318e-05
-4.2938e-05
-3.6294e-05
-2.941e-05
-2.2311e-05
-1.5025e-05
-7.5782e-06
2.9775e-18
7.6799e-06
1.5431e-05
2.3222e-05
3.1022e-05
3.8797e-05
4.6516e-05
5.4146e-05
6.1655e-05
6.9009e-05
7.6177e-05
8.3126e-05
8.9826e-05
9.6246e-05
0.00010235
0.00010813
0.00011353
0.00011854
0.00012313
0.00012728
0.00013096
0.00013416
0.00013685
0.00013903
0.00014066
0.00014175
0.00014228
0.00014224
0.00014163
0.00014043
0.00013866
0.00013631
0.00013339
0.00012989
0.00012584
0.00012123
0.00011609
0.00011042
0.00010424
9.7583e-05
9.046e-05
8.2898e-05
7.4922e-05
6.6562e-05
5.7847e-05
4.8809e-05
3.9482e-05
2.99e-05
2.0101e-05
1.0121e-05
6.985e-18
-1.0223e-05
-2.0507e-05
-3.0811e-05
-4.1094e-05
-5.1312e-05
-6.1425e-05
-7.139e-05
-8.1166e-05
-9.071e-05
-9.9982e-05
-0.00010894
-0.00011755
-0.00012577
-0.00013356
-0.00014089
-0.00014772
-0.00015403
-0.00015977
-0.00016493
-0.00016948
-0.00017339
-0.00017663
-0.00017921
-0.00018108
-0.00018225
-0.0001827
-0.00018242
-0.00018141
-0.00017966
-0.00017718
-0.00017397
-0.00017004
-0.00016539
-0.00016003
-0.000154
-0.00014729
-0.00013994
-0.00013197
-0.0001234
-0.00011427
-0.0001046
-9.4433e-05
-8.3806e-05
-7.2756e-05
-6.1324e-05
-4.9554e-05
-3.7489e-05
-2.5177e-05
-1.2664e-05
-1.0914e-17
1.2766e-05
2.5583e-05
3.84e-05
5.1165e-05
6.3827e-05
7.6334e-05
8.8634e-05
0.00010068
0.00011241
0.00012379
0.00013476
0.00014527
0.00015529
0.00016477
0.00017366
0.00018192
0.00018952
0.00019642
0.00020259
0.000208
0.00021261
0.00021642
0.00021939
0.0002215
0.00022275
0.00022312
0.0002226
0.00022119
0.00021889
0.0002157
0.00021163
0.00020668
0.00020088
0.00019423
0.00018676
0.0001785
0.00016946
0.00015969
0.00014921
0.00013807
0.0001263
0.00011394
0.00010105
8.7665e-05
7.384e-05
5.9626e-05
4.5078e-05
3.0253e-05
1.5207e-05
1.5717e-17
-1.5309e-05
-3.0659e-05
-4.5989e-05
-6.1237e-05
-7.6343e-05
-9.1243e-05
-0.00010588
-0.00012019
-0.00013411
-0.00014759
-0.00016057
-0.000173
-0.00018482
-0.00019597
-0.00020642
-0.00021611
-0.00022501
-0.00023307
-0.00024024
-0.00024651
-0.00025184
-0.0002562
-0.00025957
-0.00026192
-0.00026325
-0.00026354
-0.00026278
-0.00026097
-0.00025812
-0.00025422
-0.00024928
-0.00024333
-0.00023637
-0.00022842
-0.00021953
-0.0002097
-0.00019899
-0.00018742
-0.00017503
-0.00016188
-0.000148
-0.00013346
-0.00011829
-0.00010257
-8.6355e-05
-6.9698e-05
-5.2667e-05
-3.5329e-05
-1.775e-05
-5.2776e-18
1.7852e-05
3.5735e-05
5.3578e-05
7.1309e-05
8.8858e-05
0.00010615
0.00012312
0.0001397
0.00015581
0.0001714
0.00018639
0.00020072
0.00021434
0.00022718
0.00023919
0.00025031
0.0002605
0.00026971
0.0002779
0.00028503
0.00029107
0.00029598
0.00029975
0.00030234
0.00030375
0.00030396
0.00030296
0.00030076
0.00029735
0.00029274
0.00028694
0.00027997
0.00027186
0.00026262
0.00025229
0.00024091
0.00022851
0.00021514
0.00020085
0.00018568
0.0001697
0.00015297
0.00013554
0.00011748
9.887e-05
7.977e-05
6.0256e-05
4.0405e-05
2.0293e-05
2.7942e-17
-2.0395e-05
-4.0811e-05
-6.1167e-05
-8.1381e-05
-0.00010137
-0.00012106
-0.00014037
-0.00015921
-0.00017751
-0.0001952
-0.0002122
-0.00022845
-0.00024386
-0.00025838
-0.00027195
-0.0002845
-0.00029599
-0.00030636
-0.00031556
-0.00032355
-0.0003303
-0.00033577
-0.00033993
-0.00034276
-0.00034425
-0.00034438
-0.00034314
-0.00034054
-0.00033657
-0.00033125
-0.00032459
-0.00031662
-0.00030735
-0.00029682
-0.00028506
-0.00027211
-0.00025803
-0.00024286
-0.00022666
-0.00020949
-0.0001914
-0.00017248
-0.00015278
-0.00013239
-0.00011139
-8.9842e-05
-6.7845e-05
-4.5481e-05
-2.2836e-05
-1.4645e-17
2.2938e-05
4.5887e-05
6.8756e-05
9.1453e-05
0.00011389
0.00013597
0.00015761
0.00017872
0.00019922
0.00021901
0.00023802
0.00025617
0.00027339
0.00028959
0.00030472
0.0003187
0.00033148
0.000343
0.00035321
0.00036207
0.00036952
0.00037555
0.00038011
0.00038318
0.00038475
0.0003848
0.00038332
0.00038032
0.0003758
0.00036977
0.00036225
0.00035326
0.00034284
0.00033101
0.00031782
0.00030332
0.00028756
0.00027059
0.00025248
0.00023329
0.0002131
0.00019199
0.00017003
0.0001473
0.0001239
9.9914e-05
7.5434e-05
5.0557e-05
2.5379e-05
2.0597e-17
-2.5328e-05
-5.0455e-05
-7.5282e-05
-9.9712e-05
-0.00012365
-0.000147
-0.00016968
-0.0001916
-0.00021267
-0.00023282
-0.00025196
-0.00027003
-0.00028697
-0.0003027
-0.00031717
-0.00033033
-0.00034213
-0.00035253
-0.0003615
-0.000369
-0.00037502
-0.00037953
-0.00038252
-0.00038399
-0.00038394
-0.00038237
-0.00037931
-0.00037475
-0.00036874
-0.0003613
-0.00035246
-0.00034227
-0.00033077
-0.00031802
-0.00030406
-0.00028897
-0.00027279
-0.00025562
-0.0002375
-0.00021853
-0.00019878
-0.00017833
-0.00015727
-0.00013567
-0.00011364
-9.1252e-05
-6.8604e-05
-4.5785e-05
-2.2887e-05
-2.2454e-17
2.2785e-05
4.5379e-05
6.7693e-05
8.964e-05
0.00011113
0.00013209
0.00015244
0.00017209
0.00019097
0.00020901
0.00022615
0.00024231
0.00025744
0.00027149
0.0002844
0.00029613
0.00030664
0.00031588
0.00032384
0.00033048
0.00033579
0.00033974
0.00034234
0.00034357
0.00034344
0.00034195
0.00033912
0.00033497
0.00032951
0.00032278
0.0003148
0.00030562
0.00029528
0.00028382
0.0002713
0.00025776
0.00024327
0.00022789
0.00021169
0.00019473
0.00017708
0.00015882
0.00014002
0.00012076
0.00010112
8.118e-05
6.1015e-05
4.0709e-05
2.0344e-05
5.0662e-18
-2.0242e-05
-4.0303e-05
-6.0104e-05
-7.9568e-05
-9.862e-05
-0.00011719
-0.00013519
-0.00015258
-0.00016927
-0.00018521
-0.00020033
-0.00021458
-0.00022792
-0.00024028
-0.00025164
-0.00026194
-0.00027115
-0.00027924
-0.00028619
-0.00029196
-0.00029656
-0.00029996
-0.00030216
-0.00030315
-0.00030294
-0.00030153
-0.00029894
-0.00029519
-0.00029028
-0.00028426
-0.00027715
-0.00026898
-0.00025979
-0.00024963
-0.00023853
-0.00022655
-0.00021375
-0.00020017
-0.00018587
-0.00017092
-0.00015538
-0.00013931
-0.00012278
-0.00010585
-8.8608e-05
-7.1108e-05
-5.3426e-05
-3.5633e-05
-1.7801e-05
-2.3548e-17
1.7699e-05
3.5227e-05
5.2515e-05
6.9496e-05
8.6104e-05
0.00010228
0.00011795
0.00013307
0.00014757
0.0001614
0.00017451
0.00018686
0.0001984
0.00020908
0.00021887
0.00022774
0.00023566
0.00024259
0.00024853
0.00025345
0.00025733
0.00026018
0.00026198
0.00026273
0.00026244
0.00026111
0.00025876
0.0002554
0.00025106
0.00024574
0.00023949
0.00023233
0.0002243
0.00021543
0.00020577
0.00019535
0.00018422
0.00017244
0.00016006
0.00014712
0.00013368
0.0001198
0.00010553
9.0945e-05
7.6092e-05
6.1036e-05
4.5837e-05
3.0557e-05
1.5258e-05
9.0184e-18
-1.5156e-05
-3.0151e-05
-4.4927e-05
-5.9424e-05
-7.3589e-05
-8.7367e-05
-0.00010071
-0.00011355
-0.00012587
-0.00013759
-0.0001487
-0.00015914
-0.00016887
-0.00017787
-0.00018611
-0.00019355
-0.00020017
-0.00020595
-0.00021087
-0.00021493
-0.00021811
-0.0002204
-0.0002218
-0.00022231
-0.00022194
-0.00022069
-0.00021858
-0.00021562
-0.00021183
-0.00020723
-0.00020184
-0.00019569
-0.00018881
-0.00018123
-0.000173
-0.00016414
-0.0001547
-0.00014472
-0.00013424
-0.00012331
-0.00011198
-0.00010029
-8.829e-05
-7.6036e-05
-6.3577e-05
-5.0964e-05
-3.8248e-05
-2.5481e-05
-1.2715e-05
-9.6846e-18
1.2613e-05
2.5075e-05
3.7338e-05
4.9353e-05
6.1074e-05
7.2458e-05
8.3461e-05
9.4043e-05
0.00010416
0.00011379
0.00012288
0.00013141
0.00013935
0.00014667
0.00015334
0.00015935
0.00016468
0.0001693
0.00017322
0.00017641
0.00017888
0.00018061
0.00018162
0.00018189
0.00018144
0.00018027
0.0001784
0.00017584
0.0001726
0.00016871
0.00016418
0.00015904
0.00015332
0.00014704
0.00014024
0.00013294
0.00012518
0.000117
0.00010843
9.9506e-05
9.0276e-05
8.0776e-05
7.1046e-05
6.1127e-05
5.1062e-05
4.0892e-05
3.0659e-05
2.0406e-05
1.0172e-05
9.4776e-18
-1.007e-05
-1.9999e-05
-2.9749e-05
-3.9281e-05
-4.8559e-05
-5.7549e-05
-6.6217e-05
-7.4532e-05
-8.2464e-05
-8.9984e-05
-9.7067e-05
-0.00010369
-0.00010983
-0.00011546
-0.00012058
-0.00012515
-0.00012919
-0.00013266
-0.00013556
-0.00013789
-0.00013965
-0.00014083
-0.00014144
-0.00014147
-0.00014094
-0.00013985
-0.00013822
-0.00013606
-0.00013337
-0.00013019
-0.00012652
-0.0001224
-0.00011783
-0.00011284
-0.00010747
-0.00010173
-9.5655e-05
-8.9272e-05
-8.261e-05
-7.5701e-05
-6.8575e-05
-6.1265e-05
-5.3801e-05
-4.6218e-05
-3.8547e-05
-3.082e-05
-2.307e-05
-1.533e-05
-7.629e-06
-1.537e-18
7.5273e-06
1.4923e-05
2.216e-05
2.9209e-05
3.6044e-05
4.264e-05
4.8973e-05
5.5021e-05
6.0763e-05
6.6179e-05
7.1251e-05
7.5964e-05
8.0303e-05
8.4256e-05
8.7811e-05
9.0959e-05
9.3695e-05
9.6011e-05
9.7905e-05
9.9376e-05
0.00010042
0.00010105
0.00010126
0.00010105
0.00010044
9.9433e-05
9.8041e-05
9.6274e-05
9.4146e-05
9.1672e-05
8.8868e-05
8.575e-05
8.2338e-05
7.8649e-05
7.4705e-05
7.0525e-05
6.6132e-05
6.1548e-05
5.6794e-05
5.1896e-05
4.6874e-05
4.1754e-05
3.6557e-05
3.1309e-05
2.6032e-05
2.0748e-05
1.5481e-05
1.0254e-05
5.086e-06
6.444e-18
-4.9843e-06
-9.8474e-06
-1.4571e-05
-1.9137e-05
-2.3529e-05
-2.7731e-05
-3.1729e-05
-3.551e-05
-3.9062e-05
-4.2373e-05
-4.5436e-05
-4.824e-05
-5.078e-05
-5.305e-05
-5.5046e-05
-5.6764e-05
-5.8204e-05
-5.9366e-05
-6.025e-05
-6.0858e-05
-6.1195e-05
-6.1265e-05
-6.1075e-05
-6.063e-05
-5.994e-05
-5.9013e-05
-5.786e-05
-5.6491e-05
-5.4919e-05
-5.3155e-05
-5.1212e-05
-4.9105e-05
-4.6847e-05
-4.4454e-05
-4.1939e-05
-3.9319e-05
-3.6609e-05
-3.3823e-05
-3.0979e-05
-2.809e-05
-2.5173e-05
-2.2243e-05
-1.9313e-05
-1.64e-05
-1.3516e-05
-1.0676e-05
-7.8925e-06
-5.1775e-06
-2.543e-06
-1.3612e-18
2.4413e-06
4.7714e-06
6.9818e-06
9.0647e-06
1.1013e-05
1.2822e-05
1.4485e-05
1.5999e-05
1.7361e-05
1.8568e-05
1.962e-05
2.0516e-05
2.1257e-05
2.1844e-05
2.228e-05
2.2569e-05
2.2714e-05
2.272e-05
2.2594e-05
2.234e-05
2.1967e-05
2.1483e-05
2.0894e-05
2.021e-05
1.944e-05
1.8593e-05
1.7679e-05
1.6709e-05
1.5691e-05
1.4637e-05
1.3556e-05
1.2459e-05
1.1357e-05
1.0259e-05
9.1743e-06
8.1135e-06
7.0856e-06
6.0993e-06
5.1631e-06
4.285e-06
3.4722e-06
2.7315e-06
2.0693e-06
1.4909e-06
1.0012e-06
6.0432e-07
3.0356e-07
1.0152e-07
0
0
-0
-0
-0
-0
-0
-0
-0
-0
-0
-0
-0
-0
-0
-0
-0
-0
-0
-0
-0
-0
-0
-0
-0
-0
-0
-0
-0
-0
-0
-0
-0
-0
-0
-0
-0
-0
-0
-0
-0
-0
-0
-0
-0
-0
-0
-0
-0
-0
-0
-0
0
0
0
0
0
0
0
0
0
0
0
0
0
0
0
0
0
0
0
0
0
0
0
0
0
0
0
0
0
0
0
0
0
0
0
0
0
0
0
0
0
0
0
0
0
0
0
0
0
0
-0
-0
-0
-0
-0
-0
-0
-0
-0
-0
-0
-0
-0
-0
-0
-0
-0
-0
-0
-0
-0
-0
-0
-0
-0
-0
-0
-0
-0
-0
-0
-0
-0
-0
-0
-0
-0
-0
-0
-0
-0
-0
-0
-0
-0
-0
-0
-0
-0
-0
0
0
0
0
0
0
0
0
0
0
0
0
0
0
0
0
0
0
0
0
0
0
0
0
0
0
0
0
0
0
0
0
0
0
0
0
0
0
0
0
0
0
0
0
0
0
0
0
0
0
-0
-0
-0
-0
-0
-0
-0
-0
-0
-0
-0
-0
-0
-0
-0
-0
-0
-0
-0
-0
-0
-0
-0
-0
-0
-0
-0
-0
-0
-0
-0
-0
-0
-0
-0
-0
-0
-0
-0
-0
-0
-0
-0
-0
-0
-0
-0
-0
-0
-0
0
0
0
0
0
0
0
0
0
0
0
0
0
0
0
0
0
0
0
0
0
0
0
0
0
0
0
0
0
0
0
0
0
0
0
0
0
0
0
0
0
0
0
0
0
0
0
0
0
0
-0
-0
-0
-0
-0
-0
-0
-0
-0
-0
-0
-0
-0
-0
-0
-0
-0
-0
-0
-0
-0
-0
-0
-0
-0
-0
-0
-0
-0
-0
-0
-0
-0
-0
-0
-0
-0
-0
-0
-0
-0
-0
-0
-0
-0
-0
-0
-0
-0
-0
0
0
0
0
0
0
0
0
0
0
0
0
0
0
0
0
0
0
0
0
0
0
0
0
0
0
0
0
0
0
0
0
0
0
0
0
0
0
0
0
0
0
0
0
0
0
0
0
0
0
-0
-0
-0
-0
-0
-0
-0
-0
-0
-0
-0
-0
-0
-0
-0
-0
-0
-0
-0
-0
-0
-0
-0
-0
-0
-0
-0
-0
-0
-0
-0
-0
-0
-0
-0
-0
-0
-0
-0
-0
-0
-0
-0
-0
-0
-0
-0
-0
-0
-0
0
0
0
0
0
0
0
0
0
0
0
0
0
0
0
0
0
0
0
0
0
0
0
0
0
0
0
0
0
0
0
0
0
0
0
0
0
0
0
0
0
0
0
0
0
0
0
0
0
0
-0
-0
-0
-0
-0
-0
-0
-0
-0
-0
-0
-0
-0
-0
-0
-0
-0
-0
-0
-0
-0
-0
-0
-0
-0
-0
-0
-0
-0
-0
-0
-0
-0
-0
-0
-0
-0
-0
-0
-0
-0
-0
-0
-0
-0
-0
-0
-0
-0
-0
0
0
0
0
0
0
0
0
0
0
0
0
0
0
0
0
0
0
0
0
0
0
0
0
0
0
0
0
0
0
0
0
0
0
0
0
0
0
0
0
0
0
0
0
0
0
0
0
0
0
-0
-0
-0
-0
-0
-0
-0
-0
-0
-0
-0
-0
-0
-0
-0
-0
-0
-0
-0
-0
-0
-0
-0
-0
-0
-0
-0
-0
-0
-0
-0
-0
-0
-0
-0
-0
-0
-0
-0
-0
-0
-0
-0
-0
-0
-0
-0
-0
-0
-0
0
0
0
0
0
0
0
0
0
0
0
0
0
0
0
0
0
0
0
0
0
0
0
0
0
0
0
0
0
0
0
0
0
0
0
0
0
0
0
0
0
0
0
0
0
0
0
0
0
0
-0
-0
-0
-0
-0
-0
-0
-0
-0
-0
-0
-0
-0
-0
-0
-0
-0
-0
-0
-0
-0
-0
-0
-0
-0
-0
-0
-0
-0
-0
-0
-0
-0
-0
-0
-0
-0
-0
-0
-0
-0
-0
-0
-0
-0
-0
-0
-0
-0
-0
0
0
0
0
0
0
0
0
0
0
0
0
0
0
0
0
0
0
0
0
0
0
0
0
0
0
0
0
0
0
0
0
0
0
0
0
0
0
0
0
0
0
0
0
0
0
0
0
0
0
-0
-0
-0
-0
-0
-0
-0
-0
-0
-0
-0
-0
-0
-0
-0
-0
-0
-0
-0
-0
-0
-0
-0
-0
-0
-0
-0
-0
-0
-0
-0
-0
-0
-0
-0
-0
-0
-0
-0
-0
-0
-0
-0
-0
-0
-0
-0
-0
-0
-0
0
0
0
0
0
0
0
0
0
0
0
0
0
0
0
0
0
0
0
0
0
0
0
0
0
0
0
0
0
0
0
0
0
0
0
0
0
0
0
0
0
0
0
0
0
0
0
0
0
0
-0
-0
-0
-0
-0
-0
-0
-0
-0
-0
-0
-0
-0
-0
-0
-0
-0
-0
-0
-0
-0
-0
-0
-0
-0
-0
-0
-0
-0
-0
-0
-0
-0
-0
-0
-0
-0
-0
-0
-0
-0
-0
-0
-0
-0
-0
-0
-0
-0
-0
0
0
0
0
0
0
0
0
0
0
0
0
0
0
0
0
0
0
0
0
0
0
0
0
0
0
0
0
0
0
0
0
0
0
0
0
0
0
0
0
0
0
0
0
0
0
0
0
0
0
-0
-0
-0
-0
-0
-0
-0
-0
-0
-0
-0
-0
-0
-0
-0
-0
-0
-0
-0
-0
-0
-0
-0
-0
-0
-0
-0
-0
-0
-0
-0
-0
-0
-0
-0
-0
-0
-0
-0
-0
-0
-0
-0
-0
-0
-0
-0
-0
-0
-0
0
0
0
0
0
0
0
0
0
0
0
0
0
0
0
0
0
0
0
0
0
0
0
0
0
0
0
0
0
0
0
0
0
0
0
0
0
0
0
0
0
0
0
0
0
0
0
0
0
-0
-0
-0
-0
-0
-0
-0
-0
-0
-0
-0
-0
-0
-0
-0
-0
-0
-0
-0
-0
-0
-0
-0
-0
-0
-0
-0
-0
-0
-0
-0
-0
-0
-0
-0
-0
-0
-0
-0
-0
-0
-0
-0
-0
-0
-0
-0
-0
-0
-0
-0
0
0
0
0
0
0
0
0
0
0
0
0
0
0
0
0
0
0
0
0
0
0
0
0
0
0
0
0
0
0
0
0
0
0
0
0
0
0
0
0
0
0
0
0
0
0
0
0
0
0
-0
-0
-0
-0
-0
-0
-0
-0
-0
-0
-0
-0
-0
-0
-0
-0
-0
-0
-0
-0
-0
-0
-0
-0
-0
-0
-0
-0
-0
-0
-0
-0
-0
-0
-0
-0
-0
-0
-0
-0
-0
-0
-0
-0
-0
-0
-0
-0
-0
0
0
0
0
0
0
0
0
0
0
0
0
0
0
0
0
0
0
0
0
0
0
0
0
0
0
0
0
0
0
0
0
0
0
0
0
0
0
0
0
0
0
0
0
0
0
0
0
0
0
0
-0
-0
-0
-0
-0
-0
-0
-0
-0
-0
-0
-0
-0
-0
-0
-0
-0
-0
-0
-0
-0
-0
-0
-0
-0
-0
-0
-0
-0
-0
-0
-0
-0
-0
-0
-0
-0
-0
-0
-0
-0
-0
-0
-0
-0
-0
-0
-0
-0
-0
0
0
0
0
0
0
0
0
0
0
0
0
0
0
0
0
0
0
0
0
0
0
0
0
0
0
0
0
0
0
0
0
0
0
0
0
0
0
0
0
0
0
0
0
0
0
0
0
0
0
-0
-0
-0
-0
-0
-0
-0
-0
-0
-0
-0
-0
-0
-0
-0
-0
-0
-0
-0
-0
-0
-0
-0
-0
-0
-0
-0
-0
-0
-0
-0
-0
-0
-0
-0
-0
-0
-0
-0
-0
-0
-0
-0
-0
-0
-0
-0
-0
-0
-0
0
0
0
0
0
0
0
0
0
0
0
0
0
0
0
0
0
0
0
0
0
0
0
0
0
0
0
0
0
0
0
0
0
0
0
0
0
0
0
0
0
0
0
0
0
0
0
0
0
-0
-0
-0
-0
-0
-0
-0
-0
-0
-0
-0
-0
-0
-0
-0
-0
-0
-0
-0
-0
-0
-0
-0
-0
-0
-0
-0
-0
-0
-0
-0
-0
-0
-0
-0
-0
-0
-0
-0
-0
-0
-0
-0
-0
-0
-0
-0
-0
-0
-0
-0
0
0
0
0
0
0
0
0
0
0
0
0
0
0
0
0
0
0
0
0
0
0
0
0
0
0
0
0
0
0
0
0
0
0
0
0
0
0
0
0
0
0
0
0
0
0
0
0
0
-0
-0
-0
-0
-0
-0
-0
-0
-0
-0
-0
-0
-0
-0
-0
-0
-0
-0
-0
-0
-0
-0
-0
-0
-0
-0
-0
-0
-0
-0
-0
-0
-0
-0
-0
-0
-0
-0
-0
-0
-0
-0
-0
-0
-0
-0
-0
-0
-0
-0
-0
0
0
0
0
0
0
0
0
0
0
0
0
0
0
0
0
0
0
0
0
0
0
0
0
0
0
0
0
0
0
0
0
0
0
0
0
0
0
0
0
0
0
0
0
0
0
0
0
0
0
-0
-0
-0
-0
-0
-0
-0
-0
-0
-0
-0
-0
-0
-0
-0
-0
-0
-0
-0
-0
-0
-0
-0
-0
-0
-0
-0
-0
-0
-0
-0
-0
-0
-0
-0
-0
-0
-0
-0
-0
-0
-0
-0
-0
-0
-0
-0
-0
-0
-0
0
0
0
0
0
0
0
0
0
0
0
0
0
0
0
0
0
0
0
0
0
0
0
0
0
0
0
0
0
0
0
0
0
0
0
0
0
0
0
0
0
0
0
0
0
0
0
0
0
0
-0
-0
-0
-0
-0
-0
-0
-0
-0
-0
-0
-0
-0
-0
-0
-0
-0
-0
-0
-0
-0
-0
-0
-0
-0
-0
-0
-0
-0
-0
-0
-0
-0
-0
-0
-0
-0
-0
-0
-0
-0
-0
-0
-0
-0
-0
-0
-0
-0
-0
0
0
0
0
0
0
0
0
0
0
0
0
0
0
0
0
0
0
0
0
0
0
0
0
0
0
0
0
0
0
0
0
0
0
0
0
0
0
0
0
0
0
0
0
0
0
0
0
0
0
-0
-0
-0
-0
-0
-0
-0
-0
-0
-0
-0
-0
-0
-0
-0
-0
-0
-0
-0
-0
-0
-0
-0
-0
-0
-0
-0
-0
-0
-0
-0
-0
-0
-0
-0
-0
-0
-0
-0
-0
-0
-0
-0
-0
-0
-0
-0
-0
-0
-0
0
0
0
0
0
0
0
0
0
0
0
0
0
0
0
0
0
0
0
0
0
0
0
0
0
0
0
0
0
0
0
0
0
0
0
0
0
0
0
0
0
0
0
0
0
0
0
0
0
-0
-0
-0
-0
-0
-0
-0
-0
-0
-0
-0
-0
-0
-0
-0
-0
-0
-0
-0
-0
-0
-0
-0
-0
-0
-0
-0
-0
-0
-0
-0
-0
-0
-0
-0
-0
-0
-0
-0
-0
-0
-0
-0
-0
-0
-0
-0
-0
-0
-0
-0
0
0
0
0
0
0
0
0
0
0
0
0
0
0
0
0
0
0
0
0
0
0
0
0
0
0
0
0
0
0
0
0
0
0
0
0
0
0
0
0
0
0
0
0
0
0
0
0
0
-0
-0
-0
-0
-0
-0
-0
-0
-0
-0
-0
-0
-0
-0
-0
-0
-0
-0
-0
-0
-0
-0
-0
-0
-0
-0
-0
-0
-0
-0
-0
-0
-0
-0
-0
-0
-0
-0
-0
-0
-0
-0
-0
-0
-0
-0
-0
-0
-0
-0
-0
0
0
0
0
0
0
0
0
0
0
0
0
0
0
0
0
0
0
0
0
0
0
0
0
0
0
0
0
0
0
0
0
0
0
0
0
0
0
0
0
0
0
0
0
0
0
0
0
0
0
-0
-0
-0
-0
-0
-0
-0
-0
-0
-0
-0
-0
-0
-0
-0
-0
-0
-0
-0
-0
-0
-0
-0
-0
-0
-0
-0
-0
-0
-0
-0
-0
-0
-0
-0
-0
-0
-0
-0
-0
-0
-0
-0
-0
-0
-0
-0
-0
-0
-0
0
0
0
0
0
0
0
0
0
0
0
0
0
0
0
0
0
0
0
0
0
0
0
0
0
0
0
0
0
0
0
0
0
0
0
0
0
0
0
0
0
0
0
0
0
0
0
0
0
0
-0
-0
-0
-0
-0
-0
-0
-0
-0
-0
-0
-0
-0
-0
-0
-0
-0
-0
-0
-0
-0
-0
-0
-0
-0
-0
-0
-0
-0
-0
-0
-0
-0
-0
-0
-0
-0
-0
-0
-0
-0
-0
-0
-0
-0
-0
-0
-0
-0
-0
0
0
0
0
0
0
0
0
0
0
0
0
0
0
0
0
0
0
0
0
0
0
0
0
0
0
0
0
0
0
0
0
0
0
0
0
0
0
0
0
0
0
0
0
0
0
0
0
0
0
-0
-0
-0
-0
-0
-0
-0
-0
-0
-0
-0
-0
-0
-0
-0
-0
-0
-0
-0
-0
-0
-0
-0
-0
-0
-0
-0
-0
-0
-0
-0
-0
-0
-0
-0
-0
-0
-0
-0
-0
-0
-0
-0
-0
-0
-0
-0
-0
-0
-0
0
0
0
0
0
0
0
0
0
0
0
0
0
0
0
0
0
0
0
0
0
0
0
0
0
0
0
0
0
0
0
0
0
0
0
0
0
0
0
0
0
0
0
0
0
0
0
0
0
-0
-0
-0
-0
-0
-0
-0
-0
-0
-0
-0
-0
-0
-0
-0
-0
-0
-0
-0
-0
-0
-0
-0
-0
-0
-0
-0
-0
-0
-0
-0
-0
-0
-0
-0
-0
-0
-0
-0
-0
-0
-0
-0
-0
-0
-0
-0
-0
-0
-0
-0
0
0
0
0
0
0
0
0
0
0
0
0
0
0
0
0
0
0
0
0
0
0
0
0
0
0
0
0
0
0
0
0
0
0
0
0
0
0
0
0
0
0
0
0
0
0
0
0
0
-0
-0
-0
-0
-0
-0
-0
-0
-0
-0
-0
-0
-0
-0
-0
-0
-0
-0
-0
-0
-0
-0
-0
-0
-0
-0
-0
-0
-0
-0
-0
-0
-0
-0
-0
-0
-0
-0
-0
-0
-0
-0
-0
-0
-0
-0
-0
-0
-0
-0
-0
0
0
0
0
0
0
0
0
0
0
0
0
0
0
0
0
0
0
0
0
0
0
0
0
0
0
0
0
0
0
0
0
0
0
0
0
0
0
0
0
0
0
0
0
0
0
0
0
0
0
-0
-0
-0
-0
-0
-0
-0
-0
-0
-0
-0
-0
-0
-0
-0
-0
-0
-0
-0
-0
-0
-0
-0
-0
-0
-0
-0
-0
-0
-0
-0
-0
-0
-0
-0
-0
-0
-0
-0
-0
-0
-0
-0
-0
-0
-0
-0
-0
-0
-0
0
0
0
0
0
0
0
0
0
0
0
0
0
0
0
0
0
0
0
0
0
0
0
0
0
0
0
0
0
0
0
0
0
0
0
0
0
0
0
0
0
0
0
0
0
0
0
0
0
0
-0
-0
-0
-0
-0
-0
-0
-0
-0
-0
-0
-0
-0
-0
-0
-0
-0
-0
-0
-0
-0
-0
-0
-0
-0
-0
-0
-0
-0
-0
-0
-0
-0
-0
-0
-0
-0
-0
-0
-0
-0
-0
-0
-0
-0
-0
-0
-0
-0
-0
0
0
0
0
0
0
0
0
0
0
0
0
0
0
0
0
0
0
0
0
0
0
0
0
0
0
0
0
0
0
0
0
0
0
0
0
0
0
0
0
0
0
0
0
0
0
0
0
0
0
-0
-0
-0
-0
-0
-0
-0
-0
-0
-0
-0
-0
-0
-0
-0
-0
-0
-0
-0
-0
-0
-0
-0
-0
-0
-0
-0
-0
-0
-0
-0
-0
-0
-0
-0
-0
-0
-0
-0
-0
-0
-0
-0
-0
-0
-0
-0
-0
-0
-0
0
0
0
0
0
0
0
0
0
0
0
0
0
0
0
0
0
0
0
0
0
0
0
0
0
0
0
0
0
0
0
0
0
0
0
0
0
0
0
0
0
0
0
0
0
0
0
0
0
-0
-0
-0
-0
-0
-0
-0
-0
-0
-0
-0
-0
-0
-0
-0
-0
-0
-0
-0
-0
-0
-0
-0
-0
-0
-0
-0
-0
-0
-0
-0
-0
-0
-0
-0
-0
-0
-0
-0
-0
-0
-0
-0
-0
-0
-0
-0
-0
-0
-0
-0
0
0
0
0
0
0
0
0
0
0
0
0
0
0
0
0
0
0
0
0
0
0
0
0
0
0
0
0
0
0
0
0
0
0
0
0
0
0
0
0
0
0
0
0
0
0
0
0
0
-0
-0
-0
-0
-0
-0
-0
-0
-0
-0
-0
-0
-0
-0
-0
-0
-0
-0
-0
-0
-0
-0
-0
-0
-0
-0
-0
-0
-0
-0
-0
-0
-0
-0
-0
-0
-0
-0
-0
-0
-0
-0
-0
-0
-0
-0
-0
-0
-0
-0
-0
0
0
0
0
0
0
0
0
0
0
0
0
0
0
0
0
0
0
0
0
0
0
0
0
0
0
0
0
0
0
0
0
0
0
0
0
0
0
0
0
0
0
0
0
0
0
0
0
0
-0
