-0
-0
-0
-0
-0
-0
-0
-0
-0
-0
-0
-0
-0
-0
-0
-0
-0
-0
-0
-0
-0
-0
-0
-0
-0
-0
-0
-0
-0
-0
-0
-0
-0
-0
-0
-0
-0
-0
-0
-0
-0
-0
-0
-0
-0
-0
-0
-0
-0
-0
-0
0
0
0
0
0
0
0
0
0
0
0
0
0
0
0
0
0
0
0
0
0
0
0
0
0
0
0
0
0
0
0
0
0
0
0
0
0
0
0
0
0
0
0
0
0
0
0
0
0
0
-0
-0
-0
-0
-0
-0
-0
-0
-0
-0
-0
-0
-0
-0
-0
-0
-0
-0
-0
-0
-0
-0
-0
-0
-0
-0
-0
-0
-0
-0
-0
-0
-0
-0
-0
-0
-0
-0
-0
-0
-0
-0
-0
-0
-0
-0
-0
-0
-0
-0
0
0
0
0
0
0
0
0
0
0
0
0
0
0
0
0
0
0
0
0
0
0
0
0
0
0
0
0
0
0
0
0
0
0
0
0
0
0
0
0
0
0
0
0
0
0
0
0
0
0
-0
-0
-0
-0
-0
-0
-0
-0
-0
-0
-0
-0
-0
-0
-0
-0
-0
-0
-0
-0
-0
-0
-0
-0
-0
-0
-0
-0
-0
-0
-0
-0
-0
-0
-0
-0
-0
-0
-0
-0
-0
-0
-0
-0
-0
-0
-0
-0
-0
-0
0
0
0
0
0
0
0
0
0
0
0
0
0
0
0
0
0
0
0
0
0
0
0
0
0
0
0
0
0
0
0
0
0
0
0
0
0
0
0
0
0
0
0
0
0
0
0
0
0
0
-0
-0
-0
-0
-0
-0
-0
-0
-0
-0
-0
-0
-0
-0
-0
-0
-0
-0
-0
-0
-0
-0
-0
-0
-0
-0
-0
-0
-0
-0
-0
-0
-0
-0
-0
-0
-0
-0
-0
-0
-0
-0
-0
-0
-0
-0
-0
-0
-0
0
0
0
0
0
0
0
0
0
0
0
0
0
0
0
0
0
0
0
0
0
0
0
0
0
0
0
0
0
0
0
0
0
0
0
0
0
0
0
0
0
0
0
0
0
0
0
0
0
0
0
-0
-0
-0
-0
-0
-0
-0
-0
-0
-0
-0
-0
-0
-0
-0
-0
-0
-0
-0
-0
-0
-0
-0
-0
-0
-0
-0
-0
-0
-0
-0
-0
-0
-0
-0
-0
-0
-0
-0
-0
-0
-0
-0
-0
-0
-0
-0
-0
-0
-0
0
0
0
0
0
0
0
0
0
0
0
0
0
0
0
0
0
0
0
0
0
0
0
0
0
0
0
0
0
0
0
0
0
0
0
0
0
0
0
0
0
0
0
0
0
0
0
0
0
0
-0
-0
-0
-0
-0
-0
-0
-0
-0
-0
-0
-0
-0
-0
-0
-0
-0
-0
-0
-0
-0
-0
-0
-0
-0
-0
-0
-0
-0
-0
-0
-0
-0
-0
-0
-0
-0
-0
-0
-0
-0
-0
-0
-0
-0
-0
-0
-0
-0
0
0
0
0
0
0
0
0
0
0
0
0
0
0
0
0
0
0
0
0
0
0
0
0
0
0
0
0
0
0
0
0
0
0
0
0
0
0
0
0
0
0
0
0
0
0
0
0
0
0
0
-0
-0
-0
-0
-0
-0
-0
-0
-0
-0
-0
-0
-0
-0
-0
-0
-0
-0
-0
-0
-0
-0
-0
-0
-0
-0
-0
-0
-0
-0
-0
-0
-0
-0
-0
-0
-0
-0
-0
-0
-0
-0
-0
-0
-0
-0
-0
-0
-0
0
0
0
0
0
0
0
0
0
0
0
0
0
0
0
0
0
0
0
0
0
0
0
0
0
0
0
0
0
0
0
0
0
0
0
0
0
0
0
0
0
0
0
0
0
0
0
0
0
0
-0
-0
-0
-0
-0
-0
-0
-0
-0
-0
-0
-0
-0
-0
-0
-0
-0
-0
-0
-0
-0
-0
-0
-0
-0
-0
-0
-0
-0
-0
-0
-0
-0
-0
-0
-0
-0
-0
-0
-0
-0
-0
-0
-0
-0
-0
-0
-0
-0
-0
-0
0
0
0
0
0
0
0
0
0
0
0
0
0
0
0
0
0
0
0
0
0
0
0
0
0
0
0
0
0
0
0
0
0
0
0
0
0
0
0
0
0
0
0
0
0
0
0
0
0
0
-0
-0
-0
-0
-0
-0
-0
-0
-0
-0
-0
-0
-0
-0
-0
-0
-0
-0
-0
-0
-0
-0
-0
-0
-0
-0
-0
-0
-0
-0
-0
-0
-0
-0
-0
-0
-0
-0
-0
-0
-0
-0
-0
-0
-0
-0
-0
-0
-0
-0
0
0
0
0
0
0
0
0
0
0
0
0
0
0
0
0
0
0
0
0
0
0
0
0
0
0
0
0
0
0
0
0
0
0
0
0
0
0
0
0
0
0
0
0
0
0
0
0
0
0
-0
-0
-0
-0
-0
-0
-0
-0
-0
-0
-0
-0
-0
-0
-0
-0
-0
-0
-0
-0
-0
-0
-0
-0
-0
-0
-0
-0
-0
-0
-0
-0
-0
-0
-0
-0
-0
-0
-0
-0
-0
-0
-0
-0
-0
-0
-0
-0
-0
0
0
0
0
0
0
0
0
0
0
0
0
0
0
0
0
0
0
0
0
0
0
0
0
0
0
0
0
0
0
0
0
0
0
0
0
0
0
0
0
0
0
0
0
0
0
0
0
0
0
0
-0
-0
-0
-0
-0
-0
-0
-0
-0
-0
-0
-0
-0
-0
-0
-0
-0
-0
-0
-0
-0
-0
-0
-0
-0
-0
-0
-0
-0
-0
-0
-0
-0
-0
-0
-0
-0
-0
-0
-0
-0
-0
-0
-0
-0
-0
-0
-0
-0
0
0
0
0
0
0
0
0
0
0
0
0
0
0
0
0
0
0
0
0
0
0
0
0
0
0
0
0
0
0
0
0
0
0
0
0
0
0
0
0
0
0
0
0
0
0
0
0
0
0
-0
-0
-0
-0
-0
-0
-0
-0
-0
-0
-0
-0
-0
-0
-0
-0
-0
-0
-0
-0
-0
-0
-0
-0
-0
-0
-0
-0
-0
-0
-0
-0
-0
-0
-0
-0
-0
-0
-0
-0
-0
-0
-0
-0
-0
-0
-0
-0
-0
-0
0
0
0
0
0
0
0
0
0
0
0
0
0
0
0
0
0
0
0
0
0
0
0
0
0
0
0
0
0
0
0
0
0
0
0
0
0
0
0
0
0
0
0
0
0
0
0
0
0
0
0
-0
-0
-0
-0
-0
-0
-0
-0
-0
-0
-0
-0
-0
-0
-0
-0
-0
-0
-0
-0
-0
-0
-0
-0
-0
-0
-0
-0
-0
-0
-0
-0
-0
-0
-0
-0
-0
-0
-0
-0
-0
-0
-0
-0
-0
-0
-0
-0
-0
0
0
0
0
0
0
0
0
0
0
0
0
0
0
0
0
0
0
0
0
0
0
0
0
0
0
0
0
0
0
0
0
0
0
0
0
0
0
0
0
0
0
0
0
0
0
0
0
0
0
-0
-0
-0
-0
-0
-0
-0
-0
-0
-0
-0
-0
-0
-0
-0
-0
-0
-0
-0
-0
-0
-0
-0
-0
-0
-0
-0
-0
-0
-0
-0
-0
-0
-0
-0
-0
-0
-0
-0
-0
-0
-0
-0
-0
-0
-0
-0
-0
-0
-0
0
0
0
0
0
0
0
0
0
0
0
0
0
0
0
0
0
0
0
0
0
0
0
0
0
0
0
0
0
0
0
0
0
0
0
0
0
0
0
0
0
0
0
0
0
0
0
0
0
0
-0
-0
-0
-0
-0
-0
-0
-0
-0
-0
-0
-0
-0
-0
-0
-0
-0
-0
-0
-0
-0
-0
-0
-0
-0
-0
-0
-0
-0
-0
-0
-0
-0
-0
-0
-0
-0
-0
-0
-0
-0
-0
-0
-0
-0
-0
-0
-0
-0
-0
0
0
0
0
0
0
0
0
0
0
0
0
0
0
0
0
0
0
0
0
0
0
0
0
0
0
0
0
0
0
0
0
0
0
0
0
0
0
0
0
0
0
0
0
0
0
0
0
0
0
0
-0
-0
-0
-0
-0
-0
-0
-0
-0
-0
-0
-0
-0
-0
-0
-0
-0
-0
-0
-0
-0
-0
-0
-0
-0
-0
-0
-0
-0
-0
-0
-0
-0
-0
-0
-0
-0
-0
-0
-0
-0
-0
-0
-0
-0
-0
-0
-0
-0
-0
0
0
0
0
0
0
0
0
0
0
0
0
0
0
0
0
0
0
0
0
0
0
0
0
0
0
0
0
0
0
0
0
0
0
0
0
0
0
0
0
0
0
0
0
0
0
0
0
0
0
-0
-0
-0
-0
-0
-0
-0
-0
-0
-0
-0
-0
-0
-0
-0
-0
-0
-0
-0
-0
-0
-0
-0
-0
-0
-0
-0
-0
-0
-0
-0
-0
-0
-0
-0
-0
-0
-0
-0
-0
-0
-0
-0
-0
-0
-0
-0
-0
-0
-0
0
0
0
0
0
0
0
0
0
0
0
0
0
0
0
0
0
0
0
0
0
0
0
0
0
0
0
0
0
0
0
0
0
0
0
0
0
0
0
0
0
0
0
0
0
0
0
0
0
0
-0
-0
-0
-0
-0
-0
-0
-0
-0
-0
-0
-0
-0
-0
-0
-0
-0
-0
-0
-0
-0
-0
-0
-0
-0
-0
-0
-0
-0
-0
-0
-0
-0
-0
-0
-0
-0
-0
-0
-0
-0
-0
-0
-0
-0
-0
-0
-0
-0
-0
0
0
0
0
0
0
0
0
0
0
0
0
0
0
0
0
0
0
0
0
0
0
0
0
0
0
0
0
0
0
0
0
0
0
0
0
0
0
0
0
0
0
0
0
0
0
0
0
0
0
-0
-0
-0
-0
-0
-0
-0
-0
-0
-0
-0
-0
-0
-0
-0
-0
-0
-0
-0
-0
-0
-0
-0
-0
-0
-0
-0
-0
-0
-0
-0
-0
-0
-0
-0
-0
-0
-0
-0
-0
-0
-0
-0
-0
-0
-0
-0
-0
-0
-0
0
0
0
0
0
0
0
0
0
0
0
0
0
0
0
0
0
0
0
0
0
0
0
0
0
0
0
0
0
0
0
0
0
0
0
0
0
0
0
0
0
0
0
0
0
0
0
0
0
-0
-0
-0
-0
-0
-0
-0
-0
-0
-0
-0
-0
-0
-0
-0
-0
-0
-0
-0
-0
-0
-0
-0
-0
-0
-0
-0
-0
-0
-0
-0
-0
-0
-0
-0
-0
-0
-0
-0
-0
-0
-0
-0
-0
-0
-0
-0
-0
-0
-0
-0
0
0
0
0
0
0
0
0
0
0
0
0
0
0
0
0
0
0
0
0
0
0
0
0
0
0
0
0
0
0
0
0
0
0
0
0
0
0
0
0
0
0
0
0
0
0
0
0
0
0
-1.9073e-08
-7.614e-08
-1.7075e-07
-3.0216e-07
-4.6932e-07
-6.7091e-07
-9.0531e-07
-1.1707e-06
-1.4648e-06
-1.7854e-06
-2.1298e-06
-2.4952e-06
-2.8785e-06
-3.2766e-06
-3.6861e-06
-4.1034e-06
-4.525e-06
-4.9471e-06
-5.366e-06
-5.7777e-06
-6.1783e-06
-6.5641e-06
-6.9312e-06
-7.2756e-06
-7.5938e-06
-7.8819e-06
-8.1366e-06
-8.3544e-06
-8.532e-06
-8.6665e-06
-8.755e-06
-8.7949e-06
-8.7839e-06
-8.7198e-06
-8.6009e-06
-8.4256e-06
-8.1927e-06
-7.9014e-06
-7.5511e-06
-7.1416e-06
-6.6731e-06
-6.146e-06
-5.5612e-06
-4.92e-06
-4.2239e-06
-3.4748e-06
-2.6751e-06
-1.8274e-06
-9.3456e-07
-2.3813e-19
9.727e-07
1.9796e-06
3.0166e-06
4.0791e-06
5.1625e-06
6.2618e-06
7.3718e-06
8.4873e-06
9.6027e-06
1.0712e-05
1.1811e-05
1.2892e-05
1.395e-05
1.4979e-05
1.5973e-05
1.6927e-05
1.7834e-05
1.8689e-05
1.9487e-05
2.0222e-05
2.0889e-05
2.1483e-05
2.1999e-05
2.2433e-05
2.2781e-05
2.3039e-05
2.3204e-05
2.3273e-05
2.3242e-05
2.3111e-05
2.2876e-05
2.2537e-05
2.2093e-05
2.1543e-05
2.0888e-05
2.0128e-05
1.9264e-05
1.8298e-05
1.7232e-05
1.6069e-05
1.4811e-05
1.3463e-05
1.2028e-05
1.0511e-05
8.9171e-06
7.2518e-06
5.521e-06
3.7309e-06
1.8882e-06
-5.9593e-20
-1.9263e-06
-3.8831e-06
-5.8625e-06
-7.8561e-06
-9.8557e-06
-1.1853e-05
-1.3838e-05
-1.5804e-05
-1.7741e-05
-1.9639e-05
-2.1492e-05
-2.3288e-05
-2.5021e-05
-2.6681e-05
-2.826e-05
-2.975e-05
-3.1143e-05
-3.2431e-05
-3.3608e-05
-3.4666e-05
-3.5599e-05
-3.6401e-05
-3.7067e-05
-3.7591e-05
-3.7969e-05
-3.8197e-05
-3.8272e-05
-3.8191e-05
-3.7953e-05
-3.7555e-05
-3.6997e-05
-3.6279e-05
-3.5402e-05
-3.4366e-05
-3.3175e-05
-3.183e-05
-3.0335e-05
-2.8695e-05
-2.6913e-05
-2.4996e-05
-2.2949e-05
-2.0779e-05
-1.8494e-05
-1.6102e-05
-1.361e-05
-1.1029e-05
-8.3668e-06
-5.6344e-06
-2.8418e-06
-4.018e-19
2.88e-06
5.7866e-06
8.7083e-06
1.1633e-05
1.4549e-05
1.7444e-05
2.0305e-05
2.3121e-05
2.5878e-05
2.8566e-05
3.1172e-05
3.3685e-05
3.6092e-05
3.8383e-05
4.0547e-05
4.2573e-05
4.4452e-05
4.6173e-05
4.7729e-05
4.911e-05
5.0309e-05
5.132e-05
5.2134e-05
5.2748e-05
5.3156e-05
5.3355e-05
5.334e-05
5.311e-05
5.2663e-05
5.1999e-05
5.1118e-05
5.0021e-05
4.8711e-05
4.7189e-05
4.5462e-05
4.3532e-05
4.1406e-05
3.9091e-05
3.6594e-05
3.3923e-05
3.1087e-05
2.8096e-05
2.4961e-05
2.1693e-05
1.8303e-05
1.4806e-05
1.1213e-05
7.5379e-06
3.7955e-06
-5.3596e-19
-3.8336e-06
-7.6901e-06
-1.1554e-05
-1.541e-05
-1.9242e-05
-2.3034e-05
-2.6771e-05
-3.0437e-05
-3.4016e-05
-3.7493e-05
-4.0853e-05
-4.4081e-05
-4.7163e-05
-5.0085e-05
-5.2834e-05
-5.5396e-05
-5.7761e-05
-5.9915e-05
-6.185e-05
-6.3554e-05
-6.502e-05
-6.6238e-05
-6.7202e-05
-6.7906e-05
-6.8344e-05
-6.8512e-05
-6.8408e-05
-6.8028e-05
-6.7373e-05
-6.6443e-05
-6.5239e-05
-6.3763e-05
-6.202e-05
-6.0013e-05
-5.7749e-05
-5.5234e-05
-5.2478e-05
-4.9488e-05
-4.6275e-05
-4.285e-05
-3.9225e-05
-3.5413e-05
-3.1427e-05
-2.7284e-05
-2.2997e-05
-1.8583e-05
-1.4059e-05
-9.4414e-06
-4.7491e-06
-1.487e-19
4.7872e-06
9.5936e-06
1.44e-05
1.9187e-05
2.3935e-05
2.8625e-05
3.3238e-05
3.7754e-05
4.2154e-05
4.642e-05
5.0534e-05
5.4478e-05
5.8235e-05
6.1787e-05
6.5121e-05
6.822e-05
7.107e-05
7.3657e-05
7.5971e-05
7.7999e-05
7.973e-05
8.1157e-05
8.227e-05
8.3063e-05
8.3531e-05
8.367e-05
8.3475e-05
8.2947e-05
8.2084e-05
8.0887e-05
7.936e-05
7.7505e-05
7.5328e-05
7.2836e-05
7.0036e-05
6.6936e-05
6.3549e-05
5.9884e-05
5.5955e-05
5.1777e-05
4.7362e-05
4.2729e-05
3.7894e-05
3.2874e-05
2.769e-05
2.236e-05
1.6904e-05
1.1345e-05
5.7027e-06
-1.4291e-18
-5.7409e-06
-1.1497e-05
-1.7246e-05
-2.2964e-05
-2.8628e-05
-3.4216e-05
-3.9704e-05
-4.507e-05
-5.0292e-05
-5.5347e-05
-6.0215e-05
-6.4875e-05
-6.9306e-05
-7.349e-05
-7.7408e-05
-8.1043e-05
-8.4378e-05
-8.74e-05
-9.0092e-05
-9.2443e-05
-9.444e-05
-9.6075e-05
-9.7338e-05
-9.8221e-05
-9.8719e-05
-9.8827e-05
-9.8543e-05
-9.7865e-05
-9.6794e-05
-9.5332e-05
-9.3481e-05
-9.1247e-05
-8.8637e-05
-8.5659e-05
-8.2323e-05
-7.8639e-05
-7.462e-05
-7.0281e-05
-6.5636e-05
-6.0704e-05
-5.55e-05
-5.0046e-05
-4.436e-05
-3.8465e-05
-3.2383e-05
-2.6137e-05
-1.975e-05
-1.3248e-05
-6.6563e-06
5.2118e-19
6.6945e-06
1.3401e-05
2.0092e-05
2.6741e-05
3.3322e-05
3.9807e-05
4.6171e-05
5.2387e-05
5.843e-05
6.4274e-05
6.9896e-05
7.5271e-05
8.0377e-05
8.5192e-05
8.9695e-05
9.3866e-05
9.7687e-05
0.00010114
0.00010421
0.00010689
0.00010915
0.00011099
0.00011241
0.00011338
0.00011391
0.00011398
0.00011361
0.00011278
0.0001115
0.00010978
0.0001076
0.00010499
0.00010195
9.8482e-05
9.4609e-05
9.0341e-05
8.5691e-05
8.0677e-05
7.5317e-05
6.9631e-05
6.3638e-05
5.7362e-05
5.0827e-05
4.4056e-05
3.7076e-05
2.9914e-05
2.2596e-05
1.5152e-05
7.61e-06
7.1421e-19
-7.6481e-06
-1.5304e-05
-2.2938e-05
-3.0518e-05
-3.8015e-05
-4.5398e-05
-5.2637e-05
-5.9704e-05
-6.6568e-05
-7.3201e-05
-7.9577e-05
-8.5668e-05
-9.1448e-05
-9.6894e-05
-0.00010198
-0.00010669
-0.000111
-0.00011488
-0.00011833
-0.00012133
-0.00012386
-0.00012591
-0.00012747
-0.00012854
-0.00012909
-0.00012914
-0.00012868
-0.0001277
-0.00012621
-0.00012422
-0.00012172
-0.00011873
-0.00011526
-0.00011131
-0.0001069
-0.00010204
-9.6762e-05
-9.1074e-05
-8.4998e-05
-7.8557e-05
-7.1776e-05
-6.4679e-05
-5.7293e-05
-4.9647e-05
-4.1769e-05
-3.3691e-05
-2.5442e-05
-1.7055e-05
-8.5636e-06
1.6078e-18
8.6018e-06
1.7208e-05
2.5783e-05
3.4295e-05
4.2708e-05
5.0989e-05
5.9104e-05
6.702e-05
7.4706e-05
8.2128e-05
8.9258e-05
9.6064e-05
0.00010252
0.0001086
0.00011427
0.00011951
0.00012431
0.00012863
0.00013245
0.00013578
0.00013857
0.00014083
0.00014254
0.00014369
0.00014428
0.0001443
0.00014375
0.00014262
0.00014093
0.00013866
0.00013584
0.00013247
0.00012856
0.00012413
0.00011918
0.00011375
0.00010783
0.00010147
9.4679e-05
8.7484e-05
7.9914e-05
7.1996e-05
6.376e-05
5.5238e-05
4.6463e-05
3.7468e-05
2.8288e-05
1.8959e-05
9.5172e-06
-1.4887e-19
-9.4982e-06
-1.8921e-05
-2.8231e-05
-3.7392e-05
-4.6369e-05
-5.5126e-05
-6.3631e-05
-7.1849e-05
-7.9751e-05
-8.7306e-05
-9.4485e-05
-0.00010126
-0.00010761
-0.00011351
-0.00011894
-0.00012387
-0.0001283
-0.0001322
-0.00013556
-0.00013838
-0.00014063
-0.00014232
-0.00014344
-0.000144
-0.00014398
-0.00014339
-0.00014224
-0.00014053
-0.00013828
-0.00013549
-0.00013217
-0.00012835
-0.00012404
-0.00011926
-0.00011402
-0.00010836
-0.0001023
-9.5856e-05
-8.9064e-05
-8.195e-05
-7.4543e-05
-6.6874e-05
-5.8975e-05
-5.0877e-05
-4.2614e-05
-3.4219e-05
-2.5727e-05
-1.717e-05
-8.5827e-06
2.5399e-18
8.5445e-06
1.7017e-05
2.5385e-05
3.3615e-05
4.1676e-05
4.9535e-05
5.7164e-05
6.4533e-05
7.1613e-05
7.8379e-05
8.4804e-05
9.0866e-05
9.6541e-05
0.00010181
0.00010665
0.00011105
0.00011499
0.00011846
0.00012144
0.00012393
0.00012592
0.0001274
0.00012838
0.00012884
0.00012879
0.00012823
0.00012717
0.00012561
0.00012357
0.00012104
0.00011805
0.00011461
0.00011073
0.00010643
0.00010174
9.666e-05
9.1227e-05
8.546e-05
7.9383e-05
7.3023e-05
6.6405e-05
5.9557e-05
5.2508e-05
4.5286e-05
3.7921e-05
3.0442e-05
2.2881e-05
1.5266e-05
7.629e-06
-9.505e-19
-7.5909e-06
-1.5114e-05
-2.2539e-05
-2.9838e-05
-3.6982e-05
-4.3944e-05
-5.0698e-05
-5.7216e-05
-6.3475e-05
-6.9452e-05
-7.5124e-05
-8.0469e-05
-8.547e-05
-9.0107e-05
-9.4364e-05
-9.8226e-05
-0.00010168
-0.00010471
-0.00010732
-0.00010949
-0.00011121
-0.00011249
-0.00011331
-0.00011368
-0.0001136
-0.00011308
-0.0001121
-0.0001107
-0.00010886
-0.0001066
-0.00010393
-0.00010087
-9.7421e-05
-9.361e-05
-8.9449e-05
-8.4958e-05
-8.0156e-05
-7.5063e-05
-6.9702e-05
-6.4096e-05
-5.8267e-05
-5.2241e-05
-4.6042e-05
-3.9695e-05
-3.3228e-05
-2.6665e-05
-2.0035e-05
-1.3363e-05
-6.6754e-06
-3.1144e-19
6.6373e-06
1.321e-05
1.9693e-05
2.6061e-05
3.2289e-05
3.8354e-05
4.4231e-05
4.9899e-05
5.5338e-05
6.0525e-05
6.5443e-05
7.0073e-05
7.4399e-05
7.8405e-05
8.2077e-05
8.5403e-05
8.8371e-05
9.0972e-05
9.3198e-05
9.5043e-05
9.65e-05
9.7567e-05
9.8242e-05
9.8524e-05
9.8415e-05
9.7918e-05
9.7036e-05
9.5777e-05
9.4146e-05
9.2154e-05
8.9809e-05
8.7125e-05
8.4112e-05
8.0786e-05
7.7162e-05
7.3256e-05
6.9084e-05
6.4667e-05
6.0021e-05
5.5169e-05
5.0129e-05
4.4924e-05
3.9575e-05
3.4104e-05
2.8535e-05
2.2888e-05
1.7189e-05
1.1459e-05
5.7218e-06
-1.3354e-18
-5.6836e-06
-1.1307e-05
-1.6847e-05
-2.2284e-05
-2.7596e-05
-3.2763e-05
-3.7764e-05
-4.2583e-05
-4.72e-05
-5.1598e-05
-5.5762e-05
-5.9676e-05
-6.3327e-05
-6.6702e-05
-6.979e-05
-7.2579e-05
-7.5062e-05
-7.723e-05
-7.9077e-05
-8.0598e-05
-8.179e-05
-8.2648e-05
-8.3174e-05
-8.3366e-05
-8.3228e-05
-8.276e-05
-8.1969e-05
-8.0858e-05
-7.9436e-05
-7.771e-05
-7.5688e-05
-7.3383e-05
-7.0803e-05
-6.7963e-05
-6.4875e-05
-6.1553e-05
-5.8013e-05
-5.427e-05
-5.0341e-05
-4.6242e-05
-4.1991e-05
-3.7607e-05
-3.3109e-05
-2.8514e-05
-2.3841e-05
-1.9112e-05
-1.4343e-05
-9.5556e-06
-4.7682e-06
2.9668e-19
4.73e-06
9.4033e-06
1.4002e-05
1.8507e-05
2.2903e-05
2.7172e-05
3.1298e-05
3.5266e-05
3.9062e-05
4.2671e-05
4.6081e-05
4.928e-05
5.2256e-05
5.5e-05
5.7503e-05
5.9756e-05
6.1753e-05
6.3488e-05
6.4957e-05
6.6154e-05
6.7079e-05
6.773e-05
6.8106e-05
6.8209e-05
6.804e-05
6.7603e-05
6.6901e-05
6.594e-05
6.4726e-05
6.3265e-05
6.1567e-05
5.9641e-05
5.7494e-05
5.514e-05
5.2588e-05
4.9851e-05
4.6942e-05
4.3873e-05
4.066e-05
3.7315e-05
3.3854e-05
3.0291e-05
2.6642e-05
2.2923e-05
1.9148e-05
1.5335e-05
1.1497e-05
7.6521e-06
3.8145e-06
-1.3034e-18
-3.7764e-06
-7.4998e-06
-1.1156e-05
-1.473e-05
-1.821e-05
-2.1581e-05
-2.4831e-05
-2.795e-05
-3.0924e-05
-3.3744e-05
-3.64e-05
-3.8883e-05
-4.1185e-05
-4.3298e-05
-4.5216e-05
-4.6933e-05
-4.8444e-05
-4.9746e-05
-5.0836e-05
-5.171e-05
-5.2369e-05
-5.2811e-05
-5.3038e-05
-5.3051e-05
-5.2853e-05
-5.2445e-05
-5.1833e-05
-5.1021e-05
-5.0015e-05
-4.8821e-05
-4.7446e-05
-4.5898e-05
-4.4186e-05
-4.2317e-05
-4.0301e-05
-3.8149e-05
-3.5871e-05
-3.3477e-05
-3.0979e-05
-2.8388e-05
-2.5716e-05
-2.2974e-05
-2.0176e-05
-1.7332e-05
-1.4455e-05
-1.1558e-05
-8.6514e-06
-5.7486e-06
-2.8609e-06
4.8803e-19
2.8227e-06
5.5963e-06
8.3099e-06
1.0953e-05
1.3516e-05
1.599e-05
1.8365e-05
2.0633e-05
2.2786e-05
2.4817e-05
2.6719e-05
2.8487e-05
3.0114e-05
3.1596e-05
3.2929e-05
3.411e-05
3.5136e-05
3.6004e-05
3.6715e-05
3.7266e-05
3.7659e-05
3.7893e-05
3.7971e-05
3.7894e-05
3.7665e-05
3.7288e-05
3.6765e-05
3.6103e-05
3.5305e-05
3.4377e-05
3.3326e-05
3.2156e-05
3.0877e-05
2.9493e-05
2.8014e-05
2.6447e-05
2.48e-05
2.308e-05
2.1298e-05
1.9461e-05
1.7578e-05
1.5658e-05
1.3709e-05
1.1741e-05
9.7618e-06
7.7806e-06
5.8055e-06
3.8451e-06
1.9073e-06
-7.4454e-23
-1.8691e-06
-3.6928e-06
-5.464e-06
-7.1763e-06
-8.8232e-06
-1.0399e-05
-1.1898e-05
-1.3316e-05
-1.4648e-05
-1.589e-05
-1.7038e-05
-1.809e-05
-1.9042e-05
-1.9894e-05
-2.0642e-05
-2.1287e-05
-2.1827e-05
-2.2262e-05
-2.2594e-05
-2.2822e-05
-2.2948e-05
-2.2974e-05
-2.2903e-05
-2.2736e-05
-2.2478e-05
-2.213e-05
-2.1698e-05
-2.1184e-05
-2.0594e-05
-1.9933e-05
-1.9205e-05
-1.8414e-05
-1.7568e-05
-1.667e-05
-1.5727e-05
-1.4745e-05
-1.3728e-05
-1.2684e-05
-1.1617e-05
-1.0534e-05
-9.4399e-06
-8.341e-06
-7.2425e-06
-6.15e-06
-5.0687e-06
-4.0036e-06
-2.9597e-06
-1.9416e-06
-9.5363e-07
2.626e-19
9.1549e-07
1.7893e-06
2.6182e-06
3.3993e-06
4.13e-06
4.8082e-06
5.4319e-06
5.9996e-06
6.5103e-06
6.9631e-06
7.3575e-06
7.6935e-06
7.9713e-06
8.1915e-06
8.3551e-06
8.4633e-06
8.5177e-06
8.5201e-06
8.4726e-06
8.3776e-06
8.2378e-06
8.056e-06
7.8352e-06
7.5788e-06
7.29e-06
6.9725e-06
6.6298e-06
6.2658e-06
5.8841e-06
5.4888e-06
5.0836e-06
4.6723e-06
4.2589e-06
3.847e-06
3.4403e-06
3.0426e-06
2.6571e-06
2.2872e-06
1.9362e-06
1.6069e-06
1.3021e-06
1.0243e-06
7.7598e-07
5.5909e-07
3.7546e-07
2.2662e-07
1.1383e-07
3.807e-08
0
0
-0
-0
-0
-0
-0
-0
-0
-0
-0
-0
-0
-0
-0
-0
-0
-0
-0
-0
-0
-0
-0
-0
-0
-0
-0
-0
-0
-0
-0
-0
-0
-0
-0
-0
-0
-0
-0
-0
-0
-0
-0
-0
-0
-0
-0
-0
-0
-0
-0
-0
0
0
0
0
0
0
0
0
0
0
0
0
0
0
0
0
0
0
0
0
0
0
0
0
0
0
0
0
0
0
0
0
0
0
0
0
0
0
0
0
0
0
0
0
0
0
0
0
0
0
-0
-0
-0
-0
-0
-0
-0
-0
-0
-0
-0
-0
-0
-0
-0
-0
-0
-0
-0
-0
-0
-0
-0
-0
-0
-0
-0
-0
-0
-0
-0
-0
-0
-0
-0
-0
-0
-0
-0
-0
-0
-0
-0
-0
-0
-0
-0
-0
-0
-0
0
0
0
0
0
0
0
0
0
0
0
0
0
0
0
0
0
0
0
0
0
0
0
0
0
0
0
0
0
0
0
0
0
0
0
0
0
0
0
0
0
0
0
0
0
0
0
0
0
0
-0
-0
-0
-0
-0
-0
-0
-0
-0
-0
-0
-0
-0
-0
-0
-0
-0
-0
-0
-0
-0
-0
-0
-0
-0
-0
-0
-0
-0
-0
-0
-0
-0
-0
-0
-0
-0
-0
-0
-0
-0
-0
-0
-0
-0
-0
-0
-0
-0
-0
0
0
0
0
0
0
0
0
0
0
0
0
0
0
0
0
0
0
0
0
0
0
0
0
0
0
0
0
0
0
0
0
0
0
0
0
0
0
0
0
0
0
0
0
0
0
0
0
0
0
-0
-0
-0
-0
-0
-0
-0
-0
-0
-0
-0
-0
-0
-0
-0
-0
-0
-0
-0
-0
-0
-0
-0
-0
-0
-0
-0
-0
-0
-0
-0
-0
-0
-0
-0
-0
-0
-0
-0
-0
-0
-0
-0
-0
-0
-0
-0
-0
-0
-0
0
0
0
0
0
0
0
0
0
0
0
0
0
0
0
0
0
0
0
0
0
0
0
0
0
0
0
0
0
0
0
0
0
0
0
0
0
0
0
0
0
0
0
0
0
0
0
0
0
0
-0
-0
-0
-0
-0
-0
-0
-0
-0
-0
-0
-0
-0
-0
-0
-0
-0
-0
-0
-0
-0
-0
-0
-0
-0
-0
-0
-0
-0
-0
-0
-0
-0
-0
-0
-0
-0
-0
-0
-0
-0
-0
-0
-0
-0
-0
-0
-0
-0
-0
0
0
0
0
0
0
0
0
0
0
0
0
0
0
0
0
0
0
0
0
0
0
0
0
0
0
0
0
0
0
0
0
0
0
0
0
0
0
0
0
0
0
0
0
0
0
0
0
0
0
-0
-0
-0
-0
-0
-0
-0
-0
-0
-0
-0
-0
-0
-0
-0
-0
-0
-0
-0
-0
-0
-0
-0
-0
-0
-0
-0
-0
-0
-0
-0
-0
-0
-0
-0
-0
-0
-0
-0
-0
-0
-0
-0
-0
-0
-0
-0
-0
-0
0
0
0
0
0
0
0
0
0
0
0
0
0
0
0
0
0
0
0
0
0
0
0
0
0
0
0
0
0
0
0
0
0
0
0
0
0
0
0
0
0
0
0
0
0
0
0
0
0
0
0
-0
-0
-0
-0
-0
-0
-0
-0
-0
-0
-0
-0
-0
-0
-0
-0
-0
-0
-0
-0
-0
-0
-0
-0
-0
-0
-0
-0
-0
-0
-0
-0
-0
-0
-0
-0
-0
-0
-0
-0
-0
-0
-0
-0
-0
-0
-0
-0
-0
-0
0
0
0
0
0
0
0
0
0
0
0
0
0
0
0
0
0
0
0
0
0
0
0
0
0
0
0
0
0
0
0
0
0
0
0
0
0
0
0
0
0
0
0
0
0
0
0
0
0
0
-0
-0
-0
-0
-0
-0
-0
-0
-0
-0
-0
-0
-0
-0
-0
-0
-0
-0
-0
-0
-0
-0
-0
-0
-0
-0
-0
-0
-0
-0
-0
-0
-0
-0
-0
-0
-0
-0
-0
-0
-0
-0
-0
-0
-0
-0
-0
-0
-0
-0
0
0
0
0
0
0
0
0
0
0
0
0
0
0
0
0
0
0
0
0
0
0
0
0
0
0
0
0
0
0
0
0
0
0
0
0
0
0
0
0
0
0
0
0
0
0
0
0
0
-0
-0
-0
-0
-0
-0
-0
-0
-0
-0
-0
-0
-0
-0
-0
-0
-0
-0
-0
-0
-0
-0
-0
-0
-0
-0
-0
-0
-0
-0
-0
-0
-0
-0
-0
-0
-0
-0
-0
-0
-0
-0
-0
-0
-0
-0
-0
-0
-0
-0
-0
0
0
0
0
0
0
0
0
0
0
0
0
0
0
0
0
0
0
0
0
0
0
0
0
0
0
0
0
0
0
0
0
0
0
0
0
0
0
0
0
0
0
0
0
0
0
0
0
0
0
-0
-0
-0
-0
-0
-0
-0
-0
-0
-0
-0
-0
-0
-0
-0
-0
-0
-0
-0
-0
-0
-0
-0
-0
-0
-0
-0
-0
-0
-0
-0
-0
-0
-0
-0
-0
-0
-0
-0
-0
-0
-0
-0
-0
-0
-0
-0
-0
-0
0
0
0
0
0
0
0
0
0
0
0
0
0
0
0
0
0
0
0
0
0
0
0
0
0
0
0
0
0
0
0
0
0
0
0
0
0
0
0
0
0
0
0
0
0
0
0
0
0
0
0
-0
-0
-0
-0
-0
-0
-0
-0
-0
-0
-0
-0
-0
-0
-0
-0
-0
-0
-0
-0
-0
-0
-0
-0
-0
-0
-0
-0
-0
-0
-0
-0
-0
-0
-0
-0
-0
-0
-0
-0
-0
-0
-0
-0
-0
-0
-0
-0
-0
-0
0
0
0
0
0
0
0
0
0
0
0
0
0
0
0
0
0
0
0
0
0
0
0
0
0
0
0
0
0
0
0
0
0
0
0
0
0
0
0
0
0
0
0
0
0
0
0
0
0
0
-0
-0
-0
-0
-0
-0
-0
-0
-0
-0
-0
-0
-0
-0
-0
-0
-0
-0
-0
-0
-0
-0
-0
-0
-0
-0
-0
-0
-0
-0
-0
-0
-0
-0
-0
-0
-0
-0
-0
-0
-0
-0
-0
-0
-0
-0
-0
-0
-0
0
0
0
0
0
0
0
0
0
0
0
0
0
0
0
0
0
0
0
0
0
0
0
0
0
0
0
0
0
0
0
0
0
0
0
0
0
0
0
0
0
0
0
0
0
0
0
0
0
0
-0
-0
-0
-0
-0
-0
-0
-0
-0
-0
-0
-0
-0
-0
-0
-0
-0
-0
-0
-0
-0
-0
-0
-0
-0
-0
-0
-0
-0
-0
-0
-0
-0
-0
-0
-0
-0
-0
-0
-0
-0
-0
-0
-0
-0
-0
-0
-0
-0
-0
-0
0
0
0
0
0
0
0
0
0
0
0
0
0
0
0
0
0
0
0
0
0
0
0
0
0
0
0
0
0
0
0
0
0
0
0
0
0
0
0
0
0
0
0
0
0
0
0
0
0
0
-0
-0
-0
-0
-0
-0
-0
-0
-0
-0
-0
-0
-0
-0
-0
-0
-0
-0
-0
-0
-0
-0
-0
-0
-0
-0
-0
-0
-0
-0
-0
-0
-0
-0
-0
-0
-0
-0
-0
-0
-0
-0
-0
-0
-0
-0
-0
-0
-0
0
0
0
0
0
0
0
0
0
0
0
0
0
0
0
0
0
0
0
0
0
0
0
0
0
0
0
0
0
0
0
0
0
0
0
0
0
0
0
0
0
0
0
0
0
0
0
0
0
0
-0
-0
-0
-0
-0
-0
-0
-0
-0
-0
-0
-0
-0
-0
-0
-0
-0
-0
-0
-0
-0
-0
-0
-0
-0
-0
-0
-0
-0
-0
-0
-0
-0
-0
-0
-0
-0
-0
-0
-0
-0
-0
-0
-0
-0
-0
-0
-0
-0
-0
0
0
0
0
0
0
0
0
0
0
0
0
0
0
0
0
0
0
0
0
0
0
0
0
0
0
0
0
0
0
0
0
0
0
0
0
0
0
0
0
0
0
0
0
0
0
0
0
0
0
0
-0
-0
-0
-0
-0
-0
-0
-0
-0
-0
-0
-0
-0
-0
-0
-0
-0
-0
-0
-0
-0
-0
-0
-0
-0
-0
-0
-0
-0
-0
-0
-0
-0
-0
-0
-0
-0
-0
-0
-0
-0
-0
-0
-0
-0
-0
-0
-0
-0
-0
0
0
0
0
0
0
0
0
0
0
0
0
0
0
0
0
0
0
0
0
0
0
0
0
0
0
0
0
0
0
0
0
0
0
0
0
0
0
0
0
0
0
0
0
0
0
0
0
0
-0
-0
-0
-0
-0
-0
-0
-0
-0
-0
-0
-0
-0
-0
-0
-0
-0
-0
-0
-0
-0
-0
-0
-0
-0
-0
-0
-0
-0
-0
-0
-0
-0
-0
-0
-0
-0
-0
-0
-0
-0
-0
-0
-0
-0
-0
-0
-0
-0
-0
0
0
0
0
0
0
0
0
0
0
0
0
0
0
0
0
0
0
0
0
0
0
0
0
0
0
0
0
0
0
0
0
0
0
0
0
0
0
0
0
0
0
0
0
0
0
0
0
0
0
-0
-0
-0
-0
-0
-0
-0
-0
-0
-0
-0
-0
-0
-0
-0
-0
-0
-0
-0
-0
-0
-0
-0
-0
-0
-0
-0
-0
-0
-0
-0
-0
-0
-0
-0
-0
-0
-0
-0
-0
-0
-0
-0
-0
-0
-0
-0
-0
-0
-0
-0
0
0
0
0
0
0
0
0
0
0
0
0
0
0
0
0
0
0
0
0
0
0
0
0
0
0
0
0
0
0
0
0
0
0
0
0
0
0
0
0
0
0
0
0
0
0
0
0
0
0
-0
-0
-0
-0
-0
-0
-0
-0
-0
-0
-0
-0
-0
-0
-0
-0
-0
-0
-0
-0
-0
-0
-0
-0
-0
-0
-0
-0
-0
-0
-0
-0
-0
-0
-0
-0
-0
-0
-0
-0
-0
-0
-0
-0
-0
-0
-0
-0
-0
0
0
0
0
0
0
0
0
0
0
0
0
0
0
0
0
0
0
0
0
0
0
0
0
0
0
0
0
0
0
0
0
0
0
0
0
0
0
0
0
0
0
0
0
0
0
0
0
0
0
-0
-0
-0
-0
-0
-0
-0
-0
-0
-0
-0
-0
-0
-0
-0
-0
-0
-0
-0
-0
-0
-0
-0
-0
-0
-0
-0
-0
-0
-0
-0
-0
-0
-0
-0
-0
-0
-0
-0
-0
-0
-0
-0
-0
-0
-0
-0
-0
-0
-0
0
0
0
0
0
0
0
0
0
0
0
0
0
0
0
0
0
0
0
0
0
0
0
0
0
0
0
0
0
0
0
0
0
0
0
0
0
0
0
0
0
0
0
0
0
0
0
0
0
0
-0
-0
-0
-0
-0
-0
-0
-0
-0
-0
-0
-0
-0
-0
-0
-0
-0
-0
-0
-0
-0
-0
-0
-0
-0
-0
-0
-0
-0
-0
-0
-0
-0
-0
-0
-0
-0
-0
-0
-0
-0
-0
-0
-0
-0
-0
-0
-0
-0
-0
-0
0
0
0
0
0
0
0
0
0
0
0
0
0
0
0
0
0
0
0
0
0
0
0
0
0
0
0
0
0
0
0
0
0
0
0
0
0
0
0
0
0
0
0
0
0
0
0
0
0
0
-0
-0
-0
-0
-0
-0
-0
-0
-0
-0
-0
-0
-0
-0
-0
-0
-0
-0
-0
-0
-0
-0
-0
-0
-0
-0
-0
-0
-0
-0
-0
-0
-0
-0
-0
-0
-0
-0
-0
-0
-0
-0
-0
-0
-0
-0
-0
-0
-0
-0
0
0
0
0
0
0
0
0
0
0
0
0
0
0
0
0
0
0
0
0
0
0
0
0
0
0
0
0
0
0
0
0
0
0
0
0
0
0
0
0
0
0
0
0
0
0
0
0
0
-0
-0
-0
-0
-0
-0
-0
-0
-0
-0
-0
-0
-0
-0
-0
-0
-0
-0
-0
-0
-0
-0
-0
-0
-0
-0
-0
-0
-0
-0
-0
-0
-0
-0
-0
-0
-0
-0
-0
-0
-0
-0
-0
-0
-0
-0
-0
-0
-0
-0
0
0
0
0
0
0
0
0
0
0
0
0
0
0
0
0
0
0
0
0
0
0
0
0
0
0
0
0
0
0
0
0
0
0
0
0
0
0
0
0
0
0
0
0
0
0
0
0
0
0
0
-0
-0
-0
-0
-0
-0
-0
-0
-0
-0
-0
-0
-0
-0
-0
-0
-0
-0
-0
-0
-0
-0
-0
-0
-0
-0
-0
-0
-0
-0
-0
-0
-0
-0
-0
-0
-0
-0
-0
-0
-0
-0
-0
-0
-0
-0
-0
-0
-0
-0
0
0
0
0
0
0
0
0
0
0
0
0
0
0
0
0
0
0
0
0
0
0
0
0
0
0
0
0
0
0
0
0
0
0
0
0
0
0
0
0
0
0
0
0
0
0
0
0
0
0
-0
-0
-0
-0
-0
-0
-0
-0
-0
-0
-0
-0
-0
-0
-0
-0
-0
-0
-0
-0
-0
-0
-0
-0
-0
-0
-0
-0
-0
-0
-0
-0
-0
-0
-0
-0
-0
-0
-0
-0
-0
-0
-0
-0
-0
-0
-0
-0
-0
0
0
0
0
0
0
0
0
0
0
0
0
0
0
0
0
0
0
0
0
0
0
0
0
0
0
0
0
0
0
0
0
0
0
0
0
0
0
0
0
0
0
0
0
0
0
0
0
0
0
-0
-0
-0
-0
-0
-0
-0
-0
-0
-0
-0
-0
-0
-0
-0
-0
-0
-0
-0
-0
-0
-0
-0
-0
-0
-0
-0
-0
-0
-0
-0
-0
-0
-0
-0
-0
-0
-0
-0
-0
-0
-0
-0
-0
-0
-0
-0
-0
-0
-0
-0
0
0
0
0
0
0
0
0
0
0
0
0
0
0
0
0
0
0
0
0
0
0
0
0
0
0
0
0
0
0
0
0
0
0
0
0
0
0
0
0
0
0
0
0
0
0
0
0
0
0
-0
-0
-0
-0
-0
-0
-0
-0
-0
-0
-0
-0
-0
-0
-0
-0
-0
-0
-0
-0
-0
-0
-0
-0
-0
-0
-0
-0
-0
-0
-0
-0
-0
-0
-0
-0
-0
-0
-0
-0
-0
-0
-0
-0
-0
-0
-0
-0
-0
-0
0
0
0
0
0
0
0
0
0
0
0
0
0
0
0
0
0
0
0
0
0
0
0
0
0
0
0
0
0
0
0
0
0
0
0
0
0
0
0
0
0
0
0
0
0
0
0
0
0
-0
-0
-0
-0
-0
-0
-0
-0
-0
-0
-0
-0
-0
-0
-0
-0
-0
-0
-0
-0
-0
-0
-0
-0
-0
-0
-0
-0
-0
-0
-0
-0
-0
-0
-0
-0
-0
-0
-0
-0
-0
-0
-0
-0
-0
-0
-0
-0
-0
-0
0
0
0
0
0
0
0
0
0
0
0
0
0
0
0
0
0
0
0
0
0
0
0
0
0
0
0
0
0
0
0
0
0
0
0
0
0
0
0
0
0
0
0
0
0
0
0
0
0
0
-0
-1.9073e-08
-7.614e-08
-1.7075e-07
-3.0216e-07
-4.6932e-07
-6.7091e-07
-9.0531e-07
-1.1707e-06
-1.4648e-06
-1.7854e-06
-2.1298e-06
-2.4952e-06
-2.8785e-06
-3.2766e-06
-3.6861e-06
-4.1034e-06
-4.525e-06
-4.9471e-06
-5.366e-06
-5.7777e-06
-6.1783e-06
-6.5641e-06
-6.9312e-06
-7.2756e-06
-7.5938e-06
-7.8819e-06
-8.1366e-06
-8.3544e-06
-8.532e-06
-8.6665e-06
-8.755e-06
-8.7949e-06
-8.7839e-06
-8.7198e-06
-8.6009e-06
-8.4256e-06
-8.1927e-06
-7.9014e-06
-7.5511e-06
-7.1416e-06
-6.6731e-06
-6.146e-06
-5.5612e-06
-4.92e-06
-4.2239e-06
-3.4748e-06
-2.6751e-06
-1.8274e-06
-9.3456e-07
-1.6366e-19
9.727e-07
1.9796e-06
3.0166e-06
4.0791e-06
5.1625e-06
6.2618e-06
7.3718e-06
8.4873e-06
9.6027e-06
1.0712e-05
1.1811e-05
1.2892e-05
1.395e-05
1.4979e-05
1.5973e-05
1.6927e-05
1.7834e-05
1.8689e-05
1.9487e-05
2.0222e-05
2.0889e-05
2.1483e-05
2.1999e-05
2.2433e-05
2.2781e-05
2.3039e-05
2.3204e-05
2.3273e-05
2.3242e-05
2.3111e-05
2.2876e-05
2.2537e-05
2.2093e-05
2.1543e-05
2.0888e-05
2.0128e-05
1.9264e-05
1.8298e-05
1.7232e-05
1.6069e-05
1.4811e-05
1.3463e-05
1.2028e-05
1.0511e-05
8.9171e-06
7.2518e-06
5.521e-06
3.7309e-06
1.8882e-06
-1.0718e-18
-1.9263e-06
-3.8831e-06
-5.8625e-06
-7.8561e-06
-9.8557e-06
-1.1853e-05
-1.3838e-05
-1.5804e-05
-1.7741e-05
-1.9639e-05
-2.1492e-05
-2.3288e-05
-2.5021e-05
-2.6681e-05
-2.826e-05
-2.975e-05
-3.1143e-05
-3.2431e-05
-3.3608e-05
-3.4666e-05
-3.5599e-05
-3.6401e-05
-3.7067e-05
-3.7591e-05
-3.7969e-05
-3.8197e-05
-3.8272e-05
-3.8191e-05
-3.7953e-05
-3.7555e-05
-3.6997e-05
-3.6279e-05
-3.5402e-05
-3.4366e-05
-3.3175e-05
-3.183e-05
-3.0335e-05
-2.8695e-05
-2.6913e-05
-2.4996e-05
-2.2949e-05
-2.0779e-05
-1.8494e-05
-1.6102e-05
-1.361e-05
-1.1029e-05
-8.3668e-06
-5.6344e-06
-2.8418e-06
1.1166e-18
2.88e-06
5.7866e-06
8.7083e-06
1.1633e-05
1.4549e-05
1.7444e-05
2.0305e-05
2.3121e-05
2.5878e-05
2.8566e-05
3.1172e-05
3.3685e-05
3.6092e-05
3.8383e-05
4.0547e-05
4.2573e-05
4.4452e-05
4.6173e-05
4.7729e-05
4.911e-05
5.0309e-05
5.132e-05
5.2134e-05
5.2748e-05
5.3156e-05
5.3355e-05
5.334e-05
5.311e-05
5.2663e-05
5.1999e-05
5.1118e-05
5.0021e-05
4.8711e-05
4.7189e-05
4.5462e-05
4.3532e-05
4.1406e-05
3.9091e-05
3.6594e-05
3.3923e-05
3.1087e-05
2.8096e-05
2.4961e-05
2.1693e-05
1.8303e-05
1.4806e-05
1.1213e-05
7.5379e-06
3.7955e-06
2.6194e-18
-3.8336e-06
-7.6901e-06
-1.1554e-05
-1.541e-05
-1.9242e-05
-2.3034e-05
-2.6771e-05
-3.0437e-05
-3.4016e-05
-3.7493e-05
-4.0853e-05
-4.4081e-05
-4.7163e-05
-5.0085e-05
-5.2834e-05
-5.5396e-05
-5.7761e-05
-5.9915e-05
-6.185e-05
-6.3554e-05
-6.502e-05
-6.6238e-05
-6.7202e-05
-6.7906e-05
-6.8344e-05
-6.8512e-05
-6.8408e-05
-6.8028e-05
-6.7373e-05
-6.6443e-05
-6.5239e-05
-6.3763e-05
-6.202e-05
-6.0013e-05
-5.7749e-05
-5.5234e-05
-5.2478e-05
-4.9488e-05
-4.6275e-05
-4.285e-05
-3.9225e-05
-3.5413e-05
-3.1427e-05
-2.7284e-05
-2.2997e-05
-1.8583e-05
-1.4059e-05
-9.4414e-06
-4.7491e-06
-4.0929e-18
4.7872e-06
9.5936e-06
1.44e-05
1.9187e-05
2.3935e-05
2.8625e-05
3.3238e-05
3.7754e-05
4.2154e-05
4.642e-05
5.0534e-05
5.4478e-05
5.8235e-05
6.1787e-05
6.5121e-05
6.822e-05
7.107e-05
7.3657e-05
7.5971e-05
7.7999e-05
7.973e-05
8.1157e-05
8.227e-05
8.3063e-05
8.3531e-05
8.367e-05
8.3475e-05
8.2947e-05
8.2084e-05
8.0887e-05
7.936e-05
7.7505e-05
7.5328e-05
7.2836e-05
7.0036e-05
6.6936e-05
6.3549e-05
5.9884e-05
5.5955e-05
5.1777e-05
4.7362e-05
4.2729e-05
3.7894e-05
3.2874e-05
2.769e-05
2.236e-05
1.6904e-05
1.1345e-05
5.7027e-06
5.8938e-18
-5.7409e-06
-1.1497e-05
-1.7246e-05
-2.2964e-05
-2.8628e-05
-3.4216e-05
-3.9704e-05
-4.507e-05
-5.0292e-05
-5.5347e-05
-6.0215e-05
-6.4875e-05
-6.9306e-05
-7.349e-05
-7.7408e-05
-8.1043e-05
-8.4378e-05
-8.74e-05
-9.0092e-05
-9.2443e-05
-9.444e-05
-9.6075e-05
-9.7338e-05
-9.8221e-05
-9.8719e-05
-9.8827e-05
-9.8543e-05
-9.7865e-05
-9.6794e-05
-9.5332e-05
-9.3481e-05
-9.1247e-05
-8.8637e-05
-8.5659e-05
-8.2323e-05
-7.8639e-05
-7.462e-05
-7.0281e-05
-6.5636e-05
-6.0704e-05
-5.55e-05
-5.0046e-05
-4.436e-05
-3.8465e-05
-3.2383e-05
-2.6137e-05
-1.975e-05
-1.3248e-05
-6.6563e-06
-1.9791e-18
6.6945e-06
1.3401e-05
2.0092e-05
2.6741e-05
3.3322e-05
3.9807e-05
4.6171e-05
5.2387e-05
5.843e-05
6.4274e-05
6.9896e-05
7.5271e-05
8.0377e-05
8.5192e-05
8.9695e-05
9.3866e-05
9.7687e-05
0.00010114
0.00010421
0.00010689
0.00010915
0.00011099
0.00011241
0.00011338
0.00011391
0.00011398
0.00011361
0.00011278
0.0001115
0.00010978
0.0001076
0.00010499
0.00010195
9.8482e-05
9.4609e-05
9.0341e-05
8.5691e-05
8.0677e-05
7.5317e-05
6.9631e-05
6.3638e-05
5.7362e-05
5.0827e-05
4.4056e-05
3.7076e-05
2.9914e-05
2.2596e-05
1.5152e-05
7.61e-06
1.0478e-17
-7.6481e-06
-1.5304e-05
-2.2938e-05
-3.0518e-05
-3.8015e-05
-4.5398e-05
-5.2637e-05
-5.9704e-05
-6.6568e-05
-7.3201e-05
-7.9577e-05
-8.5668e-05
-9.1448e-05
-9.6894e-05
-0.00010198
-0.00010669
-0.000111
-0.00011488
-0.00011833
-0.00012133
-0.00012386
-0.00012591
-0.00012747
-0.00012854
-0.00012909
-0.00012914
-0.00012868
-0.0001277
-0.00012621
-0.00012422
-0.00012172
-0.00011873
-0.00011526
-0.00011131
-0.0001069
-0.00010204
-9.6762e-05
-9.1074e-05
-8.4998e-05
-7.8557e-05
-7.1776e-05
-6.4679e-05
-5.7293e-05
-4.9647e-05
-4.1769e-05
-3.3691e-05
-2.5442e-05
-1.7055e-05
-8.5636e-06
-5.4917e-18
8.6018e-06
1.7208e-05
2.5783e-05
3.4295e-05
4.2708e-05
5.0989e-05
5.9104e-05
6.702e-05
7.4706e-05
8.2128e-05
8.9258e-05
9.6064e-05
0.00010252
0.0001086
0.00011427
0.00011951
0.00012431
0.00012863
0.00013245
0.00013578
0.00013857
0.00014083
0.00014254
0.00014369
0.00014428
0.0001443
0.00014375
0.00014262
0.00014093
0.00013866
0.00013584
0.00013247
0.00012856
0.00012413
0.00011918
0.00011375
0.00010783
0.00010147
9.4679e-05
8.7484e-05
7.9914e-05
7.1996e-05
6.376e-05
5.5238e-05
4.6463e-05
3.7468e-05
2.8288e-05
1.8959e-05
9.5172e-06
7.7237e-18
-9.4982e-06
-1.8921e-05
-2.8231e-05
-3.7392e-05
-4.6369e-05
-5.5126e-05
-6.3631e-05
-7.1849e-05
-7.9751e-05
-8.7306e-05
-9.4485e-05
-0.00010126
-0.00010761
-0.00011351
-0.00011894
-0.00012387
-0.0001283
-0.0001322
-0.00013556
-0.00013838
-0.00014063
-0.00014232
-0.00014344
-0.000144
-0.00014398
-0.00014339
-0.00014224
-0.00014053
-0.00013828
-0.00013549
-0.00013217
-0.00012835
-0.00012404
-0.00011926
-0.00011402
-0.00010836
-0.0001023
-9.5856e-05
-8.9064e-05
-8.195e-05
-7.4543e-05
-6.6874e-05
-5.8975e-05
-5.0877e-05
-4.2614e-05
-3.4219e-05
-2.5727e-05
-1.717e-05
-8.5827e-06
-8.4201e-18
8.5445e-06
1.7017e-05
2.5385e-05
3.3615e-05
4.1676e-05
4.9535e-05
5.7164e-05
6.4533e-05
7.1613e-05
7.8379e-05
8.4804e-05
9.0866e-05
9.6541e-05
0.00010181
0.00010665
0.00011105
0.00011499
0.00011846
0.00012144
0.00012393
0.00012592
0.0001274
0.00012838
0.00012884
0.00012879
0.00012823
0.00012717
0.00012561
0.00012357
0.00012104
0.00011805
0.00011461
0.00011073
0.00010643
0.00010174
9.666e-05
9.1227e-05
8.546e-05
7.9383e-05
7.3023e-05
6.6405e-05
5.9557e-05
5.2508e-05
4.5286e-05
3.7921e-05
3.0442e-05
2.2881e-05
1.5266e-05
7.629e-06
1.8998e-18
-7.5909e-06
-1.5114e-05
-2.2539e-05
-2.9838e-05
-3.6982e-05
-4.3944e-05
-5.0698e-05
-5.7216e-05
-6.3475e-05
-6.9452e-05
-7.5124e-05
-8.0469e-05
-8.547e-05
-9.0107e-05
-9.4364e-05
-9.8226e-05
-0.00010168
-0.00010471
-0.00010732
-0.00010949
-0.00011121
-0.00011249
-0.00011331
-0.00011368
-0.0001136
-0.00011308
-0.0001121
-0.0001107
-0.00010886
-0.0001066
-0.00010393
-0.00010087
-9.7421e-05
-9.361e-05
-8.9449e-05
-8.4958e-05
-8.0156e-05
-7.5063e-05
-6.9702e-05
-6.4096e-05
-5.8267e-05
-5.2241e-05
-4.6042e-05
-3.9695e-05
-3.3228e-05
-2.6665e-05
-2.0035e-05
-1.3363e-05
-6.6754e-06
-8.8305e-18
6.6373e-06
1.321e-05
1.9693e-05
2.6061e-05
3.2289e-05
3.8354e-05
4.4231e-05
4.9899e-05
5.5338e-05
6.0525e-05
6.5443e-05
7.0073e-05
7.4399e-05
7.8405e-05
8.2077e-05
8.5403e-05
8.8371e-05
9.0972e-05
9.3198e-05
9.5043e-05
9.65e-05
9.7567e-05
9.8242e-05
9.8524e-05
9.8415e-05
9.7918e-05
9.7036e-05
9.5777e-05
9.4146e-05
9.2154e-05
8.9809e-05
8.7125e-05
8.4112e-05
8.0786e-05
7.7162e-05
7.3256e-05
6.9084e-05
6.4667e-05
6.0021e-05
5.5169e-05
5.0129e-05
4.4924e-05
3.9575e-05
3.4104e-05
2.8535e-05
2.2888e-05
1.7189e-05
1.1459e-05
5.7218e-06
3.3819e-18
-5.6836e-06
-1.1307e-05
-1.6847e-05
-2.2284e-05
-2.7596e-05
-3.2763e-05
-3.7764e-05
-4.2583e-05
-4.72e-05
-5.1598e-05
-5.5762e-05
-5.9676e-05
-6.3327e-05
-6.6702e-05
-6.979e-05
-7.2579e-05
-7.5062e-05
-7.723e-05
-7.9077e-05
-8.0598e-05
-8.179e-05
-8.2648e-05
-8.3174e-05
-8.3366e-05
-8.3228e-05
-8.276e-05
-8.1969e-05
-8.0858e-05
-7.9436e-05
-7.771e-05
-7.5688e-05
-7.3383e-05
-7.0803e-05
-6.7963e-05
-6.4875e-05
-6.1553e-05
-5.8013e-05
-5.427e-05
-5.0341e-05
-4.6242e-05
-4.1991e-05
-3.7607e-05
-3.3109e-05
-2.8514e-05
-2.3841e-05
-1.9112e-05
-1.4343e-05
-9.5556e-06
-4.7682e-06
-3.6317e-18
4.73e-06
9.4033e-06
1.4002e-05
1.8507e-05
2.2903e-05
2.7172e-05
3.1298e-05
3.5266e-05
3.9062e-05
4.2671e-05
4.6081e-05
4.928e-05
5.2256e-05
5.5e-05
5.7503e-05
5.9756e-05
6.1753e-05
6.3488e-05
6.4957e-05
6.6154e-05
6.7079e-05
6.773e-05
6.8106e-05
6.8209e-05
6.804e-05
6.7603e-05
6.6901e-05
6.594e-05
6.4726e-05
6.3265e-05
6.1567e-05
5.9641e-05
5.7494e-05
5.514e-05
5.2588e-05
4.9851e-05
4.6942e-05
4.3873e-05
4.066e-05
3.7315e-05
3.3854e-05
3.0291e-05
2.6642e-05
2.2923e-05
1.9148e-05
1.5335e-05
1.1497e-05
7.6521e-06
3.8145e-06
3.5541e-18
-3.7764e-06
-7.4998e-06
-1.1156e-05
-1.473e-05
-1.821e-05
-2.1581e-05
-2.4831e-05
-2.795e-05
-3.0924e-05
-3.3744e-05
-3.64e-05
-3.8883e-05
-4.1185e-05
-4.3298e-05
-4.5216e-05
-4.6933e-05
-4.8444e-05
-4.9746e-05
-5.0836e-05
-5.171e-05
-5.2369e-05
-5.2811e-05
-5.3038e-05
-5.3051e-05
-5.2853e-05
-5.2445e-05
-5.1833e-05
-5.1021e-05
-5.0015e-05
-4.8821e-05
-4.7446e-05
-4.5898e-05
-4.4186e-05
-4.2317e-05
-4.0301e-05
-3.8149e-05
-3.5871e-05
-3.3477e-05
-3.0979e-05
-2.8388e-05
-2.5716e-05
-2.2974e-05
-2.0176e-05
-1.7332e-05
-1.4455e-05
-1.1558e-05
-8.6514e-06
-5.7486e-06
-2.8609e-06
-5.7637e-19
2.8227e-06
5.5963e-06
8.3099e-06
1.0953e-05
1.3516e-05
1.599e-05
1.8365e-05
2.0633e-05
2.2786e-05
2.4817e-05
2.6719e-05
2.8487e-05
3.0114e-05
3.1596e-05
3.2929e-05
3.411e-05
3.5136e-05
3.6004e-05
3.6715e-05
3.7266e-05
3.7659e-05
3.7893e-05
3.7971e-05
3.7894e-05
3.7665e-05
3.7288e-05
3.6765e-05
3.6103e-05
3.5305e-05
3.4377e-05
3.3326e-05
3.2156e-05
3.0877e-05
2.9493e-05
2.8014e-05
2.6447e-05
2.48e-05
2.308e-05
2.1298e-05
1.9461e-05
1.7578e-05
1.5658e-05
1.3709e-05
1.1741e-05
9.7618e-06
7.7806e-06
5.8055e-06
3.8451e-06
1.9073e-06
2.4165e-18
-1.8691e-06
-3.6928e-06
-5.464e-06
-7.1763e-06
-8.8232e-06
-1.0399e-05
-1.1898e-05
-1.3316e-05
-1.4648e-05
-1.589e-05
-1.7038e-05
-1.809e-05
-1.9042e-05
-1.9894e-05
-2.0642e-05
-2.1287e-05
-2.1827e-05
-2.2262e-05
-2.2594e-05
-2.2822e-05
-2.2948e-05
-2.2974e-05
-2.2903e-05
-2.2736e-05
-2.2478e-05
-2.213e-05
-2.1698e-05
-2.1184e-05
-2.0594e-05
-1.9933e-05
-1.9205e-05
-1.8414e-05
-1.7568e-05
-1.667e-05
-1.5727e-05
-1.4745e-05
-1.3728e-05
-1.2684e-05
-1.1617e-05
-1.0534e-05
-9.4399e-06
-8.341e-06
-7.2425e-06
-6.15e-06
-5.0687e-06
-4.0036e-06
-2.9597e-06
-1.9416e-06
-9.5363e-07
-5.1046e-19
9.1549e-07
1.7893e-06
2.6182e-06
3.3993e-06
4.13e-06
4.8082e-06
5.4319e-06
5.9996e-06
6.5103e-06
6.9631e-06
7.3575e-06
7.6935e-06
7.9713e-06
8.1915e-06
8.3551e-06
8.4633e-06
8.5177e-06
8.5201e-06
8.4726e-06
8.3776e-06
8.2378e-06
8.056e-06
7.8352e-06
7.5788e-06
7.29e-06
6.9725e-06
6.6298e-06
6.2658e-06
5.8841e-06
5.4888e-06
5.0836e-06
4.6723e-06
4.2589e-06
3.847e-06
3.4403e-06
3.0426e-06
2.6571e-06
2.2872e-06
1.9362e-06
1.6069e-06
1.3021e-06
1.0243e-06
7.7598e-07
5.5909e-07
3.7546e-07
2.2662e-07
1.1383e-07
3.807e-08
0
0
-0
-0
-0
-0
-0
-0
-0
-0
-0
-0
-0
-0
-0
-0
-0
-0
-0
-0
-0
-0
-0
-0
-0
-0
-0
-0
-0
-0
-0
-0
-0
-0
-0
-0
-0
-0
-0
-0
-0
-0
-0
-0
-0
-0
-0
-0
-0
-0
-0
-0
0
0
0
0
0
0
0
0
0
0
0
0
0
0
0
0
0
0
0
0
0
0
0
0
0
0
0
0
0
0
0
0
0
0
0
0
0
0
0
0
0
0
0
0
0
0
0
0
0
0
-0
-0
-0
-0
-0
-0
-0
-0
-0
-0
-0
-0
-0
-0
-0
-0
-0
-0
-0
-0
-0
-0
-0
-0
-0
-0
-0
-0
-0
-0
-0
-0
-0
-0
-0
-0
-0
-0
-0
-0
-0
-0
-0
-0
-0
-0
-0
-0
-0
-0
0
0
0
0
0
0
0
0
0
0
0
0
0
0
0
0
0
0
0
0
0
0
0
0
0
0
0
0
0
0
0
0
0
0
0
0
0
0
0
0
0
0
0
0
0
0
0
0
0
0
-0
-0
-0
-0
-0
-0
-0
-0
-0
-0
-0
-0
-0
-0
-0
-0
-0
-0
-0
-0
-0
-0
-0
-0
-0
-0
-0
-0
-0
-0
-0
-0
-0
-0
-0
-0
-0
-0
-0
-0
-0
-0
-0
-0
-0
-0
-0
-0
-0
-0
0
0
0
0
0
0
0
0
0
0
0
0
0
0
0
0
0
0
0
0
0
0
0
0
0
0
0
0
0
0
0
0
0
0
0
0
0
0
0
0
0
0
0
0
0
0
0
0
0
0
-0
-0
-0
-0
-0
-0
-0
-0
-0
-0
-0
-0
-0
-0
-0
-0
-0
-0
-0
-0
-0
-0
-0
-0
-0
-0
-0
-0
-0
-0
-0
-0
-0
-0
-0
-0
-0
-0
-0
-0
-0
-0
-0
-0
-0
-0
-0
-0
-0
-0
0
0
0
0
0
0
0
0
0
0
0
0
0
0
0
0
0
0
0
0
0
0
0
0
0
0
0
0
0
0
0
0
0
0
0
0
0
0
0
0
0
0
0
0
0
0
0
0
0
0
-0
-0
-0
-0
-0
-0
-0
-0
-0
-0
-0
-0
-0
-0
-0
-0
-0
-0
-0
-0
-0
-0
-0
-0
-0
-0
-0
-0
-0
-0
-0
-0
-0
-0
-0
-0
-0
-0
-0
-0
-0
-0
-0
-0
-0
-0
-0
-0
-0
-0
0
0
0
0
0
0
0
0
0
0
0
0
0
0
0
0
0
0
0
0
0
0
0
0
0
0
0
0
0
0
0
0
0
0
0
0
0
0
0
0
0
0
0
0
0
0
0
0
0
0
-0
-0
-0
-0
-0
-0
-0
-0
-0
-0
-0
-0
-0
-0
-0
-0
-0
-0
-0
-0
-0
-0
-0
-0
-0
-0
-0
-0
-0
-0
-0
-0
-0
-0
-0
-0
-0
-0
-0
-0
-0
-0
-0
-0
-0
-0
-0
-0
-0
-0
0
0
0
0
0
0
0
0
0
0
0
0
0
0
0
0
0
0
0
0
0
0
0
0
0
0
0
0
0
0
0
0
0
0
0
0
0
0
0
0
0
0
0
0
0
0
0
0
0
0
-0
-0
-0
-0
-0
-0
-0
-0
-0
-0
-0
-0
-0
-0
-0
-0
-0
-0
-0
-0
-0
-0
-0
-0
-0
-0
-0
-0
-0
-0
-0
-0
-0
-0
-0
-0
-0
-0
-0
-0
-0
-0
-0
-0
-0
-0
-0
-0
-0
-0
0
0
0
0
0
0
0
0
0
0
0
0
0
0
0
0
0
0
0
0
0
0
0
0
0
0
0
0
0
0
0
0
0
0
0
0
0
0
0
0
0
0
0
0
0
0
0
0
0
0
-0
-0
-0
-0
-0
-0
-0
-0
-0
-0
-0
-0
-0
-0
-0
-0
-0
-0
-0
-0
-0
-0
-0
-0
-0
-0
-0
-0
-0
-0
-0
-0
-0
-0
-0
-0
-0
-0
-0
-0
-0
-0
-0
-0
-0
-0
-0
-0
-0
-0
0
0
0
0
0
0
0
0
0
0
0
0
0
0
0
0
0
0
0
0
0
0
0
0
0
0
0
0
0
0
0
0
0
0
0
0
0
0
0
0
0
0
0
0
0
0
0
0
0
0
-0
-0
-0
-0
-0
-0
-0
-0
-0
-0
-0
-0
-0
-0
-0
-0
-0
-0
-0
-0
-0
-0
-0
-0
-0
-0
-0
-0
-0
-0
-0
-0
-0
-0
-0
-0
-0
-0
-0
-0
-0
-0
-0
-0
-0
-0
-0
-0
-0
-0
0
0
0
0
0
0
0
0
0
0
0
0
0
0
0
0
0
0
0
0
0
0
0
0
0
0
0
0
0
0
0
0
0
0
0
0
0
0
0
0
0
0
0
0
0
0
0
0
0
0
-0
-0
-0
-0
-0
-0
-0
-0
-0
-0
-0
-0
-0
-0
-0
-0
-0
-0
-0
-0
-0
-0
-0
-0
-0
-0
-0
-0
-0
-0
-0
-0
-0
-0
-0
-0
-0
-0
-0
-0
-0
-0
-0
-0
-0
-0
-0
-0
-0
-0
0
0
0
0
0
0
0
0
0
0
0
0
0
0
0
0
0
0
0
0
0
0
0
0
0
0
0
0
0
0
0
0
0
0
0
0
0
0
0
0
0
0
0
0
0
0
0
0
0
0
-0
-0
-0
-0
-0
-0
-0
-0
-0
-0
-0
-0
-0
-0
-0
-0
-0
-0
-0
-0
-0
-0
-0
-0
-0
-0
-0
-0
-0
-0
-0
-0
-0
-0
-0
-0
-0
-0
-0
-0
-0
-0
-0
-0
-0
-0
-0
-0
-0
-0
0
0
0
0
0
0
0
0
0
0
0
0
0
0
0
0
0
0
0
0
0
0
0
0
0
0
0
0
0
0
0
0
0
0
0
0
0
0
0
0
0
0
0
0
0
0
0
0
0
-0
-0
-0
-0
-0
-0
-0
-0
-0
-0
-0
-0
-0
-0
-0
-0
-0
-0
-0
-0
-0
-0
-0
-0
-0
-0
-0
-0
-0
-0
-0
-0
-0
-0
-0
-0
-0
-0
-0
-0
-0
-0
-0
-0
-0
-0
-0
-0
-0
-0
-0
0
0
0
0
0
0
0
0
0
0
0
0
0
0
0
0
0
0
0
0
0
0
0
0
0
0
0
0
0
0
0
0
0
0
0
0
0
0
0
0
0
0
0
0
0
0
0
0
0
0
-0
-0
-0
-0
-0
-0
-0
-0
-0
-0
-0
-0
-0
-0
-0
-0
-0
-0
-0
-0
-0
-0
-0
-0
-0
-0
-0
-0
-0
-0
-0
-0
-0
-0
-0
-0
-0
-0
-0
-0
-0
-0
-0
-0
-0
-0
-0
-0
-0
0
0
0
0
0
0
0
0
0
0
0
0
0
0
0
0
0
0
0
0
0
0
0
0
0
0
0
0
0
0
0
0
0
0
0
0
0
0
0
0
0
0
0
0
0
0
0
0
0
0
0
-0
-0
-0
-0
-0
-0
-0
-0
-0
-0
-0
-0
-0
-0
-0
-0
-0
-0
-0
-0
-0
-0
-0
-0
-0
-0
-0
-0
-0
-0
-0
-0
-0
-0
-0
-0
-0
-0
-0
-0
-0
-0
-0
-0
-0
-0
-0
-0
-0
-0
0
0
0
0
0
0
0
0
0
0
0
0
0
0
0
0
0
0
0
0
0
0
0
0
0
0
0
0
0
0
0
0
0
0
0
0
0
0
0
0
0
0
0
0
0
0
0
0
0
0
-0
-0
-0
-0
-0
-0
-0
-0
-0
-0
-0
-0
-0
-0
-0
-0
-0
-0
-0
-0
-0
-0
-0
-0
-0
-0
-0
-0
-0
-0
-0
-0
-0
-0
-0
-0
-0
-0
-0
-0
-0
-0
-0
-0
-0
-0
-0
-0
-0
-0
0
0
0
0
0
0
0
0
0
0
0
0
0
0
0
0
0
0
0
0
0
0
0
0
0
0
0
0
0
0
0
0
0
0
0
0
0
0
0
0
0
0
0
0
0
0
0
0
0
-0
-0
-0
-0
-0
-0
-0
-0
-0
-0
-0
-0
-0
-0
-0
-0
-0
-0
-0
-0
-0
-0
-0
-0
-0
-0
-0
-0
-0
-0
-0
-0
-0
-0
-0
-0
-0
-0
-0
-0
-0
-0
-0
-0
-0
-0
-0
-0
-0
-0
-0
0
0
0
0
0
0
0
0
0
0
0
0
0
0
0
0
0
0
0
0
0
0
0
0
0
0
0
0
0
0
0
0
0
0
0
0
0
0
0
0
0
0
0
0
0
0
0
0
0
-0
-0
-0
-0
-0
-0
-0
-0
-0
-0
-0
-0
-0
-0
-0
-0
-0
-0
-0
-0
-0
-0
-0
-0
-0
-0
-0
-0
-0
-0
-0
-0
-0
-0
-0
-0
-0
-0
-0
-0
-0
-0
-0
-0
-0
-0
-0
-0
-0
-0
-0
0
0
0
0
0
0
0
0
0
0
0
0
0
0
0
0
0
0
0
0
0
0
0
0
0
0
0
0
0
0
0
0
0
0
0
0
0
0
0
0
0
0
0
0
0
0
0
0
0
0
-0
-0
-0
-0
-0
-0
-0
-0
-0
-0
-0
-0
-0
-0
-0
-0
-0
-0
-0
-0
-0
-0
-0
-0
-0
-0
-0
-0
-0
-0
-0
-0
-0
-0
-0
-0
-0
-0
-0
-0
-0
-0
-0
-0
-0
-0
-0
-0
-0
-0
0
0
0
0
0
0
0
0
0
0
0
0
0
0
0
0
0
0
0
0
0
0
0
0
0
0
0
0
0
0
0
0
0
0
0
0
0
0
0
0
0
0
0
0
0
0
0
0
0
0
-0
-0
-0
-0
-0
-0
-0
-0
-0
-0
-0
-0
-0
-0
-0
-0
-0
-0
-0
-0
-0
-0
-0
-0
-0
-0
-0
-0
-0
-0
-0
-0
-0
-0
-0
-0
-0
-0
-0
-0
-0
-0
-0
-0
-0
-0
-0
-0
-0
-0
0
0
0
0
0
0
0
0
0
0
0
0
0
0
0
0
0
0
0
0
0
0
0
0
0
0
0
0
0
0
0
0
0
0
0
0
0
0
0
0
0
0
0
0
0
0
0
0
0
0
-0
-0
-0
-0
-0
-0
-0
-0
-0
-0
-0
-0
-0
-0
-0
-0
-0
-0
-0
-0
-0
-0
-0
-0
-0
-0
-0
-0
-0
-0
-0
-0
-0
-0
-0
-0
-0
-0
-0
-0
-0
-0
-0
-0
-0
-0
-0
-0
-0
-0
0
0
0
0
0
0
0
0
0
0
0
0
0
0
0
0
0
0
0
0
0
0
0
0
0
0
0
0
0
0
0
0
0
0
0
0
0
0
0
0
0
0
0
0
0
0
0
0
0
-0
-0
-0
-0
-0
-0
-0
-0
-0
-0
-0
-0
-0
-0
-0
-0
-0
-0
-0
-0
-0
-0
-0
-0
-0
-0
-0
-0
-0
-0
-0
-0
-0
-0
-0
-0
-0
-0
-0
-0
-0
-0
-0
-0
-0
-0
-0
-0
-0
-0
-0
0
0
0
0
0
0
0
0
0
0
0
0
0
0
0
0
0
0
0
0
0
0
0
0
0
0
0
0
0
0
0
0
0
0
0
0
0
0
0
0
0
0
0
0
0
0
0
0
0
-0
-0
-0
-0
-0
-0
-0
-0
-0
-0
-0
-0
-0
-0
-0
-0
-0
-0
-0
-0
-0
-0
-0
-0
-0
-0
-0
-0
-0
-0
-0
-0
-0
-0
-0
-0
-0
-0
-0
-0
-0
-0
-0
-0
-0
-0
-0
-0
-0
-0
-0
0
0
0
0
0
0
0
0
0
0
0
0
0
0
0
0
0
0
0
0
0
0
0
0
0
0
0
0
0
0
0
0
0
0
0
0
0
0
0
0
0
0
0
0
0
0
0
0
0
0
-0
-0
-0
-0
-0
-0
-0
-0
-0
-0
-0
-0
-0
-0
-0
-0
-0
-0
-0
-0
-0
-0
-0
-0
-0
-0
-0
-0
-0
-0
-0
-0
-0
-0
-0
-0
-0
-0
-0
-0
-0
-0
-0
-0
-0
-0
-0
-0
-0
-0
0
0
0
0
0
0
0
0
0
0
0
0
0
0
0
0
0
0
0
0
0
0
0
0
0
0
0
0
0
0
0
0
0
0
0
0
0
0
0
0
0
0
0
0
0
0
0
0
0
0
-0
-0
-0
-0
-0
-0
-0
-0
-0
-0
-0
-0
-0
-0
-0
-0
-0
-0
-0
-0
-0
-0
-0
-0
-0
-0
-0
-0
-0
-0
-0
-0
-0
-0
-0
-0
-0
-0
-0
-0
-0
-0
-0
-0
-0
-0
-0
-0
-0
-0
0
0
0
0
0
0
0
0
0
0
0
0
0
0
0
0
0
0
0
0
0
0
0
0
0
0
0
0
0
0
0
0
0
0
0
0
0
0
0
0
0
0
0
0
0
0
0
0
0
0
-0
-0
-0
-0
-0
-0
-0
-0
-0
-0
-0
-0
-0
-0
-0
-0
-0
-0
-0
-0
-0
-0
-0
-0
-0
-0
-0
-0
-0
-0
-0
-0
-0
-0
-0
-0
-0
-0
-0
-0
-0
-0
-0
-0
-0
-0
-0
-0
-0
-0
0
0
0
0
0
0
0
0
0
0
0
0
0
0
0
0
0
0
0
0
0
0
0
0
0
0
0
0
0
0
0
0
0
0
0
0
0
0
0
0
0
0
0
0
0
0
0
0
0
-0
-0
-0
-0
-0
-0
-0
-0
-0
-0
-0
-0
-0
-0
-0
-0
-0
-0
-0
-0
-0
-0
-0
-0
-0
-0
-0
-0
-0
-0
-0
-0
-0
-0
-0
-0
-0
-0
-0
-0
-0
-0
-0
-0
-0
-0
-0
-0
-0
-0
-0
0
0
0
0
0
0
0
0
0
0
0
0
0
0
0
0
0
0
0
0
0
0
0
0
0
0
0
0
0
0
0
0
0
0
0
0
0
0
0
0
0
0
0
0
0
0
0
0
0
-0
-0
-0
-0
-0
-0
-0
-0
-0
-0
-0
-0
-0
-0
-0
-0
-0
-0
-0
-0
-0
-0
-0
-0
-0
-0
-0
-0
-0
-0
-0
-0
-0
-0
-0
-0
-0
-0
-0
-0
-0
-0
-0
-0
-0
-0
-0
-0
-0
-0
-0
0
0
0
0
0
0
0
0
0
0
0
0
0
0
0
0
0
0
0
0
0
0
0
0
0
0
0
0
0
0
0
0
0
0
0
0
0
0
0
0
0
0
0
0
0
0
0
0
0
0
-0
-0
-0
-0
-0
-0
-0
-0
-0
-0
-0
-0
-0
-0
-0
-0
-0
-0
-0
-0
-0
-0
-0
-0
-0
-0
-0
-0
-0
-0
-0
-0
-0
-0
-0
-0
-0
-0
-0
-0
-0
-0
-0
-0
-0
-0
-0
-0
-0
-0
0
0
0
0
0
0
0
0
0
0
0
0
0
0
0
0
0
0
0
0
0
0
0
0
0
0
0
0
0
0
0
0
0
0
0
0
0
0
0
0
0
0
0
0
0
0
0
0
0
0
-0
-0
-0
-0
-0
-0
-0
-0
-0
-0
-0
-0
-0
-0
-0
-0
-0
-0
-0
-0
-0
-0
-0
-0
-0
-0
-0
-0
-0
-0
-0
-0
-0
-0
-0
-0
-0
-0
-0
-0
-0
-0
-0
-0
-0
-0
-0
-0
-0
-0
0
0
0
0
0
0
0
0
0
0
0
0
0
0
0
0
0
0
0
0
0
0
0
0
0
0
0
0
0
0
0
0
0
0
0
0
0
0
0
0
0
0
0
0
0
0
0
0
0
0
-0
-0
-0
-0
-0
-0
-0
-0
-0
-0
-0
-0
-0
-0
-0
-0
-0
-0
-0
-0
-0
-0
-0
-0
-0
-0
-0
-0
-0
-0
-0
-0
-0
-0
-0
-0
-0
-0
-0
-0
-0
-0
-0
-0
-0
-0
-0
-0
-0
-0
0
0
0
0
0
0
0
0
0
0
0
0
0
0
0
0
0
0
0
0
0
0
0
0
0
0
0
0
0
0
0
0
0
0
0
0
0
0
0
0
0
0
0
0
0
0
0
0
0
-0
-0
-0
-0
-0
-0
-0
-0
-0
-0
-0
-0
-0
-0
-0
-0
-0
-0
-0
-0
-0
-0
-0
-0
-0
-0
-0
-0
-0
-0
-0
-0
-0
-0
-0
-0
-0
-0
-0
-0
-0
-0
-0
-0
-0
-0
-0
-0
-0
-0
-0
0
0
0
0
0
0
0
0
0
0
0
0
0
0
0
0
0
0
0
0
0
0
0
0
0
0
0
0
0
0
0
0
0
0
0
0
0
0
0
0
0
0
0
0
0
0
0
0
0
-0
-0
-0
-0
-0
-0
-0
-0
-0
-0
-0
-0
-0
-0
-0
-0
-0
-0
-0
-0
-0
-0
-0
-0
-0
-0
-0
-0
-0
-0
-0
-0
-0
-0
-0
-0
-0
-0
-0
-0
-0
-0
-0
-0
-0
-0
-0
-0
-0
-0
-0
0
0
0
0
0
0
0
0
0
0
0
0
0
0
0
0
0
0
0
0
0
0
0
0
0
0
0
0
0
0
0
0
0
0
0
0
0
0
0
0
0
0
0
0
0
0
0
0
0
-0
