0
0
0
0
0
0
0
0
0
0
0
0
0
0
0
0
0
0
0
0
0
0
0
0
0
0
0
0
0
0
0
0
0
0
0
0
0
0
0
0
0
0
0
0
0
0
0
0
0
0
0
-0
-0
-0
-0
-0
-0
-0
-0
-0
-0
-0
-0
-0
-0
-0
-0
-0
-0
-0
-0
-0
-0
-0
-0
-0
-0
-0
-0
-0
-0
-0
-0
-0
-0
-0
-0
-0
-0
-0
-0
-0
-0
-0
-0
-0
-0
-0
-0
-0
-0
0
0
0
0
0
0
0
0
0
0
0
0
0
0
0
0
0
0
0
0
0
0
0
0
0
0
0
0
0
0
0
0
0
0
0
0
0
0
0
0
0
0
0
0
0
0
0
0
0
0
-0
-0
-0
-0
-0
-0
-0
-0
-0
-0
-0
-0
-0
-0
-0
-0
-0
-0
-0
-0
-0
-0
-0
-0
-0
-0
-0
-0
-0
-0
-0
-0
-0
-0
-0
-0
-0
-0
-0
-0
-0
-0
-0
-0
-0
-0
-0
-0
-0
-0
0
0
0
0
0
0
0
0
0
0
0
0
0
0
0
0
0
0
0
0
0
0
0
0
0
0
0
0
0
0
0
0
0
0
0
0
0
0
0
0
0
0
0
0
0
0
0
0
0
0
-0
-0
-0
-0
-0
-0
-0
-0
-0
-0
-0
-0
-0
-0
-0
-0
-0
-0
-0
-0
-0
-0
-0
-0
-0
-0
-0
-0
-0
-0
-0
-0
-0
-0
-0
-0
-0
-0
-0
-0
-0
-0
-0
-0
-0
-0
-0
-0
-0
-0
0
0
0
0
0
0
0
0
0
0
0
0
0
0
0
0
0
0
0
0
0
0
0
0
0
0
0
0
0
0
0
0
0
0
0
0
0
0
0
0
0
0
0
0
0
0
0
0
0
-0
-0
-0
-0
-0
-0
-0
-0
-0
-0
-0
-0
-0
-0
-0
-0
-0
-0
-0
-0
-0
-0
-0
-0
-0
-0
-0
-0
-0
-0
-0
-0
-0
-0
-0
-0
-0
-0
-0
-0
-0
-0
-0
-0
-0
-0
-0
-0
-0
-0
-0
0
0
0
0
0
0
0
0
0
0
0
0
0
0
0
0
0
0
0
0
0
0
0
0
0
0
0
0
0
0
0
0
0
0
0
0
0
0
0
0
0
0
0
0
0
0
0
0
0
0
-0
-0
-0
-0
-0
-0
-0
-0
-0
-0
-0
-0
-0
-0
-0
-0
-0
-0
-0
-0
-0
-0
-0
-0
-0
-0
-0
-0
-0
-0
-0
-0
-0
-0
-0
-0
-0
-0
-0
-0
-0
-0
-0
-0
-0
-0
-0
-0
-0
-0
0
0
0
0
0
0
0
0
0
0
0
0
0
0
0
0
0
0
0
0
0
0
0
0
0
0
0
0
0
0
0
0
0
0
0
0
0
0
0
0
0
0
0
0
0
0
0
0
0
-0
-0
-0
-0
-0
-0
-0
-0
-0
-0
-0
-0
-0
-0
-0
-0
-0
-0
-0
-0
-0
-0
-0
-0
-0
-0
-0
-0
-0
-0
-0
-0
-0
-0
-0
-0
-0
-0
-0
-0
-0
-0
-0
-0
-0
-0
-0
-0
-0
-0
-0
0
0
0
0
0
0
0
0
0
0
0
0
0
0
0
0
0
0
0
0
0
0
0
0
0
0
0
0
0
0
0
0
0
0
0
0
0
0
0
0
0
0
0
0
0
0
0
0
0
-0
-0
-0
-0
-0
-0
-0
-0
-0
-0
-0
-0
-0
-0
-0
-0
-0
-0
-0
-0
-0
-0
-0
-0
-0
-0
-0
-0
-0
-0
-0
-0
-0
-0
-0
-0
-0
-0
-0
-0
-0
-0
-0
-0
-0
-0
-0
-0
-0
-0
0
0
0
0
0
0
0
0
0
0
0
0
0
0
0
0
0
0
0
0
0
0
0
0
0
0
0
0
0
0
0
0
0
0
0
0
0
0
0
0
0
0
0
0
0
0
0
0
0
0
0
-0
-0
-0
-0
-0
-0
-0
-0
-0
-0
-0
-0
-0
-0
-0
-0
-0
-0
-0
-0
-0
-0
-0
-0
-0
-0
-0
-0
-0
-0
-0
-0
-0
-0
-0
-0
-0
-0
-0
-0
-0
-0
-0
-0
-0
-0
-0
-0
-0
-0
0
0
0
0
0
0
0
0
0
0
0
0
0
0
0
0
0
0
0
0
0
0
0
0
0
0
0
0
0
0
0
0
0
0
0
0
0
0
0
0
0
0
0
0
0
0
0
0
0
0
-0
-0
-0
-0
-0
-0
-0
-0
-0
-0
-0
-0
-0
-0
-0
-0
-0
-0
-0
-0
-0
-0
-0
-0
-0
-0
-0
-0
-0
-0
-0
-0
-0
-0
-0
-0
-0
-0
-0
-0
-0
-0
-0
-0
-0
-0
-0
-0
-0
-0
0
0
0
0
0
0
0
0
0
0
0
0
0
0
0
0
0
0
0
0
0
0
0
0
0
0
0
0
0
0
0
0
0
0
0
0
0
0
0
0
0
0
0
0
0
0
0
0
0
-0
-0
-0
-0
-0
-0
-0
-0
-0
-0
-0
-0
-0
-0
-0
-0
-0
-0
-0
-0
-0
-0
-0
-0
-0
-0
-0
-0
-0
-0
-0
-0
-0
-0
-0
-0
-0
-0
-0
-0
-0
-0
-0
-0
-0
-0
-0
-0
-0
-0
-0
0
0
0
0
0
0
0
0
0
0
0
0
0
0
0
0
0
0
0
0
0
0
0
0
0
0
0
0
0
0
0
0
0
0
0
0
0
0
0
0
0
0
0
0
0
0
0
0
0
-0
-0
-0
-0
-0
-0
-0
-0
-0
-0
-0
-0
-0
-0
-0
-0
-0
-0
-0
-0
-0
-0
-0
-0
-0
-0
-0
-0
-0
-0
-0
-0
-0
-0
-0
-0
-0
-0
-0
-0
-0
-0
-0
-0
-0
-0
-0
-0
-0
-0
0
0
0
0
0
0
0
0
0
0
0
0
0
0
0
0
0
0
0
0
0
0
0
0
0
0
0
0
0
0
0
0
0
0
0
0
0
0
0
0
0
0
0
0
0
0
0
0
0
0
-0
-0
-0
-0
-0
-0
-0
-0
-0
-0
-0
-0
-0
-0
-0
-0
-0
-0
-0
-0
-0
-0
-0
-0
-0
-0
-0
-0
-0
-0
-0
-0
-0
-0
-0
-0
-0
-0
-0
-0
-0
-0
-0
-0
-0
-0
-0
-0
-0
-0
-0
0
0
0
0
0
0
0
0
0
0
0
0
0
0
0
0
0
0
0
0
0
0
0
0
0
0
0
0
0
0
0
0
0
0
0
0
0
0
0
0
0
0
0
0
0
0
0
0
0
-0
-0
-0
-0
-0
-0
-0
-0
-0
-0
-0
-0
-0
-0
-0
-0
-0
-0
-0
-0
-0
-0
-0
-0
-0
-0
-0
-0
-0
-0
-0
-0
-0
-0
-0
-0
-0
-0
-0
-0
-0
-0
-0
-0
-0
-0
-0
-0
-0
-0
0
0
0
0
0
0
0
0
0
0
0
0
0
0
0
0
0
0
0
0
0
0
0
0
0
0
0
0
0
0
0
0
0
0
0
0
0
0
0
0
0
0
0
0
0
0
0
0
0
0
-0
-0
-0
-0
-0
-0
-0
-0
-0
-0
-0
-0
-0
-0
-0
-0
-0
-0
-0
-0
-0
-0
-0
-0
-0
-0
-0
-0
-0
-0
-0
-0
-0
-0
-0
-0
-0
-0
-0
-0
-0
-0
-0
-0
-0
-0
-0
-0
-0
-0
0
0
0
0
0
0
0
0
0
0
0
0
0
0
0
0
0
0
0
0
0
0
0
0
0
0
0
0
0
0
0
0
0
0
0
0
0
0
0
0
0
0
0
0
0
0
0
0
0
0
-0
-0
-0
-0
-0
-0
-0
-0
-0
-0
-0
-0
-0
-0
-0
-0
-0
-0
-0
-0
-0
-0
-0
-0
-0
-0
-0
-0
-0
-0
-0
-0
-0
-0
-0
-0
-0
-0
-0
-0
-0
-0
-0
-0
-0
-0
-0
-0
-0
-0
-0
0
0
0
0
0
0
0
0
0
0
0
0
0
0
0
0
0
0
0
0
0
0
0
0
0
0
0
0
0
0
0
0
0
0
0
0
0
0
0
0
0
0
0
0
0
0
0
0
0
0
-0
-0
-0
-0
-0
-0
-0
-0
-0
-0
-0
-0
-0
-0
-0
-0
-0
-0
-0
-0
-0
-0
-0
-0
-0
-0
-0
-0
-0
-0
-0
-0
-0
-0
-0
-0
-0
-0
-0
-0
-0
-0
-0
-0
-0
-0
-0
-0
-0
-0
0
0
0
0
0
0
0
0
0
0
0
0
0
0
0
0
0
0
0
0
0
0
0
0
0
0
0
0
0
0
0
0
0
0
0
0
0
0
0
0
0
0
0
0
0
0
0
0
0
0
-0
-0
-0
-0
-0
-0
-0
-0
-0
-0
-0
-0
-0
-0
-0
-0
-0
-0
-0
-0
-0
-0
-0
-0
-0
-0
-0
-0
-0
-0
-0
-0
-0
-0
-0
-0
-0
-0
-0
-0
-0
-0
-0
-0
-0
-0
-0
-0
-0
-0
0
0
0
0
0
0
0
0
0
0
0
0
0
0
0
0
0
0
0
0
0
0
0
0
0
0
0
0
0
0
0
0
0
0
0
0
0
0
0
0
0
0
0
0
0
0
0
0
0
0
-0
-0
-0
-0
-0
-0
-0
-0
-0
-0
-0
-0
-0
-0
-0
-0
-0
-0
-0
-0
-0
-0
-0
-0
-0
-0
-0
-0
-0
-0
-0
-0
-0
-0
-0
-0
-0
-0
-0
-0
-0
-0
-0
-0
-0
-0
-0
-0
-0
-0
0
0
0
0
0
0
0
0
0
0
0
0
0
0
0
0
0
0
0
0
0
0
0
0
0
0
0
0
0
0
0
0
0
0
0
0
0
0
0
0
0
0
0
0
0
0
0
0
0
0
-0
-0
-0
-0
-0
-0
-0
-0
-0
-0
-0
-0
-0
-0
-0
-0
-0
-0
-0
-0
-0
-0
-0
-0
-0
-0
-0
-0
-0
-0
-0
-0
-0
-0
-0
-0
-0
-0
-0
-0
-0
-0
-0
-0
-0
-0
-0
-0
-0
0
0
0
0
0
0
0
0
0
0
0
0
0
0
0
0
0
0
0
0
0
0
0
0
0
0
0
0
0
0
0
0
0
0
0
0
0
0
0
0
0
0
0
0
0
0
0
0
0
0
0
-0
-0
-0
-0
-0
-0
-0
-0
-0
-0
-0
-0
-0
-0
-0
-0
-0
-0
-0
-0
-0
-0
-0
-0
-0
-0
-0
-0
-0
-0
-0
-0
-0
-0
-0
-0
-0
-0
-0
-0
-0
-0
-0
-0
-0
-0
-0
-0
-0
-0
6.593e-08
2.632e-07
5.9025e-07
1.0445e-06
1.6223e-06
2.3192e-06
3.1295e-06
4.0467e-06
5.0636e-06
6.1717e-06
7.3622e-06
8.6253e-06
9.9504e-06
1.1327e-05
1.2742e-05
1.4185e-05
1.5642e-05
1.7101e-05
1.8549e-05
1.9972e-05
2.1357e-05
2.2691e-05
2.396e-05
2.515e-05
2.625e-05
2.7246e-05
2.8126e-05
2.8879e-05
2.9493e-05
2.9958e-05
3.0264e-05
3.0402e-05
3.0364e-05
3.0143e-05
2.9731e-05
2.9125e-05
2.832e-05
2.7313e-05
2.6103e-05
2.4687e-05
2.3067e-05
2.1245e-05
1.9224e-05
1.7007e-05
1.4601e-05
1.2012e-05
9.2473e-06
6.3168e-06
3.2306e-06
8.2316e-19
-3.3624e-06
-6.8432e-06
-1.0428e-05
-1.4101e-05
-1.7846e-05
-2.1646e-05
-2.5483e-05
-2.9339e-05
-3.3194e-05
-3.703e-05
-4.0827e-05
-4.4564e-05
-4.8221e-05
-5.1778e-05
-5.5215e-05
-5.8512e-05
-6.1648e-05
-6.4605e-05
-6.7362e-05
-6.9903e-05
-7.2208e-05
-7.4261e-05
-7.6046e-05
-7.7547e-05
-7.875e-05
-7.9643e-05
-8.0212e-05
-8.0449e-05
-8.0344e-05
-7.9889e-05
-7.9077e-05
-7.7906e-05
-7.637e-05
-7.447e-05
-7.2205e-05
-6.9577e-05
-6.6591e-05
-6.3252e-05
-5.9567e-05
-5.5546e-05
-5.1198e-05
-4.6537e-05
-4.1577e-05
-3.6334e-05
-3.0824e-05
-2.5068e-05
-1.9085e-05
-1.2897e-05
-6.5271e-06
2.06e-19
6.6589e-06
1.3423e-05
2.0265e-05
2.7157e-05
3.4069e-05
4.0972e-05
4.7836e-05
5.4631e-05
6.1325e-05
6.7889e-05
7.4292e-05
8.0503e-05
8.6492e-05
9.223e-05
9.7689e-05
0.00010284
0.00010765
0.00011211
0.00011618
0.00011983
0.00012306
0.00012583
0.00012813
0.00012994
0.00013125
0.00013204
0.0001323
0.00013202
0.00013119
0.00012982
0.00012789
0.00012541
0.00012238
0.0001188
0.00011468
0.00011003
0.00010486
9.9191e-05
9.3032e-05
8.6404e-05
7.9329e-05
7.1829e-05
6.3931e-05
5.566e-05
4.7048e-05
3.8124e-05
2.8922e-05
1.9477e-05
9.8236e-06
1.3889e-18
-9.9554e-06
-2.0003e-05
-3.0103e-05
-4.0213e-05
-5.0293e-05
-6.0299e-05
-7.019e-05
-7.9923e-05
-8.9456e-05
-9.8748e-05
-0.00010776
-0.00011644
-0.00012476
-0.00013268
-0.00014016
-0.00014717
-0.00015366
-0.00015961
-0.00016499
-0.00016976
-0.00017391
-0.0001774
-0.00018022
-0.00018234
-0.00018375
-0.00018444
-0.00018438
-0.00018359
-0.00018205
-0.00017975
-0.0001767
-0.00017291
-0.00016838
-0.00016312
-0.00015715
-0.00015048
-0.00014313
-0.00013513
-0.0001265
-0.00011726
-0.00010746
-9.7122e-05
-8.6284e-05
-7.4987e-05
-6.3271e-05
-5.118e-05
-3.876e-05
-2.6057e-05
-1.312e-05
1.8527e-18
1.3252e-05
2.6583e-05
3.994e-05
5.3269e-05
6.6516e-05
7.9625e-05
9.2543e-05
0.00010522
0.00011759
0.00012961
0.00014122
0.00015238
0.00016303
0.00017313
0.00018264
0.00019149
0.00019967
0.00020711
0.0002138
0.00021969
0.00022476
0.00022897
0.0002323
0.00023474
0.00023625
0.00023683
0.00023647
0.00023516
0.0002329
0.00022968
0.00022552
0.00022042
0.00021439
0.00020745
0.00019962
0.00019093
0.0001814
0.00017107
0.00015996
0.00014812
0.00013559
0.00012241
0.00010864
9.4314e-05
7.9495e-05
6.4237e-05
4.8597e-05
3.2637e-05
1.6417e-05
5.1403e-19
-1.6548e-05
-3.3163e-05
-4.9778e-05
-6.6326e-05
-8.2739e-05
-9.8952e-05
-0.0001149
-0.00013051
-0.00014572
-0.00016047
-0.00017469
-0.00018832
-0.0002013
-0.00021359
-0.00022511
-0.00023582
-0.00024567
-0.00025462
-0.00026262
-0.00026962
-0.00027561
-0.00028054
-0.00028439
-0.00028713
-0.00028875
-0.00028923
-0.00028856
-0.00028673
-0.00028375
-0.00027961
-0.00027433
-0.00026792
-0.00026039
-0.00025178
-0.0002421
-0.00023139
-0.00021967
-0.00020701
-0.00019343
-0.00017898
-0.00016372
-0.00014771
-0.00013099
-0.00011364
-9.5718e-05
-7.7293e-05
-5.8435e-05
-3.9217e-05
-1.9713e-05
4.9401e-18
1.9845e-05
3.9743e-05
5.9615e-05
7.9382e-05
9.8963e-05
0.00011828
0.00013725
0.0001558
0.00017385
0.00019132
0.00020815
0.00022426
0.00023958
0.00025404
0.00026758
0.00028015
0.00029168
0.00030212
0.00031143
0.00031955
0.00032646
0.00033211
0.00033648
0.00033953
0.00034125
0.00034162
0.00034064
0.0003383
0.0003346
0.00032954
0.00032314
0.00031542
0.0003064
0.00029611
0.00028457
0.00027184
0.00025795
0.00024295
0.00022689
0.00020984
0.00019185
0.000173
0.00015334
0.00013297
0.00011194
9.0349e-05
6.8272e-05
4.5797e-05
2.301e-05
-1.8016e-18
-2.3141e-05
-4.6323e-05
-6.9453e-05
-9.2438e-05
-0.00011519
-0.0001376
-0.0001596
-0.00018109
-0.00020198
-0.00022218
-0.00024162
-0.0002602
-0.00027785
-0.00029449
-0.00031006
-0.00032448
-0.00033768
-0.00034963
-0.00036024
-0.00036949
-0.00037731
-0.00038368
-0.00038856
-0.00039193
-0.00039375
-0.00039402
-0.00039273
-0.00038987
-0.00038545
-0.00037947
-0.00037196
-0.00036293
-0.00035241
-0.00034043
-0.00032705
-0.00031229
-0.00029622
-0.00027888
-0.00026036
-0.0002407
-0.00021998
-0.00019829
-0.0001757
-0.00015229
-0.00012816
-0.00010341
-7.811e-05
-5.2377e-05
-2.6306e-05
-2.4689e-18
2.6438e-05
5.2903e-05
7.929e-05
0.00010549
0.00013141
0.00015693
0.00018196
0.00020638
0.00023011
0.00025304
0.00027508
0.00029614
0.00031612
0.00033494
0.00035253
0.0003688
0.00038369
0.00039713
0.00040906
0.00041942
0.00042816
0.00043525
0.00044065
0.00044432
0.00044625
0.00044642
0.00044481
0.00044144
0.0004363
0.0004294
0.00042077
0.00041043
0.00039841
0.00038476
0.00036952
0.00035274
0.00033449
0.00031482
0.00029382
0.00027156
0.00024811
0.00022358
0.00019805
0.00017162
0.00014439
0.00011646
8.7947e-05
5.8957e-05
2.9603e-05
-5.5579e-18
-2.9734e-05
-5.9483e-05
-8.9128e-05
-0.00011855
-0.00014763
-0.00017626
-0.00020431
-0.00023168
-0.00025824
-0.0002839
-0.00030855
-0.00033207
-0.00035439
-0.00037539
-0.000395
-0.00041313
-0.0004297
-0.00044463
-0.00045787
-0.00046935
-0.00047901
-0.00048682
-0.00049273
-0.00049672
-0.00049875
-0.00049881
-0.0004969
-0.00049301
-0.00048715
-0.00047933
-0.00046958
-0.00045793
-0.00044442
-0.00042909
-0.00041199
-0.00039319
-0.00037276
-0.00035076
-0.00032729
-0.00030242
-0.00027625
-0.00024887
-0.0002204
-0.00019095
-0.00016061
-0.00012952
-9.7785e-05
-6.5537e-05
-3.2899e-05
5.1565e-19
3.3031e-05
6.6063e-05
9.8965e-05
0.00013161
0.00016386
0.00019558
0.00022666
0.00025697
0.00028637
0.00031476
0.00034201
0.00036801
0.00039266
0.00041585
0.00043748
0.00045746
0.0004757
0.00049214
0.00050668
0.00051928
0.00052986
0.00053839
0.00054482
0.00054911
0.00055125
0.00055121
0.00054899
0.00054458
0.000538
0.00052926
0.0005184
0.00050544
0.00049043
0.00047341
0.00045447
0.00043364
0.00041103
0.0003867
0.00036075
0.00033327
0.00030438
0.00027417
0.00024276
0.00021027
0.00017683
0.00014257
0.00010762
7.2117e-05
3.6196e-05
-1.0755e-17
-3.6327e-05
-7.2643e-05
-0.0001088
-0.00014466
-0.00018008
-0.00021491
-0.00024902
-0.00028226
-0.0003145
-0.00034562
-0.00037547
-0.00040395
-0.00043093
-0.0004563
-0.00047995
-0.00050178
-0.00052171
-0.00053964
-0.00055549
-0.00056921
-0.00058071
-0.00058996
-0.00059691
-0.00060151
-0.00060375
-0.00060361
-0.00060107
-0.00059615
-0.00058885
-0.00057919
-0.00056721
-0.00055294
-0.00053643
-0.00051774
-0.00049694
-0.0004741
-0.0004493
-0.00042264
-0.00039421
-0.00036413
-0.00033251
-0.00029946
-0.00026511
-0.0002296
-0.00019306
-0.00015563
-0.00011746
-7.8697e-05
-3.9492e-05
4.9409e-18
3.9624e-05
7.9223e-05
0.00011864
0.00015772
0.0001963
0.00023424
0.00027137
0.00030755
0.00034263
0.00037648
0.00040894
0.00043989
0.0004692
0.00049675
0.00052242
0.00054611
0.00056772
0.00058714
0.00060431
0.00061914
0.00063156
0.00064153
0.00064899
0.00065391
0.00065625
0.000656
0.00065316
0.00064772
0.0006397
0.00062912
0.00061602
0.00060044
0.00058244
0.00056207
0.00053941
0.00051455
0.00048757
0.00045858
0.00042768
0.00039499
0.00036064
0.00032475
0.00028746
0.00024893
0.00020928
0.00016869
0.0001273
8.5277e-05
4.2789e-05
2.0051e-18
-4.292e-05
-8.5803e-05
-0.00012848
-0.00017078
-0.00021253
-0.00025356
-0.00029372
-0.00033284
-0.00037077
-0.00040734
-0.0004424
-0.00047583
-0.00050747
-0.0005372
-0.0005649
-0.00059044
-0.00061372
-0.00063465
-0.00065312
-0.00066907
-0.00068242
-0.0006931
-0.00070108
-0.0007063
-0.00070875
-0.0007084
-0.00070524
-0.00069929
-0.00069055
-0.00067905
-0.00066484
-0.00064795
-0.00062844
-0.0006064
-0.00058189
-0.000555
-0.00052584
-0.00049452
-0.00046114
-0.00042585
-0.00038877
-0.00035004
-0.00030982
-0.00026825
-0.00022551
-0.00018174
-0.00013714
-9.1857e-05
-4.6085e-05
1.0807e-17
4.6217e-05
9.2383e-05
0.00013832
0.00018383
0.00022875
0.00027289
0.00031608
0.00035814
0.0003989
0.00043819
0.00047587
0.00051177
0.00054574
0.00057765
0.00060737
0.00063477
0.00065973
0.00068215
0.00070193
0.000719
0.00073327
0.00074467
0.00075316
0.0007587
0.00076125
0.0007608
0.00075733
0.00075086
0.0007414
0.00072898
0.00071365
0.00069545
0.00067445
0.00065072
0.00062436
0.00059545
0.00056411
0.00053046
0.00049461
0.00045671
0.0004169
0.00037533
0.00033217
0.00028758
0.00024173
0.0001948
0.00014697
9.8437e-05
4.9382e-05
-3.089e-18
-4.9513e-05
-9.8963e-05
-0.00014815
-0.00019689
-0.00024497
-0.00029222
-0.00033843
-0.00038343
-0.00042703
-0.00046905
-0.00050933
-0.00054771
-0.00058401
-0.00061811
-0.00064984
-0.00067909
-0.00070573
-0.00072965
-0.00075075
-0.00076893
-0.00078412
-0.00079624
-0.00080525
-0.0008111
-0.00081375
-0.00081319
-0.00080942
-0.00080243
-0.00079225
-0.00077892
-0.00076246
-0.00074295
-0.00072046
-0.00069505
-0.00066683
-0.0006359
-0.00060238
-0.00056639
-0.00052807
-0.00048757
-0.00044503
-0.00040063
-0.00035453
-0.00030691
-0.00025795
-0.00020786
-0.00015681
-0.00010502
-5.2678e-05
1.8113e-17
5.281e-05
0.00010554
0.00015799
0.00020994
0.0002612
0.00031154
0.00036078
0.00040872
0.00045516
0.00049991
0.0005428
0.00058364
0.00062228
0.00065856
0.00069232
0.00072342
0.00075174
0.00077716
0.00079956
0.00081886
0.00083497
0.00084781
0.00085734
0.00086349
0.00086625
0.00086559
0.0008615
0.000854
0.0008431
0.00082885
0.00081128
0.00079046
0.00076646
0.00073938
0.00070931
0.00067636
0.00064065
0.00060233
0.00056154
0.00051843
0.00047316
0.00042592
0.00037688
0.00032623
0.00027418
0.00022091
0.00016665
0.0001116
5.5975e-05
-9.6239e-18
-5.6106e-05
-0.00011212
-0.00016783
-0.000223
-0.00027742
-0.00033087
-0.00038314
-0.00043401
-0.00048329
-0.00053077
-0.00057626
-0.00061958
-0.00066055
-0.00069901
-0.00073479
-0.00076775
-0.00079775
-0.00082466
-0.00084837
-0.00086879
-0.00088582
-0.00089938
-0.00090942
-0.00091589
-0.00091875
-0.00091798
-0.00091359
-0.00090557
-0.00089395
-0.00087878
-0.00086009
-0.00083796
-0.00081247
-0.00078371
-0.00075178
-0.00071681
-0.00067892
-0.00063827
-0.000595
-0.00054929
-0.00050129
-0.00045121
-0.00039923
-0.00034556
-0.0002904
-0.00023397
-0.00017649
-0.00011818
-5.9271e-05
2.3397e-21
5.9403e-05
0.0001187
0.00017767
0.00023606
0.00029364
0.0003502
0.00040549
0.0004593
0.00051142
0.00056163
0.00060973
0.00065552
0.00069883
0.00073946
0.00077726
0.00081207
0.00084375
0.00087216
0.00089719
0.00091872
0.00093667
0.00095095
0.00096151
0.00096829
0.00097125
0.00097038
0.00096567
0.00095714
0.0009448
0.00092871
0.0009089
0.00088546
0.00085847
0.00082803
0.00079425
0.00075726
0.0007172
0.00067421
0.00062847
0.00058014
0.00052942
0.0004765
0.00042159
0.00036489
0.00030662
0.00024702
0.00018632
0.00012476
6.2568e-05
-1.7599e-17
-6.2699e-05
-0.00012528
-0.0001875
-0.00024911
-0.00030987
-0.00036952
-0.00042784
-0.0004846
-0.00053955
-0.00059249
-0.00064319
-0.00069146
-0.0007371
-0.00077991
-0.00081974
-0.0008564
-0.00088976
-0.00091967
-0.000946
-0.00096865
-0.00098752
-0.0010025
-0.0010136
-0.0010207
-0.0010237
-0.0010228
-0.0010178
-0.0010087
-0.00099566
-0.00097864
-0.00095772
-0.00093297
-0.00090448
-0.00087236
-0.00083673
-0.00079771
-0.00075547
-0.00071015
-0.00066193
-0.000611
-0.00055755
-0.00050179
-0.00044394
-0.00038421
-0.00032285
-0.00026008
-0.00019616
-0.00013134
-6.5864e-05
-2.2637e-17
6.593e-05
0.0001316
0.00019675
0.00026112
0.00032447
0.00038653
0.00044707
0.00050584
0.00056262
0.00061717
0.0006693
0.00071877
0.00076542
0.00080904
0.00084947
0.00088654
0.00092012
0.00095007
0.00097627
0.00099861
0.001017
0.0010314
0.0010417
0.0010479
0.00105
0.0010479
0.0010417
0.0010314
0.001017
0.00099861
0.00097627
0.00095007
0.00092012
0.00088654
0.00084947
0.00080904
0.00076542
0.00071877
0.0006693
0.00061717
0.00056262
0.00050584
0.00044707
0.00038653
0.00032447
0.00026112
0.00019675
0.0001316
6.593e-05
4.1135e-18
-6.593e-05
-0.0001316
-0.00019675
-0.00026112
-0.00032447
-0.00038653
-0.00044707
-0.00050584
-0.00056262
-0.00061717
-0.0006693
-0.00071877
-0.00076542
-0.00080904
-0.00084947
-0.00088654
-0.00092012
-0.00095007
-0.00097627
-0.00099861
-0.001017
-0.0010314
-0.0010417
-0.0010479
-0.00105
-0.0010479
-0.0010417
-0.0010314
-0.001017
-0.00099861
-0.00097627
-0.00095007
-0.00092012
-0.00088654
-0.00084947
-0.00080904
-0.00076542
-0.00071877
-0.0006693
-0.00061717
-0.00056262
-0.00050584
-0.00044707
-0.00038653
-0.00032447
-0.00026112
-0.00019675
-0.0001316
-6.593e-05
-1.5433e-17
6.593e-05
0.0001316
0.00019675
0.00026112
0.00032447
0.00038653
0.00044707
0.00050584
0.00056262
0.00061717
0.0006693
0.00071877
0.00076542
0.00080904
0.00084947
0.00088654
0.00092012
0.00095007
0.00097627
0.00099861
0.001017
0.0010314
0.0010417
0.0010479
0.00105
0.0010479
0.0010417
0.0010314
0.001017
0.00099861
0.00097627
0.00095007
0.00092012
0.00088654
0.00084947
0.00080904
0.00076542
0.00071877
0.0006693
0.00061717
0.00056262
0.00050584
0.00044707
0.00038653
0.00032447
0.00026112
0.00019675
0.0001316
6.593e-05
2.6753e-17
-6.593e-05
-0.0001316
-0.00019675
-0.00026112
-0.00032447
-0.00038653
-0.00044707
-0.00050584
-0.00056262
-0.00061717
-0.0006693
-0.00071877
-0.00076542
-0.00080904
-0.00084947
-0.00088654
-0.00092012
-0.00095007
-0.00097627
-0.00099861
-0.001017
-0.0010314
-0.0010417
-0.0010479
-0.00105
-0.0010479
-0.0010417
-0.0010314
-0.001017
-0.00099861
-0.00097627
-0.00095007
-0.00092012
-0.00088654
-0.00084947
-0.00080904
-0.00076542
-0.00071877
-0.0006693
-0.00061717
-0.00056262
-0.00050584
-0.00044707
-0.00038653
-0.00032447
-0.00026112
-0.00019675
-0.0001316
-6.593e-05
-8.2296e-18
6.593e-05
0.0001316
0.00019675
0.00026112
0.00032447
0.00038653
0.00044707
0.00050584
0.00056262
0.00061717
0.0006693
0.00071877
0.00076542
0.00080904
0.00084947
0.00088654
0.00092012
0.00095007
0.00097627
0.00099861
0.001017
0.0010314
0.0010417
0.0010479
0.00105
0.0010479
0.0010417
0.0010314
0.001017
0.00099861
0.00097627
0.00095007
0.00092012
0.00088654
0.00084947
0.00080904
0.00076542
0.00071877
0.0006693
0.00061717
0.00056262
0.00050584
0.00044707
0.00038653
0.00032447
0.00026112
0.00019675
0.0001316
6.593e-05
1.9549e-17
-6.593e-05
-0.0001316
-0.00019675
-0.00026112
-0.00032447
-0.00038653
-0.00044707
-0.00050584
-0.00056262
-0.00061717
-0.0006693
-0.00071877
-0.00076542
-0.00080904
-0.00084947
-0.00088654
-0.00092012
-0.00095007
-0.00097627
-0.00099861
-0.001017
-0.0010314
-0.0010417
-0.0010479
-0.00105
-0.0010479
-0.0010417
-0.0010314
-0.001017
-0.00099861
-0.00097627
-0.00095007
-0.00092012
-0.00088654
-0.00084947
-0.00080904
-0.00076542
-0.00071877
-0.0006693
-0.00061717
-0.00056262
-0.00050584
-0.00044707
-0.00038653
-0.00032447
-0.00026112
-0.00019675
-0.0001316
-6.593e-05
-1.0261e-18
6.593e-05
0.0001316
0.00019675
0.00026112
0.00032447
0.00038653
0.00044707
0.00050584
0.00056262
0.00061717
0.0006693
0.00071877
0.00076542
0.00080904
0.00084947
0.00088654
0.00092012
0.00095007
0.00097627
0.00099861
0.001017
0.0010314
0.0010417
0.0010479
0.00105
0.0010479
0.0010417
0.0010314
0.001017
0.00099861
0.00097627
0.00095007
0.00092012
0.00088654
0.00084947
0.00080904
0.00076542
0.00071877
0.0006693
0.00061717
0.00056262
0.00050584
0.00044707
0.00038653
0.00032447
0.00026112
0.00019675
0.0001316
6.593e-05
1.2346e-17
-6.593e-05
-0.0001316
-0.00019675
-0.00026112
-0.00032447
-0.00038653
-0.00044707
-0.00050584
-0.00056262
-0.00061717
-0.0006693
-0.00071877
-0.00076542
-0.00080904
-0.00084947
-0.00088654
-0.00092012
-0.00095007
-0.00097627
-0.00099861
-0.001017
-0.0010314
-0.0010417
-0.0010479
-0.00105
-0.0010479
-0.0010417
-0.0010314
-0.001017
-0.00099861
-0.00097627
-0.00095007
-0.00092012
-0.00088654
-0.00084947
-0.00080904
-0.00076542
-0.00071877
-0.0006693
-0.00061717
-0.00056262
-0.00050584
-0.00044707
-0.00038653
-0.00032447
-0.00026112
-0.00019675
-0.0001316
-6.593e-05
-2.3665e-17
6.593e-05
0.0001316
0.00019675
0.00026112
0.00032447
0.00038653
0.00044707
0.00050584
0.00056262
0.00061717
0.0006693
0.00071877
0.00076542
0.00080904
0.00084947
0.00088654
0.00092012
0.00095007
0.00097627
0.00099861
0.001017
0.0010314
0.0010417
0.0010479
0.00105
0.0010479
0.0010417
0.0010314
0.001017
0.00099861
0.00097627
0.00095007
0.00092012
0.00088654
0.00084947
0.00080904
0.00076542
0.00071877
0.0006693
0.00061717
0.00056262
0.00050584
0.00044707
0.00038653
0.00032447
0.00026112
0.00019675
0.0001316
6.593e-05
5.1422e-18
-6.593e-05
-0.0001316
-0.00019675
-0.00026112
-0.00032447
-0.00038653
-0.00044707
-0.00050584
-0.00056262
-0.00061717
-0.0006693
-0.00071877
-0.00076542
-0.00080904
-0.00084947
-0.00088654
-0.00092012
-0.00095007
-0.00097627
-0.00099861
-0.001017
-0.0010314
-0.0010417
-0.0010479
-0.00105
-0.0010479
-0.0010417
-0.0010314
-0.001017
-0.00099861
-0.00097627
-0.00095007
-0.00092012
-0.00088654
-0.00084947
-0.00080904
-0.00076542
-0.00071877
-0.0006693
-0.00061717
-0.00056262
-0.00050584
-0.00044707
-0.00038653
-0.00032447
-0.00026112
-0.00019675
-0.0001316
-6.593e-05
-1.6462e-17
6.593e-05
0.0001316
0.00019675
0.00026112
0.00032447
0.00038653
0.00044707
0.00050584
0.00056262
0.00061717
0.0006693
0.00071877
0.00076542
0.00080904
0.00084947
0.00088654
0.00092012
0.00095007
0.00097627
0.00099861
0.001017
0.0010314
0.0010417
0.0010479
0.00105
0.0010479
0.0010417
0.0010314
0.001017
0.00099861
0.00097627
0.00095007
0.00092012
0.00088654
0.00084947
0.00080904
0.00076542
0.00071877
0.0006693
0.00061717
0.00056262
0.00050584
0.00044707
0.00038653
0.00032447
0.00026112
0.00019675
0.0001316
6.593e-05
-2.0613e-18
-6.593e-05
-0.0001316
-0.00019675
-0.00026112
-0.00032447
-0.00038653
-0.00044707
-0.00050584
-0.00056262
-0.00061717
-0.0006693
-0.00071877
-0.00076542
-0.00080904
-0.00084947
-0.00088654
-0.00092012
-0.00095007
-0.00097627
-0.00099861
-0.001017
-0.0010314
-0.0010417
-0.0010479
-0.00105
-0.0010479
-0.0010417
-0.0010314
-0.001017
-0.00099861
-0.00097627
-0.00095007
-0.00092012
-0.00088654
-0.00084947
-0.00080904
-0.00076542
-0.00071877
-0.0006693
-0.00061717
-0.00056262
-0.00050584
-0.00044707
-0.00038653
-0.00032447
-0.00026112
-0.00019675
-0.0001316
-6.593e-05
-9.2583e-18
6.593e-05
0.0001316
0.00019675
0.00026112
0.00032447
0.00038653
0.00044707
0.00050584
0.00056262
0.00061717
0.0006693
0.00071877
0.00076542
0.00080904
0.00084947
0.00088654
0.00092012
0.00095007
0.00097627
0.00099861
0.001017
0.0010314
0.0010417
0.0010479
0.00105
0.0010479
0.0010417
0.0010314
0.001017
0.00099861
0.00097627
0.00095007
0.00092012
0.00088654
0.00084947
0.00080904
0.00076542
0.00071877
0.0006693
0.00061717
0.00056262
0.00050584
0.00044707
0.00038653
0.00032447
0.00026112
0.00019675
0.0001316
6.593e-05
2.0578e-17
-6.593e-05
-0.0001316
-0.00019675
-0.00026112
-0.00032447
-0.00038653
-0.00044707
-0.00050584
-0.00056262
-0.00061717
-0.0006693
-0.00071877
-0.00076542
-0.00080904
-0.00084947
-0.00088654
-0.00092012
-0.00095007
-0.00097627
-0.00099861
-0.001017
-0.0010314
-0.0010417
-0.0010479
-0.00105
-0.0010479
-0.0010417
-0.0010314
-0.001017
-0.00099861
-0.00097627
-0.00095007
-0.00092012
-0.00088654
-0.00084947
-0.00080904
-0.00076542
-0.00071877
-0.0006693
-0.00061717
-0.00056262
-0.00050584
-0.00044707
-0.00038653
-0.00032447
-0.00026112
-0.00019675
-0.0001316
-6.593e-05
-2.0548e-18
6.593e-05
0.0001316
0.00019675
0.00026112
0.00032447
0.00038653
0.00044707
0.00050584
0.00056262
0.00061717
0.0006693
0.00071877
0.00076542
0.00080904
0.00084947
0.00088654
0.00092012
0.00095007
0.00097627
0.00099861
0.001017
0.0010314
0.0010417
0.0010479
0.00105
0.0010479
0.0010417
0.0010314
0.001017
0.00099861
0.00097627
0.00095007
0.00092012
0.00088654
0.00084947
0.00080904
0.00076542
0.00071877
0.0006693
0.00061717
0.00056262
0.00050584
0.00044707
0.00038653
0.00032447
0.00026112
0.00019675
0.0001316
6.593e-05
1.3374e-17
-6.593e-05
-0.0001316
-0.00019675
-0.00026112
-0.00032447
-0.00038653
-0.00044707
-0.00050584
-0.00056262
-0.00061717
-0.0006693
-0.00071877
-0.00076542
-0.00080904
-0.00084947
-0.00088654
-0.00092012
-0.00095007
-0.00097627
-0.00099861
-0.001017
-0.0010314
-0.0010417
-0.0010479
-0.00105
-0.0010479
-0.0010417
-0.0010314
-0.001017
-0.00099861
-0.00097627
-0.00095007
-0.00092012
-0.00088654
-0.00084947
-0.00080904
-0.00076542
-0.00071877
-0.0006693
-0.00061717
-0.00056262
-0.00050584
-0.00044707
-0.00038653
-0.00032447
-0.00026112
-0.00019675
-0.0001316
-6.593e-05
5.1487e-18
6.593e-05
0.0001316
0.00019675
0.00026112
0.00032447
0.00038653
0.00044707
0.00050584
0.00056262
0.00061717
0.0006693
0.00071877
0.00076542
0.00080904
0.00084947
0.00088654
0.00092012
0.00095007
0.00097627
0.00099861
0.001017
0.0010314
0.0010417
0.0010479
0.00105
0.0010479
0.0010417
0.0010314
0.001017
0.00099861
0.00097627
0.00095007
0.00092012
0.00088654
0.00084947
0.00080904
0.00076542
0.00071877
0.0006693
0.00061717
0.00056262
0.00050584
0.00044707
0.00038653
0.00032447
0.00026112
0.00019675
0.0001316
6.593e-05
6.1709e-18
-6.593e-05
-0.0001316
-0.00019675
-0.00026112
-0.00032447
-0.00038653
-0.00044707
-0.00050584
-0.00056262
-0.00061717
-0.0006693
-0.00071877
-0.00076542
-0.00080904
-0.00084947
-0.00088654
-0.00092012
-0.00095007
-0.00097627
-0.00099861
-0.001017
-0.0010314
-0.0010417
-0.0010479
-0.00105
-0.0010479
-0.0010417
-0.0010314
-0.001017
-0.00099861
-0.00097627
-0.00095007
-0.00092012
-0.00088654
-0.00084947
-0.00080904
-0.00076542
-0.00071877
-0.0006693
-0.00061717
-0.00056262
-0.00050584
-0.00044707
-0.00038653
-0.00032447
-0.00026112
-0.00019675
-0.0001316
-6.593e-05
-1.7491e-17
6.593e-05
0.0001316
0.00019675
0.00026112
0.00032447
0.00038653
0.00044707
0.00050584
0.00056262
0.00061717
0.0006693
0.00071877
0.00076542
0.00080904
0.00084947
0.00088654
0.00092012
0.00095007
0.00097627
0.00099861
0.001017
0.0010314
0.0010417
0.0010479
0.00105
0.0010479
0.0010417
0.0010314
0.001017
0.00099861
0.00097627
0.00095007
0.00092012
0.00088654
0.00084947
0.00080904
0.00076542
0.00071877
0.0006693
0.00061717
0.00056262
0.00050584
0.00044707
0.00038653
0.00032447
0.00026112
0.00019675
0.0001316
6.593e-05
-1.0326e-18
-6.593e-05
-0.0001316
-0.00019675
-0.00026112
-0.00032447
-0.00038653
-0.00044707
-0.00050584
-0.00056262
-0.00061717
-0.0006693
-0.00071877
-0.00076542
-0.00080904
-0.00084947
-0.00088654
-0.00092012
-0.00095007
-0.00097627
-0.00099861
-0.001017
-0.0010314
-0.0010417
-0.0010479
-0.00105
-0.0010479
-0.0010417
-0.0010314
-0.001017
-0.00099861
-0.00097627
-0.00095007
-0.00092012
-0.00088654
-0.00084947
-0.00080904
-0.00076542
-0.00071877
-0.0006693
-0.00061717
-0.00056262
-0.00050584
-0.00044707
-0.00038653
-0.00032447
-0.00026112
-0.00019675
-0.0001316
-6.593e-05
-1.0287e-17
6.593e-05
0.0001316
0.00019675
0.00026112
0.00032447
0.00038653
0.00044707
0.00050584
0.00056262
0.00061717
0.0006693
0.00071877
0.00076542
0.00080904
0.00084947
0.00088654
0.00092012
0.00095007
0.00097627
0.00099861
0.001017
0.0010314
0.0010417
0.0010479
0.00105
0.0010479
0.0010417
0.0010314
0.001017
0.00099861
0.00097627
0.00095007
0.00092012
0.00088654
0.00084947
0.00080904
0.00076542
0.00071877
0.0006693
0.00061717
0.00056262
0.00050584
0.00044707
0.00038653
0.00032447
0.00026112
0.00019675
0.0001316
6.593e-05
2.1607e-17
-6.593e-05
-0.0001316
-0.00019675
-0.00026112
-0.00032447
-0.00038653
-0.00044707
-0.00050584
-0.00056262
-0.00061717
-0.0006693
-0.00071877
-0.00076542
-0.00080904
-0.00084947
-0.00088654
-0.00092012
-0.00095007
-0.00097627
-0.00099861
-0.001017
-0.0010314
-0.0010417
-0.0010479
-0.00105
-0.0010479
-0.0010417
-0.0010314
-0.001017
-0.00099861
-0.00097627
-0.00095007
-0.00092012
-0.00088654
-0.00084947
-0.00080904
-0.00076542
-0.00071877
-0.0006693
-0.00061717
-0.00056262
-0.00050584
-0.00044707
-0.00038653
-0.00032447
-0.00026112
-0.00019675
-0.0001316
-6.593e-05
-3.2926e-17
6.593e-05
0.0001316
0.00019675
0.00026112
0.00032447
0.00038653
0.00044707
0.00050584
0.00056262
0.00061717
0.0006693
0.00071877
0.00076542
0.00080904
0.00084947
0.00088654
0.00092012
0.00095007
0.00097627
0.00099861
0.001017
0.0010314
0.0010417
0.0010479
0.00105
0.0010479
0.0010417
0.0010314
0.001017
0.00099861
0.00097627
0.00095007
0.00092012
0.00088654
0.00084947
0.00080904
0.00076542
0.00071877
0.0006693
0.00061717
0.00056262
0.00050584
0.00044707
0.00038653
0.00032447
0.00026112
0.00019675
0.0001316
6.593e-05
-1.544e-17
-6.593e-05
-0.0001316
-0.00019675
-0.00026112
-0.00032447
-0.00038653
-0.00044707
-0.00050584
-0.00056262
-0.00061717
-0.0006693
-0.00071877
-0.00076542
-0.00080904
-0.00084947
-0.00088654
-0.00092012
-0.00095007
-0.00097627
-0.00099861
-0.001017
-0.0010314
-0.0010417
-0.0010479
-0.00105
-0.0010479
-0.0010417
-0.0010314
-0.001017
-0.00099861
-0.00097627
-0.00095007
-0.00092012
-0.00088654
-0.00084947
-0.00080904
-0.00076542
-0.00071877
-0.0006693
-0.00061717
-0.00056262
-0.00050584
-0.00044707
-0.00038653
-0.00032447
-0.00026112
-0.00019675
-0.0001316
-6.593e-05
4.12e-18
6.593e-05
0.0001316
0.00019675
0.00026112
0.00032447
0.00038653
0.00044707
0.00050584
0.00056262
0.00061717
0.0006693
0.00071877
0.00076542
0.00080904
0.00084947
0.00088654
0.00092012
0.00095007
0.00097627
0.00099861
0.001017
0.0010314
0.0010417
0.0010479
0.00105
0.0010479
0.0010417
0.0010314
0.001017
0.00099861
0.00097627
0.00095007
0.00092012
0.00088654
0.00084947
0.00080904
0.00076542
0.00071877
0.0006693
0.00061717
0.00056262
0.00050584
0.00044707
0.00038653
0.00032447
0.00026112
0.00019675
0.0001316
6.593e-05
7.1996e-18
-6.593e-05
-0.0001316
-0.00019675
-0.00026112
-0.00032447
-0.00038653
-0.00044707
-0.00050584
-0.00056262
-0.00061717
-0.0006693
-0.00071877
-0.00076542
-0.00080904
-0.00084947
-0.00088654
-0.00092012
-0.00095007
-0.00097627
-0.00099861
-0.001017
-0.0010314
-0.0010417
-0.0010479
-0.00105
-0.0010479
-0.0010417
-0.0010314
-0.001017
-0.00099861
-0.00097627
-0.00095007
-0.00092012
-0.00088654
-0.00084947
-0.00080904
-0.00076542
-0.00071877
-0.0006693
-0.00061717
-0.00056262
-0.00050584
-0.00044707
-0.00038653
-0.00032447
-0.00026112
-0.00019675
-0.0001316
-6.593e-05
-1.8519e-17
6.593e-05
0.0001316
0.00019675
0.00026112
0.00032447
0.00038653
0.00044707
0.00050584
0.00056262
0.00061717
0.0006693
0.00071877
0.00076542
0.00080904
0.00084947
0.00088654
0.00092012
0.00095007
0.00097627
0.00099861
0.001017
0.0010314
0.0010417
0.0010479
0.00105
0.0010479
0.0010417
0.0010314
0.001017
0.00099861
0.00097627
0.00095007
0.00092012
0.00088654
0.00084947
0.00080904
0.00076542
0.00071877
0.0006693
0.00061717
0.00056262
0.00050584
0.00044707
0.00038653
0.00032447
0.00026112
0.00019675
0.0001316
6.593e-05
-2.9847e-17
-6.593e-05
-0.0001316
-0.00019675
-0.00026112
-0.00032447
-0.00038653
-0.00044707
-0.00050584
-0.00056262
-0.00061717
-0.0006693
-0.00071877
-0.00076542
-0.00080904
-0.00084947
-0.00088654
-0.00092012
-0.00095007
-0.00097627
-0.00099861
-0.001017
-0.0010314
-0.0010417
-0.0010479
-0.00105
-0.0010479
-0.0010417
-0.0010314
-0.001017
-0.00099861
-0.00097627
-0.00095007
-0.00092012
-0.00088654
-0.00084947
-0.00080904
-0.00076542
-0.00071877
-0.0006693
-0.00061717
-0.00056262
-0.00050584
-0.00044707
-0.00038653
-0.00032447
-0.00026112
-0.00019675
-0.0001316
-6.593e-05
1.8527e-17
6.593e-05
0.0001316
0.00019675
0.00026112
0.00032447
0.00038653
0.00044707
0.00050584
0.00056262
0.00061717
0.0006693
0.00071877
0.00076542
0.00080904
0.00084947
0.00088654
0.00092012
0.00095007
0.00097627
0.00099861
0.001017
0.0010314
0.0010417
0.0010479
0.00105
0.0010479
0.0010417
0.0010314
0.001017
0.00099861
0.00097627
0.00095007
0.00092012
0.00088654
0.00084947
0.00080904
0.00076542
0.00071877
0.0006693
0.00061717
0.00056262
0.00050584
0.00044707
0.00038653
0.00032447
0.00026112
0.00019675
0.0001316
6.593e-05
-7.2074e-18
-6.593e-05
-0.0001316
-0.00019675
-0.00026112
-0.00032447
-0.00038653
-0.00044707
-0.00050584
-0.00056262
-0.00061717
-0.0006693
-0.00071877
-0.00076542
-0.00080904
-0.00084947
-0.00088654
-0.00092012
-0.00095007
-0.00097627
-0.00099861
-0.001017
-0.0010314
-0.0010417
-0.0010479
-0.00105
-0.0010479
-0.0010417
-0.0010314
-0.001017
-0.00099861
-0.00097627
-0.00095007
-0.00092012
-0.00088654
-0.00084947
-0.00080904
-0.00076542
-0.00071877
-0.0006693
-0.00061717
-0.00056262
-0.00050584
-0.00044707
-0.00038653
-0.00032447
-0.00026112
-0.00019675
-0.0001316
-6.593e-05
-4.1122e-18
6.593e-05
0.0001316
0.00019675
0.00026112
0.00032447
0.00038653
0.00044707
0.00050584
0.00056262
0.00061717
0.0006693
0.00071877
0.00076542
0.00080904
0.00084947
0.00088654
0.00092012
0.00095007
0.00097627
0.00099861
0.001017
0.0010314
0.0010417
0.0010479
0.00105
0.0010479
0.0010417
0.0010314
0.001017
0.00099861
0.00097627
0.00095007
0.00092012
0.00088654
0.00084947
0.00080904
0.00076542
0.00071877
0.0006693
0.00061717
0.00056262
0.00050584
0.00044707
0.00038653
0.00032447
0.00026112
0.00019675
0.0001316
6.593e-05
1.5432e-17
-6.593e-05
-0.0001316
-0.00019675
-0.00026112
-0.00032447
-0.00038653
-0.00044707
-0.00050584
-0.00056262
-0.00061717
-0.0006693
-0.00071877
-0.00076542
-0.00080904
-0.00084947
-0.00088654
-0.00092012
-0.00095007
-0.00097627
-0.00099861
-0.001017
-0.0010314
-0.0010417
-0.0010479
-0.00105
-0.0010479
-0.0010417
-0.0010314
-0.001017
-0.00099861
-0.00097627
-0.00095007
-0.00092012
-0.00088654
-0.00084947
-0.00080904
-0.00076542
-0.00071877
-0.0006693
-0.00061717
-0.00056262
-0.00050584
-0.00044707
-0.00038653
-0.00032447
-0.00026112
-0.00019675
-0.0001316
-6.593e-05
3.2934e-17
6.593e-05
0.0001316
0.00019675
0.00026112
0.00032447
0.00038653
0.00044707
0.00050584
0.00056262
0.00061717
0.0006693
0.00071877
0.00076542
0.00080904
0.00084947
0.00088654
0.00092012
0.00095007
0.00097627
0.00099861
0.001017
0.0010314
0.0010417
0.0010479
0.00105
0.0010479
0.0010417
0.0010314
0.001017
0.00099861
0.00097627
0.00095007
0.00092012
0.00088654
0.00084947
0.00080904
0.00076542
0.00071877
0.0006693
0.00061717
0.00056262
0.00050584
0.00044707
0.00038653
0.00032447
0.00026112
0.00019675
0.0001316
6.593e-05
-2.1614e-17
-6.593e-05
-0.0001316
-0.00019675
-0.00026112
-0.00032447
-0.00038653
-0.00044707
-0.00050584
-0.00056262
-0.00061717
-0.0006693
-0.00071877
-0.00076542
-0.00080904
-0.00084947
-0.00088654
-0.00092012
-0.00095007
-0.00097627
-0.00099861
-0.001017
-0.0010314
-0.0010417
-0.0010479
-0.00105
-0.0010479
-0.0010417
-0.0010314
-0.001017
-0.00099861
-0.00097627
-0.00095007
-0.00092012
-0.00088654
-0.00084947
-0.00080904
-0.00076542
-0.00071877
-0.0006693
-0.00061717
-0.00056262
-0.00050584
-0.00044707
-0.00038653
-0.00032447
-0.00026112
-0.00019675
-0.0001316
-6.593e-05
1.0295e-17
6.593e-05
0.0001316
0.00019675
0.00026112
0.00032447
0.00038653
0.00044707
0.00050584
0.00056262
0.00061717
0.0006693
0.00071877
0.00076542
0.00080904
0.00084947
0.00088654
0.00092012
0.00095007
0.00097627
0.00099861
0.001017
0.0010314
0.0010417
0.0010479
0.00105
0.0010479
0.0010417
0.0010314
0.001017
0.00099861
0.00097627
0.00095007
0.00092012
0.00088654
0.00084947
0.00080904
0.00076542
0.00071877
0.0006693
0.00061717
0.00056262
0.00050584
0.00044707
0.00038653
0.00032447
0.00026112
0.00019675
0.0001316
6.593e-05
1.0248e-18
-6.593e-05
-0.0001316
-0.00019675
-0.00026112
-0.00032447
-0.00038653
-0.00044707
-0.00050584
-0.00056262
-0.00061717
-0.0006693
-0.00071877
-0.00076542
-0.00080904
-0.00084947
-0.00088654
-0.00092012
-0.00095007
-0.00097627
-0.00099861
-0.001017
-0.0010314
-0.0010417
-0.0010479
-0.00105
-0.0010479
-0.0010417
-0.0010314
-0.001017
-0.00099861
-0.00097627
-0.00095007
-0.00092012
-0.00088654
-0.00084947
-0.00080904
-0.00076542
-0.00071877
-0.0006693
-0.00061717
-0.00056262
-0.00050584
-0.00044707
-0.00038653
-0.00032447
-0.00026112
-0.00019675
-0.0001316
-6.593e-05
-1.2344e-17
6.593e-05
0.0001316
0.00019675
0.00026112
0.00032447
0.00038653
0.00044707
0.00050584
0.00056262
0.00061717
0.0006693
0.00071877
0.00076542
0.00080904
0.00084947
0.00088654
0.00092012
0.00095007
0.00097627
0.00099861
0.001017
0.0010314
0.0010417
0.0010479
0.00105
0.0010479
0.0010417
0.0010314
0.001017
0.00099861
0.00097627
0.00095007
0.00092012
0.00088654
0.00084947
0.00080904
0.00076542
0.00071877
0.0006693
0.00061717
0.00056262
0.00050584
0.00044707
0.00038653
0.00032447
0.00026112
0.00019675
0.0001316
6.593e-05
-3.6022e-17
-6.593e-05
-0.0001316
-0.00019675
-0.00026112
-0.00032447
-0.00038653
-0.00044707
-0.00050584
-0.00056262
-0.00061717
-0.0006693
-0.00071877
-0.00076542
-0.00080904
-0.00084947
-0.00088654
-0.00092012
-0.00095007
-0.00097627
-0.00099861
-0.001017
-0.0010314
-0.0010417
-0.0010479
-0.00105
-0.0010479
-0.0010417
-0.0010314
-0.001017
-0.00099861
-0.00097627
-0.00095007
-0.00092012
-0.00088654
-0.00084947
-0.00080904
-0.00076542
-0.00071877
-0.0006693
-0.00061717
-0.00056262
-0.00050584
-0.00044707
-0.00038653
-0.00032447
-0.00026112
-0.00019675
-0.0001316
-6.593e-05
2.4702e-17
6.593e-05
0.0001316
0.00019675
0.00026112
0.00032447
0.00038653
0.00044707
0.00050584
0.00056262
0.00061717
0.0006693
0.00071877
0.00076542
0.00080904
0.00084947
0.00088654
0.00092012
0.00095007
0.00097627
0.00099861
0.001017
0.0010314
0.0010417
0.0010479
0.00105
0.0010479
0.0010417
0.0010314
0.001017
0.00099861
0.00097627
0.00095007
0.00092012
0.00088654
0.00084947
0.00080904
0.00076542
0.00071877
0.0006693
0.00061717
0.00056262
0.00050584
0.00044707
0.00038653
0.00032447
0.00026112
0.00019675
0.0001316
6.593e-05
-1.3382e-17
-6.593e-05
-0.0001316
-0.00019675
-0.00026112
-0.00032447
-0.00038653
-0.00044707
-0.00050584
-0.00056262
-0.00061717
-0.0006693
-0.00071877
-0.00076542
-0.00080904
-0.00084947
-0.00088654
-0.00092012
-0.00095007
-0.00097627
-0.00099861
-0.001017
-0.0010314
-0.0010417
-0.0010479
-0.00105
-0.0010479
-0.0010417
-0.0010314
-0.001017
-0.00099861
-0.00097627
-0.00095007
-0.00092012
-0.00088654
-0.00084947
-0.00080904
-0.00076542
-0.00071877
-0.0006693
-0.00061717
-0.00056262
-0.00050584
-0.00044707
-0.00038653
-0.00032447
-0.00026112
-0.00019675
-0.0001316
-6.593e-05
2.0626e-18
6.593e-05
0.0001316
0.00019675
0.00026112
0.00032447
0.00038653
0.00044707
0.00050584
0.00056262
0.00061717
0.0006693
0.00071877
0.00076542
0.00080904
0.00084947
0.00088654
0.00092012
0.00095007
0.00097627
0.00099861
0.001017
0.0010314
0.0010417
0.0010479
0.00105
0.0010479
0.0010417
0.0010314
0.001017
0.00099861
0.00097627
0.00095007
0.00092012
0.00088654
0.00084947
0.00080904
0.00076542
0.00071877
0.0006693
0.00061717
0.00056262
0.00050584
0.00044707
0.00038653
0.00032447
0.00026112
0.00019675
0.0001316
6.593e-05
9.257e-18
-6.593e-05
-0.0001316
-0.00019675
-0.00026112
-0.00032447
-0.00038653
-0.00044707
-0.00050584
-0.00056262
-0.00061717
-0.0006693
-0.00071877
-0.00076542
-0.00080904
-0.00084947
-0.00088654
-0.00092012
-0.00095007
-0.00097627
-0.00099861
-0.001017
-0.0010314
-0.0010417
-0.0010479
-0.00105
-0.0010479
-0.0010417
-0.0010314
-0.001017
-0.00099861
-0.00097627
-0.00095007
-0.00092012
-0.00088654
-0.00084947
-0.00080904
-0.00076542
-0.00071877
-0.0006693
-0.00061717
-0.00056262
-0.00050584
-0.00044707
-0.00038653
-0.00032447
-0.00026112
-0.00019675
-0.0001316
-6.593e-05
-2.0577e-17
6.593e-05
0.0001316
0.00019675
0.00026112
0.00032447
0.00038653
0.00044707
0.00050584
0.00056262
0.00061717
0.0006693
0.00071877
0.00076542
0.00080904
0.00084947
0.00088654
0.00092012
0.00095007
0.00097627
0.00099861
0.001017
0.0010314
0.0010417
0.0010479
0.00105
0.0010479
0.0010417
0.0010314
0.001017
0.00099861
0.00097627
0.00095007
0.00092012
0.00088654
0.00084947
0.00080904
0.00076542
0.00071877
0.0006693
0.00061717
0.00056262
0.00050584
0.00044707
0.00038653
0.00032447
0.00026112
0.00019675
0.0001316
6.593e-05
3.1896e-17
-6.593e-05
-0.0001316
-0.00019675
-0.00026112
-0.00032447
-0.00038653
-0.00044707
-0.00050584
-0.00056262
-0.00061717
-0.0006693
-0.00071877
-0.00076542
-0.00080904
-0.00084947
-0.00088654
-0.00092012
-0.00095007
-0.00097627
-0.00099861
-0.001017
-0.0010314
-0.0010417
-0.0010479
-0.00105
-0.0010479
-0.0010417
-0.0010314
-0.001017
-0.00099861
-0.00097627
-0.00095007
-0.00092012
-0.00088654
-0.00084947
-0.00080904
-0.00076542
-0.00071877
-0.0006693
-0.00061717
-0.00056262
-0.00050584
-0.00044707
-0.00038653
-0.00032447
-0.00026112
-0.00019675
-0.0001316
-6.593e-05
1.647e-17
6.593e-05
0.0001316
0.00019675
0.00026112
0.00032447
0.00038653
0.00044707
0.00050584
0.00056262
0.00061717
0.0006693
0.00071877
0.00076542
0.00080904
0.00084947
0.00088654
0.00092012
0.00095007
0.00097627
0.00099861
0.001017
0.0010314
0.0010417
0.0010479
0.00105
0.0010479
0.0010417
0.0010314
0.001017
0.00099861
0.00097627
0.00095007
0.00092012
0.00088654
0.00084947
0.00080904
0.00076542
0.00071877
0.0006693
0.00061717
0.00056262
0.00050584
0.00044707
0.00038653
0.00032447
0.00026112
0.00019675
0.0001316
6.593e-05
-5.15e-18
-6.593e-05
-0.0001316
-0.00019675
-0.00026112
-0.00032447
-0.00038653
-0.00044707
-0.00050584
-0.00056262
-0.00061717
-0.0006693
-0.00071877
-0.00076542
-0.00080904
-0.00084947
-0.00088654
-0.00092012
-0.00095007
-0.00097627
-0.00099861
-0.001017
-0.0010314
-0.0010417
-0.0010479
-0.00105
-0.0010479
-0.0010417
-0.0010314
-0.001017
-0.00099861
-0.00097627
-0.00095007
-0.00092012
-0.00088654
-0.00084947
-0.00080904
-0.00076542
-0.00071877
-0.0006693
-0.00061717
-0.00056262
-0.00050584
-0.00044707
-0.00038653
-0.00032447
-0.00026112
-0.00019675
-0.0001316
-6.593e-05
-6.1696e-18
6.593e-05
0.0001316
0.00019675
0.00026112
0.00032447
0.00038653
0.00044707
0.00050584
0.00056262
0.00061717
0.0006693
0.00071877
0.00076542
0.00080904
0.00084947
0.00088654
0.00092012
0.00095007
0.00097627
0.00099861
0.001017
0.0010314
0.0010417
0.0010479
0.00105
0.0010479
0.0010417
0.0010314
0.001017
0.00099861
0.00097627
0.00095007
0.00092012
0.00088654
0.00084947
0.00080904
0.00076542
0.00071877
0.0006693
0.00061717
0.00056262
0.00050584
0.00044707
0.00038653
0.00032447
0.00026112
0.00019675
0.0001316
6.593e-05
1.7489e-17
-6.593e-05
-0.0001316
-0.00019675
-0.00026112
-0.00032447
-0.00038653
-0.00044707
-0.00050584
-0.00056262
-0.00061717
-0.0006693
-0.00071877
-0.00076542
-0.00080904
-0.00084947
-0.00088654
-0.00092012
-0.00095007
-0.00097627
-0.00099861
-0.001017
-0.0010314
-0.0010417
-0.0010479
-0.00105
-0.0010479
-0.0010417
-0.0010314
-0.001017
-0.00099861
-0.00097627
-0.00095007
-0.00092012
-0.00088654
-0.00084947
-0.00080904
-0.00076542
-0.00071877
-0.0006693
-0.00061717
-0.00056262
-0.00050584
-0.00044707
-0.00038653
-0.00032447
-0.00026112
-0.00019675
-0.0001316
-6.593e-05
-2.8809e-17
6.593e-05
0.0001316
0.00019675
0.00026112
0.00032447
0.00038653
0.00044707
0.00050584
0.00056262
0.00061717
0.0006693
0.00071877
0.00076542
0.00080904
0.00084947
0.00088654
0.00092012
0.00095007
0.00097627
0.00099861
0.001017
0.0010314
0.0010417
0.0010479
0.00105
0.0010479
0.0010417
0.0010314
0.001017
0.00099861
0.00097627
0.00095007
0.00092012
0.00088654
0.00084947
0.00080904
0.00076542
0.00071877
0.0006693
0.00061717
0.00056262
0.00050584
0.00044707
0.00038653
0.00032447
0.00026112
0.00019675
0.0001316
6.593e-05
-1.9557e-17
-6.593e-05
-0.0001316
-0.00019675
-0.00026112
-0.00032447
-0.00038653
-0.00044707
-0.00050584
-0.00056262
-0.00061717
-0.0006693
-0.00071877
-0.00076542
-0.00080904
-0.00084947
-0.00088654
-0.00092012
-0.00095007
-0.00097627
-0.00099861
-0.001017
-0.0010314
-0.0010417
-0.0010479
-0.00105
-0.0010479
-0.0010417
-0.0010314
-0.001017
-0.00099861
-0.00097627
-0.00095007
-0.00092012
-0.00088654
-0.00084947
-0.00080904
-0.00076542
-0.00071877
-0.0006693
-0.00061717
-0.00056262
-0.00050584
-0.00044707
-0.00038653
-0.00032447
-0.00026112
-0.00019675
-0.0001316
-6.593e-05
8.2374e-18
6.593e-05
0.0001316
0.00019675
0.00026112
0.00032447
0.00038653
0.00044707
0.00050584
0.00056262
0.00061717
0.0006693
0.00071877
0.00076542
0.00080904
0.00084947
0.00088654
0.00092012
0.00095007
0.00097627
0.00099861
0.001017
0.0010314
0.0010417
0.0010479
0.00105
0.0010479
0.0010417
0.0010314
0.001017
0.00099861
0.00097627
0.00095007
0.00092012
0.00088654
0.00084947
0.00080904
0.00076542
0.00071877
0.0006693
0.00061717
0.00056262
0.00050584
0.00044707
0.00038653
0.00032447
0.00026112
0.00019675
0.0001316
6.593e-05
3.0822e-18
-6.593e-05
-0.0001316
-0.00019675
-0.00026112
-0.00032447
-0.00038653
-0.00044707
-0.00050584
-0.00056262
-0.00061717
-0.0006693
-0.00071877
-0.00076542
-0.00080904
-0.00084947
-0.00088654
-0.00092012
-0.00095007
-0.00097627
-0.00099861
-0.001017
-0.0010314
-0.0010417
-0.0010479
-0.00105
-0.0010479
-0.0010417
-0.0010314
-0.001017
-0.00099861
-0.00097627
-0.00095007
-0.00092012
-0.00088654
-0.00084947
-0.00080904
-0.00076542
-0.00071877
-0.0006693
-0.00061717
-0.00056262
-0.00050584
-0.00044707
-0.00038653
-0.00032447
-0.00026112
-0.00019675
-0.0001316
-6.593e-05
-1.4402e-17
6.593e-05
0.0001316
0.00019675
0.00026112
0.00032447
0.00038653
0.00044707
0.00050584
0.00056262
0.00061717
0.0006693
0.00071877
0.00076542
0.00080904
0.00084947
0.00088654
0.00092012
0.00095007
0.00097627
0.00099861
0.001017
0.0010314
0.0010417
0.0010479
0.00105
0.0010479
0.0010417
0.0010314
0.001017
0.00099861
0.00097627
0.00095007
0.00092012
0.00088654
0.00084947
0.00080904
0.00076542
0.00071877
0.0006693
0.00061717
0.00056262
0.00050584
0.00044707
0.00038653
0.00032447
0.00026112
0.00019675
0.0001316
6.593e-05
2.5721e-17
-6.593e-05
-0.0001316
-0.00019675
-0.00026112
-0.00032447
-0.00038653
-0.00044707
-0.00050584
-0.00056262
-0.00061717
-0.0006693
-0.00071877
-0.00076542
-0.00080904
-0.00084947
-0.00088654
-0.00092012
-0.00095007
-0.00097627
-0.00099861
-0.001017
-0.0010314
-0.0010417
-0.0010479
-0.00105
-0.0010479
-0.0010417
-0.0010314
-0.001017
-0.00099861
-0.00097627
-0.00095007
-0.00092012
-0.00088654
-0.00084947
-0.00080904
-0.00076542
-0.00071877
-0.0006693
-0.00061717
-0.00056262
-0.00050584
-0.00044707
-0.00038653
-0.00032447
-0.00026112
-0.00019675
-0.0001316
-6.593e-05
2.2644e-17
6.593e-05
0.0001316
0.00019675
0.00026112
0.00032447
0.00038653
0.00044707
0.00050584
0.00056262
0.00061717
0.0006693
0.00071877
0.00076542
0.00080904
0.00084947
0.00088654
0.00092012
0.00095007
0.00097627
0.00099861
0.001017
0.0010314
0.0010417
0.0010479
0.00105
0.0010479
0.0010417
0.0010314
0.001017
0.00099861
0.00097627
0.00095007
0.00092012
0.00088654
0.00084947
0.00080904
0.00076542
0.00071877
0.0006693
0.00061717
0.00056262
0.00050584
0.00044707
0.00038653
0.00032447
0.00026112
0.00019675
0.0001316
6.593e-05
-1.1325e-17
-6.593e-05
-0.0001316
-0.00019675
-0.00026112
-0.00032447
-0.00038653
-0.00044707
-0.00050584
-0.00056262
-0.00061717
-0.0006693
-0.00071877
-0.00076542
-0.00080904
-0.00084947
-0.00088654
-0.00092012
-0.00095007
-0.00097627
-0.00099861
-0.001017
-0.0010314
-0.0010417
-0.0010479
-0.00105
-0.0010479
-0.0010417
-0.0010314
-0.001017
-0.00099861
-0.00097627
-0.00095007
-0.00092012
-0.00088654
-0.00084947
-0.00080904
-0.00076542
-0.00071877
-0.0006693
-0.00061717
-0.00056262
-0.00050584
-0.00044707
-0.00038653
-0.00032447
-0.00026112
-0.00019675
-0.0001316
-6.593e-05
5.1942e-21
6.5798e-05
0.00013121
0.00019596
0.00025982
0.00032252
0.00038383
0.00044349
0.00050129
0.00055699
0.00061039
0.00066126
0.00070943
0.0007547
0.0007969
0.00083588
0.00087147
0.00090356
0.00093202
0.00095674
0.00097764
0.00099464
0.0010077
0.0010167
0.0010217
0.0010227
0.0010196
0.0010126
0.0010015
0.0009865
0.00096765
0.00094502
0.00091872
0.00088884
0.00085552
0.00081889
0.0007791
0.00073633
0.00069074
0.00064252
0.00059187
0.00053899
0.00048409
0.0004274
0.00036914
0.00030954
0.00024885
0.00018731
0.00012515
6.2634e-05
1.0737e-17
-6.2502e-05
-0.00012463
-0.00018613
-0.00024676
-0.0003063
-0.0003645
-0.00042114
-0.000476
-0.00052886
-0.00057953
-0.0006278
-0.00067349
-0.00071643
-0.00075645
-0.0007934
-0.00082715
-0.00085755
-0.00088451
-0.00090793
-0.00092771
-0.00094379
-0.00095611
-0.00096463
-0.00096933
-0.0009702
-0.00096724
-0.00096047
-0.00094992
-0.00093565
-0.00091772
-0.00089621
-0.00087121
-0.00084283
-0.00081119
-0.00077641
-0.00073865
-0.00069806
-0.0006548
-0.00060906
-0.00056101
-0.00051086
-0.0004588
-0.00040504
-0.00034981
-0.00029332
-0.0002358
-0.00017747
-0.00011857
-5.9337e-05
3.3309e-17
5.9205e-05
0.00011805
0.00017629
0.00023371
0.00029007
0.00034517
0.00039878
0.0004507
0.00050073
0.00054867
0.00059433
0.00063755
0.00067816
0.000716
0.00075093
0.00078282
0.00081155
0.00083701
0.00085911
0.00087778
0.00089294
0.00090454
0.00091255
0.00091694
0.0009177
0.00091484
0.00090838
0.00089835
0.0008848
0.00086779
0.0008474
0.00082371
0.00079683
0.00076686
0.00073394
0.0006982
0.00065979
0.00061886
0.00057559
0.00053015
0.00048273
0.00043351
0.00038269
0.00033048
0.0002771
0.00022274
0.00016763
0.00011199
5.6041e-05
-2.1846e-17
-5.5909e-05
-0.00011147
-0.00016645
-0.00022065
-0.00027385
-0.00032585
-0.00037643
-0.00042541
-0.0004726
-0.00051781
-0.00056087
-0.00060161
-0.00063989
-0.00067555
-0.00070846
-0.00073849
-0.00076554
-0.00078951
-0.0008103
-0.00082785
-0.00084209
-0.00085297
-0.00086046
-0.00086454
-0.0008652
-0.00086244
-0.00085629
-0.00084678
-0.00083395
-0.00081786
-0.00079859
-0.00077621
-0.00075082
-0.00072253
-0.00069147
-0.00065775
-0.00062152
-0.00058293
-0.00054213
-0.00049929
-0.0004546
-0.00040821
-0.00036034
-0.00031116
-0.00026087
-0.00020968
-0.00015779
-0.00010541
-5.2744e-05
-3.6173e-17
5.2612e-05
0.00010489
0.00015661
0.00020759
0.00025763
0.00030652
0.00035408
0.00040012
0.00044447
0.00048695
0.0005274
0.00056568
0.00060162
0.0006351
0.00066598
0.00069416
0.00071954
0.000742
0.00076149
0.00077792
0.00079124
0.0008014
0.00080838
0.00081214
0.0008127
0.00081005
0.00080421
0.00079521
0.0007831
0.00076793
0.00074977
0.0007287
0.00070481
0.00067821
0.00064899
0.0006173
0.00058325
0.00054699
0.00050866
0.00046844
0.00042646
0.00038292
0.00033798
0.00029183
0.00024465
0.00019663
0.00014796
9.8832e-05
4.9448e-05
4.2388e-17
-4.9316e-05
-9.8305e-05
-0.00014678
-0.00019454
-0.0002414
-0.00028719
-0.00033172
-0.00037483
-0.00041634
-0.00045609
-0.00049394
-0.00052974
-0.00056335
-0.00059464
-0.00062351
-0.00064984
-0.00067353
-0.0006945
-0.00071267
-0.00072799
-0.00074038
-0.00074983
-0.00075629
-0.00075975
-0.0007602
-0.00075765
-0.00075212
-0.00074364
-0.00073225
-0.000718
-0.00070096
-0.0006812
-0.00065881
-0.00063388
-0.00060652
-0.00057684
-0.00054498
-0.00051105
-0.0004752
-0.00043758
-0.00039833
-0.00035763
-0.00031563
-0.0002725
-0.00022843
-0.00018357
-0.00013812
-9.2252e-05
-4.6151e-05
-4.7471e-17
4.6019e-05
9.1725e-05
0.00013694
0.00018148
0.00022518
0.00026787
0.00030937
0.00034954
0.00038821
0.00042523
0.00046048
0.0004938
0.00052508
0.00055419
0.00058104
0.00060551
0.00062752
0.000647
0.00066386
0.00067806
0.00068953
0.00069826
0.0007042
0.00070735
0.0007077
0.00070526
0.00070004
0.00069207
0.0006814
0.00066807
0.00065215
0.0006337
0.0006128
0.00058955
0.00056405
0.00053639
0.00050671
0.00047511
0.00044173
0.00040672
0.0003702
0.00033234
0.00029328
0.00025318
0.0002122
0.00017051
0.00012828
8.5672e-05
4.2855e-05
1.2686e-17
-4.2723e-05
-8.5145e-05
-0.0001271
-0.00016843
-0.00020896
-0.00024854
-0.00028702
-0.00032424
-0.00036008
-0.00039437
-0.00042701
-0.00045786
-0.00048681
-0.00051374
-0.00053856
-0.00056118
-0.00058152
-0.00059949
-0.00061505
-0.00062813
-0.00063868
-0.00064669
-0.00065212
-0.00065496
-0.0006552
-0.00065286
-0.00064795
-0.0006405
-0.00063055
-0.00061814
-0.00060333
-0.00058619
-0.0005668
-0.00054522
-0.00052157
-0.00049594
-0.00046844
-0.00043917
-0.00040827
-0.00037586
-0.00034207
-0.00030705
-0.00027092
-0.00023385
-0.00019598
-0.00015746
-0.00011844
-7.9092e-05
-3.9558e-05
-5.4241e-17
3.9426e-05
7.8565e-05
0.00011726
0.00015537
0.00019273
0.00022921
0.00026466
0.00029895
0.00033194
0.00036352
0.00039355
0.00042192
0.00044853
0.00047329
0.00049609
0.00051686
0.00053551
0.00055199
0.00056623
0.00057819
0.00058783
0.00059512
0.00060003
0.00060256
0.0006027
0.00060046
0.00059586
0.00058893
0.0005797
0.00056821
0.00055452
0.00053869
0.00052079
0.0005009
0.0004791
0.00045549
0.00043016
0.00040323
0.00037481
0.000345
0.00031394
0.00028175
0.00024857
0.00021452
0.00017976
0.0001444
0.00010861
7.2512e-05
3.6262e-05
2.316e-17
-3.613e-05
-7.1985e-05
-0.00010743
-0.00014231
-0.00017651
-0.00020989
-0.00024231
-0.00027366
-0.00030381
-0.00033266
-0.00036008
-0.00038598
-0.00041026
-0.00043284
-0.00045362
-0.00047253
-0.0004895
-0.00050449
-0.00051742
-0.00052826
-0.00053698
-0.00054355
-0.00054794
-0.00055016
-0.0005502
-0.00054807
-0.00054378
-0.00053736
-0.00052885
-0.00051828
-0.00050571
-0.00049119
-0.00047478
-0.00045657
-0.00043663
-0.00041504
-0.00039189
-0.00036729
-0.00034134
-0.00031414
-0.00028581
-0.00025646
-0.00022622
-0.0001952
-0.00016353
-0.00013135
-9.8769e-05
-6.5932e-05
-3.2965e-05
-2.6699e-17
3.2833e-05
6.5405e-05
9.7588e-05
0.00012926
0.00016029
0.00019056
0.00021996
0.00024837
0.00027568
0.0003018
0.00032662
0.00035004
0.00037199
0.00039238
0.00041114
0.0004282
0.0004435
0.00045698
0.00046861
0.00047833
0.00048613
0.00049198
0.00049586
0.00049777
0.0004977
0.00049567
0.00049169
0.00048579
0.000478
0.00046835
0.00045689
0.00044368
0.00042878
0.00041224
0.00039415
0.00037459
0.00035362
0.00033136
0.00030788
0.00028328
0.00025768
0.00023117
0.00020386
0.00017587
0.00014731
0.00011829
8.8931e-05
5.9352e-05
2.9669e-05
2.9107e-17
-2.9537e-05
-5.8825e-05
-8.7751e-05
-0.0001162
-0.00014406
-0.00017123
-0.0001976
-0.00022308
-0.00024755
-0.00027094
-0.00029315
-0.0003141
-0.00033372
-0.00035193
-0.00036867
-0.00038387
-0.00039749
-0.00040948
-0.00041979
-0.0004284
-0.00043528
-0.00044041
-0.00044377
-0.00044537
-0.0004452
-0.00044327
-0.00043961
-0.00043422
-0.00042715
-0.00041842
-0.00040808
-0.00039618
-0.00038277
-0.00036792
-0.00035168
-0.00033413
-0.00031535
-0.00029542
-0.00027441
-0.00025242
-0.00022955
-0.00020588
-0.00018151
-0.00015654
-0.00013109
-0.00010523
-7.9094e-05
-5.2772e-05
-2.6372e-05
-6.5672e-18
2.624e-05
5.2245e-05
7.7913e-05
0.00010314
0.00012784
0.00015191
0.00017525
0.00019778
0.00021942
0.00024008
0.00025969
0.00027817
0.00029545
0.00031148
0.0003262
0.00033955
0.00035149
0.00036198
0.00037098
0.00037847
0.00038443
0.00038884
0.00039169
0.00039297
0.0003927
0.00039088
0.00038752
0.00038265
0.00037629
0.00036849
0.00035927
0.00034868
0.00033676
0.00032359
0.00030921
0.00029368
0.00027708
0.00025948
0.00024095
0.00022157
0.00020142
0.00018059
0.00015916
0.00013722
0.00011486
9.2177e-05
6.9256e-05
4.6192e-05
2.3076e-05
3.0525e-17
-2.2944e-05
-4.5665e-05
-6.8076e-05
-9.0088e-05
-0.00011162
-0.00013258
-0.0001529
-0.00017249
-0.00019129
-0.00020922
-0.00022622
-0.00024223
-0.00025718
-0.00027103
-0.00028372
-0.00029522
-0.00030548
-0.00031447
-0.00032217
-0.00032854
-0.00033358
-0.00033727
-0.0003396
-0.00034058
-0.0003402
-0.00033848
-0.00033543
-0.00033108
-0.00032544
-0.00031856
-0.00031045
-0.00030117
-0.00029076
-0.00027926
-0.00026673
-0.00025323
-0.00023881
-0.00022354
-0.00020748
-0.00019071
-0.00017329
-0.00015529
-0.0001368
-0.00011789
-9.8638e-05
-7.9121e-05
-5.9419e-05
-3.9612e-05
-1.9779e-05
-1.169e-17
1.9647e-05
3.9085e-05
5.8238e-05
7.7032e-05
9.5394e-05
0.00011325
0.00013054
0.0001472
0.00016316
0.00017836
0.00019276
0.00020629
0.00021891
0.00023058
0.00024125
0.00025089
0.00025947
0.00026697
0.00027335
0.00027861
0.00028273
0.0002857
0.00028751
0.00028818
0.0002877
0.00028608
0.00028335
0.00027951
0.00027459
0.00026863
0.00026164
0.00025367
0.00024475
0.00023493
0.00022426
0.00021278
0.00020054
0.0001876
0.00017402
0.00015985
0.00014516
0.00013
0.00011445
9.8565e-05
8.2415e-05
6.6064e-05
4.9581e-05
3.3032e-05
1.6483e-05
1.2554e-17
-1.6351e-05
-3.2505e-05
-4.8401e-05
-6.3975e-05
-7.917e-05
-9.3927e-05
-0.00010819
-0.00012191
-0.00013503
-0.0001475
-0.00015929
-0.00017035
-0.00018064
-0.00019012
-0.00019878
-0.00020656
-0.00021347
-0.00021947
-0.00022454
-0.00022868
-0.00023188
-0.00023413
-0.00023543
-0.00023578
-0.0002352
-0.00023369
-0.00023126
-0.00022794
-0.00022374
-0.0002187
-0.00021283
-0.00020616
-0.00019875
-0.00019061
-0.00018179
-0.00017233
-0.00016227
-0.00015166
-0.00014055
-0.00012899
-0.00011702
-0.00010471
-9.2096e-05
-7.9239e-05
-6.6191e-05
-5.3008e-05
-3.9744e-05
-2.6452e-05
-1.3186e-05
-1.2286e-17
1.3054e-05
2.5925e-05
3.8563e-05
5.0919e-05
6.2947e-05
7.46e-05
8.5837e-05
9.6616e-05
0.0001069
0.00011665
0.00012583
0.00013441
0.00014237
0.00014967
0.0001563
0.00016224
0.00016746
0.00017196
0.00017573
0.00017875
0.00018103
0.00018256
0.00018334
0.00018339
0.0001827
0.00018129
0.00017918
0.00017637
0.00017289
0.00016876
0.00016401
0.00015866
0.00015274
0.00014628
0.00013931
0.00013187
0.000124
0.00011572
0.00010709
9.8131e-05
8.8894e-05
7.9417e-05
6.9743e-05
5.9912e-05
4.9968e-05
3.9952e-05
2.9906e-05
1.9872e-05
9.8895e-06
1.9924e-18
-9.7576e-06
-1.9345e-05
-2.8726e-05
-3.7863e-05
-4.6723e-05
-5.5274e-05
-6.3484e-05
-7.1324e-05
-7.8767e-05
-8.5787e-05
-9.2363e-05
-9.8472e-05
-0.0001041
-0.00010922
-0.00011383
-0.00011791
-0.00012146
-0.00012446
-0.00012691
-0.00012882
-0.00013018
-0.00013099
-0.00013126
-0.00013099
-0.0001302
-0.0001289
-0.00012709
-0.0001248
-0.00012204
-0.00011883
-0.0001152
-0.00011116
-0.00010673
-0.00010195
-9.6839e-05
-9.1421e-05
-8.5727e-05
-7.9784e-05
-7.3622e-05
-6.7272e-05
-6.0763e-05
-5.4125e-05
-4.7389e-05
-4.0586e-05
-3.3745e-05
-2.6896e-05
-2.0069e-05
-1.3292e-05
-6.593e-06
-8.3533e-18
6.4611e-06
1.2765e-05
1.8888e-05
2.4807e-05
3.05e-05
3.5947e-05
4.113e-05
4.6032e-05
5.0636e-05
5.4929e-05
5.8898e-05
6.2533e-05
6.5826e-05
6.8768e-05
7.1355e-05
7.3583e-05
7.545e-05
7.6956e-05
7.8101e-05
7.889e-05
7.9327e-05
7.9418e-05
7.9171e-05
7.8595e-05
7.77e-05
7.6499e-05
7.5004e-05
7.323e-05
7.1191e-05
6.8904e-05
6.6386e-05
6.3655e-05
6.0728e-05
5.7625e-05
5.4366e-05
5.0969e-05
4.7456e-05
4.3845e-05
4.0158e-05
3.6413e-05
3.2632e-05
2.8833e-05
2.5036e-05
2.1259e-05
1.7521e-05
1.384e-05
1.0231e-05
6.7116e-06
3.2965e-06
1.7645e-18
-3.1646e-06
-6.1852e-06
-9.0505e-06
-1.1751e-05
-1.4277e-05
-1.6621e-05
-1.8777e-05
-2.0739e-05
-2.2505e-05
-2.407e-05
-2.5433e-05
-2.6595e-05
-2.7555e-05
-2.8316e-05
-2.8882e-05
-2.9256e-05
-2.9444e-05
-2.9452e-05
-2.9288e-05
-2.896e-05
-2.8476e-05
-2.7848e-05
-2.7085e-05
-2.6198e-05
-2.52e-05
-2.4102e-05
-2.2918e-05
-2.1659e-05
-2.034e-05
-1.8974e-05
-1.7573e-05
-1.6151e-05
-1.4722e-05
-1.3298e-05
-1.1893e-05
-1.0518e-05
-9.185e-06
-7.9065e-06
-6.693e-06
-5.5546e-06
-4.5009e-06
-3.5409e-06
-2.6824e-06
-1.9327e-06
-1.2979e-06
-7.8337e-07
-3.935e-07
-1.316e-07
-0
-0
0
0
0
0
0
0
0
0
0
0
0
0
0
0
0
0
0
0
0
0
0
0
0
0
0
0
0
0
0
0
0
0
0
0
0
0
0
0
0
0
0
0
0
0
0
0
0
0
0
0
-0
-0
-0
-0
-0
-0
-0
-0
-0
-0
-0
-0
-0
-0
-0
-0
-0
-0
-0
-0
-0
-0
-0
-0
-0
-0
-0
-0
-0
-0
-0
-0
-0
-0
-0
-0
-0
-0
-0
-0
-0
-0
-0
-0
-0
-0
-0
-0
-0
-0
0
0
0
0
0
0
0
0
0
0
0
0
0
0
0
0
0
0
0
0
0
0
0
0
0
0
0
0
0
0
0
0
0
0
0
0
0
0
0
0
0
0
0
0
0
0
0
0
0
0
-0
-0
-0
-0
-0
-0
-0
-0
-0
-0
-0
-0
-0
-0
-0
-0
-0
-0
-0
-0
-0
-0
-0
-0
-0
-0
-0
-0
-0
-0
-0
-0
-0
-0
-0
-0
-0
-0
-0
-0
-0
-0
-0
-0
-0
-0
-0
-0
-0
-0
0
0
0
0
0
0
0
0
0
0
0
0
0
0
0
0
0
0
0
0
0
0
0
0
0
0
0
0
0
0
0
0
0
0
0
0
0
0
0
0
0
0
0
0
0
0
0
0
0
0
-0
-0
-0
-0
-0
-0
-0
-0
-0
-0
-0
-0
-0
-0
-0
-0
-0
-0
-0
-0
-0
-0
-0
-0
-0
-0
-0
-0
-0
-0
-0
-0
-0
-0
-0
-0
-0
-0
-0
-0
-0
-0
-0
-0
-0
-0
-0
-0
-0
-0
0
0
0
0
0
0
0
0
0
0
0
0
0
0
0
0
0
0
0
0
0
0
0
0
0
0
0
0
0
0
0
0
0
0
0
0
0
0
0
0
0
0
0
0
0
0
0
0
0
0
-0
-0
-0
-0
-0
-0
-0
-0
-0
-0
-0
-0
-0
-0
-0
-0
-0
-0
-0
-0
-0
-0
-0
-0
-0
-0
-0
-0
-0
-0
-0
-0
-0
-0
-0
-0
-0
-0
-0
-0
-0
-0
-0
-0
-0
-0
-0
-0
-0
-0
0
0
0
0
0
0
0
0
0
0
0
0
0
0
0
0
0
0
0
0
0
0
0
0
0
0
0
0
0
0
0
0
0
0
0
0
0
0
0
0
0
0
0
0
0
0
0
0
0
0
-0
-0
-0
-0
-0
-0
-0
-0
-0
-0
-0
-0
-0
-0
-0
-0
-0
-0
-0
-0
-0
-0
-0
-0
-0
-0
-0
-0
-0
-0
-0
-0
-0
-0
-0
-0
-0
-0
-0
-0
-0
-0
-0
-0
-0
-0
-0
-0
-0
-0
0
0
0
0
0
0
0
0
0
0
0
0
0
0
0
0
0
0
0
0
0
0
0
0
0
0
0
0
0
0
0
0
0
0
0
0
0
0
0
0
0
0
0
0
0
0
0
0
0
0
-0
-0
-0
-0
-0
-0
-0
-0
-0
-0
-0
-0
-0
-0
-0
-0
-0
-0
-0
-0
-0
-0
-0
-0
-0
-0
-0
-0
-0
-0
-0
-0
-0
-0
-0
-0
-0
-0
-0
-0
-0
-0
-0
-0
-0
-0
-0
-0
-0
-0
0
0
0
0
0
0
0
0
0
0
0
0
0
0
0
0
0
0
0
0
0
0
0
0
0
0
0
0
0
0
0
0
0
0
0
0
0
0
0
0
0
0
0
0
0
0
0
0
0
0
-0
-0
-0
-0
-0
-0
-0
-0
-0
-0
-0
-0
-0
-0
-0
-0
-0
-0
-0
-0
-0
-0
-0
-0
-0
-0
-0
-0
-0
-0
-0
-0
-0
-0
-0
-0
-0
-0
-0
-0
-0
-0
-0
-0
-0
-0
-0
-0
-0
-0
0
0
0
0
0
0
0
0
0
0
0
0
0
0
0
0
0
0
0
0
0
0
0
0
0
0
0
0
0
0
0
0
0
0
0
0
0
0
0
0
0
0
0
0
0
0
0
0
0
0
-0
-0
-0
-0
-0
-0
-0
-0
-0
-0
-0
-0
-0
-0
-0
-0
-0
-0
-0
-0
-0
-0
-0
-0
-0
-0
-0
-0
-0
-0
-0
-0
-0
-0
-0
-0
-0
-0
-0
-0
-0
-0
-0
-0
-0
-0
-0
-0
-0
-0
0
0
0
0
0
0
0
0
0
0
0
0
0
0
0
0
0
0
0
0
0
0
0
0
0
0
0
0
0
0
0
0
0
0
0
0
0
0
0
0
0
0
0
0
0
0
0
0
0
0
-0
-0
-0
-0
-0
-0
-0
-0
-0
-0
-0
-0
-0
-0
-0
-0
-0
-0
-0
-0
-0
-0
-0
-0
-0
-0
-0
-0
-0
-0
-0
-0
-0
-0
-0
-0
-0
-0
-0
-0
-0
-0
-0
-0
-0
-0
-0
-0
-0
-0
0
0
0
0
0
0
0
0
0
0
0
0
0
0
0
0
0
0
0
0
0
0
0
0
0
0
0
0
0
0
0
0
0
0
0
0
0
0
0
0
0
0
0
0
0
0
0
0
0
0
-0
-0
-0
-0
-0
-0
-0
-0
-0
-0
-0
-0
-0
-0
-0
-0
-0
-0
-0
-0
-0
-0
-0
-0
-0
-0
-0
-0
-0
-0
-0
-0
-0
-0
-0
-0
-0
-0
-0
-0
-0
-0
-0
-0
-0
-0
-0
-0
-0
-0
0
0
0
0
0
0
0
0
0
0
0
0
0
0
0
0
0
0
0
0
0
0
0
0
0
0
0
0
0
0
0
0
0
0
0
0
0
0
0
0
0
0
0
0
0
0
0
0
0
0
-0
-0
-0
-0
-0
-0
-0
-0
-0
-0
-0
-0
-0
-0
-0
-0
-0
-0
-0
-0
-0
-0
-0
-0
-0
-0
-0
-0
-0
-0
-0
-0
-0
-0
-0
-0
-0
-0
-0
-0
-0
-0
-0
-0
-0
-0
-0
-0
-0
0
0
0
0
0
0
0
0
0
0
0
0
0
0
0
0
0
0
0
0
0
0
0
0
0
0
0
0
0
0
0
0
0
0
0
0
0
0
0
0
0
0
0
0
0
0
0
0
0
0
0
-0
-0
-0
-0
-0
-0
-0
-0
-0
-0
-0
-0
-0
-0
-0
-0
-0
-0
-0
-0
-0
-0
-0
-0
-0
-0
-0
-0
-0
-0
-0
-0
-0
-0
-0
-0
-0
-0
-0
-0
-0
-0
-0
-0
-0
-0
-0
-0
-0
-0
0
0
0
0
0
0
0
0
0
0
0
0
0
0
0
0
0
0
0
0
0
0
0
0
0
0
0
0
0
0
0
0
0
0
0
0
0
0
0
0
0
0
0
0
0
0
0
0
0
-0
-0
-0
-0
-0
-0
-0
-0
-0
-0
-0
-0
-0
-0
-0
-0
-0
-0
-0
-0
-0
-0
-0
-0
-0
-0
-0
-0
-0
-0
-0
-0
-0
-0
-0
-0
-0
-0
-0
-0
-0
-0
-0
-0
-0
-0
-0
-0
-0
-0
-0
0
0
0
0
0
0
0
0
0
0
0
0
0
0
0
0
0
0
0
0
0
0
0
0
0
0
0
0
0
0
0
0
0
0
0
0
0
0
0
0
0
0
0
0
0
0
0
0
0
0
-0
-0
-0
-0
-0
-0
-0
-0
-0
-0
-0
-0
-0
-0
-0
-0
-0
-0
-0
-0
-0
-0
-0
-0
-0
-0
-0
-0
-0
-0
-0
-0
-0
-0
-0
-0
-0
-0
-0
-0
-0
-0
-0
-0
-0
-0
-0
-0
-0
-0
0
0
0
0
0
0
0
0
0
0
0
0
0
0
0
0
0
0
0
0
0
0
0
0
0
0
0
0
0
0
0
0
0
0
0
0
0
0
0
0
0
0
0
0
0
0
0
0
0
0
-0
-0
-0
-0
-0
-0
-0
-0
-0
-0
-0
-0
-0
-0
-0
-0
-0
-0
-0
-0
-0
-0
-0
-0
-0
-0
-0
-0
-0
-0
-0
-0
-0
-0
-0
-0
-0
-0
-0
-0
-0
-0
-0
-0
-0
-0
-0
-0
-0
0
0
0
0
0
0
0
0
0
0
0
0
0
0
0
0
0
0
0
0
0
0
0
0
0
0
0
0
0
0
0
0
0
0
0
0
0
0
0
0
0
0
0
0
0
0
0
0
0
0
0
-0
-0
-0
-0
-0
-0
-0
-0
-0
-0
-0
-0
-0
-0
-0
-0
-0
-0
-0
-0
-0
-0
-0
-0
-0
-0
-0
-0
-0
-0
-0
-0
-0
-0
-0
-0
-0
-0
-0
-0
-0
-0
-0
-0
-0
-0
-0
-0
-0
0
0
0
0
0
0
0
0
0
0
0
0
0
0
0
0
0
0
0
0
0
0
0
0
0
0
0
0
0
0
0
0
0
0
0
0
0
0
0
0
0
0
0
0
0
0
0
0
0
0
0
-0
-0
-0
-0
-0
-0
-0
-0
-0
-0
-0
-0
-0
-0
-0
-0
-0
-0
-0
-0
-0
-0
-0
-0
-0
-0
-0
-0
-0
-0
-0
-0
-0
-0
-0
-0
-0
-0
-0
-0
-0
-0
-0
-0
-0
-0
-0
-0
-0
-0
0
0
0
0
0
0
0
0
0
0
0
0
0
0
0
0
0
0
0
0
0
0
0
0
0
0
0
0
0
0
0
0
0
0
0
0
0
0
0
0
0
0
0
0
0
0
0
0
0
0
-0
-0
-0
-0
-0
-0
-0
-0
-0
-0
-0
-0
-0
-0
-0
-0
-0
-0
-0
-0
-0
-0
-0
-0
-0
-0
-0
-0
-0
-0
-0
-0
-0
-0
-0
-0
-0
-0
-0
-0
-0
-0
-0
-0
-0
-0
-0
-0
-0
-0
0
0
0
0
0
0
0
0
0
0
0
0
0
0
0
0
0
0
0
0
0
0
0
0
0
0
0
0
0
0
0
0
0
0
0
0
0
0
0
0
0
0
0
0
0
0
0
0
0
0
-0
-0
-0
-0
-0
-0
-0
-0
-0
-0
-0
-0
-0
-0
-0
-0
-0
-0
-0
-0
-0
-0
-0
-0
-0
-0
-0
-0
-0
-0
-0
-0
-0
-0
-0
-0
-0
-0
-0
-0
-0
-0
-0
-0
-0
-0
-0
-0
-0
-0
0
0
0
0
0
0
0
0
0
0
0
0
0
0
0
0
0
0
0
0
0
0
0
0
0
0
0
0
0
0
0
0
0
0
0
0
0
0
0
0
0
0
0
0
0
0
0
0
0
0
-0
-0
-0
-0
-0
-0
-0
-0
-0
-0
-0
-0
-0
-0
-0
-0
-0
-0
-0
-0
-0
-0
-0
-0
-0
-0
-0
-0
-0
-0
-0
-0
-0
-0
-0
-0
-0
-0
-0
-0
-0
-0
-0
-0
-0
-0
-0
-0
-0
0
0
0
0
0
0
0
0
0
0
0
0
0
0
0
0
0
0
0
0
0
0
0
0
0
0
0
0
0
0
0
0
0
0
0
0
0
0
0
0
0
0
0
0
0
0
0
0
0
0
0
-0
-0
-0
-0
-0
-0
-0
-0
-0
-0
-0
-0
-0
-0
-0
-0
-0
-0
-0
-0
-0
-0
-0
-0
-0
-0
-0
-0
-0
-0
-0
-0
-0
-0
-0
-0
-0
-0
-0
-0
-0
-0
-0
-0
-0
-0
-0
-0
-0
0
0
0
0
0
0
0
0
0
0
0
0
0
0
0
0
0
0
0
0
0
0
0
0
0
0
0
0
0
0
0
0
0
0
0
0
0
0
0
0
0
0
0
0
0
0
0
0
0
0
0
-0
-0
-0
-0
-0
-0
-0
-0
-0
-0
-0
-0
-0
-0
-0
-0
-0
-0
-0
-0
-0
-0
-0
-0
-0
-0
-0
-0
-0
-0
-0
-0
-0
-0
-0
-0
-0
-0
-0
-0
-0
-0
-0
-0
-0
-0
-0
-0
-0
-0
0
0
0
0
0
0
0
0
0
0
0
0
0
0
0
0
0
0
0
0
0
0
0
0
0
0
0
0
0
0
0
0
0
0
0
0
0
0
0
0
0
0
0
0
0
0
0
0
0
0
-0
-0
-0
-0
-0
-0
-0
-0
-0
-0
-0
-0
-0
-0
-0
-0
-0
-0
-0
-0
-0
-0
-0
-0
-0
-0
-0
-0
-0
-0
-0
-0
-0
-0
-0
-0
-0
-0
-0
-0
-0
-0
-0
-0
-0
-0
-0
-0
-0
-0
0
0
0
0
0
0
0
0
0
0
0
0
0
0
0
0
0
0
0
0
0
0
0
0
0
0
0
0
0
0
0
0
0
0
0
0
0
0
0
0
0
0
0
0
0
0
0
0
0
0
-0
-0
-0
-0
-0
-0
-0
-0
-0
-0
-0
-0
-0
-0
-0
-0
-0
-0
-0
-0
-0
-0
-0
-0
-0
-0
-0
-0
-0
-0
-0
-0
-0
-0
-0
-0
-0
-0
-0
-0
-0
-0
-0
-0
-0
-0
-0
-0
-0
-0
0
0
0
0
0
0
0
0
0
0
0
0
0
0
0
0
0
0
0
0
0
0
0
0
0
0
0
0
0
0
0
0
0
0
0
0
0
0
0
0
0
0
0
0
0
0
0
0
0
0
-0
-0
-0
-0
-0
-0
-0
-0
-0
-0
-0
-0
-0
-0
-0
-0
-0
-0
-0
-0
-0
-0
-0
-0
-0
-0
-0
-0
-0
-0
-0
-0
-0
-0
-0
-0
-0
-0
-0
-0
-0
-0
-0
-0
-0
-0
-0
-0
-0
0
0
0
0
0
0
0
0
0
0
0
0
0
0
0
0
0
0
0
0
0
0
0
0
0
0
0
0
0
0
0
0
0
0
0
0
0
0
0
0
0
0
0
0
0
0
0
0
0
0
0
-0
-0
-0
-0
-0
-0
-0
-0
-0
-0
-0
-0
-0
-0
-0
-0
-0
-0
-0
-0
-0
-0
-0
-0
-0
-0
-0
-0
-0
-0
-0
-0
-0
-0
-0
-0
-0
-0
-0
-0
-0
-0
-0
-0
-0
-0
-0
-0
-0
0
0
0
0
0
0
0
0
0
0
0
0
0
0
0
0
0
0
0
0
0
0
0
0
0
0
0
0
0
0
0
0
0
0
0
0
0
0
0
0
0
0
0
0
0
0
0
0
0
0
0
-0
-0
-0
-0
-0
-0
-0
-0
-0
-0
-0
-0
-0
-0
-0
-0
-0
-0
-0
-0
-0
-0
-0
-0
-0
-0
-0
-0
-0
-0
-0
-0
-0
-0
-0
-0
-0
-0
-0
-0
-0
-0
-0
-0
-0
-0
-0
-0
-0
-0
0
0
0
0
0
0
0
0
0
0
0
0
0
0
0
0
0
0
0
0
0
0
0
0
0
0
0
0
0
0
0
0
0
0
0
0
0
0
0
0
0
0
0
0
0
0
0
0
0
0
-0
-0
-0
-0
-0
-0
-0
-0
-0
-0
-0
-0
-0
-0
-0
-0
-0
-0
-0
-0
-0
-0
-0
-0
-0
-0
-0
-0
-0
-0
-0
-0
-0
-0
-0
-0
-0
-0
-0
-0
-0
-0
-0
-0
-0
-0
-0
-0
-0
-0
0
0
0
0
0
0
0
0
0
0
0
0
0
0
0
0
0
0
0
0
0
0
0
0
0
0
0
0
0
0
0
0
0
0
0
0
0
0
0
0
0
0
0
0
0
0
0
0
0
0
-0
-0
-0
-0
-0
-0
-0
-0
-0
-0
-0
-0
-0
-0
-0
-0
-0
-0
-0
-0
-0
-0
-0
-0
-0
-0
-0
-0
-0
-0
-0
-0
-0
-0
-0
-0
-0
-0
-0
-0
-0
-0
-0
-0
-0
-0
-0
-0
-0
-0
0
0
0
0
0
0
0
0
0
0
0
0
0
0
0
0
0
0
0
0
0
0
0
0
0
0
0
0
0
0
0
0
0
0
0
0
0
0
0
0
0
0
0
0
0
0
0
0
0
0
-0
-0
-0
-0
-0
-0
-0
-0
-0
-0
-0
-0
-0
-0
-0
-0
-0
-0
-0
-0
-0
-0
-0
-0
-0
-0
-0
-0
-0
-0
-0
-0
-0
-0
-0
-0
-0
-0
-0
-0
-0
-0
-0
-0
-0
-0
-0
-0
-0
0
0
0
0
0
0
0
0
0
0
0
0
0
0
0
0
0
0
0
0
0
0
0
0
0
0
0
0
0
0
0
0
0
0
0
0
0
0
0
0
0
0
0
0
0
0
0
0
0
0
0
-0
-0
-0
-0
-0
-0
-0
-0
-0
-0
-0
-0
-0
-0
-0
-0
-0
-0
-0
-0
-0
-0
-0
-0
-0
-0
-0
-0
-0
-0
-0
-0
-0
-0
-0
-0
-0
-0
-0
-0
-0
-0
-0
-0
-0
-0
-0
-0
-0
0
0
0
0
0
0
0
0
0
0
0
0
0
0
0
0
0
0
0
0
0
0
0
0
0
0
0
0
0
0
0
0
0
0
0
0
0
0
0
0
0
0
0
0
0
0
0
0
0
0
0
-0
-0
-0
-0
-0
-0
-0
-0
-0
-0
-0
-0
-0
-0
-0
-0
-0
-0
-0
-0
-0
-0
-0
-0
-0
-0
-0
-0
-0
-0
-0
-0
-0
-0
-0
-0
-0
-0
-0
-0
-0
-0
-0
-0
-0
-0
-0
-0
-0
0
