-0
-0
-0
-0
-0
-0
-0
-0
-0
-0
-0
-0
-0
-0
-0
-0
-0
-0
-0
-0
-0
-0
-0
-0
-0
-0
-0
-0
-0
-0
-0
-0
-0
-0
-0
-0
-0
-0
-0
-0
-0
-0
-0
-0
-0
-0
-0
-0
-0
-0
-0
0
0
0
0
0
0
0
0
0
0
0
0
0
0
0
0
0
0
0
0
0
0
0
0
0
0
0
0
0
0
0
0
0
0
0
0
0
0
0
0
0
0
0
0
0
0
0
0
0
0
-0
-0
-0
-0
-0
-0
-0
-0
-0
-0
-0
-0
-0
-0
-0
-0
-0
-0
-0
-0
-0
-0
-0
-0
-0
-0
-0
-0
-0
-0
-0
-0
-0
-0
-0
-0
-0
-0
-0
-0
-0
-0
-0
-0
-0
-0
-0
-0
-0
-0
0
0
0
0
0
0
0
0
0
0
0
0
0
0
0
0
0
0
0
0
0
0
0
0
0
0
0
0
0
0
0
0
0
0
0
0
0
0
0
0
0
0
0
0
0
0
0
0
0
0
-0
-0
-0
-0
-0
-0
-0
-0
-0
-0
-0
-0
-0
-0
-0
-0
-0
-0
-0
-0
-0
-0
-0
-0
-0
-0
-0
-0
-0
-0
-0
-0
-0
-0
-0
-0
-0
-0
-0
-0
-0
-0
-0
-0
-0
-0
-0
-0
-0
-0
0
0
0
0
0
0
0
0
0
0
0
0
0
0
0
0
0
0
0
0
0
0
0
0
0
0
0
0
0
0
0
0
0
0
0
0
0
0
0
0
0
0
0
0
0
0
0
0
0
0
-0
-0
-0
-0
-0
-0
-0
-0
-0
-0
-0
-0
-0
-0
-0
-0
-0
-0
-0
-0
-0
-0
-0
-0
-0
-0
-0
-0
-0
-0
-0
-0
-0
-0
-0
-0
-0
-0
-0
-0
-0
-0
-0
-0
-0
-0
-0
-0
-0
0
0
0
0
0
0
0
0
0
0
0
0
0
0
0
0
0
0
0
0
0
0
0
0
0
0
0
0
0
0
0
0
0
0
0
0
0
0
0
0
0
0
0
0
0
0
0
0
0
0
0
-0
-0
-0
-0
-0
-0
-0
-0
-0
-0
-0
-0
-0
-0
-0
-0
-0
-0
-0
-0
-0
-0
-0
-0
-0
-0
-0
-0
-0
-0
-0
-0
-0
-0
-0
-0
-0
-0
-0
-0
-0
-0
-0
-0
-0
-0
-0
-0
-0
-0
0
0
0
0
0
0
0
0
0
0
0
0
0
0
0
0
0
0
0
0
0
0
0
0
0
0
0
0
0
0
0
0
0
0
0
0
0
0
0
0
0
0
0
0
0
0
0
0
0
0
-0
-0
-0
-0
-0
-0
-0
-0
-0
-0
-0
-0
-0
-0
-0
-0
-0
-0
-0
-0
-0
-0
-0
-0
-0
-0
-0
-0
-0
-0
-0
-0
-0
-0
-0
-0
-0
-0
-0
-0
-0
-0
-0
-0
-0
-0
-0
-0
-0
0
0
0
0
0
0
0
0
0
0
0
0
0
0
0
0
0
0
0
0
0
0
0
0
0
0
0
0
0
0
0
0
0
0
0
0
0
0
0
0
0
0
0
0
0
0
0
0
0
0
0
-0
-0
-0
-0
-0
-0
-0
-0
-0
-0
-0
-0
-0
-0
-0
-0
-0
-0
-0
-0
-0
-0
-0
-0
-0
-0
-0
-0
-0
-0
-0
-0
-0
-0
-0
-0
-0
-0
-0
-0
-0
-0
-0
-0
-0
-0
-0
-0
-0
0
0
0
0
0
0
0
0
0
0
0
0
0
0
0
0
0
0
0
0
0
0
0
0
0
0
0
0
0
0
0
0
0
0
0
0
0
0
0
0
0
0
0
0
0
0
0
0
0
0
-0
-0
-0
-0
-0
-0
-0
-0
-0
-0
-0
-0
-0
-0
-0
-0
-0
-0
-0
-0
-0
-0
-0
-0
-0
-0
-0
-0
-0
-0
-0
-0
-0
-0
-0
-0
-0
-0
-0
-0
-0
-0
-0
-0
-0
-0
-0
-0
-0
-0
-0
0
0
0
0
0
0
0
0
0
0
0
0
0
0
0
0
0
0
0
0
0
0
0
0
0
0
0
0
0
0
0
0
0
0
0
0
0
0
0
0
0
0
0
0
0
0
0
0
0
0
-0
-0
-0
-0
-0
-0
-0
-0
-0
-0
-0
-0
-0
-0
-0
-0
-0
-0
-0
-0
-0
-0
-0
-0
-0
-0
-0
-0
-0
-0
-0
-0
-0
-0
-0
-0
-0
-0
-0
-0
-0
-0
-0
-0
-0
-0
-0
-0
-0
-0
0
0
0
0
0
0
0
0
0
0
0
0
0
0
0
0
0
0
0
0
0
0
0
0
0
0
0
0
0
0
0
0
0
0
0
0
0
0
0
0
0
0
0
0
0
0
0
0
0
0
-0
-0
-0
-0
-0
-0
-0
-0
-0
-0
-0
-0
-0
-0
-0
-0
-0
-0
-0
-0
-0
-0
-0
-0
-0
-0
-0
-0
-0
-0
-0
-0
-0
-0
-0
-0
-0
-0
-0
-0
-0
-0
-0
-0
-0
-0
-0
-0
-0
0
0
0
0
0
0
0
0
0
0
0
0
0
0
0
0
0
0
0
0
0
0
0
0
0
0
0
0
0
0
0
0
0
0
0
0
0
0
0
0
0
0
0
0
0
0
0
0
0
0
0
-0
-0
-0
-0
-0
-0
-0
-0
-0
-0
-0
-0
-0
-0
-0
-0
-0
-0
-0
-0
-0
-0
-0
-0
-0
-0
-0
-0
-0
-0
-0
-0
-0
-0
-0
-0
-0
-0
-0
-0
-0
-0
-0
-0
-0
-0
-0
-0
-0
0
0
0
0
0
0
0
0
0
0
0
0
0
0
0
0
0
0
0
0
0
0
0
0
0
0
0
0
0
0
0
0
0
0
0
0
0
0
0
0
0
0
0
0
0
0
0
0
0
0
-0
-0
-0
-0
-0
-0
-0
-0
-0
-0
-0
-0
-0
-0
-0
-0
-0
-0
-0
-0
-0
-0
-0
-0
-0
-0
-0
-0
-0
-0
-0
-0
-0
-0
-0
-0
-0
-0
-0
-0
-0
-0
-0
-0
-0
-0
-0
-0
-0
-0
0
0
0
0
0
0
0
0
0
0
0
0
0
0
0
0
0
0
0
0
0
0
0
0
0
0
0
0
0
0
0
0
0
0
0
0
0
0
0
0
0
0
0
0
0
0
0
0
0
0
0
-0
-0
-0
-0
-0
-0
-0
-0
-0
-0
-0
-0
-0
-0
-0
-0
-0
-0
-0
-0
-0
-0
-0
-0
-0
-0
-0
-0
-0
-0
-0
-0
-0
-0
-0
-0
-0
-0
-0
-0
-0
-0
-0
-0
-0
-0
-0
-0
-0
0
0
0
0
0
0
0
0
0
0
0
0
0
0
0
0
0
0
0
0
0
0
0
0
0
0
0
0
0
0
0
0
0
0
0
0
0
0
0
0
0
0
0
0
0
0
0
0
0
0
-0
-0
-0
-0
-0
-0
-0
-0
-0
-0
-0
-0
-0
-0
-0
-0
-0
-0
-0
-0
-0
-0
-0
-0
-0
-0
-0
-0
-0
-0
-0
-0
-0
-0
-0
-0
-0
-0
-0
-0
-0
-0
-0
-0
-0
-0
-0
-0
-0
-0
0
0
0
0
0
0
0
0
0
0
0
0
0
0
0
0
0
0
0
0
0
0
0
0
0
0
0
0
0
0
0
0
0
0
0
0
0
0
0
0
0
0
0
0
0
0
0
0
0
0
-0
-0
-0
-0
-0
-0
-0
-0
-0
-0
-0
-0
-0
-0
-0
-0
-0
-0
-0
-0
-0
-0
-0
-0
-0
-0
-0
-0
-0
-0
-0
-0
-0
-0
-0
-0
-0
-0
-0
-0
-0
-0
-0
-0
-0
-0
-0
-0
-0
-0
0
0
0
0
0
0
0
0
0
0
0
0
0
0
0
0
0
0
0
0
0
0
0
0
0
0
0
0
0
0
0
0
0
0
0
0
0
0
0
0
0
0
0
0
0
0
0
0
0
0
0
-0
-0
-0
-0
-0
-0
-0
-0
-0
-0
-0
-0
-0
-0
-0
-0
-0
-0
-0
-0
-0
-0
-0
-0
-0
-0
-0
-0
-0
-0
-0
-0
-0
-0
-0
-0
-0
-0
-0
-0
-0
-0
-0
-0
-0
-0
-0
-0
-0
-0
0
0
0
0
0
0
0
0
0
0
0
0
0
0
0
0
0
0
0
0
0
0
0
0
0
0
0
0
0
0
0
0
0
0
0
0
0
0
0
0
0
0
0
0
0
0
0
0
0
0
-0
-0
-0
-0
-0
-0
-0
-0
-0
-0
-0
-0
-0
-0
-0
-0
-0
-0
-0
-0
-0
-0
-0
-0
-0
-0
-0
-0
-0
-0
-0
-0
-0
-0
-0
-0
-0
-0
-0
-0
-0
-0
-0
-0
-0
-0
-0
-0
-0
-0
0
0
0
0
0
0
0
0
0
0
0
0
0
0
0
0
0
0
0
0
0
0
0
0
0
0
0
0
0
0
0
0
0
0
0
0
0
0
0
0
0
0
0
0
0
0
0
0
0
0
-0
-0
-0
-0
-0
-0
-0
-0
-0
-0
-0
-0
-0
-0
-0
-0
-0
-0
-0
-0
-0
-0
-0
-0
-0
-0
-0
-0
-0
-0
-0
-0
-0
-0
-0
-0
-0
-0
-0
-0
-0
-0
-0
-0
-0
-0
-0
-0
-0
-0
0
0
0
0
0
0
0
0
0
0
0
0
0
0
0
0
0
0
0
0
0
0
0
0
0
0
0
0
0
0
0
0
0
0
0
0
0
0
0
0
0
0
0
0
0
0
0
0
0
0
-0
-0
-0
-0
-0
-0
-0
-0
-0
-0
-0
-0
-0
-0
-0
-0
-0
-0
-0
-0
-0
-0
-0
-0
-0
-0
-0
-0
-0
-0
-0
-0
-0
-0
-0
-0
-0
-0
-0
-0
-0
-0
-0
-0
-0
-0
-0
-0
-0
-0
0
0
0
0
0
0
0
0
0
0
0
0
0
0
0
0
0
0
0
0
0
0
0
0
0
0
0
0
0
0
0
0
0
0
0
0
0
0
0
0
0
0
0
0
0
0
0
0
0
-0
-0
-0
-0
-0
-0
-0
-0
-0
-0
-0
-0
-0
-0
-0
-0
-0
-0
-0
-0
-0
-0
-0
-0
-0
-0
-0
-0
-0
-0
-0
-0
-0
-0
-0
-0
-0
-0
-0
-0
-0
-0
-0
-0
-0
-0
-0
-0
-0
-0
-0
0
0
0
0
0
0
0
0
0
0
0
0
0
0
0
0
0
0
0
0
0
0
0
0
0
0
0
0
0
0
0
0
0
0
0
0
0
0
0
0
0
0
0
0
0
0
0
0
0
0
-9.8895e-09
-3.948e-08
-8.8538e-08
-1.5667e-07
-2.4335e-07
-3.4788e-07
-4.6942e-07
-6.0701e-07
-7.5953e-07
-9.2576e-07
-1.1043e-06
-1.2938e-06
-1.4926e-06
-1.699e-06
-1.9113e-06
-2.1277e-06
-2.3463e-06
-2.5652e-06
-2.7824e-06
-2.9958e-06
-3.2036e-06
-3.4036e-06
-3.5939e-06
-3.7725e-06
-3.9375e-06
-4.0869e-06
-4.219e-06
-4.3319e-06
-4.424e-06
-4.4937e-06
-4.5396e-06
-4.5603e-06
-4.5546e-06
-4.5214e-06
-4.4597e-06
-4.3688e-06
-4.2481e-06
-4.097e-06
-3.9154e-06
-3.703e-06
-3.4601e-06
-3.1868e-06
-2.8836e-06
-2.5511e-06
-2.1902e-06
-1.8018e-06
-1.3871e-06
-9.4752e-07
-4.8459e-07
-1.2347e-19
5.0436e-07
1.0265e-06
1.5642e-06
2.1151e-06
2.6769e-06
3.2469e-06
3.8224e-06
4.4008e-06
4.9792e-06
5.5546e-06
6.1241e-06
6.6846e-06
7.2332e-06
7.7668e-06
8.2823e-06
8.7768e-06
9.2472e-06
9.6907e-06
1.0104e-05
1.0485e-05
1.0831e-05
1.1139e-05
1.1407e-05
1.1632e-05
1.1813e-05
1.1946e-05
1.2032e-05
1.2067e-05
1.2052e-05
1.1983e-05
1.1862e-05
1.1686e-05
1.1456e-05
1.117e-05
1.0831e-05
1.0437e-05
9.9887e-06
9.4878e-06
8.9351e-06
8.3319e-06
7.6797e-06
6.9806e-06
6.2366e-06
5.4501e-06
4.6237e-06
3.7602e-06
2.8627e-06
1.9345e-06
9.7906e-07
-3.09e-20
-9.9884e-07
-2.0135e-06
-3.0398e-06
-4.0735e-06
-5.1104e-06
-6.1458e-06
-7.1754e-06
-8.1946e-06
-9.1988e-06
-1.0183e-05
-1.1144e-05
-1.2075e-05
-1.2974e-05
-1.3835e-05
-1.4653e-05
-1.5426e-05
-1.6148e-05
-1.6816e-05
-1.7426e-05
-1.7975e-05
-1.8459e-05
-1.8875e-05
-1.922e-05
-1.9491e-05
-1.9688e-05
-1.9806e-05
-1.9845e-05
-1.9803e-05
-1.9679e-05
-1.9473e-05
-1.9184e-05
-1.8811e-05
-1.8356e-05
-1.782e-05
-1.7202e-05
-1.6504e-05
-1.5729e-05
-1.4879e-05
-1.3955e-05
-1.2961e-05
-1.1899e-05
-1.0774e-05
-9.5896e-06
-8.3491e-06
-7.0572e-06
-5.7186e-06
-4.3383e-06
-2.9215e-06
-1.4735e-06
-2.0834e-19
1.4933e-06
3.0005e-06
4.5154e-06
6.032e-06
7.5439e-06
9.0448e-06
1.0528e-05
1.1988e-05
1.3418e-05
1.4812e-05
1.6163e-05
1.7466e-05
1.8714e-05
1.9902e-05
2.1024e-05
2.2075e-05
2.3049e-05
2.3942e-05
2.4748e-05
2.5465e-05
2.6086e-05
2.661e-05
2.7033e-05
2.7351e-05
2.7563e-05
2.7665e-05
2.7658e-05
2.7538e-05
2.7307e-05
2.6962e-05
2.6506e-05
2.5937e-05
2.5257e-05
2.4469e-05
2.3573e-05
2.2572e-05
2.147e-05
2.0269e-05
1.8975e-05
1.7589e-05
1.6119e-05
1.4568e-05
1.2943e-05
1.1248e-05
9.4907e-06
7.6771e-06
5.814e-06
3.9085e-06
1.968e-06
-2.7791e-19
-1.9878e-06
-3.9875e-06
-5.991e-06
-7.9904e-06
-9.9774e-06
-1.1944e-05
-1.3881e-05
-1.5782e-05
-1.7638e-05
-1.9441e-05
-2.1183e-05
-2.2857e-05
-2.4455e-05
-2.597e-05
-2.7395e-05
-2.8724e-05
-2.995e-05
-3.1067e-05
-3.207e-05
-3.2954e-05
-3.3714e-05
-3.4346e-05
-3.4846e-05
-3.521e-05
-3.5438e-05
-3.5525e-05
-3.5471e-05
-3.5274e-05
-3.4934e-05
-3.4452e-05
-3.3828e-05
-3.3062e-05
-3.2158e-05
-3.1118e-05
-2.9944e-05
-2.864e-05
-2.7211e-05
-2.566e-05
-2.3994e-05
-2.2218e-05
-2.0339e-05
-1.8362e-05
-1.6296e-05
-1.4147e-05
-1.1924e-05
-9.6355e-06
-7.2896e-06
-4.8955e-06
-2.4625e-06
-7.7104e-20
2.4823e-06
4.9745e-06
7.4667e-06
9.9488e-06
1.2411e-05
1.4843e-05
1.7234e-05
1.9576e-05
2.1858e-05
2.407e-05
2.6203e-05
2.8248e-05
3.0196e-05
3.2038e-05
3.3766e-05
3.5373e-05
3.6851e-05
3.8193e-05
3.9392e-05
4.0444e-05
4.1342e-05
4.2081e-05
4.2658e-05
4.307e-05
4.3313e-05
4.3384e-05
4.3283e-05
4.3009e-05
4.2562e-05
4.1942e-05
4.115e-05
4.0188e-05
3.9059e-05
3.7767e-05
3.6315e-05
3.4708e-05
3.2951e-05
3.1051e-05
2.9014e-05
2.6847e-05
2.4558e-05
2.2156e-05
1.9649e-05
1.7046e-05
1.4358e-05
1.1594e-05
8.7652e-06
5.8825e-06
2.957e-06
-7.4102e-19
-2.9767e-06
-5.9615e-06
-8.9423e-06
-1.1907e-05
-1.4844e-05
-1.7742e-05
-2.0587e-05
-2.337e-05
-2.6077e-05
-2.8699e-05
-3.1223e-05
-3.3639e-05
-3.5936e-05
-3.8106e-05
-4.0137e-05
-4.2022e-05
-4.3752e-05
-4.5318e-05
-4.6714e-05
-4.7933e-05
-4.8969e-05
-4.9817e-05
-5.0471e-05
-5.0929e-05
-5.1187e-05
-5.1244e-05
-5.1096e-05
-5.0745e-05
-5.019e-05
-4.9431e-05
-4.8472e-05
-4.7313e-05
-4.596e-05
-4.4416e-05
-4.2686e-05
-4.0776e-05
-3.8692e-05
-3.6442e-05
-3.4034e-05
-3.1476e-05
-2.8778e-05
-2.595e-05
-2.3002e-05
-1.9945e-05
-1.6791e-05
-1.3552e-05
-1.0241e-05
-6.8695e-06
-3.4514e-06
2.7024e-19
3.4712e-06
6.9485e-06
1.0418e-05
1.3866e-05
1.7278e-05
2.0641e-05
2.3941e-05
2.7164e-05
3.0297e-05
3.3327e-05
3.6242e-05
3.9029e-05
4.1677e-05
4.4174e-05
4.6508e-05
4.8671e-05
5.0653e-05
5.2444e-05
5.4036e-05
5.5423e-05
5.6597e-05
5.7552e-05
5.8284e-05
5.8789e-05
5.9063e-05
5.9103e-05
5.8909e-05
5.848e-05
5.7817e-05
5.6921e-05
5.5794e-05
5.4439e-05
5.2861e-05
5.1065e-05
4.9057e-05
4.6843e-05
4.4432e-05
4.1833e-05
3.9053e-05
3.6105e-05
3.2998e-05
2.9743e-05
2.6355e-05
2.2844e-05
1.9225e-05
1.5511e-05
1.1716e-05
7.8565e-06
3.9459e-06
3.7033e-19
-3.9657e-06
-7.9355e-06
-1.1894e-05
-1.5824e-05
-1.9711e-05
-2.354e-05
-2.7294e-05
-3.0957e-05
-3.4517e-05
-3.7956e-05
-4.1262e-05
-4.442e-05
-4.7418e-05
-5.0241e-05
-5.2879e-05
-5.532e-05
-5.7554e-05
-5.9569e-05
-6.1358e-05
-6.2912e-05
-6.4224e-05
-6.5288e-05
-6.6097e-05
-6.6648e-05
-6.6938e-05
-6.6963e-05
-6.6722e-05
-6.6216e-05
-6.5445e-05
-6.441e-05
-6.3116e-05
-6.1564e-05
-5.9762e-05
-5.7714e-05
-5.5428e-05
-5.2911e-05
-5.0173e-05
-4.7223e-05
-4.4073e-05
-4.0734e-05
-3.7217e-05
-3.3537e-05
-2.9708e-05
-2.5743e-05
-2.1658e-05
-1.7469e-05
-1.3192e-05
-8.8435e-06
-4.4404e-06
8.3369e-19
4.4602e-06
8.9225e-06
1.3369e-05
1.7783e-05
2.2145e-05
2.6439e-05
3.0647e-05
3.4751e-05
3.8736e-05
4.2585e-05
4.6282e-05
4.9811e-05
5.3158e-05
5.6309e-05
5.925e-05
6.1969e-05
6.4455e-05
6.6695e-05
6.868e-05
7.0402e-05
7.1852e-05
7.3023e-05
7.391e-05
7.4508e-05
7.4812e-05
7.4822e-05
7.4535e-05
7.3951e-05
7.3072e-05
7.19e-05
7.0438e-05
6.869e-05
6.6663e-05
6.4363e-05
6.1799e-05
5.8979e-05
5.5914e-05
5.2614e-05
4.9093e-05
4.5362e-05
4.1437e-05
3.7331e-05
3.3061e-05
2.8642e-05
2.4092e-05
1.9428e-05
1.4668e-05
9.8305e-06
4.9349e-06
-7.7193e-20
-4.925e-06
-9.8108e-06
-1.4638e-05
-1.9388e-05
-2.4043e-05
-2.8584e-05
-3.2994e-05
-3.7255e-05
-4.1352e-05
-4.527e-05
-4.8992e-05
-5.2506e-05
-5.5799e-05
-5.8858e-05
-6.1671e-05
-6.423e-05
-6.6525e-05
-6.8547e-05
-7.0291e-05
-7.175e-05
-7.292e-05
-7.3797e-05
-7.4379e-05
-7.4665e-05
-7.4655e-05
-7.435e-05
-7.3754e-05
-7.2869e-05
-7.1699e-05
-7.0252e-05
-6.8534e-05
-6.6552e-05
-6.4317e-05
-6.1836e-05
-5.9123e-05
-5.6188e-05
-5.3043e-05
-4.9703e-05
-4.6181e-05
-4.2492e-05
-3.8652e-05
-3.4675e-05
-3.0579e-05
-2.6381e-05
-2.2096e-05
-1.7743e-05
-1.334e-05
-8.9027e-06
-4.4503e-06
1.317e-18
4.4305e-06
8.8238e-06
1.3163e-05
1.743e-05
2.161e-05
2.5685e-05
2.9641e-05
3.3461e-05
3.7133e-05
4.0641e-05
4.3973e-05
4.7116e-05
5.0058e-05
5.279e-05
5.53e-05
5.7581e-05
5.9624e-05
6.1422e-05
6.2969e-05
6.4261e-05
6.5292e-05
6.6061e-05
6.6566e-05
6.6805e-05
6.678e-05
6.6491e-05
6.5941e-05
6.5133e-05
6.4072e-05
6.2763e-05
6.1212e-05
5.9427e-05
5.7416e-05
5.5187e-05
5.2752e-05
5.012e-05
4.7303e-05
4.4312e-05
4.1162e-05
3.7864e-05
3.4432e-05
3.0882e-05
2.7226e-05
2.3482e-05
1.9663e-05
1.5785e-05
1.1864e-05
7.9157e-06
3.9558e-06
-4.9285e-19
-3.936e-06
-7.8368e-06
-1.1687e-05
-1.5472e-05
-1.9176e-05
-2.2786e-05
-2.6288e-05
-2.9668e-05
-3.2913e-05
-3.6012e-05
-3.8953e-05
-4.1725e-05
-4.4318e-05
-4.6722e-05
-4.8929e-05
-5.0932e-05
-5.2723e-05
-5.4296e-05
-5.5647e-05
-5.6771e-05
-5.7665e-05
-5.8326e-05
-5.8753e-05
-5.8946e-05
-5.8905e-05
-5.8632e-05
-5.8128e-05
-5.7397e-05
-5.6444e-05
-5.5273e-05
-5.389e-05
-5.2301e-05
-5.0515e-05
-4.8538e-05
-4.6381e-05
-4.4052e-05
-4.1562e-05
-3.8922e-05
-3.6142e-05
-3.3235e-05
-3.0213e-05
-2.7088e-05
-2.3873e-05
-2.0583e-05
-1.7229e-05
-1.3827e-05
-1.0388e-05
-6.9287e-06
-3.4613e-06
-1.6149e-19
3.4415e-06
6.8498e-06
1.0211e-05
1.3513e-05
1.6743e-05
1.9887e-05
2.2935e-05
2.5874e-05
2.8694e-05
3.1383e-05
3.3933e-05
3.6334e-05
3.8577e-05
4.0654e-05
4.2558e-05
4.4283e-05
4.5822e-05
4.7171e-05
4.8325e-05
4.9281e-05
5.0037e-05
5.059e-05
5.094e-05
5.1086e-05
5.103e-05
5.0772e-05
5.0315e-05
4.9662e-05
4.8817e-05
4.7783e-05
4.6568e-05
4.5176e-05
4.3614e-05
4.1889e-05
4.001e-05
3.7984e-05
3.5822e-05
3.3531e-05
3.1122e-05
2.8606e-05
2.5993e-05
2.3294e-05
2.052e-05
1.7684e-05
1.4796e-05
1.1868e-05
8.9128e-06
5.9417e-06
2.9669e-06
-6.9241e-19
-2.9471e-06
-5.8628e-06
-8.7357e-06
-1.1555e-05
-1.4309e-05
-1.6988e-05
-1.9582e-05
-2.208e-05
-2.4474e-05
-2.6755e-05
-2.8914e-05
-3.0943e-05
-3.2836e-05
-3.4586e-05
-3.6187e-05
-3.7634e-05
-3.8921e-05
-4.0045e-05
-4.1003e-05
-4.1792e-05
-4.2409e-05
-4.2855e-05
-4.3127e-05
-4.3227e-05
-4.3155e-05
-4.2913e-05
-4.2502e-05
-4.1926e-05
-4.1189e-05
-4.0294e-05
-3.9246e-05
-3.805e-05
-3.6713e-05
-3.524e-05
-3.3639e-05
-3.1917e-05
-3.0081e-05
-2.814e-05
-2.6103e-05
-2.3977e-05
-2.1773e-05
-1.95e-05
-1.7167e-05
-1.4785e-05
-1.2362e-05
-9.9097e-06
-7.4372e-06
-4.9547e-06
-2.4724e-06
1.5383e-19
2.4526e-06
4.8758e-06
7.2601e-06
9.5963e-06
1.1876e-05
1.4089e-05
1.6229e-05
1.8286e-05
2.0254e-05
2.2126e-05
2.3894e-05
2.5552e-05
2.7096e-05
2.8519e-05
2.9816e-05
3.0985e-05
3.202e-05
3.292e-05
3.3681e-05
3.4302e-05
3.4782e-05
3.5119e-05
3.5314e-05
3.5368e-05
3.528e-05
3.5053e-05
3.4689e-05
3.4191e-05
3.3561e-05
3.2804e-05
3.1924e-05
3.0925e-05
2.9812e-05
2.8591e-05
2.7268e-05
2.5849e-05
2.434e-05
2.2749e-05
2.1083e-05
1.9348e-05
1.7554e-05
1.5706e-05
1.3814e-05
1.1886e-05
9.9287e-06
7.9512e-06
5.9615e-06
3.9677e-06
1.9779e-06
-6.7586e-19
-1.9581e-06
-3.8888e-06
-5.7845e-06
-7.6379e-06
-9.442e-06
-1.119e-05
-1.2876e-05
-1.4492e-05
-1.6035e-05
-1.7497e-05
-1.8874e-05
-2.0162e-05
-2.1355e-05
-2.2451e-05
-2.3445e-05
-2.4336e-05
-2.5119e-05
-2.5794e-05
-2.6359e-05
-2.6813e-05
-2.7154e-05
-2.7384e-05
-2.7501e-05
-2.7508e-05
-2.7405e-05
-2.7194e-05
-2.6876e-05
-2.6455e-05
-2.5934e-05
-2.5315e-05
-2.4602e-05
-2.3799e-05
-2.2911e-05
-2.1942e-05
-2.0897e-05
-1.9781e-05
-1.86e-05
-1.7358e-05
-1.6063e-05
-1.472e-05
-1.3334e-05
-1.1913e-05
-1.0461e-05
-8.9868e-06
-7.4952e-06
-5.9928e-06
-4.4859e-06
-2.9807e-06
-1.4834e-06
2.5305e-19
1.4636e-06
2.9018e-06
4.3088e-06
5.6795e-06
7.0085e-06
8.2911e-06
9.5226e-06
1.0699e-05
1.1815e-05
1.2868e-05
1.3854e-05
1.4771e-05
1.5615e-05
1.6383e-05
1.7074e-05
1.7687e-05
1.8218e-05
1.8669e-05
1.9037e-05
1.9323e-05
1.9527e-05
1.9648e-05
1.9689e-05
1.9649e-05
1.953e-05
1.9334e-05
1.9063e-05
1.872e-05
1.8306e-05
1.7825e-05
1.728e-05
1.6674e-05
1.601e-05
1.5293e-05
1.4526e-05
1.3713e-05
1.2859e-05
1.1968e-05
1.1043e-05
1.0091e-05
9.1144e-06
8.1188e-06
7.1084e-06
6.0879e-06
5.0617e-06
4.0344e-06
3.0103e-06
1.9937e-06
9.8895e-07
-3.8606e-23
-9.6917e-07
-1.9148e-06
-2.8332e-06
-3.721e-06
-4.575e-06
-5.3921e-06
-6.1695e-06
-6.9047e-06
-7.5953e-06
-8.2393e-06
-8.8347e-06
-9.38e-06
-9.8739e-06
-1.0315e-05
-1.0703e-05
-1.1037e-05
-1.1318e-05
-1.1543e-05
-1.1715e-05
-1.1834e-05
-1.1899e-05
-1.1913e-05
-1.1876e-05
-1.1789e-05
-1.1655e-05
-1.1475e-05
-1.1251e-05
-1.0984e-05
-1.0679e-05
-1.0336e-05
-9.9579e-06
-9.5482e-06
-9.1092e-06
-8.6438e-06
-8.1549e-06
-7.6454e-06
-7.1184e-06
-6.5768e-06
-6.0237e-06
-5.462e-06
-4.8948e-06
-4.3249e-06
-3.7554e-06
-3.1889e-06
-2.6282e-06
-2.0759e-06
-1.5347e-06
-1.0067e-06
-4.9448e-07
1.3616e-19
4.747e-07
9.2778e-07
1.3576e-06
1.7626e-06
2.1415e-06
2.4931e-06
2.8165e-06
3.1109e-06
3.3757e-06
3.6105e-06
3.815e-06
3.9892e-06
4.1333e-06
4.2475e-06
4.3323e-06
4.3884e-06
4.4166e-06
4.4178e-06
4.3932e-06
4.344e-06
4.2715e-06
4.1772e-06
4.0627e-06
3.9297e-06
3.78e-06
3.6154e-06
3.4377e-06
3.2489e-06
3.051e-06
2.846e-06
2.6359e-06
2.4227e-06
2.2083e-06
1.9947e-06
1.7839e-06
1.5776e-06
1.3778e-06
1.186e-06
1.0039e-06
8.3319e-07
6.7514e-07
5.3113e-07
4.0236e-07
2.899e-07
1.9468e-07
1.1751e-07
5.9025e-08
1.974e-08
0
0
-0
-0
-0
-0
-0
-0
-0
-0
-0
-0
-0
-0
-0
-0
-0
-0
-0
-0
-0
-0
-0
-0
-0
-0
-0
-0
-0
-0
-0
-0
-0
-0
-0
-0
-0
-0
-0
-0
-0
-0
-0
-0
-0
-0
-0
-0
-0
-0
-0
-0
0
0
0
0
0
0
0
0
0
0
0
0
0
0
0
0
0
0
0
0
0
0
0
0
0
0
0
0
0
0
0
0
0
0
0
0
0
0
0
0
0
0
0
0
0
0
0
0
0
0
-0
-0
-0
-0
-0
-0
-0
-0
-0
-0
-0
-0
-0
-0
-0
-0
-0
-0
-0
-0
-0
-0
-0
-0
-0
-0
-0
-0
-0
-0
-0
-0
-0
-0
-0
-0
-0
-0
-0
-0
-0
-0
-0
-0
-0
-0
-0
-0
-0
-0
0
0
0
0
0
0
0
0
0
0
0
0
0
0
0
0
0
0
0
0
0
0
0
0
0
0
0
0
0
0
0
0
0
0
0
0
0
0
0
0
0
0
0
0
0
0
0
0
0
0
-0
-0
-0
-0
-0
-0
-0
-0
-0
-0
-0
-0
-0
-0
-0
-0
-0
-0
-0
-0
-0
-0
-0
-0
-0
-0
-0
-0
-0
-0
-0
-0
-0
-0
-0
-0
-0
-0
-0
-0
-0
-0
-0
-0
-0
-0
-0
-0
-0
-0
0
0
0
0
0
0
0
0
0
0
0
0
0
0
0
0
0
0
0
0
0
0
0
0
0
0
0
0
0
0
0
0
0
0
0
0
0
0
0
0
0
0
0
0
0
0
0
0
0
0
-0
-0
-0
-0
-0
-0
-0
-0
-0
-0
-0
-0
-0
-0
-0
-0
-0
-0
-0
-0
-0
-0
-0
-0
-0
-0
-0
-0
-0
-0
-0
-0
-0
-0
-0
-0
-0
-0
-0
-0
-0
-0
-0
-0
-0
-0
-0
-0
-0
-0
0
0
0
0
0
0
0
0
0
0
0
0
0
0
0
0
0
0
0
0
0
0
0
0
0
0
0
0
0
0
0
0
0
0
0
0
0
0
0
0
0
0
0
0
0
0
0
0
0
0
-0
-0
-0
-0
-0
-0
-0
-0
-0
-0
-0
-0
-0
-0
-0
-0
-0
-0
-0
-0
-0
-0
-0
-0
-0
-0
-0
-0
-0
-0
-0
-0
-0
-0
-0
-0
-0
-0
-0
-0
-0
-0
-0
-0
-0
-0
-0
-0
-0
-0
0
0
0
0
0
0
0
0
0
0
0
0
0
0
0
0
0
0
0
0
0
0
0
0
0
0
0
0
0
0
0
0
0
0
0
0
0
0
0
0
0
0
0
0
0
0
0
0
0
0
-0
-0
-0
-0
-0
-0
-0
-0
-0
-0
-0
-0
-0
-0
-0
-0
-0
-0
-0
-0
-0
-0
-0
-0
-0
-0
-0
-0
-0
-0
-0
-0
-0
-0
-0
-0
-0
-0
-0
-0
-0
-0
-0
-0
-0
-0
-0
-0
-0
0
0
0
0
0
0
0
0
0
0
0
0
0
0
0
0
0
0
0
0
0
0
0
0
0
0
0
0
0
0
0
0
0
0
0
0
0
0
0
0
0
0
0
0
0
0
0
0
0
0
0
-0
-0
-0
-0
-0
-0
-0
-0
-0
-0
-0
-0
-0
-0
-0
-0
-0
-0
-0
-0
-0
-0
-0
-0
-0
-0
-0
-0
-0
-0
-0
-0
-0
-0
-0
-0
-0
-0
-0
-0
-0
-0
-0
-0
-0
-0
-0
-0
-0
-0
0
0
0
0
0
0
0
0
0
0
0
0
0
0
0
0
0
0
0
0
0
0
0
0
0
0
0
0
0
0
0
0
0
0
0
0
0
0
0
0
0
0
0
0
0
0
0
0
0
0
-0
-0
-0
-0
-0
-0
-0
-0
-0
-0
-0
-0
-0
-0
-0
-0
-0
-0
-0
-0
-0
-0
-0
-0
-0
-0
-0
-0
-0
-0
-0
-0
-0
-0
-0
-0
-0
-0
-0
-0
-0
-0
-0
-0
-0
-0
-0
-0
-0
-0
0
0
0
0
0
0
0
0
0
0
0
0
0
0
0
0
0
0
0
0
0
0
0
0
0
0
0
0
0
0
0
0
0
0
0
0
0
0
0
0
0
0
0
0
0
0
0
0
0
-0
-0
-0
-0
-0
-0
-0
-0
-0
-0
-0
-0
-0
-0
-0
-0
-0
-0
-0
-0
-0
-0
-0
-0
-0
-0
-0
-0
-0
-0
-0
-0
-0
-0
-0
-0
-0
-0
-0
-0
-0
-0
-0
-0
-0
-0
-0
-0
-0
-0
-0
0
0
0
0
0
0
0
0
0
0
0
0
0
0
0
0
0
0
0
0
0
0
0
0
0
0
0
0
0
0
0
0
0
0
0
0
0
0
0
0
0
0
0
0
0
0
0
0
0
0
-0
-0
-0
-0
-0
-0
-0
-0
-0
-0
-0
-0
-0
-0
-0
-0
-0
-0
-0
-0
-0
-0
-0
-0
-0
-0
-0
-0
-0
-0
-0
-0
-0
-0
-0
-0
-0
-0
-0
-0
-0
-0
-0
-0
-0
-0
-0
-0
-0
0
0
0
0
0
0
0
0
0
0
0
0
0
0
0
0
0
0
0
0
0
0
0
0
0
0
0
0
0
0
0
0
0
0
0
0
0
0
0
0
0
0
0
0
0
0
0
0
0
0
0
-0
-0
-0
-0
-0
-0
-0
-0
-0
-0
-0
-0
-0
-0
-0
-0
-0
-0
-0
-0
-0
-0
-0
-0
-0
-0
-0
-0
-0
-0
-0
-0
-0
-0
-0
-0
-0
-0
-0
-0
-0
-0
-0
-0
-0
-0
-0
-0
-0
-0
0
0
0
0
0
0
0
0
0
0
0
0
0
0
0
0
0
0
0
0
0
0
0
0
0
0
0
0
0
0
0
0
0
0
0
0
0
0
0
0
0
0
0
0
0
0
0
0
0
0
-0
-0
-0
-0
-0
-0
-0
-0
-0
-0
-0
-0
-0
-0
-0
-0
-0
-0
-0
-0
-0
-0
-0
-0
-0
-0
-0
-0
-0
-0
-0
-0
-0
-0
-0
-0
-0
-0
-0
-0
-0
-0
-0
-0
-0
-0
-0
-0
-0
0
0
0
0
0
0
0
0
0
0
0
0
0
0
0
0
0
0
0
0
0
0
0
0
0
0
0
0
0
0
0
0
0
0
0
0
0
0
0
0
0
0
0
0
0
0
0
0
0
0
-0
-0
-0
-0
-0
-0
-0
-0
-0
-0
-0
-0
-0
-0
-0
-0
-0
-0
-0
-0
-0
-0
-0
-0
-0
-0
-0
-0
-0
-0
-0
-0
-0
-0
-0
-0
-0
-0
-0
-0
-0
-0
-0
-0
-0
-0
-0
-0
-0
-0
-0
0
0
0
0
0
0
0
0
0
0
0
0
0
0
0
0
0
0
0
0
0
0
0
0
0
0
0
0
0
0
0
0
0
0
0
0
0
0
0
0
0
0
0
0
0
0
0
0
0
0
-0
-0
-0
-0
-0
-0
-0
-0
-0
-0
-0
-0
-0
-0
-0
-0
-0
-0
-0
-0
-0
-0
-0
-0
-0
-0
-0
-0
-0
-0
-0
-0
-0
-0
-0
-0
-0
-0
-0
-0
-0
-0
-0
-0
-0
-0
-0
-0
-0
0
0
0
0
0
0
0
0
0
0
0
0
0
0
0
0
0
0
0
0
0
0
0
0
0
0
0
0
0
0
0
0
0
0
0
0
0
0
0
0
0
0
0
0
0
0
0
0
0
0
-0
-0
-0
-0
-0
-0
-0
-0
-0
-0
-0
-0
-0
-0
-0
-0
-0
-0
-0
-0
-0
-0
-0
-0
-0
-0
-0
-0
-0
-0
-0
-0
-0
-0
-0
-0
-0
-0
-0
-0
-0
-0
-0
-0
-0
-0
-0
-0
-0
-0
0
0
0
0
0
0
0
0
0
0
0
0
0
0
0
0
0
0
0
0
0
0
0
0
0
0
0
0
0
0
0
0
0
0
0
0
0
0
0
0
0
0
0
0
0
0
0
0
0
0
0
-0
-0
-0
-0
-0
-0
-0
-0
-0
-0
-0
-0
-0
-0
-0
-0
-0
-0
-0
-0
-0
-0
-0
-0
-0
-0
-0
-0
-0
-0
-0
-0
-0
-0
-0
-0
-0
-0
-0
-0
-0
-0
-0
-0
-0
-0
-0
-0
-0
-0
0
0
0
0
0
0
0
0
0
0
0
0
0
0
0
0
0
0
0
0
0
0
0
0
0
0
0
0
0
0
0
0
0
0
0
0
0
0
0
0
0
0
0
0
0
0
0
0
0
-0
-0
-0
-0
-0
-0
-0
-0
-0
-0
-0
-0
-0
-0
-0
-0
-0
-0
-0
-0
-0
-0
-0
-0
-0
-0
-0
-0
-0
-0
-0
-0
-0
-0
-0
-0
-0
-0
-0
-0
-0
-0
-0
-0
-0
-0
-0
-0
-0
-0
0
0
0
0
0
0
0
0
0
0
0
0
0
0
0
0
0
0
0
0
0
0
0
0
0
0
0
0
0
0
0
0
0
0
0
0
0
0
0
0
0
0
0
0
0
0
0
0
0
0
-0
-0
-0
-0
-0
-0
-0
-0
-0
-0
-0
-0
-0
-0
-0
-0
-0
-0
-0
-0
-0
-0
-0
-0
-0
-0
-0
-0
-0
-0
-0
-0
-0
-0
-0
-0
-0
-0
-0
-0
-0
-0
-0
-0
-0
-0
-0
-0
-0
-0
-0
0
0
0
0
0
0
0
0
0
0
0
0
0
0
0
0
0
0
0
0
0
0
0
0
0
0
0
0
0
0
0
0
0
0
0
0
0
0
0
0
0
0
0
0
0
0
0
0
0
0
-0
-0
-0
-0
-0
-0
-0
-0
-0
-0
-0
-0
-0
-0
-0
-0
-0
-0
-0
-0
-0
-0
-0
-0
-0
-0
-0
-0
-0
-0
-0
-0
-0
-0
-0
-0
-0
-0
-0
-0
-0
-0
-0
-0
-0
-0
-0
-0
-0
0
0
0
0
0
0
0
0
0
0
0
0
0
0
0
0
0
0
0
0
0
0
0
0
0
0
0
0
0
0
0
0
0
0
0
0
0
0
0
0
0
0
0
0
0
0
0
0
0
0
-0
-0
-0
-0
-0
-0
-0
-0
-0
-0
-0
-0
-0
-0
-0
-0
-0
-0
-0
-0
-0
-0
-0
-0
-0
-0
-0
-0
-0
-0
-0
-0
-0
-0
-0
-0
-0
-0
-0
-0
-0
-0
-0
-0
-0
-0
-0
-0
-0
-0
0
0
0
0
0
0
0
0
0
0
0
0
0
0
0
0
0
0
0
0
0
0
0
0
0
0
0
0
0
0
0
0
0
0
0
0
0
0
0
0
0
0
0
0
0
0
0
0
0
0
-0
-0
-0
-0
-0
-0
-0
-0
-0
-0
-0
-0
-0
-0
-0
-0
-0
-0
-0
-0
-0
-0
-0
-0
-0
-0
-0
-0
-0
-0
-0
-0
-0
-0
-0
-0
-0
-0
-0
-0
-0
-0
-0
-0
-0
-0
-0
-0
-0
-0
-0
0
0
0
0
0
0
0
0
0
0
0
0
0
0
0
0
0
0
0
0
0
0
0
0
0
0
0
0
0
0
0
0
0
0
0
0
0
0
0
0
0
0
0
0
0
0
0
0
0
0
-0
-0
-0
-0
-0
-0
-0
-0
-0
-0
-0
-0
-0
-0
-0
-0
-0
-0
-0
-0
-0
-0
-0
-0
-0
-0
-0
-0
-0
-0
-0
-0
-0
-0
-0
-0
-0
-0
-0
-0
-0
-0
-0
-0
-0
-0
-0
-0
-0
-0
0
0
0
0
0
0
0
0
0
0
0
0
0
0
0
0
0
0
0
0
0
0
0
0
0
0
0
0
0
0
0
0
0
0
0
0
0
0
0
0
0
0
0
0
0
0
0
0
0
-0
-0
-0
-0
-0
-0
-0
-0
-0
-0
-0
-0
-0
-0
-0
-0
-0
-0
-0
-0
-0
-0
-0
-0
-0
-0
-0
-0
-0
-0
-0
-0
-0
-0
-0
-0
-0
-0
-0
-0
-0
-0
-0
-0
-0
-0
-0
-0
-0
-0
0
0
0
0
0
0
0
0
0
0
0
0
0
0
0
0
0
0
0
0
0
0
0
0
0
0
0
0
0
0
0
0
0
0
0
0
0
0
0
0
0
0
0
0
0
0
0
0
0
0
0
-0
-0
-0
-0
-0
-0
-0
-0
-0
-0
-0
-0
-0
-0
-0
-0
-0
-0
-0
-0
-0
-0
-0
-0
-0
-0
-0
-0
-0
-0
-0
-0
-0
-0
-0
-0
-0
-0
-0
-0
-0
-0
-0
-0
-0
-0
-0
-0
-0
-0
0
0
0
0
0
0
0
0
0
0
0
0
0
0
0
0
0
0
0
0
0
0
0
0
0
0
0
0
0
0
0
0
0
0
0
0
0
0
0
0
0
0
0
0
0
0
0
0
0
0
-0
-0
-0
-0
-0
-0
-0
-0
-0
-0
-0
-0
-0
-0
-0
-0
-0
-0
-0
-0
-0
-0
-0
-0
-0
-0
-0
-0
-0
-0
-0
-0
-0
-0
-0
-0
-0
-0
-0
-0
-0
-0
-0
-0
-0
-0
-0
-0
-0
0
0
0
0
0
0
0
0
0
0
0
0
0
0
0
0
0
0
0
0
0
0
0
0
0
0
0
0
0
0
0
0
0
0
0
0
0
0
0
0
0
0
0
0
0
0
0
0
0
0
-0
-0
-0
-0
-0
-0
-0
-0
-0
-0
-0
-0
-0
-0
-0
-0
-0
-0
-0
-0
-0
-0
-0
-0
-0
-0
-0
-0
-0
-0
-0
-0
-0
-0
-0
-0
-0
-0
-0
-0
-0
-0
-0
-0
-0
-0
-0
-0
-0
-0
-0
0
0
0
0
0
0
0
0
0
0
0
0
0
0
0
0
0
0
0
0
0
0
0
0
0
0
0
0
0
0
0
0
0
0
0
0
0
0
0
0
0
0
0
0
0
0
0
0
0
0
-0
-0
-0
-0
-0
-0
-0
-0
-0
-0
-0
-0
-0
-0
-0
-0
-0
-0
-0
-0
-0
-0
-0
-0
-0
-0
-0
-0
-0
-0
-0
-0
-0
-0
-0
-0
-0
-0
-0
-0
-0
-0
-0
-0
-0
-0
-0
-0
-0
-0
0
0
0
0
0
0
0
0
0
0
0
0
0
0
0
0
0
0
0
0
0
0
0
0
0
0
0
0
0
0
0
0
0
0
0
0
0
0
0
0
0
0
0
0
0
0
0
0
0
-0
-0
-0
-0
-0
-0
-0
-0
-0
-0
-0
-0
-0
-0
-0
-0
-0
-0
-0
-0
-0
-0
-0
-0
-0
-0
-0
-0
-0
-0
-0
-0
-0
-0
-0
-0
-0
-0
-0
-0
-0
-0
-0
-0
-0
-0
-0
-0
-0
-0
0
0
0
0
0
0
0
0
0
0
0
0
0
0
0
0
0
0
0
0
0
0
0
0
0
0
0
0
0
0
0
0
0
0
0
0
0
0
0
0
0
0
0
0
0
0
0
0
0
0
-0
-9.8895e-09
-3.948e-08
-8.8538e-08
-1.5667e-07
-2.4335e-07
-3.4788e-07
-4.6942e-07
-6.0701e-07
-7.5953e-07
-9.2576e-07
-1.1043e-06
-1.2938e-06
-1.4926e-06
-1.699e-06
-1.9113e-06
-2.1277e-06
-2.3463e-06
-2.5652e-06
-2.7824e-06
-2.9958e-06
-3.2036e-06
-3.4036e-06
-3.5939e-06
-3.7725e-06
-3.9375e-06
-4.0869e-06
-4.219e-06
-4.3319e-06
-4.424e-06
-4.4937e-06
-4.5396e-06
-4.5603e-06
-4.5546e-06
-4.5214e-06
-4.4597e-06
-4.3688e-06
-4.2481e-06
-4.097e-06
-3.9154e-06
-3.703e-06
-3.4601e-06
-3.1868e-06
-2.8836e-06
-2.5511e-06
-2.1902e-06
-1.8018e-06
-1.3871e-06
-9.4752e-07
-4.8459e-07
-8.4858e-20
5.0436e-07
1.0265e-06
1.5642e-06
2.1151e-06
2.6769e-06
3.2469e-06
3.8224e-06
4.4008e-06
4.9792e-06
5.5546e-06
6.1241e-06
6.6846e-06
7.2332e-06
7.7668e-06
8.2823e-06
8.7768e-06
9.2472e-06
9.6907e-06
1.0104e-05
1.0485e-05
1.0831e-05
1.1139e-05
1.1407e-05
1.1632e-05
1.1813e-05
1.1946e-05
1.2032e-05
1.2067e-05
1.2052e-05
1.1983e-05
1.1862e-05
1.1686e-05
1.1456e-05
1.117e-05
1.0831e-05
1.0437e-05
9.9887e-06
9.4878e-06
8.9351e-06
8.3319e-06
7.6797e-06
6.9806e-06
6.2366e-06
5.4501e-06
4.6237e-06
3.7602e-06
2.8627e-06
1.9345e-06
9.7906e-07
-5.5577e-19
-9.9884e-07
-2.0135e-06
-3.0398e-06
-4.0735e-06
-5.1104e-06
-6.1458e-06
-7.1754e-06
-8.1946e-06
-9.1988e-06
-1.0183e-05
-1.1144e-05
-1.2075e-05
-1.2974e-05
-1.3835e-05
-1.4653e-05
-1.5426e-05
-1.6148e-05
-1.6816e-05
-1.7426e-05
-1.7975e-05
-1.8459e-05
-1.8875e-05
-1.922e-05
-1.9491e-05
-1.9688e-05
-1.9806e-05
-1.9845e-05
-1.9803e-05
-1.9679e-05
-1.9473e-05
-1.9184e-05
-1.8811e-05
-1.8356e-05
-1.782e-05
-1.7202e-05
-1.6504e-05
-1.5729e-05
-1.4879e-05
-1.3955e-05
-1.2961e-05
-1.1899e-05
-1.0774e-05
-9.5896e-06
-8.3491e-06
-7.0572e-06
-5.7186e-06
-4.3383e-06
-2.9215e-06
-1.4735e-06
5.7897e-19
1.4933e-06
3.0005e-06
4.5154e-06
6.032e-06
7.5439e-06
9.0448e-06
1.0528e-05
1.1988e-05
1.3418e-05
1.4812e-05
1.6163e-05
1.7466e-05
1.8714e-05
1.9902e-05
2.1024e-05
2.2075e-05
2.3049e-05
2.3942e-05
2.4748e-05
2.5465e-05
2.6086e-05
2.661e-05
2.7033e-05
2.7351e-05
2.7563e-05
2.7665e-05
2.7658e-05
2.7538e-05
2.7307e-05
2.6962e-05
2.6506e-05
2.5937e-05
2.5257e-05
2.4469e-05
2.3573e-05
2.2572e-05
2.147e-05
2.0269e-05
1.8975e-05
1.7589e-05
1.6119e-05
1.4568e-05
1.2943e-05
1.1248e-05
9.4907e-06
7.6771e-06
5.814e-06
3.9085e-06
1.968e-06
1.3582e-18
-1.9878e-06
-3.9875e-06
-5.991e-06
-7.9904e-06
-9.9774e-06
-1.1944e-05
-1.3881e-05
-1.5782e-05
-1.7638e-05
-1.9441e-05
-2.1183e-05
-2.2857e-05
-2.4455e-05
-2.597e-05
-2.7395e-05
-2.8724e-05
-2.995e-05
-3.1067e-05
-3.207e-05
-3.2954e-05
-3.3714e-05
-3.4346e-05
-3.4846e-05
-3.521e-05
-3.5438e-05
-3.5525e-05
-3.5471e-05
-3.5274e-05
-3.4934e-05
-3.4452e-05
-3.3828e-05
-3.3062e-05
-3.2158e-05
-3.1118e-05
-2.9944e-05
-2.864e-05
-2.7211e-05
-2.566e-05
-2.3994e-05
-2.2218e-05
-2.0339e-05
-1.8362e-05
-1.6296e-05
-1.4147e-05
-1.1924e-05
-9.6355e-06
-7.2896e-06
-4.8955e-06
-2.4625e-06
-2.1222e-18
2.4823e-06
4.9745e-06
7.4667e-06
9.9488e-06
1.2411e-05
1.4843e-05
1.7234e-05
1.9576e-05
2.1858e-05
2.407e-05
2.6203e-05
2.8248e-05
3.0196e-05
3.2038e-05
3.3766e-05
3.5373e-05
3.6851e-05
3.8193e-05
3.9392e-05
4.0444e-05
4.1342e-05
4.2081e-05
4.2658e-05
4.307e-05
4.3313e-05
4.3384e-05
4.3283e-05
4.3009e-05
4.2562e-05
4.1942e-05
4.115e-05
4.0188e-05
3.9059e-05
3.7767e-05
3.6315e-05
3.4708e-05
3.2951e-05
3.1051e-05
2.9014e-05
2.6847e-05
2.4558e-05
2.2156e-05
1.9649e-05
1.7046e-05
1.4358e-05
1.1594e-05
8.7652e-06
5.8825e-06
2.957e-06
3.0561e-18
-2.9767e-06
-5.9615e-06
-8.9423e-06
-1.1907e-05
-1.4844e-05
-1.7742e-05
-2.0587e-05
-2.337e-05
-2.6077e-05
-2.8699e-05
-3.1223e-05
-3.3639e-05
-3.5936e-05
-3.8106e-05
-4.0137e-05
-4.2022e-05
-4.3752e-05
-4.5318e-05
-4.6714e-05
-4.7933e-05
-4.8969e-05
-4.9817e-05
-5.0471e-05
-5.0929e-05
-5.1187e-05
-5.1244e-05
-5.1096e-05
-5.0745e-05
-5.019e-05
-4.9431e-05
-4.8472e-05
-4.7313e-05
-4.596e-05
-4.4416e-05
-4.2686e-05
-4.0776e-05
-3.8692e-05
-3.6442e-05
-3.4034e-05
-3.1476e-05
-2.8778e-05
-2.595e-05
-2.3002e-05
-1.9945e-05
-1.6791e-05
-1.3552e-05
-1.0241e-05
-6.8695e-06
-3.4514e-06
-1.0262e-18
3.4712e-06
6.9485e-06
1.0418e-05
1.3866e-05
1.7278e-05
2.0641e-05
2.3941e-05
2.7164e-05
3.0297e-05
3.3327e-05
3.6242e-05
3.9029e-05
4.1677e-05
4.4174e-05
4.6508e-05
4.8671e-05
5.0653e-05
5.2444e-05
5.4036e-05
5.5423e-05
5.6597e-05
5.7552e-05
5.8284e-05
5.8789e-05
5.9063e-05
5.9103e-05
5.8909e-05
5.848e-05
5.7817e-05
5.6921e-05
5.5794e-05
5.4439e-05
5.2861e-05
5.1065e-05
4.9057e-05
4.6843e-05
4.4432e-05
4.1833e-05
3.9053e-05
3.6105e-05
3.2998e-05
2.9743e-05
2.6355e-05
2.2844e-05
1.9225e-05
1.5511e-05
1.1716e-05
7.8565e-06
3.9459e-06
5.4331e-18
-3.9657e-06
-7.9355e-06
-1.1894e-05
-1.5824e-05
-1.9711e-05
-2.354e-05
-2.7294e-05
-3.0957e-05
-3.4517e-05
-3.7956e-05
-4.1262e-05
-4.442e-05
-4.7418e-05
-5.0241e-05
-5.2879e-05
-5.532e-05
-5.7554e-05
-5.9569e-05
-6.1358e-05
-6.2912e-05
-6.4224e-05
-6.5288e-05
-6.6097e-05
-6.6648e-05
-6.6938e-05
-6.6963e-05
-6.6722e-05
-6.6216e-05
-6.5445e-05
-6.441e-05
-6.3116e-05
-6.1564e-05
-5.9762e-05
-5.7714e-05
-5.5428e-05
-5.2911e-05
-5.0173e-05
-4.7223e-05
-4.4073e-05
-4.0734e-05
-3.7217e-05
-3.3537e-05
-2.9708e-05
-2.5743e-05
-2.1658e-05
-1.7469e-05
-1.3192e-05
-8.8435e-06
-4.4404e-06
-2.8476e-18
4.4602e-06
8.9225e-06
1.3369e-05
1.7783e-05
2.2145e-05
2.6439e-05
3.0647e-05
3.4751e-05
3.8736e-05
4.2585e-05
4.6282e-05
4.9811e-05
5.3158e-05
5.6309e-05
5.925e-05
6.1969e-05
6.4455e-05
6.6695e-05
6.868e-05
7.0402e-05
7.1852e-05
7.3023e-05
7.391e-05
7.4508e-05
7.4812e-05
7.4822e-05
7.4535e-05
7.3951e-05
7.3072e-05
7.19e-05
7.0438e-05
6.869e-05
6.6663e-05
6.4363e-05
6.1799e-05
5.8979e-05
5.5914e-05
5.2614e-05
4.9093e-05
4.5362e-05
4.1437e-05
3.7331e-05
3.3061e-05
2.8642e-05
2.4092e-05
1.9428e-05
1.4668e-05
9.8305e-06
4.9349e-06
4.0049e-18
-4.925e-06
-9.8108e-06
-1.4638e-05
-1.9388e-05
-2.4043e-05
-2.8584e-05
-3.2994e-05
-3.7255e-05
-4.1352e-05
-4.527e-05
-4.8992e-05
-5.2506e-05
-5.5799e-05
-5.8858e-05
-6.1671e-05
-6.423e-05
-6.6525e-05
-6.8547e-05
-7.0291e-05
-7.175e-05
-7.292e-05
-7.3797e-05
-7.4379e-05
-7.4665e-05
-7.4655e-05
-7.435e-05
-7.3754e-05
-7.2869e-05
-7.1699e-05
-7.0252e-05
-6.8534e-05
-6.6552e-05
-6.4317e-05
-6.1836e-05
-5.9123e-05
-5.6188e-05
-5.3043e-05
-4.9703e-05
-4.6181e-05
-4.2492e-05
-3.8652e-05
-3.4675e-05
-3.0579e-05
-2.6381e-05
-2.2096e-05
-1.7743e-05
-1.334e-05
-8.9027e-06
-4.4503e-06
-4.366e-18
4.4305e-06
8.8238e-06
1.3163e-05
1.743e-05
2.161e-05
2.5685e-05
2.9641e-05
3.3461e-05
3.7133e-05
4.0641e-05
4.3973e-05
4.7116e-05
5.0058e-05
5.279e-05
5.53e-05
5.7581e-05
5.9624e-05
6.1422e-05
6.2969e-05
6.4261e-05
6.5292e-05
6.6061e-05
6.6566e-05
6.6805e-05
6.678e-05
6.6491e-05
6.5941e-05
6.5133e-05
6.4072e-05
6.2763e-05
6.1212e-05
5.9427e-05
5.7416e-05
5.5187e-05
5.2752e-05
5.012e-05
4.7303e-05
4.4312e-05
4.1162e-05
3.7864e-05
3.4432e-05
3.0882e-05
2.7226e-05
2.3482e-05
1.9663e-05
1.5785e-05
1.1864e-05
7.9157e-06
3.9558e-06
9.8509e-19
-3.936e-06
-7.8368e-06
-1.1687e-05
-1.5472e-05
-1.9176e-05
-2.2786e-05
-2.6288e-05
-2.9668e-05
-3.2913e-05
-3.6012e-05
-3.8953e-05
-4.1725e-05
-4.4318e-05
-4.6722e-05
-4.8929e-05
-5.0932e-05
-5.2723e-05
-5.4296e-05
-5.5647e-05
-5.6771e-05
-5.7665e-05
-5.8326e-05
-5.8753e-05
-5.8946e-05
-5.8905e-05
-5.8632e-05
-5.8128e-05
-5.7397e-05
-5.6444e-05
-5.5273e-05
-5.389e-05
-5.2301e-05
-5.0515e-05
-4.8538e-05
-4.6381e-05
-4.4052e-05
-4.1562e-05
-3.8922e-05
-3.6142e-05
-3.3235e-05
-3.0213e-05
-2.7088e-05
-2.3873e-05
-2.0583e-05
-1.7229e-05
-1.3827e-05
-1.0388e-05
-6.9287e-06
-3.4613e-06
-4.5788e-18
3.4415e-06
6.8498e-06
1.0211e-05
1.3513e-05
1.6743e-05
1.9887e-05
2.2935e-05
2.5874e-05
2.8694e-05
3.1383e-05
3.3933e-05
3.6334e-05
3.8577e-05
4.0654e-05
4.2558e-05
4.4283e-05
4.5822e-05
4.7171e-05
4.8325e-05
4.9281e-05
5.0037e-05
5.059e-05
5.094e-05
5.1086e-05
5.103e-05
5.0772e-05
5.0315e-05
4.9662e-05
4.8817e-05
4.7783e-05
4.6568e-05
4.5176e-05
4.3614e-05
4.1889e-05
4.001e-05
3.7984e-05
3.5822e-05
3.3531e-05
3.1122e-05
2.8606e-05
2.5993e-05
2.3294e-05
2.052e-05
1.7684e-05
1.4796e-05
1.1868e-05
8.9128e-06
5.9417e-06
2.9669e-06
1.7536e-18
-2.9471e-06
-5.8628e-06
-8.7357e-06
-1.1555e-05
-1.4309e-05
-1.6988e-05
-1.9582e-05
-2.208e-05
-2.4474e-05
-2.6755e-05
-2.8914e-05
-3.0943e-05
-3.2836e-05
-3.4586e-05
-3.6187e-05
-3.7634e-05
-3.8921e-05
-4.0045e-05
-4.1003e-05
-4.1792e-05
-4.2409e-05
-4.2855e-05
-4.3127e-05
-4.3227e-05
-4.3155e-05
-4.2913e-05
-4.2502e-05
-4.1926e-05
-4.1189e-05
-4.0294e-05
-3.9246e-05
-3.805e-05
-3.6713e-05
-3.524e-05
-3.3639e-05
-3.1917e-05
-3.0081e-05
-2.814e-05
-2.6103e-05
-2.3977e-05
-2.1773e-05
-1.95e-05
-1.7167e-05
-1.4785e-05
-1.2362e-05
-9.9097e-06
-7.4372e-06
-4.9547e-06
-2.4724e-06
-1.8831e-18
2.4526e-06
4.8758e-06
7.2601e-06
9.5963e-06
1.1876e-05
1.4089e-05
1.6229e-05
1.8286e-05
2.0254e-05
2.2126e-05
2.3894e-05
2.5552e-05
2.7096e-05
2.8519e-05
2.9816e-05
3.0985e-05
3.202e-05
3.292e-05
3.3681e-05
3.4302e-05
3.4782e-05
3.5119e-05
3.5314e-05
3.5368e-05
3.528e-05
3.5053e-05
3.4689e-05
3.4191e-05
3.3561e-05
3.2804e-05
3.1924e-05
3.0925e-05
2.9812e-05
2.8591e-05
2.7268e-05
2.5849e-05
2.434e-05
2.2749e-05
2.1083e-05
1.9348e-05
1.7554e-05
1.5706e-05
1.3814e-05
1.1886e-05
9.9287e-06
7.9512e-06
5.9615e-06
3.9677e-06
1.9779e-06
1.8429e-18
-1.9581e-06
-3.8888e-06
-5.7845e-06
-7.6379e-06
-9.442e-06
-1.119e-05
-1.2876e-05
-1.4492e-05
-1.6035e-05
-1.7497e-05
-1.8874e-05
-2.0162e-05
-2.1355e-05
-2.2451e-05
-2.3445e-05
-2.4336e-05
-2.5119e-05
-2.5794e-05
-2.6359e-05
-2.6813e-05
-2.7154e-05
-2.7384e-05
-2.7501e-05
-2.7508e-05
-2.7405e-05
-2.7194e-05
-2.6876e-05
-2.6455e-05
-2.5934e-05
-2.5315e-05
-2.4602e-05
-2.3799e-05
-2.2911e-05
-2.1942e-05
-2.0897e-05
-1.9781e-05
-1.86e-05
-1.7358e-05
-1.6063e-05
-1.472e-05
-1.3334e-05
-1.1913e-05
-1.0461e-05
-8.9868e-06
-7.4952e-06
-5.9928e-06
-4.4859e-06
-2.9807e-06
-1.4834e-06
-2.9886e-19
1.4636e-06
2.9018e-06
4.3088e-06
5.6795e-06
7.0085e-06
8.2911e-06
9.5226e-06
1.0699e-05
1.1815e-05
1.2868e-05
1.3854e-05
1.4771e-05
1.5615e-05
1.6383e-05
1.7074e-05
1.7687e-05
1.8218e-05
1.8669e-05
1.9037e-05
1.9323e-05
1.9527e-05
1.9648e-05
1.9689e-05
1.9649e-05
1.953e-05
1.9334e-05
1.9063e-05
1.872e-05
1.8306e-05
1.7825e-05
1.728e-05
1.6674e-05
1.601e-05
1.5293e-05
1.4526e-05
1.3713e-05
1.2859e-05
1.1968e-05
1.1043e-05
1.0091e-05
9.1144e-06
8.1188e-06
7.1084e-06
6.0879e-06
5.0617e-06
4.0344e-06
3.0103e-06
1.9937e-06
9.8895e-07
1.253e-18
-9.6917e-07
-1.9148e-06
-2.8332e-06
-3.721e-06
-4.575e-06
-5.3921e-06
-6.1695e-06
-6.9047e-06
-7.5953e-06
-8.2393e-06
-8.8347e-06
-9.38e-06
-9.8739e-06
-1.0315e-05
-1.0703e-05
-1.1037e-05
-1.1318e-05
-1.1543e-05
-1.1715e-05
-1.1834e-05
-1.1899e-05
-1.1913e-05
-1.1876e-05
-1.1789e-05
-1.1655e-05
-1.1475e-05
-1.1251e-05
-1.0984e-05
-1.0679e-05
-1.0336e-05
-9.9579e-06
-9.5482e-06
-9.1092e-06
-8.6438e-06
-8.1549e-06
-7.6454e-06
-7.1184e-06
-6.5768e-06
-6.0237e-06
-5.462e-06
-4.8948e-06
-4.3249e-06
-3.7554e-06
-3.1889e-06
-2.6282e-06
-2.0759e-06
-1.5347e-06
-1.0067e-06
-4.9448e-07
-2.6468e-19
4.747e-07
9.2778e-07
1.3576e-06
1.7626e-06
2.1415e-06
2.4931e-06
2.8165e-06
3.1109e-06
3.3757e-06
3.6105e-06
3.815e-06
3.9892e-06
4.1333e-06
4.2475e-06
4.3323e-06
4.3884e-06
4.4166e-06
4.4178e-06
4.3932e-06
4.344e-06
4.2715e-06
4.1772e-06
4.0627e-06
3.9297e-06
3.78e-06
3.6154e-06
3.4377e-06
3.2489e-06
3.051e-06
2.846e-06
2.6359e-06
2.4227e-06
2.2083e-06
1.9947e-06
1.7839e-06
1.5776e-06
1.3778e-06
1.186e-06
1.0039e-06
8.3319e-07
6.7514e-07
5.3113e-07
4.0236e-07
2.899e-07
1.9468e-07
1.1751e-07
5.9025e-08
1.974e-08
0
0
-0
-0
-0
-0
-0
-0
-0
-0
-0
-0
-0
-0
-0
-0
-0
-0
-0
-0
-0
-0
-0
-0
-0
-0
-0
-0
-0
-0
-0
-0
-0
-0
-0
-0
-0
-0
-0
-0
-0
-0
-0
-0
-0
-0
-0
-0
-0
-0
-0
-0
0
0
0
0
0
0
0
0
0
0
0
0
0
0
0
0
0
0
0
0
0
0
0
0
0
0
0
0
0
0
0
0
0
0
0
0
0
0
0
0
0
0
0
0
0
0
0
0
0
0
-0
-0
-0
-0
-0
-0
-0
-0
-0
-0
-0
-0
-0
-0
-0
-0
-0
-0
-0
-0
-0
-0
-0
-0
-0
-0
-0
-0
-0
-0
-0
-0
-0
-0
-0
-0
-0
-0
-0
-0
-0
-0
-0
-0
-0
-0
-0
-0
-0
-0
0
0
0
0
0
0
0
0
0
0
0
0
0
0
0
0
0
0
0
0
0
0
0
0
0
0
0
0
0
0
0
0
0
0
0
0
0
0
0
0
0
0
0
0
0
0
0
0
0
0
-0
-0
-0
-0
-0
-0
-0
-0
-0
-0
-0
-0
-0
-0
-0
-0
-0
-0
-0
-0
-0
-0
-0
-0
-0
-0
-0
-0
-0
-0
-0
-0
-0
-0
-0
-0
-0
-0
-0
-0
-0
-0
-0
-0
-0
-0
-0
-0
-0
-0
0
0
0
0
0
0
0
0
0
0
0
0
0
0
0
0
0
0
0
0
0
0
0
0
0
0
0
0
0
0
0
0
0
0
0
0
0
0
0
0
0
0
0
0
0
0
0
0
0
0
-0
-0
-0
-0
-0
-0
-0
-0
-0
-0
-0
-0
-0
-0
-0
-0
-0
-0
-0
-0
-0
-0
-0
-0
-0
-0
-0
-0
-0
-0
-0
-0
-0
-0
-0
-0
-0
-0
-0
-0
-0
-0
-0
-0
-0
-0
-0
-0
-0
-0
0
0
0
0
0
0
0
0
0
0
0
0
0
0
0
0
0
0
0
0
0
0
0
0
0
0
0
0
0
0
0
0
0
0
0
0
0
0
0
0
0
0
0
0
0
0
0
0
0
0
-0
-0
-0
-0
-0
-0
-0
-0
-0
-0
-0
-0
-0
-0
-0
-0
-0
-0
-0
-0
-0
-0
-0
-0
-0
-0
-0
-0
-0
-0
-0
-0
-0
-0
-0
-0
-0
-0
-0
-0
-0
-0
-0
-0
-0
-0
-0
-0
-0
-0
0
0
0
0
0
0
0
0
0
0
0
0
0
0
0
0
0
0
0
0
0
0
0
0
0
0
0
0
0
0
0
0
0
0
0
0
0
0
0
0
0
0
0
0
0
0
0
0
0
0
-0
-0
-0
-0
-0
-0
-0
-0
-0
-0
-0
-0
-0
-0
-0
-0
-0
-0
-0
-0
-0
-0
-0
-0
-0
-0
-0
-0
-0
-0
-0
-0
-0
-0
-0
-0
-0
-0
-0
-0
-0
-0
-0
-0
-0
-0
-0
-0
-0
-0
0
0
0
0
0
0
0
0
0
0
0
0
0
0
0
0
0
0
0
0
0
0
0
0
0
0
0
0
0
0
0
0
0
0
0
0
0
0
0
0
0
0
0
0
0
0
0
0
0
0
-0
-0
-0
-0
-0
-0
-0
-0
-0
-0
-0
-0
-0
-0
-0
-0
-0
-0
-0
-0
-0
-0
-0
-0
-0
-0
-0
-0
-0
-0
-0
-0
-0
-0
-0
-0
-0
-0
-0
-0
-0
-0
-0
-0
-0
-0
-0
-0
-0
-0
0
0
0
0
0
0
0
0
0
0
0
0
0
0
0
0
0
0
0
0
0
0
0
0
0
0
0
0
0
0
0
0
0
0
0
0
0
0
0
0
0
0
0
0
0
0
0
0
0
0
-0
-0
-0
-0
-0
-0
-0
-0
-0
-0
-0
-0
-0
-0
-0
-0
-0
-0
-0
-0
-0
-0
-0
-0
-0
-0
-0
-0
-0
-0
-0
-0
-0
-0
-0
-0
-0
-0
-0
-0
-0
-0
-0
-0
-0
-0
-0
-0
-0
-0
0
0
0
0
0
0
0
0
0
0
0
0
0
0
0
0
0
0
0
0
0
0
0
0
0
0
0
0
0
0
0
0
0
0
0
0
0
0
0
0
0
0
0
0
0
0
0
0
0
0
-0
-0
-0
-0
-0
-0
-0
-0
-0
-0
-0
-0
-0
-0
-0
-0
-0
-0
-0
-0
-0
-0
-0
-0
-0
-0
-0
-0
-0
-0
-0
-0
-0
-0
-0
-0
-0
-0
-0
-0
-0
-0
-0
-0
-0
-0
-0
-0
-0
-0
0
0
0
0
0
0
0
0
0
0
0
0
0
0
0
0
0
0
0
0
0
0
0
0
0
0
0
0
0
0
0
0
0
0
0
0
0
0
0
0
0
0
0
0
0
0
0
0
0
0
-0
-0
-0
-0
-0
-0
-0
-0
-0
-0
-0
-0
-0
-0
-0
-0
-0
-0
-0
-0
-0
-0
-0
-0
-0
-0
-0
-0
-0
-0
-0
-0
-0
-0
-0
-0
-0
-0
-0
-0
-0
-0
-0
-0
-0
-0
-0
-0
-0
-0
0
0
0
0
0
0
0
0
0
0
0
0
0
0
0
0
0
0
0
0
0
0
0
0
0
0
0
0
0
0
0
0
0
0
0
0
0
0
0
0
0
0
0
0
0
0
0
0
0
0
-0
-0
-0
-0
-0
-0
-0
-0
-0
-0
-0
-0
-0
-0
-0
-0
-0
-0
-0
-0
-0
-0
-0
-0
-0
-0
-0
-0
-0
-0
-0
-0
-0
-0
-0
-0
-0
-0
-0
-0
-0
-0
-0
-0
-0
-0
-0
-0
-0
-0
0
0
0
0
0
0
0
0
0
0
0
0
0
0
0
0
0
0
0
0
0
0
0
0
0
0
0
0
0
0
0
0
0
0
0
0
0
0
0
0
0
0
0
0
0
0
0
0
0
-0
-0
-0
-0
-0
-0
-0
-0
-0
-0
-0
-0
-0
-0
-0
-0
-0
-0
-0
-0
-0
-0
-0
-0
-0
-0
-0
-0
-0
-0
-0
-0
-0
-0
-0
-0
-0
-0
-0
-0
-0
-0
-0
-0
-0
-0
-0
-0
-0
-0
-0
0
0
0
0
0
0
0
0
0
0
0
0
0
0
0
0
0
0
0
0
0
0
0
0
0
0
0
0
0
0
0
0
0
0
0
0
0
0
0
0
0
0
0
0
0
0
0
0
0
0
-0
-0
-0
-0
-0
-0
-0
-0
-0
-0
-0
-0
-0
-0
-0
-0
-0
-0
-0
-0
-0
-0
-0
-0
-0
-0
-0
-0
-0
-0
-0
-0
-0
-0
-0
-0
-0
-0
-0
-0
-0
-0
-0
-0
-0
-0
-0
-0
-0
0
0
0
0
0
0
0
0
0
0
0
0
0
0
0
0
0
0
0
0
0
0
0
0
0
0
0
0
0
0
0
0
0
0
0
0
0
0
0
0
0
0
0
0
0
0
0
0
0
0
0
-0
-0
-0
-0
-0
-0
-0
-0
-0
-0
-0
-0
-0
-0
-0
-0
-0
-0
-0
-0
-0
-0
-0
-0
-0
-0
-0
-0
-0
-0
-0
-0
-0
-0
-0
-0
-0
-0
-0
-0
-0
-0
-0
-0
-0
-0
-0
-0
-0
-0
0
0
0
0
0
0
0
0
0
0
0
0
0
0
0
0
0
0
0
0
0
0
0
0
0
0
0
0
0
0
0
0
0
0
0
0
0
0
0
0
0
0
0
0
0
0
0
0
0
0
-0
-0
-0
-0
-0
-0
-0
-0
-0
-0
-0
-0
-0
-0
-0
-0
-0
-0
-0
-0
-0
-0
-0
-0
-0
-0
-0
-0
-0
-0
-0
-0
-0
-0
-0
-0
-0
-0
-0
-0
-0
-0
-0
-0
-0
-0
-0
-0
-0
-0
0
0
0
0
0
0
0
0
0
0
0
0
0
0
0
0
0
0
0
0
0
0
0
0
0
0
0
0
0
0
0
0
0
0
0
0
0
0
0
0
0
0
0
0
0
0
0
0
0
-0
-0
-0
-0
-0
-0
-0
-0
-0
-0
-0
-0
-0
-0
-0
-0
-0
-0
-0
-0
-0
-0
-0
-0
-0
-0
-0
-0
-0
-0
-0
-0
-0
-0
-0
-0
-0
-0
-0
-0
-0
-0
-0
-0
-0
-0
-0
-0
-0
-0
-0
0
0
0
0
0
0
0
0
0
0
0
0
0
0
0
0
0
0
0
0
0
0
0
0
0
0
0
0
0
0
0
0
0
0
0
0
0
0
0
0
0
0
0
0
0
0
0
0
0
-0
-0
-0
-0
-0
-0
-0
-0
-0
-0
-0
-0
-0
-0
-0
-0
-0
-0
-0
-0
-0
-0
-0
-0
-0
-0
-0
-0
-0
-0
-0
-0
-0
-0
-0
-0
-0
-0
-0
-0
-0
-0
-0
-0
-0
-0
-0
-0
-0
-0
-0
0
0
0
0
0
0
0
0
0
0
0
0
0
0
0
0
0
0
0
0
0
0
0
0
0
0
0
0
0
0
0
0
0
0
0
0
0
0
0
0
0
0
0
0
0
0
0
0
0
0
-0
-0
-0
-0
-0
-0
-0
-0
-0
-0
-0
-0
-0
-0
-0
-0
-0
-0
-0
-0
-0
-0
-0
-0
-0
-0
-0
-0
-0
-0
-0
-0
-0
-0
-0
-0
-0
-0
-0
-0
-0
-0
-0
-0
-0
-0
-0
-0
-0
-0
0
0
0
0
0
0
0
0
0
0
0
0
0
0
0
0
0
0
0
0
0
0
0
0
0
0
0
0
0
0
0
0
0
0
0
0
0
0
0
0
0
0
0
0
0
0
0
0
0
0
-0
-0
-0
-0
-0
-0
-0
-0
-0
-0
-0
-0
-0
-0
-0
-0
-0
-0
-0
-0
-0
-0
-0
-0
-0
-0
-0
-0
-0
-0
-0
-0
-0
-0
-0
-0
-0
-0
-0
-0
-0
-0
-0
-0
-0
-0
-0
-0
-0
-0
0
0
0
0
0
0
0
0
0
0
0
0
0
0
0
0
0
0
0
0
0
0
0
0
0
0
0
0
0
0
0
0
0
0
0
0
0
0
0
0
0
0
0
0
0
0
0
0
0
0
-0
-0
-0
-0
-0
-0
-0
-0
-0
-0
-0
-0
-0
-0
-0
-0
-0
-0
-0
-0
-0
-0
-0
-0
-0
-0
-0
-0
-0
-0
-0
-0
-0
-0
-0
-0
-0
-0
-0
-0
-0
-0
-0
-0
-0
-0
-0
-0
-0
-0
0
0
0
0
0
0
0
0
0
0
0
0
0
0
0
0
0
0
0
0
0
0
0
0
0
0
0
0
0
0
0
0
0
0
0
0
0
0
0
0
0
0
0
0
0
0
0
0
0
-0
-0
-0
-0
-0
-0
-0
-0
-0
-0
-0
-0
-0
-0
-0
-0
-0
-0
-0
-0
-0
-0
-0
-0
-0
-0
-0
-0
-0
-0
-0
-0
-0
-0
-0
-0
-0
-0
-0
-0
-0
-0
-0
-0
-0
-0
-0
-0
-0
-0
-0
0
0
0
0
0
0
0
0
0
0
0
0
0
0
0
0
0
0
0
0
0
0
0
0
0
0
0
0
0
0
0
0
0
0
0
0
0
0
0
0
0
0
0
0
0
0
0
0
0
-0
-0
-0
-0
-0
-0
-0
-0
-0
-0
-0
-0
-0
-0
-0
-0
-0
-0
-0
-0
-0
-0
-0
-0
-0
-0
-0
-0
-0
-0
-0
-0
-0
-0
-0
-0
-0
-0
-0
-0
-0
-0
-0
-0
-0
-0
-0
-0
-0
-0
-0
0
0
0
0
0
0
0
0
0
0
0
0
0
0
0
0
0
0
0
0
0
0
0
0
0
0
0
0
0
0
0
0
0
0
0
0
0
0
0
0
0
0
0
0
0
0
0
0
0
0
-0
-0
-0
-0
-0
-0
-0
-0
-0
-0
-0
-0
-0
-0
-0
-0
-0
-0
-0
-0
-0
-0
-0
-0
-0
-0
-0
-0
-0
-0
-0
-0
-0
-0
-0
-0
-0
-0
-0
-0
-0
-0
-0
-0
-0
-0
-0
-0
-0
-0
0
0
0
0
0
0
0
0
0
0
0
0
0
0
0
0
0
0
0
0
0
0
0
0
0
0
0
0
0
0
0
0
0
0
0
0
0
0
0
0
0
0
0
0
0
0
0
0
0
0
-0
-0
-0
-0
-0
-0
-0
-0
-0
-0
-0
-0
-0
-0
-0
-0
-0
-0
-0
-0
-0
-0
-0
-0
-0
-0
-0
-0
-0
-0
-0
-0
-0
-0
-0
-0
-0
-0
-0
-0
-0
-0
-0
-0
-0
-0
-0
-0
-0
-0
0
0
0
0
0
0
0
0
0
0
0
0
0
0
0
0
0
0
0
0
0
0
0
0
0
0
0
0
0
0
0
0
0
0
0
0
0
0
0
0
0
0
0
0
0
0
0
0
0
0
-0
-0
-0
-0
-0
-0
-0
-0
-0
-0
-0
-0
-0
-0
-0
-0
-0
-0
-0
-0
-0
-0
-0
-0
-0
-0
-0
-0
-0
-0
-0
-0
-0
-0
-0
-0
-0
-0
-0
-0
-0
-0
-0
-0
-0
-0
-0
-0
-0
-0
0
0
0
0
0
0
0
0
0
0
0
0
0
0
0
0
0
0
0
0
0
0
0
0
0
0
0
0
0
0
0
0
0
0
0
0
0
0
0
0
0
0
0
0
0
0
0
0
0
-0
-0
-0
-0
-0
-0
-0
-0
-0
-0
-0
-0
-0
-0
-0
-0
-0
-0
-0
-0
-0
-0
-0
-0
-0
-0
-0
-0
-0
-0
-0
-0
-0
-0
-0
-0
-0
-0
-0
-0
-0
-0
-0
-0
-0
-0
-0
-0
-0
-0
-0
0
0
0
0
0
0
0
0
0
0
0
0
0
0
0
0
0
0
0
0
0
0
0
0
0
0
0
0
0
0
0
0
0
0
0
0
0
0
0
0
0
0
0
0
0
0
0
0
0
-0
-0
-0
-0
-0
-0
-0
-0
-0
-0
-0
-0
-0
-0
-0
-0
-0
-0
-0
-0
-0
-0
-0
-0
-0
-0
-0
-0
-0
-0
-0
-0
-0
-0
-0
-0
-0
-0
-0
-0
-0
-0
-0
-0
-0
-0
-0
-0
-0
-0
-0
0
0
0
0
0
0
0
0
0
0
0
0
0
0
0
0
0
0
0
0
0
0
0
0
0
0
0
0
0
0
0
0
0
0
0
0
0
0
0
0
0
0
0
0
0
0
0
0
0
0
-0
-0
-0
-0
-0
-0
-0
-0
-0
-0
-0
-0
-0
-0
-0
-0
-0
-0
-0
-0
-0
-0
-0
-0
-0
-0
-0
-0
-0
-0
-0
-0
-0
-0
-0
-0
-0
-0
-0
-0
-0
-0
-0
-0
-0
-0
-0
-0
-0
-0
0
0
0
0
0
0
0
0
0
0
0
0
0
0
0
0
0
0
0
0
0
0
0
0
0
0
0
0
0
0
0
0
0
0
0
0
0
0
0
0
0
0
0
0
0
0
0
0
0
0
-0
-0
-0
-0
-0
-0
-0
-0
-0
-0
-0
-0
-0
-0
-0
-0
-0
-0
-0
-0
-0
-0
-0
-0
-0
-0
-0
-0
-0
-0
-0
-0
-0
-0
-0
-0
-0
-0
-0
-0
-0
-0
-0
-0
-0
-0
-0
-0
-0
-0
0
0
0
0
0
0
0
0
0
0
0
0
0
0
0
0
0
0
0
0
0
0
0
0
0
0
0
0
0
0
0
0
0
0
0
0
0
0
0
0
0
0
0
0
0
0
0
0
0
0
-0
-0
-0
-0
-0
-0
-0
-0
-0
-0
-0
-0
-0
-0
-0
-0
-0
-0
-0
-0
-0
-0
-0
-0
-0
-0
-0
-0
-0
-0
-0
-0
-0
-0
-0
-0
-0
-0
-0
-0
-0
-0
-0
-0
-0
-0
-0
-0
-0
-0
0
0
0
0
0
0
0
0
0
0
0
0
0
0
0
0
0
0
0
0
0
0
0
0
0
0
0
0
0
0
0
0
0
0
0
0
0
0
0
0
0
0
0
0
0
0
0
0
0
-0
-0
-0
-0
-0
-0
-0
-0
-0
-0
-0
-0
-0
-0
-0
-0
-0
-0
-0
-0
-0
-0
-0
-0
-0
-0
-0
-0
-0
-0
-0
-0
-0
-0
-0
-0
-0
-0
-0
-0
-0
-0
-0
-0
-0
-0
-0
-0
-0
-0
-0
0
0
0
0
0
0
0
0
0
0
0
0
0
0
0
0
0
0
0
0
0
0
0
0
0
0
0
0
0
0
0
0
0
0
0
0
0
0
0
0
0
0
0
0
0
0
0
0
0
-0
-0
-0
-0
-0
-0
-0
-0
-0
-0
-0
-0
-0
-0
-0
-0
-0
-0
-0
-0
-0
-0
-0
-0
-0
-0
-0
-0
-0
-0
-0
-0
-0
-0
-0
-0
-0
-0
-0
-0
-0
-0
-0
-0
-0
-0
-0
-0
-0
-0
-0
0
0
0
0
0
0
0
0
0
0
0
0
0
0
0
0
0
0
0
0
0
0
0
0
0
0
0
0
0
0
0
0
0
0
0
0
0
0
0
0
0
0
0
0
0
0
0
0
0
-0
