-0
-0
-0
-0
-0
-0
-0
-0
-0
-0
-0
-0
-0
-0
-0
-0
-0
-0
-0
-0
-0
-0
-0
-0
-0
-0
-0
-0
-0
-0
-0
-0
-0
-0
-0
-0
-0
-0
-0
-0
-0
-0
-0
-0
-0
-0
-0
-0
-0
-0
-0
0
0
0
0
0
0
0
0
0
0
0
0
0
0
0
0
0
0
0
0
0
0
0
0
0
0
0
0
0
0
0
0
0
0
0
0
0
0
0
0
0
0
0
0
0
0
0
0
0
0
-0
-0
-0
-0
-0
-0
-0
-0
-0
-0
-0
-0
-0
-0
-0
-0
-0
-0
-0
-0
-0
-0
-0
-0
-0
-0
-0
-0
-0
-0
-0
-0
-0
-0
-0
-0
-0
-0
-0
-0
-0
-0
-0
-0
-0
-0
-0
-0
-0
-0
0
0
0
0
0
0
0
0
0
0
0
0
0
0
0
0
0
0
0
0
0
0
0
0
0
0
0
0
0
0
0
0
0
0
0
0
0
0
0
0
0
0
0
0
0
0
0
0
0
0
-0
-0
-0
-0
-0
-0
-0
-0
-0
-0
-0
-0
-0
-0
-0
-0
-0
-0
-0
-0
-0
-0
-0
-0
-0
-0
-0
-0
-0
-0
-0
-0
-0
-0
-0
-0
-0
-0
-0
-0
-0
-0
-0
-0
-0
-0
-0
-0
-0
-0
0
0
0
0
0
0
0
0
0
0
0
0
0
0
0
0
0
0
0
0
0
0
0
0
0
0
0
0
0
0
0
0
0
0
0
0
0
0
0
0
0
0
0
0
0
0
0
0
0
0
-0
-0
-0
-0
-0
-0
-0
-0
-0
-0
-0
-0
-0
-0
-0
-0
-0
-0
-0
-0
-0
-0
-0
-0
-0
-0
-0
-0
-0
-0
-0
-0
-0
-0
-0
-0
-0
-0
-0
-0
-0
-0
-0
-0
-0
-0
-0
-0
-0
0
0
0
0
0
0
0
0
0
0
0
0
0
0
0
0
0
0
0
0
0
0
0
0
0
0
0
0
0
0
0
0
0
0
0
0
0
0
0
0
0
0
0
0
0
0
0
0
0
0
0
-0
-0
-0
-0
-0
-0
-0
-0
-0
-0
-0
-0
-0
-0
-0
-0
-0
-0
-0
-0
-0
-0
-0
-0
-0
-0
-0
-0
-0
-0
-0
-0
-0
-0
-0
-0
-0
-0
-0
-0
-0
-0
-0
-0
-0
-0
-0
-0
-0
-0
0
0
0
0
0
0
0
0
0
0
0
0
0
0
0
0
0
0
0
0
0
0
0
0
0
0
0
0
0
0
0
0
0
0
0
0
0
0
0
0
0
0
0
0
0
0
0
0
0
0
-0
-0
-0
-0
-0
-0
-0
-0
-0
-0
-0
-0
-0
-0
-0
-0
-0
-0
-0
-0
-0
-0
-0
-0
-0
-0
-0
-0
-0
-0
-0
-0
-0
-0
-0
-0
-0
-0
-0
-0
-0
-0
-0
-0
-0
-0
-0
-0
-0
0
0
0
0
0
0
0
0
0
0
0
0
0
0
0
0
0
0
0
0
0
0
0
0
0
0
0
0
0
0
0
0
0
0
0
0
0
0
0
0
0
0
0
0
0
0
0
0
0
0
0
-0
-0
-0
-0
-0
-0
-0
-0
-0
-0
-0
-0
-0
-0
-0
-0
-0
-0
-0
-0
-0
-0
-0
-0
-0
-0
-0
-0
-0
-0
-0
-0
-0
-0
-0
-0
-0
-0
-0
-0
-0
-0
-0
-0
-0
-0
-0
-0
-0
0
0
0
0
0
0
0
0
0
0
0
0
0
0
0
0
0
0
0
0
0
0
0
0
0
0
0
0
0
0
0
0
0
0
0
0
0
0
0
0
0
0
0
0
0
0
0
0
0
0
-0
-0
-0
-0
-0
-0
-0
-0
-0
-0
-0
-0
-0
-0
-0
-0
-0
-0
-0
-0
-0
-0
-0
-0
-0
-0
-0
-0
-0
-0
-0
-0
-0
-0
-0
-0
-0
-0
-0
-0
-0
-0
-0
-0
-0
-0
-0
-0
-0
-0
-0
0
0
0
0
0
0
0
0
0
0
0
0
0
0
0
0
0
0
0
0
0
0
0
0
0
0
0
0
0
0
0
0
0
0
0
0
0
0
0
0
0
0
0
0
0
0
0
0
0
0
-0
-0
-0
-0
-0
-0
-0
-0
-0
-0
-0
-0
-0
-0
-0
-0
-0
-0
-0
-0
-0
-0
-0
-0
-0
-0
-0
-0
-0
-0
-0
-0
-0
-0
-0
-0
-0
-0
-0
-0
-0
-0
-0
-0
-0
-0
-0
-0
-0
-0
0
0
0
0
0
0
0
0
0
0
0
0
0
0
0
0
0
0
0
0
0
0
0
0
0
0
0
0
0
0
0
0
0
0
0
0
0
0
0
0
0
0
0
0
0
0
0
0
0
0
-0
-0
-0
-0
-0
-0
-0
-0
-0
-0
-0
-0
-0
-0
-0
-0
-0
-0
-0
-0
-0
-0
-0
-0
-0
-0
-0
-0
-0
-0
-0
-0
-0
-0
-0
-0
-0
-0
-0
-0
-0
-0
-0
-0
-0
-0
-0
-0
-0
0
0
0
0
0
0
0
0
0
0
0
0
0
0
0
0
0
0
0
0
0
0
0
0
0
0
0
0
0
0
0
0
0
0
0
0
0
0
0
0
0
0
0
0
0
0
0
0
0
0
0
-0
-0
-0
-0
-0
-0
-0
-0
-0
-0
-0
-0
-0
-0
-0
-0
-0
-0
-0
-0
-0
-0
-0
-0
-0
-0
-0
-0
-0
-0
-0
-0
-0
-0
-0
-0
-0
-0
-0
-0
-0
-0
-0
-0
-0
-0
-0
-0
-0
0
0
0
0
0
0
0
0
0
0
0
0
0
0
0
0
0
0
0
0
0
0
0
0
0
0
0
0
0
0
0
0
0
0
0
0
0
0
0
0
0
0
0
0
0
0
0
0
0
0
-0
-0
-0
-0
-0
-0
-0
-0
-0
-0
-0
-0
-0
-0
-0
-0
-0
-0
-0
-0
-0
-0
-0
-0
-0
-0
-0
-0
-0
-0
-0
-0
-0
-0
-0
-0
-0
-0
-0
-0
-0
-0
-0
-0
-0
-0
-0
-0
-0
-0
0
0
0
0
0
0
0
0
0
0
0
0
0
0
0
0
0
0
0
0
0
0
0
0
0
0
0
0
0
0
0
0
0
0
0
0
0
0
0
0
0
0
0
0
0
0
0
0
0
0
0
-0
-0
-0
-0
-0
-0
-0
-0
-0
-0
-0
-0
-0
-0
-0
-0
-0
-0
-0
-0
-0
-0
-0
-0
-0
-0
-0
-0
-0
-0
-0
-0
-0
-0
-0
-0
-0
-0
-0
-0
-0
-0
-0
-0
-0
-0
-0
-0
-0
0
0
0
0
0
0
0
0
0
0
0
0
0
0
0
0
0
0
0
0
0
0
0
0
0
0
0
0
0
0
0
0
0
0
0
0
0
0
0
0
0
0
0
0
0
0
0
0
0
0
-0
-0
-0
-0
-0
-0
-0
-0
-0
-0
-0
-0
-0
-0
-0
-0
-0
-0
-0
-0
-0
-0
-0
-0
-0
-0
-0
-0
-0
-0
-0
-0
-0
-0
-0
-0
-0
-0
-0
-0
-0
-0
-0
-0
-0
-0
-0
-0
-0
-0
0
0
0
0
0
0
0
0
0
0
0
0
0
0
0
0
0
0
0
0
0
0
0
0
0
0
0
0
0
0
0
0
0
0
0
0
0
0
0
0
0
0
0
0
0
0
0
0
0
0
-0
-0
-0
-0
-0
-0
-0
-0
-0
-0
-0
-0
-0
-0
-0
-0
-0
-0
-0
-0
-0
-0
-0
-0
-0
-0
-0
-0
-0
-0
-0
-0
-0
-0
-0
-0
-0
-0
-0
-0
-0
-0
-0
-0
-0
-0
-0
-0
-0
-0
0
0
0
0
0
0
0
0
0
0
0
0
0
0
0
0
0
0
0
0
0
0
0
0
0
0
0
0
0
0
0
0
0
0
0
0
0
0
0
0
0
0
0
0
0
0
0
0
0
0
0
-0
-0
-0
-0
-0
-0
-0
-0
-0
-0
-0
-0
-0
-0
-0
-0
-0
-0
-0
-0
-0
-0
-0
-0
-0
-0
-0
-0
-0
-0
-0
-0
-0
-0
-0
-0
-0
-0
-0
-0
-0
-0
-0
-0
-0
-0
-0
-0
-0
-0
0
0
0
0
0
0
0
0
0
0
0
0
0
0
0
0
0
0
0
0
0
0
0
0
0
0
0
0
0
0
0
0
0
0
0
0
0
0
0
0
0
0
0
0
0
0
0
0
0
0
-0
-0
-0
-0
-0
-0
-0
-0
-0
-0
-0
-0
-0
-0
-0
-0
-0
-0
-0
-0
-0
-0
-0
-0
-0
-0
-0
-0
-0
-0
-0
-0
-0
-0
-0
-0
-0
-0
-0
-0
-0
-0
-0
-0
-0
-0
-0
-0
-0
-0
0
0
0
0
0
0
0
0
0
0
0
0
0
0
0
0
0
0
0
0
0
0
0
0
0
0
0
0
0
0
0
0
0
0
0
0
0
0
0
0
0
0
0
0
0
0
0
0
0
0
-0
-0
-0
-0
-0
-0
-0
-0
-0
-0
-0
-0
-0
-0
-0
-0
-0
-0
-0
-0
-0
-0
-0
-0
-0
-0
-0
-0
-0
-0
-0
-0
-0
-0
-0
-0
-0
-0
-0
-0
-0
-0
-0
-0
-0
-0
-0
-0
-0
-0
0
0
0
0
0
0
0
0
0
0
0
0
0
0
0
0
0
0
0
0
0
0
0
0
0
0
0
0
0
0
0
0
0
0
0
0
0
0
0
0
0
0
0
0
0
0
0
0
0
0
-0
-0
-0
-0
-0
-0
-0
-0
-0
-0
-0
-0
-0
-0
-0
-0
-0
-0
-0
-0
-0
-0
-0
-0
-0
-0
-0
-0
-0
-0
-0
-0
-0
-0
-0
-0
-0
-0
-0
-0
-0
-0
-0
-0
-0
-0
-0
-0
-0
-0
0
0
0
0
0
0
0
0
0
0
0
0
0
0
0
0
0
0
0
0
0
0
0
0
0
0
0
0
0
0
0
0
0
0
0
0
0
0
0
0
0
0
0
0
0
0
0
0
0
-0
-0
-0
-0
-0
-0
-0
-0
-0
-0
-0
-0
-0
-0
-0
-0
-0
-0
-0
-0
-0
-0
-0
-0
-0
-0
-0
-0
-0
-0
-0
-0
-0
-0
-0
-0
-0
-0
-0
-0
-0
-0
-0
-0
-0
-0
-0
-0
-0
-0
-0
0
0
0
0
0
0
0
0
0
0
0
0
0
0
0
0
0
0
0
0
0
0
0
0
0
0
0
0
0
0
0
0
0
0
0
0
0
0
0
0
0
0
0
0
0
0
0
0
0
0
-2.6372e-08
-1.0528e-07
-2.361e-07
-4.178e-07
-6.4894e-07
-9.2767e-07
-1.2518e-06
-1.6187e-06
-2.0254e-06
-2.4687e-06
-2.9449e-06
-3.4501e-06
-3.9802e-06
-4.5306e-06
-5.0968e-06
-5.6739e-06
-6.2568e-06
-6.8405e-06
-7.4196e-06
-7.9889e-06
-8.5429e-06
-9.0763e-06
-9.5838e-06
-1.006e-05
-1.05e-05
-1.0898e-05
-1.1251e-05
-1.1552e-05
-1.1797e-05
-1.1983e-05
-1.2106e-05
-1.2161e-05
-1.2146e-05
-1.2057e-05
-1.1893e-05
-1.165e-05
-1.1328e-05
-1.0925e-05
-1.0441e-05
-9.8748e-06
-9.2269e-06
-8.4981e-06
-7.6896e-06
-6.8029e-06
-5.8404e-06
-4.8047e-06
-3.6989e-06
-2.5267e-06
-1.2922e-06
-3.2926e-19
1.345e-06
2.7373e-06
4.1711e-06
5.6403e-06
7.1383e-06
8.6583e-06
1.0193e-05
1.1736e-05
1.3278e-05
1.4812e-05
1.6331e-05
1.7826e-05
1.9289e-05
2.0711e-05
2.2086e-05
2.3405e-05
2.4659e-05
2.5842e-05
2.6945e-05
2.7961e-05
2.8883e-05
2.9704e-05
3.0418e-05
3.1019e-05
3.15e-05
3.1857e-05
3.2085e-05
3.218e-05
3.2138e-05
3.1955e-05
3.1631e-05
3.1162e-05
3.0548e-05
2.9788e-05
2.8882e-05
2.7831e-05
2.6637e-05
2.5301e-05
2.3827e-05
2.2218e-05
2.0479e-05
1.8615e-05
1.6631e-05
1.4534e-05
1.233e-05
1.0027e-05
7.6339e-06
5.1587e-06
2.6108e-06
-8.24e-20
-2.6636e-06
-5.3693e-06
-8.1061e-06
-1.0863e-05
-1.3628e-05
-1.6389e-05
-1.9135e-05
-2.1852e-05
-2.453e-05
-2.7156e-05
-2.9717e-05
-3.2201e-05
-3.4597e-05
-3.6892e-05
-3.9076e-05
-4.1136e-05
-4.3062e-05
-4.4843e-05
-4.647e-05
-4.7933e-05
-4.9223e-05
-5.0332e-05
-5.1253e-05
-5.1977e-05
-5.25e-05
-5.2816e-05
-5.2919e-05
-5.2808e-05
-5.2478e-05
-5.1928e-05
-5.1156e-05
-5.0164e-05
-4.895e-05
-4.7519e-05
-4.5871e-05
-4.4012e-05
-4.1945e-05
-3.9676e-05
-3.7213e-05
-3.4562e-05
-3.1732e-05
-2.8732e-05
-2.5572e-05
-2.2264e-05
-1.8819e-05
-1.525e-05
-1.1569e-05
-7.7907e-06
-3.9294e-06
-5.5558e-19
3.9822e-06
8.0013e-06
1.2041e-05
1.6085e-05
2.0117e-05
2.412e-05
2.8076e-05
3.1969e-05
3.5783e-05
3.9499e-05
4.3103e-05
4.6577e-05
4.9905e-05
5.3073e-05
5.6065e-05
5.8867e-05
6.1464e-05
6.3845e-05
6.5996e-05
6.7905e-05
6.9564e-05
7.096e-05
7.2087e-05
7.2936e-05
7.35e-05
7.3774e-05
7.3754e-05
7.3436e-05
7.2818e-05
7.19e-05
7.0682e-05
6.9165e-05
6.7353e-05
6.525e-05
6.2861e-05
6.0192e-05
5.7253e-05
5.4052e-05
5.0599e-05
4.6905e-05
4.2984e-05
3.8849e-05
3.4514e-05
2.9995e-05
2.5308e-05
2.0472e-05
1.5504e-05
1.0423e-05
5.248e-06
-7.4108e-19
-5.3008e-06
-1.0633e-05
-1.5976e-05
-2.1308e-05
-2.6606e-05
-3.185e-05
-3.7017e-05
-4.2086e-05
-4.7035e-05
-5.1843e-05
-5.6489e-05
-6.0952e-05
-6.5214e-05
-6.9254e-05
-7.3054e-05
-7.6597e-05
-7.9867e-05
-8.2846e-05
-8.5521e-05
-8.7878e-05
-8.9904e-05
-9.1588e-05
-9.2921e-05
-9.3894e-05
-9.45e-05
-9.4733e-05
-9.4588e-05
-9.4064e-05
-9.3158e-05
-9.1872e-05
-9.0207e-05
-8.8166e-05
-8.5755e-05
-8.2981e-05
-7.985e-05
-7.6373e-05
-7.2562e-05
-6.8427e-05
-6.3985e-05
-5.9249e-05
-5.4236e-05
-4.8965e-05
-4.3455e-05
-3.7725e-05
-3.1798e-05
-2.5695e-05
-1.9439e-05
-1.3055e-05
-6.5666e-06
-2.0561e-19
6.6194e-06
1.3265e-05
1.9911e-05
2.653e-05
3.3096e-05
3.9581e-05
4.5959e-05
5.2203e-05
5.8287e-05
6.4186e-05
6.9874e-05
7.5328e-05
8.0522e-05
8.5435e-05
9.0044e-05
9.4328e-05
9.8269e-05
0.00010185
0.00010505
0.00010785
0.00011024
0.00011222
0.00011376
0.00011485
0.0001155
0.00011569
0.00011542
0.00011469
0.0001135
0.00011184
0.00010973
0.00010717
0.00010416
0.00010071
9.6839e-05
9.2554e-05
8.787e-05
8.2803e-05
7.7371e-05
7.1592e-05
6.5489e-05
5.9082e-05
5.2396e-05
4.5456e-05
3.8287e-05
3.0917e-05
2.3374e-05
1.5687e-05
7.8852e-06
-1.976e-18
-7.938e-06
-1.5897e-05
-2.3846e-05
-3.1753e-05
-3.9585e-05
-4.7311e-05
-5.49e-05
-6.232e-05
-6.954e-05
-7.653e-05
-8.326e-05
-8.9703e-05
-9.583e-05
-0.00010162
-0.00010703
-0.00011206
-0.00011667
-0.00012085
-0.00012457
-0.00012782
-0.00013058
-0.00013284
-0.00013459
-0.00013581
-0.0001365
-0.00013665
-0.00013626
-0.00013532
-0.00013384
-0.00013182
-0.00012926
-0.00012617
-0.00012256
-0.00011844
-0.00011383
-0.00010873
-0.00010318
-9.7178e-05
-9.0756e-05
-8.3936e-05
-7.6741e-05
-6.9199e-05
-6.1338e-05
-5.3187e-05
-4.4777e-05
-3.614e-05
-2.7309e-05
-1.8319e-05
-9.2038e-06
7.2064e-19
9.2566e-06
1.8529e-05
2.7781e-05
3.6975e-05
4.6074e-05
5.5042e-05
6.3841e-05
7.2436e-05
8.0792e-05
8.8873e-05
9.6646e-05
0.00010408
0.00011114
0.0001178
0.00012402
0.00012979
0.00013507
0.00013985
0.0001441
0.00014779
0.00015092
0.00015347
0.00015542
0.00015677
0.0001575
0.00015761
0.00015709
0.00015595
0.00015418
0.00015179
0.00014878
0.00014517
0.00014096
0.00013617
0.00013082
0.00012492
0.00011849
0.00011155
0.00010414
9.6279e-05
8.7993e-05
7.9316e-05
7.0279e-05
6.0917e-05
5.1266e-05
4.1362e-05
3.1244e-05
2.0951e-05
1.0522e-05
9.8756e-19
-1.0575e-05
-2.1161e-05
-3.1716e-05
-4.2198e-05
-5.2564e-05
-6.2773e-05
-7.2783e-05
-8.2553e-05
-9.2044e-05
-0.00010122
-0.00011003
-0.00011845
-0.00012645
-0.00013398
-0.00014101
-0.00014752
-0.00015348
-0.00015885
-0.00016362
-0.00016777
-0.00017126
-0.0001741
-0.00017626
-0.00017773
-0.0001785
-0.00017857
-0.00017793
-0.00017658
-0.00017452
-0.00017176
-0.00016831
-0.00016417
-0.00015937
-0.0001539
-0.00014781
-0.0001411
-0.00013379
-0.00012593
-0.00011753
-0.00010862
-9.9246e-05
-8.9433e-05
-7.922e-05
-6.8648e-05
-5.7755e-05
-4.6585e-05
-3.5179e-05
-2.3583e-05
-1.1841e-05
2.2232e-18
1.1894e-05
2.3793e-05
3.5651e-05
4.742e-05
5.9053e-05
7.0503e-05
8.1724e-05
9.267e-05
0.0001033
0.00011356
0.00012342
0.00013283
0.00014176
0.00015016
0.000158
0.00016525
0.00017188
0.00017785
0.00018315
0.00018774
0.00019161
0.00019473
0.00019709
0.00019869
0.0001995
0.00019953
0.00019876
0.0001972
0.00019486
0.00019173
0.00018783
0.00018317
0.00017777
0.00017163
0.0001648
0.00015728
0.0001491
0.0001403
0.00013091
0.00012097
0.0001105
9.955e-05
8.8162e-05
7.6378e-05
6.4245e-05
5.1807e-05
3.9114e-05
2.6215e-05
1.316e-05
-2.0626e-19
-1.3212e-05
-2.6425e-05
-3.9586e-05
-5.2643e-05
-6.5543e-05
-7.8234e-05
-9.0665e-05
-0.00010279
-0.00011455
-0.0001259
-0.0001368
-0.00014721
-0.00015706
-0.00016634
-0.00017499
-0.00018298
-0.00019028
-0.00019685
-0.00020267
-0.00020771
-0.00021195
-0.00021536
-0.00021793
-0.00021965
-0.0002205
-0.00022048
-0.00021959
-0.00021783
-0.0002152
-0.00021171
-0.00020736
-0.00020217
-0.00019617
-0.00018937
-0.00018179
-0.00017346
-0.00016441
-0.00015468
-0.0001443
-0.00013331
-0.00012175
-0.00010967
-9.7103e-05
-8.4109e-05
-7.0734e-05
-5.703e-05
-4.3049e-05
-2.8847e-05
-1.4478e-05
4.302e-18
1.4531e-05
2.9057e-05
4.3521e-05
5.7865e-05
7.2032e-05
8.5964e-05
9.9607e-05
0.0001129
0.0001258
0.00013825
0.00015019
0.00016158
0.00017237
0.00018252
0.00019198
0.00020071
0.00020868
0.00021586
0.0002222
0.00022768
0.00023229
0.00023598
0.00023876
0.0002406
0.0002415
0.00024144
0.00024043
0.00023846
0.00023554
0.00023168
0.00022688
0.00022118
0.00021457
0.0002071
0.00019878
0.00018964
0.00017972
0.00016906
0.00015769
0.00014565
0.000133
0.00011978
0.00010604
9.184e-05
7.7223e-05
6.2252e-05
4.6984e-05
3.1479e-05
1.5797e-05
-1.9764e-18
-1.585e-05
-3.1689e-05
-4.7456e-05
-6.3088e-05
-7.8521e-05
-9.3695e-05
-0.00010855
-0.00012302
-0.00013705
-0.00015059
-0.00016358
-0.00017596
-0.00018768
-0.0001987
-0.00020897
-0.00021844
-0.00022709
-0.00023486
-0.00024172
-0.00024766
-0.00025263
-0.00025661
-0.0002596
-0.00026156
-0.0002625
-0.0002624
-0.00026126
-0.00025909
-0.00025588
-0.00025165
-0.00024641
-0.00024018
-0.00023297
-0.00022483
-0.00021576
-0.00020582
-0.00019503
-0.00018343
-0.00017107
-0.000158
-0.00014426
-0.0001299
-0.00011499
-9.957e-05
-8.3713e-05
-6.7475e-05
-5.0919e-05
-3.4111e-05
-1.7115e-05
-8.0205e-19
1.7168e-05
3.4321e-05
5.1391e-05
6.831e-05
8.5011e-05
0.00010143
0.00011749
0.00013314
0.00014831
0.00016293
0.00017696
0.00019033
0.00020299
0.00021488
0.00022596
0.00023618
0.00024549
0.00025386
0.00026125
0.00026763
0.00027297
0.00027724
0.00028043
0.00028252
0.0002835
0.00028336
0.0002821
0.00027972
0.00027622
0.00027162
0.00026593
0.00025918
0.00025138
0.00024256
0.00023275
0.000222
0.00021034
0.00019781
0.00018446
0.00017034
0.00015551
0.00014002
0.00012393
0.0001073
9.0202e-05
7.2697e-05
5.4854e-05
3.6743e-05
1.8434e-05
-4.3227e-18
-1.8487e-05
-3.6953e-05
-5.5326e-05
-7.3533e-05
-9.15e-05
-0.00010916
-0.00012643
-0.00014325
-0.00015956
-0.00017528
-0.00019035
-0.00020471
-0.0002183
-0.00023106
-0.00024295
-0.00025391
-0.00026389
-0.00027286
-0.00028077
-0.0002876
-0.00029331
-0.00029787
-0.00030127
-0.00030348
-0.0003045
-0.00030432
-0.00030293
-0.00030034
-0.00029656
-0.00029159
-0.00028546
-0.00027818
-0.00026978
-0.00026029
-0.00024974
-0.00023818
-0.00022564
-0.00021218
-0.00019784
-0.00018268
-0.00016676
-0.00015013
-0.00013287
-0.00011503
-9.6691e-05
-7.792e-05
-5.8789e-05
-3.9375e-05
-1.9753e-05
1.2356e-18
1.9805e-05
3.9585e-05
5.9261e-05
7.8755e-05
9.7989e-05
0.00011689
0.00013537
0.00015337
0.00017081
0.00018762
0.00020373
0.00021908
0.00023361
0.00024724
0.00025994
0.00027164
0.00028229
0.00029186
0.0003003
0.00030757
0.00031365
0.0003185
0.0003221
0.00032444
0.0003255
0.00032528
0.00032377
0.00032097
0.0003169
0.00031157
0.00030499
0.00029718
0.00028818
0.00027802
0.00026673
0.00025436
0.00024095
0.00022656
0.00021123
0.00019503
0.00017801
0.00016025
0.00014181
0.00012276
0.00010318
8.3142e-05
6.2724e-05
4.2007e-05
2.1071e-05
-7.2454e-18
-2.1124e-05
-4.2217e-05
-6.3196e-05
-8.3978e-05
-0.00010448
-0.00012462
-0.00014431
-0.00016349
-0.00018206
-0.00019996
-0.00021712
-0.00023346
-0.00024891
-0.00026342
-0.00027693
-0.00028937
-0.0003007
-0.00031086
-0.00031982
-0.00032754
-0.00033399
-0.00033912
-0.00034293
-0.0003454
-0.0003465
-0.00034624
-0.0003446
-0.0003416
-0.00033724
-0.00033154
-0.00032451
-0.00031618
-0.00030658
-0.00029575
-0.00028372
-0.00027054
-0.00025626
-0.00024093
-0.00022462
-0.00020737
-0.00018926
-0.00017037
-0.00015075
-0.00013049
-0.00010967
-8.8364e-05
-6.6659e-05
-4.4639e-05
-2.239e-05
3.8496e-18
2.2443e-05
4.4849e-05
6.7131e-05
8.92e-05
0.00011097
0.00013235
0.00015325
0.0001736
0.00019332
0.00021231
0.00023051
0.00024783
0.00026422
0.0002796
0.00029392
0.0003071
0.0003191
0.00032986
0.00033935
0.00034752
0.00035433
0.00035975
0.00036377
0.00036636
0.0003675
0.00036719
0.00036544
0.00036223
0.00035758
0.00035151
0.00034404
0.00033518
0.00032499
0.00031348
0.00030071
0.00028672
0.00027157
0.00025531
0.000238
0.00021971
0.00020052
0.00018048
0.00015969
0.00013822
0.00011616
9.3587e-05
7.0594e-05
4.7271e-05
2.3708e-05
-9.359e-22
-2.3761e-05
-4.7481e-05
-7.1066e-05
-9.4423e-05
-0.00011746
-0.00014008
-0.0001622
-0.00018372
-0.00020457
-0.00022465
-0.00024389
-0.00026221
-0.00027953
-0.00029578
-0.00031091
-0.00032483
-0.0003375
-0.00034887
-0.00035888
-0.00036749
-0.00037467
-0.00038038
-0.0003846
-0.00038731
-0.0003885
-0.00038815
-0.00038627
-0.00038286
-0.00037792
-0.00037148
-0.00036356
-0.00035419
-0.00034339
-0.00033121
-0.0003177
-0.0003029
-0.00028688
-0.00026968
-0.00025139
-0.00023206
-0.00021177
-0.0001906
-0.00016863
-0.00014595
-0.00012265
-9.8809e-05
-7.4529e-05
-4.9903e-05
-2.5027e-05
7.0398e-18
2.508e-05
5.0113e-05
7.5001e-05
9.9645e-05
0.00012395
0.00014781
0.00017114
0.00019384
0.00021582
0.000237
0.00025728
0.00027658
0.00029484
0.00031197
0.00032789
0.00034256
0.0003559
0.00036787
0.0003784
0.00038746
0.00039501
0.00040101
0.00040544
0.00040827
0.0004095
0.00040911
0.0004071
0.00040348
0.00039826
0.00039145
0.00038309
0.00037319
0.00036179
0.00034894
0.00033469
0.00031908
0.00030219
0.00028406
0.00026477
0.0002444
0.00022302
0.00020072
0.00017758
0.00015368
0.00012914
0.00010403
7.8464e-05
5.2535e-05
2.6346e-05
9.0547e-18
-2.6372e-05
-5.264e-05
-7.87e-05
-0.00010445
-0.00012979
-0.00015461
-0.00017883
-0.00020234
-0.00022505
-0.00024687
-0.00026772
-0.00028751
-0.00030617
-0.00032362
-0.00033979
-0.00035462
-0.00036805
-0.00038003
-0.00039051
-0.00039944
-0.0004068
-0.00041256
-0.00041669
-0.00041917
-0.00042
-0.00041917
-0.00041669
-0.00041256
-0.0004068
-0.00039944
-0.00039051
-0.00038003
-0.00036805
-0.00035462
-0.00033979
-0.00032362
-0.00030617
-0.00028751
-0.00026772
-0.00024687
-0.00022505
-0.00020234
-0.00017883
-0.00015461
-0.00012979
-0.00010445
-7.87e-05
-5.264e-05
-2.6372e-05
-1.6454e-18
2.6372e-05
5.264e-05
7.87e-05
0.00010445
0.00012979
0.00015461
0.00017883
0.00020234
0.00022505
0.00024687
0.00026772
0.00028751
0.00030617
0.00032362
0.00033979
0.00035462
0.00036805
0.00038003
0.00039051
0.00039944
0.0004068
0.00041256
0.00041669
0.00041917
0.00042
0.00041917
0.00041669
0.00041256
0.0004068
0.00039944
0.00039051
0.00038003
0.00036805
0.00035462
0.00033979
0.00032362
0.00030617
0.00028751
0.00026772
0.00024687
0.00022505
0.00020234
0.00017883
0.00015461
0.00012979
0.00010445
7.87e-05
5.264e-05
2.6372e-05
6.1733e-18
-2.6372e-05
-5.264e-05
-7.87e-05
-0.00010445
-0.00012979
-0.00015461
-0.00017883
-0.00020234
-0.00022505
-0.00024687
-0.00026772
-0.00028751
-0.00030617
-0.00032362
-0.00033979
-0.00035462
-0.00036805
-0.00038003
-0.00039051
-0.00039944
-0.0004068
-0.00041256
-0.00041669
-0.00041917
-0.00042
-0.00041917
-0.00041669
-0.00041256
-0.0004068
-0.00039944
-0.00039051
-0.00038003
-0.00036805
-0.00035462
-0.00033979
-0.00032362
-0.00030617
-0.00028751
-0.00026772
-0.00024687
-0.00022505
-0.00020234
-0.00017883
-0.00015461
-0.00012979
-0.00010445
-7.87e-05
-5.264e-05
-2.6372e-05
-1.0701e-17
2.6372e-05
5.264e-05
7.87e-05
0.00010445
0.00012979
0.00015461
0.00017883
0.00020234
0.00022505
0.00024687
0.00026772
0.00028751
0.00030617
0.00032362
0.00033979
0.00035462
0.00036805
0.00038003
0.00039051
0.00039944
0.0004068
0.00041256
0.00041669
0.00041917
0.00042
0.00041917
0.00041669
0.00041256
0.0004068
0.00039944
0.00039051
0.00038003
0.00036805
0.00035462
0.00033979
0.00032362
0.00030617
0.00028751
0.00026772
0.00024687
0.00022505
0.00020234
0.00017883
0.00015461
0.00012979
0.00010445
7.87e-05
5.264e-05
2.6372e-05
3.2919e-18
-2.6372e-05
-5.264e-05
-7.87e-05
-0.00010445
-0.00012979
-0.00015461
-0.00017883
-0.00020234
-0.00022505
-0.00024687
-0.00026772
-0.00028751
-0.00030617
-0.00032362
-0.00033979
-0.00035462
-0.00036805
-0.00038003
-0.00039051
-0.00039944
-0.0004068
-0.00041256
-0.00041669
-0.00041917
-0.00042
-0.00041917
-0.00041669
-0.00041256
-0.0004068
-0.00039944
-0.00039051
-0.00038003
-0.00036805
-0.00035462
-0.00033979
-0.00032362
-0.00030617
-0.00028751
-0.00026772
-0.00024687
-0.00022505
-0.00020234
-0.00017883
-0.00015461
-0.00012979
-0.00010445
-7.87e-05
-5.264e-05
-2.6372e-05
-7.8197e-18
2.6372e-05
5.264e-05
7.87e-05
0.00010445
0.00012979
0.00015461
0.00017883
0.00020234
0.00022505
0.00024687
0.00026772
0.00028751
0.00030617
0.00032362
0.00033979
0.00035462
0.00036805
0.00038003
0.00039051
0.00039944
0.0004068
0.00041256
0.00041669
0.00041917
0.00042
0.00041917
0.00041669
0.00041256
0.0004068
0.00039944
0.00039051
0.00038003
0.00036805
0.00035462
0.00033979
0.00032362
0.00030617
0.00028751
0.00026772
0.00024687
0.00022505
0.00020234
0.00017883
0.00015461
0.00012979
0.00010445
7.87e-05
5.264e-05
2.6372e-05
4.1044e-19
-2.6372e-05
-5.264e-05
-7.87e-05
-0.00010445
-0.00012979
-0.00015461
-0.00017883
-0.00020234
-0.00022505
-0.00024687
-0.00026772
-0.00028751
-0.00030617
-0.00032362
-0.00033979
-0.00035462
-0.00036805
-0.00038003
-0.00039051
-0.00039944
-0.0004068
-0.00041256
-0.00041669
-0.00041917
-0.00042
-0.00041917
-0.00041669
-0.00041256
-0.0004068
-0.00039944
-0.00039051
-0.00038003
-0.00036805
-0.00035462
-0.00033979
-0.00032362
-0.00030617
-0.00028751
-0.00026772
-0.00024687
-0.00022505
-0.00020234
-0.00017883
-0.00015461
-0.00012979
-0.00010445
-7.87e-05
-5.264e-05
-2.6372e-05
-4.9383e-18
2.6372e-05
5.264e-05
7.87e-05
0.00010445
0.00012979
0.00015461
0.00017883
0.00020234
0.00022505
0.00024687
0.00026772
0.00028751
0.00030617
0.00032362
0.00033979
0.00035462
0.00036805
0.00038003
0.00039051
0.00039944
0.0004068
0.00041256
0.00041669
0.00041917
0.00042
0.00041917
0.00041669
0.00041256
0.0004068
0.00039944
0.00039051
0.00038003
0.00036805
0.00035462
0.00033979
0.00032362
0.00030617
0.00028751
0.00026772
0.00024687
0.00022505
0.00020234
0.00017883
0.00015461
0.00012979
0.00010445
7.87e-05
5.264e-05
2.6372e-05
9.4662e-18
-2.6372e-05
-5.264e-05
-7.87e-05
-0.00010445
-0.00012979
-0.00015461
-0.00017883
-0.00020234
-0.00022505
-0.00024687
-0.00026772
-0.00028751
-0.00030617
-0.00032362
-0.00033979
-0.00035462
-0.00036805
-0.00038003
-0.00039051
-0.00039944
-0.0004068
-0.00041256
-0.00041669
-0.00041917
-0.00042
-0.00041917
-0.00041669
-0.00041256
-0.0004068
-0.00039944
-0.00039051
-0.00038003
-0.00036805
-0.00035462
-0.00033979
-0.00032362
-0.00030617
-0.00028751
-0.00026772
-0.00024687
-0.00022505
-0.00020234
-0.00017883
-0.00015461
-0.00012979
-0.00010445
-7.87e-05
-5.264e-05
-2.6372e-05
-2.0569e-18
2.6372e-05
5.264e-05
7.87e-05
0.00010445
0.00012979
0.00015461
0.00017883
0.00020234
0.00022505
0.00024687
0.00026772
0.00028751
0.00030617
0.00032362
0.00033979
0.00035462
0.00036805
0.00038003
0.00039051
0.00039944
0.0004068
0.00041256
0.00041669
0.00041917
0.00042
0.00041917
0.00041669
0.00041256
0.0004068
0.00039944
0.00039051
0.00038003
0.00036805
0.00035462
0.00033979
0.00032362
0.00030617
0.00028751
0.00026772
0.00024687
0.00022505
0.00020234
0.00017883
0.00015461
0.00012979
0.00010445
7.87e-05
5.264e-05
2.6372e-05
6.5847e-18
-2.6372e-05
-5.264e-05
-7.87e-05
-0.00010445
-0.00012979
-0.00015461
-0.00017883
-0.00020234
-0.00022505
-0.00024687
-0.00026772
-0.00028751
-0.00030617
-0.00032362
-0.00033979
-0.00035462
-0.00036805
-0.00038003
-0.00039051
-0.00039944
-0.0004068
-0.00041256
-0.00041669
-0.00041917
-0.00042
-0.00041917
-0.00041669
-0.00041256
-0.0004068
-0.00039944
-0.00039051
-0.00038003
-0.00036805
-0.00035462
-0.00033979
-0.00032362
-0.00030617
-0.00028751
-0.00026772
-0.00024687
-0.00022505
-0.00020234
-0.00017883
-0.00015461
-0.00012979
-0.00010445
-7.87e-05
-5.264e-05
-2.6372e-05
8.2452e-19
2.6372e-05
5.264e-05
7.87e-05
0.00010445
0.00012979
0.00015461
0.00017883
0.00020234
0.00022505
0.00024687
0.00026772
0.00028751
0.00030617
0.00032362
0.00033979
0.00035462
0.00036805
0.00038003
0.00039051
0.00039944
0.0004068
0.00041256
0.00041669
0.00041917
0.00042
0.00041917
0.00041669
0.00041256
0.0004068
0.00039944
0.00039051
0.00038003
0.00036805
0.00035462
0.00033979
0.00032362
0.00030617
0.00028751
0.00026772
0.00024687
0.00022505
0.00020234
0.00017883
0.00015461
0.00012979
0.00010445
7.87e-05
5.264e-05
2.6372e-05
3.7033e-18
-2.6372e-05
-5.264e-05
-7.87e-05
-0.00010445
-0.00012979
-0.00015461
-0.00017883
-0.00020234
-0.00022505
-0.00024687
-0.00026772
-0.00028751
-0.00030617
-0.00032362
-0.00033979
-0.00035462
-0.00036805
-0.00038003
-0.00039051
-0.00039944
-0.0004068
-0.00041256
-0.00041669
-0.00041917
-0.00042
-0.00041917
-0.00041669
-0.00041256
-0.0004068
-0.00039944
-0.00039051
-0.00038003
-0.00036805
-0.00035462
-0.00033979
-0.00032362
-0.00030617
-0.00028751
-0.00026772
-0.00024687
-0.00022505
-0.00020234
-0.00017883
-0.00015461
-0.00012979
-0.00010445
-7.87e-05
-5.264e-05
-2.6372e-05
-8.2312e-18
2.6372e-05
5.264e-05
7.87e-05
0.00010445
0.00012979
0.00015461
0.00017883
0.00020234
0.00022505
0.00024687
0.00026772
0.00028751
0.00030617
0.00032362
0.00033979
0.00035462
0.00036805
0.00038003
0.00039051
0.00039944
0.0004068
0.00041256
0.00041669
0.00041917
0.00042
0.00041917
0.00041669
0.00041256
0.0004068
0.00039944
0.00039051
0.00038003
0.00036805
0.00035462
0.00033979
0.00032362
0.00030617
0.00028751
0.00026772
0.00024687
0.00022505
0.00020234
0.00017883
0.00015461
0.00012979
0.00010445
7.87e-05
5.264e-05
2.6372e-05
8.2192e-19
-2.6372e-05
-5.264e-05
-7.87e-05
-0.00010445
-0.00012979
-0.00015461
-0.00017883
-0.00020234
-0.00022505
-0.00024687
-0.00026772
-0.00028751
-0.00030617
-0.00032362
-0.00033979
-0.00035462
-0.00036805
-0.00038003
-0.00039051
-0.00039944
-0.0004068
-0.00041256
-0.00041669
-0.00041917
-0.00042
-0.00041917
-0.00041669
-0.00041256
-0.0004068
-0.00039944
-0.00039051
-0.00038003
-0.00036805
-0.00035462
-0.00033979
-0.00032362
-0.00030617
-0.00028751
-0.00026772
-0.00024687
-0.00022505
-0.00020234
-0.00017883
-0.00015461
-0.00012979
-0.00010445
-7.87e-05
-5.264e-05
-2.6372e-05
-5.3498e-18
2.6372e-05
5.264e-05
7.87e-05
0.00010445
0.00012979
0.00015461
0.00017883
0.00020234
0.00022505
0.00024687
0.00026772
0.00028751
0.00030617
0.00032362
0.00033979
0.00035462
0.00036805
0.00038003
0.00039051
0.00039944
0.0004068
0.00041256
0.00041669
0.00041917
0.00042
0.00041917
0.00041669
0.00041256
0.0004068
0.00039944
0.00039051
0.00038003
0.00036805
0.00035462
0.00033979
0.00032362
0.00030617
0.00028751
0.00026772
0.00024687
0.00022505
0.00020234
0.00017883
0.00015461
0.00012979
0.00010445
7.87e-05
5.264e-05
2.6372e-05
-2.0595e-18
-2.6372e-05
-5.264e-05
-7.87e-05
-0.00010445
-0.00012979
-0.00015461
-0.00017883
-0.00020234
-0.00022505
-0.00024687
-0.00026772
-0.00028751
-0.00030617
-0.00032362
-0.00033979
-0.00035462
-0.00036805
-0.00038003
-0.00039051
-0.00039944
-0.0004068
-0.00041256
-0.00041669
-0.00041917
-0.00042
-0.00041917
-0.00041669
-0.00041256
-0.0004068
-0.00039944
-0.00039051
-0.00038003
-0.00036805
-0.00035462
-0.00033979
-0.00032362
-0.00030617
-0.00028751
-0.00026772
-0.00024687
-0.00022505
-0.00020234
-0.00017883
-0.00015461
-0.00012979
-0.00010445
-7.87e-05
-5.264e-05
-2.6372e-05
-2.4684e-18
2.6372e-05
5.264e-05
7.87e-05
0.00010445
0.00012979
0.00015461
0.00017883
0.00020234
0.00022505
0.00024687
0.00026772
0.00028751
0.00030617
0.00032362
0.00033979
0.00035462
0.00036805
0.00038003
0.00039051
0.00039944
0.0004068
0.00041256
0.00041669
0.00041917
0.00042
0.00041917
0.00041669
0.00041256
0.0004068
0.00039944
0.00039051
0.00038003
0.00036805
0.00035462
0.00033979
0.00032362
0.00030617
0.00028751
0.00026772
0.00024687
0.00022505
0.00020234
0.00017883
0.00015461
0.00012979
0.00010445
7.87e-05
5.264e-05
2.6372e-05
6.9962e-18
-2.6372e-05
-5.264e-05
-7.87e-05
-0.00010445
-0.00012979
-0.00015461
-0.00017883
-0.00020234
-0.00022505
-0.00024687
-0.00026772
-0.00028751
-0.00030617
-0.00032362
-0.00033979
-0.00035462
-0.00036805
-0.00038003
-0.00039051
-0.00039944
-0.0004068
-0.00041256
-0.00041669
-0.00041917
-0.00042
-0.00041917
-0.00041669
-0.00041256
-0.0004068
-0.00039944
-0.00039051
-0.00038003
-0.00036805
-0.00035462
-0.00033979
-0.00032362
-0.00030617
-0.00028751
-0.00026772
-0.00024687
-0.00022505
-0.00020234
-0.00017883
-0.00015461
-0.00012979
-0.00010445
-7.87e-05
-5.264e-05
-2.6372e-05
4.1304e-19
2.6372e-05
5.264e-05
7.87e-05
0.00010445
0.00012979
0.00015461
0.00017883
0.00020234
0.00022505
0.00024687
0.00026772
0.00028751
0.00030617
0.00032362
0.00033979
0.00035462
0.00036805
0.00038003
0.00039051
0.00039944
0.0004068
0.00041256
0.00041669
0.00041917
0.00042
0.00041917
0.00041669
0.00041256
0.0004068
0.00039944
0.00039051
0.00038003
0.00036805
0.00035462
0.00033979
0.00032362
0.00030617
0.00028751
0.00026772
0.00024687
0.00022505
0.00020234
0.00017883
0.00015461
0.00012979
0.00010445
7.87e-05
5.264e-05
2.6372e-05
4.1148e-18
-2.6372e-05
-5.264e-05
-7.87e-05
-0.00010445
-0.00012979
-0.00015461
-0.00017883
-0.00020234
-0.00022505
-0.00024687
-0.00026772
-0.00028751
-0.00030617
-0.00032362
-0.00033979
-0.00035462
-0.00036805
-0.00038003
-0.00039051
-0.00039944
-0.0004068
-0.00041256
-0.00041669
-0.00041917
-0.00042
-0.00041917
-0.00041669
-0.00041256
-0.0004068
-0.00039944
-0.00039051
-0.00038003
-0.00036805
-0.00035462
-0.00033979
-0.00032362
-0.00030617
-0.00028751
-0.00026772
-0.00024687
-0.00022505
-0.00020234
-0.00017883
-0.00015461
-0.00012979
-0.00010445
-7.87e-05
-5.264e-05
-2.6372e-05
-8.6427e-18
2.6372e-05
5.264e-05
7.87e-05
0.00010445
0.00012979
0.00015461
0.00017883
0.00020234
0.00022505
0.00024687
0.00026772
0.00028751
0.00030617
0.00032362
0.00033979
0.00035462
0.00036805
0.00038003
0.00039051
0.00039944
0.0004068
0.00041256
0.00041669
0.00041917
0.00042
0.00041917
0.00041669
0.00041256
0.0004068
0.00039944
0.00039051
0.00038003
0.00036805
0.00035462
0.00033979
0.00032362
0.00030617
0.00028751
0.00026772
0.00024687
0.00022505
0.00020234
0.00017883
0.00015461
0.00012979
0.00010445
7.87e-05
5.264e-05
2.6372e-05
1.3171e-17
-2.6372e-05
-5.264e-05
-7.87e-05
-0.00010445
-0.00012979
-0.00015461
-0.00017883
-0.00020234
-0.00022505
-0.00024687
-0.00026772
-0.00028751
-0.00030617
-0.00032362
-0.00033979
-0.00035462
-0.00036805
-0.00038003
-0.00039051
-0.00039944
-0.0004068
-0.00041256
-0.00041669
-0.00041917
-0.00042
-0.00041917
-0.00041669
-0.00041256
-0.0004068
-0.00039944
-0.00039051
-0.00038003
-0.00036805
-0.00035462
-0.00033979
-0.00032362
-0.00030617
-0.00028751
-0.00026772
-0.00024687
-0.00022505
-0.00020234
-0.00017883
-0.00015461
-0.00012979
-0.00010445
-7.87e-05
-5.264e-05
-2.6372e-05
6.1759e-18
2.6372e-05
5.264e-05
7.87e-05
0.00010445
0.00012979
0.00015461
0.00017883
0.00020234
0.00022505
0.00024687
0.00026772
0.00028751
0.00030617
0.00032362
0.00033979
0.00035462
0.00036805
0.00038003
0.00039051
0.00039944
0.0004068
0.00041256
0.00041669
0.00041917
0.00042
0.00041917
0.00041669
0.00041256
0.0004068
0.00039944
0.00039051
0.00038003
0.00036805
0.00035462
0.00033979
0.00032362
0.00030617
0.00028751
0.00026772
0.00024687
0.00022505
0.00020234
0.00017883
0.00015461
0.00012979
0.00010445
7.87e-05
5.264e-05
2.6372e-05
-1.648e-18
-2.6372e-05
-5.264e-05
-7.87e-05
-0.00010445
-0.00012979
-0.00015461
-0.00017883
-0.00020234
-0.00022505
-0.00024687
-0.00026772
-0.00028751
-0.00030617
-0.00032362
-0.00033979
-0.00035462
-0.00036805
-0.00038003
-0.00039051
-0.00039944
-0.0004068
-0.00041256
-0.00041669
-0.00041917
-0.00042
-0.00041917
-0.00041669
-0.00041256
-0.0004068
-0.00039944
-0.00039051
-0.00038003
-0.00036805
-0.00035462
-0.00033979
-0.00032362
-0.00030617
-0.00028751
-0.00026772
-0.00024687
-0.00022505
-0.00020234
-0.00017883
-0.00015461
-0.00012979
-0.00010445
-7.87e-05
-5.264e-05
-2.6372e-05
-2.8798e-18
2.6372e-05
5.264e-05
7.87e-05
0.00010445
0.00012979
0.00015461
0.00017883
0.00020234
0.00022505
0.00024687
0.00026772
0.00028751
0.00030617
0.00032362
0.00033979
0.00035462
0.00036805
0.00038003
0.00039051
0.00039944
0.0004068
0.00041256
0.00041669
0.00041917
0.00042
0.00041917
0.00041669
0.00041256
0.0004068
0.00039944
0.00039051
0.00038003
0.00036805
0.00035462
0.00033979
0.00032362
0.00030617
0.00028751
0.00026772
0.00024687
0.00022505
0.00020234
0.00017883
0.00015461
0.00012979
0.00010445
7.87e-05
5.264e-05
2.6372e-05
7.4077e-18
-2.6372e-05
-5.264e-05
-7.87e-05
-0.00010445
-0.00012979
-0.00015461
-0.00017883
-0.00020234
-0.00022505
-0.00024687
-0.00026772
-0.00028751
-0.00030617
-0.00032362
-0.00033979
-0.00035462
-0.00036805
-0.00038003
-0.00039051
-0.00039944
-0.0004068
-0.00041256
-0.00041669
-0.00041917
-0.00042
-0.00041917
-0.00041669
-0.00041256
-0.0004068
-0.00039944
-0.00039051
-0.00038003
-0.00036805
-0.00035462
-0.00033979
-0.00032362
-0.00030617
-0.00028751
-0.00026772
-0.00024687
-0.00022505
-0.00020234
-0.00017883
-0.00015461
-0.00012979
-0.00010445
-7.87e-05
-5.264e-05
-2.6372e-05
1.1939e-17
2.6372e-05
5.264e-05
7.87e-05
0.00010445
0.00012979
0.00015461
0.00017883
0.00020234
0.00022505
0.00024687
0.00026772
0.00028751
0.00030617
0.00032362
0.00033979
0.00035462
0.00036805
0.00038003
0.00039051
0.00039944
0.0004068
0.00041256
0.00041669
0.00041917
0.00042
0.00041917
0.00041669
0.00041256
0.0004068
0.00039944
0.00039051
0.00038003
0.00036805
0.00035462
0.00033979
0.00032362
0.00030617
0.00028751
0.00026772
0.00024687
0.00022505
0.00020234
0.00017883
0.00015461
0.00012979
0.00010445
7.87e-05
5.264e-05
2.6372e-05
-7.4108e-18
-2.6372e-05
-5.264e-05
-7.87e-05
-0.00010445
-0.00012979
-0.00015461
-0.00017883
-0.00020234
-0.00022505
-0.00024687
-0.00026772
-0.00028751
-0.00030617
-0.00032362
-0.00033979
-0.00035462
-0.00036805
-0.00038003
-0.00039051
-0.00039944
-0.0004068
-0.00041256
-0.00041669
-0.00041917
-0.00042
-0.00041917
-0.00041669
-0.00041256
-0.0004068
-0.00039944
-0.00039051
-0.00038003
-0.00036805
-0.00035462
-0.00033979
-0.00032362
-0.00030617
-0.00028751
-0.00026772
-0.00024687
-0.00022505
-0.00020234
-0.00017883
-0.00015461
-0.00012979
-0.00010445
-7.87e-05
-5.264e-05
-2.6372e-05
2.883e-18
2.6372e-05
5.264e-05
7.87e-05
0.00010445
0.00012979
0.00015461
0.00017883
0.00020234
0.00022505
0.00024687
0.00026772
0.00028751
0.00030617
0.00032362
0.00033979
0.00035462
0.00036805
0.00038003
0.00039051
0.00039944
0.0004068
0.00041256
0.00041669
0.00041917
0.00042
0.00041917
0.00041669
0.00041256
0.0004068
0.00039944
0.00039051
0.00038003
0.00036805
0.00035462
0.00033979
0.00032362
0.00030617
0.00028751
0.00026772
0.00024687
0.00022505
0.00020234
0.00017883
0.00015461
0.00012979
0.00010445
7.87e-05
5.264e-05
2.6372e-05
1.6449e-18
-2.6372e-05
-5.264e-05
-7.87e-05
-0.00010445
-0.00012979
-0.00015461
-0.00017883
-0.00020234
-0.00022505
-0.00024687
-0.00026772
-0.00028751
-0.00030617
-0.00032362
-0.00033979
-0.00035462
-0.00036805
-0.00038003
-0.00039051
-0.00039944
-0.0004068
-0.00041256
-0.00041669
-0.00041917
-0.00042
-0.00041917
-0.00041669
-0.00041256
-0.0004068
-0.00039944
-0.00039051
-0.00038003
-0.00036805
-0.00035462
-0.00033979
-0.00032362
-0.00030617
-0.00028751
-0.00026772
-0.00024687
-0.00022505
-0.00020234
-0.00017883
-0.00015461
-0.00012979
-0.00010445
-7.87e-05
-5.264e-05
-2.6372e-05
-6.1727e-18
2.6372e-05
5.264e-05
7.87e-05
0.00010445
0.00012979
0.00015461
0.00017883
0.00020234
0.00022505
0.00024687
0.00026772
0.00028751
0.00030617
0.00032362
0.00033979
0.00035462
0.00036805
0.00038003
0.00039051
0.00039944
0.0004068
0.00041256
0.00041669
0.00041917
0.00042
0.00041917
0.00041669
0.00041256
0.0004068
0.00039944
0.00039051
0.00038003
0.00036805
0.00035462
0.00033979
0.00032362
0.00030617
0.00028751
0.00026772
0.00024687
0.00022505
0.00020234
0.00017883
0.00015461
0.00012979
0.00010445
7.87e-05
5.264e-05
2.6372e-05
-1.3174e-17
-2.6372e-05
-5.264e-05
-7.87e-05
-0.00010445
-0.00012979
-0.00015461
-0.00017883
-0.00020234
-0.00022505
-0.00024687
-0.00026772
-0.00028751
-0.00030617
-0.00032362
-0.00033979
-0.00035462
-0.00036805
-0.00038003
-0.00039051
-0.00039944
-0.0004068
-0.00041256
-0.00041669
-0.00041917
-0.00042
-0.00041917
-0.00041669
-0.00041256
-0.0004068
-0.00039944
-0.00039051
-0.00038003
-0.00036805
-0.00035462
-0.00033979
-0.00032362
-0.00030617
-0.00028751
-0.00026772
-0.00024687
-0.00022505
-0.00020234
-0.00017883
-0.00015461
-0.00012979
-0.00010445
-7.87e-05
-5.264e-05
-2.6372e-05
8.6458e-18
2.6372e-05
5.264e-05
7.87e-05
0.00010445
0.00012979
0.00015461
0.00017883
0.00020234
0.00022505
0.00024687
0.00026772
0.00028751
0.00030617
0.00032362
0.00033979
0.00035462
0.00036805
0.00038003
0.00039051
0.00039944
0.0004068
0.00041256
0.00041669
0.00041917
0.00042
0.00041917
0.00041669
0.00041256
0.0004068
0.00039944
0.00039051
0.00038003
0.00036805
0.00035462
0.00033979
0.00032362
0.00030617
0.00028751
0.00026772
0.00024687
0.00022505
0.00020234
0.00017883
0.00015461
0.00012979
0.00010445
7.87e-05
5.264e-05
2.6372e-05
-4.1179e-18
-2.6372e-05
-5.264e-05
-7.87e-05
-0.00010445
-0.00012979
-0.00015461
-0.00017883
-0.00020234
-0.00022505
-0.00024687
-0.00026772
-0.00028751
-0.00030617
-0.00032362
-0.00033979
-0.00035462
-0.00036805
-0.00038003
-0.00039051
-0.00039944
-0.0004068
-0.00041256
-0.00041669
-0.00041917
-0.00042
-0.00041917
-0.00041669
-0.00041256
-0.0004068
-0.00039944
-0.00039051
-0.00038003
-0.00036805
-0.00035462
-0.00033979
-0.00032362
-0.00030617
-0.00028751
-0.00026772
-0.00024687
-0.00022505
-0.00020234
-0.00017883
-0.00015461
-0.00012979
-0.00010445
-7.87e-05
-5.264e-05
-2.6372e-05
-4.0992e-19
2.6372e-05
5.264e-05
7.87e-05
0.00010445
0.00012979
0.00015461
0.00017883
0.00020234
0.00022505
0.00024687
0.00026772
0.00028751
0.00030617
0.00032362
0.00033979
0.00035462
0.00036805
0.00038003
0.00039051
0.00039944
0.0004068
0.00041256
0.00041669
0.00041917
0.00042
0.00041917
0.00041669
0.00041256
0.0004068
0.00039944
0.00039051
0.00038003
0.00036805
0.00035462
0.00033979
0.00032362
0.00030617
0.00028751
0.00026772
0.00024687
0.00022505
0.00020234
0.00017883
0.00015461
0.00012979
0.00010445
7.87e-05
5.264e-05
2.6372e-05
4.9378e-18
-2.6372e-05
-5.264e-05
-7.87e-05
-0.00010445
-0.00012979
-0.00015461
-0.00017883
-0.00020234
-0.00022505
-0.00024687
-0.00026772
-0.00028751
-0.00030617
-0.00032362
-0.00033979
-0.00035462
-0.00036805
-0.00038003
-0.00039051
-0.00039944
-0.0004068
-0.00041256
-0.00041669
-0.00041917
-0.00042
-0.00041917
-0.00041669
-0.00041256
-0.0004068
-0.00039944
-0.00039051
-0.00038003
-0.00036805
-0.00035462
-0.00033979
-0.00032362
-0.00030617
-0.00028751
-0.00026772
-0.00024687
-0.00022505
-0.00020234
-0.00017883
-0.00015461
-0.00012979
-0.00010445
-7.87e-05
-5.264e-05
-2.6372e-05
1.4409e-17
2.6372e-05
5.264e-05
7.87e-05
0.00010445
0.00012979
0.00015461
0.00017883
0.00020234
0.00022505
0.00024687
0.00026772
0.00028751
0.00030617
0.00032362
0.00033979
0.00035462
0.00036805
0.00038003
0.00039051
0.00039944
0.0004068
0.00041256
0.00041669
0.00041917
0.00042
0.00041917
0.00041669
0.00041256
0.0004068
0.00039944
0.00039051
0.00038003
0.00036805
0.00035462
0.00033979
0.00032362
0.00030617
0.00028751
0.00026772
0.00024687
0.00022505
0.00020234
0.00017883
0.00015461
0.00012979
0.00010445
7.87e-05
5.264e-05
2.6372e-05
-9.8808e-18
-2.6372e-05
-5.264e-05
-7.87e-05
-0.00010445
-0.00012979
-0.00015461
-0.00017883
-0.00020234
-0.00022505
-0.00024687
-0.00026772
-0.00028751
-0.00030617
-0.00032362
-0.00033979
-0.00035462
-0.00036805
-0.00038003
-0.00039051
-0.00039944
-0.0004068
-0.00041256
-0.00041669
-0.00041917
-0.00042
-0.00041917
-0.00041669
-0.00041256
-0.0004068
-0.00039944
-0.00039051
-0.00038003
-0.00036805
-0.00035462
-0.00033979
-0.00032362
-0.00030617
-0.00028751
-0.00026772
-0.00024687
-0.00022505
-0.00020234
-0.00017883
-0.00015461
-0.00012979
-0.00010445
-7.87e-05
-5.264e-05
-2.6372e-05
5.3529e-18
2.6372e-05
5.264e-05
7.87e-05
0.00010445
0.00012979
0.00015461
0.00017883
0.00020234
0.00022505
0.00024687
0.00026772
0.00028751
0.00030617
0.00032362
0.00033979
0.00035462
0.00036805
0.00038003
0.00039051
0.00039944
0.0004068
0.00041256
0.00041669
0.00041917
0.00042
0.00041917
0.00041669
0.00041256
0.0004068
0.00039944
0.00039051
0.00038003
0.00036805
0.00035462
0.00033979
0.00032362
0.00030617
0.00028751
0.00026772
0.00024687
0.00022505
0.00020234
0.00017883
0.00015461
0.00012979
0.00010445
7.87e-05
5.264e-05
2.6372e-05
-8.2504e-19
-2.6372e-05
-5.264e-05
-7.87e-05
-0.00010445
-0.00012979
-0.00015461
-0.00017883
-0.00020234
-0.00022505
-0.00024687
-0.00026772
-0.00028751
-0.00030617
-0.00032362
-0.00033979
-0.00035462
-0.00036805
-0.00038003
-0.00039051
-0.00039944
-0.0004068
-0.00041256
-0.00041669
-0.00041917
-0.00042
-0.00041917
-0.00041669
-0.00041256
-0.0004068
-0.00039944
-0.00039051
-0.00038003
-0.00036805
-0.00035462
-0.00033979
-0.00032362
-0.00030617
-0.00028751
-0.00026772
-0.00024687
-0.00022505
-0.00020234
-0.00017883
-0.00015461
-0.00012979
-0.00010445
-7.87e-05
-5.264e-05
-2.6372e-05
-3.7028e-18
2.6372e-05
5.264e-05
7.87e-05
0.00010445
0.00012979
0.00015461
0.00017883
0.00020234
0.00022505
0.00024687
0.00026772
0.00028751
0.00030617
0.00032362
0.00033979
0.00035462
0.00036805
0.00038003
0.00039051
0.00039944
0.0004068
0.00041256
0.00041669
0.00041917
0.00042
0.00041917
0.00041669
0.00041256
0.0004068
0.00039944
0.00039051
0.00038003
0.00036805
0.00035462
0.00033979
0.00032362
0.00030617
0.00028751
0.00026772
0.00024687
0.00022505
0.00020234
0.00017883
0.00015461
0.00012979
0.00010445
7.87e-05
5.264e-05
2.6372e-05
8.2307e-18
-2.6372e-05
-5.264e-05
-7.87e-05
-0.00010445
-0.00012979
-0.00015461
-0.00017883
-0.00020234
-0.00022505
-0.00024687
-0.00026772
-0.00028751
-0.00030617
-0.00032362
-0.00033979
-0.00035462
-0.00036805
-0.00038003
-0.00039051
-0.00039944
-0.0004068
-0.00041256
-0.00041669
-0.00041917
-0.00042
-0.00041917
-0.00041669
-0.00041256
-0.0004068
-0.00039944
-0.00039051
-0.00038003
-0.00036805
-0.00035462
-0.00033979
-0.00032362
-0.00030617
-0.00028751
-0.00026772
-0.00024687
-0.00022505
-0.00020234
-0.00017883
-0.00015461
-0.00012979
-0.00010445
-7.87e-05
-5.264e-05
-2.6372e-05
-1.2759e-17
2.6372e-05
5.264e-05
7.87e-05
0.00010445
0.00012979
0.00015461
0.00017883
0.00020234
0.00022505
0.00024687
0.00026772
0.00028751
0.00030617
0.00032362
0.00033979
0.00035462
0.00036805
0.00038003
0.00039051
0.00039944
0.0004068
0.00041256
0.00041669
0.00041917
0.00042
0.00041917
0.00041669
0.00041256
0.0004068
0.00039944
0.00039051
0.00038003
0.00036805
0.00035462
0.00033979
0.00032362
0.00030617
0.00028751
0.00026772
0.00024687
0.00022505
0.00020234
0.00017883
0.00015461
0.00012979
0.00010445
7.87e-05
5.264e-05
2.6372e-05
-6.5879e-18
-2.6372e-05
-5.264e-05
-7.87e-05
-0.00010445
-0.00012979
-0.00015461
-0.00017883
-0.00020234
-0.00022505
-0.00024687
-0.00026772
-0.00028751
-0.00030617
-0.00032362
-0.00033979
-0.00035462
-0.00036805
-0.00038003
-0.00039051
-0.00039944
-0.0004068
-0.00041256
-0.00041669
-0.00041917
-0.00042
-0.00041917
-0.00041669
-0.00041256
-0.0004068
-0.00039944
-0.00039051
-0.00038003
-0.00036805
-0.00035462
-0.00033979
-0.00032362
-0.00030617
-0.00028751
-0.00026772
-0.00024687
-0.00022505
-0.00020234
-0.00017883
-0.00015461
-0.00012979
-0.00010445
-7.87e-05
-5.264e-05
-2.6372e-05
2.06e-18
2.6372e-05
5.264e-05
7.87e-05
0.00010445
0.00012979
0.00015461
0.00017883
0.00020234
0.00022505
0.00024687
0.00026772
0.00028751
0.00030617
0.00032362
0.00033979
0.00035462
0.00036805
0.00038003
0.00039051
0.00039944
0.0004068
0.00041256
0.00041669
0.00041917
0.00042
0.00041917
0.00041669
0.00041256
0.0004068
0.00039944
0.00039051
0.00038003
0.00036805
0.00035462
0.00033979
0.00032362
0.00030617
0.00028751
0.00026772
0.00024687
0.00022505
0.00020234
0.00017883
0.00015461
0.00012979
0.00010445
7.87e-05
5.264e-05
2.6372e-05
2.4678e-18
-2.6372e-05
-5.264e-05
-7.87e-05
-0.00010445
-0.00012979
-0.00015461
-0.00017883
-0.00020234
-0.00022505
-0.00024687
-0.00026772
-0.00028751
-0.00030617
-0.00032362
-0.00033979
-0.00035462
-0.00036805
-0.00038003
-0.00039051
-0.00039944
-0.0004068
-0.00041256
-0.00041669
-0.00041917
-0.00042
-0.00041917
-0.00041669
-0.00041256
-0.0004068
-0.00039944
-0.00039051
-0.00038003
-0.00036805
-0.00035462
-0.00033979
-0.00032362
-0.00030617
-0.00028751
-0.00026772
-0.00024687
-0.00022505
-0.00020234
-0.00017883
-0.00015461
-0.00012979
-0.00010445
-7.87e-05
-5.264e-05
-2.6372e-05
-6.9957e-18
2.6372e-05
5.264e-05
7.87e-05
0.00010445
0.00012979
0.00015461
0.00017883
0.00020234
0.00022505
0.00024687
0.00026772
0.00028751
0.00030617
0.00032362
0.00033979
0.00035462
0.00036805
0.00038003
0.00039051
0.00039944
0.0004068
0.00041256
0.00041669
0.00041917
0.00042
0.00041917
0.00041669
0.00041256
0.0004068
0.00039944
0.00039051
0.00038003
0.00036805
0.00035462
0.00033979
0.00032362
0.00030617
0.00028751
0.00026772
0.00024687
0.00022505
0.00020234
0.00017883
0.00015461
0.00012979
0.00010445
7.87e-05
5.264e-05
2.6372e-05
1.1524e-17
-2.6372e-05
-5.264e-05
-7.87e-05
-0.00010445
-0.00012979
-0.00015461
-0.00017883
-0.00020234
-0.00022505
-0.00024687
-0.00026772
-0.00028751
-0.00030617
-0.00032362
-0.00033979
-0.00035462
-0.00036805
-0.00038003
-0.00039051
-0.00039944
-0.0004068
-0.00041256
-0.00041669
-0.00041917
-0.00042
-0.00041917
-0.00041669
-0.00041256
-0.0004068
-0.00039944
-0.00039051
-0.00038003
-0.00036805
-0.00035462
-0.00033979
-0.00032362
-0.00030617
-0.00028751
-0.00026772
-0.00024687
-0.00022505
-0.00020234
-0.00017883
-0.00015461
-0.00012979
-0.00010445
-7.87e-05
-5.264e-05
-2.6372e-05
7.8228e-18
2.6372e-05
5.264e-05
7.87e-05
0.00010445
0.00012979
0.00015461
0.00017883
0.00020234
0.00022505
0.00024687
0.00026772
0.00028751
0.00030617
0.00032362
0.00033979
0.00035462
0.00036805
0.00038003
0.00039051
0.00039944
0.0004068
0.00041256
0.00041669
0.00041917
0.00042
0.00041917
0.00041669
0.00041256
0.0004068
0.00039944
0.00039051
0.00038003
0.00036805
0.00035462
0.00033979
0.00032362
0.00030617
0.00028751
0.00026772
0.00024687
0.00022505
0.00020234
0.00017883
0.00015461
0.00012979
0.00010445
7.87e-05
5.264e-05
2.6372e-05
-3.295e-18
-2.6372e-05
-5.264e-05
-7.87e-05
-0.00010445
-0.00012979
-0.00015461
-0.00017883
-0.00020234
-0.00022505
-0.00024687
-0.00026772
-0.00028751
-0.00030617
-0.00032362
-0.00033979
-0.00035462
-0.00036805
-0.00038003
-0.00039051
-0.00039944
-0.0004068
-0.00041256
-0.00041669
-0.00041917
-0.00042
-0.00041917
-0.00041669
-0.00041256
-0.0004068
-0.00039944
-0.00039051
-0.00038003
-0.00036805
-0.00035462
-0.00033979
-0.00032362
-0.00030617
-0.00028751
-0.00026772
-0.00024687
-0.00022505
-0.00020234
-0.00017883
-0.00015461
-0.00012979
-0.00010445
-7.87e-05
-5.264e-05
-2.6372e-05
-1.2329e-18
2.6372e-05
5.264e-05
7.87e-05
0.00010445
0.00012979
0.00015461
0.00017883
0.00020234
0.00022505
0.00024687
0.00026772
0.00028751
0.00030617
0.00032362
0.00033979
0.00035462
0.00036805
0.00038003
0.00039051
0.00039944
0.0004068
0.00041256
0.00041669
0.00041917
0.00042
0.00041917
0.00041669
0.00041256
0.0004068
0.00039944
0.00039051
0.00038003
0.00036805
0.00035462
0.00033979
0.00032362
0.00030617
0.00028751
0.00026772
0.00024687
0.00022505
0.00020234
0.00017883
0.00015461
0.00012979
0.00010445
7.87e-05
5.264e-05
2.6372e-05
5.7607e-18
-2.6372e-05
-5.264e-05
-7.87e-05
-0.00010445
-0.00012979
-0.00015461
-0.00017883
-0.00020234
-0.00022505
-0.00024687
-0.00026772
-0.00028751
-0.00030617
-0.00032362
-0.00033979
-0.00035462
-0.00036805
-0.00038003
-0.00039051
-0.00039944
-0.0004068
-0.00041256
-0.00041669
-0.00041917
-0.00042
-0.00041917
-0.00041669
-0.00041256
-0.0004068
-0.00039944
-0.00039051
-0.00038003
-0.00036805
-0.00035462
-0.00033979
-0.00032362
-0.00030617
-0.00028751
-0.00026772
-0.00024687
-0.00022505
-0.00020234
-0.00017883
-0.00015461
-0.00012979
-0.00010445
-7.87e-05
-5.264e-05
-2.6372e-05
-1.0289e-17
2.6372e-05
5.264e-05
7.87e-05
0.00010445
0.00012979
0.00015461
0.00017883
0.00020234
0.00022505
0.00024687
0.00026772
0.00028751
0.00030617
0.00032362
0.00033979
0.00035462
0.00036805
0.00038003
0.00039051
0.00039944
0.0004068
0.00041256
0.00041669
0.00041917
0.00042
0.00041917
0.00041669
0.00041256
0.0004068
0.00039944
0.00039051
0.00038003
0.00036805
0.00035462
0.00033979
0.00032362
0.00030617
0.00028751
0.00026772
0.00024687
0.00022505
0.00020234
0.00017883
0.00015461
0.00012979
0.00010445
7.87e-05
5.264e-05
2.6372e-05
-9.0578e-18
-2.6372e-05
-5.264e-05
-7.87e-05
-0.00010445
-0.00012979
-0.00015461
-0.00017883
-0.00020234
-0.00022505
-0.00024687
-0.00026772
-0.00028751
-0.00030617
-0.00032362
-0.00033979
-0.00035462
-0.00036805
-0.00038003
-0.00039051
-0.00039944
-0.0004068
-0.00041256
-0.00041669
-0.00041917
-0.00042
-0.00041917
-0.00041669
-0.00041256
-0.0004068
-0.00039944
-0.00039051
-0.00038003
-0.00036805
-0.00035462
-0.00033979
-0.00032362
-0.00030617
-0.00028751
-0.00026772
-0.00024687
-0.00022505
-0.00020234
-0.00017883
-0.00015461
-0.00012979
-0.00010445
-7.87e-05
-5.264e-05
-2.6372e-05
4.5299e-18
2.6372e-05
5.264e-05
7.87e-05
0.00010445
0.00012979
0.00015461
0.00017883
0.00020234
0.00022505
0.00024687
0.00026772
0.00028751
0.00030617
0.00032362
0.00033979
0.00035462
0.00036805
0.00038003
0.00039051
0.00039944
0.0004068
0.00041256
0.00041669
0.00041917
0.00042
0.00041917
0.00041669
0.00041256
0.0004068
0.00039944
0.00039051
0.00038003
0.00036805
0.00035462
0.00033979
0.00032362
0.00030617
0.00028751
0.00026772
0.00024687
0.00022505
0.00020234
0.00017883
0.00015461
0.00012979
0.00010445
7.87e-05
5.264e-05
2.6372e-05
-2.0777e-21
-2.6319e-05
-5.2482e-05
-7.8385e-05
-0.00010393
-0.00012901
-0.00015353
-0.0001774
-0.00020052
-0.0002228
-0.00024415
-0.00026451
-0.00028377
-0.00030188
-0.00031876
-0.00033435
-0.00034859
-0.00036142
-0.00037281
-0.0003827
-0.00039106
-0.00039786
-0.00040307
-0.00040669
-0.00040869
-0.00040908
-0.00040785
-0.00040502
-0.0004006
-0.0003946
-0.00038706
-0.00037801
-0.00036749
-0.00035554
-0.00034221
-0.00032755
-0.00031164
-0.00029453
-0.0002763
-0.00025701
-0.00023675
-0.0002156
-0.00019364
-0.00017096
-0.00014765
-0.00012382
-9.9541e-05
-7.4923e-05
-5.0061e-05
-2.5053e-05
-4.295e-18
2.5001e-05
4.985e-05
7.445e-05
9.8705e-05
0.00012252
0.0001458
0.00016846
0.0001904
0.00021154
0.00023181
0.00025112
0.0002694
0.00028657
0.00030258
0.00031736
0.00033086
0.00034302
0.00035381
0.00036317
0.00037108
0.00037751
0.00038244
0.00038585
0.00038773
0.00038808
0.0003869
0.00038419
0.00037997
0.00037426
0.00036709
0.00035848
0.00034849
0.00033713
0.00032448
0.00031057
0.00029546
0.00027922
0.00026192
0.00024362
0.0002244
0.00020434
0.00018352
0.00016202
0.00013992
0.00011733
9.4318e-05
7.0988e-05
4.7429e-05
2.3735e-05
-1.3324e-17
-2.3682e-05
-4.7218e-05
-7.0515e-05
-9.3483e-05
-0.00011603
-0.00013807
-0.00015951
-0.00018028
-0.00020029
-0.00021947
-0.00023773
-0.00025502
-0.00027126
-0.0002864
-0.00030037
-0.00031313
-0.00032462
-0.0003348
-0.00034365
-0.00035111
-0.00035717
-0.00036182
-0.00036502
-0.00036677
-0.00036708
-0.00036594
-0.00036335
-0.00035934
-0.00035392
-0.00034712
-0.00033896
-0.00032948
-0.00031873
-0.00030674
-0.00029358
-0.00027928
-0.00026392
-0.00024755
-0.00023024
-0.00021206
-0.00019309
-0.0001734
-0.00015308
-0.00013219
-0.00011084
-8.9096e-05
-6.7053e-05
-4.4797e-05
-2.2416e-05
8.7385e-18
2.2363e-05
4.4586e-05
6.658e-05
8.826e-05
0.00010954
0.00013034
0.00015057
0.00017017
0.00018904
0.00020712
0.00022435
0.00024065
0.00025596
0.00027022
0.00028338
0.0002954
0.00030622
0.0003158
0.00032412
0.00033114
0.00033683
0.00034119
0.00034418
0.00034582
0.00034608
0.00034498
0.00034252
0.00033871
0.00033358
0.00032714
0.00031943
0.00031048
0.00030033
0.00028901
0.00027659
0.0002631
0.00024861
0.00023317
0.00021685
0.00019972
0.00018184
0.00016329
0.00014413
0.00012446
0.00010435
8.3873e-05
6.3118e-05
4.2165e-05
2.1098e-05
1.4469e-17
-2.1045e-05
-4.1954e-05
-6.2645e-05
-8.3038e-05
-0.00010305
-0.00012261
-0.00014163
-0.00016005
-0.00017779
-0.00019478
-0.00021096
-0.00022627
-0.00024065
-0.00025404
-0.00026639
-0.00027767
-0.00028781
-0.0002968
-0.00030459
-0.00031117
-0.00031649
-0.00032056
-0.00032335
-0.00032486
-0.00032508
-0.00032402
-0.00032168
-0.00031808
-0.00031324
-0.00030717
-0.00029991
-0.00029148
-0.00028193
-0.00027128
-0.0002596
-0.00024692
-0.0002333
-0.00021879
-0.00020347
-0.00018737
-0.00017059
-0.00015317
-0.00013519
-0.00011673
-9.786e-05
-7.8651e-05
-5.9183e-05
-3.9533e-05
-1.9779e-05
-1.6955e-17
1.9726e-05
3.9322e-05
5.871e-05
7.7815e-05
9.6562e-05
0.00011488
0.00013269
0.00014993
0.00016653
0.00018244
0.00019758
0.00021189
0.00022534
0.00023786
0.0002494
0.00025993
0.00026941
0.0002778
0.00028507
0.00029119
0.00029615
0.00029993
0.00030252
0.0003039
0.00030408
0.00030306
0.00030085
0.00029746
0.0002929
0.0002872
0.00028038
0.00027248
0.00026352
0.00025355
0.00024261
0.00023074
0.00021799
0.00020442
0.00019008
0.00017503
0.00015933
0.00014305
0.00012625
0.000109
9.137e-05
7.3428e-05
5.5248e-05
3.6901e-05
1.846e-05
1.8988e-17
-1.8408e-05
-3.669e-05
-5.4775e-05
-7.2593e-05
-9.0072e-05
-0.00010715
-0.00012375
-0.00013981
-0.00015528
-0.00017009
-0.00018419
-0.00019752
-0.00021003
-0.00022168
-0.00023241
-0.0002422
-0.00025101
-0.0002588
-0.00026554
-0.00027122
-0.00027581
-0.0002793
-0.00028168
-0.00028294
-0.00028308
-0.0002821
-0.00028001
-0.00027683
-0.00027256
-0.00026723
-0.00026086
-0.00025348
-0.00024512
-0.00023582
-0.00022562
-0.00021456
-0.00020268
-0.00019004
-0.00017669
-0.00016269
-0.00014808
-0.00013294
-0.00011731
-0.00010127
-8.4881e-05
-6.8206e-05
-5.1312e-05
-3.4269e-05
-1.7142e-05
-5.0743e-18
1.7089e-05
3.4058e-05
5.084e-05
6.737e-05
8.3583e-05
9.9416e-05
0.00011481
0.0001297
0.00014403
0.00015775
0.0001708
0.00018314
0.00019472
0.0002055
0.00021543
0.00022447
0.00023261
0.0002398
0.00024602
0.00025125
0.00025547
0.00025868
0.00026085
0.00026198
0.00026208
0.00026114
0.00025918
0.0002562
0.00025222
0.00024726
0.00024133
0.00023448
0.00022672
0.00021809
0.00020863
0.00019838
0.00018737
0.00017567
0.00016331
0.00015034
0.00013683
0.00012282
0.00010837
9.354e-05
7.8391e-05
6.2983e-05
4.7377e-05
3.1637e-05
1.5823e-05
2.1696e-17
-1.577e-05
-3.1426e-05
-4.6905e-05
-6.2148e-05
-7.7094e-05
-9.1685e-05
-0.00010587
-0.00011958
-0.00013278
-0.00014541
-0.00015742
-0.00016877
-0.00017941
-0.00018932
-0.00019844
-0.00020674
-0.0002142
-0.0002208
-0.00022649
-0.00023128
-0.00023513
-0.00023805
-0.00024001
-0.00024102
-0.00024108
-0.00024019
-0.00023835
-0.00023557
-0.00023188
-0.00022728
-0.00022181
-0.00021548
-0.00020832
-0.00020036
-0.00019164
-0.0001822
-0.00017207
-0.00016129
-0.00014992
-0.000138
-0.00012558
-0.0001127
-9.9428e-05
-8.581e-05
-7.1902e-05
-5.7761e-05
-4.3442e-05
-2.9005e-05
-1.4505e-05
-9.264e-18
1.4452e-05
2.8794e-05
4.297e-05
5.6925e-05
7.0604e-05
8.3954e-05
9.6924e-05
0.00010946
0.00012153
0.00013306
0.00014403
0.00015439
0.00016411
0.00017313
0.00018145
0.00018901
0.0001958
0.00020179
0.00020697
0.00021131
0.00021479
0.00021742
0.00021918
0.00022006
0.00022008
0.00021923
0.00021751
0.00021494
0.00021154
0.00020731
0.00020228
0.00019647
0.00018991
0.00018263
0.00017465
0.00016601
0.00015676
0.00014692
0.00013654
0.00012566
0.00011432
0.00010258
9.0487e-05
7.8079e-05
6.5413e-05
5.2538e-05
3.9507e-05
2.6373e-05
1.3186e-05
1.068e-17
-1.3133e-05
-2.6162e-05
-3.9035e-05
-5.1703e-05
-6.4115e-05
-7.6224e-05
-8.7983e-05
-9.9347e-05
-0.00011027
-0.00012072
-0.00013065
-0.00014002
-0.0001488
-0.00015695
-0.00016446
-0.00017128
-0.0001774
-0.00018279
-0.00018744
-0.00019133
-0.00019445
-0.00019679
-0.00019834
-0.00019911
-0.00019908
-0.00019827
-0.00019668
-0.00019432
-0.0001912
-0.00018734
-0.00018276
-0.00017747
-0.00017151
-0.0001649
-0.00015766
-0.00014983
-0.00014145
-0.00013254
-0.00012315
-0.00011331
-0.00010307
-9.2468e-05
-8.1545e-05
-7.0349e-05
-5.8923e-05
-4.7316e-05
-3.5572e-05
-2.3741e-05
-1.1867e-05
-1.1643e-17
1.1815e-05
2.353e-05
3.51e-05
4.648e-05
5.7625e-05
6.8493e-05
7.9042e-05
8.923e-05
9.9021e-05
0.00010838
0.00011726
0.00012564
0.00013349
0.00014077
0.00014747
0.00015355
0.000159
0.00016379
0.00016792
0.00017136
0.00017411
0.00017616
0.00017751
0.00017815
0.00017808
0.00017731
0.00017584
0.00017369
0.00017086
0.00016737
0.00016323
0.00015847
0.00015311
0.00014717
0.00014067
0.00013365
0.00012614
0.00011817
0.00010976
0.00010097
9.1819e-05
8.2351e-05
7.2604e-05
6.2618e-05
5.2434e-05
4.2093e-05
3.1637e-05
2.1109e-05
1.0549e-05
2.6269e-18
-1.0496e-05
-2.0898e-05
-3.1165e-05
-4.1258e-05
-5.1136e-05
-6.0763e-05
-7.01e-05
-7.9114e-05
-8.7768e-05
-9.6032e-05
-0.00010387
-0.00011127
-0.00011818
-0.00012459
-0.00013048
-0.00013582
-0.00014059
-0.00014479
-0.00014839
-0.00015139
-0.00015377
-0.00015554
-0.00015667
-0.00015719
-0.00015708
-0.00015635
-0.00015501
-0.00015306
-0.00015052
-0.00014739
-0.00014371
-0.00013947
-0.00013471
-0.00012944
-0.00012368
-0.00011747
-0.00011083
-0.00010379
-9.6379e-05
-8.8626e-05
-8.0567e-05
-7.2234e-05
-6.3663e-05
-5.4887e-05
-4.5945e-05
-3.6871e-05
-2.7702e-05
-1.8477e-05
-9.2302e-06
-1.221e-17
9.1775e-06
1.8266e-05
2.723e-05
3.6035e-05
4.4647e-05
5.3032e-05
6.1159e-05
6.8997e-05
7.6516e-05
8.3689e-05
9.0489e-05
9.6891e-05
0.00010287
0.00010841
0.00011349
0.00011809
0.00012219
0.00012579
0.00012887
0.00013142
0.00013343
0.00013491
0.00013584
0.00013623
0.00013608
0.00013539
0.00013417
0.00013243
0.00013018
0.00012742
0.00012418
0.00012047
0.0001163
0.0001117
0.00010669
0.00010129
9.5524e-05
8.9416e-05
8.2993e-05
7.6283e-05
6.9315e-05
6.2117e-05
5.4721e-05
4.7157e-05
3.9455e-05
3.1648e-05
2.3767e-05
1.5845e-05
7.9116e-06
4.6762e-18
-7.8589e-06
-1.5634e-05
-2.3295e-05
-3.0813e-05
-3.8157e-05
-4.5301e-05
-5.2218e-05
-5.888e-05
-6.5264e-05
-7.1345e-05
-7.7103e-05
-8.2515e-05
-8.7564e-05
-9.223e-05
-9.65e-05
-0.00010036
-0.00010379
-0.00010679
-0.00010934
-0.00011144
-0.00011309
-0.00011428
-0.00011501
-0.00011527
-0.00011508
-0.00011443
-0.00011334
-0.0001118
-0.00010984
-0.00010745
-0.00010466
-0.00010147
-9.7901e-05
-9.3974e-05
-8.9704e-05
-8.5111e-05
-8.0216e-05
-7.504e-05
-6.9607e-05
-6.3939e-05
-5.8062e-05
-5.2e-05
-4.578e-05
-3.9426e-05
-3.2966e-05
-2.6426e-05
-1.9832e-05
-1.3213e-05
-6.593e-06
-5.0216e-18
6.5403e-06
1.3002e-05
1.936e-05
2.559e-05
3.1668e-05
3.7571e-05
4.3276e-05
4.8763e-05
5.4011e-05
5.9002e-05
6.3717e-05
6.814e-05
7.2255e-05
7.605e-05
7.951e-05
8.2626e-05
8.5387e-05
8.7786e-05
8.9816e-05
9.1473e-05
9.2752e-05
9.3651e-05
9.4172e-05
9.4314e-05
9.408e-05
9.3475e-05
9.2505e-05
9.1176e-05
8.9497e-05
8.7478e-05
8.513e-05
8.2466e-05
7.9499e-05
7.6243e-05
7.2714e-05
6.893e-05
6.4907e-05
6.0665e-05
5.6221e-05
5.1596e-05
4.681e-05
4.1884e-05
3.6838e-05
3.1696e-05
2.6477e-05
2.1203e-05
1.5897e-05
1.0581e-05
5.2744e-06
4.9143e-18
-5.2217e-06
-1.037e-05
-1.5425e-05
-2.0368e-05
-2.5179e-05
-2.984e-05
-3.4335e-05
-3.8646e-05
-4.2759e-05
-4.6658e-05
-5.0331e-05
-5.3764e-05
-5.6947e-05
-5.9869e-05
-6.2521e-05
-6.4895e-05
-6.6985e-05
-6.8785e-05
-7.0291e-05
-7.15e-05
-7.2411e-05
-7.3023e-05
-7.3337e-05
-7.3355e-05
-7.308e-05
-7.2517e-05
-7.167e-05
-7.0548e-05
-6.9157e-05
-6.7506e-05
-6.5605e-05
-6.3465e-05
-6.1096e-05
-5.8512e-05
-5.5725e-05
-5.2749e-05
-4.9599e-05
-4.6289e-05
-4.2835e-05
-3.9252e-05
-3.5557e-05
-3.1767e-05
-2.7897e-05
-2.3965e-05
-1.9987e-05
-1.5981e-05
-1.1962e-05
-7.9486e-06
-3.9558e-06
-7.9696e-19
3.9031e-06
7.7381e-06
1.149e-05
1.5145e-05
1.8689e-05
2.211e-05
2.5393e-05
2.8529e-05
3.1507e-05
3.4315e-05
3.6945e-05
3.9389e-05
4.1639e-05
4.3688e-05
4.5531e-05
4.7164e-05
4.8582e-05
4.9784e-05
5.0766e-05
5.1528e-05
5.2071e-05
5.2395e-05
5.2503e-05
5.2396e-05
5.208e-05
5.1558e-05
5.0836e-05
4.992e-05
4.8817e-05
4.7534e-05
4.608e-05
4.4463e-05
4.2694e-05
4.0781e-05
3.8736e-05
3.6569e-05
3.4291e-05
3.1914e-05
2.9449e-05
2.6909e-05
2.4305e-05
2.165e-05
1.8956e-05
1.6234e-05
1.3498e-05
1.0758e-05
8.0274e-06
5.3166e-06
2.6372e-06
3.3413e-18
-2.5845e-06
-5.1061e-06
-7.5552e-06
-9.9227e-06
-1.22e-05
-1.4379e-05
-1.6452e-05
-1.8413e-05
-2.0254e-05
-2.1971e-05
-2.3559e-05
-2.5013e-05
-2.633e-05
-2.7507e-05
-2.8542e-05
-2.9433e-05
-3.018e-05
-3.0782e-05
-3.124e-05
-3.1556e-05
-3.1731e-05
-3.1767e-05
-3.1668e-05
-3.1438e-05
-3.108e-05
-3.0599e-05
-3.0002e-05
-2.9292e-05
-2.8476e-05
-2.7562e-05
-2.6554e-05
-2.5462e-05
-2.4291e-05
-2.305e-05
-2.1746e-05
-2.0388e-05
-1.8982e-05
-1.7538e-05
-1.6063e-05
-1.4565e-05
-1.3053e-05
-1.1533e-05
-1.0014e-05
-8.5037e-06
-7.0085e-06
-5.5358e-06
-4.0924e-06
-2.6846e-06
-1.3186e-06
-7.0582e-19
1.2659e-06
2.4741e-06
3.6202e-06
4.7002e-06
5.7106e-06
6.6483e-06
7.5107e-06
8.2958e-06
9.0019e-06
9.6279e-06
1.0173e-05
1.0638e-05
1.1022e-05
1.1327e-05
1.1553e-05
1.1702e-05
1.1778e-05
1.1781e-05
1.1715e-05
1.1584e-05
1.1391e-05
1.1139e-05
1.0834e-05
1.0479e-05
1.008e-05
9.6409e-06
9.1671e-06
8.6638e-06
8.1361e-06
7.5894e-06
7.0291e-06
6.4605e-06
5.8888e-06
5.3193e-06
4.757e-06
4.207e-06
3.674e-06
3.1626e-06
2.6772e-06
2.2218e-06
1.8004e-06
1.4164e-06
1.073e-06
7.7306e-07
5.1915e-07
3.1335e-07
1.574e-07
5.264e-08
0
0
-0
-0
-0
-0
-0
-0
-0
-0
-0
-0
-0
-0
-0
-0
-0
-0
-0
-0
-0
-0
-0
-0
-0
-0
-0
-0
-0
-0
-0
-0
-0
-0
-0
-0
-0
-0
-0
-0
-0
-0
-0
-0
-0
-0
-0
-0
-0
-0
-0
-0
0
0
0
0
0
0
0
0
0
0
0
0
0
0
0
0
0
0
0
0
0
0
0
0
0
0
0
0
0
0
0
0
0
0
0
0
0
0
0
0
0
0
0
0
0
0
0
0
0
0
-0
-0
-0
-0
-0
-0
-0
-0
-0
-0
-0
-0
-0
-0
-0
-0
-0
-0
-0
-0
-0
-0
-0
-0
-0
-0
-0
-0
-0
-0
-0
-0
-0
-0
-0
-0
-0
-0
-0
-0
-0
-0
-0
-0
-0
-0
-0
-0
-0
-0
0
0
0
0
0
0
0
0
0
0
0
0
0
0
0
0
0
0
0
0
0
0
0
0
0
0
0
0
0
0
0
0
0
0
0
0
0
0
0
0
0
0
0
0
0
0
0
0
0
0
-0
-0
-0
-0
-0
-0
-0
-0
-0
-0
-0
-0
-0
-0
-0
-0
-0
-0
-0
-0
-0
-0
-0
-0
-0
-0
-0
-0
-0
-0
-0
-0
-0
-0
-0
-0
-0
-0
-0
-0
-0
-0
-0
-0
-0
-0
-0
-0
-0
-0
0
0
0
0
0
0
0
0
0
0
0
0
0
0
0
0
0
0
0
0
0
0
0
0
0
0
0
0
0
0
0
0
0
0
0
0
0
0
0
0
0
0
0
0
0
0
0
0
0
0
-0
-0
-0
-0
-0
-0
-0
-0
-0
-0
-0
-0
-0
-0
-0
-0
-0
-0
-0
-0
-0
-0
-0
-0
-0
-0
-0
-0
-0
-0
-0
-0
-0
-0
-0
-0
-0
-0
-0
-0
-0
-0
-0
-0
-0
-0
-0
-0
-0
-0
0
0
0
0
0
0
0
0
0
0
0
0
0
0
0
0
0
0
0
0
0
0
0
0
0
0
0
0
0
0
0
0
0
0
0
0
0
0
0
0
0
0
0
0
0
0
0
0
0
0
-0
-0
-0
-0
-0
-0
-0
-0
-0
-0
-0
-0
-0
-0
-0
-0
-0
-0
-0
-0
-0
-0
-0
-0
-0
-0
-0
-0
-0
-0
-0
-0
-0
-0
-0
-0
-0
-0
-0
-0
-0
-0
-0
-0
-0
-0
-0
-0
-0
-0
0
0
0
0
0
0
0
0
0
0
0
0
0
0
0
0
0
0
0
0
0
0
0
0
0
0
0
0
0
0
0
0
0
0
0
0
0
0
0
0
0
0
0
0
0
0
0
0
0
0
-0
-0
-0
-0
-0
-0
-0
-0
-0
-0
-0
-0
-0
-0
-0
-0
-0
-0
-0
-0
-0
-0
-0
-0
-0
-0
-0
-0
-0
-0
-0
-0
-0
-0
-0
-0
-0
-0
-0
-0
-0
-0
-0
-0
-0
-0
-0
-0
-0
-0
0
0
0
0
0
0
0
0
0
0
0
0
0
0
0
0
0
0
0
0
0
0
0
0
0
0
0
0
0
0
0
0
0
0
0
0
0
0
0
0
0
0
0
0
0
0
0
0
0
0
-0
-0
-0
-0
-0
-0
-0
-0
-0
-0
-0
-0
-0
-0
-0
-0
-0
-0
-0
-0
-0
-0
-0
-0
-0
-0
-0
-0
-0
-0
-0
-0
-0
-0
-0
-0
-0
-0
-0
-0
-0
-0
-0
-0
-0
-0
-0
-0
-0
-0
0
0
0
0
0
0
0
0
0
0
0
0
0
0
0
0
0
0
0
0
0
0
0
0
0
0
0
0
0
0
0
0
0
0
0
0
0
0
0
0
0
0
0
0
0
0
0
0
0
0
-0
-0
-0
-0
-0
-0
-0
-0
-0
-0
-0
-0
-0
-0
-0
-0
-0
-0
-0
-0
-0
-0
-0
-0
-0
-0
-0
-0
-0
-0
-0
-0
-0
-0
-0
-0
-0
-0
-0
-0
-0
-0
-0
-0
-0
-0
-0
-0
-0
-0
0
0
0
0
0
0
0
0
0
0
0
0
0
0
0
0
0
0
0
0
0
0
0
0
0
0
0
0
0
0
0
0
0
0
0
0
0
0
0
0
0
0
0
0
0
0
0
0
0
0
-0
-0
-0
-0
-0
-0
-0
-0
-0
-0
-0
-0
-0
-0
-0
-0
-0
-0
-0
-0
-0
-0
-0
-0
-0
-0
-0
-0
-0
-0
-0
-0
-0
-0
-0
-0
-0
-0
-0
-0
-0
-0
-0
-0
-0
-0
-0
-0
-0
-0
0
0
0
0
0
0
0
0
0
0
0
0
0
0
0
0
0
0
0
0
0
0
0
0
0
0
0
0
0
0
0
0
0
0
0
0
0
0
0
0
0
0
0
0
0
0
0
0
0
0
-0
-0
-0
-0
-0
-0
-0
-0
-0
-0
-0
-0
-0
-0
-0
-0
-0
-0
-0
-0
-0
-0
-0
-0
-0
-0
-0
-0
-0
-0
-0
-0
-0
-0
-0
-0
-0
-0
-0
-0
-0
-0
-0
-0
-0
-0
-0
-0
-0
-0
0
0
0
0
0
0
0
0
0
0
0
0
0
0
0
0
0
0
0
0
0
0
0
0
0
0
0
0
0
0
0
0
0
0
0
0
0
0
0
0
0
0
0
0
0
0
0
0
0
0
-0
-0
-0
-0
-0
-0
-0
-0
-0
-0
-0
-0
-0
-0
-0
-0
-0
-0
-0
-0
-0
-0
-0
-0
-0
-0
-0
-0
-0
-0
-0
-0
-0
-0
-0
-0
-0
-0
-0
-0
-0
-0
-0
-0
-0
-0
-0
-0
-0
-0
0
0
0
0
0
0
0
0
0
0
0
0
0
0
0
0
0
0
0
0
0
0
0
0
0
0
0
0
0
0
0
0
0
0
0
0
0
0
0
0
0
0
0
0
0
0
0
0
0
-0
-0
-0
-0
-0
-0
-0
-0
-0
-0
-0
-0
-0
-0
-0
-0
-0
-0
-0
-0
-0
-0
-0
-0
-0
-0
-0
-0
-0
-0
-0
-0
-0
-0
-0
-0
-0
-0
-0
-0
-0
-0
-0
-0
-0
-0
-0
-0
-0
-0
-0
0
0
0
0
0
0
0
0
0
0
0
0
0
0
0
0
0
0
0
0
0
0
0
0
0
0
0
0
0
0
0
0
0
0
0
0
0
0
0
0
0
0
0
0
0
0
0
0
0
0
-0
-0
-0
-0
-0
-0
-0
-0
-0
-0
-0
-0
-0
-0
-0
-0
-0
-0
-0
-0
-0
-0
-0
-0
-0
-0
-0
-0
-0
-0
-0
-0
-0
-0
-0
-0
-0
-0
-0
-0
-0
-0
-0
-0
-0
-0
-0
-0
-0
0
0
0
0
0
0
0
0
0
0
0
0
0
0
0
0
0
0
0
0
0
0
0
0
0
0
0
0
0
0
0
0
0
0
0
0
0
0
0
0
0
0
0
0
0
0
0
0
0
0
0
-0
-0
-0
-0
-0
-0
-0
-0
-0
-0
-0
-0
-0
-0
-0
-0
-0
-0
-0
-0
-0
-0
-0
-0
-0
-0
-0
-0
-0
-0
-0
-0
-0
-0
-0
-0
-0
-0
-0
-0
-0
-0
-0
-0
-0
-0
-0
-0
-0
-0
0
0
0
0
0
0
0
0
0
0
0
0
0
0
0
0
0
0
0
0
0
0
0
0
0
0
0
0
0
0
0
0
0
0
0
0
0
0
0
0
0
0
0
0
0
0
0
0
0
0
-0
-0
-0
-0
-0
-0
-0
-0
-0
-0
-0
-0
-0
-0
-0
-0
-0
-0
-0
-0
-0
-0
-0
-0
-0
-0
-0
-0
-0
-0
-0
-0
-0
-0
-0
-0
-0
-0
-0
-0
-0
-0
-0
-0
-0
-0
-0
-0
-0
-0
0
0
0
0
0
0
0
0
0
0
0
0
0
0
0
0
0
0
0
0
0
0
0
0
0
0
0
0
0
0
0
0
0
0
0
0
0
0
0
0
0
0
0
0
0
0
0
0
0
-0
-0
-0
-0
-0
-0
-0
-0
-0
-0
-0
-0
-0
-0
-0
-0
-0
-0
-0
-0
-0
-0
-0
-0
-0
-0
-0
-0
-0
-0
-0
-0
-0
-0
-0
-0
-0
-0
-0
-0
-0
-0
-0
-0
-0
-0
-0
-0
-0
-0
-0
0
0
0
0
0
0
0
0
0
0
0
0
0
0
0
0
0
0
0
0
0
0
0
0
0
0
0
0
0
0
0
0
0
0
0
0
0
0
0
0
0
0
0
0
0
0
0
0
0
-0
-0
-0
-0
-0
-0
-0
-0
-0
-0
-0
-0
-0
-0
-0
-0
-0
-0
-0
-0
-0
-0
-0
-0
-0
-0
-0
-0
-0
-0
-0
-0
-0
-0
-0
-0
-0
-0
-0
-0
-0
-0
-0
-0
-0
-0
-0
-0
-0
-0
-0
0
0
0
0
0
0
0
0
0
0
0
0
0
0
0
0
0
0
0
0
0
0
0
0
0
0
0
0
0
0
0
0
0
0
0
0
0
0
0
0
0
0
0
0
0
0
0
0
0
0
-0
-0
-0
-0
-0
-0
-0
-0
-0
-0
-0
-0
-0
-0
-0
-0
-0
-0
-0
-0
-0
-0
-0
-0
-0
-0
-0
-0
-0
-0
-0
-0
-0
-0
-0
-0
-0
-0
-0
-0
-0
-0
-0
-0
-0
-0
-0
-0
-0
-0
0
0
0
0
0
0
0
0
0
0
0
0
0
0
0
0
0
0
0
0
0
0
0
0
0
0
0
0
0
0
0
0
0
0
0
0
0
0
0
0
0
0
0
0
0
0
0
0
0
0
-0
-0
-0
-0
-0
-0
-0
-0
-0
-0
-0
-0
-0
-0
-0
-0
-0
-0
-0
-0
-0
-0
-0
-0
-0
-0
-0
-0
-0
-0
-0
-0
-0
-0
-0
-0
-0
-0
-0
-0
-0
-0
-0
-0
-0
-0
-0
-0
-0
-0
0
0
0
0
0
0
0
0
0
0
0
0
0
0
0
0
0
0
0
0
0
0
0
0
0
0
0
0
0
0
0
0
0
0
0
0
0
0
0
0
0
0
0
0
0
0
0
0
0
0
-0
-0
-0
-0
-0
-0
-0
-0
-0
-0
-0
-0
-0
-0
-0
-0
-0
-0
-0
-0
-0
-0
-0
-0
-0
-0
-0
-0
-0
-0
-0
-0
-0
-0
-0
-0
-0
-0
-0
-0
-0
-0
-0
-0
-0
-0
-0
-0
-0
-0
0
0
0
0
0
0
0
0
0
0
0
0
0
0
0
0
0
0
0
0
0
0
0
0
0
0
0
0
0
0
0
0
0
0
0
0
0
0
0
0
0
0
0
0
0
0
0
0
0
-0
-0
-0
-0
-0
-0
-0
-0
-0
-0
-0
-0
-0
-0
-0
-0
-0
-0
-0
-0
-0
-0
-0
-0
-0
-0
-0
-0
-0
-0
-0
-0
-0
-0
-0
-0
-0
-0
-0
-0
-0
-0
-0
-0
-0
-0
-0
-0
-0
-0
-0
0
0
0
0
0
0
0
0
0
0
0
0
0
0
0
0
0
0
0
0
0
0
0
0
0
0
0
0
0
0
0
0
0
0
0
0
0
0
0
0
0
0
0
0
0
0
0
0
0
-0
-0
-0
-0
-0
-0
-0
-0
-0
-0
-0
-0
-0
-0
-0
-0
-0
-0
-0
-0
-0
-0
-0
-0
-0
-0
-0
-0
-0
-0
-0
-0
-0
-0
-0
-0
-0
-0
-0
-0
-0
-0
-0
-0
-0
-0
-0
-0
-0
-0
-0
0
0
0
0
0
0
0
0
0
0
0
0
0
0
0
0
0
0
0
0
0
0
0
0
0
0
0
0
0
0
0
0
0
0
0
0
0
0
0
0
0
0
0
0
0
0
0
0
0
0
-0
-0
-0
-0
-0
-0
-0
-0
-0
-0
-0
-0
-0
-0
-0
-0
-0
-0
-0
-0
-0
-0
-0
-0
-0
-0
-0
-0
-0
-0
-0
-0
-0
-0
-0
-0
-0
-0
-0
-0
-0
-0
-0
-0
-0
-0
-0
-0
-0
-0
0
0
0
0
0
0
0
0
0
0
0
0
0
0
0
0
0
0
0
0
0
0
0
0
0
0
0
0
0
0
0
0
0
0
0
0
0
0
0
0
0
0
0
0
0
0
0
0
0
0
-0
-0
-0
-0
-0
-0
-0
-0
-0
-0
-0
-0
-0
-0
-0
-0
-0
-0
-0
-0
-0
-0
-0
-0
-0
-0
-0
-0
-0
-0
-0
-0
-0
-0
-0
-0
-0
-0
-0
-0
-0
-0
-0
-0
-0
-0
-0
-0
-0
-0
0
0
0
0
0
0
0
0
0
0
0
0
0
0
0
0
0
0
0
0
0
0
0
0
0
0
0
0
0
0
0
0
0
0
0
0
0
0
0
0
0
0
0
0
0
0
0
0
0
0
-0
-0
-0
-0
-0
-0
-0
-0
-0
-0
-0
-0
-0
-0
-0
-0
-0
-0
-0
-0
-0
-0
-0
-0
-0
-0
-0
-0
-0
-0
-0
-0
-0
-0
-0
-0
-0
-0
-0
-0
-0
-0
-0
-0
-0
-0
-0
-0
-0
-0
0
0
0
0
0
0
0
0
0
0
0
0
0
0
0
0
0
0
0
0
0
0
0
0
0
0
0
0
0
0
0
0
0
0
0
0
0
0
0
0
0
0
0
0
0
0
0
0
0
-0
-0
-0
-0
-0
-0
-0
-0
-0
-0
-0
-0
-0
-0
-0
-0
-0
-0
-0
-0
-0
-0
-0
-0
-0
-0
-0
-0
-0
-0
-0
-0
-0
-0
-0
-0
-0
-0
-0
-0
-0
-0
-0
-0
-0
-0
-0
-0
-0
-0
-0
0
0
0
0
0
0
0
0
0
0
0
0
0
0
0
0
0
0
0
0
0
0
0
0
0
0
0
0
0
0
0
0
0
0
0
0
0
0
0
0
0
0
0
0
0
0
0
0
0
-0
-0
-0
-0
-0
-0
-0
-0
-0
-0
-0
-0
-0
-0
-0
-0
-0
-0
-0
-0
-0
-0
-0
-0
-0
-0
-0
-0
-0
-0
-0
-0
-0
-0
-0
-0
-0
-0
-0
-0
-0
-0
-0
-0
-0
-0
-0
-0
-0
-0
-0
0
0
0
0
0
0
0
0
0
0
0
0
0
0
0
0
0
0
0
0
0
0
0
0
0
0
0
0
0
0
0
0
0
0
0
0
0
0
0
0
0
0
0
0
0
0
0
0
0
0
-0
-0
-0
-0
-0
-0
-0
-0
-0
-0
-0
-0
-0
-0
-0
-0
-0
-0
-0
-0
-0
-0
-0
-0
-0
-0
-0
-0
-0
-0
-0
-0
-0
-0
-0
-0
-0
-0
-0
-0
-0
-0
-0
-0
-0
-0
-0
-0
-0
-0
0
0
0
0
0
0
0
0
0
0
0
0
0
0
0
0
0
0
0
0
0
0
0
0
0
0
0
0
0
0
0
0
0
0
0
0
0
0
0
0
0
0
0
0
0
0
0
0
0
0
-0
-0
-0
-0
-0
-0
-0
-0
-0
-0
-0
-0
-0
-0
-0
-0
-0
-0
-0
-0
-0
-0
-0
-0
-0
-0
-0
-0
-0
-0
-0
-0
-0
-0
-0
-0
-0
-0
-0
-0
-0
-0
-0
-0
-0
-0
-0
-0
-0
-0
0
0
0
0
0
0
0
0
0
0
0
0
0
0
0
0
0
0
0
0
0
0
0
0
0
0
0
0
0
0
0
0
0
0
0
0
0
0
0
0
0
0
0
0
0
0
0
0
0
0
-0
-0
-0
-0
-0
-0
-0
-0
-0
-0
-0
-0
-0
-0
-0
-0
-0
-0
-0
-0
-0
-0
-0
-0
-0
-0
-0
-0
-0
-0
-0
-0
-0
-0
-0
-0
-0
-0
-0
-0
-0
-0
-0
-0
-0
-0
-0
-0
-0
-0
0
0
0
0
0
0
0
0
0
0
0
0
0
0
0
0
0
0
0
0
0
0
0
0
0
0
0
0
0
0
0
0
0
0
0
0
0
0
0
0
0
0
0
0
0
0
0
0
0
-0
-0
-0
-0
-0
-0
-0
-0
-0
-0
-0
-0
-0
-0
-0
-0
-0
-0
-0
-0
-0
-0
-0
-0
-0
-0
-0
-0
-0
-0
-0
-0
-0
-0
-0
-0
-0
-0
-0
-0
-0
-0
-0
-0
-0
-0
-0
-0
-0
-0
-0
0
0
0
0
0
0
0
0
0
0
0
0
0
0
0
0
0
0
0
0
0
0
0
0
0
0
0
0
0
0
0
0
0
0
0
0
0
0
0
0
0
0
0
0
0
0
0
0
0
-0
-0
-0
-0
-0
-0
-0
-0
-0
-0
-0
-0
-0
-0
-0
-0
-0
-0
-0
-0
-0
-0
-0
-0
-0
-0
-0
-0
-0
-0
-0
-0
-0
-0
-0
-0
-0
-0
-0
-0
-0
-0
-0
-0
-0
-0
-0
-0
-0
-0
-0
0
0
0
0
0
0
0
0
0
0
0
0
0
0
0
0
0
0
0
0
0
0
0
0
0
0
0
0
0
0
0
0
0
0
0
0
0
0
0
0
0
0
0
0
0
0
0
0
0
-0
