-0
-0
-0
-0
-0
-0
-0
-0
-0
-0
-0
-0
-0
-0
-0
-0
-0
-0
-0
-0
-0
-0
-0
-0
-0
-0
-0
-0
-0
-0
-0
-0
-0
-0
-0
-0
-0
-0
-0
-0
-0
-0
-0
-0
-0
-0
-0
-0
-0
-0
-0
0
0
0
0
0
0
0
0
0
0
0
0
0
0
0
0
0
0
0
0
0
0
0
0
0
0
0
0
0
0
0
0
0
0
0
0
0
0
0
0
0
0
0
0
0
0
0
0
0
0
-0
-0
-0
-0
-0
-0
-0
-0
-0
-0
-0
-0
-0
-0
-0
-0
-0
-0
-0
-0
-0
-0
-0
-0
-0
-0
-0
-0
-0
-0
-0
-0
-0
-0
-0
-0
-0
-0
-0
-0
-0
-0
-0
-0
-0
-0
-0
-0
-0
-0
0
0
0
0
0
0
0
0
0
0
0
0
0
0
0
0
0
0
0
0
0
0
0
0
0
0
0
0
0
0
0
0
0
0
0
0
0
0
0
0
0
0
0
0
0
0
0
0
0
0
-0
-0
-0
-0
-0
-0
-0
-0
-0
-0
-0
-0
-0
-0
-0
-0
-0
-0
-0
-0
-0
-0
-0
-0
-0
-0
-0
-0
-0
-0
-0
-0
-0
-0
-0
-0
-0
-0
-0
-0
-0
-0
-0
-0
-0
-0
-0
-0
-0
-0
0
0
0
0
0
0
0
0
0
0
0
0
0
0
0
0
0
0
0
0
0
0
0
0
0
0
0
0
0
0
0
0
0
0
0
0
0
0
0
0
0
0
0
0
0
0
0
0
0
0
-0
-0
-0
-0
-0
-0
-0
-0
-0
-0
-0
-0
-0
-0
-0
-0
-0
-0
-0
-0
-0
-0
-0
-0
-0
-0
-0
-0
-0
-0
-0
-0
-0
-0
-0
-0
-0
-0
-0
-0
-0
-0
-0
-0
-0
-0
-0
-0
-0
0
0
0
0
0
0
0
0
0
0
0
0
0
0
0
0
0
0
0
0
0
0
0
0
0
0
0
0
0
0
0
0
0
0
0
0
0
0
0
0
0
0
0
0
0
0
0
0
0
0
0
-0
-0
-0
-0
-0
-0
-0
-0
-0
-0
-0
-0
-0
-0
-0
-0
-0
-0
-0
-0
-0
-0
-0
-0
-0
-0
-0
-0
-0
-0
-0
-0
-0
-0
-0
-0
-0
-0
-0
-0
-0
-0
-0
-0
-0
-0
-0
-0
-0
-0
0
0
0
0
0
0
0
0
0
0
0
0
0
0
0
0
0
0
0
0
0
0
0
0
0
0
0
0
0
0
0
0
0
0
0
0
0
0
0
0
0
0
0
0
0
0
0
0
0
0
-0
-0
-0
-0
-0
-0
-0
-0
-0
-0
-0
-0
-0
-0
-0
-0
-0
-0
-0
-0
-0
-0
-0
-0
-0
-0
-0
-0
-0
-0
-0
-0
-0
-0
-0
-0
-0
-0
-0
-0
-0
-0
-0
-0
-0
-0
-0
-0
-0
0
0
0
0
0
0
0
0
0
0
0
0
0
0
0
0
0
0
0
0
0
0
0
0
0
0
0
0
0
0
0
0
0
0
0
0
0
0
0
0
0
0
0
0
0
0
0
0
0
0
0
-0
-0
-0
-0
-0
-0
-0
-0
-0
-0
-0
-0
-0
-0
-0
-0
-0
-0
-0
-0
-0
-0
-0
-0
-0
-0
-0
-0
-0
-0
-0
-0
-0
-0
-0
-0
-0
-0
-0
-0
-0
-0
-0
-0
-0
-0
-0
-0
-0
0
0
0
0
0
0
0
0
0
0
0
0
0
0
0
0
0
0
0
0
0
0
0
0
0
0
0
0
0
0
0
0
0
0
0
0
0
0
0
0
0
0
0
0
0
0
0
0
0
0
-0
-0
-0
-0
-0
-0
-0
-0
-0
-0
-0
-0
-0
-0
-0
-0
-0
-0
-0
-0
-0
-0
-0
-0
-0
-0
-0
-0
-0
-0
-0
-0
-0
-0
-0
-0
-0
-0
-0
-0
-0
-0
-0
-0
-0
-0
-0
-0
-0
-0
-0
0
0
0
0
0
0
0
0
0
0
0
0
0
0
0
0
0
0
0
0
0
0
0
0
0
0
0
0
0
0
0
0
0
0
0
0
0
0
0
0
0
0
0
0
0
0
0
0
0
0
-0
-0
-0
-0
-0
-0
-0
-0
-0
-0
-0
-0
-0
-0
-0
-0
-0
-0
-0
-0
-0
-0
-0
-0
-0
-0
-0
-0
-0
-0
-0
-0
-0
-0
-0
-0
-0
-0
-0
-0
-0
-0
-0
-0
-0
-0
-0
-0
-0
-0
0
0
0
0
0
0
0
0
0
0
0
0
0
0
0
0
0
0
0
0
0
0
0
0
0
0
0
0
0
0
0
0
0
0
0
0
0
0
0
0
0
0
0
0
0
0
0
0
0
0
-0
-0
-0
-0
-0
-0
-0
-0
-0
-0
-0
-0
-0
-0
-0
-0
-0
-0
-0
-0
-0
-0
-0
-0
-0
-0
-0
-0
-0
-0
-0
-0
-0
-0
-0
-0
-0
-0
-0
-0
-0
-0
-0
-0
-0
-0
-0
-0
-0
0
0
0
0
0
0
0
0
0
0
0
0
0
0
0
0
0
0
0
0
0
0
0
0
0
0
0
0
0
0
0
0
0
0
0
0
0
0
0
0
0
0
0
0
0
0
0
0
0
0
0
-0
-0
-0
-0
-0
-0
-0
-0
-0
-0
-0
-0
-0
-0
-0
-0
-0
-0
-0
-0
-0
-0
-0
-0
-0
-0
-0
-0
-0
-0
-0
-0
-0
-0
-0
-0
-0
-0
-0
-0
-0
-0
-0
-0
-0
-0
-0
-0
-0
0
0
0
0
0
0
0
0
0
0
0
0
0
0
0
0
0
0
0
0
0
0
0
0
0
0
0
0
0
0
0
0
0
0
0
0
0
0
0
0
0
0
0
0
0
0
0
0
0
0
-0
-0
-0
-0
-0
-0
-0
-0
-0
-0
-0
-0
-0
-0
-0
-0
-0
-0
-0
-0
-0
-0
-0
-0
-0
-0
-0
-0
-0
-0
-0
-0
-0
-0
-0
-0
-0
-0
-0
-0
-0
-0
-0
-0
-0
-0
-0
-0
-0
-0
0
0
0
0
0
0
0
0
0
0
0
0
0
0
0
0
0
0
0
0
0
0
0
0
0
0
0
0
0
0
0
0
0
0
0
0
0
0
0
0
0
0
0
0
0
0
0
0
0
0
0
-0
-0
-0
-0
-0
-0
-0
-0
-0
-0
-0
-0
-0
-0
-0
-0
-0
-0
-0
-0
-0
-0
-0
-0
-0
-0
-0
-0
-0
-0
-0
-0
-0
-0
-0
-0
-0
-0
-0
-0
-0
-0
-0
-0
-0
-0
-0
-0
-0
0
0
0
0
0
0
0
0
0
0
0
0
0
0
0
0
0
0
0
0
0
0
0
0
0
0
0
0
0
0
0
0
0
0
0
0
0
0
0
0
0
0
0
0
0
0
0
0
0
0
-0
-0
-0
-0
-0
-0
-0
-0
-0
-0
-0
-0
-0
-0
-0
-0
-0
-0
-0
-0
-0
-0
-0
-0
-0
-0
-0
-0
-0
-0
-0
-0
-0
-0
-0
-0
-0
-0
-0
-0
-0
-0
-0
-0
-0
-0
-0
-0
-0
-0
0
0
0
0
0
0
0
0
0
0
0
0
0
0
0
0
0
0
0
0
0
0
0
0
0
0
0
0
0
0
0
0
0
0
0
0
0
0
0
0
0
0
0
0
0
0
0
0
0
0
-0
-0
-0
-0
-0
-0
-0
-0
-0
-0
-0
-0
-0
-0
-0
-0
-0
-0
-0
-0
-0
-0
-0
-0
-0
-0
-0
-0
-0
-0
-0
-0
-0
-0
-0
-0
-0
-0
-0
-0
-0
-0
-0
-0
-0
-0
-0
-0
-0
-0
0
0
0
0
0
0
0
0
0
0
0
0
0
0
0
0
0
0
0
0
0
0
0
0
0
0
0
0
0
0
0
0
0
0
0
0
0
0
0
0
0
0
0
0
0
0
0
0
0
0
0
-0
-0
-0
-0
-0
-0
-0
-0
-0
-0
-0
-0
-0
-0
-0
-0
-0
-0
-0
-0
-0
-0
-0
-0
-0
-0
-0
-0
-0
-0
-0
-0
-0
-0
-0
-0
-0
-0
-0
-0
-0
-0
-0
-0
-0
-0
-0
-0
-0
-0
0
0
0
0
0
0
0
0
0
0
0
0
0
0
0
0
0
0
0
0
0
0
0
0
0
0
0
0
0
0
0
0
0
0
0
0
0
0
0
0
0
0
0
0
0
0
0
0
0
0
-0
-0
-0
-0
-0
-0
-0
-0
-0
-0
-0
-0
-0
-0
-0
-0
-0
-0
-0
-0
-0
-0
-0
-0
-0
-0
-0
-0
-0
-0
-0
-0
-0
-0
-0
-0
-0
-0
-0
-0
-0
-0
-0
-0
-0
-0
-0
-0
-0
-0
0
0
0
0
0
0
0
0
0
0
0
0
0
0
0
0
0
0
0
0
0
0
0
0
0
0
0
0
0
0
0
0
0
0
0
0
0
0
0
0
0
0
0
0
0
0
0
0
0
0
-0
-0
-0
-0
-0
-0
-0
-0
-0
-0
-0
-0
-0
-0
-0
-0
-0
-0
-0
-0
-0
-0
-0
-0
-0
-0
-0
-0
-0
-0
-0
-0
-0
-0
-0
-0
-0
-0
-0
-0
-0
-0
-0
-0
-0
-0
-0
-0
-0
-0
0
0
0
0
0
0
0
0
0
0
0
0
0
0
0
0
0
0
0
0
0
0
0
0
0
0
0
0
0
0
0
0
0
0
0
0
0
0
0
0
0
0
0
0
0
0
0
0
0
0
-0
-0
-0
-0
-0
-0
-0
-0
-0
-0
-0
-0
-0
-0
-0
-0
-0
-0
-0
-0
-0
-0
-0
-0
-0
-0
-0
-0
-0
-0
-0
-0
-0
-0
-0
-0
-0
-0
-0
-0
-0
-0
-0
-0
-0
-0
-0
-0
-0
-0
0
0
0
0
0
0
0
0
0
0
0
0
0
0
0
0
0
0
0
0
0
0
0
0
0
0
0
0
0
0
0
0
0
0
0
0
0
0
0
0
0
0
0
0
0
0
0
0
0
-0
-0
-0
-0
-0
-0
-0
-0
-0
-0
-0
-0
-0
-0
-0
-0
-0
-0
-0
-0
-0
-0
-0
-0
-0
-0
-0
-0
-0
-0
-0
-0
-0
-0
-0
-0
-0
-0
-0
-0
-0
-0
-0
-0
-0
-0
-0
-0
-0
-0
-0
0
0
0
0
0
0
0
0
0
0
0
0
0
0
0
0
0
0
0
0
0
0
0
0
0
0
0
0
0
0
0
0
0
0
0
0
0
0
0
0
0
0
0
0
0
0
0
0
0
0
-3.2965e-09
-1.316e-08
-2.9513e-08
-5.2225e-08
-8.1117e-08
-1.1596e-07
-1.5647e-07
-2.0234e-07
-2.5318e-07
-3.0859e-07
-3.6811e-07
-4.3126e-07
-4.9752e-07
-5.6633e-07
-6.371e-07
-7.0924e-07
-7.821e-07
-8.5506e-07
-9.2745e-07
-9.9861e-07
-1.0679e-06
-1.1345e-06
-1.198e-06
-1.2575e-06
-1.3125e-06
-1.3623e-06
-1.4063e-06
-1.444e-06
-1.4747e-06
-1.4979e-06
-1.5132e-06
-1.5201e-06
-1.5182e-06
-1.5071e-06
-1.4866e-06
-1.4563e-06
-1.416e-06
-1.3657e-06
-1.3051e-06
-1.2343e-06
-1.1534e-06
-1.0623e-06
-9.612e-07
-8.5037e-07
-7.3005e-07
-6.0059e-07
-4.6236e-07
-3.1584e-07
-1.6153e-07
-4.1158e-20
1.6812e-07
3.4216e-07
5.2139e-07
7.0504e-07
8.9229e-07
1.0823e-06
1.2741e-06
1.4669e-06
1.6597e-06
1.8515e-06
2.0414e-06
2.2282e-06
2.4111e-06
2.5889e-06
2.7608e-06
2.9256e-06
3.0824e-06
3.2302e-06
3.3681e-06
3.4951e-06
3.6104e-06
3.713e-06
3.8023e-06
3.8773e-06
3.9375e-06
3.9821e-06
4.0106e-06
4.0225e-06
4.0172e-06
3.9944e-06
3.9539e-06
3.8953e-06
3.8185e-06
3.7235e-06
3.6102e-06
3.4789e-06
3.3296e-06
3.1626e-06
2.9784e-06
2.7773e-06
2.5599e-06
2.3269e-06
2.0789e-06
1.8167e-06
1.5412e-06
1.2534e-06
9.5424e-07
6.4484e-07
3.2635e-07
-1.03e-20
-3.3295e-07
-6.7116e-07
-1.0133e-06
-1.3578e-06
-1.7035e-06
-2.0486e-06
-2.3918e-06
-2.7315e-06
-3.0663e-06
-3.3945e-06
-3.7146e-06
-4.0251e-06
-4.3246e-06
-4.6115e-06
-4.8844e-06
-5.142e-06
-5.3827e-06
-5.6054e-06
-5.8088e-06
-5.9917e-06
-6.1529e-06
-6.2915e-06
-6.4066e-06
-6.4972e-06
-6.5625e-06
-6.6019e-06
-6.6149e-06
-6.601e-06
-6.5597e-06
-6.491e-06
-6.3945e-06
-6.2705e-06
-6.1188e-06
-5.9398e-06
-5.7339e-06
-5.5015e-06
-5.2431e-06
-4.9595e-06
-4.6516e-06
-4.3202e-06
-3.9665e-06
-3.5915e-06
-3.1965e-06
-2.783e-06
-2.3524e-06
-1.9062e-06
-1.4461e-06
-9.7384e-07
-4.9118e-07
-6.9447e-20
4.9777e-07
1.0002e-06
1.5051e-06
2.0107e-06
2.5146e-06
3.0149e-06
3.5095e-06
3.9961e-06
4.4728e-06
4.9374e-06
5.3878e-06
5.8221e-06
6.2381e-06
6.6341e-06
7.0081e-06
7.3583e-06
7.683e-06
7.9806e-06
8.2494e-06
8.4882e-06
8.6955e-06
8.8701e-06
9.0109e-06
9.117e-06
9.1875e-06
9.2218e-06
9.2192e-06
9.1795e-06
9.1023e-06
8.9875e-06
8.8352e-06
8.6456e-06
8.4191e-06
8.1562e-06
7.8576e-06
7.5241e-06
7.1566e-06
6.7565e-06
6.3248e-06
5.8632e-06
5.373e-06
4.8561e-06
4.3142e-06
3.7493e-06
3.1636e-06
2.559e-06
1.938e-06
1.3028e-06
6.56e-07
-9.2635e-20
-6.626e-07
-1.3292e-06
-1.997e-06
-2.6635e-06
-3.3258e-06
-3.9813e-06
-4.6272e-06
-5.2608e-06
-5.8794e-06
-6.4803e-06
-7.0611e-06
-7.619e-06
-8.1517e-06
-8.6567e-06
-9.1318e-06
-9.5747e-06
-9.9833e-06
-1.0356e-05
-1.069e-05
-1.0985e-05
-1.1238e-05
-1.1449e-05
-1.1615e-05
-1.1737e-05
-1.1812e-05
-1.1842e-05
-1.1824e-05
-1.1758e-05
-1.1645e-05
-1.1484e-05
-1.1276e-05
-1.1021e-05
-1.0719e-05
-1.0373e-05
-9.9812e-06
-9.5467e-06
-9.0702e-06
-8.5534e-06
-7.9981e-06
-7.4061e-06
-6.7795e-06
-6.1207e-06
-5.4319e-06
-4.7157e-06
-3.9747e-06
-3.2118e-06
-2.4299e-06
-1.6318e-06
-8.2083e-07
-2.5701e-20
8.2742e-07
1.6582e-06
2.4889e-06
3.3163e-06
4.137e-06
4.9476e-06
5.7448e-06
6.5254e-06
7.2859e-06
8.0233e-06
8.7343e-06
9.4159e-06
1.0065e-05
1.0679e-05
1.1255e-05
1.1791e-05
1.2284e-05
1.2731e-05
1.3131e-05
1.3481e-05
1.3781e-05
1.4027e-05
1.4219e-05
1.4357e-05
1.4438e-05
1.4461e-05
1.4428e-05
1.4336e-05
1.4187e-05
1.3981e-05
1.3717e-05
1.3396e-05
1.302e-05
1.2589e-05
1.2105e-05
1.1569e-05
1.0984e-05
1.035e-05
9.6713e-06
8.949e-06
8.1861e-06
7.3853e-06
6.5495e-06
5.682e-06
4.7859e-06
3.8646e-06
2.9217e-06
1.9608e-06
9.8565e-07
-2.4701e-19
-9.9225e-07
-1.9872e-06
-2.9808e-06
-3.9691e-06
-4.9481e-06
-5.9139e-06
-6.8625e-06
-7.79e-06
-8.6925e-06
-9.5662e-06
-1.0408e-05
-1.1213e-05
-1.1979e-05
-1.2702e-05
-1.3379e-05
-1.4007e-05
-1.4584e-05
-1.5106e-05
-1.5571e-05
-1.5978e-05
-1.6323e-05
-1.6606e-05
-1.6824e-05
-1.6976e-05
-1.7062e-05
-1.7081e-05
-1.7032e-05
-1.6915e-05
-1.673e-05
-1.6477e-05
-1.6157e-05
-1.5771e-05
-1.532e-05
-1.4805e-05
-1.4229e-05
-1.3592e-05
-1.2897e-05
-1.2147e-05
-1.1345e-05
-1.0492e-05
-9.5926e-06
-8.6499e-06
-7.6672e-06
-6.6483e-06
-5.5971e-06
-4.5175e-06
-3.4136e-06
-2.2898e-06
-1.1505e-06
9.008e-20
1.1571e-06
2.3162e-06
3.4726e-06
4.6219e-06
5.7593e-06
6.8802e-06
7.9802e-06
9.0546e-06
1.0099e-05
1.1109e-05
1.2081e-05
1.301e-05
1.3892e-05
1.4725e-05
1.5503e-05
1.6224e-05
1.6884e-05
1.7481e-05
1.8012e-05
1.8474e-05
1.8866e-05
1.9184e-05
1.9428e-05
1.9596e-05
1.9687e-05
1.9701e-05
1.9636e-05
1.9493e-05
1.9272e-05
1.8974e-05
1.8598e-05
1.8146e-05
1.762e-05
1.7022e-05
1.6352e-05
1.5614e-05
1.4811e-05
1.3944e-05
1.3018e-05
1.2035e-05
1.0999e-05
9.9145e-06
8.7849e-06
7.6147e-06
6.4082e-06
5.1703e-06
3.9055e-06
2.6188e-06
1.3153e-06
1.2344e-19
-1.3219e-06
-2.6452e-06
-3.9645e-06
-5.2747e-06
-6.5705e-06
-7.8466e-06
-9.0978e-06
-1.0319e-05
-1.1506e-05
-1.2652e-05
-1.3754e-05
-1.4807e-05
-1.5806e-05
-1.6747e-05
-1.7626e-05
-1.844e-05
-1.9185e-05
-1.9856e-05
-2.0453e-05
-2.0971e-05
-2.1408e-05
-2.1763e-05
-2.2032e-05
-2.2216e-05
-2.2312e-05
-2.2321e-05
-2.2241e-05
-2.2072e-05
-2.1815e-05
-2.147e-05
-2.1039e-05
-2.0521e-05
-1.9921e-05
-1.9238e-05
-1.8476e-05
-1.7637e-05
-1.6724e-05
-1.5741e-05
-1.4691e-05
-1.3578e-05
-1.2406e-05
-1.1179e-05
-9.9026e-06
-8.581e-06
-7.2194e-06
-5.8231e-06
-4.3974e-06
-2.9478e-06
-1.4801e-06
2.779e-19
1.4867e-06
2.9742e-06
4.4564e-06
5.9275e-06
7.3816e-06
8.8129e-06
1.0216e-05
1.1584e-05
1.2912e-05
1.4195e-05
1.5427e-05
1.6604e-05
1.7719e-05
1.877e-05
1.975e-05
2.0656e-05
2.1485e-05
2.2232e-05
2.2893e-05
2.3467e-05
2.3951e-05
2.4341e-05
2.4637e-05
2.4836e-05
2.4937e-05
2.4941e-05
2.4845e-05
2.465e-05
2.4357e-05
2.3967e-05
2.3479e-05
2.2897e-05
2.2221e-05
2.1454e-05
2.06e-05
1.966e-05
1.8638e-05
1.7538e-05
1.6364e-05
1.5121e-05
1.3812e-05
1.2444e-05
1.102e-05
9.5473e-06
8.0306e-06
6.4759e-06
4.8892e-06
3.2768e-06
1.645e-06
-2.5731e-20
-1.6417e-06
-3.2703e-06
-4.8794e-06
-6.4628e-06
-8.0144e-06
-9.528e-06
-1.0998e-05
-1.2418e-05
-1.3784e-05
-1.509e-05
-1.6331e-05
-1.7502e-05
-1.86e-05
-1.9619e-05
-2.0557e-05
-2.141e-05
-2.2175e-05
-2.2849e-05
-2.343e-05
-2.3917e-05
-2.4307e-05
-2.4599e-05
-2.4793e-05
-2.4888e-05
-2.4885e-05
-2.4783e-05
-2.4585e-05
-2.429e-05
-2.39e-05
-2.3417e-05
-2.2845e-05
-2.2184e-05
-2.1439e-05
-2.0612e-05
-1.9708e-05
-1.8729e-05
-1.7681e-05
-1.6568e-05
-1.5394e-05
-1.4164e-05
-1.2884e-05
-1.1558e-05
-1.0193e-05
-8.7936e-06
-7.3654e-06
-5.9145e-06
-4.4466e-06
-2.9676e-06
-1.4834e-06
4.39e-19
1.4768e-06
2.9413e-06
4.3875e-06
5.81e-06
7.2032e-06
8.5617e-06
9.8802e-06
1.1154e-05
1.2378e-05
1.3547e-05
1.4658e-05
1.5705e-05
1.6686e-05
1.7597e-05
1.8433e-05
1.9194e-05
1.9875e-05
2.0474e-05
2.099e-05
2.142e-05
2.1764e-05
2.202e-05
2.2189e-05
2.2268e-05
2.226e-05
2.2164e-05
2.198e-05
2.1711e-05
2.1357e-05
2.0921e-05
2.0404e-05
1.9809e-05
1.9139e-05
1.8396e-05
1.7584e-05
1.6707e-05
1.5768e-05
1.4771e-05
1.3721e-05
1.2621e-05
1.1477e-05
1.0294e-05
9.0755e-06
7.8272e-06
6.5543e-06
5.2617e-06
3.9547e-06
2.6386e-06
1.3186e-06
-1.6428e-19
-1.312e-06
-2.6123e-06
-3.8957e-06
-5.1572e-06
-6.392e-06
-7.5953e-06
-8.7625e-06
-9.8892e-06
-1.0971e-05
-1.2004e-05
-1.2984e-05
-1.3908e-05
-1.4773e-05
-1.5574e-05
-1.631e-05
-1.6977e-05
-1.7574e-05
-1.8099e-05
-1.8549e-05
-1.8924e-05
-1.9222e-05
-1.9442e-05
-1.9584e-05
-1.9649e-05
-1.9635e-05
-1.9544e-05
-1.9376e-05
-1.9132e-05
-1.8815e-05
-1.8424e-05
-1.7963e-05
-1.7434e-05
-1.6838e-05
-1.6179e-05
-1.546e-05
-1.4684e-05
-1.3854e-05
-1.2974e-05
-1.2047e-05
-1.1078e-05
-1.0071e-05
-9.0293e-06
-7.9578e-06
-6.8609e-06
-5.7431e-06
-4.6088e-06
-3.4628e-06
-2.3096e-06
-1.1538e-06
-5.383e-20
1.1472e-06
2.2833e-06
3.4038e-06
4.5044e-06
5.5808e-06
6.629e-06
7.6449e-06
8.6246e-06
9.5645e-06
1.0461e-05
1.1311e-05
1.2111e-05
1.2859e-05
1.3551e-05
1.4186e-05
1.4761e-05
1.5274e-05
1.5724e-05
1.6108e-05
1.6427e-05
1.6679e-05
1.6863e-05
1.698e-05
1.7029e-05
1.701e-05
1.6924e-05
1.6772e-05
1.6554e-05
1.6272e-05
1.5928e-05
1.5523e-05
1.5059e-05
1.4538e-05
1.3963e-05
1.3337e-05
1.2661e-05
1.1941e-05
1.1177e-05
1.0374e-05
9.5353e-06
8.6643e-06
7.7647e-06
6.8401e-06
5.8946e-06
4.9319e-06
3.956e-06
2.9709e-06
1.9806e-06
9.8895e-07
-2.308e-19
-9.8236e-07
-1.9543e-06
-2.9119e-06
-3.8516e-06
-4.7697e-06
-5.6627e-06
-6.5272e-06
-7.36e-06
-8.158e-06
-8.9182e-06
-9.6379e-06
-1.0314e-05
-1.0945e-05
-1.1529e-05
-1.2062e-05
-1.2545e-05
-1.2974e-05
-1.3348e-05
-1.3668e-05
-1.3931e-05
-1.4136e-05
-1.4285e-05
-1.4376e-05
-1.4409e-05
-1.4385e-05
-1.4304e-05
-1.4167e-05
-1.3975e-05
-1.373e-05
-1.3431e-05
-1.3082e-05
-1.2683e-05
-1.2238e-05
-1.1747e-05
-1.1213e-05
-1.0639e-05
-1.0027e-05
-9.38e-06
-8.7008e-06
-7.9924e-06
-7.2578e-06
-6.5001e-06
-5.7225e-06
-4.9283e-06
-4.1207e-06
-3.3032e-06
-2.4791e-06
-1.6516e-06
-8.2413e-07
5.1278e-20
8.1753e-07
1.6253e-06
2.42e-06
3.1988e-06
3.9585e-06
4.6963e-06
5.4095e-06
6.0954e-06
6.7514e-06
7.3752e-06
7.9646e-06
8.5175e-06
9.0319e-06
9.5062e-06
9.9388e-06
1.0328e-05
1.0673e-05
1.0973e-05
1.1227e-05
1.1434e-05
1.1594e-05
1.1706e-05
1.1771e-05
1.1789e-05
1.176e-05
1.1684e-05
1.1563e-05
1.1397e-05
1.1187e-05
1.0935e-05
1.0641e-05
1.0308e-05
9.9373e-06
9.5304e-06
9.0893e-06
8.6163e-06
8.1134e-06
7.5831e-06
7.0276e-06
6.4495e-06
5.8512e-06
5.2355e-06
4.6048e-06
3.9619e-06
3.3096e-06
2.6504e-06
1.9872e-06
1.3226e-06
6.593e-07
-2.2529e-19
-6.5271e-07
-1.2963e-06
-1.9282e-06
-2.546e-06
-3.1473e-06
-3.73e-06
-4.2919e-06
-4.8308e-06
-5.3449e-06
-5.8323e-06
-6.2914e-06
-6.7205e-06
-7.1184e-06
-7.4836e-06
-7.8151e-06
-8.1119e-06
-8.3731e-06
-8.5981e-06
-8.7864e-06
-8.9376e-06
-9.0514e-06
-9.1279e-06
-9.1671e-06
-9.1694e-06
-9.135e-06
-9.0646e-06
-8.9588e-06
-8.8185e-06
-8.6446e-06
-8.4382e-06
-8.2006e-06
-7.9331e-06
-7.637e-06
-7.314e-06
-6.9656e-06
-6.5937e-06
-6.1999e-06
-5.7861e-06
-5.3544e-06
-4.9065e-06
-4.4447e-06
-3.9709e-06
-3.4871e-06
-2.9956e-06
-2.4984e-06
-1.9976e-06
-1.4953e-06
-9.9358e-07
-4.9448e-07
8.4351e-20
4.8788e-07
9.6726e-07
1.4363e-06
1.8932e-06
2.3362e-06
2.7637e-06
3.1742e-06
3.5662e-06
3.9383e-06
4.2894e-06
4.6181e-06
4.9236e-06
5.2048e-06
5.461e-06
5.6914e-06
5.8955e-06
6.0728e-06
6.2229e-06
6.3457e-06
6.441e-06
6.5089e-06
6.5494e-06
6.5628e-06
6.5496e-06
6.51e-06
6.4448e-06
6.3545e-06
6.24e-06
6.1021e-06
5.9417e-06
5.76e-06
5.5579e-06
5.3367e-06
5.0976e-06
4.842e-06
4.5711e-06
4.2863e-06
3.9892e-06
3.6811e-06
3.3636e-06
3.0381e-06
2.7063e-06
2.3695e-06
2.0293e-06
1.6872e-06
1.3448e-06
1.0034e-06
6.6458e-07
3.2965e-07
-1.2869e-23
-3.2306e-07
-6.3826e-07
-9.444e-07
-1.2403e-06
-1.525e-06
-1.7974e-06
-2.0565e-06
-2.3016e-06
-2.5318e-06
-2.7464e-06
-2.9449e-06
-3.1267e-06
-3.2913e-06
-3.4384e-06
-3.5678e-06
-3.6792e-06
-3.7725e-06
-3.8478e-06
-3.9051e-06
-3.9445e-06
-3.9663e-06
-3.9709e-06
-3.9585e-06
-3.9297e-06
-3.885e-06
-3.8249e-06
-3.7502e-06
-3.6615e-06
-3.5595e-06
-3.4452e-06
-3.3193e-06
-3.1827e-06
-3.0364e-06
-2.8813e-06
-2.7183e-06
-2.5485e-06
-2.3728e-06
-2.1923e-06
-2.0079e-06
-1.8207e-06
-1.6316e-06
-1.4416e-06
-1.2518e-06
-1.063e-06
-8.7606e-07
-6.9198e-07
-5.1155e-07
-3.3558e-07
-1.6483e-07
4.5388e-20
1.5823e-07
3.0926e-07
4.5253e-07
5.8753e-07
7.1383e-07
8.3104e-07
9.3884e-07
1.037e-06
1.1252e-06
1.2035e-06
1.2717e-06
1.3297e-06
1.3778e-06
1.4158e-06
1.4441e-06
1.4628e-06
1.4722e-06
1.4726e-06
1.4644e-06
1.448e-06
1.4238e-06
1.3924e-06
1.3542e-06
1.3099e-06
1.26e-06
1.2051e-06
1.1459e-06
1.083e-06
1.017e-06
9.4868e-07
8.7864e-07
8.0756e-07
7.361e-07
6.6491e-07
5.9463e-07
5.2588e-07
4.5925e-07
3.9533e-07
3.3465e-07
2.7773e-07
2.2505e-07
1.7704e-07
1.3412e-07
9.6633e-08
6.4894e-08
3.9169e-08
1.9675e-08
6.58e-09
0
0
-0
-0
-0
-0
-0
-0
-0
-0
-0
-0
-0
-0
-0
-0
-0
-0
-0
-0
-0
-0
-0
-0
-0
-0
-0
-0
-0
-0
-0
-0
-0
-0
-0
-0
-0
-0
-0
-0
-0
-0
-0
-0
-0
-0
-0
-0
-0
-0
-0
-0
0
0
0
0
0
0
0
0
0
0
0
0
0
0
0
0
0
0
0
0
0
0
0
0
0
0
0
0
0
0
0
0
0
0
0
0
0
0
0
0
0
0
0
0
0
0
0
0
0
0
-0
-0
-0
-0
-0
-0
-0
-0
-0
-0
-0
-0
-0
-0
-0
-0
-0
-0
-0
-0
-0
-0
-0
-0
-0
-0
-0
-0
-0
-0
-0
-0
-0
-0
-0
-0
-0
-0
-0
-0
-0
-0
-0
-0
-0
-0
-0
-0
-0
-0
0
0
0
0
0
0
0
0
0
0
0
0
0
0
0
0
0
0
0
0
0
0
0
0
0
0
0
0
0
0
0
0
0
0
0
0
0
0
0
0
0
0
0
0
0
0
0
0
0
0
-0
-0
-0
-0
-0
-0
-0
-0
-0
-0
-0
-0
-0
-0
-0
-0
-0
-0
-0
-0
-0
-0
-0
-0
-0
-0
-0
-0
-0
-0
-0
-0
-0
-0
-0
-0
-0
-0
-0
-0
-0
-0
-0
-0
-0
-0
-0
-0
-0
-0
0
0
0
0
0
0
0
0
0
0
0
0
0
0
0
0
0
0
0
0
0
0
0
0
0
0
0
0
0
0
0
0
0
0
0
0
0
0
0
0
0
0
0
0
0
0
0
0
0
0
-0
-0
-0
-0
-0
-0
-0
-0
-0
-0
-0
-0
-0
-0
-0
-0
-0
-0
-0
-0
-0
-0
-0
-0
-0
-0
-0
-0
-0
-0
-0
-0
-0
-0
-0
-0
-0
-0
-0
-0
-0
-0
-0
-0
-0
-0
-0
-0
-0
-0
0
0
0
0
0
0
0
0
0
0
0
0
0
0
0
0
0
0
0
0
0
0
0
0
0
0
0
0
0
0
0
0
0
0
0
0
0
0
0
0
0
0
0
0
0
0
0
0
0
0
-0
-0
-0
-0
-0
-0
-0
-0
-0
-0
-0
-0
-0
-0
-0
-0
-0
-0
-0
-0
-0
-0
-0
-0
-0
-0
-0
-0
-0
-0
-0
-0
-0
-0
-0
-0
-0
-0
-0
-0
-0
-0
-0
-0
-0
-0
-0
-0
-0
-0
0
0
0
0
0
0
0
0
0
0
0
0
0
0
0
0
0
0
0
0
0
0
0
0
0
0
0
0
0
0
0
0
0
0
0
0
0
0
0
0
0
0
0
0
0
0
0
0
0
0
-0
-0
-0
-0
-0
-0
-0
-0
-0
-0
-0
-0
-0
-0
-0
-0
-0
-0
-0
-0
-0
-0
-0
-0
-0
-0
-0
-0
-0
-0
-0
-0
-0
-0
-0
-0
-0
-0
-0
-0
-0
-0
-0
-0
-0
-0
-0
-0
-0
0
0
0
0
0
0
0
0
0
0
0
0
0
0
0
0
0
0
0
0
0
0
0
0
0
0
0
0
0
0
0
0
0
0
0
0
0
0
0
0
0
0
0
0
0
0
0
0
0
0
0
-0
-0
-0
-0
-0
-0
-0
-0
-0
-0
-0
-0
-0
-0
-0
-0
-0
-0
-0
-0
-0
-0
-0
-0
-0
-0
-0
-0
-0
-0
-0
-0
-0
-0
-0
-0
-0
-0
-0
-0
-0
-0
-0
-0
-0
-0
-0
-0
-0
-0
0
0
0
0
0
0
0
0
0
0
0
0
0
0
0
0
0
0
0
0
0
0
0
0
0
0
0
0
0
0
0
0
0
0
0
0
0
0
0
0
0
0
0
0
0
0
0
0
0
0
-0
-0
-0
-0
-0
-0
-0
-0
-0
-0
-0
-0
-0
-0
-0
-0
-0
-0
-0
-0
-0
-0
-0
-0
-0
-0
-0
-0
-0
-0
-0
-0
-0
-0
-0
-0
-0
-0
-0
-0
-0
-0
-0
-0
-0
-0
-0
-0
-0
-0
0
0
0
0
0
0
0
0
0
0
0
0
0
0
0
0
0
0
0
0
0
0
0
0
0
0
0
0
0
0
0
0
0
0
0
0
0
0
0
0
0
0
0
0
0
0
0
0
0
-0
-0
-0
-0
-0
-0
-0
-0
-0
-0
-0
-0
-0
-0
-0
-0
-0
-0
-0
-0
-0
-0
-0
-0
-0
-0
-0
-0
-0
-0
-0
-0
-0
-0
-0
-0
-0
-0
-0
-0
-0
-0
-0
-0
-0
-0
-0
-0
-0
-0
-0
0
0
0
0
0
0
0
0
0
0
0
0
0
0
0
0
0
0
0
0
0
0
0
0
0
0
0
0
0
0
0
0
0
0
0
0
0
0
0
0
0
0
0
0
0
0
0
0
0
0
-0
-0
-0
-0
-0
-0
-0
-0
-0
-0
-0
-0
-0
-0
-0
-0
-0
-0
-0
-0
-0
-0
-0
-0
-0
-0
-0
-0
-0
-0
-0
-0
-0
-0
-0
-0
-0
-0
-0
-0
-0
-0
-0
-0
-0
-0
-0
-0
-0
0
0
0
0
0
0
0
0
0
0
0
0
0
0
0
0
0
0
0
0
0
0
0
0
0
0
0
0
0
0
0
0
0
0
0
0
0
0
0
0
0
0
0
0
0
0
0
0
0
0
0
-0
-0
-0
-0
-0
-0
-0
-0
-0
-0
-0
-0
-0
-0
-0
-0
-0
-0
-0
-0
-0
-0
-0
-0
-0
-0
-0
-0
-0
-0
-0
-0
-0
-0
-0
-0
-0
-0
-0
-0
-0
-0
-0
-0
-0
-0
-0
-0
-0
-0
0
0
0
0
0
0
0
0
0
0
0
0
0
0
0
0
0
0
0
0
0
0
0
0
0
0
0
0
0
0
0
0
0
0
0
0
0
0
0
0
0
0
0
0
0
0
0
0
0
0
-0
-0
-0
-0
-0
-0
-0
-0
-0
-0
-0
-0
-0
-0
-0
-0
-0
-0
-0
-0
-0
-0
-0
-0
-0
-0
-0
-0
-0
-0
-0
-0
-0
-0
-0
-0
-0
-0
-0
-0
-0
-0
-0
-0
-0
-0
-0
-0
-0
0
0
0
0
0
0
0
0
0
0
0
0
0
0
0
0
0
0
0
0
0
0
0
0
0
0
0
0
0
0
0
0
0
0
0
0
0
0
0
0
0
0
0
0
0
0
0
0
0
0
-0
-0
-0
-0
-0
-0
-0
-0
-0
-0
-0
-0
-0
-0
-0
-0
-0
-0
-0
-0
-0
-0
-0
-0
-0
-0
-0
-0
-0
-0
-0
-0
-0
-0
-0
-0
-0
-0
-0
-0
-0
-0
-0
-0
-0
-0
-0
-0
-0
-0
-0
0
0
0
0
0
0
0
0
0
0
0
0
0
0
0
0
0
0
0
0
0
0
0
0
0
0
0
0
0
0
0
0
0
0
0
0
0
0
0
0
0
0
0
0
0
0
0
0
0
0
-0
-0
-0
-0
-0
-0
-0
-0
-0
-0
-0
-0
-0
-0
-0
-0
-0
-0
-0
-0
-0
-0
-0
-0
-0
-0
-0
-0
-0
-0
-0
-0
-0
-0
-0
-0
-0
-0
-0
-0
-0
-0
-0
-0
-0
-0
-0
-0
-0
0
0
0
0
0
0
0
0
0
0
0
0
0
0
0
0
0
0
0
0
0
0
0
0
0
0
0
0
0
0
0
0
0
0
0
0
0
0
0
0
0
0
0
0
0
0
0
0
0
0
-0
-0
-0
-0
-0
-0
-0
-0
-0
-0
-0
-0
-0
-0
-0
-0
-0
-0
-0
-0
-0
-0
-0
-0
-0
-0
-0
-0
-0
-0
-0
-0
-0
-0
-0
-0
-0
-0
-0
-0
-0
-0
-0
-0
-0
-0
-0
-0
-0
-0
0
0
0
0
0
0
0
0
0
0
0
0
0
0
0
0
0
0
0
0
0
0
0
0
0
0
0
0
0
0
0
0
0
0
0
0
0
0
0
0
0
0
0
0
0
0
0
0
0
0
0
-0
-0
-0
-0
-0
-0
-0
-0
-0
-0
-0
-0
-0
-0
-0
-0
-0
-0
-0
-0
-0
-0
-0
-0
-0
-0
-0
-0
-0
-0
-0
-0
-0
-0
-0
-0
-0
-0
-0
-0
-0
-0
-0
-0
-0
-0
-0
-0
-0
-0
0
0
0
0
0
0
0
0
0
0
0
0
0
0
0
0
0
0
0
0
0
0
0
0
0
0
0
0
0
0
0
0
0
0
0
0
0
0
0
0
0
0
0
0
0
0
0
0
0
-0
-0
-0
-0
-0
-0
-0
-0
-0
-0
-0
-0
-0
-0
-0
-0
-0
-0
-0
-0
-0
-0
-0
-0
-0
-0
-0
-0
-0
-0
-0
-0
-0
-0
-0
-0
-0
-0
-0
-0
-0
-0
-0
-0
-0
-0
-0
-0
-0
-0
0
0
0
0
0
0
0
0
0
0
0
0
0
0
0
0
0
0
0
0
0
0
0
0
0
0
0
0
0
0
0
0
0
0
0
0
0
0
0
0
0
0
0
0
0
0
0
0
0
0
-0
-0
-0
-0
-0
-0
-0
-0
-0
-0
-0
-0
-0
-0
-0
-0
-0
-0
-0
-0
-0
-0
-0
-0
-0
-0
-0
-0
-0
-0
-0
-0
-0
-0
-0
-0
-0
-0
-0
-0
-0
-0
-0
-0
-0
-0
-0
-0
-0
-0
-0
0
0
0
0
0
0
0
0
0
0
0
0
0
0
0
0
0
0
0
0
0
0
0
0
0
0
0
0
0
0
0
0
0
0
0
0
0
0
0
0
0
0
0
0
0
0
0
0
0
0
-0
-0
-0
-0
-0
-0
-0
-0
-0
-0
-0
-0
-0
-0
-0
-0
-0
-0
-0
-0
-0
-0
-0
-0
-0
-0
-0
-0
-0
-0
-0
-0
-0
-0
-0
-0
-0
-0
-0
-0
-0
-0
-0
-0
-0
-0
-0
-0
-0
0
0
0
0
0
0
0
0
0
0
0
0
0
0
0
0
0
0
0
0
0
0
0
0
0
0
0
0
0
0
0
0
0
0
0
0
0
0
0
0
0
0
0
0
0
0
0
0
0
0
-0
-0
-0
-0
-0
-0
-0
-0
-0
-0
-0
-0
-0
-0
-0
-0
-0
-0
-0
-0
-0
-0
-0
-0
-0
-0
-0
-0
-0
-0
-0
-0
-0
-0
-0
-0
-0
-0
-0
-0
-0
-0
-0
-0
-0
-0
-0
-0
-0
-0
0
0
0
0
0
0
0
0
0
0
0
0
0
0
0
0
0
0
0
0
0
0
0
0
0
0
0
0
0
0
0
0
0
0
0
0
0
0
0
0
0
0
0
0
0
0
0
0
0
0
-0
-0
-0
-0
-0
-0
-0
-0
-0
-0
-0
-0
-0
-0
-0
-0
-0
-0
-0
-0
-0
-0
-0
-0
-0
-0
-0
-0
-0
-0
-0
-0
-0
-0
-0
-0
-0
-0
-0
-0
-0
-0
-0
-0
-0
-0
-0
-0
-0
-0
-0
0
0
0
0
0
0
0
0
0
0
0
0
0
0
0
0
0
0
0
0
0
0
0
0
0
0
0
0
0
0
0
0
0
0
0
0
0
0
0
0
0
0
0
0
0
0
0
0
0
0
-0
-0
-0
-0
-0
-0
-0
-0
-0
-0
-0
-0
-0
-0
-0
-0
-0
-0
-0
-0
-0
-0
-0
-0
-0
-0
-0
-0
-0
-0
-0
-0
-0
-0
-0
-0
-0
-0
-0
-0
-0
-0
-0
-0
-0
-0
-0
-0
-0
-0
0
0
0
0
0
0
0
0
0
0
0
0
0
0
0
0
0
0
0
0
0
0
0
0
0
0
0
0
0
0
0
0
0
0
0
0
0
0
0
0
0
0
0
0
0
0
0
0
0
-0
-0
-0
-0
-0
-0
-0
-0
-0
-0
-0
-0
-0
-0
-0
-0
-0
-0
-0
-0
-0
-0
-0
-0
-0
-0
-0
-0
-0
-0
-0
-0
-0
-0
-0
-0
-0
-0
-0
-0
-0
-0
-0
-0
-0
-0
-0
-0
-0
-0
0
0
0
0
0
0
0
0
0
0
0
0
0
0
0
0
0
0
0
0
0
0
0
0
0
0
0
0
0
0
0
0
0
0
0
0
0
0
0
0
0
0
0
0
0
0
0
0
0
0
0
-0
-0
-0
-0
-0
-0
-0
-0
-0
-0
-0
-0
-0
-0
-0
-0
-0
-0
-0
-0
-0
-0
-0
-0
-0
-0
-0
-0
-0
-0
-0
-0
-0
-0
-0
-0
-0
-0
-0
-0
-0
-0
-0
-0
-0
-0
-0
-0
-0
-0
0
0
0
0
0
0
0
0
0
0
0
0
0
0
0
0
0
0
0
0
0
0
0
0
0
0
0
0
0
0
0
0
0
0
0
0
0
0
0
0
0
0
0
0
0
0
0
0
0
0
-0
-0
-0
-0
-0
-0
-0
-0
-0
-0
-0
-0
-0
-0
-0
-0
-0
-0
-0
-0
-0
-0
-0
-0
-0
-0
-0
-0
-0
-0
-0
-0
-0
-0
-0
-0
-0
-0
-0
-0
-0
-0
-0
-0
-0
-0
-0
-0
-0
0
0
0
0
0
0
0
0
0
0
0
0
0
0
0
0
0
0
0
0
0
0
0
0
0
0
0
0
0
0
0
0
0
0
0
0
0
0
0
0
0
0
0
0
0
0
0
0
0
0
-0
-0
-0
-0
-0
-0
-0
-0
-0
-0
-0
-0
-0
-0
-0
-0
-0
-0
-0
-0
-0
-0
-0
-0
-0
-0
-0
-0
-0
-0
-0
-0
-0
-0
-0
-0
-0
-0
-0
-0
-0
-0
-0
-0
-0
-0
-0
-0
-0
-0
-0
0
0
0
0
0
0
0
0
0
0
0
0
0
0
0
0
0
0
0
0
0
0
0
0
0
0
0
0
0
0
0
0
0
0
0
0
0
0
0
0
0
0
0
0
0
0
0
0
0
0
-0
-0
-0
-0
-0
-0
-0
-0
-0
-0
-0
-0
-0
-0
-0
-0
-0
-0
-0
-0
-0
-0
-0
-0
-0
-0
-0
-0
-0
-0
-0
-0
-0
-0
-0
-0
-0
-0
-0
-0
-0
-0
-0
-0
-0
-0
-0
-0
-0
-0
0
0
0
0
0
0
0
0
0
0
0
0
0
0
0
0
0
0
0
0
0
0
0
0
0
0
0
0
0
0
0
0
0
0
0
0
0
0
0
0
0
0
0
0
0
0
0
0
0
-0
-0
-0
-0
-0
-0
-0
-0
-0
-0
-0
-0
-0
-0
-0
-0
-0
-0
-0
-0
-0
-0
-0
-0
-0
-0
-0
-0
-0
-0
-0
-0
-0
-0
-0
-0
-0
-0
-0
-0
-0
-0
-0
-0
-0
-0
-0
-0
-0
-0
0
0
0
0
0
0
0
0
0
0
0
0
0
0
0
0
0
0
0
0
0
0
0
0
0
0
0
0
0
0
0
0
0
0
0
0
0
0
0
0
0
0
0
0
0
0
0
0
0
0
-0
-3.2965e-09
-1.316e-08
-2.9513e-08
-5.2225e-08
-8.1117e-08
-1.1596e-07
-1.5647e-07
-2.0234e-07
-2.5318e-07
-3.0859e-07
-3.6811e-07
-4.3126e-07
-4.9752e-07
-5.6633e-07
-6.371e-07
-7.0924e-07
-7.821e-07
-8.5506e-07
-9.2745e-07
-9.9861e-07
-1.0679e-06
-1.1345e-06
-1.198e-06
-1.2575e-06
-1.3125e-06
-1.3623e-06
-1.4063e-06
-1.444e-06
-1.4747e-06
-1.4979e-06
-1.5132e-06
-1.5201e-06
-1.5182e-06
-1.5071e-06
-1.4866e-06
-1.4563e-06
-1.416e-06
-1.3657e-06
-1.3051e-06
-1.2343e-06
-1.1534e-06
-1.0623e-06
-9.612e-07
-8.5037e-07
-7.3005e-07
-6.0059e-07
-4.6236e-07
-3.1584e-07
-1.6153e-07
-2.8286e-20
1.6812e-07
3.4216e-07
5.2139e-07
7.0504e-07
8.9229e-07
1.0823e-06
1.2741e-06
1.4669e-06
1.6597e-06
1.8515e-06
2.0414e-06
2.2282e-06
2.4111e-06
2.5889e-06
2.7608e-06
2.9256e-06
3.0824e-06
3.2302e-06
3.3681e-06
3.4951e-06
3.6104e-06
3.713e-06
3.8023e-06
3.8773e-06
3.9375e-06
3.9821e-06
4.0106e-06
4.0225e-06
4.0172e-06
3.9944e-06
3.9539e-06
3.8953e-06
3.8185e-06
3.7235e-06
3.6102e-06
3.4789e-06
3.3296e-06
3.1626e-06
2.9784e-06
2.7773e-06
2.5599e-06
2.3269e-06
2.0789e-06
1.8167e-06
1.5412e-06
1.2534e-06
9.5424e-07
6.4484e-07
3.2635e-07
-1.8526e-19
-3.3295e-07
-6.7116e-07
-1.0133e-06
-1.3578e-06
-1.7035e-06
-2.0486e-06
-2.3918e-06
-2.7315e-06
-3.0663e-06
-3.3945e-06
-3.7146e-06
-4.0251e-06
-4.3246e-06
-4.6115e-06
-4.8844e-06
-5.142e-06
-5.3827e-06
-5.6054e-06
-5.8088e-06
-5.9917e-06
-6.1529e-06
-6.2915e-06
-6.4066e-06
-6.4972e-06
-6.5625e-06
-6.6019e-06
-6.6149e-06
-6.601e-06
-6.5597e-06
-6.491e-06
-6.3945e-06
-6.2705e-06
-6.1188e-06
-5.9398e-06
-5.7339e-06
-5.5015e-06
-5.2431e-06
-4.9595e-06
-4.6516e-06
-4.3202e-06
-3.9665e-06
-3.5915e-06
-3.1965e-06
-2.783e-06
-2.3524e-06
-1.9062e-06
-1.4461e-06
-9.7384e-07
-4.9118e-07
1.9299e-19
4.9777e-07
1.0002e-06
1.5051e-06
2.0107e-06
2.5146e-06
3.0149e-06
3.5095e-06
3.9961e-06
4.4728e-06
4.9374e-06
5.3878e-06
5.8221e-06
6.2381e-06
6.6341e-06
7.0081e-06
7.3583e-06
7.683e-06
7.9806e-06
8.2494e-06
8.4882e-06
8.6955e-06
8.8701e-06
9.0109e-06
9.117e-06
9.1875e-06
9.2218e-06
9.2192e-06
9.1795e-06
9.1023e-06
8.9875e-06
8.8352e-06
8.6456e-06
8.4191e-06
8.1562e-06
7.8576e-06
7.5241e-06
7.1566e-06
6.7565e-06
6.3248e-06
5.8632e-06
5.373e-06
4.8561e-06
4.3142e-06
3.7493e-06
3.1636e-06
2.559e-06
1.938e-06
1.3028e-06
6.56e-07
4.5273e-19
-6.626e-07
-1.3292e-06
-1.997e-06
-2.6635e-06
-3.3258e-06
-3.9813e-06
-4.6272e-06
-5.2608e-06
-5.8794e-06
-6.4803e-06
-7.0611e-06
-7.619e-06
-8.1517e-06
-8.6567e-06
-9.1318e-06
-9.5747e-06
-9.9833e-06
-1.0356e-05
-1.069e-05
-1.0985e-05
-1.1238e-05
-1.1449e-05
-1.1615e-05
-1.1737e-05
-1.1812e-05
-1.1842e-05
-1.1824e-05
-1.1758e-05
-1.1645e-05
-1.1484e-05
-1.1276e-05
-1.1021e-05
-1.0719e-05
-1.0373e-05
-9.9812e-06
-9.5467e-06
-9.0702e-06
-8.5534e-06
-7.9981e-06
-7.4061e-06
-6.7795e-06
-6.1207e-06
-5.4319e-06
-4.7157e-06
-3.9747e-06
-3.2118e-06
-2.4299e-06
-1.6318e-06
-8.2083e-07
-7.0741e-19
8.2742e-07
1.6582e-06
2.4889e-06
3.3163e-06
4.137e-06
4.9476e-06
5.7448e-06
6.5254e-06
7.2859e-06
8.0233e-06
8.7343e-06
9.4159e-06
1.0065e-05
1.0679e-05
1.1255e-05
1.1791e-05
1.2284e-05
1.2731e-05
1.3131e-05
1.3481e-05
1.3781e-05
1.4027e-05
1.4219e-05
1.4357e-05
1.4438e-05
1.4461e-05
1.4428e-05
1.4336e-05
1.4187e-05
1.3981e-05
1.3717e-05
1.3396e-05
1.302e-05
1.2589e-05
1.2105e-05
1.1569e-05
1.0984e-05
1.035e-05
9.6713e-06
8.949e-06
8.1861e-06
7.3853e-06
6.5495e-06
5.682e-06
4.7859e-06
3.8646e-06
2.9217e-06
1.9608e-06
9.8565e-07
1.0187e-18
-9.9225e-07
-1.9872e-06
-2.9808e-06
-3.9691e-06
-4.9481e-06
-5.9139e-06
-6.8625e-06
-7.79e-06
-8.6925e-06
-9.5662e-06
-1.0408e-05
-1.1213e-05
-1.1979e-05
-1.2702e-05
-1.3379e-05
-1.4007e-05
-1.4584e-05
-1.5106e-05
-1.5571e-05
-1.5978e-05
-1.6323e-05
-1.6606e-05
-1.6824e-05
-1.6976e-05
-1.7062e-05
-1.7081e-05
-1.7032e-05
-1.6915e-05
-1.673e-05
-1.6477e-05
-1.6157e-05
-1.5771e-05
-1.532e-05
-1.4805e-05
-1.4229e-05
-1.3592e-05
-1.2897e-05
-1.2147e-05
-1.1345e-05
-1.0492e-05
-9.5926e-06
-8.6499e-06
-7.6672e-06
-6.6483e-06
-5.5971e-06
-4.5175e-06
-3.4136e-06
-2.2898e-06
-1.1505e-06
-3.4207e-19
1.1571e-06
2.3162e-06
3.4726e-06
4.6219e-06
5.7593e-06
6.8802e-06
7.9802e-06
9.0546e-06
1.0099e-05
1.1109e-05
1.2081e-05
1.301e-05
1.3892e-05
1.4725e-05
1.5503e-05
1.6224e-05
1.6884e-05
1.7481e-05
1.8012e-05
1.8474e-05
1.8866e-05
1.9184e-05
1.9428e-05
1.9596e-05
1.9687e-05
1.9701e-05
1.9636e-05
1.9493e-05
1.9272e-05
1.8974e-05
1.8598e-05
1.8146e-05
1.762e-05
1.7022e-05
1.6352e-05
1.5614e-05
1.4811e-05
1.3944e-05
1.3018e-05
1.2035e-05
1.0999e-05
9.9145e-06
8.7849e-06
7.6147e-06
6.4082e-06
5.1703e-06
3.9055e-06
2.6188e-06
1.3153e-06
1.811e-18
-1.3219e-06
-2.6452e-06
-3.9645e-06
-5.2747e-06
-6.5705e-06
-7.8466e-06
-9.0978e-06
-1.0319e-05
-1.1506e-05
-1.2652e-05
-1.3754e-05
-1.4807e-05
-1.5806e-05
-1.6747e-05
-1.7626e-05
-1.844e-05
-1.9185e-05
-1.9856e-05
-2.0453e-05
-2.0971e-05
-2.1408e-05
-2.1763e-05
-2.2032e-05
-2.2216e-05
-2.2312e-05
-2.2321e-05
-2.2241e-05
-2.2072e-05
-2.1815e-05
-2.147e-05
-2.1039e-05
-2.0521e-05
-1.9921e-05
-1.9238e-05
-1.8476e-05
-1.7637e-05
-1.6724e-05
-1.5741e-05
-1.4691e-05
-1.3578e-05
-1.2406e-05
-1.1179e-05
-9.9026e-06
-8.581e-06
-7.2194e-06
-5.8231e-06
-4.3974e-06
-2.9478e-06
-1.4801e-06
-9.4918e-19
1.4867e-06
2.9742e-06
4.4564e-06
5.9275e-06
7.3816e-06
8.8129e-06
1.0216e-05
1.1584e-05
1.2912e-05
1.4195e-05
1.5427e-05
1.6604e-05
1.7719e-05
1.877e-05
1.975e-05
2.0656e-05
2.1485e-05
2.2232e-05
2.2893e-05
2.3467e-05
2.3951e-05
2.4341e-05
2.4637e-05
2.4836e-05
2.4937e-05
2.4941e-05
2.4845e-05
2.465e-05
2.4357e-05
2.3967e-05
2.3479e-05
2.2897e-05
2.2221e-05
2.1454e-05
2.06e-05
1.966e-05
1.8638e-05
1.7538e-05
1.6364e-05
1.5121e-05
1.3812e-05
1.2444e-05
1.102e-05
9.5473e-06
8.0306e-06
6.4759e-06
4.8892e-06
3.2768e-06
1.645e-06
1.335e-18
-1.6417e-06
-3.2703e-06
-4.8794e-06
-6.4628e-06
-8.0144e-06
-9.528e-06
-1.0998e-05
-1.2418e-05
-1.3784e-05
-1.509e-05
-1.6331e-05
-1.7502e-05
-1.86e-05
-1.9619e-05
-2.0557e-05
-2.141e-05
-2.2175e-05
-2.2849e-05
-2.343e-05
-2.3917e-05
-2.4307e-05
-2.4599e-05
-2.4793e-05
-2.4888e-05
-2.4885e-05
-2.4783e-05
-2.4585e-05
-2.429e-05
-2.39e-05
-2.3417e-05
-2.2845e-05
-2.2184e-05
-2.1439e-05
-2.0612e-05
-1.9708e-05
-1.8729e-05
-1.7681e-05
-1.6568e-05
-1.5394e-05
-1.4164e-05
-1.2884e-05
-1.1558e-05
-1.0193e-05
-8.7936e-06
-7.3654e-06
-5.9145e-06
-4.4466e-06
-2.9676e-06
-1.4834e-06
-1.4553e-18
1.4768e-06
2.9413e-06
4.3875e-06
5.81e-06
7.2032e-06
8.5617e-06
9.8802e-06
1.1154e-05
1.2378e-05
1.3547e-05
1.4658e-05
1.5705e-05
1.6686e-05
1.7597e-05
1.8433e-05
1.9194e-05
1.9875e-05
2.0474e-05
2.099e-05
2.142e-05
2.1764e-05
2.202e-05
2.2189e-05
2.2268e-05
2.226e-05
2.2164e-05
2.198e-05
2.1711e-05
2.1357e-05
2.0921e-05
2.0404e-05
1.9809e-05
1.9139e-05
1.8396e-05
1.7584e-05
1.6707e-05
1.5768e-05
1.4771e-05
1.3721e-05
1.2621e-05
1.1477e-05
1.0294e-05
9.0755e-06
7.8272e-06
6.5543e-06
5.2617e-06
3.9547e-06
2.6386e-06
1.3186e-06
3.2836e-19
-1.312e-06
-2.6123e-06
-3.8957e-06
-5.1572e-06
-6.392e-06
-7.5953e-06
-8.7625e-06
-9.8892e-06
-1.0971e-05
-1.2004e-05
-1.2984e-05
-1.3908e-05
-1.4773e-05
-1.5574e-05
-1.631e-05
-1.6977e-05
-1.7574e-05
-1.8099e-05
-1.8549e-05
-1.8924e-05
-1.9222e-05
-1.9442e-05
-1.9584e-05
-1.9649e-05
-1.9635e-05
-1.9544e-05
-1.9376e-05
-1.9132e-05
-1.8815e-05
-1.8424e-05
-1.7963e-05
-1.7434e-05
-1.6838e-05
-1.6179e-05
-1.546e-05
-1.4684e-05
-1.3854e-05
-1.2974e-05
-1.2047e-05
-1.1078e-05
-1.0071e-05
-9.0293e-06
-7.9578e-06
-6.8609e-06
-5.7431e-06
-4.6088e-06
-3.4628e-06
-2.3096e-06
-1.1538e-06
-1.5263e-18
1.1472e-06
2.2833e-06
3.4038e-06
4.5044e-06
5.5808e-06
6.629e-06
7.6449e-06
8.6246e-06
9.5645e-06
1.0461e-05
1.1311e-05
1.2111e-05
1.2859e-05
1.3551e-05
1.4186e-05
1.4761e-05
1.5274e-05
1.5724e-05
1.6108e-05
1.6427e-05
1.6679e-05
1.6863e-05
1.698e-05
1.7029e-05
1.701e-05
1.6924e-05
1.6772e-05
1.6554e-05
1.6272e-05
1.5928e-05
1.5523e-05
1.5059e-05
1.4538e-05
1.3963e-05
1.3337e-05
1.2661e-05
1.1941e-05
1.1177e-05
1.0374e-05
9.5353e-06
8.6643e-06
7.7647e-06
6.8401e-06
5.8946e-06
4.9319e-06
3.956e-06
2.9709e-06
1.9806e-06
9.8895e-07
5.8452e-19
-9.8236e-07
-1.9543e-06
-2.9119e-06
-3.8516e-06
-4.7697e-06
-5.6627e-06
-6.5272e-06
-7.36e-06
-8.158e-06
-8.9182e-06
-9.6379e-06
-1.0314e-05
-1.0945e-05
-1.1529e-05
-1.2062e-05
-1.2545e-05
-1.2974e-05
-1.3348e-05
-1.3668e-05
-1.3931e-05
-1.4136e-05
-1.4285e-05
-1.4376e-05
-1.4409e-05
-1.4385e-05
-1.4304e-05
-1.4167e-05
-1.3975e-05
-1.373e-05
-1.3431e-05
-1.3082e-05
-1.2683e-05
-1.2238e-05
-1.1747e-05
-1.1213e-05
-1.0639e-05
-1.0027e-05
-9.38e-06
-8.7008e-06
-7.9924e-06
-7.2578e-06
-6.5001e-06
-5.7225e-06
-4.9283e-06
-4.1207e-06
-3.3032e-06
-2.4791e-06
-1.6516e-06
-8.2413e-07
-6.2771e-19
8.1753e-07
1.6253e-06
2.42e-06
3.1988e-06
3.9585e-06
4.6963e-06
5.4095e-06
6.0954e-06
6.7514e-06
7.3752e-06
7.9646e-06
8.5175e-06
9.0319e-06
9.5062e-06
9.9388e-06
1.0328e-05
1.0673e-05
1.0973e-05
1.1227e-05
1.1434e-05
1.1594e-05
1.1706e-05
1.1771e-05
1.1789e-05
1.176e-05
1.1684e-05
1.1563e-05
1.1397e-05
1.1187e-05
1.0935e-05
1.0641e-05
1.0308e-05
9.9373e-06
9.5304e-06
9.0893e-06
8.6163e-06
8.1134e-06
7.5831e-06
7.0276e-06
6.4495e-06
5.8512e-06
5.2355e-06
4.6048e-06
3.9619e-06
3.3096e-06
2.6504e-06
1.9872e-06
1.3226e-06
6.593e-07
6.1429e-19
-6.5271e-07
-1.2963e-06
-1.9282e-06
-2.546e-06
-3.1473e-06
-3.73e-06
-4.2919e-06
-4.8308e-06
-5.3449e-06
-5.8323e-06
-6.2914e-06
-6.7205e-06
-7.1184e-06
-7.4836e-06
-7.8151e-06
-8.1119e-06
-8.3731e-06
-8.5981e-06
-8.7864e-06
-8.9376e-06
-9.0514e-06
-9.1279e-06
-9.1671e-06
-9.1694e-06
-9.135e-06
-9.0646e-06
-8.9588e-06
-8.8185e-06
-8.6446e-06
-8.4382e-06
-8.2006e-06
-7.9331e-06
-7.637e-06
-7.314e-06
-6.9656e-06
-6.5937e-06
-6.1999e-06
-5.7861e-06
-5.3544e-06
-4.9065e-06
-4.4447e-06
-3.9709e-06
-3.4871e-06
-2.9956e-06
-2.4984e-06
-1.9976e-06
-1.4953e-06
-9.9358e-07
-4.9448e-07
-9.962e-20
4.8788e-07
9.6726e-07
1.4363e-06
1.8932e-06
2.3362e-06
2.7637e-06
3.1742e-06
3.5662e-06
3.9383e-06
4.2894e-06
4.6181e-06
4.9236e-06
5.2048e-06
5.461e-06
5.6914e-06
5.8955e-06
6.0728e-06
6.2229e-06
6.3457e-06
6.441e-06
6.5089e-06
6.5494e-06
6.5628e-06
6.5496e-06
6.51e-06
6.4448e-06
6.3545e-06
6.24e-06
6.1021e-06
5.9417e-06
5.76e-06
5.5579e-06
5.3367e-06
5.0976e-06
4.842e-06
4.5711e-06
4.2863e-06
3.9892e-06
3.6811e-06
3.3636e-06
3.0381e-06
2.7063e-06
2.3695e-06
2.0293e-06
1.6872e-06
1.3448e-06
1.0034e-06
6.6458e-07
3.2965e-07
4.1767e-19
-3.2306e-07
-6.3826e-07
-9.444e-07
-1.2403e-06
-1.525e-06
-1.7974e-06
-2.0565e-06
-2.3016e-06
-2.5318e-06
-2.7464e-06
-2.9449e-06
-3.1267e-06
-3.2913e-06
-3.4384e-06
-3.5678e-06
-3.6792e-06
-3.7725e-06
-3.8478e-06
-3.9051e-06
-3.9445e-06
-3.9663e-06
-3.9709e-06
-3.9585e-06
-3.9297e-06
-3.885e-06
-3.8249e-06
-3.7502e-06
-3.6615e-06
-3.5595e-06
-3.4452e-06
-3.3193e-06
-3.1827e-06
-3.0364e-06
-2.8813e-06
-2.7183e-06
-2.5485e-06
-2.3728e-06
-2.1923e-06
-2.0079e-06
-1.8207e-06
-1.6316e-06
-1.4416e-06
-1.2518e-06
-1.063e-06
-8.7606e-07
-6.9198e-07
-5.1155e-07
-3.3558e-07
-1.6483e-07
-8.8227e-20
1.5823e-07
3.0926e-07
4.5253e-07
5.8753e-07
7.1383e-07
8.3104e-07
9.3884e-07
1.037e-06
1.1252e-06
1.2035e-06
1.2717e-06
1.3297e-06
1.3778e-06
1.4158e-06
1.4441e-06
1.4628e-06
1.4722e-06
1.4726e-06
1.4644e-06
1.448e-06
1.4238e-06
1.3924e-06
1.3542e-06
1.3099e-06
1.26e-06
1.2051e-06
1.1459e-06
1.083e-06
1.017e-06
9.4868e-07
8.7864e-07
8.0756e-07
7.361e-07
6.6491e-07
5.9463e-07
5.2588e-07
4.5925e-07
3.9533e-07
3.3465e-07
2.7773e-07
2.2505e-07
1.7704e-07
1.3412e-07
9.6633e-08
6.4894e-08
3.9169e-08
1.9675e-08
6.58e-09
0
0
-0
-0
-0
-0
-0
-0
-0
-0
-0
-0
-0
-0
-0
-0
-0
-0
-0
-0
-0
-0
-0
-0
-0
-0
-0
-0
-0
-0
-0
-0
-0
-0
-0
-0
-0
-0
-0
-0
-0
-0
-0
-0
-0
-0
-0
-0
-0
-0
-0
-0
0
0
0
0
0
0
0
0
0
0
0
0
0
0
0
0
0
0
0
0
0
0
0
0
0
0
0
0
0
0
0
0
0
0
0
0
0
0
0
0
0
0
0
0
0
0
0
0
0
0
-0
-0
-0
-0
-0
-0
-0
-0
-0
-0
-0
-0
-0
-0
-0
-0
-0
-0
-0
-0
-0
-0
-0
-0
-0
-0
-0
-0
-0
-0
-0
-0
-0
-0
-0
-0
-0
-0
-0
-0
-0
-0
-0
-0
-0
-0
-0
-0
-0
-0
0
0
0
0
0
0
0
0
0
0
0
0
0
0
0
0
0
0
0
0
0
0
0
0
0
0
0
0
0
0
0
0
0
0
0
0
0
0
0
0
0
0
0
0
0
0
0
0
0
0
-0
-0
-0
-0
-0
-0
-0
-0
-0
-0
-0
-0
-0
-0
-0
-0
-0
-0
-0
-0
-0
-0
-0
-0
-0
-0
-0
-0
-0
-0
-0
-0
-0
-0
-0
-0
-0
-0
-0
-0
-0
-0
-0
-0
-0
-0
-0
-0
-0
-0
0
0
0
0
0
0
0
0
0
0
0
0
0
0
0
0
0
0
0
0
0
0
0
0
0
0
0
0
0
0
0
0
0
0
0
0
0
0
0
0
0
0
0
0
0
0
0
0
0
0
-0
-0
-0
-0
-0
-0
-0
-0
-0
-0
-0
-0
-0
-0
-0
-0
-0
-0
-0
-0
-0
-0
-0
-0
-0
-0
-0
-0
-0
-0
-0
-0
-0
-0
-0
-0
-0
-0
-0
-0
-0
-0
-0
-0
-0
-0
-0
-0
-0
-0
0
0
0
0
0
0
0
0
0
0
0
0
0
0
0
0
0
0
0
0
0
0
0
0
0
0
0
0
0
0
0
0
0
0
0
0
0
0
0
0
0
0
0
0
0
0
0
0
0
0
-0
-0
-0
-0
-0
-0
-0
-0
-0
-0
-0
-0
-0
-0
-0
-0
-0
-0
-0
-0
-0
-0
-0
-0
-0
-0
-0
-0
-0
-0
-0
-0
-0
-0
-0
-0
-0
-0
-0
-0
-0
-0
-0
-0
-0
-0
-0
-0
-0
-0
0
0
0
0
0
0
0
0
0
0
0
0
0
0
0
0
0
0
0
0
0
0
0
0
0
0
0
0
0
0
0
0
0
0
0
0
0
0
0
0
0
0
0
0
0
0
0
0
0
0
-0
-0
-0
-0
-0
-0
-0
-0
-0
-0
-0
-0
-0
-0
-0
-0
-0
-0
-0
-0
-0
-0
-0
-0
-0
-0
-0
-0
-0
-0
-0
-0
-0
-0
-0
-0
-0
-0
-0
-0
-0
-0
-0
-0
-0
-0
-0
-0
-0
-0
0
0
0
0
0
0
0
0
0
0
0
0
0
0
0
0
0
0
0
0
0
0
0
0
0
0
0
0
0
0
0
0
0
0
0
0
0
0
0
0
0
0
0
0
0
0
0
0
0
0
-0
-0
-0
-0
-0
-0
-0
-0
-0
-0
-0
-0
-0
-0
-0
-0
-0
-0
-0
-0
-0
-0
-0
-0
-0
-0
-0
-0
-0
-0
-0
-0
-0
-0
-0
-0
-0
-0
-0
-0
-0
-0
-0
-0
-0
-0
-0
-0
-0
-0
0
0
0
0
0
0
0
0
0
0
0
0
0
0
0
0
0
0
0
0
0
0
0
0
0
0
0
0
0
0
0
0
0
0
0
0
0
0
0
0
0
0
0
0
0
0
0
0
0
0
-0
-0
-0
-0
-0
-0
-0
-0
-0
-0
-0
-0
-0
-0
-0
-0
-0
-0
-0
-0
-0
-0
-0
-0
-0
-0
-0
-0
-0
-0
-0
-0
-0
-0
-0
-0
-0
-0
-0
-0
-0
-0
-0
-0
-0
-0
-0
-0
-0
-0
0
0
0
0
0
0
0
0
0
0
0
0
0
0
0
0
0
0
0
0
0
0
0
0
0
0
0
0
0
0
0
0
0
0
0
0
0
0
0
0
0
0
0
0
0
0
0
0
0
0
-0
-0
-0
-0
-0
-0
-0
-0
-0
-0
-0
-0
-0
-0
-0
-0
-0
-0
-0
-0
-0
-0
-0
-0
-0
-0
-0
-0
-0
-0
-0
-0
-0
-0
-0
-0
-0
-0
-0
-0
-0
-0
-0
-0
-0
-0
-0
-0
-0
-0
0
0
0
0
0
0
0
0
0
0
0
0
0
0
0
0
0
0
0
0
0
0
0
0
0
0
0
0
0
0
0
0
0
0
0
0
0
0
0
0
0
0
0
0
0
0
0
0
0
0
-0
-0
-0
-0
-0
-0
-0
-0
-0
-0
-0
-0
-0
-0
-0
-0
-0
-0
-0
-0
-0
-0
-0
-0
-0
-0
-0
-0
-0
-0
-0
-0
-0
-0
-0
-0
-0
-0
-0
-0
-0
-0
-0
-0
-0
-0
-0
-0
-0
-0
0
0
0
0
0
0
0
0
0
0
0
0
0
0
0
0
0
0
0
0
0
0
0
0
0
0
0
0
0
0
0
0
0
0
0
0
0
0
0
0
0
0
0
0
0
0
0
0
0
0
-0
-0
-0
-0
-0
-0
-0
-0
-0
-0
-0
-0
-0
-0
-0
-0
-0
-0
-0
-0
-0
-0
-0
-0
-0
-0
-0
-0
-0
-0
-0
-0
-0
-0
-0
-0
-0
-0
-0
-0
-0
-0
-0
-0
-0
-0
-0
-0
-0
-0
0
0
0
0
0
0
0
0
0
0
0
0
0
0
0
0
0
0
0
0
0
0
0
0
0
0
0
0
0
0
0
0
0
0
0
0
0
0
0
0
0
0
0
0
0
0
0
0
0
-0
-0
-0
-0
-0
-0
-0
-0
-0
-0
-0
-0
-0
-0
-0
-0
-0
-0
-0
-0
-0
-0
-0
-0
-0
-0
-0
-0
-0
-0
-0
-0
-0
-0
-0
-0
-0
-0
-0
-0
-0
-0
-0
-0
-0
-0
-0
-0
-0
-0
-0
0
0
0
0
0
0
0
0
0
0
0
0
0
0
0
0
0
0
0
0
0
0
0
0
0
0
0
0
0
0
0
0
0
0
0
0
0
0
0
0
0
0
0
0
0
0
0
0
0
0
-0
-0
-0
-0
-0
-0
-0
-0
-0
-0
-0
-0
-0
-0
-0
-0
-0
-0
-0
-0
-0
-0
-0
-0
-0
-0
-0
-0
-0
-0
-0
-0
-0
-0
-0
-0
-0
-0
-0
-0
-0
-0
-0
-0
-0
-0
-0
-0
-0
0
0
0
0
0
0
0
0
0
0
0
0
0
0
0
0
0
0
0
0
0
0
0
0
0
0
0
0
0
0
0
0
0
0
0
0
0
0
0
0
0
0
0
0
0
0
0
0
0
0
0
-0
-0
-0
-0
-0
-0
-0
-0
-0
-0
-0
-0
-0
-0
-0
-0
-0
-0
-0
-0
-0
-0
-0
-0
-0
-0
-0
-0
-0
-0
-0
-0
-0
-0
-0
-0
-0
-0
-0
-0
-0
-0
-0
-0
-0
-0
-0
-0
-0
-0
0
0
0
0
0
0
0
0
0
0
0
0
0
0
0
0
0
0
0
0
0
0
0
0
0
0
0
0
0
0
0
0
0
0
0
0
0
0
0
0
0
0
0
0
0
0
0
0
0
0
-0
-0
-0
-0
-0
-0
-0
-0
-0
-0
-0
-0
-0
-0
-0
-0
-0
-0
-0
-0
-0
-0
-0
-0
-0
-0
-0
-0
-0
-0
-0
-0
-0
-0
-0
-0
-0
-0
-0
-0
-0
-0
-0
-0
-0
-0
-0
-0
-0
-0
0
0
0
0
0
0
0
0
0
0
0
0
0
0
0
0
0
0
0
0
0
0
0
0
0
0
0
0
0
0
0
0
0
0
0
0
0
0
0
0
0
0
0
0
0
0
0
0
0
-0
-0
-0
-0
-0
-0
-0
-0
-0
-0
-0
-0
-0
-0
-0
-0
-0
-0
-0
-0
-0
-0
-0
-0
-0
-0
-0
-0
-0
-0
-0
-0
-0
-0
-0
-0
-0
-0
-0
-0
-0
-0
-0
-0
-0
-0
-0
-0
-0
-0
-0
0
0
0
0
0
0
0
0
0
0
0
0
0
0
0
0
0
0
0
0
0
0
0
0
0
0
0
0
0
0
0
0
0
0
0
0
0
0
0
0
0
0
0
0
0
0
0
0
0
-0
-0
-0
-0
-0
-0
-0
-0
-0
-0
-0
-0
-0
-0
-0
-0
-0
-0
-0
-0
-0
-0
-0
-0
-0
-0
-0
-0
-0
-0
-0
-0
-0
-0
-0
-0
-0
-0
-0
-0
-0
-0
-0
-0
-0
-0
-0
-0
-0
-0
-0
0
0
0
0
0
0
0
0
0
0
0
0
0
0
0
0
0
0
0
0
0
0
0
0
0
0
0
0
0
0
0
0
0
0
0
0
0
0
0
0
0
0
0
0
0
0
0
0
0
0
-0
-0
-0
-0
-0
-0
-0
-0
-0
-0
-0
-0
-0
-0
-0
-0
-0
-0
-0
-0
-0
-0
-0
-0
-0
-0
-0
-0
-0
-0
-0
-0
-0
-0
-0
-0
-0
-0
-0
-0
-0
-0
-0
-0
-0
-0
-0
-0
-0
-0
0
0
0
0
0
0
0
0
0
0
0
0
0
0
0
0
0
0
0
0
0
0
0
0
0
0
0
0
0
0
0
0
0
0
0
0
0
0
0
0
0
0
0
0
0
0
0
0
0
0
-0
-0
-0
-0
-0
-0
-0
-0
-0
-0
-0
-0
-0
-0
-0
-0
-0
-0
-0
-0
-0
-0
-0
-0
-0
-0
-0
-0
-0
-0
-0
-0
-0
-0
-0
-0
-0
-0
-0
-0
-0
-0
-0
-0
-0
-0
-0
-0
-0
-0
0
0
0
0
0
0
0
0
0
0
0
0
0
0
0
0
0
0
0
0
0
0
0
0
0
0
0
0
0
0
0
0
0
0
0
0
0
0
0
0
0
0
0
0
0
0
0
0
0
0
-0
-0
-0
-0
-0
-0
-0
-0
-0
-0
-0
-0
-0
-0
-0
-0
-0
-0
-0
-0
-0
-0
-0
-0
-0
-0
-0
-0
-0
-0
-0
-0
-0
-0
-0
-0
-0
-0
-0
-0
-0
-0
-0
-0
-0
-0
-0
-0
-0
-0
0
0
0
0
0
0
0
0
0
0
0
0
0
0
0
0
0
0
0
0
0
0
0
0
0
0
0
0
0
0
0
0
0
0
0
0
0
0
0
0
0
0
0
0
0
0
0
0
0
-0
-0
-0
-0
-0
-0
-0
-0
-0
-0
-0
-0
-0
-0
-0
-0
-0
-0
-0
-0
-0
-0
-0
-0
-0
-0
-0
-0
-0
-0
-0
-0
-0
-0
-0
-0
-0
-0
-0
-0
-0
-0
-0
-0
-0
-0
-0
-0
-0
-0
-0
0
0
0
0
0
0
0
0
0
0
0
0
0
0
0
0
0
0
0
0
0
0
0
0
0
0
0
0
0
0
0
0
0
0
0
0
0
0
0
0
0
0
0
0
0
0
0
0
0
-0
-0
-0
-0
-0
-0
-0
-0
-0
-0
-0
-0
-0
-0
-0
-0
-0
-0
-0
-0
-0
-0
-0
-0
-0
-0
-0
-0
-0
-0
-0
-0
-0
-0
-0
-0
-0
-0
-0
-0
-0
-0
-0
-0
-0
-0
-0
-0
-0
-0
-0
0
0
0
0
0
0
0
0
0
0
0
0
0
0
0
0
0
0
0
0
0
0
0
0
0
0
0
0
0
0
0
0
0
0
0
0
0
0
0
0
0
0
0
0
0
0
0
0
0
0
-0
-0
-0
-0
-0
-0
-0
-0
-0
-0
-0
-0
-0
-0
-0
-0
-0
-0
-0
-0
-0
-0
-0
-0
-0
-0
-0
-0
-0
-0
-0
-0
-0
-0
-0
-0
-0
-0
-0
-0
-0
-0
-0
-0
-0
-0
-0
-0
-0
-0
0
0
0
0
0
0
0
0
0
0
0
0
0
0
0
0
0
0
0
0
0
0
0
0
0
0
0
0
0
0
0
0
0
0
0
0
0
0
0
0
0
0
0
0
0
0
0
0
0
0
-0
-0
-0
-0
-0
-0
-0
-0
-0
-0
-0
-0
-0
-0
-0
-0
-0
-0
-0
-0
-0
-0
-0
-0
-0
-0
-0
-0
-0
-0
-0
-0
-0
-0
-0
-0
-0
-0
-0
-0
-0
-0
-0
-0
-0
-0
-0
-0
-0
-0
0
0
0
0
0
0
0
0
0
0
0
0
0
0
0
0
0
0
0
0
0
0
0
0
0
0
0
0
0
0
0
0
0
0
0
0
0
0
0
0
0
0
0
0
0
0
0
0
0
0
-0
-0
-0
-0
-0
-0
-0
-0
-0
-0
-0
-0
-0
-0
-0
-0
-0
-0
-0
-0
-0
-0
-0
-0
-0
-0
-0
-0
-0
-0
-0
-0
-0
-0
-0
-0
-0
-0
-0
-0
-0
-0
-0
-0
-0
-0
-0
-0
-0
-0
0
0
0
0
0
0
0
0
0
0
0
0
0
0
0
0
0
0
0
0
0
0
0
0
0
0
0
0
0
0
0
0
0
0
0
0
0
0
0
0
0
0
0
0
0
0
0
0
0
-0
-0
-0
-0
-0
-0
-0
-0
-0
-0
-0
-0
-0
-0
-0
-0
-0
-0
-0
-0
-0
-0
-0
-0
-0
-0
-0
-0
-0
-0
-0
-0
-0
-0
-0
-0
-0
-0
-0
-0
-0
-0
-0
-0
-0
-0
-0
-0
-0
-0
-0
0
0
0
0
0
0
0
0
0
0
0
0
0
0
0
0
0
0
0
0
0
0
0
0
0
0
0
0
0
0
0
0
0
0
0
0
0
0
0
0
0
0
0
0
0
0
0
0
0
-0
-0
-0
-0
-0
-0
-0
-0
-0
-0
-0
-0
-0
-0
-0
-0
-0
-0
-0
-0
-0
-0
-0
-0
-0
-0
-0
-0
-0
-0
-0
-0
-0
-0
-0
-0
-0
-0
-0
-0
-0
-0
-0
-0
-0
-0
-0
-0
-0
-0
-0
0
0
0
0
0
0
0
0
0
0
0
0
0
0
0
0
0
0
0
0
0
0
0
0
0
0
0
0
0
0
0
0
0
0
0
0
0
0
0
0
0
0
0
0
0
0
0
0
0
0
-0
-0
-0
-0
-0
-0
-0
-0
-0
-0
-0
-0
-0
-0
-0
-0
-0
-0
-0
-0
-0
-0
-0
-0
-0
-0
-0
-0
-0
-0
-0
-0
-0
-0
-0
-0
-0
-0
-0
-0
-0
-0
-0
-0
-0
-0
-0
-0
-0
-0
0
0
0
0
0
0
0
0
0
0
0
0
0
0
0
0
0
0
0
0
0
0
0
0
0
0
0
0
0
0
0
0
0
0
0
0
0
0
0
0
0
0
0
0
0
0
0
0
0
0
-0
-0
-0
-0
-0
-0
-0
-0
-0
-0
-0
-0
-0
-0
-0
-0
-0
-0
-0
-0
-0
-0
-0
-0
-0
-0
-0
-0
-0
-0
-0
-0
-0
-0
-0
-0
-0
-0
-0
-0
-0
-0
-0
-0
-0
-0
-0
-0
-0
-0
0
0
0
0
0
0
0
0
0
0
0
0
0
0
0
0
0
0
0
0
0
0
0
0
0
0
0
0
0
0
0
0
0
0
0
0
0
0
0
0
0
0
0
0
0
0
0
0
0
0
-0
-0
-0
-0
-0
-0
-0
-0
-0
-0
-0
-0
-0
-0
-0
-0
-0
-0
-0
-0
-0
-0
-0
-0
-0
-0
-0
-0
-0
-0
-0
-0
-0
-0
-0
-0
-0
-0
-0
-0
-0
-0
-0
-0
-0
-0
-0
-0
-0
-0
0
0
0
0
0
0
0
0
0
0
0
0
0
0
0
0
0
0
0
0
0
0
0
0
0
0
0
0
0
0
0
0
0
0
0
0
0
0
0
0
0
0
0
0
0
0
0
0
0
-0
-0
-0
-0
-0
-0
-0
-0
-0
-0
-0
-0
-0
-0
-0
-0
-0
-0
-0
-0
-0
-0
-0
-0
-0
-0
-0
-0
-0
-0
-0
-0
-0
-0
-0
-0
-0
-0
-0
-0
-0
-0
-0
-0
-0
-0
-0
-0
-0
-0
-0
0
0
0
0
0
0
0
0
0
0
0
0
0
0
0
0
0
0
0
0
0
0
0
0
0
0
0
0
0
0
0
0
0
0
0
0
0
0
0
0
0
0
0
0
0
0
0
0
0
-0
-0
-0
-0
-0
-0
-0
-0
-0
-0
-0
-0
-0
-0
-0
-0
-0
-0
-0
-0
-0
-0
-0
-0
-0
-0
-0
-0
-0
-0
-0
-0
-0
-0
-0
-0
-0
-0
-0
-0
-0
-0
-0
-0
-0
-0
-0
-0
-0
-0
-0
0
0
0
0
0
0
0
0
0
0
0
0
0
0
0
0
0
0
0
0
0
0
0
0
0
0
0
0
0
0
0
0
0
0
0
0
0
0
0
0
0
0
0
0
0
0
0
0
0
-0
