0
0
0
0
0
0
0
0
0
0
0
0
0
0
0
0
0
0
0
0
0
0
0
0
0
0
0
0
0
0
0
0
0
0
0
0
0
0
0
0
0
0
0
0
0
0
0
0
0
0
0
-0
-0
-0
-0
-0
-0
-0
-0
-0
-0
-0
-0
-0
-0
-0
-0
-0
-0
-0
-0
-0
-0
-0
-0
-0
-0
-0
-0
-0
-0
-0
-0
-0
-0
-0
-0
-0
-0
-0
-0
-0
-0
-0
-0
-0
-0
-0
-0
-0
-0
0
0
0
0
0
0
0
0
0
0
0
0
0
0
0
0
0
0
0
0
0
0
0
0
0
0
0
0
0
0
0
0
0
0
0
0
0
0
0
0
0
0
0
0
0
0
0
0
0
0
-0
-0
-0
-0
-0
-0
-0
-0
-0
-0
-0
-0
-0
-0
-0
-0
-0
-0
-0
-0
-0
-0
-0
-0
-0
-0
-0
-0
-0
-0
-0
-0
-0
-0
-0
-0
-0
-0
-0
-0
-0
-0
-0
-0
-0
-0
-0
-0
-0
-0
0
0
0
0
0
0
0
0
0
0
0
0
0
0
0
0
0
0
0
0
0
0
0
0
0
0
0
0
0
0
0
0
0
0
0
0
0
0
0
0
0
0
0
0
0
0
0
0
0
0
-0
-0
-0
-0
-0
-0
-0
-0
-0
-0
-0
-0
-0
-0
-0
-0
-0
-0
-0
-0
-0
-0
-0
-0
-0
-0
-0
-0
-0
-0
-0
-0
-0
-0
-0
-0
-0
-0
-0
-0
-0
-0
-0
-0
-0
-0
-0
-0
-0
-0
0
0
0
0
0
0
0
0
0
0
0
0
0
0
0
0
0
0
0
0
0
0
0
0
0
0
0
0
0
0
0
0
0
0
0
0
0
0
0
0
0
0
0
0
0
0
0
0
0
-0
-0
-0
-0
-0
-0
-0
-0
-0
-0
-0
-0
-0
-0
-0
-0
-0
-0
-0
-0
-0
-0
-0
-0
-0
-0
-0
-0
-0
-0
-0
-0
-0
-0
-0
-0
-0
-0
-0
-0
-0
-0
-0
-0
-0
-0
-0
-0
-0
-0
-0
0
0
0
0
0
0
0
0
0
0
0
0
0
0
0
0
0
0
0
0
0
0
0
0
0
0
0
0
0
0
0
0
0
0
0
0
0
0
0
0
0
0
0
0
0
0
0
0
0
0
-0
-0
-0
-0
-0
-0
-0
-0
-0
-0
-0
-0
-0
-0
-0
-0
-0
-0
-0
-0
-0
-0
-0
-0
-0
-0
-0
-0
-0
-0
-0
-0
-0
-0
-0
-0
-0
-0
-0
-0
-0
-0
-0
-0
-0
-0
-0
-0
-0
-0
0
0
0
0
0
0
0
0
0
0
0
0
0
0
0
0
0
0
0
0
0
0
0
0
0
0
0
0
0
0
0
0
0
0
0
0
0
0
0
0
0
0
0
0
0
0
0
0
0
-0
-0
-0
-0
-0
-0
-0
-0
-0
-0
-0
-0
-0
-0
-0
-0
-0
-0
-0
-0
-0
-0
-0
-0
-0
-0
-0
-0
-0
-0
-0
-0
-0
-0
-0
-0
-0
-0
-0
-0
-0
-0
-0
-0
-0
-0
-0
-0
-0
-0
-0
0
0
0
0
0
0
0
0
0
0
0
0
0
0
0
0
0
0
0
0
0
0
0
0
0
0
0
0
0
0
0
0
0
0
0
0
0
0
0
0
0
0
0
0
0
0
0
0
0
-0
-0
-0
-0
-0
-0
-0
-0
-0
-0
-0
-0
-0
-0
-0
-0
-0
-0
-0
-0
-0
-0
-0
-0
-0
-0
-0
-0
-0
-0
-0
-0
-0
-0
-0
-0
-0
-0
-0
-0
-0
-0
-0
-0
-0
-0
-0
-0
-0
-0
0
0
0
0
0
0
0
0
0
0
0
0
0
0
0
0
0
0
0
0
0
0
0
0
0
0
0
0
0
0
0
0
0
0
0
0
0
0
0
0
0
0
0
0
0
0
0
0
0
0
0
-0
-0
-0
-0
-0
-0
-0
-0
-0
-0
-0
-0
-0
-0
-0
-0
-0
-0
-0
-0
-0
-0
-0
-0
-0
-0
-0
-0
-0
-0
-0
-0
-0
-0
-0
-0
-0
-0
-0
-0
-0
-0
-0
-0
-0
-0
-0
-0
-0
-0
0
0
0
0
0
0
0
0
0
0
0
0
0
0
0
0
0
0
0
0
0
0
0
0
0
0
0
0
0
0
0
0
0
0
0
0
0
0
0
0
0
0
0
0
0
0
0
0
0
0
-0
-0
-0
-0
-0
-0
-0
-0
-0
-0
-0
-0
-0
-0
-0
-0
-0
-0
-0
-0
-0
-0
-0
-0
-0
-0
-0
-0
-0
-0
-0
-0
-0
-0
-0
-0
-0
-0
-0
-0
-0
-0
-0
-0
-0
-0
-0
-0
-0
-0
0
0
0
0
0
0
0
0
0
0
0
0
0
0
0
0
0
0
0
0
0
0
0
0
0
0
0
0
0
0
0
0
0
0
0
0
0
0
0
0
0
0
0
0
0
0
0
0
0
-0
-0
-0
-0
-0
-0
-0
-0
-0
-0
-0
-0
-0
-0
-0
-0
-0
-0
-0
-0
-0
-0
-0
-0
-0
-0
-0
-0
-0
-0
-0
-0
-0
-0
-0
-0
-0
-0
-0
-0
-0
-0
-0
-0
-0
-0
-0
-0
-0
-0
-0
0
0
0
0
0
0
0
0
0
0
0
0
0
0
0
0
0
0
0
0
0
0
0
0
0
0
0
0
0
0
0
0
0
0
0
0
0
0
0
0
0
0
0
0
0
0
0
0
0
-0
-0
-0
-0
-0
-0
-0
-0
-0
-0
-0
-0
-0
-0
-0
-0
-0
-0
-0
-0
-0
-0
-0
-0
-0
-0
-0
-0
-0
-0
-0
-0
-0
-0
-0
-0
-0
-0
-0
-0
-0
-0
-0
-0
-0
-0
-0
-0
-0
-0
0
0
0
0
0
0
0
0
0
0
0
0
0
0
0
0
0
0
0
0
0
0
0
0
0
0
0
0
0
0
0
0
0
0
0
0
0
0
0
0
0
0
0
0
0
0
0
0
0
0
-0
-0
-0
-0
-0
-0
-0
-0
-0
-0
-0
-0
-0
-0
-0
-0
-0
-0
-0
-0
-0
-0
-0
-0
-0
-0
-0
-0
-0
-0
-0
-0
-0
-0
-0
-0
-0
-0
-0
-0
-0
-0
-0
-0
-0
-0
-0
-0
-0
-0
-0
0
0
0
0
0
0
0
0
0
0
0
0
0
0
0
0
0
0
0
0
0
0
0
0
0
0
0
0
0
0
0
0
0
0
0
0
0
0
0
0
0
0
0
0
0
0
0
0
0
-0
-0
-0
-0
-0
-0
-0
-0
-0
-0
-0
-0
-0
-0
-0
-0
-0
-0
-0
-0
-0
-0
-0
-0
-0
-0
-0
-0
-0
-0
-0
-0
-0
-0
-0
-0
-0
-0
-0
-0
-0
-0
-0
-0
-0
-0
-0
-0
-0
-0
0
0
0
0
0
0
0
0
0
0
0
0
0
0
0
0
0
0
0
0
0
0
0
0
0
0
0
0
0
0
0
0
0
0
0
0
0
0
0
0
0
0
0
0
0
0
0
0
0
0
-0
-0
-0
-0
-0
-0
-0
-0
-0
-0
-0
-0
-0
-0
-0
-0
-0
-0
-0
-0
-0
-0
-0
-0
-0
-0
-0
-0
-0
-0
-0
-0
-0
-0
-0
-0
-0
-0
-0
-0
-0
-0
-0
-0
-0
-0
-0
-0
-0
-0
0
0
0
0
0
0
0
0
0
0
0
0
0
0
0
0
0
0
0
0
0
0
0
0
0
0
0
0
0
0
0
0
0
0
0
0
0
0
0
0
0
0
0
0
0
0
0
0
0
0
-0
-0
-0
-0
-0
-0
-0
-0
-0
-0
-0
-0
-0
-0
-0
-0
-0
-0
-0
-0
-0
-0
-0
-0
-0
-0
-0
-0
-0
-0
-0
-0
-0
-0
-0
-0
-0
-0
-0
-0
-0
-0
-0
-0
-0
-0
-0
-0
-0
-0
-0
0
0
0
0
0
0
0
0
0
0
0
0
0
0
0
0
0
0
0
0
0
0
0
0
0
0
0
0
0
0
0
0
0
0
0
0
0
0
0
0
0
0
0
0
0
0
0
0
0
0
-0
-0
-0
-0
-0
-0
-0
-0
-0
-0
-0
-0
-0
-0
-0
-0
-0
-0
-0
-0
-0
-0
-0
-0
-0
-0
-0
-0
-0
-0
-0
-0
-0
-0
-0
-0
-0
-0
-0
-0
-0
-0
-0
-0
-0
-0
-0
-0
-0
-0
0
0
0
0
0
0
0
0
0
0
0
0
0
0
0
0
0
0
0
0
0
0
0
0
0
0
0
0
0
0
0
0
0
0
0
0
0
0
0
0
0
0
0
0
0
0
0
0
0
0
-0
-0
-0
-0
-0
-0
-0
-0
-0
-0
-0
-0
-0
-0
-0
-0
-0
-0
-0
-0
-0
-0
-0
-0
-0
-0
-0
-0
-0
-0
-0
-0
-0
-0
-0
-0
-0
-0
-0
-0
-0
-0
-0
-0
-0
-0
-0
-0
-0
-0
0
0
0
0
0
0
0
0
0
0
0
0
0
0
0
0
0
0
0
0
0
0
0
0
0
0
0
0
0
0
0
0
0
0
0
0
0
0
0
0
0
0
0
0
0
0
0
0
0
0
-0
-0
-0
-0
-0
-0
-0
-0
-0
-0
-0
-0
-0
-0
-0
-0
-0
-0
-0
-0
-0
-0
-0
-0
-0
-0
-0
-0
-0
-0
-0
-0
-0
-0
-0
-0
-0
-0
-0
-0
-0
-0
-0
-0
-0
-0
-0
-0
-0
-0
0
0
0
0
0
0
0
0
0
0
0
0
0
0
0
0
0
0
0
0
0
0
0
0
0
0
0
0
0
0
0
0
0
0
0
0
0
0
0
0
0
0
0
0
0
0
0
0
0
0
-0
-0
-0
-0
-0
-0
-0
-0
-0
-0
-0
-0
-0
-0
-0
-0
-0
-0
-0
-0
-0
-0
-0
-0
-0
-0
-0
-0
-0
-0
-0
-0
-0
-0
-0
-0
-0
-0
-0
-0
-0
-0
-0
-0
-0
-0
-0
-0
-0
0
0
0
0
0
0
0
0
0
0
0
0
0
0
0
0
0
0
0
0
0
0
0
0
0
0
0
0
0
0
0
0
0
0
0
0
0
0
0
0
0
0
0
0
0
0
0
0
0
0
0
-0
-0
-0
-0
-0
-0
-0
-0
-0
-0
-0
-0
-0
-0
-0
-0
-0
-0
-0
-0
-0
-0
-0
-0
-0
-0
-0
-0
-0
-0
-0
-0
-0
-0
-0
-0
-0
-0
-0
-0
-0
-0
-0
-0
-0
-0
-0
-0
-0
-0
9.8895e-08
3.948e-07
8.8538e-07
1.5667e-06
2.4335e-06
3.4788e-06
4.6942e-06
6.0701e-06
7.5953e-06
9.2576e-06
1.1043e-05
1.2938e-05
1.4926e-05
1.699e-05
1.9113e-05
2.1277e-05
2.3463e-05
2.5652e-05
2.7824e-05
2.9958e-05
3.2036e-05
3.4036e-05
3.5939e-05
3.7725e-05
3.9375e-05
4.0869e-05
4.219e-05
4.3319e-05
4.424e-05
4.4937e-05
4.5396e-05
4.5603e-05
4.5546e-05
4.5214e-05
4.4597e-05
4.3688e-05
4.2481e-05
4.097e-05
3.9154e-05
3.703e-05
3.4601e-05
3.1868e-05
2.8836e-05
2.5511e-05
2.1902e-05
1.8018e-05
1.3871e-05
9.4752e-06
4.8459e-06
1.2347e-18
-5.0436e-06
-1.0265e-05
-1.5642e-05
-2.1151e-05
-2.6769e-05
-3.2469e-05
-3.8224e-05
-4.4008e-05
-4.9792e-05
-5.5546e-05
-6.1241e-05
-6.6846e-05
-7.2332e-05
-7.7668e-05
-8.2823e-05
-8.7768e-05
-9.2472e-05
-9.6907e-05
-0.00010104
-0.00010485
-0.00010831
-0.00011139
-0.00011407
-0.00011632
-0.00011812
-0.00011946
-0.00012032
-0.00012067
-0.00012052
-0.00011983
-0.00011862
-0.00011686
-0.00011456
-0.0001117
-0.00010831
-0.00010437
-9.9887e-05
-9.4878e-05
-8.9351e-05
-8.3319e-05
-7.6797e-05
-6.9806e-05
-6.2366e-05
-5.4501e-05
-4.6237e-05
-3.7602e-05
-2.8627e-05
-1.9345e-05
-9.7906e-06
3.09e-19
9.9884e-06
2.0135e-05
3.0398e-05
4.0735e-05
5.1104e-05
6.1458e-05
7.1754e-05
8.1946e-05
9.1988e-05
0.00010183
0.00011144
0.00012075
0.00012974
0.00013835
0.00014653
0.00015426
0.00016148
0.00016816
0.00017426
0.00017975
0.00018459
0.00018875
0.0001922
0.00019491
0.00019688
0.00019806
0.00019845
0.00019803
0.00019679
0.00019473
0.00019184
0.00018811
0.00018356
0.0001782
0.00017202
0.00016504
0.00015729
0.00014879
0.00013955
0.00012961
0.00011899
0.00010774
9.5896e-05
8.3491e-05
7.0572e-05
5.7186e-05
4.3383e-05
2.9215e-05
1.4735e-05
2.0834e-18
-1.4933e-05
-3.0005e-05
-4.5154e-05
-6.032e-05
-7.5439e-05
-9.0448e-05
-0.00010528
-0.00011988
-0.00013418
-0.00014812
-0.00016163
-0.00017466
-0.00018714
-0.00019902
-0.00021024
-0.00022075
-0.00023049
-0.00023942
-0.00024748
-0.00025465
-0.00026086
-0.0002661
-0.00027033
-0.00027351
-0.00027563
-0.00027665
-0.00027658
-0.00027538
-0.00027307
-0.00026962
-0.00026506
-0.00025937
-0.00025257
-0.00024469
-0.00023573
-0.00022572
-0.0002147
-0.00020269
-0.00018975
-0.00017589
-0.00016119
-0.00014568
-0.00012943
-0.00011248
-9.4907e-05
-7.6771e-05
-5.814e-05
-3.9085e-05
-1.968e-05
2.7791e-18
1.9878e-05
3.9875e-05
5.991e-05
7.9904e-05
9.9774e-05
0.00011944
0.00013881
0.00015782
0.00017638
0.00019441
0.00021183
0.00022857
0.00024455
0.0002597
0.00027395
0.00028724
0.0002995
0.00031067
0.0003207
0.00032954
0.00033714
0.00034346
0.00034846
0.0003521
0.00035438
0.00035525
0.00035471
0.00035274
0.00034934
0.00034452
0.00033828
0.00033062
0.00032158
0.00031118
0.00029944
0.0002864
0.00027211
0.0002566
0.00023994
0.00022218
0.00020339
0.00018362
0.00016296
0.00014147
0.00011924
9.6355e-05
7.2896e-05
4.8955e-05
2.4625e-05
7.7104e-19
-2.4823e-05
-4.9745e-05
-7.4667e-05
-9.9488e-05
-0.00012411
-0.00014843
-0.00017234
-0.00019576
-0.00021858
-0.0002407
-0.00026203
-0.00028248
-0.00030196
-0.00032038
-0.00033766
-0.00035373
-0.00036851
-0.00038193
-0.00039392
-0.00040444
-0.00041342
-0.00042081
-0.00042658
-0.0004307
-0.00043313
-0.00043384
-0.00043283
-0.00043009
-0.00042562
-0.00041942
-0.0004115
-0.00040188
-0.00039059
-0.00037767
-0.00036315
-0.00034708
-0.00032951
-0.00031051
-0.00029014
-0.00026847
-0.00024558
-0.00022156
-0.00019649
-0.00017046
-0.00014358
-0.00011594
-8.7652e-05
-5.8825e-05
-2.957e-05
7.4102e-18
2.9767e-05
5.9615e-05
8.9423e-05
0.00011907
0.00014844
0.00017742
0.00020587
0.0002337
0.00026077
0.00028699
0.00031223
0.00033639
0.00035936
0.00038106
0.00040137
0.00042022
0.00043752
0.00045318
0.00046714
0.00047933
0.00048969
0.00049817
0.00050471
0.00050929
0.00051188
0.00051244
0.00051096
0.00050745
0.0005019
0.00049431
0.00048472
0.00047313
0.0004596
0.00044416
0.00042686
0.00040776
0.00038692
0.00036442
0.00034034
0.00031476
0.00028778
0.0002595
0.00023002
0.00019945
0.00016791
0.00013552
0.00010241
6.8695e-05
3.4514e-05
-2.7024e-18
-3.4712e-05
-6.9485e-05
-0.00010418
-0.00013866
-0.00017278
-0.00020641
-0.00023941
-0.00027164
-0.00030297
-0.00033327
-0.00036242
-0.00039029
-0.00041677
-0.00044174
-0.00046508
-0.00048671
-0.00050653
-0.00052444
-0.00054036
-0.00055423
-0.00056597
-0.00057552
-0.00058284
-0.00058789
-0.00059063
-0.00059103
-0.00058909
-0.0005848
-0.00057817
-0.00056921
-0.00055794
-0.00054439
-0.00052861
-0.00051065
-0.00049057
-0.00046843
-0.00044432
-0.00041833
-0.00039053
-0.00036105
-0.00032998
-0.00029743
-0.00026355
-0.00022844
-0.00019225
-0.00015511
-0.00011716
-7.8565e-05
-3.9459e-05
-3.7033e-18
3.9657e-05
7.9355e-05
0.00011894
0.00015824
0.00019711
0.0002354
0.00027294
0.00030957
0.00034517
0.00037956
0.00041262
0.0004442
0.00047418
0.00050241
0.00052879
0.0005532
0.00057554
0.00059569
0.00061358
0.00062912
0.00064224
0.00065288
0.00066097
0.00066648
0.00066937
0.00066963
0.00066722
0.00066216
0.00065445
0.0006441
0.00063116
0.00061564
0.00059762
0.00057714
0.00055428
0.00052911
0.00050173
0.00047223
0.00044073
0.00040734
0.00037217
0.00033537
0.00029708
0.00025743
0.00021658
0.00017469
0.00013192
8.8435e-05
4.4404e-05
-8.3369e-18
-4.4602e-05
-8.9225e-05
-0.00013369
-0.00017783
-0.00022145
-0.00026439
-0.00030647
-0.00034751
-0.00038736
-0.00042585
-0.00046282
-0.00049811
-0.00053158
-0.00056309
-0.0005925
-0.00061969
-0.00064455
-0.00066695
-0.0006868
-0.00070402
-0.00071852
-0.00073023
-0.0007391
-0.00074508
-0.00074813
-0.00074822
-0.00074535
-0.00073951
-0.00073072
-0.000719
-0.00070438
-0.0006869
-0.00066663
-0.00064363
-0.00061799
-0.00058979
-0.00055914
-0.00052614
-0.00049093
-0.00045362
-0.00041437
-0.00037331
-0.00033061
-0.00028642
-0.00024092
-0.00019428
-0.00014668
-9.8305e-05
-4.9349e-05
7.7348e-19
4.9546e-05
9.9095e-05
0.00014845
0.00019741
0.00024578
0.00029338
0.00034
0.00038545
0.00042956
0.00047214
0.00051301
0.00055202
0.00058899
0.00062377
0.00065621
0.00068619
0.00071355
0.0007382
0.00076002
0.00077892
0.0007948
0.00080759
0.00081723
0.00082367
0.00082687
0.00082682
0.00082348
0.00081687
0.000807
0.00079389
0.0007776
0.00075815
0.00073564
0.00071012
0.0006817
0.00065047
0.00061654
0.00058005
0.00054113
0.00049991
0.00045656
0.00041125
0.00036414
0.00031541
0.00026525
0.00021386
0.00016143
0.00010818
5.4293e-05
-1.6132e-17
-5.4491e-05
-0.00010896
-0.0001632
-0.00021699
-0.00027012
-0.00032237
-0.00037353
-0.00042339
-0.00047176
-0.00051843
-0.00056321
-0.00060593
-0.00064639
-0.00068445
-0.00071992
-0.00075268
-0.00078256
-0.00080946
-0.00083324
-0.00085381
-0.00087107
-0.00088494
-0.00089536
-0.00090227
-0.00090562
-0.00090541
-0.00090161
-0.00089423
-0.00088328
-0.00086879
-0.00085082
-0.00082941
-0.00080465
-0.00077661
-0.00074541
-0.00071115
-0.00067395
-0.00063396
-0.00059132
-0.0005462
-0.00049876
-0.00044919
-0.00039767
-0.0003444
-0.00028959
-0.00023345
-0.00017619
-0.00011805
-5.9238e-05
7.4113e-18
5.9436e-05
0.00011883
0.00017796
0.00023658
0.00029445
0.00035136
0.00040706
0.00046133
0.00051395
0.00056471
0.00061341
0.00065983
0.0007038
0.00074512
0.00078363
0.00081917
0.00085157
0.00088071
0.00090646
0.00092871
0.00094735
0.0009623
0.00097349
0.00098086
0.00098438
0.000984
0.00097974
0.00097158
0.00095955
0.00094369
0.00092404
0.00090066
0.00087366
0.0008431
0.00080912
0.00077182
0.00073136
0.00068787
0.00064152
0.00059249
0.00054096
0.00048713
0.0004312
0.00037339
0.00031392
0.00025303
0.00019095
0.00012792
6.4183e-05
3.0077e-18
-6.4381e-05
-0.0001287
-0.00019272
-0.00025616
-0.00031879
-0.00038035
-0.00044059
-0.00049927
-0.00055615
-0.000611
-0.00066361
-0.00071374
-0.00076121
-0.0008058
-0.00084734
-0.00088566
-0.00092058
-0.00095197
-0.00097968
-0.0010036
-0.0010236
-0.0010397
-0.0010516
-0.0010595
-0.0010631
-0.0010626
-0.0010579
-0.0010489
-0.0010358
-0.0010186
-0.00099726
-0.00097192
-0.00094267
-0.00090959
-0.00087283
-0.0008325
-0.00078876
-0.00074178
-0.00069172
-0.00063878
-0.00058315
-0.00052506
-0.00046473
-0.00040238
-0.00033826
-0.00027261
-0.0002057
-0.00013779
-6.9128e-05
1.621e-17
6.9325e-05
0.00013857
0.00020747
0.00027575
0.00034312
0.00040934
0.00047412
0.0005372
0.00059834
0.00065729
0.0007138
0.00076765
0.00081861
0.00086648
0.00091105
0.00095215
0.00098959
0.0010232
0.0010529
0.0010785
0.0010999
0.001117
0.0011297
0.001138
0.0011419
0.0011412
0.001136
0.0011263
0.0011121
0.0010935
0.0010705
0.0010432
0.0010117
0.00097609
0.00093654
0.00089318
0.00084617
0.00079568
0.00074191
0.00068506
0.00062535
0.000563
0.00049826
0.00043137
0.00036259
0.0002922
0.00022046
0.00014766
7.4072e-05
-4.6336e-18
-7.427e-05
-0.00014844
-0.00022223
-0.00029533
-0.00036746
-0.00043833
-0.00050765
-0.00057514
-0.00064054
-0.00070358
-0.000764
-0.00082156
-0.00087602
-0.00092716
-0.00097476
-0.0010186
-0.0010586
-0.0010945
-0.0011261
-0.0011534
-0.0011762
-0.0011944
-0.0012079
-0.0012166
-0.0012206
-0.0012198
-0.0012141
-0.0012036
-0.0011884
-0.0011684
-0.0011437
-0.0011144
-0.0010807
-0.0010426
-0.0010002
-0.00095386
-0.00090357
-0.00084959
-0.00079211
-0.00073135
-0.00066755
-0.00060094
-0.00053179
-0.00046036
-0.00038693
-0.00031178
-0.00023522
-0.00015753
-7.9017e-05
2.717e-17
7.9215e-05
0.00015831
0.00023699
0.00031492
0.00039179
0.00046732
0.00054118
0.00061308
0.00068274
0.00074987
0.0008142
0.00087547
0.00093343
0.00098784
0.0010385
0.0010851
0.0011276
0.0011657
0.0011993
0.0012283
0.0012525
0.0012717
0.001286
0.0012952
0.0012994
0.0012984
0.0012923
0.001281
0.0012647
0.0012433
0.0012169
0.0011857
0.0011497
0.0011091
0.001064
0.0010145
0.00096098
0.0009035
0.00084231
0.00077764
0.00070974
0.00063888
0.00056532
0.00048935
0.00041126
0.00033137
0.00024997
0.0001674
8.3962e-05
-1.4436e-17
-8.416e-05
-0.00016818
-0.00025174
-0.0003345
-0.00041613
-0.00049631
-0.00057471
-0.00065102
-0.00072493
-0.00079616
-0.00086439
-0.00092938
-0.00099083
-0.0010485
-0.0011022
-0.0011516
-0.0011966
-0.001237
-0.0012726
-0.0013032
-0.0013287
-0.0013491
-0.0013641
-0.0013738
-0.0013781
-0.001377
-0.0013704
-0.0013584
-0.0013409
-0.0013182
-0.0012901
-0.0012569
-0.0012187
-0.0011756
-0.0011277
-0.0010752
-0.0010184
-0.00095741
-0.00089251
-0.00082393
-0.00075194
-0.00067682
-0.00059885
-0.00051834
-0.0004356
-0.00035095
-0.00026473
-0.00017727
-8.8907e-05
3.5096e-21
8.9104e-05
0.00017805
0.0002665
0.00035408
0.00044047
0.0005253
0.00060824
0.00068896
0.00076713
0.00084244
0.00091459
0.00098328
0.0010482
0.0011092
0.0011659
0.0012181
0.0012656
0.0013082
0.0013458
0.0013781
0.001405
0.0014264
0.0014423
0.0014524
0.0014569
0.0014556
0.0014485
0.0014357
0.0014172
0.0013931
0.0013634
0.0013282
0.0012877
0.001242
0.0011914
0.0011359
0.0010758
0.0010113
0.0009427
0.00087022
0.00079414
0.00071475
0.00063238
0.00054733
0.00045993
0.00037054
0.00027948
0.00018714
9.3851e-05
-2.6399e-17
-9.4049e-05
-0.00018792
-0.00028125
-0.00037367
-0.0004648
-0.00055429
-0.00064177
-0.00072689
-0.00080933
-0.00088873
-0.00096479
-0.0010372
-0.0011056
-0.0011699
-0.0012296
-0.0012846
-0.0013346
-0.0013795
-0.001419
-0.001453
-0.0014813
-0.0015038
-0.0015204
-0.001531
-0.0015356
-0.0015342
-0.0015266
-0.0015131
-0.0014935
-0.001468
-0.0014366
-0.0013995
-0.0013567
-0.0013085
-0.0012551
-0.0011966
-0.0011332
-0.0010652
-0.0009929
-0.0009165
-0.00083633
-0.00075269
-0.00066591
-0.00057632
-0.00048427
-0.00039012
-0.00029424
-0.00019701
-9.8796e-05
-3.3955e-17
9.8895e-05
0.0001974
0.00029513
0.00039169
0.0004867
0.0005798
0.0006706
0.00075876
0.00084393
0.00092576
0.0010039
0.0010782
0.0011481
0.0012136
0.0012742
0.0013298
0.0013802
0.0014251
0.0014644
0.0014979
0.0015255
0.0015471
0.0015626
0.0015719
0.001575
0.0015719
0.0015626
0.0015471
0.0015255
0.0014979
0.0014644
0.0014251
0.0013802
0.0013298
0.0012742
0.0012136
0.0011481
0.0010782
0.0010039
0.00092576
0.00084393
0.00075876
0.0006706
0.0005798
0.0004867
0.00039169
0.00029513
0.0001974
9.8895e-05
6.1703e-18
-9.8895e-05
-0.0001974
-0.00029513
-0.00039169
-0.0004867
-0.0005798
-0.0006706
-0.00075876
-0.00084393
-0.00092576
-0.0010039
-0.0010782
-0.0011481
-0.0012136
-0.0012742
-0.0013298
-0.0013802
-0.0014251
-0.0014644
-0.0014979
-0.0015255
-0.0015471
-0.0015626
-0.0015719
-0.001575
-0.0015719
-0.0015626
-0.0015471
-0.0015255
-0.0014979
-0.0014644
-0.0014251
-0.0013802
-0.0013298
-0.0012742
-0.0012136
-0.0011481
-0.0010782
-0.0010039
-0.00092576
-0.00084393
-0.00075876
-0.0006706
-0.0005798
-0.0004867
-0.00039169
-0.00029513
-0.0001974
-9.8895e-05
-2.315e-17
9.8895e-05
0.0001974
0.00029513
0.00039169
0.0004867
0.0005798
0.0006706
0.00075876
0.00084393
0.00092576
0.0010039
0.0010782
0.0011481
0.0012136
0.0012742
0.0013298
0.0013802
0.0014251
0.0014644
0.0014979
0.0015255
0.0015471
0.0015626
0.0015719
0.001575
0.0015719
0.0015626
0.0015471
0.0015255
0.0014979
0.0014644
0.0014251
0.0013802
0.0013298
0.0012742
0.0012136
0.0011481
0.0010782
0.0010039
0.00092576
0.00084393
0.00075876
0.0006706
0.0005798
0.0004867
0.00039169
0.00029513
0.0001974
9.8895e-05
4.0129e-17
-9.8895e-05
-0.0001974
-0.00029513
-0.00039169
-0.0004867
-0.0005798
-0.0006706
-0.00075876
-0.00084393
-0.00092576
-0.0010039
-0.0010782
-0.0011481
-0.0012136
-0.0012742
-0.0013298
-0.0013802
-0.0014251
-0.0014644
-0.0014979
-0.0015255
-0.0015471
-0.0015626
-0.0015719
-0.001575
-0.0015719
-0.0015626
-0.0015471
-0.0015255
-0.0014979
-0.0014644
-0.0014251
-0.0013802
-0.0013298
-0.0012742
-0.0012136
-0.0011481
-0.0010782
-0.0010039
-0.00092576
-0.00084393
-0.00075876
-0.0006706
-0.0005798
-0.0004867
-0.00039169
-0.00029513
-0.0001974
-9.8895e-05
-1.2344e-17
9.8895e-05
0.0001974
0.00029513
0.00039169
0.0004867
0.0005798
0.0006706
0.00075876
0.00084393
0.00092576
0.0010039
0.0010782
0.0011481
0.0012136
0.0012742
0.0013298
0.0013802
0.0014251
0.0014644
0.0014979
0.0015255
0.0015471
0.0015626
0.0015719
0.001575
0.0015719
0.0015626
0.0015471
0.0015255
0.0014979
0.0014644
0.0014251
0.0013802
0.0013298
0.0012742
0.0012136
0.0011481
0.0010782
0.0010039
0.00092576
0.00084393
0.00075876
0.0006706
0.0005798
0.0004867
0.00039169
0.00029513
0.0001974
9.8895e-05
2.9324e-17
-9.8895e-05
-0.0001974
-0.00029513
-0.00039169
-0.0004867
-0.0005798
-0.0006706
-0.00075876
-0.00084393
-0.00092576
-0.0010039
-0.0010782
-0.0011481
-0.0012136
-0.0012742
-0.0013298
-0.0013802
-0.0014251
-0.0014644
-0.0014979
-0.0015255
-0.0015471
-0.0015626
-0.0015719
-0.001575
-0.0015719
-0.0015626
-0.0015471
-0.0015255
-0.0014979
-0.0014644
-0.0014251
-0.0013802
-0.0013298
-0.0012742
-0.0012136
-0.0011481
-0.0010782
-0.0010039
-0.00092576
-0.00084393
-0.00075876
-0.0006706
-0.0005798
-0.0004867
-0.00039169
-0.00029513
-0.0001974
-9.8895e-05
-1.5392e-18
9.8895e-05
0.0001974
0.00029513
0.00039169
0.0004867
0.0005798
0.0006706
0.00075876
0.00084393
0.00092576
0.0010039
0.0010782
0.0011481
0.0012136
0.0012742
0.0013298
0.0013802
0.0014251
0.0014644
0.0014979
0.0015255
0.0015471
0.0015626
0.0015719
0.001575
0.0015719
0.0015626
0.0015471
0.0015255
0.0014979
0.0014644
0.0014251
0.0013802
0.0013298
0.0012742
0.0012136
0.0011481
0.0010782
0.0010039
0.00092576
0.00084393
0.00075876
0.0006706
0.0005798
0.0004867
0.00039169
0.00029513
0.0001974
9.8895e-05
1.8519e-17
-9.8895e-05
-0.0001974
-0.00029513
-0.00039169
-0.0004867
-0.0005798
-0.0006706
-0.00075876
-0.00084393
-0.00092576
-0.0010039
-0.0010782
-0.0011481
-0.0012136
-0.0012742
-0.0013298
-0.0013802
-0.0014251
-0.0014644
-0.0014979
-0.0015255
-0.0015471
-0.0015626
-0.0015719
-0.001575
-0.0015719
-0.0015626
-0.0015471
-0.0015255
-0.0014979
-0.0014644
-0.0014251
-0.0013802
-0.0013298
-0.0012742
-0.0012136
-0.0011481
-0.0010782
-0.0010039
-0.00092576
-0.00084393
-0.00075876
-0.0006706
-0.0005798
-0.0004867
-0.00039169
-0.00029513
-0.0001974
-9.8895e-05
-3.5498e-17
9.8895e-05
0.0001974
0.00029513
0.00039169
0.0004867
0.0005798
0.0006706
0.00075876
0.00084393
0.00092576
0.0010039
0.0010782
0.0011481
0.0012136
0.0012742
0.0013298
0.0013802
0.0014251
0.0014644
0.0014979
0.0015255
0.0015471
0.0015626
0.0015719
0.001575
0.0015719
0.0015626
0.0015471
0.0015255
0.0014979
0.0014644
0.0014251
0.0013802
0.0013298
0.0012742
0.0012136
0.0011481
0.0010782
0.0010039
0.00092576
0.00084393
0.00075876
0.0006706
0.0005798
0.0004867
0.00039169
0.00029513
0.0001974
9.8895e-05
7.7133e-18
-9.8895e-05
-0.0001974
-0.00029513
-0.00039169
-0.0004867
-0.0005798
-0.0006706
-0.00075876
-0.00084393
-0.00092576
-0.0010039
-0.0010782
-0.0011481
-0.0012136
-0.0012742
-0.0013298
-0.0013802
-0.0014251
-0.0014644
-0.0014979
-0.0015255
-0.0015471
-0.0015626
-0.0015719
-0.001575
-0.0015719
-0.0015626
-0.0015471
-0.0015255
-0.0014979
-0.0014644
-0.0014251
-0.0013802
-0.0013298
-0.0012742
-0.0012136
-0.0011481
-0.0010782
-0.0010039
-0.00092576
-0.00084393
-0.00075876
-0.0006706
-0.0005798
-0.0004867
-0.00039169
-0.00029513
-0.0001974
-9.8895e-05
-2.4693e-17
9.8895e-05
0.0001974
0.00029513
0.00039169
0.0004867
0.0005798
0.0006706
0.00075876
0.00084393
0.00092576
0.0010039
0.0010782
0.0011481
0.0012136
0.0012742
0.0013298
0.0013802
0.0014251
0.0014644
0.0014979
0.0015255
0.0015471
0.0015626
0.0015719
0.001575
0.0015719
0.0015626
0.0015471
0.0015255
0.0014979
0.0014644
0.0014251
0.0013802
0.0013298
0.0012742
0.0012136
0.0011481
0.0010782
0.0010039
0.00092576
0.00084393
0.00075876
0.0006706
0.0005798
0.0004867
0.00039169
0.00029513
0.0001974
9.8895e-05
-3.092e-18
-9.8895e-05
-0.0001974
-0.00029513
-0.00039169
-0.0004867
-0.0005798
-0.0006706
-0.00075876
-0.00084393
-0.00092576
-0.0010039
-0.0010782
-0.0011481
-0.0012136
-0.0012742
-0.0013298
-0.0013802
-0.0014251
-0.0014644
-0.0014979
-0.0015255
-0.0015471
-0.0015626
-0.0015719
-0.001575
-0.0015719
-0.0015626
-0.0015471
-0.0015255
-0.0014979
-0.0014644
-0.0014251
-0.0013802
-0.0013298
-0.0012742
-0.0012136
-0.0011481
-0.0010782
-0.0010039
-0.00092576
-0.00084393
-0.00075876
-0.0006706
-0.0005798
-0.0004867
-0.00039169
-0.00029513
-0.0001974
-9.8895e-05
-1.3887e-17
9.8895e-05
0.0001974
0.00029513
0.00039169
0.0004867
0.0005798
0.0006706
0.00075876
0.00084393
0.00092576
0.0010039
0.0010782
0.0011481
0.0012136
0.0012742
0.0013298
0.0013802
0.0014251
0.0014644
0.0014979
0.0015255
0.0015471
0.0015626
0.0015719
0.001575
0.0015719
0.0015626
0.0015471
0.0015255
0.0014979
0.0014644
0.0014251
0.0013802
0.0013298
0.0012742
0.0012136
0.0011481
0.0010782
0.0010039
0.00092576
0.00084393
0.00075876
0.0006706
0.0005798
0.0004867
0.00039169
0.00029513
0.0001974
9.8895e-05
3.0867e-17
-9.8895e-05
-0.0001974
-0.00029513
-0.00039169
-0.0004867
-0.0005798
-0.0006706
-0.00075876
-0.00084393
-0.00092576
-0.0010039
-0.0010782
-0.0011481
-0.0012136
-0.0012742
-0.0013298
-0.0013802
-0.0014251
-0.0014644
-0.0014979
-0.0015255
-0.0015471
-0.0015626
-0.0015719
-0.001575
-0.0015719
-0.0015626
-0.0015471
-0.0015255
-0.0014979
-0.0014644
-0.0014251
-0.0013802
-0.0013298
-0.0012742
-0.0012136
-0.0011481
-0.0010782
-0.0010039
-0.00092576
-0.00084393
-0.00075876
-0.0006706
-0.0005798
-0.0004867
-0.00039169
-0.00029513
-0.0001974
-9.8895e-05
-3.0822e-18
9.8895e-05
0.0001974
0.00029513
0.00039169
0.0004867
0.0005798
0.0006706
0.00075876
0.00084393
0.00092576
0.0010039
0.0010782
0.0011481
0.0012136
0.0012742
0.0013298
0.0013802
0.0014251
0.0014644
0.0014979
0.0015255
0.0015471
0.0015626
0.0015719
0.001575
0.0015719
0.0015626
0.0015471
0.0015255
0.0014979
0.0014644
0.0014251
0.0013802
0.0013298
0.0012742
0.0012136
0.0011481
0.0010782
0.0010039
0.00092576
0.00084393
0.00075876
0.0006706
0.0005798
0.0004867
0.00039169
0.00029513
0.0001974
9.8895e-05
2.0062e-17
-9.8895e-05
-0.0001974
-0.00029513
-0.00039169
-0.0004867
-0.0005798
-0.0006706
-0.00075876
-0.00084393
-0.00092576
-0.0010039
-0.0010782
-0.0011481
-0.0012136
-0.0012742
-0.0013298
-0.0013802
-0.0014251
-0.0014644
-0.0014979
-0.0015255
-0.0015471
-0.0015626
-0.0015719
-0.001575
-0.0015719
-0.0015626
-0.0015471
-0.0015255
-0.0014979
-0.0014644
-0.0014251
-0.0013802
-0.0013298
-0.0012742
-0.0012136
-0.0011481
-0.0010782
-0.0010039
-0.00092576
-0.00084393
-0.00075876
-0.0006706
-0.0005798
-0.0004867
-0.00039169
-0.00029513
-0.0001974
-9.8895e-05
7.7231e-18
9.8895e-05
0.0001974
0.00029513
0.00039169
0.0004867
0.0005798
0.0006706
0.00075876
0.00084393
0.00092576
0.0010039
0.0010782
0.0011481
0.0012136
0.0012742
0.0013298
0.0013802
0.0014251
0.0014644
0.0014979
0.0015255
0.0015471
0.0015626
0.0015719
0.001575
0.0015719
0.0015626
0.0015471
0.0015255
0.0014979
0.0014644
0.0014251
0.0013802
0.0013298
0.0012742
0.0012136
0.0011481
0.0010782
0.0010039
0.00092576
0.00084393
0.00075876
0.0006706
0.0005798
0.0004867
0.00039169
0.00029513
0.0001974
9.8895e-05
9.2564e-18
-9.8895e-05
-0.0001974
-0.00029513
-0.00039169
-0.0004867
-0.0005798
-0.0006706
-0.00075876
-0.00084393
-0.00092576
-0.0010039
-0.0010782
-0.0011481
-0.0012136
-0.0012742
-0.0013298
-0.0013802
-0.0014251
-0.0014644
-0.0014979
-0.0015255
-0.0015471
-0.0015626
-0.0015719
-0.001575
-0.0015719
-0.0015626
-0.0015471
-0.0015255
-0.0014979
-0.0014644
-0.0014251
-0.0013802
-0.0013298
-0.0012742
-0.0012136
-0.0011481
-0.0010782
-0.0010039
-0.00092576
-0.00084393
-0.00075876
-0.0006706
-0.0005798
-0.0004867
-0.00039169
-0.00029513
-0.0001974
-9.8895e-05
-2.6236e-17
9.8895e-05
0.0001974
0.00029513
0.00039169
0.0004867
0.0005798
0.0006706
0.00075876
0.00084393
0.00092576
0.0010039
0.0010782
0.0011481
0.0012136
0.0012742
0.0013298
0.0013802
0.0014251
0.0014644
0.0014979
0.0015255
0.0015471
0.0015626
0.0015719
0.001575
0.0015719
0.0015626
0.0015471
0.0015255
0.0014979
0.0014644
0.0014251
0.0013802
0.0013298
0.0012742
0.0012136
0.0011481
0.0010782
0.0010039
0.00092576
0.00084393
0.00075876
0.0006706
0.0005798
0.0004867
0.00039169
0.00029513
0.0001974
9.8895e-05
-1.5489e-18
-9.8895e-05
-0.0001974
-0.00029513
-0.00039169
-0.0004867
-0.0005798
-0.0006706
-0.00075876
-0.00084393
-0.00092576
-0.0010039
-0.0010782
-0.0011481
-0.0012136
-0.0012742
-0.0013298
-0.0013802
-0.0014251
-0.0014644
-0.0014979
-0.0015255
-0.0015471
-0.0015626
-0.0015719
-0.001575
-0.0015719
-0.0015626
-0.0015471
-0.0015255
-0.0014979
-0.0014644
-0.0014251
-0.0013802
-0.0013298
-0.0012742
-0.0012136
-0.0011481
-0.0010782
-0.0010039
-0.00092576
-0.00084393
-0.00075876
-0.0006706
-0.0005798
-0.0004867
-0.00039169
-0.00029513
-0.0001974
-9.8895e-05
-1.5431e-17
9.8895e-05
0.0001974
0.00029513
0.00039169
0.0004867
0.0005798
0.0006706
0.00075876
0.00084393
0.00092576
0.0010039
0.0010782
0.0011481
0.0012136
0.0012742
0.0013298
0.0013802
0.0014251
0.0014644
0.0014979
0.0015255
0.0015471
0.0015626
0.0015719
0.001575
0.0015719
0.0015626
0.0015471
0.0015255
0.0014979
0.0014644
0.0014251
0.0013802
0.0013298
0.0012742
0.0012136
0.0011481
0.0010782
0.0010039
0.00092576
0.00084393
0.00075876
0.0006706
0.0005798
0.0004867
0.00039169
0.00029513
0.0001974
9.8895e-05
3.241e-17
-9.8895e-05
-0.0001974
-0.00029513
-0.00039169
-0.0004867
-0.0005798
-0.0006706
-0.00075876
-0.00084393
-0.00092576
-0.0010039
-0.0010782
-0.0011481
-0.0012136
-0.0012742
-0.0013298
-0.0013802
-0.0014251
-0.0014644
-0.0014979
-0.0015255
-0.0015471
-0.0015626
-0.0015719
-0.001575
-0.0015719
-0.0015626
-0.0015471
-0.0015255
-0.0014979
-0.0014644
-0.0014251
-0.0013802
-0.0013298
-0.0012742
-0.0012136
-0.0011481
-0.0010782
-0.0010039
-0.00092576
-0.00084393
-0.00075876
-0.0006706
-0.0005798
-0.0004867
-0.00039169
-0.00029513
-0.0001974
-9.8895e-05
-4.9389e-17
9.8895e-05
0.0001974
0.00029513
0.00039169
0.0004867
0.0005798
0.0006706
0.00075876
0.00084393
0.00092576
0.0010039
0.0010782
0.0011481
0.0012136
0.0012742
0.0013298
0.0013802
0.0014251
0.0014644
0.0014979
0.0015255
0.0015471
0.0015626
0.0015719
0.001575
0.0015719
0.0015626
0.0015471
0.0015255
0.0014979
0.0014644
0.0014251
0.0013802
0.0013298
0.0012742
0.0012136
0.0011481
0.0010782
0.0010039
0.00092576
0.00084393
0.00075876
0.0006706
0.0005798
0.0004867
0.00039169
0.00029513
0.0001974
9.8895e-05
-2.3159e-17
-9.8895e-05
-0.0001974
-0.00029513
-0.00039169
-0.0004867
-0.0005798
-0.0006706
-0.00075876
-0.00084393
-0.00092576
-0.0010039
-0.0010782
-0.0011481
-0.0012136
-0.0012742
-0.0013298
-0.0013802
-0.0014251
-0.0014644
-0.0014979
-0.0015255
-0.0015471
-0.0015626
-0.0015719
-0.001575
-0.0015719
-0.0015626
-0.0015471
-0.0015255
-0.0014979
-0.0014644
-0.0014251
-0.0013802
-0.0013298
-0.0012742
-0.0012136
-0.0011481
-0.0010782
-0.0010039
-0.00092576
-0.00084393
-0.00075876
-0.0006706
-0.0005798
-0.0004867
-0.00039169
-0.00029513
-0.0001974
-9.8895e-05
6.18e-18
9.8895e-05
0.0001974
0.00029513
0.00039169
0.0004867
0.0005798
0.0006706
0.00075876
0.00084393
0.00092576
0.0010039
0.0010782
0.0011481
0.0012136
0.0012742
0.0013298
0.0013802
0.0014251
0.0014644
0.0014979
0.0015255
0.0015471
0.0015626
0.0015719
0.001575
0.0015719
0.0015626
0.0015471
0.0015255
0.0014979
0.0014644
0.0014251
0.0013802
0.0013298
0.0012742
0.0012136
0.0011481
0.0010782
0.0010039
0.00092576
0.00084393
0.00075876
0.0006706
0.0005798
0.0004867
0.00039169
0.00029513
0.0001974
9.8895e-05
1.0799e-17
-9.8895e-05
-0.0001974
-0.00029513
-0.00039169
-0.0004867
-0.0005798
-0.0006706
-0.00075876
-0.00084393
-0.00092576
-0.0010039
-0.0010782
-0.0011481
-0.0012136
-0.0012742
-0.0013298
-0.0013802
-0.0014251
-0.0014644
-0.0014979
-0.0015255
-0.0015471
-0.0015626
-0.0015719
-0.001575
-0.0015719
-0.0015626
-0.0015471
-0.0015255
-0.0014979
-0.0014644
-0.0014251
-0.0013802
-0.0013298
-0.0012742
-0.0012136
-0.0011481
-0.0010782
-0.0010039
-0.00092576
-0.00084393
-0.00075876
-0.0006706
-0.0005798
-0.0004867
-0.00039169
-0.00029513
-0.0001974
-9.8895e-05
-2.7779e-17
9.8895e-05
0.0001974
0.00029513
0.00039169
0.0004867
0.0005798
0.0006706
0.00075876
0.00084393
0.00092576
0.0010039
0.0010782
0.0011481
0.0012136
0.0012742
0.0013298
0.0013802
0.0014251
0.0014644
0.0014979
0.0015255
0.0015471
0.0015626
0.0015719
0.001575
0.0015719
0.0015626
0.0015471
0.0015255
0.0014979
0.0014644
0.0014251
0.0013802
0.0013298
0.0012742
0.0012136
0.0011481
0.0010782
0.0010039
0.00092576
0.00084393
0.00075876
0.0006706
0.0005798
0.0004867
0.00039169
0.00029513
0.0001974
9.8895e-05
-4.477e-17
-9.8895e-05
-0.0001974
-0.00029513
-0.00039169
-0.0004867
-0.0005798
-0.0006706
-0.00075876
-0.00084393
-0.00092576
-0.0010039
-0.0010782
-0.0011481
-0.0012136
-0.0012742
-0.0013298
-0.0013802
-0.0014251
-0.0014644
-0.0014979
-0.0015255
-0.0015471
-0.0015626
-0.0015719
-0.001575
-0.0015719
-0.0015626
-0.0015471
-0.0015255
-0.0014979
-0.0014644
-0.0014251
-0.0013802
-0.0013298
-0.0012742
-0.0012136
-0.0011481
-0.0010782
-0.0010039
-0.00092576
-0.00084393
-0.00075876
-0.0006706
-0.0005798
-0.0004867
-0.00039169
-0.00029513
-0.0001974
-9.8895e-05
2.7791e-17
9.8895e-05
0.0001974
0.00029513
0.00039169
0.0004867
0.0005798
0.0006706
0.00075876
0.00084393
0.00092576
0.0010039
0.0010782
0.0011481
0.0012136
0.0012742
0.0013298
0.0013802
0.0014251
0.0014644
0.0014979
0.0015255
0.0015471
0.0015626
0.0015719
0.001575
0.0015719
0.0015626
0.0015471
0.0015255
0.0014979
0.0014644
0.0014251
0.0013802
0.0013298
0.0012742
0.0012136
0.0011481
0.0010782
0.0010039
0.00092576
0.00084393
0.00075876
0.0006706
0.0005798
0.0004867
0.00039169
0.00029513
0.0001974
9.8895e-05
-1.0811e-17
-9.8895e-05
-0.0001974
-0.00029513
-0.00039169
-0.0004867
-0.0005798
-0.0006706
-0.00075876
-0.00084393
-0.00092576
-0.0010039
-0.0010782
-0.0011481
-0.0012136
-0.0012742
-0.0013298
-0.0013802
-0.0014251
-0.0014644
-0.0014979
-0.0015255
-0.0015471
-0.0015626
-0.0015719
-0.001575
-0.0015719
-0.0015626
-0.0015471
-0.0015255
-0.0014979
-0.0014644
-0.0014251
-0.0013802
-0.0013298
-0.0012742
-0.0012136
-0.0011481
-0.0010782
-0.0010039
-0.00092576
-0.00084393
-0.00075876
-0.0006706
-0.0005798
-0.0004867
-0.00039169
-0.00029513
-0.0001974
-9.8895e-05
-6.1683e-18
9.8895e-05
0.0001974
0.00029513
0.00039169
0.0004867
0.0005798
0.0006706
0.00075876
0.00084393
0.00092576
0.0010039
0.0010782
0.0011481
0.0012136
0.0012742
0.0013298
0.0013802
0.0014251
0.0014644
0.0014979
0.0015255
0.0015471
0.0015626
0.0015719
0.001575
0.0015719
0.0015626
0.0015471
0.0015255
0.0014979
0.0014644
0.0014251
0.0013802
0.0013298
0.0012742
0.0012136
0.0011481
0.0010782
0.0010039
0.00092576
0.00084393
0.00075876
0.0006706
0.0005798
0.0004867
0.00039169
0.00029513
0.0001974
9.8895e-05
2.3148e-17
-9.8895e-05
-0.0001974
-0.00029513
-0.00039169
-0.0004867
-0.0005798
-0.0006706
-0.00075876
-0.00084393
-0.00092576
-0.0010039
-0.0010782
-0.0011481
-0.0012136
-0.0012742
-0.0013298
-0.0013802
-0.0014251
-0.0014644
-0.0014979
-0.0015255
-0.0015471
-0.0015626
-0.0015719
-0.001575
-0.0015719
-0.0015626
-0.0015471
-0.0015255
-0.0014979
-0.0014644
-0.0014251
-0.0013802
-0.0013298
-0.0012742
-0.0012136
-0.0011481
-0.0010782
-0.0010039
-0.00092576
-0.00084393
-0.00075876
-0.0006706
-0.0005798
-0.0004867
-0.00039169
-0.00029513
-0.0001974
-9.8895e-05
4.9401e-17
9.8895e-05
0.0001974
0.00029513
0.00039169
0.0004867
0.0005798
0.0006706
0.00075876
0.00084393
0.00092576
0.0010039
0.0010782
0.0011481
0.0012136
0.0012742
0.0013298
0.0013802
0.0014251
0.0014644
0.0014979
0.0015255
0.0015471
0.0015626
0.0015719
0.001575
0.0015719
0.0015626
0.0015471
0.0015255
0.0014979
0.0014644
0.0014251
0.0013802
0.0013298
0.0012742
0.0012136
0.0011481
0.0010782
0.0010039
0.00092576
0.00084393
0.00075876
0.0006706
0.0005798
0.0004867
0.00039169
0.00029513
0.0001974
9.8895e-05
-3.2422e-17
-9.8895e-05
-0.0001974
-0.00029513
-0.00039169
-0.0004867
-0.0005798
-0.0006706
-0.00075876
-0.00084393
-0.00092576
-0.0010039
-0.0010782
-0.0011481
-0.0012136
-0.0012742
-0.0013298
-0.0013802
-0.0014251
-0.0014644
-0.0014979
-0.0015255
-0.0015471
-0.0015626
-0.0015719
-0.001575
-0.0015719
-0.0015626
-0.0015471
-0.0015255
-0.0014979
-0.0014644
-0.0014251
-0.0013802
-0.0013298
-0.0012742
-0.0012136
-0.0011481
-0.0010782
-0.0010039
-0.00092576
-0.00084393
-0.00075876
-0.0006706
-0.0005798
-0.0004867
-0.00039169
-0.00029513
-0.0001974
-9.8895e-05
1.5442e-17
9.8895e-05
0.0001974
0.00029513
0.00039169
0.0004867
0.0005798
0.0006706
0.00075876
0.00084393
0.00092576
0.0010039
0.0010782
0.0011481
0.0012136
0.0012742
0.0013298
0.0013802
0.0014251
0.0014644
0.0014979
0.0015255
0.0015471
0.0015626
0.0015719
0.001575
0.0015719
0.0015626
0.0015471
0.0015255
0.0014979
0.0014644
0.0014251
0.0013802
0.0013298
0.0012742
0.0012136
0.0011481
0.0010782
0.0010039
0.00092576
0.00084393
0.00075876
0.0006706
0.0005798
0.0004867
0.00039169
0.00029513
0.0001974
9.8895e-05
1.5372e-18
-9.8895e-05
-0.0001974
-0.00029513
-0.00039169
-0.0004867
-0.0005798
-0.0006706
-0.00075876
-0.00084393
-0.00092576
-0.0010039
-0.0010782
-0.0011481
-0.0012136
-0.0012742
-0.0013298
-0.0013802
-0.0014251
-0.0014644
-0.0014979
-0.0015255
-0.0015471
-0.0015626
-0.0015719
-0.001575
-0.0015719
-0.0015626
-0.0015471
-0.0015255
-0.0014979
-0.0014644
-0.0014251
-0.0013802
-0.0013298
-0.0012742
-0.0012136
-0.0011481
-0.0010782
-0.0010039
-0.00092576
-0.00084393
-0.00075876
-0.0006706
-0.0005798
-0.0004867
-0.00039169
-0.00029513
-0.0001974
-9.8895e-05
-1.8517e-17
9.8895e-05
0.0001974
0.00029513
0.00039169
0.0004867
0.0005798
0.0006706
0.00075876
0.00084393
0.00092576
0.0010039
0.0010782
0.0011481
0.0012136
0.0012742
0.0013298
0.0013802
0.0014251
0.0014644
0.0014979
0.0015255
0.0015471
0.0015626
0.0015719
0.001575
0.0015719
0.0015626
0.0015471
0.0015255
0.0014979
0.0014644
0.0014251
0.0013802
0.0013298
0.0012742
0.0012136
0.0011481
0.0010782
0.0010039
0.00092576
0.00084393
0.00075876
0.0006706
0.0005798
0.0004867
0.00039169
0.00029513
0.0001974
9.8895e-05
-5.4032e-17
-9.8895e-05
-0.0001974
-0.00029513
-0.00039169
-0.0004867
-0.0005798
-0.0006706
-0.00075876
-0.00084393
-0.00092576
-0.0010039
-0.0010782
-0.0011481
-0.0012136
-0.0012742
-0.0013298
-0.0013802
-0.0014251
-0.0014644
-0.0014979
-0.0015255
-0.0015471
-0.0015626
-0.0015719
-0.001575
-0.0015719
-0.0015626
-0.0015471
-0.0015255
-0.0014979
-0.0014644
-0.0014251
-0.0013802
-0.0013298
-0.0012742
-0.0012136
-0.0011481
-0.0010782
-0.0010039
-0.00092576
-0.00084393
-0.00075876
-0.0006706
-0.0005798
-0.0004867
-0.00039169
-0.00029513
-0.0001974
-9.8895e-05
3.7053e-17
9.8895e-05
0.0001974
0.00029513
0.00039169
0.0004867
0.0005798
0.0006706
0.00075876
0.00084393
0.00092576
0.0010039
0.0010782
0.0011481
0.0012136
0.0012742
0.0013298
0.0013802
0.0014251
0.0014644
0.0014979
0.0015255
0.0015471
0.0015626
0.0015719
0.001575
0.0015719
0.0015626
0.0015471
0.0015255
0.0014979
0.0014644
0.0014251
0.0013802
0.0013298
0.0012742
0.0012136
0.0011481
0.0010782
0.0010039
0.00092576
0.00084393
0.00075876
0.0006706
0.0005798
0.0004867
0.00039169
0.00029513
0.0001974
9.8895e-05
-2.0073e-17
-9.8895e-05
-0.0001974
-0.00029513
-0.00039169
-0.0004867
-0.0005798
-0.0006706
-0.00075876
-0.00084393
-0.00092576
-0.0010039
-0.0010782
-0.0011481
-0.0012136
-0.0012742
-0.0013298
-0.0013802
-0.0014251
-0.0014644
-0.0014979
-0.0015255
-0.0015471
-0.0015626
-0.0015719
-0.001575
-0.0015719
-0.0015626
-0.0015471
-0.0015255
-0.0014979
-0.0014644
-0.0014251
-0.0013802
-0.0013298
-0.0012742
-0.0012136
-0.0011481
-0.0010782
-0.0010039
-0.00092576
-0.00084393
-0.00075876
-0.0006706
-0.0005798
-0.0004867
-0.00039169
-0.00029513
-0.0001974
-9.8895e-05
3.0939e-18
9.8895e-05
0.0001974
0.00029513
0.00039169
0.0004867
0.0005798
0.0006706
0.00075876
0.00084393
0.00092576
0.0010039
0.0010782
0.0011481
0.0012136
0.0012742
0.0013298
0.0013802
0.0014251
0.0014644
0.0014979
0.0015255
0.0015471
0.0015626
0.0015719
0.001575
0.0015719
0.0015626
0.0015471
0.0015255
0.0014979
0.0014644
0.0014251
0.0013802
0.0013298
0.0012742
0.0012136
0.0011481
0.0010782
0.0010039
0.00092576
0.00084393
0.00075876
0.0006706
0.0005798
0.0004867
0.00039169
0.00029513
0.0001974
9.8895e-05
1.3886e-17
-9.8895e-05
-0.0001974
-0.00029513
-0.00039169
-0.0004867
-0.0005798
-0.0006706
-0.00075876
-0.00084393
-0.00092576
-0.0010039
-0.0010782
-0.0011481
-0.0012136
-0.0012742
-0.0013298
-0.0013802
-0.0014251
-0.0014644
-0.0014979
-0.0015255
-0.0015471
-0.0015626
-0.0015719
-0.001575
-0.0015719
-0.0015626
-0.0015471
-0.0015255
-0.0014979
-0.0014644
-0.0014251
-0.0013802
-0.0013298
-0.0012742
-0.0012136
-0.0011481
-0.0010782
-0.0010039
-0.00092576
-0.00084393
-0.00075876
-0.0006706
-0.0005798
-0.0004867
-0.00039169
-0.00029513
-0.0001974
-9.8895e-05
-3.0865e-17
9.8895e-05
0.0001974
0.00029513
0.00039169
0.0004867
0.0005798
0.0006706
0.00075876
0.00084393
0.00092576
0.0010039
0.0010782
0.0011481
0.0012136
0.0012742
0.0013298
0.0013802
0.0014251
0.0014644
0.0014979
0.0015255
0.0015471
0.0015626
0.0015719
0.001575
0.0015719
0.0015626
0.0015471
0.0015255
0.0014979
0.0014644
0.0014251
0.0013802
0.0013298
0.0012742
0.0012136
0.0011481
0.0010782
0.0010039
0.00092576
0.00084393
0.00075876
0.0006706
0.0005798
0.0004867
0.00039169
0.00029513
0.0001974
9.8895e-05
4.7844e-17
-9.8895e-05
-0.0001974
-0.00029513
-0.00039169
-0.0004867
-0.0005798
-0.0006706
-0.00075876
-0.00084393
-0.00092576
-0.0010039
-0.0010782
-0.0011481
-0.0012136
-0.0012742
-0.0013298
-0.0013802
-0.0014251
-0.0014644
-0.0014979
-0.0015255
-0.0015471
-0.0015626
-0.0015719
-0.001575
-0.0015719
-0.0015626
-0.0015471
-0.0015255
-0.0014979
-0.0014644
-0.0014251
-0.0013802
-0.0013298
-0.0012742
-0.0012136
-0.0011481
-0.0010782
-0.0010039
-0.00092576
-0.00084393
-0.00075876
-0.0006706
-0.0005798
-0.0004867
-0.00039169
-0.00029513
-0.0001974
-9.8895e-05
2.4704e-17
9.8895e-05
0.0001974
0.00029513
0.00039169
0.0004867
0.0005798
0.0006706
0.00075876
0.00084393
0.00092576
0.0010039
0.0010782
0.0011481
0.0012136
0.0012742
0.0013298
0.0013802
0.0014251
0.0014644
0.0014979
0.0015255
0.0015471
0.0015626
0.0015719
0.001575
0.0015719
0.0015626
0.0015471
0.0015255
0.0014979
0.0014644
0.0014251
0.0013802
0.0013298
0.0012742
0.0012136
0.0011481
0.0010782
0.0010039
0.00092576
0.00084393
0.00075876
0.0006706
0.0005798
0.0004867
0.00039169
0.00029513
0.0001974
9.8895e-05
-7.725e-18
-9.8895e-05
-0.0001974
-0.00029513
-0.00039169
-0.0004867
-0.0005798
-0.0006706
-0.00075876
-0.00084393
-0.00092576
-0.0010039
-0.0010782
-0.0011481
-0.0012136
-0.0012742
-0.0013298
-0.0013802
-0.0014251
-0.0014644
-0.0014979
-0.0015255
-0.0015471
-0.0015626
-0.0015719
-0.001575
-0.0015719
-0.0015626
-0.0015471
-0.0015255
-0.0014979
-0.0014644
-0.0014251
-0.0013802
-0.0013298
-0.0012742
-0.0012136
-0.0011481
-0.0010782
-0.0010039
-0.00092576
-0.00084393
-0.00075876
-0.0006706
-0.0005798
-0.0004867
-0.00039169
-0.00029513
-0.0001974
-9.8895e-05
-9.2544e-18
9.8895e-05
0.0001974
0.00029513
0.00039169
0.0004867
0.0005798
0.0006706
0.00075876
0.00084393
0.00092576
0.0010039
0.0010782
0.0011481
0.0012136
0.0012742
0.0013298
0.0013802
0.0014251
0.0014644
0.0014979
0.0015255
0.0015471
0.0015626
0.0015719
0.001575
0.0015719
0.0015626
0.0015471
0.0015255
0.0014979
0.0014644
0.0014251
0.0013802
0.0013298
0.0012742
0.0012136
0.0011481
0.0010782
0.0010039
0.00092576
0.00084393
0.00075876
0.0006706
0.0005798
0.0004867
0.00039169
0.00029513
0.0001974
9.8895e-05
2.6234e-17
-9.8895e-05
-0.0001974
-0.00029513
-0.00039169
-0.0004867
-0.0005798
-0.0006706
-0.00075876
-0.00084393
-0.00092576
-0.0010039
-0.0010782
-0.0011481
-0.0012136
-0.0012742
-0.0013298
-0.0013802
-0.0014251
-0.0014644
-0.0014979
-0.0015255
-0.0015471
-0.0015626
-0.0015719
-0.001575
-0.0015719
-0.0015626
-0.0015471
-0.0015255
-0.0014979
-0.0014644
-0.0014251
-0.0013802
-0.0013298
-0.0012742
-0.0012136
-0.0011481
-0.0010782
-0.0010039
-0.00092576
-0.00084393
-0.00075876
-0.0006706
-0.0005798
-0.0004867
-0.00039169
-0.00029513
-0.0001974
-9.8895e-05
-4.3213e-17
9.8895e-05
0.0001974
0.00029513
0.00039169
0.0004867
0.0005798
0.0006706
0.00075876
0.00084393
0.00092576
0.0010039
0.0010782
0.0011481
0.0012136
0.0012742
0.0013298
0.0013802
0.0014251
0.0014644
0.0014979
0.0015255
0.0015471
0.0015626
0.0015719
0.001575
0.0015719
0.0015626
0.0015471
0.0015255
0.0014979
0.0014644
0.0014251
0.0013802
0.0013298
0.0012742
0.0012136
0.0011481
0.0010782
0.0010039
0.00092576
0.00084393
0.00075876
0.0006706
0.0005798
0.0004867
0.00039169
0.00029513
0.0001974
9.8895e-05
-2.9336e-17
-9.8895e-05
-0.0001974
-0.00029513
-0.00039169
-0.0004867
-0.0005798
-0.0006706
-0.00075876
-0.00084393
-0.00092576
-0.0010039
-0.0010782
-0.0011481
-0.0012136
-0.0012742
-0.0013298
-0.0013802
-0.0014251
-0.0014644
-0.0014979
-0.0015255
-0.0015471
-0.0015626
-0.0015719
-0.001575
-0.0015719
-0.0015626
-0.0015471
-0.0015255
-0.0014979
-0.0014644
-0.0014251
-0.0013802
-0.0013298
-0.0012742
-0.0012136
-0.0011481
-0.0010782
-0.0010039
-0.00092576
-0.00084393
-0.00075876
-0.0006706
-0.0005798
-0.0004867
-0.00039169
-0.00029513
-0.0001974
-9.8895e-05
1.2356e-17
9.8895e-05
0.0001974
0.00029513
0.00039169
0.0004867
0.0005798
0.0006706
0.00075876
0.00084393
0.00092576
0.0010039
0.0010782
0.0011481
0.0012136
0.0012742
0.0013298
0.0013802
0.0014251
0.0014644
0.0014979
0.0015255
0.0015471
0.0015626
0.0015719
0.001575
0.0015719
0.0015626
0.0015471
0.0015255
0.0014979
0.0014644
0.0014251
0.0013802
0.0013298
0.0012742
0.0012136
0.0011481
0.0010782
0.0010039
0.00092576
0.00084393
0.00075876
0.0006706
0.0005798
0.0004867
0.00039169
0.00029513
0.0001974
9.8895e-05
4.6233e-18
-9.8895e-05
-0.0001974
-0.00029513
-0.00039169
-0.0004867
-0.0005798
-0.0006706
-0.00075876
-0.00084393
-0.00092576
-0.0010039
-0.0010782
-0.0011481
-0.0012136
-0.0012742
-0.0013298
-0.0013802
-0.0014251
-0.0014644
-0.0014979
-0.0015255
-0.0015471
-0.0015626
-0.0015719
-0.001575
-0.0015719
-0.0015626
-0.0015471
-0.0015255
-0.0014979
-0.0014644
-0.0014251
-0.0013802
-0.0013298
-0.0012742
-0.0012136
-0.0011481
-0.0010782
-0.0010039
-0.00092576
-0.00084393
-0.00075876
-0.0006706
-0.0005798
-0.0004867
-0.00039169
-0.00029513
-0.0001974
-9.8895e-05
-2.1603e-17
9.8895e-05
0.0001974
0.00029513
0.00039169
0.0004867
0.0005798
0.0006706
0.00075876
0.00084393
0.00092576
0.0010039
0.0010782
0.0011481
0.0012136
0.0012742
0.0013298
0.0013802
0.0014251
0.0014644
0.0014979
0.0015255
0.0015471
0.0015626
0.0015719
0.001575
0.0015719
0.0015626
0.0015471
0.0015255
0.0014979
0.0014644
0.0014251
0.0013802
0.0013298
0.0012742
0.0012136
0.0011481
0.0010782
0.0010039
0.00092576
0.00084393
0.00075876
0.0006706
0.0005798
0.0004867
0.00039169
0.00029513
0.0001974
9.8895e-05
3.8582e-17
-9.8895e-05
-0.0001974
-0.00029513
-0.00039169
-0.0004867
-0.0005798
-0.0006706
-0.00075876
-0.00084393
-0.00092576
-0.0010039
-0.0010782
-0.0011481
-0.0012136
-0.0012742
-0.0013298
-0.0013802
-0.0014251
-0.0014644
-0.0014979
-0.0015255
-0.0015471
-0.0015626
-0.0015719
-0.001575
-0.0015719
-0.0015626
-0.0015471
-0.0015255
-0.0014979
-0.0014644
-0.0014251
-0.0013802
-0.0013298
-0.0012742
-0.0012136
-0.0011481
-0.0010782
-0.0010039
-0.00092576
-0.00084393
-0.00075876
-0.0006706
-0.0005798
-0.0004867
-0.00039169
-0.00029513
-0.0001974
-9.8895e-05
3.3967e-17
9.8895e-05
0.0001974
0.00029513
0.00039169
0.0004867
0.0005798
0.0006706
0.00075876
0.00084393
0.00092576
0.0010039
0.0010782
0.0011481
0.0012136
0.0012742
0.0013298
0.0013802
0.0014251
0.0014644
0.0014979
0.0015255
0.0015471
0.0015626
0.0015719
0.001575
0.0015719
0.0015626
0.0015471
0.0015255
0.0014979
0.0014644
0.0014251
0.0013802
0.0013298
0.0012742
0.0012136
0.0011481
0.0010782
0.0010039
0.00092576
0.00084393
0.00075876
0.0006706
0.0005798
0.0004867
0.00039169
0.00029513
0.0001974
9.8895e-05
-1.6987e-17
-9.8895e-05
-0.0001974
-0.00029513
-0.00039169
-0.0004867
-0.0005798
-0.0006706
-0.00075876
-0.00084393
-0.00092576
-0.0010039
-0.0010782
-0.0011481
-0.0012136
-0.0012742
-0.0013298
-0.0013802
-0.0014251
-0.0014644
-0.0014979
-0.0015255
-0.0015471
-0.0015626
-0.0015719
-0.001575
-0.0015719
-0.0015626
-0.0015471
-0.0015255
-0.0014979
-0.0014644
-0.0014251
-0.0013802
-0.0013298
-0.0012742
-0.0012136
-0.0011481
-0.0010782
-0.0010039
-0.00092576
-0.00084393
-0.00075876
-0.0006706
-0.0005798
-0.0004867
-0.00039169
-0.00029513
-0.0001974
-9.8895e-05
7.7914e-21
9.8697e-05
0.00019681
0.00029395
0.00038973
0.00048378
0.00057574
0.00066524
0.00075193
0.00083549
0.00091558
0.0009919
0.0010641
0.0011321
0.0011954
0.0012538
0.0013072
0.0013553
0.001398
0.0014351
0.0014665
0.001492
0.0015115
0.0015251
0.0015326
0.001534
0.0015295
0.0015188
0.0015022
0.0014798
0.0014515
0.0014175
0.0013781
0.0013333
0.0012833
0.0012283
0.0011687
0.0011045
0.0010361
0.00096379
0.00088781
0.00080848
0.00072614
0.0006411
0.00055371
0.00046431
0.00037328
0.00028096
0.00018773
9.395e-05
1.6106e-17
-9.3753e-05
-0.00018694
-0.00027919
-0.00037014
-0.00045945
-0.00054675
-0.00063171
-0.000714
-0.00079329
-0.00086929
-0.0009417
-0.0010102
-0.0010746
-0.0011347
-0.0011901
-0.0012407
-0.0012863
-0.0013268
-0.0013619
-0.0013916
-0.0014157
-0.0014342
-0.0014469
-0.001454
-0.0014553
-0.0014509
-0.0014407
-0.0014249
-0.0014035
-0.0013766
-0.0013443
-0.0013068
-0.0012642
-0.0012168
-0.0011646
-0.001108
-0.0010471
-0.00098221
-0.00091359
-0.00084152
-0.00076629
-0.0006882
-0.00060757
-0.00052472
-0.00043998
-0.00035369
-0.0002662
-0.00017786
-8.9006e-05
4.9964e-17
8.8808e-05
0.00017707
0.00026443
0.00035056
0.00043511
0.00051776
0.00059818
0.00067606
0.0007511
0.000823
0.0008915
0.00095633
0.0010172
0.001074
0.0011264
0.0011742
0.0012173
0.0012555
0.0012887
0.0013167
0.0013394
0.0013568
0.0013688
0.0013754
0.0013766
0.0013723
0.0013626
0.0013475
0.0013272
0.0013017
0.0012711
0.0012356
0.0011952
0.0011503
0.0011009
0.0010473
0.00098968
0.0009283
0.00086339
0.00079523
0.00072409
0.00065026
0.00057404
0.00049573
0.00041564
0.00033411
0.00025145
0.00016799
8.4061e-05
-3.277e-17
-8.3863e-05
-0.0001672
-0.00024968
-0.00033098
-0.00041078
-0.00048877
-0.00056465
-0.00063812
-0.0007089
-0.00077671
-0.0008413
-0.00090242
-0.00095983
-0.0010133
-0.0010627
-0.0011077
-0.0011483
-0.0011843
-0.0012155
-0.0012418
-0.0012631
-0.0012795
-0.0012907
-0.0012968
-0.0012978
-0.0012937
-0.0012844
-0.0012702
-0.0012509
-0.0012268
-0.0011979
-0.0011643
-0.0011262
-0.0010838
-0.0010372
-0.00098662
-0.00093228
-0.00087439
-0.00081319
-0.00074894
-0.00068189
-0.00061232
-0.00054051
-0.00046674
-0.00039131
-0.00031452
-0.00023669
-0.00015812
-7.9116e-05
-5.426e-17
7.8918e-05
0.00015733
0.00023492
0.00031139
0.00038644
0.00045978
0.00053112
0.00060018
0.0006667
0.00073043
0.00079111
0.00084851
0.00090243
0.00095264
0.00099897
0.0010412
0.0010793
0.001113
0.0011422
0.0011669
0.0011869
0.0012021
0.0012126
0.0012182
0.001219
0.0012151
0.0012063
0.0011928
0.0011746
0.0011519
0.0011247
0.0010931
0.0010572
0.0010173
0.00097349
0.00092595
0.00087487
0.00082048
0.000763
0.00070265
0.0006397
0.00057438
0.00050698
0.00043775
0.00036697
0.00029494
0.00022193
0.00014825
7.4171e-05
6.3582e-17
-7.3974e-05
-0.00014746
-0.00022016
-0.00029181
-0.00036211
-0.00043079
-0.00049759
-0.00056224
-0.00062451
-0.00068414
-0.00074091
-0.00079461
-0.00084502
-0.00089197
-0.00093526
-0.00097476
-0.0010103
-0.0010418
-0.001069
-0.001092
-0.0011106
-0.0011247
-0.0011344
-0.0011396
-0.0011403
-0.0011365
-0.0011282
-0.0011155
-0.0010984
-0.001077
-0.0010514
-0.0010218
-0.00098821
-0.00095082
-0.00090978
-0.00086527
-0.00081747
-0.00076657
-0.0007128
-0.00065637
-0.0005975
-0.00053644
-0.00047345
-0.00040876
-0.00034264
-0.00027536
-0.00020718
-0.00013838
-6.9227e-05
-7.1206e-17
6.9029e-05
0.00013759
0.00020541
0.00027222
0.00033777
0.0004018
0.00046406
0.0005243
0.00058231
0.00063785
0.00069071
0.0007407
0.00078761
0.00083129
0.00087155
0.00090826
0.00094128
0.00097049
0.00099579
0.0010171
0.0010343
0.0010474
0.0010563
0.001061
0.0010615
0.0010579
0.0010501
0.0010381
0.0010221
0.0010021
0.00097822
0.00095054
0.0009192
0.00088433
0.00084607
0.00080459
0.00076006
0.00071266
0.0006626
0.00061008
0.0005553
0.00049851
0.00043992
0.00037977
0.0003183
0.00025577
0.00019242
0.00012851
6.4282e-05
1.9029e-17
-6.4084e-05
-0.00012772
-0.00019065
-0.00025264
-0.00031344
-0.00037281
-0.00043053
-0.00048637
-0.00054011
-0.00059156
-0.00064052
-0.00068679
-0.00073021
-0.00077061
-0.00080784
-0.00084177
-0.00087228
-0.00089924
-0.00092257
-0.00094219
-0.00095803
-0.00097003
-0.00097818
-0.00098243
-0.0009828
-0.00097929
-0.00097193
-0.00096075
-0.00094582
-0.00092721
-0.000905
-0.00087929
-0.00085019
-0.00081784
-0.00078236
-0.00074391
-0.00070265
-0.00065876
-0.00061241
-0.00056379
-0.00051311
-0.00046057
-0.00040639
-0.00035078
-0.00029397
-0.00023619
-0.00017767
-0.00011864
-5.9337e-05
-8.1361e-17
5.9139e-05
0.00011785
0.00017589
0.00023305
0.0002891
0.00034382
0.000397
0.00044843
0.00049792
0.00054527
0.00059032
0.00063288
0.0006728
0.00070993
0.00074413
0.00077528
0.00080327
0.00082798
0.00084935
0.00086729
0.00088175
0.00089268
0.00090005
0.00090384
0.00090405
0.00090069
0.0008938
0.0008834
0.00086955
0.00085231
0.00083178
0.00080803
0.00078118
0.00075135
0.00071865
0.00068323
0.00064525
0.00060485
0.00056221
0.0005175
0.00047091
0.00042263
0.00037285
0.00032179
0.00026963
0.0002166
0.00016291
0.00010877
5.4392e-05
3.474e-17
-5.4194e-05
-0.00010798
-0.00016114
-0.00021347
-0.00026477
-0.00031483
-0.00036347
-0.00041049
-0.00045572
-0.00049899
-0.00054012
-0.00057897
-0.0006154
-0.00064925
-0.00068042
-0.00070879
-0.00073426
-0.00075673
-0.00077613
-0.0007924
-0.00080547
-0.00081532
-0.00082192
-0.00082524
-0.0008253
-0.0008221
-0.00081567
-0.00080604
-0.00079327
-0.00077742
-0.00075856
-0.00073678
-0.00071217
-0.00068486
-0.00065494
-0.00062256
-0.00058784
-0.00055094
-0.00051201
-0.00047121
-0.00042872
-0.00038469
-0.00033932
-0.0002928
-0.0002453
-0.00019702
-0.00014815
-9.8897e-05
-4.9448e-05
-4.0049e-17
4.925e-05
9.8108e-05
0.00014638
0.00019388
0.00024043
0.00028584
0.00032994
0.00037255
0.00041352
0.0004527
0.00048992
0.00052506
0.00055799
0.00058858
0.00061671
0.0006423
0.00066525
0.00068547
0.00070291
0.0007175
0.0007292
0.00073797
0.00074379
0.00074665
0.00074655
0.0007435
0.00073754
0.00072869
0.00071699
0.00070252
0.00068534
0.00066552
0.00064317
0.00061836
0.00059123
0.00056188
0.00053043
0.00049703
0.00046181
0.00042492
0.00038652
0.00034675
0.00030579
0.00026381
0.00022096
0.00017743
0.0001334
8.9027e-05
4.4503e-05
4.366e-17
-4.4305e-05
-8.8238e-05
-0.00013163
-0.0001743
-0.0002161
-0.00025685
-0.00029641
-0.00033461
-0.00037133
-0.00040641
-0.00043973
-0.00047116
-0.00050058
-0.0005279
-0.000553
-0.00057581
-0.00059624
-0.00061422
-0.00062969
-0.00064261
-0.00065292
-0.00066061
-0.00066566
-0.00066805
-0.0006678
-0.00066491
-0.00065941
-0.00065133
-0.00064072
-0.00062763
-0.00061212
-0.00059427
-0.00057416
-0.00055187
-0.00052752
-0.0005012
-0.00047303
-0.00044312
-0.00041162
-0.00037864
-0.00034432
-0.00030882
-0.00027226
-0.00023482
-0.00019663
-0.00015785
-0.00011864
-7.9157e-05
-3.9558e-05
-9.8509e-18
3.936e-05
7.8368e-05
0.00011687
0.00015472
0.00019176
0.00022786
0.00026288
0.00029668
0.00032913
0.00036012
0.00038953
0.00041725
0.00044318
0.00046722
0.00048929
0.00050932
0.00052723
0.00054296
0.00055647
0.00056771
0.00057665
0.00058326
0.00058753
0.00058946
0.00058905
0.00058632
0.00058128
0.00057397
0.00056444
0.00055273
0.0005389
0.00052301
0.00050515
0.00048538
0.00046381
0.00044052
0.00041562
0.00038922
0.00036142
0.00033235
0.00030213
0.00027088
0.00023873
0.00020583
0.00017229
0.00013827
0.00010388
6.9287e-05
3.4613e-05
4.5788e-17
-3.4415e-05
-6.8498e-05
-0.00010211
-0.00013513
-0.00016743
-0.00019887
-0.00022935
-0.00025874
-0.00028694
-0.00031383
-0.00033933
-0.00036334
-0.00038577
-0.00040654
-0.00042558
-0.00044283
-0.00045822
-0.00047171
-0.00048325
-0.00049281
-0.00050037
-0.0005059
-0.0005094
-0.00051086
-0.0005103
-0.00050772
-0.00050315
-0.00049662
-0.00048817
-0.00047783
-0.00046568
-0.00045176
-0.00043614
-0.00041889
-0.0004001
-0.00037984
-0.00035822
-0.00033531
-0.00031122
-0.00028606
-0.00025993
-0.00023294
-0.0002052
-0.00017684
-0.00014796
-0.00011868
-8.9128e-05
-5.9417e-05
-2.9669e-05
-1.7536e-17
2.9471e-05
5.8628e-05
8.7357e-05
0.00011555
0.00014309
0.00016988
0.00019582
0.0002208
0.00024474
0.00026755
0.00028914
0.00030943
0.00032836
0.00034586
0.00036187
0.00037634
0.00038921
0.00040045
0.00041003
0.00041792
0.00042409
0.00042855
0.00043127
0.00043227
0.00043155
0.00042913
0.00042502
0.00041926
0.00041189
0.00040294
0.00039246
0.0003805
0.00036713
0.0003524
0.00033639
0.00031917
0.00030081
0.0002814
0.00026103
0.00023977
0.00021773
0.000195
0.00017167
0.00014785
0.00012362
9.9097e-05
7.4372e-05
4.9547e-05
2.4724e-05
1.8831e-17
-2.4526e-05
-4.8758e-05
-7.2601e-05
-9.5963e-05
-0.00011876
-0.00014089
-0.00016229
-0.00018286
-0.00020254
-0.00022126
-0.00023894
-0.00025552
-0.00027096
-0.00028519
-0.00029816
-0.00030985
-0.0003202
-0.0003292
-0.00033681
-0.00034302
-0.00034782
-0.00035119
-0.00035314
-0.00035368
-0.0003528
-0.00035053
-0.00034689
-0.00034191
-0.00033561
-0.00032804
-0.00031924
-0.00030925
-0.00029812
-0.00028591
-0.00027268
-0.00025849
-0.0002434
-0.00022749
-0.00021083
-0.00019348
-0.00017554
-0.00015706
-0.00013814
-0.00011886
-9.9287e-05
-7.9512e-05
-5.9615e-05
-3.9677e-05
-1.9779e-05
-1.8429e-17
1.9581e-05
3.8888e-05
5.7845e-05
7.6379e-05
9.442e-05
0.0001119
0.00012876
0.00014492
0.00016035
0.00017497
0.00018874
0.00020162
0.00021355
0.00022451
0.00023445
0.00024336
0.00025119
0.00025794
0.00026359
0.00026813
0.00027154
0.00027384
0.00027501
0.00027508
0.00027405
0.00027194
0.00026876
0.00026455
0.00025934
0.00025315
0.00024602
0.00023799
0.00022911
0.00021942
0.00020897
0.00019781
0.000186
0.00017358
0.00016063
0.0001472
0.00013334
0.00011913
0.00010461
8.9868e-05
7.4952e-05
5.9928e-05
4.4859e-05
2.9807e-05
1.4834e-05
2.9886e-18
-1.4636e-05
-2.9018e-05
-4.3088e-05
-5.6795e-05
-7.0085e-05
-8.2911e-05
-9.5226e-05
-0.00010699
-0.00011815
-0.00012868
-0.00013854
-0.00014771
-0.00015615
-0.00016383
-0.00017074
-0.00017687
-0.00018218
-0.00018669
-0.00019037
-0.00019323
-0.00019527
-0.00019648
-0.00019689
-0.00019649
-0.0001953
-0.00019334
-0.00019063
-0.0001872
-0.00018306
-0.00017825
-0.0001728
-0.00016674
-0.0001601
-0.00015293
-0.00014526
-0.00013713
-0.00012859
-0.00011968
-0.00011043
-0.00010091
-9.1144e-05
-8.1188e-05
-7.1084e-05
-6.0879e-05
-5.0617e-05
-4.0344e-05
-3.0103e-05
-1.9937e-05
-9.8895e-06
-1.253e-17
9.6917e-06
1.9148e-05
2.8332e-05
3.721e-05
4.575e-05
5.3921e-05
6.1695e-05
6.9047e-05
7.5953e-05
8.2393e-05
8.8347e-05
9.38e-05
9.8739e-05
0.00010315
0.00010703
0.00011037
0.00011318
0.00011543
0.00011715
0.00011834
0.00011899
0.00011913
0.00011876
0.00011789
0.00011655
0.00011475
0.00011251
0.00010984
0.00010679
0.00010336
9.9579e-05
9.5482e-05
9.1092e-05
8.6438e-05
8.1549e-05
7.6454e-05
7.1184e-05
6.5768e-05
6.0237e-05
5.462e-05
4.8948e-05
4.3249e-05
3.7554e-05
3.1889e-05
2.6282e-05
2.0759e-05
1.5347e-05
1.0067e-05
4.9448e-06
2.6468e-18
-4.747e-06
-9.2778e-06
-1.3576e-05
-1.7626e-05
-2.1415e-05
-2.4931e-05
-2.8165e-05
-3.1109e-05
-3.3757e-05
-3.6105e-05
-3.815e-05
-3.9892e-05
-4.1333e-05
-4.2475e-05
-4.3323e-05
-4.3884e-05
-4.4166e-05
-4.4178e-05
-4.3932e-05
-4.344e-05
-4.2715e-05
-4.1772e-05
-4.0627e-05
-3.9297e-05
-3.78e-05
-3.6154e-05
-3.4377e-05
-3.2489e-05
-3.051e-05
-2.846e-05
-2.6359e-05
-2.4227e-05
-2.2083e-05
-1.9947e-05
-1.7839e-05
-1.5776e-05
-1.3778e-05
-1.186e-05
-1.0039e-05
-8.3319e-06
-6.7514e-06
-5.3113e-06
-4.0236e-06
-2.899e-06
-1.9468e-06
-1.1751e-06
-5.9025e-07
-1.974e-07
-0
-0
0
0
0
0
0
0
0
0
0
0
0
0
0
0
0
0
0
0
0
0
0
0
0
0
0
0
0
0
0
0
0
0
0
0
0
0
0
0
0
0
0
0
0
0
0
0
0
0
0
0
-0
-0
-0
-0
-0
-0
-0
-0
-0
-0
-0
-0
-0
-0
-0
-0
-0
-0
-0
-0
-0
-0
-0
-0
-0
-0
-0
-0
-0
-0
-0
-0
-0
-0
-0
-0
-0
-0
-0
-0
-0
-0
-0
-0
-0
-0
-0
-0
-0
-0
0
0
0
0
0
0
0
0
0
0
0
0
0
0
0
0
0
0
0
0
0
0
0
0
0
0
0
0
0
0
0
0
0
0
0
0
0
0
0
0
0
0
0
0
0
0
0
0
0
0
-0
-0
-0
-0
-0
-0
-0
-0
-0
-0
-0
-0
-0
-0
-0
-0
-0
-0
-0
-0
-0
-0
-0
-0
-0
-0
-0
-0
-0
-0
-0
-0
-0
-0
-0
-0
-0
-0
-0
-0
-0
-0
-0
-0
-0
-0
-0
-0
-0
-0
0
0
0
0
0
0
0
0
0
0
0
0
0
0
0
0
0
0
0
0
0
0
0
0
0
0
0
0
0
0
0
0
0
0
0
0
0
0
0
0
0
0
0
0
0
0
0
0
0
0
-0
-0
-0
-0
-0
-0
-0
-0
-0
-0
-0
-0
-0
-0
-0
-0
-0
-0
-0
-0
-0
-0
-0
-0
-0
-0
-0
-0
-0
-0
-0
-0
-0
-0
-0
-0
-0
-0
-0
-0
-0
-0
-0
-0
-0
-0
-0
-0
-0
-0
0
0
0
0
0
0
0
0
0
0
0
0
0
0
0
0
0
0
0
0
0
0
0
0
0
0
0
0
0
0
0
0
0
0
0
0
0
0
0
0
0
0
0
0
0
0
0
0
0
0
-0
-0
-0
-0
-0
-0
-0
-0
-0
-0
-0
-0
-0
-0
-0
-0
-0
-0
-0
-0
-0
-0
-0
-0
-0
-0
-0
-0
-0
-0
-0
-0
-0
-0
-0
-0
-0
-0
-0
-0
-0
-0
-0
-0
-0
-0
-0
-0
-0
-0
0
0
0
0
0
0
0
0
0
0
0
0
0
0
0
0
0
0
0
0
0
0
0
0
0
0
0
0
0
0
0
0
0
0
0
0
0
0
0
0
0
0
0
0
0
0
0
0
0
0
-0
-0
-0
-0
-0
-0
-0
-0
-0
-0
-0
-0
-0
-0
-0
-0
-0
-0
-0
-0
-0
-0
-0
-0
-0
-0
-0
-0
-0
-0
-0
-0
-0
-0
-0
-0
-0
-0
-0
-0
-0
-0
-0
-0
-0
-0
-0
-0
-0
-0
0
0
0
0
0
0
0
0
0
0
0
0
0
0
0
0
0
0
0
0
0
0
0
0
0
0
0
0
0
0
0
0
0
0
0
0
0
0
0
0
0
0
0
0
0
0
0
0
0
0
-0
-0
-0
-0
-0
-0
-0
-0
-0
-0
-0
-0
-0
-0
-0
-0
-0
-0
-0
-0
-0
-0
-0
-0
-0
-0
-0
-0
-0
-0
-0
-0
-0
-0
-0
-0
-0
-0
-0
-0
-0
-0
-0
-0
-0
-0
-0
-0
-0
-0
0
0
0
0
0
0
0
0
0
0
0
0
0
0
0
0
0
0
0
0
0
0
0
0
0
0
0
0
0
0
0
0
0
0
0
0
0
0
0
0
0
0
0
0
0
0
0
0
0
0
-0
-0
-0
-0
-0
-0
-0
-0
-0
-0
-0
-0
-0
-0
-0
-0
-0
-0
-0
-0
-0
-0
-0
-0
-0
-0
-0
-0
-0
-0
-0
-0
-0
-0
-0
-0
-0
-0
-0
-0
-0
-0
-0
-0
-0
-0
-0
-0
-0
-0
0
0
0
0
0
0
0
0
0
0
0
0
0
0
0
0
0
0
0
0
0
0
0
0
0
0
0
0
0
0
0
0
0
0
0
0
0
0
0
0
0
0
0
0
0
0
0
0
0
0
-0
-0
-0
-0
-0
-0
-0
-0
-0
-0
-0
-0
-0
-0
-0
-0
-0
-0
-0
-0
-0
-0
-0
-0
-0
-0
-0
-0
-0
-0
-0
-0
-0
-0
-0
-0
-0
-0
-0
-0
-0
-0
-0
-0
-0
-0
-0
-0
-0
-0
0
0
0
0
0
0
0
0
0
0
0
0
0
0
0
0
0
0
0
0
0
0
0
0
0
0
0
0
0
0
0
0
0
0
0
0
0
0
0
0
0
0
0
0
0
0
0
0
0
0
-0
-0
-0
-0
-0
-0
-0
-0
-0
-0
-0
-0
-0
-0
-0
-0
-0
-0
-0
-0
-0
-0
-0
-0
-0
-0
-0
-0
-0
-0
-0
-0
-0
-0
-0
-0
-0
-0
-0
-0
-0
-0
-0
-0
-0
-0
-0
-0
-0
-0
0
0
0
0
0
0
0
0
0
0
0
0
0
0
0
0
0
0
0
0
0
0
0
0
0
0
0
0
0
0
0
0
0
0
0
0
0
0
0
0
0
0
0
0
0
0
0
0
0
0
-0
-0
-0
-0
-0
-0
-0
-0
-0
-0
-0
-0
-0
-0
-0
-0
-0
-0
-0
-0
-0
-0
-0
-0
-0
-0
-0
-0
-0
-0
-0
-0
-0
-0
-0
-0
-0
-0
-0
-0
-0
-0
-0
-0
-0
-0
-0
-0
-0
-0
0
0
0
0
0
0
0
0
0
0
0
0
0
0
0
0
0
0
0
0
0
0
0
0
0
0
0
0
0
0
0
0
0
0
0
0
0
0
0
0
0
0
0
0
0
0
0
0
0
0
-0
-0
-0
-0
-0
-0
-0
-0
-0
-0
-0
-0
-0
-0
-0
-0
-0
-0
-0
-0
-0
-0
-0
-0
-0
-0
-0
-0
-0
-0
-0
-0
-0
-0
-0
-0
-0
-0
-0
-0
-0
-0
-0
-0
-0
-0
-0
-0
-0
0
0
0
0
0
0
0
0
0
0
0
0
0
0
0
0
0
0
0
0
0
0
0
0
0
0
0
0
0
0
0
0
0
0
0
0
0
0
0
0
0
0
0
0
0
0
0
0
0
0
0
-0
-0
-0
-0
-0
-0
-0
-0
-0
-0
-0
-0
-0
-0
-0
-0
-0
-0
-0
-0
-0
-0
-0
-0
-0
-0
-0
-0
-0
-0
-0
-0
-0
-0
-0
-0
-0
-0
-0
-0
-0
-0
-0
-0
-0
-0
-0
-0
-0
-0
0
0
0
0
0
0
0
0
0
0
0
0
0
0
0
0
0
0
0
0
0
0
0
0
0
0
0
0
0
0
0
0
0
0
0
0
0
0
0
0
0
0
0
0
0
0
0
0
0
-0
-0
-0
-0
-0
-0
-0
-0
-0
-0
-0
-0
-0
-0
-0
-0
-0
-0
-0
-0
-0
-0
-0
-0
-0
-0
-0
-0
-0
-0
-0
-0
-0
-0
-0
-0
-0
-0
-0
-0
-0
-0
-0
-0
-0
-0
-0
-0
-0
-0
-0
0
0
0
0
0
0
0
0
0
0
0
0
0
0
0
0
0
0
0
0
0
0
0
0
0
0
0
0
0
0
0
0
0
0
0
0
0
0
0
0
0
0
0
0
0
0
0
0
0
0
-0
-0
-0
-0
-0
-0
-0
-0
-0
-0
-0
-0
-0
-0
-0
-0
-0
-0
-0
-0
-0
-0
-0
-0
-0
-0
-0
-0
-0
-0
-0
-0
-0
-0
-0
-0
-0
-0
-0
-0
-0
-0
-0
-0
-0
-0
-0
-0
-0
-0
0
0
0
0
0
0
0
0
0
0
0
0
0
0
0
0
0
0
0
0
0
0
0
0
0
0
0
0
0
0
0
0
0
0
0
0
0
0
0
0
0
0
0
0
0
0
0
0
0
0
-0
-0
-0
-0
-0
-0
-0
-0
-0
-0
-0
-0
-0
-0
-0
-0
-0
-0
-0
-0
-0
-0
-0
-0
-0
-0
-0
-0
-0
-0
-0
-0
-0
-0
-0
-0
-0
-0
-0
-0
-0
-0
-0
-0
-0
-0
-0
-0
-0
0
0
0
0
0
0
0
0
0
0
0
0
0
0
0
0
0
0
0
0
0
0
0
0
0
0
0
0
0
0
0
0
0
0
0
0
0
0
0
0
0
0
0
0
0
0
0
0
0
0
0
-0
-0
-0
-0
-0
-0
-0
-0
-0
-0
-0
-0
-0
-0
-0
-0
-0
-0
-0
-0
-0
-0
-0
-0
-0
-0
-0
-0
-0
-0
-0
-0
-0
-0
-0
-0
-0
-0
-0
-0
-0
-0
-0
-0
-0
-0
-0
-0
-0
0
0
0
0
0
0
0
0
0
0
0
0
0
0
0
0
0
0
0
0
0
0
0
0
0
0
0
0
0
0
0
0
0
0
0
0
0
0
0
0
0
0
0
0
0
0
0
0
0
0
0
-0
-0
-0
-0
-0
-0
-0
-0
-0
-0
-0
-0
-0
-0
-0
-0
-0
-0
-0
-0
-0
-0
-0
-0
-0
-0
-0
-0
-0
-0
-0
-0
-0
-0
-0
-0
-0
-0
-0
-0
-0
-0
-0
-0
-0
-0
-0
-0
-0
-0
0
0
0
0
0
0
0
0
0
0
0
0
0
0
0
0
0
0
0
0
0
0
0
0
0
0
0
0
0
0
0
0
0
0
0
0
0
0
0
0
0
0
0
0
0
0
0
0
0
0
-0
-0
-0
-0
-0
-0
-0
-0
-0
-0
-0
-0
-0
-0
-0
-0
-0
-0
-0
-0
-0
-0
-0
-0
-0
-0
-0
-0
-0
-0
-0
-0
-0
-0
-0
-0
-0
-0
-0
-0
-0
-0
-0
-0
-0
-0
-0
-0
-0
-0
0
0
0
0
0
0
0
0
0
0
0
0
0
0
0
0
0
0
0
0
0
0
0
0
0
0
0
0
0
0
0
0
0
0
0
0
0
0
0
0
0
0
0
0
0
0
0
0
0
0
-0
-0
-0
-0
-0
-0
-0
-0
-0
-0
-0
-0
-0
-0
-0
-0
-0
-0
-0
-0
-0
-0
-0
-0
-0
-0
-0
-0
-0
-0
-0
-0
-0
-0
-0
-0
-0
-0
-0
-0
-0
-0
-0
-0
-0
-0
-0
-0
-0
-0
0
0
0
0
0
0
0
0
0
0
0
0
0
0
0
0
0
0
0
0
0
0
0
0
0
0
0
0
0
0
0
0
0
0
0
0
0
0
0
0
0
0
0
0
0
0
0
0
0
0
-0
-0
-0
-0
-0
-0
-0
-0
-0
-0
-0
-0
-0
-0
-0
-0
-0
-0
-0
-0
-0
-0
-0
-0
-0
-0
-0
-0
-0
-0
-0
-0
-0
-0
-0
-0
-0
-0
-0
-0
-0
-0
-0
-0
-0
-0
-0
-0
-0
0
0
0
0
0
0
0
0
0
0
0
0
0
0
0
0
0
0
0
0
0
0
0
0
0
0
0
0
0
0
0
0
0
0
0
0
0
0
0
0
0
0
0
0
0
0
0
0
0
0
0
-0
-0
-0
-0
-0
-0
-0
-0
-0
-0
-0
-0
-0
-0
-0
-0
-0
-0
-0
-0
-0
-0
-0
-0
-0
-0
-0
-0
-0
-0
-0
-0
-0
-0
-0
-0
-0
-0
-0
-0
-0
-0
-0
-0
-0
-0
-0
-0
-0
0
0
0
0
0
0
0
0
0
0
0
0
0
0
0
0
0
0
0
0
0
0
0
0
0
0
0
0
0
0
0
0
0
0
0
0
0
0
0
0
0
0
0
0
0
0
0
0
0
0
0
-0
-0
-0
-0
-0
-0
-0
-0
-0
-0
-0
-0
-0
-0
-0
-0
-0
-0
-0
-0
-0
-0
-0
-0
-0
-0
-0
-0
-0
-0
-0
-0
-0
-0
-0
-0
-0
-0
-0
-0
-0
-0
-0
-0
-0
-0
-0
-0
-0
-0
0
0
0
0
0
0
0
0
0
0
0
0
0
0
0
0
0
0
0
0
0
0
0
0
0
0
0
0
0
0
0
0
0
0
0
0
0
0
0
0
0
0
0
0
0
0
0
0
0
0
-0
-0
-0
-0
-0
-0
-0
-0
-0
-0
-0
-0
-0
-0
-0
-0
-0
-0
-0
-0
-0
-0
-0
-0
-0
-0
-0
-0
-0
-0
-0
-0
-0
-0
-0
-0
-0
-0
-0
-0
-0
-0
-0
-0
-0
-0
-0
-0
-0
-0
0
0
0
0
0
0
0
0
0
0
0
0
0
0
0
0
0
0
0
0
0
0
0
0
0
0
0
0
0
0
0
0
0
0
0
0
0
0
0
0
0
0
0
0
0
0
0
0
0
0
-0
-0
-0
-0
-0
-0
-0
-0
-0
-0
-0
-0
-0
-0
-0
-0
-0
-0
-0
-0
-0
-0
-0
-0
-0
-0
-0
-0
-0
-0
-0
-0
-0
-0
-0
-0
-0
-0
-0
-0
-0
-0
-0
-0
-0
-0
-0
-0
-0
-0
0
0
0
0
0
0
0
0
0
0
0
0
0
0
0
0
0
0
0
0
0
0
0
0
0
0
0
0
0
0
0
0
0
0
0
0
0
0
0
0
0
0
0
0
0
0
0
0
0
0
-0
-0
-0
-0
-0
-0
-0
-0
-0
-0
-0
-0
-0
-0
-0
-0
-0
-0
-0
-0
-0
-0
-0
-0
-0
-0
-0
-0
-0
-0
-0
-0
-0
-0
-0
-0
-0
-0
-0
-0
-0
-0
-0
-0
-0
-0
-0
-0
-0
0
0
0
0
0
0
0
0
0
0
0
0
0
0
0
0
0
0
0
0
0
0
0
0
0
0
0
0
0
0
0
0
0
0
0
0
0
0
0
0
0
0
0
0
0
0
0
0
0
0
0
-0
-0
-0
-0
-0
-0
-0
-0
-0
-0
-0
-0
-0
-0
-0
-0
-0
-0
-0
-0
-0
-0
-0
-0
-0
-0
-0
-0
-0
-0
-0
-0
-0
-0
-0
-0
-0
-0
-0
-0
-0
-0
-0
-0
-0
-0
-0
-0
-0
0
0
0
0
0
0
0
0
0
0
0
0
0
0
0
0
0
0
0
0
0
0
0
0
0
0
0
0
0
0
0
0
0
0
0
0
0
0
0
0
0
0
0
0
0
0
0
0
0
0
0
-0
-0
-0
-0
-0
-0
-0
-0
-0
-0
-0
-0
-0
-0
-0
-0
-0
-0
-0
-0
-0
-0
-0
-0
-0
-0
-0
-0
-0
-0
-0
-0
-0
-0
-0
-0
-0
-0
-0
-0
-0
-0
-0
-0
-0
-0
-0
-0
-0
-0
0
0
0
0
0
0
0
0
0
0
0
0
0
0
0
0
0
0
0
0
0
0
0
0
0
0
0
0
0
0
0
0
0
0
0
0
0
0
0
0
0
0
0
0
0
0
0
0
0
0
-0
-0
-0
-0
-0
-0
-0
-0
-0
-0
-0
-0
-0
-0
-0
-0
-0
-0
-0
-0
-0
-0
-0
-0
-0
-0
-0
-0
-0
-0
-0
-0
-0
-0
-0
-0
-0
-0
-0
-0
-0
-0
-0
-0
-0
-0
-0
-0
-0
-0
0
0
0
0
0
0
0
0
0
0
0
0
0
0
0
0
0
0
0
0
0
0
0
0
0
0
0
0
0
0
0
0
0
0
0
0
0
0
0
0
0
0
0
0
0
0
0
0
0
0
-0
-0
-0
-0
-0
-0
-0
-0
-0
-0
-0
-0
-0
-0
-0
-0
-0
-0
-0
-0
-0
-0
-0
-0
-0
-0
-0
-0
-0
-0
-0
-0
-0
-0
-0
-0
-0
-0
-0
-0
-0
-0
-0
-0
-0
-0
-0
-0
-0
-0
0
0
0
0
0
0
0
0
0
0
0
0
0
0
0
0
0
0
0
0
0
0
0
0
0
0
0
0
0
0
0
0
0
0
0
0
0
0
0
0
0
0
0
0
0
0
0
0
0
0
-0
-0
-0
-0
-0
-0
-0
-0
-0
-0
-0
-0
-0
-0
-0
-0
-0
-0
-0
-0
-0
-0
-0
-0
-0
-0
-0
-0
-0
-0
-0
-0
-0
-0
-0
-0
-0
-0
-0
-0
-0
-0
-0
-0
-0
-0
-0
-0
-0
0
0
0
0
0
0
0
0
0
0
0
0
0
0
0
0
0
0
0
0
0
0
0
0
0
0
0
0
0
0
0
0
0
0
0
0
0
0
0
0
0
0
0
0
0
0
0
0
0
0
0
-0
-0
-0
-0
-0
-0
-0
-0
-0
-0
-0
-0
-0
-0
-0
-0
-0
-0
-0
-0
-0
-0
-0
-0
-0
-0
-0
-0
-0
-0
-0
-0
-0
-0
-0
-0
-0
-0
-0
-0
-0
-0
-0
-0
-0
-0
-0
-0
-0
0
0
0
0
0
0
0
0
0
0
0
0
0
0
0
0
0
0
0
0
0
0
0
0
0
0
0
0
0
0
0
0
0
0
0
0
0
0
0
0
0
0
0
0
0
0
0
0
0
0
0
-0
-0
-0
-0
-0
-0
-0
-0
-0
-0
-0
-0
-0
-0
-0
-0
-0
-0
-0
-0
-0
-0
-0
-0
-0
-0
-0
-0
-0
-0
-0
-0
-0
-0
-0
-0
-0
-0
-0
-0
-0
-0
-0
-0
-0
-0
-0
-0
-0
0
