0
0
0
0
0
0
0
0
0
0
0
0
0
0
0
0
0
0
0
0
0
0
0
0
0
0
0
0
0
0
0
0
0
0
0
0
0
0
0
0
0
0
0
0
0
0
0
0
0
0
0
-0
-0
-0
-0
-0
-0
-0
-0
-0
-0
-0
-0
-0
-0
-0
-0
-0
-0
-0
-0
-0
-0
-0
-0
-0
-0
-0
-0
-0
-0
-0
-0
-0
-0
-0
-0
-0
-0
-0
-0
-0
-0
-0
-0
-0
-0
-0
-0
-0
-0
0
0
0
0
0
0
0
0
0
0
0
0
0
0
0
0
0
0
0
0
0
0
0
0
0
0
0
0
0
0
0
0
0
0
0
0
0
0
0
0
0
0
0
0
0
0
0
0
0
0
-0
-0
-0
-0
-0
-0
-0
-0
-0
-0
-0
-0
-0
-0
-0
-0
-0
-0
-0
-0
-0
-0
-0
-0
-0
-0
-0
-0
-0
-0
-0
-0
-0
-0
-0
-0
-0
-0
-0
-0
-0
-0
-0
-0
-0
-0
-0
-0
-0
-0
0
0
0
0
0
0
0
0
0
0
0
0
0
0
0
0
0
0
0
0
0
0
0
0
0
0
0
0
0
0
0
0
0
0
0
0
0
0
0
0
0
0
0
0
0
0
0
0
0
0
-0
-0
-0
-0
-0
-0
-0
-0
-0
-0
-0
-0
-0
-0
-0
-0
-0
-0
-0
-0
-0
-0
-0
-0
-0
-0
-0
-0
-0
-0
-0
-0
-0
-0
-0
-0
-0
-0
-0
-0
-0
-0
-0
-0
-0
-0
-0
-0
-0
-0
0
0
0
0
0
0
0
0
0
0
0
0
0
0
0
0
0
0
0
0
0
0
0
0
0
0
0
0
0
0
0
0
0
0
0
0
0
0
0
0
0
0
0
0
0
0
0
0
0
-0
-0
-0
-0
-0
-0
-0
-0
-0
-0
-0
-0
-0
-0
-0
-0
-0
-0
-0
-0
-0
-0
-0
-0
-0
-0
-0
-0
-0
-0
-0
-0
-0
-0
-0
-0
-0
-0
-0
-0
-0
-0
-0
-0
-0
-0
-0
-0
-0
-0
-0
0
0
0
0
0
0
0
0
0
0
0
0
0
0
0
0
0
0
0
0
0
0
0
0
0
0
0
0
0
0
0
0
0
0
0
0
0
0
0
0
0
0
0
0
0
0
0
0
0
0
-0
-0
-0
-0
-0
-0
-0
-0
-0
-0
-0
-0
-0
-0
-0
-0
-0
-0
-0
-0
-0
-0
-0
-0
-0
-0
-0
-0
-0
-0
-0
-0
-0
-0
-0
-0
-0
-0
-0
-0
-0
-0
-0
-0
-0
-0
-0
-0
-0
-0
0
0
0
0
0
0
0
0
0
0
0
0
0
0
0
0
0
0
0
0
0
0
0
0
0
0
0
0
0
0
0
0
0
0
0
0
0
0
0
0
0
0
0
0
0
0
0
0
0
-0
-0
-0
-0
-0
-0
-0
-0
-0
-0
-0
-0
-0
-0
-0
-0
-0
-0
-0
-0
-0
-0
-0
-0
-0
-0
-0
-0
-0
-0
-0
-0
-0
-0
-0
-0
-0
-0
-0
-0
-0
-0
-0
-0
-0
-0
-0
-0
-0
-0
-0
0
0
0
0
0
0
0
0
0
0
0
0
0
0
0
0
0
0
0
0
0
0
0
0
0
0
0
0
0
0
0
0
0
0
0
0
0
0
0
0
0
0
0
0
0
0
0
0
0
-0
-0
-0
-0
-0
-0
-0
-0
-0
-0
-0
-0
-0
-0
-0
-0
-0
-0
-0
-0
-0
-0
-0
-0
-0
-0
-0
-0
-0
-0
-0
-0
-0
-0
-0
-0
-0
-0
-0
-0
-0
-0
-0
-0
-0
-0
-0
-0
-0
-0
0
0
0
0
0
0
0
0
0
0
0
0
0
0
0
0
0
0
0
0
0
0
0
0
0
0
0
0
0
0
0
0
0
0
0
0
0
0
0
0
0
0
0
0
0
0
0
0
0
0
0
-0
-0
-0
-0
-0
-0
-0
-0
-0
-0
-0
-0
-0
-0
-0
-0
-0
-0
-0
-0
-0
-0
-0
-0
-0
-0
-0
-0
-0
-0
-0
-0
-0
-0
-0
-0
-0
-0
-0
-0
-0
-0
-0
-0
-0
-0
-0
-0
-0
-0
0
0
0
0
0
0
0
0
0
0
0
0
0
0
0
0
0
0
0
0
0
0
0
0
0
0
0
0
0
0
0
0
0
0
0
0
0
0
0
0
0
0
0
0
0
0
0
0
0
0
-0
-0
-0
-0
-0
-0
-0
-0
-0
-0
-0
-0
-0
-0
-0
-0
-0
-0
-0
-0
-0
-0
-0
-0
-0
-0
-0
-0
-0
-0
-0
-0
-0
-0
-0
-0
-0
-0
-0
-0
-0
-0
-0
-0
-0
-0
-0
-0
-0
-0
0
0
0
0
0
0
0
0
0
0
0
0
0
0
0
0
0
0
0
0
0
0
0
0
0
0
0
0
0
0
0
0
0
0
0
0
0
0
0
0
0
0
0
0
0
0
0
0
0
-0
-0
-0
-0
-0
-0
-0
-0
-0
-0
-0
-0
-0
-0
-0
-0
-0
-0
-0
-0
-0
-0
-0
-0
-0
-0
-0
-0
-0
-0
-0
-0
-0
-0
-0
-0
-0
-0
-0
-0
-0
-0
-0
-0
-0
-0
-0
-0
-0
-0
-0
0
0
0
0
0
0
0
0
0
0
0
0
0
0
0
0
0
0
0
0
0
0
0
0
0
0
0
0
0
0
0
0
0
0
0
0
0
0
0
0
0
0
0
0
0
0
0
0
0
-0
-0
-0
-0
-0
-0
-0
-0
-0
-0
-0
-0
-0
-0
-0
-0
-0
-0
-0
-0
-0
-0
-0
-0
-0
-0
-0
-0
-0
-0
-0
-0
-0
-0
-0
-0
-0
-0
-0
-0
-0
-0
-0
-0
-0
-0
-0
-0
-0
-0
0
0
0
0
0
0
0
0
0
0
0
0
0
0
0
0
0
0
0
0
0
0
0
0
0
0
0
0
0
0
0
0
0
0
0
0
0
0
0
0
0
0
0
0
0
0
0
0
0
0
-0
-0
-0
-0
-0
-0
-0
-0
-0
-0
-0
-0
-0
-0
-0
-0
-0
-0
-0
-0
-0
-0
-0
-0
-0
-0
-0
-0
-0
-0
-0
-0
-0
-0
-0
-0
-0
-0
-0
-0
-0
-0
-0
-0
-0
-0
-0
-0
-0
-0
-0
0
0
0
0
0
0
0
0
0
0
0
0
0
0
0
0
0
0
0
0
0
0
0
0
0
0
0
0
0
0
0
0
0
0
0
0
0
0
0
0
0
0
0
0
0
0
0
0
0
-0
-0
-0
-0
-0
-0
-0
-0
-0
-0
-0
-0
-0
-0
-0
-0
-0
-0
-0
-0
-0
-0
-0
-0
-0
-0
-0
-0
-0
-0
-0
-0
-0
-0
-0
-0
-0
-0
-0
-0
-0
-0
-0
-0
-0
-0
-0
-0
-0
-0
0
0
0
0
0
0
0
0
0
0
0
0
0
0
0
0
0
0
0
0
0
0
0
0
0
0
0
0
0
0
0
0
0
0
0
0
0
0
0
0
0
0
0
0
0
0
0
0
0
0
-0
-0
-0
-0
-0
-0
-0
-0
-0
-0
-0
-0
-0
-0
-0
-0
-0
-0
-0
-0
-0
-0
-0
-0
-0
-0
-0
-0
-0
-0
-0
-0
-0
-0
-0
-0
-0
-0
-0
-0
-0
-0
-0
-0
-0
-0
-0
-0
-0
-0
0
0
0
0
0
0
0
0
0
0
0
0
0
0
0
0
0
0
0
0
0
0
0
0
0
0
0
0
0
0
0
0
0
0
0
0
0
0
0
0
0
0
0
0
0
0
0
0
0
0
-0
-0
-0
-0
-0
-0
-0
-0
-0
-0
-0
-0
-0
-0
-0
-0
-0
-0
-0
-0
-0
-0
-0
-0
-0
-0
-0
-0
-0
-0
-0
-0
-0
-0
-0
-0
-0
-0
-0
-0
-0
-0
-0
-0
-0
-0
-0
-0
-0
-0
-0
0
0
0
0
0
0
0
0
0
0
0
0
0
0
0
0
0
0
0
0
0
0
0
0
0
0
0
0
0
0
0
0
0
0
0
0
0
0
0
0
0
0
0
0
0
0
0
0
0
0
-0
-0
-0
-0
-0
-0
-0
-0
-0
-0
-0
-0
-0
-0
-0
-0
-0
-0
-0
-0
-0
-0
-0
-0
-0
-0
-0
-0
-0
-0
-0
-0
-0
-0
-0
-0
-0
-0
-0
-0
-0
-0
-0
-0
-0
-0
-0
-0
-0
-0
0
0
0
0
0
0
0
0
0
0
0
0
0
0
0
0
0
0
0
0
0
0
0
0
0
0
0
0
0
0
0
0
0
0
0
0
0
0
0
0
0
0
0
0
0
0
0
0
0
0
-0
-0
-0
-0
-0
-0
-0
-0
-0
-0
-0
-0
-0
-0
-0
-0
-0
-0
-0
-0
-0
-0
-0
-0
-0
-0
-0
-0
-0
-0
-0
-0
-0
-0
-0
-0
-0
-0
-0
-0
-0
-0
-0
-0
-0
-0
-0
-0
-0
-0
0
0
0
0
0
0
0
0
0
0
0
0
0
0
0
0
0
0
0
0
0
0
0
0
0
0
0
0
0
0
0
0
0
0
0
0
0
0
0
0
0
0
0
0
0
0
0
0
0
0
-0
-0
-0
-0
-0
-0
-0
-0
-0
-0
-0
-0
-0
-0
-0
-0
-0
-0
-0
-0
-0
-0
-0
-0
-0
-0
-0
-0
-0
-0
-0
-0
-0
-0
-0
-0
-0
-0
-0
-0
-0
-0
-0
-0
-0
-0
-0
-0
-0
-0
0
0
0
0
0
0
0
0
0
0
0
0
0
0
0
0
0
0
0
0
0
0
0
0
0
0
0
0
0
0
0
0
0
0
0
0
0
0
0
0
0
0
0
0
0
0
0
0
0
0
-0
-0
-0
-0
-0
-0
-0
-0
-0
-0
-0
-0
-0
-0
-0
-0
-0
-0
-0
-0
-0
-0
-0
-0
-0
-0
-0
-0
-0
-0
-0
-0
-0
-0
-0
-0
-0
-0
-0
-0
-0
-0
-0
-0
-0
-0
-0
-0
-0
0
0
0
0
0
0
0
0
0
0
0
0
0
0
0
0
0
0
0
0
0
0
0
0
0
0
0
0
0
0
0
0
0
0
0
0
0
0
0
0
0
0
0
0
0
0
0
0
0
0
0
-0
-0
-0
-0
-0
-0
-0
-0
-0
-0
-0
-0
-0
-0
-0
-0
-0
-0
-0
-0
-0
-0
-0
-0
-0
-0
-0
-0
-0
-0
-0
-0
-0
-0
-0
-0
-0
-0
-0
-0
-0
-0
-0
-0
-0
-0
-0
-0
-0
-0
1.4128e-07
5.64e-07
1.2648e-06
2.2382e-06
3.4764e-06
4.9697e-06
6.706e-06
8.6716e-06
1.085e-05
1.3225e-05
1.5776e-05
1.8483e-05
2.1322e-05
2.4271e-05
2.7304e-05
3.0396e-05
3.3519e-05
3.6645e-05
3.9748e-05
4.2798e-05
4.5766e-05
4.8623e-05
5.1342e-05
5.3893e-05
5.625e-05
5.8385e-05
6.0271e-05
6.1884e-05
6.32e-05
6.4196e-05
6.4852e-05
6.5148e-05
6.5066e-05
6.4591e-05
6.371e-05
6.2412e-05
6.0687e-05
5.8529e-05
5.5934e-05
5.2901e-05
4.943e-05
4.5526e-05
4.1194e-05
3.6444e-05
3.1288e-05
2.5739e-05
1.9816e-05
1.3536e-05
6.9227e-06
1.7639e-18
-7.2052e-06
-1.4664e-05
-2.2345e-05
-3.0216e-05
-3.8241e-05
-4.6384e-05
-5.4606e-05
-6.2869e-05
-7.1131e-05
-7.9351e-05
-8.7486e-05
-9.5494e-05
-0.00010333
-0.00011095
-0.00011832
-0.00012538
-0.0001321
-0.00013844
-0.00014435
-0.00014979
-0.00015473
-0.00015913
-0.00016295
-0.00016617
-0.00016875
-0.00017066
-0.00017188
-0.00017239
-0.00017217
-0.00017119
-0.00016945
-0.00016694
-0.00016365
-0.00015958
-0.00015472
-0.00014909
-0.0001427
-0.00013554
-0.00012764
-0.00011903
-0.00010971
-9.9723e-05
-8.9094e-05
-7.7858e-05
-6.6052e-05
-5.3717e-05
-4.0896e-05
-2.7636e-05
-1.3987e-05
4.4143e-19
1.4269e-05
2.8764e-05
4.3426e-05
5.8193e-05
7.3005e-05
8.7798e-05
0.00010251
0.00011707
0.00013141
0.00014548
0.0001592
0.00017251
0.00018534
0.00019764
0.00020933
0.00022037
0.00023069
0.00024023
0.00024895
0.00025679
0.0002637
0.00026964
0.00027457
0.00027845
0.00028125
0.00028294
0.0002835
0.0002829
0.00028113
0.00027818
0.00027405
0.00026873
0.00026223
0.00025456
0.00024574
0.00023578
0.0002247
0.00021255
0.00019935
0.00018515
0.00016999
0.00015392
0.00013699
0.00011927
0.00010082
8.1695e-05
6.1976e-05
4.1736e-05
2.1051e-05
2.9763e-18
-2.1333e-05
-4.2864e-05
-6.4506e-05
-8.6171e-05
-0.00010777
-0.00012921
-0.00015041
-0.00017126
-0.00019169
-0.0002116
-0.00023091
-0.00024952
-0.00026735
-0.00028432
-0.00030035
-0.00031536
-0.00032927
-0.00034202
-0.00035355
-0.00036378
-0.00037266
-0.00038015
-0.00038618
-0.00039073
-0.00039375
-0.00039522
-0.00039511
-0.00039341
-0.0003901
-0.00038518
-0.00037865
-0.00037053
-0.00036082
-0.00034955
-0.00033675
-0.00032246
-0.00030671
-0.00028956
-0.00027106
-0.00025128
-0.00023027
-0.00020812
-0.00018489
-0.00016069
-0.00013558
-0.00010967
-8.3057e-05
-5.5836e-05
-2.8114e-05
3.9701e-18
2.8397e-05
5.6964e-05
8.5586e-05
0.00011415
0.00014253
0.00017063
0.00019831
0.00022546
0.00025197
0.00027773
0.00030262
0.00032653
0.00034936
0.000371
0.00039136
0.00041034
0.00042786
0.00044382
0.00045815
0.00047077
0.00048163
0.00049065
0.00049779
0.00050301
0.00050625
0.0005075
0.00050672
0.00050391
0.00049906
0.00049217
0.00048325
0.00047232
0.0004594
0.00044454
0.00042777
0.00040914
0.00038872
0.00036657
0.00034277
0.0003174
0.00029055
0.00026231
0.00023279
0.0002021
0.00017035
0.00013765
0.00010414
6.9936e-05
3.5178e-05
1.1015e-18
-3.5461e-05
-7.1064e-05
-0.00010667
-0.00014213
-0.0001773
-0.00021204
-0.00024621
-0.00027966
-0.00031225
-0.00034385
-0.00037433
-0.00040354
-0.00043137
-0.00045768
-0.00048238
-0.00050533
-0.00052644
-0.00054561
-0.00056275
-0.00057777
-0.00059059
-0.00060116
-0.00060941
-0.00061528
-0.00061875
-0.00061977
-0.00061834
-0.00061442
-0.00060803
-0.00059917
-0.00058785
-0.00057411
-0.00055799
-0.00053953
-0.00051878
-0.00049583
-0.00047073
-0.00044359
-0.00041448
-0.00038353
-0.00035083
-0.00031651
-0.00028069
-0.00024351
-0.00020511
-0.00016563
-0.00012522
-8.4036e-05
-4.2242e-05
1.0586e-17
4.2525e-05
8.5164e-05
0.00012775
0.0001701
0.00021206
0.00025345
0.00029411
0.00033386
0.00037253
0.00040998
0.00044604
0.00048055
0.00051338
0.00054437
0.00057339
0.00060032
0.00062503
0.0006474
0.00066735
0.00068476
0.00069956
0.00071167
0.00072102
0.00072756
0.00073125
0.00073205
0.00072995
0.00072493
0.00071699
0.00070616
0.00069245
0.00067591
0.00065657
0.00063451
0.0006098
0.00058251
0.00055274
0.0005206
0.0004862
0.00044966
0.00041111
0.00037071
0.0003286
0.00028493
0.00023987
0.00019361
0.0001463
9.8136e-05
4.9306e-05
-3.8606e-18
-4.9589e-05
-9.9264e-05
-0.00014883
-0.00019808
-0.00024683
-0.00029487
-0.00034201
-0.00038805
-0.00043281
-0.00047611
-0.00051775
-0.00055756
-0.00059539
-0.00063105
-0.00066441
-0.0006953
-0.00072361
-0.0007492
-0.00077195
-0.00079175
-0.00080852
-0.00082217
-0.00083263
-0.00083984
-0.00084375
-0.00084433
-0.00084156
-0.00083544
-0.00082596
-0.00081315
-0.00079705
-0.0007777
-0.00075516
-0.0007295
-0.00070081
-0.00066919
-0.00063475
-0.00059761
-0.00055791
-0.00051578
-0.00047139
-0.00042491
-0.0003765
-0.00032634
-0.00027464
-0.00022158
-0.00016738
-0.00011224
-5.637e-05
-5.2905e-18
5.6653e-05
0.00011336
0.00016991
0.00022606
0.00028159
0.00033628
0.00038991
0.00044225
0.00049309
0.00054223
0.00058946
0.00063458
0.00067739
0.00071773
0.00075542
0.00079029
0.00082219
0.00085099
0.00087655
0.00089875
0.00091749
0.00093268
0.00094425
0.00095212
0.00095625
0.00095661
0.00095317
0.00094594
0.00093492
0.00092015
0.00090165
0.00087949
0.00085374
0.00082449
0.00079183
0.00075587
0.00071676
0.00067462
0.00062962
0.00058191
0.00053167
0.0004791
0.0004244
0.00036776
0.0003094
0.00024956
0.00018846
0.00012634
6.3434e-05
-1.191e-17
-6.3717e-05
-0.00012746
-0.00019099
-0.00025404
-0.00031636
-0.0003777
-0.00043781
-0.00049645
-0.00055338
-0.00060836
-0.00066117
-0.00071159
-0.0007594
-0.00080442
-0.00084643
-0.00088528
-0.00092078
-0.00095278
-0.00098115
-0.0010057
-0.0010265
-0.0010432
-0.0010559
-0.0010644
-0.0010688
-0.0010689
-0.0010648
-0.0010564
-0.0010439
-0.0010271
-0.0010063
-0.00098128
-0.00095233
-0.00091947
-0.00088284
-0.00084256
-0.00079877
-0.00075163
-0.00070133
-0.00064803
-0.00059195
-0.0005333
-0.0004723
-0.00040917
-0.00034417
-0.00027754
-0.00020954
-0.00014044
-7.0498e-05
1.1028e-18
7.0357e-05
0.00014015
0.00020912
0.00027698
0.00034347
0.00040834
0.00047134
0.00053222
0.00059075
0.00064671
0.00069989
0.00075009
0.00079713
0.00084082
0.00088102
0.00091757
0.00095035
0.00097925
0.0010042
0.001025
0.0010417
0.0010542
0.0010626
0.0010666
0.0010665
0.0010621
0.0010536
0.001041
0.0010243
0.0010036
0.00097905
0.00095075
0.00091881
0.00088338
0.00084461
0.00080268
0.00075776
0.00071005
0.00065973
0.00060704
0.00055217
0.00049536
0.00043685
0.00037687
0.00031566
0.00025348
0.00019057
0.00012718
6.3575e-05
-1.8814e-17
-6.3293e-05
-0.00012605
-0.00018804
-0.000249
-0.00030871
-0.00036693
-0.00042344
-0.00047802
-0.00053047
-0.00058058
-0.00062818
-0.00067308
-0.00071512
-0.00075414
-0.00079001
-0.00082259
-0.00085177
-0.00087746
-0.00089956
-0.00091801
-0.00093275
-0.00094373
-0.00095094
-0.00095436
-0.000954
-0.00094987
-0.00094201
-0.00093047
-0.00091531
-0.00089661
-0.00087445
-0.00084895
-0.00082022
-0.00078839
-0.0007536
-0.000716
-0.00067575
-0.00063303
-0.00058802
-0.00054091
-0.00049189
-0.00044117
-0.00038895
-0.00033545
-0.0002809
-0.0002255
-0.00016949
-0.00011308
-5.6511e-05
7.0408e-18
5.6229e-05
0.00011195
0.00016696
0.00022102
0.00027394
0.00032551
0.00037554
0.00042382
0.00047019
0.00051446
0.00055647
0.00059607
0.00063311
0.00066746
0.00069899
0.0007276
0.00075319
0.00077566
0.00079496
0.00081101
0.00082378
0.00083323
0.00083933
0.00084209
0.0008415
0.00083759
0.0008304
0.00081996
0.00080635
0.00078961
0.00076985
0.00074716
0.00072164
0.0006934
0.00066258
0.00062932
0.00059374
0.00055602
0.00051631
0.00047478
0.00043161
0.00038697
0.00034105
0.00029404
0.00024613
0.00019752
0.00014841
9.8982e-05
4.9448e-05
2.307e-18
-4.9165e-05
-9.7854e-05
-0.00014588
-0.00019305
-0.00023918
-0.0002841
-0.00032764
-0.00036963
-0.00040991
-0.00044833
-0.00048476
-0.00051906
-0.0005511
-0.00058077
-0.00060798
-0.00063261
-0.0006546
-0.00067387
-0.00069036
-0.00070402
-0.00071481
-0.00072272
-0.00072772
-0.00072981
-0.000729
-0.00072532
-0.00071879
-0.00070946
-0.00069738
-0.00068262
-0.00066526
-0.00064537
-0.00062305
-0.00059842
-0.00057157
-0.00054263
-0.00051174
-0.00047901
-0.0004446
-0.00040866
-0.00037133
-0.00033277
-0.00029315
-0.00025263
-0.00021137
-0.00016954
-0.00012733
-8.4882e-05
-4.2384e-05
9.8916e-18
4.2101e-05
8.3754e-05
0.0001248
0.00016507
0.00020441
0.00024269
0.00027974
0.00031543
0.00034963
0.00038221
0.00041305
0.00044205
0.00046909
0.00049409
0.00051696
0.00053763
0.00055602
0.00057208
0.00058576
0.00059703
0.00060585
0.00061221
0.0006161
0.00061753
0.0006165
0.00061304
0.00060717
0.00059895
0.00058841
0.00057563
0.00056066
0.00054357
0.00052447
0.00050343
0.00048056
0.00045595
0.00042973
0.000402
0.00037289
0.00034253
0.00031105
0.00027857
0.00024525
0.00021121
0.0001766
0.00014157
0.00010625
7.0782e-05
3.532e-05
-2.1976e-18
-3.5037e-05
-6.9654e-05
-0.00010372
-0.00013709
-0.00016965
-0.00020127
-0.00023184
-0.00026123
-0.00028935
-0.00031608
-0.00034134
-0.00036503
-0.00038708
-0.00040741
-0.00042595
-0.00044264
-0.00045743
-0.00047028
-0.00048116
-0.00049003
-0.00049688
-0.0005017
-0.00050449
-0.00050525
-0.000504
-0.00050076
-0.00049556
-0.00048844
-0.00047945
-0.00046863
-0.00045606
-0.00044178
-0.00042589
-0.00040844
-0.00038954
-0.00036927
-0.00034772
-0.00032499
-0.00030118
-0.00027641
-0.00025077
-0.00022438
-0.00019735
-0.0001698
-0.00014184
-0.00011359
-8.5165e-05
-5.6682e-05
-2.8256e-05
9.6551e-18
2.7973e-05
5.5554e-05
8.2635e-05
0.00010911
0.00013489
0.00015986
0.00018394
0.00020703
0.00022907
0.00024996
0.00026963
0.00028802
0.00030507
0.00032073
0.00033493
0.00034765
0.00035885
0.00036849
0.00037656
0.00038304
0.00038792
0.0003912
0.00039288
0.00039297
0.0003915
0.00038848
0.00038395
0.00037794
0.00037048
0.00036164
0.00035146
0.00033999
0.0003273
0.00031346
0.00029853
0.00028259
0.00026571
0.00024798
0.00022947
0.00021028
0.00019049
0.00017018
0.00014945
0.00012838
0.00010707
8.5611e-05
6.4084e-05
4.2582e-05
2.1192e-05
-3.615e-18
-2.0909e-05
-4.1454e-05
-6.1555e-05
-8.1135e-05
-0.00010012
-0.00011844
-0.00013604
-0.00015284
-0.00016879
-0.00018383
-0.00019792
-0.00021101
-0.00022306
-0.00023404
-0.00024392
-0.00025267
-0.00026026
-0.0002667
-0.00027196
-0.00027604
-0.00027895
-0.00028069
-0.00028126
-0.0002807
-0.000279
-0.0002762
-0.00027234
-0.00026743
-0.00026152
-0.00025465
-0.00024686
-0.0002382
-0.00022872
-0.00021847
-0.00020751
-0.0001959
-0.0001837
-0.00017097
-0.00015776
-0.00014415
-0.00013021
-0.00011598
-0.00010155
-8.6969e-05
-7.231e-05
-5.7634e-05
-4.3004e-05
-2.8482e-05
-1.4128e-05
5.5151e-22
1.3845e-05
2.7354e-05
4.0474e-05
5.3157e-05
6.5357e-05
7.703e-05
8.8136e-05
9.8639e-05
0.0001085
0.0001177
0.00012621
0.000134
0.00014106
0.00014736
0.0001529
0.00015768
0.00016168
0.0001649
0.00016736
0.00016905
0.00016999
0.00017018
0.00016965
0.00016842
0.0001665
0.00016393
0.00016072
0.00015692
0.00015255
0.00014765
0.00014226
0.0001364
0.00013013
0.00012348
0.0001165
0.00010922
0.00010169
9.3954e-05
8.6052e-05
7.8028e-05
6.9925e-05
6.1785e-05
5.3648e-05
4.5555e-05
3.7546e-05
2.9656e-05
2.1924e-05
1.4382e-05
7.0639e-06
-1.9452e-18
-6.7814e-06
-1.3254e-05
-1.9394e-05
-2.518e-05
-3.0593e-05
-3.5616e-05
-4.0236e-05
-4.4442e-05
-4.8224e-05
-5.1578e-05
-5.45e-05
-5.6989e-05
-5.9046e-05
-6.0678e-05
-6.189e-05
-6.2691e-05
-6.3094e-05
-6.3112e-05
-6.276e-05
-6.2056e-05
-6.1021e-05
-5.9674e-05
-5.8039e-05
-5.6139e-05
-5.4e-05
-5.1648e-05
-4.911e-05
-4.6413e-05
-4.3586e-05
-4.0658e-05
-3.7656e-05
-3.461e-05
-3.1547e-05
-2.8496e-05
-2.5484e-05
-2.2538e-05
-1.9682e-05
-1.6943e-05
-1.4342e-05
-1.1903e-05
-9.6449e-06
-7.5876e-06
-5.748e-06
-4.1414e-06
-2.7812e-06
-1.6787e-06
-8.4322e-07
-2.82e-07
-0
-0
0
0
0
0
0
0
0
0
0
0
0
0
0
0
0
0
0
0
0
0
0
0
0
0
0
0
0
0
0
0
0
0
0
0
0
0
0
0
0
0
0
0
0
0
0
0
0
0
0
0
-0
-0
-0
-0
-0
-0
-0
-0
-0
-0
-0
-0
-0
-0
-0
-0
-0
-0
-0
-0
-0
-0
-0
-0
-0
-0
-0
-0
-0
-0
-0
-0
-0
-0
-0
-0
-0
-0
-0
-0
-0
-0
-0
-0
-0
-0
-0
-0
-0
-0
0
0
0
0
0
0
0
0
0
0
0
0
0
0
0
0
0
0
0
0
0
0
0
0
0
0
0
0
0
0
0
0
0
0
0
0
0
0
0
0
0
0
0
0
0
0
0
0
0
0
-0
-0
-0
-0
-0
-0
-0
-0
-0
-0
-0
-0
-0
-0
-0
-0
-0
-0
-0
-0
-0
-0
-0
-0
-0
-0
-0
-0
-0
-0
-0
-0
-0
-0
-0
-0
-0
-0
-0
-0
-0
-0
-0
-0
-0
-0
-0
-0
-0
-0
0
0
0
0
0
0
0
0
0
0
0
0
0
0
0
0
0
0
0
0
0
0
0
0
0
0
0
0
0
0
0
0
0
0
0
0
0
0
0
0
0
0
0
0
0
0
0
0
0
0
-0
-0
-0
-0
-0
-0
-0
-0
-0
-0
-0
-0
-0
-0
-0
-0
-0
-0
-0
-0
-0
-0
-0
-0
-0
-0
-0
-0
-0
-0
-0
-0
-0
-0
-0
-0
-0
-0
-0
-0
-0
-0
-0
-0
-0
-0
-0
-0
-0
-0
0
0
0
0
0
0
0
0
0
0
0
0
0
0
0
0
0
0
0
0
0
0
0
0
0
0
0
0
0
0
0
0
0
0
0
0
0
0
0
0
0
0
0
0
0
0
0
0
0
0
-0
-0
-0
-0
-0
-0
-0
-0
-0
-0
-0
-0
-0
-0
-0
-0
-0
-0
-0
-0
-0
-0
-0
-0
-0
-0
-0
-0
-0
-0
-0
-0
-0
-0
-0
-0
-0
-0
-0
-0
-0
-0
-0
-0
-0
-0
-0
-0
-0
-0
0
0
0
0
0
0
0
0
0
0
0
0
0
0
0
0
0
0
0
0
0
0
0
0
0
0
0
0
0
0
0
0
0
0
0
0
0
0
0
0
0
0
0
0
0
0
0
0
0
0
-0
-0
-0
-0
-0
-0
-0
-0
-0
-0
-0
-0
-0
-0
-0
-0
-0
-0
-0
-0
-0
-0
-0
-0
-0
-0
-0
-0
-0
-0
-0
-0
-0
-0
-0
-0
-0
-0
-0
-0
-0
-0
-0
-0
-0
-0
-0
-0
-0
-0
0
0
0
0
0
0
0
0
0
0
0
0
0
0
0
0
0
0
0
0
0
0
0
0
0
0
0
0
0
0
0
0
0
0
0
0
0
0
0
0
0
0
0
0
0
0
0
0
0
-0
-0
-0
-0
-0
-0
-0
-0
-0
-0
-0
-0
-0
-0
-0
-0
-0
-0
-0
-0
-0
-0
-0
-0
-0
-0
-0
-0
-0
-0
-0
-0
-0
-0
-0
-0
-0
-0
-0
-0
-0
-0
-0
-0
-0
-0
-0
-0
-0
-0
-0
0
0
0
0
0
0
0
0
0
0
0
0
0
0
0
0
0
0
0
0
0
0
0
0
0
0
0
0
0
0
0
0
0
0
0
0
0
0
0
0
0
0
0
0
0
0
0
0
0
0
-0
-0
-0
-0
-0
-0
-0
-0
-0
-0
-0
-0
-0
-0
-0
-0
-0
-0
-0
-0
-0
-0
-0
-0
-0
-0
-0
-0
-0
-0
-0
-0
-0
-0
-0
-0
-0
-0
-0
-0
-0
-0
-0
-0
-0
-0
-0
-0
-0
-0
0
0
0
0
0
0
0
0
0
0
0
0
0
0
0
0
0
0
0
0
0
0
0
0
0
0
0
0
0
0
0
0
0
0
0
0
0
0
0
0
0
0
0
0
0
0
0
0
0
0
-0
-0
-0
-0
-0
-0
-0
-0
-0
-0
-0
-0
-0
-0
-0
-0
-0
-0
-0
-0
-0
-0
-0
-0
-0
-0
-0
-0
-0
-0
-0
-0
-0
-0
-0
-0
-0
-0
-0
-0
-0
-0
-0
-0
-0
-0
-0
-0
-0
0
0
0
0
0
0
0
0
0
0
0
0
0
0
0
0
0
0
0
0
0
0
0
0
0
0
0
0
0
0
0
0
0
0
0
0
0
0
0
0
0
0
0
0
0
0
0
0
0
0
0
-0
-0
-0
-0
-0
-0
-0
-0
-0
-0
-0
-0
-0
-0
-0
-0
-0
-0
-0
-0
-0
-0
-0
-0
-0
-0
-0
-0
-0
-0
-0
-0
-0
-0
-0
-0
-0
-0
-0
-0
-0
-0
-0
-0
-0
-0
-0
-0
-0
-0
0
0
0
0
0
0
0
0
0
0
0
0
0
0
0
0
0
0
0
0
0
0
0
0
0
0
0
0
0
0
0
0
0
0
0
0
0
0
0
0
0
0
0
0
0
0
0
0
0
-0
-0
-0
-0
-0
-0
-0
-0
-0
-0
-0
-0
-0
-0
-0
-0
-0
-0
-0
-0
-0
-0
-0
-0
-0
-0
-0
-0
-0
-0
-0
-0
-0
-0
-0
-0
-0
-0
-0
-0
-0
-0
-0
-0
-0
-0
-0
-0
-0
-0
-0
0
0
0
0
0
0
0
0
0
0
0
0
0
0
0
0
0
0
0
0
0
0
0
0
0
0
0
0
0
0
0
0
0
0
0
0
0
0
0
0
0
0
0
0
0
0
0
0
0
0
-0
-0
-0
-0
-0
-0
-0
-0
-0
-0
-0
-0
-0
-0
-0
-0
-0
-0
-0
-0
-0
-0
-0
-0
-0
-0
-0
-0
-0
-0
-0
-0
-0
-0
-0
-0
-0
-0
-0
-0
-0
-0
-0
-0
-0
-0
-0
-0
-0
-0
0
0
0
0
0
0
0
0
0
0
0
0
0
0
0
0
0
0
0
0
0
0
0
0
0
0
0
0
0
0
0
0
0
0
0
0
0
0
0
0
0
0
0
0
0
0
0
0
0
-0
-0
-0
-0
-0
-0
-0
-0
-0
-0
-0
-0
-0
-0
-0
-0
-0
-0
-0
-0
-0
-0
-0
-0
-0
-0
-0
-0
-0
-0
-0
-0
-0
-0
-0
-0
-0
-0
-0
-0
-0
-0
-0
-0
-0
-0
-0
-0
-0
-0
0
0
0
0
0
0
0
0
0
0
0
0
0
0
0
0
0
0
0
0
0
0
0
0
0
0
0
0
0
0
0
0
0
0
0
0
0
0
0
0
0
0
0
0
0
0
0
0
0
0
0
-0
-0
-0
-0
-0
-0
-0
-0
-0
-0
-0
-0
-0
-0
-0
-0
-0
-0
-0
-0
-0
-0
-0
-0
-0
-0
-0
-0
-0
-0
-0
-0
-0
-0
-0
-0
-0
-0
-0
-0
-0
-0
-0
-0
-0
-0
-0
-0
-0
-0
0
0
0
0
0
0
0
0
0
0
0
0
0
0
0
0
0
0
0
0
0
0
0
0
0
0
0
0
0
0
0
0
0
0
0
0
0
0
0
0
0
0
0
0
0
0
0
0
0
-0
-0
-0
-0
-0
-0
-0
-0
-0
-0
-0
-0
-0
-0
-0
-0
-0
-0
-0
-0
-0
-0
-0
-0
-0
-0
-0
-0
-0
-0
-0
-0
-0
-0
-0
-0
-0
-0
-0
-0
-0
-0
-0
-0
-0
-0
-0
-0
-0
-0
0
0
0
0
0
0
0
0
0
0
0
0
0
0
0
0
0
0
0
0
0
0
0
0
0
0
0
0
0
0
0
0
0
0
0
0
0
0
0
0
0
0
0
0
0
0
0
0
0
0
-0
-0
-0
-0
-0
-0
-0
-0
-0
-0
-0
-0
-0
-0
-0
-0
-0
-0
-0
-0
-0
-0
-0
-0
-0
-0
-0
-0
-0
-0
-0
-0
-0
-0
-0
-0
-0
-0
-0
-0
-0
-0
-0
-0
-0
-0
-0
-0
-0
-0
-0
0
0
0
0
0
0
0
0
0
0
0
0
0
0
0
0
0
0
0
0
0
0
0
0
0
0
0
0
0
0
0
0
0
0
0
0
0
0
0
0
0
0
0
0
0
0
0
0
0
0
-0
-0
-0
-0
-0
-0
-0
-0
-0
-0
-0
-0
-0
-0
-0
-0
-0
-0
-0
-0
-0
-0
-0
-0
-0
-0
-0
-0
-0
-0
-0
-0
-0
-0
-0
-0
-0
-0
-0
-0
-0
-0
-0
-0
-0
-0
-0
-0
-0
0
0
0
0
0
0
0
0
0
0
0
0
0
0
0
0
0
0
0
0
0
0
0
0
0
0
0
0
0
0
0
0
0
0
0
0
0
0
0
0
0
0
0
0
0
0
0
0
0
0
-0
-0
-0
-0
-0
-0
-0
-0
-0
-0
-0
-0
-0
-0
-0
-0
-0
-0
-0
-0
-0
-0
-0
-0
-0
-0
-0
-0
-0
-0
-0
-0
-0
-0
-0
-0
-0
-0
-0
-0
-0
-0
-0
-0
-0
-0
-0
-0
-0
-0
0
0
0
0
0
0
0
0
0
0
0
0
0
0
0
0
0
0
0
0
0
0
0
0
0
0
0
0
0
0
0
0
0
0
0
0
0
0
0
0
0
0
0
0
0
0
0
0
0
0
0
-0
-0
-0
-0
-0
-0
-0
-0
-0
-0
-0
-0
-0
-0
-0
-0
-0
-0
-0
-0
-0
-0
-0
-0
-0
-0
-0
-0
-0
-0
-0
-0
-0
-0
-0
-0
-0
-0
-0
-0
-0
-0
-0
-0
-0
-0
-0
-0
-0
-0
0
0
0
0
0
0
0
0
0
0
0
0
0
0
0
0
0
0
0
0
0
0
0
0
0
0
0
0
0
0
0
0
0
0
0
0
0
0
0
0
0
0
0
0
0
0
0
0
0
-0
-0
-0
-0
-0
-0
-0
-0
-0
-0
-0
-0
-0
-0
-0
-0
-0
-0
-0
-0
-0
-0
-0
-0
-0
-0
-0
-0
-0
-0
-0
-0
-0
-0
-0
-0
-0
-0
-0
-0
-0
-0
-0
-0
-0
-0
-0
-0
-0
-0
0
0
0
0
0
0
0
0
0
0
0
0
0
0
0
0
0
0
0
0
0
0
0
0
0
0
0
0
0
0
0
0
0
0
0
0
0
0
0
0
0
0
0
0
0
0
0
0
0
0
-0
-0
-0
-0
-0
-0
-0
-0
-0
-0
-0
-0
-0
-0
-0
-0
-0
-0
-0
-0
-0
-0
-0
-0
-0
-0
-0
-0
-0
-0
-0
-0
-0
-0
-0
-0
-0
-0
-0
-0
-0
-0
-0
-0
-0
-0
-0
-0
-0
-0
0
0
0
0
0
0
0
0
0
0
0
0
0
0
0
0
0
0
0
0
0
0
0
0
0
0
0
0
0
0
0
0
0
0
0
0
0
0
0
0
0
0
0
0
0
0
0
0
0
0
0
-0
-0
-0
-0
-0
-0
-0
-0
-0
-0
-0
-0
-0
-0
-0
-0
-0
-0
-0
-0
-0
-0
-0
-0
-0
-0
-0
-0
-0
-0
-0
-0
-0
-0
-0
-0
-0
-0
-0
-0
-0
-0
-0
-0
-0
-0
-0
-0
-0
-0
0
0
0
0
0
0
0
0
0
0
0
0
0
0
0
0
0
0
0
0
0
0
0
0
0
0
0
0
0
0
0
0
0
0
0
0
0
0
0
0
0
0
0
0
0
0
0
0
0
0
-0
-0
-0
-0
-0
-0
-0
-0
-0
-0
-0
-0
-0
-0
-0
-0
-0
-0
-0
-0
-0
-0
-0
-0
-0
-0
-0
-0
-0
-0
-0
-0
-0
-0
-0
-0
-0
-0
-0
-0
-0
-0
-0
-0
-0
-0
-0
-0
-0
0
0
0
0
0
0
0
0
0
0
0
0
0
0
0
0
0
0
0
0
0
0
0
0
0
0
0
0
0
0
0
0
0
0
0
0
0
0
0
0
0
0
0
0
0
0
0
0
0
0
-0
-0
-0
-0
-0
-0
-0
-0
-0
-0
-0
-0
-0
-0
-0
-0
-0
-0
-0
-0
-0
-0
-0
-0
-0
-0
-0
-0
-0
-0
-0
-0
-0
-0
-0
-0
-0
-0
-0
-0
-0
-0
-0
-0
-0
-0
-0
-0
-0
-0
-0
0
0
0
0
0
0
0
0
0
0
0
0
0
0
0
0
0
0
0
0
0
0
0
0
0
0
0
0
0
0
0
0
0
0
0
0
0
0
0
0
0
0
0
0
0
0
0
0
0
0
-0
-0
-0
-0
-0
-0
-0
-0
-0
-0
-0
-0
-0
-0
-0
-0
-0
-0
-0
-0
-0
-0
-0
-0
-0
-0
-0
-0
-0
-0
-0
-0
-0
-0
-0
-0
-0
-0
-0
-0
-0
-0
-0
-0
-0
-0
-0
-0
-0
-0
0
0
0
0
0
0
0
0
0
0
0
0
0
0
0
0
0
0
0
0
0
0
0
0
0
0
0
0
0
0
0
0
0
0
0
0
0
0
0
0
0
0
0
0
0
0
0
0
0
-0
-0
-0
-0
-0
-0
-0
-0
-0
-0
-0
-0
-0
-0
-0
-0
-0
-0
-0
-0
-0
-0
-0
-0
-0
-0
-0
-0
-0
-0
-0
-0
-0
-0
-0
-0
-0
-0
-0
-0
-0
-0
-0
-0
-0
-0
-0
-0
-0
-0
0
0
0
0
0
0
0
0
0
0
0
0
0
0
0
0
0
0
0
0
0
0
0
0
0
0
0
0
0
0
0
0
0
0
0
0
0
0
0
0
0
0
0
0
0
0
0
0
0
0
0
-0
-0
-0
-0
-0
-0
-0
-0
-0
-0
-0
-0
-0
-0
-0
-0
-0
-0
-0
-0
-0
-0
-0
-0
-0
-0
-0
-0
-0
-0
-0
-0
-0
-0
-0
-0
-0
-0
-0
-0
-0
-0
-0
-0
-0
-0
-0
-0
-0
-0
0
0
0
0
0
0
0
0
0
0
0
0
0
0
0
0
0
0
0
0
0
0
0
0
0
0
0
0
0
0
0
0
0
0
0
0
0
0
0
0
0
0
0
0
0
0
0
0
0
0
-0
-0
-0
-0
-0
-0
-0
-0
-0
-0
-0
-0
-0
-0
-0
-0
-0
-0
-0
-0
-0
-0
-0
-0
-0
-0
-0
-0
-0
-0
-0
-0
-0
-0
-0
-0
-0
-0
-0
-0
-0
-0
-0
-0
-0
-0
-0
-0
-0
0
0
0
0
0
0
0
0
0
0
0
0
0
0
0
0
0
0
0
0
0
0
0
0
0
0
0
0
0
0
0
0
0
0
0
0
0
0
0
0
0
0
0
0
0
0
0
0
0
0
-0
-0
-0
-0
-0
-0
-0
-0
-0
-0
-0
-0
-0
-0
-0
-0
-0
-0
-0
-0
-0
-0
-0
-0
-0
-0
-0
-0
-0
-0
-0
-0
-0
-0
-0
-0
-0
-0
-0
-0
-0
-0
-0
-0
-0
-0
-0
-0
-0
-0
0
1.4128e-07
5.64e-07
1.2648e-06
2.2382e-06
3.4764e-06
4.9697e-06
6.706e-06
8.6716e-06
1.085e-05
1.3225e-05
1.5776e-05
1.8483e-05
2.1322e-05
2.4271e-05
2.7304e-05
3.0396e-05
3.3519e-05
3.6645e-05
3.9748e-05
4.2798e-05
4.5766e-05
4.8623e-05
5.1342e-05
5.3893e-05
5.625e-05
5.8385e-05
6.0271e-05
6.1884e-05
6.32e-05
6.4196e-05
6.4852e-05
6.5148e-05
6.5066e-05
6.4591e-05
6.371e-05
6.2412e-05
6.0687e-05
5.8529e-05
5.5934e-05
5.2901e-05
4.943e-05
4.5526e-05
4.1194e-05
3.6444e-05
3.1288e-05
2.5739e-05
1.9816e-05
1.3536e-05
6.9227e-06
1.2123e-18
-7.2052e-06
-1.4664e-05
-2.2345e-05
-3.0216e-05
-3.8241e-05
-4.6384e-05
-5.4606e-05
-6.2869e-05
-7.1131e-05
-7.9351e-05
-8.7486e-05
-9.5494e-05
-0.00010333
-0.00011095
-0.00011832
-0.00012538
-0.0001321
-0.00013844
-0.00014435
-0.00014979
-0.00015473
-0.00015913
-0.00016295
-0.00016617
-0.00016875
-0.00017066
-0.00017188
-0.00017239
-0.00017217
-0.00017119
-0.00016945
-0.00016694
-0.00016365
-0.00015958
-0.00015472
-0.00014909
-0.0001427
-0.00013554
-0.00012764
-0.00011903
-0.00010971
-9.9723e-05
-8.9094e-05
-7.7858e-05
-6.6052e-05
-5.3717e-05
-4.0896e-05
-2.7636e-05
-1.3987e-05
7.9396e-18
1.4269e-05
2.8764e-05
4.3426e-05
5.8193e-05
7.3005e-05
8.7798e-05
0.00010251
0.00011707
0.00013141
0.00014548
0.0001592
0.00017251
0.00018534
0.00019764
0.00020933
0.00022037
0.00023069
0.00024023
0.00024895
0.00025679
0.0002637
0.00026964
0.00027457
0.00027845
0.00028125
0.00028294
0.0002835
0.0002829
0.00028113
0.00027818
0.00027405
0.00026873
0.00026223
0.00025456
0.00024574
0.00023578
0.0002247
0.00021255
0.00019935
0.00018515
0.00016999
0.00015392
0.00013699
0.00011927
0.00010082
8.1695e-05
6.1976e-05
4.1736e-05
2.1051e-05
-8.271e-18
-2.1333e-05
-4.2864e-05
-6.4506e-05
-8.6171e-05
-0.00010777
-0.00012921
-0.00015041
-0.00017126
-0.00019169
-0.0002116
-0.00023091
-0.00024952
-0.00026735
-0.00028432
-0.00030035
-0.00031536
-0.00032927
-0.00034202
-0.00035355
-0.00036378
-0.00037266
-0.00038015
-0.00038618
-0.00039073
-0.00039375
-0.00039522
-0.00039511
-0.00039341
-0.0003901
-0.00038518
-0.00037865
-0.00037053
-0.00036082
-0.00034955
-0.00033675
-0.00032246
-0.00030671
-0.00028956
-0.00027106
-0.00025128
-0.00023027
-0.00020812
-0.00018489
-0.00016069
-0.00013558
-0.00010967
-8.3057e-05
-5.5836e-05
-2.8114e-05
-1.9403e-17
2.8397e-05
5.6964e-05
8.5586e-05
0.00011415
0.00014253
0.00017063
0.00019831
0.00022546
0.00025197
0.00027773
0.00030262
0.00032653
0.00034936
0.000371
0.00039136
0.00041034
0.00042786
0.00044382
0.00045815
0.00047077
0.00048163
0.00049065
0.00049779
0.00050301
0.00050625
0.0005075
0.00050672
0.00050391
0.00049906
0.00049217
0.00048325
0.00047232
0.0004594
0.00044454
0.00042777
0.00040914
0.00038872
0.00036657
0.00034277
0.0003174
0.00029055
0.00026231
0.00023279
0.0002021
0.00017035
0.00013765
0.00010414
6.9936e-05
3.5178e-05
3.0318e-17
-3.5461e-05
-7.1064e-05
-0.00010667
-0.00014213
-0.0001773
-0.00021204
-0.00024621
-0.00027966
-0.00031225
-0.00034385
-0.00037433
-0.00040354
-0.00043137
-0.00045768
-0.00048238
-0.00050533
-0.00052644
-0.00054561
-0.00056275
-0.00057777
-0.00059059
-0.00060116
-0.00060941
-0.00061528
-0.00061875
-0.00061977
-0.00061834
-0.00061442
-0.00060803
-0.00059917
-0.00058785
-0.00057411
-0.00055799
-0.00053953
-0.00051878
-0.00049583
-0.00047073
-0.00044359
-0.00041448
-0.00038353
-0.00035083
-0.00031651
-0.00028069
-0.00024351
-0.00020511
-0.00016563
-0.00012522
-8.4036e-05
-4.2242e-05
-4.3658e-17
4.2525e-05
8.5164e-05
0.00012775
0.0001701
0.00021206
0.00025345
0.00029411
0.00033386
0.00037253
0.00040998
0.00044604
0.00048055
0.00051338
0.00054437
0.00057339
0.00060032
0.00062503
0.0006474
0.00066735
0.00068476
0.00069956
0.00071167
0.00072102
0.00072756
0.00073125
0.00073205
0.00072995
0.00072493
0.00071699
0.00070616
0.00069245
0.00067591
0.00065657
0.00063451
0.0006098
0.00058251
0.00055274
0.0005206
0.0004862
0.00044966
0.00041111
0.00037071
0.0003286
0.00028493
0.00023987
0.00019361
0.0001463
9.8136e-05
4.9306e-05
1.466e-17
-4.9589e-05
-9.9264e-05
-0.00014883
-0.00019808
-0.00024683
-0.00029487
-0.00034201
-0.00038805
-0.00043281
-0.00047611
-0.00051775
-0.00055756
-0.00059539
-0.00063105
-0.00066441
-0.0006953
-0.00072361
-0.0007492
-0.00077195
-0.00079175
-0.00080852
-0.00082217
-0.00083263
-0.00083984
-0.00084375
-0.00084433
-0.00084156
-0.00083544
-0.00082596
-0.00081315
-0.00079705
-0.0007777
-0.00075516
-0.0007295
-0.00070081
-0.00066919
-0.00063475
-0.00059761
-0.00055791
-0.00051578
-0.00047139
-0.00042491
-0.0003765
-0.00032634
-0.00027464
-0.00022158
-0.00016738
-0.00011224
-5.637e-05
-7.7616e-17
5.6653e-05
0.00011336
0.00016991
0.00022606
0.00028159
0.00033628
0.00038991
0.00044225
0.00049309
0.00054223
0.00058946
0.00063458
0.00067739
0.00071773
0.00075542
0.00079029
0.00082219
0.00085099
0.00087655
0.00089875
0.00091749
0.00093268
0.00094425
0.00095212
0.00095625
0.00095661
0.00095317
0.00094594
0.00093492
0.00092015
0.00090165
0.00087949
0.00085374
0.00082449
0.00079183
0.00075587
0.00071676
0.00067462
0.00062962
0.00058191
0.00053167
0.0004791
0.0004244
0.00036776
0.0003094
0.00024956
0.00018846
0.00012634
6.3434e-05
4.0679e-17
-6.3717e-05
-0.00012746
-0.00019099
-0.00025404
-0.00031636
-0.0003777
-0.00043781
-0.00049645
-0.00055338
-0.00060836
-0.00066117
-0.00071159
-0.0007594
-0.00080442
-0.00084643
-0.00088528
-0.00092078
-0.00095278
-0.00098115
-0.0010057
-0.0010265
-0.0010432
-0.0010559
-0.0010644
-0.0010688
-0.0010689
-0.0010648
-0.0010564
-0.0010439
-0.0010271
-0.0010063
-0.00098128
-0.00095233
-0.00091947
-0.00088284
-0.00084256
-0.00079877
-0.00075163
-0.00070133
-0.00064803
-0.00059195
-0.0005333
-0.0004723
-0.00040917
-0.00034417
-0.00027754
-0.00020954
-0.00014044
-7.0498e-05
-5.7213e-17
7.0357e-05
0.00014015
0.00020912
0.00027698
0.00034347
0.00040834
0.00047134
0.00053222
0.00059075
0.00064671
0.00069989
0.00075009
0.00079713
0.00084082
0.00088102
0.00091757
0.00095035
0.00097925
0.0010042
0.001025
0.0010417
0.0010542
0.0010626
0.0010666
0.0010665
0.0010621
0.0010536
0.001041
0.0010243
0.0010036
0.00097905
0.00095075
0.00091881
0.00088338
0.00084461
0.00080268
0.00075776
0.00071005
0.00065973
0.00060704
0.00055217
0.00049536
0.00043685
0.00037687
0.00031566
0.00025348
0.00019057
0.00012718
6.3575e-05
6.2371e-17
-6.3293e-05
-0.00012605
-0.00018804
-0.000249
-0.00030871
-0.00036693
-0.00042344
-0.00047802
-0.00053047
-0.00058058
-0.00062818
-0.00067308
-0.00071512
-0.00075414
-0.00079001
-0.00082259
-0.00085177
-0.00087746
-0.00089956
-0.00091801
-0.00093275
-0.00094373
-0.00095094
-0.00095436
-0.000954
-0.00094987
-0.00094201
-0.00093047
-0.00091531
-0.00089661
-0.00087445
-0.00084895
-0.00082022
-0.00078839
-0.0007536
-0.000716
-0.00067575
-0.00063303
-0.00058802
-0.00054091
-0.00049189
-0.00044117
-0.00038895
-0.00033545
-0.0002809
-0.0002255
-0.00016949
-0.00011308
-5.6511e-05
-1.4073e-17
5.6229e-05
0.00011195
0.00016696
0.00022102
0.00027394
0.00032551
0.00037554
0.00042382
0.00047019
0.00051446
0.00055647
0.00059607
0.00063311
0.00066746
0.00069899
0.0007276
0.00075319
0.00077566
0.00079496
0.00081101
0.00082378
0.00083323
0.00083933
0.00084209
0.0008415
0.00083759
0.0008304
0.00081996
0.00080635
0.00078961
0.00076985
0.00074716
0.00072164
0.0006934
0.00066258
0.00062932
0.00059374
0.00055602
0.00051631
0.00047478
0.00043161
0.00038697
0.00034105
0.00029404
0.00024613
0.00019752
0.00014841
9.8982e-05
4.9448e-05
6.5411e-17
-4.9165e-05
-9.7854e-05
-0.00014588
-0.00019305
-0.00023918
-0.0002841
-0.00032764
-0.00036963
-0.00040991
-0.00044833
-0.00048476
-0.00051906
-0.0005511
-0.00058077
-0.00060798
-0.00063261
-0.0006546
-0.00067387
-0.00069036
-0.00070402
-0.00071481
-0.00072272
-0.00072772
-0.00072981
-0.000729
-0.00072532
-0.00071879
-0.00070946
-0.00069738
-0.00068262
-0.00066526
-0.00064537
-0.00062305
-0.00059842
-0.00057157
-0.00054263
-0.00051174
-0.00047901
-0.0004446
-0.00040866
-0.00037133
-0.00033277
-0.00029315
-0.00025263
-0.00021137
-0.00016954
-0.00012733
-8.4882e-05
-4.2384e-05
-2.5051e-17
4.2101e-05
8.3754e-05
0.0001248
0.00016507
0.00020441
0.00024269
0.00027974
0.00031543
0.00034963
0.00038221
0.00041305
0.00044205
0.00046909
0.00049409
0.00051696
0.00053763
0.00055602
0.00057208
0.00058576
0.00059703
0.00060585
0.00061221
0.0006161
0.00061753
0.0006165
0.00061304
0.00060717
0.00059895
0.00058841
0.00057563
0.00056066
0.00054357
0.00052447
0.00050343
0.00048056
0.00045595
0.00042973
0.000402
0.00037289
0.00034253
0.00031105
0.00027857
0.00024525
0.00021121
0.0001766
0.00014157
0.00010625
7.0782e-05
3.532e-05
2.6902e-17
-3.5037e-05
-6.9654e-05
-0.00010372
-0.00013709
-0.00016965
-0.00020127
-0.00023184
-0.00026123
-0.00028935
-0.00031608
-0.00034134
-0.00036503
-0.00038708
-0.00040741
-0.00042595
-0.00044264
-0.00045743
-0.00047028
-0.00048116
-0.00049003
-0.00049688
-0.0005017
-0.00050449
-0.00050525
-0.000504
-0.00050076
-0.00049556
-0.00048844
-0.00047945
-0.00046863
-0.00045606
-0.00044178
-0.00042589
-0.00040844
-0.00038954
-0.00036927
-0.00034772
-0.00032499
-0.00030118
-0.00027641
-0.00025077
-0.00022438
-0.00019735
-0.0001698
-0.00014184
-0.00011359
-8.5165e-05
-5.6682e-05
-2.8256e-05
-2.6327e-17
2.7973e-05
5.5554e-05
8.2635e-05
0.00010911
0.00013489
0.00015986
0.00018394
0.00020703
0.00022907
0.00024996
0.00026963
0.00028802
0.00030507
0.00032073
0.00033493
0.00034765
0.00035885
0.00036849
0.00037656
0.00038304
0.00038792
0.0003912
0.00039288
0.00039297
0.0003915
0.00038848
0.00038395
0.00037794
0.00037048
0.00036164
0.00035146
0.00033999
0.0003273
0.00031346
0.00029853
0.00028259
0.00026571
0.00024798
0.00022947
0.00021028
0.00019049
0.00017018
0.00014945
0.00012838
0.00010707
8.5611e-05
6.4084e-05
4.2582e-05
2.1192e-05
4.2694e-18
-2.0909e-05
-4.1454e-05
-6.1555e-05
-8.1135e-05
-0.00010012
-0.00011844
-0.00013604
-0.00015284
-0.00016879
-0.00018383
-0.00019792
-0.00021101
-0.00022306
-0.00023404
-0.00024392
-0.00025267
-0.00026026
-0.0002667
-0.00027196
-0.00027604
-0.00027895
-0.00028069
-0.00028126
-0.0002807
-0.000279
-0.0002762
-0.00027234
-0.00026743
-0.00026152
-0.00025465
-0.00024686
-0.0002382
-0.00022872
-0.00021847
-0.00020751
-0.0001959
-0.0001837
-0.00017097
-0.00015776
-0.00014415
-0.00013021
-0.00011598
-0.00010155
-8.6969e-05
-7.231e-05
-5.7634e-05
-4.3004e-05
-2.8482e-05
-1.4128e-05
-1.79e-17
1.3845e-05
2.7354e-05
4.0474e-05
5.3157e-05
6.5357e-05
7.703e-05
8.8136e-05
9.8639e-05
0.0001085
0.0001177
0.00012621
0.000134
0.00014106
0.00014736
0.0001529
0.00015768
0.00016168
0.0001649
0.00016736
0.00016905
0.00016999
0.00017018
0.00016965
0.00016842
0.0001665
0.00016393
0.00016072
0.00015692
0.00015255
0.00014765
0.00014226
0.0001364
0.00013013
0.00012348
0.0001165
0.00010922
0.00010169
9.3954e-05
8.6052e-05
7.8028e-05
6.9925e-05
6.1785e-05
5.3648e-05
4.5555e-05
3.7546e-05
2.9656e-05
2.1924e-05
1.4382e-05
7.0639e-06
3.7812e-18
-6.7814e-06
-1.3254e-05
-1.9394e-05
-2.518e-05
-3.0593e-05
-3.5616e-05
-4.0236e-05
-4.4442e-05
-4.8224e-05
-5.1578e-05
-5.45e-05
-5.6989e-05
-5.9046e-05
-6.0678e-05
-6.189e-05
-6.2691e-05
-6.3094e-05
-6.3112e-05
-6.276e-05
-6.2056e-05
-6.1021e-05
-5.9674e-05
-5.8039e-05
-5.6139e-05
-5.4e-05
-5.1648e-05
-4.911e-05
-4.6413e-05
-4.3586e-05
-4.0658e-05
-3.7656e-05
-3.461e-05
-3.1547e-05
-2.8496e-05
-2.5484e-05
-2.2538e-05
-1.9682e-05
-1.6943e-05
-1.4342e-05
-1.1903e-05
-9.6449e-06
-7.5876e-06
-5.748e-06
-4.1414e-06
-2.7812e-06
-1.6787e-06
-8.4322e-07
-2.82e-07
-0
-0
0
0
0
0
0
0
0
0
0
0
0
0
0
0
0
0
0
0
0
0
0
0
0
0
0
0
0
0
0
0
0
0
0
0
0
0
0
0
0
0
0
0
0
0
0
0
0
0
0
0
-0
-0
-0
-0
-0
-0
-0
-0
-0
-0
-0
-0
-0
-0
-0
-0
-0
-0
-0
-0
-0
-0
-0
-0
-0
-0
-0
-0
-0
-0
-0
-0
-0
-0
-0
-0
-0
-0
-0
-0
-0
-0
-0
-0
-0
-0
-0
-0
-0
-0
0
0
0
0
0
0
0
0
0
0
0
0
0
0
0
0
0
0
0
0
0
0
0
0
0
0
0
0
0
0
0
0
0
0
0
0
0
0
0
0
0
0
0
0
0
0
0
0
0
0
-0
-0
-0
-0
-0
-0
-0
-0
-0
-0
-0
-0
-0
-0
-0
-0
-0
-0
-0
-0
-0
-0
-0
-0
-0
-0
-0
-0
-0
-0
-0
-0
-0
-0
-0
-0
-0
-0
-0
-0
-0
-0
-0
-0
-0
-0
-0
-0
-0
-0
0
0
0
0
0
0
0
0
0
0
0
0
0
0
0
0
0
0
0
0
0
0
0
0
0
0
0
0
0
0
0
0
0
0
0
0
0
0
0
0
0
0
0
0
0
0
0
0
0
0
-0
-0
-0
-0
-0
-0
-0
-0
-0
-0
-0
-0
-0
-0
-0
-0
-0
-0
-0
-0
-0
-0
-0
-0
-0
-0
-0
-0
-0
-0
-0
-0
-0
-0
-0
-0
-0
-0
-0
-0
-0
-0
-0
-0
-0
-0
-0
-0
-0
-0
0
0
0
0
0
0
0
0
0
0
0
0
0
0
0
0
0
0
0
0
0
0
0
0
0
0
0
0
0
0
0
0
0
0
0
0
0
0
0
0
0
0
0
0
0
0
0
0
0
0
-0
-0
-0
-0
-0
-0
-0
-0
-0
-0
-0
-0
-0
-0
-0
-0
-0
-0
-0
-0
-0
-0
-0
-0
-0
-0
-0
-0
-0
-0
-0
-0
-0
-0
-0
-0
-0
-0
-0
-0
-0
-0
-0
-0
-0
-0
-0
-0
-0
-0
0
0
0
0
0
0
0
0
0
0
0
0
0
0
0
0
0
0
0
0
0
0
0
0
0
0
0
0
0
0
0
0
0
0
0
0
0
0
0
0
0
0
0
0
0
0
0
0
0
0
-0
-0
-0
-0
-0
-0
-0
-0
-0
-0
-0
-0
-0
-0
-0
-0
-0
-0
-0
-0
-0
-0
-0
-0
-0
-0
-0
-0
-0
-0
-0
-0
-0
-0
-0
-0
-0
-0
-0
-0
-0
-0
-0
-0
-0
-0
-0
-0
-0
-0
0
0
0
0
0
0
0
0
0
0
0
0
0
0
0
0
0
0
0
0
0
0
0
0
0
0
0
0
0
0
0
0
0
0
0
0
0
0
0
0
0
0
0
0
0
0
0
0
0
0
-0
-0
-0
-0
-0
-0
-0
-0
-0
-0
-0
-0
-0
-0
-0
-0
-0
-0
-0
-0
-0
-0
-0
-0
-0
-0
-0
-0
-0
-0
-0
-0
-0
-0
-0
-0
-0
-0
-0
-0
-0
-0
-0
-0
-0
-0
-0
-0
-0
-0
0
0
0
0
0
0
0
0
0
0
0
0
0
0
0
0
0
0
0
0
0
0
0
0
0
0
0
0
0
0
0
0
0
0
0
0
0
0
0
0
0
0
0
0
0
0
0
0
0
0
-0
-0
-0
-0
-0
-0
-0
-0
-0
-0
-0
-0
-0
-0
-0
-0
-0
-0
-0
-0
-0
-0
-0
-0
-0
-0
-0
-0
-0
-0
-0
-0
-0
-0
-0
-0
-0
-0
-0
-0
-0
-0
-0
-0
-0
-0
-0
-0
-0
-0
0
0
0
0
0
0
0
0
0
0
0
0
0
0
0
0
0
0
0
0
0
0
0
0
0
0
0
0
0
0
0
0
0
0
0
0
0
0
0
0
0
0
0
0
0
0
0
0
0
0
-0
-0
-0
-0
-0
-0
-0
-0
-0
-0
-0
-0
-0
-0
-0
-0
-0
-0
-0
-0
-0
-0
-0
-0
-0
-0
-0
-0
-0
-0
-0
-0
-0
-0
-0
-0
-0
-0
-0
-0
-0
-0
-0
-0
-0
-0
-0
-0
-0
-0
0
0
0
0
0
0
0
0
0
0
0
0
0
0
0
0
0
0
0
0
0
0
0
0
0
0
0
0
0
0
0
0
0
0
0
0
0
0
0
0
0
0
0
0
0
0
0
0
0
0
-0
-0
-0
-0
-0
-0
-0
-0
-0
-0
-0
-0
-0
-0
-0
-0
-0
-0
-0
-0
-0
-0
-0
-0
-0
-0
-0
-0
-0
-0
-0
-0
-0
-0
-0
-0
-0
-0
-0
-0
-0
-0
-0
-0
-0
-0
-0
-0
-0
-0
0
0
0
0
0
0
0
0
0
0
0
0
0
0
0
0
0
0
0
0
0
0
0
0
0
0
0
0
0
0
0
0
0
0
0
0
0
0
0
0
0
0
0
0
0
0
0
0
0
0
-0
-0
-0
-0
-0
-0
-0
-0
-0
-0
-0
-0
-0
-0
-0
-0
-0
-0
-0
-0
-0
-0
-0
-0
-0
-0
-0
-0
-0
-0
-0
-0
-0
-0
-0
-0
-0
-0
-0
-0
-0
-0
-0
-0
-0
-0
-0
-0
-0
-0
0
0
0
0
0
0
0
0
0
0
0
0
0
0
0
0
0
0
0
0
0
0
0
0
0
0
0
0
0
0
0
0
0
0
0
0
0
0
0
0
0
0
0
0
0
0
0
0
0
0
-0
-0
-0
-0
-0
-0
-0
-0
-0
-0
-0
-0
-0
-0
-0
-0
-0
-0
-0
-0
-0
-0
-0
-0
-0
-0
-0
-0
-0
-0
-0
-0
-0
-0
-0
-0
-0
-0
-0
-0
-0
-0
-0
-0
-0
-0
-0
-0
-0
0
0
0
0
0
0
0
0
0
0
0
0
0
0
0
0
0
0
0
0
0
0
0
0
0
0
0
0
0
0
0
0
0
0
0
0
0
0
0
0
0
0
0
0
0
0
0
0
0
0
0
-0
-0
-0
-0
-0
-0
-0
-0
-0
-0
-0
-0
-0
-0
-0
-0
-0
-0
-0
-0
-0
-0
-0
-0
-0
-0
-0
-0
-0
-0
-0
-0
-0
-0
-0
-0
-0
-0
-0
-0
-0
-0
-0
-0
-0
-0
-0
-0
-0
-0
0
0
0
0
0
0
0
0
0
0
0
0
0
0
0
0
0
0
0
0
0
0
0
0
0
0
0
0
0
0
0
0
0
0
0
0
0
0
0
0
0
0
0
0
0
0
0
0
0
-0
-0
-0
-0
-0
-0
-0
-0
-0
-0
-0
-0
-0
-0
-0
-0
-0
-0
-0
-0
-0
-0
-0
-0
-0
-0
-0
-0
-0
-0
-0
-0
-0
-0
-0
-0
-0
-0
-0
-0
-0
-0
-0
-0
-0
-0
-0
-0
-0
-0
-0
0
0
0
0
0
0
0
0
0
0
0
0
0
0
0
0
0
0
0
0
0
0
0
0
0
0
0
0
0
0
0
0
0
0
0
0
0
0
0
0
0
0
0
0
0
0
0
0
0
0
-0
-0
-0
-0
-0
-0
-0
-0
-0
-0
-0
-0
-0
-0
-0
-0
-0
-0
-0
-0
-0
-0
-0
-0
-0
-0
-0
-0
-0
-0
-0
-0
-0
-0
-0
-0
-0
-0
-0
-0
-0
-0
-0
-0
-0
-0
-0
-0
-0
-0
0
0
0
0
0
0
0
0
0
0
0
0
0
0
0
0
0
0
0
0
0
0
0
0
0
0
0
0
0
0
0
0
0
0
0
0
0
0
0
0
0
0
0
0
0
0
0
0
0
0
-0
-0
-0
-0
-0
-0
-0
-0
-0
-0
-0
-0
-0
-0
-0
-0
-0
-0
-0
-0
-0
-0
-0
-0
-0
-0
-0
-0
-0
-0
-0
-0
-0
-0
-0
-0
-0
-0
-0
-0
-0
-0
-0
-0
-0
-0
-0
-0
-0
0
0
0
0
0
0
0
0
0
0
0
0
0
0
0
0
0
0
0
0
0
0
0
0
0
0
0
0
0
0
0
0
0
0
0
0
0
0
0
0
0
0
0
0
0
0
0
0
0
0
0
-0
-0
-0
-0
-0
-0
-0
-0
-0
-0
-0
-0
-0
-0
-0
-0
-0
-0
-0
-0
-0
-0
-0
-0
-0
-0
-0
-0
-0
-0
-0
-0
-0
-0
-0
-0
-0
-0
-0
-0
-0
-0
-0
-0
-0
-0
-0
-0
-0
0
0
0
0
0
0
0
0
0
0
0
0
0
0
0
0
0
0
0
0
0
0
0
0
0
0
0
0
0
0
0
0
0
0
0
0
0
0
0
0
0
0
0
0
0
0
0
0
0
0
0
-0
-0
-0
-0
-0
-0
-0
-0
-0
-0
-0
-0
-0
-0
-0
-0
-0
-0
-0
-0
-0
-0
-0
-0
-0
-0
-0
-0
-0
-0
-0
-0
-0
-0
-0
-0
-0
-0
-0
-0
-0
-0
-0
-0
-0
-0
-0
-0
-0
-0
0
0
0
0
0
0
0
0
0
0
0
0
0
0
0
0
0
0
0
0
0
0
0
0
0
0
0
0
0
0
0
0
0
0
0
0
0
0
0
0
0
0
0
0
0
0
0
0
0
0
-0
-0
-0
-0
-0
-0
-0
-0
-0
-0
-0
-0
-0
-0
-0
-0
-0
-0
-0
-0
-0
-0
-0
-0
-0
-0
-0
-0
-0
-0
-0
-0
-0
-0
-0
-0
-0
-0
-0
-0
-0
-0
-0
-0
-0
-0
-0
-0
-0
-0
0
0
0
0
0
0
0
0
0
0
0
0
0
0
0
0
0
0
0
0
0
0
0
0
0
0
0
0
0
0
0
0
0
0
0
0
0
0
0
0
0
0
0
0
0
0
0
0
0
0
-0
-0
-0
-0
-0
-0
-0
-0
-0
-0
-0
-0
-0
-0
-0
-0
-0
-0
-0
-0
-0
-0
-0
-0
-0
-0
-0
-0
-0
-0
-0
-0
-0
-0
-0
-0
-0
-0
-0
-0
-0
-0
-0
-0
-0
-0
-0
-0
-0
-0
0
0
0
0
0
0
0
0
0
0
0
0
0
0
0
0
0
0
0
0
0
0
0
0
0
0
0
0
0
0
0
0
0
0
0
0
0
0
0
0
0
0
0
0
0
0
0
0
0
0
-0
-0
-0
-0
-0
-0
-0
-0
-0
-0
-0
-0
-0
-0
-0
-0
-0
-0
-0
-0
-0
-0
-0
-0
-0
-0
-0
-0
-0
-0
-0
-0
-0
-0
-0
-0
-0
-0
-0
-0
-0
-0
-0
-0
-0
-0
-0
-0
-0
0
0
0
0
0
0
0
0
0
0
0
0
0
0
0
0
0
0
0
0
0
0
0
0
0
0
0
0
0
0
0
0
0
0
0
0
0
0
0
0
0
0
0
0
0
0
0
0
0
0
0
-0
-0
-0
-0
-0
-0
-0
-0
-0
-0
-0
-0
-0
-0
-0
-0
-0
-0
-0
-0
-0
-0
-0
-0
-0
-0
-0
-0
-0
-0
-0
-0
-0
-0
-0
-0
-0
-0
-0
-0
-0
-0
-0
-0
-0
-0
-0
-0
-0
0
0
0
0
0
0
0
0
0
0
0
0
0
0
0
0
0
0
0
0
0
0
0
0
0
0
0
0
0
0
0
0
0
0
0
0
0
0
0
0
0
0
0
0
0
0
0
0
0
0
0
-0
-0
-0
-0
-0
-0
-0
-0
-0
-0
-0
-0
-0
-0
-0
-0
-0
-0
-0
-0
-0
-0
-0
-0
-0
-0
-0
-0
-0
-0
-0
-0
-0
-0
-0
-0
-0
-0
-0
-0
-0
-0
-0
-0
-0
-0
-0
-0
-0
-0
0
0
0
0
0
0
0
0
0
0
0
0
0
0
0
0
0
0
0
0
0
0
0
0
0
0
0
0
0
0
0
0
0
0
0
0
0
0
0
0
0
0
0
0
0
0
0
0
0
0
-0
-0
-0
-0
-0
-0
-0
-0
-0
-0
-0
-0
-0
-0
-0
-0
-0
-0
-0
-0
-0
-0
-0
-0
-0
-0
-0
-0
-0
-0
-0
-0
-0
-0
-0
-0
-0
-0
-0
-0
-0
-0
-0
-0
-0
-0
-0
-0
-0
-0
0
0
0
0
0
0
0
0
0
0
0
0
0
0
0
0
0
0
0
0
0
0
0
0
0
0
0
0
0
0
0
0
0
0
0
0
0
0
0
0
0
0
0
0
0
0
0
0
0
0
-0
-0
-0
-0
-0
-0
-0
-0
-0
-0
-0
-0
-0
-0
-0
-0
-0
-0
-0
-0
-0
-0
-0
-0
-0
-0
-0
-0
-0
-0
-0
-0
-0
-0
-0
-0
-0
-0
-0
-0
-0
-0
-0
-0
-0
-0
-0
-0
-0
-0
0
0
0
0
0
0
0
0
0
0
0
0
0
0
0
0
0
0
0
0
0
0
0
0
0
0
0
0
0
0
0
0
0
0
0
0
0
0
0
0
0
0
0
0
0
0
0
0
0
0
-0
-0
-0
-0
-0
-0
-0
-0
-0
-0
-0
-0
-0
-0
-0
-0
-0
-0
-0
-0
-0
-0
-0
-0
-0
-0
-0
-0
-0
-0
-0
-0
-0
-0
-0
-0
-0
-0
-0
-0
-0
-0
-0
-0
-0
-0
-0
-0
-0
0
0
0
0
0
0
0
0
0
0
0
0
0
0
0
0
0
0
0
0
0
0
0
0
0
0
0
0
0
0
0
0
0
0
0
0
0
0
0
0
0
0
0
0
0
0
0
0
0
0
0
-0
-0
-0
-0
-0
-0
-0
-0
-0
-0
-0
-0
-0
-0
-0
-0
-0
-0
-0
-0
-0
-0
-0
-0
-0
-0
-0
-0
-0
-0
-0
-0
-0
-0
-0
-0
-0
-0
-0
-0
-0
-0
-0
-0
-0
-0
-0
-0
-0
0
0
0
0
0
0
0
0
0
0
0
0
0
0
0
0
0
0
0
0
0
0
0
0
0
0
0
0
0
0
0
0
0
0
0
0
0
0
0
0
0
0
0
0
0
0
0
0
0
0
0
-0
-0
-0
-0
-0
-0
-0
-0
-0
-0
-0
-0
-0
-0
-0
-0
-0
-0
-0
-0
-0
-0
-0
-0
-0
-0
-0
-0
-0
-0
-0
-0
-0
-0
-0
-0
-0
-0
-0
-0
-0
-0
-0
-0
-0
-0
-0
-0
-0
-0
0
0
0
0
0
0
0
0
0
0
0
0
0
0
0
0
0
0
0
0
0
0
0
0
0
0
0
0
0
0
0
0
0
0
0
0
0
0
0
0
0
0
0
0
0
0
0
0
0
0
-0
-0
-0
-0
-0
-0
-0
-0
-0
-0
-0
-0
-0
-0
-0
-0
-0
-0
-0
-0
-0
-0
-0
-0
-0
-0
-0
-0
-0
-0
-0
-0
-0
-0
-0
-0
-0
-0
-0
-0
-0
-0
-0
-0
-0
-0
-0
-0
-0
-0
0
0
0
0
0
0
0
0
0
0
0
0
0
0
0
0
0
0
0
0
0
0
0
0
0
0
0
0
0
0
0
0
0
0
0
0
0
0
0
0
0
0
0
0
0
0
0
0
0
0
-0
-0
-0
-0
-0
-0
-0
-0
-0
-0
-0
-0
-0
-0
-0
-0
-0
-0
-0
-0
-0
-0
-0
-0
-0
-0
-0
-0
-0
-0
-0
-0
-0
-0
-0
-0
-0
-0
-0
-0
-0
-0
-0
-0
-0
-0
-0
-0
-0
-0
0
0
0
0
0
0
0
0
0
0
0
0
0
0
0
0
0
0
0
0
0
0
0
0
0
0
0
0
0
0
0
0
0
0
0
0
0
0
0
0
0
0
0
0
0
0
0
0
0
0
-0
-0
-0
-0
-0
-0
-0
-0
-0
-0
-0
-0
-0
-0
-0
-0
-0
-0
-0
-0
-0
-0
-0
-0
-0
-0
-0
-0
-0
-0
-0
-0
-0
-0
-0
-0
-0
-0
-0
-0
-0
-0
-0
-0
-0
-0
-0
-0
-0
0
0
0
0
0
0
0
0
0
0
0
0
0
0
0
0
0
0
0
0
0
0
0
0
0
0
0
0
0
0
0
0
0
0
0
0
0
0
0
0
0
0
0
0
0
0
0
0
0
0
0
-0
-0
-0
-0
-0
-0
-0
-0
-0
-0
-0
-0
-0
-0
-0
-0
-0
-0
-0
-0
-0
-0
-0
-0
-0
-0
-0
-0
-0
-0
-0
-0
-0
-0
-0
-0
-0
-0
-0
-0
-0
-0
-0
-0
-0
-0
-0
-0
-0
0
0
0
0
0
0
0
0
0
0
0
0
0
0
0
0
0
0
0
0
0
0
0
0
0
0
0
0
0
0
0
0
0
0
0
0
0
0
0
0
0
0
0
0
0
0
0
0
0
0
0
-0
-0
-0
-0
-0
-0
-0
-0
-0
-0
-0
-0
-0
-0
-0
-0
-0
-0
-0
-0
-0
-0
-0
-0
-0
-0
-0
-0
-0
-0
-0
-0
-0
-0
-0
-0
-0
-0
-0
-0
-0
-0
-0
-0
-0
-0
-0
-0
-0
0
