-0
-0
-0
-0
-0
-0
-0
-0
-0
-0
-0
-0
-0
-0
-0
-0
-0
-0
-0
-0
-0
-0
-0
-0
-0
-0
-0
-0
-0
-0
-0
-0
-0
-0
-0
-0
-0
-0
-0
-0
-0
-0
-0
-0
-0
-0
-0
-0
-0
-0
-0
0
0
0
0
0
0
0
0
0
0
0
0
0
0
0
0
0
0
0
0
0
0
0
0
0
0
0
0
0
0
0
0
0
0
0
0
0
0
0
0
0
0
0
0
0
0
0
0
0
0
-0
-0
-0
-0
-0
-0
-0
-0
-0
-0
-0
-0
-0
-0
-0
-0
-0
-0
-0
-0
-0
-0
-0
-0
-0
-0
-0
-0
-0
-0
-0
-0
-0
-0
-0
-0
-0
-0
-0
-0
-0
-0
-0
-0
-0
-0
-0
-0
-0
-0
0
0
0
0
0
0
0
0
0
0
0
0
0
0
0
0
0
0
0
0
0
0
0
0
0
0
0
0
0
0
0
0
0
0
0
0
0
0
0
0
0
0
0
0
0
0
0
0
0
0
-0
-0
-0
-0
-0
-0
-0
-0
-0
-0
-0
-0
-0
-0
-0
-0
-0
-0
-0
-0
-0
-0
-0
-0
-0
-0
-0
-0
-0
-0
-0
-0
-0
-0
-0
-0
-0
-0
-0
-0
-0
-0
-0
-0
-0
-0
-0
-0
-0
-0
0
0
0
0
0
0
0
0
0
0
0
0
0
0
0
0
0
0
0
0
0
0
0
0
0
0
0
0
0
0
0
0
0
0
0
0
0
0
0
0
0
0
0
0
0
0
0
0
0
0
-0
-0
-0
-0
-0
-0
-0
-0
-0
-0
-0
-0
-0
-0
-0
-0
-0
-0
-0
-0
-0
-0
-0
-0
-0
-0
-0
-0
-0
-0
-0
-0
-0
-0
-0
-0
-0
-0
-0
-0
-0
-0
-0
-0
-0
-0
-0
-0
-0
0
0
0
0
0
0
0
0
0
0
0
0
0
0
0
0
0
0
0
0
0
0
0
0
0
0
0
0
0
0
0
0
0
0
0
0
0
0
0
0
0
0
0
0
0
0
0
0
0
0
0
-0
-0
-0
-0
-0
-0
-0
-0
-0
-0
-0
-0
-0
-0
-0
-0
-0
-0
-0
-0
-0
-0
-0
-0
-0
-0
-0
-0
-0
-0
-0
-0
-0
-0
-0
-0
-0
-0
-0
-0
-0
-0
-0
-0
-0
-0
-0
-0
-0
-0
0
0
0
0
0
0
0
0
0
0
0
0
0
0
0
0
0
0
0
0
0
0
0
0
0
0
0
0
0
0
0
0
0
0
0
0
0
0
0
0
0
0
0
0
0
0
0
0
0
0
-0
-0
-0
-0
-0
-0
-0
-0
-0
-0
-0
-0
-0
-0
-0
-0
-0
-0
-0
-0
-0
-0
-0
-0
-0
-0
-0
-0
-0
-0
-0
-0
-0
-0
-0
-0
-0
-0
-0
-0
-0
-0
-0
-0
-0
-0
-0
-0
-0
0
0
0
0
0
0
0
0
0
0
0
0
0
0
0
0
0
0
0
0
0
0
0
0
0
0
0
0
0
0
0
0
0
0
0
0
0
0
0
0
0
0
0
0
0
0
0
0
0
0
0
-0
-0
-0
-0
-0
-0
-0
-0
-0
-0
-0
-0
-0
-0
-0
-0
-0
-0
-0
-0
-0
-0
-0
-0
-0
-0
-0
-0
-0
-0
-0
-0
-0
-0
-0
-0
-0
-0
-0
-0
-0
-0
-0
-0
-0
-0
-0
-0
-0
0
0
0
0
0
0
0
0
0
0
0
0
0
0
0
0
0
0
0
0
0
0
0
0
0
0
0
0
0
0
0
0
0
0
0
0
0
0
0
0
0
0
0
0
0
0
0
0
0
0
-0
-0
-0
-0
-0
-0
-0
-0
-0
-0
-0
-0
-0
-0
-0
-0
-0
-0
-0
-0
-0
-0
-0
-0
-0
-0
-0
-0
-0
-0
-0
-0
-0
-0
-0
-0
-0
-0
-0
-0
-0
-0
-0
-0
-0
-0
-0
-0
-0
-0
-0
0
0
0
0
0
0
0
0
0
0
0
0
0
0
0
0
0
0
0
0
0
0
0
0
0
0
0
0
0
0
0
0
0
0
0
0
0
0
0
0
0
0
0
0
0
0
0
0
0
0
-0
-0
-0
-0
-0
-0
-0
-0
-0
-0
-0
-0
-0
-0
-0
-0
-0
-0
-0
-0
-0
-0
-0
-0
-0
-0
-0
-0
-0
-0
-0
-0
-0
-0
-0
-0
-0
-0
-0
-0
-0
-0
-0
-0
-0
-0
-0
-0
-0
-0
0
0
0
0
0
0
0
0
0
0
0
0
0
0
0
0
0
0
0
0
0
0
0
0
0
0
0
0
0
0
0
0
0
0
0
0
0
0
0
0
0
0
0
0
0
0
0
0
0
0
-0
-0
-0
-0
-0
-0
-0
-0
-0
-0
-0
-0
-0
-0
-0
-0
-0
-0
-0
-0
-0
-0
-0
-0
-0
-0
-0
-0
-0
-0
-0
-0
-0
-0
-0
-0
-0
-0
-0
-0
-0
-0
-0
-0
-0
-0
-0
-0
-0
0
0
0
0
0
0
0
0
0
0
0
0
0
0
0
0
0
0
0
0
0
0
0
0
0
0
0
0
0
0
0
0
0
0
0
0
0
0
0
0
0
0
0
0
0
0
0
0
0
0
0
-0
-0
-0
-0
-0
-0
-0
-0
-0
-0
-0
-0
-0
-0
-0
-0
-0
-0
-0
-0
-0
-0
-0
-0
-0
-0
-0
-0
-0
-0
-0
-0
-0
-0
-0
-0
-0
-0
-0
-0
-0
-0
-0
-0
-0
-0
-0
-0
-0
0
0
0
0
0
0
0
0
0
0
0
0
0
0
0
0
0
0
0
0
0
0
0
0
0
0
0
0
0
0
0
0
0
0
0
0
0
0
0
0
0
0
0
0
0
0
0
0
0
0
-0
-0
-0
-0
-0
-0
-0
-0
-0
-0
-0
-0
-0
-0
-0
-0
-0
-0
-0
-0
-0
-0
-0
-0
-0
-0
-0
-0
-0
-0
-0
-0
-0
-0
-0
-0
-0
-0
-0
-0
-0
-0
-0
-0
-0
-0
-0
-0
-0
-0
0
0
0
0
0
0
0
0
0
0
0
0
0
0
0
0
0
0
0
0
0
0
0
0
0
0
0
0
0
0
0
0
0
0
0
0
0
0
0
0
0
0
0
0
0
0
0
0
0
0
0
-0
-0
-0
-0
-0
-0
-0
-0
-0
-0
-0
-0
-0
-0
-0
-0
-0
-0
-0
-0
-0
-0
-0
-0
-0
-0
-0
-0
-0
-0
-0
-0
-0
-0
-0
-0
-0
-0
-0
-0
-0
-0
-0
-0
-0
-0
-0
-0
-0
0
0
0
0
0
0
0
0
0
0
0
0
0
0
0
0
0
0
0
0
0
0
0
0
0
0
0
0
0
0
0
0
0
0
0
0
0
0
0
0
0
0
0
0
0
0
0
0
0
0
-0
-0
-0
-0
-0
-0
-0
-0
-0
-0
-0
-0
-0
-0
-0
-0
-0
-0
-0
-0
-0
-0
-0
-0
-0
-0
-0
-0
-0
-0
-0
-0
-0
-0
-0
-0
-0
-0
-0
-0
-0
-0
-0
-0
-0
-0
-0
-0
-0
-0
0
0
0
0
0
0
0
0
0
0
0
0
0
0
0
0
0
0
0
0
0
0
0
0
0
0
0
0
0
0
0
0
0
0
0
0
0
0
0
0
0
0
0
0
0
0
0
0
0
0
-0
-0
-0
-0
-0
-0
-0
-0
-0
-0
-0
-0
-0
-0
-0
-0
-0
-0
-0
-0
-0
-0
-0
-0
-0
-0
-0
-0
-0
-0
-0
-0
-0
-0
-0
-0
-0
-0
-0
-0
-0
-0
-0
-0
-0
-0
-0
-0
-0
-0
0
0
0
0
0
0
0
0
0
0
0
0
0
0
0
0
0
0
0
0
0
0
0
0
0
0
0
0
0
0
0
0
0
0
0
0
0
0
0
0
0
0
0
0
0
0
0
0
0
0
0
-0
-0
-0
-0
-0
-0
-0
-0
-0
-0
-0
-0
-0
-0
-0
-0
-0
-0
-0
-0
-0
-0
-0
-0
-0
-0
-0
-0
-0
-0
-0
-0
-0
-0
-0
-0
-0
-0
-0
-0
-0
-0
-0
-0
-0
-0
-0
-0
-0
-0
0
0
0
0
0
0
0
0
0
0
0
0
0
0
0
0
0
0
0
0
0
0
0
0
0
0
0
0
0
0
0
0
0
0
0
0
0
0
0
0
0
0
0
0
0
0
0
0
0
0
-0
-0
-0
-0
-0
-0
-0
-0
-0
-0
-0
-0
-0
-0
-0
-0
-0
-0
-0
-0
-0
-0
-0
-0
-0
-0
-0
-0
-0
-0
-0
-0
-0
-0
-0
-0
-0
-0
-0
-0
-0
-0
-0
-0
-0
-0
-0
-0
-0
-0
0
0
0
0
0
0
0
0
0
0
0
0
0
0
0
0
0
0
0
0
0
0
0
0
0
0
0
0
0
0
0
0
0
0
0
0
0
0
0
0
0
0
0
0
0
0
0
0
0
0
-0
-0
-0
-0
-0
-0
-0
-0
-0
-0
-0
-0
-0
-0
-0
-0
-0
-0
-0
-0
-0
-0
-0
-0
-0
-0
-0
-0
-0
-0
-0
-0
-0
-0
-0
-0
-0
-0
-0
-0
-0
-0
-0
-0
-0
-0
-0
-0
-0
-0
0
0
0
0
0
0
0
0
0
0
0
0
0
0
0
0
0
0
0
0
0
0
0
0
0
0
0
0
0
0
0
0
0
0
0
0
0
0
0
0
0
0
0
0
0
0
0
0
0
0
-0
-0
-0
-0
-0
-0
-0
-0
-0
-0
-0
-0
-0
-0
-0
-0
-0
-0
-0
-0
-0
-0
-0
-0
-0
-0
-0
-0
-0
-0
-0
-0
-0
-0
-0
-0
-0
-0
-0
-0
-0
-0
-0
-0
-0
-0
-0
-0
-0
-0
0
0
0
0
0
0
0
0
0
0
0
0
0
0
0
0
0
0
0
0
0
0
0
0
0
0
0
0
0
0
0
0
0
0
0
0
0
0
0
0
0
0
0
0
0
0
0
0
0
-0
-0
-0
-0
-0
-0
-0
-0
-0
-0
-0
-0
-0
-0
-0
-0
-0
-0
-0
-0
-0
-0
-0
-0
-0
-0
-0
-0
-0
-0
-0
-0
-0
-0
-0
-0
-0
-0
-0
-0
-0
-0
-0
-0
-0
-0
-0
-0
-0
-0
-0
0
0
0
0
0
0
0
0
0
0
0
0
0
0
0
0
0
0
0
0
0
0
0
0
0
0
0
0
0
0
0
0
0
0
0
0
0
0
0
0
0
0
0
0
0
0
0
0
0
0
-5.6511e-08
-2.256e-07
-5.0593e-07
-8.9528e-07
-1.3906e-06
-1.9879e-06
-2.6824e-06
-3.4686e-06
-4.3402e-06
-5.2901e-06
-6.3105e-06
-7.3931e-06
-8.5289e-06
-9.7085e-06
-1.0922e-05
-1.2158e-05
-1.3407e-05
-1.4658e-05
-1.5899e-05
-1.7119e-05
-1.8306e-05
-1.9449e-05
-2.0537e-05
-2.1557e-05
-2.25e-05
-2.3354e-05
-2.4108e-05
-2.4754e-05
-2.528e-05
-2.5679e-05
-2.5941e-05
-2.6059e-05
-2.6026e-05
-2.5836e-05
-2.5484e-05
-2.4965e-05
-2.4275e-05
-2.3412e-05
-2.2374e-05
-2.116e-05
-1.9772e-05
-1.821e-05
-1.6478e-05
-1.4578e-05
-1.2515e-05
-1.0296e-05
-7.9262e-06
-5.4144e-06
-2.7691e-06
-7.0556e-19
2.8821e-06
5.8656e-06
8.9381e-06
1.2086e-05
1.5296e-05
1.8553e-05
2.1842e-05
2.5148e-05
2.8452e-05
3.174e-05
3.4995e-05
3.8198e-05
4.1333e-05
4.4382e-05
4.7327e-05
5.0153e-05
5.2841e-05
5.5375e-05
5.7739e-05
5.9917e-05
6.1892e-05
6.3652e-05
6.5182e-05
6.6469e-05
6.75e-05
6.8265e-05
6.8754e-05
6.8957e-05
6.8866e-05
6.8476e-05
6.7781e-05
6.6776e-05
6.546e-05
6.3831e-05
6.189e-05
5.9638e-05
5.7078e-05
5.4216e-05
5.1058e-05
4.7611e-05
4.3884e-05
3.9889e-05
3.5638e-05
3.1143e-05
2.6421e-05
2.1487e-05
1.6358e-05
1.1054e-05
5.5946e-06
-1.7657e-19
-5.7077e-06
-1.1506e-05
-1.737e-05
-2.3277e-05
-2.9202e-05
-3.5119e-05
-4.1003e-05
-4.6826e-05
-5.2565e-05
-5.8191e-05
-6.3679e-05
-6.9002e-05
-7.4136e-05
-7.9055e-05
-8.3733e-05
-8.8148e-05
-9.2275e-05
-9.6093e-05
-9.9579e-05
-0.00010271
-0.00010548
-0.00010786
-0.00010983
-0.00011138
-0.0001125
-0.00011318
-0.0001134
-0.00011316
-0.00011245
-0.00011127
-0.00010962
-0.00010749
-0.00010489
-0.00010183
-9.8296e-05
-9.4311e-05
-8.9882e-05
-8.5021e-05
-7.9742e-05
-7.4061e-05
-6.7996e-05
-6.1568e-05
-5.4798e-05
-4.7709e-05
-4.0327e-05
-3.2678e-05
-2.4791e-05
-1.6694e-05
-8.4202e-06
-1.1905e-18
8.5332e-06
1.7146e-05
2.5802e-05
3.4468e-05
4.3108e-05
5.1685e-05
6.0163e-05
6.8505e-05
7.6677e-05
8.4641e-05
9.2363e-05
9.9807e-05
0.00010694
0.00011373
0.00012014
0.00012614
0.00013171
0.00013681
0.00014142
0.00014551
0.00014906
0.00015206
0.00015447
0.00015629
0.0001575
0.00015809
0.00015804
0.00015736
0.00015604
0.00015407
0.00015146
0.00014821
0.00014433
0.00013982
0.0001347
0.00012898
0.00012269
0.00011583
0.00010843
0.00010051
9.2109e-05
8.3247e-05
7.3958e-05
6.4275e-05
5.4232e-05
4.3869e-05
3.3223e-05
2.2334e-05
1.1246e-05
-1.588e-18
-1.1359e-05
-2.2786e-05
-3.4235e-05
-4.5659e-05
-5.7014e-05
-6.825e-05
-7.9323e-05
-9.0184e-05
-0.00010079
-0.00011109
-0.00012105
-0.00013061
-0.00013974
-0.0001484
-0.00015654
-0.00016414
-0.00017114
-0.00017753
-0.00018326
-0.00018831
-0.00019265
-0.00019626
-0.00019912
-0.0002012
-0.0002025
-0.000203
-0.00020269
-0.00020157
-0.00019962
-0.00019687
-0.0001933
-0.00018893
-0.00018376
-0.00017782
-0.00017111
-0.00016366
-0.00015549
-0.00014663
-0.00013711
-0.00012696
-0.00011622
-0.00010493
-9.3118e-05
-8.084e-05
-6.8138e-05
-5.506e-05
-4.1655e-05
-2.7974e-05
-1.4071e-05
-4.4059e-19
1.4184e-05
2.8426e-05
4.2667e-05
5.6851e-05
7.0919e-05
8.4816e-05
9.8483e-05
0.00011186
0.0001249
0.00013754
0.00014973
0.00016142
0.00017255
0.00018307
0.00019295
0.00020213
0.00021058
0.00021824
0.0002251
0.00023111
0.00023624
0.00024046
0.00024376
0.00024611
0.0002475
0.00024791
0.00024733
0.00024577
0.00024321
0.00023967
0.00023514
0.00022965
0.0002232
0.00021581
0.00020751
0.00019833
0.00018829
0.00017743
0.00016579
0.00015341
0.00014033
0.0001266
0.00011228
9.7406e-05
8.2044e-05
6.6251e-05
5.0087e-05
3.3614e-05
1.6897e-05
-4.2344e-18
-1.701e-05
-3.4066e-05
-5.1099e-05
-6.8042e-05
-8.4825e-05
-0.00010138
-0.00011764
-0.00013354
-0.00014901
-0.00016399
-0.00017841
-0.00019222
-0.00020535
-0.00021775
-0.00022936
-0.00024013
-0.00025001
-0.00025896
-0.00026694
-0.0002739
-0.00027982
-0.00028467
-0.00028841
-0.00029102
-0.0002925
-0.00029282
-0.00029198
-0.00028997
-0.0002868
-0.00028246
-0.00027698
-0.00027036
-0.00026263
-0.0002538
-0.00024392
-0.000233
-0.0002211
-0.00020824
-0.00019448
-0.00017986
-0.00016445
-0.00014828
-0.00013144
-0.00011397
-9.595e-05
-7.7442e-05
-5.8519e-05
-3.9254e-05
-1.9723e-05
1.5442e-18
1.9836e-05
3.9706e-05
5.9531e-05
7.9233e-05
9.8731e-05
0.00011795
0.0001368
0.00015522
0.00017313
0.00019044
0.0002071
0.00022303
0.00023815
0.00025242
0.00026576
0.00027812
0.00028944
0.00029968
0.00030878
0.0003167
0.00032341
0.00032887
0.00033305
0.00033594
0.0003375
0.00033773
0.00033662
0.00033417
0.00033038
0.00032526
0.00031882
0.00031108
0.00030206
0.0002918
0.00028032
0.00026768
0.0002539
0.00023904
0.00022316
0.00020631
0.00018856
0.00016996
0.0001506
0.00013054
0.00010986
8.8633e-05
6.6951e-05
4.4894e-05
2.2548e-05
2.1162e-18
-2.2661e-05
-4.5346e-05
-6.7963e-05
-9.0424e-05
-0.00011264
-0.00013451
-0.00015596
-0.0001769
-0.00019724
-0.00021689
-0.00023578
-0.00025383
-0.00027096
-0.00028709
-0.00030217
-0.00031612
-0.00032888
-0.0003404
-0.00035062
-0.0003595
-0.000367
-0.00037307
-0.0003777
-0.00038085
-0.0003825
-0.00038264
-0.00038127
-0.00037838
-0.00037397
-0.00036806
-0.00036066
-0.0003518
-0.0003415
-0.00032979
-0.00031673
-0.00030235
-0.0002867
-0.00026985
-0.00025185
-0.00023276
-0.00021267
-0.00019164
-0.00016976
-0.0001471
-0.00012376
-9.9824e-05
-7.5384e-05
-5.0534e-05
-2.5374e-05
4.7639e-18
2.5487e-05
5.0986e-05
7.6395e-05
0.00010161
0.00012654
0.00015108
0.00017512
0.00019858
0.00022135
0.00024334
0.00026447
0.00028463
0.00030376
0.00032177
0.00033857
0.00035411
0.00036831
0.00038111
0.00039246
0.0004023
0.00041058
0.00041728
0.00042234
0.00042576
0.0004275
0.00042755
0.00042591
0.00042258
0.00041756
0.00041086
0.0004025
0.00039251
0.00038093
0.00036779
0.00035314
0.00033702
0.00031951
0.00030065
0.00028053
0.00025921
0.00023678
0.00021332
0.00018892
0.00016367
0.00013767
0.00011102
8.3816e-05
5.6174e-05
2.8199e-05
-4.4199e-19
-2.8312e-05
-5.6626e-05
-8.4828e-05
-0.00011281
-0.00014045
-0.00016764
-0.00019428
-0.00022026
-0.00024546
-0.00026979
-0.00029315
-0.00031544
-0.00033656
-0.00035644
-0.00037498
-0.00039211
-0.00040775
-0.00042183
-0.0004343
-0.00044509
-0.00045417
-0.00046148
-0.00046699
-0.00047067
-0.0004725
-0.00047247
-0.00047056
-0.00046678
-0.00046114
-0.00045365
-0.00044434
-0.00043323
-0.00042036
-0.00040578
-0.00038954
-0.0003717
-0.00035231
-0.00033146
-0.00030921
-0.00028566
-0.00026089
-0.000235
-0.00020808
-0.00018023
-0.00015157
-0.00012221
-9.2248e-05
-6.1814e-05
-3.1025e-05
9.2185e-18
3.1138e-05
6.2266e-05
9.326e-05
0.000124
0.00015435
0.00018421
0.00021344
0.00024194
0.00026957
0.00029624
0.00032184
0.00034624
0.00036937
0.00039111
0.00041139
0.0004301
0.00044718
0.00046255
0.00047614
0.00048789
0.00049775
0.00050568
0.00051163
0.00051558
0.0005175
0.00051738
0.00051521
0.00051099
0.00050473
0.00049645
0.00048618
0.00047395
0.0004598
0.00044378
0.00042595
0.00040637
0.00038511
0.00036226
0.0003379
0.00031211
0.00028501
0.00025668
0.00022724
0.0001968
0.00016548
0.0001334
0.00010068
6.7454e-05
3.385e-05
-4.2351e-18
-3.3963e-05
-6.7906e-05
-0.00010169
-0.00013519
-0.00016826
-0.00020078
-0.0002326
-0.00026362
-0.00029369
-0.00032269
-0.00035052
-0.00037705
-0.00040217
-0.00042579
-0.00044779
-0.0004681
-0.00048661
-0.00050326
-0.00051798
-0.00053069
-0.00054134
-0.00054988
-0.00055628
-0.00056049
-0.0005625
-0.00056229
-0.00055985
-0.00055519
-0.00054831
-0.00053925
-0.00052802
-0.00051467
-0.00049923
-0.00048177
-0.00046235
-0.00044104
-0.00041792
-0.00039307
-0.00036658
-0.00033856
-0.00030912
-0.00027836
-0.0002464
-0.00021336
-0.00017938
-0.00014459
-0.00010911
-7.3094e-05
-3.6676e-05
-1.7187e-18
3.6789e-05
7.3546e-05
0.00011012
0.00014638
0.00018217
0.00021734
0.00025176
0.00028529
0.0003178
0.00034914
0.0003792
0.00040785
0.00043498
0.00046046
0.0004842
0.00050609
0.00052605
0.00054398
0.00055982
0.00057349
0.00058493
0.00059409
0.00060092
0.0006054
0.0006075
0.0006072
0.0006045
0.00059939
0.0005919
0.00058205
0.00056986
0.00055538
0.00053867
0.00051977
0.00049876
0.00047571
0.00045072
0.00042387
0.00039527
0.00036501
0.00033323
0.00030004
0.00026556
0.00022993
0.00019329
0.00015578
0.00011754
7.8734e-05
3.9502e-05
-9.263e-18
-3.9615e-05
-7.9186e-05
-0.00011856
-0.00015757
-0.00019607
-0.00023391
-0.00027092
-0.00030697
-0.00034191
-0.00037559
-0.00040789
-0.00043866
-0.00046778
-0.00049513
-0.0005206
-0.00054408
-0.00056548
-0.0005847
-0.00060166
-0.00061628
-0.00062851
-0.00063829
-0.00064557
-0.00065031
-0.0006525
-0.00065211
-0.00064914
-0.00064359
-0.00063549
-0.00062484
-0.0006117
-0.0005961
-0.0005781
-0.00055776
-0.00053516
-0.00051039
-0.00048352
-0.00045468
-0.00042395
-0.00039146
-0.00035734
-0.00032172
-0.00028472
-0.0002465
-0.0002072
-0.00016697
-0.00012598
-8.4374e-05
-4.2327e-05
2.6477e-18
4.244e-05
8.4826e-05
0.00012699
0.00016876
0.00020998
0.00025047
0.00029008
0.00032865
0.00036602
0.00040205
0.00043657
0.00046946
0.00050058
0.0005298
0.00055701
0.00058208
0.00060491
0.00062542
0.0006435
0.00065908
0.0006721
0.00068249
0.00069021
0.00069523
0.0006975
0.00069702
0.00069379
0.0006878
0.00067907
0.00066764
0.00065354
0.00063682
0.00061753
0.00059576
0.00057157
0.00054506
0.00051633
0.00048548
0.00045263
0.00041792
0.00038146
0.00034339
0.00030388
0.00026306
0.0002211
0.00017816
0.00013441
9.0014e-05
4.5153e-05
-1.5526e-17
-4.5266e-05
-9.0466e-05
-0.00013542
-0.00017995
-0.00022388
-0.00026704
-0.00030924
-0.00035033
-0.00039014
-0.0004285
-0.00046526
-0.00050027
-0.00053339
-0.00056448
-0.00059341
-0.00062007
-0.00064435
-0.00066613
-0.00068534
-0.00070188
-0.00071569
-0.0007267
-0.00073486
-0.00074014
-0.0007425
-0.00074193
-0.00073843
-0.000732
-0.00072266
-0.00071044
-0.00069538
-0.00067753
-0.00065697
-0.00063375
-0.00060798
-0.00057973
-0.00054913
-0.00051629
-0.00048132
-0.00044437
-0.00040557
-0.00036507
-0.00032304
-0.00027963
-0.00023501
-0.00018935
-0.00014284
-9.5654e-05
-4.7978e-05
8.2491e-18
4.8091e-05
9.6106e-05
0.00014385
0.00019114
0.00023779
0.0002836
0.0003284
0.00037201
0.00041425
0.00045495
0.00049394
0.00053107
0.00056619
0.00059915
0.00062982
0.00065807
0.00068378
0.00070685
0.00072718
0.00074468
0.00075927
0.0007709
0.0007795
0.00078505
0.0007875
0.00078684
0.00078308
0.0007762
0.00076625
0.00075324
0.00073722
0.00071825
0.0006964
0.00067175
0.00064438
0.00061441
0.00058194
0.00054709
0.00051
0.00047082
0.00042968
0.00038675
0.0003422
0.00029619
0.00024891
0.00020054
0.00015127
0.00010129
5.0804e-05
-2.0055e-21
-5.0917e-05
-0.00010175
-0.00015228
-0.00020233
-0.00025169
-0.00030017
-0.00034756
-0.00039369
-0.00043836
-0.0004814
-0.00052262
-0.00056188
-0.00059899
-0.00063382
-0.00066623
-0.00069606
-0.00072322
-0.00074757
-0.00076902
-0.00078747
-0.00080286
-0.0008151
-0.00082415
-0.00082996
-0.0008325
-0.00083176
-0.00082772
-0.00082041
-0.00080983
-0.00079603
-0.00077906
-0.00075897
-0.00073583
-0.00070974
-0.00068079
-0.00064908
-0.00061474
-0.00057789
-0.00053869
-0.00049727
-0.00045379
-0.00040843
-0.00036136
-0.00031276
-0.00026282
-0.00021173
-0.00015971
-0.00010693
-5.3629e-05
1.5085e-17
5.3742e-05
0.00010739
0.00016072
0.00021353
0.0002656
0.00031673
0.00036672
0.00041537
0.00046247
0.00050785
0.00055131
0.00059268
0.0006318
0.0006685
0.00070263
0.00073406
0.00076265
0.00078829
0.00081086
0.00083027
0.00084644
0.0008593
0.00086879
0.00087487
0.0008775
0.00087667
0.00087237
0.00086461
0.00085342
0.00083883
0.0008209
0.00079969
0.00077527
0.00074774
0.00071719
0.00068375
0.00064754
0.0006087
0.00056737
0.00052372
0.0004779
0.00043011
0.00038052
0.00032932
0.00027672
0.00022293
0.00016814
0.00011257
5.6455e-05
1.9403e-17
-5.6511e-05
-0.0001128
-0.00016864
-0.00022382
-0.00027812
-0.00033131
-0.0003832
-0.00043358
-0.00048224
-0.00052901
-0.00057368
-0.00061609
-0.00065607
-0.00069346
-0.00072812
-0.0007599
-0.00078868
-0.00081434
-0.0008368
-0.00085595
-0.00087172
-0.00088406
-0.0008929
-0.00089822
-0.0009
-0.00089822
-0.0008929
-0.00088406
-0.00087172
-0.00085595
-0.0008368
-0.00081434
-0.00078868
-0.0007599
-0.00072812
-0.00069346
-0.00065607
-0.00061609
-0.00057368
-0.00052901
-0.00048224
-0.00043358
-0.0003832
-0.00033131
-0.00027812
-0.00022382
-0.00016864
-0.0001128
-5.6511e-05
-3.5259e-18
5.6511e-05
0.0001128
0.00016864
0.00022382
0.00027812
0.00033131
0.0003832
0.00043358
0.00048224
0.00052901
0.00057368
0.00061609
0.00065607
0.00069346
0.00072812
0.0007599
0.00078868
0.00081434
0.0008368
0.00085595
0.00087172
0.00088406
0.0008929
0.00089822
0.0009
0.00089822
0.0008929
0.00088406
0.00087172
0.00085595
0.0008368
0.00081434
0.00078868
0.0007599
0.00072812
0.00069346
0.00065607
0.00061609
0.00057368
0.00052901
0.00048224
0.00043358
0.0003832
0.00033131
0.00027812
0.00022382
0.00016864
0.0001128
5.6511e-05
1.3228e-17
-5.6511e-05
-0.0001128
-0.00016864
-0.00022382
-0.00027812
-0.00033131
-0.0003832
-0.00043358
-0.00048224
-0.00052901
-0.00057368
-0.00061609
-0.00065607
-0.00069346
-0.00072812
-0.0007599
-0.00078868
-0.00081434
-0.0008368
-0.00085595
-0.00087172
-0.00088406
-0.0008929
-0.00089822
-0.0009
-0.00089822
-0.0008929
-0.00088406
-0.00087172
-0.00085595
-0.0008368
-0.00081434
-0.00078868
-0.0007599
-0.00072812
-0.00069346
-0.00065607
-0.00061609
-0.00057368
-0.00052901
-0.00048224
-0.00043358
-0.0003832
-0.00033131
-0.00027812
-0.00022382
-0.00016864
-0.0001128
-5.6511e-05
-2.2931e-17
5.6511e-05
0.0001128
0.00016864
0.00022382
0.00027812
0.00033131
0.0003832
0.00043358
0.00048224
0.00052901
0.00057368
0.00061609
0.00065607
0.00069346
0.00072812
0.0007599
0.00078868
0.00081434
0.0008368
0.00085595
0.00087172
0.00088406
0.0008929
0.00089822
0.0009
0.00089822
0.0008929
0.00088406
0.00087172
0.00085595
0.0008368
0.00081434
0.00078868
0.0007599
0.00072812
0.00069346
0.00065607
0.00061609
0.00057368
0.00052901
0.00048224
0.00043358
0.0003832
0.00033131
0.00027812
0.00022382
0.00016864
0.0001128
5.6511e-05
7.054e-18
-5.6511e-05
-0.0001128
-0.00016864
-0.00022382
-0.00027812
-0.00033131
-0.0003832
-0.00043358
-0.00048224
-0.00052901
-0.00057368
-0.00061609
-0.00065607
-0.00069346
-0.00072812
-0.0007599
-0.00078868
-0.00081434
-0.0008368
-0.00085595
-0.00087172
-0.00088406
-0.0008929
-0.00089822
-0.0009
-0.00089822
-0.0008929
-0.00088406
-0.00087172
-0.00085595
-0.0008368
-0.00081434
-0.00078868
-0.0007599
-0.00072812
-0.00069346
-0.00065607
-0.00061609
-0.00057368
-0.00052901
-0.00048224
-0.00043358
-0.0003832
-0.00033131
-0.00027812
-0.00022382
-0.00016864
-0.0001128
-5.6511e-05
-1.6757e-17
5.6511e-05
0.0001128
0.00016864
0.00022382
0.00027812
0.00033131
0.0003832
0.00043358
0.00048224
0.00052901
0.00057368
0.00061609
0.00065607
0.00069346
0.00072812
0.0007599
0.00078868
0.00081434
0.0008368
0.00085595
0.00087172
0.00088406
0.0008929
0.00089822
0.0009
0.00089822
0.0008929
0.00088406
0.00087172
0.00085595
0.0008368
0.00081434
0.00078868
0.0007599
0.00072812
0.00069346
0.00065607
0.00061609
0.00057368
0.00052901
0.00048224
0.00043358
0.0003832
0.00033131
0.00027812
0.00022382
0.00016864
0.0001128
5.6511e-05
8.7952e-19
-5.6511e-05
-0.0001128
-0.00016864
-0.00022382
-0.00027812
-0.00033131
-0.0003832
-0.00043358
-0.00048224
-0.00052901
-0.00057368
-0.00061609
-0.00065607
-0.00069346
-0.00072812
-0.0007599
-0.00078868
-0.00081434
-0.0008368
-0.00085595
-0.00087172
-0.00088406
-0.0008929
-0.00089822
-0.0009
-0.00089822
-0.0008929
-0.00088406
-0.00087172
-0.00085595
-0.0008368
-0.00081434
-0.00078868
-0.0007599
-0.00072812
-0.00069346
-0.00065607
-0.00061609
-0.00057368
-0.00052901
-0.00048224
-0.00043358
-0.0003832
-0.00033131
-0.00027812
-0.00022382
-0.00016864
-0.0001128
-5.6511e-05
-1.0582e-17
5.6511e-05
0.0001128
0.00016864
0.00022382
0.00027812
0.00033131
0.0003832
0.00043358
0.00048224
0.00052901
0.00057368
0.00061609
0.00065607
0.00069346
0.00072812
0.0007599
0.00078868
0.00081434
0.0008368
0.00085595
0.00087172
0.00088406
0.0008929
0.00089822
0.0009
0.00089822
0.0008929
0.00088406
0.00087172
0.00085595
0.0008368
0.00081434
0.00078868
0.0007599
0.00072812
0.00069346
0.00065607
0.00061609
0.00057368
0.00052901
0.00048224
0.00043358
0.0003832
0.00033131
0.00027812
0.00022382
0.00016864
0.0001128
5.6511e-05
2.0285e-17
-5.6511e-05
-0.0001128
-0.00016864
-0.00022382
-0.00027812
-0.00033131
-0.0003832
-0.00043358
-0.00048224
-0.00052901
-0.00057368
-0.00061609
-0.00065607
-0.00069346
-0.00072812
-0.0007599
-0.00078868
-0.00081434
-0.0008368
-0.00085595
-0.00087172
-0.00088406
-0.0008929
-0.00089822
-0.0009
-0.00089822
-0.0008929
-0.00088406
-0.00087172
-0.00085595
-0.0008368
-0.00081434
-0.00078868
-0.0007599
-0.00072812
-0.00069346
-0.00065607
-0.00061609
-0.00057368
-0.00052901
-0.00048224
-0.00043358
-0.0003832
-0.00033131
-0.00027812
-0.00022382
-0.00016864
-0.0001128
-5.6511e-05
-4.4076e-18
5.6511e-05
0.0001128
0.00016864
0.00022382
0.00027812
0.00033131
0.0003832
0.00043358
0.00048224
0.00052901
0.00057368
0.00061609
0.00065607
0.00069346
0.00072812
0.0007599
0.00078868
0.00081434
0.0008368
0.00085595
0.00087172
0.00088406
0.0008929
0.00089822
0.0009
0.00089822
0.0008929
0.00088406
0.00087172
0.00085595
0.0008368
0.00081434
0.00078868
0.0007599
0.00072812
0.00069346
0.00065607
0.00061609
0.00057368
0.00052901
0.00048224
0.00043358
0.0003832
0.00033131
0.00027812
0.00022382
0.00016864
0.0001128
5.6511e-05
1.411e-17
-5.6511e-05
-0.0001128
-0.00016864
-0.00022382
-0.00027812
-0.00033131
-0.0003832
-0.00043358
-0.00048224
-0.00052901
-0.00057368
-0.00061609
-0.00065607
-0.00069346
-0.00072812
-0.0007599
-0.00078868
-0.00081434
-0.0008368
-0.00085595
-0.00087172
-0.00088406
-0.0008929
-0.00089822
-0.0009
-0.00089822
-0.0008929
-0.00088406
-0.00087172
-0.00085595
-0.0008368
-0.00081434
-0.00078868
-0.0007599
-0.00072812
-0.00069346
-0.00065607
-0.00061609
-0.00057368
-0.00052901
-0.00048224
-0.00043358
-0.0003832
-0.00033131
-0.00027812
-0.00022382
-0.00016864
-0.0001128
-5.6511e-05
1.7668e-18
5.6511e-05
0.0001128
0.00016864
0.00022382
0.00027812
0.00033131
0.0003832
0.00043358
0.00048224
0.00052901
0.00057368
0.00061609
0.00065607
0.00069346
0.00072812
0.0007599
0.00078868
0.00081434
0.0008368
0.00085595
0.00087172
0.00088406
0.0008929
0.00089822
0.0009
0.00089822
0.0008929
0.00088406
0.00087172
0.00085595
0.0008368
0.00081434
0.00078868
0.0007599
0.00072812
0.00069346
0.00065607
0.00061609
0.00057368
0.00052901
0.00048224
0.00043358
0.0003832
0.00033131
0.00027812
0.00022382
0.00016864
0.0001128
5.6511e-05
7.9357e-18
-5.6511e-05
-0.0001128
-0.00016864
-0.00022382
-0.00027812
-0.00033131
-0.0003832
-0.00043358
-0.00048224
-0.00052901
-0.00057368
-0.00061609
-0.00065607
-0.00069346
-0.00072812
-0.0007599
-0.00078868
-0.00081434
-0.0008368
-0.00085595
-0.00087172
-0.00088406
-0.0008929
-0.00089822
-0.0009
-0.00089822
-0.0008929
-0.00088406
-0.00087172
-0.00085595
-0.0008368
-0.00081434
-0.00078868
-0.0007599
-0.00072812
-0.00069346
-0.00065607
-0.00061609
-0.00057368
-0.00052901
-0.00048224
-0.00043358
-0.0003832
-0.00033131
-0.00027812
-0.00022382
-0.00016864
-0.0001128
-5.6511e-05
-1.7638e-17
5.6511e-05
0.0001128
0.00016864
0.00022382
0.00027812
0.00033131
0.0003832
0.00043358
0.00048224
0.00052901
0.00057368
0.00061609
0.00065607
0.00069346
0.00072812
0.0007599
0.00078868
0.00081434
0.0008368
0.00085595
0.00087172
0.00088406
0.0008929
0.00089822
0.0009
0.00089822
0.0008929
0.00088406
0.00087172
0.00085595
0.0008368
0.00081434
0.00078868
0.0007599
0.00072812
0.00069346
0.00065607
0.00061609
0.00057368
0.00052901
0.00048224
0.00043358
0.0003832
0.00033131
0.00027812
0.00022382
0.00016864
0.0001128
5.6511e-05
1.7613e-18
-5.6511e-05
-0.0001128
-0.00016864
-0.00022382
-0.00027812
-0.00033131
-0.0003832
-0.00043358
-0.00048224
-0.00052901
-0.00057368
-0.00061609
-0.00065607
-0.00069346
-0.00072812
-0.0007599
-0.00078868
-0.00081434
-0.0008368
-0.00085595
-0.00087172
-0.00088406
-0.0008929
-0.00089822
-0.0009
-0.00089822
-0.0008929
-0.00088406
-0.00087172
-0.00085595
-0.0008368
-0.00081434
-0.00078868
-0.0007599
-0.00072812
-0.00069346
-0.00065607
-0.00061609
-0.00057368
-0.00052901
-0.00048224
-0.00043358
-0.0003832
-0.00033131
-0.00027812
-0.00022382
-0.00016864
-0.0001128
-5.6511e-05
-1.1464e-17
5.6511e-05
0.0001128
0.00016864
0.00022382
0.00027812
0.00033131
0.0003832
0.00043358
0.00048224
0.00052901
0.00057368
0.00061609
0.00065607
0.00069346
0.00072812
0.0007599
0.00078868
0.00081434
0.0008368
0.00085595
0.00087172
0.00088406
0.0008929
0.00089822
0.0009
0.00089822
0.0008929
0.00088406
0.00087172
0.00085595
0.0008368
0.00081434
0.00078868
0.0007599
0.00072812
0.00069346
0.00065607
0.00061609
0.00057368
0.00052901
0.00048224
0.00043358
0.0003832
0.00033131
0.00027812
0.00022382
0.00016864
0.0001128
5.6511e-05
-4.4132e-18
-5.6511e-05
-0.0001128
-0.00016864
-0.00022382
-0.00027812
-0.00033131
-0.0003832
-0.00043358
-0.00048224
-0.00052901
-0.00057368
-0.00061609
-0.00065607
-0.00069346
-0.00072812
-0.0007599
-0.00078868
-0.00081434
-0.0008368
-0.00085595
-0.00087172
-0.00088406
-0.0008929
-0.00089822
-0.0009
-0.00089822
-0.0008929
-0.00088406
-0.00087172
-0.00085595
-0.0008368
-0.00081434
-0.00078868
-0.0007599
-0.00072812
-0.00069346
-0.00065607
-0.00061609
-0.00057368
-0.00052901
-0.00048224
-0.00043358
-0.0003832
-0.00033131
-0.00027812
-0.00022382
-0.00016864
-0.0001128
-5.6511e-05
-5.2894e-18
5.6511e-05
0.0001128
0.00016864
0.00022382
0.00027812
0.00033131
0.0003832
0.00043358
0.00048224
0.00052901
0.00057368
0.00061609
0.00065607
0.00069346
0.00072812
0.0007599
0.00078868
0.00081434
0.0008368
0.00085595
0.00087172
0.00088406
0.0008929
0.00089822
0.0009
0.00089822
0.0008929
0.00088406
0.00087172
0.00085595
0.0008368
0.00081434
0.00078868
0.0007599
0.00072812
0.00069346
0.00065607
0.00061609
0.00057368
0.00052901
0.00048224
0.00043358
0.0003832
0.00033131
0.00027812
0.00022382
0.00016864
0.0001128
5.6511e-05
1.4992e-17
-5.6511e-05
-0.0001128
-0.00016864
-0.00022382
-0.00027812
-0.00033131
-0.0003832
-0.00043358
-0.00048224
-0.00052901
-0.00057368
-0.00061609
-0.00065607
-0.00069346
-0.00072812
-0.0007599
-0.00078868
-0.00081434
-0.0008368
-0.00085595
-0.00087172
-0.00088406
-0.0008929
-0.00089822
-0.0009
-0.00089822
-0.0008929
-0.00088406
-0.00087172
-0.00085595
-0.0008368
-0.00081434
-0.00078868
-0.0007599
-0.00072812
-0.00069346
-0.00065607
-0.00061609
-0.00057368
-0.00052901
-0.00048224
-0.00043358
-0.0003832
-0.00033131
-0.00027812
-0.00022382
-0.00016864
-0.0001128
-5.6511e-05
8.8509e-19
5.6511e-05
0.0001128
0.00016864
0.00022382
0.00027812
0.00033131
0.0003832
0.00043358
0.00048224
0.00052901
0.00057368
0.00061609
0.00065607
0.00069346
0.00072812
0.0007599
0.00078868
0.00081434
0.0008368
0.00085595
0.00087172
0.00088406
0.0008929
0.00089822
0.0009
0.00089822
0.0008929
0.00088406
0.00087172
0.00085595
0.0008368
0.00081434
0.00078868
0.0007599
0.00072812
0.00069346
0.00065607
0.00061609
0.00057368
0.00052901
0.00048224
0.00043358
0.0003832
0.00033131
0.00027812
0.00022382
0.00016864
0.0001128
5.6511e-05
8.8175e-18
-5.6511e-05
-0.0001128
-0.00016864
-0.00022382
-0.00027812
-0.00033131
-0.0003832
-0.00043358
-0.00048224
-0.00052901
-0.00057368
-0.00061609
-0.00065607
-0.00069346
-0.00072812
-0.0007599
-0.00078868
-0.00081434
-0.0008368
-0.00085595
-0.00087172
-0.00088406
-0.0008929
-0.00089822
-0.0009
-0.00089822
-0.0008929
-0.00088406
-0.00087172
-0.00085595
-0.0008368
-0.00081434
-0.00078868
-0.0007599
-0.00072812
-0.00069346
-0.00065607
-0.00061609
-0.00057368
-0.00052901
-0.00048224
-0.00043358
-0.0003832
-0.00033131
-0.00027812
-0.00022382
-0.00016864
-0.0001128
-5.6511e-05
-1.852e-17
5.6511e-05
0.0001128
0.00016864
0.00022382
0.00027812
0.00033131
0.0003832
0.00043358
0.00048224
0.00052901
0.00057368
0.00061609
0.00065607
0.00069346
0.00072812
0.0007599
0.00078868
0.00081434
0.0008368
0.00085595
0.00087172
0.00088406
0.0008929
0.00089822
0.0009
0.00089822
0.0008929
0.00088406
0.00087172
0.00085595
0.0008368
0.00081434
0.00078868
0.0007599
0.00072812
0.00069346
0.00065607
0.00061609
0.00057368
0.00052901
0.00048224
0.00043358
0.0003832
0.00033131
0.00027812
0.00022382
0.00016864
0.0001128
5.6511e-05
2.8223e-17
-5.6511e-05
-0.0001128
-0.00016864
-0.00022382
-0.00027812
-0.00033131
-0.0003832
-0.00043358
-0.00048224
-0.00052901
-0.00057368
-0.00061609
-0.00065607
-0.00069346
-0.00072812
-0.0007599
-0.00078868
-0.00081434
-0.0008368
-0.00085595
-0.00087172
-0.00088406
-0.0008929
-0.00089822
-0.0009
-0.00089822
-0.0008929
-0.00088406
-0.00087172
-0.00085595
-0.0008368
-0.00081434
-0.00078868
-0.0007599
-0.00072812
-0.00069346
-0.00065607
-0.00061609
-0.00057368
-0.00052901
-0.00048224
-0.00043358
-0.0003832
-0.00033131
-0.00027812
-0.00022382
-0.00016864
-0.0001128
-5.6511e-05
1.3234e-17
5.6511e-05
0.0001128
0.00016864
0.00022382
0.00027812
0.00033131
0.0003832
0.00043358
0.00048224
0.00052901
0.00057368
0.00061609
0.00065607
0.00069346
0.00072812
0.0007599
0.00078868
0.00081434
0.0008368
0.00085595
0.00087172
0.00088406
0.0008929
0.00089822
0.0009
0.00089822
0.0008929
0.00088406
0.00087172
0.00085595
0.0008368
0.00081434
0.00078868
0.0007599
0.00072812
0.00069346
0.00065607
0.00061609
0.00057368
0.00052901
0.00048224
0.00043358
0.0003832
0.00033131
0.00027812
0.00022382
0.00016864
0.0001128
5.6511e-05
-3.5314e-18
-5.6511e-05
-0.0001128
-0.00016864
-0.00022382
-0.00027812
-0.00033131
-0.0003832
-0.00043358
-0.00048224
-0.00052901
-0.00057368
-0.00061609
-0.00065607
-0.00069346
-0.00072812
-0.0007599
-0.00078868
-0.00081434
-0.0008368
-0.00085595
-0.00087172
-0.00088406
-0.0008929
-0.00089822
-0.0009
-0.00089822
-0.0008929
-0.00088406
-0.00087172
-0.00085595
-0.0008368
-0.00081434
-0.00078868
-0.0007599
-0.00072812
-0.00069346
-0.00065607
-0.00061609
-0.00057368
-0.00052901
-0.00048224
-0.00043358
-0.0003832
-0.00033131
-0.00027812
-0.00022382
-0.00016864
-0.0001128
-5.6511e-05
-6.1711e-18
5.6511e-05
0.0001128
0.00016864
0.00022382
0.00027812
0.00033131
0.0003832
0.00043358
0.00048224
0.00052901
0.00057368
0.00061609
0.00065607
0.00069346
0.00072812
0.0007599
0.00078868
0.00081434
0.0008368
0.00085595
0.00087172
0.00088406
0.0008929
0.00089822
0.0009
0.00089822
0.0008929
0.00088406
0.00087172
0.00085595
0.0008368
0.00081434
0.00078868
0.0007599
0.00072812
0.00069346
0.00065607
0.00061609
0.00057368
0.00052901
0.00048224
0.00043358
0.0003832
0.00033131
0.00027812
0.00022382
0.00016864
0.0001128
5.6511e-05
1.5874e-17
-5.6511e-05
-0.0001128
-0.00016864
-0.00022382
-0.00027812
-0.00033131
-0.0003832
-0.00043358
-0.00048224
-0.00052901
-0.00057368
-0.00061609
-0.00065607
-0.00069346
-0.00072812
-0.0007599
-0.00078868
-0.00081434
-0.0008368
-0.00085595
-0.00087172
-0.00088406
-0.0008929
-0.00089822
-0.0009
-0.00089822
-0.0008929
-0.00088406
-0.00087172
-0.00085595
-0.0008368
-0.00081434
-0.00078868
-0.0007599
-0.00072812
-0.00069346
-0.00065607
-0.00061609
-0.00057368
-0.00052901
-0.00048224
-0.00043358
-0.0003832
-0.00033131
-0.00027812
-0.00022382
-0.00016864
-0.0001128
-5.6511e-05
2.5583e-17
5.6511e-05
0.0001128
0.00016864
0.00022382
0.00027812
0.00033131
0.0003832
0.00043358
0.00048224
0.00052901
0.00057368
0.00061609
0.00065607
0.00069346
0.00072812
0.0007599
0.00078868
0.00081434
0.0008368
0.00085595
0.00087172
0.00088406
0.0008929
0.00089822
0.0009
0.00089822
0.0008929
0.00088406
0.00087172
0.00085595
0.0008368
0.00081434
0.00078868
0.0007599
0.00072812
0.00069346
0.00065607
0.00061609
0.00057368
0.00052901
0.00048224
0.00043358
0.0003832
0.00033131
0.00027812
0.00022382
0.00016864
0.0001128
5.6511e-05
-1.588e-17
-5.6511e-05
-0.0001128
-0.00016864
-0.00022382
-0.00027812
-0.00033131
-0.0003832
-0.00043358
-0.00048224
-0.00052901
-0.00057368
-0.00061609
-0.00065607
-0.00069346
-0.00072812
-0.0007599
-0.00078868
-0.00081434
-0.0008368
-0.00085595
-0.00087172
-0.00088406
-0.0008929
-0.00089822
-0.0009
-0.00089822
-0.0008929
-0.00088406
-0.00087172
-0.00085595
-0.0008368
-0.00081434
-0.00078868
-0.0007599
-0.00072812
-0.00069346
-0.00065607
-0.00061609
-0.00057368
-0.00052901
-0.00048224
-0.00043358
-0.0003832
-0.00033131
-0.00027812
-0.00022382
-0.00016864
-0.0001128
-5.6511e-05
6.1778e-18
5.6511e-05
0.0001128
0.00016864
0.00022382
0.00027812
0.00033131
0.0003832
0.00043358
0.00048224
0.00052901
0.00057368
0.00061609
0.00065607
0.00069346
0.00072812
0.0007599
0.00078868
0.00081434
0.0008368
0.00085595
0.00087172
0.00088406
0.0008929
0.00089822
0.0009
0.00089822
0.0008929
0.00088406
0.00087172
0.00085595
0.0008368
0.00081434
0.00078868
0.0007599
0.00072812
0.00069346
0.00065607
0.00061609
0.00057368
0.00052901
0.00048224
0.00043358
0.0003832
0.00033131
0.00027812
0.00022382
0.00016864
0.0001128
5.6511e-05
3.5248e-18
-5.6511e-05
-0.0001128
-0.00016864
-0.00022382
-0.00027812
-0.00033131
-0.0003832
-0.00043358
-0.00048224
-0.00052901
-0.00057368
-0.00061609
-0.00065607
-0.00069346
-0.00072812
-0.0007599
-0.00078868
-0.00081434
-0.0008368
-0.00085595
-0.00087172
-0.00088406
-0.0008929
-0.00089822
-0.0009
-0.00089822
-0.0008929
-0.00088406
-0.00087172
-0.00085595
-0.0008368
-0.00081434
-0.00078868
-0.0007599
-0.00072812
-0.00069346
-0.00065607
-0.00061609
-0.00057368
-0.00052901
-0.00048224
-0.00043358
-0.0003832
-0.00033131
-0.00027812
-0.00022382
-0.00016864
-0.0001128
-5.6511e-05
-1.3227e-17
5.6511e-05
0.0001128
0.00016864
0.00022382
0.00027812
0.00033131
0.0003832
0.00043358
0.00048224
0.00052901
0.00057368
0.00061609
0.00065607
0.00069346
0.00072812
0.0007599
0.00078868
0.00081434
0.0008368
0.00085595
0.00087172
0.00088406
0.0008929
0.00089822
0.0009
0.00089822
0.0008929
0.00088406
0.00087172
0.00085595
0.0008368
0.00081434
0.00078868
0.0007599
0.00072812
0.00069346
0.00065607
0.00061609
0.00057368
0.00052901
0.00048224
0.00043358
0.0003832
0.00033131
0.00027812
0.00022382
0.00016864
0.0001128
5.6511e-05
-2.8229e-17
-5.6511e-05
-0.0001128
-0.00016864
-0.00022382
-0.00027812
-0.00033131
-0.0003832
-0.00043358
-0.00048224
-0.00052901
-0.00057368
-0.00061609
-0.00065607
-0.00069346
-0.00072812
-0.0007599
-0.00078868
-0.00081434
-0.0008368
-0.00085595
-0.00087172
-0.00088406
-0.0008929
-0.00089822
-0.0009
-0.00089822
-0.0008929
-0.00088406
-0.00087172
-0.00085595
-0.0008368
-0.00081434
-0.00078868
-0.0007599
-0.00072812
-0.00069346
-0.00065607
-0.00061609
-0.00057368
-0.00052901
-0.00048224
-0.00043358
-0.0003832
-0.00033131
-0.00027812
-0.00022382
-0.00016864
-0.0001128
-5.6511e-05
1.8527e-17
5.6511e-05
0.0001128
0.00016864
0.00022382
0.00027812
0.00033131
0.0003832
0.00043358
0.00048224
0.00052901
0.00057368
0.00061609
0.00065607
0.00069346
0.00072812
0.0007599
0.00078868
0.00081434
0.0008368
0.00085595
0.00087172
0.00088406
0.0008929
0.00089822
0.0009
0.00089822
0.0008929
0.00088406
0.00087172
0.00085595
0.0008368
0.00081434
0.00078868
0.0007599
0.00072812
0.00069346
0.00065607
0.00061609
0.00057368
0.00052901
0.00048224
0.00043358
0.0003832
0.00033131
0.00027812
0.00022382
0.00016864
0.0001128
5.6511e-05
-8.8241e-18
-5.6511e-05
-0.0001128
-0.00016864
-0.00022382
-0.00027812
-0.00033131
-0.0003832
-0.00043358
-0.00048224
-0.00052901
-0.00057368
-0.00061609
-0.00065607
-0.00069346
-0.00072812
-0.0007599
-0.00078868
-0.00081434
-0.0008368
-0.00085595
-0.00087172
-0.00088406
-0.0008929
-0.00089822
-0.0009
-0.00089822
-0.0008929
-0.00088406
-0.00087172
-0.00085595
-0.0008368
-0.00081434
-0.00078868
-0.0007599
-0.00072812
-0.00069346
-0.00065607
-0.00061609
-0.00057368
-0.00052901
-0.00048224
-0.00043358
-0.0003832
-0.00033131
-0.00027812
-0.00022382
-0.00016864
-0.0001128
-5.6511e-05
-8.784e-19
5.6511e-05
0.0001128
0.00016864
0.00022382
0.00027812
0.00033131
0.0003832
0.00043358
0.00048224
0.00052901
0.00057368
0.00061609
0.00065607
0.00069346
0.00072812
0.0007599
0.00078868
0.00081434
0.0008368
0.00085595
0.00087172
0.00088406
0.0008929
0.00089822
0.0009
0.00089822
0.0008929
0.00088406
0.00087172
0.00085595
0.0008368
0.00081434
0.00078868
0.0007599
0.00072812
0.00069346
0.00065607
0.00061609
0.00057368
0.00052901
0.00048224
0.00043358
0.0003832
0.00033131
0.00027812
0.00022382
0.00016864
0.0001128
5.6511e-05
1.0581e-17
-5.6511e-05
-0.0001128
-0.00016864
-0.00022382
-0.00027812
-0.00033131
-0.0003832
-0.00043358
-0.00048224
-0.00052901
-0.00057368
-0.00061609
-0.00065607
-0.00069346
-0.00072812
-0.0007599
-0.00078868
-0.00081434
-0.0008368
-0.00085595
-0.00087172
-0.00088406
-0.0008929
-0.00089822
-0.0009
-0.00089822
-0.0008929
-0.00088406
-0.00087172
-0.00085595
-0.0008368
-0.00081434
-0.00078868
-0.0007599
-0.00072812
-0.00069346
-0.00065607
-0.00061609
-0.00057368
-0.00052901
-0.00048224
-0.00043358
-0.0003832
-0.00033131
-0.00027812
-0.00022382
-0.00016864
-0.0001128
-5.6511e-05
3.0876e-17
5.6511e-05
0.0001128
0.00016864
0.00022382
0.00027812
0.00033131
0.0003832
0.00043358
0.00048224
0.00052901
0.00057368
0.00061609
0.00065607
0.00069346
0.00072812
0.0007599
0.00078868
0.00081434
0.0008368
0.00085595
0.00087172
0.00088406
0.0008929
0.00089822
0.0009
0.00089822
0.0008929
0.00088406
0.00087172
0.00085595
0.0008368
0.00081434
0.00078868
0.0007599
0.00072812
0.00069346
0.00065607
0.00061609
0.00057368
0.00052901
0.00048224
0.00043358
0.0003832
0.00033131
0.00027812
0.00022382
0.00016864
0.0001128
5.6511e-05
-2.1173e-17
-5.6511e-05
-0.0001128
-0.00016864
-0.00022382
-0.00027812
-0.00033131
-0.0003832
-0.00043358
-0.00048224
-0.00052901
-0.00057368
-0.00061609
-0.00065607
-0.00069346
-0.00072812
-0.0007599
-0.00078868
-0.00081434
-0.0008368
-0.00085595
-0.00087172
-0.00088406
-0.0008929
-0.00089822
-0.0009
-0.00089822
-0.0008929
-0.00088406
-0.00087172
-0.00085595
-0.0008368
-0.00081434
-0.00078868
-0.0007599
-0.00072812
-0.00069346
-0.00065607
-0.00061609
-0.00057368
-0.00052901
-0.00048224
-0.00043358
-0.0003832
-0.00033131
-0.00027812
-0.00022382
-0.00016864
-0.0001128
-5.6511e-05
1.147e-17
5.6511e-05
0.0001128
0.00016864
0.00022382
0.00027812
0.00033131
0.0003832
0.00043358
0.00048224
0.00052901
0.00057368
0.00061609
0.00065607
0.00069346
0.00072812
0.0007599
0.00078868
0.00081434
0.0008368
0.00085595
0.00087172
0.00088406
0.0008929
0.00089822
0.0009
0.00089822
0.0008929
0.00088406
0.00087172
0.00085595
0.0008368
0.00081434
0.00078868
0.0007599
0.00072812
0.00069346
0.00065607
0.00061609
0.00057368
0.00052901
0.00048224
0.00043358
0.0003832
0.00033131
0.00027812
0.00022382
0.00016864
0.0001128
5.6511e-05
-1.7679e-18
-5.6511e-05
-0.0001128
-0.00016864
-0.00022382
-0.00027812
-0.00033131
-0.0003832
-0.00043358
-0.00048224
-0.00052901
-0.00057368
-0.00061609
-0.00065607
-0.00069346
-0.00072812
-0.0007599
-0.00078868
-0.00081434
-0.0008368
-0.00085595
-0.00087172
-0.00088406
-0.0008929
-0.00089822
-0.0009
-0.00089822
-0.0008929
-0.00088406
-0.00087172
-0.00085595
-0.0008368
-0.00081434
-0.00078868
-0.0007599
-0.00072812
-0.00069346
-0.00065607
-0.00061609
-0.00057368
-0.00052901
-0.00048224
-0.00043358
-0.0003832
-0.00033131
-0.00027812
-0.00022382
-0.00016864
-0.0001128
-5.6511e-05
-7.9346e-18
5.6511e-05
0.0001128
0.00016864
0.00022382
0.00027812
0.00033131
0.0003832
0.00043358
0.00048224
0.00052901
0.00057368
0.00061609
0.00065607
0.00069346
0.00072812
0.0007599
0.00078868
0.00081434
0.0008368
0.00085595
0.00087172
0.00088406
0.0008929
0.00089822
0.0009
0.00089822
0.0008929
0.00088406
0.00087172
0.00085595
0.0008368
0.00081434
0.00078868
0.0007599
0.00072812
0.00069346
0.00065607
0.00061609
0.00057368
0.00052901
0.00048224
0.00043358
0.0003832
0.00033131
0.00027812
0.00022382
0.00016864
0.0001128
5.6511e-05
1.7637e-17
-5.6511e-05
-0.0001128
-0.00016864
-0.00022382
-0.00027812
-0.00033131
-0.0003832
-0.00043358
-0.00048224
-0.00052901
-0.00057368
-0.00061609
-0.00065607
-0.00069346
-0.00072812
-0.0007599
-0.00078868
-0.00081434
-0.0008368
-0.00085595
-0.00087172
-0.00088406
-0.0008929
-0.00089822
-0.0009
-0.00089822
-0.0008929
-0.00088406
-0.00087172
-0.00085595
-0.0008368
-0.00081434
-0.00078868
-0.0007599
-0.00072812
-0.00069346
-0.00065607
-0.00061609
-0.00057368
-0.00052901
-0.00048224
-0.00043358
-0.0003832
-0.00033131
-0.00027812
-0.00022382
-0.00016864
-0.0001128
-5.6511e-05
-2.734e-17
5.6511e-05
0.0001128
0.00016864
0.00022382
0.00027812
0.00033131
0.0003832
0.00043358
0.00048224
0.00052901
0.00057368
0.00061609
0.00065607
0.00069346
0.00072812
0.0007599
0.00078868
0.00081434
0.0008368
0.00085595
0.00087172
0.00088406
0.0008929
0.00089822
0.0009
0.00089822
0.0008929
0.00088406
0.00087172
0.00085595
0.0008368
0.00081434
0.00078868
0.0007599
0.00072812
0.00069346
0.00065607
0.00061609
0.00057368
0.00052901
0.00048224
0.00043358
0.0003832
0.00033131
0.00027812
0.00022382
0.00016864
0.0001128
5.6511e-05
-1.4117e-17
-5.6511e-05
-0.0001128
-0.00016864
-0.00022382
-0.00027812
-0.00033131
-0.0003832
-0.00043358
-0.00048224
-0.00052901
-0.00057368
-0.00061609
-0.00065607
-0.00069346
-0.00072812
-0.0007599
-0.00078868
-0.00081434
-0.0008368
-0.00085595
-0.00087172
-0.00088406
-0.0008929
-0.00089822
-0.0009
-0.00089822
-0.0008929
-0.00088406
-0.00087172
-0.00085595
-0.0008368
-0.00081434
-0.00078868
-0.0007599
-0.00072812
-0.00069346
-0.00065607
-0.00061609
-0.00057368
-0.00052901
-0.00048224
-0.00043358
-0.0003832
-0.00033131
-0.00027812
-0.00022382
-0.00016864
-0.0001128
-5.6511e-05
4.4143e-18
5.6511e-05
0.0001128
0.00016864
0.00022382
0.00027812
0.00033131
0.0003832
0.00043358
0.00048224
0.00052901
0.00057368
0.00061609
0.00065607
0.00069346
0.00072812
0.0007599
0.00078868
0.00081434
0.0008368
0.00085595
0.00087172
0.00088406
0.0008929
0.00089822
0.0009
0.00089822
0.0008929
0.00088406
0.00087172
0.00085595
0.0008368
0.00081434
0.00078868
0.0007599
0.00072812
0.00069346
0.00065607
0.00061609
0.00057368
0.00052901
0.00048224
0.00043358
0.0003832
0.00033131
0.00027812
0.00022382
0.00016864
0.0001128
5.6511e-05
5.2882e-18
-5.6511e-05
-0.0001128
-0.00016864
-0.00022382
-0.00027812
-0.00033131
-0.0003832
-0.00043358
-0.00048224
-0.00052901
-0.00057368
-0.00061609
-0.00065607
-0.00069346
-0.00072812
-0.0007599
-0.00078868
-0.00081434
-0.0008368
-0.00085595
-0.00087172
-0.00088406
-0.0008929
-0.00089822
-0.0009
-0.00089822
-0.0008929
-0.00088406
-0.00087172
-0.00085595
-0.0008368
-0.00081434
-0.00078868
-0.0007599
-0.00072812
-0.00069346
-0.00065607
-0.00061609
-0.00057368
-0.00052901
-0.00048224
-0.00043358
-0.0003832
-0.00033131
-0.00027812
-0.00022382
-0.00016864
-0.0001128
-5.6511e-05
-1.4991e-17
5.6511e-05
0.0001128
0.00016864
0.00022382
0.00027812
0.00033131
0.0003832
0.00043358
0.00048224
0.00052901
0.00057368
0.00061609
0.00065607
0.00069346
0.00072812
0.0007599
0.00078868
0.00081434
0.0008368
0.00085595
0.00087172
0.00088406
0.0008929
0.00089822
0.0009
0.00089822
0.0008929
0.00088406
0.00087172
0.00085595
0.0008368
0.00081434
0.00078868
0.0007599
0.00072812
0.00069346
0.00065607
0.00061609
0.00057368
0.00052901
0.00048224
0.00043358
0.0003832
0.00033131
0.00027812
0.00022382
0.00016864
0.0001128
5.6511e-05
2.4693e-17
-5.6511e-05
-0.0001128
-0.00016864
-0.00022382
-0.00027812
-0.00033131
-0.0003832
-0.00043358
-0.00048224
-0.00052901
-0.00057368
-0.00061609
-0.00065607
-0.00069346
-0.00072812
-0.0007599
-0.00078868
-0.00081434
-0.0008368
-0.00085595
-0.00087172
-0.00088406
-0.0008929
-0.00089822
-0.0009
-0.00089822
-0.0008929
-0.00088406
-0.00087172
-0.00085595
-0.0008368
-0.00081434
-0.00078868
-0.0007599
-0.00072812
-0.00069346
-0.00065607
-0.00061609
-0.00057368
-0.00052901
-0.00048224
-0.00043358
-0.0003832
-0.00033131
-0.00027812
-0.00022382
-0.00016864
-0.0001128
-5.6511e-05
1.6763e-17
5.6511e-05
0.0001128
0.00016864
0.00022382
0.00027812
0.00033131
0.0003832
0.00043358
0.00048224
0.00052901
0.00057368
0.00061609
0.00065607
0.00069346
0.00072812
0.0007599
0.00078868
0.00081434
0.0008368
0.00085595
0.00087172
0.00088406
0.0008929
0.00089822
0.0009
0.00089822
0.0008929
0.00088406
0.00087172
0.00085595
0.0008368
0.00081434
0.00078868
0.0007599
0.00072812
0.00069346
0.00065607
0.00061609
0.00057368
0.00052901
0.00048224
0.00043358
0.0003832
0.00033131
0.00027812
0.00022382
0.00016864
0.0001128
5.6511e-05
-7.0607e-18
-5.6511e-05
-0.0001128
-0.00016864
-0.00022382
-0.00027812
-0.00033131
-0.0003832
-0.00043358
-0.00048224
-0.00052901
-0.00057368
-0.00061609
-0.00065607
-0.00069346
-0.00072812
-0.0007599
-0.00078868
-0.00081434
-0.0008368
-0.00085595
-0.00087172
-0.00088406
-0.0008929
-0.00089822
-0.0009
-0.00089822
-0.0008929
-0.00088406
-0.00087172
-0.00085595
-0.0008368
-0.00081434
-0.00078868
-0.0007599
-0.00072812
-0.00069346
-0.00065607
-0.00061609
-0.00057368
-0.00052901
-0.00048224
-0.00043358
-0.0003832
-0.00033131
-0.00027812
-0.00022382
-0.00016864
-0.0001128
-5.6511e-05
-2.6419e-18
5.6511e-05
0.0001128
0.00016864
0.00022382
0.00027812
0.00033131
0.0003832
0.00043358
0.00048224
0.00052901
0.00057368
0.00061609
0.00065607
0.00069346
0.00072812
0.0007599
0.00078868
0.00081434
0.0008368
0.00085595
0.00087172
0.00088406
0.0008929
0.00089822
0.0009
0.00089822
0.0008929
0.00088406
0.00087172
0.00085595
0.0008368
0.00081434
0.00078868
0.0007599
0.00072812
0.00069346
0.00065607
0.00061609
0.00057368
0.00052901
0.00048224
0.00043358
0.0003832
0.00033131
0.00027812
0.00022382
0.00016864
0.0001128
5.6511e-05
1.2344e-17
-5.6511e-05
-0.0001128
-0.00016864
-0.00022382
-0.00027812
-0.00033131
-0.0003832
-0.00043358
-0.00048224
-0.00052901
-0.00057368
-0.00061609
-0.00065607
-0.00069346
-0.00072812
-0.0007599
-0.00078868
-0.00081434
-0.0008368
-0.00085595
-0.00087172
-0.00088406
-0.0008929
-0.00089822
-0.0009
-0.00089822
-0.0008929
-0.00088406
-0.00087172
-0.00085595
-0.0008368
-0.00081434
-0.00078868
-0.0007599
-0.00072812
-0.00069346
-0.00065607
-0.00061609
-0.00057368
-0.00052901
-0.00048224
-0.00043358
-0.0003832
-0.00033131
-0.00027812
-0.00022382
-0.00016864
-0.0001128
-5.6511e-05
-2.2047e-17
5.6511e-05
0.0001128
0.00016864
0.00022382
0.00027812
0.00033131
0.0003832
0.00043358
0.00048224
0.00052901
0.00057368
0.00061609
0.00065607
0.00069346
0.00072812
0.0007599
0.00078868
0.00081434
0.0008368
0.00085595
0.00087172
0.00088406
0.0008929
0.00089822
0.0009
0.00089822
0.0008929
0.00088406
0.00087172
0.00085595
0.0008368
0.00081434
0.00078868
0.0007599
0.00072812
0.00069346
0.00065607
0.00061609
0.00057368
0.00052901
0.00048224
0.00043358
0.0003832
0.00033131
0.00027812
0.00022382
0.00016864
0.0001128
5.6511e-05
-1.941e-17
-5.6511e-05
-0.0001128
-0.00016864
-0.00022382
-0.00027812
-0.00033131
-0.0003832
-0.00043358
-0.00048224
-0.00052901
-0.00057368
-0.00061609
-0.00065607
-0.00069346
-0.00072812
-0.0007599
-0.00078868
-0.00081434
-0.0008368
-0.00085595
-0.00087172
-0.00088406
-0.0008929
-0.00089822
-0.0009
-0.00089822
-0.0008929
-0.00088406
-0.00087172
-0.00085595
-0.0008368
-0.00081434
-0.00078868
-0.0007599
-0.00072812
-0.00069346
-0.00065607
-0.00061609
-0.00057368
-0.00052901
-0.00048224
-0.00043358
-0.0003832
-0.00033131
-0.00027812
-0.00022382
-0.00016864
-0.0001128
-5.6511e-05
9.707e-18
5.6511e-05
0.0001128
0.00016864
0.00022382
0.00027812
0.00033131
0.0003832
0.00043358
0.00048224
0.00052901
0.00057368
0.00061609
0.00065607
0.00069346
0.00072812
0.0007599
0.00078868
0.00081434
0.0008368
0.00085595
0.00087172
0.00088406
0.0008929
0.00089822
0.0009
0.00089822
0.0008929
0.00088406
0.00087172
0.00085595
0.0008368
0.00081434
0.00078868
0.0007599
0.00072812
0.00069346
0.00065607
0.00061609
0.00057368
0.00052901
0.00048224
0.00043358
0.0003832
0.00033131
0.00027812
0.00022382
0.00016864
0.0001128
5.6511e-05
-4.4522e-21
-5.6398e-05
-0.00011246
-0.00016797
-0.0002227
-0.00027645
-0.00032899
-0.00038014
-0.00042968
-0.00047742
-0.00052319
-0.0005668
-0.00060808
-0.00064689
-0.00068306
-0.00071647
-0.00074698
-0.00077448
-0.00079887
-0.00082006
-0.00083798
-0.00085255
-0.00086373
-0.00087147
-0.00087577
-0.0008766
-0.00087397
-0.0008679
-0.00085842
-0.00084557
-0.00082942
-0.00081002
-0.00078747
-0.00076186
-0.0007333
-0.0007019
-0.0006678
-0.00063114
-0.00059206
-0.00055073
-0.00050732
-0.00046199
-0.00041493
-0.00036634
-0.0003164
-0.00026532
-0.0002133
-0.00016055
-0.00010727
-5.3686e-05
-9.2035e-18
5.3573e-05
0.00010682
0.00015954
0.00021151
0.00026254
0.00031243
0.00036098
0.000408
0.00045331
0.00049674
0.00053811
0.00057728
0.00061408
0.00064839
0.00068006
0.00070898
0.00073505
0.00075815
0.00077822
0.00079518
0.00080896
0.00081952
0.00082683
0.00083086
0.0008316
0.00082906
0.00082326
0.00081422
0.00080199
0.00078662
0.00076818
0.00074675
0.00072243
0.0006953
0.0006655
0.00063313
0.00059834
0.00056126
0.00052205
0.00048087
0.00043788
0.00039326
0.00034718
0.00029984
0.00025142
0.00020211
0.00015212
0.00010163
5.086e-05
-2.8551e-17
-5.0747e-05
-0.00010118
-0.0001511
-0.00020032
-0.00024864
-0.00029586
-0.00034182
-0.00038632
-0.0004292
-0.00047029
-0.00050943
-0.00054647
-0.00058128
-0.00061371
-0.00064365
-0.00067099
-0.00069561
-0.00071744
-0.00073638
-0.00075238
-0.00076537
-0.00077532
-0.00078218
-0.00078595
-0.0007866
-0.00078415
-0.00077861
-0.00077001
-0.0007584
-0.00074382
-0.00072634
-0.00070604
-0.00068299
-0.00065731
-0.00062909
-0.00059846
-0.00056553
-0.00053046
-0.00049337
-0.00045442
-0.00041377
-0.00037158
-0.00032802
-0.00028327
-0.00023751
-0.00019092
-0.00014368
-9.5993e-05
-4.8035e-05
1.8725e-17
4.7922e-05
9.5542e-05
0.00014267
0.00018913
0.00023473
0.0002793
0.00032266
0.00036464
0.00040509
0.00044384
0.00048075
0.00051567
0.00054848
0.00057904
0.00060725
0.00063299
0.00065618
0.00067672
0.00069454
0.00070958
0.00072179
0.00073112
0.00073754
0.00074103
0.0007416
0.00073924
0.00073397
0.00072581
0.00071481
0.00070102
0.0006845
0.00066532
0.00064356
0.00061931
0.00059269
0.00056378
0.00053273
0.00049965
0.00046468
0.00042797
0.00038965
0.0003499
0.00030886
0.00026671
0.0002236
0.00017973
0.00013525
9.0353e-05
4.5209e-05
3.1006e-17
-4.5096e-05
-8.9902e-05
-0.00013424
-0.00017794
-0.00022082
-0.00026273
-0.0003035
-0.00034296
-0.00038097
-0.00041739
-0.00045206
-0.00048486
-0.00051567
-0.00054437
-0.00057084
-0.000595
-0.00061674
-0.000636
-0.0006527
-0.00066679
-0.0006782
-0.00068691
-0.00069289
-0.00069612
-0.0006966
-0.00069433
-0.00068932
-0.00068161
-0.00067123
-0.00065823
-0.00064266
-0.0006246
-0.00060413
-0.00058132
-0.00055628
-0.00052911
-0.00049993
-0.00046885
-0.000436
-0.00040152
-0.00036554
-0.00032822
-0.0002897
-0.00025014
-0.0002097
-0.00016854
-0.00012682
-8.4713e-05
-4.2384e-05
-3.6333e-17
4.2271e-05
8.4262e-05
0.00012581
0.00016675
0.00020692
0.00024616
0.00028434
0.00032128
0.00035686
0.00039094
0.00042338
0.00045406
0.00048287
0.00050969
0.00053444
0.000557
0.00057731
0.00059529
0.00061086
0.00062399
0.00063462
0.00064271
0.00064825
0.00065121
0.0006516
0.00064942
0.00064468
0.00063741
0.00062764
0.00061543
0.00060082
0.00058388
0.00056469
0.00054333
0.00051987
0.00049444
0.00046712
0.00043804
0.00040731
0.00037507
0.00034143
0.00030654
0.00027054
0.00023358
0.00019579
0.00015735
0.00011839
7.9073e-05
3.9558e-05
4.0689e-17
-3.9445e-05
-7.8622e-05
-0.00011738
-0.00015556
-0.00019301
-0.0002296
-0.00026518
-0.0002996
-0.00033275
-0.00036449
-0.00039469
-0.00042326
-0.00045007
-0.00047502
-0.00049803
-0.00051901
-0.00053788
-0.00055457
-0.00056902
-0.00058119
-0.00059103
-0.00059851
-0.0006036
-0.0006063
-0.0006066
-0.0006045
-0.00060003
-0.0005932
-0.00058406
-0.00057263
-0.00055898
-0.00054317
-0.00052526
-0.00050533
-0.00048347
-0.00045977
-0.00043432
-0.00040724
-0.00037863
-0.00034862
-0.00031732
-0.00028486
-0.00025138
-0.00021701
-0.00018189
-0.00014616
-0.00010996
-7.3433e-05
-3.6732e-05
-1.0874e-17
3.6619e-05
7.2982e-05
0.00010894
0.00014436
0.00017911
0.00021303
0.00024602
0.00027792
0.00030864
0.00033804
0.00036601
0.00039245
0.00041726
0.00044035
0.00046163
0.00048101
0.00049844
0.00051385
0.00052718
0.00053839
0.00054744
0.0005543
0.00055896
0.00056139
0.0005616
0.00055959
0.00055539
0.000549
0.00054047
0.00052983
0.00051714
0.00050245
0.00048582
0.00046734
0.00044706
0.00042509
0.00040152
0.00037643
0.00034995
0.00032217
0.0002932
0.00026318
0.00023222
0.00020044
0.00016798
0.00013496
0.00010152
6.7793e-05
3.3907e-05
4.6492e-17
-3.3794e-05
-6.7342e-05
-0.00010051
-0.00013317
-0.0001652
-0.00019647
-0.00022686
-0.00025624
-0.00028452
-0.00031158
-0.00033732
-0.00036165
-0.00038446
-0.00040568
-0.00042522
-0.00044302
-0.00045901
-0.00047313
-0.00048534
-0.0004956
-0.00050386
-0.0005101
-0.00051431
-0.00051648
-0.0005166
-0.00051468
-0.00051074
-0.0005048
-0.00049688
-0.00048704
-0.0004753
-0.00046173
-0.00044639
-0.00042934
-0.00041066
-0.00039042
-0.00036871
-0.00034563
-0.00032126
-0.00029571
-0.00026909
-0.0002415
-0.00021306
-0.00018388
-0.00015408
-0.00012377
-9.3091e-05
-6.2153e-05
-3.1081e-05
-1.9851e-17
3.0968e-05
6.1702e-05
9.2079e-05
0.00012198
0.00015129
0.0001799
0.0002077
0.00023457
0.00026041
0.00028513
0.00030864
0.00033084
0.00035165
0.000371
0.00038881
0.00040502
0.00041958
0.00043242
0.0004435
0.0004528
0.00046027
0.0004659
0.00046967
0.00047157
0.0004716
0.00046977
0.0004661
0.00046059
0.0004533
0.00044424
0.00043346
0.00042102
0.00040696
0.00039135
0.00037425
0.00035575
0.00033591
0.00031482
0.00029258
0.00026926
0.00024498
0.00021982
0.0001939
0.00016731
0.00014017
0.00011258
8.4659e-05
5.6513e-05
2.8256e-05
2.2885e-17
-2.8143e-05
-5.6062e-05
-8.3647e-05
-0.00011079
-0.00013739
-0.00016334
-0.00018854
-0.00021289
-0.0002363
-0.00025868
-0.00027996
-0.00030004
-0.00031885
-0.00033633
-0.00035241
-0.00036703
-0.00038014
-0.0003917
-0.00040166
-0.00041
-0.00041668
-0.0004217
-0.00042502
-0.00042666
-0.0004266
-0.00042486
-0.00042145
-0.00041639
-0.00040971
-0.00040144
-0.00039162
-0.0003803
-0.00036752
-0.00035335
-0.00033785
-0.00032107
-0.00030311
-0.00028402
-0.00026389
-0.00024281
-0.00022087
-0.00019815
-0.00017474
-0.00015075
-0.00012626
-0.00010139
-7.6227e-05
-5.0873e-05
-2.543e-05
-2.4948e-17
2.5317e-05
5.0422e-05
7.5215e-05
9.96e-05
0.00012348
0.00014677
0.00016938
0.00019121
0.00021219
0.00023223
0.00025127
0.00026923
0.00028605
0.00030166
0.000316
0.00032903
0.00034071
0.00035098
0.00035982
0.0003672
0.0003731
0.00037749
0.00038038
0.00038175
0.0003816
0.00037995
0.00037681
0.00037219
0.00036612
0.00035864
0.00034978
0.00033958
0.00032809
0.00031536
0.00030144
0.0002864
0.0002703
0.00025321
0.00023521
0.00021636
0.00019676
0.00017647
0.00015558
0.00013418
0.00011236
9.02e-05
6.7795e-05
4.5233e-05
2.2605e-05
5.6291e-18
-2.2492e-05
-4.4782e-05
-6.6783e-05
-8.8409e-05
-0.00010958
-0.00013021
-0.00015021
-0.00016953
-0.00018808
-0.00020578
-0.00022259
-0.00023843
-0.00025324
-0.00026698
-0.0002796
-0.00029104
-0.00030127
-0.00031027
-0.00031798
-0.00032441
-0.00032951
-0.00033329
-0.00033573
-0.00033683
-0.0003366
-0.00033504
-0.00033216
-0.00032799
-0.00032254
-0.00031585
-0.00030794
-0.00029886
-0.00028866
-0.00027736
-0.00026503
-0.00025173
-0.0002375
-0.00022241
-0.00020653
-0.00018991
-0.00017264
-0.00015479
-0.00013642
-0.00011762
-9.8453e-05
-7.9009e-05
-5.9362e-05
-3.9593e-05
-1.9779e-05
-2.6164e-17
1.9666e-05
3.9142e-05
5.8351e-05
7.7218e-05
9.5672e-05
0.00011364
0.00013105
0.00014785
0.00016396
0.00017933
0.0001939
0.00020762
0.00022044
0.00023231
0.00024319
0.00025305
0.00026184
0.00026955
0.00027614
0.00028161
0.00028593
0.00028909
0.00029109
0.00029192
0.0002916
0.00029013
0.00028751
0.00028378
0.00027895
0.00027305
0.0002661
0.00025815
0.00024922
0.00023937
0.00022863
0.00021705
0.00020469
0.0001916
0.00017784
0.00016346
0.00014853
0.00013311
0.00011726
0.00010105
8.4547e-05
6.7818e-05
5.093e-05
3.3953e-05
1.6953e-05
1.002e-17
-1.684e-05
-3.3502e-05
-4.9918e-05
-6.6027e-05
-8.1766e-05
-9.7074e-05
-0.00011189
-0.00012617
-0.00013985
-0.00015288
-0.00016522
-0.00017682
-0.00018764
-0.00019764
-0.00020678
-0.00021505
-0.00022241
-0.00022883
-0.0002343
-0.00023881
-0.00024234
-0.00024488
-0.00024644
-0.00024701
-0.0002466
-0.00024522
-0.00024287
-0.00023958
-0.00023537
-0.00023025
-0.00022426
-0.00021743
-0.00020979
-0.00020137
-0.00019222
-0.00018238
-0.00017189
-0.0001608
-0.00014916
-0.00013701
-0.00012442
-0.00011143
-9.81e-05
-8.4485e-05
-7.0641e-05
-5.6627e-05
-4.2498e-05
-2.8313e-05
-1.4128e-05
-1.0761e-17
1.4015e-05
2.7862e-05
4.1486e-05
5.4836e-05
6.786e-05
8.0509e-05
9.2735e-05
0.00010449
0.00011574
0.00012643
0.00013654
0.00014601
0.00015483
0.00016296
0.00017038
0.00017706
0.00018297
0.00018811
0.00019246
0.00019601
0.00019875
0.00020068
0.0002018
0.0002021
0.0002016
0.0002003
0.00019822
0.00019538
0.00019178
0.00018745
0.00018242
0.00017671
0.00017035
0.00016338
0.00015582
0.00014771
0.00013909
0.00013
0.00012047
0.00011056
0.00010031
8.9751e-05
7.8939e-05
6.7919e-05
5.6736e-05
4.5436e-05
3.4066e-05
2.2673e-05
1.1302e-05
1.0531e-17
-1.1189e-05
-2.2222e-05
-3.3054e-05
-4.3645e-05
-5.3954e-05
-6.3943e-05
-7.3575e-05
-8.2813e-05
-9.1626e-05
-9.9982e-05
-0.00010785
-0.00011521
-0.00012203
-0.00012829
-0.00013397
-0.00013906
-0.00014354
-0.0001474
-0.00015062
-0.00015322
-0.00015517
-0.00015648
-0.00015715
-0.00015719
-0.0001566
-0.00015539
-0.00015358
-0.00015117
-0.00014819
-0.00014466
-0.00014058
-0.000136
-0.00013092
-0.00012538
-0.00011941
-0.00011303
-0.00010628
-9.9191e-05
-9.1789e-05
-8.4112e-05
-7.6195e-05
-6.8072e-05
-5.9779e-05
-5.1353e-05
-4.283e-05
-3.4245e-05
-2.5634e-05
-1.7033e-05
-8.4767e-06
-1.7078e-18
8.3637e-06
1.6582e-05
2.4622e-05
3.2454e-05
4.0049e-05
4.7378e-05
5.4415e-05
6.1135e-05
6.7514e-05
7.3532e-05
7.9168e-05
8.4405e-05
8.9226e-05
9.3617e-05
9.7567e-05
0.00010107
0.00010411
0.00010668
0.00010878
0.00011042
0.00011158
0.00011228
0.00011251
0.00011228
0.0001116
0.00011048
0.00010893
0.00010697
0.00010461
0.00010186
9.8742e-05
9.5278e-05
9.1486e-05
8.7388e-05
8.3005e-05
7.8361e-05
7.348e-05
6.8386e-05
6.3105e-05
5.7662e-05
5.2082e-05
4.6393e-05
4.0619e-05
3.4788e-05
2.8924e-05
2.3054e-05
1.7202e-05
1.1393e-05
5.6511e-06
7.16e-18
-5.5381e-06
-1.0942e-05
-1.619e-05
-2.1263e-05
-2.6143e-05
-3.0812e-05
-3.5255e-05
-3.9456e-05
-4.3402e-05
-4.7082e-05
-5.0484e-05
-5.36e-05
-5.6422e-05
-5.8944e-05
-6.1162e-05
-6.3071e-05
-6.4671e-05
-6.5962e-05
-6.6944e-05
-6.762e-05
-6.7995e-05
-6.8073e-05
-6.7861e-05
-6.7367e-05
-6.66e-05
-6.557e-05
-6.4289e-05
-6.2768e-05
-6.1021e-05
-5.9061e-05
-5.6902e-05
-5.4561e-05
-5.2053e-05
-4.9393e-05
-4.6599e-05
-4.3688e-05
-4.0676e-05
-3.7582e-05
-3.4421e-05
-3.1211e-05
-2.797e-05
-2.4714e-05
-2.1459e-05
-1.8222e-05
-1.5018e-05
-1.1863e-05
-8.7694e-06
-5.7528e-06
-2.8256e-06
-1.5125e-18
2.7126e-06
5.3016e-06
7.7576e-06
1.0072e-05
1.2237e-05
1.4246e-05
1.6094e-05
1.7777e-05
1.929e-05
2.0631e-05
2.18e-05
2.2795e-05
2.3619e-05
2.4271e-05
2.4756e-05
2.5077e-05
2.5238e-05
2.5245e-05
2.5104e-05
2.4823e-05
2.4408e-05
2.387e-05
2.3215e-05
2.2456e-05
2.16e-05
2.0659e-05
1.9644e-05
1.8565e-05
1.7434e-05
1.6263e-05
1.5062e-05
1.3844e-05
1.2619e-05
1.1398e-05
1.0194e-05
9.015e-06
7.8729e-06
6.777e-06
5.7368e-06
4.7611e-06
3.858e-06
3.035e-06
2.2992e-06
1.6566e-06
1.1125e-06
6.7146e-07
3.3729e-07
1.128e-07
0
0
-0
-0
-0
-0
-0
-0
-0
-0
-0
-0
-0
-0
-0
-0
-0
-0
-0
-0
-0
-0
-0
-0
-0
-0
-0
-0
-0
-0
-0
-0
-0
-0
-0
-0
-0
-0
-0
-0
-0
-0
-0
-0
-0
-0
-0
-0
-0
-0
-0
-0
0
0
0
0
0
0
0
0
0
0
0
0
0
0
0
0
0
0
0
0
0
0
0
0
0
0
0
0
0
0
0
0
0
0
0
0
0
0
0
0
0
0
0
0
0
0
0
0
0
0
-0
-0
-0
-0
-0
-0
-0
-0
-0
-0
-0
-0
-0
-0
-0
-0
-0
-0
-0
-0
-0
-0
-0
-0
-0
-0
-0
-0
-0
-0
-0
-0
-0
-0
-0
-0
-0
-0
-0
-0
-0
-0
-0
-0
-0
-0
-0
-0
-0
-0
0
0
0
0
0
0
0
0
0
0
0
0
0
0
0
0
0
0
0
0
0
0
0
0
0
0
0
0
0
0
0
0
0
0
0
0
0
0
0
0
0
0
0
0
0
0
0
0
0
0
-0
-0
-0
-0
-0
-0
-0
-0
-0
-0
-0
-0
-0
-0
-0
-0
-0
-0
-0
-0
-0
-0
-0
-0
-0
-0
-0
-0
-0
-0
-0
-0
-0
-0
-0
-0
-0
-0
-0
-0
-0
-0
-0
-0
-0
-0
-0
-0
-0
-0
0
0
0
0
0
0
0
0
0
0
0
0
0
0
0
0
0
0
0
0
0
0
0
0
0
0
0
0
0
0
0
0
0
0
0
0
0
0
0
0
0
0
0
0
0
0
0
0
0
0
-0
-0
-0
-0
-0
-0
-0
-0
-0
-0
-0
-0
-0
-0
-0
-0
-0
-0
-0
-0
-0
-0
-0
-0
-0
-0
-0
-0
-0
-0
-0
-0
-0
-0
-0
-0
-0
-0
-0
-0
-0
-0
-0
-0
-0
-0
-0
-0
-0
-0
0
0
0
0
0
0
0
0
0
0
0
0
0
0
0
0
0
0
0
0
0
0
0
0
0
0
0
0
0
0
0
0
0
0
0
0
0
0
0
0
0
0
0
0
0
0
0
0
0
0
-0
-0
-0
-0
-0
-0
-0
-0
-0
-0
-0
-0
-0
-0
-0
-0
-0
-0
-0
-0
-0
-0
-0
-0
-0
-0
-0
-0
-0
-0
-0
-0
-0
-0
-0
-0
-0
-0
-0
-0
-0
-0
-0
-0
-0
-0
-0
-0
-0
-0
0
0
0
0
0
0
0
0
0
0
0
0
0
0
0
0
0
0
0
0
0
0
0
0
0
0
0
0
0
0
0
0
0
0
0
0
0
0
0
0
0
0
0
0
0
0
0
0
0
0
-0
-0
-0
-0
-0
-0
-0
-0
-0
-0
-0
-0
-0
-0
-0
-0
-0
-0
-0
-0
-0
-0
-0
-0
-0
-0
-0
-0
-0
-0
-0
-0
-0
-0
-0
-0
-0
-0
-0
-0
-0
-0
-0
-0
-0
-0
-0
-0
-0
-0
0
0
0
0
0
0
0
0
0
0
0
0
0
0
0
0
0
0
0
0
0
0
0
0
0
0
0
0
0
0
0
0
0
0
0
0
0
0
0
0
0
0
0
0
0
0
0
0
0
0
-0
-0
-0
-0
-0
-0
-0
-0
-0
-0
-0
-0
-0
-0
-0
-0
-0
-0
-0
-0
-0
-0
-0
-0
-0
-0
-0
-0
-0
-0
-0
-0
-0
-0
-0
-0
-0
-0
-0
-0
-0
-0
-0
-0
-0
-0
-0
-0
-0
-0
0
0
0
0
0
0
0
0
0
0
0
0
0
0
0
0
0
0
0
0
0
0
0
0
0
0
0
0
0
0
0
0
0
0
0
0
0
0
0
0
0
0
0
0
0
0
0
0
0
0
-0
-0
-0
-0
-0
-0
-0
-0
-0
-0
-0
-0
-0
-0
-0
-0
-0
-0
-0
-0
-0
-0
-0
-0
-0
-0
-0
-0
-0
-0
-0
-0
-0
-0
-0
-0
-0
-0
-0
-0
-0
-0
-0
-0
-0
-0
-0
-0
-0
-0
0
0
0
0
0
0
0
0
0
0
0
0
0
0
0
0
0
0
0
0
0
0
0
0
0
0
0
0
0
0
0
0
0
0
0
0
0
0
0
0
0
0
0
0
0
0
0
0
0
0
-0
-0
-0
-0
-0
-0
-0
-0
-0
-0
-0
-0
-0
-0
-0
-0
-0
-0
-0
-0
-0
-0
-0
-0
-0
-0
-0
-0
-0
-0
-0
-0
-0
-0
-0
-0
-0
-0
-0
-0
-0
-0
-0
-0
-0
-0
-0
-0
-0
-0
0
0
0
0
0
0
0
0
0
0
0
0
0
0
0
0
0
0
0
0
0
0
0
0
0
0
0
0
0
0
0
0
0
0
0
0
0
0
0
0
0
0
0
0
0
0
0
0
0
0
-0
-0
-0
-0
-0
-0
-0
-0
-0
-0
-0
-0
-0
-0
-0
-0
-0
-0
-0
-0
-0
-0
-0
-0
-0
-0
-0
-0
-0
-0
-0
-0
-0
-0
-0
-0
-0
-0
-0
-0
-0
-0
-0
-0
-0
-0
-0
-0
-0
-0
0
0
0
0
0
0
0
0
0
0
0
0
0
0
0
0
0
0
0
0
0
0
0
0
0
0
0
0
0
0
0
0
0
0
0
0
0
0
0
0
0
0
0
0
0
0
0
0
0
0
-0
-0
-0
-0
-0
-0
-0
-0
-0
-0
-0
-0
-0
-0
-0
-0
-0
-0
-0
-0
-0
-0
-0
-0
-0
-0
-0
-0
-0
-0
-0
-0
-0
-0
-0
-0
-0
-0
-0
-0
-0
-0
-0
-0
-0
-0
-0
-0
-0
-0
0
0
0
0
0
0
0
0
0
0
0
0
0
0
0
0
0
0
0
0
0
0
0
0
0
0
0
0
0
0
0
0
0
0
0
0
0
0
0
0
0
0
0
0
0
0
0
0
0
-0
-0
-0
-0
-0
-0
-0
-0
-0
-0
-0
-0
-0
-0
-0
-0
-0
-0
-0
-0
-0
-0
-0
-0
-0
-0
-0
-0
-0
-0
-0
-0
-0
-0
-0
-0
-0
-0
-0
-0
-0
-0
-0
-0
-0
-0
-0
-0
-0
-0
-0
0
0
0
0
0
0
0
0
0
0
0
0
0
0
0
0
0
0
0
0
0
0
0
0
0
0
0
0
0
0
0
0
0
0
0
0
0
0
0
0
0
0
0
0
0
0
0
0
0
0
-0
-0
-0
-0
-0
-0
-0
-0
-0
-0
-0
-0
-0
-0
-0
-0
-0
-0
-0
-0
-0
-0
-0
-0
-0
-0
-0
-0
-0
-0
-0
-0
-0
-0
-0
-0
-0
-0
-0
-0
-0
-0
-0
-0
-0
-0
-0
-0
-0
0
0
0
0
0
0
0
0
0
0
0
0
0
0
0
0
0
0
0
0
0
0
0
0
0
0
0
0
0
0
0
0
0
0
0
0
0
0
0
0
0
0
0
0
0
0
0
0
0
0
0
-0
-0
-0
-0
-0
-0
-0
-0
-0
-0
-0
-0
-0
-0
-0
-0
-0
-0
-0
-0
-0
-0
-0
-0
-0
-0
-0
-0
-0
-0
-0
-0
-0
-0
-0
-0
-0
-0
-0
-0
-0
-0
-0
-0
-0
-0
-0
-0
-0
-0
0
0
0
0
0
0
0
0
0
0
0
0
0
0
0
0
0
0
0
0
0
0
0
0
0
0
0
0
0
0
0
0
0
0
0
0
0
0
0
0
0
0
0
0
0
0
0
0
0
0
-0
-0
-0
-0
-0
-0
-0
-0
-0
-0
-0
-0
-0
-0
-0
-0
-0
-0
-0
-0
-0
-0
-0
-0
-0
-0
-0
-0
-0
-0
-0
-0
-0
-0
-0
-0
-0
-0
-0
-0
-0
-0
-0
-0
-0
-0
-0
-0
-0
-0
0
0
0
0
0
0
0
0
0
0
0
0
0
0
0
0
0
0
0
0
0
0
0
0
0
0
0
0
0
0
0
0
0
0
0
0
0
0
0
0
0
0
0
0
0
0
0
0
0
-0
-0
-0
-0
-0
-0
-0
-0
-0
-0
-0
-0
-0
-0
-0
-0
-0
-0
-0
-0
-0
-0
-0
-0
-0
-0
-0
-0
-0
-0
-0
-0
-0
-0
-0
-0
-0
-0
-0
-0
-0
-0
-0
-0
-0
-0
-0
-0
-0
-0
-0
0
0
0
0
0
0
0
0
0
0
0
0
0
0
0
0
0
0
0
0
0
0
0
0
0
0
0
0
0
0
0
0
0
0
0
0
0
0
0
0
0
0
0
0
0
0
0
0
0
-0
-0
-0
-0
-0
-0
-0
-0
-0
-0
-0
-0
-0
-0
-0
-0
-0
-0
-0
-0
-0
-0
-0
-0
-0
-0
-0
-0
-0
-0
-0
-0
-0
-0
-0
-0
-0
-0
-0
-0
-0
-0
-0
-0
-0
-0
-0
-0
-0
-0
-0
0
0
0
0
0
0
0
0
0
0
0
0
0
0
0
0
0
0
0
0
0
0
0
0
0
0
0
0
0
0
0
0
0
0
0
0
0
0
0
0
0
0
0
0
0
0
0
0
0
0
-0
-0
-0
-0
-0
-0
-0
-0
-0
-0
-0
-0
-0
-0
-0
-0
-0
-0
-0
-0
-0
-0
-0
-0
-0
-0
-0
-0
-0
-0
-0
-0
-0
-0
-0
-0
-0
-0
-0
-0
-0
-0
-0
-0
-0
-0
-0
-0
-0
-0
0
0
0
0
0
0
0
0
0
0
0
0
0
0
0
0
0
0
0
0
0
0
0
0
0
0
0
0
0
0
0
0
0
0
0
0
0
0
0
0
0
0
0
0
0
0
0
0
0
0
-0
-0
-0
-0
-0
-0
-0
-0
-0
-0
-0
-0
-0
-0
-0
-0
-0
-0
-0
-0
-0
-0
-0
-0
-0
-0
-0
-0
-0
-0
-0
-0
-0
-0
-0
-0
-0
-0
-0
-0
-0
-0
-0
-0
-0
-0
-0
-0
-0
-0
0
0
0
0
0
0
0
0
0
0
0
0
0
0
0
0
0
0
0
0
0
0
0
0
0
0
0
0
0
0
0
0
0
0
0
0
0
0
0
0
0
0
0
0
0
0
0
0
0
0
-0
-0
-0
-0
-0
-0
-0
-0
-0
-0
-0
-0
-0
-0
-0
-0
-0
-0
-0
-0
-0
-0
-0
-0
-0
-0
-0
-0
-0
-0
-0
-0
-0
-0
-0
-0
-0
-0
-0
-0
-0
-0
-0
-0
-0
-0
-0
-0
-0
-0
0
0
0
0
0
0
0
0
0
0
0
0
0
0
0
0
0
0
0
0
0
0
0
0
0
0
0
0
0
0
0
0
0
0
0
0
0
0
0
0
0
0
0
0
0
0
0
0
0
-0
-0
-0
-0
-0
-0
-0
-0
-0
-0
-0
-0
-0
-0
-0
-0
-0
-0
-0
-0
-0
-0
-0
-0
-0
-0
-0
-0
-0
-0
-0
-0
-0
-0
-0
-0
-0
-0
-0
-0
-0
-0
-0
-0
-0
-0
-0
-0
-0
-0
-0
0
0
0
0
0
0
0
0
0
0
0
0
0
0
0
0
0
0
0
0
0
0
0
0
0
0
0
0
0
0
0
0
0
0
0
0
0
0
0
0
0
0
0
0
0
0
0
0
0
-0
-0
-0
-0
-0
-0
-0
-0
-0
-0
-0
-0
-0
-0
-0
-0
-0
-0
-0
-0
-0
-0
-0
-0
-0
-0
-0
-0
-0
-0
-0
-0
-0
-0
-0
-0
-0
-0
-0
-0
-0
-0
-0
-0
-0
-0
-0
-0
-0
-0
-0
0
0
0
0
0
0
0
0
0
0
0
0
0
0
0
0
0
0
0
0
0
0
0
0
0
0
0
0
0
0
0
0
0
0
0
0
0
0
0
0
0
0
0
0
0
0
0
0
0
0
-0
-0
-0
-0
-0
-0
-0
-0
-0
-0
-0
-0
-0
-0
-0
-0
-0
-0
-0
-0
-0
-0
-0
-0
-0
-0
-0
-0
-0
-0
-0
-0
-0
-0
-0
-0
-0
-0
-0
-0
-0
-0
-0
-0
-0
-0
-0
-0
-0
-0
0
0
0
0
0
0
0
0
0
0
0
0
0
0
0
0
0
0
0
0
0
0
0
0
0
0
0
0
0
0
0
0
0
0
0
0
0
0
0
0
0
0
0
0
0
0
0
0
0
0
-0
-0
-0
-0
-0
-0
-0
-0
-0
-0
-0
-0
-0
-0
-0
-0
-0
-0
-0
-0
-0
-0
-0
-0
-0
-0
-0
-0
-0
-0
-0
-0
-0
-0
-0
-0
-0
-0
-0
-0
-0
-0
-0
-0
-0
-0
-0
-0
-0
-0
0
0
0
0
0
0
0
0
0
0
0
0
0
0
0
0
0
0
0
0
0
0
0
0
0
0
0
0
0
0
0
0
0
0
0
0
0
0
0
0
0
0
0
0
0
0
0
0
0
0
-0
-0
-0
-0
-0
-0
-0
-0
-0
-0
-0
-0
-0
-0
-0
-0
-0
-0
-0
-0
-0
-0
-0
-0
-0
-0
-0
-0
-0
-0
-0
-0
-0
-0
-0
-0
-0
-0
-0
-0
-0
-0
-0
-0
-0
-0
-0
-0
-0
-0
0
0
0
0
0
0
0
0
0
0
0
0
0
0
0
0
0
0
0
0
0
0
0
0
0
0
0
0
0
0
0
0
0
0
0
0
0
0
0
0
0
0
0
0
0
0
0
0
0
-0
-0
-0
-0
-0
-0
-0
-0
-0
-0
-0
-0
-0
-0
-0
-0
-0
-0
-0
-0
-0
-0
-0
-0
-0
-0
-0
-0
-0
-0
-0
-0
-0
-0
-0
-0
-0
-0
-0
-0
-0
-0
-0
-0
-0
-0
-0
-0
-0
-0
-0
0
0
0
0
0
0
0
0
0
0
0
0
0
0
0
0
0
0
0
0
0
0
0
0
0
0
0
0
0
0
0
0
0
0
0
0
0
0
0
0
0
0
0
0
0
0
0
0
0
-0
-0
-0
-0
-0
-0
-0
-0
-0
-0
-0
-0
-0
-0
-0
-0
-0
-0
-0
-0
-0
-0
-0
-0
-0
-0
-0
-0
-0
-0
-0
-0
-0
-0
-0
-0
-0
-0
-0
-0
-0
-0
-0
-0
-0
-0
-0
-0
-0
-0
-0
0
0
0
0
0
0
0
0
0
0
0
0
0
0
0
0
0
0
0
0
0
0
0
0
0
0
0
0
0
0
0
0
0
0
0
0
0
0
0
0
0
0
0
0
0
0
0
0
0
0
-0
-0
-0
-0
-0
-0
-0
-0
-0
-0
-0
-0
-0
-0
-0
-0
-0
-0
-0
-0
-0
-0
-0
-0
-0
-0
-0
-0
-0
-0
-0
-0
-0
-0
-0
-0
-0
-0
-0
-0
-0
-0
-0
-0
-0
-0
-0
-0
-0
-0
0
0
0
0
0
0
0
0
0
0
0
0
0
0
0
0
0
0
0
0
0
0
0
0
0
0
0
0
0
0
0
0
0
0
0
0
0
0
0
0
0
0
0
0
0
0
0
0
0
0
-0
-0
-0
-0
-0
-0
-0
-0
-0
-0
-0
-0
-0
-0
-0
-0
-0
-0
-0
-0
-0
-0
-0
-0
-0
-0
-0
-0
-0
-0
-0
-0
-0
-0
-0
-0
-0
-0
-0
-0
-0
-0
-0
-0
-0
-0
-0
-0
-0
-0
0
0
0
0
0
0
0
0
0
0
0
0
0
0
0
0
0
0
0
0
0
0
0
0
0
0
0
0
0
0
0
0
0
0
0
0
0
0
0
0
0
0
0
0
0
0
0
0
0
0
-0
-0
-0
-0
-0
-0
-0
-0
-0
-0
-0
-0
-0
-0
-0
-0
-0
-0
-0
-0
-0
-0
-0
-0
-0
-0
-0
-0
-0
-0
-0
-0
-0
-0
-0
-0
-0
-0
-0
-0
-0
-0
-0
-0
-0
-0
-0
-0
-0
-0
0
0
0
0
0
0
0
0
0
0
0
0
0
0
0
0
0
0
0
0
0
0
0
0
0
0
0
0
0
0
0
0
0
0
0
0
0
0
0
0
0
0
0
0
0
0
0
0
0
-0
-0
-0
-0
-0
-0
-0
-0
-0
-0
-0
-0
-0
-0
-0
-0
-0
-0
-0
-0
-0
-0
-0
-0
-0
-0
-0
-0
-0
-0
-0
-0
-0
-0
-0
-0
-0
-0
-0
-0
-0
-0
-0
-0
-0
-0
-0
-0
-0
-0
-0
0
0
0
0
0
0
0
0
0
0
0
0
0
0
0
0
0
0
0
0
0
0
0
0
0
0
0
0
0
0
0
0
0
0
0
0
0
0
0
0
0
0
0
0
0
0
0
0
0
-0
-0
-0
-0
-0
-0
-0
-0
-0
-0
-0
-0
-0
-0
-0
-0
-0
-0
-0
-0
-0
-0
-0
-0
-0
-0
-0
-0
-0
-0
-0
-0
-0
-0
-0
-0
-0
-0
-0
-0
-0
-0
-0
-0
-0
-0
-0
-0
-0
-0
-0
0
0
0
0
0
0
0
0
0
0
0
0
0
0
0
0
0
0
0
0
0
0
0
0
0
0
0
0
0
0
0
0
0
0
0
0
0
0
0
0
0
0
0
0
0
0
0
0
0
-0
