-0
-0
-0
-0
-0
-0
-0
-0
-0
-0
-0
-0
-0
-0
-0
-0
-0
-0
-0
-0
-0
-0
-0
-0
-0
-0
-0
-0
-0
-0
-0
-0
-0
-0
-0
-0
-0
-0
-0
-0
-0
-0
-0
-0
-0
-0
-0
-0
-0
-0
-0
0
0
0
0
0
0
0
0
0
0
0
0
0
0
0
0
0
0
0
0
0
0
0
0
0
0
0
0
0
0
0
0
0
0
0
0
0
0
0
0
0
0
0
0
0
0
0
0
0
0
-0
-0
-0
-0
-0
-0
-0
-0
-0
-0
-0
-0
-0
-0
-0
-0
-0
-0
-0
-0
-0
-0
-0
-0
-0
-0
-0
-0
-0
-0
-0
-0
-0
-0
-0
-0
-0
-0
-0
-0
-0
-0
-0
-0
-0
-0
-0
-0
-0
-0
0
0
0
0
0
0
0
0
0
0
0
0
0
0
0
0
0
0
0
0
0
0
0
0
0
0
0
0
0
0
0
0
0
0
0
0
0
0
0
0
0
0
0
0
0
0
0
0
0
0
-0
-0
-0
-0
-0
-0
-0
-0
-0
-0
-0
-0
-0
-0
-0
-0
-0
-0
-0
-0
-0
-0
-0
-0
-0
-0
-0
-0
-0
-0
-0
-0
-0
-0
-0
-0
-0
-0
-0
-0
-0
-0
-0
-0
-0
-0
-0
-0
-0
-0
0
0
0
0
0
0
0
0
0
0
0
0
0
0
0
0
0
0
0
0
0
0
0
0
0
0
0
0
0
0
0
0
0
0
0
0
0
0
0
0
0
0
0
0
0
0
0
0
0
0
-0
-0
-0
-0
-0
-0
-0
-0
-0
-0
-0
-0
-0
-0
-0
-0
-0
-0
-0
-0
-0
-0
-0
-0
-0
-0
-0
-0
-0
-0
-0
-0
-0
-0
-0
-0
-0
-0
-0
-0
-0
-0
-0
-0
-0
-0
-0
-0
-0
0
0
0
0
0
0
0
0
0
0
0
0
0
0
0
0
0
0
0
0
0
0
0
0
0
0
0
0
0
0
0
0
0
0
0
0
0
0
0
0
0
0
0
0
0
0
0
0
0
0
0
-0
-0
-0
-0
-0
-0
-0
-0
-0
-0
-0
-0
-0
-0
-0
-0
-0
-0
-0
-0
-0
-0
-0
-0
-0
-0
-0
-0
-0
-0
-0
-0
-0
-0
-0
-0
-0
-0
-0
-0
-0
-0
-0
-0
-0
-0
-0
-0
-0
-0
0
0
0
0
0
0
0
0
0
0
0
0
0
0
0
0
0
0
0
0
0
0
0
0
0
0
0
0
0
0
0
0
0
0
0
0
0
0
0
0
0
0
0
0
0
0
0
0
0
0
-0
-0
-0
-0
-0
-0
-0
-0
-0
-0
-0
-0
-0
-0
-0
-0
-0
-0
-0
-0
-0
-0
-0
-0
-0
-0
-0
-0
-0
-0
-0
-0
-0
-0
-0
-0
-0
-0
-0
-0
-0
-0
-0
-0
-0
-0
-0
-0
-0
0
0
0
0
0
0
0
0
0
0
0
0
0
0
0
0
0
0
0
0
0
0
0
0
0
0
0
0
0
0
0
0
0
0
0
0
0
0
0
0
0
0
0
0
0
0
0
0
0
0
0
-0
-0
-0
-0
-0
-0
-0
-0
-0
-0
-0
-0
-0
-0
-0
-0
-0
-0
-0
-0
-0
-0
-0
-0
-0
-0
-0
-0
-0
-0
-0
-0
-0
-0
-0
-0
-0
-0
-0
-0
-0
-0
-0
-0
-0
-0
-0
-0
-0
0
0
0
0
0
0
0
0
0
0
0
0
0
0
0
0
0
0
0
0
0
0
0
0
0
0
0
0
0
0
0
0
0
0
0
0
0
0
0
0
0
0
0
0
0
0
0
0
0
0
-0
-0
-0
-0
-0
-0
-0
-0
-0
-0
-0
-0
-0
-0
-0
-0
-0
-0
-0
-0
-0
-0
-0
-0
-0
-0
-0
-0
-0
-0
-0
-0
-0
-0
-0
-0
-0
-0
-0
-0
-0
-0
-0
-0
-0
-0
-0
-0
-0
-0
-0
0
0
0
0
0
0
0
0
0
0
0
0
0
0
0
0
0
0
0
0
0
0
0
0
0
0
0
0
0
0
0
0
0
0
0
0
0
0
0
0
0
0
0
0
0
0
0
0
0
0
-0
-0
-0
-0
-0
-0
-0
-0
-0
-0
-0
-0
-0
-0
-0
-0
-0
-0
-0
-0
-0
-0
-0
-0
-0
-0
-0
-0
-0
-0
-0
-0
-0
-0
-0
-0
-0
-0
-0
-0
-0
-0
-0
-0
-0
-0
-0
-0
-0
-0
0
0
0
0
0
0
0
0
0
0
0
0
0
0
0
0
0
0
0
0
0
0
0
0
0
0
0
0
0
0
0
0
0
0
0
0
0
0
0
0
0
0
0
0
0
0
0
0
0
0
-0
-0
-0
-0
-0
-0
-0
-0
-0
-0
-0
-0
-0
-0
-0
-0
-0
-0
-0
-0
-0
-0
-0
-0
-0
-0
-0
-0
-0
-0
-0
-0
-0
-0
-0
-0
-0
-0
-0
-0
-0
-0
-0
-0
-0
-0
-0
-0
-0
0
0
0
0
0
0
0
0
0
0
0
0
0
0
0
0
0
0
0
0
0
0
0
0
0
0
0
0
0
0
0
0
0
0
0
0
0
0
0
0
0
0
0
0
0
0
0
0
0
0
0
-0
-0
-0
-0
-0
-0
-0
-0
-0
-0
-0
-0
-0
-0
-0
-0
-0
-0
-0
-0
-0
-0
-0
-0
-0
-0
-0
-0
-0
-0
-0
-0
-0
-0
-0
-0
-0
-0
-0
-0
-0
-0
-0
-0
-0
-0
-0
-0
-0
0
0
0
0
0
0
0
0
0
0
0
0
0
0
0
0
0
0
0
0
0
0
0
0
0
0
0
0
0
0
0
0
0
0
0
0
0
0
0
0
0
0
0
0
0
0
0
0
0
0
-0
-0
-0
-0
-0
-0
-0
-0
-0
-0
-0
-0
-0
-0
-0
-0
-0
-0
-0
-0
-0
-0
-0
-0
-0
-0
-0
-0
-0
-0
-0
-0
-0
-0
-0
-0
-0
-0
-0
-0
-0
-0
-0
-0
-0
-0
-0
-0
-0
-0
0
0
0
0
0
0
0
0
0
0
0
0
0
0
0
0
0
0
0
0
0
0
0
0
0
0
0
0
0
0
0
0
0
0
0
0
0
0
0
0
0
0
0
0
0
0
0
0
0
0
0
-0
-0
-0
-0
-0
-0
-0
-0
-0
-0
-0
-0
-0
-0
-0
-0
-0
-0
-0
-0
-0
-0
-0
-0
-0
-0
-0
-0
-0
-0
-0
-0
-0
-0
-0
-0
-0
-0
-0
-0
-0
-0
-0
-0
-0
-0
-0
-0
-0
0
0
0
0
0
0
0
0
0
0
0
0
0
0
0
0
0
0
0
0
0
0
0
0
0
0
0
0
0
0
0
0
0
0
0
0
0
0
0
0
0
0
0
0
0
0
0
0
0
0
-0
-0
-0
-0
-0
-0
-0
-0
-0
-0
-0
-0
-0
-0
-0
-0
-0
-0
-0
-0
-0
-0
-0
-0
-0
-0
-0
-0
-0
-0
-0
-0
-0
-0
-0
-0
-0
-0
-0
-0
-0
-0
-0
-0
-0
-0
-0
-0
-0
-0
0
0
0
0
0
0
0
0
0
0
0
0
0
0
0
0
0
0
0
0
0
0
0
0
0
0
0
0
0
0
0
0
0
0
0
0
0
0
0
0
0
0
0
0
0
0
0
0
0
0
-0
-0
-0
-0
-0
-0
-0
-0
-0
-0
-0
-0
-0
-0
-0
-0
-0
-0
-0
-0
-0
-0
-0
-0
-0
-0
-0
-0
-0
-0
-0
-0
-0
-0
-0
-0
-0
-0
-0
-0
-0
-0
-0
-0
-0
-0
-0
-0
-0
-0
0
0
0
0
0
0
0
0
0
0
0
0
0
0
0
0
0
0
0
0
0
0
0
0
0
0
0
0
0
0
0
0
0
0
0
0
0
0
0
0
0
0
0
0
0
0
0
0
0
0
0
-0
-0
-0
-0
-0
-0
-0
-0
-0
-0
-0
-0
-0
-0
-0
-0
-0
-0
-0
-0
-0
-0
-0
-0
-0
-0
-0
-0
-0
-0
-0
-0
-0
-0
-0
-0
-0
-0
-0
-0
-0
-0
-0
-0
-0
-0
-0
-0
-0
-0
0
0
0
0
0
0
0
0
0
0
0
0
0
0
0
0
0
0
0
0
0
0
0
0
0
0
0
0
0
0
0
0
0
0
0
0
0
0
0
0
0
0
0
0
0
0
0
0
0
0
-0
-0
-0
-0
-0
-0
-0
-0
-0
-0
-0
-0
-0
-0
-0
-0
-0
-0
-0
-0
-0
-0
-0
-0
-0
-0
-0
-0
-0
-0
-0
-0
-0
-0
-0
-0
-0
-0
-0
-0
-0
-0
-0
-0
-0
-0
-0
-0
-0
-0
0
0
0
0
0
0
0
0
0
0
0
0
0
0
0
0
0
0
0
0
0
0
0
0
0
0
0
0
0
0
0
0
0
0
0
0
0
0
0
0
0
0
0
0
0
0
0
0
0
0
-0
-0
-0
-0
-0
-0
-0
-0
-0
-0
-0
-0
-0
-0
-0
-0
-0
-0
-0
-0
-0
-0
-0
-0
-0
-0
-0
-0
-0
-0
-0
-0
-0
-0
-0
-0
-0
-0
-0
-0
-0
-0
-0
-0
-0
-0
-0
-0
-0
-0
0
0
0
0
0
0
0
0
0
0
0
0
0
0
0
0
0
0
0
0
0
0
0
0
0
0
0
0
0
0
0
0
0
0
0
0
0
0
0
0
0
0
0
0
0
0
0
0
0
0
-0
-0
-0
-0
-0
-0
-0
-0
-0
-0
-0
-0
-0
-0
-0
-0
-0
-0
-0
-0
-0
-0
-0
-0
-0
-0
-0
-0
-0
-0
-0
-0
-0
-0
-0
-0
-0
-0
-0
-0
-0
-0
-0
-0
-0
-0
-0
-0
-0
-0
0
0
0
0
0
0
0
0
0
0
0
0
0
0
0
0
0
0
0
0
0
0
0
0
0
0
0
0
0
0
0
0
0
0
0
0
0
0
0
0
0
0
0
0
0
0
0
0
0
-0
-0
-0
-0
-0
-0
-0
-0
-0
-0
-0
-0
-0
-0
-0
-0
-0
-0
-0
-0
-0
-0
-0
-0
-0
-0
-0
-0
-0
-0
-0
-0
-0
-0
-0
-0
-0
-0
-0
-0
-0
-0
-0
-0
-0
-0
-0
-0
-0
-0
-0
0
0
0
0
0
0
0
0
0
0
0
0
0
0
0
0
0
0
0
0
0
0
0
0
0
0
0
0
0
0
0
0
0
0
0
0
0
0
0
0
0
0
0
0
0
0
0
0
0
0
-7.0639e-09
-2.82e-08
-6.3241e-08
-1.1191e-07
-1.7382e-07
-2.4848e-07
-3.353e-07
-4.3358e-07
-5.4252e-07
-6.6126e-07
-7.8881e-07
-9.2414e-07
-1.0661e-06
-1.2136e-06
-1.3652e-06
-1.5198e-06
-1.6759e-06
-1.8323e-06
-1.9874e-06
-2.1399e-06
-2.2883e-06
-2.4312e-06
-2.5671e-06
-2.6947e-06
-2.8125e-06
-2.9192e-06
-3.0135e-06
-3.0942e-06
-3.16e-06
-3.2098e-06
-3.2426e-06
-3.2574e-06
-3.2533e-06
-3.2296e-06
-3.1855e-06
-3.1206e-06
-3.0343e-06
-2.9264e-06
-2.7967e-06
-2.645e-06
-2.4715e-06
-2.2763e-06
-2.0597e-06
-1.8222e-06
-1.5644e-06
-1.287e-06
-9.9078e-07
-6.768e-07
-3.4613e-07
-8.8195e-20
3.6026e-07
7.332e-07
1.1173e-06
1.5108e-06
1.912e-06
2.3192e-06
2.7303e-06
3.1434e-06
3.5566e-06
3.9676e-06
4.3743e-06
4.7747e-06
5.1666e-06
5.5477e-06
5.9159e-06
6.2691e-06
6.6052e-06
6.9219e-06
7.2174e-06
7.4896e-06
7.7366e-06
7.9565e-06
8.1477e-06
8.3086e-06
8.4375e-06
8.5331e-06
8.5942e-06
8.6196e-06
8.6083e-06
8.5595e-06
8.4726e-06
8.347e-06
8.1825e-06
7.9789e-06
7.7362e-06
7.4547e-06
7.1348e-06
6.777e-06
6.3822e-06
5.9513e-06
5.4855e-06
4.9862e-06
4.4547e-06
3.8929e-06
3.3026e-06
2.6859e-06
2.0448e-06
1.3818e-06
6.9933e-07
-2.2071e-20
-7.1346e-07
-1.4382e-06
-2.1713e-06
-2.9097e-06
-3.6503e-06
-4.3899e-06
-5.1253e-06
-5.8533e-06
-6.5706e-06
-7.2738e-06
-7.9598e-06
-8.6253e-06
-9.267e-06
-9.8818e-06
-1.0467e-05
-1.1018e-05
-1.1534e-05
-1.2012e-05
-1.2447e-05
-1.2839e-05
-1.3185e-05
-1.3482e-05
-1.3728e-05
-1.3922e-05
-1.4062e-05
-1.4147e-05
-1.4175e-05
-1.4145e-05
-1.4057e-05
-1.3909e-05
-1.3703e-05
-1.3437e-05
-1.3112e-05
-1.2728e-05
-1.2287e-05
-1.1789e-05
-1.1235e-05
-1.0628e-05
-9.9677e-06
-9.2576e-06
-8.4996e-06
-7.696e-06
-6.8497e-06
-5.9636e-06
-5.0408e-06
-4.0847e-06
-3.0988e-06
-2.0868e-06
-1.0525e-06
-1.4882e-19
1.0667e-06
2.1432e-06
3.2253e-06
4.3086e-06
5.3885e-06
6.4606e-06
7.5203e-06
8.5632e-06
9.5846e-06
1.058e-05
1.1545e-05
1.2476e-05
1.3367e-05
1.4216e-05
1.5017e-05
1.5768e-05
1.6464e-05
1.7101e-05
1.7677e-05
1.8189e-05
1.8633e-05
1.9007e-05
1.9309e-05
1.9536e-05
1.9688e-05
1.9761e-05
1.9755e-05
1.967e-05
1.9505e-05
1.9259e-05
1.8933e-05
1.8526e-05
1.8041e-05
1.7478e-05
1.6838e-05
1.6123e-05
1.5336e-05
1.4478e-05
1.3553e-05
1.2564e-05
1.1514e-05
1.0406e-05
9.2447e-06
8.0343e-06
6.7791e-06
5.4836e-06
4.1528e-06
2.7918e-06
1.4057e-06
-1.985e-19
-1.4199e-06
-2.8482e-06
-4.2793e-06
-5.7074e-06
-7.1267e-06
-8.5313e-06
-9.9153e-06
-1.1273e-05
-1.2599e-05
-1.3886e-05
-1.5131e-05
-1.6326e-05
-1.7468e-05
-1.855e-05
-1.9568e-05
-2.0517e-05
-2.1393e-05
-2.2191e-05
-2.2907e-05
-2.3539e-05
-2.4081e-05
-2.4533e-05
-2.489e-05
-2.515e-05
-2.5312e-05
-2.5375e-05
-2.5336e-05
-2.5196e-05
-2.4953e-05
-2.4609e-05
-2.4163e-05
-2.3616e-05
-2.297e-05
-2.2227e-05
-2.1388e-05
-2.0457e-05
-1.9436e-05
-1.8329e-05
-1.7139e-05
-1.587e-05
-1.4528e-05
-1.3116e-05
-1.164e-05
-1.0105e-05
-8.5173e-06
-6.8825e-06
-5.2069e-06
-3.4968e-06
-1.7589e-06
-5.5074e-20
1.773e-06
3.5532e-06
5.3333e-06
7.1063e-06
8.8649e-06
1.0602e-05
1.231e-05
1.3983e-05
1.5613e-05
1.7193e-05
1.8716e-05
2.0177e-05
2.1568e-05
2.2884e-05
2.4119e-05
2.5267e-05
2.6322e-05
2.7281e-05
2.8137e-05
2.8888e-05
2.953e-05
3.0058e-05
3.047e-05
3.0764e-05
3.0937e-05
3.0989e-05
3.0917e-05
3.0721e-05
3.0401e-05
2.9958e-05
2.9393e-05
2.8706e-05
2.7899e-05
2.6976e-05
2.5939e-05
2.4791e-05
2.3537e-05
2.2179e-05
2.0724e-05
1.9176e-05
1.7542e-05
1.5826e-05
1.4035e-05
1.2176e-05
1.0256e-05
8.2814e-06
6.2609e-06
4.2018e-06
2.1121e-06
-5.293e-19
-2.1262e-06
-4.2582e-06
-6.3874e-06
-8.5052e-06
-1.0603e-05
-1.2673e-05
-1.4705e-05
-1.6693e-05
-1.8627e-05
-2.0499e-05
-2.2302e-05
-2.4028e-05
-2.5669e-05
-2.7218e-05
-2.867e-05
-3.0016e-05
-3.1251e-05
-3.237e-05
-3.3367e-05
-3.4238e-05
-3.4978e-05
-3.5583e-05
-3.6051e-05
-3.6378e-05
-3.6563e-05
-3.6603e-05
-3.6497e-05
-3.6246e-05
-3.585e-05
-3.5308e-05
-3.4623e-05
-3.3795e-05
-3.2829e-05
-3.1726e-05
-3.049e-05
-2.9125e-05
-2.7637e-05
-2.603e-05
-2.431e-05
-2.2483e-05
-2.0556e-05
-1.8535e-05
-1.643e-05
-1.4246e-05
-1.1994e-05
-9.6803e-06
-7.3149e-06
-4.9068e-06
-2.4653e-06
1.9303e-19
2.4794e-06
4.9632e-06
7.4414e-06
9.9041e-06
1.2341e-05
1.4743e-05
1.71e-05
1.9403e-05
2.1641e-05
2.3805e-05
2.5887e-05
2.7878e-05
2.9769e-05
3.1553e-05
3.322e-05
3.4765e-05
3.6181e-05
3.746e-05
3.8597e-05
3.9588e-05
4.0426e-05
4.1109e-05
4.1632e-05
4.1992e-05
4.2188e-05
4.2217e-05
4.2078e-05
4.1772e-05
4.1298e-05
4.0658e-05
3.9853e-05
3.8885e-05
3.7758e-05
3.6475e-05
3.5041e-05
3.346e-05
3.1737e-05
2.988e-05
2.7895e-05
2.5789e-05
2.357e-05
2.1245e-05
1.8825e-05
1.6317e-05
1.3732e-05
1.1079e-05
8.3689e-06
5.6118e-06
2.8185e-06
2.6452e-19
-2.8326e-06
-5.6682e-06
-8.4954e-06
-1.1303e-05
-1.408e-05
-1.6814e-05
-1.9495e-05
-2.2112e-05
-2.4655e-05
-2.7112e-05
-2.9473e-05
-3.1729e-05
-3.387e-05
-3.5887e-05
-3.7771e-05
-3.9515e-05
-4.111e-05
-4.2549e-05
-4.3827e-05
-4.4937e-05
-4.5875e-05
-4.6634e-05
-4.7212e-05
-4.7606e-05
-4.7812e-05
-4.783e-05
-4.7659e-05
-4.7297e-05
-4.6746e-05
-4.6007e-05
-4.5083e-05
-4.3975e-05
-4.2687e-05
-4.1224e-05
-3.9591e-05
-3.7794e-05
-3.5838e-05
-3.3731e-05
-3.1481e-05
-2.9095e-05
-2.6584e-05
-2.3955e-05
-2.122e-05
-1.8388e-05
-1.547e-05
-1.2478e-05
-9.4229e-06
-6.3168e-06
-3.1717e-06
5.9549e-19
3.1858e-06
6.3732e-06
9.5494e-06
1.2702e-05
1.5818e-05
1.8885e-05
2.189e-05
2.4822e-05
2.7669e-05
3.0418e-05
3.3058e-05
3.5579e-05
3.797e-05
4.0221e-05
4.2322e-05
4.4264e-05
4.6039e-05
4.7639e-05
4.9057e-05
5.0287e-05
5.1323e-05
5.2159e-05
5.2793e-05
5.322e-05
5.3438e-05
5.3444e-05
5.3239e-05
5.2822e-05
5.2195e-05
5.1357e-05
5.0313e-05
4.9064e-05
4.7616e-05
4.5974e-05
4.4142e-05
4.2128e-05
3.9938e-05
3.7582e-05
3.5066e-05
3.2402e-05
2.9598e-05
2.6665e-05
2.3615e-05
2.0459e-05
1.7208e-05
1.3877e-05
1.0477e-05
7.0218e-06
3.5249e-06
-5.5248e-20
-3.539e-06
-7.0782e-06
-1.0603e-05
-1.4101e-05
-1.7556e-05
-2.0955e-05
-2.4285e-05
-2.7532e-05
-3.0683e-05
-3.3724e-05
-3.6644e-05
-3.943e-05
-4.2071e-05
-4.4555e-05
-4.6872e-05
-4.9013e-05
-5.0968e-05
-5.2729e-05
-5.4287e-05
-5.5637e-05
-5.6771e-05
-5.7685e-05
-5.8374e-05
-5.8834e-05
-5.9062e-05
-5.9058e-05
-5.882e-05
-5.8348e-05
-5.7643e-05
-5.6707e-05
-5.5543e-05
-5.4154e-05
-5.2546e-05
-5.0723e-05
-4.8693e-05
-4.6462e-05
-4.4039e-05
-4.1432e-05
-3.8652e-05
-3.5708e-05
-3.2612e-05
-2.9375e-05
-2.601e-05
-2.2529e-05
-1.8947e-05
-1.5276e-05
-1.1531e-05
-7.7268e-06
-3.8781e-06
1.1523e-18
3.8922e-06
7.7832e-06
1.1657e-05
1.55e-05
1.9294e-05
2.3026e-05
2.668e-05
3.0242e-05
3.3697e-05
3.703e-05
4.0229e-05
4.328e-05
4.6171e-05
4.8889e-05
5.1423e-05
5.3763e-05
5.5897e-05
5.7818e-05
5.9517e-05
6.0986e-05
6.2219e-05
6.321e-05
6.3954e-05
6.4448e-05
6.4687e-05
6.4672e-05
6.4401e-05
6.3873e-05
6.3091e-05
6.2056e-05
6.0773e-05
5.9244e-05
5.7475e-05
5.5472e-05
5.3243e-05
5.0796e-05
4.8139e-05
4.5283e-05
4.2237e-05
3.9014e-05
3.5626e-05
3.2085e-05
2.8405e-05
2.46e-05
2.0685e-05
1.6675e-05
1.2585e-05
8.4318e-06
4.2313e-06
-5.2938e-19
-4.2454e-06
-8.4882e-06
-1.2711e-05
-1.6898e-05
-2.1032e-05
-2.5097e-05
-2.9075e-05
-3.2952e-05
-3.6711e-05
-4.0337e-05
-4.3815e-05
-4.7131e-05
-5.0271e-05
-5.3223e-05
-5.5974e-05
-5.8512e-05
-6.0827e-05
-6.2908e-05
-6.4747e-05
-6.6336e-05
-6.7668e-05
-6.8736e-05
-6.9535e-05
-7.0061e-05
-7.0312e-05
-7.0286e-05
-6.9981e-05
-6.9399e-05
-6.8539e-05
-6.7406e-05
-6.6003e-05
-6.4333e-05
-6.2404e-05
-6.0222e-05
-5.7794e-05
-5.513e-05
-5.224e-05
-4.9133e-05
-4.5823e-05
-4.2321e-05
-3.864e-05
-3.4795e-05
-3.08e-05
-2.6671e-05
-2.2423e-05
-1.8074e-05
-1.3639e-05
-9.1368e-06
-4.5845e-06
-2.1483e-19
4.5986e-06
9.1932e-06
1.3765e-05
1.8297e-05
2.2771e-05
2.7168e-05
3.147e-05
3.5662e-05
3.9725e-05
4.3643e-05
4.74e-05
5.0982e-05
5.4372e-05
5.7557e-05
6.0525e-05
6.3261e-05
6.5756e-05
6.7998e-05
6.9977e-05
7.1686e-05
7.3116e-05
7.4261e-05
7.5115e-05
7.5675e-05
7.5938e-05
7.59e-05
7.5562e-05
7.4924e-05
7.3988e-05
7.2756e-05
7.1233e-05
6.9423e-05
6.7333e-05
6.4971e-05
6.2345e-05
5.9464e-05
5.634e-05
5.2984e-05
4.9408e-05
4.5627e-05
4.1654e-05
3.7505e-05
3.3195e-05
2.8741e-05
2.4161e-05
1.9472e-05
1.4693e-05
9.8418e-06
4.9377e-06
-1.1579e-18
-4.9518e-06
-9.8982e-06
-1.482e-05
-1.9696e-05
-2.4509e-05
-2.9238e-05
-3.3865e-05
-3.8372e-05
-4.2739e-05
-4.6949e-05
-5.0986e-05
-5.4832e-05
-5.8472e-05
-6.1891e-05
-6.5075e-05
-6.8011e-05
-7.0685e-05
-7.3087e-05
-7.5207e-05
-7.7036e-05
-7.8564e-05
-7.9786e-05
-8.0696e-05
-8.1289e-05
-8.1562e-05
-8.1514e-05
-8.1143e-05
-8.0449e-05
-7.9436e-05
-7.8106e-05
-7.6462e-05
-7.4513e-05
-7.2262e-05
-6.972e-05
-6.6896e-05
-6.3798e-05
-6.0441e-05
-5.6835e-05
-5.2994e-05
-4.8933e-05
-4.4668e-05
-4.0214e-05
-3.559e-05
-3.0812e-05
-2.5899e-05
-2.0871e-05
-1.5747e-05
-1.0547e-05
-5.2909e-06
3.3097e-19
5.305e-06
1.0603e-05
1.5874e-05
2.1095e-05
2.6247e-05
3.1309e-05
3.626e-05
4.1082e-05
4.5753e-05
5.0256e-05
5.4571e-05
5.8683e-05
6.2573e-05
6.6226e-05
6.9626e-05
7.276e-05
7.5614e-05
7.8177e-05
8.0437e-05
8.2385e-05
8.4012e-05
8.5312e-05
8.6277e-05
8.6903e-05
8.7187e-05
8.7128e-05
8.6723e-05
8.5975e-05
8.4884e-05
8.3455e-05
8.1692e-05
7.9602e-05
7.7192e-05
7.447e-05
7.1446e-05
6.8133e-05
6.4541e-05
6.0685e-05
5.6579e-05
5.2239e-05
4.7682e-05
4.2924e-05
3.7985e-05
3.2883e-05
2.7638e-05
2.227e-05
1.6801e-05
1.1252e-05
5.6441e-06
-1.9407e-18
-5.6582e-06
-1.1308e-05
-1.6928e-05
-2.2494e-05
-2.7985e-05
-3.338e-05
-3.8655e-05
-4.3791e-05
-4.8767e-05
-5.3562e-05
-5.8157e-05
-6.2533e-05
-6.6673e-05
-7.056e-05
-7.4177e-05
-7.7509e-05
-8.0544e-05
-8.3267e-05
-8.5667e-05
-8.7735e-05
-8.9461e-05
-9.0837e-05
-9.1857e-05
-9.2517e-05
-9.2812e-05
-9.2742e-05
-9.2304e-05
-9.15e-05
-9.0332e-05
-8.8805e-05
-8.6922e-05
-8.4692e-05
-8.2121e-05
-7.9219e-05
-7.5997e-05
-7.2467e-05
-6.8642e-05
-6.4536e-05
-6.0165e-05
-5.5546e-05
-5.0696e-05
-4.5634e-05
-4.038e-05
-3.4953e-05
-2.9376e-05
-2.3669e-05
-1.7855e-05
-1.1957e-05
-5.9973e-06
1.0311e-18
6.0114e-06
1.2013e-05
1.7982e-05
2.3893e-05
2.9724e-05
3.545e-05
4.105e-05
4.6501e-05
5.1781e-05
5.6868e-05
6.1742e-05
6.6384e-05
7.0774e-05
7.4894e-05
7.8727e-05
8.2259e-05
8.5473e-05
8.8356e-05
9.0897e-05
9.3085e-05
9.4909e-05
9.6362e-05
9.7438e-05
9.8131e-05
9.8438e-05
9.8356e-05
9.7885e-05
9.7025e-05
9.5781e-05
9.4155e-05
9.2152e-05
8.9781e-05
8.705e-05
8.3968e-05
8.0548e-05
7.6801e-05
7.2742e-05
6.8386e-05
6.375e-05
5.8852e-05
5.371e-05
4.8344e-05
4.2775e-05
3.7024e-05
3.1114e-05
2.5068e-05
1.8909e-05
1.2662e-05
6.3505e-06
-2.5069e-22
-6.3646e-06
-1.2718e-05
-1.9036e-05
-2.5292e-05
-3.1462e-05
-3.7521e-05
-4.3445e-05
-4.9211e-05
-5.4795e-05
-6.0175e-05
-6.5328e-05
-7.0235e-05
-7.4874e-05
-7.9228e-05
-8.3278e-05
-8.7008e-05
-9.0402e-05
-9.3446e-05
-9.6127e-05
-9.8434e-05
-0.00010036
-0.00010189
-0.00010302
-0.00010374
-0.00010406
-0.00010397
-0.00010347
-0.00010255
-0.00010123
-9.9504e-05
-9.7382e-05
-9.4871e-05
-9.1979e-05
-8.8718e-05
-8.5098e-05
-8.1135e-05
-7.6842e-05
-7.2237e-05
-6.7336e-05
-6.2158e-05
-5.6724e-05
-5.1054e-05
-4.517e-05
-3.9095e-05
-3.2852e-05
-2.6467e-05
-1.9963e-05
-1.3367e-05
-6.7037e-06
1.8857e-18
6.7178e-06
1.3423e-05
2.009e-05
2.6691e-05
3.32e-05
3.9592e-05
4.584e-05
5.1921e-05
5.7809e-05
6.3481e-05
6.8914e-05
7.4085e-05
7.8975e-05
8.3562e-05
8.7829e-05
9.1757e-05
9.5331e-05
9.8536e-05
0.00010136
0.00010378
0.00010581
0.00010741
0.0001086
0.00010936
0.00010969
0.00010958
0.00010905
0.00010808
0.00010668
0.00010485
0.00010261
9.9961e-05
9.6909e-05
9.3467e-05
8.9649e-05
8.5469e-05
8.0943e-05
7.6087e-05
7.0921e-05
6.5465e-05
5.9738e-05
5.3764e-05
4.7565e-05
4.1166e-05
3.4591e-05
2.7866e-05
2.1017e-05
1.4072e-05
7.0569e-06
2.4254e-18
-7.0639e-06
-1.41e-05
-2.108e-05
-2.7978e-05
-3.4764e-05
-4.1414e-05
-4.79e-05
-5.4197e-05
-6.0281e-05
-6.6126e-05
-7.171e-05
-7.7012e-05
-8.2009e-05
-8.6683e-05
-9.1014e-05
-9.4987e-05
-9.8585e-05
-0.00010179
-0.0001046
-0.00010699
-0.00010897
-0.00011051
-0.00011161
-0.00011228
-0.0001125
-0.00011228
-0.00011161
-0.00011051
-0.00010897
-0.00010699
-0.0001046
-0.00010179
-9.8585e-05
-9.4987e-05
-9.1014e-05
-8.6683e-05
-8.2009e-05
-7.7012e-05
-7.171e-05
-6.6126e-05
-6.0281e-05
-5.4197e-05
-4.79e-05
-4.1414e-05
-3.4764e-05
-2.7978e-05
-2.108e-05
-1.41e-05
-7.0639e-06
-4.4073e-19
7.0639e-06
1.41e-05
2.108e-05
2.7978e-05
3.4764e-05
4.1414e-05
4.79e-05
5.4197e-05
6.0281e-05
6.6126e-05
7.171e-05
7.7012e-05
8.2009e-05
8.6683e-05
9.1014e-05
9.4987e-05
9.8585e-05
0.00010179
0.0001046
0.00010699
0.00010897
0.00011051
0.00011161
0.00011228
0.0001125
0.00011228
0.00011161
0.00011051
0.00010897
0.00010699
0.0001046
0.00010179
9.8585e-05
9.4987e-05
9.1014e-05
8.6683e-05
8.2009e-05
7.7012e-05
7.171e-05
6.6126e-05
6.0281e-05
5.4197e-05
4.79e-05
4.1414e-05
3.4764e-05
2.7978e-05
2.108e-05
1.41e-05
7.0639e-06
1.6536e-18
-7.0639e-06
-1.41e-05
-2.108e-05
-2.7978e-05
-3.4764e-05
-4.1414e-05
-4.79e-05
-5.4197e-05
-6.0281e-05
-6.6126e-05
-7.171e-05
-7.7012e-05
-8.2009e-05
-8.6683e-05
-9.1014e-05
-9.4987e-05
-9.8585e-05
-0.00010179
-0.0001046
-0.00010699
-0.00010897
-0.00011051
-0.00011161
-0.00011228
-0.0001125
-0.00011228
-0.00011161
-0.00011051
-0.00010897
-0.00010699
-0.0001046
-0.00010179
-9.8585e-05
-9.4987e-05
-9.1014e-05
-8.6683e-05
-8.2009e-05
-7.7012e-05
-7.171e-05
-6.6126e-05
-6.0281e-05
-5.4197e-05
-4.79e-05
-4.1414e-05
-3.4764e-05
-2.7978e-05
-2.108e-05
-1.41e-05
-7.0639e-06
-2.8664e-18
7.0639e-06
1.41e-05
2.108e-05
2.7978e-05
3.4764e-05
4.1414e-05
4.79e-05
5.4197e-05
6.0281e-05
6.6126e-05
7.171e-05
7.7012e-05
8.2009e-05
8.6683e-05
9.1014e-05
9.4987e-05
9.8585e-05
0.00010179
0.0001046
0.00010699
0.00010897
0.00011051
0.00011161
0.00011228
0.0001125
0.00011228
0.00011161
0.00011051
0.00010897
0.00010699
0.0001046
0.00010179
9.8585e-05
9.4987e-05
9.1014e-05
8.6683e-05
8.2009e-05
7.7012e-05
7.171e-05
6.6126e-05
6.0281e-05
5.4197e-05
4.79e-05
4.1414e-05
3.4764e-05
2.7978e-05
2.108e-05
1.41e-05
7.0639e-06
8.8175e-19
-7.0639e-06
-1.41e-05
-2.108e-05
-2.7978e-05
-3.4764e-05
-4.1414e-05
-4.79e-05
-5.4197e-05
-6.0281e-05
-6.6126e-05
-7.171e-05
-7.7012e-05
-8.2009e-05
-8.6683e-05
-9.1014e-05
-9.4987e-05
-9.8585e-05
-0.00010179
-0.0001046
-0.00010699
-0.00010897
-0.00011051
-0.00011161
-0.00011228
-0.0001125
-0.00011228
-0.00011161
-0.00011051
-0.00010897
-0.00010699
-0.0001046
-0.00010179
-9.8585e-05
-9.4987e-05
-9.1014e-05
-8.6683e-05
-8.2009e-05
-7.7012e-05
-7.171e-05
-6.6126e-05
-6.0281e-05
-5.4197e-05
-4.79e-05
-4.1414e-05
-3.4764e-05
-2.7978e-05
-2.108e-05
-1.41e-05
-7.0639e-06
-2.0946e-18
7.0639e-06
1.41e-05
2.108e-05
2.7978e-05
3.4764e-05
4.1414e-05
4.79e-05
5.4197e-05
6.0281e-05
6.6126e-05
7.171e-05
7.7012e-05
8.2009e-05
8.6683e-05
9.1014e-05
9.4987e-05
9.8585e-05
0.00010179
0.0001046
0.00010699
0.00010897
0.00011051
0.00011161
0.00011228
0.0001125
0.00011228
0.00011161
0.00011051
0.00010897
0.00010699
0.0001046
0.00010179
9.8585e-05
9.4987e-05
9.1014e-05
8.6683e-05
8.2009e-05
7.7012e-05
7.171e-05
6.6126e-05
6.0281e-05
5.4197e-05
4.79e-05
4.1414e-05
3.4764e-05
2.7978e-05
2.108e-05
1.41e-05
7.0639e-06
1.0994e-19
-7.0639e-06
-1.41e-05
-2.108e-05
-2.7978e-05
-3.4764e-05
-4.1414e-05
-4.79e-05
-5.4197e-05
-6.0281e-05
-6.6126e-05
-7.171e-05
-7.7012e-05
-8.2009e-05
-8.6683e-05
-9.1014e-05
-9.4987e-05
-9.8585e-05
-0.00010179
-0.0001046
-0.00010699
-0.00010897
-0.00011051
-0.00011161
-0.00011228
-0.0001125
-0.00011228
-0.00011161
-0.00011051
-0.00010897
-0.00010699
-0.0001046
-0.00010179
-9.8585e-05
-9.4987e-05
-9.1014e-05
-8.6683e-05
-8.2009e-05
-7.7012e-05
-7.171e-05
-6.6126e-05
-6.0281e-05
-5.4197e-05
-4.79e-05
-4.1414e-05
-3.4764e-05
-2.7978e-05
-2.108e-05
-1.41e-05
-7.0639e-06
-1.3228e-18
7.0639e-06
1.41e-05
2.108e-05
2.7978e-05
3.4764e-05
4.1414e-05
4.79e-05
5.4197e-05
6.0281e-05
6.6126e-05
7.171e-05
7.7012e-05
8.2009e-05
8.6683e-05
9.1014e-05
9.4987e-05
9.8585e-05
0.00010179
0.0001046
0.00010699
0.00010897
0.00011051
0.00011161
0.00011228
0.0001125
0.00011228
0.00011161
0.00011051
0.00010897
0.00010699
0.0001046
0.00010179
9.8585e-05
9.4987e-05
9.1014e-05
8.6683e-05
8.2009e-05
7.7012e-05
7.171e-05
6.6126e-05
6.0281e-05
5.4197e-05
4.79e-05
4.1414e-05
3.4764e-05
2.7978e-05
2.108e-05
1.41e-05
7.0639e-06
2.5356e-18
-7.0639e-06
-1.41e-05
-2.108e-05
-2.7978e-05
-3.4764e-05
-4.1414e-05
-4.79e-05
-5.4197e-05
-6.0281e-05
-6.6126e-05
-7.171e-05
-7.7012e-05
-8.2009e-05
-8.6683e-05
-9.1014e-05
-9.4987e-05
-9.8585e-05
-0.00010179
-0.0001046
-0.00010699
-0.00010897
-0.00011051
-0.00011161
-0.00011228
-0.0001125
-0.00011228
-0.00011161
-0.00011051
-0.00010897
-0.00010699
-0.0001046
-0.00010179
-9.8585e-05
-9.4987e-05
-9.1014e-05
-8.6683e-05
-8.2009e-05
-7.7012e-05
-7.171e-05
-6.6126e-05
-6.0281e-05
-5.4197e-05
-4.79e-05
-4.1414e-05
-3.4764e-05
-2.7978e-05
-2.108e-05
-1.41e-05
-7.0639e-06
-5.5095e-19
7.0639e-06
1.41e-05
2.108e-05
2.7978e-05
3.4764e-05
4.1414e-05
4.79e-05
5.4197e-05
6.0281e-05
6.6126e-05
7.171e-05
7.7012e-05
8.2009e-05
8.6683e-05
9.1014e-05
9.4987e-05
9.8585e-05
0.00010179
0.0001046
0.00010699
0.00010897
0.00011051
0.00011161
0.00011228
0.0001125
0.00011228
0.00011161
0.00011051
0.00010897
0.00010699
0.0001046
0.00010179
9.8585e-05
9.4987e-05
9.1014e-05
8.6683e-05
8.2009e-05
7.7012e-05
7.171e-05
6.6126e-05
6.0281e-05
5.4197e-05
4.79e-05
4.1414e-05
3.4764e-05
2.7978e-05
2.108e-05
1.41e-05
7.0639e-06
1.7638e-18
-7.0639e-06
-1.41e-05
-2.108e-05
-2.7978e-05
-3.4764e-05
-4.1414e-05
-4.79e-05
-5.4197e-05
-6.0281e-05
-6.6126e-05
-7.171e-05
-7.7012e-05
-8.2009e-05
-8.6683e-05
-9.1014e-05
-9.4987e-05
-9.8585e-05
-0.00010179
-0.0001046
-0.00010699
-0.00010897
-0.00011051
-0.00011161
-0.00011228
-0.0001125
-0.00011228
-0.00011161
-0.00011051
-0.00010897
-0.00010699
-0.0001046
-0.00010179
-9.8585e-05
-9.4987e-05
-9.1014e-05
-8.6683e-05
-8.2009e-05
-7.7012e-05
-7.171e-05
-6.6126e-05
-6.0281e-05
-5.4197e-05
-4.79e-05
-4.1414e-05
-3.4764e-05
-2.7978e-05
-2.108e-05
-1.41e-05
-7.0639e-06
2.2085e-19
7.0639e-06
1.41e-05
2.108e-05
2.7978e-05
3.4764e-05
4.1414e-05
4.79e-05
5.4197e-05
6.0281e-05
6.6126e-05
7.171e-05
7.7012e-05
8.2009e-05
8.6683e-05
9.1014e-05
9.4987e-05
9.8585e-05
0.00010179
0.0001046
0.00010699
0.00010897
0.00011051
0.00011161
0.00011228
0.0001125
0.00011228
0.00011161
0.00011051
0.00010897
0.00010699
0.0001046
0.00010179
9.8585e-05
9.4987e-05
9.1014e-05
8.6683e-05
8.2009e-05
7.7012e-05
7.171e-05
6.6126e-05
6.0281e-05
5.4197e-05
4.79e-05
4.1414e-05
3.4764e-05
2.7978e-05
2.108e-05
1.41e-05
7.0639e-06
9.9196e-19
-7.0639e-06
-1.41e-05
-2.108e-05
-2.7978e-05
-3.4764e-05
-4.1414e-05
-4.79e-05
-5.4197e-05
-6.0281e-05
-6.6126e-05
-7.171e-05
-7.7012e-05
-8.2009e-05
-8.6683e-05
-9.1014e-05
-9.4987e-05
-9.8585e-05
-0.00010179
-0.0001046
-0.00010699
-0.00010897
-0.00011051
-0.00011161
-0.00011228
-0.0001125
-0.00011228
-0.00011161
-0.00011051
-0.00010897
-0.00010699
-0.0001046
-0.00010179
-9.8585e-05
-9.4987e-05
-9.1014e-05
-8.6683e-05
-8.2009e-05
-7.7012e-05
-7.171e-05
-6.6126e-05
-6.0281e-05
-5.4197e-05
-4.79e-05
-4.1414e-05
-3.4764e-05
-2.7978e-05
-2.108e-05
-1.41e-05
-7.0639e-06
-2.2048e-18
7.0639e-06
1.41e-05
2.108e-05
2.7978e-05
3.4764e-05
4.1414e-05
4.79e-05
5.4197e-05
6.0281e-05
6.6126e-05
7.171e-05
7.7012e-05
8.2009e-05
8.6683e-05
9.1014e-05
9.4987e-05
9.8585e-05
0.00010179
0.0001046
0.00010699
0.00010897
0.00011051
0.00011161
0.00011228
0.0001125
0.00011228
0.00011161
0.00011051
0.00010897
0.00010699
0.0001046
0.00010179
9.8585e-05
9.4987e-05
9.1014e-05
8.6683e-05
8.2009e-05
7.7012e-05
7.171e-05
6.6126e-05
6.0281e-05
5.4197e-05
4.79e-05
4.1414e-05
3.4764e-05
2.7978e-05
2.108e-05
1.41e-05
7.0639e-06
2.2016e-19
-7.0639e-06
-1.41e-05
-2.108e-05
-2.7978e-05
-3.4764e-05
-4.1414e-05
-4.79e-05
-5.4197e-05
-6.0281e-05
-6.6126e-05
-7.171e-05
-7.7012e-05
-8.2009e-05
-8.6683e-05
-9.1014e-05
-9.4987e-05
-9.8585e-05
-0.00010179
-0.0001046
-0.00010699
-0.00010897
-0.00011051
-0.00011161
-0.00011228
-0.0001125
-0.00011228
-0.00011161
-0.00011051
-0.00010897
-0.00010699
-0.0001046
-0.00010179
-9.8585e-05
-9.4987e-05
-9.1014e-05
-8.6683e-05
-8.2009e-05
-7.7012e-05
-7.171e-05
-6.6126e-05
-6.0281e-05
-5.4197e-05
-4.79e-05
-4.1414e-05
-3.4764e-05
-2.7978e-05
-2.108e-05
-1.41e-05
-7.0639e-06
-1.433e-18
7.0639e-06
1.41e-05
2.108e-05
2.7978e-05
3.4764e-05
4.1414e-05
4.79e-05
5.4197e-05
6.0281e-05
6.6126e-05
7.171e-05
7.7012e-05
8.2009e-05
8.6683e-05
9.1014e-05
9.4987e-05
9.8585e-05
0.00010179
0.0001046
0.00010699
0.00010897
0.00011051
0.00011161
0.00011228
0.0001125
0.00011228
0.00011161
0.00011051
0.00010897
0.00010699
0.0001046
0.00010179
9.8585e-05
9.4987e-05
9.1014e-05
8.6683e-05
8.2009e-05
7.7012e-05
7.171e-05
6.6126e-05
6.0281e-05
5.4197e-05
4.79e-05
4.1414e-05
3.4764e-05
2.7978e-05
2.108e-05
1.41e-05
7.0639e-06
-5.5165e-19
-7.0639e-06
-1.41e-05
-2.108e-05
-2.7978e-05
-3.4764e-05
-4.1414e-05
-4.79e-05
-5.4197e-05
-6.0281e-05
-6.6126e-05
-7.171e-05
-7.7012e-05
-8.2009e-05
-8.6683e-05
-9.1014e-05
-9.4987e-05
-9.8585e-05
-0.00010179
-0.0001046
-0.00010699
-0.00010897
-0.00011051
-0.00011161
-0.00011228
-0.0001125
-0.00011228
-0.00011161
-0.00011051
-0.00010897
-0.00010699
-0.0001046
-0.00010179
-9.8585e-05
-9.4987e-05
-9.1014e-05
-8.6683e-05
-8.2009e-05
-7.7012e-05
-7.171e-05
-6.6126e-05
-6.0281e-05
-5.4197e-05
-4.79e-05
-4.1414e-05
-3.4764e-05
-2.7978e-05
-2.108e-05
-1.41e-05
-7.0639e-06
-6.6117e-19
7.0639e-06
1.41e-05
2.108e-05
2.7978e-05
3.4764e-05
4.1414e-05
4.79e-05
5.4197e-05
6.0281e-05
6.6126e-05
7.171e-05
7.7012e-05
8.2009e-05
8.6683e-05
9.1014e-05
9.4987e-05
9.8585e-05
0.00010179
0.0001046
0.00010699
0.00010897
0.00011051
0.00011161
0.00011228
0.0001125
0.00011228
0.00011161
0.00011051
0.00010897
0.00010699
0.0001046
0.00010179
9.8585e-05
9.4987e-05
9.1014e-05
8.6683e-05
8.2009e-05
7.7012e-05
7.171e-05
6.6126e-05
6.0281e-05
5.4197e-05
4.79e-05
4.1414e-05
3.4764e-05
2.7978e-05
2.108e-05
1.41e-05
7.0639e-06
1.874e-18
-7.0639e-06
-1.41e-05
-2.108e-05
-2.7978e-05
-3.4764e-05
-4.1414e-05
-4.79e-05
-5.4197e-05
-6.0281e-05
-6.6126e-05
-7.171e-05
-7.7012e-05
-8.2009e-05
-8.6683e-05
-9.1014e-05
-9.4987e-05
-9.8585e-05
-0.00010179
-0.0001046
-0.00010699
-0.00010897
-0.00011051
-0.00011161
-0.00011228
-0.0001125
-0.00011228
-0.00011161
-0.00011051
-0.00010897
-0.00010699
-0.0001046
-0.00010179
-9.8585e-05
-9.4987e-05
-9.1014e-05
-8.6683e-05
-8.2009e-05
-7.7012e-05
-7.171e-05
-6.6126e-05
-6.0281e-05
-5.4197e-05
-4.79e-05
-4.1414e-05
-3.4764e-05
-2.7978e-05
-2.108e-05
-1.41e-05
-7.0639e-06
1.1064e-19
7.0639e-06
1.41e-05
2.108e-05
2.7978e-05
3.4764e-05
4.1414e-05
4.79e-05
5.4197e-05
6.0281e-05
6.6126e-05
7.171e-05
7.7012e-05
8.2009e-05
8.6683e-05
9.1014e-05
9.4987e-05
9.8585e-05
0.00010179
0.0001046
0.00010699
0.00010897
0.00011051
0.00011161
0.00011228
0.0001125
0.00011228
0.00011161
0.00011051
0.00010897
0.00010699
0.0001046
0.00010179
9.8585e-05
9.4987e-05
9.1014e-05
8.6683e-05
8.2009e-05
7.7012e-05
7.171e-05
6.6126e-05
6.0281e-05
5.4197e-05
4.79e-05
4.1414e-05
3.4764e-05
2.7978e-05
2.108e-05
1.41e-05
7.0639e-06
1.1022e-18
-7.0639e-06
-1.41e-05
-2.108e-05
-2.7978e-05
-3.4764e-05
-4.1414e-05
-4.79e-05
-5.4197e-05
-6.0281e-05
-6.6126e-05
-7.171e-05
-7.7012e-05
-8.2009e-05
-8.6683e-05
-9.1014e-05
-9.4987e-05
-9.8585e-05
-0.00010179
-0.0001046
-0.00010699
-0.00010897
-0.00011051
-0.00011161
-0.00011228
-0.0001125
-0.00011228
-0.00011161
-0.00011051
-0.00010897
-0.00010699
-0.0001046
-0.00010179
-9.8585e-05
-9.4987e-05
-9.1014e-05
-8.6683e-05
-8.2009e-05
-7.7012e-05
-7.171e-05
-6.6126e-05
-6.0281e-05
-5.4197e-05
-4.79e-05
-4.1414e-05
-3.4764e-05
-2.7978e-05
-2.108e-05
-1.41e-05
-7.0639e-06
-2.315e-18
7.0639e-06
1.41e-05
2.108e-05
2.7978e-05
3.4764e-05
4.1414e-05
4.79e-05
5.4197e-05
6.0281e-05
6.6126e-05
7.171e-05
7.7012e-05
8.2009e-05
8.6683e-05
9.1014e-05
9.4987e-05
9.8585e-05
0.00010179
0.0001046
0.00010699
0.00010897
0.00011051
0.00011161
0.00011228
0.0001125
0.00011228
0.00011161
0.00011051
0.00010897
0.00010699
0.0001046
0.00010179
9.8585e-05
9.4987e-05
9.1014e-05
8.6683e-05
8.2009e-05
7.7012e-05
7.171e-05
6.6126e-05
6.0281e-05
5.4197e-05
4.79e-05
4.1414e-05
3.4764e-05
2.7978e-05
2.108e-05
1.41e-05
7.0639e-06
3.5278e-18
-7.0639e-06
-1.41e-05
-2.108e-05
-2.7978e-05
-3.4764e-05
-4.1414e-05
-4.79e-05
-5.4197e-05
-6.0281e-05
-6.6126e-05
-7.171e-05
-7.7012e-05
-8.2009e-05
-8.6683e-05
-9.1014e-05
-9.4987e-05
-9.8585e-05
-0.00010179
-0.0001046
-0.00010699
-0.00010897
-0.00011051
-0.00011161
-0.00011228
-0.0001125
-0.00011228
-0.00011161
-0.00011051
-0.00010897
-0.00010699
-0.0001046
-0.00010179
-9.8585e-05
-9.4987e-05
-9.1014e-05
-8.6683e-05
-8.2009e-05
-7.7012e-05
-7.171e-05
-6.6126e-05
-6.0281e-05
-5.4197e-05
-4.79e-05
-4.1414e-05
-3.4764e-05
-2.7978e-05
-2.108e-05
-1.41e-05
-7.0639e-06
1.6542e-18
7.0639e-06
1.41e-05
2.108e-05
2.7978e-05
3.4764e-05
4.1414e-05
4.79e-05
5.4197e-05
6.0281e-05
6.6126e-05
7.171e-05
7.7012e-05
8.2009e-05
8.6683e-05
9.1014e-05
9.4987e-05
9.8585e-05
0.00010179
0.0001046
0.00010699
0.00010897
0.00011051
0.00011161
0.00011228
0.0001125
0.00011228
0.00011161
0.00011051
0.00010897
0.00010699
0.0001046
0.00010179
9.8585e-05
9.4987e-05
9.1014e-05
8.6683e-05
8.2009e-05
7.7012e-05
7.171e-05
6.6126e-05
6.0281e-05
5.4197e-05
4.79e-05
4.1414e-05
3.4764e-05
2.7978e-05
2.108e-05
1.41e-05
7.0639e-06
-4.4143e-19
-7.0639e-06
-1.41e-05
-2.108e-05
-2.7978e-05
-3.4764e-05
-4.1414e-05
-4.79e-05
-5.4197e-05
-6.0281e-05
-6.6126e-05
-7.171e-05
-7.7012e-05
-8.2009e-05
-8.6683e-05
-9.1014e-05
-9.4987e-05
-9.8585e-05
-0.00010179
-0.0001046
-0.00010699
-0.00010897
-0.00011051
-0.00011161
-0.00011228
-0.0001125
-0.00011228
-0.00011161
-0.00011051
-0.00010897
-0.00010699
-0.0001046
-0.00010179
-9.8585e-05
-9.4987e-05
-9.1014e-05
-8.6683e-05
-8.2009e-05
-7.7012e-05
-7.171e-05
-6.6126e-05
-6.0281e-05
-5.4197e-05
-4.79e-05
-4.1414e-05
-3.4764e-05
-2.7978e-05
-2.108e-05
-1.41e-05
-7.0639e-06
-7.7139e-19
7.0639e-06
1.41e-05
2.108e-05
2.7978e-05
3.4764e-05
4.1414e-05
4.79e-05
5.4197e-05
6.0281e-05
6.6126e-05
7.171e-05
7.7012e-05
8.2009e-05
8.6683e-05
9.1014e-05
9.4987e-05
9.8585e-05
0.00010179
0.0001046
0.00010699
0.00010897
0.00011051
0.00011161
0.00011228
0.0001125
0.00011228
0.00011161
0.00011051
0.00010897
0.00010699
0.0001046
0.00010179
9.8585e-05
9.4987e-05
9.1014e-05
8.6683e-05
8.2009e-05
7.7012e-05
7.171e-05
6.6126e-05
6.0281e-05
5.4197e-05
4.79e-05
4.1414e-05
3.4764e-05
2.7978e-05
2.108e-05
1.41e-05
7.0639e-06
1.9842e-18
-7.0639e-06
-1.41e-05
-2.108e-05
-2.7978e-05
-3.4764e-05
-4.1414e-05
-4.79e-05
-5.4197e-05
-6.0281e-05
-6.6126e-05
-7.171e-05
-7.7012e-05
-8.2009e-05
-8.6683e-05
-9.1014e-05
-9.4987e-05
-9.8585e-05
-0.00010179
-0.0001046
-0.00010699
-0.00010897
-0.00011051
-0.00011161
-0.00011228
-0.0001125
-0.00011228
-0.00011161
-0.00011051
-0.00010897
-0.00010699
-0.0001046
-0.00010179
-9.8585e-05
-9.4987e-05
-9.1014e-05
-8.6683e-05
-8.2009e-05
-7.7012e-05
-7.171e-05
-6.6126e-05
-6.0281e-05
-5.4197e-05
-4.79e-05
-4.1414e-05
-3.4764e-05
-2.7978e-05
-2.108e-05
-1.41e-05
-7.0639e-06
3.1979e-18
7.0639e-06
1.41e-05
2.108e-05
2.7978e-05
3.4764e-05
4.1414e-05
4.79e-05
5.4197e-05
6.0281e-05
6.6126e-05
7.171e-05
7.7012e-05
8.2009e-05
8.6683e-05
9.1014e-05
9.4987e-05
9.8585e-05
0.00010179
0.0001046
0.00010699
0.00010897
0.00011051
0.00011161
0.00011228
0.0001125
0.00011228
0.00011161
0.00011051
0.00010897
0.00010699
0.0001046
0.00010179
9.8585e-05
9.4987e-05
9.1014e-05
8.6683e-05
8.2009e-05
7.7012e-05
7.171e-05
6.6126e-05
6.0281e-05
5.4197e-05
4.79e-05
4.1414e-05
3.4764e-05
2.7978e-05
2.108e-05
1.41e-05
7.0639e-06
-1.985e-18
-7.0639e-06
-1.41e-05
-2.108e-05
-2.7978e-05
-3.4764e-05
-4.1414e-05
-4.79e-05
-5.4197e-05
-6.0281e-05
-6.6126e-05
-7.171e-05
-7.7012e-05
-8.2009e-05
-8.6683e-05
-9.1014e-05
-9.4987e-05
-9.8585e-05
-0.00010179
-0.0001046
-0.00010699
-0.00010897
-0.00011051
-0.00011161
-0.00011228
-0.0001125
-0.00011228
-0.00011161
-0.00011051
-0.00010897
-0.00010699
-0.0001046
-0.00010179
-9.8585e-05
-9.4987e-05
-9.1014e-05
-8.6683e-05
-8.2009e-05
-7.7012e-05
-7.171e-05
-6.6126e-05
-6.0281e-05
-5.4197e-05
-4.79e-05
-4.1414e-05
-3.4764e-05
-2.7978e-05
-2.108e-05
-1.41e-05
-7.0639e-06
7.7222e-19
7.0639e-06
1.41e-05
2.108e-05
2.7978e-05
3.4764e-05
4.1414e-05
4.79e-05
5.4197e-05
6.0281e-05
6.6126e-05
7.171e-05
7.7012e-05
8.2009e-05
8.6683e-05
9.1014e-05
9.4987e-05
9.8585e-05
0.00010179
0.0001046
0.00010699
0.00010897
0.00011051
0.00011161
0.00011228
0.0001125
0.00011228
0.00011161
0.00011051
0.00010897
0.00010699
0.0001046
0.00010179
9.8585e-05
9.4987e-05
9.1014e-05
8.6683e-05
8.2009e-05
7.7012e-05
7.171e-05
6.6126e-05
6.0281e-05
5.4197e-05
4.79e-05
4.1414e-05
3.4764e-05
2.7978e-05
2.108e-05
1.41e-05
7.0639e-06
4.4059e-19
-7.0639e-06
-1.41e-05
-2.108e-05
-2.7978e-05
-3.4764e-05
-4.1414e-05
-4.79e-05
-5.4197e-05
-6.0281e-05
-6.6126e-05
-7.171e-05
-7.7012e-05
-8.2009e-05
-8.6683e-05
-9.1014e-05
-9.4987e-05
-9.8585e-05
-0.00010179
-0.0001046
-0.00010699
-0.00010897
-0.00011051
-0.00011161
-0.00011228
-0.0001125
-0.00011228
-0.00011161
-0.00011051
-0.00010897
-0.00010699
-0.0001046
-0.00010179
-9.8585e-05
-9.4987e-05
-9.1014e-05
-8.6683e-05
-8.2009e-05
-7.7012e-05
-7.171e-05
-6.6126e-05
-6.0281e-05
-5.4197e-05
-4.79e-05
-4.1414e-05
-3.4764e-05
-2.7978e-05
-2.108e-05
-1.41e-05
-7.0639e-06
-1.6534e-18
7.0639e-06
1.41e-05
2.108e-05
2.7978e-05
3.4764e-05
4.1414e-05
4.79e-05
5.4197e-05
6.0281e-05
6.6126e-05
7.171e-05
7.7012e-05
8.2009e-05
8.6683e-05
9.1014e-05
9.4987e-05
9.8585e-05
0.00010179
0.0001046
0.00010699
0.00010897
0.00011051
0.00011161
0.00011228
0.0001125
0.00011228
0.00011161
0.00011051
0.00010897
0.00010699
0.0001046
0.00010179
9.8585e-05
9.4987e-05
9.1014e-05
8.6683e-05
8.2009e-05
7.7012e-05
7.171e-05
6.6126e-05
6.0281e-05
5.4197e-05
4.79e-05
4.1414e-05
3.4764e-05
2.7978e-05
2.108e-05
1.41e-05
7.0639e-06
-3.5287e-18
-7.0639e-06
-1.41e-05
-2.108e-05
-2.7978e-05
-3.4764e-05
-4.1414e-05
-4.79e-05
-5.4197e-05
-6.0281e-05
-6.6126e-05
-7.171e-05
-7.7012e-05
-8.2009e-05
-8.6683e-05
-9.1014e-05
-9.4987e-05
-9.8585e-05
-0.00010179
-0.0001046
-0.00010699
-0.00010897
-0.00011051
-0.00011161
-0.00011228
-0.0001125
-0.00011228
-0.00011161
-0.00011051
-0.00010897
-0.00010699
-0.0001046
-0.00010179
-9.8585e-05
-9.4987e-05
-9.1014e-05
-8.6683e-05
-8.2009e-05
-7.7012e-05
-7.171e-05
-6.6126e-05
-6.0281e-05
-5.4197e-05
-4.79e-05
-4.1414e-05
-3.4764e-05
-2.7978e-05
-2.108e-05
-1.41e-05
-7.0639e-06
2.3158e-18
7.0639e-06
1.41e-05
2.108e-05
2.7978e-05
3.4764e-05
4.1414e-05
4.79e-05
5.4197e-05
6.0281e-05
6.6126e-05
7.171e-05
7.7012e-05
8.2009e-05
8.6683e-05
9.1014e-05
9.4987e-05
9.8585e-05
0.00010179
0.0001046
0.00010699
0.00010897
0.00011051
0.00011161
0.00011228
0.0001125
0.00011228
0.00011161
0.00011051
0.00010897
0.00010699
0.0001046
0.00010179
9.8585e-05
9.4987e-05
9.1014e-05
8.6683e-05
8.2009e-05
7.7012e-05
7.171e-05
6.6126e-05
6.0281e-05
5.4197e-05
4.79e-05
4.1414e-05
3.4764e-05
2.7978e-05
2.108e-05
1.41e-05
7.0639e-06
-1.103e-18
-7.0639e-06
-1.41e-05
-2.108e-05
-2.7978e-05
-3.4764e-05
-4.1414e-05
-4.79e-05
-5.4197e-05
-6.0281e-05
-6.6126e-05
-7.171e-05
-7.7012e-05
-8.2009e-05
-8.6683e-05
-9.1014e-05
-9.4987e-05
-9.8585e-05
-0.00010179
-0.0001046
-0.00010699
-0.00010897
-0.00011051
-0.00011161
-0.00011228
-0.0001125
-0.00011228
-0.00011161
-0.00011051
-0.00010897
-0.00010699
-0.0001046
-0.00010179
-9.8585e-05
-9.4987e-05
-9.1014e-05
-8.6683e-05
-8.2009e-05
-7.7012e-05
-7.171e-05
-6.6126e-05
-6.0281e-05
-5.4197e-05
-4.79e-05
-4.1414e-05
-3.4764e-05
-2.7978e-05
-2.108e-05
-1.41e-05
-7.0639e-06
-1.098e-19
7.0639e-06
1.41e-05
2.108e-05
2.7978e-05
3.4764e-05
4.1414e-05
4.79e-05
5.4197e-05
6.0281e-05
6.6126e-05
7.171e-05
7.7012e-05
8.2009e-05
8.6683e-05
9.1014e-05
9.4987e-05
9.8585e-05
0.00010179
0.0001046
0.00010699
0.00010897
0.00011051
0.00011161
0.00011228
0.0001125
0.00011228
0.00011161
0.00011051
0.00010897
0.00010699
0.0001046
0.00010179
9.8585e-05
9.4987e-05
9.1014e-05
8.6683e-05
8.2009e-05
7.7012e-05
7.171e-05
6.6126e-05
6.0281e-05
5.4197e-05
4.79e-05
4.1414e-05
3.4764e-05
2.7978e-05
2.108e-05
1.41e-05
7.0639e-06
1.3226e-18
-7.0639e-06
-1.41e-05
-2.108e-05
-2.7978e-05
-3.4764e-05
-4.1414e-05
-4.79e-05
-5.4197e-05
-6.0281e-05
-6.6126e-05
-7.171e-05
-7.7012e-05
-8.2009e-05
-8.6683e-05
-9.1014e-05
-9.4987e-05
-9.8585e-05
-0.00010179
-0.0001046
-0.00010699
-0.00010897
-0.00011051
-0.00011161
-0.00011228
-0.0001125
-0.00011228
-0.00011161
-0.00011051
-0.00010897
-0.00010699
-0.0001046
-0.00010179
-9.8585e-05
-9.4987e-05
-9.1014e-05
-8.6683e-05
-8.2009e-05
-7.7012e-05
-7.171e-05
-6.6126e-05
-6.0281e-05
-5.4197e-05
-4.79e-05
-4.1414e-05
-3.4764e-05
-2.7978e-05
-2.108e-05
-1.41e-05
-7.0639e-06
3.8594e-18
7.0639e-06
1.41e-05
2.108e-05
2.7978e-05
3.4764e-05
4.1414e-05
4.79e-05
5.4197e-05
6.0281e-05
6.6126e-05
7.171e-05
7.7012e-05
8.2009e-05
8.6683e-05
9.1014e-05
9.4987e-05
9.8585e-05
0.00010179
0.0001046
0.00010699
0.00010897
0.00011051
0.00011161
0.00011228
0.0001125
0.00011228
0.00011161
0.00011051
0.00010897
0.00010699
0.0001046
0.00010179
9.8585e-05
9.4987e-05
9.1014e-05
8.6683e-05
8.2009e-05
7.7012e-05
7.171e-05
6.6126e-05
6.0281e-05
5.4197e-05
4.79e-05
4.1414e-05
3.4764e-05
2.7978e-05
2.108e-05
1.41e-05
7.0639e-06
-2.6466e-18
-7.0639e-06
-1.41e-05
-2.108e-05
-2.7978e-05
-3.4764e-05
-4.1414e-05
-4.79e-05
-5.4197e-05
-6.0281e-05
-6.6126e-05
-7.171e-05
-7.7012e-05
-8.2009e-05
-8.6683e-05
-9.1014e-05
-9.4987e-05
-9.8585e-05
-0.00010179
-0.0001046
-0.00010699
-0.00010897
-0.00011051
-0.00011161
-0.00011228
-0.0001125
-0.00011228
-0.00011161
-0.00011051
-0.00010897
-0.00010699
-0.0001046
-0.00010179
-9.8585e-05
-9.4987e-05
-9.1014e-05
-8.6683e-05
-8.2009e-05
-7.7012e-05
-7.171e-05
-6.6126e-05
-6.0281e-05
-5.4197e-05
-4.79e-05
-4.1414e-05
-3.4764e-05
-2.7978e-05
-2.108e-05
-1.41e-05
-7.0639e-06
1.4338e-18
7.0639e-06
1.41e-05
2.108e-05
2.7978e-05
3.4764e-05
4.1414e-05
4.79e-05
5.4197e-05
6.0281e-05
6.6126e-05
7.171e-05
7.7012e-05
8.2009e-05
8.6683e-05
9.1014e-05
9.4987e-05
9.8585e-05
0.00010179
0.0001046
0.00010699
0.00010897
0.00011051
0.00011161
0.00011228
0.0001125
0.00011228
0.00011161
0.00011051
0.00010897
0.00010699
0.0001046
0.00010179
9.8585e-05
9.4987e-05
9.1014e-05
8.6683e-05
8.2009e-05
7.7012e-05
7.171e-05
6.6126e-05
6.0281e-05
5.4197e-05
4.79e-05
4.1414e-05
3.4764e-05
2.7978e-05
2.108e-05
1.41e-05
7.0639e-06
-2.2099e-19
-7.0639e-06
-1.41e-05
-2.108e-05
-2.7978e-05
-3.4764e-05
-4.1414e-05
-4.79e-05
-5.4197e-05
-6.0281e-05
-6.6126e-05
-7.171e-05
-7.7012e-05
-8.2009e-05
-8.6683e-05
-9.1014e-05
-9.4987e-05
-9.8585e-05
-0.00010179
-0.0001046
-0.00010699
-0.00010897
-0.00011051
-0.00011161
-0.00011228
-0.0001125
-0.00011228
-0.00011161
-0.00011051
-0.00010897
-0.00010699
-0.0001046
-0.00010179
-9.8585e-05
-9.4987e-05
-9.1014e-05
-8.6683e-05
-8.2009e-05
-7.7012e-05
-7.171e-05
-6.6126e-05
-6.0281e-05
-5.4197e-05
-4.79e-05
-4.1414e-05
-3.4764e-05
-2.7978e-05
-2.108e-05
-1.41e-05
-7.0639e-06
-9.9182e-19
7.0639e-06
1.41e-05
2.108e-05
2.7978e-05
3.4764e-05
4.1414e-05
4.79e-05
5.4197e-05
6.0281e-05
6.6126e-05
7.171e-05
7.7012e-05
8.2009e-05
8.6683e-05
9.1014e-05
9.4987e-05
9.8585e-05
0.00010179
0.0001046
0.00010699
0.00010897
0.00011051
0.00011161
0.00011228
0.0001125
0.00011228
0.00011161
0.00011051
0.00010897
0.00010699
0.0001046
0.00010179
9.8585e-05
9.4987e-05
9.1014e-05
8.6683e-05
8.2009e-05
7.7012e-05
7.171e-05
6.6126e-05
6.0281e-05
5.4197e-05
4.79e-05
4.1414e-05
3.4764e-05
2.7978e-05
2.108e-05
1.41e-05
7.0639e-06
2.2046e-18
-7.0639e-06
-1.41e-05
-2.108e-05
-2.7978e-05
-3.4764e-05
-4.1414e-05
-4.79e-05
-5.4197e-05
-6.0281e-05
-6.6126e-05
-7.171e-05
-7.7012e-05
-8.2009e-05
-8.6683e-05
-9.1014e-05
-9.4987e-05
-9.8585e-05
-0.00010179
-0.0001046
-0.00010699
-0.00010897
-0.00011051
-0.00011161
-0.00011228
-0.0001125
-0.00011228
-0.00011161
-0.00011051
-0.00010897
-0.00010699
-0.0001046
-0.00010179
-9.8585e-05
-9.4987e-05
-9.1014e-05
-8.6683e-05
-8.2009e-05
-7.7012e-05
-7.171e-05
-6.6126e-05
-6.0281e-05
-5.4197e-05
-4.79e-05
-4.1414e-05
-3.4764e-05
-2.7978e-05
-2.108e-05
-1.41e-05
-7.0639e-06
-3.4175e-18
7.0639e-06
1.41e-05
2.108e-05
2.7978e-05
3.4764e-05
4.1414e-05
4.79e-05
5.4197e-05
6.0281e-05
6.6126e-05
7.171e-05
7.7012e-05
8.2009e-05
8.6683e-05
9.1014e-05
9.4987e-05
9.8585e-05
0.00010179
0.0001046
0.00010699
0.00010897
0.00011051
0.00011161
0.00011228
0.0001125
0.00011228
0.00011161
0.00011051
0.00010897
0.00010699
0.0001046
0.00010179
9.8585e-05
9.4987e-05
9.1014e-05
8.6683e-05
8.2009e-05
7.7012e-05
7.171e-05
6.6126e-05
6.0281e-05
5.4197e-05
4.79e-05
4.1414e-05
3.4764e-05
2.7978e-05
2.108e-05
1.41e-05
7.0639e-06
-1.7646e-18
-7.0639e-06
-1.41e-05
-2.108e-05
-2.7978e-05
-3.4764e-05
-4.1414e-05
-4.79e-05
-5.4197e-05
-6.0281e-05
-6.6126e-05
-7.171e-05
-7.7012e-05
-8.2009e-05
-8.6683e-05
-9.1014e-05
-9.4987e-05
-9.8585e-05
-0.00010179
-0.0001046
-0.00010699
-0.00010897
-0.00011051
-0.00011161
-0.00011228
-0.0001125
-0.00011228
-0.00011161
-0.00011051
-0.00010897
-0.00010699
-0.0001046
-0.00010179
-9.8585e-05
-9.4987e-05
-9.1014e-05
-8.6683e-05
-8.2009e-05
-7.7012e-05
-7.171e-05
-6.6126e-05
-6.0281e-05
-5.4197e-05
-4.79e-05
-4.1414e-05
-3.4764e-05
-2.7978e-05
-2.108e-05
-1.41e-05
-7.0639e-06
5.5179e-19
7.0639e-06
1.41e-05
2.108e-05
2.7978e-05
3.4764e-05
4.1414e-05
4.79e-05
5.4197e-05
6.0281e-05
6.6126e-05
7.171e-05
7.7012e-05
8.2009e-05
8.6683e-05
9.1014e-05
9.4987e-05
9.8585e-05
0.00010179
0.0001046
0.00010699
0.00010897
0.00011051
0.00011161
0.00011228
0.0001125
0.00011228
0.00011161
0.00011051
0.00010897
0.00010699
0.0001046
0.00010179
9.8585e-05
9.4987e-05
9.1014e-05
8.6683e-05
8.2009e-05
7.7012e-05
7.171e-05
6.6126e-05
6.0281e-05
5.4197e-05
4.79e-05
4.1414e-05
3.4764e-05
2.7978e-05
2.108e-05
1.41e-05
7.0639e-06
6.6103e-19
-7.0639e-06
-1.41e-05
-2.108e-05
-2.7978e-05
-3.4764e-05
-4.1414e-05
-4.79e-05
-5.4197e-05
-6.0281e-05
-6.6126e-05
-7.171e-05
-7.7012e-05
-8.2009e-05
-8.6683e-05
-9.1014e-05
-9.4987e-05
-9.8585e-05
-0.00010179
-0.0001046
-0.00010699
-0.00010897
-0.00011051
-0.00011161
-0.00011228
-0.0001125
-0.00011228
-0.00011161
-0.00011051
-0.00010897
-0.00010699
-0.0001046
-0.00010179
-9.8585e-05
-9.4987e-05
-9.1014e-05
-8.6683e-05
-8.2009e-05
-7.7012e-05
-7.171e-05
-6.6126e-05
-6.0281e-05
-5.4197e-05
-4.79e-05
-4.1414e-05
-3.4764e-05
-2.7978e-05
-2.108e-05
-1.41e-05
-7.0639e-06
-1.8738e-18
7.0639e-06
1.41e-05
2.108e-05
2.7978e-05
3.4764e-05
4.1414e-05
4.79e-05
5.4197e-05
6.0281e-05
6.6126e-05
7.171e-05
7.7012e-05
8.2009e-05
8.6683e-05
9.1014e-05
9.4987e-05
9.8585e-05
0.00010179
0.0001046
0.00010699
0.00010897
0.00011051
0.00011161
0.00011228
0.0001125
0.00011228
0.00011161
0.00011051
0.00010897
0.00010699
0.0001046
0.00010179
9.8585e-05
9.4987e-05
9.1014e-05
8.6683e-05
8.2009e-05
7.7012e-05
7.171e-05
6.6126e-05
6.0281e-05
5.4197e-05
4.79e-05
4.1414e-05
3.4764e-05
2.7978e-05
2.108e-05
1.41e-05
7.0639e-06
3.0867e-18
-7.0639e-06
-1.41e-05
-2.108e-05
-2.7978e-05
-3.4764e-05
-4.1414e-05
-4.79e-05
-5.4197e-05
-6.0281e-05
-6.6126e-05
-7.171e-05
-7.7012e-05
-8.2009e-05
-8.6683e-05
-9.1014e-05
-9.4987e-05
-9.8585e-05
-0.00010179
-0.0001046
-0.00010699
-0.00010897
-0.00011051
-0.00011161
-0.00011228
-0.0001125
-0.00011228
-0.00011161
-0.00011051
-0.00010897
-0.00010699
-0.0001046
-0.00010179
-9.8585e-05
-9.4987e-05
-9.1014e-05
-8.6683e-05
-8.2009e-05
-7.7012e-05
-7.171e-05
-6.6126e-05
-6.0281e-05
-5.4197e-05
-4.79e-05
-4.1414e-05
-3.4764e-05
-2.7978e-05
-2.108e-05
-1.41e-05
-7.0639e-06
2.0954e-18
7.0639e-06
1.41e-05
2.108e-05
2.7978e-05
3.4764e-05
4.1414e-05
4.79e-05
5.4197e-05
6.0281e-05
6.6126e-05
7.171e-05
7.7012e-05
8.2009e-05
8.6683e-05
9.1014e-05
9.4987e-05
9.8585e-05
0.00010179
0.0001046
0.00010699
0.00010897
0.00011051
0.00011161
0.00011228
0.0001125
0.00011228
0.00011161
0.00011051
0.00010897
0.00010699
0.0001046
0.00010179
9.8585e-05
9.4987e-05
9.1014e-05
8.6683e-05
8.2009e-05
7.7012e-05
7.171e-05
6.6126e-05
6.0281e-05
5.4197e-05
4.79e-05
4.1414e-05
3.4764e-05
2.7978e-05
2.108e-05
1.41e-05
7.0639e-06
-8.8258e-19
-7.0639e-06
-1.41e-05
-2.108e-05
-2.7978e-05
-3.4764e-05
-4.1414e-05
-4.79e-05
-5.4197e-05
-6.0281e-05
-6.6126e-05
-7.171e-05
-7.7012e-05
-8.2009e-05
-8.6683e-05
-9.1014e-05
-9.4987e-05
-9.8585e-05
-0.00010179
-0.0001046
-0.00010699
-0.00010897
-0.00011051
-0.00011161
-0.00011228
-0.0001125
-0.00011228
-0.00011161
-0.00011051
-0.00010897
-0.00010699
-0.0001046
-0.00010179
-9.8585e-05
-9.4987e-05
-9.1014e-05
-8.6683e-05
-8.2009e-05
-7.7012e-05
-7.171e-05
-6.6126e-05
-6.0281e-05
-5.4197e-05
-4.79e-05
-4.1414e-05
-3.4764e-05
-2.7978e-05
-2.108e-05
-1.41e-05
-7.0639e-06
-3.3024e-19
7.0639e-06
1.41e-05
2.108e-05
2.7978e-05
3.4764e-05
4.1414e-05
4.79e-05
5.4197e-05
6.0281e-05
6.6126e-05
7.171e-05
7.7012e-05
8.2009e-05
8.6683e-05
9.1014e-05
9.4987e-05
9.8585e-05
0.00010179
0.0001046
0.00010699
0.00010897
0.00011051
0.00011161
0.00011228
0.0001125
0.00011228
0.00011161
0.00011051
0.00010897
0.00010699
0.0001046
0.00010179
9.8585e-05
9.4987e-05
9.1014e-05
8.6683e-05
8.2009e-05
7.7012e-05
7.171e-05
6.6126e-05
6.0281e-05
5.4197e-05
4.79e-05
4.1414e-05
3.4764e-05
2.7978e-05
2.108e-05
1.41e-05
7.0639e-06
1.5431e-18
-7.0639e-06
-1.41e-05
-2.108e-05
-2.7978e-05
-3.4764e-05
-4.1414e-05
-4.79e-05
-5.4197e-05
-6.0281e-05
-6.6126e-05
-7.171e-05
-7.7012e-05
-8.2009e-05
-8.6683e-05
-9.1014e-05
-9.4987e-05
-9.8585e-05
-0.00010179
-0.0001046
-0.00010699
-0.00010897
-0.00011051
-0.00011161
-0.00011228
-0.0001125
-0.00011228
-0.00011161
-0.00011051
-0.00010897
-0.00010699
-0.0001046
-0.00010179
-9.8585e-05
-9.4987e-05
-9.1014e-05
-8.6683e-05
-8.2009e-05
-7.7012e-05
-7.171e-05
-6.6126e-05
-6.0281e-05
-5.4197e-05
-4.79e-05
-4.1414e-05
-3.4764e-05
-2.7978e-05
-2.108e-05
-1.41e-05
-7.0639e-06
-2.7559e-18
7.0639e-06
1.41e-05
2.108e-05
2.7978e-05
3.4764e-05
4.1414e-05
4.79e-05
5.4197e-05
6.0281e-05
6.6126e-05
7.171e-05
7.7012e-05
8.2009e-05
8.6683e-05
9.1014e-05
9.4987e-05
9.8585e-05
0.00010179
0.0001046
0.00010699
0.00010897
0.00011051
0.00011161
0.00011228
0.0001125
0.00011228
0.00011161
0.00011051
0.00010897
0.00010699
0.0001046
0.00010179
9.8585e-05
9.4987e-05
9.1014e-05
8.6683e-05
8.2009e-05
7.7012e-05
7.171e-05
6.6126e-05
6.0281e-05
5.4197e-05
4.79e-05
4.1414e-05
3.4764e-05
2.7978e-05
2.108e-05
1.41e-05
7.0639e-06
-2.4262e-18
-7.0639e-06
-1.41e-05
-2.108e-05
-2.7978e-05
-3.4764e-05
-4.1414e-05
-4.79e-05
-5.4197e-05
-6.0281e-05
-6.6126e-05
-7.171e-05
-7.7012e-05
-8.2009e-05
-8.6683e-05
-9.1014e-05
-9.4987e-05
-9.8585e-05
-0.00010179
-0.0001046
-0.00010699
-0.00010897
-0.00011051
-0.00011161
-0.00011228
-0.0001125
-0.00011228
-0.00011161
-0.00011051
-0.00010897
-0.00010699
-0.0001046
-0.00010179
-9.8585e-05
-9.4987e-05
-9.1014e-05
-8.6683e-05
-8.2009e-05
-7.7012e-05
-7.171e-05
-6.6126e-05
-6.0281e-05
-5.4197e-05
-4.79e-05
-4.1414e-05
-3.4764e-05
-2.7978e-05
-2.108e-05
-1.41e-05
-7.0639e-06
1.2134e-18
7.0639e-06
1.41e-05
2.108e-05
2.7978e-05
3.4764e-05
4.1414e-05
4.79e-05
5.4197e-05
6.0281e-05
6.6126e-05
7.171e-05
7.7012e-05
8.2009e-05
8.6683e-05
9.1014e-05
9.4987e-05
9.8585e-05
0.00010179
0.0001046
0.00010699
0.00010897
0.00011051
0.00011161
0.00011228
0.0001125
0.00011228
0.00011161
0.00011051
0.00010897
0.00010699
0.0001046
0.00010179
9.8585e-05
9.4987e-05
9.1014e-05
8.6683e-05
8.2009e-05
7.7012e-05
7.171e-05
6.6126e-05
6.0281e-05
5.4197e-05
4.79e-05
4.1414e-05
3.4764e-05
2.7978e-05
2.108e-05
1.41e-05
7.0639e-06
-5.5653e-22
-7.0498e-06
-1.4058e-05
-2.0996e-05
-2.7838e-05
-3.4556e-05
-4.1124e-05
-4.7517e-05
-5.371e-05
-5.9678e-05
-6.5398e-05
-7.085e-05
-7.601e-05
-8.0861e-05
-8.5382e-05
-8.9558e-05
-9.3372e-05
-9.681e-05
-9.9859e-05
-0.00010251
-0.00010475
-0.00010657
-0.00010797
-0.00010893
-0.00010947
-0.00010957
-0.00010925
-0.00010849
-0.0001073
-0.0001057
-0.00010368
-0.00010125
-9.8434e-05
-9.5233e-05
-9.1662e-05
-8.7738e-05
-8.3475e-05
-7.8893e-05
-7.4008e-05
-6.8842e-05
-6.3415e-05
-5.7749e-05
-5.1867e-05
-4.5793e-05
-3.955e-05
-3.3165e-05
-2.6663e-05
-2.0069e-05
-1.3409e-05
-6.7107e-06
-1.1504e-18
6.6966e-06
1.3353e-05
1.9942e-05
2.6439e-05
3.2818e-05
3.9053e-05
4.5122e-05
5.1e-05
5.6664e-05
6.2092e-05
6.7264e-05
7.216e-05
7.676e-05
8.1048e-05
8.5007e-05
8.8623e-05
9.1881e-05
9.4769e-05
9.7278e-05
9.9397e-05
0.00010112
0.00010244
0.00010335
0.00010386
0.00010395
0.00010363
0.00010291
0.00010178
0.00010025
9.8327e-05
9.6023e-05
9.3344e-05
9.0303e-05
8.6913e-05
8.3187e-05
7.9141e-05
7.4792e-05
7.0158e-05
6.5256e-05
6.0108e-05
5.4735e-05
4.9157e-05
4.3398e-05
3.748e-05
3.1427e-05
2.5264e-05
1.9015e-05
1.2704e-05
6.3575e-06
-3.5689e-18
-6.3434e-06
-1.2648e-05
-1.8888e-05
-2.504e-05
-3.1079e-05
-3.6983e-05
-4.2727e-05
-4.829e-05
-5.365e-05
-5.8786e-05
-6.3679e-05
-6.8309e-05
-7.266e-05
-7.6714e-05
-8.0457e-05
-8.3873e-05
-8.6952e-05
-8.968e-05
-9.2048e-05
-9.4048e-05
-9.5672e-05
-9.6915e-05
-9.7773e-05
-9.8243e-05
-9.8325e-05
-9.8019e-05
-9.7326e-05
-9.6252e-05
-9.48e-05
-9.2978e-05
-9.0793e-05
-8.8255e-05
-8.5374e-05
-8.2164e-05
-7.8636e-05
-7.4807e-05
-7.0692e-05
-6.6307e-05
-6.1671e-05
-5.6802e-05
-5.1721e-05
-4.6447e-05
-4.1003e-05
-3.5409e-05
-2.9689e-05
-2.3865e-05
-1.796e-05
-1.1999e-05
-6.0043e-06
2.3407e-18
5.9902e-06
1.1943e-05
1.7834e-05
2.3641e-05
2.9341e-05
3.4912e-05
4.0332e-05
4.558e-05
5.0636e-05
5.548e-05
6.0093e-05
6.4459e-05
6.8559e-05
7.238e-05
7.5906e-05
7.9124e-05
8.2022e-05
8.459e-05
8.6818e-05
8.8698e-05
9.0224e-05
9.139e-05
9.2192e-05
9.2629e-05
9.27e-05
9.2405e-05
9.1746e-05
9.0727e-05
8.9352e-05
8.7628e-05
8.5563e-05
8.3165e-05
8.0445e-05
7.7414e-05
7.4086e-05
7.0473e-05
6.6591e-05
6.2456e-05
5.8085e-05
5.3496e-05
4.8707e-05
4.3737e-05
3.8608e-05
3.3338e-05
2.7951e-05
2.2466e-05
1.6906e-05
1.1294e-05
5.6511e-06
3.8757e-18
-5.637e-06
-1.1238e-05
-1.678e-05
-2.2242e-05
-2.7603e-05
-3.2841e-05
-3.7937e-05
-4.287e-05
-4.7622e-05
-5.2173e-05
-5.6508e-05
-6.0608e-05
-6.4459e-05
-6.8046e-05
-7.1355e-05
-7.4375e-05
-7.7093e-05
-7.95e-05
-8.1588e-05
-8.3348e-05
-8.4775e-05
-8.5864e-05
-8.6612e-05
-8.7015e-05
-8.7075e-05
-8.6791e-05
-8.6165e-05
-8.5201e-05
-8.3904e-05
-8.2278e-05
-8.0333e-05
-7.8075e-05
-7.5516e-05
-7.2665e-05
-6.9535e-05
-6.6139e-05
-6.2491e-05
-5.8606e-05
-5.45e-05
-5.019e-05
-4.5693e-05
-4.1027e-05
-3.6213e-05
-3.1268e-05
-2.6212e-05
-2.1067e-05
-1.5852e-05
-1.0589e-05
-5.298e-06
-4.5416e-18
5.2838e-06
1.0533e-05
1.5726e-05
2.0843e-05
2.5865e-05
3.0771e-05
3.5542e-05
4.016e-05
4.4608e-05
4.8867e-05
5.2922e-05
5.6758e-05
6.0359e-05
6.3712e-05
6.6805e-05
6.9625e-05
7.2164e-05
7.4411e-05
7.6358e-05
7.7999e-05
7.9327e-05
8.0339e-05
8.1031e-05
8.1402e-05
8.145e-05
8.1177e-05
8.0585e-05
7.9676e-05
7.8455e-05
7.6929e-05
7.5103e-05
7.2986e-05
7.0587e-05
6.7916e-05
6.4984e-05
6.1805e-05
5.839e-05
5.4755e-05
5.0914e-05
4.6883e-05
4.2679e-05
3.8317e-05
3.3818e-05
2.9197e-05
2.4474e-05
1.9668e-05
1.4798e-05
9.8841e-06
4.9448e-06
5.0862e-18
-4.9306e-06
-9.8277e-06
-1.4672e-05
-1.9444e-05
-2.4127e-05
-2.87e-05
-3.3147e-05
-3.745e-05
-4.1594e-05
-4.5561e-05
-4.9337e-05
-5.2907e-05
-5.6258e-05
-5.9378e-05
-6.2254e-05
-6.4876e-05
-6.7235e-05
-6.9321e-05
-7.1128e-05
-7.2649e-05
-7.3879e-05
-7.4813e-05
-7.545e-05
-7.5788e-05
-7.5825e-05
-7.5563e-05
-7.5004e-05
-7.415e-05
-7.3007e-05
-7.1579e-05
-6.9873e-05
-6.7896e-05
-6.5657e-05
-6.3166e-05
-6.0434e-05
-5.7471e-05
-5.429e-05
-5.0905e-05
-4.7329e-05
-4.3577e-05
-3.9665e-05
-3.5608e-05
-3.1423e-05
-2.7126e-05
-2.2736e-05
-1.8269e-05
-1.3744e-05
-9.1791e-06
-4.5916e-06
-1.3592e-18
4.5774e-06
9.1227e-06
1.3618e-05
1.8046e-05
2.2388e-05
2.6629e-05
3.0752e-05
3.474e-05
3.858e-05
4.2254e-05
4.5751e-05
4.9056e-05
5.2158e-05
5.5044e-05
5.7703e-05
6.0127e-05
6.2305e-05
6.4231e-05
6.5898e-05
6.7299e-05
6.843e-05
6.9288e-05
6.987e-05
7.0174e-05
7.02e-05
6.9949e-05
6.9423e-05
6.8625e-05
6.7559e-05
6.6229e-05
6.4643e-05
6.2806e-05
6.0728e-05
5.8417e-05
5.5883e-05
5.3137e-05
5.0189e-05
4.7054e-05
4.3743e-05
4.0271e-05
3.6651e-05
3.2898e-05
2.9028e-05
2.5055e-05
2.0998e-05
1.6871e-05
1.269e-05
8.4741e-06
4.2384e-06
5.8115e-18
-4.2242e-06
-8.4177e-06
-1.2564e-05
-1.6647e-05
-2.065e-05
-2.4559e-05
-2.8357e-05
-3.2031e-05
-3.5566e-05
-3.8948e-05
-4.2166e-05
-4.5206e-05
-4.8057e-05
-5.0709e-05
-5.3152e-05
-5.5377e-05
-5.7376e-05
-5.9142e-05
-6.0668e-05
-6.1949e-05
-6.2982e-05
-6.3763e-05
-6.4289e-05
-6.456e-05
-6.4575e-05
-6.4335e-05
-6.3843e-05
-6.31e-05
-6.211e-05
-6.088e-05
-5.9413e-05
-5.7717e-05
-5.5799e-05
-5.3668e-05
-5.1332e-05
-4.8802e-05
-4.6089e-05
-4.3203e-05
-4.0158e-05
-3.6964e-05
-3.3637e-05
-3.0188e-05
-2.6632e-05
-2.2985e-05
-1.9259e-05
-1.5472e-05
-1.1636e-05
-7.7691e-06
-3.8852e-06
-2.4814e-18
3.871e-06
7.7127e-06
1.151e-05
1.5248e-05
1.8912e-05
2.2488e-05
2.5962e-05
2.9321e-05
3.2551e-05
3.5642e-05
3.858e-05
4.1355e-05
4.3957e-05
4.6375e-05
4.8602e-05
5.0628e-05
5.2447e-05
5.4052e-05
5.5438e-05
5.66e-05
5.7534e-05
5.8237e-05
5.8708e-05
5.8946e-05
5.895e-05
5.8721e-05
5.8262e-05
5.7574e-05
5.6662e-05
5.553e-05
5.4183e-05
5.2627e-05
5.087e-05
4.8918e-05
4.6781e-05
4.4468e-05
4.1989e-05
3.9353e-05
3.6572e-05
3.3658e-05
3.0623e-05
2.7478e-05
2.4237e-05
2.0914e-05
1.7521e-05
1.4073e-05
1.0582e-05
7.0641e-06
3.532e-06
2.8606e-18
-3.5178e-06
-7.0077e-06
-1.0456e-05
-1.3849e-05
-1.7174e-05
-2.0417e-05
-2.3567e-05
-2.6611e-05
-2.9537e-05
-3.2336e-05
-3.4995e-05
-3.7505e-05
-3.9856e-05
-4.2041e-05
-4.4051e-05
-4.5879e-05
-4.7518e-05
-4.8962e-05
-5.0208e-05
-5.125e-05
-5.2086e-05
-5.2712e-05
-5.3128e-05
-5.3332e-05
-5.3325e-05
-5.3107e-05
-5.2681e-05
-5.2049e-05
-5.1214e-05
-5.018e-05
-4.8953e-05
-4.7537e-05
-4.594e-05
-4.4169e-05
-4.2231e-05
-4.0134e-05
-3.7888e-05
-3.5502e-05
-3.2987e-05
-3.0352e-05
-2.7608e-05
-2.4768e-05
-2.1842e-05
-1.8843e-05
-1.5783e-05
-1.2674e-05
-9.5283e-06
-6.3591e-06
-3.1788e-06
-3.1186e-18
3.1646e-06
6.3027e-06
9.4019e-06
1.245e-05
1.5435e-05
1.8346e-05
2.1172e-05
2.3901e-05
2.6523e-05
2.9029e-05
3.1409e-05
3.3654e-05
3.5756e-05
3.7707e-05
3.95e-05
4.1129e-05
4.2589e-05
4.3873e-05
4.4978e-05
4.59e-05
4.6637e-05
4.7187e-05
4.7547e-05
4.7718e-05
4.77e-05
4.7494e-05
4.7101e-05
4.6524e-05
4.5766e-05
4.483e-05
4.3723e-05
4.2448e-05
4.1011e-05
3.942e-05
3.768e-05
3.58e-05
3.3788e-05
3.1652e-05
2.9401e-05
2.7045e-05
2.4594e-05
2.2058e-05
1.9447e-05
1.6773e-05
1.4045e-05
1.1275e-05
8.4743e-06
5.6541e-06
2.8256e-06
7.0363e-19
-2.8114e-06
-5.5977e-06
-8.3478e-06
-1.1051e-05
-1.3697e-05
-1.6276e-05
-1.8777e-05
-2.1191e-05
-2.3509e-05
-2.5723e-05
-2.7824e-05
-2.9803e-05
-3.1655e-05
-3.3373e-05
-3.495e-05
-3.638e-05
-3.7659e-05
-3.8783e-05
-3.9748e-05
-4.0551e-05
-4.1189e-05
-4.1661e-05
-4.1966e-05
-4.2104e-05
-4.2075e-05
-4.188e-05
-4.152e-05
-4.0998e-05
-4.0317e-05
-3.9481e-05
-3.8493e-05
-3.7358e-05
-3.6082e-05
-3.467e-05
-3.3129e-05
-3.1466e-05
-2.9687e-05
-2.7801e-05
-2.5816e-05
-2.3739e-05
-2.158e-05
-1.9348e-05
-1.7052e-05
-1.4702e-05
-1.2307e-05
-9.8761e-06
-7.4203e-06
-4.9491e-06
-2.4724e-06
-3.2705e-18
2.4582e-06
4.8927e-06
7.2938e-06
9.6523e-06
1.1959e-05
1.4205e-05
1.6382e-05
1.8481e-05
2.0495e-05
2.2417e-05
2.4238e-05
2.5953e-05
2.7555e-05
2.9039e-05
3.0399e-05
3.1631e-05
3.273e-05
3.3693e-05
3.4518e-05
3.5201e-05
3.5741e-05
3.6136e-05
3.6386e-05
3.649e-05
3.645e-05
3.6266e-05
3.5939e-05
3.5473e-05
3.4869e-05
3.4131e-05
3.3263e-05
3.2268e-05
3.1153e-05
2.9921e-05
2.8579e-05
2.7132e-05
2.5587e-05
2.3951e-05
2.223e-05
2.0433e-05
1.8566e-05
1.6639e-05
1.4657e-05
1.2631e-05
1.0568e-05
8.4772e-06
6.3663e-06
4.2441e-06
2.1192e-06
1.2525e-18
-2.1051e-06
-4.1877e-06
-6.2398e-06
-8.2534e-06
-1.0221e-05
-1.2134e-05
-1.3987e-05
-1.5771e-05
-1.7481e-05
-1.911e-05
-2.0653e-05
-2.2102e-05
-2.3455e-05
-2.4705e-05
-2.5848e-05
-2.6881e-05
-2.7801e-05
-2.8604e-05
-2.9288e-05
-2.9851e-05
-3.0292e-05
-3.0611e-05
-3.0805e-05
-3.0876e-05
-3.0825e-05
-3.0652e-05
-3.0359e-05
-2.9947e-05
-2.9421e-05
-2.8781e-05
-2.8033e-05
-2.7179e-05
-2.6223e-05
-2.5172e-05
-2.4028e-05
-2.2798e-05
-2.1486e-05
-2.01e-05
-1.8645e-05
-1.7127e-05
-1.5552e-05
-1.3929e-05
-1.2262e-05
-1.0561e-05
-8.8302e-06
-7.0783e-06
-5.3123e-06
-3.5391e-06
-1.766e-06
-1.3451e-18
1.7519e-06
3.4827e-06
5.1858e-06
6.8545e-06
8.4825e-06
1.0064e-05
1.1592e-05
1.3062e-05
1.4467e-05
1.5804e-05
1.7067e-05
1.8252e-05
1.9354e-05
2.037e-05
2.1297e-05
2.2132e-05
2.2872e-05
2.3514e-05
2.4058e-05
2.4502e-05
2.4844e-05
2.5085e-05
2.5225e-05
2.5263e-05
2.52e-05
2.5038e-05
2.4778e-05
2.4422e-05
2.3972e-05
2.3432e-05
2.2803e-05
2.2089e-05
2.1294e-05
2.0422e-05
1.9477e-05
1.8463e-05
1.7386e-05
1.6249e-05
1.5059e-05
1.382e-05
1.2538e-05
1.1219e-05
9.8674e-06
8.4899e-06
7.0919e-06
5.6795e-06
4.2582e-06
2.8341e-06
1.4128e-06
1.3163e-18
-1.3987e-06
-2.7777e-06
-4.1318e-06
-5.4556e-06
-6.7443e-06
-7.9929e-06
-9.1968e-06
-1.0352e-05
-1.1453e-05
-1.2498e-05
-1.3482e-05
-1.4401e-05
-1.5254e-05
-1.6036e-05
-1.6747e-05
-1.7383e-05
-1.7942e-05
-1.8425e-05
-1.8828e-05
-1.9152e-05
-1.9396e-05
-1.956e-05
-1.9644e-05
-1.9649e-05
-1.9575e-05
-1.9424e-05
-1.9197e-05
-1.8897e-05
-1.8524e-05
-1.8082e-05
-1.7573e-05
-1.6999e-05
-1.6365e-05
-1.5673e-05
-1.4926e-05
-1.4129e-05
-1.3285e-05
-1.2399e-05
-1.1474e-05
-1.0514e-05
-9.5243e-06
-8.509e-06
-7.4724e-06
-6.4192e-06
-5.3537e-06
-4.2806e-06
-3.2042e-06
-2.1291e-06
-1.0596e-06
-2.1347e-19
1.0455e-06
2.0727e-06
3.0777e-06
4.0568e-06
5.0061e-06
5.9222e-06
6.8018e-06
7.6418e-06
8.4393e-06
9.1915e-06
9.896e-06
1.0551e-05
1.1153e-05
1.1702e-05
1.2196e-05
1.2633e-05
1.3013e-05
1.3335e-05
1.3598e-05
1.3802e-05
1.3948e-05
1.4034e-05
1.4063e-05
1.4035e-05
1.395e-05
1.381e-05
1.3617e-05
1.3371e-05
1.3076e-05
1.2732e-05
1.2343e-05
1.191e-05
1.1436e-05
1.0923e-05
1.0376e-05
9.7951e-06
9.185e-06
8.5483e-06
7.8881e-06
7.2077e-06
6.5103e-06
5.7991e-06
5.0774e-06
4.3485e-06
3.6155e-06
2.8817e-06
2.1502e-06
1.4241e-06
7.0639e-07
8.95e-19
-6.9227e-07
-1.3677e-06
-2.0237e-06
-2.6579e-06
-3.2679e-06
-3.8515e-06
-4.4068e-06
-4.932e-06
-5.4252e-06
-5.8852e-06
-6.3105e-06
-6.7e-06
-7.0528e-06
-7.368e-06
-7.6452e-06
-7.8839e-06
-8.0839e-06
-8.2452e-06
-8.368e-06
-8.4525e-06
-8.4993e-06
-8.5091e-06
-8.4826e-06
-8.4209e-06
-8.325e-06
-8.1963e-06
-8.0361e-06
-7.846e-06
-7.6276e-06
-7.3826e-06
-7.1128e-06
-6.8201e-06
-6.5066e-06
-6.1741e-06
-5.8249e-06
-5.461e-06
-5.0846e-06
-4.6977e-06
-4.3026e-06
-3.9014e-06
-3.4963e-06
-3.0892e-06
-2.6824e-06
-2.2778e-06
-1.8773e-06
-1.4828e-06
-1.0962e-06
-7.191e-07
-3.532e-07
-1.8906e-19
3.3907e-07
6.627e-07
9.697e-07
1.259e-06
1.5296e-06
1.7808e-06
2.0118e-06
2.2221e-06
2.4112e-06
2.5789e-06
2.725e-06
2.8494e-06
2.9523e-06
3.0339e-06
3.0945e-06
3.1346e-06
3.1547e-06
3.1556e-06
3.138e-06
3.1028e-06
3.051e-06
2.9837e-06
2.9019e-06
2.807e-06
2.7e-06
2.5824e-06
2.4555e-06
2.3207e-06
2.1793e-06
2.0329e-06
1.8828e-06
1.7305e-06
1.5774e-06
1.4248e-06
1.2742e-06
1.1269e-06
9.8411e-07
8.4713e-07
7.171e-07
5.9513e-07
4.8224e-07
3.7938e-07
2.874e-07
2.0707e-07
1.3906e-07
8.3933e-08
4.2161e-08
1.41e-08
0
0
-0
-0
-0
-0
-0
-0
-0
-0
-0
-0
-0
-0
-0
-0
-0
-0
-0
-0
-0
-0
-0
-0
-0
-0
-0
-0
-0
-0
-0
-0
-0
-0
-0
-0
-0
-0
-0
-0
-0
-0
-0
-0
-0
-0
-0
-0
-0
-0
-0
-0
0
0
0
0
0
0
0
0
0
0
0
0
0
0
0
0
0
0
0
0
0
0
0
0
0
0
0
0
0
0
0
0
0
0
0
0
0
0
0
0
0
0
0
0
0
0
0
0
0
0
-0
-0
-0
-0
-0
-0
-0
-0
-0
-0
-0
-0
-0
-0
-0
-0
-0
-0
-0
-0
-0
-0
-0
-0
-0
-0
-0
-0
-0
-0
-0
-0
-0
-0
-0
-0
-0
-0
-0
-0
-0
-0
-0
-0
-0
-0
-0
-0
-0
-0
0
0
0
0
0
0
0
0
0
0
0
0
0
0
0
0
0
0
0
0
0
0
0
0
0
0
0
0
0
0
0
0
0
0
0
0
0
0
0
0
0
0
0
0
0
0
0
0
0
0
-0
-0
-0
-0
-0
-0
-0
-0
-0
-0
-0
-0
-0
-0
-0
-0
-0
-0
-0
-0
-0
-0
-0
-0
-0
-0
-0
-0
-0
-0
-0
-0
-0
-0
-0
-0
-0
-0
-0
-0
-0
-0
-0
-0
-0
-0
-0
-0
-0
-0
0
0
0
0
0
0
0
0
0
0
0
0
0
0
0
0
0
0
0
0
0
0
0
0
0
0
0
0
0
0
0
0
0
0
0
0
0
0
0
0
0
0
0
0
0
0
0
0
0
0
-0
-0
-0
-0
-0
-0
-0
-0
-0
-0
-0
-0
-0
-0
-0
-0
-0
-0
-0
-0
-0
-0
-0
-0
-0
-0
-0
-0
-0
-0
-0
-0
-0
-0
-0
-0
-0
-0
-0
-0
-0
-0
-0
-0
-0
-0
-0
-0
-0
-0
0
0
0
0
0
0
0
0
0
0
0
0
0
0
0
0
0
0
0
0
0
0
0
0
0
0
0
0
0
0
0
0
0
0
0
0
0
0
0
0
0
0
0
0
0
0
0
0
0
0
-0
-0
-0
-0
-0
-0
-0
-0
-0
-0
-0
-0
-0
-0
-0
-0
-0
-0
-0
-0
-0
-0
-0
-0
-0
-0
-0
-0
-0
-0
-0
-0
-0
-0
-0
-0
-0
-0
-0
-0
-0
-0
-0
-0
-0
-0
-0
-0
-0
-0
0
0
0
0
0
0
0
0
0
0
0
0
0
0
0
0
0
0
0
0
0
0
0
0
0
0
0
0
0
0
0
0
0
0
0
0
0
0
0
0
0
0
0
0
0
0
0
0
0
0
-0
-0
-0
-0
-0
-0
-0
-0
-0
-0
-0
-0
-0
-0
-0
-0
-0
-0
-0
-0
-0
-0
-0
-0
-0
-0
-0
-0
-0
-0
-0
-0
-0
-0
-0
-0
-0
-0
-0
-0
-0
-0
-0
-0
-0
-0
-0
-0
-0
-0
0
0
0
0
0
0
0
0
0
0
0
0
0
0
0
0
0
0
0
0
0
0
0
0
0
0
0
0
0
0
0
0
0
0
0
0
0
0
0
0
0
0
0
0
0
0
0
0
0
0
-0
-0
-0
-0
-0
-0
-0
-0
-0
-0
-0
-0
-0
-0
-0
-0
-0
-0
-0
-0
-0
-0
-0
-0
-0
-0
-0
-0
-0
-0
-0
-0
-0
-0
-0
-0
-0
-0
-0
-0
-0
-0
-0
-0
-0
-0
-0
-0
-0
-0
0
0
0
0
0
0
0
0
0
0
0
0
0
0
0
0
0
0
0
0
0
0
0
0
0
0
0
0
0
0
0
0
0
0
0
0
0
0
0
0
0
0
0
0
0
0
0
0
0
0
-0
-0
-0
-0
-0
-0
-0
-0
-0
-0
-0
-0
-0
-0
-0
-0
-0
-0
-0
-0
-0
-0
-0
-0
-0
-0
-0
-0
-0
-0
-0
-0
-0
-0
-0
-0
-0
-0
-0
-0
-0
-0
-0
-0
-0
-0
-0
-0
-0
-0
0
0
0
0
0
0
0
0
0
0
0
0
0
0
0
0
0
0
0
0
0
0
0
0
0
0
0
0
0
0
0
0
0
0
0
0
0
0
0
0
0
0
0
0
0
0
0
0
0
0
-0
-0
-0
-0
-0
-0
-0
-0
-0
-0
-0
-0
-0
-0
-0
-0
-0
-0
-0
-0
-0
-0
-0
-0
-0
-0
-0
-0
-0
-0
-0
-0
-0
-0
-0
-0
-0
-0
-0
-0
-0
-0
-0
-0
-0
-0
-0
-0
-0
-0
0
0
0
0
0
0
0
0
0
0
0
0
0
0
0
0
0
0
0
0
0
0
0
0
0
0
0
0
0
0
0
0
0
0
0
0
0
0
0
0
0
0
0
0
0
0
0
0
0
0
-0
-0
-0
-0
-0
-0
-0
-0
-0
-0
-0
-0
-0
-0
-0
-0
-0
-0
-0
-0
-0
-0
-0
-0
-0
-0
-0
-0
-0
-0
-0
-0
-0
-0
-0
-0
-0
-0
-0
-0
-0
-0
-0
-0
-0
-0
-0
-0
-0
-0
0
0
0
0
0
0
0
0
0
0
0
0
0
0
0
0
0
0
0
0
0
0
0
0
0
0
0
0
0
0
0
0
0
0
0
0
0
0
0
0
0
0
0
0
0
0
0
0
0
0
-0
-0
-0
-0
-0
-0
-0
-0
-0
-0
-0
-0
-0
-0
-0
-0
-0
-0
-0
-0
-0
-0
-0
-0
-0
-0
-0
-0
-0
-0
-0
-0
-0
-0
-0
-0
-0
-0
-0
-0
-0
-0
-0
-0
-0
-0
-0
-0
-0
-0
0
0
0
0
0
0
0
0
0
0
0
0
0
0
0
0
0
0
0
0
0
0
0
0
0
0
0
0
0
0
0
0
0
0
0
0
0
0
0
0
0
0
0
0
0
0
0
0
0
-0
-0
-0
-0
-0
-0
-0
-0
-0
-0
-0
-0
-0
-0
-0
-0
-0
-0
-0
-0
-0
-0
-0
-0
-0
-0
-0
-0
-0
-0
-0
-0
-0
-0
-0
-0
-0
-0
-0
-0
-0
-0
-0
-0
-0
-0
-0
-0
-0
-0
-0
0
0
0
0
0
0
0
0
0
0
0
0
0
0
0
0
0
0
0
0
0
0
0
0
0
0
0
0
0
0
0
0
0
0
0
0
0
0
0
0
0
0
0
0
0
0
0
0
0
0
-0
-0
-0
-0
-0
-0
-0
-0
-0
-0
-0
-0
-0
-0
-0
-0
-0
-0
-0
-0
-0
-0
-0
-0
-0
-0
-0
-0
-0
-0
-0
-0
-0
-0
-0
-0
-0
-0
-0
-0
-0
-0
-0
-0
-0
-0
-0
-0
-0
0
0
0
0
0
0
0
0
0
0
0
0
0
0
0
0
0
0
0
0
0
0
0
0
0
0
0
0
0
0
0
0
0
0
0
0
0
0
0
0
0
0
0
0
0
0
0
0
0
0
0
-0
-0
-0
-0
-0
-0
-0
-0
-0
-0
-0
-0
-0
-0
-0
-0
-0
-0
-0
-0
-0
-0
-0
-0
-0
-0
-0
-0
-0
-0
-0
-0
-0
-0
-0
-0
-0
-0
-0
-0
-0
-0
-0
-0
-0
-0
-0
-0
-0
-0
0
0
0
0
0
0
0
0
0
0
0
0
0
0
0
0
0
0
0
0
0
0
0
0
0
0
0
0
0
0
0
0
0
0
0
0
0
0
0
0
0
0
0
0
0
0
0
0
0
0
-0
-0
-0
-0
-0
-0
-0
-0
-0
-0
-0
-0
-0
-0
-0
-0
-0
-0
-0
-0
-0
-0
-0
-0
-0
-0
-0
-0
-0
-0
-0
-0
-0
-0
-0
-0
-0
-0
-0
-0
-0
-0
-0
-0
-0
-0
-0
-0
-0
-0
0
0
0
0
0
0
0
0
0
0
0
0
0
0
0
0
0
0
0
0
0
0
0
0
0
0
0
0
0
0
0
0
0
0
0
0
0
0
0
0
0
0
0
0
0
0
0
0
0
-0
-0
-0
-0
-0
-0
-0
-0
-0
-0
-0
-0
-0
-0
-0
-0
-0
-0
-0
-0
-0
-0
-0
-0
-0
-0
-0
-0
-0
-0
-0
-0
-0
-0
-0
-0
-0
-0
-0
-0
-0
-0
-0
-0
-0
-0
-0
-0
-0
-0
-0
0
0
0
0
0
0
0
0
0
0
0
0
0
0
0
0
0
0
0
0
0
0
0
0
0
0
0
0
0
0
0
0
0
0
0
0
0
0
0
0
0
0
0
0
0
0
0
0
0
-0
-0
-0
-0
-0
-0
-0
-0
-0
-0
-0
-0
-0
-0
-0
-0
-0
-0
-0
-0
-0
-0
-0
-0
-0
-0
-0
-0
-0
-0
-0
-0
-0
-0
-0
-0
-0
-0
-0
-0
-0
-0
-0
-0
-0
-0
-0
-0
-0
-0
-0
0
0
0
0
0
0
0
0
0
0
0
0
0
0
0
0
0
0
0
0
0
0
0
0
0
0
0
0
0
0
0
0
0
0
0
0
0
0
0
0
0
0
0
0
0
0
0
0
0
0
-0
-0
-0
-0
-0
-0
-0
-0
-0
-0
-0
-0
-0
-0
-0
-0
-0
-0
-0
-0
-0
-0
-0
-0
-0
-0
-0
-0
-0
-0
-0
-0
-0
-0
-0
-0
-0
-0
-0
-0
-0
-0
-0
-0
-0
-0
-0
-0
-0
-0
0
0
0
0
0
0
0
0
0
0
0
0
0
0
0
0
0
0
0
0
0
0
0
0
0
0
0
0
0
0
0
0
0
0
0
0
0
0
0
0
0
0
0
0
0
0
0
0
0
0
-0
-0
-0
-0
-0
-0
-0
-0
-0
-0
-0
-0
-0
-0
-0
-0
-0
-0
-0
-0
-0
-0
-0
-0
-0
-0
-0
-0
-0
-0
-0
-0
-0
-0
-0
-0
-0
-0
-0
-0
-0
-0
-0
-0
-0
-0
-0
-0
-0
-0
0
0
0
0
0
0
0
0
0
0
0
0
0
0
0
0
0
0
0
0
0
0
0
0
0
0
0
0
0
0
0
0
0
0
0
0
0
0
0
0
0
0
0
0
0
0
0
0
0
0
-0
-0
-0
-0
-0
-0
-0
-0
-0
-0
-0
-0
-0
-0
-0
-0
-0
-0
-0
-0
-0
-0
-0
-0
-0
-0
-0
-0
-0
-0
-0
-0
-0
-0
-0
-0
-0
-0
-0
-0
-0
-0
-0
-0
-0
-0
-0
-0
-0
-0
0
0
0
0
0
0
0
0
0
0
0
0
0
0
0
0
0
0
0
0
0
0
0
0
0
0
0
0
0
0
0
0
0
0
0
0
0
0
0
0
0
0
0
0
0
0
0
0
0
-0
-0
-0
-0
-0
-0
-0
-0
-0
-0
-0
-0
-0
-0
-0
-0
-0
-0
-0
-0
-0
-0
-0
-0
-0
-0
-0
-0
-0
-0
-0
-0
-0
-0
-0
-0
-0
-0
-0
-0
-0
-0
-0
-0
-0
-0
-0
-0
-0
-0
-0
0
0
0
0
0
0
0
0
0
0
0
0
0
0
0
0
0
0
0
0
0
0
0
0
0
0
0
0
0
0
0
0
0
0
0
0
0
0
0
0
0
0
0
0
0
0
0
0
0
-0
-0
-0
-0
-0
-0
-0
-0
-0
-0
-0
-0
-0
-0
-0
-0
-0
-0
-0
-0
-0
-0
-0
-0
-0
-0
-0
-0
-0
-0
-0
-0
-0
-0
-0
-0
-0
-0
-0
-0
-0
-0
-0
-0
-0
-0
-0
-0
-0
-0
-0
0
0
0
0
0
0
0
0
0
0
0
0
0
0
0
0
0
0
0
0
0
0
0
0
0
0
0
0
0
0
0
0
0
0
0
0
0
0
0
0
0
0
0
0
0
0
0
0
0
0
-0
-0
-0
-0
-0
-0
-0
-0
-0
-0
-0
-0
-0
-0
-0
-0
-0
-0
-0
-0
-0
-0
-0
-0
-0
-0
-0
-0
-0
-0
-0
-0
-0
-0
-0
-0
-0
-0
-0
-0
-0
-0
-0
-0
-0
-0
-0
-0
-0
-0
0
0
0
0
0
0
0
0
0
0
0
0
0
0
0
0
0
0
0
0
0
0
0
0
0
0
0
0
0
0
0
0
0
0
0
0
0
0
0
0
0
0
0
0
0
0
0
0
0
0
-0
-0
-0
-0
-0
-0
-0
-0
-0
-0
-0
-0
-0
-0
-0
-0
-0
-0
-0
-0
-0
-0
-0
-0
-0
-0
-0
-0
-0
-0
-0
-0
-0
-0
-0
-0
-0
-0
-0
-0
-0
-0
-0
-0
-0
-0
-0
-0
-0
-0
0
0
0
0
0
0
0
0
0
0
0
0
0
0
0
0
0
0
0
0
0
0
0
0
0
0
0
0
0
0
0
0
0
0
0
0
0
0
0
0
0
0
0
0
0
0
0
0
0
0
-0
-0
-0
-0
-0
-0
-0
-0
-0
-0
-0
-0
-0
-0
-0
-0
-0
-0
-0
-0
-0
-0
-0
-0
-0
-0
-0
-0
-0
-0
-0
-0
-0
-0
-0
-0
-0
-0
-0
-0
-0
-0
-0
-0
-0
-0
-0
-0
-0
-0
0
0
0
0
0
0
0
0
0
0
0
0
0
0
0
0
0
0
0
0
0
0
0
0
0
0
0
0
0
0
0
0
0
0
0
0
0
0
0
0
0
0
0
0
0
0
0
0
0
-0
-0
-0
-0
-0
-0
-0
-0
-0
-0
-0
-0
-0
-0
-0
-0
-0
-0
-0
-0
-0
-0
-0
-0
-0
-0
-0
-0
-0
-0
-0
-0
-0
-0
-0
-0
-0
-0
-0
-0
-0
-0
-0
-0
-0
-0
-0
-0
-0
-0
-0
0
0
0
0
0
0
0
0
0
0
0
0
0
0
0
0
0
0
0
0
0
0
0
0
0
0
0
0
0
0
0
0
0
0
0
0
0
0
0
0
0
0
0
0
0
0
0
0
0
-0
-0
-0
-0
-0
-0
-0
-0
-0
-0
-0
-0
-0
-0
-0
-0
-0
-0
-0
-0
-0
-0
-0
-0
-0
-0
-0
-0
-0
-0
-0
-0
-0
-0
-0
-0
-0
-0
-0
-0
-0
-0
-0
-0
-0
-0
-0
-0
-0
-0
-0
0
0
0
0
0
0
0
0
0
0
0
0
0
0
0
0
0
0
0
0
0
0
0
0
0
0
0
0
0
0
0
0
0
0
0
0
0
0
0
0
0
0
0
0
0
0
0
0
0
0
-0
-0
-0
-0
-0
-0
-0
-0
-0
-0
-0
-0
-0
-0
-0
-0
-0
-0
-0
-0
-0
-0
-0
-0
-0
-0
-0
-0
-0
-0
-0
-0
-0
-0
-0
-0
-0
-0
-0
-0
-0
-0
-0
-0
-0
-0
-0
-0
-0
-0
0
0
0
0
0
0
0
0
0
0
0
0
0
0
0
0
0
0
0
0
0
0
0
0
0
0
0
0
0
0
0
0
0
0
0
0
0
0
0
0
0
0
0
0
0
0
0
0
0
0
-0
-0
-0
-0
-0
-0
-0
-0
-0
-0
-0
-0
-0
-0
-0
-0
-0
-0
-0
-0
-0
-0
-0
-0
-0
-0
-0
-0
-0
-0
-0
-0
-0
-0
-0
-0
-0
-0
-0
-0
-0
-0
-0
-0
-0
-0
-0
-0
-0
-0
0
0
0
0
0
0
0
0
0
0
0
0
0
0
0
0
0
0
0
0
0
0
0
0
0
0
0
0
0
0
0
0
0
0
0
0
0
0
0
0
0
0
0
0
0
0
0
0
0
0
-0
-0
-0
-0
-0
-0
-0
-0
-0
-0
-0
-0
-0
-0
-0
-0
-0
-0
-0
-0
-0
-0
-0
-0
-0
-0
-0
-0
-0
-0
-0
-0
-0
-0
-0
-0
-0
-0
-0
-0
-0
-0
-0
-0
-0
-0
-0
-0
-0
-0
0
0
0
0
0
0
0
0
0
0
0
0
0
0
0
0
0
0
0
0
0
0
0
0
0
0
0
0
0
0
0
0
0
0
0
0
0
0
0
0
0
0
0
0
0
0
0
0
0
-0
-0
-0
-0
-0
-0
-0
-0
-0
-0
-0
-0
-0
-0
-0
-0
-0
-0
-0
-0
-0
-0
-0
-0
-0
-0
-0
-0
-0
-0
-0
-0
-0
-0
-0
-0
-0
-0
-0
-0
-0
-0
-0
-0
-0
-0
-0
-0
-0
-0
-0
0
0
0
0
0
0
0
0
0
0
0
0
0
0
0
0
0
0
0
0
0
0
0
0
0
0
0
0
0
0
0
0
0
0
0
0
0
0
0
0
0
0
0
0
0
0
0
0
0
-0
-0
-0
-0
-0
-0
-0
-0
-0
-0
-0
-0
-0
-0
-0
-0
-0
-0
-0
-0
-0
-0
-0
-0
-0
-0
-0
-0
-0
-0
-0
-0
-0
-0
-0
-0
-0
-0
-0
-0
-0
-0
-0
-0
-0
-0
-0
-0
-0
-0
-0
0
0
0
0
0
0
0
0
0
0
0
0
0
0
0
0
0
0
0
0
0
0
0
0
0
0
0
0
0
0
0
0
0
0
0
0
0
0
0
0
0
0
0
0
0
0
0
0
0
-0
