-0
-0
-0
-0
-0
-0
-0
-0
-0
-0
-0
-0
-0
-0
-0
-0
-0
-0
-0
-0
-0
-0
-0
-0
-0
-0
-0
-0
-0
-0
-0
-0
-0
-0
-0
-0
-0
-0
-0
-0
-0
-0
-0
-0
-0
-0
-0
-0
-0
-0
-0
0
0
0
0
0
0
0
0
0
0
0
0
0
0
0
0
0
0
0
0
0
0
0
0
0
0
0
0
0
0
0
0
0
0
0
0
0
0
0
0
0
0
0
0
0
0
0
0
0
0
-0
-0
-0
-0
-0
-0
-0
-0
-0
-0
-0
-0
-0
-0
-0
-0
-0
-0
-0
-0
-0
-0
-0
-0
-0
-0
-0
-0
-0
-0
-0
-0
-0
-0
-0
-0
-0
-0
-0
-0
-0
-0
-0
-0
-0
-0
-0
-0
-0
-0
0
0
0
0
0
0
0
0
0
0
0
0
0
0
0
0
0
0
0
0
0
0
0
0
0
0
0
0
0
0
0
0
0
0
0
0
0
0
0
0
0
0
0
0
0
0
0
0
0
0
-0
-0
-0
-0
-0
-0
-0
-0
-0
-0
-0
-0
-0
-0
-0
-0
-0
-0
-0
-0
-0
-0
-0
-0
-0
-0
-0
-0
-0
-0
-0
-0
-0
-0
-0
-0
-0
-0
-0
-0
-0
-0
-0
-0
-0
-0
-0
-0
-0
-0
0
0
0
0
0
0
0
0
0
0
0
0
0
0
0
0
0
0
0
0
0
0
0
0
0
0
0
0
0
0
0
0
0
0
0
0
0
0
0
0
0
0
0
0
0
0
0
0
0
0
-0
-0
-0
-0
-0
-0
-0
-0
-0
-0
-0
-0
-0
-0
-0
-0
-0
-0
-0
-0
-0
-0
-0
-0
-0
-0
-0
-0
-0
-0
-0
-0
-0
-0
-0
-0
-0
-0
-0
-0
-0
-0
-0
-0
-0
-0
-0
-0
-0
0
0
0
0
0
0
0
0
0
0
0
0
0
0
0
0
0
0
0
0
0
0
0
0
0
0
0
0
0
0
0
0
0
0
0
0
0
0
0
0
0
0
0
0
0
0
0
0
0
0
0
-0
-0
-0
-0
-0
-0
-0
-0
-0
-0
-0
-0
-0
-0
-0
-0
-0
-0
-0
-0
-0
-0
-0
-0
-0
-0
-0
-0
-0
-0
-0
-0
-0
-0
-0
-0
-0
-0
-0
-0
-0
-0
-0
-0
-0
-0
-0
-0
-0
-0
0
0
0
0
0
0
0
0
0
0
0
0
0
0
0
0
0
0
0
0
0
0
0
0
0
0
0
0
0
0
0
0
0
0
0
0
0
0
0
0
0
0
0
0
0
0
0
0
0
0
-0
-0
-0
-0
-0
-0
-0
-0
-0
-0
-0
-0
-0
-0
-0
-0
-0
-0
-0
-0
-0
-0
-0
-0
-0
-0
-0
-0
-0
-0
-0
-0
-0
-0
-0
-0
-0
-0
-0
-0
-0
-0
-0
-0
-0
-0
-0
-0
-0
0
0
0
0
0
0
0
0
0
0
0
0
0
0
0
0
0
0
0
0
0
0
0
0
0
0
0
0
0
0
0
0
0
0
0
0
0
0
0
0
0
0
0
0
0
0
0
0
0
0
0
-0
-0
-0
-0
-0
-0
-0
-0
-0
-0
-0
-0
-0
-0
-0
-0
-0
-0
-0
-0
-0
-0
-0
-0
-0
-0
-0
-0
-0
-0
-0
-0
-0
-0
-0
-0
-0
-0
-0
-0
-0
-0
-0
-0
-0
-0
-0
-0
-0
0
0
0
0
0
0
0
0
0
0
0
0
0
0
0
0
0
0
0
0
0
0
0
0
0
0
0
0
0
0
0
0
0
0
0
0
0
0
0
0
0
0
0
0
0
0
0
0
0
0
-0
-0
-0
-0
-0
-0
-0
-0
-0
-0
-0
-0
-0
-0
-0
-0
-0
-0
-0
-0
-0
-0
-0
-0
-0
-0
-0
-0
-0
-0
-0
-0
-0
-0
-0
-0
-0
-0
-0
-0
-0
-0
-0
-0
-0
-0
-0
-0
-0
-0
-0
0
0
0
0
0
0
0
0
0
0
0
0
0
0
0
0
0
0
0
0
0
0
0
0
0
0
0
0
0
0
0
0
0
0
0
0
0
0
0
0
0
0
0
0
0
0
0
0
0
0
-0
-0
-0
-0
-0
-0
-0
-0
-0
-0
-0
-0
-0
-0
-0
-0
-0
-0
-0
-0
-0
-0
-0
-0
-0
-0
-0
-0
-0
-0
-0
-0
-0
-0
-0
-0
-0
-0
-0
-0
-0
-0
-0
-0
-0
-0
-0
-0
-0
-0
0
0
0
0
0
0
0
0
0
0
0
0
0
0
0
0
0
0
0
0
0
0
0
0
0
0
0
0
0
0
0
0
0
0
0
0
0
0
0
0
0
0
0
0
0
0
0
0
0
0
-0
-0
-0
-0
-0
-0
-0
-0
-0
-0
-0
-0
-0
-0
-0
-0
-0
-0
-0
-0
-0
-0
-0
-0
-0
-0
-0
-0
-0
-0
-0
-0
-0
-0
-0
-0
-0
-0
-0
-0
-0
-0
-0
-0
-0
-0
-0
-0
-0
0
0
0
0
0
0
0
0
0
0
0
0
0
0
0
0
0
0
0
0
0
0
0
0
0
0
0
0
0
0
0
0
0
0
0
0
0
0
0
0
0
0
0
0
0
0
0
0
0
0
0
-0
-0
-0
-0
-0
-0
-0
-0
-0
-0
-0
-0
-0
-0
-0
-0
-0
-0
-0
-0
-0
-0
-0
-0
-0
-0
-0
-0
-0
-0
-0
-0
-0
-0
-0
-0
-0
-0
-0
-0
-0
-0
-0
-0
-0
-0
-0
-0
-0
0
0
0
0
0
0
0
0
0
0
0
0
0
0
0
0
0
0
0
0
0
0
0
0
0
0
0
0
0
0
0
0
0
0
0
0
0
0
0
0
0
0
0
0
0
0
0
0
0
0
-0
-0
-0
-0
-0
-0
-0
-0
-0
-0
-0
-0
-0
-0
-0
-0
-0
-0
-0
-0
-0
-0
-0
-0
-0
-0
-0
-0
-0
-0
-0
-0
-0
-0
-0
-0
-0
-0
-0
-0
-0
-0
-0
-0
-0
-0
-0
-0
-0
-0
0
0
0
0
0
0
0
0
0
0
0
0
0
0
0
0
0
0
0
0
0
0
0
0
0
0
0
0
0
0
0
0
0
0
0
0
0
0
0
0
0
0
0
0
0
0
0
0
0
0
0
-0
-0
-0
-0
-0
-0
-0
-0
-0
-0
-0
-0
-0
-0
-0
-0
-0
-0
-0
-0
-0
-0
-0
-0
-0
-0
-0
-0
-0
-0
-0
-0
-0
-0
-0
-0
-0
-0
-0
-0
-0
-0
-0
-0
-0
-0
-0
-0
-0
0
0
0
0
0
0
0
0
0
0
0
0
0
0
0
0
0
0
0
0
0
0
0
0
0
0
0
0
0
0
0
0
0
0
0
0
0
0
0
0
0
0
0
0
0
0
0
0
0
0
-0
-0
-0
-0
-0
-0
-0
-0
-0
-0
-0
-0
-0
-0
-0
-0
-0
-0
-0
-0
-0
-0
-0
-0
-0
-0
-0
-0
-0
-0
-0
-0
-0
-0
-0
-0
-0
-0
-0
-0
-0
-0
-0
-0
-0
-0
-0
-0
-0
-0
0
0
0
0
0
0
0
0
0
0
0
0
0
0
0
0
0
0
0
0
0
0
0
0
0
0
0
0
0
0
0
0
0
0
0
0
0
0
0
0
0
0
0
0
0
0
0
0
0
0
-0
-0
-0
-0
-0
-0
-0
-0
-0
-0
-0
-0
-0
-0
-0
-0
-0
-0
-0
-0
-0
-0
-0
-0
-0
-0
-0
-0
-0
-0
-0
-0
-0
-0
-0
-0
-0
-0
-0
-0
-0
-0
-0
-0
-0
-0
-0
-0
-0
-0
0
0
0
0
0
0
0
0
0
0
0
0
0
0
0
0
0
0
0
0
0
0
0
0
0
0
0
0
0
0
0
0
0
0
0
0
0
0
0
0
0
0
0
0
0
0
0
0
0
0
0
-0
-0
-0
-0
-0
-0
-0
-0
-0
-0
-0
-0
-0
-0
-0
-0
-0
-0
-0
-0
-0
-0
-0
-0
-0
-0
-0
-0
-0
-0
-0
-0
-0
-0
-0
-0
-0
-0
-0
-0
-0
-0
-0
-0
-0
-0
-0
-0
-0
-0
0
0
0
0
0
0
0
0
0
0
0
0
0
0
0
0
0
0
0
0
0
0
0
0
0
0
0
0
0
0
0
0
0
0
0
0
0
0
0
0
0
0
0
0
0
0
0
0
0
0
-0
-0
-0
-0
-0
-0
-0
-0
-0
-0
-0
-0
-0
-0
-0
-0
-0
-0
-0
-0
-0
-0
-0
-0
-0
-0
-0
-0
-0
-0
-0
-0
-0
-0
-0
-0
-0
-0
-0
-0
-0
-0
-0
-0
-0
-0
-0
-0
-0
-0
0
0
0
0
0
0
0
0
0
0
0
0
0
0
0
0
0
0
0
0
0
0
0
0
0
0
0
0
0
0
0
0
0
0
0
0
0
0
0
0
0
0
0
0
0
0
0
0
0
0
-0
-0
-0
-0
-0
-0
-0
-0
-0
-0
-0
-0
-0
-0
-0
-0
-0
-0
-0
-0
-0
-0
-0
-0
-0
-0
-0
-0
-0
-0
-0
-0
-0
-0
-0
-0
-0
-0
-0
-0
-0
-0
-0
-0
-0
-0
-0
-0
-0
-0
0
0
0
0
0
0
0
0
0
0
0
0
0
0
0
0
0
0
0
0
0
0
0
0
0
0
0
0
0
0
0
0
0
0
0
0
0
0
0
0
0
0
0
0
0
0
0
0
0
0
-0
-0
-0
-0
-0
-0
-0
-0
-0
-0
-0
-0
-0
-0
-0
-0
-0
-0
-0
-0
-0
-0
-0
-0
-0
-0
-0
-0
-0
-0
-0
-0
-0
-0
-0
-0
-0
-0
-0
-0
-0
-0
-0
-0
-0
-0
-0
-0
-0
-0
0
0
0
0
0
0
0
0
0
0
0
0
0
0
0
0
0
0
0
0
0
0
0
0
0
0
0
0
0
0
0
0
0
0
0
0
0
0
0
0
0
0
0
0
0
0
0
0
0
-0
-0
-0
-0
-0
-0
-0
-0
-0
-0
-0
-0
-0
-0
-0
-0
-0
-0
-0
-0
-0
-0
-0
-0
-0
-0
-0
-0
-0
-0
-0
-0
-0
-0
-0
-0
-0
-0
-0
-0
-0
-0
-0
-0
-0
-0
-0
-0
-0
-0
-0
0
0
0
0
0
0
0
0
0
0
0
0
0
0
0
0
0
0
0
0
0
0
0
0
0
0
0
0
0
0
0
0
0
0
0
0
0
0
0
0
0
0
0
0
0
0
0
0
0
0
-2.0721e-08
-8.272e-08
-1.8551e-07
-3.2827e-07
-5.0988e-07
-7.2889e-07
-9.8355e-07
-1.2718e-06
-1.5914e-06
-1.9397e-06
-2.3138e-06
-2.7108e-06
-3.1273e-06
-3.5598e-06
-4.0046e-06
-4.4581e-06
-4.9161e-06
-5.3747e-06
-5.8297e-06
-6.277e-06
-6.7123e-06
-7.1314e-06
-7.5302e-06
-7.9044e-06
-8.25e-06
-8.5631e-06
-8.8397e-06
-9.0763e-06
-9.2693e-06
-9.4155e-06
-9.5116e-06
-9.555e-06
-9.543e-06
-9.4734e-06
-9.3441e-06
-9.1537e-06
-8.9007e-06
-8.5842e-06
-8.2036e-06
-7.7588e-06
-7.2497e-06
-6.6771e-06
-6.0418e-06
-5.3452e-06
-4.5889e-06
-3.7751e-06
-2.9063e-06
-1.9853e-06
-1.0153e-06
-2.5871e-19
1.0568e-06
2.1507e-06
3.2773e-06
4.4317e-06
5.6087e-06
6.8029e-06
8.0089e-06
9.2208e-06
1.0433e-05
1.1638e-05
1.2831e-05
1.4006e-05
1.5155e-05
1.6273e-05
1.7353e-05
1.8389e-05
1.9375e-05
2.0304e-05
2.1171e-05
2.1969e-05
2.2694e-05
2.3339e-05
2.39e-05
2.4372e-05
2.475e-05
2.5031e-05
2.521e-05
2.5284e-05
2.5251e-05
2.5108e-05
2.4853e-05
2.4485e-05
2.4002e-05
2.3405e-05
2.2693e-05
2.1867e-05
2.0929e-05
1.9879e-05
1.8721e-05
1.7457e-05
1.6091e-05
1.4626e-05
1.3067e-05
1.1419e-05
9.6877e-06
7.8785e-06
5.9981e-06
4.0533e-06
2.0514e-06
-6.4743e-20
-2.0928e-06
-4.2187e-06
-6.3691e-06
-8.535e-06
-1.0707e-05
-1.2877e-05
-1.5034e-05
-1.717e-05
-1.9274e-05
-2.1337e-05
-2.3349e-05
-2.5301e-05
-2.7183e-05
-2.8987e-05
-3.0702e-05
-3.2321e-05
-3.3834e-05
-3.5234e-05
-3.6512e-05
-3.7662e-05
-3.8676e-05
-3.9547e-05
-4.027e-05
-4.0839e-05
-4.125e-05
-4.1498e-05
-4.158e-05
-4.1492e-05
-4.1233e-05
-4.08e-05
-4.0194e-05
-3.9414e-05
-3.8461e-05
-3.7336e-05
-3.6042e-05
-3.4581e-05
-3.2957e-05
-3.1174e-05
-2.9239e-05
-2.7156e-05
-2.4932e-05
-2.2575e-05
-2.0093e-05
-1.7493e-05
-1.4786e-05
-1.1982e-05
-9.0899e-06
-6.1213e-06
-3.0874e-06
-4.3653e-19
3.1289e-06
6.2867e-06
9.4609e-06
1.2638e-05
1.5806e-05
1.8951e-05
2.206e-05
2.5119e-05
2.8115e-05
3.1035e-05
3.3866e-05
3.6596e-05
3.9211e-05
4.17e-05
4.4051e-05
4.6252e-05
4.8293e-05
5.0164e-05
5.1854e-05
5.3354e-05
5.4657e-05
5.5755e-05
5.664e-05
5.7307e-05
5.775e-05
5.7965e-05
5.7949e-05
5.77e-05
5.7214e-05
5.6493e-05
5.5536e-05
5.4344e-05
5.292e-05
5.1268e-05
4.939e-05
4.7294e-05
4.4985e-05
4.2469e-05
3.9756e-05
3.6854e-05
3.3773e-05
3.0524e-05
2.7118e-05
2.3567e-05
1.9885e-05
1.6085e-05
1.2182e-05
8.1893e-06
4.1235e-06
-5.8228e-19
-4.1649e-06
-8.3547e-06
-1.2553e-05
-1.6742e-05
-2.0905e-05
-2.5025e-05
-2.9085e-05
-3.3068e-05
-3.6956e-05
-4.0734e-05
-4.4384e-05
-4.7891e-05
-5.1239e-05
-5.4414e-05
-5.74e-05
-6.0184e-05
-6.2752e-05
-6.5093e-05
-6.7195e-05
-6.9047e-05
-7.0639e-05
-7.1962e-05
-7.301e-05
-7.3774e-05
-7.425e-05
-7.4433e-05
-7.4319e-05
-7.3907e-05
-7.3196e-05
-7.2185e-05
-7.0877e-05
-6.9274e-05
-6.7379e-05
-6.5199e-05
-6.2739e-05
-6.0008e-05
-5.7013e-05
-5.3764e-05
-5.0274e-05
-4.6553e-05
-4.2614e-05
-3.8473e-05
-3.4143e-05
-2.9641e-05
-2.4984e-05
-2.0189e-05
-1.5273e-05
-1.0257e-05
-5.1595e-06
-1.6155e-19
5.2009e-06
1.0423e-05
1.5644e-05
2.0845e-05
2.6004e-05
3.1099e-05
3.611e-05
4.1017e-05
4.5797e-05
5.0432e-05
5.4901e-05
5.9186e-05
6.3267e-05
6.7127e-05
7.0749e-05
7.4115e-05
7.7211e-05
8.0023e-05
8.2536e-05
8.4739e-05
8.662e-05
8.817e-05
8.938e-05
9.0242e-05
9.075e-05
9.09e-05
9.0689e-05
9.0115e-05
8.9177e-05
8.7878e-05
8.6218e-05
8.4203e-05
8.1838e-05
7.913e-05
7.6088e-05
7.2721e-05
6.9041e-05
6.5059e-05
6.0791e-05
5.6251e-05
5.1455e-05
4.6422e-05
4.1169e-05
3.5715e-05
3.0083e-05
2.4292e-05
1.8365e-05
1.2325e-05
6.1955e-06
-1.5526e-18
-6.237e-06
-1.2491e-05
-1.8736e-05
-2.4949e-05
-3.1103e-05
-3.7173e-05
-4.3136e-05
-4.8965e-05
-5.4638e-05
-6.013e-05
-6.5419e-05
-7.0481e-05
-7.5295e-05
-7.9841e-05
-8.4097e-05
-8.8047e-05
-9.167e-05
-9.4953e-05
-9.7878e-05
-0.00010043
-0.0001026
-0.00010438
-0.00010575
-0.00010671
-0.00010725
-0.00010737
-0.00010706
-0.00010632
-0.00010516
-0.00010357
-0.00010156
-9.9133e-05
-9.6297e-05
-9.3062e-05
-8.9437e-05
-8.5435e-05
-8.1069e-05
-7.6354e-05
-7.1309e-05
-6.595e-05
-6.0297e-05
-5.4371e-05
-4.8194e-05
-4.1789e-05
-3.5182e-05
-2.8395e-05
-2.1457e-05
-1.4393e-05
-7.2316e-06
5.6622e-19
7.273e-06
1.4559e-05
2.1828e-05
2.9052e-05
3.6201e-05
4.3247e-05
5.0161e-05
5.6914e-05
6.3479e-05
6.9829e-05
7.5936e-05
8.1776e-05
8.7323e-05
9.2554e-05
9.7446e-05
0.00010198
0.00010613
0.00010988
0.00011322
0.00011612
0.00011858
0.00012059
0.00012212
0.00012318
0.00012375
0.00012384
0.00012343
0.00012253
0.00012114
0.00011926
0.0001169
0.00011406
0.00011076
0.00010699
0.00010279
9.8148e-05
9.3097e-05
8.7649e-05
8.1826e-05
7.5648e-05
6.9138e-05
6.232e-05
5.5219e-05
4.7864e-05
4.028e-05
3.2499e-05
2.4549e-05
1.6461e-05
8.2676e-06
7.7594e-19
-8.3091e-06
-1.6627e-05
-2.492e-05
-3.3155e-05
-4.13e-05
-4.9321e-05
-5.7186e-05
-6.4863e-05
-7.2321e-05
-7.9527e-05
-8.6454e-05
-9.3071e-05
-9.9351e-05
-0.00010527
-0.00011079
-0.00011591
-0.00012059
-0.00012481
-0.00012856
-0.00013182
-0.00013457
-0.00013679
-0.00013849
-0.00013964
-0.00014025
-0.0001403
-0.0001398
-0.00013874
-0.00013712
-0.00013495
-0.00013224
-0.00012899
-0.00012522
-0.00012092
-0.00011613
-0.00011086
-0.00010512
-9.8944e-05
-9.2344e-05
-8.5346e-05
-7.7979e-05
-7.0269e-05
-6.2245e-05
-5.3938e-05
-4.5379e-05
-3.6602e-05
-2.7641e-05
-1.8529e-05
-9.3037e-06
1.7468e-18
9.3451e-06
1.8695e-05
2.8012e-05
3.7259e-05
4.6399e-05
5.5395e-05
6.4212e-05
7.2812e-05
8.1162e-05
8.9226e-05
9.6971e-05
0.00010437
0.00011138
0.00011798
0.00012414
0.00012984
0.00013505
0.00013974
0.0001439
0.00014751
0.00015055
0.000153
0.00015486
0.00015611
0.00015675
0.00015677
0.00015617
0.00015495
0.0001531
0.00015065
0.00014758
0.00014392
0.00013967
0.00013486
0.00012948
0.00012357
0.00011715
0.00011024
0.00010286
9.5045e-05
8.682e-05
7.8218e-05
6.927e-05
6.0012e-05
5.0478e-05
4.0706e-05
3.0732e-05
2.0597e-05
1.034e-05
-1.6206e-19
-1.0381e-05
-2.0763e-05
-3.1103e-05
-4.1362e-05
-5.1498e-05
-6.1469e-05
-7.1237e-05
-8.0761e-05
-9.0003e-05
-9.8924e-05
-0.00010749
-0.00011566
-0.00012341
-0.00013069
-0.00013749
-0.00014377
-0.00014951
-0.00015467
-0.00015924
-0.0001632
-0.00016653
-0.00016921
-0.00017123
-0.00017258
-0.00017325
-0.00017324
-0.00017254
-0.00017115
-0.00016909
-0.00016634
-0.00016292
-0.00015885
-0.00015413
-0.00014879
-0.00014283
-0.00013629
-0.00012918
-0.00012153
-0.00011338
-0.00010474
-9.5661e-05
-8.6166e-05
-7.6295e-05
-6.6086e-05
-5.5577e-05
-4.4809e-05
-3.3824e-05
-2.2665e-05
-1.1376e-05
3.3801e-18
1.1417e-05
2.2831e-05
3.4195e-05
4.5465e-05
5.6596e-05
6.7543e-05
7.8262e-05
8.871e-05
9.8844e-05
0.00010862
0.00011801
0.00012696
0.00013544
0.00014341
0.00015084
0.0001577
0.00016397
0.0001696
0.00017458
0.00017889
0.00018251
0.00018542
0.0001876
0.00018905
0.00018975
0.0001897
0.00018891
0.00018736
0.00018507
0.00018203
0.00017827
0.00017378
0.00016859
0.00016272
0.00015618
0.000149
0.00014121
0.00013283
0.0001239
0.00011444
0.0001045
9.4115e-05
8.3321e-05
7.216e-05
6.0675e-05
4.8912e-05
3.6916e-05
2.4733e-05
1.2412e-05
-1.5529e-18
-1.2453e-05
-2.4899e-05
-3.7287e-05
-4.9569e-05
-6.1695e-05
-7.3618e-05
-8.5288e-05
-9.6659e-05
-0.00010769
-0.00011832
-0.00012852
-0.00013825
-0.00014746
-0.00015612
-0.00016419
-0.00017163
-0.00017842
-0.00018453
-0.00018993
-0.00019459
-0.00019849
-0.00020162
-0.00020397
-0.00020551
-0.00020625
-0.00020617
-0.00020528
-0.00020357
-0.00020105
-0.00019772
-0.00019361
-0.00018871
-0.00018305
-0.00017665
-0.00016953
-0.00016172
-0.00015324
-0.00014412
-0.00013441
-0.00012414
-0.00011334
-0.00010206
-9.0346e-05
-7.8234e-05
-6.5774e-05
-5.3016e-05
-4.0008e-05
-2.6801e-05
-1.3448e-05
-6.3018e-19
1.3489e-05
2.6967e-05
4.0379e-05
5.3672e-05
6.6794e-05
7.9692e-05
9.2313e-05
0.00010461
0.00011653
0.00012802
0.00013904
0.00014955
0.00015949
0.00016883
0.00017754
0.00018557
0.00019288
0.00019946
0.00020527
0.00021028
0.00021447
0.00021783
0.00022034
0.00022198
0.00022275
0.00022264
0.00022165
0.00021978
0.00021703
0.00021342
0.00020895
0.00020364
0.00019751
0.00019058
0.00018288
0.00017443
0.00016526
0.00015542
0.00014493
0.00013384
0.00012218
0.00011001
9.7371e-05
8.4308e-05
7.0873e-05
5.7119e-05
4.31e-05
2.8869e-05
1.4484e-05
-3.3964e-18
-1.4525e-05
-2.9035e-05
-4.3471e-05
-5.7776e-05
-7.1893e-05
-8.5766e-05
-9.9339e-05
-0.00011256
-0.00012537
-0.00013772
-0.00014956
-0.00016084
-0.00017152
-0.00018155
-0.00019089
-0.0001995
-0.00020734
-0.00021439
-0.00022061
-0.00022597
-0.00023045
-0.00023404
-0.00023671
-0.00023845
-0.00023925
-0.00023911
-0.00023802
-0.00023598
-0.00023301
-0.00022911
-0.00022429
-0.00021857
-0.00021197
-0.00020451
-0.00019623
-0.00018714
-0.00017729
-0.00016671
-0.00015545
-0.00014354
-0.00013103
-0.00011796
-0.0001044
-9.0382e-05
-7.5972e-05
-6.1222e-05
-4.6191e-05
-3.0937e-05
-1.552e-05
9.7084e-19
1.5561e-05
3.1103e-05
4.6562e-05
6.1879e-05
7.6992e-05
9.184e-05
0.00010636
0.00012051
0.00013421
0.00014742
0.00016008
0.00017214
0.00018355
0.00019426
0.00020424
0.00021343
0.0002218
0.00022932
0.00023595
0.00024166
0.00024644
0.00025025
0.00025308
0.00025492
0.00025575
0.00025557
0.00025439
0.00025219
0.00024899
0.0002448
0.00023963
0.0002335
0.00022643
0.00021844
0.00020958
0.00019986
0.00018932
0.00017801
0.00016597
0.00015324
0.00013987
0.00012591
0.00011142
9.6456e-05
8.1071e-05
6.5326e-05
4.9283e-05
3.3005e-05
1.6556e-05
-5.6928e-18
-1.6597e-05
-3.3171e-05
-4.9654e-05
-6.5982e-05
-8.209e-05
-9.7914e-05
-0.00011339
-0.00012845
-0.00014305
-0.00015711
-0.00017059
-0.00018343
-0.00019557
-0.00020698
-0.00021759
-0.00022736
-0.00023626
-0.00024425
-0.00025129
-0.00025736
-0.00026242
-0.00026646
-0.00026945
-0.00027138
-0.00027225
-0.00027204
-0.00027076
-0.0002684
-0.00026498
-0.00026049
-0.00025497
-0.00024843
-0.00024089
-0.00023238
-0.00022292
-0.00021257
-0.00020135
-0.0001893
-0.00017648
-0.00016293
-0.00014871
-0.00013386
-0.00011845
-0.00010253
-8.6169e-05
-6.9429e-05
-5.2375e-05
-3.5073e-05
-1.7592e-05
3.0247e-18
1.7633e-05
3.5239e-05
5.2746e-05
7.0086e-05
8.7189e-05
0.00010399
0.00012041
0.0001364
0.00015189
0.00016681
0.00018111
0.00019473
0.0002076
0.00021969
0.00023093
0.00024129
0.00025072
0.00025918
0.00026663
0.00027305
0.0002784
0.00028266
0.00028582
0.00028785
0.00028875
0.00028851
0.00028713
0.00028461
0.00028096
0.00027619
0.00027031
0.00026336
0.00025535
0.00024631
0.00023627
0.00022528
0.00021338
0.0002006
0.000187
0.00017263
0.00015755
0.00014181
0.00012547
0.0001086
9.1268e-05
7.3533e-05
5.5467e-05
3.7141e-05
1.8628e-05
-7.3535e-22
-1.867e-05
-3.7307e-05
-5.5838e-05
-7.4189e-05
-9.2288e-05
-0.00011006
-0.00012744
-0.00014435
-0.00016073
-0.00017651
-0.00019163
-0.00020602
-0.00021963
-0.0002324
-0.00024428
-0.00025522
-0.00026518
-0.00027411
-0.00028197
-0.00028874
-0.00029438
-0.00029887
-0.00030219
-0.00030432
-0.00030525
-0.00030498
-0.0003035
-0.00030082
-0.00029694
-0.00029188
-0.00028566
-0.00027829
-0.00026981
-0.00026024
-0.00024962
-0.000238
-0.0002254
-0.00021189
-0.00019752
-0.00018233
-0.00016639
-0.00014976
-0.0001325
-0.00011468
-9.6367e-05
-7.7636e-05
-5.8559e-05
-3.9209e-05
-1.9664e-05
5.5313e-18
1.9706e-05
3.9375e-05
5.893e-05
7.8293e-05
9.7387e-05
0.00011614
0.00013447
0.0001523
0.00016957
0.00018621
0.00020215
0.00021732
0.00023166
0.00024512
0.00025763
0.00026915
0.00027964
0.00028904
0.00029731
0.00030443
0.00031036
0.00031508
0.00031856
0.00032079
0.00032175
0.00032144
0.00031987
0.00031702
0.00031292
0.00030757
0.000301
0.00029322
0.00028427
0.00027417
0.00026297
0.00025071
0.00023743
0.00022319
0.00020804
0.00019203
0.00017523
0.00015771
0.00013952
0.00012075
0.00010147
8.1739e-05
6.165e-05
4.1277e-05
2.07e-05
7.1144e-18
-2.0721e-05
-4.136e-05
-6.1836e-05
-8.2068e-05
-0.00010198
-0.00012148
-0.00014051
-0.00015898
-0.00017682
-0.00019397
-0.00021035
-0.0002259
-0.00024056
-0.00025427
-0.00026698
-0.00027863
-0.00028918
-0.00029859
-0.00030683
-0.00031385
-0.00031963
-0.00032415
-0.0003274
-0.00032935
-0.00033
-0.00032935
-0.0003274
-0.00032415
-0.00031963
-0.00031385
-0.00030683
-0.00029859
-0.00028918
-0.00027863
-0.00026698
-0.00025427
-0.00024056
-0.0002259
-0.00021035
-0.00019397
-0.00017682
-0.00015898
-0.00014051
-0.00012148
-0.00010198
-8.2068e-05
-6.1836e-05
-4.136e-05
-2.0721e-05
-1.2928e-18
2.0721e-05
4.136e-05
6.1836e-05
8.2068e-05
0.00010198
0.00012148
0.00014051
0.00015898
0.00017682
0.00019397
0.00021035
0.0002259
0.00024056
0.00025427
0.00026698
0.00027863
0.00028918
0.00029859
0.00030683
0.00031385
0.00031963
0.00032415
0.0003274
0.00032935
0.00033
0.00032935
0.0003274
0.00032415
0.00031963
0.00031385
0.00030683
0.00029859
0.00028918
0.00027863
0.00026698
0.00025427
0.00024056
0.0002259
0.00021035
0.00019397
0.00017682
0.00015898
0.00014051
0.00012148
0.00010198
8.2068e-05
6.1836e-05
4.136e-05
2.0721e-05
4.8504e-18
-2.0721e-05
-4.136e-05
-6.1836e-05
-8.2068e-05
-0.00010198
-0.00012148
-0.00014051
-0.00015898
-0.00017682
-0.00019397
-0.00021035
-0.0002259
-0.00024056
-0.00025427
-0.00026698
-0.00027863
-0.00028918
-0.00029859
-0.00030683
-0.00031385
-0.00031963
-0.00032415
-0.0003274
-0.00032935
-0.00033
-0.00032935
-0.0003274
-0.00032415
-0.00031963
-0.00031385
-0.00030683
-0.00029859
-0.00028918
-0.00027863
-0.00026698
-0.00025427
-0.00024056
-0.0002259
-0.00021035
-0.00019397
-0.00017682
-0.00015898
-0.00014051
-0.00012148
-0.00010198
-8.2068e-05
-6.1836e-05
-4.136e-05
-2.0721e-05
-8.408e-18
2.0721e-05
4.136e-05
6.1836e-05
8.2068e-05
0.00010198
0.00012148
0.00014051
0.00015898
0.00017682
0.00019397
0.00021035
0.0002259
0.00024056
0.00025427
0.00026698
0.00027863
0.00028918
0.00029859
0.00030683
0.00031385
0.00031963
0.00032415
0.0003274
0.00032935
0.00033
0.00032935
0.0003274
0.00032415
0.00031963
0.00031385
0.00030683
0.00029859
0.00028918
0.00027863
0.00026698
0.00025427
0.00024056
0.0002259
0.00021035
0.00019397
0.00017682
0.00015898
0.00014051
0.00012148
0.00010198
8.2068e-05
6.1836e-05
4.136e-05
2.0721e-05
2.5865e-18
-2.0721e-05
-4.136e-05
-6.1836e-05
-8.2068e-05
-0.00010198
-0.00012148
-0.00014051
-0.00015898
-0.00017682
-0.00019397
-0.00021035
-0.0002259
-0.00024056
-0.00025427
-0.00026698
-0.00027863
-0.00028918
-0.00029859
-0.00030683
-0.00031385
-0.00031963
-0.00032415
-0.0003274
-0.00032935
-0.00033
-0.00032935
-0.0003274
-0.00032415
-0.00031963
-0.00031385
-0.00030683
-0.00029859
-0.00028918
-0.00027863
-0.00026698
-0.00025427
-0.00024056
-0.0002259
-0.00021035
-0.00019397
-0.00017682
-0.00015898
-0.00014051
-0.00012148
-0.00010198
-8.2068e-05
-6.1836e-05
-4.136e-05
-2.0721e-05
-6.1441e-18
2.0721e-05
4.136e-05
6.1836e-05
8.2068e-05
0.00010198
0.00012148
0.00014051
0.00015898
0.00017682
0.00019397
0.00021035
0.0002259
0.00024056
0.00025427
0.00026698
0.00027863
0.00028918
0.00029859
0.00030683
0.00031385
0.00031963
0.00032415
0.0003274
0.00032935
0.00033
0.00032935
0.0003274
0.00032415
0.00031963
0.00031385
0.00030683
0.00029859
0.00028918
0.00027863
0.00026698
0.00025427
0.00024056
0.0002259
0.00021035
0.00019397
0.00017682
0.00015898
0.00014051
0.00012148
0.00010198
8.2068e-05
6.1836e-05
4.136e-05
2.0721e-05
3.2249e-19
-2.0721e-05
-4.136e-05
-6.1836e-05
-8.2068e-05
-0.00010198
-0.00012148
-0.00014051
-0.00015898
-0.00017682
-0.00019397
-0.00021035
-0.0002259
-0.00024056
-0.00025427
-0.00026698
-0.00027863
-0.00028918
-0.00029859
-0.00030683
-0.00031385
-0.00031963
-0.00032415
-0.0003274
-0.00032935
-0.00033
-0.00032935
-0.0003274
-0.00032415
-0.00031963
-0.00031385
-0.00030683
-0.00029859
-0.00028918
-0.00027863
-0.00026698
-0.00025427
-0.00024056
-0.0002259
-0.00021035
-0.00019397
-0.00017682
-0.00015898
-0.00014051
-0.00012148
-0.00010198
-8.2068e-05
-6.1836e-05
-4.136e-05
-2.0721e-05
-3.8801e-18
2.0721e-05
4.136e-05
6.1836e-05
8.2068e-05
0.00010198
0.00012148
0.00014051
0.00015898
0.00017682
0.00019397
0.00021035
0.0002259
0.00024056
0.00025427
0.00026698
0.00027863
0.00028918
0.00029859
0.00030683
0.00031385
0.00031963
0.00032415
0.0003274
0.00032935
0.00033
0.00032935
0.0003274
0.00032415
0.00031963
0.00031385
0.00030683
0.00029859
0.00028918
0.00027863
0.00026698
0.00025427
0.00024056
0.0002259
0.00021035
0.00019397
0.00017682
0.00015898
0.00014051
0.00012148
0.00010198
8.2068e-05
6.1836e-05
4.136e-05
2.0721e-05
7.4377e-18
-2.0721e-05
-4.136e-05
-6.1836e-05
-8.2068e-05
-0.00010198
-0.00012148
-0.00014051
-0.00015898
-0.00017682
-0.00019397
-0.00021035
-0.0002259
-0.00024056
-0.00025427
-0.00026698
-0.00027863
-0.00028918
-0.00029859
-0.00030683
-0.00031385
-0.00031963
-0.00032415
-0.0003274
-0.00032935
-0.00033
-0.00032935
-0.0003274
-0.00032415
-0.00031963
-0.00031385
-0.00030683
-0.00029859
-0.00028918
-0.00027863
-0.00026698
-0.00025427
-0.00024056
-0.0002259
-0.00021035
-0.00019397
-0.00017682
-0.00015898
-0.00014051
-0.00012148
-0.00010198
-8.2068e-05
-6.1836e-05
-4.136e-05
-2.0721e-05
-1.6161e-18
2.0721e-05
4.136e-05
6.1836e-05
8.2068e-05
0.00010198
0.00012148
0.00014051
0.00015898
0.00017682
0.00019397
0.00021035
0.0002259
0.00024056
0.00025427
0.00026698
0.00027863
0.00028918
0.00029859
0.00030683
0.00031385
0.00031963
0.00032415
0.0003274
0.00032935
0.00033
0.00032935
0.0003274
0.00032415
0.00031963
0.00031385
0.00030683
0.00029859
0.00028918
0.00027863
0.00026698
0.00025427
0.00024056
0.0002259
0.00021035
0.00019397
0.00017682
0.00015898
0.00014051
0.00012148
0.00010198
8.2068e-05
6.1836e-05
4.136e-05
2.0721e-05
5.1737e-18
-2.0721e-05
-4.136e-05
-6.1836e-05
-8.2068e-05
-0.00010198
-0.00012148
-0.00014051
-0.00015898
-0.00017682
-0.00019397
-0.00021035
-0.0002259
-0.00024056
-0.00025427
-0.00026698
-0.00027863
-0.00028918
-0.00029859
-0.00030683
-0.00031385
-0.00031963
-0.00032415
-0.0003274
-0.00032935
-0.00033
-0.00032935
-0.0003274
-0.00032415
-0.00031963
-0.00031385
-0.00030683
-0.00029859
-0.00028918
-0.00027863
-0.00026698
-0.00025427
-0.00024056
-0.0002259
-0.00021035
-0.00019397
-0.00017682
-0.00015898
-0.00014051
-0.00012148
-0.00010198
-8.2068e-05
-6.1836e-05
-4.136e-05
-2.0721e-05
6.4784e-19
2.0721e-05
4.136e-05
6.1836e-05
8.2068e-05
0.00010198
0.00012148
0.00014051
0.00015898
0.00017682
0.00019397
0.00021035
0.0002259
0.00024056
0.00025427
0.00026698
0.00027863
0.00028918
0.00029859
0.00030683
0.00031385
0.00031963
0.00032415
0.0003274
0.00032935
0.00033
0.00032935
0.0003274
0.00032415
0.00031963
0.00031385
0.00030683
0.00029859
0.00028918
0.00027863
0.00026698
0.00025427
0.00024056
0.0002259
0.00021035
0.00019397
0.00017682
0.00015898
0.00014051
0.00012148
0.00010198
8.2068e-05
6.1836e-05
4.136e-05
2.0721e-05
2.9098e-18
-2.0721e-05
-4.136e-05
-6.1836e-05
-8.2068e-05
-0.00010198
-0.00012148
-0.00014051
-0.00015898
-0.00017682
-0.00019397
-0.00021035
-0.0002259
-0.00024056
-0.00025427
-0.00026698
-0.00027863
-0.00028918
-0.00029859
-0.00030683
-0.00031385
-0.00031963
-0.00032415
-0.0003274
-0.00032935
-0.00033
-0.00032935
-0.0003274
-0.00032415
-0.00031963
-0.00031385
-0.00030683
-0.00029859
-0.00028918
-0.00027863
-0.00026698
-0.00025427
-0.00024056
-0.0002259
-0.00021035
-0.00019397
-0.00017682
-0.00015898
-0.00014051
-0.00012148
-0.00010198
-8.2068e-05
-6.1836e-05
-4.136e-05
-2.0721e-05
-6.4674e-18
2.0721e-05
4.136e-05
6.1836e-05
8.2068e-05
0.00010198
0.00012148
0.00014051
0.00015898
0.00017682
0.00019397
0.00021035
0.0002259
0.00024056
0.00025427
0.00026698
0.00027863
0.00028918
0.00029859
0.00030683
0.00031385
0.00031963
0.00032415
0.0003274
0.00032935
0.00033
0.00032935
0.0003274
0.00032415
0.00031963
0.00031385
0.00030683
0.00029859
0.00028918
0.00027863
0.00026698
0.00025427
0.00024056
0.0002259
0.00021035
0.00019397
0.00017682
0.00015898
0.00014051
0.00012148
0.00010198
8.2068e-05
6.1836e-05
4.136e-05
2.0721e-05
6.458e-19
-2.0721e-05
-4.136e-05
-6.1836e-05
-8.2068e-05
-0.00010198
-0.00012148
-0.00014051
-0.00015898
-0.00017682
-0.00019397
-0.00021035
-0.0002259
-0.00024056
-0.00025427
-0.00026698
-0.00027863
-0.00028918
-0.00029859
-0.00030683
-0.00031385
-0.00031963
-0.00032415
-0.0003274
-0.00032935
-0.00033
-0.00032935
-0.0003274
-0.00032415
-0.00031963
-0.00031385
-0.00030683
-0.00029859
-0.00028918
-0.00027863
-0.00026698
-0.00025427
-0.00024056
-0.0002259
-0.00021035
-0.00019397
-0.00017682
-0.00015898
-0.00014051
-0.00012148
-0.00010198
-8.2068e-05
-6.1836e-05
-4.136e-05
-2.0721e-05
-4.2034e-18
2.0721e-05
4.136e-05
6.1836e-05
8.2068e-05
0.00010198
0.00012148
0.00014051
0.00015898
0.00017682
0.00019397
0.00021035
0.0002259
0.00024056
0.00025427
0.00026698
0.00027863
0.00028918
0.00029859
0.00030683
0.00031385
0.00031963
0.00032415
0.0003274
0.00032935
0.00033
0.00032935
0.0003274
0.00032415
0.00031963
0.00031385
0.00030683
0.00029859
0.00028918
0.00027863
0.00026698
0.00025427
0.00024056
0.0002259
0.00021035
0.00019397
0.00017682
0.00015898
0.00014051
0.00012148
0.00010198
8.2068e-05
6.1836e-05
4.136e-05
2.0721e-05
-1.6182e-18
-2.0721e-05
-4.136e-05
-6.1836e-05
-8.2068e-05
-0.00010198
-0.00012148
-0.00014051
-0.00015898
-0.00017682
-0.00019397
-0.00021035
-0.0002259
-0.00024056
-0.00025427
-0.00026698
-0.00027863
-0.00028918
-0.00029859
-0.00030683
-0.00031385
-0.00031963
-0.00032415
-0.0003274
-0.00032935
-0.00033
-0.00032935
-0.0003274
-0.00032415
-0.00031963
-0.00031385
-0.00030683
-0.00029859
-0.00028918
-0.00027863
-0.00026698
-0.00025427
-0.00024056
-0.0002259
-0.00021035
-0.00019397
-0.00017682
-0.00015898
-0.00014051
-0.00012148
-0.00010198
-8.2068e-05
-6.1836e-05
-4.136e-05
-2.0721e-05
-1.9394e-18
2.0721e-05
4.136e-05
6.1836e-05
8.2068e-05
0.00010198
0.00012148
0.00014051
0.00015898
0.00017682
0.00019397
0.00021035
0.0002259
0.00024056
0.00025427
0.00026698
0.00027863
0.00028918
0.00029859
0.00030683
0.00031385
0.00031963
0.00032415
0.0003274
0.00032935
0.00033
0.00032935
0.0003274
0.00032415
0.00031963
0.00031385
0.00030683
0.00029859
0.00028918
0.00027863
0.00026698
0.00025427
0.00024056
0.0002259
0.00021035
0.00019397
0.00017682
0.00015898
0.00014051
0.00012148
0.00010198
8.2068e-05
6.1836e-05
4.136e-05
2.0721e-05
5.497e-18
-2.0721e-05
-4.136e-05
-6.1836e-05
-8.2068e-05
-0.00010198
-0.00012148
-0.00014051
-0.00015898
-0.00017682
-0.00019397
-0.00021035
-0.0002259
-0.00024056
-0.00025427
-0.00026698
-0.00027863
-0.00028918
-0.00029859
-0.00030683
-0.00031385
-0.00031963
-0.00032415
-0.0003274
-0.00032935
-0.00033
-0.00032935
-0.0003274
-0.00032415
-0.00031963
-0.00031385
-0.00030683
-0.00029859
-0.00028918
-0.00027863
-0.00026698
-0.00025427
-0.00024056
-0.0002259
-0.00021035
-0.00019397
-0.00017682
-0.00015898
-0.00014051
-0.00012148
-0.00010198
-8.2068e-05
-6.1836e-05
-4.136e-05
-2.0721e-05
3.2453e-19
2.0721e-05
4.136e-05
6.1836e-05
8.2068e-05
0.00010198
0.00012148
0.00014051
0.00015898
0.00017682
0.00019397
0.00021035
0.0002259
0.00024056
0.00025427
0.00026698
0.00027863
0.00028918
0.00029859
0.00030683
0.00031385
0.00031963
0.00032415
0.0003274
0.00032935
0.00033
0.00032935
0.0003274
0.00032415
0.00031963
0.00031385
0.00030683
0.00029859
0.00028918
0.00027863
0.00026698
0.00025427
0.00024056
0.0002259
0.00021035
0.00019397
0.00017682
0.00015898
0.00014051
0.00012148
0.00010198
8.2068e-05
6.1836e-05
4.136e-05
2.0721e-05
3.2331e-18
-2.0721e-05
-4.136e-05
-6.1836e-05
-8.2068e-05
-0.00010198
-0.00012148
-0.00014051
-0.00015898
-0.00017682
-0.00019397
-0.00021035
-0.0002259
-0.00024056
-0.00025427
-0.00026698
-0.00027863
-0.00028918
-0.00029859
-0.00030683
-0.00031385
-0.00031963
-0.00032415
-0.0003274
-0.00032935
-0.00033
-0.00032935
-0.0003274
-0.00032415
-0.00031963
-0.00031385
-0.00030683
-0.00029859
-0.00028918
-0.00027863
-0.00026698
-0.00025427
-0.00024056
-0.0002259
-0.00021035
-0.00019397
-0.00017682
-0.00015898
-0.00014051
-0.00012148
-0.00010198
-8.2068e-05
-6.1836e-05
-4.136e-05
-2.0721e-05
-6.7907e-18
2.0721e-05
4.136e-05
6.1836e-05
8.2068e-05
0.00010198
0.00012148
0.00014051
0.00015898
0.00017682
0.00019397
0.00021035
0.0002259
0.00024056
0.00025427
0.00026698
0.00027863
0.00028918
0.00029859
0.00030683
0.00031385
0.00031963
0.00032415
0.0003274
0.00032935
0.00033
0.00032935
0.0003274
0.00032415
0.00031963
0.00031385
0.00030683
0.00029859
0.00028918
0.00027863
0.00026698
0.00025427
0.00024056
0.0002259
0.00021035
0.00019397
0.00017682
0.00015898
0.00014051
0.00012148
0.00010198
8.2068e-05
6.1836e-05
4.136e-05
2.0721e-05
1.0348e-17
-2.0721e-05
-4.136e-05
-6.1836e-05
-8.2068e-05
-0.00010198
-0.00012148
-0.00014051
-0.00015898
-0.00017682
-0.00019397
-0.00021035
-0.0002259
-0.00024056
-0.00025427
-0.00026698
-0.00027863
-0.00028918
-0.00029859
-0.00030683
-0.00031385
-0.00031963
-0.00032415
-0.0003274
-0.00032935
-0.00033
-0.00032935
-0.0003274
-0.00032415
-0.00031963
-0.00031385
-0.00030683
-0.00029859
-0.00028918
-0.00027863
-0.00026698
-0.00025427
-0.00024056
-0.0002259
-0.00021035
-0.00019397
-0.00017682
-0.00015898
-0.00014051
-0.00012148
-0.00010198
-8.2068e-05
-6.1836e-05
-4.136e-05
-2.0721e-05
4.8525e-18
2.0721e-05
4.136e-05
6.1836e-05
8.2068e-05
0.00010198
0.00012148
0.00014051
0.00015898
0.00017682
0.00019397
0.00021035
0.0002259
0.00024056
0.00025427
0.00026698
0.00027863
0.00028918
0.00029859
0.00030683
0.00031385
0.00031963
0.00032415
0.0003274
0.00032935
0.00033
0.00032935
0.0003274
0.00032415
0.00031963
0.00031385
0.00030683
0.00029859
0.00028918
0.00027863
0.00026698
0.00025427
0.00024056
0.0002259
0.00021035
0.00019397
0.00017682
0.00015898
0.00014051
0.00012148
0.00010198
8.2068e-05
6.1836e-05
4.136e-05
2.0721e-05
-1.2949e-18
-2.0721e-05
-4.136e-05
-6.1836e-05
-8.2068e-05
-0.00010198
-0.00012148
-0.00014051
-0.00015898
-0.00017682
-0.00019397
-0.00021035
-0.0002259
-0.00024056
-0.00025427
-0.00026698
-0.00027863
-0.00028918
-0.00029859
-0.00030683
-0.00031385
-0.00031963
-0.00032415
-0.0003274
-0.00032935
-0.00033
-0.00032935
-0.0003274
-0.00032415
-0.00031963
-0.00031385
-0.00030683
-0.00029859
-0.00028918
-0.00027863
-0.00026698
-0.00025427
-0.00024056
-0.0002259
-0.00021035
-0.00019397
-0.00017682
-0.00015898
-0.00014051
-0.00012148
-0.00010198
-8.2068e-05
-6.1836e-05
-4.136e-05
-2.0721e-05
-2.2627e-18
2.0721e-05
4.136e-05
6.1836e-05
8.2068e-05
0.00010198
0.00012148
0.00014051
0.00015898
0.00017682
0.00019397
0.00021035
0.0002259
0.00024056
0.00025427
0.00026698
0.00027863
0.00028918
0.00029859
0.00030683
0.00031385
0.00031963
0.00032415
0.0003274
0.00032935
0.00033
0.00032935
0.0003274
0.00032415
0.00031963
0.00031385
0.00030683
0.00029859
0.00028918
0.00027863
0.00026698
0.00025427
0.00024056
0.0002259
0.00021035
0.00019397
0.00017682
0.00015898
0.00014051
0.00012148
0.00010198
8.2068e-05
6.1836e-05
4.136e-05
2.0721e-05
5.8203e-18
-2.0721e-05
-4.136e-05
-6.1836e-05
-8.2068e-05
-0.00010198
-0.00012148
-0.00014051
-0.00015898
-0.00017682
-0.00019397
-0.00021035
-0.0002259
-0.00024056
-0.00025427
-0.00026698
-0.00027863
-0.00028918
-0.00029859
-0.00030683
-0.00031385
-0.00031963
-0.00032415
-0.0003274
-0.00032935
-0.00033
-0.00032935
-0.0003274
-0.00032415
-0.00031963
-0.00031385
-0.00030683
-0.00029859
-0.00028918
-0.00027863
-0.00026698
-0.00025427
-0.00024056
-0.0002259
-0.00021035
-0.00019397
-0.00017682
-0.00015898
-0.00014051
-0.00012148
-0.00010198
-8.2068e-05
-6.1836e-05
-4.136e-05
-2.0721e-05
9.3804e-18
2.0721e-05
4.136e-05
6.1836e-05
8.2068e-05
0.00010198
0.00012148
0.00014051
0.00015898
0.00017682
0.00019397
0.00021035
0.0002259
0.00024056
0.00025427
0.00026698
0.00027863
0.00028918
0.00029859
0.00030683
0.00031385
0.00031963
0.00032415
0.0003274
0.00032935
0.00033
0.00032935
0.0003274
0.00032415
0.00031963
0.00031385
0.00030683
0.00029859
0.00028918
0.00027863
0.00026698
0.00025427
0.00024056
0.0002259
0.00021035
0.00019397
0.00017682
0.00015898
0.00014051
0.00012148
0.00010198
8.2068e-05
6.1836e-05
4.136e-05
2.0721e-05
-5.8228e-18
-2.0721e-05
-4.136e-05
-6.1836e-05
-8.2068e-05
-0.00010198
-0.00012148
-0.00014051
-0.00015898
-0.00017682
-0.00019397
-0.00021035
-0.0002259
-0.00024056
-0.00025427
-0.00026698
-0.00027863
-0.00028918
-0.00029859
-0.00030683
-0.00031385
-0.00031963
-0.00032415
-0.0003274
-0.00032935
-0.00033
-0.00032935
-0.0003274
-0.00032415
-0.00031963
-0.00031385
-0.00030683
-0.00029859
-0.00028918
-0.00027863
-0.00026698
-0.00025427
-0.00024056
-0.0002259
-0.00021035
-0.00019397
-0.00017682
-0.00015898
-0.00014051
-0.00012148
-0.00010198
-8.2068e-05
-6.1836e-05
-4.136e-05
-2.0721e-05
2.2652e-18
2.0721e-05
4.136e-05
6.1836e-05
8.2068e-05
0.00010198
0.00012148
0.00014051
0.00015898
0.00017682
0.00019397
0.00021035
0.0002259
0.00024056
0.00025427
0.00026698
0.00027863
0.00028918
0.00029859
0.00030683
0.00031385
0.00031963
0.00032415
0.0003274
0.00032935
0.00033
0.00032935
0.0003274
0.00032415
0.00031963
0.00031385
0.00030683
0.00029859
0.00028918
0.00027863
0.00026698
0.00025427
0.00024056
0.0002259
0.00021035
0.00019397
0.00017682
0.00015898
0.00014051
0.00012148
0.00010198
8.2068e-05
6.1836e-05
4.136e-05
2.0721e-05
1.2924e-18
-2.0721e-05
-4.136e-05
-6.1836e-05
-8.2068e-05
-0.00010198
-0.00012148
-0.00014051
-0.00015898
-0.00017682
-0.00019397
-0.00021035
-0.0002259
-0.00024056
-0.00025427
-0.00026698
-0.00027863
-0.00028918
-0.00029859
-0.00030683
-0.00031385
-0.00031963
-0.00032415
-0.0003274
-0.00032935
-0.00033
-0.00032935
-0.0003274
-0.00032415
-0.00031963
-0.00031385
-0.00030683
-0.00029859
-0.00028918
-0.00027863
-0.00026698
-0.00025427
-0.00024056
-0.0002259
-0.00021035
-0.00019397
-0.00017682
-0.00015898
-0.00014051
-0.00012148
-0.00010198
-8.2068e-05
-6.1836e-05
-4.136e-05
-2.0721e-05
-4.85e-18
2.0721e-05
4.136e-05
6.1836e-05
8.2068e-05
0.00010198
0.00012148
0.00014051
0.00015898
0.00017682
0.00019397
0.00021035
0.0002259
0.00024056
0.00025427
0.00026698
0.00027863
0.00028918
0.00029859
0.00030683
0.00031385
0.00031963
0.00032415
0.0003274
0.00032935
0.00033
0.00032935
0.0003274
0.00032415
0.00031963
0.00031385
0.00030683
0.00029859
0.00028918
0.00027863
0.00026698
0.00025427
0.00024056
0.0002259
0.00021035
0.00019397
0.00017682
0.00015898
0.00014051
0.00012148
0.00010198
8.2068e-05
6.1836e-05
4.136e-05
2.0721e-05
-1.0351e-17
-2.0721e-05
-4.136e-05
-6.1836e-05
-8.2068e-05
-0.00010198
-0.00012148
-0.00014051
-0.00015898
-0.00017682
-0.00019397
-0.00021035
-0.0002259
-0.00024056
-0.00025427
-0.00026698
-0.00027863
-0.00028918
-0.00029859
-0.00030683
-0.00031385
-0.00031963
-0.00032415
-0.0003274
-0.00032935
-0.00033
-0.00032935
-0.0003274
-0.00032415
-0.00031963
-0.00031385
-0.00030683
-0.00029859
-0.00028918
-0.00027863
-0.00026698
-0.00025427
-0.00024056
-0.0002259
-0.00021035
-0.00019397
-0.00017682
-0.00015898
-0.00014051
-0.00012148
-0.00010198
-8.2068e-05
-6.1836e-05
-4.136e-05
-2.0721e-05
6.7931e-18
2.0721e-05
4.136e-05
6.1836e-05
8.2068e-05
0.00010198
0.00012148
0.00014051
0.00015898
0.00017682
0.00019397
0.00021035
0.0002259
0.00024056
0.00025427
0.00026698
0.00027863
0.00028918
0.00029859
0.00030683
0.00031385
0.00031963
0.00032415
0.0003274
0.00032935
0.00033
0.00032935
0.0003274
0.00032415
0.00031963
0.00031385
0.00030683
0.00029859
0.00028918
0.00027863
0.00026698
0.00025427
0.00024056
0.0002259
0.00021035
0.00019397
0.00017682
0.00015898
0.00014051
0.00012148
0.00010198
8.2068e-05
6.1836e-05
4.136e-05
2.0721e-05
-3.2355e-18
-2.0721e-05
-4.136e-05
-6.1836e-05
-8.2068e-05
-0.00010198
-0.00012148
-0.00014051
-0.00015898
-0.00017682
-0.00019397
-0.00021035
-0.0002259
-0.00024056
-0.00025427
-0.00026698
-0.00027863
-0.00028918
-0.00029859
-0.00030683
-0.00031385
-0.00031963
-0.00032415
-0.0003274
-0.00032935
-0.00033
-0.00032935
-0.0003274
-0.00032415
-0.00031963
-0.00031385
-0.00030683
-0.00029859
-0.00028918
-0.00027863
-0.00026698
-0.00025427
-0.00024056
-0.0002259
-0.00021035
-0.00019397
-0.00017682
-0.00015898
-0.00014051
-0.00012148
-0.00010198
-8.2068e-05
-6.1836e-05
-4.136e-05
-2.0721e-05
-3.2208e-19
2.0721e-05
4.136e-05
6.1836e-05
8.2068e-05
0.00010198
0.00012148
0.00014051
0.00015898
0.00017682
0.00019397
0.00021035
0.0002259
0.00024056
0.00025427
0.00026698
0.00027863
0.00028918
0.00029859
0.00030683
0.00031385
0.00031963
0.00032415
0.0003274
0.00032935
0.00033
0.00032935
0.0003274
0.00032415
0.00031963
0.00031385
0.00030683
0.00029859
0.00028918
0.00027863
0.00026698
0.00025427
0.00024056
0.0002259
0.00021035
0.00019397
0.00017682
0.00015898
0.00014051
0.00012148
0.00010198
8.2068e-05
6.1836e-05
4.136e-05
2.0721e-05
3.8797e-18
-2.0721e-05
-4.136e-05
-6.1836e-05
-8.2068e-05
-0.00010198
-0.00012148
-0.00014051
-0.00015898
-0.00017682
-0.00019397
-0.00021035
-0.0002259
-0.00024056
-0.00025427
-0.00026698
-0.00027863
-0.00028918
-0.00029859
-0.00030683
-0.00031385
-0.00031963
-0.00032415
-0.0003274
-0.00032935
-0.00033
-0.00032935
-0.0003274
-0.00032415
-0.00031963
-0.00031385
-0.00030683
-0.00029859
-0.00028918
-0.00027863
-0.00026698
-0.00025427
-0.00024056
-0.0002259
-0.00021035
-0.00019397
-0.00017682
-0.00015898
-0.00014051
-0.00012148
-0.00010198
-8.2068e-05
-6.1836e-05
-4.136e-05
-2.0721e-05
1.1321e-17
2.0721e-05
4.136e-05
6.1836e-05
8.2068e-05
0.00010198
0.00012148
0.00014051
0.00015898
0.00017682
0.00019397
0.00021035
0.0002259
0.00024056
0.00025427
0.00026698
0.00027863
0.00028918
0.00029859
0.00030683
0.00031385
0.00031963
0.00032415
0.0003274
0.00032935
0.00033
0.00032935
0.0003274
0.00032415
0.00031963
0.00031385
0.00030683
0.00029859
0.00028918
0.00027863
0.00026698
0.00025427
0.00024056
0.0002259
0.00021035
0.00019397
0.00017682
0.00015898
0.00014051
0.00012148
0.00010198
8.2068e-05
6.1836e-05
4.136e-05
2.0721e-05
-7.7634e-18
-2.0721e-05
-4.136e-05
-6.1836e-05
-8.2068e-05
-0.00010198
-0.00012148
-0.00014051
-0.00015898
-0.00017682
-0.00019397
-0.00021035
-0.0002259
-0.00024056
-0.00025427
-0.00026698
-0.00027863
-0.00028918
-0.00029859
-0.00030683
-0.00031385
-0.00031963
-0.00032415
-0.0003274
-0.00032935
-0.00033
-0.00032935
-0.0003274
-0.00032415
-0.00031963
-0.00031385
-0.00030683
-0.00029859
-0.00028918
-0.00027863
-0.00026698
-0.00025427
-0.00024056
-0.0002259
-0.00021035
-0.00019397
-0.00017682
-0.00015898
-0.00014051
-0.00012148
-0.00010198
-8.2068e-05
-6.1836e-05
-4.136e-05
-2.0721e-05
4.2058e-18
2.0721e-05
4.136e-05
6.1836e-05
8.2068e-05
0.00010198
0.00012148
0.00014051
0.00015898
0.00017682
0.00019397
0.00021035
0.0002259
0.00024056
0.00025427
0.00026698
0.00027863
0.00028918
0.00029859
0.00030683
0.00031385
0.00031963
0.00032415
0.0003274
0.00032935
0.00033
0.00032935
0.0003274
0.00032415
0.00031963
0.00031385
0.00030683
0.00029859
0.00028918
0.00027863
0.00026698
0.00025427
0.00024056
0.0002259
0.00021035
0.00019397
0.00017682
0.00015898
0.00014051
0.00012148
0.00010198
8.2068e-05
6.1836e-05
4.136e-05
2.0721e-05
-6.4825e-19
-2.0721e-05
-4.136e-05
-6.1836e-05
-8.2068e-05
-0.00010198
-0.00012148
-0.00014051
-0.00015898
-0.00017682
-0.00019397
-0.00021035
-0.0002259
-0.00024056
-0.00025427
-0.00026698
-0.00027863
-0.00028918
-0.00029859
-0.00030683
-0.00031385
-0.00031963
-0.00032415
-0.0003274
-0.00032935
-0.00033
-0.00032935
-0.0003274
-0.00032415
-0.00031963
-0.00031385
-0.00030683
-0.00029859
-0.00028918
-0.00027863
-0.00026698
-0.00025427
-0.00024056
-0.0002259
-0.00021035
-0.00019397
-0.00017682
-0.00015898
-0.00014051
-0.00012148
-0.00010198
-8.2068e-05
-6.1836e-05
-4.136e-05
-2.0721e-05
-2.9094e-18
2.0721e-05
4.136e-05
6.1836e-05
8.2068e-05
0.00010198
0.00012148
0.00014051
0.00015898
0.00017682
0.00019397
0.00021035
0.0002259
0.00024056
0.00025427
0.00026698
0.00027863
0.00028918
0.00029859
0.00030683
0.00031385
0.00031963
0.00032415
0.0003274
0.00032935
0.00033
0.00032935
0.0003274
0.00032415
0.00031963
0.00031385
0.00030683
0.00029859
0.00028918
0.00027863
0.00026698
0.00025427
0.00024056
0.0002259
0.00021035
0.00019397
0.00017682
0.00015898
0.00014051
0.00012148
0.00010198
8.2068e-05
6.1836e-05
4.136e-05
2.0721e-05
6.467e-18
-2.0721e-05
-4.136e-05
-6.1836e-05
-8.2068e-05
-0.00010198
-0.00012148
-0.00014051
-0.00015898
-0.00017682
-0.00019397
-0.00021035
-0.0002259
-0.00024056
-0.00025427
-0.00026698
-0.00027863
-0.00028918
-0.00029859
-0.00030683
-0.00031385
-0.00031963
-0.00032415
-0.0003274
-0.00032935
-0.00033
-0.00032935
-0.0003274
-0.00032415
-0.00031963
-0.00031385
-0.00030683
-0.00029859
-0.00028918
-0.00027863
-0.00026698
-0.00025427
-0.00024056
-0.0002259
-0.00021035
-0.00019397
-0.00017682
-0.00015898
-0.00014051
-0.00012148
-0.00010198
-8.2068e-05
-6.1836e-05
-4.136e-05
-2.0721e-05
-1.0025e-17
2.0721e-05
4.136e-05
6.1836e-05
8.2068e-05
0.00010198
0.00012148
0.00014051
0.00015898
0.00017682
0.00019397
0.00021035
0.0002259
0.00024056
0.00025427
0.00026698
0.00027863
0.00028918
0.00029859
0.00030683
0.00031385
0.00031963
0.00032415
0.0003274
0.00032935
0.00033
0.00032935
0.0003274
0.00032415
0.00031963
0.00031385
0.00030683
0.00029859
0.00028918
0.00027863
0.00026698
0.00025427
0.00024056
0.0002259
0.00021035
0.00019397
0.00017682
0.00015898
0.00014051
0.00012148
0.00010198
8.2068e-05
6.1836e-05
4.136e-05
2.0721e-05
-5.1762e-18
-2.0721e-05
-4.136e-05
-6.1836e-05
-8.2068e-05
-0.00010198
-0.00012148
-0.00014051
-0.00015898
-0.00017682
-0.00019397
-0.00021035
-0.0002259
-0.00024056
-0.00025427
-0.00026698
-0.00027863
-0.00028918
-0.00029859
-0.00030683
-0.00031385
-0.00031963
-0.00032415
-0.0003274
-0.00032935
-0.00033
-0.00032935
-0.0003274
-0.00032415
-0.00031963
-0.00031385
-0.00030683
-0.00029859
-0.00028918
-0.00027863
-0.00026698
-0.00025427
-0.00024056
-0.0002259
-0.00021035
-0.00019397
-0.00017682
-0.00015898
-0.00014051
-0.00012148
-0.00010198
-8.2068e-05
-6.1836e-05
-4.136e-05
-2.0721e-05
1.6186e-18
2.0721e-05
4.136e-05
6.1836e-05
8.2068e-05
0.00010198
0.00012148
0.00014051
0.00015898
0.00017682
0.00019397
0.00021035
0.0002259
0.00024056
0.00025427
0.00026698
0.00027863
0.00028918
0.00029859
0.00030683
0.00031385
0.00031963
0.00032415
0.0003274
0.00032935
0.00033
0.00032935
0.0003274
0.00032415
0.00031963
0.00031385
0.00030683
0.00029859
0.00028918
0.00027863
0.00026698
0.00025427
0.00024056
0.0002259
0.00021035
0.00019397
0.00017682
0.00015898
0.00014051
0.00012148
0.00010198
8.2068e-05
6.1836e-05
4.136e-05
2.0721e-05
1.939e-18
-2.0721e-05
-4.136e-05
-6.1836e-05
-8.2068e-05
-0.00010198
-0.00012148
-0.00014051
-0.00015898
-0.00017682
-0.00019397
-0.00021035
-0.0002259
-0.00024056
-0.00025427
-0.00026698
-0.00027863
-0.00028918
-0.00029859
-0.00030683
-0.00031385
-0.00031963
-0.00032415
-0.0003274
-0.00032935
-0.00033
-0.00032935
-0.0003274
-0.00032415
-0.00031963
-0.00031385
-0.00030683
-0.00029859
-0.00028918
-0.00027863
-0.00026698
-0.00025427
-0.00024056
-0.0002259
-0.00021035
-0.00019397
-0.00017682
-0.00015898
-0.00014051
-0.00012148
-0.00010198
-8.2068e-05
-6.1836e-05
-4.136e-05
-2.0721e-05
-5.4966e-18
2.0721e-05
4.136e-05
6.1836e-05
8.2068e-05
0.00010198
0.00012148
0.00014051
0.00015898
0.00017682
0.00019397
0.00021035
0.0002259
0.00024056
0.00025427
0.00026698
0.00027863
0.00028918
0.00029859
0.00030683
0.00031385
0.00031963
0.00032415
0.0003274
0.00032935
0.00033
0.00032935
0.0003274
0.00032415
0.00031963
0.00031385
0.00030683
0.00029859
0.00028918
0.00027863
0.00026698
0.00025427
0.00024056
0.0002259
0.00021035
0.00019397
0.00017682
0.00015898
0.00014051
0.00012148
0.00010198
8.2068e-05
6.1836e-05
4.136e-05
2.0721e-05
9.0542e-18
-2.0721e-05
-4.136e-05
-6.1836e-05
-8.2068e-05
-0.00010198
-0.00012148
-0.00014051
-0.00015898
-0.00017682
-0.00019397
-0.00021035
-0.0002259
-0.00024056
-0.00025427
-0.00026698
-0.00027863
-0.00028918
-0.00029859
-0.00030683
-0.00031385
-0.00031963
-0.00032415
-0.0003274
-0.00032935
-0.00033
-0.00032935
-0.0003274
-0.00032415
-0.00031963
-0.00031385
-0.00030683
-0.00029859
-0.00028918
-0.00027863
-0.00026698
-0.00025427
-0.00024056
-0.0002259
-0.00021035
-0.00019397
-0.00017682
-0.00015898
-0.00014051
-0.00012148
-0.00010198
-8.2068e-05
-6.1836e-05
-4.136e-05
-2.0721e-05
6.1465e-18
2.0721e-05
4.136e-05
6.1836e-05
8.2068e-05
0.00010198
0.00012148
0.00014051
0.00015898
0.00017682
0.00019397
0.00021035
0.0002259
0.00024056
0.00025427
0.00026698
0.00027863
0.00028918
0.00029859
0.00030683
0.00031385
0.00031963
0.00032415
0.0003274
0.00032935
0.00033
0.00032935
0.0003274
0.00032415
0.00031963
0.00031385
0.00030683
0.00029859
0.00028918
0.00027863
0.00026698
0.00025427
0.00024056
0.0002259
0.00021035
0.00019397
0.00017682
0.00015898
0.00014051
0.00012148
0.00010198
8.2068e-05
6.1836e-05
4.136e-05
2.0721e-05
-2.5889e-18
-2.0721e-05
-4.136e-05
-6.1836e-05
-8.2068e-05
-0.00010198
-0.00012148
-0.00014051
-0.00015898
-0.00017682
-0.00019397
-0.00021035
-0.0002259
-0.00024056
-0.00025427
-0.00026698
-0.00027863
-0.00028918
-0.00029859
-0.00030683
-0.00031385
-0.00031963
-0.00032415
-0.0003274
-0.00032935
-0.00033
-0.00032935
-0.0003274
-0.00032415
-0.00031963
-0.00031385
-0.00030683
-0.00029859
-0.00028918
-0.00027863
-0.00026698
-0.00025427
-0.00024056
-0.0002259
-0.00021035
-0.00019397
-0.00017682
-0.00015898
-0.00014051
-0.00012148
-0.00010198
-8.2068e-05
-6.1836e-05
-4.136e-05
-2.0721e-05
-9.6869e-19
2.0721e-05
4.136e-05
6.1836e-05
8.2068e-05
0.00010198
0.00012148
0.00014051
0.00015898
0.00017682
0.00019397
0.00021035
0.0002259
0.00024056
0.00025427
0.00026698
0.00027863
0.00028918
0.00029859
0.00030683
0.00031385
0.00031963
0.00032415
0.0003274
0.00032935
0.00033
0.00032935
0.0003274
0.00032415
0.00031963
0.00031385
0.00030683
0.00029859
0.00028918
0.00027863
0.00026698
0.00025427
0.00024056
0.0002259
0.00021035
0.00019397
0.00017682
0.00015898
0.00014051
0.00012148
0.00010198
8.2068e-05
6.1836e-05
4.136e-05
2.0721e-05
4.5263e-18
-2.0721e-05
-4.136e-05
-6.1836e-05
-8.2068e-05
-0.00010198
-0.00012148
-0.00014051
-0.00015898
-0.00017682
-0.00019397
-0.00021035
-0.0002259
-0.00024056
-0.00025427
-0.00026698
-0.00027863
-0.00028918
-0.00029859
-0.00030683
-0.00031385
-0.00031963
-0.00032415
-0.0003274
-0.00032935
-0.00033
-0.00032935
-0.0003274
-0.00032415
-0.00031963
-0.00031385
-0.00030683
-0.00029859
-0.00028918
-0.00027863
-0.00026698
-0.00025427
-0.00024056
-0.0002259
-0.00021035
-0.00019397
-0.00017682
-0.00015898
-0.00014051
-0.00012148
-0.00010198
-8.2068e-05
-6.1836e-05
-4.136e-05
-2.0721e-05
-8.0839e-18
2.0721e-05
4.136e-05
6.1836e-05
8.2068e-05
0.00010198
0.00012148
0.00014051
0.00015898
0.00017682
0.00019397
0.00021035
0.0002259
0.00024056
0.00025427
0.00026698
0.00027863
0.00028918
0.00029859
0.00030683
0.00031385
0.00031963
0.00032415
0.0003274
0.00032935
0.00033
0.00032935
0.0003274
0.00032415
0.00031963
0.00031385
0.00030683
0.00029859
0.00028918
0.00027863
0.00026698
0.00025427
0.00024056
0.0002259
0.00021035
0.00019397
0.00017682
0.00015898
0.00014051
0.00012148
0.00010198
8.2068e-05
6.1836e-05
4.136e-05
2.0721e-05
-7.1168e-18
-2.0721e-05
-4.136e-05
-6.1836e-05
-8.2068e-05
-0.00010198
-0.00012148
-0.00014051
-0.00015898
-0.00017682
-0.00019397
-0.00021035
-0.0002259
-0.00024056
-0.00025427
-0.00026698
-0.00027863
-0.00028918
-0.00029859
-0.00030683
-0.00031385
-0.00031963
-0.00032415
-0.0003274
-0.00032935
-0.00033
-0.00032935
-0.0003274
-0.00032415
-0.00031963
-0.00031385
-0.00030683
-0.00029859
-0.00028918
-0.00027863
-0.00026698
-0.00025427
-0.00024056
-0.0002259
-0.00021035
-0.00019397
-0.00017682
-0.00015898
-0.00014051
-0.00012148
-0.00010198
-8.2068e-05
-6.1836e-05
-4.136e-05
-2.0721e-05
3.5592e-18
2.0721e-05
4.136e-05
6.1836e-05
8.2068e-05
0.00010198
0.00012148
0.00014051
0.00015898
0.00017682
0.00019397
0.00021035
0.0002259
0.00024056
0.00025427
0.00026698
0.00027863
0.00028918
0.00029859
0.00030683
0.00031385
0.00031963
0.00032415
0.0003274
0.00032935
0.00033
0.00032935
0.0003274
0.00032415
0.00031963
0.00031385
0.00030683
0.00029859
0.00028918
0.00027863
0.00026698
0.00025427
0.00024056
0.0002259
0.00021035
0.00019397
0.00017682
0.00015898
0.00014051
0.00012148
0.00010198
8.2068e-05
6.1836e-05
4.136e-05
2.0721e-05
-1.6325e-21
-2.0679e-05
-4.1236e-05
-6.1588e-05
-8.1657e-05
-0.00010136
-0.00012063
-0.00013938
-0.00015755
-0.00017505
-0.00019184
-0.00020783
-0.00022296
-0.00023719
-0.00025046
-0.0002627
-0.00027389
-0.00028398
-0.00029292
-0.00030069
-0.00030726
-0.0003126
-0.0003167
-0.00031954
-0.00032112
-0.00032142
-0.00032046
-0.00031823
-0.00031475
-0.00031004
-0.00030412
-0.00029701
-0.00028874
-0.00027935
-0.00026888
-0.00025736
-0.00024486
-0.00023142
-0.00021709
-0.00020194
-0.00018602
-0.0001694
-0.00015214
-0.00013432
-0.00011601
-9.7285e-05
-7.821e-05
-5.8868e-05
-3.9333e-05
-1.9685e-05
-3.3746e-18
1.9643e-05
3.9168e-05
5.8497e-05
7.7554e-05
9.6265e-05
0.00011456
0.00013236
0.0001496
0.00016621
0.00018214
0.00019731
0.00021167
0.00022516
0.00023774
0.00024936
0.00025996
0.00026952
0.00027799
0.00028535
0.00029157
0.00029662
0.00030049
0.00030317
0.00030465
0.00030492
0.00030399
0.00030186
0.00029855
0.00029406
0.00028843
0.00028167
0.00027381
0.00026489
0.00025494
0.00024402
0.00023215
0.00021939
0.0002058
0.00019142
0.00017632
0.00016056
0.00014419
0.0001273
0.00010994
9.2186e-05
7.4107e-05
5.5776e-05
3.7265e-05
1.8649e-05
-1.0469e-17
-1.8607e-05
-3.71e-05
-5.5405e-05
-7.3451e-05
-9.1166e-05
-0.00010848
-0.00012533
-0.00014165
-0.00015737
-0.00017244
-0.00018679
-0.00020037
-0.00021314
-0.00022503
-0.00023601
-0.00024603
-0.00025506
-0.00026306
-0.00027001
-0.00027587
-0.00028064
-0.00028428
-0.0002868
-0.00028818
-0.00028842
-0.00028752
-0.00028549
-0.00028234
-0.00027808
-0.00027273
-0.00026633
-0.00025888
-0.00025043
-0.00024101
-0.00023067
-0.00021943
-0.00020736
-0.0001945
-0.0001809
-0.00016662
-0.00015171
-0.00013624
-0.00012027
-0.00010387
-8.7087e-05
-7.0004e-05
-5.2684e-05
-3.5197e-05
-1.7613e-05
6.866e-18
1.7571e-05
3.5032e-05
5.2313e-05
6.9347e-05
8.6067e-05
0.00010241
0.00011831
0.0001337
0.00014853
0.00016274
0.00017627
0.00018908
0.00020111
0.00021231
0.00022266
0.0002321
0.0002406
0.00024813
0.00025467
0.00026018
0.00026466
0.00026808
0.00027043
0.00027171
0.00027192
0.00027105
0.00026912
0.00026613
0.0002621
0.00025704
0.00025098
0.00024395
0.00023597
0.00022708
0.00021732
0.00020672
0.00019533
0.00018321
0.00017038
0.00015692
0.00014287
0.0001283
0.00011325
9.7792e-05
8.1988e-05
6.59e-05
4.9592e-05
3.3129e-05
1.6577e-05
1.1369e-17
-1.6535e-05
-3.2964e-05
-4.9221e-05
-6.5244e-05
-8.0969e-05
-9.6335e-05
-0.00011128
-0.00012575
-0.00013969
-0.00015304
-0.00016576
-0.00017778
-0.00018908
-0.0001996
-0.00020931
-0.00021817
-0.00022614
-0.0002332
-0.00023932
-0.00024449
-0.00024867
-0.00025187
-0.00025406
-0.00025525
-0.00025542
-0.00025459
-0.00025275
-0.00024992
-0.00024612
-0.00024135
-0.00023564
-0.00022902
-0.00022151
-0.00021315
-0.00020397
-0.00019401
-0.00018331
-0.00017191
-0.00015987
-0.00014722
-0.00013403
-0.00012035
-0.00010622
-9.1718e-05
-7.689e-05
-6.1797e-05
-4.6501e-05
-3.1061e-05
-1.5541e-05
-1.3322e-17
1.5499e-05
3.0896e-05
4.613e-05
6.114e-05
7.587e-05
9.026e-05
0.00010426
0.0001178
0.00013085
0.00014334
0.00015524
0.00016649
0.00017705
0.00018689
0.00019596
0.00020423
0.00021168
0.00021827
0.00022398
0.0002288
0.00023269
0.00023566
0.00023769
0.00023878
0.00023892
0.00023812
0.00023638
0.00023372
0.00023014
0.00022566
0.0002203
0.00021409
0.00020705
0.00019922
0.00019062
0.00018129
0.00017128
0.00016062
0.00014935
0.00013752
0.00012519
0.0001124
9.9198e-05
8.5644e-05
7.1791e-05
5.7694e-05
4.3409e-05
2.8993e-05
1.4505e-05
1.4919e-17
-1.4463e-05
-2.8828e-05
-4.3038e-05
-5.7037e-05
-7.0771e-05
-8.4186e-05
-9.7231e-05
-0.00010985
-0.00012201
-0.00013364
-0.00014472
-0.00015519
-0.00016502
-0.00017417
-0.00018261
-0.0001903
-0.00019722
-0.00020334
-0.00020864
-0.0002131
-0.00021671
-0.00021945
-0.00022132
-0.00022231
-0.00022242
-0.00022165
-0.00022001
-0.00021751
-0.00021415
-0.00020996
-0.00020496
-0.00019916
-0.00019259
-0.00018529
-0.00017727
-0.00016858
-0.00015925
-0.00014932
-0.00013883
-0.00012783
-0.00011635
-0.00010445
-9.2173e-05
-7.957e-05
-6.6692e-05
-5.359e-05
-4.0317e-05
-2.6925e-05
-1.3469e-05
-3.987e-18
1.3427e-05
2.676e-05
3.9946e-05
5.2934e-05
6.5672e-05
7.8112e-05
9.0206e-05
0.00010191
0.00011317
0.00012395
0.0001342
0.0001439
0.000153
0.00016146
0.00016926
0.00017637
0.00018276
0.00018841
0.0001933
0.00019741
0.00020073
0.00020325
0.00020495
0.00020584
0.00020592
0.00020518
0.00020364
0.0002013
0.00019817
0.00019427
0.00018962
0.00018423
0.00017814
0.00017136
0.00016392
0.00015587
0.00014722
0.00013803
0.00012831
0.00011813
0.00010751
9.65e-05
8.5147e-05
7.3496e-05
6.1593e-05
4.9487e-05
3.7225e-05
2.4857e-05
1.2433e-05
1.7047e-17
-1.2391e-05
-2.4692e-05
-3.6854e-05
-4.883e-05
-6.0574e-05
-7.2038e-05
-8.318e-05
-9.3956e-05
-0.00010433
-0.00011425
-0.00012369
-0.0001326
-0.00014097
-0.00014875
-0.00015591
-0.00016244
-0.0001683
-0.00017348
-0.00017796
-0.00018172
-0.00018475
-0.00018704
-0.00018858
-0.00018938
-0.00018942
-0.00018872
-0.00018727
-0.00018509
-0.00018219
-0.00017858
-0.00017428
-0.0001693
-0.00016368
-0.00015742
-0.00015057
-0.00014315
-0.00013519
-0.00012673
-0.0001178
-0.00010843
-9.8667e-05
-8.8551e-05
-7.8122e-05
-6.7422e-05
-5.6494e-05
-4.5383e-05
-3.4133e-05
-2.2789e-05
-1.1396e-05
-7.2789e-18
1.1355e-05
2.2624e-05
3.3762e-05
4.4727e-05
5.5475e-05
6.5964e-05
7.6155e-05
8.6007e-05
9.5484e-05
0.00010455
0.00011317
0.00012131
0.00012894
0.00013603
0.00014256
0.00014851
0.00015384
0.00015855
0.00016262
0.00016603
0.00016877
0.00017083
0.00017221
0.00017291
0.00017292
0.00017225
0.0001709
0.00016888
0.00016621
0.00016289
0.00015894
0.00015437
0.00014922
0.00014349
0.00013723
0.00013044
0.00012317
0.00011544
0.00010728
9.873e-05
8.9826e-05
8.0602e-05
7.1097e-05
6.1348e-05
5.1396e-05
4.128e-05
3.1042e-05
2.0721e-05
1.036e-05
8.3912e-18
-1.0319e-05
-2.0556e-05
-3.0671e-05
-4.0623e-05
-5.0376e-05
-5.989e-05
-6.913e-05
-7.8059e-05
-8.6643e-05
-9.4851e-05
-0.00010265
-0.00011001
-0.00011691
-0.00012332
-0.00012922
-0.00013458
-0.00013939
-0.00014362
-0.00014728
-0.00015033
-0.00015278
-0.00015462
-0.00015584
-0.00015644
-0.00015642
-0.00015578
-0.00015453
-0.00015268
-0.00015023
-0.0001472
-0.00014359
-0.00013944
-0.00013476
-0.00012956
-0.00012388
-0.00011773
-0.00011114
-0.00010414
-9.6761e-05
-8.9032e-05
-8.0985e-05
-7.2653e-05
-6.4071e-05
-5.5274e-05
-4.6297e-05
-3.7177e-05
-2.795e-05
-1.8653e-05
-9.3244e-06
-9.1478e-18
9.283e-06
1.8488e-05
2.7579e-05
3.652e-05
4.5277e-05
5.3816e-05
6.2104e-05
7.011e-05
7.7802e-05
8.5152e-05
9.2133e-05
9.8719e-05
0.00010488
0.00011061
0.00011587
0.00012065
0.00012493
0.00012869
0.00013194
0.00013464
0.0001368
0.00013841
0.00013947
0.00013997
0.00013992
0.00013931
0.00013816
0.00013647
0.00013425
0.0001315
0.00012825
0.00012451
0.0001203
0.00011563
0.00011053
0.00010501
9.9111e-05
9.2845e-05
8.6243e-05
7.9333e-05
7.2144e-05
6.4704e-05
5.7046e-05
4.92e-05
4.1198e-05
3.3073e-05
2.4858e-05
1.6585e-05
8.2883e-06
2.064e-18
-8.2469e-06
-1.642e-05
-2.4487e-05
-3.2417e-05
-4.0178e-05
-4.7742e-05
-5.5079e-05
-6.2161e-05
-6.8961e-05
-7.5454e-05
-8.1616e-05
-8.7424e-05
-9.2856e-05
-9.7894e-05
-0.00010252
-0.00010671
-0.00011047
-0.00011376
-0.00011659
-0.00011895
-0.00012082
-0.00012221
-0.0001231
-0.00012351
-0.00012342
-0.00012285
-0.00012179
-0.00012026
-0.00011826
-0.00011581
-0.00011291
-0.00010958
-0.00010584
-0.0001017
-9.7179e-05
-9.23e-05
-8.7083e-05
-8.155e-05
-7.5726e-05
-6.9635e-05
-6.3303e-05
-5.6755e-05
-5.0021e-05
-4.3126e-05
-3.6099e-05
-2.897e-05
-2.1766e-05
-1.4517e-05
-7.2523e-06
-9.5936e-18
7.2109e-06
1.4352e-05
2.1395e-05
2.8313e-05
3.508e-05
4.1668e-05
4.8053e-05
5.4212e-05
6.012e-05
6.5756e-05
7.1098e-05
7.6128e-05
8.0828e-05
8.518e-05
8.917e-05
9.2783e-05
9.6008e-05
9.8834e-05
0.00010125
0.00010326
0.00010484
0.000106
0.00010673
0.00010704
0.00010692
0.00010638
0.00010542
0.00010405
0.00010228
0.00010012
9.7571e-05
9.4654e-05
9.1381e-05
8.7768e-05
8.383e-05
7.9586e-05
7.5055e-05
7.0255e-05
6.5208e-05
5.9936e-05
5.4461e-05
4.8806e-05
4.2995e-05
3.7052e-05
3.1001e-05
2.4867e-05
1.8674e-05
1.2449e-05
6.2163e-06
3.6741e-18
-6.1748e-06
-1.2284e-05
-1.8303e-05
-2.421e-05
-2.9981e-05
-3.5594e-05
-4.1028e-05
-4.6263e-05
-5.1279e-05
-5.6057e-05
-6.0581e-05
-6.4833e-05
-6.88e-05
-7.2467e-05
-7.5821e-05
-7.8852e-05
-8.1549e-05
-8.3905e-05
-8.5911e-05
-8.7564e-05
-8.8858e-05
-8.9791e-05
-9.0362e-05
-9.0571e-05
-9.042e-05
-8.9912e-05
-8.9052e-05
-8.7846e-05
-8.6301e-05
-8.4425e-05
-8.2229e-05
-7.9724e-05
-7.6922e-05
-7.3836e-05
-7.0482e-05
-6.6873e-05
-6.3027e-05
-5.896e-05
-5.4691e-05
-5.0238e-05
-4.562e-05
-4.0858e-05
-3.597e-05
-3.0978e-05
-2.5902e-05
-2.0763e-05
-1.5583e-05
-1.0381e-05
-5.1802e-06
-3.9456e-18
5.1388e-06
1.0216e-05
1.5212e-05
2.0107e-05
2.4882e-05
2.952e-05
3.4003e-05
3.8314e-05
4.2437e-05
4.6359e-05
5.0063e-05
5.3538e-05
5.6772e-05
5.9753e-05
6.2472e-05
6.492e-05
6.709e-05
6.8975e-05
7.057e-05
7.1871e-05
7.2876e-05
7.3583e-05
7.3992e-05
7.4103e-05
7.392e-05
7.3445e-05
7.2682e-05
7.1638e-05
7.0319e-05
6.8733e-05
6.6888e-05
6.4795e-05
6.2463e-05
5.9905e-05
5.7133e-05
5.4159e-05
5.0999e-05
4.7665e-05
4.4173e-05
4.054e-05
3.6779e-05
3.2909e-05
2.8944e-05
2.4904e-05
2.0803e-05
1.666e-05
1.2491e-05
8.3134e-06
4.1442e-06
3.8613e-18
-4.1027e-06
-8.1479e-06
-1.212e-05
-1.6003e-05
-1.9783e-05
-2.3446e-05
-2.6977e-05
-3.0365e-05
-3.3596e-05
-3.666e-05
-3.9546e-05
-4.2243e-05
-4.4744e-05
-4.704e-05
-4.9124e-05
-5.0989e-05
-5.2631e-05
-5.4045e-05
-5.5229e-05
-5.6179e-05
-5.6895e-05
-5.7375e-05
-5.7622e-05
-5.7636e-05
-5.742e-05
-5.6977e-05
-5.6312e-05
-5.543e-05
-5.4338e-05
-5.304e-05
-5.1547e-05
-4.9865e-05
-4.8004e-05
-4.5974e-05
-4.3784e-05
-4.1446e-05
-3.8971e-05
-3.637e-05
-3.3656e-05
-3.0841e-05
-2.7938e-05
-2.496e-05
-2.1919e-05
-1.883e-05
-1.5704e-05
-1.2556e-05
-9.399e-06
-6.2454e-06
-3.1081e-06
-6.2618e-19
3.0667e-06
6.0799e-06
9.028e-06
1.19e-05
1.4684e-05
1.7372e-05
1.9952e-05
2.2416e-05
2.4755e-05
2.6962e-05
2.9028e-05
3.0948e-05
3.2716e-05
3.4326e-05
3.5775e-05
3.7058e-05
3.8172e-05
3.9116e-05
3.9887e-05
4.0486e-05
4.0913e-05
4.1168e-05
4.1252e-05
4.1169e-05
4.092e-05
4.051e-05
3.9943e-05
3.9223e-05
3.8356e-05
3.7348e-05
3.6205e-05
3.4935e-05
3.3545e-05
3.2042e-05
3.0435e-05
2.8732e-05
2.6943e-05
2.5075e-05
2.3138e-05
2.1143e-05
1.9097e-05
1.7011e-05
1.4894e-05
1.2756e-05
1.0605e-05
8.453e-06
6.3073e-06
4.1774e-06
2.0721e-06
2.6253e-18
-2.0306e-06
-4.0119e-06
-5.9362e-06
-7.7964e-06
-9.5857e-06
-1.1298e-05
-1.2927e-05
-1.4467e-05
-1.5914e-05
-1.7263e-05
-1.8511e-05
-1.9653e-05
-2.0688e-05
-2.1613e-05
-2.2426e-05
-2.3126e-05
-2.3713e-05
-2.4186e-05
-2.4546e-05
-2.4794e-05
-2.4931e-05
-2.496e-05
-2.4882e-05
-2.4701e-05
-2.442e-05
-2.4042e-05
-2.3573e-05
-2.3015e-05
-2.2374e-05
-2.1656e-05
-2.0864e-05
-2.0006e-05
-1.9086e-05
-1.8111e-05
-1.7086e-05
-1.6019e-05
-1.4915e-05
-1.378e-05
-1.2621e-05
-1.1444e-05
-1.0256e-05
-9.0618e-06
-7.8684e-06
-6.6815e-06
-5.5067e-06
-4.3496e-06
-3.2155e-06
-2.1094e-06
-1.036e-06
-5.5457e-19
9.946e-07
1.9439e-06
2.8444e-06
3.693e-06
4.4869e-06
5.2237e-06
5.9013e-06
6.5181e-06
7.0729e-06
7.5648e-06
7.9933e-06
8.3583e-06
8.6601e-06
8.8994e-06
9.0772e-06
9.1947e-06
9.2538e-06
9.2564e-06
9.2048e-06
9.1016e-06
8.9497e-06
8.7522e-06
8.5123e-06
8.2337e-06
7.92e-06
7.575e-06
7.2028e-06
6.8073e-06
6.3926e-06
5.9631e-06
5.5229e-06
5.0761e-06
4.6269e-06
4.1794e-06
3.7377e-06
3.3055e-06
2.8867e-06
2.4849e-06
2.1035e-06
1.7457e-06
1.4146e-06
1.1129e-06
8.4304e-07
6.0741e-07
4.079e-07
2.462e-07
1.2367e-07
4.136e-08
0
0
-0
-0
-0
-0
-0
-0
-0
-0
-0
-0
-0
-0
-0
-0
-0
-0
-0
-0
-0
-0
-0
-0
-0
-0
-0
-0
-0
-0
-0
-0
-0
-0
-0
-0
-0
-0
-0
-0
-0
-0
-0
-0
-0
-0
-0
-0
-0
-0
-0
-0
0
0
0
0
0
0
0
0
0
0
0
0
0
0
0
0
0
0
0
0
0
0
0
0
0
0
0
0
0
0
0
0
0
0
0
0
0
0
0
0
0
0
0
0
0
0
0
0
0
0
-0
-0
-0
-0
-0
-0
-0
-0
-0
-0
-0
-0
-0
-0
-0
-0
-0
-0
-0
-0
-0
-0
-0
-0
-0
-0
-0
-0
-0
-0
-0
-0
-0
-0
-0
-0
-0
-0
-0
-0
-0
-0
-0
-0
-0
-0
-0
-0
-0
-0
0
0
0
0
0
0
0
0
0
0
0
0
0
0
0
0
0
0
0
0
0
0
0
0
0
0
0
0
0
0
0
0
0
0
0
0
0
0
0
0
0
0
0
0
0
0
0
0
0
0
-0
-0
-0
-0
-0
-0
-0
-0
-0
-0
-0
-0
-0
-0
-0
-0
-0
-0
-0
-0
-0
-0
-0
-0
-0
-0
-0
-0
-0
-0
-0
-0
-0
-0
-0
-0
-0
-0
-0
-0
-0
-0
-0
-0
-0
-0
-0
-0
-0
-0
0
0
0
0
0
0
0
0
0
0
0
0
0
0
0
0
0
0
0
0
0
0
0
0
0
0
0
0
0
0
0
0
0
0
0
0
0
0
0
0
0
0
0
0
0
0
0
0
0
0
-0
-0
-0
-0
-0
-0
-0
-0
-0
-0
-0
-0
-0
-0
-0
-0
-0
-0
-0
-0
-0
-0
-0
-0
-0
-0
-0
-0
-0
-0
-0
-0
-0
-0
-0
-0
-0
-0
-0
-0
-0
-0
-0
-0
-0
-0
-0
-0
-0
-0
0
0
0
0
0
0
0
0
0
0
0
0
0
0
0
0
0
0
0
0
0
0
0
0
0
0
0
0
0
0
0
0
0
0
0
0
0
0
0
0
0
0
0
0
0
0
0
0
0
0
-0
-0
-0
-0
-0
-0
-0
-0
-0
-0
-0
-0
-0
-0
-0
-0
-0
-0
-0
-0
-0
-0
-0
-0
-0
-0
-0
-0
-0
-0
-0
-0
-0
-0
-0
-0
-0
-0
-0
-0
-0
-0
-0
-0
-0
-0
-0
-0
-0
-0
0
0
0
0
0
0
0
0
0
0
0
0
0
0
0
0
0
0
0
0
0
0
0
0
0
0
0
0
0
0
0
0
0
0
0
0
0
0
0
0
0
0
0
0
0
0
0
0
0
0
-0
-0
-0
-0
-0
-0
-0
-0
-0
-0
-0
-0
-0
-0
-0
-0
-0
-0
-0
-0
-0
-0
-0
-0
-0
-0
-0
-0
-0
-0
-0
-0
-0
-0
-0
-0
-0
-0
-0
-0
-0
-0
-0
-0
-0
-0
-0
-0
-0
-0
0
0
0
0
0
0
0
0
0
0
0
0
0
0
0
0
0
0
0
0
0
0
0
0
0
0
0
0
0
0
0
0
0
0
0
0
0
0
0
0
0
0
0
0
0
0
0
0
0
0
-0
-0
-0
-0
-0
-0
-0
-0
-0
-0
-0
-0
-0
-0
-0
-0
-0
-0
-0
-0
-0
-0
-0
-0
-0
-0
-0
-0
-0
-0
-0
-0
-0
-0
-0
-0
-0
-0
-0
-0
-0
-0
-0
-0
-0
-0
-0
-0
-0
-0
0
0
0
0
0
0
0
0
0
0
0
0
0
0
0
0
0
0
0
0
0
0
0
0
0
0
0
0
0
0
0
0
0
0
0
0
0
0
0
0
0
0
0
0
0
0
0
0
0
0
-0
-0
-0
-0
-0
-0
-0
-0
-0
-0
-0
-0
-0
-0
-0
-0
-0
-0
-0
-0
-0
-0
-0
-0
-0
-0
-0
-0
-0
-0
-0
-0
-0
-0
-0
-0
-0
-0
-0
-0
-0
-0
-0
-0
-0
-0
-0
-0
-0
-0
0
0
0
0
0
0
0
0
0
0
0
0
0
0
0
0
0
0
0
0
0
0
0
0
0
0
0
0
0
0
0
0
0
0
0
0
0
0
0
0
0
0
0
0
0
0
0
0
0
0
-0
-0
-0
-0
-0
-0
-0
-0
-0
-0
-0
-0
-0
-0
-0
-0
-0
-0
-0
-0
-0
-0
-0
-0
-0
-0
-0
-0
-0
-0
-0
-0
-0
-0
-0
-0
-0
-0
-0
-0
-0
-0
-0
-0
-0
-0
-0
-0
-0
-0
0
0
0
0
0
0
0
0
0
0
0
0
0
0
0
0
0
0
0
0
0
0
0
0
0
0
0
0
0
0
0
0
0
0
0
0
0
0
0
0
0
0
0
0
0
0
0
0
0
0
-0
-0
-0
-0
-0
-0
-0
-0
-0
-0
-0
-0
-0
-0
-0
-0
-0
-0
-0
-0
-0
-0
-0
-0
-0
-0
-0
-0
-0
-0
-0
-0
-0
-0
-0
-0
-0
-0
-0
-0
-0
-0
-0
-0
-0
-0
-0
-0
-0
-0
0
0
0
0
0
0
0
0
0
0
0
0
0
0
0
0
0
0
0
0
0
0
0
0
0
0
0
0
0
0
0
0
0
0
0
0
0
0
0
0
0
0
0
0
0
0
0
0
0
0
-0
-0
-0
-0
-0
-0
-0
-0
-0
-0
-0
-0
-0
-0
-0
-0
-0
-0
-0
-0
-0
-0
-0
-0
-0
-0
-0
-0
-0
-0
-0
-0
-0
-0
-0
-0
-0
-0
-0
-0
-0
-0
-0
-0
-0
-0
-0
-0
-0
-0
0
0
0
0
0
0
0
0
0
0
0
0
0
0
0
0
0
0
0
0
0
0
0
0
0
0
0
0
0
0
0
0
0
0
0
0
0
0
0
0
0
0
0
0
0
0
0
0
0
-0
-0
-0
-0
-0
-0
-0
-0
-0
-0
-0
-0
-0
-0
-0
-0
-0
-0
-0
-0
-0
-0
-0
-0
-0
-0
-0
-0
-0
-0
-0
-0
-0
-0
-0
-0
-0
-0
-0
-0
-0
-0
-0
-0
-0
-0
-0
-0
-0
-0
-0
0
0
0
0
0
0
0
0
0
0
0
0
0
0
0
0
0
0
0
0
0
0
0
0
0
0
0
0
0
0
0
0
0
0
0
0
0
0
0
0
0
0
0
0
0
0
0
0
0
0
-0
-0
-0
-0
-0
-0
-0
-0
-0
-0
-0
-0
-0
-0
-0
-0
-0
-0
-0
-0
-0
-0
-0
-0
-0
-0
-0
-0
-0
-0
-0
-0
-0
-0
-0
-0
-0
-0
-0
-0
-0
-0
-0
-0
-0
-0
-0
-0
-0
0
0
0
0
0
0
0
0
0
0
0
0
0
0
0
0
0
0
0
0
0
0
0
0
0
0
0
0
0
0
0
0
0
0
0
0
0
0
0
0
0
0
0
0
0
0
0
0
0
0
0
-0
-0
-0
-0
-0
-0
-0
-0
-0
-0
-0
-0
-0
-0
-0
-0
-0
-0
-0
-0
-0
-0
-0
-0
-0
-0
-0
-0
-0
-0
-0
-0
-0
-0
-0
-0
-0
-0
-0
-0
-0
-0
-0
-0
-0
-0
-0
-0
-0
-0
0
0
0
0
0
0
0
0
0
0
0
0
0
0
0
0
0
0
0
0
0
0
0
0
0
0
0
0
0
0
0
0
0
0
0
0
0
0
0
0
0
0
0
0
0
0
0
0
0
0
-0
-0
-0
-0
-0
-0
-0
-0
-0
-0
-0
-0
-0
-0
-0
-0
-0
-0
-0
-0
-0
-0
-0
-0
-0
-0
-0
-0
-0
-0
-0
-0
-0
-0
-0
-0
-0
-0
-0
-0
-0
-0
-0
-0
-0
-0
-0
-0
-0
-0
0
0
0
0
0
0
0
0
0
0
0
0
0
0
0
0
0
0
0
0
0
0
0
0
0
0
0
0
0
0
0
0
0
0
0
0
0
0
0
0
0
0
0
0
0
0
0
0
0
-0
-0
-0
-0
-0
-0
-0
-0
-0
-0
-0
-0
-0
-0
-0
-0
-0
-0
-0
-0
-0
-0
-0
-0
-0
-0
-0
-0
-0
-0
-0
-0
-0
-0
-0
-0
-0
-0
-0
-0
-0
-0
-0
-0
-0
-0
-0
-0
-0
-0
-0
0
0
0
0
0
0
0
0
0
0
0
0
0
0
0
0
0
0
0
0
0
0
0
0
0
0
0
0
0
0
0
0
0
0
0
0
0
0
0
0
0
0
0
0
0
0
0
0
0
-0
-0
-0
-0
-0
-0
-0
-0
-0
-0
-0
-0
-0
-0
-0
-0
-0
-0
-0
-0
-0
-0
-0
-0
-0
-0
-0
-0
-0
-0
-0
-0
-0
-0
-0
-0
-0
-0
-0
-0
-0
-0
-0
-0
-0
-0
-0
-0
-0
-0
-0
0
0
0
0
0
0
0
0
0
0
0
0
0
0
0
0
0
0
0
0
0
0
0
0
0
0
0
0
0
0
0
0
0
0
0
0
0
0
0
0
0
0
0
0
0
0
0
0
0
0
-0
-0
-0
-0
-0
-0
-0
-0
-0
-0
-0
-0
-0
-0
-0
-0
-0
-0
-0
-0
-0
-0
-0
-0
-0
-0
-0
-0
-0
-0
-0
-0
-0
-0
-0
-0
-0
-0
-0
-0
-0
-0
-0
-0
-0
-0
-0
-0
-0
-0
0
0
0
0
0
0
0
0
0
0
0
0
0
0
0
0
0
0
0
0
0
0
0
0
0
0
0
0
0
0
0
0
0
0
0
0
0
0
0
0
0
0
0
0
0
0
0
0
0
0
-0
-0
-0
-0
-0
-0
-0
-0
-0
-0
-0
-0
-0
-0
-0
-0
-0
-0
-0
-0
-0
-0
-0
-0
-0
-0
-0
-0
-0
-0
-0
-0
-0
-0
-0
-0
-0
-0
-0
-0
-0
-0
-0
-0
-0
-0
-0
-0
-0
-0
0
0
0
0
0
0
0
0
0
0
0
0
0
0
0
0
0
0
0
0
0
0
0
0
0
0
0
0
0
0
0
0
0
0
0
0
0
0
0
0
0
0
0
0
0
0
0
0
0
0
-0
-0
-0
-0
-0
-0
-0
-0
-0
-0
-0
-0
-0
-0
-0
-0
-0
-0
-0
-0
-0
-0
-0
-0
-0
-0
-0
-0
-0
-0
-0
-0
-0
-0
-0
-0
-0
-0
-0
-0
-0
-0
-0
-0
-0
-0
-0
-0
-0
-0
0
0
0
0
0
0
0
0
0
0
0
0
0
0
0
0
0
0
0
0
0
0
0
0
0
0
0
0
0
0
0
0
0
0
0
0
0
0
0
0
0
0
0
0
0
0
0
0
0
-0
-0
-0
-0
-0
-0
-0
-0
-0
-0
-0
-0
-0
-0
-0
-0
-0
-0
-0
-0
-0
-0
-0
-0
-0
-0
-0
-0
-0
-0
-0
-0
-0
-0
-0
-0
-0
-0
-0
-0
-0
-0
-0
-0
-0
-0
-0
-0
-0
-0
-0
0
0
0
0
0
0
0
0
0
0
0
0
0
0
0
0
0
0
0
0
0
0
0
0
0
0
0
0
0
0
0
0
0
0
0
0
0
0
0
0
0
0
0
0
0
0
0
0
0
-0
-0
-0
-0
-0
-0
-0
-0
-0
-0
-0
-0
-0
-0
-0
-0
-0
-0
-0
-0
-0
-0
-0
-0
-0
-0
-0
-0
-0
-0
-0
-0
-0
-0
-0
-0
-0
-0
-0
-0
-0
-0
-0
-0
-0
-0
-0
-0
-0
-0
-0
0
0
0
0
0
0
0
0
0
0
0
0
0
0
0
0
0
0
0
0
0
0
0
0
0
0
0
0
0
0
0
0
0
0
0
0
0
0
0
0
0
0
0
0
0
0
0
0
0
0
-0
-0
-0
-0
-0
-0
-0
-0
-0
-0
-0
-0
-0
-0
-0
-0
-0
-0
-0
-0
-0
-0
-0
-0
-0
-0
-0
-0
-0
-0
-0
-0
-0
-0
-0
-0
-0
-0
-0
-0
-0
-0
-0
-0
-0
-0
-0
-0
-0
-0
0
0
0
0
0
0
0
0
0
0
0
0
0
0
0
0
0
0
0
0
0
0
0
0
0
0
0
0
0
0
0
0
0
0
0
0
0
0
0
0
0
0
0
0
0
0
0
0
0
0
-0
-0
-0
-0
-0
-0
-0
-0
-0
-0
-0
-0
-0
-0
-0
-0
-0
-0
-0
-0
-0
-0
-0
-0
-0
-0
-0
-0
-0
-0
-0
-0
-0
-0
-0
-0
-0
-0
-0
-0
-0
-0
-0
-0
-0
-0
-0
-0
-0
-0
0
0
0
0
0
0
0
0
0
0
0
0
0
0
0
0
0
0
0
0
0
0
0
0
0
0
0
0
0
0
0
0
0
0
0
0
0
0
0
0
0
0
0
0
0
0
0
0
0
0
-0
-0
-0
-0
-0
-0
-0
-0
-0
-0
-0
-0
-0
-0
-0
-0
-0
-0
-0
-0
-0
-0
-0
-0
-0
-0
-0
-0
-0
-0
-0
-0
-0
-0
-0
-0
-0
-0
-0
-0
-0
-0
-0
-0
-0
-0
-0
-0
-0
-0
0
0
0
0
0
0
0
0
0
0
0
0
0
0
0
0
0
0
0
0
0
0
0
0
0
0
0
0
0
0
0
0
0
0
0
0
0
0
0
0
0
0
0
0
0
0
0
0
0
-0
-0
-0
-0
-0
-0
-0
-0
-0
-0
-0
-0
-0
-0
-0
-0
-0
-0
-0
-0
-0
-0
-0
-0
-0
-0
-0
-0
-0
-0
-0
-0
-0
-0
-0
-0
-0
-0
-0
-0
-0
-0
-0
-0
-0
-0
-0
-0
-0
-0
-0
0
0
0
0
0
0
0
0
0
0
0
0
0
0
0
0
0
0
0
0
0
0
0
0
0
0
0
0
0
0
0
0
0
0
0
0
0
0
0
0
0
0
0
0
0
0
0
0
0
-0
-0
-0
-0
-0
-0
-0
-0
-0
-0
-0
-0
-0
-0
-0
-0
-0
-0
-0
-0
-0
-0
-0
-0
-0
-0
-0
-0
-0
-0
-0
-0
-0
-0
-0
-0
-0
-0
-0
-0
-0
-0
-0
-0
-0
-0
-0
-0
-0
-0
-0
0
0
0
0
0
0
0
0
0
0
0
0
0
0
0
0
0
0
0
0
0
0
0
0
0
0
0
0
0
0
0
0
0
0
0
0
0
0
0
0
0
0
0
0
0
0
0
0
0
0
-0
-0
-0
-0
-0
-0
-0
-0
-0
-0
-0
-0
-0
-0
-0
-0
-0
-0
-0
-0
-0
-0
-0
-0
-0
-0
-0
-0
-0
-0
-0
-0
-0
-0
-0
-0
-0
-0
-0
-0
-0
-0
-0
-0
-0
-0
-0
-0
-0
-0
0
0
0
0
0
0
0
0
0
0
0
0
0
0
0
0
0
0
0
0
0
0
0
0
0
0
0
0
0
0
0
0
0
0
0
0
0
0
0
0
0
0
0
0
0
0
0
0
0
0
-0
-0
-0
-0
-0
-0
-0
-0
-0
-0
-0
-0
-0
-0
-0
-0
-0
-0
-0
-0
-0
-0
-0
-0
-0
-0
-0
-0
-0
-0
-0
-0
-0
-0
-0
-0
-0
-0
-0
-0
-0
-0
-0
-0
-0
-0
-0
-0
-0
-0
0
0
0
0
0
0
0
0
0
0
0
0
0
0
0
0
0
0
0
0
0
0
0
0
0
0
0
0
0
0
0
0
0
0
0
0
0
0
0
0
0
0
0
0
0
0
0
0
0
0
-0
-0
-0
-0
-0
-0
-0
-0
-0
-0
-0
-0
-0
-0
-0
-0
-0
-0
-0
-0
-0
-0
-0
-0
-0
-0
-0
-0
-0
-0
-0
-0
-0
-0
-0
-0
-0
-0
-0
-0
-0
-0
-0
-0
-0
-0
-0
-0
-0
-0
0
0
0
0
0
0
0
0
0
0
0
0
0
0
0
0
0
0
0
0
0
0
0
0
0
0
0
0
0
0
0
0
0
0
0
0
0
0
0
0
0
0
0
0
0
0
0
0
0
-0
-0
-0
-0
-0
-0
-0
-0
-0
-0
-0
-0
-0
-0
-0
-0
-0
-0
-0
-0
-0
-0
-0
-0
-0
-0
-0
-0
-0
-0
-0
-0
-0
-0
-0
-0
-0
-0
-0
-0
-0
-0
-0
-0
-0
-0
-0
-0
-0
-0
-0
0
0
0
0
0
0
0
0
0
0
0
0
0
0
0
0
0
0
0
0
0
0
0
0
0
0
0
0
0
0
0
0
0
0
0
0
0
0
0
0
0
0
0
0
0
0
0
0
0
-0
-0
-0
-0
-0
-0
-0
-0
-0
-0
-0
-0
-0
-0
-0
-0
-0
-0
-0
-0
-0
-0
-0
-0
-0
-0
-0
-0
-0
-0
-0
-0
-0
-0
-0
-0
-0
-0
-0
-0
-0
-0
-0
-0
-0
-0
-0
-0
-0
-0
-0
0
0
0
0
0
0
0
0
0
0
0
0
0
0
0
0
0
0
0
0
0
0
0
0
0
0
0
0
0
0
0
0
0
0
0
0
0
0
0
0
0
0
0
0
0
0
0
0
0
-0
