0
0
0
0
0
0
0
0
0
0
0
0
0
0
0
0
0
0
0
0
0
0
0
0
0
0
0
0
0
0
0
0
0
0
0
0
0
0
0
0
0
0
0
0
0
0
0
0
0
0
0
-0
-0
-0
-0
-0
-0
-0
-0
-0
-0
-0
-0
-0
-0
-0
-0
-0
-0
-0
-0
-0
-0
-0
-0
-0
-0
-0
-0
-0
-0
-0
-0
-0
-0
-0
-0
-0
-0
-0
-0
-0
-0
-0
-0
-0
-0
-0
-0
-0
-0
0
0
0
0
0
0
0
0
0
0
0
0
0
0
0
0
0
0
0
0
0
0
0
0
0
0
0
0
0
0
0
0
0
0
0
0
0
0
0
0
0
0
0
0
0
0
0
0
0
0
-0
-0
-0
-0
-0
-0
-0
-0
-0
-0
-0
-0
-0
-0
-0
-0
-0
-0
-0
-0
-0
-0
-0
-0
-0
-0
-0
-0
-0
-0
-0
-0
-0
-0
-0
-0
-0
-0
-0
-0
-0
-0
-0
-0
-0
-0
-0
-0
-0
-0
0
0
0
0
0
0
0
0
0
0
0
0
0
0
0
0
0
0
0
0
0
0
0
0
0
0
0
0
0
0
0
0
0
0
0
0
0
0
0
0
0
0
0
0
0
0
0
0
0
0
-0
-0
-0
-0
-0
-0
-0
-0
-0
-0
-0
-0
-0
-0
-0
-0
-0
-0
-0
-0
-0
-0
-0
-0
-0
-0
-0
-0
-0
-0
-0
-0
-0
-0
-0
-0
-0
-0
-0
-0
-0
-0
-0
-0
-0
-0
-0
-0
-0
-0
0
0
0
0
0
0
0
0
0
0
0
0
0
0
0
0
0
0
0
0
0
0
0
0
0
0
0
0
0
0
0
0
0
0
0
0
0
0
0
0
0
0
0
0
0
0
0
0
0
-0
-0
-0
-0
-0
-0
-0
-0
-0
-0
-0
-0
-0
-0
-0
-0
-0
-0
-0
-0
-0
-0
-0
-0
-0
-0
-0
-0
-0
-0
-0
-0
-0
-0
-0
-0
-0
-0
-0
-0
-0
-0
-0
-0
-0
-0
-0
-0
-0
-0
-0
0
0
0
0
0
0
0
0
0
0
0
0
0
0
0
0
0
0
0
0
0
0
0
0
0
0
0
0
0
0
0
0
0
0
0
0
0
0
0
0
0
0
0
0
0
0
0
0
0
0
-0
-0
-0
-0
-0
-0
-0
-0
-0
-0
-0
-0
-0
-0
-0
-0
-0
-0
-0
-0
-0
-0
-0
-0
-0
-0
-0
-0
-0
-0
-0
-0
-0
-0
-0
-0
-0
-0
-0
-0
-0
-0
-0
-0
-0
-0
-0
-0
-0
-0
0
0
0
0
0
0
0
0
0
0
0
0
0
0
0
0
0
0
0
0
0
0
0
0
0
0
0
0
0
0
0
0
0
0
0
0
0
0
0
0
0
0
0
0
0
0
0
0
0
-0
-0
-0
-0
-0
-0
-0
-0
-0
-0
-0
-0
-0
-0
-0
-0
-0
-0
-0
-0
-0
-0
-0
-0
-0
-0
-0
-0
-0
-0
-0
-0
-0
-0
-0
-0
-0
-0
-0
-0
-0
-0
-0
-0
-0
-0
-0
-0
-0
-0
-0
0
0
0
0
0
0
0
0
0
0
0
0
0
0
0
0
0
0
0
0
0
0
0
0
0
0
0
0
0
0
0
0
0
0
0
0
0
0
0
0
0
0
0
0
0
0
0
0
0
-0
-0
-0
-0
-0
-0
-0
-0
-0
-0
-0
-0
-0
-0
-0
-0
-0
-0
-0
-0
-0
-0
-0
-0
-0
-0
-0
-0
-0
-0
-0
-0
-0
-0
-0
-0
-0
-0
-0
-0
-0
-0
-0
-0
-0
-0
-0
-0
-0
-0
0
0
0
0
0
0
0
0
0
0
0
0
0
0
0
0
0
0
0
0
0
0
0
0
0
0
0
0
0
0
0
0
0
0
0
0
0
0
0
0
0
0
0
0
0
0
0
0
0
0
0
-0
-0
-0
-0
-0
-0
-0
-0
-0
-0
-0
-0
-0
-0
-0
-0
-0
-0
-0
-0
-0
-0
-0
-0
-0
-0
-0
-0
-0
-0
-0
-0
-0
-0
-0
-0
-0
-0
-0
-0
-0
-0
-0
-0
-0
-0
-0
-0
-0
-0
0
0
0
0
0
0
0
0
0
0
0
0
0
0
0
0
0
0
0
0
0
0
0
0
0
0
0
0
0
0
0
0
0
0
0
0
0
0
0
0
0
0
0
0
0
0
0
0
0
0
-0
-0
-0
-0
-0
-0
-0
-0
-0
-0
-0
-0
-0
-0
-0
-0
-0
-0
-0
-0
-0
-0
-0
-0
-0
-0
-0
-0
-0
-0
-0
-0
-0
-0
-0
-0
-0
-0
-0
-0
-0
-0
-0
-0
-0
-0
-0
-0
-0
-0
0
0
0
0
0
0
0
0
0
0
0
0
0
0
0
0
0
0
0
0
0
0
0
0
0
0
0
0
0
0
0
0
0
0
0
0
0
0
0
0
0
0
0
0
0
0
0
0
0
-0
-0
-0
-0
-0
-0
-0
-0
-0
-0
-0
-0
-0
-0
-0
-0
-0
-0
-0
-0
-0
-0
-0
-0
-0
-0
-0
-0
-0
-0
-0
-0
-0
-0
-0
-0
-0
-0
-0
-0
-0
-0
-0
-0
-0
-0
-0
-0
-0
-0
-0
0
0
0
0
0
0
0
0
0
0
0
0
0
0
0
0
0
0
0
0
0
0
0
0
0
0
0
0
0
0
0
0
0
0
0
0
0
0
0
0
0
0
0
0
0
0
0
0
0
-0
-0
-0
-0
-0
-0
-0
-0
-0
-0
-0
-0
-0
-0
-0
-0
-0
-0
-0
-0
-0
-0
-0
-0
-0
-0
-0
-0
-0
-0
-0
-0
-0
-0
-0
-0
-0
-0
-0
-0
-0
-0
-0
-0
-0
-0
-0
-0
-0
-0
0
0
0
0
0
0
0
0
0
0
0
0
0
0
0
0
0
0
0
0
0
0
0
0
0
0
0
0
0
0
0
0
0
0
0
0
0
0
0
0
0
0
0
0
0
0
0
0
0
0
-0
-0
-0
-0
-0
-0
-0
-0
-0
-0
-0
-0
-0
-0
-0
-0
-0
-0
-0
-0
-0
-0
-0
-0
-0
-0
-0
-0
-0
-0
-0
-0
-0
-0
-0
-0
-0
-0
-0
-0
-0
-0
-0
-0
-0
-0
-0
-0
-0
-0
-0
0
0
0
0
0
0
0
0
0
0
0
0
0
0
0
0
0
0
0
0
0
0
0
0
0
0
0
0
0
0
0
0
0
0
0
0
0
0
0
0
0
0
0
0
0
0
0
0
0
-0
-0
-0
-0
-0
-0
-0
-0
-0
-0
-0
-0
-0
-0
-0
-0
-0
-0
-0
-0
-0
-0
-0
-0
-0
-0
-0
-0
-0
-0
-0
-0
-0
-0
-0
-0
-0
-0
-0
-0
-0
-0
-0
-0
-0
-0
-0
-0
-0
-0
0
0
0
0
0
0
0
0
0
0
0
0
0
0
0
0
0
0
0
0
0
0
0
0
0
0
0
0
0
0
0
0
0
0
0
0
0
0
0
0
0
0
0
0
0
0
0
0
0
0
-0
-0
-0
-0
-0
-0
-0
-0
-0
-0
-0
-0
-0
-0
-0
-0
-0
-0
-0
-0
-0
-0
-0
-0
-0
-0
-0
-0
-0
-0
-0
-0
-0
-0
-0
-0
-0
-0
-0
-0
-0
-0
-0
-0
-0
-0
-0
-0
-0
-0
0
0
0
0
0
0
0
0
0
0
0
0
0
0
0
0
0
0
0
0
0
0
0
0
0
0
0
0
0
0
0
0
0
0
0
0
0
0
0
0
0
0
0
0
0
0
0
0
0
0
-0
-0
-0
-0
-0
-0
-0
-0
-0
-0
-0
-0
-0
-0
-0
-0
-0
-0
-0
-0
-0
-0
-0
-0
-0
-0
-0
-0
-0
-0
-0
-0
-0
-0
-0
-0
-0
-0
-0
-0
-0
-0
-0
-0
-0
-0
-0
-0
-0
-0
-0
0
0
0
0
0
0
0
0
0
0
0
0
0
0
0
0
0
0
0
0
0
0
0
0
0
0
0
0
0
0
0
0
0
0
0
0
0
0
0
0
0
0
0
0
0
0
0
0
0
0
-0
-0
-0
-0
-0
-0
-0
-0
-0
-0
-0
-0
-0
-0
-0
-0
-0
-0
-0
-0
-0
-0
-0
-0
-0
-0
-0
-0
-0
-0
-0
-0
-0
-0
-0
-0
-0
-0
-0
-0
-0
-0
-0
-0
-0
-0
-0
-0
-0
-0
0
0
0
0
0
0
0
0
0
0
0
0
0
0
0
0
0
0
0
0
0
0
0
0
0
0
0
0
0
0
0
0
0
0
0
0
0
0
0
0
0
0
0
0
0
0
0
0
0
0
-0
-0
-0
-0
-0
-0
-0
-0
-0
-0
-0
-0
-0
-0
-0
-0
-0
-0
-0
-0
-0
-0
-0
-0
-0
-0
-0
-0
-0
-0
-0
-0
-0
-0
-0
-0
-0
-0
-0
-0
-0
-0
-0
-0
-0
-0
-0
-0
-0
-0
0
0
0
0
0
0
0
0
0
0
0
0
0
0
0
0
0
0
0
0
0
0
0
0
0
0
0
0
0
0
0
0
0
0
0
0
0
0
0
0
0
0
0
0
0
0
0
0
0
0
-0
-0
-0
-0
-0
-0
-0
-0
-0
-0
-0
-0
-0
-0
-0
-0
-0
-0
-0
-0
-0
-0
-0
-0
-0
-0
-0
-0
-0
-0
-0
-0
-0
-0
-0
-0
-0
-0
-0
-0
-0
-0
-0
-0
-0
-0
-0
-0
-0
-0
0
0
0
0
0
0
0
0
0
0
0
0
0
0
0
0
0
0
0
0
0
0
0
0
0
0
0
0
0
0
0
0
0
0
0
0
0
0
0
0
0
0
0
0
0
0
0
0
0
0
-0
-0
-0
-0
-0
-0
-0
-0
-0
-0
-0
-0
-0
-0
-0
-0
-0
-0
-0
-0
-0
-0
-0
-0
-0
-0
-0
-0
-0
-0
-0
-0
-0
-0
-0
-0
-0
-0
-0
-0
-0
-0
-0
-0
-0
-0
-0
-0
-0
0
0
0
0
0
0
0
0
0
0
0
0
0
0
0
0
0
0
0
0
0
0
0
0
0
0
0
0
0
0
0
0
0
0
0
0
0
0
0
0
0
0
0
0
0
0
0
0
0
0
0
-0
-0
-0
-0
-0
-0
-0
-0
-0
-0
-0
-0
-0
-0
-0
-0
-0
-0
-0
-0
-0
-0
-0
-0
-0
-0
-0
-0
-0
-0
-0
-0
-0
-0
-0
-0
-0
-0
-0
-0
-0
-0
-0
-0
-0
-0
-0
-0
-0
-0
5.1802e-08
2.068e-07
4.6377e-07
8.2068e-07
1.2747e-06
1.8222e-06
2.4589e-06
3.1796e-06
3.9785e-06
4.8492e-06
5.7846e-06
6.777e-06
7.8182e-06
8.8994e-06
1.0012e-05
1.1145e-05
1.229e-05
1.3437e-05
1.4574e-05
1.5692e-05
1.6781e-05
1.7829e-05
1.8825e-05
1.9761e-05
2.0625e-05
2.1408e-05
2.2099e-05
2.2691e-05
2.3173e-05
2.3539e-05
2.3779e-05
2.3887e-05
2.3857e-05
2.3683e-05
2.336e-05
2.2884e-05
2.2252e-05
2.1461e-05
2.0509e-05
1.9397e-05
1.8124e-05
1.6693e-05
1.5105e-05
1.3363e-05
1.1472e-05
9.4378e-06
7.2657e-06
4.9632e-06
2.5383e-06
6.4677e-19
-2.6419e-06
-5.3768e-06
-8.1932e-06
-1.1079e-05
-1.4022e-05
-1.7007e-05
-2.0022e-05
-2.3052e-05
-2.6081e-05
-2.9095e-05
-3.2078e-05
-3.5015e-05
-3.7888e-05
-4.0683e-05
-4.3384e-05
-4.5974e-05
-4.8438e-05
-5.0761e-05
-5.2928e-05
-5.4924e-05
-5.6735e-05
-5.8348e-05
-5.975e-05
-6.093e-05
-6.1875e-05
-6.2576e-05
-6.3024e-05
-6.321e-05
-6.3127e-05
-6.277e-05
-6.2132e-05
-6.1212e-05
-6.0005e-05
-5.8512e-05
-5.6732e-05
-5.4668e-05
-5.2322e-05
-4.9698e-05
-4.6803e-05
-4.3643e-05
-4.0227e-05
-3.6565e-05
-3.2668e-05
-2.8548e-05
-2.4219e-05
-1.9696e-05
-1.4995e-05
-1.0133e-05
-5.1284e-06
1.6186e-19
5.232e-06
1.0547e-05
1.5923e-05
2.1338e-05
2.6769e-05
3.2192e-05
3.7586e-05
4.2924e-05
4.8184e-05
5.3342e-05
5.8372e-05
6.3252e-05
6.7958e-05
7.2467e-05
7.6755e-05
8.0802e-05
8.4586e-05
8.8085e-05
9.1281e-05
9.4155e-05
9.6689e-05
9.8867e-05
0.00010067
0.0001021
0.00010312
0.00010374
0.00010395
0.00010373
0.00010308
0.000102
0.00010049
9.8536e-05
9.6153e-05
9.334e-05
9.0104e-05
8.6452e-05
8.2392e-05
7.7936e-05
7.3097e-05
6.7889e-05
6.233e-05
5.6437e-05
5.0231e-05
4.3733e-05
3.6966e-05
2.9955e-05
2.2725e-05
1.5303e-05
7.7185e-06
1.0913e-18
-7.8221e-06
-1.5717e-05
-2.3652e-05
-3.1596e-05
-3.9516e-05
-4.7378e-05
-5.5149e-05
-6.2797e-05
-7.0287e-05
-7.7588e-05
-8.4666e-05
-9.149e-05
-9.8028e-05
-0.00010425
-0.00011013
-0.00011563
-0.00012073
-0.00012541
-0.00012963
-0.00013339
-0.00013664
-0.00013939
-0.0001416
-0.00014327
-0.00014438
-0.00014491
-0.00014487
-0.00014425
-0.00014304
-0.00014123
-0.00013884
-0.00013586
-0.0001323
-0.00012817
-0.00012348
-0.00011824
-0.00011246
-0.00010617
-9.939e-05
-9.2135e-05
-8.4433e-05
-7.631e-05
-6.7795e-05
-5.8918e-05
-4.9713e-05
-4.0213e-05
-3.0454e-05
-2.0473e-05
-1.0309e-05
1.4557e-18
1.0412e-05
2.0887e-05
3.1382e-05
4.1855e-05
5.2262e-05
6.2563e-05
7.2712e-05
8.2669e-05
9.239e-05
0.00010183
0.00011096
0.00011973
0.0001281
0.00013603
0.0001435
0.00015046
0.00015688
0.00016273
0.00016799
0.00017262
0.0001766
0.00017991
0.00018252
0.00018444
0.00018562
0.00018608
0.0001858
0.00018477
0.00018299
0.00018046
0.00017719
0.00017318
0.00016845
0.000163
0.00015685
0.00015002
0.00014253
0.00013441
0.00012568
0.00011638
0.00010654
9.6182e-05
8.5358e-05
7.4103e-05
6.246e-05
5.0472e-05
3.8184e-05
2.5643e-05
1.2899e-05
4.0388e-19
-1.3002e-05
-2.6057e-05
-3.9111e-05
-5.2113e-05
-6.5009e-05
-7.7748e-05
-9.0276e-05
-0.00010254
-0.00011449
-0.00012608
-0.00013725
-0.00014796
-0.00015817
-0.00016782
-0.00017687
-0.00018529
-0.00019303
-0.00020006
-0.00020634
-0.00021185
-0.00021655
-0.00022043
-0.00022345
-0.0002256
-0.00022688
-0.00022725
-0.00022672
-0.00022529
-0.00022294
-0.00021969
-0.00021555
-0.00021051
-0.0002046
-0.00019783
-0.00019022
-0.0001818
-0.0001726
-0.00016265
-0.00015198
-0.00014063
-0.00012864
-0.00011605
-0.00010292
-8.9289e-05
-7.5207e-05
-6.073e-05
-4.5913e-05
-3.0813e-05
-1.5489e-05
3.8815e-18
1.5592e-05
3.1227e-05
4.6841e-05
6.2371e-05
7.7756e-05
9.2933e-05
0.00010784
0.00012241
0.0001366
0.00015033
0.00016355
0.0001762
0.00018824
0.0001996
0.00021024
0.00022012
0.00022918
0.00023738
0.00024469
0.00025108
0.00025651
0.00026094
0.00026437
0.00026677
0.00026813
0.00026842
0.00026765
0.00026581
0.0002629
0.00025893
0.0002539
0.00024783
0.00024074
0.00023265
0.00022359
0.00021359
0.00020267
0.00019089
0.00017827
0.00016487
0.00015074
0.00013593
0.00012048
0.00010447
8.7954e-05
7.0989e-05
5.3643e-05
3.5983e-05
1.8079e-05
-1.4155e-18
-1.8183e-05
-3.6397e-05
-5.457e-05
-7.263e-05
-9.0503e-05
-0.00010812
-0.0001254
-0.00014229
-0.0001587
-0.00017457
-0.00018984
-0.00020444
-0.00021831
-0.00023139
-0.00024362
-0.00025494
-0.00026532
-0.00027471
-0.00028305
-0.00029031
-0.00029646
-0.00030146
-0.0003053
-0.00030794
-0.00030937
-0.00030959
-0.00030857
-0.00030633
-0.00030285
-0.00029816
-0.00029225
-0.00028516
-0.00027689
-0.00026748
-0.00025696
-0.00024537
-0.00023274
-0.00021912
-0.00020457
-0.00018912
-0.00017284
-0.0001558
-0.00013805
-0.00011966
-0.0001007
-8.1247e-05
-6.1372e-05
-4.1153e-05
-2.0669e-05
-1.9398e-18
2.0773e-05
4.1567e-05
6.23e-05
8.2888e-05
0.00010325
0.0001233
0.00014297
0.00016216
0.0001808
0.00019882
0.00021613
0.00023268
0.00024838
0.00026317
0.00027699
0.00028977
0.00030147
0.00031203
0.0003214
0.00032954
0.00033641
0.00034198
0.00034622
0.00034911
0.00035062
0.00035076
0.0003495
0.00034685
0.00034281
0.00033739
0.00033061
0.00032248
0.00031304
0.00030231
0.00029034
0.00027715
0.00026281
0.00024736
0.00023086
0.00021337
0.00019495
0.00017567
0.00015561
0.00013484
0.00011345
9.1505e-05
6.9102e-05
4.6323e-05
2.3259e-05
-4.3669e-18
-2.3363e-05
-4.6737e-05
-7.0029e-05
-9.3147e-05
-0.000116
-0.00013849
-0.00016053
-0.00018203
-0.0002029
-0.00022306
-0.00024243
-0.00026092
-0.00027845
-0.00029495
-0.00031036
-0.0003246
-0.00033762
-0.00034935
-0.00035975
-0.00036877
-0.00037637
-0.0003825
-0.00038715
-0.00039028
-0.00039188
-0.00039193
-0.00039042
-0.00038736
-0.00038276
-0.00037662
-0.00036896
-0.0003598
-0.00034919
-0.00033714
-0.00032371
-0.00030894
-0.00029288
-0.0002756
-0.00025715
-0.00023761
-0.00021705
-0.00019554
-0.00017318
-0.00015003
-0.00012619
-0.00010176
-7.6831e-05
-5.1493e-05
-2.5849e-05
4.0515e-19
2.5953e-05
5.1907e-05
7.7759e-05
0.00010341
0.00012874
0.00015367
0.00017809
0.0002019
0.00022501
0.00024731
0.00026872
0.00028915
0.00030852
0.00032674
0.00034373
0.00035943
0.00037377
0.00038668
0.00039811
0.000408
0.00041632
0.00042302
0.00042807
0.00043145
0.00043312
0.00043309
0.00043135
0.00042788
0.00042271
0.00041585
0.00040731
0.00039713
0.00038533
0.00037197
0.00035708
0.00034072
0.00032295
0.00030384
0.00028345
0.00026186
0.00023915
0.00021542
0.00019074
0.00016521
0.00013894
0.00011202
8.4561e-05
5.6663e-05
2.8439e-05
-8.4503e-18
-2.8543e-05
-5.7077e-05
-8.5488e-05
-0.00011366
-0.00014149
-0.00016886
-0.00019566
-0.00022178
-0.00024711
-0.00027156
-0.00029502
-0.00031739
-0.00033859
-0.00035852
-0.0003771
-0.00039426
-0.00040991
-0.000424
-0.00043646
-0.00044723
-0.00045628
-0.00046354
-0.000469
-0.00047262
-0.00047437
-0.00047426
-0.00047227
-0.0004684
-0.00046267
-0.00045508
-0.00044567
-0.00043445
-0.00042148
-0.0004068
-0.00039045
-0.0003725
-0.00035302
-0.00033207
-0.00030974
-0.0002861
-0.00026126
-0.00023529
-0.0002083
-0.0001804
-0.00015169
-0.00012228
-9.229e-05
-6.1833e-05
-3.103e-05
3.8821e-18
3.1133e-05
6.2247e-05
9.3218e-05
0.00012392
0.00015424
0.00018404
0.00021322
0.00024165
0.00026921
0.0002958
0.00032131
0.00034563
0.00036866
0.0003903
0.00041047
0.00042909
0.00044606
0.00046133
0.00047481
0.00048647
0.00049623
0.00050406
0.00050992
0.00051378
0.00051563
0.00051543
0.0005132
0.00050892
0.00050262
0.00049431
0.00048402
0.00047178
0.00045763
0.00044163
0.00042382
0.00040429
0.00038309
0.00036031
0.00033603
0.00031035
0.00028336
0.00025516
0.00022587
0.00019558
0.00016444
0.00013254
0.00010002
6.7003e-05
3.362e-05
1.5755e-18
-3.3723e-05
-6.7417e-05
-0.00010095
-0.00013418
-0.00016699
-0.00019923
-0.00023078
-0.00026152
-0.00029132
-0.00032005
-0.0003476
-0.00037387
-0.00039873
-0.00042209
-0.00044385
-0.00046392
-0.00048221
-0.00049865
-0.00051317
-0.0005257
-0.00053618
-0.00054458
-0.00055085
-0.00055495
-0.00055688
-0.0005566
-0.00055412
-0.00054944
-0.00054258
-0.00053354
-0.00052237
-0.0005091
-0.00049378
-0.00047645
-0.0004572
-0.00043607
-0.00041316
-0.00038855
-0.00036233
-0.0003346
-0.00030546
-0.00027503
-0.00024343
-0.00021077
-0.00017718
-0.0001428
-0.00010775
-7.2173e-05
-3.621e-05
8.4911e-18
3.6313e-05
7.2587e-05
0.00010868
0.00014444
0.00017973
0.00021441
0.00024835
0.00028139
0.00031342
0.0003443
0.0003739
0.0004021
0.0004288
0.00045387
0.00047722
0.00049874
0.00051836
0.00053597
0.00055152
0.00056493
0.00057614
0.0005851
0.00059177
0.00059612
0.00059813
0.00059777
0.00059505
0.00058996
0.00058253
0.00057277
0.00056072
0.00054643
0.00052992
0.00051128
0.00049057
0.00046786
0.00044323
0.00041679
0.00038862
0.00035884
0.00032756
0.00029491
0.00026099
0.00022595
0.00018993
0.00015306
0.00011548
7.7343e-05
3.88e-05
-2.4271e-18
-3.8903e-05
-7.7757e-05
-0.00011641
-0.0001547
-0.00019248
-0.0002296
-0.00026591
-0.00030126
-0.00033552
-0.00036854
-0.00040019
-0.00043034
-0.00045887
-0.00048565
-0.00051059
-0.00053357
-0.0005545
-0.0005733
-0.00058987
-0.00060416
-0.00061609
-0.00062562
-0.0006327
-0.00063729
-0.00063937
-0.00063894
-0.00063597
-0.00063048
-0.00062248
-0.000612
-0.00059908
-0.00058375
-0.00056607
-0.00054611
-0.00052394
-0.00049964
-0.0004733
-0.00044502
-0.00041492
-0.00038309
-0.00034967
-0.00031478
-0.00027856
-0.00024114
-0.00020268
-0.00016331
-0.00012321
-8.2513e-05
-4.139e-05
1.4232e-17
4.1494e-05
8.2927e-05
0.00012414
0.00016496
0.00020523
0.00024478
0.00028347
0.00032114
0.00035762
0.00039279
0.00042648
0.00045858
0.00048894
0.00051744
0.00054396
0.0005684
0.00059065
0.00061062
0.00062823
0.00064339
0.00065605
0.00066614
0.00067362
0.00067846
0.00068062
0.00068011
0.0006769
0.000671
0.00066244
0.00065124
0.00063743
0.00062107
0.00060222
0.00058094
0.00055731
0.00053142
0.00050337
0.00047326
0.00044121
0.00040734
0.00037177
0.00033465
0.00029612
0.00025633
0.00021542
0.00017357
0.00013094
8.7683e-05
4.398e-05
-7.5616e-18
-4.4084e-05
-8.8097e-05
-0.00013186
-0.00017521
-0.00021797
-0.00025997
-0.00030104
-0.00034101
-0.00037973
-0.00041703
-0.00045278
-0.00048682
-0.00051901
-0.00054922
-0.00057733
-0.00060323
-0.0006268
-0.00064795
-0.00066658
-0.00068262
-0.000696
-0.00070666
-0.00071455
-0.00071963
-0.00072187
-0.00072127
-0.00071782
-0.00071152
-0.00070239
-0.00069047
-0.00067578
-0.0006584
-0.00063837
-0.00061577
-0.00059068
-0.00056321
-0.00053344
-0.0005015
-0.0004675
-0.00043158
-0.00039387
-0.00035452
-0.00031368
-0.00027151
-0.00022817
-0.00018383
-0.00013867
-9.2853e-05
-4.657e-05
1.8384e-21
4.6674e-05
9.3267e-05
0.00013959
0.00018547
0.00023072
0.00027515
0.0003186
0.00036088
0.00040183
0.00044128
0.00047907
0.00051505
0.00054908
0.00058101
0.00061071
0.00063806
0.00066295
0.00068527
0.00070493
0.00072185
0.00073595
0.00074718
0.00075547
0.0007608
0.00076313
0.00076244
0.00075874
0.00075204
0.00074235
0.0007297
0.00071414
0.00069572
0.00067452
0.0006506
0.00062406
0.00059499
0.00056351
0.00052974
0.0004938
0.00045583
0.00041598
0.00037439
0.00033125
0.0002867
0.00024092
0.00019409
0.0001464
9.8023e-05
4.916e-05
-1.3828e-17
-4.9264e-05
-9.8437e-05
-0.00014732
-0.00019573
-0.00024347
-0.00029034
-0.00033616
-0.00038075
-0.00042393
-0.00046553
-0.00050537
-0.00054329
-0.00057915
-0.00061279
-0.00064408
-0.00067289
-0.0006991
-0.00072259
-0.00074329
-0.00076108
-0.00077591
-0.0007877
-0.0007964
-0.00080196
-0.00080437
-0.00080361
-0.00079967
-0.00079256
-0.0007823
-0.00076893
-0.00075249
-0.00073305
-0.00071066
-0.00068543
-0.00065743
-0.00062677
-0.00059358
-0.00055797
-0.00052009
-0.00048007
-0.00043808
-0.00039427
-0.00034881
-0.00030188
-0.00025366
-0.00020435
-0.00015413
-0.00010319
-5.175e-05
-1.7786e-17
5.1802e-05
0.0001034
0.00015459
0.00020517
0.00025494
0.0003037
0.00035127
0.00039745
0.00044206
0.00048492
0.00052587
0.00056475
0.0006014
0.00063567
0.00066744
0.00069657
0.00072295
0.00074648
0.00076707
0.00078462
0.00079908
0.00081039
0.00081849
0.00082337
0.000825
0.00082337
0.00081849
0.00081039
0.00079908
0.00078462
0.00076707
0.00074648
0.00072295
0.00069657
0.00066744
0.00063567
0.0006014
0.00056475
0.00052587
0.00048492
0.00044206
0.00039745
0.00035127
0.0003037
0.00025494
0.00020517
0.00015459
0.0001034
5.1802e-05
3.232e-18
-5.1802e-05
-0.0001034
-0.00015459
-0.00020517
-0.00025494
-0.0003037
-0.00035127
-0.00039745
-0.00044206
-0.00048492
-0.00052587
-0.00056475
-0.0006014
-0.00063567
-0.00066744
-0.00069657
-0.00072295
-0.00074648
-0.00076707
-0.00078462
-0.00079908
-0.00081039
-0.00081849
-0.00082337
-0.000825
-0.00082337
-0.00081849
-0.00081039
-0.00079908
-0.00078462
-0.00076707
-0.00074648
-0.00072295
-0.00069657
-0.00066744
-0.00063567
-0.0006014
-0.00056475
-0.00052587
-0.00048492
-0.00044206
-0.00039745
-0.00035127
-0.0003037
-0.00025494
-0.00020517
-0.00015459
-0.0001034
-5.1802e-05
-1.2126e-17
5.1802e-05
0.0001034
0.00015459
0.00020517
0.00025494
0.0003037
0.00035127
0.00039745
0.00044206
0.00048492
0.00052587
0.00056475
0.0006014
0.00063567
0.00066744
0.00069657
0.00072295
0.00074648
0.00076707
0.00078462
0.00079908
0.00081039
0.00081849
0.00082337
0.000825
0.00082337
0.00081849
0.00081039
0.00079908
0.00078462
0.00076707
0.00074648
0.00072295
0.00069657
0.00066744
0.00063567
0.0006014
0.00056475
0.00052587
0.00048492
0.00044206
0.00039745
0.00035127
0.0003037
0.00025494
0.00020517
0.00015459
0.0001034
5.1802e-05
2.102e-17
-5.1802e-05
-0.0001034
-0.00015459
-0.00020517
-0.00025494
-0.0003037
-0.00035127
-0.00039745
-0.00044206
-0.00048492
-0.00052587
-0.00056475
-0.0006014
-0.00063567
-0.00066744
-0.00069657
-0.00072295
-0.00074648
-0.00076707
-0.00078462
-0.00079908
-0.00081039
-0.00081849
-0.00082337
-0.000825
-0.00082337
-0.00081849
-0.00081039
-0.00079908
-0.00078462
-0.00076707
-0.00074648
-0.00072295
-0.00069657
-0.00066744
-0.00063567
-0.0006014
-0.00056475
-0.00052587
-0.00048492
-0.00044206
-0.00039745
-0.00035127
-0.0003037
-0.00025494
-0.00020517
-0.00015459
-0.0001034
-5.1802e-05
-6.4661e-18
5.1802e-05
0.0001034
0.00015459
0.00020517
0.00025494
0.0003037
0.00035127
0.00039745
0.00044206
0.00048492
0.00052587
0.00056475
0.0006014
0.00063567
0.00066744
0.00069657
0.00072295
0.00074648
0.00076707
0.00078462
0.00079908
0.00081039
0.00081849
0.00082337
0.000825
0.00082337
0.00081849
0.00081039
0.00079908
0.00078462
0.00076707
0.00074648
0.00072295
0.00069657
0.00066744
0.00063567
0.0006014
0.00056475
0.00052587
0.00048492
0.00044206
0.00039745
0.00035127
0.0003037
0.00025494
0.00020517
0.00015459
0.0001034
5.1802e-05
1.536e-17
-5.1802e-05
-0.0001034
-0.00015459
-0.00020517
-0.00025494
-0.0003037
-0.00035127
-0.00039745
-0.00044206
-0.00048492
-0.00052587
-0.00056475
-0.0006014
-0.00063567
-0.00066744
-0.00069657
-0.00072295
-0.00074648
-0.00076707
-0.00078462
-0.00079908
-0.00081039
-0.00081849
-0.00082337
-0.000825
-0.00082337
-0.00081849
-0.00081039
-0.00079908
-0.00078462
-0.00076707
-0.00074648
-0.00072295
-0.00069657
-0.00066744
-0.00063567
-0.0006014
-0.00056475
-0.00052587
-0.00048492
-0.00044206
-0.00039745
-0.00035127
-0.0003037
-0.00025494
-0.00020517
-0.00015459
-0.0001034
-5.1802e-05
-8.0622e-19
5.1802e-05
0.0001034
0.00015459
0.00020517
0.00025494
0.0003037
0.00035127
0.00039745
0.00044206
0.00048492
0.00052587
0.00056475
0.0006014
0.00063567
0.00066744
0.00069657
0.00072295
0.00074648
0.00076707
0.00078462
0.00079908
0.00081039
0.00081849
0.00082337
0.000825
0.00082337
0.00081849
0.00081039
0.00079908
0.00078462
0.00076707
0.00074648
0.00072295
0.00069657
0.00066744
0.00063567
0.0006014
0.00056475
0.00052587
0.00048492
0.00044206
0.00039745
0.00035127
0.0003037
0.00025494
0.00020517
0.00015459
0.0001034
5.1802e-05
9.7002e-18
-5.1802e-05
-0.0001034
-0.00015459
-0.00020517
-0.00025494
-0.0003037
-0.00035127
-0.00039745
-0.00044206
-0.00048492
-0.00052587
-0.00056475
-0.0006014
-0.00063567
-0.00066744
-0.00069657
-0.00072295
-0.00074648
-0.00076707
-0.00078462
-0.00079908
-0.00081039
-0.00081849
-0.00082337
-0.000825
-0.00082337
-0.00081849
-0.00081039
-0.00079908
-0.00078462
-0.00076707
-0.00074648
-0.00072295
-0.00069657
-0.00066744
-0.00063567
-0.0006014
-0.00056475
-0.00052587
-0.00048492
-0.00044206
-0.00039745
-0.00035127
-0.0003037
-0.00025494
-0.00020517
-0.00015459
-0.0001034
-5.1802e-05
-1.8594e-17
5.1802e-05
0.0001034
0.00015459
0.00020517
0.00025494
0.0003037
0.00035127
0.00039745
0.00044206
0.00048492
0.00052587
0.00056475
0.0006014
0.00063567
0.00066744
0.00069657
0.00072295
0.00074648
0.00076707
0.00078462
0.00079908
0.00081039
0.00081849
0.00082337
0.000825
0.00082337
0.00081849
0.00081039
0.00079908
0.00078462
0.00076707
0.00074648
0.00072295
0.00069657
0.00066744
0.00063567
0.0006014
0.00056475
0.00052587
0.00048492
0.00044206
0.00039745
0.00035127
0.0003037
0.00025494
0.00020517
0.00015459
0.0001034
5.1802e-05
4.0403e-18
-5.1802e-05
-0.0001034
-0.00015459
-0.00020517
-0.00025494
-0.0003037
-0.00035127
-0.00039745
-0.00044206
-0.00048492
-0.00052587
-0.00056475
-0.0006014
-0.00063567
-0.00066744
-0.00069657
-0.00072295
-0.00074648
-0.00076707
-0.00078462
-0.00079908
-0.00081039
-0.00081849
-0.00082337
-0.000825
-0.00082337
-0.00081849
-0.00081039
-0.00079908
-0.00078462
-0.00076707
-0.00074648
-0.00072295
-0.00069657
-0.00066744
-0.00063567
-0.0006014
-0.00056475
-0.00052587
-0.00048492
-0.00044206
-0.00039745
-0.00035127
-0.0003037
-0.00025494
-0.00020517
-0.00015459
-0.0001034
-5.1802e-05
-1.2934e-17
5.1802e-05
0.0001034
0.00015459
0.00020517
0.00025494
0.0003037
0.00035127
0.00039745
0.00044206
0.00048492
0.00052587
0.00056475
0.0006014
0.00063567
0.00066744
0.00069657
0.00072295
0.00074648
0.00076707
0.00078462
0.00079908
0.00081039
0.00081849
0.00082337
0.000825
0.00082337
0.00081849
0.00081039
0.00079908
0.00078462
0.00076707
0.00074648
0.00072295
0.00069657
0.00066744
0.00063567
0.0006014
0.00056475
0.00052587
0.00048492
0.00044206
0.00039745
0.00035127
0.0003037
0.00025494
0.00020517
0.00015459
0.0001034
5.1802e-05
-1.6196e-18
-5.1802e-05
-0.0001034
-0.00015459
-0.00020517
-0.00025494
-0.0003037
-0.00035127
-0.00039745
-0.00044206
-0.00048492
-0.00052587
-0.00056475
-0.0006014
-0.00063567
-0.00066744
-0.00069657
-0.00072295
-0.00074648
-0.00076707
-0.00078462
-0.00079908
-0.00081039
-0.00081849
-0.00082337
-0.000825
-0.00082337
-0.00081849
-0.00081039
-0.00079908
-0.00078462
-0.00076707
-0.00074648
-0.00072295
-0.00069657
-0.00066744
-0.00063567
-0.0006014
-0.00056475
-0.00052587
-0.00048492
-0.00044206
-0.00039745
-0.00035127
-0.0003037
-0.00025494
-0.00020517
-0.00015459
-0.0001034
-5.1802e-05
-7.2744e-18
5.1802e-05
0.0001034
0.00015459
0.00020517
0.00025494
0.0003037
0.00035127
0.00039745
0.00044206
0.00048492
0.00052587
0.00056475
0.0006014
0.00063567
0.00066744
0.00069657
0.00072295
0.00074648
0.00076707
0.00078462
0.00079908
0.00081039
0.00081849
0.00082337
0.000825
0.00082337
0.00081849
0.00081039
0.00079908
0.00078462
0.00076707
0.00074648
0.00072295
0.00069657
0.00066744
0.00063567
0.0006014
0.00056475
0.00052587
0.00048492
0.00044206
0.00039745
0.00035127
0.0003037
0.00025494
0.00020517
0.00015459
0.0001034
5.1802e-05
1.6168e-17
-5.1802e-05
-0.0001034
-0.00015459
-0.00020517
-0.00025494
-0.0003037
-0.00035127
-0.00039745
-0.00044206
-0.00048492
-0.00052587
-0.00056475
-0.0006014
-0.00063567
-0.00066744
-0.00069657
-0.00072295
-0.00074648
-0.00076707
-0.00078462
-0.00079908
-0.00081039
-0.00081849
-0.00082337
-0.000825
-0.00082337
-0.00081849
-0.00081039
-0.00079908
-0.00078462
-0.00076707
-0.00074648
-0.00072295
-0.00069657
-0.00066744
-0.00063567
-0.0006014
-0.00056475
-0.00052587
-0.00048492
-0.00044206
-0.00039745
-0.00035127
-0.0003037
-0.00025494
-0.00020517
-0.00015459
-0.0001034
-5.1802e-05
-1.6145e-18
5.1802e-05
0.0001034
0.00015459
0.00020517
0.00025494
0.0003037
0.00035127
0.00039745
0.00044206
0.00048492
0.00052587
0.00056475
0.0006014
0.00063567
0.00066744
0.00069657
0.00072295
0.00074648
0.00076707
0.00078462
0.00079908
0.00081039
0.00081849
0.00082337
0.000825
0.00082337
0.00081849
0.00081039
0.00079908
0.00078462
0.00076707
0.00074648
0.00072295
0.00069657
0.00066744
0.00063567
0.0006014
0.00056475
0.00052587
0.00048492
0.00044206
0.00039745
0.00035127
0.0003037
0.00025494
0.00020517
0.00015459
0.0001034
5.1802e-05
1.0508e-17
-5.1802e-05
-0.0001034
-0.00015459
-0.00020517
-0.00025494
-0.0003037
-0.00035127
-0.00039745
-0.00044206
-0.00048492
-0.00052587
-0.00056475
-0.0006014
-0.00063567
-0.00066744
-0.00069657
-0.00072295
-0.00074648
-0.00076707
-0.00078462
-0.00079908
-0.00081039
-0.00081849
-0.00082337
-0.000825
-0.00082337
-0.00081849
-0.00081039
-0.00079908
-0.00078462
-0.00076707
-0.00074648
-0.00072295
-0.00069657
-0.00066744
-0.00063567
-0.0006014
-0.00056475
-0.00052587
-0.00048492
-0.00044206
-0.00039745
-0.00035127
-0.0003037
-0.00025494
-0.00020517
-0.00015459
-0.0001034
-5.1802e-05
4.0454e-18
5.1802e-05
0.0001034
0.00015459
0.00020517
0.00025494
0.0003037
0.00035127
0.00039745
0.00044206
0.00048492
0.00052587
0.00056475
0.0006014
0.00063567
0.00066744
0.00069657
0.00072295
0.00074648
0.00076707
0.00078462
0.00079908
0.00081039
0.00081849
0.00082337
0.000825
0.00082337
0.00081849
0.00081039
0.00079908
0.00078462
0.00076707
0.00074648
0.00072295
0.00069657
0.00066744
0.00063567
0.0006014
0.00056475
0.00052587
0.00048492
0.00044206
0.00039745
0.00035127
0.0003037
0.00025494
0.00020517
0.00015459
0.0001034
5.1802e-05
4.8486e-18
-5.1802e-05
-0.0001034
-0.00015459
-0.00020517
-0.00025494
-0.0003037
-0.00035127
-0.00039745
-0.00044206
-0.00048492
-0.00052587
-0.00056475
-0.0006014
-0.00063567
-0.00066744
-0.00069657
-0.00072295
-0.00074648
-0.00076707
-0.00078462
-0.00079908
-0.00081039
-0.00081849
-0.00082337
-0.000825
-0.00082337
-0.00081849
-0.00081039
-0.00079908
-0.00078462
-0.00076707
-0.00074648
-0.00072295
-0.00069657
-0.00066744
-0.00063567
-0.0006014
-0.00056475
-0.00052587
-0.00048492
-0.00044206
-0.00039745
-0.00035127
-0.0003037
-0.00025494
-0.00020517
-0.00015459
-0.0001034
-5.1802e-05
-1.3743e-17
5.1802e-05
0.0001034
0.00015459
0.00020517
0.00025494
0.0003037
0.00035127
0.00039745
0.00044206
0.00048492
0.00052587
0.00056475
0.0006014
0.00063567
0.00066744
0.00069657
0.00072295
0.00074648
0.00076707
0.00078462
0.00079908
0.00081039
0.00081849
0.00082337
0.000825
0.00082337
0.00081849
0.00081039
0.00079908
0.00078462
0.00076707
0.00074648
0.00072295
0.00069657
0.00066744
0.00063567
0.0006014
0.00056475
0.00052587
0.00048492
0.00044206
0.00039745
0.00035127
0.0003037
0.00025494
0.00020517
0.00015459
0.0001034
5.1802e-05
-8.1133e-19
-5.1802e-05
-0.0001034
-0.00015459
-0.00020517
-0.00025494
-0.0003037
-0.00035127
-0.00039745
-0.00044206
-0.00048492
-0.00052587
-0.00056475
-0.0006014
-0.00063567
-0.00066744
-0.00069657
-0.00072295
-0.00074648
-0.00076707
-0.00078462
-0.00079908
-0.00081039
-0.00081849
-0.00082337
-0.000825
-0.00082337
-0.00081849
-0.00081039
-0.00079908
-0.00078462
-0.00076707
-0.00074648
-0.00072295
-0.00069657
-0.00066744
-0.00063567
-0.0006014
-0.00056475
-0.00052587
-0.00048492
-0.00044206
-0.00039745
-0.00035127
-0.0003037
-0.00025494
-0.00020517
-0.00015459
-0.0001034
-5.1802e-05
-8.0827e-18
5.1802e-05
0.0001034
0.00015459
0.00020517
0.00025494
0.0003037
0.00035127
0.00039745
0.00044206
0.00048492
0.00052587
0.00056475
0.0006014
0.00063567
0.00066744
0.00069657
0.00072295
0.00074648
0.00076707
0.00078462
0.00079908
0.00081039
0.00081849
0.00082337
0.000825
0.00082337
0.00081849
0.00081039
0.00079908
0.00078462
0.00076707
0.00074648
0.00072295
0.00069657
0.00066744
0.00063567
0.0006014
0.00056475
0.00052587
0.00048492
0.00044206
0.00039745
0.00035127
0.0003037
0.00025494
0.00020517
0.00015459
0.0001034
5.1802e-05
1.6977e-17
-5.1802e-05
-0.0001034
-0.00015459
-0.00020517
-0.00025494
-0.0003037
-0.00035127
-0.00039745
-0.00044206
-0.00048492
-0.00052587
-0.00056475
-0.0006014
-0.00063567
-0.00066744
-0.00069657
-0.00072295
-0.00074648
-0.00076707
-0.00078462
-0.00079908
-0.00081039
-0.00081849
-0.00082337
-0.000825
-0.00082337
-0.00081849
-0.00081039
-0.00079908
-0.00078462
-0.00076707
-0.00074648
-0.00072295
-0.00069657
-0.00066744
-0.00063567
-0.0006014
-0.00056475
-0.00052587
-0.00048492
-0.00044206
-0.00039745
-0.00035127
-0.0003037
-0.00025494
-0.00020517
-0.00015459
-0.0001034
-5.1802e-05
-2.5871e-17
5.1802e-05
0.0001034
0.00015459
0.00020517
0.00025494
0.0003037
0.00035127
0.00039745
0.00044206
0.00048492
0.00052587
0.00056475
0.0006014
0.00063567
0.00066744
0.00069657
0.00072295
0.00074648
0.00076707
0.00078462
0.00079908
0.00081039
0.00081849
0.00082337
0.000825
0.00082337
0.00081849
0.00081039
0.00079908
0.00078462
0.00076707
0.00074648
0.00072295
0.00069657
0.00066744
0.00063567
0.0006014
0.00056475
0.00052587
0.00048492
0.00044206
0.00039745
0.00035127
0.0003037
0.00025494
0.00020517
0.00015459
0.0001034
5.1802e-05
-1.2131e-17
-5.1802e-05
-0.0001034
-0.00015459
-0.00020517
-0.00025494
-0.0003037
-0.00035127
-0.00039745
-0.00044206
-0.00048492
-0.00052587
-0.00056475
-0.0006014
-0.00063567
-0.00066744
-0.00069657
-0.00072295
-0.00074648
-0.00076707
-0.00078462
-0.00079908
-0.00081039
-0.00081849
-0.00082337
-0.000825
-0.00082337
-0.00081849
-0.00081039
-0.00079908
-0.00078462
-0.00076707
-0.00074648
-0.00072295
-0.00069657
-0.00066744
-0.00063567
-0.0006014
-0.00056475
-0.00052587
-0.00048492
-0.00044206
-0.00039745
-0.00035127
-0.0003037
-0.00025494
-0.00020517
-0.00015459
-0.0001034
-5.1802e-05
3.2372e-18
5.1802e-05
0.0001034
0.00015459
0.00020517
0.00025494
0.0003037
0.00035127
0.00039745
0.00044206
0.00048492
0.00052587
0.00056475
0.0006014
0.00063567
0.00066744
0.00069657
0.00072295
0.00074648
0.00076707
0.00078462
0.00079908
0.00081039
0.00081849
0.00082337
0.000825
0.00082337
0.00081849
0.00081039
0.00079908
0.00078462
0.00076707
0.00074648
0.00072295
0.00069657
0.00066744
0.00063567
0.0006014
0.00056475
0.00052587
0.00048492
0.00044206
0.00039745
0.00035127
0.0003037
0.00025494
0.00020517
0.00015459
0.0001034
5.1802e-05
5.6568e-18
-5.1802e-05
-0.0001034
-0.00015459
-0.00020517
-0.00025494
-0.0003037
-0.00035127
-0.00039745
-0.00044206
-0.00048492
-0.00052587
-0.00056475
-0.0006014
-0.00063567
-0.00066744
-0.00069657
-0.00072295
-0.00074648
-0.00076707
-0.00078462
-0.00079908
-0.00081039
-0.00081849
-0.00082337
-0.000825
-0.00082337
-0.00081849
-0.00081039
-0.00079908
-0.00078462
-0.00076707
-0.00074648
-0.00072295
-0.00069657
-0.00066744
-0.00063567
-0.0006014
-0.00056475
-0.00052587
-0.00048492
-0.00044206
-0.00039745
-0.00035127
-0.0003037
-0.00025494
-0.00020517
-0.00015459
-0.0001034
-5.1802e-05
-1.4551e-17
5.1802e-05
0.0001034
0.00015459
0.00020517
0.00025494
0.0003037
0.00035127
0.00039745
0.00044206
0.00048492
0.00052587
0.00056475
0.0006014
0.00063567
0.00066744
0.00069657
0.00072295
0.00074648
0.00076707
0.00078462
0.00079908
0.00081039
0.00081849
0.00082337
0.000825
0.00082337
0.00081849
0.00081039
0.00079908
0.00078462
0.00076707
0.00074648
0.00072295
0.00069657
0.00066744
0.00063567
0.0006014
0.00056475
0.00052587
0.00048492
0.00044206
0.00039745
0.00035127
0.0003037
0.00025494
0.00020517
0.00015459
0.0001034
5.1802e-05
-2.3451e-17
-5.1802e-05
-0.0001034
-0.00015459
-0.00020517
-0.00025494
-0.0003037
-0.00035127
-0.00039745
-0.00044206
-0.00048492
-0.00052587
-0.00056475
-0.0006014
-0.00063567
-0.00066744
-0.00069657
-0.00072295
-0.00074648
-0.00076707
-0.00078462
-0.00079908
-0.00081039
-0.00081849
-0.00082337
-0.000825
-0.00082337
-0.00081849
-0.00081039
-0.00079908
-0.00078462
-0.00076707
-0.00074648
-0.00072295
-0.00069657
-0.00066744
-0.00063567
-0.0006014
-0.00056475
-0.00052587
-0.00048492
-0.00044206
-0.00039745
-0.00035127
-0.0003037
-0.00025494
-0.00020517
-0.00015459
-0.0001034
-5.1802e-05
1.4557e-17
5.1802e-05
0.0001034
0.00015459
0.00020517
0.00025494
0.0003037
0.00035127
0.00039745
0.00044206
0.00048492
0.00052587
0.00056475
0.0006014
0.00063567
0.00066744
0.00069657
0.00072295
0.00074648
0.00076707
0.00078462
0.00079908
0.00081039
0.00081849
0.00082337
0.000825
0.00082337
0.00081849
0.00081039
0.00079908
0.00078462
0.00076707
0.00074648
0.00072295
0.00069657
0.00066744
0.00063567
0.0006014
0.00056475
0.00052587
0.00048492
0.00044206
0.00039745
0.00035127
0.0003037
0.00025494
0.00020517
0.00015459
0.0001034
5.1802e-05
-5.663e-18
-5.1802e-05
-0.0001034
-0.00015459
-0.00020517
-0.00025494
-0.0003037
-0.00035127
-0.00039745
-0.00044206
-0.00048492
-0.00052587
-0.00056475
-0.0006014
-0.00063567
-0.00066744
-0.00069657
-0.00072295
-0.00074648
-0.00076707
-0.00078462
-0.00079908
-0.00081039
-0.00081849
-0.00082337
-0.000825
-0.00082337
-0.00081849
-0.00081039
-0.00079908
-0.00078462
-0.00076707
-0.00074648
-0.00072295
-0.00069657
-0.00066744
-0.00063567
-0.0006014
-0.00056475
-0.00052587
-0.00048492
-0.00044206
-0.00039745
-0.00035127
-0.0003037
-0.00025494
-0.00020517
-0.00015459
-0.0001034
-5.1802e-05
-3.231e-18
5.1802e-05
0.0001034
0.00015459
0.00020517
0.00025494
0.0003037
0.00035127
0.00039745
0.00044206
0.00048492
0.00052587
0.00056475
0.0006014
0.00063567
0.00066744
0.00069657
0.00072295
0.00074648
0.00076707
0.00078462
0.00079908
0.00081039
0.00081849
0.00082337
0.000825
0.00082337
0.00081849
0.00081039
0.00079908
0.00078462
0.00076707
0.00074648
0.00072295
0.00069657
0.00066744
0.00063567
0.0006014
0.00056475
0.00052587
0.00048492
0.00044206
0.00039745
0.00035127
0.0003037
0.00025494
0.00020517
0.00015459
0.0001034
5.1802e-05
1.2125e-17
-5.1802e-05
-0.0001034
-0.00015459
-0.00020517
-0.00025494
-0.0003037
-0.00035127
-0.00039745
-0.00044206
-0.00048492
-0.00052587
-0.00056475
-0.0006014
-0.00063567
-0.00066744
-0.00069657
-0.00072295
-0.00074648
-0.00076707
-0.00078462
-0.00079908
-0.00081039
-0.00081849
-0.00082337
-0.000825
-0.00082337
-0.00081849
-0.00081039
-0.00079908
-0.00078462
-0.00076707
-0.00074648
-0.00072295
-0.00069657
-0.00066744
-0.00063567
-0.0006014
-0.00056475
-0.00052587
-0.00048492
-0.00044206
-0.00039745
-0.00035127
-0.0003037
-0.00025494
-0.00020517
-0.00015459
-0.0001034
-5.1802e-05
2.5877e-17
5.1802e-05
0.0001034
0.00015459
0.00020517
0.00025494
0.0003037
0.00035127
0.00039745
0.00044206
0.00048492
0.00052587
0.00056475
0.0006014
0.00063567
0.00066744
0.00069657
0.00072295
0.00074648
0.00076707
0.00078462
0.00079908
0.00081039
0.00081849
0.00082337
0.000825
0.00082337
0.00081849
0.00081039
0.00079908
0.00078462
0.00076707
0.00074648
0.00072295
0.00069657
0.00066744
0.00063567
0.0006014
0.00056475
0.00052587
0.00048492
0.00044206
0.00039745
0.00035127
0.0003037
0.00025494
0.00020517
0.00015459
0.0001034
5.1802e-05
-1.6983e-17
-5.1802e-05
-0.0001034
-0.00015459
-0.00020517
-0.00025494
-0.0003037
-0.00035127
-0.00039745
-0.00044206
-0.00048492
-0.00052587
-0.00056475
-0.0006014
-0.00063567
-0.00066744
-0.00069657
-0.00072295
-0.00074648
-0.00076707
-0.00078462
-0.00079908
-0.00081039
-0.00081849
-0.00082337
-0.000825
-0.00082337
-0.00081849
-0.00081039
-0.00079908
-0.00078462
-0.00076707
-0.00074648
-0.00072295
-0.00069657
-0.00066744
-0.00063567
-0.0006014
-0.00056475
-0.00052587
-0.00048492
-0.00044206
-0.00039745
-0.00035127
-0.0003037
-0.00025494
-0.00020517
-0.00015459
-0.0001034
-5.1802e-05
8.0888e-18
5.1802e-05
0.0001034
0.00015459
0.00020517
0.00025494
0.0003037
0.00035127
0.00039745
0.00044206
0.00048492
0.00052587
0.00056475
0.0006014
0.00063567
0.00066744
0.00069657
0.00072295
0.00074648
0.00076707
0.00078462
0.00079908
0.00081039
0.00081849
0.00082337
0.000825
0.00082337
0.00081849
0.00081039
0.00079908
0.00078462
0.00076707
0.00074648
0.00072295
0.00069657
0.00066744
0.00063567
0.0006014
0.00056475
0.00052587
0.00048492
0.00044206
0.00039745
0.00035127
0.0003037
0.00025494
0.00020517
0.00015459
0.0001034
5.1802e-05
8.052e-19
-5.1802e-05
-0.0001034
-0.00015459
-0.00020517
-0.00025494
-0.0003037
-0.00035127
-0.00039745
-0.00044206
-0.00048492
-0.00052587
-0.00056475
-0.0006014
-0.00063567
-0.00066744
-0.00069657
-0.00072295
-0.00074648
-0.00076707
-0.00078462
-0.00079908
-0.00081039
-0.00081849
-0.00082337
-0.000825
-0.00082337
-0.00081849
-0.00081039
-0.00079908
-0.00078462
-0.00076707
-0.00074648
-0.00072295
-0.00069657
-0.00066744
-0.00063567
-0.0006014
-0.00056475
-0.00052587
-0.00048492
-0.00044206
-0.00039745
-0.00035127
-0.0003037
-0.00025494
-0.00020517
-0.00015459
-0.0001034
-5.1802e-05
-9.6992e-18
5.1802e-05
0.0001034
0.00015459
0.00020517
0.00025494
0.0003037
0.00035127
0.00039745
0.00044206
0.00048492
0.00052587
0.00056475
0.0006014
0.00063567
0.00066744
0.00069657
0.00072295
0.00074648
0.00076707
0.00078462
0.00079908
0.00081039
0.00081849
0.00082337
0.000825
0.00082337
0.00081849
0.00081039
0.00079908
0.00078462
0.00076707
0.00074648
0.00072295
0.00069657
0.00066744
0.00063567
0.0006014
0.00056475
0.00052587
0.00048492
0.00044206
0.00039745
0.00035127
0.0003037
0.00025494
0.00020517
0.00015459
0.0001034
5.1802e-05
-2.8303e-17
-5.1802e-05
-0.0001034
-0.00015459
-0.00020517
-0.00025494
-0.0003037
-0.00035127
-0.00039745
-0.00044206
-0.00048492
-0.00052587
-0.00056475
-0.0006014
-0.00063567
-0.00066744
-0.00069657
-0.00072295
-0.00074648
-0.00076707
-0.00078462
-0.00079908
-0.00081039
-0.00081849
-0.00082337
-0.000825
-0.00082337
-0.00081849
-0.00081039
-0.00079908
-0.00078462
-0.00076707
-0.00074648
-0.00072295
-0.00069657
-0.00066744
-0.00063567
-0.0006014
-0.00056475
-0.00052587
-0.00048492
-0.00044206
-0.00039745
-0.00035127
-0.0003037
-0.00025494
-0.00020517
-0.00015459
-0.0001034
-5.1802e-05
1.9409e-17
5.1802e-05
0.0001034
0.00015459
0.00020517
0.00025494
0.0003037
0.00035127
0.00039745
0.00044206
0.00048492
0.00052587
0.00056475
0.0006014
0.00063567
0.00066744
0.00069657
0.00072295
0.00074648
0.00076707
0.00078462
0.00079908
0.00081039
0.00081849
0.00082337
0.000825
0.00082337
0.00081849
0.00081039
0.00079908
0.00078462
0.00076707
0.00074648
0.00072295
0.00069657
0.00066744
0.00063567
0.0006014
0.00056475
0.00052587
0.00048492
0.00044206
0.00039745
0.00035127
0.0003037
0.00025494
0.00020517
0.00015459
0.0001034
5.1802e-05
-1.0515e-17
-5.1802e-05
-0.0001034
-0.00015459
-0.00020517
-0.00025494
-0.0003037
-0.00035127
-0.00039745
-0.00044206
-0.00048492
-0.00052587
-0.00056475
-0.0006014
-0.00063567
-0.00066744
-0.00069657
-0.00072295
-0.00074648
-0.00076707
-0.00078462
-0.00079908
-0.00081039
-0.00081849
-0.00082337
-0.000825
-0.00082337
-0.00081849
-0.00081039
-0.00079908
-0.00078462
-0.00076707
-0.00074648
-0.00072295
-0.00069657
-0.00066744
-0.00063567
-0.0006014
-0.00056475
-0.00052587
-0.00048492
-0.00044206
-0.00039745
-0.00035127
-0.0003037
-0.00025494
-0.00020517
-0.00015459
-0.0001034
-5.1802e-05
1.6206e-18
5.1802e-05
0.0001034
0.00015459
0.00020517
0.00025494
0.0003037
0.00035127
0.00039745
0.00044206
0.00048492
0.00052587
0.00056475
0.0006014
0.00063567
0.00066744
0.00069657
0.00072295
0.00074648
0.00076707
0.00078462
0.00079908
0.00081039
0.00081849
0.00082337
0.000825
0.00082337
0.00081849
0.00081039
0.00079908
0.00078462
0.00076707
0.00074648
0.00072295
0.00069657
0.00066744
0.00063567
0.0006014
0.00056475
0.00052587
0.00048492
0.00044206
0.00039745
0.00035127
0.0003037
0.00025494
0.00020517
0.00015459
0.0001034
5.1802e-05
7.2734e-18
-5.1802e-05
-0.0001034
-0.00015459
-0.00020517
-0.00025494
-0.0003037
-0.00035127
-0.00039745
-0.00044206
-0.00048492
-0.00052587
-0.00056475
-0.0006014
-0.00063567
-0.00066744
-0.00069657
-0.00072295
-0.00074648
-0.00076707
-0.00078462
-0.00079908
-0.00081039
-0.00081849
-0.00082337
-0.000825
-0.00082337
-0.00081849
-0.00081039
-0.00079908
-0.00078462
-0.00076707
-0.00074648
-0.00072295
-0.00069657
-0.00066744
-0.00063567
-0.0006014
-0.00056475
-0.00052587
-0.00048492
-0.00044206
-0.00039745
-0.00035127
-0.0003037
-0.00025494
-0.00020517
-0.00015459
-0.0001034
-5.1802e-05
-1.6167e-17
5.1802e-05
0.0001034
0.00015459
0.00020517
0.00025494
0.0003037
0.00035127
0.00039745
0.00044206
0.00048492
0.00052587
0.00056475
0.0006014
0.00063567
0.00066744
0.00069657
0.00072295
0.00074648
0.00076707
0.00078462
0.00079908
0.00081039
0.00081849
0.00082337
0.000825
0.00082337
0.00081849
0.00081039
0.00079908
0.00078462
0.00076707
0.00074648
0.00072295
0.00069657
0.00066744
0.00063567
0.0006014
0.00056475
0.00052587
0.00048492
0.00044206
0.00039745
0.00035127
0.0003037
0.00025494
0.00020517
0.00015459
0.0001034
5.1802e-05
2.5061e-17
-5.1802e-05
-0.0001034
-0.00015459
-0.00020517
-0.00025494
-0.0003037
-0.00035127
-0.00039745
-0.00044206
-0.00048492
-0.00052587
-0.00056475
-0.0006014
-0.00063567
-0.00066744
-0.00069657
-0.00072295
-0.00074648
-0.00076707
-0.00078462
-0.00079908
-0.00081039
-0.00081849
-0.00082337
-0.000825
-0.00082337
-0.00081849
-0.00081039
-0.00079908
-0.00078462
-0.00076707
-0.00074648
-0.00072295
-0.00069657
-0.00066744
-0.00063567
-0.0006014
-0.00056475
-0.00052587
-0.00048492
-0.00044206
-0.00039745
-0.00035127
-0.0003037
-0.00025494
-0.00020517
-0.00015459
-0.0001034
-5.1802e-05
1.294e-17
5.1802e-05
0.0001034
0.00015459
0.00020517
0.00025494
0.0003037
0.00035127
0.00039745
0.00044206
0.00048492
0.00052587
0.00056475
0.0006014
0.00063567
0.00066744
0.00069657
0.00072295
0.00074648
0.00076707
0.00078462
0.00079908
0.00081039
0.00081849
0.00082337
0.000825
0.00082337
0.00081849
0.00081039
0.00079908
0.00078462
0.00076707
0.00074648
0.00072295
0.00069657
0.00066744
0.00063567
0.0006014
0.00056475
0.00052587
0.00048492
0.00044206
0.00039745
0.00035127
0.0003037
0.00025494
0.00020517
0.00015459
0.0001034
5.1802e-05
-4.0464e-18
-5.1802e-05
-0.0001034
-0.00015459
-0.00020517
-0.00025494
-0.0003037
-0.00035127
-0.00039745
-0.00044206
-0.00048492
-0.00052587
-0.00056475
-0.0006014
-0.00063567
-0.00066744
-0.00069657
-0.00072295
-0.00074648
-0.00076707
-0.00078462
-0.00079908
-0.00081039
-0.00081849
-0.00082337
-0.000825
-0.00082337
-0.00081849
-0.00081039
-0.00079908
-0.00078462
-0.00076707
-0.00074648
-0.00072295
-0.00069657
-0.00066744
-0.00063567
-0.0006014
-0.00056475
-0.00052587
-0.00048492
-0.00044206
-0.00039745
-0.00035127
-0.0003037
-0.00025494
-0.00020517
-0.00015459
-0.0001034
-5.1802e-05
-4.8476e-18
5.1802e-05
0.0001034
0.00015459
0.00020517
0.00025494
0.0003037
0.00035127
0.00039745
0.00044206
0.00048492
0.00052587
0.00056475
0.0006014
0.00063567
0.00066744
0.00069657
0.00072295
0.00074648
0.00076707
0.00078462
0.00079908
0.00081039
0.00081849
0.00082337
0.000825
0.00082337
0.00081849
0.00081039
0.00079908
0.00078462
0.00076707
0.00074648
0.00072295
0.00069657
0.00066744
0.00063567
0.0006014
0.00056475
0.00052587
0.00048492
0.00044206
0.00039745
0.00035127
0.0003037
0.00025494
0.00020517
0.00015459
0.0001034
5.1802e-05
1.3742e-17
-5.1802e-05
-0.0001034
-0.00015459
-0.00020517
-0.00025494
-0.0003037
-0.00035127
-0.00039745
-0.00044206
-0.00048492
-0.00052587
-0.00056475
-0.0006014
-0.00063567
-0.00066744
-0.00069657
-0.00072295
-0.00074648
-0.00076707
-0.00078462
-0.00079908
-0.00081039
-0.00081849
-0.00082337
-0.000825
-0.00082337
-0.00081849
-0.00081039
-0.00079908
-0.00078462
-0.00076707
-0.00074648
-0.00072295
-0.00069657
-0.00066744
-0.00063567
-0.0006014
-0.00056475
-0.00052587
-0.00048492
-0.00044206
-0.00039745
-0.00035127
-0.0003037
-0.00025494
-0.00020517
-0.00015459
-0.0001034
-5.1802e-05
-2.2636e-17
5.1802e-05
0.0001034
0.00015459
0.00020517
0.00025494
0.0003037
0.00035127
0.00039745
0.00044206
0.00048492
0.00052587
0.00056475
0.0006014
0.00063567
0.00066744
0.00069657
0.00072295
0.00074648
0.00076707
0.00078462
0.00079908
0.00081039
0.00081849
0.00082337
0.000825
0.00082337
0.00081849
0.00081039
0.00079908
0.00078462
0.00076707
0.00074648
0.00072295
0.00069657
0.00066744
0.00063567
0.0006014
0.00056475
0.00052587
0.00048492
0.00044206
0.00039745
0.00035127
0.0003037
0.00025494
0.00020517
0.00015459
0.0001034
5.1802e-05
-1.5366e-17
-5.1802e-05
-0.0001034
-0.00015459
-0.00020517
-0.00025494
-0.0003037
-0.00035127
-0.00039745
-0.00044206
-0.00048492
-0.00052587
-0.00056475
-0.0006014
-0.00063567
-0.00066744
-0.00069657
-0.00072295
-0.00074648
-0.00076707
-0.00078462
-0.00079908
-0.00081039
-0.00081849
-0.00082337
-0.000825
-0.00082337
-0.00081849
-0.00081039
-0.00079908
-0.00078462
-0.00076707
-0.00074648
-0.00072295
-0.00069657
-0.00066744
-0.00063567
-0.0006014
-0.00056475
-0.00052587
-0.00048492
-0.00044206
-0.00039745
-0.00035127
-0.0003037
-0.00025494
-0.00020517
-0.00015459
-0.0001034
-5.1802e-05
6.4723e-18
5.1802e-05
0.0001034
0.00015459
0.00020517
0.00025494
0.0003037
0.00035127
0.00039745
0.00044206
0.00048492
0.00052587
0.00056475
0.0006014
0.00063567
0.00066744
0.00069657
0.00072295
0.00074648
0.00076707
0.00078462
0.00079908
0.00081039
0.00081849
0.00082337
0.000825
0.00082337
0.00081849
0.00081039
0.00079908
0.00078462
0.00076707
0.00074648
0.00072295
0.00069657
0.00066744
0.00063567
0.0006014
0.00056475
0.00052587
0.00048492
0.00044206
0.00039745
0.00035127
0.0003037
0.00025494
0.00020517
0.00015459
0.0001034
5.1802e-05
2.4217e-18
-5.1802e-05
-0.0001034
-0.00015459
-0.00020517
-0.00025494
-0.0003037
-0.00035127
-0.00039745
-0.00044206
-0.00048492
-0.00052587
-0.00056475
-0.0006014
-0.00063567
-0.00066744
-0.00069657
-0.00072295
-0.00074648
-0.00076707
-0.00078462
-0.00079908
-0.00081039
-0.00081849
-0.00082337
-0.000825
-0.00082337
-0.00081849
-0.00081039
-0.00079908
-0.00078462
-0.00076707
-0.00074648
-0.00072295
-0.00069657
-0.00066744
-0.00063567
-0.0006014
-0.00056475
-0.00052587
-0.00048492
-0.00044206
-0.00039745
-0.00035127
-0.0003037
-0.00025494
-0.00020517
-0.00015459
-0.0001034
-5.1802e-05
-1.1316e-17
5.1802e-05
0.0001034
0.00015459
0.00020517
0.00025494
0.0003037
0.00035127
0.00039745
0.00044206
0.00048492
0.00052587
0.00056475
0.0006014
0.00063567
0.00066744
0.00069657
0.00072295
0.00074648
0.00076707
0.00078462
0.00079908
0.00081039
0.00081849
0.00082337
0.000825
0.00082337
0.00081849
0.00081039
0.00079908
0.00078462
0.00076707
0.00074648
0.00072295
0.00069657
0.00066744
0.00063567
0.0006014
0.00056475
0.00052587
0.00048492
0.00044206
0.00039745
0.00035127
0.0003037
0.00025494
0.00020517
0.00015459
0.0001034
5.1802e-05
2.021e-17
-5.1802e-05
-0.0001034
-0.00015459
-0.00020517
-0.00025494
-0.0003037
-0.00035127
-0.00039745
-0.00044206
-0.00048492
-0.00052587
-0.00056475
-0.0006014
-0.00063567
-0.00066744
-0.00069657
-0.00072295
-0.00074648
-0.00076707
-0.00078462
-0.00079908
-0.00081039
-0.00081849
-0.00082337
-0.000825
-0.00082337
-0.00081849
-0.00081039
-0.00079908
-0.00078462
-0.00076707
-0.00074648
-0.00072295
-0.00069657
-0.00066744
-0.00063567
-0.0006014
-0.00056475
-0.00052587
-0.00048492
-0.00044206
-0.00039745
-0.00035127
-0.0003037
-0.00025494
-0.00020517
-0.00015459
-0.0001034
-5.1802e-05
1.7792e-17
5.1802e-05
0.0001034
0.00015459
0.00020517
0.00025494
0.0003037
0.00035127
0.00039745
0.00044206
0.00048492
0.00052587
0.00056475
0.0006014
0.00063567
0.00066744
0.00069657
0.00072295
0.00074648
0.00076707
0.00078462
0.00079908
0.00081039
0.00081849
0.00082337
0.000825
0.00082337
0.00081849
0.00081039
0.00079908
0.00078462
0.00076707
0.00074648
0.00072295
0.00069657
0.00066744
0.00063567
0.0006014
0.00056475
0.00052587
0.00048492
0.00044206
0.00039745
0.00035127
0.0003037
0.00025494
0.00020517
0.00015459
0.0001034
5.1802e-05
-8.8981e-18
-5.1802e-05
-0.0001034
-0.00015459
-0.00020517
-0.00025494
-0.0003037
-0.00035127
-0.00039745
-0.00044206
-0.00048492
-0.00052587
-0.00056475
-0.0006014
-0.00063567
-0.00066744
-0.00069657
-0.00072295
-0.00074648
-0.00076707
-0.00078462
-0.00079908
-0.00081039
-0.00081849
-0.00082337
-0.000825
-0.00082337
-0.00081849
-0.00081039
-0.00079908
-0.00078462
-0.00076707
-0.00074648
-0.00072295
-0.00069657
-0.00066744
-0.00063567
-0.0006014
-0.00056475
-0.00052587
-0.00048492
-0.00044206
-0.00039745
-0.00035127
-0.0003037
-0.00025494
-0.00020517
-0.00015459
-0.0001034
-5.1802e-05
4.0812e-21
5.1699e-05
0.00010309
0.00015397
0.00020414
0.00025341
0.00030158
0.00034846
0.00039387
0.00043764
0.00047959
0.00051956
0.00055741
0.00059298
0.00062614
0.00065676
0.00068473
0.00070994
0.0007323
0.00075172
0.00076814
0.0007815
0.00079175
0.00079885
0.00080279
0.00080355
0.00080114
0.00079558
0.00078689
0.00077511
0.0007603
0.00074252
0.00072185
0.00069837
0.00067219
0.00064341
0.00061215
0.00057855
0.00054273
0.00050484
0.00046504
0.00042349
0.00038036
0.00033581
0.00029004
0.00024321
0.00019553
0.00014717
9.8333e-05
4.9212e-05
8.4365e-18
-4.9108e-05
-9.792e-05
-0.00014624
-0.00019388
-0.00024066
-0.00028639
-0.00033089
-0.000374
-0.00041553
-0.00045534
-0.00049327
-0.00052917
-0.00056291
-0.00059435
-0.00062339
-0.0006499
-0.00067379
-0.00069498
-0.00071337
-0.00072891
-0.00074155
-0.00075123
-0.00075793
-0.00076162
-0.0007623
-0.00075997
-0.00075465
-0.00074637
-0.00073515
-0.00072107
-0.00070417
-0.00068452
-0.00066222
-0.00063736
-0.00061004
-0.00058037
-0.00054848
-0.00051449
-0.00047855
-0.00044079
-0.00040139
-0.00036048
-0.00031825
-0.00027485
-0.00023046
-0.00018527
-0.00013944
-9.3163e-05
-4.6622e-05
2.6172e-17
4.6518e-05
9.275e-05
0.00013851
0.00018363
0.00022792
0.00027121
0.00031333
0.00035413
0.00039343
0.0004311
0.00046698
0.00050093
0.00053284
0.00056257
0.00059002
0.00061507
0.00063764
0.00065765
0.00067502
0.00068968
0.00070159
0.00071071
0.000717
0.00072045
0.00072105
0.0007188
0.00071373
0.00070585
0.0006952
0.00068184
0.00066581
0.0006472
0.00062608
0.00060253
0.00057667
0.00054859
0.00051841
0.00048625
0.00045225
0.00041655
0.00037928
0.00034061
0.00030069
0.00025967
0.00021772
0.00017501
0.00013171
8.7993e-05
4.4032e-05
-1.7165e-17
-4.3928e-05
-8.758e-05
-0.00013078
-0.00017337
-0.00021517
-0.00025602
-0.00029577
-0.00033425
-0.00037133
-0.00040685
-0.00044068
-0.0004727
-0.00050277
-0.00053079
-0.00055664
-0.00058024
-0.0006015
-0.00062033
-0.00063666
-0.00065045
-0.00066164
-0.00067019
-0.00067608
-0.00067928
-0.0006798
-0.00067764
-0.0006728
-0.00066533
-0.00065525
-0.00064261
-0.00062746
-0.00060988
-0.00058993
-0.0005677
-0.0005433
-0.0005168
-0.00048834
-0.00045801
-0.00042596
-0.0003923
-0.00035718
-0.00032074
-0.00028312
-0.00024448
-0.00020497
-0.00016475
-0.00012398
-8.2823e-05
-4.1442e-05
-2.8422e-17
4.1338e-05
8.241e-05
0.00012305
0.00016311
0.00020242
0.00024084
0.0002782
0.00031438
0.00034923
0.0003826
0.00041439
0.00044446
0.0004727
0.000499
0.00052327
0.00054541
0.00056535
0.000583
0.00059831
0.00061122
0.00062169
0.00062967
0.00063515
0.00063811
0.00063855
0.00063647
0.00063188
0.00062481
0.00061529
0.00060337
0.00058911
0.00057255
0.00055378
0.00053288
0.00050992
0.00048502
0.00045827
0.00042978
0.00039966
0.00036806
0.00033508
0.00030087
0.00026556
0.0002293
0.00019222
0.00015449
0.00011625
7.7653e-05
3.8852e-05
3.3305e-17
-3.8748e-05
-7.724e-05
-0.00011532
-0.00015285
-0.00018967
-0.00022565
-0.00026064
-0.00029451
-0.00032712
-0.00035836
-0.0003881
-0.00041622
-0.00044263
-0.00046722
-0.0004899
-0.00051059
-0.0005292
-0.00054568
-0.00055996
-0.00057199
-0.00058173
-0.00058915
-0.00059423
-0.00059694
-0.0005973
-0.0005953
-0.00059095
-0.00058429
-0.00057534
-0.00056414
-0.00055075
-0.00053523
-0.00051763
-0.00049805
-0.00047655
-0.00045324
-0.0004282
-0.00040154
-0.00037337
-0.00034381
-0.00031298
-0.00028099
-0.000248
-0.00021411
-0.00017948
-0.00014423
-0.00010852
-7.2483e-05
-3.6262e-05
-3.7299e-17
3.6158e-05
7.207e-05
0.00010759
0.00014259
0.00017693
0.00021047
0.00024308
0.00027464
0.00030502
0.00033411
0.0003618
0.00038798
0.00041256
0.00043544
0.00045653
0.00047576
0.00049305
0.00050835
0.0005216
0.00053276
0.00054178
0.00054863
0.0005533
0.00055578
0.00055605
0.00055413
0.00055003
0.00054377
0.00053538
0.00052491
0.0005124
0.0004979
0.00048149
0.00046322
0.00044318
0.00042145
0.00039813
0.0003733
0.00034708
0.00031956
0.00029087
0.00026112
0.00023043
0.00019893
0.00016673
0.00013398
0.00010079
6.7313e-05
3.3671e-05
9.9674e-18
-3.3568e-05
-6.69e-05
-9.9865e-05
-0.00013233
-0.00016418
-0.00019528
-0.00022551
-0.00025476
-0.00028292
-0.00030987
-0.00033551
-0.00035975
-0.00038249
-0.00040365
-0.00042316
-0.00044093
-0.00045691
-0.00047103
-0.00048325
-0.00049353
-0.00050182
-0.00050811
-0.00051238
-0.00051461
-0.0005148
-0.00051296
-0.0005091
-0.00050325
-0.00049543
-0.00048568
-0.00047405
-0.00046058
-0.00044534
-0.00042839
-0.00040981
-0.00038967
-0.00036806
-0.00034506
-0.00032078
-0.00029532
-0.00026877
-0.00024125
-0.00021287
-0.00018374
-0.00015398
-0.00012372
-9.3063e-05
-6.2143e-05
-3.1081e-05
-4.2618e-17
3.0978e-05
6.173e-05
9.2135e-05
0.00012208
0.00015143
0.0001801
0.00020795
0.00023489
0.00026081
0.00028562
0.00030921
0.00033151
0.00035242
0.00037187
0.00038978
0.0004061
0.00042076
0.00043371
0.0004449
0.0004543
0.00046187
0.00046759
0.00047145
0.00047344
0.00047355
0.00047179
0.00046818
0.00046273
0.00045548
0.00044645
0.00043569
0.00042326
0.00040919
0.00039356
0.00037644
0.00035788
0.00033799
0.00031683
0.00029449
0.00027107
0.00024667
0.00022138
0.0001953
0.00016856
0.00014124
0.00011346
8.5333e-05
5.6973e-05
2.8491e-05
1.8197e-17
-2.8388e-05
-5.656e-05
-8.4406e-05
-0.00011182
-0.00013869
-0.00016491
-0.00019039
-0.00021502
-0.00023871
-0.00026137
-0.00028292
-0.00030327
-0.00032235
-0.00034009
-0.00035641
-0.00037127
-0.00038461
-0.00039638
-0.00040654
-0.00041506
-0.00042191
-0.00042707
-0.00043053
-0.00043227
-0.0004323
-0.00043062
-0.00042725
-0.00042221
-0.00041552
-0.00040722
-0.00039734
-0.00038593
-0.00037304
-0.00035873
-0.00034306
-0.0003261
-0.00030792
-0.00028859
-0.0002682
-0.00024683
-0.00022457
-0.00020151
-0.00017774
-0.00015337
-0.00012849
-0.0001032
-7.7604e-05
-5.1803e-05
-2.5901e-05
-2.0978e-17
2.5797e-05
5.139e-05
7.6676e-05
0.00010156
0.00012594
0.00014973
0.00017282
0.00019515
0.00021661
0.00023713
0.00025663
0.00027503
0.00029228
0.0003083
0.00032304
0.00033644
0.00034846
0.00035906
0.00036819
0.00037583
0.00038196
0.00038655
0.0003896
0.0003911
0.00039105
0.00038945
0.00038633
0.00038169
0.00037557
0.00036799
0.00035899
0.00034861
0.0003369
0.00032391
0.00030969
0.00029432
0.00027785
0.00026035
0.0002419
0.00022258
0.00020246
0.00018163
0.00016018
0.00013818
0.00011574
9.2942e-05
6.9874e-05
4.6633e-05
2.3311e-05
2.2869e-17
-2.3207e-05
-4.622e-05
-6.8947e-05
-9.13e-05
-0.00011319
-0.00013454
-0.00015526
-0.00017527
-0.00019451
-0.00021288
-0.00023033
-0.0002468
-0.00026221
-0.00027652
-0.00028967
-0.00030162
-0.00031232
-0.00032173
-0.00032984
-0.0003366
-0.00034201
-0.00034604
-0.00034868
-0.00034993
-0.0003498
-0.00034829
-0.0003454
-0.00034117
-0.00033561
-0.00032876
-0.00032063
-0.00031128
-0.00030075
-0.00028908
-0.00027632
-0.00026253
-0.00024778
-0.00023211
-0.00021561
-0.00019833
-0.00018036
-0.00016176
-0.00014261
-0.000123
-0.000103
-8.2683e-05
-6.2145e-05
-4.1463e-05
-2.0721e-05
-5.16e-18
2.0617e-05
4.105e-05
6.1217e-05
8.1042e-05
0.00010045
0.00011936
0.0001377
0.0001554
0.0001724
0.00018863
0.00020404
0.00021856
0.00023214
0.00024473
0.0002563
0.00026679
0.00027617
0.00028441
0.00029148
0.00029737
0.00030205
0.00030552
0.00030775
0.00030876
0.00030855
0.00030712
0.00030448
0.00030065
0.00029566
0.00028953
0.00028228
0.00027396
0.0002646
0.00025425
0.00024295
0.00023075
0.00021771
0.00020388
0.00018931
0.00017409
0.00015826
0.00014189
0.00012505
0.00010781
9.0248e-05
7.2425e-05
5.4416e-05
3.6293e-05
1.8131e-05
2.3984e-17
-1.8027e-05
-3.588e-05
-5.3488e-05
-7.0783e-05
-8.7699e-05
-0.00010417
-0.00012013
-0.00013553
-0.0001503
-0.00016439
-0.00017775
-0.00019032
-0.00020207
-0.00021295
-0.00022292
-0.00023196
-0.00024002
-0.00024709
-0.00025313
-0.00025814
-0.0002621
-0.000265
-0.00026683
-0.0002676
-0.0002673
-0.00026595
-0.00026356
-0.00026013
-0.00025571
-0.00025029
-0.00024393
-0.00023663
-0.00022845
-0.00021942
-0.00020958
-0.00019897
-0.00018764
-0.00017564
-0.00016302
-0.00014984
-0.00013615
-0.00012202
-0.00010749
-9.2629e-05
-7.7501e-05
-6.2166e-05
-4.6686e-05
-3.1123e-05
-1.5541e-05
-9.1854e-18
1.5437e-05
3.071e-05
4.5759e-05
6.0525e-05
7.4952e-05
8.8985e-05
0.00010257
0.00011566
0.0001282
0.00014014
0.00015145
0.00016208
0.000172
0.00018117
0.00018955
0.00019713
0.00020387
0.00020976
0.00021478
0.00021891
0.00022214
0.00022448
0.0002259
0.00022643
0.00022605
0.00022478
0.00022263
0.00021961
0.00021575
0.00021106
0.00020557
0.00019931
0.00019231
0.00018459
0.0001762
0.00016718
0.00015757
0.0001474
0.00013673
0.0001256
0.00011405
0.00010214
8.9925e-05
7.7444e-05
6.4755e-05
5.1908e-05
3.8957e-05
2.5953e-05
1.2951e-05
9.864e-18
-1.2847e-05
-2.554e-05
-3.8029e-05
-5.0266e-05
-6.2205e-05
-7.38e-05
-8.5007e-05
-9.5785e-05
-0.00010609
-0.0001159
-0.00012516
-0.00013385
-0.00014193
-0.00014938
-0.00015618
-0.0001623
-0.00016773
-0.00017244
-0.00017643
-0.00017968
-0.00018219
-0.00018396
-0.00018498
-0.00018526
-0.0001848
-0.00018361
-0.00018171
-0.0001791
-0.0001758
-0.00017183
-0.00016722
-0.00016199
-0.00015616
-0.00014976
-0.00014283
-0.0001354
-0.0001275
-0.00011916
-0.00011043
-0.00010135
-9.1948e-05
-8.2271e-05
-7.2361e-05
-6.2259e-05
-5.2008e-05
-4.1649e-05
-3.1227e-05
-2.0783e-05
-1.036e-05
-9.6531e-18
1.0257e-05
2.037e-05
3.03e-05
4.0008e-05
4.9458e-05
5.8615e-05
6.7443e-05
7.5912e-05
8.3991e-05
9.165e-05
9.8864e-05
0.00010561
0.00011186
0.0001176
0.00012281
0.00012747
0.00013158
0.00013511
0.00013807
0.00014045
0.00014224
0.00014344
0.00014406
0.00014409
0.00014355
0.00014244
0.00014078
0.00013858
0.00013584
0.0001326
0.00012887
0.00012466
0.00012001
0.00011493
0.00010946
0.00010361
9.7427e-05
9.0925e-05
8.414e-05
7.7103e-05
6.9845e-05
6.2399e-05
5.4798e-05
4.7074e-05
3.9261e-05
3.1391e-05
2.3498e-05
1.5613e-05
7.7703e-06
1.5655e-18
-7.6667e-06
-1.52e-05
-2.257e-05
-2.975e-05
-3.6711e-05
-4.3429e-05
-4.988e-05
-5.604e-05
-6.1888e-05
-6.7404e-05
-7.2571e-05
-7.7371e-05
-8.179e-05
-8.5816e-05
-8.9437e-05
-9.2644e-05
-9.543e-05
-9.7789e-05
-9.9719e-05
-0.00010122
-0.00010228
-0.00010292
-0.00010313
-0.00010292
-0.0001023
-0.00010127
-9.9856e-05
-9.8057e-05
-9.589e-05
-9.337e-05
-9.0514e-05
-8.7338e-05
-8.3863e-05
-8.0106e-05
-7.6088e-05
-7.1831e-05
-6.7357e-05
-6.2687e-05
-5.7846e-05
-5.2857e-05
-4.7742e-05
-4.2527e-05
-3.7234e-05
-3.1889e-05
-2.6514e-05
-2.1132e-05
-1.5768e-05
-1.0443e-05
-5.1802e-06
-6.5633e-18
5.0766e-06
1.003e-05
1.4841e-05
1.9491e-05
2.3964e-05
2.8244e-05
3.2317e-05
3.6168e-05
3.9785e-05
4.3158e-05
4.6277e-05
4.9133e-05
5.172e-05
5.4032e-05
5.6065e-05
5.7815e-05
5.9282e-05
6.0465e-05
6.1365e-05
6.1985e-05
6.2328e-05
6.24e-05
6.2206e-05
6.1753e-05
6.105e-05
6.0106e-05
5.8932e-05
5.7537e-05
5.5936e-05
5.4139e-05
5.216e-05
5.0014e-05
4.7715e-05
4.5277e-05
4.2716e-05
4.0047e-05
3.7287e-05
3.445e-05
3.1552e-05
2.861e-05
2.5639e-05
2.2654e-05
1.9671e-05
1.6704e-05
1.3767e-05
1.0874e-05
8.0387e-06
5.2734e-06
2.5901e-06
1.3864e-18
-2.4865e-06
-4.8598e-06
-7.1111e-06
-9.2326e-06
-1.1217e-05
-1.3059e-05
-1.4753e-05
-1.6295e-05
-1.7682e-05
-1.8912e-05
-1.9983e-05
-2.0896e-05
-2.165e-05
-2.2249e-05
-2.2693e-05
-2.2987e-05
-2.3134e-05
-2.3141e-05
-2.3012e-05
-2.2754e-05
-2.2374e-05
-2.188e-05
-2.1281e-05
-2.0584e-05
-1.98e-05
-1.8938e-05
-1.8007e-05
-1.7018e-05
-1.5982e-05
-1.4908e-05
-1.3807e-05
-1.269e-05
-1.1567e-05
-1.0449e-05
-9.3441e-06
-8.2638e-06
-7.2168e-06
-6.2123e-06
-5.2587e-06
-4.3643e-06
-3.5365e-06
-2.7821e-06
-2.1076e-06
-1.5185e-06
-1.0198e-06
-6.1551e-07
-3.0918e-07
-1.034e-07
-0
-0
0
0
0
0
0
0
0
0
0
0
0
0
0
0
0
0
0
0
0
0
0
0
0
0
0
0
0
0
0
0
0
0
0
0
0
0
0
0
0
0
0
0
0
0
0
0
0
0
0
0
-0
-0
-0
-0
-0
-0
-0
-0
-0
-0
-0
-0
-0
-0
-0
-0
-0
-0
-0
-0
-0
-0
-0
-0
-0
-0
-0
-0
-0
-0
-0
-0
-0
-0
-0
-0
-0
-0
-0
-0
-0
-0
-0
-0
-0
-0
-0
-0
-0
-0
0
0
0
0
0
0
0
0
0
0
0
0
0
0
0
0
0
0
0
0
0
0
0
0
0
0
0
0
0
0
0
0
0
0
0
0
0
0
0
0
0
0
0
0
0
0
0
0
0
0
-0
-0
-0
-0
-0
-0
-0
-0
-0
-0
-0
-0
-0
-0
-0
-0
-0
-0
-0
-0
-0
-0
-0
-0
-0
-0
-0
-0
-0
-0
-0
-0
-0
-0
-0
-0
-0
-0
-0
-0
-0
-0
-0
-0
-0
-0
-0
-0
-0
-0
0
0
0
0
0
0
0
0
0
0
0
0
0
0
0
0
0
0
0
0
0
0
0
0
0
0
0
0
0
0
0
0
0
0
0
0
0
0
0
0
0
0
0
0
0
0
0
0
0
0
-0
-0
-0
-0
-0
-0
-0
-0
-0
-0
-0
-0
-0
-0
-0
-0
-0
-0
-0
-0
-0
-0
-0
-0
-0
-0
-0
-0
-0
-0
-0
-0
-0
-0
-0
-0
-0
-0
-0
-0
-0
-0
-0
-0
-0
-0
-0
-0
-0
-0
0
0
0
0
0
0
0
0
0
0
0
0
0
0
0
0
0
0
0
0
0
0
0
0
0
0
0
0
0
0
0
0
0
0
0
0
0
0
0
0
0
0
0
0
0
0
0
0
0
0
-0
-0
-0
-0
-0
-0
-0
-0
-0
-0
-0
-0
-0
-0
-0
-0
-0
-0
-0
-0
-0
-0
-0
-0
-0
-0
-0
-0
-0
-0
-0
-0
-0
-0
-0
-0
-0
-0
-0
-0
-0
-0
-0
-0
-0
-0
-0
-0
-0
-0
0
0
0
0
0
0
0
0
0
0
0
0
0
0
0
0
0
0
0
0
0
0
0
0
0
0
0
0
0
0
0
0
0
0
0
0
0
0
0
0
0
0
0
0
0
0
0
0
0
0
-0
-0
-0
-0
-0
-0
-0
-0
-0
-0
-0
-0
-0
-0
-0
-0
-0
-0
-0
-0
-0
-0
-0
-0
-0
-0
-0
-0
-0
-0
-0
-0
-0
-0
-0
-0
-0
-0
-0
-0
-0
-0
-0
-0
-0
-0
-0
-0
-0
-0
0
0
0
0
0
0
0
0
0
0
0
0
0
0
0
0
0
0
0
0
0
0
0
0
0
0
0
0
0
0
0
0
0
0
0
0
0
0
0
0
0
0
0
0
0
0
0
0
0
0
-0
-0
-0
-0
-0
-0
-0
-0
-0
-0
-0
-0
-0
-0
-0
-0
-0
-0
-0
-0
-0
-0
-0
-0
-0
-0
-0
-0
-0
-0
-0
-0
-0
-0
-0
-0
-0
-0
-0
-0
-0
-0
-0
-0
-0
-0
-0
-0
-0
-0
0
0
0
0
0
0
0
0
0
0
0
0
0
0
0
0
0
0
0
0
0
0
0
0
0
0
0
0
0
0
0
0
0
0
0
0
0
0
0
0
0
0
0
0
0
0
0
0
0
0
-0
-0
-0
-0
-0
-0
-0
-0
-0
-0
-0
-0
-0
-0
-0
-0
-0
-0
-0
-0
-0
-0
-0
-0
-0
-0
-0
-0
-0
-0
-0
-0
-0
-0
-0
-0
-0
-0
-0
-0
-0
-0
-0
-0
-0
-0
-0
-0
-0
-0
0
0
0
0
0
0
0
0
0
0
0
0
0
0
0
0
0
0
0
0
0
0
0
0
0
0
0
0
0
0
0
0
0
0
0
0
0
0
0
0
0
0
0
0
0
0
0
0
0
0
-0
-0
-0
-0
-0
-0
-0
-0
-0
-0
-0
-0
-0
-0
-0
-0
-0
-0
-0
-0
-0
-0
-0
-0
-0
-0
-0
-0
-0
-0
-0
-0
-0
-0
-0
-0
-0
-0
-0
-0
-0
-0
-0
-0
-0
-0
-0
-0
-0
-0
0
0
0
0
0
0
0
0
0
0
0
0
0
0
0
0
0
0
0
0
0
0
0
0
0
0
0
0
0
0
0
0
0
0
0
0
0
0
0
0
0
0
0
0
0
0
0
0
0
0
-0
-0
-0
-0
-0
-0
-0
-0
-0
-0
-0
-0
-0
-0
-0
-0
-0
-0
-0
-0
-0
-0
-0
-0
-0
-0
-0
-0
-0
-0
-0
-0
-0
-0
-0
-0
-0
-0
-0
-0
-0
-0
-0
-0
-0
-0
-0
-0
-0
-0
0
0
0
0
0
0
0
0
0
0
0
0
0
0
0
0
0
0
0
0
0
0
0
0
0
0
0
0
0
0
0
0
0
0
0
0
0
0
0
0
0
0
0
0
0
0
0
0
0
0
-0
-0
-0
-0
-0
-0
-0
-0
-0
-0
-0
-0
-0
-0
-0
-0
-0
-0
-0
-0
-0
-0
-0
-0
-0
-0
-0
-0
-0
-0
-0
-0
-0
-0
-0
-0
-0
-0
-0
-0
-0
-0
-0
-0
-0
-0
-0
-0
-0
-0
0
0
0
0
0
0
0
0
0
0
0
0
0
0
0
0
0
0
0
0
0
0
0
0
0
0
0
0
0
0
0
0
0
0
0
0
0
0
0
0
0
0
0
0
0
0
0
0
0
0
-0
-0
-0
-0
-0
-0
-0
-0
-0
-0
-0
-0
-0
-0
-0
-0
-0
-0
-0
-0
-0
-0
-0
-0
-0
-0
-0
-0
-0
-0
-0
-0
-0
-0
-0
-0
-0
-0
-0
-0
-0
-0
-0
-0
-0
-0
-0
-0
-0
0
0
0
0
0
0
0
0
0
0
0
0
0
0
0
0
0
0
0
0
0
0
0
0
0
0
0
0
0
0
0
0
0
0
0
0
0
0
0
0
0
0
0
0
0
0
0
0
0
0
0
-0
-0
-0
-0
-0
-0
-0
-0
-0
-0
-0
-0
-0
-0
-0
-0
-0
-0
-0
-0
-0
-0
-0
-0
-0
-0
-0
-0
-0
-0
-0
-0
-0
-0
-0
-0
-0
-0
-0
-0
-0
-0
-0
-0
-0
-0
-0
-0
-0
-0
0
0
0
0
0
0
0
0
0
0
0
0
0
0
0
0
0
0
0
0
0
0
0
0
0
0
0
0
0
0
0
0
0
0
0
0
0
0
0
0
0
0
0
0
0
0
0
0
0
-0
-0
-0
-0
-0
-0
-0
-0
-0
-0
-0
-0
-0
-0
-0
-0
-0
-0
-0
-0
-0
-0
-0
-0
-0
-0
-0
-0
-0
-0
-0
-0
-0
-0
-0
-0
-0
-0
-0
-0
-0
-0
-0
-0
-0
-0
-0
-0
-0
-0
-0
0
0
0
0
0
0
0
0
0
0
0
0
0
0
0
0
0
0
0
0
0
0
0
0
0
0
0
0
0
0
0
0
0
0
0
0
0
0
0
0
0
0
0
0
0
0
0
0
0
0
-0
-0
-0
-0
-0
-0
-0
-0
-0
-0
-0
-0
-0
-0
-0
-0
-0
-0
-0
-0
-0
-0
-0
-0
-0
-0
-0
-0
-0
-0
-0
-0
-0
-0
-0
-0
-0
-0
-0
-0
-0
-0
-0
-0
-0
-0
-0
-0
-0
-0
0
0
0
0
0
0
0
0
0
0
0
0
0
0
0
0
0
0
0
0
0
0
0
0
0
0
0
0
0
0
0
0
0
0
0
0
0
0
0
0
0
0
0
0
0
0
0
0
0
0
-0
-0
-0
-0
-0
-0
-0
-0
-0
-0
-0
-0
-0
-0
-0
-0
-0
-0
-0
-0
-0
-0
-0
-0
-0
-0
-0
-0
-0
-0
-0
-0
-0
-0
-0
-0
-0
-0
-0
-0
-0
-0
-0
-0
-0
-0
-0
-0
-0
0
0
0
0
0
0
0
0
0
0
0
0
0
0
0
0
0
0
0
0
0
0
0
0
0
0
0
0
0
0
0
0
0
0
0
0
0
0
0
0
0
0
0
0
0
0
0
0
0
0
0
-0
-0
-0
-0
-0
-0
-0
-0
-0
-0
-0
-0
-0
-0
-0
-0
-0
-0
-0
-0
-0
-0
-0
-0
-0
-0
-0
-0
-0
-0
-0
-0
-0
-0
-0
-0
-0
-0
-0
-0
-0
-0
-0
-0
-0
-0
-0
-0
-0
0
0
0
0
0
0
0
0
0
0
0
0
0
0
0
0
0
0
0
0
0
0
0
0
0
0
0
0
0
0
0
0
0
0
0
0
0
0
0
0
0
0
0
0
0
0
0
0
0
0
0
-0
-0
-0
-0
-0
-0
-0
-0
-0
-0
-0
-0
-0
-0
-0
-0
-0
-0
-0
-0
-0
-0
-0
-0
-0
-0
-0
-0
-0
-0
-0
-0
-0
-0
-0
-0
-0
-0
-0
-0
-0
-0
-0
-0
-0
-0
-0
-0
-0
-0
0
0
0
0
0
0
0
0
0
0
0
0
0
0
0
0
0
0
0
0
0
0
0
0
0
0
0
0
0
0
0
0
0
0
0
0
0
0
0
0
0
0
0
0
0
0
0
0
0
0
-0
-0
-0
-0
-0
-0
-0
-0
-0
-0
-0
-0
-0
-0
-0
-0
-0
-0
-0
-0
-0
-0
-0
-0
-0
-0
-0
-0
-0
-0
-0
-0
-0
-0
-0
-0
-0
-0
-0
-0
-0
-0
-0
-0
-0
-0
-0
-0
-0
-0
0
0
0
0
0
0
0
0
0
0
0
0
0
0
0
0
0
0
0
0
0
0
0
0
0
0
0
0
0
0
0
0
0
0
0
0
0
0
0
0
0
0
0
0
0
0
0
0
0
0
-0
-0
-0
-0
-0
-0
-0
-0
-0
-0
-0
-0
-0
-0
-0
-0
-0
-0
-0
-0
-0
-0
-0
-0
-0
-0
-0
-0
-0
-0
-0
-0
-0
-0
-0
-0
-0
-0
-0
-0
-0
-0
-0
-0
-0
-0
-0
-0
-0
-0
0
0
0
0
0
0
0
0
0
0
0
0
0
0
0
0
0
0
0
0
0
0
0
0
0
0
0
0
0
0
0
0
0
0
0
0
0
0
0
0
0
0
0
0
0
0
0
0
0
0
-0
-0
-0
-0
-0
-0
-0
-0
-0
-0
-0
-0
-0
-0
-0
-0
-0
-0
-0
-0
-0
-0
-0
-0
-0
-0
-0
-0
-0
-0
-0
-0
-0
-0
-0
-0
-0
-0
-0
-0
-0
-0
-0
-0
-0
-0
-0
-0
-0
0
0
0
0
0
0
0
0
0
0
0
0
0
0
0
0
0
0
0
0
0
0
0
0
0
0
0
0
0
0
0
0
0
0
0
0
0
0
0
0
0
0
0
0
0
0
0
0
0
0
0
-0
-0
-0
-0
-0
-0
-0
-0
-0
-0
-0
-0
-0
-0
-0
-0
-0
-0
-0
-0
-0
-0
-0
-0
-0
-0
-0
-0
-0
-0
-0
-0
-0
-0
-0
-0
-0
-0
-0
-0
-0
-0
-0
-0
-0
-0
-0
-0
-0
0
0
0
0
0
0
0
0
0
0
0
0
0
0
0
0
0
0
0
0
0
0
0
0
0
0
0
0
0
0
0
0
0
0
0
0
0
0
0
0
0
0
0
0
0
0
0
0
0
0
0
-0
-0
-0
-0
-0
-0
-0
-0
-0
-0
-0
-0
-0
-0
-0
-0
-0
-0
-0
-0
-0
-0
-0
-0
-0
-0
-0
-0
-0
-0
-0
-0
-0
-0
-0
-0
-0
-0
-0
-0
-0
-0
-0
-0
-0
-0
-0
-0
-0
-0
0
0
0
0
0
0
0
0
0
0
0
0
0
0
0
0
0
0
0
0
0
0
0
0
0
0
0
0
0
0
0
0
0
0
0
0
0
0
0
0
0
0
0
0
0
0
0
0
0
0
-0
-0
-0
-0
-0
-0
-0
-0
-0
-0
-0
-0
-0
-0
-0
-0
-0
-0
-0
-0
-0
-0
-0
-0
-0
-0
-0
-0
-0
-0
-0
-0
-0
-0
-0
-0
-0
-0
-0
-0
-0
-0
-0
-0
-0
-0
-0
-0
-0
-0
0
0
0
0
0
0
0
0
0
0
0
0
0
0
0
0
0
0
0
0
0
0
0
0
0
0
0
0
0
0
0
0
0
0
0
0
0
0
0
0
0
0
0
0
0
0
0
0
0
0
-0
-0
-0
-0
-0
-0
-0
-0
-0
-0
-0
-0
-0
-0
-0
-0
-0
-0
-0
-0
-0
-0
-0
-0
-0
-0
-0
-0
-0
-0
-0
-0
-0
-0
-0
-0
-0
-0
-0
-0
-0
-0
-0
-0
-0
-0
-0
-0
-0
-0
0
0
0
0
0
0
0
0
0
0
0
0
0
0
0
0
0
0
0
0
0
0
0
0
0
0
0
0
0
0
0
0
0
0
0
0
0
0
0
0
0
0
0
0
0
0
0
0
0
0
-0
-0
-0
-0
-0
-0
-0
-0
-0
-0
-0
-0
-0
-0
-0
-0
-0
-0
-0
-0
-0
-0
-0
-0
-0
-0
-0
-0
-0
-0
-0
-0
-0
-0
-0
-0
-0
-0
-0
-0
-0
-0
-0
-0
-0
-0
-0
-0
-0
0
0
0
0
0
0
0
0
0
0
0
0
0
0
0
0
0
0
0
0
0
0
0
0
0
0
0
0
0
0
0
0
0
0
0
0
0
0
0
0
0
0
0
0
0
0
0
0
0
0
0
-0
-0
-0
-0
-0
-0
-0
-0
-0
-0
-0
-0
-0
-0
-0
-0
-0
-0
-0
-0
-0
-0
-0
-0
-0
-0
-0
-0
-0
-0
-0
-0
-0
-0
-0
-0
-0
-0
-0
-0
-0
-0
-0
-0
-0
-0
-0
-0
-0
0
0
0
0
0
0
0
0
0
0
0
0
0
0
0
0
0
0
0
0
0
0
0
0
0
0
0
0
0
0
0
0
0
0
0
0
0
0
0
0
0
0
0
0
0
0
0
0
0
0
0
-0
-0
-0
-0
-0
-0
-0
-0
-0
-0
-0
-0
-0
-0
-0
-0
-0
-0
-0
-0
-0
-0
-0
-0
-0
-0
-0
-0
-0
-0
-0
-0
-0
-0
-0
-0
-0
-0
-0
-0
-0
-0
-0
-0
-0
-0
-0
-0
-0
-0
0
0
0
0
0
0
0
0
0
0
0
0
0
0
0
0
0
0
0
0
0
0
0
0
0
0
0
0
0
0
0
0
0
0
0
0
0
0
0
0
0
0
0
0
0
0
0
0
0
0
-0
-0
-0
-0
-0
-0
-0
-0
-0
-0
-0
-0
-0
-0
-0
-0
-0
-0
-0
-0
-0
-0
-0
-0
-0
-0
-0
-0
-0
-0
-0
-0
-0
-0
-0
-0
-0
-0
-0
-0
-0
-0
-0
-0
-0
-0
-0
-0
-0
-0
0
0
0
0
0
0
0
0
0
0
0
0
0
0
0
0
0
0
0
0
0
0
0
0
0
0
0
0
0
0
0
0
0
0
0
0
0
0
0
0
0
0
0
0
0
0
0
0
0
0
-0
-0
-0
-0
-0
-0
-0
-0
-0
-0
-0
-0
-0
-0
-0
-0
-0
-0
-0
-0
-0
-0
-0
-0
-0
-0
-0
-0
-0
-0
-0
-0
-0
-0
-0
-0
-0
-0
-0
-0
-0
-0
-0
-0
-0
-0
-0
-0
-0
-0
0
0
0
0
0
0
0
0
0
0
0
0
0
0
0
0
0
0
0
0
0
0
0
0
0
0
0
0
0
0
0
0
0
0
0
0
0
0
0
0
0
0
0
0
0
0
0
0
0
0
-0
-0
-0
-0
-0
-0
-0
-0
-0
-0
-0
-0
-0
-0
-0
-0
-0
-0
-0
-0
-0
-0
-0
-0
-0
-0
-0
-0
-0
-0
-0
-0
-0
-0
-0
-0
-0
-0
-0
-0
-0
-0
-0
-0
-0
-0
-0
-0
-0
0
0
0
0
0
0
0
0
0
0
0
0
0
0
0
0
0
0
0
0
0
0
0
0
0
0
0
0
0
0
0
0
0
0
0
0
0
0
0
0
0
0
0
0
0
0
0
0
0
0
0
-0
-0
-0
-0
-0
-0
-0
-0
-0
-0
-0
-0
-0
-0
-0
-0
-0
-0
-0
-0
-0
-0
-0
-0
-0
-0
-0
-0
-0
-0
-0
-0
-0
-0
-0
-0
-0
-0
-0
-0
-0
-0
-0
-0
-0
-0
-0
-0
-0
0
0
0
0
0
0
0
0
0
0
0
0
0
0
0
0
0
0
0
0
0
0
0
0
0
0
0
0
0
0
0
0
0
0
0
0
0
0
0
0
0
0
0
0
0
0
0
0
0
0
0
-0
-0
-0
-0
-0
-0
-0
-0
-0
-0
-0
-0
-0
-0
-0
-0
-0
-0
-0
-0
-0
-0
-0
-0
-0
-0
-0
-0
-0
-0
-0
-0
-0
-0
-0
-0
-0
-0
-0
-0
-0
-0
-0
-0
-0
-0
-0
-0
-0
0
