-0
-0
-0
-0
-0
-0
-0
-0
-0
-0
-0
-0
-0
-0
-0
-0
-0
-0
-0
-0
-0
-0
-0
-0
-0
-0
-0
-0
-0
-0
-0
-0
-0
-0
-0
-0
-0
-0
-0
-0
-0
-0
-0
-0
-0
-0
-0
-0
-0
-0
-0
0
0
0
0
0
0
0
0
0
0
0
0
0
0
0
0
0
0
0
0
0
0
0
0
0
0
0
0
0
0
0
0
0
0
0
0
0
0
0
0
0
0
0
0
0
0
0
0
0
0
-0
-0
-0
-0
-0
-0
-0
-0
-0
-0
-0
-0
-0
-0
-0
-0
-0
-0
-0
-0
-0
-0
-0
-0
-0
-0
-0
-0
-0
-0
-0
-0
-0
-0
-0
-0
-0
-0
-0
-0
-0
-0
-0
-0
-0
-0
-0
-0
-0
-0
0
0
0
0
0
0
0
0
0
0
0
0
0
0
0
0
0
0
0
0
0
0
0
0
0
0
0
0
0
0
0
0
0
0
0
0
0
0
0
0
0
0
0
0
0
0
0
0
0
0
-0
-0
-0
-0
-0
-0
-0
-0
-0
-0
-0
-0
-0
-0
-0
-0
-0
-0
-0
-0
-0
-0
-0
-0
-0
-0
-0
-0
-0
-0
-0
-0
-0
-0
-0
-0
-0
-0
-0
-0
-0
-0
-0
-0
-0
-0
-0
-0
-0
-0
0
0
0
0
0
0
0
0
0
0
0
0
0
0
0
0
0
0
0
0
0
0
0
0
0
0
0
0
0
0
0
0
0
0
0
0
0
0
0
0
0
0
0
0
0
0
0
0
0
0
-0
-0
-0
-0
-0
-0
-0
-0
-0
-0
-0
-0
-0
-0
-0
-0
-0
-0
-0
-0
-0
-0
-0
-0
-0
-0
-0
-0
-0
-0
-0
-0
-0
-0
-0
-0
-0
-0
-0
-0
-0
-0
-0
-0
-0
-0
-0
-0
-0
0
0
0
0
0
0
0
0
0
0
0
0
0
0
0
0
0
0
0
0
0
0
0
0
0
0
0
0
0
0
0
0
0
0
0
0
0
0
0
0
0
0
0
0
0
0
0
0
0
0
0
-0
-0
-0
-0
-0
-0
-0
-0
-0
-0
-0
-0
-0
-0
-0
-0
-0
-0
-0
-0
-0
-0
-0
-0
-0
-0
-0
-0
-0
-0
-0
-0
-0
-0
-0
-0
-0
-0
-0
-0
-0
-0
-0
-0
-0
-0
-0
-0
-0
-0
0
0
0
0
0
0
0
0
0
0
0
0
0
0
0
0
0
0
0
0
0
0
0
0
0
0
0
0
0
0
0
0
0
0
0
0
0
0
0
0
0
0
0
0
0
0
0
0
0
0
-0
-0
-0
-0
-0
-0
-0
-0
-0
-0
-0
-0
-0
-0
-0
-0
-0
-0
-0
-0
-0
-0
-0
-0
-0
-0
-0
-0
-0
-0
-0
-0
-0
-0
-0
-0
-0
-0
-0
-0
-0
-0
-0
-0
-0
-0
-0
-0
-0
0
0
0
0
0
0
0
0
0
0
0
0
0
0
0
0
0
0
0
0
0
0
0
0
0
0
0
0
0
0
0
0
0
0
0
0
0
0
0
0
0
0
0
0
0
0
0
0
0
0
0
-0
-0
-0
-0
-0
-0
-0
-0
-0
-0
-0
-0
-0
-0
-0
-0
-0
-0
-0
-0
-0
-0
-0
-0
-0
-0
-0
-0
-0
-0
-0
-0
-0
-0
-0
-0
-0
-0
-0
-0
-0
-0
-0
-0
-0
-0
-0
-0
-0
0
0
0
0
0
0
0
0
0
0
0
0
0
0
0
0
0
0
0
0
0
0
0
0
0
0
0
0
0
0
0
0
0
0
0
0
0
0
0
0
0
0
0
0
0
0
0
0
0
0
-0
-0
-0
-0
-0
-0
-0
-0
-0
-0
-0
-0
-0
-0
-0
-0
-0
-0
-0
-0
-0
-0
-0
-0
-0
-0
-0
-0
-0
-0
-0
-0
-0
-0
-0
-0
-0
-0
-0
-0
-0
-0
-0
-0
-0
-0
-0
-0
-0
-0
-0
0
0
0
0
0
0
0
0
0
0
0
0
0
0
0
0
0
0
0
0
0
0
0
0
0
0
0
0
0
0
0
0
0
0
0
0
0
0
0
0
0
0
0
0
0
0
0
0
0
0
-0
-0
-0
-0
-0
-0
-0
-0
-0
-0
-0
-0
-0
-0
-0
-0
-0
-0
-0
-0
-0
-0
-0
-0
-0
-0
-0
-0
-0
-0
-0
-0
-0
-0
-0
-0
-0
-0
-0
-0
-0
-0
-0
-0
-0
-0
-0
-0
-0
-0
0
0
0
0
0
0
0
0
0
0
0
0
0
0
0
0
0
0
0
0
0
0
0
0
0
0
0
0
0
0
0
0
0
0
0
0
0
0
0
0
0
0
0
0
0
0
0
0
0
0
-0
-0
-0
-0
-0
-0
-0
-0
-0
-0
-0
-0
-0
-0
-0
-0
-0
-0
-0
-0
-0
-0
-0
-0
-0
-0
-0
-0
-0
-0
-0
-0
-0
-0
-0
-0
-0
-0
-0
-0
-0
-0
-0
-0
-0
-0
-0
-0
-0
0
0
0
0
0
0
0
0
0
0
0
0
0
0
0
0
0
0
0
0
0
0
0
0
0
0
0
0
0
0
0
0
0
0
0
0
0
0
0
0
0
0
0
0
0
0
0
0
0
0
0
-0
-0
-0
-0
-0
-0
-0
-0
-0
-0
-0
-0
-0
-0
-0
-0
-0
-0
-0
-0
-0
-0
-0
-0
-0
-0
-0
-0
-0
-0
-0
-0
-0
-0
-0
-0
-0
-0
-0
-0
-0
-0
-0
-0
-0
-0
-0
-0
-0
0
0
0
0
0
0
0
0
0
0
0
0
0
0
0
0
0
0
0
0
0
0
0
0
0
0
0
0
0
0
0
0
0
0
0
0
0
0
0
0
0
0
0
0
0
0
0
0
0
0
-0
-0
-0
-0
-0
-0
-0
-0
-0
-0
-0
-0
-0
-0
-0
-0
-0
-0
-0
-0
-0
-0
-0
-0
-0
-0
-0
-0
-0
-0
-0
-0
-0
-0
-0
-0
-0
-0
-0
-0
-0
-0
-0
-0
-0
-0
-0
-0
-0
-0
0
0
0
0
0
0
0
0
0
0
0
0
0
0
0
0
0
0
0
0
0
0
0
0
0
0
0
0
0
0
0
0
0
0
0
0
0
0
0
0
0
0
0
0
0
0
0
0
0
0
0
-0
-0
-0
-0
-0
-0
-0
-0
-0
-0
-0
-0
-0
-0
-0
-0
-0
-0
-0
-0
-0
-0
-0
-0
-0
-0
-0
-0
-0
-0
-0
-0
-0
-0
-0
-0
-0
-0
-0
-0
-0
-0
-0
-0
-0
-0
-0
-0
-0
0
0
0
0
0
0
0
0
0
0
0
0
0
0
0
0
0
0
0
0
0
0
0
0
0
0
0
0
0
0
0
0
0
0
0
0
0
0
0
0
0
0
0
0
0
0
0
0
0
0
-0
-0
-0
-0
-0
-0
-0
-0
-0
-0
-0
-0
-0
-0
-0
-0
-0
-0
-0
-0
-0
-0
-0
-0
-0
-0
-0
-0
-0
-0
-0
-0
-0
-0
-0
-0
-0
-0
-0
-0
-0
-0
-0
-0
-0
-0
-0
-0
-0
-0
0
0
0
0
0
0
0
0
0
0
0
0
0
0
0
0
0
0
0
0
0
0
0
0
0
0
0
0
0
0
0
0
0
0
0
0
0
0
0
0
0
0
0
0
0
0
0
0
0
0
-0
-0
-0
-0
-0
-0
-0
-0
-0
-0
-0
-0
-0
-0
-0
-0
-0
-0
-0
-0
-0
-0
-0
-0
-0
-0
-0
-0
-0
-0
-0
-0
-0
-0
-0
-0
-0
-0
-0
-0
-0
-0
-0
-0
-0
-0
-0
-0
-0
-0
0
0
0
0
0
0
0
0
0
0
0
0
0
0
0
0
0
0
0
0
0
0
0
0
0
0
0
0
0
0
0
0
0
0
0
0
0
0
0
0
0
0
0
0
0
0
0
0
0
0
0
-0
-0
-0
-0
-0
-0
-0
-0
-0
-0
-0
-0
-0
-0
-0
-0
-0
-0
-0
-0
-0
-0
-0
-0
-0
-0
-0
-0
-0
-0
-0
-0
-0
-0
-0
-0
-0
-0
-0
-0
-0
-0
-0
-0
-0
-0
-0
-0
-0
-0
0
0
0
0
0
0
0
0
0
0
0
0
0
0
0
0
0
0
0
0
0
0
0
0
0
0
0
0
0
0
0
0
0
0
0
0
0
0
0
0
0
0
0
0
0
0
0
0
0
0
-0
-0
-0
-0
-0
-0
-0
-0
-0
-0
-0
-0
-0
-0
-0
-0
-0
-0
-0
-0
-0
-0
-0
-0
-0
-0
-0
-0
-0
-0
-0
-0
-0
-0
-0
-0
-0
-0
-0
-0
-0
-0
-0
-0
-0
-0
-0
-0
-0
-0
0
0
0
0
0
0
0
0
0
0
0
0
0
0
0
0
0
0
0
0
0
0
0
0
0
0
0
0
0
0
0
0
0
0
0
0
0
0
0
0
0
0
0
0
0
0
0
0
0
0
-0
-0
-0
-0
-0
-0
-0
-0
-0
-0
-0
-0
-0
-0
-0
-0
-0
-0
-0
-0
-0
-0
-0
-0
-0
-0
-0
-0
-0
-0
-0
-0
-0
-0
-0
-0
-0
-0
-0
-0
-0
-0
-0
-0
-0
-0
-0
-0
-0
-0
0
0
0
0
0
0
0
0
0
0
0
0
0
0
0
0
0
0
0
0
0
0
0
0
0
0
0
0
0
0
0
0
0
0
0
0
0
0
0
0
0
0
0
0
0
0
0
0
0
0
-0
-0
-0
-0
-0
-0
-0
-0
-0
-0
-0
-0
-0
-0
-0
-0
-0
-0
-0
-0
-0
-0
-0
-0
-0
-0
-0
-0
-0
-0
-0
-0
-0
-0
-0
-0
-0
-0
-0
-0
-0
-0
-0
-0
-0
-0
-0
-0
-0
-0
0
0
0
0
0
0
0
0
0
0
0
0
0
0
0
0
0
0
0
0
0
0
0
0
0
0
0
0
0
0
0
0
0
0
0
0
0
0
0
0
0
0
0
0
0
0
0
0
0
-0
-0
-0
-0
-0
-0
-0
-0
-0
-0
-0
-0
-0
-0
-0
-0
-0
-0
-0
-0
-0
-0
-0
-0
-0
-0
-0
-0
-0
-0
-0
-0
-0
-0
-0
-0
-0
-0
-0
-0
-0
-0
-0
-0
-0
-0
-0
-0
-0
-0
-0
0
0
0
0
0
0
0
0
0
0
0
0
0
0
0
0
0
0
0
0
0
0
0
0
0
0
0
0
0
0
0
0
0
0
0
0
0
0
0
0
0
0
0
0
0
0
0
0
0
0
-7.7703e-09
-3.102e-08
-6.9565e-08
-1.231e-07
-1.912e-07
-2.7333e-07
-3.6883e-07
-4.7694e-07
-5.9678e-07
-7.2738e-07
-8.6769e-07
-1.0166e-06
-1.1727e-06
-1.3349e-06
-1.5017e-06
-1.6718e-06
-1.8435e-06
-2.0155e-06
-2.1861e-06
-2.3539e-06
-2.5171e-06
-2.6743e-06
-2.8238e-06
-2.9641e-06
-3.0938e-06
-3.2112e-06
-3.3149e-06
-3.4036e-06
-3.476e-06
-3.5308e-06
-3.5669e-06
-3.5831e-06
-3.5786e-06
-3.5525e-06
-3.5041e-06
-3.4326e-06
-3.3378e-06
-3.2191e-06
-3.0764e-06
-2.9095e-06
-2.7187e-06
-2.5039e-06
-2.2657e-06
-2.0044e-06
-1.7208e-06
-1.4157e-06
-1.0899e-06
-7.4448e-07
-3.8075e-07
-9.7015e-20
3.9629e-07
8.0652e-07
1.229e-06
1.6619e-06
2.1032e-06
2.5511e-06
3.0033e-06
3.4578e-06
3.9122e-06
4.3643e-06
4.8118e-06
5.2522e-06
5.6832e-06
6.1025e-06
6.5075e-06
6.896e-06
7.2657e-06
7.6141e-06
7.9391e-06
8.2385e-06
8.5102e-06
8.7522e-06
8.9625e-06
9.1394e-06
9.2813e-06
9.3864e-06
9.4536e-06
9.4815e-06
9.4691e-06
9.4155e-06
9.3198e-06
9.1817e-06
9.0008e-06
8.7768e-06
8.5098e-06
8.2002e-06
7.8483e-06
7.4547e-06
7.0204e-06
6.5465e-06
6.0341e-06
5.4848e-06
4.9002e-06
4.2822e-06
3.6329e-06
2.9544e-06
2.2493e-06
1.52e-06
7.6926e-07
-2.4279e-20
-7.848e-07
-1.582e-06
-2.3884e-06
-3.2006e-06
-4.0153e-06
-4.8289e-06
-5.6379e-06
-6.4386e-06
-7.2276e-06
-8.0012e-06
-8.7558e-06
-9.4878e-06
-1.0194e-05
-1.087e-05
-1.1513e-05
-1.212e-05
-1.2688e-05
-1.3213e-05
-1.3692e-05
-1.4123e-05
-1.4503e-05
-1.483e-05
-1.5101e-05
-1.5315e-05
-1.5469e-05
-1.5562e-05
-1.5592e-05
-1.5559e-05
-1.5462e-05
-1.53e-05
-1.5073e-05
-1.478e-05
-1.4423e-05
-1.4001e-05
-1.3516e-05
-1.2968e-05
-1.2359e-05
-1.169e-05
-1.0964e-05
-1.0183e-05
-9.3495e-06
-8.4656e-06
-7.5347e-06
-6.56e-06
-5.5449e-06
-4.4932e-06
-3.4087e-06
-2.2955e-06
-1.1578e-06
-1.637e-19
1.1733e-06
2.3575e-06
3.5478e-06
4.7394e-06
5.9273e-06
7.1066e-06
8.2724e-06
9.4195e-06
1.0543e-05
1.1638e-05
1.27e-05
1.3723e-05
1.4704e-05
1.5638e-05
1.6519e-05
1.7345e-05
1.811e-05
1.8811e-05
1.9445e-05
2.0008e-05
2.0496e-05
2.0908e-05
2.124e-05
2.149e-05
2.1656e-05
2.1737e-05
2.1731e-05
2.1637e-05
2.1455e-05
2.1185e-05
2.0826e-05
2.0379e-05
1.9845e-05
1.9225e-05
1.8521e-05
1.7735e-05
1.6869e-05
1.5926e-05
1.4909e-05
1.382e-05
1.2665e-05
1.1446e-05
1.0169e-05
8.8378e-06
7.457e-06
6.032e-06
4.5681e-06
3.071e-06
1.5463e-06
-2.1835e-19
-1.5618e-06
-3.133e-06
-4.7073e-06
-6.2782e-06
-7.8394e-06
-9.3844e-06
-1.0907e-05
-1.24e-05
-1.3858e-05
-1.5275e-05
-1.6644e-05
-1.7959e-05
-1.9215e-05
-2.0405e-05
-2.1525e-05
-2.2569e-05
-2.3532e-05
-2.441e-05
-2.5198e-05
-2.5893e-05
-2.649e-05
-2.6986e-05
-2.7379e-05
-2.7665e-05
-2.7844e-05
-2.7912e-05
-2.787e-05
-2.7715e-05
-2.7448e-05
-2.7069e-05
-2.6579e-05
-2.5978e-05
-2.5267e-05
-2.445e-05
-2.3527e-05
-2.2503e-05
-2.138e-05
-2.0162e-05
-1.8853e-05
-1.7457e-05
-1.598e-05
-1.4427e-05
-1.2804e-05
-1.1116e-05
-9.369e-06
-7.5707e-06
-5.7275e-06
-3.8465e-06
-1.9348e-06
-6.0582e-20
1.9504e-06
3.9085e-06
5.8667e-06
7.8169e-06
9.7514e-06
1.1662e-05
1.3541e-05
1.5381e-05
1.7174e-05
1.8912e-05
2.0588e-05
2.2195e-05
2.3725e-05
2.5173e-05
2.6531e-05
2.7793e-05
2.8954e-05
3.0009e-05
3.0951e-05
3.1777e-05
3.2483e-05
3.3064e-05
3.3517e-05
3.3841e-05
3.4031e-05
3.4088e-05
3.4008e-05
3.3793e-05
3.3442e-05
3.2954e-05
3.2332e-05
3.1576e-05
3.0689e-05
2.9674e-05
2.8533e-05
2.727e-05
2.589e-05
2.4397e-05
2.2797e-05
2.1094e-05
1.9296e-05
1.7408e-05
1.5438e-05
1.3393e-05
1.1281e-05
9.1095e-06
6.887e-06
4.622e-06
2.3233e-06
-5.8223e-19
-2.3389e-06
-4.684e-06
-7.0261e-06
-9.3557e-06
-1.1663e-05
-1.394e-05
-1.6176e-05
-1.8362e-05
-2.0489e-05
-2.2549e-05
-2.4532e-05
-2.643e-05
-2.8236e-05
-2.994e-05
-3.1536e-05
-3.3017e-05
-3.4376e-05
-3.5607e-05
-3.6704e-05
-3.7662e-05
-3.8476e-05
-3.9142e-05
-3.9656e-05
-4.0016e-05
-4.0219e-05
-4.0263e-05
-4.0147e-05
-3.9871e-05
-3.9435e-05
-3.8839e-05
-3.8085e-05
-3.7175e-05
-3.6112e-05
-3.4898e-05
-3.3539e-05
-3.2038e-05
-3.0401e-05
-2.8633e-05
-2.6741e-05
-2.4731e-05
-2.2611e-05
-2.0389e-05
-1.8073e-05
-1.5671e-05
-1.3193e-05
-1.0648e-05
-8.0464e-06
-5.3975e-06
-2.7118e-06
2.1233e-19
2.7274e-06
5.4595e-06
8.1855e-06
1.0894e-05
1.3576e-05
1.6218e-05
1.881e-05
2.1343e-05
2.3805e-05
2.6186e-05
2.8476e-05
3.0666e-05
3.2746e-05
3.4708e-05
3.6542e-05
3.8242e-05
3.9799e-05
4.1206e-05
4.2457e-05
4.3547e-05
4.4469e-05
4.522e-05
4.5795e-05
4.6191e-05
4.6406e-05
4.6438e-05
4.6286e-05
4.5949e-05
4.5428e-05
4.4723e-05
4.3838e-05
4.2773e-05
4.1534e-05
4.0122e-05
3.8545e-05
3.6805e-05
3.4911e-05
3.2869e-05
3.0685e-05
2.8368e-05
2.5927e-05
2.337e-05
2.0707e-05
1.7949e-05
1.5105e-05
1.2187e-05
9.2058e-06
6.173e-06
3.1004e-06
2.9098e-19
-3.1159e-06
-6.235e-06
-9.3449e-06
-1.2433e-05
-1.5488e-05
-1.8495e-05
-2.1445e-05
-2.4324e-05
-2.712e-05
-2.9823e-05
-3.242e-05
-3.4902e-05
-3.7257e-05
-3.9475e-05
-4.1548e-05
-4.3466e-05
-4.5221e-05
-4.6804e-05
-4.821e-05
-4.9431e-05
-5.0462e-05
-5.1297e-05
-5.1933e-05
-5.2366e-05
-5.2594e-05
-5.2613e-05
-5.2425e-05
-5.2027e-05
-5.1421e-05
-5.0608e-05
-4.9591e-05
-4.8372e-05
-4.6956e-05
-4.5347e-05
-4.355e-05
-4.1573e-05
-3.9422e-05
-3.7104e-05
-3.4629e-05
-3.2005e-05
-2.9242e-05
-2.6351e-05
-2.3342e-05
-2.0227e-05
-1.7017e-05
-1.3726e-05
-1.0365e-05
-6.9485e-06
-3.4889e-06
6.5504e-19
3.5044e-06
7.0105e-06
1.0504e-05
1.3972e-05
1.74e-05
2.0773e-05
2.4079e-05
2.7305e-05
3.0436e-05
3.346e-05
3.6364e-05
3.9137e-05
4.1767e-05
4.4243e-05
4.6554e-05
4.869e-05
5.0643e-05
5.2403e-05
5.3963e-05
5.5316e-05
5.6455e-05
5.7375e-05
5.8072e-05
5.8542e-05
5.8781e-05
5.8789e-05
5.8563e-05
5.8105e-05
5.7414e-05
5.6493e-05
5.5344e-05
5.3971e-05
5.2378e-05
5.0571e-05
4.8556e-05
4.6341e-05
4.3932e-05
4.134e-05
3.8573e-05
3.5642e-05
3.2558e-05
2.9332e-05
2.5976e-05
2.2504e-05
1.8929e-05
1.5265e-05
1.1525e-05
7.724e-06
3.8774e-06
-6.0652e-20
-3.8696e-06
-7.7085e-06
-1.1501e-05
-1.5234e-05
-1.8891e-05
-2.2459e-05
-2.5924e-05
-2.9272e-05
-3.2491e-05
-3.5569e-05
-3.8494e-05
-4.1255e-05
-4.3842e-05
-4.6245e-05
-4.8456e-05
-5.0467e-05
-5.227e-05
-5.3859e-05
-5.5229e-05
-5.6375e-05
-5.7294e-05
-5.7983e-05
-5.8441e-05
-5.8665e-05
-5.8657e-05
-5.8418e-05
-5.7949e-05
-5.7254e-05
-5.6335e-05
-5.5198e-05
-5.3848e-05
-5.2291e-05
-5.0534e-05
-4.8586e-05
-4.6454e-05
-4.4148e-05
-4.1677e-05
-3.9053e-05
-3.6285e-05
-3.3387e-05
-3.0369e-05
-2.7245e-05
-2.4027e-05
-2.0728e-05
-1.7361e-05
-1.3941e-05
-1.0481e-05
-6.995e-06
-3.4966e-06
1.0348e-18
3.4811e-06
6.933e-06
1.0342e-05
1.3695e-05
1.6979e-05
2.0181e-05
2.3289e-05
2.6291e-05
2.9176e-05
3.1932e-05
3.455e-05
3.7019e-05
3.9332e-05
4.1478e-05
4.345e-05
4.5242e-05
4.6847e-05
4.826e-05
4.9476e-05
5.049e-05
5.1301e-05
5.1905e-05
5.2302e-05
5.249e-05
5.247e-05
5.2243e-05
5.1811e-05
5.1176e-05
5.0342e-05
4.9313e-05
4.8095e-05
4.6692e-05
4.5112e-05
4.3362e-05
4.1448e-05
3.938e-05
3.7166e-05
3.4817e-05
3.2341e-05
2.975e-05
2.7054e-05
2.4264e-05
2.1392e-05
1.845e-05
1.5449e-05
1.2402e-05
9.3218e-06
6.2195e-06
3.1081e-06
-3.8724e-19
-3.0926e-06
-6.1575e-06
-9.1826e-06
-1.2156e-05
-1.5067e-05
-1.7903e-05
-2.0655e-05
-2.331e-05
-2.586e-05
-2.8295e-05
-3.0606e-05
-3.2784e-05
-3.4821e-05
-3.671e-05
-3.8444e-05
-4.0018e-05
-4.1425e-05
-4.2661e-05
-4.3723e-05
-4.4606e-05
-4.5308e-05
-4.5827e-05
-4.6163e-05
-4.6315e-05
-4.6283e-05
-4.6068e-05
-4.5672e-05
-4.5098e-05
-4.4349e-05
-4.3429e-05
-4.2342e-05
-4.1094e-05
-3.969e-05
-3.8137e-05
-3.6442e-05
-3.4612e-05
-3.2656e-05
-3.0581e-05
-2.8397e-05
-2.6113e-05
-2.3738e-05
-2.1283e-05
-1.8758e-05
-1.6172e-05
-1.3537e-05
-1.0864e-05
-8.1623e-06
-5.444e-06
-2.7196e-06
-1.2688e-19
2.7041e-06
5.382e-06
8.0232e-06
1.0618e-05
1.3155e-05
1.5626e-05
1.802e-05
2.0329e-05
2.2545e-05
2.4658e-05
2.6662e-05
2.8548e-05
3.0311e-05
3.1943e-05
3.3439e-05
3.4794e-05
3.6003e-05
3.7063e-05
3.797e-05
3.8721e-05
3.9315e-05
3.9749e-05
4.0024e-05
4.0139e-05
4.0095e-05
3.9892e-05
3.9533e-05
3.902e-05
3.8356e-05
3.7544e-05
3.6589e-05
3.5495e-05
3.4268e-05
3.2913e-05
3.1436e-05
2.9845e-05
2.8145e-05
2.6346e-05
2.4453e-05
2.2476e-05
2.0423e-05
1.8302e-05
1.6123e-05
1.3894e-05
1.1625e-05
9.3249e-06
7.0029e-06
4.6685e-06
2.3311e-06
-5.4404e-19
-2.3156e-06
-4.6065e-06
-6.8638e-06
-9.0787e-06
-1.1243e-05
-1.3348e-05
-1.5386e-05
-1.7349e-05
-1.9229e-05
-2.1021e-05
-2.2718e-05
-2.4313e-05
-2.58e-05
-2.7175e-05
-2.8433e-05
-2.9569e-05
-3.0581e-05
-3.1464e-05
-3.2217e-05
-3.2836e-05
-3.3322e-05
-3.3672e-05
-3.3886e-05
-3.3964e-05
-3.3908e-05
-3.3717e-05
-3.3395e-05
-3.2942e-05
-3.2363e-05
-3.1659e-05
-3.0836e-05
-2.9897e-05
-2.8846e-05
-2.7689e-05
-2.6431e-05
-2.5077e-05
-2.3635e-05
-2.211e-05
-2.0509e-05
-1.8839e-05
-1.7108e-05
-1.5322e-05
-1.3489e-05
-1.1617e-05
-9.7132e-06
-7.7862e-06
-5.8435e-06
-3.893e-06
-1.9426e-06
1.2087e-19
1.927e-06
3.831e-06
5.7044e-06
7.54e-06
9.3308e-06
1.107e-05
1.2751e-05
1.4368e-05
1.5914e-05
1.7384e-05
1.8774e-05
2.0077e-05
2.129e-05
2.2407e-05
2.3427e-05
2.4345e-05
2.5159e-05
2.5866e-05
2.6464e-05
2.6952e-05
2.7329e-05
2.7594e-05
2.7747e-05
2.7789e-05
2.772e-05
2.7542e-05
2.7256e-05
2.6864e-05
2.637e-05
2.5775e-05
2.5083e-05
2.4298e-05
2.3424e-05
2.2464e-05
2.1425e-05
2.031e-05
1.9124e-05
1.7874e-05
1.6565e-05
1.5202e-05
1.3792e-05
1.2341e-05
1.0854e-05
9.3389e-06
7.8011e-06
6.2474e-06
4.6841e-06
3.1175e-06
1.5541e-06
-5.3103e-19
-1.5385e-06
-3.0555e-06
-4.5449e-06
-6.0012e-06
-7.4187e-06
-8.7922e-06
-1.0117e-05
-1.1387e-05
-1.2599e-05
-1.3748e-05
-1.483e-05
-1.5841e-05
-1.6779e-05
-1.764e-05
-1.8421e-05
-1.9121e-05
-1.9737e-05
-2.0267e-05
-2.0711e-05
-2.1067e-05
-2.1335e-05
-2.1516e-05
-2.1608e-05
-2.1614e-05
-2.1533e-05
-2.1367e-05
-2.1117e-05
-2.0786e-05
-2.0377e-05
-1.989e-05
-1.933e-05
-1.8699e-05
-1.8002e-05
-1.724e-05
-1.6419e-05
-1.5542e-05
-1.4614e-05
-1.3639e-05
-1.2621e-05
-1.1565e-05
-1.0477e-05
-9.3599e-06
-8.2197e-06
-7.0611e-06
-5.8891e-06
-4.7086e-06
-3.5246e-06
-2.342e-06
-1.1655e-06
1.9883e-19
1.15e-06
2.28e-06
3.3855e-06
4.4624e-06
5.5067e-06
6.5144e-06
7.482e-06
8.406e-06
9.2832e-06
1.0111e-05
1.0886e-05
1.1606e-05
1.2269e-05
1.2872e-05
1.3416e-05
1.3897e-05
1.4314e-05
1.4668e-05
1.4958e-05
1.5182e-05
1.5342e-05
1.5438e-05
1.547e-05
1.5438e-05
1.5345e-05
1.5191e-05
1.4978e-05
1.4709e-05
1.4383e-05
1.4005e-05
1.3577e-05
1.3101e-05
1.2579e-05
1.2016e-05
1.1413e-05
1.0775e-05
1.0104e-05
9.4031e-06
8.6769e-06
7.9285e-06
7.1613e-06
6.379e-06
5.5852e-06
4.7833e-06
3.977e-06
3.1699e-06
2.3652e-06
1.5665e-06
7.7703e-07
-3.0333e-23
-7.6149e-07
-1.5045e-06
-2.2261e-06
-2.9237e-06
-3.5946e-06
-4.2367e-06
-4.8475e-06
-5.4251e-06
-5.9678e-06
-6.4737e-06
-6.9415e-06
-7.37e-06
-7.758e-06
-8.1048e-06
-8.4097e-06
-8.6723e-06
-8.8923e-06
-9.0698e-06
-9.2048e-06
-9.2978e-06
-9.3492e-06
-9.36e-06
-9.3308e-06
-9.2629e-06
-9.1575e-06
-9.0159e-06
-8.8397e-06
-8.6306e-06
-8.3904e-06
-8.1208e-06
-7.8241e-06
-7.5021e-06
-7.1572e-06
-6.7916e-06
-6.4074e-06
-6.0071e-06
-5.593e-06
-5.1675e-06
-4.7329e-06
-4.2916e-06
-3.8459e-06
-3.3982e-06
-2.9507e-06
-2.5055e-06
-2.065e-06
-1.6311e-06
-1.2058e-06
-7.9101e-07
-3.8852e-07
1.0699e-19
3.7298e-07
7.2897e-07
1.0667e-06
1.3849e-06
1.6826e-06
1.9589e-06
2.213e-06
2.4443e-06
2.6523e-06
2.8368e-06
2.9975e-06
3.1344e-06
3.2476e-06
3.3373e-06
3.4039e-06
3.448e-06
3.4702e-06
3.4711e-06
3.4518e-06
3.4131e-06
3.3561e-06
3.2821e-06
3.1921e-06
3.0876e-06
2.97e-06
2.8406e-06
2.701e-06
2.5527e-06
2.3972e-06
2.2362e-06
2.0711e-06
1.9035e-06
1.7351e-06
1.5673e-06
1.4016e-06
1.2396e-06
1.0825e-06
9.3184e-07
7.8881e-07
6.5465e-07
5.3047e-07
4.1732e-07
3.1614e-07
2.2778e-07
1.5296e-07
9.2326e-08
4.6377e-08
1.551e-08
0
0
-0
-0
-0
-0
-0
-0
-0
-0
-0
-0
-0
-0
-0
-0
-0
-0
-0
-0
-0
-0
-0
-0
-0
-0
-0
-0
-0
-0
-0
-0
-0
-0
-0
-0
-0
-0
-0
-0
-0
-0
-0
-0
-0
-0
-0
-0
-0
-0
-0
-0
0
0
0
0
0
0
0
0
0
0
0
0
0
0
0
0
0
0
0
0
0
0
0
0
0
0
0
0
0
0
0
0
0
0
0
0
0
0
0
0
0
0
0
0
0
0
0
0
0
0
-0
-0
-0
-0
-0
-0
-0
-0
-0
-0
-0
-0
-0
-0
-0
-0
-0
-0
-0
-0
-0
-0
-0
-0
-0
-0
-0
-0
-0
-0
-0
-0
-0
-0
-0
-0
-0
-0
-0
-0
-0
-0
-0
-0
-0
-0
-0
-0
-0
-0
0
0
0
0
0
0
0
0
0
0
0
0
0
0
0
0
0
0
0
0
0
0
0
0
0
0
0
0
0
0
0
0
0
0
0
0
0
0
0
0
0
0
0
0
0
0
0
0
0
0
-0
-0
-0
-0
-0
-0
-0
-0
-0
-0
-0
-0
-0
-0
-0
-0
-0
-0
-0
-0
-0
-0
-0
-0
-0
-0
-0
-0
-0
-0
-0
-0
-0
-0
-0
-0
-0
-0
-0
-0
-0
-0
-0
-0
-0
-0
-0
-0
-0
-0
0
0
0
0
0
0
0
0
0
0
0
0
0
0
0
0
0
0
0
0
0
0
0
0
0
0
0
0
0
0
0
0
0
0
0
0
0
0
0
0
0
0
0
0
0
0
0
0
0
0
-0
-0
-0
-0
-0
-0
-0
-0
-0
-0
-0
-0
-0
-0
-0
-0
-0
-0
-0
-0
-0
-0
-0
-0
-0
-0
-0
-0
-0
-0
-0
-0
-0
-0
-0
-0
-0
-0
-0
-0
-0
-0
-0
-0
-0
-0
-0
-0
-0
-0
0
0
0
0
0
0
0
0
0
0
0
0
0
0
0
0
0
0
0
0
0
0
0
0
0
0
0
0
0
0
0
0
0
0
0
0
0
0
0
0
0
0
0
0
0
0
0
0
0
0
-0
-0
-0
-0
-0
-0
-0
-0
-0
-0
-0
-0
-0
-0
-0
-0
-0
-0
-0
-0
-0
-0
-0
-0
-0
-0
-0
-0
-0
-0
-0
-0
-0
-0
-0
-0
-0
-0
-0
-0
-0
-0
-0
-0
-0
-0
-0
-0
-0
-0
0
0
0
0
0
0
0
0
0
0
0
0
0
0
0
0
0
0
0
0
0
0
0
0
0
0
0
0
0
0
0
0
0
0
0
0
0
0
0
0
0
0
0
0
0
0
0
0
0
0
-0
-0
-0
-0
-0
-0
-0
-0
-0
-0
-0
-0
-0
-0
-0
-0
-0
-0
-0
-0
-0
-0
-0
-0
-0
-0
-0
-0
-0
-0
-0
-0
-0
-0
-0
-0
-0
-0
-0
-0
-0
-0
-0
-0
-0
-0
-0
-0
-0
0
0
0
0
0
0
0
0
0
0
0
0
0
0
0
0
0
0
0
0
0
0
0
0
0
0
0
0
0
0
0
0
0
0
0
0
0
0
0
0
0
0
0
0
0
0
0
0
0
0
0
-0
-0
-0
-0
-0
-0
-0
-0
-0
-0
-0
-0
-0
-0
-0
-0
-0
-0
-0
-0
-0
-0
-0
-0
-0
-0
-0
-0
-0
-0
-0
-0
-0
-0
-0
-0
-0
-0
-0
-0
-0
-0
-0
-0
-0
-0
-0
-0
-0
-0
0
0
0
0
0
0
0
0
0
0
0
0
0
0
0
0
0
0
0
0
0
0
0
0
0
0
0
0
0
0
0
0
0
0
0
0
0
0
0
0
0
0
0
0
0
0
0
0
0
0
-0
-0
-0
-0
-0
-0
-0
-0
-0
-0
-0
-0
-0
-0
-0
-0
-0
-0
-0
-0
-0
-0
-0
-0
-0
-0
-0
-0
-0
-0
-0
-0
-0
-0
-0
-0
-0
-0
-0
-0
-0
-0
-0
-0
-0
-0
-0
-0
-0
-0
0
0
0
0
0
0
0
0
0
0
0
0
0
0
0
0
0
0
0
0
0
0
0
0
0
0
0
0
0
0
0
0
0
0
0
0
0
0
0
0
0
0
0
0
0
0
0
0
0
-0
-0
-0
-0
-0
-0
-0
-0
-0
-0
-0
-0
-0
-0
-0
-0
-0
-0
-0
-0
-0
-0
-0
-0
-0
-0
-0
-0
-0
-0
-0
-0
-0
-0
-0
-0
-0
-0
-0
-0
-0
-0
-0
-0
-0
-0
-0
-0
-0
-0
-0
0
0
0
0
0
0
0
0
0
0
0
0
0
0
0
0
0
0
0
0
0
0
0
0
0
0
0
0
0
0
0
0
0
0
0
0
0
0
0
0
0
0
0
0
0
0
0
0
0
0
-0
-0
-0
-0
-0
-0
-0
-0
-0
-0
-0
-0
-0
-0
-0
-0
-0
-0
-0
-0
-0
-0
-0
-0
-0
-0
-0
-0
-0
-0
-0
-0
-0
-0
-0
-0
-0
-0
-0
-0
-0
-0
-0
-0
-0
-0
-0
-0
-0
0
0
0
0
0
0
0
0
0
0
0
0
0
0
0
0
0
0
0
0
0
0
0
0
0
0
0
0
0
0
0
0
0
0
0
0
0
0
0
0
0
0
0
0
0
0
0
0
0
0
0
-0
-0
-0
-0
-0
-0
-0
-0
-0
-0
-0
-0
-0
-0
-0
-0
-0
-0
-0
-0
-0
-0
-0
-0
-0
-0
-0
-0
-0
-0
-0
-0
-0
-0
-0
-0
-0
-0
-0
-0
-0
-0
-0
-0
-0
-0
-0
-0
-0
-0
0
0
0
0
0
0
0
0
0
0
0
0
0
0
0
0
0
0
0
0
0
0
0
0
0
0
0
0
0
0
0
0
0
0
0
0
0
0
0
0
0
0
0
0
0
0
0
0
0
0
-0
-0
-0
-0
-0
-0
-0
-0
-0
-0
-0
-0
-0
-0
-0
-0
-0
-0
-0
-0
-0
-0
-0
-0
-0
-0
-0
-0
-0
-0
-0
-0
-0
-0
-0
-0
-0
-0
-0
-0
-0
-0
-0
-0
-0
-0
-0
-0
-0
0
0
0
0
0
0
0
0
0
0
0
0
0
0
0
0
0
0
0
0
0
0
0
0
0
0
0
0
0
0
0
0
0
0
0
0
0
0
0
0
0
0
0
0
0
0
0
0
0
0
-0
-0
-0
-0
-0
-0
-0
-0
-0
-0
-0
-0
-0
-0
-0
-0
-0
-0
-0
-0
-0
-0
-0
-0
-0
-0
-0
-0
-0
-0
-0
-0
-0
-0
-0
-0
-0
-0
-0
-0
-0
-0
-0
-0
-0
-0
-0
-0
-0
-0
-0
0
0
0
0
0
0
0
0
0
0
0
0
0
0
0
0
0
0
0
0
0
0
0
0
0
0
0
0
0
0
0
0
0
0
0
0
0
0
0
0
0
0
0
0
0
0
0
0
0
0
-0
-0
-0
-0
-0
-0
-0
-0
-0
-0
-0
-0
-0
-0
-0
-0
-0
-0
-0
-0
-0
-0
-0
-0
-0
-0
-0
-0
-0
-0
-0
-0
-0
-0
-0
-0
-0
-0
-0
-0
-0
-0
-0
-0
-0
-0
-0
-0
-0
0
0
0
0
0
0
0
0
0
0
0
0
0
0
0
0
0
0
0
0
0
0
0
0
0
0
0
0
0
0
0
0
0
0
0
0
0
0
0
0
0
0
0
0
0
0
0
0
0
0
-0
-0
-0
-0
-0
-0
-0
-0
-0
-0
-0
-0
-0
-0
-0
-0
-0
-0
-0
-0
-0
-0
-0
-0
-0
-0
-0
-0
-0
-0
-0
-0
-0
-0
-0
-0
-0
-0
-0
-0
-0
-0
-0
-0
-0
-0
-0
-0
-0
-0
0
0
0
0
0
0
0
0
0
0
0
0
0
0
0
0
0
0
0
0
0
0
0
0
0
0
0
0
0
0
0
0
0
0
0
0
0
0
0
0
0
0
0
0
0
0
0
0
0
0
0
-0
-0
-0
-0
-0
-0
-0
-0
-0
-0
-0
-0
-0
-0
-0
-0
-0
-0
-0
-0
-0
-0
-0
-0
-0
-0
-0
-0
-0
-0
-0
-0
-0
-0
-0
-0
-0
-0
-0
-0
-0
-0
-0
-0
-0
-0
-0
-0
-0
-0
0
0
0
0
0
0
0
0
0
0
0
0
0
0
0
0
0
0
0
0
0
0
0
0
0
0
0
0
0
0
0
0
0
0
0
0
0
0
0
0
0
0
0
0
0
0
0
0
0
-0
-0
-0
-0
-0
-0
-0
-0
-0
-0
-0
-0
-0
-0
-0
-0
-0
-0
-0
-0
-0
-0
-0
-0
-0
-0
-0
-0
-0
-0
-0
-0
-0
-0
-0
-0
-0
-0
-0
-0
-0
-0
-0
-0
-0
-0
-0
-0
-0
-0
0
0
0
0
0
0
0
0
0
0
0
0
0
0
0
0
0
0
0
0
0
0
0
0
0
0
0
0
0
0
0
0
0
0
0
0
0
0
0
0
0
0
0
0
0
0
0
0
0
0
-0
-0
-0
-0
-0
-0
-0
-0
-0
-0
-0
-0
-0
-0
-0
-0
-0
-0
-0
-0
-0
-0
-0
-0
-0
-0
-0
-0
-0
-0
-0
-0
-0
-0
-0
-0
-0
-0
-0
-0
-0
-0
-0
-0
-0
-0
-0
-0
-0
-0
-0
0
0
0
0
0
0
0
0
0
0
0
0
0
0
0
0
0
0
0
0
0
0
0
0
0
0
0
0
0
0
0
0
0
0
0
0
0
0
0
0
0
0
0
0
0
0
0
0
0
0
-0
-0
-0
-0
-0
-0
-0
-0
-0
-0
-0
-0
-0
-0
-0
-0
-0
-0
-0
-0
-0
-0
-0
-0
-0
-0
-0
-0
-0
-0
-0
-0
-0
-0
-0
-0
-0
-0
-0
-0
-0
-0
-0
-0
-0
-0
-0
-0
-0
0
0
0
0
0
0
0
0
0
0
0
0
0
0
0
0
0
0
0
0
0
0
0
0
0
0
0
0
0
0
0
0
0
0
0
0
0
0
0
0
0
0
0
0
0
0
0
0
0
0
-0
-0
-0
-0
-0
-0
-0
-0
-0
-0
-0
-0
-0
-0
-0
-0
-0
-0
-0
-0
-0
-0
-0
-0
-0
-0
-0
-0
-0
-0
-0
-0
-0
-0
-0
-0
-0
-0
-0
-0
-0
-0
-0
-0
-0
-0
-0
-0
-0
-0
0
0
0
0
0
0
0
0
0
0
0
0
0
0
0
0
0
0
0
0
0
0
0
0
0
0
0
0
0
0
0
0
0
0
0
0
0
0
0
0
0
0
0
0
0
0
0
0
0
0
-0
-0
-0
-0
-0
-0
-0
-0
-0
-0
-0
-0
-0
-0
-0
-0
-0
-0
-0
-0
-0
-0
-0
-0
-0
-0
-0
-0
-0
-0
-0
-0
-0
-0
-0
-0
-0
-0
-0
-0
-0
-0
-0
-0
-0
-0
-0
-0
-0
-0
-0
0
0
0
0
0
0
0
0
0
0
0
0
0
0
0
0
0
0
0
0
0
0
0
0
0
0
0
0
0
0
0
0
0
0
0
0
0
0
0
0
0
0
0
0
0
0
0
0
0
0
-0
-0
-0
-0
-0
-0
-0
-0
-0
-0
-0
-0
-0
-0
-0
-0
-0
-0
-0
-0
-0
-0
-0
-0
-0
-0
-0
-0
-0
-0
-0
-0
-0
-0
-0
-0
-0
-0
-0
-0
-0
-0
-0
-0
-0
-0
-0
-0
-0
-0
0
0
0
0
0
0
0
0
0
0
0
0
0
0
0
0
0
0
0
0
0
0
0
0
0
0
0
0
0
0
0
0
0
0
0
0
0
0
0
0
0
0
0
0
0
0
0
0
0
-0
-0
-0
-0
-0
-0
-0
-0
-0
-0
-0
-0
-0
-0
-0
-0
-0
-0
-0
-0
-0
-0
-0
-0
-0
-0
-0
-0
-0
-0
-0
-0
-0
-0
-0
-0
-0
-0
-0
-0
-0
-0
-0
-0
-0
-0
-0
-0
-0
-0
0
0
0
0
0
0
0
0
0
0
0
0
0
0
0
0
0
0
0
0
0
0
0
0
0
0
0
0
0
0
0
0
0
0
0
0
0
0
0
0
0
0
0
0
0
0
0
0
0
0
0
-0
-0
-0
-0
-0
-0
-0
-0
-0
-0
-0
-0
-0
-0
-0
-0
-0
-0
-0
-0
-0
-0
-0
-0
-0
-0
-0
-0
-0
-0
-0
-0
-0
-0
-0
-0
-0
-0
-0
-0
-0
-0
-0
-0
-0
-0
-0
-0
-0
-0
0
0
0
0
0
0
0
0
0
0
0
0
0
0
0
0
0
0
0
0
0
0
0
0
0
0
0
0
0
0
0
0
0
0
0
0
0
0
0
0
0
0
0
0
0
0
0
0
0
0
-0
-0
-0
-0
-0
-0
-0
-0
-0
-0
-0
-0
-0
-0
-0
-0
-0
-0
-0
-0
-0
-0
-0
-0
-0
-0
-0
-0
-0
-0
-0
-0
-0
-0
-0
-0
-0
-0
-0
-0
-0
-0
-0
-0
-0
-0
-0
-0
-0
0
0
0
0
0
0
0
0
0
0
0
0
0
0
0
0
0
0
0
0
0
0
0
0
0
0
0
0
0
0
0
0
0
0
0
0
0
0
0
0
0
0
0
0
0
0
0
0
0
0
-0
-0
-0
-0
-0
-0
-0
-0
-0
-0
-0
-0
-0
-0
-0
-0
-0
-0
-0
-0
-0
-0
-0
-0
-0
-0
-0
-0
-0
-0
-0
-0
-0
-0
-0
-0
-0
-0
-0
-0
-0
-0
-0
-0
-0
-0
-0
-0
-0
-0
-0
0
0
0
0
0
0
0
0
0
0
0
0
0
0
0
0
0
0
0
0
0
0
0
0
0
0
0
0
0
0
0
0
0
0
0
0
0
0
0
0
0
0
0
0
0
0
0
0
0
0
-0
-0
-0
-0
-0
-0
-0
-0
-0
-0
-0
-0
-0
-0
-0
-0
-0
-0
-0
-0
-0
-0
-0
-0
-0
-0
-0
-0
-0
-0
-0
-0
-0
-0
-0
-0
-0
-0
-0
-0
-0
-0
-0
-0
-0
-0
-0
-0
-0
-0
0
0
0
0
0
0
0
0
0
0
0
0
0
0
0
0
0
0
0
0
0
0
0
0
0
0
0
0
0
0
0
0
0
0
0
0
0
0
0
0
0
0
0
0
0
0
0
0
0
-0
-0
-0
-0
-0
-0
-0
-0
-0
-0
-0
-0
-0
-0
-0
-0
-0
-0
-0
-0
-0
-0
-0
-0
-0
-0
-0
-0
-0
-0
-0
-0
-0
-0
-0
-0
-0
-0
-0
-0
-0
-0
-0
-0
-0
-0
-0
-0
-0
-0
0
0
0
0
0
0
0
0
0
0
0
0
0
0
0
0
0
0
0
0
0
0
0
0
0
0
0
0
0
0
0
0
0
0
0
0
0
0
0
0
0
0
0
0
0
0
0
0
0
0
-0
-7.7703e-09
-3.102e-08
-6.9565e-08
-1.231e-07
-1.912e-07
-2.7333e-07
-3.6883e-07
-4.7694e-07
-5.9678e-07
-7.2738e-07
-8.6769e-07
-1.0166e-06
-1.1727e-06
-1.3349e-06
-1.5017e-06
-1.6718e-06
-1.8435e-06
-2.0155e-06
-2.1861e-06
-2.3539e-06
-2.5171e-06
-2.6743e-06
-2.8238e-06
-2.9641e-06
-3.0938e-06
-3.2112e-06
-3.3149e-06
-3.4036e-06
-3.476e-06
-3.5308e-06
-3.5669e-06
-3.5831e-06
-3.5786e-06
-3.5525e-06
-3.5041e-06
-3.4326e-06
-3.3378e-06
-3.2191e-06
-3.0764e-06
-2.9095e-06
-2.7187e-06
-2.5039e-06
-2.2657e-06
-2.0044e-06
-1.7208e-06
-1.4157e-06
-1.0899e-06
-7.4448e-07
-3.8075e-07
-6.6674e-20
3.9629e-07
8.0652e-07
1.229e-06
1.6619e-06
2.1032e-06
2.5511e-06
3.0033e-06
3.4578e-06
3.9122e-06
4.3643e-06
4.8118e-06
5.2522e-06
5.6832e-06
6.1025e-06
6.5075e-06
6.896e-06
7.2657e-06
7.6141e-06
7.9391e-06
8.2385e-06
8.5102e-06
8.7522e-06
8.9625e-06
9.1394e-06
9.2813e-06
9.3864e-06
9.4536e-06
9.4815e-06
9.4691e-06
9.4155e-06
9.3198e-06
9.1817e-06
9.0008e-06
8.7768e-06
8.5098e-06
8.2002e-06
7.8483e-06
7.4547e-06
7.0204e-06
6.5465e-06
6.0341e-06
5.4848e-06
4.9002e-06
4.2822e-06
3.6329e-06
2.9544e-06
2.2493e-06
1.52e-06
7.6926e-07
-4.3668e-19
-7.848e-07
-1.582e-06
-2.3884e-06
-3.2006e-06
-4.0153e-06
-4.8289e-06
-5.6379e-06
-6.4386e-06
-7.2276e-06
-8.0012e-06
-8.7558e-06
-9.4878e-06
-1.0194e-05
-1.087e-05
-1.1513e-05
-1.212e-05
-1.2688e-05
-1.3213e-05
-1.3692e-05
-1.4123e-05
-1.4503e-05
-1.483e-05
-1.5101e-05
-1.5315e-05
-1.5469e-05
-1.5562e-05
-1.5592e-05
-1.5559e-05
-1.5462e-05
-1.53e-05
-1.5073e-05
-1.478e-05
-1.4423e-05
-1.4001e-05
-1.3516e-05
-1.2968e-05
-1.2359e-05
-1.169e-05
-1.0964e-05
-1.0183e-05
-9.3495e-06
-8.4656e-06
-7.5347e-06
-6.56e-06
-5.5449e-06
-4.4932e-06
-3.4087e-06
-2.2955e-06
-1.1578e-06
4.549e-19
1.1733e-06
2.3575e-06
3.5478e-06
4.7394e-06
5.9273e-06
7.1066e-06
8.2724e-06
9.4195e-06
1.0543e-05
1.1638e-05
1.27e-05
1.3723e-05
1.4704e-05
1.5638e-05
1.6519e-05
1.7345e-05
1.811e-05
1.8811e-05
1.9445e-05
2.0008e-05
2.0496e-05
2.0908e-05
2.124e-05
2.149e-05
2.1656e-05
2.1737e-05
2.1731e-05
2.1637e-05
2.1455e-05
2.1185e-05
2.0826e-05
2.0379e-05
1.9845e-05
1.9225e-05
1.8521e-05
1.7735e-05
1.6869e-05
1.5926e-05
1.4909e-05
1.382e-05
1.2665e-05
1.1446e-05
1.0169e-05
8.8378e-06
7.457e-06
6.032e-06
4.5681e-06
3.071e-06
1.5463e-06
1.0672e-18
-1.5618e-06
-3.133e-06
-4.7073e-06
-6.2782e-06
-7.8394e-06
-9.3844e-06
-1.0907e-05
-1.24e-05
-1.3858e-05
-1.5275e-05
-1.6644e-05
-1.7959e-05
-1.9215e-05
-2.0405e-05
-2.1525e-05
-2.2569e-05
-2.3532e-05
-2.441e-05
-2.5198e-05
-2.5893e-05
-2.649e-05
-2.6986e-05
-2.7379e-05
-2.7665e-05
-2.7844e-05
-2.7912e-05
-2.787e-05
-2.7715e-05
-2.7448e-05
-2.7069e-05
-2.6579e-05
-2.5978e-05
-2.5267e-05
-2.445e-05
-2.3527e-05
-2.2503e-05
-2.138e-05
-2.0162e-05
-1.8853e-05
-1.7457e-05
-1.598e-05
-1.4427e-05
-1.2804e-05
-1.1116e-05
-9.369e-06
-7.5707e-06
-5.7275e-06
-3.8465e-06
-1.9348e-06
-1.6675e-18
1.9504e-06
3.9085e-06
5.8667e-06
7.8169e-06
9.7514e-06
1.1662e-05
1.3541e-05
1.5381e-05
1.7174e-05
1.8912e-05
2.0588e-05
2.2195e-05
2.3725e-05
2.5173e-05
2.6531e-05
2.7793e-05
2.8954e-05
3.0009e-05
3.0951e-05
3.1777e-05
3.2483e-05
3.3064e-05
3.3517e-05
3.3841e-05
3.4031e-05
3.4088e-05
3.4008e-05
3.3793e-05
3.3442e-05
3.2954e-05
3.2332e-05
3.1576e-05
3.0689e-05
2.9674e-05
2.8533e-05
2.727e-05
2.589e-05
2.4397e-05
2.2797e-05
2.1094e-05
1.9296e-05
1.7408e-05
1.5438e-05
1.3393e-05
1.1281e-05
9.1095e-06
6.887e-06
4.622e-06
2.3233e-06
2.4012e-18
-2.3389e-06
-4.684e-06
-7.0261e-06
-9.3557e-06
-1.1663e-05
-1.394e-05
-1.6176e-05
-1.8362e-05
-2.0489e-05
-2.2549e-05
-2.4532e-05
-2.643e-05
-2.8236e-05
-2.994e-05
-3.1536e-05
-3.3017e-05
-3.4376e-05
-3.5607e-05
-3.6704e-05
-3.7662e-05
-3.8476e-05
-3.9142e-05
-3.9656e-05
-4.0016e-05
-4.0219e-05
-4.0263e-05
-4.0147e-05
-3.9871e-05
-3.9435e-05
-3.8839e-05
-3.8085e-05
-3.7175e-05
-3.6112e-05
-3.4898e-05
-3.3539e-05
-3.2038e-05
-3.0401e-05
-2.8633e-05
-2.6741e-05
-2.4731e-05
-2.2611e-05
-2.0389e-05
-1.8073e-05
-1.5671e-05
-1.3193e-05
-1.0648e-05
-8.0464e-06
-5.3975e-06
-2.7118e-06
-8.063e-19
2.7274e-06
5.4595e-06
8.1855e-06
1.0894e-05
1.3576e-05
1.6218e-05
1.881e-05
2.1343e-05
2.3805e-05
2.6186e-05
2.8476e-05
3.0666e-05
3.2746e-05
3.4708e-05
3.6542e-05
3.8242e-05
3.9799e-05
4.1206e-05
4.2457e-05
4.3547e-05
4.4469e-05
4.522e-05
4.5795e-05
4.6191e-05
4.6406e-05
4.6438e-05
4.6286e-05
4.5949e-05
4.5428e-05
4.4723e-05
4.3838e-05
4.2773e-05
4.1534e-05
4.0122e-05
3.8545e-05
3.6805e-05
3.4911e-05
3.2869e-05
3.0685e-05
2.8368e-05
2.5927e-05
2.337e-05
2.0707e-05
1.7949e-05
1.5105e-05
1.2187e-05
9.2058e-06
6.173e-06
3.1004e-06
4.2689e-18
-3.1159e-06
-6.235e-06
-9.3449e-06
-1.2433e-05
-1.5488e-05
-1.8495e-05
-2.1445e-05
-2.4324e-05
-2.712e-05
-2.9823e-05
-3.242e-05
-3.4902e-05
-3.7257e-05
-3.9475e-05
-4.1548e-05
-4.3466e-05
-4.5221e-05
-4.6804e-05
-4.821e-05
-4.9431e-05
-5.0462e-05
-5.1297e-05
-5.1933e-05
-5.2366e-05
-5.2594e-05
-5.2613e-05
-5.2425e-05
-5.2027e-05
-5.1421e-05
-5.0608e-05
-4.9591e-05
-4.8372e-05
-4.6956e-05
-4.5347e-05
-4.355e-05
-4.1573e-05
-3.9422e-05
-3.7104e-05
-3.4629e-05
-3.2005e-05
-2.9242e-05
-2.6351e-05
-2.3342e-05
-2.0227e-05
-1.7017e-05
-1.3726e-05
-1.0365e-05
-6.9485e-06
-3.4889e-06
-2.2374e-18
3.5044e-06
7.0105e-06
1.0504e-05
1.3972e-05
1.74e-05
2.0773e-05
2.4079e-05
2.7305e-05
3.0436e-05
3.346e-05
3.6364e-05
3.9137e-05
4.1767e-05
4.4243e-05
4.6554e-05
4.869e-05
5.0643e-05
5.2403e-05
5.3963e-05
5.5316e-05
5.6455e-05
5.7375e-05
5.8072e-05
5.8542e-05
5.8781e-05
5.8789e-05
5.8563e-05
5.8105e-05
5.7414e-05
5.6493e-05
5.5344e-05
5.3971e-05
5.2378e-05
5.0571e-05
4.8556e-05
4.6341e-05
4.3932e-05
4.134e-05
3.8573e-05
3.5642e-05
3.2558e-05
2.9332e-05
2.5976e-05
2.2504e-05
1.8929e-05
1.5265e-05
1.1525e-05
7.724e-06
3.8774e-06
3.1467e-18
-3.8696e-06
-7.7085e-06
-1.1501e-05
-1.5234e-05
-1.8891e-05
-2.2459e-05
-2.5924e-05
-2.9272e-05
-3.2491e-05
-3.5569e-05
-3.8494e-05
-4.1255e-05
-4.3842e-05
-4.6245e-05
-4.8456e-05
-5.0467e-05
-5.227e-05
-5.3859e-05
-5.5229e-05
-5.6375e-05
-5.7294e-05
-5.7983e-05
-5.8441e-05
-5.8665e-05
-5.8657e-05
-5.8418e-05
-5.7949e-05
-5.7254e-05
-5.6335e-05
-5.5198e-05
-5.3848e-05
-5.2291e-05
-5.0534e-05
-4.8586e-05
-4.6454e-05
-4.4148e-05
-4.1677e-05
-3.9053e-05
-3.6285e-05
-3.3387e-05
-3.0369e-05
-2.7245e-05
-2.4027e-05
-2.0728e-05
-1.7361e-05
-1.3941e-05
-1.0481e-05
-6.995e-06
-3.4966e-06
-3.4304e-18
3.4811e-06
6.933e-06
1.0342e-05
1.3695e-05
1.6979e-05
2.0181e-05
2.3289e-05
2.6291e-05
2.9176e-05
3.1932e-05
3.455e-05
3.7019e-05
3.9332e-05
4.1478e-05
4.345e-05
4.5242e-05
4.6847e-05
4.826e-05
4.9476e-05
5.049e-05
5.1301e-05
5.1905e-05
5.2302e-05
5.249e-05
5.247e-05
5.2243e-05
5.1811e-05
5.1176e-05
5.0342e-05
4.9313e-05
4.8095e-05
4.6692e-05
4.5112e-05
4.3362e-05
4.1448e-05
3.938e-05
3.7166e-05
3.4817e-05
3.2341e-05
2.975e-05
2.7054e-05
2.4264e-05
2.1392e-05
1.845e-05
1.5449e-05
1.2402e-05
9.3218e-06
6.2195e-06
3.1081e-06
7.74e-19
-3.0926e-06
-6.1575e-06
-9.1826e-06
-1.2156e-05
-1.5067e-05
-1.7903e-05
-2.0655e-05
-2.331e-05
-2.586e-05
-2.8295e-05
-3.0606e-05
-3.2784e-05
-3.4821e-05
-3.671e-05
-3.8444e-05
-4.0018e-05
-4.1425e-05
-4.2661e-05
-4.3723e-05
-4.4606e-05
-4.5308e-05
-4.5827e-05
-4.6163e-05
-4.6315e-05
-4.6283e-05
-4.6068e-05
-4.5672e-05
-4.5098e-05
-4.4349e-05
-4.3429e-05
-4.2342e-05
-4.1094e-05
-3.969e-05
-3.8137e-05
-3.6442e-05
-3.4612e-05
-3.2656e-05
-3.0581e-05
-2.8397e-05
-2.6113e-05
-2.3738e-05
-2.1283e-05
-1.8758e-05
-1.6172e-05
-1.3537e-05
-1.0864e-05
-8.1623e-06
-5.444e-06
-2.7196e-06
-3.5976e-18
2.7041e-06
5.382e-06
8.0232e-06
1.0618e-05
1.3155e-05
1.5626e-05
1.802e-05
2.0329e-05
2.2545e-05
2.4658e-05
2.6662e-05
2.8548e-05
3.0311e-05
3.1943e-05
3.3439e-05
3.4794e-05
3.6003e-05
3.7063e-05
3.797e-05
3.8721e-05
3.9315e-05
3.9749e-05
4.0024e-05
4.0139e-05
4.0095e-05
3.9892e-05
3.9533e-05
3.902e-05
3.8356e-05
3.7544e-05
3.6589e-05
3.5495e-05
3.4268e-05
3.2913e-05
3.1436e-05
2.9845e-05
2.8145e-05
2.6346e-05
2.4453e-05
2.2476e-05
2.0423e-05
1.8302e-05
1.6123e-05
1.3894e-05
1.1625e-05
9.3249e-06
7.0029e-06
4.6685e-06
2.3311e-06
1.3778e-18
-2.3156e-06
-4.6065e-06
-6.8638e-06
-9.0787e-06
-1.1243e-05
-1.3348e-05
-1.5386e-05
-1.7349e-05
-1.9229e-05
-2.1021e-05
-2.2718e-05
-2.4313e-05
-2.58e-05
-2.7175e-05
-2.8433e-05
-2.9569e-05
-3.0581e-05
-3.1464e-05
-3.2217e-05
-3.2836e-05
-3.3322e-05
-3.3672e-05
-3.3886e-05
-3.3964e-05
-3.3908e-05
-3.3717e-05
-3.3395e-05
-3.2942e-05
-3.2363e-05
-3.1659e-05
-3.0836e-05
-2.9897e-05
-2.8846e-05
-2.7689e-05
-2.6431e-05
-2.5077e-05
-2.3635e-05
-2.211e-05
-2.0509e-05
-1.8839e-05
-1.7108e-05
-1.5322e-05
-1.3489e-05
-1.1617e-05
-9.7132e-06
-7.7862e-06
-5.8435e-06
-3.893e-06
-1.9426e-06
-1.4796e-18
1.927e-06
3.831e-06
5.7044e-06
7.54e-06
9.3308e-06
1.107e-05
1.2751e-05
1.4368e-05
1.5914e-05
1.7384e-05
1.8774e-05
2.0077e-05
2.129e-05
2.2407e-05
2.3427e-05
2.4345e-05
2.5159e-05
2.5866e-05
2.6464e-05
2.6952e-05
2.7329e-05
2.7594e-05
2.7747e-05
2.7789e-05
2.772e-05
2.7542e-05
2.7256e-05
2.6864e-05
2.637e-05
2.5775e-05
2.5083e-05
2.4298e-05
2.3424e-05
2.2464e-05
2.1425e-05
2.031e-05
1.9124e-05
1.7874e-05
1.6565e-05
1.5202e-05
1.3792e-05
1.2341e-05
1.0854e-05
9.3389e-06
7.8011e-06
6.2474e-06
4.6841e-06
3.1175e-06
1.5541e-06
1.448e-18
-1.5385e-06
-3.0555e-06
-4.5449e-06
-6.0012e-06
-7.4187e-06
-8.7922e-06
-1.0117e-05
-1.1387e-05
-1.2599e-05
-1.3748e-05
-1.483e-05
-1.5841e-05
-1.6779e-05
-1.764e-05
-1.8421e-05
-1.9121e-05
-1.9737e-05
-2.0267e-05
-2.0711e-05
-2.1067e-05
-2.1335e-05
-2.1516e-05
-2.1608e-05
-2.1614e-05
-2.1533e-05
-2.1367e-05
-2.1117e-05
-2.0786e-05
-2.0377e-05
-1.989e-05
-1.933e-05
-1.8699e-05
-1.8002e-05
-1.724e-05
-1.6419e-05
-1.5542e-05
-1.4614e-05
-1.3639e-05
-1.2621e-05
-1.1565e-05
-1.0477e-05
-9.3599e-06
-8.2197e-06
-7.0611e-06
-5.8891e-06
-4.7086e-06
-3.5246e-06
-2.342e-06
-1.1655e-06
-2.3482e-19
1.15e-06
2.28e-06
3.3855e-06
4.4624e-06
5.5067e-06
6.5144e-06
7.482e-06
8.406e-06
9.2832e-06
1.0111e-05
1.0886e-05
1.1606e-05
1.2269e-05
1.2872e-05
1.3416e-05
1.3897e-05
1.4314e-05
1.4668e-05
1.4958e-05
1.5182e-05
1.5342e-05
1.5438e-05
1.547e-05
1.5438e-05
1.5345e-05
1.5191e-05
1.4978e-05
1.4709e-05
1.4383e-05
1.4005e-05
1.3577e-05
1.3101e-05
1.2579e-05
1.2016e-05
1.1413e-05
1.0775e-05
1.0104e-05
9.4031e-06
8.6769e-06
7.9285e-06
7.1613e-06
6.379e-06
5.5852e-06
4.7833e-06
3.977e-06
3.1699e-06
2.3652e-06
1.5665e-06
7.7703e-07
9.845e-19
-7.6149e-07
-1.5045e-06
-2.2261e-06
-2.9237e-06
-3.5946e-06
-4.2367e-06
-4.8475e-06
-5.4251e-06
-5.9678e-06
-6.4737e-06
-6.9415e-06
-7.37e-06
-7.758e-06
-8.1048e-06
-8.4097e-06
-8.6723e-06
-8.8923e-06
-9.0698e-06
-9.2048e-06
-9.2978e-06
-9.3492e-06
-9.36e-06
-9.3308e-06
-9.2629e-06
-9.1575e-06
-9.0159e-06
-8.8397e-06
-8.6306e-06
-8.3904e-06
-8.1208e-06
-7.8241e-06
-7.5021e-06
-7.1572e-06
-6.7916e-06
-6.4074e-06
-6.0071e-06
-5.593e-06
-5.1675e-06
-4.7329e-06
-4.2916e-06
-3.8459e-06
-3.3982e-06
-2.9507e-06
-2.5055e-06
-2.065e-06
-1.6311e-06
-1.2058e-06
-7.9101e-07
-3.8852e-07
-2.0796e-19
3.7298e-07
7.2897e-07
1.0667e-06
1.3849e-06
1.6826e-06
1.9589e-06
2.213e-06
2.4443e-06
2.6523e-06
2.8368e-06
2.9975e-06
3.1344e-06
3.2476e-06
3.3373e-06
3.4039e-06
3.448e-06
3.4702e-06
3.4711e-06
3.4518e-06
3.4131e-06
3.3561e-06
3.2821e-06
3.1921e-06
3.0876e-06
2.97e-06
2.8406e-06
2.701e-06
2.5527e-06
2.3972e-06
2.2362e-06
2.0711e-06
1.9035e-06
1.7351e-06
1.5673e-06
1.4016e-06
1.2396e-06
1.0825e-06
9.3184e-07
7.8881e-07
6.5465e-07
5.3047e-07
4.1732e-07
3.1614e-07
2.2778e-07
1.5296e-07
9.2326e-08
4.6377e-08
1.551e-08
0
0
-0
-0
-0
-0
-0
-0
-0
-0
-0
-0
-0
-0
-0
-0
-0
-0
-0
-0
-0
-0
-0
-0
-0
-0
-0
-0
-0
-0
-0
-0
-0
-0
-0
-0
-0
-0
-0
-0
-0
-0
-0
-0
-0
-0
-0
-0
-0
-0
-0
-0
0
0
0
0
0
0
0
0
0
0
0
0
0
0
0
0
0
0
0
0
0
0
0
0
0
0
0
0
0
0
0
0
0
0
0
0
0
0
0
0
0
0
0
0
0
0
0
0
0
0
-0
-0
-0
-0
-0
-0
-0
-0
-0
-0
-0
-0
-0
-0
-0
-0
-0
-0
-0
-0
-0
-0
-0
-0
-0
-0
-0
-0
-0
-0
-0
-0
-0
-0
-0
-0
-0
-0
-0
-0
-0
-0
-0
-0
-0
-0
-0
-0
-0
-0
0
0
0
0
0
0
0
0
0
0
0
0
0
0
0
0
0
0
0
0
0
0
0
0
0
0
0
0
0
0
0
0
0
0
0
0
0
0
0
0
0
0
0
0
0
0
0
0
0
0
-0
-0
-0
-0
-0
-0
-0
-0
-0
-0
-0
-0
-0
-0
-0
-0
-0
-0
-0
-0
-0
-0
-0
-0
-0
-0
-0
-0
-0
-0
-0
-0
-0
-0
-0
-0
-0
-0
-0
-0
-0
-0
-0
-0
-0
-0
-0
-0
-0
-0
0
0
0
0
0
0
0
0
0
0
0
0
0
0
0
0
0
0
0
0
0
0
0
0
0
0
0
0
0
0
0
0
0
0
0
0
0
0
0
0
0
0
0
0
0
0
0
0
0
0
-0
-0
-0
-0
-0
-0
-0
-0
-0
-0
-0
-0
-0
-0
-0
-0
-0
-0
-0
-0
-0
-0
-0
-0
-0
-0
-0
-0
-0
-0
-0
-0
-0
-0
-0
-0
-0
-0
-0
-0
-0
-0
-0
-0
-0
-0
-0
-0
-0
-0
0
0
0
0
0
0
0
0
0
0
0
0
0
0
0
0
0
0
0
0
0
0
0
0
0
0
0
0
0
0
0
0
0
0
0
0
0
0
0
0
0
0
0
0
0
0
0
0
0
0
-0
-0
-0
-0
-0
-0
-0
-0
-0
-0
-0
-0
-0
-0
-0
-0
-0
-0
-0
-0
-0
-0
-0
-0
-0
-0
-0
-0
-0
-0
-0
-0
-0
-0
-0
-0
-0
-0
-0
-0
-0
-0
-0
-0
-0
-0
-0
-0
-0
-0
0
0
0
0
0
0
0
0
0
0
0
0
0
0
0
0
0
0
0
0
0
0
0
0
0
0
0
0
0
0
0
0
0
0
0
0
0
0
0
0
0
0
0
0
0
0
0
0
0
0
-0
-0
-0
-0
-0
-0
-0
-0
-0
-0
-0
-0
-0
-0
-0
-0
-0
-0
-0
-0
-0
-0
-0
-0
-0
-0
-0
-0
-0
-0
-0
-0
-0
-0
-0
-0
-0
-0
-0
-0
-0
-0
-0
-0
-0
-0
-0
-0
-0
-0
0
0
0
0
0
0
0
0
0
0
0
0
0
0
0
0
0
0
0
0
0
0
0
0
0
0
0
0
0
0
0
0
0
0
0
0
0
0
0
0
0
0
0
0
0
0
0
0
0
0
-0
-0
-0
-0
-0
-0
-0
-0
-0
-0
-0
-0
-0
-0
-0
-0
-0
-0
-0
-0
-0
-0
-0
-0
-0
-0
-0
-0
-0
-0
-0
-0
-0
-0
-0
-0
-0
-0
-0
-0
-0
-0
-0
-0
-0
-0
-0
-0
-0
-0
0
0
0
0
0
0
0
0
0
0
0
0
0
0
0
0
0
0
0
0
0
0
0
0
0
0
0
0
0
0
0
0
0
0
0
0
0
0
0
0
0
0
0
0
0
0
0
0
0
0
-0
-0
-0
-0
-0
-0
-0
-0
-0
-0
-0
-0
-0
-0
-0
-0
-0
-0
-0
-0
-0
-0
-0
-0
-0
-0
-0
-0
-0
-0
-0
-0
-0
-0
-0
-0
-0
-0
-0
-0
-0
-0
-0
-0
-0
-0
-0
-0
-0
-0
0
0
0
0
0
0
0
0
0
0
0
0
0
0
0
0
0
0
0
0
0
0
0
0
0
0
0
0
0
0
0
0
0
0
0
0
0
0
0
0
0
0
0
0
0
0
0
0
0
0
-0
-0
-0
-0
-0
-0
-0
-0
-0
-0
-0
-0
-0
-0
-0
-0
-0
-0
-0
-0
-0
-0
-0
-0
-0
-0
-0
-0
-0
-0
-0
-0
-0
-0
-0
-0
-0
-0
-0
-0
-0
-0
-0
-0
-0
-0
-0
-0
-0
-0
0
0
0
0
0
0
0
0
0
0
0
0
0
0
0
0
0
0
0
0
0
0
0
0
0
0
0
0
0
0
0
0
0
0
0
0
0
0
0
0
0
0
0
0
0
0
0
0
0
0
-0
-0
-0
-0
-0
-0
-0
-0
-0
-0
-0
-0
-0
-0
-0
-0
-0
-0
-0
-0
-0
-0
-0
-0
-0
-0
-0
-0
-0
-0
-0
-0
-0
-0
-0
-0
-0
-0
-0
-0
-0
-0
-0
-0
-0
-0
-0
-0
-0
-0
0
0
0
0
0
0
0
0
0
0
0
0
0
0
0
0
0
0
0
0
0
0
0
0
0
0
0
0
0
0
0
0
0
0
0
0
0
0
0
0
0
0
0
0
0
0
0
0
0
0
-0
-0
-0
-0
-0
-0
-0
-0
-0
-0
-0
-0
-0
-0
-0
-0
-0
-0
-0
-0
-0
-0
-0
-0
-0
-0
-0
-0
-0
-0
-0
-0
-0
-0
-0
-0
-0
-0
-0
-0
-0
-0
-0
-0
-0
-0
-0
-0
-0
-0
0
0
0
0
0
0
0
0
0
0
0
0
0
0
0
0
0
0
0
0
0
0
0
0
0
0
0
0
0
0
0
0
0
0
0
0
0
0
0
0
0
0
0
0
0
0
0
0
0
-0
-0
-0
-0
-0
-0
-0
-0
-0
-0
-0
-0
-0
-0
-0
-0
-0
-0
-0
-0
-0
-0
-0
-0
-0
-0
-0
-0
-0
-0
-0
-0
-0
-0
-0
-0
-0
-0
-0
-0
-0
-0
-0
-0
-0
-0
-0
-0
-0
-0
-0
0
0
0
0
0
0
0
0
0
0
0
0
0
0
0
0
0
0
0
0
0
0
0
0
0
0
0
0
0
0
0
0
0
0
0
0
0
0
0
0
0
0
0
0
0
0
0
0
0
0
-0
-0
-0
-0
-0
-0
-0
-0
-0
-0
-0
-0
-0
-0
-0
-0
-0
-0
-0
-0
-0
-0
-0
-0
-0
-0
-0
-0
-0
-0
-0
-0
-0
-0
-0
-0
-0
-0
-0
-0
-0
-0
-0
-0
-0
-0
-0
-0
-0
0
0
0
0
0
0
0
0
0
0
0
0
0
0
0
0
0
0
0
0
0
0
0
0
0
0
0
0
0
0
0
0
0
0
0
0
0
0
0
0
0
0
0
0
0
0
0
0
0
0
0
-0
-0
-0
-0
-0
-0
-0
-0
-0
-0
-0
-0
-0
-0
-0
-0
-0
-0
-0
-0
-0
-0
-0
-0
-0
-0
-0
-0
-0
-0
-0
-0
-0
-0
-0
-0
-0
-0
-0
-0
-0
-0
-0
-0
-0
-0
-0
-0
-0
-0
0
0
0
0
0
0
0
0
0
0
0
0
0
0
0
0
0
0
0
0
0
0
0
0
0
0
0
0
0
0
0
0
0
0
0
0
0
0
0
0
0
0
0
0
0
0
0
0
0
0
-0
-0
-0
-0
-0
-0
-0
-0
-0
-0
-0
-0
-0
-0
-0
-0
-0
-0
-0
-0
-0
-0
-0
-0
-0
-0
-0
-0
-0
-0
-0
-0
-0
-0
-0
-0
-0
-0
-0
-0
-0
-0
-0
-0
-0
-0
-0
-0
-0
-0
0
0
0
0
0
0
0
0
0
0
0
0
0
0
0
0
0
0
0
0
0
0
0
0
0
0
0
0
0
0
0
0
0
0
0
0
0
0
0
0
0
0
0
0
0
0
0
0
0
-0
-0
-0
-0
-0
-0
-0
-0
-0
-0
-0
-0
-0
-0
-0
-0
-0
-0
-0
-0
-0
-0
-0
-0
-0
-0
-0
-0
-0
-0
-0
-0
-0
-0
-0
-0
-0
-0
-0
-0
-0
-0
-0
-0
-0
-0
-0
-0
-0
-0
-0
0
0
0
0
0
0
0
0
0
0
0
0
0
0
0
0
0
0
0
0
0
0
0
0
0
0
0
0
0
0
0
0
0
0
0
0
0
0
0
0
0
0
0
0
0
0
0
0
0
-0
-0
-0
-0
-0
-0
-0
-0
-0
-0
-0
-0
-0
-0
-0
-0
-0
-0
-0
-0
-0
-0
-0
-0
-0
-0
-0
-0
-0
-0
-0
-0
-0
-0
-0
-0
-0
-0
-0
-0
-0
-0
-0
-0
-0
-0
-0
-0
-0
-0
-0
0
0
0
0
0
0
0
0
0
0
0
0
0
0
0
0
0
0
0
0
0
0
0
0
0
0
0
0
0
0
0
0
0
0
0
0
0
0
0
0
0
0
0
0
0
0
0
0
0
0
-0
-0
-0
-0
-0
-0
-0
-0
-0
-0
-0
-0
-0
-0
-0
-0
-0
-0
-0
-0
-0
-0
-0
-0
-0
-0
-0
-0
-0
-0
-0
-0
-0
-0
-0
-0
-0
-0
-0
-0
-0
-0
-0
-0
-0
-0
-0
-0
-0
-0
0
0
0
0
0
0
0
0
0
0
0
0
0
0
0
0
0
0
0
0
0
0
0
0
0
0
0
0
0
0
0
0
0
0
0
0
0
0
0
0
0
0
0
0
0
0
0
0
0
0
-0
-0
-0
-0
-0
-0
-0
-0
-0
-0
-0
-0
-0
-0
-0
-0
-0
-0
-0
-0
-0
-0
-0
-0
-0
-0
-0
-0
-0
-0
-0
-0
-0
-0
-0
-0
-0
-0
-0
-0
-0
-0
-0
-0
-0
-0
-0
-0
-0
-0
0
0
0
0
0
0
0
0
0
0
0
0
0
0
0
0
0
0
0
0
0
0
0
0
0
0
0
0
0
0
0
0
0
0
0
0
0
0
0
0
0
0
0
0
0
0
0
0
0
0
-0
-0
-0
-0
-0
-0
-0
-0
-0
-0
-0
-0
-0
-0
-0
-0
-0
-0
-0
-0
-0
-0
-0
-0
-0
-0
-0
-0
-0
-0
-0
-0
-0
-0
-0
-0
-0
-0
-0
-0
-0
-0
-0
-0
-0
-0
-0
-0
-0
-0
0
0
0
0
0
0
0
0
0
0
0
0
0
0
0
0
0
0
0
0
0
0
0
0
0
0
0
0
0
0
0
0
0
0
0
0
0
0
0
0
0
0
0
0
0
0
0
0
0
-0
-0
-0
-0
-0
-0
-0
-0
-0
-0
-0
-0
-0
-0
-0
-0
-0
-0
-0
-0
-0
-0
-0
-0
-0
-0
-0
-0
-0
-0
-0
-0
-0
-0
-0
-0
-0
-0
-0
-0
-0
-0
-0
-0
-0
-0
-0
-0
-0
-0
-0
0
0
0
0
0
0
0
0
0
0
0
0
0
0
0
0
0
0
0
0
0
0
0
0
0
0
0
0
0
0
0
0
0
0
0
0
0
0
0
0
0
0
0
0
0
0
0
0
0
-0
-0
-0
-0
-0
-0
-0
-0
-0
-0
-0
-0
-0
-0
-0
-0
-0
-0
-0
-0
-0
-0
-0
-0
-0
-0
-0
-0
-0
-0
-0
-0
-0
-0
-0
-0
-0
-0
-0
-0
-0
-0
-0
-0
-0
-0
-0
-0
-0
-0
-0
0
0
0
0
0
0
0
0
0
0
0
0
0
0
0
0
0
0
0
0
0
0
0
0
0
0
0
0
0
0
0
0
0
0
0
0
0
0
0
0
0
0
0
0
0
0
0
0
0
0
-0
-0
-0
-0
-0
-0
-0
-0
-0
-0
-0
-0
-0
-0
-0
-0
-0
-0
-0
-0
-0
-0
-0
-0
-0
-0
-0
-0
-0
-0
-0
-0
-0
-0
-0
-0
-0
-0
-0
-0
-0
-0
-0
-0
-0
-0
-0
-0
-0
-0
0
0
0
0
0
0
0
0
0
0
0
0
0
0
0
0
0
0
0
0
0
0
0
0
0
0
0
0
0
0
0
0
0
0
0
0
0
0
0
0
0
0
0
0
0
0
0
0
0
0
-0
-0
-0
-0
-0
-0
-0
-0
-0
-0
-0
-0
-0
-0
-0
-0
-0
-0
-0
-0
-0
-0
-0
-0
-0
-0
-0
-0
-0
-0
-0
-0
-0
-0
-0
-0
-0
-0
-0
-0
-0
-0
-0
-0
-0
-0
-0
-0
-0
-0
0
0
0
0
0
0
0
0
0
0
0
0
0
0
0
0
0
0
0
0
0
0
0
0
0
0
0
0
0
0
0
0
0
0
0
0
0
0
0
0
0
0
0
0
0
0
0
0
0
0
-0
-0
-0
-0
-0
-0
-0
-0
-0
-0
-0
-0
-0
-0
-0
-0
-0
-0
-0
-0
-0
-0
-0
-0
-0
-0
-0
-0
-0
-0
-0
-0
-0
-0
-0
-0
-0
-0
-0
-0
-0
-0
-0
-0
-0
-0
-0
-0
-0
-0
0
0
0
0
0
0
0
0
0
0
0
0
0
0
0
0
0
0
0
0
0
0
0
0
0
0
0
0
0
0
0
0
0
0
0
0
0
0
0
0
0
0
0
0
0
0
0
0
0
-0
-0
-0
-0
-0
-0
-0
-0
-0
-0
-0
-0
-0
-0
-0
-0
-0
-0
-0
-0
-0
-0
-0
-0
-0
-0
-0
-0
-0
-0
-0
-0
-0
-0
-0
-0
-0
-0
-0
-0
-0
-0
-0
-0
-0
-0
-0
-0
-0
-0
-0
0
0
0
0
0
0
0
0
0
0
0
0
0
0
0
0
0
0
0
0
0
0
0
0
0
0
0
0
0
0
0
0
0
0
0
0
0
0
0
0
0
0
0
0
0
0
0
0
0
-0
-0
-0
-0
-0
-0
-0
-0
-0
-0
-0
-0
-0
-0
-0
-0
-0
-0
-0
-0
-0
-0
-0
-0
-0
-0
-0
-0
-0
-0
-0
-0
-0
-0
-0
-0
-0
-0
-0
-0
-0
-0
-0
-0
-0
-0
-0
-0
-0
-0
-0
0
0
0
0
0
0
0
0
0
0
0
0
0
0
0
0
0
0
0
0
0
0
0
0
0
0
0
0
0
0
0
0
0
0
0
0
0
0
0
0
0
0
0
0
0
0
0
0
0
0
-0
-0
-0
-0
-0
-0
-0
-0
-0
-0
-0
-0
-0
-0
-0
-0
-0
-0
-0
-0
-0
-0
-0
-0
-0
-0
-0
-0
-0
-0
-0
-0
-0
-0
-0
-0
-0
-0
-0
-0
-0
-0
-0
-0
-0
-0
-0
-0
-0
-0
0
0
0
0
0
0
0
0
0
0
0
0
0
0
0
0
0
0
0
0
0
0
0
0
0
0
0
0
0
0
0
0
0
0
0
0
0
0
0
0
0
0
0
0
0
0
0
0
0
0
-0
-0
-0
-0
-0
-0
-0
-0
-0
-0
-0
-0
-0
-0
-0
-0
-0
-0
-0
-0
-0
-0
-0
-0
-0
-0
-0
-0
-0
-0
-0
-0
-0
-0
-0
-0
-0
-0
-0
-0
-0
-0
-0
-0
-0
-0
-0
-0
-0
-0
0
0
0
0
0
0
0
0
0
0
0
0
0
0
0
0
0
0
0
0
0
0
0
0
0
0
0
0
0
0
0
0
0
0
0
0
0
0
0
0
0
0
0
0
0
0
0
0
0
0
-0
-0
-0
-0
-0
-0
-0
-0
-0
-0
-0
-0
-0
-0
-0
-0
-0
-0
-0
-0
-0
-0
-0
-0
-0
-0
-0
-0
-0
-0
-0
-0
-0
-0
-0
-0
-0
-0
-0
-0
-0
-0
-0
-0
-0
-0
-0
-0
-0
-0
0
0
0
0
0
0
0
0
0
0
0
0
0
0
0
0
0
0
0
0
0
0
0
0
0
0
0
0
0
0
0
0
0
0
0
0
0
0
0
0
0
0
0
0
0
0
0
0
0
-0
-0
-0
-0
-0
-0
-0
-0
-0
-0
-0
-0
-0
-0
-0
-0
-0
-0
-0
-0
-0
-0
-0
-0
-0
-0
-0
-0
-0
-0
-0
-0
-0
-0
-0
-0
-0
-0
-0
-0
-0
-0
-0
-0
-0
-0
-0
-0
-0
-0
-0
0
0
0
0
0
0
0
0
0
0
0
0
0
0
0
0
0
0
0
0
0
0
0
0
0
0
0
0
0
0
0
0
0
0
0
0
0
0
0
0
0
0
0
0
0
0
0
0
0
-0
-0
-0
-0
-0
-0
-0
-0
-0
-0
-0
-0
-0
-0
-0
-0
-0
-0
-0
-0
-0
-0
-0
-0
-0
-0
-0
-0
-0
-0
-0
-0
-0
-0
-0
-0
-0
-0
-0
-0
-0
-0
-0
-0
-0
-0
-0
-0
-0
-0
-0
0
0
0
0
0
0
0
0
0
0
0
0
0
0
0
0
0
0
0
0
0
0
0
0
0
0
0
0
0
0
0
0
0
0
0
0
0
0
0
0
0
0
0
0
0
0
0
0
0
-0
