-0
-0
-0
-0
-0
-0
-0
-0
-0
-0
-0
-0
-0
-0
-0
-0
-0
-0
-0
-0
-0
-0
-0
-0
-0
-0
-0
-0
-0
-0
-0
-0
-0
-0
-0
-0
-0
-0
-0
-0
-0
-0
-0
-0
-0
-0
-0
-0
-0
-0
-0
0
0
0
0
0
0
0
0
0
0
0
0
0
0
0
0
0
0
0
0
0
0
0
0
0
0
0
0
0
0
0
0
0
0
0
0
0
0
0
0
0
0
0
0
0
0
0
0
0
0
-0
-0
-0
-0
-0
-0
-0
-0
-0
-0
-0
-0
-0
-0
-0
-0
-0
-0
-0
-0
-0
-0
-0
-0
-0
-0
-0
-0
-0
-0
-0
-0
-0
-0
-0
-0
-0
-0
-0
-0
-0
-0
-0
-0
-0
-0
-0
-0
-0
-0
0
0
0
0
0
0
0
0
0
0
0
0
0
0
0
0
0
0
0
0
0
0
0
0
0
0
0
0
0
0
0
0
0
0
0
0
0
0
0
0
0
0
0
0
0
0
0
0
0
0
-0
-0
-0
-0
-0
-0
-0
-0
-0
-0
-0
-0
-0
-0
-0
-0
-0
-0
-0
-0
-0
-0
-0
-0
-0
-0
-0
-0
-0
-0
-0
-0
-0
-0
-0
-0
-0
-0
-0
-0
-0
-0
-0
-0
-0
-0
-0
-0
-0
-0
0
0
0
0
0
0
0
0
0
0
0
0
0
0
0
0
0
0
0
0
0
0
0
0
0
0
0
0
0
0
0
0
0
0
0
0
0
0
0
0
0
0
0
0
0
0
0
0
0
0
-0
-0
-0
-0
-0
-0
-0
-0
-0
-0
-0
-0
-0
-0
-0
-0
-0
-0
-0
-0
-0
-0
-0
-0
-0
-0
-0
-0
-0
-0
-0
-0
-0
-0
-0
-0
-0
-0
-0
-0
-0
-0
-0
-0
-0
-0
-0
-0
-0
0
0
0
0
0
0
0
0
0
0
0
0
0
0
0
0
0
0
0
0
0
0
0
0
0
0
0
0
0
0
0
0
0
0
0
0
0
0
0
0
0
0
0
0
0
0
0
0
0
0
0
-0
-0
-0
-0
-0
-0
-0
-0
-0
-0
-0
-0
-0
-0
-0
-0
-0
-0
-0
-0
-0
-0
-0
-0
-0
-0
-0
-0
-0
-0
-0
-0
-0
-0
-0
-0
-0
-0
-0
-0
-0
-0
-0
-0
-0
-0
-0
-0
-0
-0
0
0
0
0
0
0
0
0
0
0
0
0
0
0
0
0
0
0
0
0
0
0
0
0
0
0
0
0
0
0
0
0
0
0
0
0
0
0
0
0
0
0
0
0
0
0
0
0
0
0
-0
-0
-0
-0
-0
-0
-0
-0
-0
-0
-0
-0
-0
-0
-0
-0
-0
-0
-0
-0
-0
-0
-0
-0
-0
-0
-0
-0
-0
-0
-0
-0
-0
-0
-0
-0
-0
-0
-0
-0
-0
-0
-0
-0
-0
-0
-0
-0
-0
0
0
0
0
0
0
0
0
0
0
0
0
0
0
0
0
0
0
0
0
0
0
0
0
0
0
0
0
0
0
0
0
0
0
0
0
0
0
0
0
0
0
0
0
0
0
0
0
0
0
0
-0
-0
-0
-0
-0
-0
-0
-0
-0
-0
-0
-0
-0
-0
-0
-0
-0
-0
-0
-0
-0
-0
-0
-0
-0
-0
-0
-0
-0
-0
-0
-0
-0
-0
-0
-0
-0
-0
-0
-0
-0
-0
-0
-0
-0
-0
-0
-0
-0
0
0
0
0
0
0
0
0
0
0
0
0
0
0
0
0
0
0
0
0
0
0
0
0
0
0
0
0
0
0
0
0
0
0
0
0
0
0
0
0
0
0
0
0
0
0
0
0
0
0
-0
-0
-0
-0
-0
-0
-0
-0
-0
-0
-0
-0
-0
-0
-0
-0
-0
-0
-0
-0
-0
-0
-0
-0
-0
-0
-0
-0
-0
-0
-0
-0
-0
-0
-0
-0
-0
-0
-0
-0
-0
-0
-0
-0
-0
-0
-0
-0
-0
-0
-0
0
0
0
0
0
0
0
0
0
0
0
0
0
0
0
0
0
0
0
0
0
0
0
0
0
0
0
0
0
0
0
0
0
0
0
0
0
0
0
0
0
0
0
0
0
0
0
0
0
0
-0
-0
-0
-0
-0
-0
-0
-0
-0
-0
-0
-0
-0
-0
-0
-0
-0
-0
-0
-0
-0
-0
-0
-0
-0
-0
-0
-0
-0
-0
-0
-0
-0
-0
-0
-0
-0
-0
-0
-0
-0
-0
-0
-0
-0
-0
-0
-0
-0
-0
0
0
0
0
0
0
0
0
0
0
0
0
0
0
0
0
0
0
0
0
0
0
0
0
0
0
0
0
0
0
0
0
0
0
0
0
0
0
0
0
0
0
0
0
0
0
0
0
0
0
-0
-0
-0
-0
-0
-0
-0
-0
-0
-0
-0
-0
-0
-0
-0
-0
-0
-0
-0
-0
-0
-0
-0
-0
-0
-0
-0
-0
-0
-0
-0
-0
-0
-0
-0
-0
-0
-0
-0
-0
-0
-0
-0
-0
-0
-0
-0
-0
-0
0
0
0
0
0
0
0
0
0
0
0
0
0
0
0
0
0
0
0
0
0
0
0
0
0
0
0
0
0
0
0
0
0
0
0
0
0
0
0
0
0
0
0
0
0
0
0
0
0
0
0
-0
-0
-0
-0
-0
-0
-0
-0
-0
-0
-0
-0
-0
-0
-0
-0
-0
-0
-0
-0
-0
-0
-0
-0
-0
-0
-0
-0
-0
-0
-0
-0
-0
-0
-0
-0
-0
-0
-0
-0
-0
-0
-0
-0
-0
-0
-0
-0
-0
0
0
0
0
0
0
0
0
0
0
0
0
0
0
0
0
0
0
0
0
0
0
0
0
0
0
0
0
0
0
0
0
0
0
0
0
0
0
0
0
0
0
0
0
0
0
0
0
0
0
-0
-0
-0
-0
-0
-0
-0
-0
-0
-0
-0
-0
-0
-0
-0
-0
-0
-0
-0
-0
-0
-0
-0
-0
-0
-0
-0
-0
-0
-0
-0
-0
-0
-0
-0
-0
-0
-0
-0
-0
-0
-0
-0
-0
-0
-0
-0
-0
-0
-0
0
0
0
0
0
0
0
0
0
0
0
0
0
0
0
0
0
0
0
0
0
0
0
0
0
0
0
0
0
0
0
0
0
0
0
0
0
0
0
0
0
0
0
0
0
0
0
0
0
0
0
-0
-0
-0
-0
-0
-0
-0
-0
-0
-0
-0
-0
-0
-0
-0
-0
-0
-0
-0
-0
-0
-0
-0
-0
-0
-0
-0
-0
-0
-0
-0
-0
-0
-0
-0
-0
-0
-0
-0
-0
-0
-0
-0
-0
-0
-0
-0
-0
-0
0
0
0
0
0
0
0
0
0
0
0
0
0
0
0
0
0
0
0
0
0
0
0
0
0
0
0
0
0
0
0
0
0
0
0
0
0
0
0
0
0
0
0
0
0
0
0
0
0
0
-0
-0
-0
-0
-0
-0
-0
-0
-0
-0
-0
-0
-0
-0
-0
-0
-0
-0
-0
-0
-0
-0
-0
-0
-0
-0
-0
-0
-0
-0
-0
-0
-0
-0
-0
-0
-0
-0
-0
-0
-0
-0
-0
-0
-0
-0
-0
-0
-0
-0
0
0
0
0
0
0
0
0
0
0
0
0
0
0
0
0
0
0
0
0
0
0
0
0
0
0
0
0
0
0
0
0
0
0
0
0
0
0
0
0
0
0
0
0
0
0
0
0
0
0
-0
-0
-0
-0
-0
-0
-0
-0
-0
-0
-0
-0
-0
-0
-0
-0
-0
-0
-0
-0
-0
-0
-0
-0
-0
-0
-0
-0
-0
-0
-0
-0
-0
-0
-0
-0
-0
-0
-0
-0
-0
-0
-0
-0
-0
-0
-0
-0
-0
-0
0
0
0
0
0
0
0
0
0
0
0
0
0
0
0
0
0
0
0
0
0
0
0
0
0
0
0
0
0
0
0
0
0
0
0
0
0
0
0
0
0
0
0
0
0
0
0
0
0
0
0
-0
-0
-0
-0
-0
-0
-0
-0
-0
-0
-0
-0
-0
-0
-0
-0
-0
-0
-0
-0
-0
-0
-0
-0
-0
-0
-0
-0
-0
-0
-0
-0
-0
-0
-0
-0
-0
-0
-0
-0
-0
-0
-0
-0
-0
-0
-0
-0
-0
-0
0
0
0
0
0
0
0
0
0
0
0
0
0
0
0
0
0
0
0
0
0
0
0
0
0
0
0
0
0
0
0
0
0
0
0
0
0
0
0
0
0
0
0
0
0
0
0
0
0
0
-0
-0
-0
-0
-0
-0
-0
-0
-0
-0
-0
-0
-0
-0
-0
-0
-0
-0
-0
-0
-0
-0
-0
-0
-0
-0
-0
-0
-0
-0
-0
-0
-0
-0
-0
-0
-0
-0
-0
-0
-0
-0
-0
-0
-0
-0
-0
-0
-0
-0
0
0
0
0
0
0
0
0
0
0
0
0
0
0
0
0
0
0
0
0
0
0
0
0
0
0
0
0
0
0
0
0
0
0
0
0
0
0
0
0
0
0
0
0
0
0
0
0
0
0
-0
-0
-0
-0
-0
-0
-0
-0
-0
-0
-0
-0
-0
-0
-0
-0
-0
-0
-0
-0
-0
-0
-0
-0
-0
-0
-0
-0
-0
-0
-0
-0
-0
-0
-0
-0
-0
-0
-0
-0
-0
-0
-0
-0
-0
-0
-0
-0
-0
-0
0
0
0
0
0
0
0
0
0
0
0
0
0
0
0
0
0
0
0
0
0
0
0
0
0
0
0
0
0
0
0
0
0
0
0
0
0
0
0
0
0
0
0
0
0
0
0
0
0
0
-0
-0
-0
-0
-0
-0
-0
-0
-0
-0
-0
-0
-0
-0
-0
-0
-0
-0
-0
-0
-0
-0
-0
-0
-0
-0
-0
-0
-0
-0
-0
-0
-0
-0
-0
-0
-0
-0
-0
-0
-0
-0
-0
-0
-0
-0
-0
-0
-0
-0
0
0
0
0
0
0
0
0
0
0
0
0
0
0
0
0
0
0
0
0
0
0
0
0
0
0
0
0
0
0
0
0
0
0
0
0
0
0
0
0
0
0
0
0
0
0
0
0
0
-0
-0
-0
-0
-0
-0
-0
-0
-0
-0
-0
-0
-0
-0
-0
-0
-0
-0
-0
-0
-0
-0
-0
-0
-0
-0
-0
-0
-0
-0
-0
-0
-0
-0
-0
-0
-0
-0
-0
-0
-0
-0
-0
-0
-0
-0
-0
-0
-0
-0
-0
0
0
0
0
0
0
0
0
0
0
0
0
0
0
0
0
0
0
0
0
0
0
0
0
0
0
0
0
0
0
0
0
0
0
0
0
0
0
0
0
0
0
0
0
0
0
0
0
0
0
-2.5901e-09
-1.034e-08
-2.3188e-08
-4.1034e-08
-6.3735e-08
-9.1111e-08
-1.2294e-07
-1.5898e-07
-1.9893e-07
-2.4246e-07
-2.8923e-07
-3.3885e-07
-3.9091e-07
-4.4497e-07
-5.0058e-07
-5.5726e-07
-6.1451e-07
-6.7183e-07
-7.2871e-07
-7.8462e-07
-8.3904e-07
-8.9143e-07
-9.4127e-07
-9.8805e-07
-1.0313e-06
-1.0704e-06
-1.105e-06
-1.1345e-06
-1.1587e-06
-1.1769e-06
-1.189e-06
-1.1944e-06
-1.1929e-06
-1.1842e-06
-1.168e-06
-1.1442e-06
-1.1126e-06
-1.073e-06
-1.0255e-06
-9.6985e-07
-9.0622e-07
-8.3464e-07
-7.5523e-07
-6.6815e-07
-5.7361e-07
-4.7189e-07
-3.6329e-07
-2.4816e-07
-1.2692e-07
-3.2338e-20
1.321e-07
2.6884e-07
4.0966e-07
5.5396e-07
7.0108e-07
8.5037e-07
1.0011e-06
1.1526e-06
1.3041e-06
1.4548e-06
1.6039e-06
1.7507e-06
1.8944e-06
2.0342e-06
2.1692e-06
2.2987e-06
2.4219e-06
2.538e-06
2.6464e-06
2.7462e-06
2.8367e-06
2.9174e-06
2.9875e-06
3.0465e-06
3.0937e-06
3.1288e-06
3.1512e-06
3.1605e-06
3.1564e-06
3.1385e-06
3.1066e-06
3.0606e-06
3.0003e-06
2.9256e-06
2.8366e-06
2.7334e-06
2.6161e-06
2.4849e-06
2.3401e-06
2.1822e-06
2.0114e-06
1.8283e-06
1.6334e-06
1.4274e-06
1.211e-06
9.8481e-07
7.4976e-07
5.0666e-07
2.5642e-07
-8.0929e-21
-2.616e-07
-5.2734e-07
-7.9614e-07
-1.0669e-06
-1.3384e-06
-1.6096e-06
-1.8793e-06
-2.1462e-06
-2.4092e-06
-2.6671e-06
-2.9186e-06
-3.1626e-06
-3.3979e-06
-3.6233e-06
-3.8378e-06
-4.0401e-06
-4.2293e-06
-4.4042e-06
-4.564e-06
-4.7077e-06
-4.8344e-06
-4.9434e-06
-5.0337e-06
-5.1049e-06
-5.1562e-06
-5.1872e-06
-5.1974e-06
-5.1865e-06
-5.1541e-06
-5.1e-06
-5.0243e-06
-4.9268e-06
-4.8076e-06
-4.667e-06
-4.5052e-06
-4.3226e-06
-4.1196e-06
-3.8968e-06
-3.6548e-06
-3.3945e-06
-3.1165e-06
-2.8219e-06
-2.5116e-06
-2.1867e-06
-1.8483e-06
-1.4977e-06
-1.1362e-06
-7.6516e-07
-3.8593e-07
-5.4566e-20
3.9111e-07
7.8584e-07
1.1826e-06
1.5798e-06
1.9758e-06
2.3689e-06
2.7575e-06
3.1398e-06
3.5144e-06
3.8794e-06
4.2333e-06
4.5745e-06
4.9014e-06
5.2125e-06
5.5064e-06
5.7815e-06
6.0367e-06
6.2705e-06
6.4817e-06
6.6693e-06
6.8321e-06
6.9693e-06
7.08e-06
7.1633e-06
7.2188e-06
7.2457e-06
7.2437e-06
7.2124e-06
7.1518e-06
7.0616e-06
6.9419e-06
6.793e-06
6.615e-06
6.4084e-06
6.1738e-06
5.9118e-06
5.6231e-06
5.3087e-06
4.9695e-06
4.6068e-06
4.2216e-06
3.8155e-06
3.3897e-06
2.9459e-06
2.4857e-06
2.0107e-06
1.5227e-06
1.0237e-06
5.1543e-07
-7.2785e-20
-5.2061e-07
-1.0443e-06
-1.5691e-06
-2.0927e-06
-2.6131e-06
-3.1281e-06
-3.6356e-06
-4.1334e-06
-4.6195e-06
-5.0917e-06
-5.548e-06
-5.9864e-06
-6.4049e-06
-6.8017e-06
-7.175e-06
-7.523e-06
-7.844e-06
-8.1367e-06
-8.3994e-06
-8.6308e-06
-8.8298e-06
-8.9953e-06
-9.1262e-06
-9.2218e-06
-9.2813e-06
-9.3041e-06
-9.2899e-06
-9.2384e-06
-9.1495e-06
-9.0231e-06
-8.8596e-06
-8.6592e-06
-8.4224e-06
-8.1499e-06
-7.8424e-06
-7.5009e-06
-7.1266e-06
-6.7205e-06
-6.2842e-06
-5.8191e-06
-5.3268e-06
-4.8091e-06
-4.2679e-06
-3.7052e-06
-3.123e-06
-2.5236e-06
-1.9092e-06
-1.2822e-06
-6.4494e-07
-2.0194e-20
6.5012e-07
1.3028e-06
1.9556e-06
2.6056e-06
3.2505e-06
3.8874e-06
4.5138e-06
5.1271e-06
5.7246e-06
6.304e-06
6.8627e-06
7.3982e-06
7.9084e-06
8.3909e-06
8.8436e-06
9.2644e-06
9.6514e-06
1.0003e-05
1.0317e-05
1.0592e-05
1.0828e-05
1.1021e-05
1.1172e-05
1.128e-05
1.1344e-05
1.1363e-05
1.1336e-05
1.1264e-05
1.1147e-05
1.0985e-05
1.0777e-05
1.0525e-05
1.023e-05
9.8913e-06
9.511e-06
9.0901e-06
8.6301e-06
8.1324e-06
7.5989e-06
7.0314e-06
6.4319e-06
5.8027e-06
5.1461e-06
4.4644e-06
3.7604e-06
3.0365e-06
2.2957e-06
1.5407e-06
7.7444e-07
-1.9408e-19
-7.7962e-07
-1.5613e-06
-2.342e-06
-3.1186e-06
-3.8878e-06
-4.6467e-06
-5.392e-06
-6.1207e-06
-6.8298e-06
-7.5163e-06
-8.1774e-06
-8.8101e-06
-9.4119e-06
-9.9801e-06
-1.0512e-05
-1.1006e-05
-1.1459e-05
-1.1869e-05
-1.2235e-05
-1.2554e-05
-1.2825e-05
-1.3047e-05
-1.3219e-05
-1.3339e-05
-1.3406e-05
-1.3421e-05
-1.3382e-05
-1.329e-05
-1.3145e-05
-1.2946e-05
-1.2695e-05
-1.2392e-05
-1.2037e-05
-1.1633e-05
-1.118e-05
-1.0679e-05
-1.0134e-05
-9.5443e-06
-8.9136e-06
-8.2437e-06
-7.5371e-06
-6.7963e-06
-6.0242e-06
-5.2237e-06
-4.3977e-06
-3.5494e-06
-2.6821e-06
-1.7992e-06
-9.0395e-07
7.0777e-20
9.0913e-07
1.8198e-06
2.7285e-06
3.6315e-06
4.5252e-06
5.4059e-06
6.2701e-06
7.1143e-06
7.9349e-06
8.7286e-06
9.492e-06
1.0222e-05
1.0915e-05
1.1569e-05
1.2181e-05
1.2747e-05
1.3266e-05
1.3735e-05
1.4152e-05
1.4516e-05
1.4823e-05
1.5073e-05
1.5265e-05
1.5397e-05
1.5469e-05
1.5479e-05
1.5429e-05
1.5316e-05
1.5143e-05
1.4908e-05
1.4613e-05
1.4258e-05
1.3845e-05
1.3374e-05
1.2848e-05
1.2268e-05
1.1637e-05
1.0956e-05
1.0228e-05
9.456e-06
8.6422e-06
7.79e-06
6.9024e-06
5.9829e-06
5.035e-06
4.0623e-06
3.0686e-06
2.0577e-06
1.0335e-06
9.6992e-20
-1.0386e-06
-2.0783e-06
-3.115e-06
-4.1444e-06
-5.1625e-06
-6.1652e-06
-7.1483e-06
-8.1079e-06
-9.0401e-06
-9.9409e-06
-1.0807e-05
-1.1634e-05
-1.2419e-05
-1.3158e-05
-1.3849e-05
-1.4489e-05
-1.5074e-05
-1.5601e-05
-1.607e-05
-1.6477e-05
-1.6821e-05
-1.7099e-05
-1.7311e-05
-1.7455e-05
-1.7531e-05
-1.7538e-05
-1.7475e-05
-1.7342e-05
-1.714e-05
-1.6869e-05
-1.653e-05
-1.6124e-05
-1.5652e-05
-1.5116e-05
-1.4517e-05
-1.3858e-05
-1.3141e-05
-1.2368e-05
-1.1543e-05
-1.0668e-05
-9.7474e-06
-8.7836e-06
-7.7806e-06
-6.7422e-06
-5.6724e-06
-4.5753e-06
-3.4551e-06
-2.3162e-06
-1.163e-06
2.1835e-19
1.1681e-06
2.3368e-06
3.5015e-06
4.6573e-06
5.7999e-06
6.9244e-06
8.0265e-06
9.1015e-06
1.0145e-05
1.1153e-05
1.2121e-05
1.3046e-05
1.3922e-05
1.4748e-05
1.5518e-05
1.623e-05
1.6881e-05
1.7468e-05
1.7988e-05
1.8439e-05
1.8818e-05
1.9125e-05
1.9357e-05
1.9514e-05
1.9594e-05
1.9596e-05
1.9521e-05
1.9368e-05
1.9138e-05
1.8831e-05
1.8448e-05
1.799e-05
1.7459e-05
1.6857e-05
1.6185e-05
1.5447e-05
1.4644e-05
1.378e-05
1.2858e-05
1.1881e-05
1.0853e-05
9.7772e-06
8.6588e-06
7.5015e-06
6.3097e-06
5.0882e-06
3.8416e-06
2.5747e-06
1.2925e-06
-2.0217e-20
-1.2899e-06
-2.5695e-06
-3.8338e-06
-5.0779e-06
-6.297e-06
-7.4863e-06
-8.6412e-06
-9.7573e-06
-1.083e-05
-1.1856e-05
-1.2831e-05
-1.3752e-05
-1.4614e-05
-1.5415e-05
-1.6152e-05
-1.6822e-05
-1.7423e-05
-1.7953e-05
-1.841e-05
-1.8792e-05
-1.9098e-05
-1.9328e-05
-1.948e-05
-1.9555e-05
-1.9552e-05
-1.9473e-05
-1.9316e-05
-1.9085e-05
-1.8778e-05
-1.8399e-05
-1.7949e-05
-1.743e-05
-1.6845e-05
-1.6195e-05
-1.5485e-05
-1.4716e-05
-1.3892e-05
-1.3018e-05
-1.2095e-05
-1.1129e-05
-1.0123e-05
-9.0817e-06
-8.0089e-06
-6.9092e-06
-5.7871e-06
-4.6471e-06
-3.4937e-06
-2.3317e-06
-1.1655e-06
3.4493e-19
1.1604e-06
2.311e-06
3.4473e-06
4.565e-06
5.6596e-06
6.727e-06
7.763e-06
8.7637e-06
9.7253e-06
1.0644e-05
1.1517e-05
1.234e-05
1.3111e-05
1.3826e-05
1.4483e-05
1.5081e-05
1.5616e-05
1.6087e-05
1.6492e-05
1.683e-05
1.71e-05
1.7302e-05
1.7434e-05
1.7497e-05
1.749e-05
1.7414e-05
1.727e-05
1.7059e-05
1.6781e-05
1.6438e-05
1.6032e-05
1.5564e-05
1.5037e-05
1.4454e-05
1.3816e-05
1.3127e-05
1.2389e-05
1.1606e-05
1.078e-05
9.9167e-06
9.018e-06
8.088e-06
7.1307e-06
6.15e-06
5.1498e-06
4.1342e-06
3.1073e-06
2.0732e-06
1.036e-06
-1.2908e-19
-1.0309e-06
-2.0525e-06
-3.0609e-06
-4.0521e-06
-5.0223e-06
-5.9678e-06
-6.8849e-06
-7.7701e-06
-8.6201e-06
-9.4317e-06
-1.0202e-05
-1.0928e-05
-1.1607e-05
-1.2237e-05
-1.2815e-05
-1.3339e-05
-1.3808e-05
-1.422e-05
-1.4574e-05
-1.4869e-05
-1.5103e-05
-1.5276e-05
-1.5388e-05
-1.5438e-05
-1.5428e-05
-1.5356e-05
-1.5224e-05
-1.5033e-05
-1.4783e-05
-1.4476e-05
-1.4114e-05
-1.3698e-05
-1.323e-05
-1.2712e-05
-1.2147e-05
-1.1537e-05
-1.0885e-05
-1.0194e-05
-9.4657e-06
-8.7044e-06
-7.9128e-06
-7.0944e-06
-6.2526e-06
-5.3907e-06
-4.5124e-06
-3.6212e-06
-2.7208e-06
-1.8147e-06
-9.0654e-07
-4.2295e-20
9.0136e-07
1.794e-06
2.6744e-06
3.5392e-06
4.385e-06
5.2085e-06
6.0067e-06
6.7765e-06
7.515e-06
8.2194e-06
8.8873e-06
9.5161e-06
1.0104e-05
1.0648e-05
1.1146e-05
1.1598e-05
1.2001e-05
1.2354e-05
1.2657e-05
1.2907e-05
1.3105e-05
1.325e-05
1.3341e-05
1.338e-05
1.3365e-05
1.3297e-05
1.3178e-05
1.3007e-05
1.2785e-05
1.2515e-05
1.2196e-05
1.1832e-05
1.1423e-05
1.0971e-05
1.0479e-05
9.9483e-06
9.3818e-06
8.7819e-06
8.1511e-06
7.4921e-06
6.8077e-06
6.1008e-06
5.3744e-06
4.6315e-06
3.8751e-06
3.1083e-06
2.3343e-06
1.5562e-06
7.7703e-07
-1.8135e-19
-7.7185e-07
-1.5355e-06
-2.2879e-06
-3.0262e-06
-3.7476e-06
-4.4492e-06
-5.1285e-06
-5.7829e-06
-6.4098e-06
-7.0071e-06
-7.5726e-06
-8.1042e-06
-8.6e-06
-9.0583e-06
-9.4776e-06
-9.8565e-06
-1.0194e-05
-1.0488e-05
-1.0739e-05
-1.0945e-05
-1.1107e-05
-1.1224e-05
-1.1295e-05
-1.1321e-05
-1.1303e-05
-1.1239e-05
-1.1132e-05
-1.0981e-05
-1.0788e-05
-1.0553e-05
-1.0279e-05
-9.9655e-06
-9.6153e-06
-9.2296e-06
-8.8102e-06
-8.3591e-06
-7.8783e-06
-7.37e-06
-6.8364e-06
-6.2798e-06
-5.7025e-06
-5.1072e-06
-4.4962e-06
-3.8722e-06
-3.2377e-06
-2.5954e-06
-1.9478e-06
-1.2977e-06
-6.4753e-07
4.029e-20
6.4235e-07
1.277e-06
1.9015e-06
2.5133e-06
3.1103e-06
3.69e-06
4.2503e-06
4.7892e-06
5.3047e-06
5.7948e-06
6.2579e-06
6.6923e-06
7.0965e-06
7.4692e-06
7.809e-06
8.115e-06
8.3863e-06
8.6219e-06
8.8213e-06
8.9839e-06
9.1095e-06
9.1979e-06
9.249e-06
9.2629e-06
9.24e-06
9.1806e-06
9.0853e-06
8.9548e-06
8.7899e-06
8.5916e-06
8.361e-06
8.0993e-06
7.8079e-06
7.4881e-06
7.1416e-06
6.7699e-06
6.3748e-06
5.9581e-06
5.5217e-06
5.0674e-06
4.5974e-06
4.1136e-06
3.6181e-06
3.113e-06
2.6004e-06
2.0825e-06
1.5614e-06
1.0392e-06
5.1802e-07
-1.7701e-19
-5.1284e-07
-1.0185e-06
-1.515e-06
-2.0004e-06
-2.4729e-06
-2.9307e-06
-3.3722e-06
-3.7956e-06
-4.1995e-06
-4.5825e-06
-4.9432e-06
-5.2804e-06
-5.593e-06
-5.88e-06
-6.1404e-06
-6.3736e-06
-6.5789e-06
-6.7557e-06
-6.9036e-06
-7.0224e-06
-7.1118e-06
-7.1719e-06
-7.2028e-06
-7.2045e-06
-7.1775e-06
-7.1222e-06
-7.0391e-06
-6.9288e-06
-6.7922e-06
-6.6301e-06
-6.4434e-06
-6.2331e-06
-6.0005e-06
-5.7467e-06
-5.473e-06
-5.1807e-06
-4.8713e-06
-4.5462e-06
-4.207e-06
-3.8551e-06
-3.4923e-06
-3.12e-06
-2.7399e-06
-2.3537e-06
-1.963e-06
-1.5695e-06
-1.1749e-06
-7.8067e-07
-3.8852e-07
6.6276e-20
3.8334e-07
7.5999e-07
1.1285e-06
1.4875e-06
1.8356e-06
2.1715e-06
2.494e-06
2.802e-06
3.0944e-06
3.3702e-06
3.6285e-06
3.8685e-06
4.0895e-06
4.2908e-06
4.4718e-06
4.6322e-06
4.7715e-06
4.8895e-06
4.9859e-06
5.0608e-06
5.1141e-06
5.146e-06
5.1565e-06
5.1461e-06
5.115e-06
5.0637e-06
4.9928e-06
4.9028e-06
4.7945e-06
4.6685e-06
4.5257e-06
4.3669e-06
4.1931e-06
4.0053e-06
3.8044e-06
3.5916e-06
3.3678e-06
3.1344e-06
2.8923e-06
2.6428e-06
2.3871e-06
2.1263e-06
1.8617e-06
1.5944e-06
1.3257e-06
1.0566e-06
7.8841e-07
5.2217e-07
2.5901e-07
-1.0111e-23
-2.5383e-07
-5.0149e-07
-7.4203e-07
-9.7455e-07
-1.1982e-06
-1.4122e-06
-1.6158e-06
-1.8084e-06
-1.9893e-06
-2.1579e-06
-2.3138e-06
-2.4567e-06
-2.586e-06
-2.7016e-06
-2.8032e-06
-2.8908e-06
-2.9641e-06
-3.0233e-06
-3.0683e-06
-3.0993e-06
-3.1164e-06
-3.12e-06
-3.1103e-06
-3.0876e-06
-3.0525e-06
-3.0053e-06
-2.9466e-06
-2.8769e-06
-2.7968e-06
-2.7069e-06
-2.608e-06
-2.5007e-06
-2.3857e-06
-2.2639e-06
-2.1358e-06
-2.0024e-06
-1.8643e-06
-1.7225e-06
-1.5776e-06
-1.4305e-06
-1.282e-06
-1.1327e-06
-9.8355e-07
-8.3518e-07
-6.8834e-07
-5.437e-07
-4.0193e-07
-2.6367e-07
-1.2951e-07
3.5662e-20
1.2433e-07
2.4299e-07
3.5556e-07
4.6163e-07
5.6087e-07
6.5296e-07
7.3766e-07
8.1477e-07
8.8411e-07
9.456e-07
9.9916e-07
1.0448e-06
1.0825e-06
1.1124e-06
1.1346e-06
1.1493e-06
1.1567e-06
1.157e-06
1.1506e-06
1.1377e-06
1.1187e-06
1.094e-06
1.064e-06
1.0292e-06
9.9e-07
9.4688e-07
9.0034e-07
8.5091e-07
7.9908e-07
7.4539e-07
6.9036e-07
6.3451e-07
5.7836e-07
5.2243e-07
4.6721e-07
4.1319e-07
3.6084e-07
3.1061e-07
2.6294e-07
2.1822e-07
1.7682e-07
1.3911e-07
1.0538e-07
7.5926e-08
5.0988e-08
3.0775e-08
1.5459e-08
5.17e-09
0
0
-0
-0
-0
-0
-0
-0
-0
-0
-0
-0
-0
-0
-0
-0
-0
-0
-0
-0
-0
-0
-0
-0
-0
-0
-0
-0
-0
-0
-0
-0
-0
-0
-0
-0
-0
-0
-0
-0
-0
-0
-0
-0
-0
-0
-0
-0
-0
-0
-0
-0
0
0
0
0
0
0
0
0
0
0
0
0
0
0
0
0
0
0
0
0
0
0
0
0
0
0
0
0
0
0
0
0
0
0
0
0
0
0
0
0
0
0
0
0
0
0
0
0
0
0
-0
-0
-0
-0
-0
-0
-0
-0
-0
-0
-0
-0
-0
-0
-0
-0
-0
-0
-0
-0
-0
-0
-0
-0
-0
-0
-0
-0
-0
-0
-0
-0
-0
-0
-0
-0
-0
-0
-0
-0
-0
-0
-0
-0
-0
-0
-0
-0
-0
-0
0
0
0
0
0
0
0
0
0
0
0
0
0
0
0
0
0
0
0
0
0
0
0
0
0
0
0
0
0
0
0
0
0
0
0
0
0
0
0
0
0
0
0
0
0
0
0
0
0
0
-0
-0
-0
-0
-0
-0
-0
-0
-0
-0
-0
-0
-0
-0
-0
-0
-0
-0
-0
-0
-0
-0
-0
-0
-0
-0
-0
-0
-0
-0
-0
-0
-0
-0
-0
-0
-0
-0
-0
-0
-0
-0
-0
-0
-0
-0
-0
-0
-0
-0
0
0
0
0
0
0
0
0
0
0
0
0
0
0
0
0
0
0
0
0
0
0
0
0
0
0
0
0
0
0
0
0
0
0
0
0
0
0
0
0
0
0
0
0
0
0
0
0
0
0
-0
-0
-0
-0
-0
-0
-0
-0
-0
-0
-0
-0
-0
-0
-0
-0
-0
-0
-0
-0
-0
-0
-0
-0
-0
-0
-0
-0
-0
-0
-0
-0
-0
-0
-0
-0
-0
-0
-0
-0
-0
-0
-0
-0
-0
-0
-0
-0
-0
-0
0
0
0
0
0
0
0
0
0
0
0
0
0
0
0
0
0
0
0
0
0
0
0
0
0
0
0
0
0
0
0
0
0
0
0
0
0
0
0
0
0
0
0
0
0
0
0
0
0
0
-0
-0
-0
-0
-0
-0
-0
-0
-0
-0
-0
-0
-0
-0
-0
-0
-0
-0
-0
-0
-0
-0
-0
-0
-0
-0
-0
-0
-0
-0
-0
-0
-0
-0
-0
-0
-0
-0
-0
-0
-0
-0
-0
-0
-0
-0
-0
-0
-0
-0
0
0
0
0
0
0
0
0
0
0
0
0
0
0
0
0
0
0
0
0
0
0
0
0
0
0
0
0
0
0
0
0
0
0
0
0
0
0
0
0
0
0
0
0
0
0
0
0
0
0
-0
-0
-0
-0
-0
-0
-0
-0
-0
-0
-0
-0
-0
-0
-0
-0
-0
-0
-0
-0
-0
-0
-0
-0
-0
-0
-0
-0
-0
-0
-0
-0
-0
-0
-0
-0
-0
-0
-0
-0
-0
-0
-0
-0
-0
-0
-0
-0
-0
0
0
0
0
0
0
0
0
0
0
0
0
0
0
0
0
0
0
0
0
0
0
0
0
0
0
0
0
0
0
0
0
0
0
0
0
0
0
0
0
0
0
0
0
0
0
0
0
0
0
0
-0
-0
-0
-0
-0
-0
-0
-0
-0
-0
-0
-0
-0
-0
-0
-0
-0
-0
-0
-0
-0
-0
-0
-0
-0
-0
-0
-0
-0
-0
-0
-0
-0
-0
-0
-0
-0
-0
-0
-0
-0
-0
-0
-0
-0
-0
-0
-0
-0
-0
0
0
0
0
0
0
0
0
0
0
0
0
0
0
0
0
0
0
0
0
0
0
0
0
0
0
0
0
0
0
0
0
0
0
0
0
0
0
0
0
0
0
0
0
0
0
0
0
0
0
-0
-0
-0
-0
-0
-0
-0
-0
-0
-0
-0
-0
-0
-0
-0
-0
-0
-0
-0
-0
-0
-0
-0
-0
-0
-0
-0
-0
-0
-0
-0
-0
-0
-0
-0
-0
-0
-0
-0
-0
-0
-0
-0
-0
-0
-0
-0
-0
-0
-0
0
0
0
0
0
0
0
0
0
0
0
0
0
0
0
0
0
0
0
0
0
0
0
0
0
0
0
0
0
0
0
0
0
0
0
0
0
0
0
0
0
0
0
0
0
0
0
0
0
-0
-0
-0
-0
-0
-0
-0
-0
-0
-0
-0
-0
-0
-0
-0
-0
-0
-0
-0
-0
-0
-0
-0
-0
-0
-0
-0
-0
-0
-0
-0
-0
-0
-0
-0
-0
-0
-0
-0
-0
-0
-0
-0
-0
-0
-0
-0
-0
-0
-0
-0
0
0
0
0
0
0
0
0
0
0
0
0
0
0
0
0
0
0
0
0
0
0
0
0
0
0
0
0
0
0
0
0
0
0
0
0
0
0
0
0
0
0
0
0
0
0
0
0
0
0
-0
-0
-0
-0
-0
-0
-0
-0
-0
-0
-0
-0
-0
-0
-0
-0
-0
-0
-0
-0
-0
-0
-0
-0
-0
-0
-0
-0
-0
-0
-0
-0
-0
-0
-0
-0
-0
-0
-0
-0
-0
-0
-0
-0
-0
-0
-0
-0
-0
0
0
0
0
0
0
0
0
0
0
0
0
0
0
0
0
0
0
0
0
0
0
0
0
0
0
0
0
0
0
0
0
0
0
0
0
0
0
0
0
0
0
0
0
0
0
0
0
0
0
0
-0
-0
-0
-0
-0
-0
-0
-0
-0
-0
-0
-0
-0
-0
-0
-0
-0
-0
-0
-0
-0
-0
-0
-0
-0
-0
-0
-0
-0
-0
-0
-0
-0
-0
-0
-0
-0
-0
-0
-0
-0
-0
-0
-0
-0
-0
-0
-0
-0
-0
0
0
0
0
0
0
0
0
0
0
0
0
0
0
0
0
0
0
0
0
0
0
0
0
0
0
0
0
0
0
0
0
0
0
0
0
0
0
0
0
0
0
0
0
0
0
0
0
0
0
-0
-0
-0
-0
-0
-0
-0
-0
-0
-0
-0
-0
-0
-0
-0
-0
-0
-0
-0
-0
-0
-0
-0
-0
-0
-0
-0
-0
-0
-0
-0
-0
-0
-0
-0
-0
-0
-0
-0
-0
-0
-0
-0
-0
-0
-0
-0
-0
-0
0
0
0
0
0
0
0
0
0
0
0
0
0
0
0
0
0
0
0
0
0
0
0
0
0
0
0
0
0
0
0
0
0
0
0
0
0
0
0
0
0
0
0
0
0
0
0
0
0
0
-0
-0
-0
-0
-0
-0
-0
-0
-0
-0
-0
-0
-0
-0
-0
-0
-0
-0
-0
-0
-0
-0
-0
-0
-0
-0
-0
-0
-0
-0
-0
-0
-0
-0
-0
-0
-0
-0
-0
-0
-0
-0
-0
-0
-0
-0
-0
-0
-0
-0
-0
0
0
0
0
0
0
0
0
0
0
0
0
0
0
0
0
0
0
0
0
0
0
0
0
0
0
0
0
0
0
0
0
0
0
0
0
0
0
0
0
0
0
0
0
0
0
0
0
0
0
-0
-0
-0
-0
-0
-0
-0
-0
-0
-0
-0
-0
-0
-0
-0
-0
-0
-0
-0
-0
-0
-0
-0
-0
-0
-0
-0
-0
-0
-0
-0
-0
-0
-0
-0
-0
-0
-0
-0
-0
-0
-0
-0
-0
-0
-0
-0
-0
-0
0
0
0
0
0
0
0
0
0
0
0
0
0
0
0
0
0
0
0
0
0
0
0
0
0
0
0
0
0
0
0
0
0
0
0
0
0
0
0
0
0
0
0
0
0
0
0
0
0
0
-0
-0
-0
-0
-0
-0
-0
-0
-0
-0
-0
-0
-0
-0
-0
-0
-0
-0
-0
-0
-0
-0
-0
-0
-0
-0
-0
-0
-0
-0
-0
-0
-0
-0
-0
-0
-0
-0
-0
-0
-0
-0
-0
-0
-0
-0
-0
-0
-0
-0
0
0
0
0
0
0
0
0
0
0
0
0
0
0
0
0
0
0
0
0
0
0
0
0
0
0
0
0
0
0
0
0
0
0
0
0
0
0
0
0
0
0
0
0
0
0
0
0
0
0
0
-0
-0
-0
-0
-0
-0
-0
-0
-0
-0
-0
-0
-0
-0
-0
-0
-0
-0
-0
-0
-0
-0
-0
-0
-0
-0
-0
-0
-0
-0
-0
-0
-0
-0
-0
-0
-0
-0
-0
-0
-0
-0
-0
-0
-0
-0
-0
-0
-0
-0
0
0
0
0
0
0
0
0
0
0
0
0
0
0
0
0
0
0
0
0
0
0
0
0
0
0
0
0
0
0
0
0
0
0
0
0
0
0
0
0
0
0
0
0
0
0
0
0
0
-0
-0
-0
-0
-0
-0
-0
-0
-0
-0
-0
-0
-0
-0
-0
-0
-0
-0
-0
-0
-0
-0
-0
-0
-0
-0
-0
-0
-0
-0
-0
-0
-0
-0
-0
-0
-0
-0
-0
-0
-0
-0
-0
-0
-0
-0
-0
-0
-0
-0
0
0
0
0
0
0
0
0
0
0
0
0
0
0
0
0
0
0
0
0
0
0
0
0
0
0
0
0
0
0
0
0
0
0
0
0
0
0
0
0
0
0
0
0
0
0
0
0
0
0
-0
-0
-0
-0
-0
-0
-0
-0
-0
-0
-0
-0
-0
-0
-0
-0
-0
-0
-0
-0
-0
-0
-0
-0
-0
-0
-0
-0
-0
-0
-0
-0
-0
-0
-0
-0
-0
-0
-0
-0
-0
-0
-0
-0
-0
-0
-0
-0
-0
-0
-0
0
0
0
0
0
0
0
0
0
0
0
0
0
0
0
0
0
0
0
0
0
0
0
0
0
0
0
0
0
0
0
0
0
0
0
0
0
0
0
0
0
0
0
0
0
0
0
0
0
0
-0
-0
-0
-0
-0
-0
-0
-0
-0
-0
-0
-0
-0
-0
-0
-0
-0
-0
-0
-0
-0
-0
-0
-0
-0
-0
-0
-0
-0
-0
-0
-0
-0
-0
-0
-0
-0
-0
-0
-0
-0
-0
-0
-0
-0
-0
-0
-0
-0
0
0
0
0
0
0
0
0
0
0
0
0
0
0
0
0
0
0
0
0
0
0
0
0
0
0
0
0
0
0
0
0
0
0
0
0
0
0
0
0
0
0
0
0
0
0
0
0
0
0
-0
-0
-0
-0
-0
-0
-0
-0
-0
-0
-0
-0
-0
-0
-0
-0
-0
-0
-0
-0
-0
-0
-0
-0
-0
-0
-0
-0
-0
-0
-0
-0
-0
-0
-0
-0
-0
-0
-0
-0
-0
-0
-0
-0
-0
-0
-0
-0
-0
-0
0
0
0
0
0
0
0
0
0
0
0
0
0
0
0
0
0
0
0
0
0
0
0
0
0
0
0
0
0
0
0
0
0
0
0
0
0
0
0
0
0
0
0
0
0
0
0
0
0
0
-0
-0
-0
-0
-0
-0
-0
-0
-0
-0
-0
-0
-0
-0
-0
-0
-0
-0
-0
-0
-0
-0
-0
-0
-0
-0
-0
-0
-0
-0
-0
-0
-0
-0
-0
-0
-0
-0
-0
-0
-0
-0
-0
-0
-0
-0
-0
-0
-0
-0
-0
0
0
0
0
0
0
0
0
0
0
0
0
0
0
0
0
0
0
0
0
0
0
0
0
0
0
0
0
0
0
0
0
0
0
0
0
0
0
0
0
0
0
0
0
0
0
0
0
0
0
-0
-0
-0
-0
-0
-0
-0
-0
-0
-0
-0
-0
-0
-0
-0
-0
-0
-0
-0
-0
-0
-0
-0
-0
-0
-0
-0
-0
-0
-0
-0
-0
-0
-0
-0
-0
-0
-0
-0
-0
-0
-0
-0
-0
-0
-0
-0
-0
-0
-0
0
0
0
0
0
0
0
0
0
0
0
0
0
0
0
0
0
0
0
0
0
0
0
0
0
0
0
0
0
0
0
0
0
0
0
0
0
0
0
0
0
0
0
0
0
0
0
0
0
-0
-0
-0
-0
-0
-0
-0
-0
-0
-0
-0
-0
-0
-0
-0
-0
-0
-0
-0
-0
-0
-0
-0
-0
-0
-0
-0
-0
-0
-0
-0
-0
-0
-0
-0
-0
-0
-0
-0
-0
-0
-0
-0
-0
-0
-0
-0
-0
-0
-0
0
0
0
0
0
0
0
0
0
0
0
0
0
0
0
0
0
0
0
0
0
0
0
0
0
0
0
0
0
0
0
0
0
0
0
0
0
0
0
0
0
0
0
0
0
0
0
0
0
0
0
-0
-0
-0
-0
-0
-0
-0
-0
-0
-0
-0
-0
-0
-0
-0
-0
-0
-0
-0
-0
-0
-0
-0
-0
-0
-0
-0
-0
-0
-0
-0
-0
-0
-0
-0
-0
-0
-0
-0
-0
-0
-0
-0
-0
-0
-0
-0
-0
-0
-0
0
0
0
0
0
0
0
0
0
0
0
0
0
0
0
0
0
0
0
0
0
0
0
0
0
0
0
0
0
0
0
0
0
0
0
0
0
0
0
0
0
0
0
0
0
0
0
0
0
0
-0
-0
-0
-0
-0
-0
-0
-0
-0
-0
-0
-0
-0
-0
-0
-0
-0
-0
-0
-0
-0
-0
-0
-0
-0
-0
-0
-0
-0
-0
-0
-0
-0
-0
-0
-0
-0
-0
-0
-0
-0
-0
-0
-0
-0
-0
-0
-0
-0
0
0
0
0
0
0
0
0
0
0
0
0
0
0
0
0
0
0
0
0
0
0
0
0
0
0
0
0
0
0
0
0
0
0
0
0
0
0
0
0
0
0
0
0
0
0
0
0
0
0
-0
-0
-0
-0
-0
-0
-0
-0
-0
-0
-0
-0
-0
-0
-0
-0
-0
-0
-0
-0
-0
-0
-0
-0
-0
-0
-0
-0
-0
-0
-0
-0
-0
-0
-0
-0
-0
-0
-0
-0
-0
-0
-0
-0
-0
-0
-0
-0
-0
-0
-0
0
0
0
0
0
0
0
0
0
0
0
0
0
0
0
0
0
0
0
0
0
0
0
0
0
0
0
0
0
0
0
0
0
0
0
0
0
0
0
0
0
0
0
0
0
0
0
0
0
0
-0
-0
-0
-0
-0
-0
-0
-0
-0
-0
-0
-0
-0
-0
-0
-0
-0
-0
-0
-0
-0
-0
-0
-0
-0
-0
-0
-0
-0
-0
-0
-0
-0
-0
-0
-0
-0
-0
-0
-0
-0
-0
-0
-0
-0
-0
-0
-0
-0
-0
0
0
0
0
0
0
0
0
0
0
0
0
0
0
0
0
0
0
0
0
0
0
0
0
0
0
0
0
0
0
0
0
0
0
0
0
0
0
0
0
0
0
0
0
0
0
0
0
0
-0
-0
-0
-0
-0
-0
-0
-0
-0
-0
-0
-0
-0
-0
-0
-0
-0
-0
-0
-0
-0
-0
-0
-0
-0
-0
-0
-0
-0
-0
-0
-0
-0
-0
-0
-0
-0
-0
-0
-0
-0
-0
-0
-0
-0
-0
-0
-0
-0
-0
0
0
0
0
0
0
0
0
0
0
0
0
0
0
0
0
0
0
0
0
0
0
0
0
0
0
0
0
0
0
0
0
0
0
0
0
0
0
0
0
0
0
0
0
0
0
0
0
0
0
-0
-2.5901e-09
-1.034e-08
-2.3188e-08
-4.1034e-08
-6.3735e-08
-9.1111e-08
-1.2294e-07
-1.5898e-07
-1.9893e-07
-2.4246e-07
-2.8923e-07
-3.3885e-07
-3.9091e-07
-4.4497e-07
-5.0058e-07
-5.5726e-07
-6.1451e-07
-6.7183e-07
-7.2871e-07
-7.8462e-07
-8.3904e-07
-8.9143e-07
-9.4127e-07
-9.8805e-07
-1.0313e-06
-1.0704e-06
-1.105e-06
-1.1345e-06
-1.1587e-06
-1.1769e-06
-1.189e-06
-1.1944e-06
-1.1929e-06
-1.1842e-06
-1.168e-06
-1.1442e-06
-1.1126e-06
-1.073e-06
-1.0255e-06
-9.6985e-07
-9.0622e-07
-8.3464e-07
-7.5523e-07
-6.6815e-07
-5.7361e-07
-4.7189e-07
-3.6329e-07
-2.4816e-07
-1.2692e-07
-2.2225e-20
1.321e-07
2.6884e-07
4.0966e-07
5.5396e-07
7.0108e-07
8.5037e-07
1.0011e-06
1.1526e-06
1.3041e-06
1.4548e-06
1.6039e-06
1.7507e-06
1.8944e-06
2.0342e-06
2.1692e-06
2.2987e-06
2.4219e-06
2.538e-06
2.6464e-06
2.7462e-06
2.8367e-06
2.9174e-06
2.9875e-06
3.0465e-06
3.0937e-06
3.1288e-06
3.1512e-06
3.1605e-06
3.1564e-06
3.1385e-06
3.1066e-06
3.0606e-06
3.0003e-06
2.9256e-06
2.8366e-06
2.7334e-06
2.6161e-06
2.4849e-06
2.3401e-06
2.1822e-06
2.0114e-06
1.8283e-06
1.6334e-06
1.4274e-06
1.211e-06
9.8481e-07
7.4976e-07
5.0666e-07
2.5642e-07
-1.4556e-19
-2.616e-07
-5.2734e-07
-7.9614e-07
-1.0669e-06
-1.3384e-06
-1.6096e-06
-1.8793e-06
-2.1462e-06
-2.4092e-06
-2.6671e-06
-2.9186e-06
-3.1626e-06
-3.3979e-06
-3.6233e-06
-3.8378e-06
-4.0401e-06
-4.2293e-06
-4.4042e-06
-4.564e-06
-4.7077e-06
-4.8344e-06
-4.9434e-06
-5.0337e-06
-5.1049e-06
-5.1562e-06
-5.1872e-06
-5.1974e-06
-5.1865e-06
-5.1541e-06
-5.1e-06
-5.0243e-06
-4.9268e-06
-4.8076e-06
-4.667e-06
-4.5052e-06
-4.3226e-06
-4.1196e-06
-3.8968e-06
-3.6548e-06
-3.3945e-06
-3.1165e-06
-2.8219e-06
-2.5116e-06
-2.1867e-06
-1.8483e-06
-1.4977e-06
-1.1362e-06
-7.6516e-07
-3.8593e-07
1.5163e-19
3.9111e-07
7.8584e-07
1.1826e-06
1.5798e-06
1.9758e-06
2.3689e-06
2.7575e-06
3.1398e-06
3.5144e-06
3.8794e-06
4.2333e-06
4.5745e-06
4.9014e-06
5.2125e-06
5.5064e-06
5.7815e-06
6.0367e-06
6.2705e-06
6.4817e-06
6.6693e-06
6.8321e-06
6.9693e-06
7.08e-06
7.1633e-06
7.2188e-06
7.2457e-06
7.2437e-06
7.2124e-06
7.1518e-06
7.0616e-06
6.9419e-06
6.793e-06
6.615e-06
6.4084e-06
6.1738e-06
5.9118e-06
5.6231e-06
5.3087e-06
4.9695e-06
4.6068e-06
4.2216e-06
3.8155e-06
3.3897e-06
2.9459e-06
2.4857e-06
2.0107e-06
1.5227e-06
1.0237e-06
5.1543e-07
3.5572e-19
-5.2061e-07
-1.0443e-06
-1.5691e-06
-2.0927e-06
-2.6131e-06
-3.1281e-06
-3.6356e-06
-4.1334e-06
-4.6195e-06
-5.0917e-06
-5.548e-06
-5.9864e-06
-6.4049e-06
-6.8017e-06
-7.175e-06
-7.523e-06
-7.844e-06
-8.1367e-06
-8.3994e-06
-8.6308e-06
-8.8298e-06
-8.9953e-06
-9.1262e-06
-9.2218e-06
-9.2813e-06
-9.3041e-06
-9.2899e-06
-9.2384e-06
-9.1495e-06
-9.0231e-06
-8.8596e-06
-8.6592e-06
-8.4224e-06
-8.1499e-06
-7.8424e-06
-7.5009e-06
-7.1266e-06
-6.7205e-06
-6.2842e-06
-5.8191e-06
-5.3268e-06
-4.8091e-06
-4.2679e-06
-3.7052e-06
-3.123e-06
-2.5236e-06
-1.9092e-06
-1.2822e-06
-6.4494e-07
-5.5582e-19
6.5012e-07
1.3028e-06
1.9556e-06
2.6056e-06
3.2505e-06
3.8874e-06
4.5138e-06
5.1271e-06
5.7246e-06
6.304e-06
6.8627e-06
7.3982e-06
7.9084e-06
8.3909e-06
8.8436e-06
9.2644e-06
9.6514e-06
1.0003e-05
1.0317e-05
1.0592e-05
1.0828e-05
1.1021e-05
1.1172e-05
1.128e-05
1.1344e-05
1.1363e-05
1.1336e-05
1.1264e-05
1.1147e-05
1.0985e-05
1.0777e-05
1.0525e-05
1.023e-05
9.8913e-06
9.511e-06
9.0901e-06
8.6301e-06
8.1324e-06
7.5989e-06
7.0314e-06
6.4319e-06
5.8027e-06
5.1461e-06
4.4644e-06
3.7604e-06
3.0365e-06
2.2957e-06
1.5407e-06
7.7444e-07
8.004e-19
-7.7962e-07
-1.5613e-06
-2.342e-06
-3.1186e-06
-3.8878e-06
-4.6467e-06
-5.392e-06
-6.1207e-06
-6.8298e-06
-7.5163e-06
-8.1774e-06
-8.8101e-06
-9.4119e-06
-9.9801e-06
-1.0512e-05
-1.1006e-05
-1.1459e-05
-1.1869e-05
-1.2235e-05
-1.2554e-05
-1.2825e-05
-1.3047e-05
-1.3219e-05
-1.3339e-05
-1.3406e-05
-1.3421e-05
-1.3382e-05
-1.329e-05
-1.3145e-05
-1.2946e-05
-1.2695e-05
-1.2392e-05
-1.2037e-05
-1.1633e-05
-1.118e-05
-1.0679e-05
-1.0134e-05
-9.5443e-06
-8.9136e-06
-8.2437e-06
-7.5371e-06
-6.7963e-06
-6.0242e-06
-5.2237e-06
-4.3977e-06
-3.5494e-06
-2.6821e-06
-1.7992e-06
-9.0395e-07
-2.6877e-19
9.0913e-07
1.8198e-06
2.7285e-06
3.6315e-06
4.5252e-06
5.4059e-06
6.2701e-06
7.1143e-06
7.9349e-06
8.7286e-06
9.492e-06
1.0222e-05
1.0915e-05
1.1569e-05
1.2181e-05
1.2747e-05
1.3266e-05
1.3735e-05
1.4152e-05
1.4516e-05
1.4823e-05
1.5073e-05
1.5265e-05
1.5397e-05
1.5469e-05
1.5479e-05
1.5429e-05
1.5316e-05
1.5143e-05
1.4908e-05
1.4613e-05
1.4258e-05
1.3845e-05
1.3374e-05
1.2848e-05
1.2268e-05
1.1637e-05
1.0956e-05
1.0228e-05
9.456e-06
8.6422e-06
7.79e-06
6.9024e-06
5.9829e-06
5.035e-06
4.0623e-06
3.0686e-06
2.0577e-06
1.0335e-06
1.423e-18
-1.0386e-06
-2.0783e-06
-3.115e-06
-4.1444e-06
-5.1625e-06
-6.1652e-06
-7.1483e-06
-8.1079e-06
-9.0401e-06
-9.9409e-06
-1.0807e-05
-1.1634e-05
-1.2419e-05
-1.3158e-05
-1.3849e-05
-1.4489e-05
-1.5074e-05
-1.5601e-05
-1.607e-05
-1.6477e-05
-1.6821e-05
-1.7099e-05
-1.7311e-05
-1.7455e-05
-1.7531e-05
-1.7538e-05
-1.7475e-05
-1.7342e-05
-1.714e-05
-1.6869e-05
-1.653e-05
-1.6124e-05
-1.5652e-05
-1.5116e-05
-1.4517e-05
-1.3858e-05
-1.3141e-05
-1.2368e-05
-1.1543e-05
-1.0668e-05
-9.7474e-06
-8.7836e-06
-7.7806e-06
-6.7422e-06
-5.6724e-06
-4.5753e-06
-3.4551e-06
-2.3162e-06
-1.163e-06
-7.4579e-19
1.1681e-06
2.3368e-06
3.5015e-06
4.6573e-06
5.7999e-06
6.9244e-06
8.0265e-06
9.1015e-06
1.0145e-05
1.1153e-05
1.2121e-05
1.3046e-05
1.3922e-05
1.4748e-05
1.5518e-05
1.623e-05
1.6881e-05
1.7468e-05
1.7988e-05
1.8439e-05
1.8818e-05
1.9125e-05
1.9357e-05
1.9514e-05
1.9594e-05
1.9596e-05
1.9521e-05
1.9368e-05
1.9138e-05
1.8831e-05
1.8448e-05
1.799e-05
1.7459e-05
1.6857e-05
1.6185e-05
1.5447e-05
1.4644e-05
1.378e-05
1.2858e-05
1.1881e-05
1.0853e-05
9.7772e-06
8.6588e-06
7.5015e-06
6.3097e-06
5.0882e-06
3.8416e-06
2.5747e-06
1.2925e-06
1.0489e-18
-1.2899e-06
-2.5695e-06
-3.8338e-06
-5.0779e-06
-6.297e-06
-7.4863e-06
-8.6412e-06
-9.7573e-06
-1.083e-05
-1.1856e-05
-1.2831e-05
-1.3752e-05
-1.4614e-05
-1.5415e-05
-1.6152e-05
-1.6822e-05
-1.7423e-05
-1.7953e-05
-1.841e-05
-1.8792e-05
-1.9098e-05
-1.9328e-05
-1.948e-05
-1.9555e-05
-1.9552e-05
-1.9473e-05
-1.9316e-05
-1.9085e-05
-1.8778e-05
-1.8399e-05
-1.7949e-05
-1.743e-05
-1.6845e-05
-1.6195e-05
-1.5485e-05
-1.4716e-05
-1.3892e-05
-1.3018e-05
-1.2095e-05
-1.1129e-05
-1.0123e-05
-9.0817e-06
-8.0089e-06
-6.9092e-06
-5.7871e-06
-4.6471e-06
-3.4937e-06
-2.3317e-06
-1.1655e-06
-1.1435e-18
1.1604e-06
2.311e-06
3.4473e-06
4.565e-06
5.6596e-06
6.727e-06
7.763e-06
8.7637e-06
9.7253e-06
1.0644e-05
1.1517e-05
1.234e-05
1.3111e-05
1.3826e-05
1.4483e-05
1.5081e-05
1.5616e-05
1.6087e-05
1.6492e-05
1.683e-05
1.71e-05
1.7302e-05
1.7434e-05
1.7497e-05
1.749e-05
1.7414e-05
1.727e-05
1.7059e-05
1.6781e-05
1.6438e-05
1.6032e-05
1.5564e-05
1.5037e-05
1.4454e-05
1.3816e-05
1.3127e-05
1.2389e-05
1.1606e-05
1.078e-05
9.9167e-06
9.018e-06
8.088e-06
7.1307e-06
6.15e-06
5.1498e-06
4.1342e-06
3.1073e-06
2.0732e-06
1.036e-06
2.58e-19
-1.0309e-06
-2.0525e-06
-3.0609e-06
-4.0521e-06
-5.0223e-06
-5.9678e-06
-6.8849e-06
-7.7701e-06
-8.6201e-06
-9.4317e-06
-1.0202e-05
-1.0928e-05
-1.1607e-05
-1.2237e-05
-1.2815e-05
-1.3339e-05
-1.3808e-05
-1.422e-05
-1.4574e-05
-1.4869e-05
-1.5103e-05
-1.5276e-05
-1.5388e-05
-1.5438e-05
-1.5428e-05
-1.5356e-05
-1.5224e-05
-1.5033e-05
-1.4783e-05
-1.4476e-05
-1.4114e-05
-1.3698e-05
-1.323e-05
-1.2712e-05
-1.2147e-05
-1.1537e-05
-1.0885e-05
-1.0194e-05
-9.4657e-06
-8.7044e-06
-7.9128e-06
-7.0944e-06
-6.2526e-06
-5.3907e-06
-4.5124e-06
-3.6212e-06
-2.7208e-06
-1.8147e-06
-9.0654e-07
-1.1992e-18
9.0136e-07
1.794e-06
2.6744e-06
3.5392e-06
4.385e-06
5.2085e-06
6.0067e-06
6.7765e-06
7.515e-06
8.2194e-06
8.8873e-06
9.5161e-06
1.0104e-05
1.0648e-05
1.1146e-05
1.1598e-05
1.2001e-05
1.2354e-05
1.2657e-05
1.2907e-05
1.3105e-05
1.325e-05
1.3341e-05
1.338e-05
1.3365e-05
1.3297e-05
1.3178e-05
1.3007e-05
1.2785e-05
1.2515e-05
1.2196e-05
1.1832e-05
1.1423e-05
1.0971e-05
1.0479e-05
9.9483e-06
9.3818e-06
8.7819e-06
8.1511e-06
7.4921e-06
6.8077e-06
6.1008e-06
5.3744e-06
4.6315e-06
3.8751e-06
3.1083e-06
2.3343e-06
1.5562e-06
7.7703e-07
4.5927e-19
-7.7185e-07
-1.5355e-06
-2.2879e-06
-3.0262e-06
-3.7476e-06
-4.4492e-06
-5.1285e-06
-5.7829e-06
-6.4098e-06
-7.0071e-06
-7.5726e-06
-8.1042e-06
-8.6e-06
-9.0583e-06
-9.4776e-06
-9.8565e-06
-1.0194e-05
-1.0488e-05
-1.0739e-05
-1.0945e-05
-1.1107e-05
-1.1224e-05
-1.1295e-05
-1.1321e-05
-1.1303e-05
-1.1239e-05
-1.1132e-05
-1.0981e-05
-1.0788e-05
-1.0553e-05
-1.0279e-05
-9.9655e-06
-9.6153e-06
-9.2296e-06
-8.8102e-06
-8.3591e-06
-7.8783e-06
-7.37e-06
-6.8364e-06
-6.2798e-06
-5.7025e-06
-5.1072e-06
-4.4962e-06
-3.8722e-06
-3.2377e-06
-2.5954e-06
-1.9478e-06
-1.2977e-06
-6.4753e-07
-4.932e-19
6.4235e-07
1.277e-06
1.9015e-06
2.5133e-06
3.1103e-06
3.69e-06
4.2503e-06
4.7892e-06
5.3047e-06
5.7948e-06
6.2579e-06
6.6923e-06
7.0965e-06
7.4692e-06
7.809e-06
8.115e-06
8.3863e-06
8.6219e-06
8.8213e-06
8.9839e-06
9.1095e-06
9.1979e-06
9.249e-06
9.2629e-06
9.24e-06
9.1806e-06
9.0853e-06
8.9548e-06
8.7899e-06
8.5916e-06
8.361e-06
8.0993e-06
7.8079e-06
7.4881e-06
7.1416e-06
6.7699e-06
6.3748e-06
5.9581e-06
5.5217e-06
5.0674e-06
4.5974e-06
4.1136e-06
3.6181e-06
3.113e-06
2.6004e-06
2.0825e-06
1.5614e-06
1.0392e-06
5.1802e-07
4.8266e-19
-5.1284e-07
-1.0185e-06
-1.515e-06
-2.0004e-06
-2.4729e-06
-2.9307e-06
-3.3722e-06
-3.7956e-06
-4.1995e-06
-4.5825e-06
-4.9432e-06
-5.2804e-06
-5.593e-06
-5.88e-06
-6.1404e-06
-6.3736e-06
-6.5789e-06
-6.7557e-06
-6.9036e-06
-7.0224e-06
-7.1118e-06
-7.1719e-06
-7.2028e-06
-7.2045e-06
-7.1775e-06
-7.1222e-06
-7.0391e-06
-6.9288e-06
-6.7922e-06
-6.6301e-06
-6.4434e-06
-6.2331e-06
-6.0005e-06
-5.7467e-06
-5.473e-06
-5.1807e-06
-4.8713e-06
-4.5462e-06
-4.207e-06
-3.8551e-06
-3.4923e-06
-3.12e-06
-2.7399e-06
-2.3537e-06
-1.963e-06
-1.5695e-06
-1.1749e-06
-7.8067e-07
-3.8852e-07
-7.8273e-20
3.8334e-07
7.5999e-07
1.1285e-06
1.4875e-06
1.8356e-06
2.1715e-06
2.494e-06
2.802e-06
3.0944e-06
3.3702e-06
3.6285e-06
3.8685e-06
4.0895e-06
4.2908e-06
4.4718e-06
4.6322e-06
4.7715e-06
4.8895e-06
4.9859e-06
5.0608e-06
5.1141e-06
5.146e-06
5.1565e-06
5.1461e-06
5.115e-06
5.0637e-06
4.9928e-06
4.9028e-06
4.7945e-06
4.6685e-06
4.5257e-06
4.3669e-06
4.1931e-06
4.0053e-06
3.8044e-06
3.5916e-06
3.3678e-06
3.1344e-06
2.8923e-06
2.6428e-06
2.3871e-06
2.1263e-06
1.8617e-06
1.5944e-06
1.3257e-06
1.0566e-06
7.8841e-07
5.2217e-07
2.5901e-07
3.2817e-19
-2.5383e-07
-5.0149e-07
-7.4203e-07
-9.7455e-07
-1.1982e-06
-1.4122e-06
-1.6158e-06
-1.8084e-06
-1.9893e-06
-2.1579e-06
-2.3138e-06
-2.4567e-06
-2.586e-06
-2.7016e-06
-2.8032e-06
-2.8908e-06
-2.9641e-06
-3.0233e-06
-3.0683e-06
-3.0993e-06
-3.1164e-06
-3.12e-06
-3.1103e-06
-3.0876e-06
-3.0525e-06
-3.0053e-06
-2.9466e-06
-2.8769e-06
-2.7968e-06
-2.7069e-06
-2.608e-06
-2.5007e-06
-2.3857e-06
-2.2639e-06
-2.1358e-06
-2.0024e-06
-1.8643e-06
-1.7225e-06
-1.5776e-06
-1.4305e-06
-1.282e-06
-1.1327e-06
-9.8355e-07
-8.3518e-07
-6.8834e-07
-5.437e-07
-4.0193e-07
-2.6367e-07
-1.2951e-07
-6.9321e-20
1.2433e-07
2.4299e-07
3.5556e-07
4.6163e-07
5.6087e-07
6.5296e-07
7.3766e-07
8.1477e-07
8.8411e-07
9.456e-07
9.9916e-07
1.0448e-06
1.0825e-06
1.1124e-06
1.1346e-06
1.1493e-06
1.1567e-06
1.157e-06
1.1506e-06
1.1377e-06
1.1187e-06
1.094e-06
1.064e-06
1.0292e-06
9.9e-07
9.4688e-07
9.0034e-07
8.5091e-07
7.9908e-07
7.4539e-07
6.9036e-07
6.3451e-07
5.7836e-07
5.2243e-07
4.6721e-07
4.1319e-07
3.6084e-07
3.1061e-07
2.6294e-07
2.1822e-07
1.7682e-07
1.3911e-07
1.0538e-07
7.5926e-08
5.0988e-08
3.0775e-08
1.5459e-08
5.17e-09
0
0
-0
-0
-0
-0
-0
-0
-0
-0
-0
-0
-0
-0
-0
-0
-0
-0
-0
-0
-0
-0
-0
-0
-0
-0
-0
-0
-0
-0
-0
-0
-0
-0
-0
-0
-0
-0
-0
-0
-0
-0
-0
-0
-0
-0
-0
-0
-0
-0
-0
-0
0
0
0
0
0
0
0
0
0
0
0
0
0
0
0
0
0
0
0
0
0
0
0
0
0
0
0
0
0
0
0
0
0
0
0
0
0
0
0
0
0
0
0
0
0
0
0
0
0
0
-0
-0
-0
-0
-0
-0
-0
-0
-0
-0
-0
-0
-0
-0
-0
-0
-0
-0
-0
-0
-0
-0
-0
-0
-0
-0
-0
-0
-0
-0
-0
-0
-0
-0
-0
-0
-0
-0
-0
-0
-0
-0
-0
-0
-0
-0
-0
-0
-0
-0
0
0
0
0
0
0
0
0
0
0
0
0
0
0
0
0
0
0
0
0
0
0
0
0
0
0
0
0
0
0
0
0
0
0
0
0
0
0
0
0
0
0
0
0
0
0
0
0
0
0
-0
-0
-0
-0
-0
-0
-0
-0
-0
-0
-0
-0
-0
-0
-0
-0
-0
-0
-0
-0
-0
-0
-0
-0
-0
-0
-0
-0
-0
-0
-0
-0
-0
-0
-0
-0
-0
-0
-0
-0
-0
-0
-0
-0
-0
-0
-0
-0
-0
-0
0
0
0
0
0
0
0
0
0
0
0
0
0
0
0
0
0
0
0
0
0
0
0
0
0
0
0
0
0
0
0
0
0
0
0
0
0
0
0
0
0
0
0
0
0
0
0
0
0
0
-0
-0
-0
-0
-0
-0
-0
-0
-0
-0
-0
-0
-0
-0
-0
-0
-0
-0
-0
-0
-0
-0
-0
-0
-0
-0
-0
-0
-0
-0
-0
-0
-0
-0
-0
-0
-0
-0
-0
-0
-0
-0
-0
-0
-0
-0
-0
-0
-0
-0
0
0
0
0
0
0
0
0
0
0
0
0
0
0
0
0
0
0
0
0
0
0
0
0
0
0
0
0
0
0
0
0
0
0
0
0
0
0
0
0
0
0
0
0
0
0
0
0
0
0
-0
-0
-0
-0
-0
-0
-0
-0
-0
-0
-0
-0
-0
-0
-0
-0
-0
-0
-0
-0
-0
-0
-0
-0
-0
-0
-0
-0
-0
-0
-0
-0
-0
-0
-0
-0
-0
-0
-0
-0
-0
-0
-0
-0
-0
-0
-0
-0
-0
-0
0
0
0
0
0
0
0
0
0
0
0
0
0
0
0
0
0
0
0
0
0
0
0
0
0
0
0
0
0
0
0
0
0
0
0
0
0
0
0
0
0
0
0
0
0
0
0
0
0
0
-0
-0
-0
-0
-0
-0
-0
-0
-0
-0
-0
-0
-0
-0
-0
-0
-0
-0
-0
-0
-0
-0
-0
-0
-0
-0
-0
-0
-0
-0
-0
-0
-0
-0
-0
-0
-0
-0
-0
-0
-0
-0
-0
-0
-0
-0
-0
-0
-0
-0
0
0
0
0
0
0
0
0
0
0
0
0
0
0
0
0
0
0
0
0
0
0
0
0
0
0
0
0
0
0
0
0
0
0
0
0
0
0
0
0
0
0
0
0
0
0
0
0
0
0
-0
-0
-0
-0
-0
-0
-0
-0
-0
-0
-0
-0
-0
-0
-0
-0
-0
-0
-0
-0
-0
-0
-0
-0
-0
-0
-0
-0
-0
-0
-0
-0
-0
-0
-0
-0
-0
-0
-0
-0
-0
-0
-0
-0
-0
-0
-0
-0
-0
-0
0
0
0
0
0
0
0
0
0
0
0
0
0
0
0
0
0
0
0
0
0
0
0
0
0
0
0
0
0
0
0
0
0
0
0
0
0
0
0
0
0
0
0
0
0
0
0
0
0
0
-0
-0
-0
-0
-0
-0
-0
-0
-0
-0
-0
-0
-0
-0
-0
-0
-0
-0
-0
-0
-0
-0
-0
-0
-0
-0
-0
-0
-0
-0
-0
-0
-0
-0
-0
-0
-0
-0
-0
-0
-0
-0
-0
-0
-0
-0
-0
-0
-0
-0
0
0
0
0
0
0
0
0
0
0
0
0
0
0
0
0
0
0
0
0
0
0
0
0
0
0
0
0
0
0
0
0
0
0
0
0
0
0
0
0
0
0
0
0
0
0
0
0
0
0
-0
-0
-0
-0
-0
-0
-0
-0
-0
-0
-0
-0
-0
-0
-0
-0
-0
-0
-0
-0
-0
-0
-0
-0
-0
-0
-0
-0
-0
-0
-0
-0
-0
-0
-0
-0
-0
-0
-0
-0
-0
-0
-0
-0
-0
-0
-0
-0
-0
-0
0
0
0
0
0
0
0
0
0
0
0
0
0
0
0
0
0
0
0
0
0
0
0
0
0
0
0
0
0
0
0
0
0
0
0
0
0
0
0
0
0
0
0
0
0
0
0
0
0
0
-0
-0
-0
-0
-0
-0
-0
-0
-0
-0
-0
-0
-0
-0
-0
-0
-0
-0
-0
-0
-0
-0
-0
-0
-0
-0
-0
-0
-0
-0
-0
-0
-0
-0
-0
-0
-0
-0
-0
-0
-0
-0
-0
-0
-0
-0
-0
-0
-0
-0
0
0
0
0
0
0
0
0
0
0
0
0
0
0
0
0
0
0
0
0
0
0
0
0
0
0
0
0
0
0
0
0
0
0
0
0
0
0
0
0
0
0
0
0
0
0
0
0
0
0
-0
-0
-0
-0
-0
-0
-0
-0
-0
-0
-0
-0
-0
-0
-0
-0
-0
-0
-0
-0
-0
-0
-0
-0
-0
-0
-0
-0
-0
-0
-0
-0
-0
-0
-0
-0
-0
-0
-0
-0
-0
-0
-0
-0
-0
-0
-0
-0
-0
-0
0
0
0
0
0
0
0
0
0
0
0
0
0
0
0
0
0
0
0
0
0
0
0
0
0
0
0
0
0
0
0
0
0
0
0
0
0
0
0
0
0
0
0
0
0
0
0
0
0
-0
-0
-0
-0
-0
-0
-0
-0
-0
-0
-0
-0
-0
-0
-0
-0
-0
-0
-0
-0
-0
-0
-0
-0
-0
-0
-0
-0
-0
-0
-0
-0
-0
-0
-0
-0
-0
-0
-0
-0
-0
-0
-0
-0
-0
-0
-0
-0
-0
-0
-0
0
0
0
0
0
0
0
0
0
0
0
0
0
0
0
0
0
0
0
0
0
0
0
0
0
0
0
0
0
0
0
0
0
0
0
0
0
0
0
0
0
0
0
0
0
0
0
0
0
0
-0
-0
-0
-0
-0
-0
-0
-0
-0
-0
-0
-0
-0
-0
-0
-0
-0
-0
-0
-0
-0
-0
-0
-0
-0
-0
-0
-0
-0
-0
-0
-0
-0
-0
-0
-0
-0
-0
-0
-0
-0
-0
-0
-0
-0
-0
-0
-0
-0
0
0
0
0
0
0
0
0
0
0
0
0
0
0
0
0
0
0
0
0
0
0
0
0
0
0
0
0
0
0
0
0
0
0
0
0
0
0
0
0
0
0
0
0
0
0
0
0
0
0
0
-0
-0
-0
-0
-0
-0
-0
-0
-0
-0
-0
-0
-0
-0
-0
-0
-0
-0
-0
-0
-0
-0
-0
-0
-0
-0
-0
-0
-0
-0
-0
-0
-0
-0
-0
-0
-0
-0
-0
-0
-0
-0
-0
-0
-0
-0
-0
-0
-0
-0
0
0
0
0
0
0
0
0
0
0
0
0
0
0
0
0
0
0
0
0
0
0
0
0
0
0
0
0
0
0
0
0
0
0
0
0
0
0
0
0
0
0
0
0
0
0
0
0
0
0
-0
-0
-0
-0
-0
-0
-0
-0
-0
-0
-0
-0
-0
-0
-0
-0
-0
-0
-0
-0
-0
-0
-0
-0
-0
-0
-0
-0
-0
-0
-0
-0
-0
-0
-0
-0
-0
-0
-0
-0
-0
-0
-0
-0
-0
-0
-0
-0
-0
-0
0
0
0
0
0
0
0
0
0
0
0
0
0
0
0
0
0
0
0
0
0
0
0
0
0
0
0
0
0
0
0
0
0
0
0
0
0
0
0
0
0
0
0
0
0
0
0
0
0
-0
-0
-0
-0
-0
-0
-0
-0
-0
-0
-0
-0
-0
-0
-0
-0
-0
-0
-0
-0
-0
-0
-0
-0
-0
-0
-0
-0
-0
-0
-0
-0
-0
-0
-0
-0
-0
-0
-0
-0
-0
-0
-0
-0
-0
-0
-0
-0
-0
-0
-0
0
0
0
0
0
0
0
0
0
0
0
0
0
0
0
0
0
0
0
0
0
0
0
0
0
0
0
0
0
0
0
0
0
0
0
0
0
0
0
0
0
0
0
0
0
0
0
0
0
-0
-0
-0
-0
-0
-0
-0
-0
-0
-0
-0
-0
-0
-0
-0
-0
-0
-0
-0
-0
-0
-0
-0
-0
-0
-0
-0
-0
-0
-0
-0
-0
-0
-0
-0
-0
-0
-0
-0
-0
-0
-0
-0
-0
-0
-0
-0
-0
-0
-0
-0
0
0
0
0
0
0
0
0
0
0
0
0
0
0
0
0
0
0
0
0
0
0
0
0
0
0
0
0
0
0
0
0
0
0
0
0
0
0
0
0
0
0
0
0
0
0
0
0
0
0
-0
-0
-0
-0
-0
-0
-0
-0
-0
-0
-0
-0
-0
-0
-0
-0
-0
-0
-0
-0
-0
-0
-0
-0
-0
-0
-0
-0
-0
-0
-0
-0
-0
-0
-0
-0
-0
-0
-0
-0
-0
-0
-0
-0
-0
-0
-0
-0
-0
-0
0
0
0
0
0
0
0
0
0
0
0
0
0
0
0
0
0
0
0
0
0
0
0
0
0
0
0
0
0
0
0
0
0
0
0
0
0
0
0
0
0
0
0
0
0
0
0
0
0
0
-0
-0
-0
-0
-0
-0
-0
-0
-0
-0
-0
-0
-0
-0
-0
-0
-0
-0
-0
-0
-0
-0
-0
-0
-0
-0
-0
-0
-0
-0
-0
-0
-0
-0
-0
-0
-0
-0
-0
-0
-0
-0
-0
-0
-0
-0
-0
-0
-0
-0
0
0
0
0
0
0
0
0
0
0
0
0
0
0
0
0
0
0
0
0
0
0
0
0
0
0
0
0
0
0
0
0
0
0
0
0
0
0
0
0
0
0
0
0
0
0
0
0
0
0
-0
-0
-0
-0
-0
-0
-0
-0
-0
-0
-0
-0
-0
-0
-0
-0
-0
-0
-0
-0
-0
-0
-0
-0
-0
-0
-0
-0
-0
-0
-0
-0
-0
-0
-0
-0
-0
-0
-0
-0
-0
-0
-0
-0
-0
-0
-0
-0
-0
-0
0
0
0
0
0
0
0
0
0
0
0
0
0
0
0
0
0
0
0
0
0
0
0
0
0
0
0
0
0
0
0
0
0
0
0
0
0
0
0
0
0
0
0
0
0
0
0
0
0
-0
-0
-0
-0
-0
-0
-0
-0
-0
-0
-0
-0
-0
-0
-0
-0
-0
-0
-0
-0
-0
-0
-0
-0
-0
-0
-0
-0
-0
-0
-0
-0
-0
-0
-0
-0
-0
-0
-0
-0
-0
-0
-0
-0
-0
-0
-0
-0
-0
-0
-0
0
0
0
0
0
0
0
0
0
0
0
0
0
0
0
0
0
0
0
0
0
0
0
0
0
0
0
0
0
0
0
0
0
0
0
0
0
0
0
0
0
0
0
0
0
0
0
0
0
-0
-0
-0
-0
-0
-0
-0
-0
-0
-0
-0
-0
-0
-0
-0
-0
-0
-0
-0
-0
-0
-0
-0
-0
-0
-0
-0
-0
-0
-0
-0
-0
-0
-0
-0
-0
-0
-0
-0
-0
-0
-0
-0
-0
-0
-0
-0
-0
-0
-0
-0
0
0
0
0
0
0
0
0
0
0
0
0
0
0
0
0
0
0
0
0
0
0
0
0
0
0
0
0
0
0
0
0
0
0
0
0
0
0
0
0
0
0
0
0
0
0
0
0
0
0
-0
-0
-0
-0
-0
-0
-0
-0
-0
-0
-0
-0
-0
-0
-0
-0
-0
-0
-0
-0
-0
-0
-0
-0
-0
-0
-0
-0
-0
-0
-0
-0
-0
-0
-0
-0
-0
-0
-0
-0
-0
-0
-0
-0
-0
-0
-0
-0
-0
-0
0
0
0
0
0
0
0
0
0
0
0
0
0
0
0
0
0
0
0
0
0
0
0
0
0
0
0
0
0
0
0
0
0
0
0
0
0
0
0
0
0
0
0
0
0
0
0
0
0
0
-0
-0
-0
-0
-0
-0
-0
-0
-0
-0
-0
-0
-0
-0
-0
-0
-0
-0
-0
-0
-0
-0
-0
-0
-0
-0
-0
-0
-0
-0
-0
-0
-0
-0
-0
-0
-0
-0
-0
-0
-0
-0
-0
-0
-0
-0
-0
-0
-0
-0
0
0
0
0
0
0
0
0
0
0
0
0
0
0
0
0
0
0
0
0
0
0
0
0
0
0
0
0
0
0
0
0
0
0
0
0
0
0
0
0
0
0
0
0
0
0
0
0
0
0
-0
-0
-0
-0
-0
-0
-0
-0
-0
-0
-0
-0
-0
-0
-0
-0
-0
-0
-0
-0
-0
-0
-0
-0
-0
-0
-0
-0
-0
-0
-0
-0
-0
-0
-0
-0
-0
-0
-0
-0
-0
-0
-0
-0
-0
-0
-0
-0
-0
-0
0
0
0
0
0
0
0
0
0
0
0
0
0
0
0
0
0
0
0
0
0
0
0
0
0
0
0
0
0
0
0
0
0
0
0
0
0
0
0
0
0
0
0
0
0
0
0
0
0
-0
-0
-0
-0
-0
-0
-0
-0
-0
-0
-0
-0
-0
-0
-0
-0
-0
-0
-0
-0
-0
-0
-0
-0
-0
-0
-0
-0
-0
-0
-0
-0
-0
-0
-0
-0
-0
-0
-0
-0
-0
-0
-0
-0
-0
-0
-0
-0
-0
-0
-0
0
0
0
0
0
0
0
0
0
0
0
0
0
0
0
0
0
0
0
0
0
0
0
0
0
0
0
0
0
0
0
0
0
0
0
0
0
0
0
0
0
0
0
0
0
0
0
0
0
-0
-0
-0
-0
-0
-0
-0
-0
-0
-0
-0
-0
-0
-0
-0
-0
-0
-0
-0
-0
-0
-0
-0
-0
-0
-0
-0
-0
-0
-0
-0
-0
-0
-0
-0
-0
-0
-0
-0
-0
-0
-0
-0
-0
-0
-0
-0
-0
-0
-0
-0
0
0
0
0
0
0
0
0
0
0
0
0
0
0
0
0
0
0
0
0
0
0
0
0
0
0
0
0
0
0
0
0
0
0
0
0
0
0
0
0
0
0
0
0
0
0
0
0
0
0
-0
-0
-0
-0
-0
-0
-0
-0
-0
-0
-0
-0
-0
-0
-0
-0
-0
-0
-0
-0
-0
-0
-0
-0
-0
-0
-0
-0
-0
-0
-0
-0
-0
-0
-0
-0
-0
-0
-0
-0
-0
-0
-0
-0
-0
-0
-0
-0
-0
-0
0
0
0
0
0
0
0
0
0
0
0
0
0
0
0
0
0
0
0
0
0
0
0
0
0
0
0
0
0
0
0
0
0
0
0
0
0
0
0
0
0
0
0
0
0
0
0
0
0
0
-0
-0
-0
-0
-0
-0
-0
-0
-0
-0
-0
-0
-0
-0
-0
-0
-0
-0
-0
-0
-0
-0
-0
-0
-0
-0
-0
-0
-0
-0
-0
-0
-0
-0
-0
-0
-0
-0
-0
-0
-0
-0
-0
-0
-0
-0
-0
-0
-0
-0
0
0
0
0
0
0
0
0
0
0
0
0
0
0
0
0
0
0
0
0
0
0
0
0
0
0
0
0
0
0
0
0
0
0
0
0
0
0
0
0
0
0
0
0
0
0
0
0
0
0
-0
-0
-0
-0
-0
-0
-0
-0
-0
-0
-0
-0
-0
-0
-0
-0
-0
-0
-0
-0
-0
-0
-0
-0
-0
-0
-0
-0
-0
-0
-0
-0
-0
-0
-0
-0
-0
-0
-0
-0
-0
-0
-0
-0
-0
-0
-0
-0
-0
-0
0
0
0
0
0
0
0
0
0
0
0
0
0
0
0
0
0
0
0
0
0
0
0
0
0
0
0
0
0
0
0
0
0
0
0
0
0
0
0
0
0
0
0
0
0
0
0
0
0
-0
-0
-0
-0
-0
-0
-0
-0
-0
-0
-0
-0
-0
-0
-0
-0
-0
-0
-0
-0
-0
-0
-0
-0
-0
-0
-0
-0
-0
-0
-0
-0
-0
-0
-0
-0
-0
-0
-0
-0
-0
-0
-0
-0
-0
-0
-0
-0
-0
-0
-0
0
0
0
0
0
0
0
0
0
0
0
0
0
0
0
0
0
0
0
0
0
0
0
0
0
0
0
0
0
0
0
0
0
0
0
0
0
0
0
0
0
0
0
0
0
0
0
0
0
-0
-0
-0
-0
-0
-0
-0
-0
-0
-0
-0
-0
-0
-0
-0
-0
-0
-0
-0
-0
-0
-0
-0
-0
-0
-0
-0
-0
-0
-0
-0
-0
-0
-0
-0
-0
-0
-0
-0
-0
-0
-0
-0
-0
-0
-0
-0
-0
-0
-0
-0
0
0
0
0
0
0
0
0
0
0
0
0
0
0
0
0
0
0
0
0
0
0
0
0
0
0
0
0
0
0
0
0
0
0
0
0
0
0
0
0
0
0
0
0
0
0
0
0
0
-0
