-0
-0
-0
-0
-0
-0
-0
-0
-0
-0
-0
-0
-0
-0
-0
-0
-0
-0
-0
-0
-0
-0
-0
-0
-0
-0
-0
-0
-0
-0
-0
-0
-0
-0
-0
-0
-0
-0
-0
-0
-0
-0
-0
-0
-0
-0
-0
-0
-0
-0
-0
0
0
0
0
0
0
0
0
0
0
0
0
0
0
0
0
0
0
0
0
0
0
0
0
0
0
0
0
0
0
0
0
0
0
0
0
0
0
0
0
0
0
0
0
0
0
0
0
0
0
-0
-0
-0
-0
-0
-0
-0
-0
-0
-0
-0
-0
-0
-0
-0
-0
-0
-0
-0
-0
-0
-0
-0
-0
-0
-0
-0
-0
-0
-0
-0
-0
-0
-0
-0
-0
-0
-0
-0
-0
-0
-0
-0
-0
-0
-0
-0
-0
-0
-0
0
0
0
0
0
0
0
0
0
0
0
0
0
0
0
0
0
0
0
0
0
0
0
0
0
0
0
0
0
0
0
0
0
0
0
0
0
0
0
0
0
0
0
0
0
0
0
0
0
0
-0
-0
-0
-0
-0
-0
-0
-0
-0
-0
-0
-0
-0
-0
-0
-0
-0
-0
-0
-0
-0
-0
-0
-0
-0
-0
-0
-0
-0
-0
-0
-0
-0
-0
-0
-0
-0
-0
-0
-0
-0
-0
-0
-0
-0
-0
-0
-0
-0
-0
0
0
0
0
0
0
0
0
0
0
0
0
0
0
0
0
0
0
0
0
0
0
0
0
0
0
0
0
0
0
0
0
0
0
0
0
0
0
0
0
0
0
0
0
0
0
0
0
0
0
-0
-0
-0
-0
-0
-0
-0
-0
-0
-0
-0
-0
-0
-0
-0
-0
-0
-0
-0
-0
-0
-0
-0
-0
-0
-0
-0
-0
-0
-0
-0
-0
-0
-0
-0
-0
-0
-0
-0
-0
-0
-0
-0
-0
-0
-0
-0
-0
-0
0
0
0
0
0
0
0
0
0
0
0
0
0
0
0
0
0
0
0
0
0
0
0
0
0
0
0
0
0
0
0
0
0
0
0
0
0
0
0
0
0
0
0
0
0
0
0
0
0
0
0
-0
-0
-0
-0
-0
-0
-0
-0
-0
-0
-0
-0
-0
-0
-0
-0
-0
-0
-0
-0
-0
-0
-0
-0
-0
-0
-0
-0
-0
-0
-0
-0
-0
-0
-0
-0
-0
-0
-0
-0
-0
-0
-0
-0
-0
-0
-0
-0
-0
-0
0
0
0
0
0
0
0
0
0
0
0
0
0
0
0
0
0
0
0
0
0
0
0
0
0
0
0
0
0
0
0
0
0
0
0
0
0
0
0
0
0
0
0
0
0
0
0
0
0
0
-0
-0
-0
-0
-0
-0
-0
-0
-0
-0
-0
-0
-0
-0
-0
-0
-0
-0
-0
-0
-0
-0
-0
-0
-0
-0
-0
-0
-0
-0
-0
-0
-0
-0
-0
-0
-0
-0
-0
-0
-0
-0
-0
-0
-0
-0
-0
-0
-0
0
0
0
0
0
0
0
0
0
0
0
0
0
0
0
0
0
0
0
0
0
0
0
0
0
0
0
0
0
0
0
0
0
0
0
0
0
0
0
0
0
0
0
0
0
0
0
0
0
0
0
-0
-0
-0
-0
-0
-0
-0
-0
-0
-0
-0
-0
-0
-0
-0
-0
-0
-0
-0
-0
-0
-0
-0
-0
-0
-0
-0
-0
-0
-0
-0
-0
-0
-0
-0
-0
-0
-0
-0
-0
-0
-0
-0
-0
-0
-0
-0
-0
-0
0
0
0
0
0
0
0
0
0
0
0
0
0
0
0
0
0
0
0
0
0
0
0
0
0
0
0
0
0
0
0
0
0
0
0
0
0
0
0
0
0
0
0
0
0
0
0
0
0
0
-0
-0
-0
-0
-0
-0
-0
-0
-0
-0
-0
-0
-0
-0
-0
-0
-0
-0
-0
-0
-0
-0
-0
-0
-0
-0
-0
-0
-0
-0
-0
-0
-0
-0
-0
-0
-0
-0
-0
-0
-0
-0
-0
-0
-0
-0
-0
-0
-0
-0
-0
0
0
0
0
0
0
0
0
0
0
0
0
0
0
0
0
0
0
0
0
0
0
0
0
0
0
0
0
0
0
0
0
0
0
0
0
0
0
0
0
0
0
0
0
0
0
0
0
0
0
-0
-0
-0
-0
-0
-0
-0
-0
-0
-0
-0
-0
-0
-0
-0
-0
-0
-0
-0
-0
-0
-0
-0
-0
-0
-0
-0
-0
-0
-0
-0
-0
-0
-0
-0
-0
-0
-0
-0
-0
-0
-0
-0
-0
-0
-0
-0
-0
-0
-0
0
0
0
0
0
0
0
0
0
0
0
0
0
0
0
0
0
0
0
0
0
0
0
0
0
0
0
0
0
0
0
0
0
0
0
0
0
0
0
0
0
0
0
0
0
0
0
0
0
0
-0
-0
-0
-0
-0
-0
-0
-0
-0
-0
-0
-0
-0
-0
-0
-0
-0
-0
-0
-0
-0
-0
-0
-0
-0
-0
-0
-0
-0
-0
-0
-0
-0
-0
-0
-0
-0
-0
-0
-0
-0
-0
-0
-0
-0
-0
-0
-0
-0
0
0
0
0
0
0
0
0
0
0
0
0
0
0
0
0
0
0
0
0
0
0
0
0
0
0
0
0
0
0
0
0
0
0
0
0
0
0
0
0
0
0
0
0
0
0
0
0
0
0
0
-0
-0
-0
-0
-0
-0
-0
-0
-0
-0
-0
-0
-0
-0
-0
-0
-0
-0
-0
-0
-0
-0
-0
-0
-0
-0
-0
-0
-0
-0
-0
-0
-0
-0
-0
-0
-0
-0
-0
-0
-0
-0
-0
-0
-0
-0
-0
-0
-0
0
0
0
0
0
0
0
0
0
0
0
0
0
0
0
0
0
0
0
0
0
0
0
0
0
0
0
0
0
0
0
0
0
0
0
0
0
0
0
0
0
0
0
0
0
0
0
0
0
0
-0
-0
-0
-0
-0
-0
-0
-0
-0
-0
-0
-0
-0
-0
-0
-0
-0
-0
-0
-0
-0
-0
-0
-0
-0
-0
-0
-0
-0
-0
-0
-0
-0
-0
-0
-0
-0
-0
-0
-0
-0
-0
-0
-0
-0
-0
-0
-0
-0
-0
0
0
0
0
0
0
0
0
0
0
0
0
0
0
0
0
0
0
0
0
0
0
0
0
0
0
0
0
0
0
0
0
0
0
0
0
0
0
0
0
0
0
0
0
0
0
0
0
0
0
0
-0
-0
-0
-0
-0
-0
-0
-0
-0
-0
-0
-0
-0
-0
-0
-0
-0
-0
-0
-0
-0
-0
-0
-0
-0
-0
-0
-0
-0
-0
-0
-0
-0
-0
-0
-0
-0
-0
-0
-0
-0
-0
-0
-0
-0
-0
-0
-0
-0
0
0
0
0
0
0
0
0
0
0
0
0
0
0
0
0
0
0
0
0
0
0
0
0
0
0
0
0
0
0
0
0
0
0
0
0
0
0
0
0
0
0
0
0
0
0
0
0
0
0
-0
-0
-0
-0
-0
-0
-0
-0
-0
-0
-0
-0
-0
-0
-0
-0
-0
-0
-0
-0
-0
-0
-0
-0
-0
-0
-0
-0
-0
-0
-0
-0
-0
-0
-0
-0
-0
-0
-0
-0
-0
-0
-0
-0
-0
-0
-0
-0
-0
-0
0
0
0
0
0
0
0
0
0
0
0
0
0
0
0
0
0
0
0
0
0
0
0
0
0
0
0
0
0
0
0
0
0
0
0
0
0
0
0
0
0
0
0
0
0
0
0
0
0
0
-0
-0
-0
-0
-0
-0
-0
-0
-0
-0
-0
-0
-0
-0
-0
-0
-0
-0
-0
-0
-0
-0
-0
-0
-0
-0
-0
-0
-0
-0
-0
-0
-0
-0
-0
-0
-0
-0
-0
-0
-0
-0
-0
-0
-0
-0
-0
-0
-0
-0
0
0
0
0
0
0
0
0
0
0
0
0
0
0
0
0
0
0
0
0
0
0
0
0
0
0
0
0
0
0
0
0
0
0
0
0
0
0
0
0
0
0
0
0
0
0
0
0
0
0
0
-0
-0
-0
-0
-0
-0
-0
-0
-0
-0
-0
-0
-0
-0
-0
-0
-0
-0
-0
-0
-0
-0
-0
-0
-0
-0
-0
-0
-0
-0
-0
-0
-0
-0
-0
-0
-0
-0
-0
-0
-0
-0
-0
-0
-0
-0
-0
-0
-0
-0
0
0
0
0
0
0
0
0
0
0
0
0
0
0
0
0
0
0
0
0
0
0
0
0
0
0
0
0
0
0
0
0
0
0
0
0
0
0
0
0
0
0
0
0
0
0
0
0
0
0
-0
-0
-0
-0
-0
-0
-0
-0
-0
-0
-0
-0
-0
-0
-0
-0
-0
-0
-0
-0
-0
-0
-0
-0
-0
-0
-0
-0
-0
-0
-0
-0
-0
-0
-0
-0
-0
-0
-0
-0
-0
-0
-0
-0
-0
-0
-0
-0
-0
-0
0
0
0
0
0
0
0
0
0
0
0
0
0
0
0
0
0
0
0
0
0
0
0
0
0
0
0
0
0
0
0
0
0
0
0
0
0
0
0
0
0
0
0
0
0
0
0
0
0
0
-0
-0
-0
-0
-0
-0
-0
-0
-0
-0
-0
-0
-0
-0
-0
-0
-0
-0
-0
-0
-0
-0
-0
-0
-0
-0
-0
-0
-0
-0
-0
-0
-0
-0
-0
-0
-0
-0
-0
-0
-0
-0
-0
-0
-0
-0
-0
-0
-0
-0
0
0
0
0
0
0
0
0
0
0
0
0
0
0
0
0
0
0
0
0
0
0
0
0
0
0
0
0
0
0
0
0
0
0
0
0
0
0
0
0
0
0
0
0
0
0
0
0
0
0
-0
-0
-0
-0
-0
-0
-0
-0
-0
-0
-0
-0
-0
-0
-0
-0
-0
-0
-0
-0
-0
-0
-0
-0
-0
-0
-0
-0
-0
-0
-0
-0
-0
-0
-0
-0
-0
-0
-0
-0
-0
-0
-0
-0
-0
-0
-0
-0
-0
-0
0
0
0
0
0
0
0
0
0
0
0
0
0
0
0
0
0
0
0
0
0
0
0
0
0
0
0
0
0
0
0
0
0
0
0
0
0
0
0
0
0
0
0
0
0
0
0
0
0
-0
-0
-0
-0
-0
-0
-0
-0
-0
-0
-0
-0
-0
-0
-0
-0
-0
-0
-0
-0
-0
-0
-0
-0
-0
-0
-0
-0
-0
-0
-0
-0
-0
-0
-0
-0
-0
-0
-0
-0
-0
-0
-0
-0
-0
-0
-0
-0
-0
-0
-0
0
0
0
0
0
0
0
0
0
0
0
0
0
0
0
0
0
0
0
0
0
0
0
0
0
0
0
0
0
0
0
0
0
0
0
0
0
0
0
0
0
0
0
0
0
0
0
0
0
0
-1.6247e-08
-6.486e-08
-1.4545e-07
-2.5739e-07
-3.9979e-07
-5.7151e-07
-7.7119e-07
-9.9723e-07
-1.2478e-06
-1.5209e-06
-1.8143e-06
-2.1255e-06
-2.4521e-06
-2.7912e-06
-3.14e-06
-3.4955e-06
-3.8547e-06
-4.2142e-06
-4.571e-06
-4.9217e-06
-5.263e-06
-5.5917e-06
-5.9043e-06
-6.1977e-06
-6.4688e-06
-6.7142e-06
-6.9312e-06
-7.1167e-06
-7.268e-06
-7.3826e-06
-7.458e-06
-7.492e-06
-7.4826e-06
-7.428e-06
-7.3267e-06
-7.1773e-06
-6.979e-06
-6.7308e-06
-6.4324e-06
-6.0836e-06
-5.6845e-06
-5.2355e-06
-4.7373e-06
-4.1911e-06
-3.5981e-06
-2.96e-06
-2.2788e-06
-1.5566e-06
-7.9611e-07
-2.0285e-19
8.286e-07
1.6864e-06
2.5697e-06
3.4748e-06
4.3977e-06
5.3341e-06
6.2797e-06
7.2299e-06
8.1801e-06
9.1254e-06
1.0061e-05
1.0982e-05
1.1883e-05
1.276e-05
1.3607e-05
1.4419e-05
1.5192e-05
1.592e-05
1.66e-05
1.7226e-05
1.7794e-05
1.83e-05
1.874e-05
1.911e-05
1.9406e-05
1.9626e-05
1.9767e-05
1.9825e-05
1.9799e-05
1.9687e-05
1.9487e-05
1.9198e-05
1.882e-05
1.8351e-05
1.7793e-05
1.7146e-05
1.641e-05
1.5587e-05
1.4679e-05
1.3688e-05
1.2617e-05
1.1468e-05
1.0246e-05
8.9537e-06
7.596e-06
6.1775e-06
4.703e-06
3.1781e-06
1.6085e-06
-5.0764e-20
-1.641e-06
-3.3079e-06
-4.9939e-06
-6.6922e-06
-8.3956e-06
-1.0097e-05
-1.1788e-05
-1.3463e-05
-1.5112e-05
-1.673e-05
-1.8308e-05
-1.9838e-05
-2.1314e-05
-2.2728e-05
-2.4073e-05
-2.5343e-05
-2.6529e-05
-2.7627e-05
-2.8629e-05
-2.953e-05
-3.0325e-05
-3.1008e-05
-3.1575e-05
-3.2022e-05
-3.2344e-05
-3.2538e-05
-3.2602e-05
-3.2533e-05
-3.233e-05
-3.1991e-05
-3.1516e-05
-3.0904e-05
-3.0157e-05
-2.9275e-05
-2.826e-05
-2.7114e-05
-2.5841e-05
-2.4443e-05
-2.2926e-05
-2.1293e-05
-1.9549e-05
-1.7701e-05
-1.5754e-05
-1.3716e-05
-1.1594e-05
-9.3949e-06
-7.1273e-06
-4.7996e-06
-2.4208e-06
-3.4228e-19
2.4533e-06
4.9294e-06
7.4182e-06
9.9097e-06
1.2394e-05
1.4859e-05
1.7297e-05
1.9695e-05
2.2045e-05
2.4334e-05
2.6554e-05
2.8695e-05
3.0745e-05
3.2697e-05
3.454e-05
3.6266e-05
3.7866e-05
3.9333e-05
4.0658e-05
4.1835e-05
4.2856e-05
4.3717e-05
4.4411e-05
4.4934e-05
4.5281e-05
4.545e-05
4.5438e-05
4.5242e-05
4.4861e-05
4.4295e-05
4.3545e-05
4.2611e-05
4.1494e-05
4.0198e-05
3.8727e-05
3.7083e-05
3.5272e-05
3.33e-05
3.1172e-05
2.8897e-05
2.6481e-05
2.3934e-05
2.1263e-05
1.8479e-05
1.5592e-05
1.2612e-05
9.5515e-06
6.4211e-06
3.2332e-06
-4.5656e-19
-3.2657e-06
-6.5509e-06
-9.8424e-06
-1.3127e-05
-1.6391e-05
-1.9622e-05
-2.2805e-05
-2.5928e-05
-2.8977e-05
-3.1939e-05
-3.4801e-05
-3.7551e-05
-4.0176e-05
-4.2665e-05
-4.5007e-05
-4.7189e-05
-4.9204e-05
-5.1039e-05
-5.2687e-05
-5.4139e-05
-5.5387e-05
-5.6425e-05
-5.7246e-05
-5.7846e-05
-5.8219e-05
-5.8362e-05
-5.8273e-05
-5.795e-05
-5.7392e-05
-5.66e-05
-5.5574e-05
-5.4317e-05
-5.2831e-05
-5.1122e-05
-4.9193e-05
-4.7051e-05
-4.4703e-05
-4.2156e-05
-3.9419e-05
-3.6501e-05
-3.3413e-05
-3.0166e-05
-2.6771e-05
-2.3242e-05
-1.959e-05
-1.583e-05
-1.1976e-05
-8.0426e-06
-4.0455e-06
-1.2667e-19
4.078e-06
8.1724e-06
1.2267e-05
1.6345e-05
2.0389e-05
2.4385e-05
2.8314e-05
3.2161e-05
3.5909e-05
3.9543e-05
4.3048e-05
4.6407e-05
4.9607e-05
5.2634e-05
5.5473e-05
5.8113e-05
6.0541e-05
6.2745e-05
6.4716e-05
6.6443e-05
6.7918e-05
6.9133e-05
7.0082e-05
7.0758e-05
7.1156e-05
7.1274e-05
7.1109e-05
7.0658e-05
6.9923e-05
6.8904e-05
6.7603e-05
6.6023e-05
6.4169e-05
6.2045e-05
5.966e-05
5.702e-05
5.4134e-05
5.1012e-05
4.7666e-05
4.4106e-05
4.0346e-05
3.6399e-05
3.228e-05
2.8004e-05
2.3588e-05
1.9047e-05
1.44e-05
9.6641e-06
4.8579e-06
-1.2174e-18
-4.8904e-06
-9.7939e-06
-1.4691e-05
-1.9562e-05
-2.4387e-05
-2.9147e-05
-3.3822e-05
-3.8393e-05
-4.2841e-05
-4.7148e-05
-5.1294e-05
-5.5263e-05
-5.9038e-05
-6.2602e-05
-6.594e-05
-6.9036e-05
-7.1878e-05
-7.4451e-05
-7.6745e-05
-7.8747e-05
-8.0449e-05
-8.1842e-05
-8.2917e-05
-8.367e-05
-8.4094e-05
-8.4186e-05
-8.3944e-05
-8.3367e-05
-8.2454e-05
-8.1208e-05
-7.9632e-05
-7.7729e-05
-7.5506e-05
-7.2969e-05
-7.0127e-05
-6.6988e-05
-6.3565e-05
-5.9869e-05
-5.5912e-05
-5.171e-05
-4.7278e-05
-4.2632e-05
-3.7788e-05
-3.2767e-05
-2.7586e-05
-2.2265e-05
-1.6824e-05
-1.1286e-05
-5.6702e-06
4.4396e-19
5.7027e-06
1.1415e-05
1.7115e-05
2.2779e-05
2.8385e-05
3.391e-05
3.9331e-05
4.4626e-05
4.9774e-05
5.4752e-05
5.9541e-05
6.412e-05
6.8469e-05
7.2571e-05
7.6407e-05
7.996e-05
8.3215e-05
8.6158e-05
8.8774e-05
9.1052e-05
9.298e-05
9.455e-05
9.5753e-05
9.6582e-05
9.7031e-05
9.7098e-05
9.678e-05
9.6075e-05
9.4985e-05
9.3513e-05
9.1661e-05
8.9435e-05
8.6843e-05
8.3892e-05
8.0593e-05
7.6957e-05
7.2996e-05
6.8725e-05
6.4159e-05
5.9315e-05
5.421e-05
4.8864e-05
4.3297e-05
3.7529e-05
3.1583e-05
2.5482e-05
1.9249e-05
1.2907e-05
6.4826e-06
6.084e-19
-6.5151e-06
-1.3037e-05
-1.9539e-05
-2.5997e-05
-3.2383e-05
-3.8672e-05
-4.4839e-05
-5.0859e-05
-5.6706e-05
-6.2357e-05
-6.7788e-05
-7.2976e-05
-7.79e-05
-8.2539e-05
-8.6873e-05
-9.0883e-05
-9.4552e-05
-9.7864e-05
-0.0001008
-0.00010336
-0.00010551
-0.00010726
-0.00010859
-0.00010949
-0.00010997
-0.00011001
-0.00010962
-0.00010878
-0.00010752
-0.00010582
-0.00010369
-0.00010114
-9.818e-05
-9.4816e-05
-9.106e-05
-8.6925e-05
-8.2427e-05
-7.7581e-05
-7.2406e-05
-6.6919e-05
-6.1143e-05
-5.5097e-05
-4.8805e-05
-4.2292e-05
-3.5581e-05
-2.8699e-05
-2.1673e-05
-1.4529e-05
-7.2949e-06
1.3696e-18
7.3274e-06
1.4658e-05
2.1964e-05
2.9214e-05
3.6381e-05
4.3435e-05
5.0348e-05
5.7091e-05
6.3638e-05
6.9961e-05
7.6034e-05
8.1832e-05
8.7331e-05
9.2508e-05
9.734e-05
0.00010181
0.00010589
0.00010957
0.00011283
0.00011566
0.00011804
0.00011997
0.00012142
0.00012241
0.00012291
0.00012292
0.00012245
0.00012149
0.00012005
0.00011812
0.00011572
0.00011285
0.00010952
0.00010574
0.00010153
9.6894e-05
9.1858e-05
8.6438e-05
8.0652e-05
7.4524e-05
6.8075e-05
6.133e-05
5.4314e-05
4.7055e-05
3.9579e-05
3.1917e-05
2.4097e-05
1.615e-05
8.1073e-06
-1.2682e-19
-8.091e-06
-1.6118e-05
-2.4049e-05
-3.1853e-05
-3.9499e-05
-4.6959e-05
-5.4204e-05
-6.1205e-05
-6.7936e-05
-7.4372e-05
-8.0488e-05
-8.6261e-05
-9.167e-05
-9.6695e-05
-0.00010132
-0.00010552
-0.00010929
-0.00011261
-0.00011548
-0.00011788
-0.0001198
-0.00012124
-0.00012219
-0.00012266
-0.00012265
-0.00012215
-0.00012117
-0.00011971
-0.00011779
-0.00011541
-0.00011259
-0.00010934
-0.00010566
-0.00010159
-9.7131e-05
-9.2308e-05
-8.7143e-05
-8.1655e-05
-7.5869e-05
-6.9809e-05
-6.3499e-05
-5.6967e-05
-5.0238e-05
-4.334e-05
-3.6301e-05
-2.915e-05
-2.1915e-05
-1.4626e-05
-7.3112e-06
2.1636e-18
7.2787e-06
1.4496e-05
2.1624e-05
2.8635e-05
3.5501e-05
4.2197e-05
4.8695e-05
5.4972e-05
6.1004e-05
6.6767e-05
7.2241e-05
7.7404e-05
8.2239e-05
8.6726e-05
9.0851e-05
9.4597e-05
9.7954e-05
0.00010091
0.00010345
0.00010557
0.00010727
0.00010853
0.00010936
0.00010975
0.00010971
0.00010924
0.00010833
0.000107
0.00010526
0.00010311
0.00010056
9.763e-05
9.4326e-05
9.0665e-05
8.6664e-05
8.234e-05
7.7712e-05
7.2799e-05
6.7623e-05
6.2205e-05
5.6567e-05
5.0734e-05
4.4729e-05
3.8577e-05
3.2303e-05
2.5932e-05
1.9491e-05
1.3004e-05
6.4988e-06
-8.0969e-19
-6.4663e-06
-1.2875e-05
-1.92e-05
-2.5418e-05
-3.1504e-05
-3.7434e-05
-4.3187e-05
-4.874e-05
-5.4072e-05
-5.9163e-05
-6.3994e-05
-6.8548e-05
-7.2808e-05
-7.6758e-05
-8.0384e-05
-8.3674e-05
-8.6616e-05
-8.9201e-05
-9.142e-05
-9.3267e-05
-9.4735e-05
-9.5821e-05
-9.6523e-05
-9.684e-05
-9.6773e-05
-9.6323e-05
-9.5496e-05
-9.4296e-05
-9.273e-05
-9.0806e-05
-8.8533e-05
-8.5924e-05
-8.2988e-05
-7.9741e-05
-7.6197e-05
-7.2371e-05
-6.8281e-05
-6.3943e-05
-5.9376e-05
-5.46e-05
-4.9635e-05
-4.4501e-05
-3.9221e-05
-3.3815e-05
-2.8305e-05
-2.2715e-05
-1.7067e-05
-1.1383e-05
-5.6865e-06
-2.653e-19
5.654e-06
1.1253e-05
1.6776e-05
2.22e-05
2.7506e-05
3.2672e-05
3.7678e-05
4.2507e-05
4.7139e-05
5.1558e-05
5.5748e-05
5.9692e-05
6.3377e-05
6.6789e-05
6.9917e-05
7.275e-05
7.5279e-05
7.7495e-05
7.9391e-05
8.0962e-05
8.2204e-05
8.3113e-05
8.3687e-05
8.3928e-05
8.3835e-05
8.3411e-05
8.2661e-05
8.1588e-05
8.0199e-05
7.8501e-05
7.6504e-05
7.4217e-05
7.1651e-05
6.8818e-05
6.5731e-05
6.2403e-05
5.885e-05
5.5086e-05
5.1129e-05
4.6996e-05
4.2703e-05
3.8269e-05
3.3712e-05
2.9052e-05
2.4307e-05
1.9498e-05
1.4642e-05
9.7614e-06
4.8741e-06
-1.1375e-18
-4.8416e-06
-9.6317e-06
-1.4352e-05
-1.8983e-05
-2.3508e-05
-2.7909e-05
-3.217e-05
-3.6274e-05
-4.0207e-05
-4.3954e-05
-4.7501e-05
-5.0835e-05
-5.3946e-05
-5.6821e-05
-5.9451e-05
-6.1827e-05
-6.3942e-05
-6.5789e-05
-6.7362e-05
-6.8658e-05
-6.9673e-05
-7.0404e-05
-7.0852e-05
-7.1016e-05
-7.0898e-05
-7.0499e-05
-6.9825e-05
-6.8879e-05
-6.7668e-05
-6.6197e-05
-6.4475e-05
-6.2511e-05
-6.0314e-05
-5.7895e-05
-5.5264e-05
-5.2434e-05
-4.9419e-05
-4.623e-05
-4.2883e-05
-3.9391e-05
-3.577e-05
-3.2036e-05
-2.8204e-05
-2.4289e-05
-2.0309e-05
-1.628e-05
-1.2218e-05
-8.1399e-06
-4.0618e-06
2.5273e-19
4.0293e-06
8.0102e-06
1.1927e-05
1.5765e-05
1.951e-05
2.3146e-05
2.6661e-05
3.0042e-05
3.3275e-05
3.6349e-05
3.9254e-05
4.1979e-05
4.4514e-05
4.6852e-05
4.8984e-05
5.0903e-05
5.2605e-05
5.4083e-05
5.5333e-05
5.6354e-05
5.7142e-05
5.7696e-05
5.8016e-05
5.8104e-05
5.796e-05
5.7587e-05
5.699e-05
5.6171e-05
5.5137e-05
5.3893e-05
5.2446e-05
5.0805e-05
4.8977e-05
4.6971e-05
4.4797e-05
4.2466e-05
3.9988e-05
3.7374e-05
3.4636e-05
3.1787e-05
2.8838e-05
2.5803e-05
2.2695e-05
1.9527e-05
1.6311e-05
1.3063e-05
9.794e-06
6.5184e-06
3.2494e-06
-1.1103e-18
-3.2169e-06
-6.3887e-06
-9.503e-06
-1.2548e-05
-1.5512e-05
-1.8384e-05
-2.1153e-05
-2.3809e-05
-2.6343e-05
-2.8745e-05
-3.1007e-05
-3.3123e-05
-3.5083e-05
-3.6884e-05
-3.8517e-05
-3.998e-05
-4.1267e-05
-4.2376e-05
-4.3304e-05
-4.4049e-05
-4.4611e-05
-4.4988e-05
-4.5181e-05
-4.5192e-05
-4.5023e-05
-4.4675e-05
-4.4154e-05
-4.3463e-05
-4.2606e-05
-4.1589e-05
-4.0417e-05
-3.9099e-05
-3.764e-05
-3.6048e-05
-3.4331e-05
-3.2497e-05
-3.0557e-05
-2.8517e-05
-2.6389e-05
-2.4182e-05
-2.1906e-05
-1.9571e-05
-1.7187e-05
-1.4764e-05
-1.2314e-05
-9.8453e-06
-7.3697e-06
-4.8969e-06
-2.4371e-06
4.1573e-19
2.4046e-06
4.7672e-06
7.0788e-06
9.3305e-06
1.1514e-05
1.3621e-05
1.5644e-05
1.7576e-05
1.941e-05
2.114e-05
2.2761e-05
2.4266e-05
2.5652e-05
2.6915e-05
2.8051e-05
2.9056e-05
2.993e-05
3.067e-05
3.1275e-05
3.1745e-05
3.2079e-05
3.2279e-05
3.2345e-05
3.228e-05
3.2085e-05
3.1763e-05
3.1319e-05
3.0754e-05
3.0075e-05
2.9284e-05
2.8388e-05
2.7393e-05
2.6302e-05
2.5124e-05
2.3864e-05
2.2529e-05
2.1126e-05
1.9661e-05
1.8143e-05
1.6578e-05
1.4974e-05
1.3338e-05
1.1678e-05
1.0001e-05
8.3156e-06
6.6279e-06
4.9455e-06
3.2754e-06
1.6247e-06
-6.3424e-23
-1.5922e-06
-3.1457e-06
-4.6546e-06
-6.1131e-06
-7.5161e-06
-8.8585e-06
-1.0136e-05
-1.1343e-05
-1.2478e-05
-1.3536e-05
-1.4514e-05
-1.541e-05
-1.6221e-05
-1.6946e-05
-1.7584e-05
-1.8133e-05
-1.8593e-05
-1.8964e-05
-1.9246e-05
-1.9441e-05
-1.9548e-05
-1.9571e-05
-1.951e-05
-1.9368e-05
-1.9148e-05
-1.8851e-05
-1.8483e-05
-1.8046e-05
-1.7543e-05
-1.698e-05
-1.6359e-05
-1.5686e-05
-1.4965e-05
-1.4201e-05
-1.3397e-05
-1.256e-05
-1.1694e-05
-1.0805e-05
-9.896e-06
-8.9733e-06
-8.0414e-06
-7.1053e-06
-6.1695e-06
-5.2389e-06
-4.3177e-06
-3.4105e-06
-2.5212e-06
-1.6539e-06
-8.1235e-07
2.237e-19
7.7986e-07
1.5242e-06
2.2303e-06
2.8957e-06
3.5182e-06
4.0958e-06
4.6272e-06
5.1108e-06
5.5458e-06
5.9315e-06
6.2675e-06
6.5537e-06
6.7903e-06
6.978e-06
7.1173e-06
7.2095e-06
7.2558e-06
7.2578e-06
7.2174e-06
7.1365e-06
7.0174e-06
6.8625e-06
6.6745e-06
6.456e-06
6.21e-06
5.9395e-06
5.6476e-06
5.3375e-06
5.0124e-06
4.6756e-06
4.3304e-06
3.9801e-06
3.6279e-06
3.277e-06
2.9307e-06
2.5918e-06
2.2634e-06
1.9484e-06
1.6493e-06
1.3688e-06
1.1092e-06
8.7258e-07
6.6102e-07
4.7626e-07
3.1983e-07
1.9305e-07
9.697e-08
3.243e-08
0
0
-0
-0
-0
-0
-0
-0
-0
-0
-0
-0
-0
-0
-0
-0
-0
-0
-0
-0
-0
-0
-0
-0
-0
-0
-0
-0
-0
-0
-0
-0
-0
-0
-0
-0
-0
-0
-0
-0
-0
-0
-0
-0
-0
-0
-0
-0
-0
-0
-0
-0
0
0
0
0
0
0
0
0
0
0
0
0
0
0
0
0
0
0
0
0
0
0
0
0
0
0
0
0
0
0
0
0
0
0
0
0
0
0
0
0
0
0
0
0
0
0
0
0
0
0
-0
-0
-0
-0
-0
-0
-0
-0
-0
-0
-0
-0
-0
-0
-0
-0
-0
-0
-0
-0
-0
-0
-0
-0
-0
-0
-0
-0
-0
-0
-0
-0
-0
-0
-0
-0
-0
-0
-0
-0
-0
-0
-0
-0
-0
-0
-0
-0
-0
-0
0
0
0
0
0
0
0
0
0
0
0
0
0
0
0
0
0
0
0
0
0
0
0
0
0
0
0
0
0
0
0
0
0
0
0
0
0
0
0
0
0
0
0
0
0
0
0
0
0
0
-0
-0
-0
-0
-0
-0
-0
-0
-0
-0
-0
-0
-0
-0
-0
-0
-0
-0
-0
-0
-0
-0
-0
-0
-0
-0
-0
-0
-0
-0
-0
-0
-0
-0
-0
-0
-0
-0
-0
-0
-0
-0
-0
-0
-0
-0
-0
-0
-0
-0
0
0
0
0
0
0
0
0
0
0
0
0
0
0
0
0
0
0
0
0
0
0
0
0
0
0
0
0
0
0
0
0
0
0
0
0
0
0
0
0
0
0
0
0
0
0
0
0
0
0
-0
-0
-0
-0
-0
-0
-0
-0
-0
-0
-0
-0
-0
-0
-0
-0
-0
-0
-0
-0
-0
-0
-0
-0
-0
-0
-0
-0
-0
-0
-0
-0
-0
-0
-0
-0
-0
-0
-0
-0
-0
-0
-0
-0
-0
-0
-0
-0
-0
-0
0
0
0
0
0
0
0
0
0
0
0
0
0
0
0
0
0
0
0
0
0
0
0
0
0
0
0
0
0
0
0
0
0
0
0
0
0
0
0
0
0
0
0
0
0
0
0
0
0
0
-0
-0
-0
-0
-0
-0
-0
-0
-0
-0
-0
-0
-0
-0
-0
-0
-0
-0
-0
-0
-0
-0
-0
-0
-0
-0
-0
-0
-0
-0
-0
-0
-0
-0
-0
-0
-0
-0
-0
-0
-0
-0
-0
-0
-0
-0
-0
-0
-0
-0
0
0
0
0
0
0
0
0
0
0
0
0
0
0
0
0
0
0
0
0
0
0
0
0
0
0
0
0
0
0
0
0
0
0
0
0
0
0
0
0
0
0
0
0
0
0
0
0
0
0
-0
-0
-0
-0
-0
-0
-0
-0
-0
-0
-0
-0
-0
-0
-0
-0
-0
-0
-0
-0
-0
-0
-0
-0
-0
-0
-0
-0
-0
-0
-0
-0
-0
-0
-0
-0
-0
-0
-0
-0
-0
-0
-0
-0
-0
-0
-0
-0
-0
0
0
0
0
0
0
0
0
0
0
0
0
0
0
0
0
0
0
0
0
0
0
0
0
0
0
0
0
0
0
0
0
0
0
0
0
0
0
0
0
0
0
0
0
0
0
0
0
0
0
0
-0
-0
-0
-0
-0
-0
-0
-0
-0
-0
-0
-0
-0
-0
-0
-0
-0
-0
-0
-0
-0
-0
-0
-0
-0
-0
-0
-0
-0
-0
-0
-0
-0
-0
-0
-0
-0
-0
-0
-0
-0
-0
-0
-0
-0
-0
-0
-0
-0
-0
0
0
0
0
0
0
0
0
0
0
0
0
0
0
0
0
0
0
0
0
0
0
0
0
0
0
0
0
0
0
0
0
0
0
0
0
0
0
0
0
0
0
0
0
0
0
0
0
0
0
-0
-0
-0
-0
-0
-0
-0
-0
-0
-0
-0
-0
-0
-0
-0
-0
-0
-0
-0
-0
-0
-0
-0
-0
-0
-0
-0
-0
-0
-0
-0
-0
-0
-0
-0
-0
-0
-0
-0
-0
-0
-0
-0
-0
-0
-0
-0
-0
-0
-0
0
0
0
0
0
0
0
0
0
0
0
0
0
0
0
0
0
0
0
0
0
0
0
0
0
0
0
0
0
0
0
0
0
0
0
0
0
0
0
0
0
0
0
0
0
0
0
0
0
-0
-0
-0
-0
-0
-0
-0
-0
-0
-0
-0
-0
-0
-0
-0
-0
-0
-0
-0
-0
-0
-0
-0
-0
-0
-0
-0
-0
-0
-0
-0
-0
-0
-0
-0
-0
-0
-0
-0
-0
-0
-0
-0
-0
-0
-0
-0
-0
-0
-0
-0
0
0
0
0
0
0
0
0
0
0
0
0
0
0
0
0
0
0
0
0
0
0
0
0
0
0
0
0
0
0
0
0
0
0
0
0
0
0
0
0
0
0
0
0
0
0
0
0
0
0
-0
-0
-0
-0
-0
-0
-0
-0
-0
-0
-0
-0
-0
-0
-0
-0
-0
-0
-0
-0
-0
-0
-0
-0
-0
-0
-0
-0
-0
-0
-0
-0
-0
-0
-0
-0
-0
-0
-0
-0
-0
-0
-0
-0
-0
-0
-0
-0
-0
0
0
0
0
0
0
0
0
0
0
0
0
0
0
0
0
0
0
0
0
0
0
0
0
0
0
0
0
0
0
0
0
0
0
0
0
0
0
0
0
0
0
0
0
0
0
0
0
0
0
0
-0
-0
-0
-0
-0
-0
-0
-0
-0
-0
-0
-0
-0
-0
-0
-0
-0
-0
-0
-0
-0
-0
-0
-0
-0
-0
-0
-0
-0
-0
-0
-0
-0
-0
-0
-0
-0
-0
-0
-0
-0
-0
-0
-0
-0
-0
-0
-0
-0
-0
0
0
0
0
0
0
0
0
0
0
0
0
0
0
0
0
0
0
0
0
0
0
0
0
0
0
0
0
0
0
0
0
0
0
0
0
0
0
0
0
0
0
0
0
0
0
0
0
0
0
-0
-0
-0
-0
-0
-0
-0
-0
-0
-0
-0
-0
-0
-0
-0
-0
-0
-0
-0
-0
-0
-0
-0
-0
-0
-0
-0
-0
-0
-0
-0
-0
-0
-0
-0
-0
-0
-0
-0
-0
-0
-0
-0
-0
-0
-0
-0
-0
-0
0
0
0
0
0
0
0
0
0
0
0
0
0
0
0
0
0
0
0
0
0
0
0
0
0
0
0
0
0
0
0
0
0
0
0
0
0
0
0
0
0
0
0
0
0
0
0
0
0
0
-0
-0
-0
-0
-0
-0
-0
-0
-0
-0
-0
-0
-0
-0
-0
-0
-0
-0
-0
-0
-0
-0
-0
-0
-0
-0
-0
-0
-0
-0
-0
-0
-0
-0
-0
-0
-0
-0
-0
-0
-0
-0
-0
-0
-0
-0
-0
-0
-0
-0
-0
0
0
0
0
0
0
0
0
0
0
0
0
0
0
0
0
0
0
0
0
0
0
0
0
0
0
0
0
0
0
0
0
0
0
0
0
0
0
0
0
0
0
0
0
0
0
0
0
0
0
-0
-0
-0
-0
-0
-0
-0
-0
-0
-0
-0
-0
-0
-0
-0
-0
-0
-0
-0
-0
-0
-0
-0
-0
-0
-0
-0
-0
-0
-0
-0
-0
-0
-0
-0
-0
-0
-0
-0
-0
-0
-0
-0
-0
-0
-0
-0
-0
-0
0
0
0
0
0
0
0
0
0
0
0
0
0
0
0
0
0
0
0
0
0
0
0
0
0
0
0
0
0
0
0
0
0
0
0
0
0
0
0
0
0
0
0
0
0
0
0
0
0
0
-0
-0
-0
-0
-0
-0
-0
-0
-0
-0
-0
-0
-0
-0
-0
-0
-0
-0
-0
-0
-0
-0
-0
-0
-0
-0
-0
-0
-0
-0
-0
-0
-0
-0
-0
-0
-0
-0
-0
-0
-0
-0
-0
-0
-0
-0
-0
-0
-0
-0
0
0
0
0
0
0
0
0
0
0
0
0
0
0
0
0
0
0
0
0
0
0
0
0
0
0
0
0
0
0
0
0
0
0
0
0
0
0
0
0
0
0
0
0
0
0
0
0
0
0
0
-0
-0
-0
-0
-0
-0
-0
-0
-0
-0
-0
-0
-0
-0
-0
-0
-0
-0
-0
-0
-0
-0
-0
-0
-0
-0
-0
-0
-0
-0
-0
-0
-0
-0
-0
-0
-0
-0
-0
-0
-0
-0
-0
-0
-0
-0
-0
-0
-0
-0
0
0
0
0
0
0
0
0
0
0
0
0
0
0
0
0
0
0
0
0
0
0
0
0
0
0
0
0
0
0
0
0
0
0
0
0
0
0
0
0
0
0
0
0
0
0
0
0
0
-0
-0
-0
-0
-0
-0
-0
-0
-0
-0
-0
-0
-0
-0
-0
-0
-0
-0
-0
-0
-0
-0
-0
-0
-0
-0
-0
-0
-0
-0
-0
-0
-0
-0
-0
-0
-0
-0
-0
-0
-0
-0
-0
-0
-0
-0
-0
-0
-0
-0
0
0
0
0
0
0
0
0
0
0
0
0
0
0
0
0
0
0
0
0
0
0
0
0
0
0
0
0
0
0
0
0
0
0
0
0
0
0
0
0
0
0
0
0
0
0
0
0
0
0
-0
-0
-0
-0
-0
-0
-0
-0
-0
-0
-0
-0
-0
-0
-0
-0
-0
-0
-0
-0
-0
-0
-0
-0
-0
-0
-0
-0
-0
-0
-0
-0
-0
-0
-0
-0
-0
-0
-0
-0
-0
-0
-0
-0
-0
-0
-0
-0
-0
-0
-0
0
0
0
0
0
0
0
0
0
0
0
0
0
0
0
0
0
0
0
0
0
0
0
0
0
0
0
0
0
0
0
0
0
0
0
0
0
0
0
0
0
0
0
0
0
0
0
0
0
0
-0
-0
-0
-0
-0
-0
-0
-0
-0
-0
-0
-0
-0
-0
-0
-0
-0
-0
-0
-0
-0
-0
-0
-0
-0
-0
-0
-0
-0
-0
-0
-0
-0
-0
-0
-0
-0
-0
-0
-0
-0
-0
-0
-0
-0
-0
-0
-0
-0
0
0
0
0
0
0
0
0
0
0
0
0
0
0
0
0
0
0
0
0
0
0
0
0
0
0
0
0
0
0
0
0
0
0
0
0
0
0
0
0
0
0
0
0
0
0
0
0
0
0
-0
-0
-0
-0
-0
-0
-0
-0
-0
-0
-0
-0
-0
-0
-0
-0
-0
-0
-0
-0
-0
-0
-0
-0
-0
-0
-0
-0
-0
-0
-0
-0
-0
-0
-0
-0
-0
-0
-0
-0
-0
-0
-0
-0
-0
-0
-0
-0
-0
-0
0
0
0
0
0
0
0
0
0
0
0
0
0
0
0
0
0
0
0
0
0
0
0
0
0
0
0
0
0
0
0
0
0
0
0
0
0
0
0
0
0
0
0
0
0
0
0
0
0
0
-0
-0
-0
-0
-0
-0
-0
-0
-0
-0
-0
-0
-0
-0
-0
-0
-0
-0
-0
-0
-0
-0
-0
-0
-0
-0
-0
-0
-0
-0
-0
-0
-0
-0
-0
-0
-0
-0
-0
-0
-0
-0
-0
-0
-0
-0
-0
-0
-0
-0
-0
0
0
0
0
0
0
0
0
0
0
0
0
0
0
0
0
0
0
0
0
0
0
0
0
0
0
0
0
0
0
0
0
0
0
0
0
0
0
0
0
0
0
0
0
0
0
0
0
0
0
-0
-0
-0
-0
-0
-0
-0
-0
-0
-0
-0
-0
-0
-0
-0
-0
-0
-0
-0
-0
-0
-0
-0
-0
-0
-0
-0
-0
-0
-0
-0
-0
-0
-0
-0
-0
-0
-0
-0
-0
-0
-0
-0
-0
-0
-0
-0
-0
-0
-0
0
0
0
0
0
0
0
0
0
0
0
0
0
0
0
0
0
0
0
0
0
0
0
0
0
0
0
0
0
0
0
0
0
0
0
0
0
0
0
0
0
0
0
0
0
0
0
0
0
-0
-0
-0
-0
-0
-0
-0
-0
-0
-0
-0
-0
-0
-0
-0
-0
-0
-0
-0
-0
-0
-0
-0
-0
-0
-0
-0
-0
-0
-0
-0
-0
-0
-0
-0
-0
-0
-0
-0
-0
-0
-0
-0
-0
-0
-0
-0
-0
-0
-0
0
0
0
0
0
0
0
0
0
0
0
0
0
0
0
0
0
0
0
0
0
0
0
0
0
0
0
0
0
0
0
0
0
0
0
0
0
0
0
0
0
0
0
0
0
0
0
0
0
0
0
-0
-0
-0
-0
-0
-0
-0
-0
-0
-0
-0
-0
-0
-0
-0
-0
-0
-0
-0
-0
-0
-0
-0
-0
-0
-0
-0
-0
-0
-0
-0
-0
-0
-0
-0
-0
-0
-0
-0
-0
-0
-0
-0
-0
-0
-0
-0
-0
-0
-0
0
0
0
0
0
0
0
0
0
0
0
0
0
0
0
0
0
0
0
0
0
0
0
0
0
0
0
0
0
0
0
0
0
0
0
0
0
0
0
0
0
0
0
0
0
0
0
0
0
0
-0
-0
-0
-0
-0
-0
-0
-0
-0
-0
-0
-0
-0
-0
-0
-0
-0
-0
-0
-0
-0
-0
-0
-0
-0
-0
-0
-0
-0
-0
-0
-0
-0
-0
-0
-0
-0
-0
-0
-0
-0
-0
-0
-0
-0
-0
-0
-0
-0
0
0
0
0
0
0
0
0
0
0
0
0
0
0
0
0
0
0
0
0
0
0
0
0
0
0
0
0
0
0
0
0
0
0
0
0
0
0
0
0
0
0
0
0
0
0
0
0
0
0
-0
-0
-0
-0
-0
-0
-0
-0
-0
-0
-0
-0
-0
-0
-0
-0
-0
-0
-0
-0
-0
-0
-0
-0
-0
-0
-0
-0
-0
-0
-0
-0
-0
-0
-0
-0
-0
-0
-0
-0
-0
-0
-0
-0
-0
-0
-0
-0
-0
-0
-0
0
0
0
0
0
0
0
0
0
0
0
0
0
0
0
0
0
0
0
0
0
0
0
0
0
0
0
0
0
0
0
0
0
0
0
0
0
0
0
0
0
0
0
0
0
0
0
0
0
0
-0
-0
-0
-0
-0
-0
-0
-0
-0
-0
-0
-0
-0
-0
-0
-0
-0
-0
-0
-0
-0
-0
-0
-0
-0
-0
-0
-0
-0
-0
-0
-0
-0
-0
-0
-0
-0
-0
-0
-0
-0
-0
-0
-0
-0
-0
-0
-0
-0
-0
0
0
0
0
0
0
0
0
0
0
0
0
0
0
0
0
0
0
0
0
0
0
0
0
0
0
0
0
0
0
0
0
0
0
0
0
0
0
0
0
0
0
0
0
0
0
0
0
0
-0
-0
-0
-0
-0
-0
-0
-0
-0
-0
-0
-0
-0
-0
-0
-0
-0
-0
-0
-0
-0
-0
-0
-0
-0
-0
-0
-0
-0
-0
-0
-0
-0
-0
-0
-0
-0
-0
-0
-0
-0
-0
-0
-0
-0
-0
-0
-0
-0
-0
0
0
0
0
0
0
0
0
0
0
0
0
0
0
0
0
0
0
0
0
0
0
0
0
0
0
0
0
0
0
0
0
0
0
0
0
0
0
0
0
0
0
0
0
0
0
0
0
0
0
-0
-1.6247e-08
-6.486e-08
-1.4545e-07
-2.5739e-07
-3.9979e-07
-5.7151e-07
-7.7119e-07
-9.9723e-07
-1.2478e-06
-1.5209e-06
-1.8143e-06
-2.1255e-06
-2.4521e-06
-2.7912e-06
-3.14e-06
-3.4955e-06
-3.8547e-06
-4.2142e-06
-4.571e-06
-4.9217e-06
-5.263e-06
-5.5917e-06
-5.9043e-06
-6.1977e-06
-6.4688e-06
-6.7142e-06
-6.9312e-06
-7.1167e-06
-7.268e-06
-7.3826e-06
-7.458e-06
-7.492e-06
-7.4826e-06
-7.428e-06
-7.3267e-06
-7.1773e-06
-6.979e-06
-6.7308e-06
-6.4324e-06
-6.0836e-06
-5.6845e-06
-5.2355e-06
-4.7373e-06
-4.1911e-06
-3.5981e-06
-2.96e-06
-2.2788e-06
-1.5566e-06
-7.9611e-07
-1.3941e-19
8.286e-07
1.6864e-06
2.5697e-06
3.4748e-06
4.3977e-06
5.3341e-06
6.2797e-06
7.2299e-06
8.1801e-06
9.1254e-06
1.0061e-05
1.0982e-05
1.1883e-05
1.276e-05
1.3607e-05
1.4419e-05
1.5192e-05
1.592e-05
1.66e-05
1.7226e-05
1.7794e-05
1.83e-05
1.874e-05
1.911e-05
1.9406e-05
1.9626e-05
1.9767e-05
1.9825e-05
1.9799e-05
1.9687e-05
1.9487e-05
1.9198e-05
1.882e-05
1.8351e-05
1.7793e-05
1.7146e-05
1.641e-05
1.5587e-05
1.4679e-05
1.3688e-05
1.2617e-05
1.1468e-05
1.0246e-05
8.9537e-06
7.596e-06
6.1775e-06
4.703e-06
3.1781e-06
1.6085e-06
-9.1306e-19
-1.641e-06
-3.3079e-06
-4.9939e-06
-6.6922e-06
-8.3956e-06
-1.0097e-05
-1.1788e-05
-1.3463e-05
-1.5112e-05
-1.673e-05
-1.8308e-05
-1.9838e-05
-2.1314e-05
-2.2728e-05
-2.4073e-05
-2.5343e-05
-2.6529e-05
-2.7627e-05
-2.8629e-05
-2.953e-05
-3.0325e-05
-3.1008e-05
-3.1575e-05
-3.2022e-05
-3.2344e-05
-3.2538e-05
-3.2602e-05
-3.2533e-05
-3.233e-05
-3.1991e-05
-3.1516e-05
-3.0904e-05
-3.0157e-05
-2.9275e-05
-2.826e-05
-2.7114e-05
-2.5841e-05
-2.4443e-05
-2.2926e-05
-2.1293e-05
-1.9549e-05
-1.7701e-05
-1.5754e-05
-1.3716e-05
-1.1594e-05
-9.3949e-06
-7.1273e-06
-4.7996e-06
-2.4208e-06
9.5116e-19
2.4533e-06
4.9294e-06
7.4182e-06
9.9097e-06
1.2394e-05
1.4859e-05
1.7297e-05
1.9695e-05
2.2045e-05
2.4334e-05
2.6554e-05
2.8695e-05
3.0745e-05
3.2697e-05
3.454e-05
3.6266e-05
3.7866e-05
3.9333e-05
4.0658e-05
4.1835e-05
4.2856e-05
4.3717e-05
4.4411e-05
4.4934e-05
4.5281e-05
4.545e-05
4.5438e-05
4.5242e-05
4.4861e-05
4.4295e-05
4.3545e-05
4.2611e-05
4.1494e-05
4.0198e-05
3.8727e-05
3.7083e-05
3.5272e-05
3.33e-05
3.1172e-05
2.8897e-05
2.6481e-05
2.3934e-05
2.1263e-05
1.8479e-05
1.5592e-05
1.2612e-05
9.5515e-06
6.4211e-06
3.2332e-06
2.2313e-18
-3.2657e-06
-6.5509e-06
-9.8424e-06
-1.3127e-05
-1.6391e-05
-1.9622e-05
-2.2805e-05
-2.5928e-05
-2.8977e-05
-3.1939e-05
-3.4801e-05
-3.7551e-05
-4.0176e-05
-4.2665e-05
-4.5007e-05
-4.7189e-05
-4.9204e-05
-5.1039e-05
-5.2687e-05
-5.4139e-05
-5.5387e-05
-5.6425e-05
-5.7246e-05
-5.7846e-05
-5.8219e-05
-5.8362e-05
-5.8273e-05
-5.795e-05
-5.7392e-05
-5.66e-05
-5.5574e-05
-5.4317e-05
-5.2831e-05
-5.1122e-05
-4.9193e-05
-4.7051e-05
-4.4703e-05
-4.2156e-05
-3.9419e-05
-3.6501e-05
-3.3413e-05
-3.0166e-05
-2.6771e-05
-2.3242e-05
-1.959e-05
-1.583e-05
-1.1976e-05
-8.0426e-06
-4.0455e-06
-3.4865e-18
4.078e-06
8.1724e-06
1.2267e-05
1.6345e-05
2.0389e-05
2.4385e-05
2.8314e-05
3.2161e-05
3.5909e-05
3.9543e-05
4.3048e-05
4.6407e-05
4.9607e-05
5.2634e-05
5.5473e-05
5.8113e-05
6.0541e-05
6.2745e-05
6.4716e-05
6.6443e-05
6.7918e-05
6.9133e-05
7.0082e-05
7.0758e-05
7.1156e-05
7.1274e-05
7.1109e-05
7.0658e-05
6.9923e-05
6.8904e-05
6.7603e-05
6.6023e-05
6.4169e-05
6.2045e-05
5.966e-05
5.702e-05
5.4134e-05
5.1012e-05
4.7666e-05
4.4106e-05
4.0346e-05
3.6399e-05
3.228e-05
2.8004e-05
2.3588e-05
1.9047e-05
1.44e-05
9.6641e-06
4.8579e-06
5.0207e-18
-4.8904e-06
-9.7939e-06
-1.4691e-05
-1.9562e-05
-2.4387e-05
-2.9147e-05
-3.3822e-05
-3.8393e-05
-4.2841e-05
-4.7148e-05
-5.1294e-05
-5.5263e-05
-5.9038e-05
-6.2602e-05
-6.594e-05
-6.9036e-05
-7.1878e-05
-7.4451e-05
-7.6745e-05
-7.8747e-05
-8.0449e-05
-8.1842e-05
-8.2917e-05
-8.367e-05
-8.4094e-05
-8.4186e-05
-8.3944e-05
-8.3367e-05
-8.2454e-05
-8.1208e-05
-7.9632e-05
-7.7729e-05
-7.5506e-05
-7.2969e-05
-7.0127e-05
-6.6988e-05
-6.3565e-05
-5.9869e-05
-5.5912e-05
-5.171e-05
-4.7278e-05
-4.2632e-05
-3.7788e-05
-3.2767e-05
-2.7586e-05
-2.2265e-05
-1.6824e-05
-1.1286e-05
-5.6702e-06
-1.6859e-18
5.7027e-06
1.1415e-05
1.7115e-05
2.2779e-05
2.8385e-05
3.391e-05
3.9331e-05
4.4626e-05
4.9774e-05
5.4752e-05
5.9541e-05
6.412e-05
6.8469e-05
7.2571e-05
7.6407e-05
7.996e-05
8.3215e-05
8.6158e-05
8.8774e-05
9.1052e-05
9.298e-05
9.455e-05
9.5753e-05
9.6582e-05
9.7031e-05
9.7098e-05
9.678e-05
9.6075e-05
9.4985e-05
9.3513e-05
9.1661e-05
8.9435e-05
8.6843e-05
8.3892e-05
8.0593e-05
7.6957e-05
7.2996e-05
6.8725e-05
6.4159e-05
5.9315e-05
5.421e-05
4.8864e-05
4.3297e-05
3.7529e-05
3.1583e-05
2.5482e-05
1.9249e-05
1.2907e-05
6.4826e-06
8.9258e-18
-6.5151e-06
-1.3037e-05
-1.9539e-05
-2.5997e-05
-3.2383e-05
-3.8672e-05
-4.4839e-05
-5.0859e-05
-5.6706e-05
-6.2357e-05
-6.7788e-05
-7.2976e-05
-7.79e-05
-8.2539e-05
-8.6873e-05
-9.0883e-05
-9.4552e-05
-9.7864e-05
-0.0001008
-0.00010336
-0.00010551
-0.00010726
-0.00010859
-0.00010949
-0.00010997
-0.00011001
-0.00010962
-0.00010878
-0.00010752
-0.00010582
-0.00010369
-0.00010114
-9.818e-05
-9.4816e-05
-9.106e-05
-8.6925e-05
-8.2427e-05
-7.7581e-05
-7.2406e-05
-6.6919e-05
-6.1143e-05
-5.5097e-05
-4.8805e-05
-4.2292e-05
-3.5581e-05
-2.8699e-05
-2.1673e-05
-1.4529e-05
-7.2949e-06
-4.6781e-18
7.3274e-06
1.4658e-05
2.1964e-05
2.9214e-05
3.6381e-05
4.3435e-05
5.0348e-05
5.7091e-05
6.3638e-05
6.9961e-05
7.6034e-05
8.1832e-05
8.7331e-05
9.2508e-05
9.734e-05
0.00010181
0.00010589
0.00010957
0.00011283
0.00011566
0.00011804
0.00011997
0.00012142
0.00012241
0.00012291
0.00012292
0.00012245
0.00012149
0.00012005
0.00011812
0.00011572
0.00011285
0.00010952
0.00010574
0.00010153
9.6894e-05
9.1858e-05
8.6438e-05
8.0652e-05
7.4524e-05
6.8075e-05
6.133e-05
5.4314e-05
4.7055e-05
3.9579e-05
3.1917e-05
2.4097e-05
1.615e-05
8.1073e-06
6.5795e-18
-8.091e-06
-1.6118e-05
-2.4049e-05
-3.1853e-05
-3.9499e-05
-4.6959e-05
-5.4204e-05
-6.1205e-05
-6.7936e-05
-7.4372e-05
-8.0488e-05
-8.6261e-05
-9.167e-05
-9.6695e-05
-0.00010132
-0.00010552
-0.00010929
-0.00011261
-0.00011548
-0.00011788
-0.0001198
-0.00012124
-0.00012219
-0.00012266
-0.00012265
-0.00012215
-0.00012117
-0.00011971
-0.00011779
-0.00011541
-0.00011259
-0.00010934
-0.00010566
-0.00010159
-9.7131e-05
-9.2308e-05
-8.7143e-05
-8.1655e-05
-7.5869e-05
-6.9809e-05
-6.3499e-05
-5.6967e-05
-5.0238e-05
-4.334e-05
-3.6301e-05
-2.915e-05
-2.1915e-05
-1.4626e-05
-7.3112e-06
-7.1727e-18
7.2787e-06
1.4496e-05
2.1624e-05
2.8635e-05
3.5501e-05
4.2197e-05
4.8695e-05
5.4972e-05
6.1004e-05
6.6767e-05
7.2241e-05
7.7404e-05
8.2239e-05
8.6726e-05
9.0851e-05
9.4597e-05
9.7954e-05
0.00010091
0.00010345
0.00010557
0.00010727
0.00010853
0.00010936
0.00010975
0.00010971
0.00010924
0.00010833
0.000107
0.00010526
0.00010311
0.00010056
9.763e-05
9.4326e-05
9.0665e-05
8.6664e-05
8.234e-05
7.7712e-05
7.2799e-05
6.7623e-05
6.2205e-05
5.6567e-05
5.0734e-05
4.4729e-05
3.8577e-05
3.2303e-05
2.5932e-05
1.9491e-05
1.3004e-05
6.4988e-06
1.6184e-18
-6.4663e-06
-1.2875e-05
-1.92e-05
-2.5418e-05
-3.1504e-05
-3.7434e-05
-4.3187e-05
-4.874e-05
-5.4072e-05
-5.9163e-05
-6.3994e-05
-6.8548e-05
-7.2808e-05
-7.6758e-05
-8.0384e-05
-8.3674e-05
-8.6616e-05
-8.9201e-05
-9.142e-05
-9.3267e-05
-9.4735e-05
-9.5821e-05
-9.6523e-05
-9.684e-05
-9.6773e-05
-9.6323e-05
-9.5496e-05
-9.4296e-05
-9.273e-05
-9.0806e-05
-8.8533e-05
-8.5924e-05
-8.2988e-05
-7.9741e-05
-7.6197e-05
-7.2371e-05
-6.8281e-05
-6.3943e-05
-5.9376e-05
-5.46e-05
-4.9635e-05
-4.4501e-05
-3.9221e-05
-3.3815e-05
-2.8305e-05
-2.2715e-05
-1.7067e-05
-1.1383e-05
-5.6865e-06
-7.5223e-18
5.654e-06
1.1253e-05
1.6776e-05
2.22e-05
2.7506e-05
3.2672e-05
3.7678e-05
4.2507e-05
4.7139e-05
5.1558e-05
5.5748e-05
5.9692e-05
6.3377e-05
6.6789e-05
6.9917e-05
7.275e-05
7.5279e-05
7.7495e-05
7.9391e-05
8.0962e-05
8.2204e-05
8.3113e-05
8.3687e-05
8.3928e-05
8.3835e-05
8.3411e-05
8.2661e-05
8.1588e-05
8.0199e-05
7.8501e-05
7.6504e-05
7.4217e-05
7.1651e-05
6.8818e-05
6.5731e-05
6.2403e-05
5.885e-05
5.5086e-05
5.1129e-05
4.6996e-05
4.2703e-05
3.8269e-05
3.3712e-05
2.9052e-05
2.4307e-05
1.9498e-05
1.4642e-05
9.7614e-06
4.8741e-06
2.8809e-18
-4.8416e-06
-9.6317e-06
-1.4352e-05
-1.8983e-05
-2.3508e-05
-2.7909e-05
-3.217e-05
-3.6274e-05
-4.0207e-05
-4.3954e-05
-4.7501e-05
-5.0835e-05
-5.3946e-05
-5.6821e-05
-5.9451e-05
-6.1827e-05
-6.3942e-05
-6.5789e-05
-6.7362e-05
-6.8658e-05
-6.9673e-05
-7.0404e-05
-7.0852e-05
-7.1016e-05
-7.0898e-05
-7.0499e-05
-6.9825e-05
-6.8879e-05
-6.7668e-05
-6.6197e-05
-6.4475e-05
-6.2511e-05
-6.0314e-05
-5.7895e-05
-5.5264e-05
-5.2434e-05
-4.9419e-05
-4.623e-05
-4.2883e-05
-3.9391e-05
-3.577e-05
-3.2036e-05
-2.8204e-05
-2.4289e-05
-2.0309e-05
-1.628e-05
-1.2218e-05
-8.1399e-06
-4.0618e-06
-3.0937e-18
4.0293e-06
8.0102e-06
1.1927e-05
1.5765e-05
1.951e-05
2.3146e-05
2.6661e-05
3.0042e-05
3.3275e-05
3.6349e-05
3.9254e-05
4.1979e-05
4.4514e-05
4.6852e-05
4.8984e-05
5.0903e-05
5.2605e-05
5.4083e-05
5.5333e-05
5.6354e-05
5.7142e-05
5.7696e-05
5.8016e-05
5.8104e-05
5.796e-05
5.7587e-05
5.699e-05
5.6171e-05
5.5137e-05
5.3893e-05
5.2446e-05
5.0805e-05
4.8977e-05
4.6971e-05
4.4797e-05
4.2466e-05
3.9988e-05
3.7374e-05
3.4636e-05
3.1787e-05
2.8838e-05
2.5803e-05
2.2695e-05
1.9527e-05
1.6311e-05
1.3063e-05
9.794e-06
6.5184e-06
3.2494e-06
3.0276e-18
-3.2169e-06
-6.3887e-06
-9.503e-06
-1.2548e-05
-1.5512e-05
-1.8384e-05
-2.1153e-05
-2.3809e-05
-2.6343e-05
-2.8745e-05
-3.1007e-05
-3.3123e-05
-3.5083e-05
-3.6884e-05
-3.8517e-05
-3.998e-05
-4.1267e-05
-4.2376e-05
-4.3304e-05
-4.4049e-05
-4.4611e-05
-4.4988e-05
-4.5181e-05
-4.5192e-05
-4.5023e-05
-4.4675e-05
-4.4154e-05
-4.3463e-05
-4.2606e-05
-4.1589e-05
-4.0417e-05
-3.9099e-05
-3.764e-05
-3.6048e-05
-3.4331e-05
-3.2497e-05
-3.0557e-05
-2.8517e-05
-2.6389e-05
-2.4182e-05
-2.1906e-05
-1.9571e-05
-1.7187e-05
-1.4764e-05
-1.2314e-05
-9.8453e-06
-7.3697e-06
-4.8969e-06
-2.4371e-06
-4.9099e-19
2.4046e-06
4.7672e-06
7.0788e-06
9.3305e-06
1.1514e-05
1.3621e-05
1.5644e-05
1.7576e-05
1.941e-05
2.114e-05
2.2761e-05
2.4266e-05
2.5652e-05
2.6915e-05
2.8051e-05
2.9056e-05
2.993e-05
3.067e-05
3.1275e-05
3.1745e-05
3.2079e-05
3.2279e-05
3.2345e-05
3.228e-05
3.2085e-05
3.1763e-05
3.1319e-05
3.0754e-05
3.0075e-05
2.9284e-05
2.8388e-05
2.7393e-05
2.6302e-05
2.5124e-05
2.3864e-05
2.2529e-05
2.1126e-05
1.9661e-05
1.8143e-05
1.6578e-05
1.4974e-05
1.3338e-05
1.1678e-05
1.0001e-05
8.3156e-06
6.6279e-06
4.9455e-06
3.2754e-06
1.6247e-06
2.0585e-18
-1.5922e-06
-3.1457e-06
-4.6546e-06
-6.1131e-06
-7.5161e-06
-8.8585e-06
-1.0136e-05
-1.1343e-05
-1.2478e-05
-1.3536e-05
-1.4514e-05
-1.541e-05
-1.6221e-05
-1.6946e-05
-1.7584e-05
-1.8133e-05
-1.8593e-05
-1.8964e-05
-1.9246e-05
-1.9441e-05
-1.9548e-05
-1.9571e-05
-1.951e-05
-1.9368e-05
-1.9148e-05
-1.8851e-05
-1.8483e-05
-1.8046e-05
-1.7543e-05
-1.698e-05
-1.6359e-05
-1.5686e-05
-1.4965e-05
-1.4201e-05
-1.3397e-05
-1.256e-05
-1.1694e-05
-1.0805e-05
-9.896e-06
-8.9733e-06
-8.0414e-06
-7.1053e-06
-6.1695e-06
-5.2389e-06
-4.3177e-06
-3.4105e-06
-2.5212e-06
-1.6539e-06
-8.1235e-07
-4.3483e-19
7.7986e-07
1.5242e-06
2.2303e-06
2.8957e-06
3.5182e-06
4.0958e-06
4.6272e-06
5.1108e-06
5.5458e-06
5.9315e-06
6.2675e-06
6.5537e-06
6.7903e-06
6.978e-06
7.1173e-06
7.2095e-06
7.2558e-06
7.2578e-06
7.2174e-06
7.1365e-06
7.0174e-06
6.8625e-06
6.6745e-06
6.456e-06
6.21e-06
5.9395e-06
5.6476e-06
5.3375e-06
5.0124e-06
4.6756e-06
4.3304e-06
3.9801e-06
3.6279e-06
3.277e-06
2.9307e-06
2.5918e-06
2.2634e-06
1.9484e-06
1.6493e-06
1.3688e-06
1.1092e-06
8.7258e-07
6.6102e-07
4.7626e-07
3.1983e-07
1.9305e-07
9.697e-08
3.243e-08
0
0
-0
-0
-0
-0
-0
-0
-0
-0
-0
-0
-0
-0
-0
-0
-0
-0
-0
-0
-0
-0
-0
-0
-0
-0
-0
-0
-0
-0
-0
-0
-0
-0
-0
-0
-0
-0
-0
-0
-0
-0
-0
-0
-0
-0
-0
-0
-0
-0
-0
-0
0
0
0
0
0
0
0
0
0
0
0
0
0
0
0
0
0
0
0
0
0
0
0
0
0
0
0
0
0
0
0
0
0
0
0
0
0
0
0
0
0
0
0
0
0
0
0
0
0
0
-0
-0
-0
-0
-0
-0
-0
-0
-0
-0
-0
-0
-0
-0
-0
-0
-0
-0
-0
-0
-0
-0
-0
-0
-0
-0
-0
-0
-0
-0
-0
-0
-0
-0
-0
-0
-0
-0
-0
-0
-0
-0
-0
-0
-0
-0
-0
-0
-0
-0
0
0
0
0
0
0
0
0
0
0
0
0
0
0
0
0
0
0
0
0
0
0
0
0
0
0
0
0
0
0
0
0
0
0
0
0
0
0
0
0
0
0
0
0
0
0
0
0
0
0
-0
-0
-0
-0
-0
-0
-0
-0
-0
-0
-0
-0
-0
-0
-0
-0
-0
-0
-0
-0
-0
-0
-0
-0
-0
-0
-0
-0
-0
-0
-0
-0
-0
-0
-0
-0
-0
-0
-0
-0
-0
-0
-0
-0
-0
-0
-0
-0
-0
-0
0
0
0
0
0
0
0
0
0
0
0
0
0
0
0
0
0
0
0
0
0
0
0
0
0
0
0
0
0
0
0
0
0
0
0
0
0
0
0
0
0
0
0
0
0
0
0
0
0
0
-0
-0
-0
-0
-0
-0
-0
-0
-0
-0
-0
-0
-0
-0
-0
-0
-0
-0
-0
-0
-0
-0
-0
-0
-0
-0
-0
-0
-0
-0
-0
-0
-0
-0
-0
-0
-0
-0
-0
-0
-0
-0
-0
-0
-0
-0
-0
-0
-0
-0
0
0
0
0
0
0
0
0
0
0
0
0
0
0
0
0
0
0
0
0
0
0
0
0
0
0
0
0
0
0
0
0
0
0
0
0
0
0
0
0
0
0
0
0
0
0
0
0
0
0
-0
-0
-0
-0
-0
-0
-0
-0
-0
-0
-0
-0
-0
-0
-0
-0
-0
-0
-0
-0
-0
-0
-0
-0
-0
-0
-0
-0
-0
-0
-0
-0
-0
-0
-0
-0
-0
-0
-0
-0
-0
-0
-0
-0
-0
-0
-0
-0
-0
-0
0
0
0
0
0
0
0
0
0
0
0
0
0
0
0
0
0
0
0
0
0
0
0
0
0
0
0
0
0
0
0
0
0
0
0
0
0
0
0
0
0
0
0
0
0
0
0
0
0
0
-0
-0
-0
-0
-0
-0
-0
-0
-0
-0
-0
-0
-0
-0
-0
-0
-0
-0
-0
-0
-0
-0
-0
-0
-0
-0
-0
-0
-0
-0
-0
-0
-0
-0
-0
-0
-0
-0
-0
-0
-0
-0
-0
-0
-0
-0
-0
-0
-0
-0
0
0
0
0
0
0
0
0
0
0
0
0
0
0
0
0
0
0
0
0
0
0
0
0
0
0
0
0
0
0
0
0
0
0
0
0
0
0
0
0
0
0
0
0
0
0
0
0
0
0
-0
-0
-0
-0
-0
-0
-0
-0
-0
-0
-0
-0
-0
-0
-0
-0
-0
-0
-0
-0
-0
-0
-0
-0
-0
-0
-0
-0
-0
-0
-0
-0
-0
-0
-0
-0
-0
-0
-0
-0
-0
-0
-0
-0
-0
-0
-0
-0
-0
-0
0
0
0
0
0
0
0
0
0
0
0
0
0
0
0
0
0
0
0
0
0
0
0
0
0
0
0
0
0
0
0
0
0
0
0
0
0
0
0
0
0
0
0
0
0
0
0
0
0
0
-0
-0
-0
-0
-0
-0
-0
-0
-0
-0
-0
-0
-0
-0
-0
-0
-0
-0
-0
-0
-0
-0
-0
-0
-0
-0
-0
-0
-0
-0
-0
-0
-0
-0
-0
-0
-0
-0
-0
-0
-0
-0
-0
-0
-0
-0
-0
-0
-0
-0
0
0
0
0
0
0
0
0
0
0
0
0
0
0
0
0
0
0
0
0
0
0
0
0
0
0
0
0
0
0
0
0
0
0
0
0
0
0
0
0
0
0
0
0
0
0
0
0
0
0
-0
-0
-0
-0
-0
-0
-0
-0
-0
-0
-0
-0
-0
-0
-0
-0
-0
-0
-0
-0
-0
-0
-0
-0
-0
-0
-0
-0
-0
-0
-0
-0
-0
-0
-0
-0
-0
-0
-0
-0
-0
-0
-0
-0
-0
-0
-0
-0
-0
-0
0
0
0
0
0
0
0
0
0
0
0
0
0
0
0
0
0
0
0
0
0
0
0
0
0
0
0
0
0
0
0
0
0
0
0
0
0
0
0
0
0
0
0
0
0
0
0
0
0
0
-0
-0
-0
-0
-0
-0
-0
-0
-0
-0
-0
-0
-0
-0
-0
-0
-0
-0
-0
-0
-0
-0
-0
-0
-0
-0
-0
-0
-0
-0
-0
-0
-0
-0
-0
-0
-0
-0
-0
-0
-0
-0
-0
-0
-0
-0
-0
-0
-0
-0
0
0
0
0
0
0
0
0
0
0
0
0
0
0
0
0
0
0
0
0
0
0
0
0
0
0
0
0
0
0
0
0
0
0
0
0
0
0
0
0
0
0
0
0
0
0
0
0
0
0
-0
-0
-0
-0
-0
-0
-0
-0
-0
-0
-0
-0
-0
-0
-0
-0
-0
-0
-0
-0
-0
-0
-0
-0
-0
-0
-0
-0
-0
-0
-0
-0
-0
-0
-0
-0
-0
-0
-0
-0
-0
-0
-0
-0
-0
-0
-0
-0
-0
-0
0
0
0
0
0
0
0
0
0
0
0
0
0
0
0
0
0
0
0
0
0
0
0
0
0
0
0
0
0
0
0
0
0
0
0
0
0
0
0
0
0
0
0
0
0
0
0
0
0
-0
-0
-0
-0
-0
-0
-0
-0
-0
-0
-0
-0
-0
-0
-0
-0
-0
-0
-0
-0
-0
-0
-0
-0
-0
-0
-0
-0
-0
-0
-0
-0
-0
-0
-0
-0
-0
-0
-0
-0
-0
-0
-0
-0
-0
-0
-0
-0
-0
-0
-0
0
0
0
0
0
0
0
0
0
0
0
0
0
0
0
0
0
0
0
0
0
0
0
0
0
0
0
0
0
0
0
0
0
0
0
0
0
0
0
0
0
0
0
0
0
0
0
0
0
0
-0
-0
-0
-0
-0
-0
-0
-0
-0
-0
-0
-0
-0
-0
-0
-0
-0
-0
-0
-0
-0
-0
-0
-0
-0
-0
-0
-0
-0
-0
-0
-0
-0
-0
-0
-0
-0
-0
-0
-0
-0
-0
-0
-0
-0
-0
-0
-0
-0
0
0
0
0
0
0
0
0
0
0
0
0
0
0
0
0
0
0
0
0
0
0
0
0
0
0
0
0
0
0
0
0
0
0
0
0
0
0
0
0
0
0
0
0
0
0
0
0
0
0
0
-0
-0
-0
-0
-0
-0
-0
-0
-0
-0
-0
-0
-0
-0
-0
-0
-0
-0
-0
-0
-0
-0
-0
-0
-0
-0
-0
-0
-0
-0
-0
-0
-0
-0
-0
-0
-0
-0
-0
-0
-0
-0
-0
-0
-0
-0
-0
-0
-0
-0
0
0
0
0
0
0
0
0
0
0
0
0
0
0
0
0
0
0
0
0
0
0
0
0
0
0
0
0
0
0
0
0
0
0
0
0
0
0
0
0
0
0
0
0
0
0
0
0
0
0
-0
-0
-0
-0
-0
-0
-0
-0
-0
-0
-0
-0
-0
-0
-0
-0
-0
-0
-0
-0
-0
-0
-0
-0
-0
-0
-0
-0
-0
-0
-0
-0
-0
-0
-0
-0
-0
-0
-0
-0
-0
-0
-0
-0
-0
-0
-0
-0
-0
-0
0
0
0
0
0
0
0
0
0
0
0
0
0
0
0
0
0
0
0
0
0
0
0
0
0
0
0
0
0
0
0
0
0
0
0
0
0
0
0
0
0
0
0
0
0
0
0
0
0
-0
-0
-0
-0
-0
-0
-0
-0
-0
-0
-0
-0
-0
-0
-0
-0
-0
-0
-0
-0
-0
-0
-0
-0
-0
-0
-0
-0
-0
-0
-0
-0
-0
-0
-0
-0
-0
-0
-0
-0
-0
-0
-0
-0
-0
-0
-0
-0
-0
-0
-0
0
0
0
0
0
0
0
0
0
0
0
0
0
0
0
0
0
0
0
0
0
0
0
0
0
0
0
0
0
0
0
0
0
0
0
0
0
0
0
0
0
0
0
0
0
0
0
0
0
-0
-0
-0
-0
-0
-0
-0
-0
-0
-0
-0
-0
-0
-0
-0
-0
-0
-0
-0
-0
-0
-0
-0
-0
-0
-0
-0
-0
-0
-0
-0
-0
-0
-0
-0
-0
-0
-0
-0
-0
-0
-0
-0
-0
-0
-0
-0
-0
-0
-0
-0
0
0
0
0
0
0
0
0
0
0
0
0
0
0
0
0
0
0
0
0
0
0
0
0
0
0
0
0
0
0
0
0
0
0
0
0
0
0
0
0
0
0
0
0
0
0
0
0
0
0
-0
-0
-0
-0
-0
-0
-0
-0
-0
-0
-0
-0
-0
-0
-0
-0
-0
-0
-0
-0
-0
-0
-0
-0
-0
-0
-0
-0
-0
-0
-0
-0
-0
-0
-0
-0
-0
-0
-0
-0
-0
-0
-0
-0
-0
-0
-0
-0
-0
-0
0
0
0
0
0
0
0
0
0
0
0
0
0
0
0
0
0
0
0
0
0
0
0
0
0
0
0
0
0
0
0
0
0
0
0
0
0
0
0
0
0
0
0
0
0
0
0
0
0
0
-0
-0
-0
-0
-0
-0
-0
-0
-0
-0
-0
-0
-0
-0
-0
-0
-0
-0
-0
-0
-0
-0
-0
-0
-0
-0
-0
-0
-0
-0
-0
-0
-0
-0
-0
-0
-0
-0
-0
-0
-0
-0
-0
-0
-0
-0
-0
-0
-0
-0
0
0
0
0
0
0
0
0
0
0
0
0
0
0
0
0
0
0
0
0
0
0
0
0
0
0
0
0
0
0
0
0
0
0
0
0
0
0
0
0
0
0
0
0
0
0
0
0
0
0
-0
-0
-0
-0
-0
-0
-0
-0
-0
-0
-0
-0
-0
-0
-0
-0
-0
-0
-0
-0
-0
-0
-0
-0
-0
-0
-0
-0
-0
-0
-0
-0
-0
-0
-0
-0
-0
-0
-0
-0
-0
-0
-0
-0
-0
-0
-0
-0
-0
-0
0
0
0
0
0
0
0
0
0
0
0
0
0
0
0
0
0
0
0
0
0
0
0
0
0
0
0
0
0
0
0
0
0
0
0
0
0
0
0
0
0
0
0
0
0
0
0
0
0
-0
-0
-0
-0
-0
-0
-0
-0
-0
-0
-0
-0
-0
-0
-0
-0
-0
-0
-0
-0
-0
-0
-0
-0
-0
-0
-0
-0
-0
-0
-0
-0
-0
-0
-0
-0
-0
-0
-0
-0
-0
-0
-0
-0
-0
-0
-0
-0
-0
-0
-0
0
0
0
0
0
0
0
0
0
0
0
0
0
0
0
0
0
0
0
0
0
0
0
0
0
0
0
0
0
0
0
0
0
0
0
0
0
0
0
0
0
0
0
0
0
0
0
0
0
-0
-0
-0
-0
-0
-0
-0
-0
-0
-0
-0
-0
-0
-0
-0
-0
-0
-0
-0
-0
-0
-0
-0
-0
-0
-0
-0
-0
-0
-0
-0
-0
-0
-0
-0
-0
-0
-0
-0
-0
-0
-0
-0
-0
-0
-0
-0
-0
-0
-0
-0
0
0
0
0
0
0
0
0
0
0
0
0
0
0
0
0
0
0
0
0
0
0
0
0
0
0
0
0
0
0
0
0
0
0
0
0
0
0
0
0
0
0
0
0
0
0
0
0
0
0
-0
-0
-0
-0
-0
-0
-0
-0
-0
-0
-0
-0
-0
-0
-0
-0
-0
-0
-0
-0
-0
-0
-0
-0
-0
-0
-0
-0
-0
-0
-0
-0
-0
-0
-0
-0
-0
-0
-0
-0
-0
-0
-0
-0
-0
-0
-0
-0
-0
-0
0
0
0
0
0
0
0
0
0
0
0
0
0
0
0
0
0
0
0
0
0
0
0
0
0
0
0
0
0
0
0
0
0
0
0
0
0
0
0
0
0
0
0
0
0
0
0
0
0
0
-0
-0
-0
-0
-0
-0
-0
-0
-0
-0
-0
-0
-0
-0
-0
-0
-0
-0
-0
-0
-0
-0
-0
-0
-0
-0
-0
-0
-0
-0
-0
-0
-0
-0
-0
-0
-0
-0
-0
-0
-0
-0
-0
-0
-0
-0
-0
-0
-0
-0
0
0
0
0
0
0
0
0
0
0
0
0
0
0
0
0
0
0
0
0
0
0
0
0
0
0
0
0
0
0
0
0
0
0
0
0
0
0
0
0
0
0
0
0
0
0
0
0
0
0
-0
-0
-0
-0
-0
-0
-0
-0
-0
-0
-0
-0
-0
-0
-0
-0
-0
-0
-0
-0
-0
-0
-0
-0
-0
-0
-0
-0
-0
-0
-0
-0
-0
-0
-0
-0
-0
-0
-0
-0
-0
-0
-0
-0
-0
-0
-0
-0
-0
-0
0
0
0
0
0
0
0
0
0
0
0
0
0
0
0
0
0
0
0
0
0
0
0
0
0
0
0
0
0
0
0
0
0
0
0
0
0
0
0
0
0
0
0
0
0
0
0
0
0
-0
-0
-0
-0
-0
-0
-0
-0
-0
-0
-0
-0
-0
-0
-0
-0
-0
-0
-0
-0
-0
-0
-0
-0
-0
-0
-0
-0
-0
-0
-0
-0
-0
-0
-0
-0
-0
-0
-0
-0
-0
-0
-0
-0
-0
-0
-0
-0
-0
-0
-0
0
0
0
0
0
0
0
0
0
0
0
0
0
0
0
0
0
0
0
0
0
0
0
0
0
0
0
0
0
0
0
0
0
0
0
0
0
0
0
0
0
0
0
0
0
0
0
0
0
-0
-0
-0
-0
-0
-0
-0
-0
-0
-0
-0
-0
-0
-0
-0
-0
-0
-0
-0
-0
-0
-0
-0
-0
-0
-0
-0
-0
-0
-0
-0
-0
-0
-0
-0
-0
-0
-0
-0
-0
-0
-0
-0
-0
-0
-0
-0
-0
-0
-0
-0
0
0
0
0
0
0
0
0
0
0
0
0
0
0
0
0
0
0
0
0
0
0
0
0
0
0
0
0
0
0
0
0
0
0
0
0
0
0
0
0
0
0
0
0
0
0
0
0
0
0
-0
-0
-0
-0
-0
-0
-0
-0
-0
-0
-0
-0
-0
-0
-0
-0
-0
-0
-0
-0
-0
-0
-0
-0
-0
-0
-0
-0
-0
-0
-0
-0
-0
-0
-0
-0
-0
-0
-0
-0
-0
-0
-0
-0
-0
-0
-0
-0
-0
-0
0
0
0
0
0
0
0
0
0
0
0
0
0
0
0
0
0
0
0
0
0
0
0
0
0
0
0
0
0
0
0
0
0
0
0
0
0
0
0
0
0
0
0
0
0
0
0
0
0
0
-0
-0
-0
-0
-0
-0
-0
-0
-0
-0
-0
-0
-0
-0
-0
-0
-0
-0
-0
-0
-0
-0
-0
-0
-0
-0
-0
-0
-0
-0
-0
-0
-0
-0
-0
-0
-0
-0
-0
-0
-0
-0
-0
-0
-0
-0
-0
-0
-0
-0
0
0
0
0
0
0
0
0
0
0
0
0
0
0
0
0
0
0
0
0
0
0
0
0
0
0
0
0
0
0
0
0
0
0
0
0
0
0
0
0
0
0
0
0
0
0
0
0
0
0
-0
-0
-0
-0
-0
-0
-0
-0
-0
-0
-0
-0
-0
-0
-0
-0
-0
-0
-0
-0
-0
-0
-0
-0
-0
-0
-0
-0
-0
-0
-0
-0
-0
-0
-0
-0
-0
-0
-0
-0
-0
-0
-0
-0
-0
-0
-0
-0
-0
-0
0
0
0
0
0
0
0
0
0
0
0
0
0
0
0
0
0
0
0
0
0
0
0
0
0
0
0
0
0
0
0
0
0
0
0
0
0
0
0
0
0
0
0
0
0
0
0
0
0
-0
-0
-0
-0
-0
-0
-0
-0
-0
-0
-0
-0
-0
-0
-0
-0
-0
-0
-0
-0
-0
-0
-0
-0
-0
-0
-0
-0
-0
-0
-0
-0
-0
-0
-0
-0
-0
-0
-0
-0
-0
-0
-0
-0
-0
-0
-0
-0
-0
-0
-0
0
0
0
0
0
0
0
0
0
0
0
0
0
0
0
0
0
0
0
0
0
0
0
0
0
0
0
0
0
0
0
0
0
0
0
0
0
0
0
0
0
0
0
0
0
0
0
0
0
-0
-0
-0
-0
-0
-0
-0
-0
-0
-0
-0
-0
-0
-0
-0
-0
-0
-0
-0
-0
-0
-0
-0
-0
-0
-0
-0
-0
-0
-0
-0
-0
-0
-0
-0
-0
-0
-0
-0
-0
-0
-0
-0
-0
-0
-0
-0
-0
-0
-0
-0
0
0
0
0
0
0
0
0
0
0
0
0
0
0
0
0
0
0
0
0
0
0
0
0
0
0
0
0
0
0
0
0
0
0
0
0
0
0
0
0
0
0
0
0
0
0
0
0
0
-0
