-0
-0
-0
-0
-0
-0
-0
-0
-0
-0
-0
-0
-0
-0
-0
-0
-0
-0
-0
-0
-0
-0
-0
-0
-0
-0
-0
-0
-0
-0
-0
-0
-0
-0
-0
-0
-0
-0
-0
-0
-0
-0
-0
-0
-0
-0
-0
-0
-0
-0
-0
0
0
0
0
0
0
0
0
0
0
0
0
0
0
0
0
0
0
0
0
0
0
0
0
0
0
0
0
0
0
0
0
0
0
0
0
0
0
0
0
0
0
0
0
0
0
0
0
0
0
-0
-0
-0
-0
-0
-0
-0
-0
-0
-0
-0
-0
-0
-0
-0
-0
-0
-0
-0
-0
-0
-0
-0
-0
-0
-0
-0
-0
-0
-0
-0
-0
-0
-0
-0
-0
-0
-0
-0
-0
-0
-0
-0
-0
-0
-0
-0
-0
-0
-0
0
0
0
0
0
0
0
0
0
0
0
0
0
0
0
0
0
0
0
0
0
0
0
0
0
0
0
0
0
0
0
0
0
0
0
0
0
0
0
0
0
0
0
0
0
0
0
0
0
0
-0
-0
-0
-0
-0
-0
-0
-0
-0
-0
-0
-0
-0
-0
-0
-0
-0
-0
-0
-0
-0
-0
-0
-0
-0
-0
-0
-0
-0
-0
-0
-0
-0
-0
-0
-0
-0
-0
-0
-0
-0
-0
-0
-0
-0
-0
-0
-0
-0
-0
0
0
0
0
0
0
0
0
0
0
0
0
0
0
0
0
0
0
0
0
0
0
0
0
0
0
0
0
0
0
0
0
0
0
0
0
0
0
0
0
0
0
0
0
0
0
0
0
0
0
-0
-0
-0
-0
-0
-0
-0
-0
-0
-0
-0
-0
-0
-0
-0
-0
-0
-0
-0
-0
-0
-0
-0
-0
-0
-0
-0
-0
-0
-0
-0
-0
-0
-0
-0
-0
-0
-0
-0
-0
-0
-0
-0
-0
-0
-0
-0
-0
-0
0
0
0
0
0
0
0
0
0
0
0
0
0
0
0
0
0
0
0
0
0
0
0
0
0
0
0
0
0
0
0
0
0
0
0
0
0
0
0
0
0
0
0
0
0
0
0
0
0
0
0
-0
-0
-0
-0
-0
-0
-0
-0
-0
-0
-0
-0
-0
-0
-0
-0
-0
-0
-0
-0
-0
-0
-0
-0
-0
-0
-0
-0
-0
-0
-0
-0
-0
-0
-0
-0
-0
-0
-0
-0
-0
-0
-0
-0
-0
-0
-0
-0
-0
-0
0
0
0
0
0
0
0
0
0
0
0
0
0
0
0
0
0
0
0
0
0
0
0
0
0
0
0
0
0
0
0
0
0
0
0
0
0
0
0
0
0
0
0
0
0
0
0
0
0
0
-0
-0
-0
-0
-0
-0
-0
-0
-0
-0
-0
-0
-0
-0
-0
-0
-0
-0
-0
-0
-0
-0
-0
-0
-0
-0
-0
-0
-0
-0
-0
-0
-0
-0
-0
-0
-0
-0
-0
-0
-0
-0
-0
-0
-0
-0
-0
-0
-0
0
0
0
0
0
0
0
0
0
0
0
0
0
0
0
0
0
0
0
0
0
0
0
0
0
0
0
0
0
0
0
0
0
0
0
0
0
0
0
0
0
0
0
0
0
0
0
0
0
0
0
-0
-0
-0
-0
-0
-0
-0
-0
-0
-0
-0
-0
-0
-0
-0
-0
-0
-0
-0
-0
-0
-0
-0
-0
-0
-0
-0
-0
-0
-0
-0
-0
-0
-0
-0
-0
-0
-0
-0
-0
-0
-0
-0
-0
-0
-0
-0
-0
-0
0
0
0
0
0
0
0
0
0
0
0
0
0
0
0
0
0
0
0
0
0
0
0
0
0
0
0
0
0
0
0
0
0
0
0
0
0
0
0
0
0
0
0
0
0
0
0
0
0
0
-0
-0
-0
-0
-0
-0
-0
-0
-0
-0
-0
-0
-0
-0
-0
-0
-0
-0
-0
-0
-0
-0
-0
-0
-0
-0
-0
-0
-0
-0
-0
-0
-0
-0
-0
-0
-0
-0
-0
-0
-0
-0
-0
-0
-0
-0
-0
-0
-0
-0
-0
0
0
0
0
0
0
0
0
0
0
0
0
0
0
0
0
0
0
0
0
0
0
0
0
0
0
0
0
0
0
0
0
0
0
0
0
0
0
0
0
0
0
0
0
0
0
0
0
0
0
-0
-0
-0
-0
-0
-0
-0
-0
-0
-0
-0
-0
-0
-0
-0
-0
-0
-0
-0
-0
-0
-0
-0
-0
-0
-0
-0
-0
-0
-0
-0
-0
-0
-0
-0
-0
-0
-0
-0
-0
-0
-0
-0
-0
-0
-0
-0
-0
-0
-0
0
0
0
0
0
0
0
0
0
0
0
0
0
0
0
0
0
0
0
0
0
0
0
0
0
0
0
0
0
0
0
0
0
0
0
0
0
0
0
0
0
0
0
0
0
0
0
0
0
0
-0
-0
-0
-0
-0
-0
-0
-0
-0
-0
-0
-0
-0
-0
-0
-0
-0
-0
-0
-0
-0
-0
-0
-0
-0
-0
-0
-0
-0
-0
-0
-0
-0
-0
-0
-0
-0
-0
-0
-0
-0
-0
-0
-0
-0
-0
-0
-0
-0
0
0
0
0
0
0
0
0
0
0
0
0
0
0
0
0
0
0
0
0
0
0
0
0
0
0
0
0
0
0
0
0
0
0
0
0
0
0
0
0
0
0
0
0
0
0
0
0
0
0
0
-0
-0
-0
-0
-0
-0
-0
-0
-0
-0
-0
-0
-0
-0
-0
-0
-0
-0
-0
-0
-0
-0
-0
-0
-0
-0
-0
-0
-0
-0
-0
-0
-0
-0
-0
-0
-0
-0
-0
-0
-0
-0
-0
-0
-0
-0
-0
-0
-0
0
0
0
0
0
0
0
0
0
0
0
0
0
0
0
0
0
0
0
0
0
0
0
0
0
0
0
0
0
0
0
0
0
0
0
0
0
0
0
0
0
0
0
0
0
0
0
0
0
0
-0
-0
-0
-0
-0
-0
-0
-0
-0
-0
-0
-0
-0
-0
-0
-0
-0
-0
-0
-0
-0
-0
-0
-0
-0
-0
-0
-0
-0
-0
-0
-0
-0
-0
-0
-0
-0
-0
-0
-0
-0
-0
-0
-0
-0
-0
-0
-0
-0
-0
0
0
0
0
0
0
0
0
0
0
0
0
0
0
0
0
0
0
0
0
0
0
0
0
0
0
0
0
0
0
0
0
0
0
0
0
0
0
0
0
0
0
0
0
0
0
0
0
0
0
0
-0
-0
-0
-0
-0
-0
-0
-0
-0
-0
-0
-0
-0
-0
-0
-0
-0
-0
-0
-0
-0
-0
-0
-0
-0
-0
-0
-0
-0
-0
-0
-0
-0
-0
-0
-0
-0
-0
-0
-0
-0
-0
-0
-0
-0
-0
-0
-0
-0
0
0
0
0
0
0
0
0
0
0
0
0
0
0
0
0
0
0
0
0
0
0
0
0
0
0
0
0
0
0
0
0
0
0
0
0
0
0
0
0
0
0
0
0
0
0
0
0
0
0
-0
-0
-0
-0
-0
-0
-0
-0
-0
-0
-0
-0
-0
-0
-0
-0
-0
-0
-0
-0
-0
-0
-0
-0
-0
-0
-0
-0
-0
-0
-0
-0
-0
-0
-0
-0
-0
-0
-0
-0
-0
-0
-0
-0
-0
-0
-0
-0
-0
-0
0
0
0
0
0
0
0
0
0
0
0
0
0
0
0
0
0
0
0
0
0
0
0
0
0
0
0
0
0
0
0
0
0
0
0
0
0
0
0
0
0
0
0
0
0
0
0
0
0
0
-0
-0
-0
-0
-0
-0
-0
-0
-0
-0
-0
-0
-0
-0
-0
-0
-0
-0
-0
-0
-0
-0
-0
-0
-0
-0
-0
-0
-0
-0
-0
-0
-0
-0
-0
-0
-0
-0
-0
-0
-0
-0
-0
-0
-0
-0
-0
-0
-0
-0
0
0
0
0
0
0
0
0
0
0
0
0
0
0
0
0
0
0
0
0
0
0
0
0
0
0
0
0
0
0
0
0
0
0
0
0
0
0
0
0
0
0
0
0
0
0
0
0
0
0
0
-0
-0
-0
-0
-0
-0
-0
-0
-0
-0
-0
-0
-0
-0
-0
-0
-0
-0
-0
-0
-0
-0
-0
-0
-0
-0
-0
-0
-0
-0
-0
-0
-0
-0
-0
-0
-0
-0
-0
-0
-0
-0
-0
-0
-0
-0
-0
-0
-0
-0
0
0
0
0
0
0
0
0
0
0
0
0
0
0
0
0
0
0
0
0
0
0
0
0
0
0
0
0
0
0
0
0
0
0
0
0
0
0
0
0
0
0
0
0
0
0
0
0
0
0
-0
-0
-0
-0
-0
-0
-0
-0
-0
-0
-0
-0
-0
-0
-0
-0
-0
-0
-0
-0
-0
-0
-0
-0
-0
-0
-0
-0
-0
-0
-0
-0
-0
-0
-0
-0
-0
-0
-0
-0
-0
-0
-0
-0
-0
-0
-0
-0
-0
-0
0
0
0
0
0
0
0
0
0
0
0
0
0
0
0
0
0
0
0
0
0
0
0
0
0
0
0
0
0
0
0
0
0
0
0
0
0
0
0
0
0
0
0
0
0
0
0
0
0
0
-0
-0
-0
-0
-0
-0
-0
-0
-0
-0
-0
-0
-0
-0
-0
-0
-0
-0
-0
-0
-0
-0
-0
-0
-0
-0
-0
-0
-0
-0
-0
-0
-0
-0
-0
-0
-0
-0
-0
-0
-0
-0
-0
-0
-0
-0
-0
-0
-0
-0
0
0
0
0
0
0
0
0
0
0
0
0
0
0
0
0
0
0
0
0
0
0
0
0
0
0
0
0
0
0
0
0
0
0
0
0
0
0
0
0
0
0
0
0
0
0
0
0
0
0
-0
-0
-0
-0
-0
-0
-0
-0
-0
-0
-0
-0
-0
-0
-0
-0
-0
-0
-0
-0
-0
-0
-0
-0
-0
-0
-0
-0
-0
-0
-0
-0
-0
-0
-0
-0
-0
-0
-0
-0
-0
-0
-0
-0
-0
-0
-0
-0
-0
-0
0
0
0
0
0
0
0
0
0
0
0
0
0
0
0
0
0
0
0
0
0
0
0
0
0
0
0
0
0
0
0
0
0
0
0
0
0
0
0
0
0
0
0
0
0
0
0
0
0
-0
-0
-0
-0
-0
-0
-0
-0
-0
-0
-0
-0
-0
-0
-0
-0
-0
-0
-0
-0
-0
-0
-0
-0
-0
-0
-0
-0
-0
-0
-0
-0
-0
-0
-0
-0
-0
-0
-0
-0
-0
-0
-0
-0
-0
-0
-0
-0
-0
-0
-0
0
0
0
0
0
0
0
0
0
0
0
0
0
0
0
0
0
0
0
0
0
0
0
0
0
0
0
0
0
0
0
0
0
0
0
0
0
0
0
0
0
0
0
0
0
0
0
0
0
0
-5.4157e-09
-2.162e-08
-4.8485e-08
-8.5798e-08
-1.3326e-07
-1.905e-07
-2.5706e-07
-3.3241e-07
-4.1594e-07
-5.0696e-07
-6.0476e-07
-7.0851e-07
-8.1736e-07
-9.3039e-07
-1.0467e-06
-1.1652e-06
-1.2849e-06
-1.4047e-06
-1.5237e-06
-1.6406e-06
-1.7543e-06
-1.8639e-06
-1.9681e-06
-2.0659e-06
-2.1562e-06
-2.2381e-06
-2.3104e-06
-2.3722e-06
-2.4227e-06
-2.4609e-06
-2.486e-06
-2.4973e-06
-2.4942e-06
-2.476e-06
-2.4422e-06
-2.3924e-06
-2.3263e-06
-2.2436e-06
-2.1441e-06
-2.0279e-06
-1.8948e-06
-1.7452e-06
-1.5791e-06
-1.397e-06
-1.1994e-06
-9.8668e-07
-7.596e-07
-5.1888e-07
-2.6537e-07
-6.7617e-20
2.762e-07
5.6212e-07
8.5657e-07
1.1583e-06
1.4659e-06
1.778e-06
2.0932e-06
2.41e-06
2.7267e-06
3.0418e-06
3.3536e-06
3.6606e-06
3.961e-06
4.2532e-06
4.5356e-06
4.8063e-06
5.064e-06
5.3068e-06
5.5333e-06
5.742e-06
5.9314e-06
6.1e-06
6.2466e-06
6.3699e-06
6.4687e-06
6.5421e-06
6.5889e-06
6.6083e-06
6.5997e-06
6.5623e-06
6.4957e-06
6.3994e-06
6.2733e-06
6.1172e-06
5.9311e-06
5.7153e-06
5.47e-06
5.1957e-06
4.893e-06
4.5627e-06
4.2056e-06
3.8227e-06
3.4153e-06
2.9846e-06
2.532e-06
2.0592e-06
1.5677e-06
1.0594e-06
5.3615e-07
-1.6921e-20
-5.4698e-07
-1.1026e-06
-1.6646e-06
-2.2307e-06
-2.7985e-06
-3.3656e-06
-3.9294e-06
-4.4875e-06
-5.0374e-06
-5.5766e-06
-6.1025e-06
-6.6127e-06
-7.1047e-06
-7.5761e-06
-8.0244e-06
-8.4475e-06
-8.843e-06
-9.2089e-06
-9.543e-06
-9.8434e-06
-1.0108e-05
-1.0336e-05
-1.0525e-05
-1.0674e-05
-1.0781e-05
-1.0846e-05
-1.0867e-05
-1.0844e-05
-1.0777e-05
-1.0664e-05
-1.0505e-05
-1.0301e-05
-1.0052e-05
-9.7583e-06
-9.42e-06
-9.0381e-06
-8.6137e-06
-8.1478e-06
-7.6419e-06
-7.0975e-06
-6.5163e-06
-5.9003e-06
-5.2515e-06
-4.5721e-06
-3.8646e-06
-3.1316e-06
-2.3758e-06
-1.5999e-06
-8.0694e-07
-1.1409e-19
8.1777e-07
1.6431e-06
2.4727e-06
3.3032e-06
4.1312e-06
4.9531e-06
5.7656e-06
6.5651e-06
7.3482e-06
8.1114e-06
8.8514e-06
9.5648e-06
1.0248e-05
1.0899e-05
1.1513e-05
1.2089e-05
1.2622e-05
1.3111e-05
1.3553e-05
1.3945e-05
1.4285e-05
1.4572e-05
1.4804e-05
1.4978e-05
1.5094e-05
1.515e-05
1.5146e-05
1.5081e-05
1.4954e-05
1.4765e-05
1.4515e-05
1.4204e-05
1.3831e-05
1.3399e-05
1.2909e-05
1.2361e-05
1.1757e-05
1.11e-05
1.0391e-05
9.6323e-06
8.8271e-06
7.9778e-06
7.0876e-06
6.1596e-06
5.1973e-06
4.2041e-06
3.1838e-06
2.1404e-06
1.0777e-06
-1.5219e-19
-1.0886e-06
-2.1836e-06
-3.2808e-06
-4.3757e-06
-5.4638e-06
-6.5407e-06
-7.6018e-06
-8.6427e-06
-9.6589e-06
-1.0646e-05
-1.16e-05
-1.2517e-05
-1.3392e-05
-1.4222e-05
-1.5002e-05
-1.573e-05
-1.6401e-05
-1.7013e-05
-1.7562e-05
-1.8046e-05
-1.8462e-05
-1.8808e-05
-1.9082e-05
-1.9282e-05
-1.9406e-05
-1.9454e-05
-1.9424e-05
-1.9317e-05
-1.9131e-05
-1.8867e-05
-1.8525e-05
-1.8106e-05
-1.761e-05
-1.7041e-05
-1.6398e-05
-1.5684e-05
-1.4901e-05
-1.4052e-05
-1.314e-05
-1.2167e-05
-1.1138e-05
-1.0055e-05
-8.9238e-06
-7.7472e-06
-6.5299e-06
-5.2766e-06
-3.9919e-06
-2.6809e-06
-1.3485e-06
-4.2224e-20
1.3593e-06
2.7241e-06
4.0889e-06
5.4482e-06
6.7964e-06
8.1282e-06
9.4379e-06
1.072e-05
1.197e-05
1.3181e-05
1.4349e-05
1.5469e-05
1.6536e-05
1.7545e-05
1.8491e-05
1.9371e-05
2.018e-05
2.0915e-05
2.1572e-05
2.2148e-05
2.2639e-05
2.3044e-05
2.3361e-05
2.3586e-05
2.3719e-05
2.3758e-05
2.3703e-05
2.3553e-05
2.3308e-05
2.2968e-05
2.2534e-05
2.2008e-05
2.139e-05
2.0682e-05
1.9887e-05
1.9007e-05
1.8045e-05
1.7004e-05
1.5889e-05
1.4702e-05
1.3449e-05
1.2133e-05
1.076e-05
9.3347e-06
7.8626e-06
6.3491e-06
4.8e-06
3.2214e-06
1.6193e-06
-4.058e-19
-1.6301e-06
-3.2646e-06
-4.897e-06
-6.5206e-06
-8.1291e-06
-9.7157e-06
-1.1274e-05
-1.2798e-05
-1.428e-05
-1.5716e-05
-1.7098e-05
-1.8421e-05
-1.9679e-05
-2.0867e-05
-2.198e-05
-2.3012e-05
-2.3959e-05
-2.4817e-05
-2.5582e-05
-2.6249e-05
-2.6816e-05
-2.7281e-05
-2.7639e-05
-2.789e-05
-2.8031e-05
-2.8062e-05
-2.7981e-05
-2.7789e-05
-2.7485e-05
-2.7069e-05
-2.6544e-05
-2.591e-05
-2.5169e-05
-2.4323e-05
-2.3376e-05
-2.2329e-05
-2.1188e-05
-1.9956e-05
-1.8637e-05
-1.7237e-05
-1.5759e-05
-1.4211e-05
-1.2596e-05
-1.0922e-05
-9.1952e-06
-7.4215e-06
-5.6081e-06
-3.7619e-06
-1.8901e-06
1.4799e-19
1.9009e-06
3.8051e-06
5.7051e-06
7.5931e-06
9.4617e-06
1.1303e-05
1.311e-05
1.4875e-05
1.6591e-05
1.8251e-05
1.9847e-05
2.1373e-05
2.2823e-05
2.419e-05
2.5469e-05
2.6653e-05
2.7738e-05
2.8719e-05
2.9591e-05
3.0351e-05
3.0993e-05
3.1517e-05
3.1918e-05
3.2194e-05
3.2344e-05
3.2366e-05
3.226e-05
3.2025e-05
3.1662e-05
3.1171e-05
3.0554e-05
2.9812e-05
2.8948e-05
2.7964e-05
2.6864e-05
2.5652e-05
2.4332e-05
2.2908e-05
2.1386e-05
1.9772e-05
1.807e-05
1.6288e-05
1.4432e-05
1.251e-05
1.0528e-05
8.494e-06
6.4162e-06
4.3024e-06
2.1609e-06
2.028e-19
-2.1717e-06
-4.3456e-06
-6.5131e-06
-8.6656e-06
-1.0794e-05
-1.2891e-05
-1.4946e-05
-1.6953e-05
-1.8902e-05
-2.0786e-05
-2.2596e-05
-2.4325e-05
-2.5967e-05
-2.7513e-05
-2.8958e-05
-3.0294e-05
-3.1517e-05
-3.2621e-05
-3.3601e-05
-3.4452e-05
-3.517e-05
-3.5753e-05
-3.6196e-05
-3.6498e-05
-3.6656e-05
-3.667e-05
-3.6538e-05
-3.6261e-05
-3.5839e-05
-3.5272e-05
-3.4563e-05
-3.3714e-05
-3.2727e-05
-3.1605e-05
-3.0353e-05
-2.8975e-05
-2.7476e-05
-2.586e-05
-2.4135e-05
-2.2306e-05
-2.0381e-05
-1.8366e-05
-1.6268e-05
-1.4097e-05
-1.186e-05
-9.5665e-06
-7.2243e-06
-4.8429e-06
-2.4316e-06
4.5654e-19
2.4425e-06
4.8861e-06
7.3212e-06
9.7381e-06
1.2127e-05
1.4478e-05
1.6783e-05
1.903e-05
2.1213e-05
2.332e-05
2.5345e-05
2.7277e-05
2.911e-05
3.0836e-05
3.2447e-05
3.3936e-05
3.5297e-05
3.6523e-05
3.7611e-05
3.8553e-05
3.9347e-05
3.9989e-05
4.0475e-05
4.0802e-05
4.0969e-05
4.0974e-05
4.0817e-05
4.0497e-05
4.0016e-05
3.9374e-05
3.8573e-05
3.7616e-05
3.6506e-05
3.5246e-05
3.3842e-05
3.2298e-05
3.0619e-05
2.8813e-05
2.6884e-05
2.4841e-05
2.2692e-05
2.0443e-05
1.8105e-05
1.5685e-05
1.3193e-05
1.0639e-05
8.0323e-06
5.3834e-06
2.7024e-06
-4.2357e-20
-2.7133e-06
-5.4266e-06
-8.1293e-06
-1.0811e-05
-1.346e-05
-1.6066e-05
-1.8619e-05
-2.1108e-05
-2.3523e-05
-2.5855e-05
-2.8094e-05
-3.023e-05
-3.2254e-05
-3.4159e-05
-3.5936e-05
-3.7577e-05
-3.9076e-05
-4.0425e-05
-4.162e-05
-4.2655e-05
-4.3524e-05
-4.4225e-05
-4.4753e-05
-4.5106e-05
-4.5281e-05
-4.5278e-05
-4.5095e-05
-4.4733e-05
-4.4193e-05
-4.3475e-05
-4.2583e-05
-4.1518e-05
-4.0285e-05
-3.8888e-05
-3.7331e-05
-3.5621e-05
-3.3763e-05
-3.1765e-05
-2.9633e-05
-2.7376e-05
-2.5002e-05
-2.2521e-05
-1.9941e-05
-1.7272e-05
-1.4526e-05
-1.1711e-05
-8.8404e-06
-5.9239e-06
-2.9732e-06
8.8344e-19
2.984e-06
5.9671e-06
8.9374e-06
1.1883e-05
1.4792e-05
1.7653e-05
2.0455e-05
2.3186e-05
2.5834e-05
2.839e-05
3.0843e-05
3.3182e-05
3.5398e-05
3.7482e-05
3.9424e-05
4.1218e-05
4.2855e-05
4.4327e-05
4.563e-05
4.6756e-05
4.7702e-05
4.8461e-05
4.9032e-05
4.941e-05
4.9594e-05
4.9582e-05
4.9374e-05
4.8969e-05
4.837e-05
4.7577e-05
4.6592e-05
4.542e-05
4.4064e-05
4.2529e-05
4.082e-05
3.8944e-05
3.6907e-05
3.4717e-05
3.2382e-05
2.9911e-05
2.7313e-05
2.4598e-05
2.1777e-05
1.886e-05
1.5858e-05
1.2784e-05
9.6485e-06
6.4644e-06
3.244e-06
-4.0586e-19
-3.2548e-06
-6.5076e-06
-9.7455e-06
-1.2955e-05
-1.6125e-05
-1.9241e-05
-2.2291e-05
-2.5263e-05
-2.8145e-05
-3.0925e-05
-3.3591e-05
-3.6134e-05
-3.8541e-05
-4.0804e-05
-4.2913e-05
-4.4859e-05
-4.6634e-05
-4.823e-05
-4.964e-05
-5.0858e-05
-5.1879e-05
-5.2697e-05
-5.331e-05
-5.3714e-05
-5.3906e-05
-5.3886e-05
-5.3652e-05
-5.3206e-05
-5.2547e-05
-5.1678e-05
-5.0602e-05
-4.9322e-05
-4.7843e-05
-4.617e-05
-4.4309e-05
-4.2267e-05
-4.005e-05
-3.7669e-05
-3.5131e-05
-3.2446e-05
-2.9624e-05
-2.6676e-05
-2.3613e-05
-2.0447e-05
-1.7191e-05
-1.3856e-05
-1.0457e-05
-7.0049e-06
-3.5148e-06
-1.6471e-19
3.5256e-06
7.0481e-06
1.0554e-05
1.4028e-05
1.7458e-05
2.0828e-05
2.4127e-05
2.7341e-05
3.0456e-05
3.346e-05
3.634e-05
3.9086e-05
4.1685e-05
4.4127e-05
4.6402e-05
4.85e-05
5.0413e-05
5.2132e-05
5.3649e-05
5.4959e-05
5.6056e-05
5.6933e-05
5.7589e-05
5.8018e-05
5.8219e-05
5.819e-05
5.7931e-05
5.7442e-05
5.6724e-05
5.5779e-05
5.4612e-05
5.3224e-05
5.1622e-05
4.9811e-05
4.7798e-05
4.5589e-05
4.3194e-05
4.0621e-05
3.788e-05
3.4981e-05
3.1935e-05
2.8753e-05
2.5449e-05
2.2035e-05
1.8524e-05
1.4929e-05
1.1265e-05
7.5454e-06
3.7856e-06
-8.8771e-19
-3.7964e-06
-7.5886e-06
-1.1362e-05
-1.51e-05
-1.879e-05
-2.2416e-05
-2.5963e-05
-2.9418e-05
-3.2766e-05
-3.5994e-05
-3.9089e-05
-4.2038e-05
-4.4829e-05
-4.745e-05
-4.9891e-05
-5.2141e-05
-5.4192e-05
-5.6034e-05
-5.7659e-05
-5.9061e-05
-6.0233e-05
-6.1169e-05
-6.1867e-05
-6.2322e-05
-6.2531e-05
-6.2494e-05
-6.2209e-05
-6.1678e-05
-6.0901e-05
-5.9881e-05
-5.8621e-05
-5.7126e-05
-5.5401e-05
-5.3452e-05
-5.1287e-05
-4.8912e-05
-4.6338e-05
-4.3573e-05
-4.0629e-05
-3.7515e-05
-3.4245e-05
-3.0831e-05
-2.7286e-05
-2.3623e-05
-1.9856e-05
-1.6001e-05
-1.2073e-05
-8.0859e-06
-4.0563e-06
2.5374e-19
4.0672e-06
8.1291e-06
1.217e-05
1.6173e-05
2.0123e-05
2.4004e-05
2.78e-05
3.1496e-05
3.5077e-05
3.8529e-05
4.1838e-05
4.499e-05
4.7973e-05
5.0773e-05
5.338e-05
5.5783e-05
5.7971e-05
5.9936e-05
6.1669e-05
6.3162e-05
6.441e-05
6.5406e-05
6.6146e-05
6.6626e-05
6.6844e-05
6.6798e-05
6.6488e-05
6.5914e-05
6.5078e-05
6.3982e-05
6.2631e-05
6.1028e-05
5.918e-05
5.7093e-05
5.4776e-05
5.2235e-05
4.9481e-05
4.6525e-05
4.3377e-05
4.005e-05
3.6556e-05
3.2909e-05
2.9122e-05
2.521e-05
2.1189e-05
1.7074e-05
1.2881e-05
8.6264e-06
4.3271e-06
-1.4879e-18
-4.338e-06
-8.6696e-06
-1.2978e-05
-1.7245e-05
-2.1455e-05
-2.5591e-05
-2.9636e-05
-3.3573e-05
-3.7388e-05
-4.1064e-05
-4.4587e-05
-4.7942e-05
-5.1116e-05
-5.4096e-05
-5.6869e-05
-5.9424e-05
-6.175e-05
-6.3838e-05
-6.5678e-05
-6.7263e-05
-6.8587e-05
-6.9642e-05
-7.0424e-05
-7.093e-05
-7.1156e-05
-7.1102e-05
-7.0766e-05
-7.015e-05
-6.9255e-05
-6.8084e-05
-6.6641e-05
-6.493e-05
-6.2959e-05
-6.0735e-05
-5.8264e-05
-5.5558e-05
-5.2625e-05
-4.9477e-05
-4.6126e-05
-4.2585e-05
-3.8867e-05
-3.4986e-05
-3.0958e-05
-2.6798e-05
-2.2522e-05
-1.8146e-05
-1.3689e-05
-9.1669e-06
-4.5979e-06
7.9053e-19
4.6087e-06
9.2101e-06
1.3786e-05
1.8318e-05
2.2788e-05
2.7179e-05
3.1472e-05
3.5651e-05
3.9699e-05
4.3599e-05
4.7336e-05
5.0894e-05
5.426e-05
5.7419e-05
6.0358e-05
6.3065e-05
6.5529e-05
6.774e-05
6.9688e-05
7.1365e-05
7.2764e-05
7.3878e-05
7.4703e-05
7.5234e-05
7.5469e-05
7.5406e-05
7.5045e-05
7.4386e-05
7.3432e-05
7.2185e-05
7.065e-05
6.8832e-05
6.6738e-05
6.4376e-05
6.1753e-05
5.8881e-05
5.5769e-05
5.2429e-05
4.8875e-05
4.512e-05
4.1178e-05
3.7064e-05
3.2794e-05
2.8385e-05
2.3854e-05
1.9219e-05
1.4497e-05
9.7074e-06
4.8687e-06
-1.9219e-22
-4.8795e-06
-9.7506e-06
-1.4594e-05
-1.939e-05
-2.4121e-05
-2.8766e-05
-3.3308e-05
-3.7729e-05
-4.2009e-05
-4.6134e-05
-5.0085e-05
-5.3846e-05
-5.7404e-05
-6.0741e-05
-6.3847e-05
-6.6706e-05
-6.9308e-05
-7.1642e-05
-7.3698e-05
-7.5466e-05
-7.6941e-05
-7.8114e-05
-7.8981e-05
-7.9538e-05
-7.9781e-05
-7.971e-05
-7.9323e-05
-7.8622e-05
-7.7609e-05
-7.6287e-05
-7.466e-05
-7.2735e-05
-7.0517e-05
-6.8017e-05
-6.5242e-05
-6.2204e-05
-5.8913e-05
-5.5382e-05
-5.1624e-05
-4.7655e-05
-4.3488e-05
-3.9141e-05
-3.463e-05
-2.9973e-05
-2.5187e-05
-2.0291e-05
-1.5305e-05
-1.0248e-05
-5.1395e-06
1.4457e-18
5.1503e-06
1.0291e-05
1.5402e-05
2.0463e-05
2.5453e-05
3.0354e-05
3.5144e-05
3.9806e-05
4.432e-05
4.8669e-05
5.2834e-05
5.6799e-05
6.0547e-05
6.4064e-05
6.7335e-05
7.0347e-05
7.3087e-05
7.5544e-05
7.7707e-05
7.9568e-05
8.1118e-05
8.235e-05
8.326e-05
8.3842e-05
8.4094e-05
8.4014e-05
8.3602e-05
8.2858e-05
8.1786e-05
8.0388e-05
7.867e-05
7.6637e-05
7.4297e-05
7.1658e-05
6.8731e-05
6.5526e-05
6.2056e-05
5.8334e-05
5.4373e-05
5.019e-05
4.5799e-05
4.1219e-05
3.6466e-05
3.156e-05
2.6519e-05
2.1364e-05
1.6113e-05
1.0788e-05
5.4103e-06
1.8594e-18
-5.4157e-06
-1.081e-05
-1.6162e-05
-2.145e-05
-2.6653e-05
-3.1751e-05
-3.6723e-05
-4.1551e-05
-4.6215e-05
-5.0696e-05
-5.4978e-05
-5.9042e-05
-6.2874e-05
-6.6457e-05
-6.9778e-05
-7.2823e-05
-7.5581e-05
-7.8041e-05
-8.0193e-05
-8.2029e-05
-8.354e-05
-8.4722e-05
-8.557e-05
-8.608e-05
-8.625e-05
-8.608e-05
-8.557e-05
-8.4722e-05
-8.354e-05
-8.2029e-05
-8.0193e-05
-7.8041e-05
-7.5581e-05
-7.2823e-05
-6.9778e-05
-6.6457e-05
-6.2874e-05
-5.9042e-05
-5.4978e-05
-5.0696e-05
-4.6215e-05
-4.1551e-05
-3.6723e-05
-3.1751e-05
-2.6653e-05
-2.145e-05
-1.6162e-05
-1.081e-05
-5.4157e-06
-3.379e-19
5.4157e-06
1.081e-05
1.6162e-05
2.145e-05
2.6653e-05
3.1751e-05
3.6723e-05
4.1551e-05
4.6215e-05
5.0696e-05
5.4978e-05
5.9042e-05
6.2874e-05
6.6457e-05
6.9778e-05
7.2823e-05
7.5581e-05
7.8041e-05
8.0193e-05
8.2029e-05
8.354e-05
8.4722e-05
8.557e-05
8.608e-05
8.625e-05
8.608e-05
8.557e-05
8.4722e-05
8.354e-05
8.2029e-05
8.0193e-05
7.8041e-05
7.5581e-05
7.2823e-05
6.9778e-05
6.6457e-05
6.2874e-05
5.9042e-05
5.4978e-05
5.0696e-05
4.6215e-05
4.1551e-05
3.6723e-05
3.1751e-05
2.6653e-05
2.145e-05
1.6162e-05
1.081e-05
5.4157e-06
1.2677e-18
-5.4157e-06
-1.081e-05
-1.6162e-05
-2.145e-05
-2.6653e-05
-3.1751e-05
-3.6723e-05
-4.1551e-05
-4.6215e-05
-5.0696e-05
-5.4978e-05
-5.9042e-05
-6.2874e-05
-6.6457e-05
-6.9778e-05
-7.2823e-05
-7.5581e-05
-7.8041e-05
-8.0193e-05
-8.2029e-05
-8.354e-05
-8.4722e-05
-8.557e-05
-8.608e-05
-8.625e-05
-8.608e-05
-8.557e-05
-8.4722e-05
-8.354e-05
-8.2029e-05
-8.0193e-05
-7.8041e-05
-7.5581e-05
-7.2823e-05
-6.9778e-05
-6.6457e-05
-6.2874e-05
-5.9042e-05
-5.4978e-05
-5.0696e-05
-4.6215e-05
-4.1551e-05
-3.6723e-05
-3.1751e-05
-2.6653e-05
-2.145e-05
-1.6162e-05
-1.081e-05
-5.4157e-06
-2.1976e-18
5.4157e-06
1.081e-05
1.6162e-05
2.145e-05
2.6653e-05
3.1751e-05
3.6723e-05
4.1551e-05
4.6215e-05
5.0696e-05
5.4978e-05
5.9042e-05
6.2874e-05
6.6457e-05
6.9778e-05
7.2823e-05
7.5581e-05
7.8041e-05
8.0193e-05
8.2029e-05
8.354e-05
8.4722e-05
8.557e-05
8.608e-05
8.625e-05
8.608e-05
8.557e-05
8.4722e-05
8.354e-05
8.2029e-05
8.0193e-05
7.8041e-05
7.5581e-05
7.2823e-05
6.9778e-05
6.6457e-05
6.2874e-05
5.9042e-05
5.4978e-05
5.0696e-05
4.6215e-05
4.1551e-05
3.6723e-05
3.1751e-05
2.6653e-05
2.145e-05
1.6162e-05
1.081e-05
5.4157e-06
6.7601e-19
-5.4157e-06
-1.081e-05
-1.6162e-05
-2.145e-05
-2.6653e-05
-3.1751e-05
-3.6723e-05
-4.1551e-05
-4.6215e-05
-5.0696e-05
-5.4978e-05
-5.9042e-05
-6.2874e-05
-6.6457e-05
-6.9778e-05
-7.2823e-05
-7.5581e-05
-7.8041e-05
-8.0193e-05
-8.2029e-05
-8.354e-05
-8.4722e-05
-8.557e-05
-8.608e-05
-8.625e-05
-8.608e-05
-8.557e-05
-8.4722e-05
-8.354e-05
-8.2029e-05
-8.0193e-05
-7.8041e-05
-7.5581e-05
-7.2823e-05
-6.9778e-05
-6.6457e-05
-6.2874e-05
-5.9042e-05
-5.4978e-05
-5.0696e-05
-4.6215e-05
-4.1551e-05
-3.6723e-05
-3.1751e-05
-2.6653e-05
-2.145e-05
-1.6162e-05
-1.081e-05
-5.4157e-06
-1.6058e-18
5.4157e-06
1.081e-05
1.6162e-05
2.145e-05
2.6653e-05
3.1751e-05
3.6723e-05
4.1551e-05
4.6215e-05
5.0696e-05
5.4978e-05
5.9042e-05
6.2874e-05
6.6457e-05
6.9778e-05
7.2823e-05
7.5581e-05
7.8041e-05
8.0193e-05
8.2029e-05
8.354e-05
8.4722e-05
8.557e-05
8.608e-05
8.625e-05
8.608e-05
8.557e-05
8.4722e-05
8.354e-05
8.2029e-05
8.0193e-05
7.8041e-05
7.5581e-05
7.2823e-05
6.9778e-05
6.6457e-05
6.2874e-05
5.9042e-05
5.4978e-05
5.0696e-05
4.6215e-05
4.1551e-05
3.6723e-05
3.1751e-05
2.6653e-05
2.145e-05
1.6162e-05
1.081e-05
5.4157e-06
8.4287e-20
-5.4157e-06
-1.081e-05
-1.6162e-05
-2.145e-05
-2.6653e-05
-3.1751e-05
-3.6723e-05
-4.1551e-05
-4.6215e-05
-5.0696e-05
-5.4978e-05
-5.9042e-05
-6.2874e-05
-6.6457e-05
-6.9778e-05
-7.2823e-05
-7.5581e-05
-7.8041e-05
-8.0193e-05
-8.2029e-05
-8.354e-05
-8.4722e-05
-8.557e-05
-8.608e-05
-8.625e-05
-8.608e-05
-8.557e-05
-8.4722e-05
-8.354e-05
-8.2029e-05
-8.0193e-05
-7.8041e-05
-7.5581e-05
-7.2823e-05
-6.9778e-05
-6.6457e-05
-6.2874e-05
-5.9042e-05
-5.4978e-05
-5.0696e-05
-4.6215e-05
-4.1551e-05
-3.6723e-05
-3.1751e-05
-2.6653e-05
-2.145e-05
-1.6162e-05
-1.081e-05
-5.4157e-06
-1.0141e-18
5.4157e-06
1.081e-05
1.6162e-05
2.145e-05
2.6653e-05
3.1751e-05
3.6723e-05
4.1551e-05
4.6215e-05
5.0696e-05
5.4978e-05
5.9042e-05
6.2874e-05
6.6457e-05
6.9778e-05
7.2823e-05
7.5581e-05
7.8041e-05
8.0193e-05
8.2029e-05
8.354e-05
8.4722e-05
8.557e-05
8.608e-05
8.625e-05
8.608e-05
8.557e-05
8.4722e-05
8.354e-05
8.2029e-05
8.0193e-05
7.8041e-05
7.5581e-05
7.2823e-05
6.9778e-05
6.6457e-05
6.2874e-05
5.9042e-05
5.4978e-05
5.0696e-05
4.6215e-05
4.1551e-05
3.6723e-05
3.1751e-05
2.6653e-05
2.145e-05
1.6162e-05
1.081e-05
5.4157e-06
1.9439e-18
-5.4157e-06
-1.081e-05
-1.6162e-05
-2.145e-05
-2.6653e-05
-3.1751e-05
-3.6723e-05
-4.1551e-05
-4.6215e-05
-5.0696e-05
-5.4978e-05
-5.9042e-05
-6.2874e-05
-6.6457e-05
-6.9778e-05
-7.2823e-05
-7.5581e-05
-7.8041e-05
-8.0193e-05
-8.2029e-05
-8.354e-05
-8.4722e-05
-8.557e-05
-8.608e-05
-8.625e-05
-8.608e-05
-8.557e-05
-8.4722e-05
-8.354e-05
-8.2029e-05
-8.0193e-05
-7.8041e-05
-7.5581e-05
-7.2823e-05
-6.9778e-05
-6.6457e-05
-6.2874e-05
-5.9042e-05
-5.4978e-05
-5.0696e-05
-4.6215e-05
-4.1551e-05
-3.6723e-05
-3.1751e-05
-2.6653e-05
-2.145e-05
-1.6162e-05
-1.081e-05
-5.4157e-06
-4.224e-19
5.4157e-06
1.081e-05
1.6162e-05
2.145e-05
2.6653e-05
3.1751e-05
3.6723e-05
4.1551e-05
4.6215e-05
5.0696e-05
5.4978e-05
5.9042e-05
6.2874e-05
6.6457e-05
6.9778e-05
7.2823e-05
7.5581e-05
7.8041e-05
8.0193e-05
8.2029e-05
8.354e-05
8.4722e-05
8.557e-05
8.608e-05
8.625e-05
8.608e-05
8.557e-05
8.4722e-05
8.354e-05
8.2029e-05
8.0193e-05
7.8041e-05
7.5581e-05
7.2823e-05
6.9778e-05
6.6457e-05
6.2874e-05
5.9042e-05
5.4978e-05
5.0696e-05
4.6215e-05
4.1551e-05
3.6723e-05
3.1751e-05
2.6653e-05
2.145e-05
1.6162e-05
1.081e-05
5.4157e-06
1.3522e-18
-5.4157e-06
-1.081e-05
-1.6162e-05
-2.145e-05
-2.6653e-05
-3.1751e-05
-3.6723e-05
-4.1551e-05
-4.6215e-05
-5.0696e-05
-5.4978e-05
-5.9042e-05
-6.2874e-05
-6.6457e-05
-6.9778e-05
-7.2823e-05
-7.5581e-05
-7.8041e-05
-8.0193e-05
-8.2029e-05
-8.354e-05
-8.4722e-05
-8.557e-05
-8.608e-05
-8.625e-05
-8.608e-05
-8.557e-05
-8.4722e-05
-8.354e-05
-8.2029e-05
-8.0193e-05
-7.8041e-05
-7.5581e-05
-7.2823e-05
-6.9778e-05
-6.6457e-05
-6.2874e-05
-5.9042e-05
-5.4978e-05
-5.0696e-05
-4.6215e-05
-4.1551e-05
-3.6723e-05
-3.1751e-05
-2.6653e-05
-2.145e-05
-1.6162e-05
-1.081e-05
-5.4157e-06
1.6932e-19
5.4157e-06
1.081e-05
1.6162e-05
2.145e-05
2.6653e-05
3.1751e-05
3.6723e-05
4.1551e-05
4.6215e-05
5.0696e-05
5.4978e-05
5.9042e-05
6.2874e-05
6.6457e-05
6.9778e-05
7.2823e-05
7.5581e-05
7.8041e-05
8.0193e-05
8.2029e-05
8.354e-05
8.4722e-05
8.557e-05
8.608e-05
8.625e-05
8.608e-05
8.557e-05
8.4722e-05
8.354e-05
8.2029e-05
8.0193e-05
7.8041e-05
7.5581e-05
7.2823e-05
6.9778e-05
6.6457e-05
6.2874e-05
5.9042e-05
5.4978e-05
5.0696e-05
4.6215e-05
4.1551e-05
3.6723e-05
3.1751e-05
2.6653e-05
2.145e-05
1.6162e-05
1.081e-05
5.4157e-06
7.6051e-19
-5.4157e-06
-1.081e-05
-1.6162e-05
-2.145e-05
-2.6653e-05
-3.1751e-05
-3.6723e-05
-4.1551e-05
-4.6215e-05
-5.0696e-05
-5.4978e-05
-5.9042e-05
-6.2874e-05
-6.6457e-05
-6.9778e-05
-7.2823e-05
-7.5581e-05
-7.8041e-05
-8.0193e-05
-8.2029e-05
-8.354e-05
-8.4722e-05
-8.557e-05
-8.608e-05
-8.625e-05
-8.608e-05
-8.557e-05
-8.4722e-05
-8.354e-05
-8.2029e-05
-8.0193e-05
-7.8041e-05
-7.5581e-05
-7.2823e-05
-6.9778e-05
-6.6457e-05
-6.2874e-05
-5.9042e-05
-5.4978e-05
-5.0696e-05
-4.6215e-05
-4.1551e-05
-3.6723e-05
-3.1751e-05
-2.6653e-05
-2.145e-05
-1.6162e-05
-1.081e-05
-5.4157e-06
-1.6903e-18
5.4157e-06
1.081e-05
1.6162e-05
2.145e-05
2.6653e-05
3.1751e-05
3.6723e-05
4.1551e-05
4.6215e-05
5.0696e-05
5.4978e-05
5.9042e-05
6.2874e-05
6.6457e-05
6.9778e-05
7.2823e-05
7.5581e-05
7.8041e-05
8.0193e-05
8.2029e-05
8.354e-05
8.4722e-05
8.557e-05
8.608e-05
8.625e-05
8.608e-05
8.557e-05
8.4722e-05
8.354e-05
8.2029e-05
8.0193e-05
7.8041e-05
7.5581e-05
7.2823e-05
6.9778e-05
6.6457e-05
6.2874e-05
5.9042e-05
5.4978e-05
5.0696e-05
4.6215e-05
4.1551e-05
3.6723e-05
3.1751e-05
2.6653e-05
2.145e-05
1.6162e-05
1.081e-05
5.4157e-06
1.6879e-19
-5.4157e-06
-1.081e-05
-1.6162e-05
-2.145e-05
-2.6653e-05
-3.1751e-05
-3.6723e-05
-4.1551e-05
-4.6215e-05
-5.0696e-05
-5.4978e-05
-5.9042e-05
-6.2874e-05
-6.6457e-05
-6.9778e-05
-7.2823e-05
-7.5581e-05
-7.8041e-05
-8.0193e-05
-8.2029e-05
-8.354e-05
-8.4722e-05
-8.557e-05
-8.608e-05
-8.625e-05
-8.608e-05
-8.557e-05
-8.4722e-05
-8.354e-05
-8.2029e-05
-8.0193e-05
-7.8041e-05
-7.5581e-05
-7.2823e-05
-6.9778e-05
-6.6457e-05
-6.2874e-05
-5.9042e-05
-5.4978e-05
-5.0696e-05
-4.6215e-05
-4.1551e-05
-3.6723e-05
-3.1751e-05
-2.6653e-05
-2.145e-05
-1.6162e-05
-1.081e-05
-5.4157e-06
-1.0986e-18
5.4157e-06
1.081e-05
1.6162e-05
2.145e-05
2.6653e-05
3.1751e-05
3.6723e-05
4.1551e-05
4.6215e-05
5.0696e-05
5.4978e-05
5.9042e-05
6.2874e-05
6.6457e-05
6.9778e-05
7.2823e-05
7.5581e-05
7.8041e-05
8.0193e-05
8.2029e-05
8.354e-05
8.4722e-05
8.557e-05
8.608e-05
8.625e-05
8.608e-05
8.557e-05
8.4722e-05
8.354e-05
8.2029e-05
8.0193e-05
7.8041e-05
7.5581e-05
7.2823e-05
6.9778e-05
6.6457e-05
6.2874e-05
5.9042e-05
5.4978e-05
5.0696e-05
4.6215e-05
4.1551e-05
3.6723e-05
3.1751e-05
2.6653e-05
2.145e-05
1.6162e-05
1.081e-05
5.4157e-06
-4.2293e-19
-5.4157e-06
-1.081e-05
-1.6162e-05
-2.145e-05
-2.6653e-05
-3.1751e-05
-3.6723e-05
-4.1551e-05
-4.6215e-05
-5.0696e-05
-5.4978e-05
-5.9042e-05
-6.2874e-05
-6.6457e-05
-6.9778e-05
-7.2823e-05
-7.5581e-05
-7.8041e-05
-8.0193e-05
-8.2029e-05
-8.354e-05
-8.4722e-05
-8.557e-05
-8.608e-05
-8.625e-05
-8.608e-05
-8.557e-05
-8.4722e-05
-8.354e-05
-8.2029e-05
-8.0193e-05
-7.8041e-05
-7.5581e-05
-7.2823e-05
-6.9778e-05
-6.6457e-05
-6.2874e-05
-5.9042e-05
-5.4978e-05
-5.0696e-05
-4.6215e-05
-4.1551e-05
-3.6723e-05
-3.1751e-05
-2.6653e-05
-2.145e-05
-1.6162e-05
-1.081e-05
-5.4157e-06
-5.069e-19
5.4157e-06
1.081e-05
1.6162e-05
2.145e-05
2.6653e-05
3.1751e-05
3.6723e-05
4.1551e-05
4.6215e-05
5.0696e-05
5.4978e-05
5.9042e-05
6.2874e-05
6.6457e-05
6.9778e-05
7.2823e-05
7.5581e-05
7.8041e-05
8.0193e-05
8.2029e-05
8.354e-05
8.4722e-05
8.557e-05
8.608e-05
8.625e-05
8.608e-05
8.557e-05
8.4722e-05
8.354e-05
8.2029e-05
8.0193e-05
7.8041e-05
7.5581e-05
7.2823e-05
6.9778e-05
6.6457e-05
6.2874e-05
5.9042e-05
5.4978e-05
5.0696e-05
4.6215e-05
4.1551e-05
3.6723e-05
3.1751e-05
2.6653e-05
2.145e-05
1.6162e-05
1.081e-05
5.4157e-06
1.4367e-18
-5.4157e-06
-1.081e-05
-1.6162e-05
-2.145e-05
-2.6653e-05
-3.1751e-05
-3.6723e-05
-4.1551e-05
-4.6215e-05
-5.0696e-05
-5.4978e-05
-5.9042e-05
-6.2874e-05
-6.6457e-05
-6.9778e-05
-7.2823e-05
-7.5581e-05
-7.8041e-05
-8.0193e-05
-8.2029e-05
-8.354e-05
-8.4722e-05
-8.557e-05
-8.608e-05
-8.625e-05
-8.608e-05
-8.557e-05
-8.4722e-05
-8.354e-05
-8.2029e-05
-8.0193e-05
-7.8041e-05
-7.5581e-05
-7.2823e-05
-6.9778e-05
-6.6457e-05
-6.2874e-05
-5.9042e-05
-5.4978e-05
-5.0696e-05
-4.6215e-05
-4.1551e-05
-3.6723e-05
-3.1751e-05
-2.6653e-05
-2.145e-05
-1.6162e-05
-1.081e-05
-5.4157e-06
8.4821e-20
5.4157e-06
1.081e-05
1.6162e-05
2.145e-05
2.6653e-05
3.1751e-05
3.6723e-05
4.1551e-05
4.6215e-05
5.0696e-05
5.4978e-05
5.9042e-05
6.2874e-05
6.6457e-05
6.9778e-05
7.2823e-05
7.5581e-05
7.8041e-05
8.0193e-05
8.2029e-05
8.354e-05
8.4722e-05
8.557e-05
8.608e-05
8.625e-05
8.608e-05
8.557e-05
8.4722e-05
8.354e-05
8.2029e-05
8.0193e-05
7.8041e-05
7.5581e-05
7.2823e-05
6.9778e-05
6.6457e-05
6.2874e-05
5.9042e-05
5.4978e-05
5.0696e-05
4.6215e-05
4.1551e-05
3.6723e-05
3.1751e-05
2.6653e-05
2.145e-05
1.6162e-05
1.081e-05
5.4157e-06
8.4501e-19
-5.4157e-06
-1.081e-05
-1.6162e-05
-2.145e-05
-2.6653e-05
-3.1751e-05
-3.6723e-05
-4.1551e-05
-4.6215e-05
-5.0696e-05
-5.4978e-05
-5.9042e-05
-6.2874e-05
-6.6457e-05
-6.9778e-05
-7.2823e-05
-7.5581e-05
-7.8041e-05
-8.0193e-05
-8.2029e-05
-8.354e-05
-8.4722e-05
-8.557e-05
-8.608e-05
-8.625e-05
-8.608e-05
-8.557e-05
-8.4722e-05
-8.354e-05
-8.2029e-05
-8.0193e-05
-7.8041e-05
-7.5581e-05
-7.2823e-05
-6.9778e-05
-6.6457e-05
-6.2874e-05
-5.9042e-05
-5.4978e-05
-5.0696e-05
-4.6215e-05
-4.1551e-05
-3.6723e-05
-3.1751e-05
-2.6653e-05
-2.145e-05
-1.6162e-05
-1.081e-05
-5.4157e-06
-1.7748e-18
5.4157e-06
1.081e-05
1.6162e-05
2.145e-05
2.6653e-05
3.1751e-05
3.6723e-05
4.1551e-05
4.6215e-05
5.0696e-05
5.4978e-05
5.9042e-05
6.2874e-05
6.6457e-05
6.9778e-05
7.2823e-05
7.5581e-05
7.8041e-05
8.0193e-05
8.2029e-05
8.354e-05
8.4722e-05
8.557e-05
8.608e-05
8.625e-05
8.608e-05
8.557e-05
8.4722e-05
8.354e-05
8.2029e-05
8.0193e-05
7.8041e-05
7.5581e-05
7.2823e-05
6.9778e-05
6.6457e-05
6.2874e-05
5.9042e-05
5.4978e-05
5.0696e-05
4.6215e-05
4.1551e-05
3.6723e-05
3.1751e-05
2.6653e-05
2.145e-05
1.6162e-05
1.081e-05
5.4157e-06
2.7047e-18
-5.4157e-06
-1.081e-05
-1.6162e-05
-2.145e-05
-2.6653e-05
-3.1751e-05
-3.6723e-05
-4.1551e-05
-4.6215e-05
-5.0696e-05
-5.4978e-05
-5.9042e-05
-6.2874e-05
-6.6457e-05
-6.9778e-05
-7.2823e-05
-7.5581e-05
-7.8041e-05
-8.0193e-05
-8.2029e-05
-8.354e-05
-8.4722e-05
-8.557e-05
-8.608e-05
-8.625e-05
-8.608e-05
-8.557e-05
-8.4722e-05
-8.354e-05
-8.2029e-05
-8.0193e-05
-7.8041e-05
-7.5581e-05
-7.2823e-05
-6.9778e-05
-6.6457e-05
-6.2874e-05
-5.9042e-05
-5.4978e-05
-5.0696e-05
-4.6215e-05
-4.1551e-05
-3.6723e-05
-3.1751e-05
-2.6653e-05
-2.145e-05
-1.6162e-05
-1.081e-05
-5.4157e-06
1.2683e-18
5.4157e-06
1.081e-05
1.6162e-05
2.145e-05
2.6653e-05
3.1751e-05
3.6723e-05
4.1551e-05
4.6215e-05
5.0696e-05
5.4978e-05
5.9042e-05
6.2874e-05
6.6457e-05
6.9778e-05
7.2823e-05
7.5581e-05
7.8041e-05
8.0193e-05
8.2029e-05
8.354e-05
8.4722e-05
8.557e-05
8.608e-05
8.625e-05
8.608e-05
8.557e-05
8.4722e-05
8.354e-05
8.2029e-05
8.0193e-05
7.8041e-05
7.5581e-05
7.2823e-05
6.9778e-05
6.6457e-05
6.2874e-05
5.9042e-05
5.4978e-05
5.0696e-05
4.6215e-05
4.1551e-05
3.6723e-05
3.1751e-05
2.6653e-05
2.145e-05
1.6162e-05
1.081e-05
5.4157e-06
-3.3843e-19
-5.4157e-06
-1.081e-05
-1.6162e-05
-2.145e-05
-2.6653e-05
-3.1751e-05
-3.6723e-05
-4.1551e-05
-4.6215e-05
-5.0696e-05
-5.4978e-05
-5.9042e-05
-6.2874e-05
-6.6457e-05
-6.9778e-05
-7.2823e-05
-7.5581e-05
-7.8041e-05
-8.0193e-05
-8.2029e-05
-8.354e-05
-8.4722e-05
-8.557e-05
-8.608e-05
-8.625e-05
-8.608e-05
-8.557e-05
-8.4722e-05
-8.354e-05
-8.2029e-05
-8.0193e-05
-7.8041e-05
-7.5581e-05
-7.2823e-05
-6.9778e-05
-6.6457e-05
-6.2874e-05
-5.9042e-05
-5.4978e-05
-5.0696e-05
-4.6215e-05
-4.1551e-05
-3.6723e-05
-3.1751e-05
-2.6653e-05
-2.145e-05
-1.6162e-05
-1.081e-05
-5.4157e-06
-5.914e-19
5.4157e-06
1.081e-05
1.6162e-05
2.145e-05
2.6653e-05
3.1751e-05
3.6723e-05
4.1551e-05
4.6215e-05
5.0696e-05
5.4978e-05
5.9042e-05
6.2874e-05
6.6457e-05
6.9778e-05
7.2823e-05
7.5581e-05
7.8041e-05
8.0193e-05
8.2029e-05
8.354e-05
8.4722e-05
8.557e-05
8.608e-05
8.625e-05
8.608e-05
8.557e-05
8.4722e-05
8.354e-05
8.2029e-05
8.0193e-05
7.8041e-05
7.5581e-05
7.2823e-05
6.9778e-05
6.6457e-05
6.2874e-05
5.9042e-05
5.4978e-05
5.0696e-05
4.6215e-05
4.1551e-05
3.6723e-05
3.1751e-05
2.6653e-05
2.145e-05
1.6162e-05
1.081e-05
5.4157e-06
1.5212e-18
-5.4157e-06
-1.081e-05
-1.6162e-05
-2.145e-05
-2.6653e-05
-3.1751e-05
-3.6723e-05
-4.1551e-05
-4.6215e-05
-5.0696e-05
-5.4978e-05
-5.9042e-05
-6.2874e-05
-6.6457e-05
-6.9778e-05
-7.2823e-05
-7.5581e-05
-7.8041e-05
-8.0193e-05
-8.2029e-05
-8.354e-05
-8.4722e-05
-8.557e-05
-8.608e-05
-8.625e-05
-8.608e-05
-8.557e-05
-8.4722e-05
-8.354e-05
-8.2029e-05
-8.0193e-05
-7.8041e-05
-7.5581e-05
-7.2823e-05
-6.9778e-05
-6.6457e-05
-6.2874e-05
-5.9042e-05
-5.4978e-05
-5.0696e-05
-4.6215e-05
-4.1551e-05
-3.6723e-05
-3.1751e-05
-2.6653e-05
-2.145e-05
-1.6162e-05
-1.081e-05
-5.4157e-06
2.4517e-18
5.4157e-06
1.081e-05
1.6162e-05
2.145e-05
2.6653e-05
3.1751e-05
3.6723e-05
4.1551e-05
4.6215e-05
5.0696e-05
5.4978e-05
5.9042e-05
6.2874e-05
6.6457e-05
6.9778e-05
7.2823e-05
7.5581e-05
7.8041e-05
8.0193e-05
8.2029e-05
8.354e-05
8.4722e-05
8.557e-05
8.608e-05
8.625e-05
8.608e-05
8.557e-05
8.4722e-05
8.354e-05
8.2029e-05
8.0193e-05
7.8041e-05
7.5581e-05
7.2823e-05
6.9778e-05
6.6457e-05
6.2874e-05
5.9042e-05
5.4978e-05
5.0696e-05
4.6215e-05
4.1551e-05
3.6723e-05
3.1751e-05
2.6653e-05
2.145e-05
1.6162e-05
1.081e-05
5.4157e-06
-1.5219e-18
-5.4157e-06
-1.081e-05
-1.6162e-05
-2.145e-05
-2.6653e-05
-3.1751e-05
-3.6723e-05
-4.1551e-05
-4.6215e-05
-5.0696e-05
-5.4978e-05
-5.9042e-05
-6.2874e-05
-6.6457e-05
-6.9778e-05
-7.2823e-05
-7.5581e-05
-7.8041e-05
-8.0193e-05
-8.2029e-05
-8.354e-05
-8.4722e-05
-8.557e-05
-8.608e-05
-8.625e-05
-8.608e-05
-8.557e-05
-8.4722e-05
-8.354e-05
-8.2029e-05
-8.0193e-05
-7.8041e-05
-7.5581e-05
-7.2823e-05
-6.9778e-05
-6.6457e-05
-6.2874e-05
-5.9042e-05
-5.4978e-05
-5.0696e-05
-4.6215e-05
-4.1551e-05
-3.6723e-05
-3.1751e-05
-2.6653e-05
-2.145e-05
-1.6162e-05
-1.081e-05
-5.4157e-06
5.9204e-19
5.4157e-06
1.081e-05
1.6162e-05
2.145e-05
2.6653e-05
3.1751e-05
3.6723e-05
4.1551e-05
4.6215e-05
5.0696e-05
5.4978e-05
5.9042e-05
6.2874e-05
6.6457e-05
6.9778e-05
7.2823e-05
7.5581e-05
7.8041e-05
8.0193e-05
8.2029e-05
8.354e-05
8.4722e-05
8.557e-05
8.608e-05
8.625e-05
8.608e-05
8.557e-05
8.4722e-05
8.354e-05
8.2029e-05
8.0193e-05
7.8041e-05
7.5581e-05
7.2823e-05
6.9778e-05
6.6457e-05
6.2874e-05
5.9042e-05
5.4978e-05
5.0696e-05
4.6215e-05
4.1551e-05
3.6723e-05
3.1751e-05
2.6653e-05
2.145e-05
1.6162e-05
1.081e-05
5.4157e-06
3.3779e-19
-5.4157e-06
-1.081e-05
-1.6162e-05
-2.145e-05
-2.6653e-05
-3.1751e-05
-3.6723e-05
-4.1551e-05
-4.6215e-05
-5.0696e-05
-5.4978e-05
-5.9042e-05
-6.2874e-05
-6.6457e-05
-6.9778e-05
-7.2823e-05
-7.5581e-05
-7.8041e-05
-8.0193e-05
-8.2029e-05
-8.354e-05
-8.4722e-05
-8.557e-05
-8.608e-05
-8.625e-05
-8.608e-05
-8.557e-05
-8.4722e-05
-8.354e-05
-8.2029e-05
-8.0193e-05
-7.8041e-05
-7.5581e-05
-7.2823e-05
-6.9778e-05
-6.6457e-05
-6.2874e-05
-5.9042e-05
-5.4978e-05
-5.0696e-05
-4.6215e-05
-4.1551e-05
-3.6723e-05
-3.1751e-05
-2.6653e-05
-2.145e-05
-1.6162e-05
-1.081e-05
-5.4157e-06
-1.2676e-18
5.4157e-06
1.081e-05
1.6162e-05
2.145e-05
2.6653e-05
3.1751e-05
3.6723e-05
4.1551e-05
4.6215e-05
5.0696e-05
5.4978e-05
5.9042e-05
6.2874e-05
6.6457e-05
6.9778e-05
7.2823e-05
7.5581e-05
7.8041e-05
8.0193e-05
8.2029e-05
8.354e-05
8.4722e-05
8.557e-05
8.608e-05
8.625e-05
8.608e-05
8.557e-05
8.4722e-05
8.354e-05
8.2029e-05
8.0193e-05
7.8041e-05
7.5581e-05
7.2823e-05
6.9778e-05
6.6457e-05
6.2874e-05
5.9042e-05
5.4978e-05
5.0696e-05
4.6215e-05
4.1551e-05
3.6723e-05
3.1751e-05
2.6653e-05
2.145e-05
1.6162e-05
1.081e-05
5.4157e-06
-2.7053e-18
-5.4157e-06
-1.081e-05
-1.6162e-05
-2.145e-05
-2.6653e-05
-3.1751e-05
-3.6723e-05
-4.1551e-05
-4.6215e-05
-5.0696e-05
-5.4978e-05
-5.9042e-05
-6.2874e-05
-6.6457e-05
-6.9778e-05
-7.2823e-05
-7.5581e-05
-7.8041e-05
-8.0193e-05
-8.2029e-05
-8.354e-05
-8.4722e-05
-8.557e-05
-8.608e-05
-8.625e-05
-8.608e-05
-8.557e-05
-8.4722e-05
-8.354e-05
-8.2029e-05
-8.0193e-05
-7.8041e-05
-7.5581e-05
-7.2823e-05
-6.9778e-05
-6.6457e-05
-6.2874e-05
-5.9042e-05
-5.4978e-05
-5.0696e-05
-4.6215e-05
-4.1551e-05
-3.6723e-05
-3.1751e-05
-2.6653e-05
-2.145e-05
-1.6162e-05
-1.081e-05
-5.4157e-06
1.7755e-18
5.4157e-06
1.081e-05
1.6162e-05
2.145e-05
2.6653e-05
3.1751e-05
3.6723e-05
4.1551e-05
4.6215e-05
5.0696e-05
5.4978e-05
5.9042e-05
6.2874e-05
6.6457e-05
6.9778e-05
7.2823e-05
7.5581e-05
7.8041e-05
8.0193e-05
8.2029e-05
8.354e-05
8.4722e-05
8.557e-05
8.608e-05
8.625e-05
8.608e-05
8.557e-05
8.4722e-05
8.354e-05
8.2029e-05
8.0193e-05
7.8041e-05
7.5581e-05
7.2823e-05
6.9778e-05
6.6457e-05
6.2874e-05
5.9042e-05
5.4978e-05
5.0696e-05
4.6215e-05
4.1551e-05
3.6723e-05
3.1751e-05
2.6653e-05
2.145e-05
1.6162e-05
1.081e-05
5.4157e-06
-8.4565e-19
-5.4157e-06
-1.081e-05
-1.6162e-05
-2.145e-05
-2.6653e-05
-3.1751e-05
-3.6723e-05
-4.1551e-05
-4.6215e-05
-5.0696e-05
-5.4978e-05
-5.9042e-05
-6.2874e-05
-6.6457e-05
-6.9778e-05
-7.2823e-05
-7.5581e-05
-7.8041e-05
-8.0193e-05
-8.2029e-05
-8.354e-05
-8.4722e-05
-8.557e-05
-8.608e-05
-8.625e-05
-8.608e-05
-8.557e-05
-8.4722e-05
-8.354e-05
-8.2029e-05
-8.0193e-05
-7.8041e-05
-7.5581e-05
-7.2823e-05
-6.9778e-05
-6.6457e-05
-6.2874e-05
-5.9042e-05
-5.4978e-05
-5.0696e-05
-4.6215e-05
-4.1551e-05
-3.6723e-05
-3.1751e-05
-2.6653e-05
-2.145e-05
-1.6162e-05
-1.081e-05
-5.4157e-06
-8.418e-20
5.4157e-06
1.081e-05
1.6162e-05
2.145e-05
2.6653e-05
3.1751e-05
3.6723e-05
4.1551e-05
4.6215e-05
5.0696e-05
5.4978e-05
5.9042e-05
6.2874e-05
6.6457e-05
6.9778e-05
7.2823e-05
7.5581e-05
7.8041e-05
8.0193e-05
8.2029e-05
8.354e-05
8.4722e-05
8.557e-05
8.608e-05
8.625e-05
8.608e-05
8.557e-05
8.4722e-05
8.354e-05
8.2029e-05
8.0193e-05
7.8041e-05
7.5581e-05
7.2823e-05
6.9778e-05
6.6457e-05
6.2874e-05
5.9042e-05
5.4978e-05
5.0696e-05
4.6215e-05
4.1551e-05
3.6723e-05
3.1751e-05
2.6653e-05
2.145e-05
1.6162e-05
1.081e-05
5.4157e-06
1.014e-18
-5.4157e-06
-1.081e-05
-1.6162e-05
-2.145e-05
-2.6653e-05
-3.1751e-05
-3.6723e-05
-4.1551e-05
-4.6215e-05
-5.0696e-05
-5.4978e-05
-5.9042e-05
-6.2874e-05
-6.6457e-05
-6.9778e-05
-7.2823e-05
-7.5581e-05
-7.8041e-05
-8.0193e-05
-8.2029e-05
-8.354e-05
-8.4722e-05
-8.557e-05
-8.608e-05
-8.625e-05
-8.608e-05
-8.557e-05
-8.4722e-05
-8.354e-05
-8.2029e-05
-8.0193e-05
-7.8041e-05
-7.5581e-05
-7.2823e-05
-6.9778e-05
-6.6457e-05
-6.2874e-05
-5.9042e-05
-5.4978e-05
-5.0696e-05
-4.6215e-05
-4.1551e-05
-3.6723e-05
-3.1751e-05
-2.6653e-05
-2.145e-05
-1.6162e-05
-1.081e-05
-5.4157e-06
2.9589e-18
5.4157e-06
1.081e-05
1.6162e-05
2.145e-05
2.6653e-05
3.1751e-05
3.6723e-05
4.1551e-05
4.6215e-05
5.0696e-05
5.4978e-05
5.9042e-05
6.2874e-05
6.6457e-05
6.9778e-05
7.2823e-05
7.5581e-05
7.8041e-05
8.0193e-05
8.2029e-05
8.354e-05
8.4722e-05
8.557e-05
8.608e-05
8.625e-05
8.608e-05
8.557e-05
8.4722e-05
8.354e-05
8.2029e-05
8.0193e-05
7.8041e-05
7.5581e-05
7.2823e-05
6.9778e-05
6.6457e-05
6.2874e-05
5.9042e-05
5.4978e-05
5.0696e-05
4.6215e-05
4.1551e-05
3.6723e-05
3.1751e-05
2.6653e-05
2.145e-05
1.6162e-05
1.081e-05
5.4157e-06
-2.0291e-18
-5.4157e-06
-1.081e-05
-1.6162e-05
-2.145e-05
-2.6653e-05
-3.1751e-05
-3.6723e-05
-4.1551e-05
-4.6215e-05
-5.0696e-05
-5.4978e-05
-5.9042e-05
-6.2874e-05
-6.6457e-05
-6.9778e-05
-7.2823e-05
-7.5581e-05
-7.8041e-05
-8.0193e-05
-8.2029e-05
-8.354e-05
-8.4722e-05
-8.557e-05
-8.608e-05
-8.625e-05
-8.608e-05
-8.557e-05
-8.4722e-05
-8.354e-05
-8.2029e-05
-8.0193e-05
-7.8041e-05
-7.5581e-05
-7.2823e-05
-6.9778e-05
-6.6457e-05
-6.2874e-05
-5.9042e-05
-5.4978e-05
-5.0696e-05
-4.6215e-05
-4.1551e-05
-3.6723e-05
-3.1751e-05
-2.6653e-05
-2.145e-05
-1.6162e-05
-1.081e-05
-5.4157e-06
1.0993e-18
5.4157e-06
1.081e-05
1.6162e-05
2.145e-05
2.6653e-05
3.1751e-05
3.6723e-05
4.1551e-05
4.6215e-05
5.0696e-05
5.4978e-05
5.9042e-05
6.2874e-05
6.6457e-05
6.9778e-05
7.2823e-05
7.5581e-05
7.8041e-05
8.0193e-05
8.2029e-05
8.354e-05
8.4722e-05
8.557e-05
8.608e-05
8.625e-05
8.608e-05
8.557e-05
8.4722e-05
8.354e-05
8.2029e-05
8.0193e-05
7.8041e-05
7.5581e-05
7.2823e-05
6.9778e-05
6.6457e-05
6.2874e-05
5.9042e-05
5.4978e-05
5.0696e-05
4.6215e-05
4.1551e-05
3.6723e-05
3.1751e-05
2.6653e-05
2.145e-05
1.6162e-05
1.081e-05
5.4157e-06
-1.6943e-19
-5.4157e-06
-1.081e-05
-1.6162e-05
-2.145e-05
-2.6653e-05
-3.1751e-05
-3.6723e-05
-4.1551e-05
-4.6215e-05
-5.0696e-05
-5.4978e-05
-5.9042e-05
-6.2874e-05
-6.6457e-05
-6.9778e-05
-7.2823e-05
-7.5581e-05
-7.8041e-05
-8.0193e-05
-8.2029e-05
-8.354e-05
-8.4722e-05
-8.557e-05
-8.608e-05
-8.625e-05
-8.608e-05
-8.557e-05
-8.4722e-05
-8.354e-05
-8.2029e-05
-8.0193e-05
-7.8041e-05
-7.5581e-05
-7.2823e-05
-6.9778e-05
-6.6457e-05
-6.2874e-05
-5.9042e-05
-5.4978e-05
-5.0696e-05
-4.6215e-05
-4.1551e-05
-3.6723e-05
-3.1751e-05
-2.6653e-05
-2.145e-05
-1.6162e-05
-1.081e-05
-5.4157e-06
-7.604e-19
5.4157e-06
1.081e-05
1.6162e-05
2.145e-05
2.6653e-05
3.1751e-05
3.6723e-05
4.1551e-05
4.6215e-05
5.0696e-05
5.4978e-05
5.9042e-05
6.2874e-05
6.6457e-05
6.9778e-05
7.2823e-05
7.5581e-05
7.8041e-05
8.0193e-05
8.2029e-05
8.354e-05
8.4722e-05
8.557e-05
8.608e-05
8.625e-05
8.608e-05
8.557e-05
8.4722e-05
8.354e-05
8.2029e-05
8.0193e-05
7.8041e-05
7.5581e-05
7.2823e-05
6.9778e-05
6.6457e-05
6.2874e-05
5.9042e-05
5.4978e-05
5.0696e-05
4.6215e-05
4.1551e-05
3.6723e-05
3.1751e-05
2.6653e-05
2.145e-05
1.6162e-05
1.081e-05
5.4157e-06
1.6902e-18
-5.4157e-06
-1.081e-05
-1.6162e-05
-2.145e-05
-2.6653e-05
-3.1751e-05
-3.6723e-05
-4.1551e-05
-4.6215e-05
-5.0696e-05
-5.4978e-05
-5.9042e-05
-6.2874e-05
-6.6457e-05
-6.9778e-05
-7.2823e-05
-7.5581e-05
-7.8041e-05
-8.0193e-05
-8.2029e-05
-8.354e-05
-8.4722e-05
-8.557e-05
-8.608e-05
-8.625e-05
-8.608e-05
-8.557e-05
-8.4722e-05
-8.354e-05
-8.2029e-05
-8.0193e-05
-7.8041e-05
-7.5581e-05
-7.2823e-05
-6.9778e-05
-6.6457e-05
-6.2874e-05
-5.9042e-05
-5.4978e-05
-5.0696e-05
-4.6215e-05
-4.1551e-05
-3.6723e-05
-3.1751e-05
-2.6653e-05
-2.145e-05
-1.6162e-05
-1.081e-05
-5.4157e-06
-2.6201e-18
5.4157e-06
1.081e-05
1.6162e-05
2.145e-05
2.6653e-05
3.1751e-05
3.6723e-05
4.1551e-05
4.6215e-05
5.0696e-05
5.4978e-05
5.9042e-05
6.2874e-05
6.6457e-05
6.9778e-05
7.2823e-05
7.5581e-05
7.8041e-05
8.0193e-05
8.2029e-05
8.354e-05
8.4722e-05
8.557e-05
8.608e-05
8.625e-05
8.608e-05
8.557e-05
8.4722e-05
8.354e-05
8.2029e-05
8.0193e-05
7.8041e-05
7.5581e-05
7.2823e-05
6.9778e-05
6.6457e-05
6.2874e-05
5.9042e-05
5.4978e-05
5.0696e-05
4.6215e-05
4.1551e-05
3.6723e-05
3.1751e-05
2.6653e-05
2.145e-05
1.6162e-05
1.081e-05
5.4157e-06
-1.3529e-18
-5.4157e-06
-1.081e-05
-1.6162e-05
-2.145e-05
-2.6653e-05
-3.1751e-05
-3.6723e-05
-4.1551e-05
-4.6215e-05
-5.0696e-05
-5.4978e-05
-5.9042e-05
-6.2874e-05
-6.6457e-05
-6.9778e-05
-7.2823e-05
-7.5581e-05
-7.8041e-05
-8.0193e-05
-8.2029e-05
-8.354e-05
-8.4722e-05
-8.557e-05
-8.608e-05
-8.625e-05
-8.608e-05
-8.557e-05
-8.4722e-05
-8.354e-05
-8.2029e-05
-8.0193e-05
-7.8041e-05
-7.5581e-05
-7.2823e-05
-6.9778e-05
-6.6457e-05
-6.2874e-05
-5.9042e-05
-5.4978e-05
-5.0696e-05
-4.6215e-05
-4.1551e-05
-3.6723e-05
-3.1751e-05
-2.6653e-05
-2.145e-05
-1.6162e-05
-1.081e-05
-5.4157e-06
4.2304e-19
5.4157e-06
1.081e-05
1.6162e-05
2.145e-05
2.6653e-05
3.1751e-05
3.6723e-05
4.1551e-05
4.6215e-05
5.0696e-05
5.4978e-05
5.9042e-05
6.2874e-05
6.6457e-05
6.9778e-05
7.2823e-05
7.5581e-05
7.8041e-05
8.0193e-05
8.2029e-05
8.354e-05
8.4722e-05
8.557e-05
8.608e-05
8.625e-05
8.608e-05
8.557e-05
8.4722e-05
8.354e-05
8.2029e-05
8.0193e-05
7.8041e-05
7.5581e-05
7.2823e-05
6.9778e-05
6.6457e-05
6.2874e-05
5.9042e-05
5.4978e-05
5.0696e-05
4.6215e-05
4.1551e-05
3.6723e-05
3.1751e-05
2.6653e-05
2.145e-05
1.6162e-05
1.081e-05
5.4157e-06
5.0679e-19
-5.4157e-06
-1.081e-05
-1.6162e-05
-2.145e-05
-2.6653e-05
-3.1751e-05
-3.6723e-05
-4.1551e-05
-4.6215e-05
-5.0696e-05
-5.4978e-05
-5.9042e-05
-6.2874e-05
-6.6457e-05
-6.9778e-05
-7.2823e-05
-7.5581e-05
-7.8041e-05
-8.0193e-05
-8.2029e-05
-8.354e-05
-8.4722e-05
-8.557e-05
-8.608e-05
-8.625e-05
-8.608e-05
-8.557e-05
-8.4722e-05
-8.354e-05
-8.2029e-05
-8.0193e-05
-7.8041e-05
-7.5581e-05
-7.2823e-05
-6.9778e-05
-6.6457e-05
-6.2874e-05
-5.9042e-05
-5.4978e-05
-5.0696e-05
-4.6215e-05
-4.1551e-05
-3.6723e-05
-3.1751e-05
-2.6653e-05
-2.145e-05
-1.6162e-05
-1.081e-05
-5.4157e-06
-1.4366e-18
5.4157e-06
1.081e-05
1.6162e-05
2.145e-05
2.6653e-05
3.1751e-05
3.6723e-05
4.1551e-05
4.6215e-05
5.0696e-05
5.4978e-05
5.9042e-05
6.2874e-05
6.6457e-05
6.9778e-05
7.2823e-05
7.5581e-05
7.8041e-05
8.0193e-05
8.2029e-05
8.354e-05
8.4722e-05
8.557e-05
8.608e-05
8.625e-05
8.608e-05
8.557e-05
8.4722e-05
8.354e-05
8.2029e-05
8.0193e-05
7.8041e-05
7.5581e-05
7.2823e-05
6.9778e-05
6.6457e-05
6.2874e-05
5.9042e-05
5.4978e-05
5.0696e-05
4.6215e-05
4.1551e-05
3.6723e-05
3.1751e-05
2.6653e-05
2.145e-05
1.6162e-05
1.081e-05
5.4157e-06
2.3664e-18
-5.4157e-06
-1.081e-05
-1.6162e-05
-2.145e-05
-2.6653e-05
-3.1751e-05
-3.6723e-05
-4.1551e-05
-4.6215e-05
-5.0696e-05
-5.4978e-05
-5.9042e-05
-6.2874e-05
-6.6457e-05
-6.9778e-05
-7.2823e-05
-7.5581e-05
-7.8041e-05
-8.0193e-05
-8.2029e-05
-8.354e-05
-8.4722e-05
-8.557e-05
-8.608e-05
-8.625e-05
-8.608e-05
-8.557e-05
-8.4722e-05
-8.354e-05
-8.2029e-05
-8.0193e-05
-7.8041e-05
-7.5581e-05
-7.2823e-05
-6.9778e-05
-6.6457e-05
-6.2874e-05
-5.9042e-05
-5.4978e-05
-5.0696e-05
-4.6215e-05
-4.1551e-05
-3.6723e-05
-3.1751e-05
-2.6653e-05
-2.145e-05
-1.6162e-05
-1.081e-05
-5.4157e-06
1.6065e-18
5.4157e-06
1.081e-05
1.6162e-05
2.145e-05
2.6653e-05
3.1751e-05
3.6723e-05
4.1551e-05
4.6215e-05
5.0696e-05
5.4978e-05
5.9042e-05
6.2874e-05
6.6457e-05
6.9778e-05
7.2823e-05
7.5581e-05
7.8041e-05
8.0193e-05
8.2029e-05
8.354e-05
8.4722e-05
8.557e-05
8.608e-05
8.625e-05
8.608e-05
8.557e-05
8.4722e-05
8.354e-05
8.2029e-05
8.0193e-05
7.8041e-05
7.5581e-05
7.2823e-05
6.9778e-05
6.6457e-05
6.2874e-05
5.9042e-05
5.4978e-05
5.0696e-05
4.6215e-05
4.1551e-05
3.6723e-05
3.1751e-05
2.6653e-05
2.145e-05
1.6162e-05
1.081e-05
5.4157e-06
-6.7665e-19
-5.4157e-06
-1.081e-05
-1.6162e-05
-2.145e-05
-2.6653e-05
-3.1751e-05
-3.6723e-05
-4.1551e-05
-4.6215e-05
-5.0696e-05
-5.4978e-05
-5.9042e-05
-6.2874e-05
-6.6457e-05
-6.9778e-05
-7.2823e-05
-7.5581e-05
-7.8041e-05
-8.0193e-05
-8.2029e-05
-8.354e-05
-8.4722e-05
-8.557e-05
-8.608e-05
-8.625e-05
-8.608e-05
-8.557e-05
-8.4722e-05
-8.354e-05
-8.2029e-05
-8.0193e-05
-7.8041e-05
-7.5581e-05
-7.2823e-05
-6.9778e-05
-6.6457e-05
-6.2874e-05
-5.9042e-05
-5.4978e-05
-5.0696e-05
-4.6215e-05
-4.1551e-05
-3.6723e-05
-3.1751e-05
-2.6653e-05
-2.145e-05
-1.6162e-05
-1.081e-05
-5.4157e-06
-2.5318e-19
5.4157e-06
1.081e-05
1.6162e-05
2.145e-05
2.6653e-05
3.1751e-05
3.6723e-05
4.1551e-05
4.6215e-05
5.0696e-05
5.4978e-05
5.9042e-05
6.2874e-05
6.6457e-05
6.9778e-05
7.2823e-05
7.5581e-05
7.8041e-05
8.0193e-05
8.2029e-05
8.354e-05
8.4722e-05
8.557e-05
8.608e-05
8.625e-05
8.608e-05
8.557e-05
8.4722e-05
8.354e-05
8.2029e-05
8.0193e-05
7.8041e-05
7.5581e-05
7.2823e-05
6.9778e-05
6.6457e-05
6.2874e-05
5.9042e-05
5.4978e-05
5.0696e-05
4.6215e-05
4.1551e-05
3.6723e-05
3.1751e-05
2.6653e-05
2.145e-05
1.6162e-05
1.081e-05
5.4157e-06
1.183e-18
-5.4157e-06
-1.081e-05
-1.6162e-05
-2.145e-05
-2.6653e-05
-3.1751e-05
-3.6723e-05
-4.1551e-05
-4.6215e-05
-5.0696e-05
-5.4978e-05
-5.9042e-05
-6.2874e-05
-6.6457e-05
-6.9778e-05
-7.2823e-05
-7.5581e-05
-7.8041e-05
-8.0193e-05
-8.2029e-05
-8.354e-05
-8.4722e-05
-8.557e-05
-8.608e-05
-8.625e-05
-8.608e-05
-8.557e-05
-8.4722e-05
-8.354e-05
-8.2029e-05
-8.0193e-05
-7.8041e-05
-7.5581e-05
-7.2823e-05
-6.9778e-05
-6.6457e-05
-6.2874e-05
-5.9042e-05
-5.4978e-05
-5.0696e-05
-4.6215e-05
-4.1551e-05
-3.6723e-05
-3.1751e-05
-2.6653e-05
-2.145e-05
-1.6162e-05
-1.081e-05
-5.4157e-06
-2.1128e-18
5.4157e-06
1.081e-05
1.6162e-05
2.145e-05
2.6653e-05
3.1751e-05
3.6723e-05
4.1551e-05
4.6215e-05
5.0696e-05
5.4978e-05
5.9042e-05
6.2874e-05
6.6457e-05
6.9778e-05
7.2823e-05
7.5581e-05
7.8041e-05
8.0193e-05
8.2029e-05
8.354e-05
8.4722e-05
8.557e-05
8.608e-05
8.625e-05
8.608e-05
8.557e-05
8.4722e-05
8.354e-05
8.2029e-05
8.0193e-05
7.8041e-05
7.5581e-05
7.2823e-05
6.9778e-05
6.6457e-05
6.2874e-05
5.9042e-05
5.4978e-05
5.0696e-05
4.6215e-05
4.1551e-05
3.6723e-05
3.1751e-05
2.6653e-05
2.145e-05
1.6162e-05
1.081e-05
5.4157e-06
-1.8601e-18
-5.4157e-06
-1.081e-05
-1.6162e-05
-2.145e-05
-2.6653e-05
-3.1751e-05
-3.6723e-05
-4.1551e-05
-4.6215e-05
-5.0696e-05
-5.4978e-05
-5.9042e-05
-6.2874e-05
-6.6457e-05
-6.9778e-05
-7.2823e-05
-7.5581e-05
-7.8041e-05
-8.0193e-05
-8.2029e-05
-8.354e-05
-8.4722e-05
-8.557e-05
-8.608e-05
-8.625e-05
-8.608e-05
-8.557e-05
-8.4722e-05
-8.354e-05
-8.2029e-05
-8.0193e-05
-7.8041e-05
-7.5581e-05
-7.2823e-05
-6.9778e-05
-6.6457e-05
-6.2874e-05
-5.9042e-05
-5.4978e-05
-5.0696e-05
-4.6215e-05
-4.1551e-05
-3.6723e-05
-3.1751e-05
-2.6653e-05
-2.145e-05
-1.6162e-05
-1.081e-05
-5.4157e-06
9.3025e-19
5.4157e-06
1.081e-05
1.6162e-05
2.145e-05
2.6653e-05
3.1751e-05
3.6723e-05
4.1551e-05
4.6215e-05
5.0696e-05
5.4978e-05
5.9042e-05
6.2874e-05
6.6457e-05
6.9778e-05
7.2823e-05
7.5581e-05
7.8041e-05
8.0193e-05
8.2029e-05
8.354e-05
8.4722e-05
8.557e-05
8.608e-05
8.625e-05
8.608e-05
8.557e-05
8.4722e-05
8.354e-05
8.2029e-05
8.0193e-05
7.8041e-05
7.5581e-05
7.2823e-05
6.9778e-05
6.6457e-05
6.2874e-05
5.9042e-05
5.4978e-05
5.0696e-05
4.6215e-05
4.1551e-05
3.6723e-05
3.1751e-05
2.6653e-05
2.145e-05
1.6162e-05
1.081e-05
5.4157e-06
-4.2667e-22
-5.4049e-06
-1.0778e-05
-1.6097e-05
-2.1342e-05
-2.6493e-05
-3.1528e-05
-3.643e-05
-4.1177e-05
-4.5753e-05
-5.0139e-05
-5.4318e-05
-5.8275e-05
-6.1993e-05
-6.546e-05
-6.8661e-05
-7.1585e-05
-7.4221e-05
-7.6559e-05
-7.8589e-05
-8.0306e-05
-8.1702e-05
-8.2774e-05
-8.3516e-05
-8.3928e-05
-8.4007e-05
-8.3756e-05
-8.3174e-05
-8.2265e-05
-8.1034e-05
-7.9486e-05
-7.7627e-05
-7.5466e-05
-7.3012e-05
-7.0274e-05
-6.7266e-05
-6.3998e-05
-6.0484e-05
-5.674e-05
-5.2779e-05
-4.8618e-05
-4.4274e-05
-3.9765e-05
-3.5108e-05
-3.0322e-05
-2.5427e-05
-2.0441e-05
-1.5386e-05
-1.028e-05
-5.1449e-06
-8.82e-19
5.1341e-06
1.0237e-05
1.5289e-05
2.027e-05
2.516e-05
2.9941e-05
3.4594e-05
3.91e-05
4.3442e-05
4.7604e-05
5.1569e-05
5.5323e-05
5.885e-05
6.2137e-05
6.5172e-05
6.7944e-05
7.0442e-05
7.2656e-05
7.458e-05
7.6205e-05
7.7525e-05
7.8538e-05
7.9238e-05
7.9624e-05
7.9695e-05
7.9452e-05
7.8895e-05
7.8029e-05
7.6857e-05
7.5384e-05
7.3617e-05
7.1564e-05
6.9233e-05
6.6633e-05
6.3777e-05
6.0675e-05
5.7341e-05
5.3787e-05
5.003e-05
4.6083e-05
4.1963e-05
3.7687e-05
3.3271e-05
2.8734e-05
2.4094e-05
1.9369e-05
1.4578e-05
9.7398e-06
4.8741e-06
-2.7361e-18
-4.8633e-06
-9.6966e-06
-1.4481e-05
-1.9197e-05
-2.3828e-05
-2.8353e-05
-3.2757e-05
-3.7022e-05
-4.1131e-05
-4.5069e-05
-4.882e-05
-5.237e-05
-5.5706e-05
-5.8814e-05
-6.1684e-05
-6.4303e-05
-6.6663e-05
-6.8754e-05
-7.057e-05
-7.2103e-05
-7.3348e-05
-7.4301e-05
-7.4959e-05
-7.532e-05
-7.5382e-05
-7.5148e-05
-7.4617e-05
-7.3793e-05
-7.268e-05
-7.1283e-05
-6.9608e-05
-6.7662e-05
-6.5454e-05
-6.2992e-05
-6.0288e-05
-5.7352e-05
-5.4197e-05
-5.0835e-05
-4.7281e-05
-4.3548e-05
-3.9653e-05
-3.5609e-05
-3.1435e-05
-2.7147e-05
-2.2761e-05
-1.8296e-05
-1.377e-05
-9.1993e-06
-4.6033e-06
1.7945e-18
4.5925e-06
9.1561e-06
1.3673e-05
1.8125e-05
2.2495e-05
2.6766e-05
3.0921e-05
3.4945e-05
3.8821e-05
4.2534e-05
4.6071e-05
4.9418e-05
5.2562e-05
5.5491e-05
5.8195e-05
6.0662e-05
6.2884e-05
6.4852e-05
6.656e-05
6.8002e-05
6.9171e-05
7.0065e-05
7.0681e-05
7.1016e-05
7.107e-05
7.0844e-05
7.0338e-05
6.9557e-05
6.8503e-05
6.7181e-05
6.5598e-05
6.376e-05
6.1674e-05
5.9351e-05
5.6799e-05
5.4029e-05
5.1053e-05
4.7883e-05
4.4532e-05
4.1013e-05
3.7342e-05
3.3532e-05
2.9599e-05
2.5559e-05
2.1429e-05
1.7224e-05
1.2962e-05
8.6588e-06
4.3325e-06
2.9714e-18
-4.3217e-06
-8.6156e-06
-1.2865e-05
-1.7052e-05
-2.1162e-05
-2.5178e-05
-2.9085e-05
-3.2867e-05
-3.651e-05
-4e-05
-4.3323e-05
-4.6466e-05
-4.9419e-05
-5.2169e-05
-5.4706e-05
-5.7021e-05
-5.9105e-05
-6.095e-05
-6.2551e-05
-6.39e-05
-6.4994e-05
-6.5829e-05
-6.6402e-05
-6.6712e-05
-6.6757e-05
-6.654e-05
-6.606e-05
-6.5321e-05
-6.4326e-05
-6.308e-05
-6.1588e-05
-5.9858e-05
-5.7895e-05
-5.571e-05
-5.331e-05
-5.0707e-05
-4.791e-05
-4.4931e-05
-4.1783e-05
-3.8479e-05
-3.5031e-05
-3.1454e-05
-2.7763e-05
-2.3972e-05
-2.0096e-05
-1.6151e-05
-1.2154e-05
-8.1183e-06
-4.0618e-06
-3.4819e-18
4.0509e-06
8.0751e-06
1.2057e-05
1.598e-05
1.983e-05
2.3591e-05
2.7249e-05
3.0789e-05
3.4199e-05
3.7465e-05
4.0574e-05
4.3514e-05
4.6275e-05
4.8846e-05
5.1217e-05
5.3379e-05
5.5326e-05
5.7048e-05
5.8541e-05
5.9799e-05
6.0817e-05
6.1593e-05
6.2124e-05
6.2408e-05
6.2445e-05
6.2236e-05
6.1781e-05
6.1085e-05
6.0149e-05
5.8979e-05
5.7579e-05
5.5956e-05
5.4116e-05
5.2069e-05
4.9821e-05
4.7384e-05
4.4766e-05
4.1979e-05
3.9034e-05
3.5944e-05
3.272e-05
2.9377e-05
2.5927e-05
2.2384e-05
1.8764e-05
1.5079e-05
1.1345e-05
7.5778e-06
3.791e-06
3.8994e-18
-3.7801e-06
-7.5346e-06
-1.1249e-05
-1.4907e-05
-1.8497e-05
-2.2003e-05
-2.5413e-05
-2.8712e-05
-3.1888e-05
-3.493e-05
-3.7825e-05
-4.0562e-05
-4.3131e-05
-4.5523e-05
-4.7728e-05
-4.9738e-05
-5.1547e-05
-5.3146e-05
-5.4531e-05
-5.5697e-05
-5.664e-05
-5.7357e-05
-5.7845e-05
-5.8104e-05
-5.8132e-05
-5.7932e-05
-5.7503e-05
-5.6849e-05
-5.5972e-05
-5.4877e-05
-5.3569e-05
-5.2054e-05
-5.0337e-05
-4.8427e-05
-4.6332e-05
-4.4061e-05
-4.1622e-05
-3.9027e-05
-3.6285e-05
-3.3409e-05
-3.041e-05
-2.7299e-05
-2.4091e-05
-2.0797e-05
-1.7431e-05
-1.4007e-05
-1.0537e-05
-7.0373e-06
-3.5202e-06
-1.042e-18
3.5094e-06
6.9941e-06
1.044e-05
1.3835e-05
1.7164e-05
2.0416e-05
2.3576e-05
2.6634e-05
2.9578e-05
3.2395e-05
3.5076e-05
3.761e-05
3.9988e-05
4.22e-05
4.4239e-05
4.6097e-05
4.7767e-05
4.9244e-05
5.0522e-05
5.1596e-05
5.2463e-05
5.3121e-05
5.3567e-05
5.38e-05
5.382e-05
5.3628e-05
5.3224e-05
5.2613e-05
5.1795e-05
5.0776e-05
4.9559e-05
4.8152e-05
4.6558e-05
4.4786e-05
4.2844e-05
4.0738e-05
3.8479e-05
3.6075e-05
3.3536e-05
3.0874e-05
2.8099e-05
2.5222e-05
2.2254e-05
1.9209e-05
1.6098e-05
1.2934e-05
9.7293e-06
6.4968e-06
3.2494e-06
4.4555e-18
-3.2386e-06
-6.4536e-06
-9.6323e-06
-1.2762e-05
-1.5832e-05
-1.8828e-05
-2.174e-05
-2.4557e-05
-2.7267e-05
-2.986e-05
-3.2327e-05
-3.4658e-05
-3.6844e-05
-3.8877e-05
-4.075e-05
-4.2456e-05
-4.3988e-05
-4.5342e-05
-4.6512e-05
-4.7495e-05
-4.8286e-05
-4.8885e-05
-4.9288e-05
-4.9496e-05
-4.9507e-05
-4.9324e-05
-4.8946e-05
-4.8376e-05
-4.7618e-05
-4.6674e-05
-4.555e-05
-4.4249e-05
-4.2779e-05
-4.1145e-05
-3.9355e-05
-3.7415e-05
-3.5335e-05
-3.3123e-05
-3.0788e-05
-2.8339e-05
-2.5788e-05
-2.3144e-05
-2.0418e-05
-1.7622e-05
-1.4766e-05
-1.1862e-05
-8.9212e-06
-5.9563e-06
-2.9786e-06
-1.9024e-18
2.9678e-06
5.9131e-06
8.8243e-06
1.169e-05
1.4499e-05
1.7241e-05
1.9904e-05
2.2479e-05
2.4956e-05
2.7325e-05
2.9578e-05
3.1706e-05
3.37e-05
3.5554e-05
3.7261e-05
3.8815e-05
4.0209e-05
4.144e-05
4.2502e-05
4.3393e-05
4.4109e-05
4.4649e-05
4.501e-05
4.5192e-05
4.5195e-05
4.502e-05
4.4667e-05
4.414e-05
4.3441e-05
4.2573e-05
4.154e-05
4.0347e-05
3.9e-05
3.7504e-05
3.5866e-05
3.4092e-05
3.2191e-05
3.0171e-05
2.8039e-05
2.5805e-05
2.3477e-05
2.1066e-05
1.8582e-05
1.6034e-05
1.3433e-05
1.0789e-05
8.1131e-06
5.4158e-06
2.7078e-06
2.1932e-18
-2.697e-06
-5.3726e-06
-8.0162e-06
-1.0618e-05
-1.3166e-05
-1.5653e-05
-1.8068e-05
-2.0402e-05
-2.2645e-05
-2.4791e-05
-2.6829e-05
-2.8754e-05
-3.0557e-05
-3.2232e-05
-3.3772e-05
-3.5174e-05
-3.643e-05
-3.7538e-05
-3.8493e-05
-3.9292e-05
-3.9932e-05
-4.0413e-05
-4.0731e-05
-4.0888e-05
-4.0883e-05
-4.0716e-05
-4.0389e-05
-3.9904e-05
-3.9264e-05
-3.8471e-05
-3.753e-05
-3.6445e-05
-3.5221e-05
-3.3863e-05
-3.2377e-05
-3.0769e-05
-2.9048e-05
-2.7218e-05
-2.529e-05
-2.327e-05
-2.1166e-05
-1.8989e-05
-1.6746e-05
-1.4447e-05
-1.21e-05
-9.7166e-06
-7.3051e-06
-4.8753e-06
-2.4371e-06
-2.3909e-18
2.4262e-06
4.8321e-06
7.2081e-06
9.545e-06
1.1834e-05
1.4066e-05
1.6232e-05
1.8324e-05
2.0335e-05
2.2256e-05
2.408e-05
2.5801e-05
2.7413e-05
2.8909e-05
3.0284e-05
3.1532e-05
3.2651e-05
3.3636e-05
3.4483e-05
3.519e-05
3.5755e-05
3.6176e-05
3.6453e-05
3.6584e-05
3.657e-05
3.6412e-05
3.611e-05
3.5668e-05
3.5087e-05
3.437e-05
3.3521e-05
3.2543e-05
3.1442e-05
3.0222e-05
2.8888e-05
2.7447e-05
2.5904e-05
2.4266e-05
2.2541e-05
2.0735e-05
1.8856e-05
1.6911e-05
1.491e-05
1.2859e-05
1.0768e-05
8.6441e-06
6.497e-06
4.3348e-06
2.1663e-06
5.3945e-19
-2.1554e-06
-4.2916e-06
-6.4e-06
-8.4726e-06
-1.0501e-05
-1.2478e-05
-1.4396e-05
-1.6247e-05
-1.8024e-05
-1.9721e-05
-2.1331e-05
-2.2849e-05
-2.4269e-05
-2.5586e-05
-2.6795e-05
-2.7891e-05
-2.8872e-05
-2.9734e-05
-3.0473e-05
-3.1089e-05
-3.1578e-05
-3.194e-05
-3.2174e-05
-3.228e-05
-3.2258e-05
-3.2108e-05
-3.1832e-05
-3.1432e-05
-3.091e-05
-3.0269e-05
-2.9511e-05
-2.8641e-05
-2.7663e-05
-2.658e-05
-2.5399e-05
-2.4124e-05
-2.276e-05
-2.1314e-05
-1.9792e-05
-1.82e-05
-1.6545e-05
-1.4834e-05
-1.3074e-05
-1.1272e-05
-9.4351e-06
-7.5717e-06
-5.6889e-06
-3.7943e-06
-1.8955e-06
-2.5074e-18
1.8847e-06
3.7511e-06
5.5919e-06
7.4001e-06
9.1685e-06
1.0891e-05
1.2559e-05
1.4169e-05
1.5713e-05
1.7186e-05
1.8583e-05
1.9897e-05
2.1126e-05
2.2263e-05
2.3306e-05
2.425e-05
2.5093e-05
2.5832e-05
2.6464e-05
2.6987e-05
2.7401e-05
2.7704e-05
2.7896e-05
2.7976e-05
2.7945e-05
2.7804e-05
2.7554e-05
2.7196e-05
2.6733e-05
2.6167e-05
2.5501e-05
2.4739e-05
2.3884e-05
2.2939e-05
2.191e-05
2.0801e-05
1.9617e-05
1.8362e-05
1.7043e-05
1.5665e-05
1.4234e-05
1.2756e-05
1.1237e-05
9.684e-06
8.1024e-06
6.4992e-06
4.8808e-06
3.2538e-06
1.6247e-06
9.6029e-19
-1.6139e-06
-3.2106e-06
-4.7838e-06
-6.3276e-06
-7.8359e-06
-9.303e-06
-1.0723e-05
-1.2091e-05
-1.3402e-05
-1.4651e-05
-1.5834e-05
-1.6945e-05
-1.7982e-05
-1.894e-05
-1.9817e-05
-2.0609e-05
-2.1314e-05
-2.193e-05
-2.2454e-05
-2.2886e-05
-2.3224e-05
-2.3468e-05
-2.3617e-05
-2.3672e-05
-2.3633e-05
-2.35e-05
-2.3275e-05
-2.296e-05
-2.2556e-05
-2.2066e-05
-2.1492e-05
-2.0837e-05
-2.0105e-05
-1.9298e-05
-1.8421e-05
-1.7478e-05
-1.6473e-05
-1.541e-05
-1.4294e-05
-1.313e-05
-1.1923e-05
-1.0679e-05
-9.4012e-06
-8.0964e-06
-6.7698e-06
-5.4267e-06
-4.0727e-06
-2.7133e-06
-1.3539e-06
-1.0312e-18
1.3431e-06
2.6701e-06
3.9758e-06
5.2551e-06
6.5033e-06
7.7154e-06
8.8871e-06
1.0014e-05
1.1092e-05
1.2116e-05
1.3085e-05
1.3993e-05
1.4838e-05
1.5617e-05
1.6328e-05
1.6968e-05
1.7535e-05
1.8028e-05
1.8444e-05
1.8785e-05
1.9047e-05
1.9232e-05
1.9339e-05
1.9368e-05
1.932e-05
1.9196e-05
1.8997e-05
1.8724e-05
1.8379e-05
1.7964e-05
1.7482e-05
1.6935e-05
1.6326e-05
1.5657e-05
1.4932e-05
1.4155e-05
1.3329e-05
1.2458e-05
1.1545e-05
1.0596e-05
9.6127e-06
8.6011e-06
7.565e-06
6.5089e-06
5.4372e-06
4.3542e-06
3.2647e-06
2.1728e-06
1.0831e-06
1.0092e-18
-1.0723e-06
-2.1296e-06
-3.1677e-06
-4.1827e-06
-5.1706e-06
-6.1279e-06
-7.0509e-06
-7.9363e-06
-8.7809e-06
-9.5816e-06
-1.0336e-05
-1.1041e-05
-1.1694e-05
-1.2295e-05
-1.2839e-05
-1.3327e-05
-1.3756e-05
-1.4125e-05
-1.4435e-05
-1.4683e-05
-1.487e-05
-1.4996e-05
-1.506e-05
-1.5064e-05
-1.5007e-05
-1.4892e-05
-1.4718e-05
-1.4488e-05
-1.4202e-05
-1.3863e-05
-1.3472e-05
-1.3033e-05
-1.2547e-05
-1.2016e-05
-1.1444e-05
-1.0832e-05
-1.0186e-05
-9.5058e-06
-8.7965e-06
-8.0607e-06
-7.302e-06
-6.5235e-06
-5.7289e-06
-4.9214e-06
-4.1045e-06
-3.2818e-06
-2.4566e-06
-1.6323e-06
-8.1235e-07
-1.6366e-19
8.0152e-07
1.5891e-06
2.3596e-06
3.1102e-06
3.838e-06
4.5404e-06
5.2147e-06
5.8587e-06
6.4701e-06
7.0468e-06
7.5869e-06
8.0888e-06
8.5508e-06
8.9717e-06
9.3502e-06
9.6855e-06
9.9768e-06
1.0223e-05
1.0425e-05
1.0582e-05
1.0693e-05
1.076e-05
1.0782e-05
1.076e-05
1.0695e-05
1.0588e-05
1.044e-05
1.0251e-05
1.0025e-05
9.7614e-06
9.4628e-06
9.1308e-06
8.7674e-06
8.3747e-06
7.9547e-06
7.5096e-06
7.0418e-06
6.5537e-06
6.0476e-06
5.5259e-06
4.9912e-06
4.446e-06
3.8927e-06
3.3338e-06
2.7719e-06
2.2093e-06
1.6485e-06
1.0918e-06
5.4157e-07
6.8617e-19
-5.3074e-07
-1.0486e-06
-1.5515e-06
-2.0377e-06
-2.5054e-06
-2.9528e-06
-3.3786e-06
-3.7812e-06
-4.1594e-06
-4.512e-06
-4.838e-06
-5.1367e-06
-5.4071e-06
-5.6488e-06
-5.8613e-06
-6.0443e-06
-6.1977e-06
-6.3213e-06
-6.4155e-06
-6.4803e-06
-6.5161e-06
-6.5236e-06
-6.5033e-06
-6.456e-06
-6.3825e-06
-6.2838e-06
-6.161e-06
-6.0153e-06
-5.8478e-06
-5.66e-06
-5.4531e-06
-5.2288e-06
-4.9884e-06
-4.7335e-06
-4.4658e-06
-4.1868e-06
-3.8982e-06
-3.6016e-06
-3.2987e-06
-2.9911e-06
-2.6805e-06
-2.3684e-06
-2.0565e-06
-1.7463e-06
-1.4392e-06
-1.1368e-06
-8.4041e-07
-5.5131e-07
-2.7078e-07
-1.4494e-19
2.5995e-07
5.0807e-07
7.4344e-07
9.6523e-07
1.1727e-06
1.3653e-06
1.5424e-06
1.7036e-06
1.8486e-06
1.9772e-06
2.0892e-06
2.1846e-06
2.2634e-06
2.326e-06
2.3724e-06
2.4032e-06
2.4186e-06
2.4193e-06
2.4058e-06
2.3788e-06
2.3391e-06
2.2875e-06
2.2248e-06
2.152e-06
2.07e-06
1.9798e-06
1.8825e-06
1.7792e-06
1.6708e-06
1.5585e-06
1.4435e-06
1.3267e-06
1.2093e-06
1.0923e-06
9.7689e-07
8.6394e-07
7.5448e-07
6.4946e-07
5.4978e-07
4.5627e-07
3.6972e-07
2.9086e-07
2.2034e-07
1.5875e-07
1.0661e-07
6.4349e-08
3.2323e-08
1.081e-08
0
0
-0
-0
-0
-0
-0
-0
-0
-0
-0
-0
-0
-0
-0
-0
-0
-0
-0
-0
-0
-0
-0
-0
-0
-0
-0
-0
-0
-0
-0
-0
-0
-0
-0
-0
-0
-0
-0
-0
-0
-0
-0
-0
-0
-0
-0
-0
-0
-0
-0
-0
0
0
0
0
0
0
0
0
0
0
0
0
0
0
0
0
0
0
0
0
0
0
0
0
0
0
0
0
0
0
0
0
0
0
0
0
0
0
0
0
0
0
0
0
0
0
0
0
0
0
-0
-0
-0
-0
-0
-0
-0
-0
-0
-0
-0
-0
-0
-0
-0
-0
-0
-0
-0
-0
-0
-0
-0
-0
-0
-0
-0
-0
-0
-0
-0
-0
-0
-0
-0
-0
-0
-0
-0
-0
-0
-0
-0
-0
-0
-0
-0
-0
-0
-0
0
0
0
0
0
0
0
0
0
0
0
0
0
0
0
0
0
0
0
0
0
0
0
0
0
0
0
0
0
0
0
0
0
0
0
0
0
0
0
0
0
0
0
0
0
0
0
0
0
0
-0
-0
-0
-0
-0
-0
-0
-0
-0
-0
-0
-0
-0
-0
-0
-0
-0
-0
-0
-0
-0
-0
-0
-0
-0
-0
-0
-0
-0
-0
-0
-0
-0
-0
-0
-0
-0
-0
-0
-0
-0
-0
-0
-0
-0
-0
-0
-0
-0
-0
0
0
0
0
0
0
0
0
0
0
0
0
0
0
0
0
0
0
0
0
0
0
0
0
0
0
0
0
0
0
0
0
0
0
0
0
0
0
0
0
0
0
0
0
0
0
0
0
0
0
-0
-0
-0
-0
-0
-0
-0
-0
-0
-0
-0
-0
-0
-0
-0
-0
-0
-0
-0
-0
-0
-0
-0
-0
-0
-0
-0
-0
-0
-0
-0
-0
-0
-0
-0
-0
-0
-0
-0
-0
-0
-0
-0
-0
-0
-0
-0
-0
-0
-0
0
0
0
0
0
0
0
0
0
0
0
0
0
0
0
0
0
0
0
0
0
0
0
0
0
0
0
0
0
0
0
0
0
0
0
0
0
0
0
0
0
0
0
0
0
0
0
0
0
0
-0
-0
-0
-0
-0
-0
-0
-0
-0
-0
-0
-0
-0
-0
-0
-0
-0
-0
-0
-0
-0
-0
-0
-0
-0
-0
-0
-0
-0
-0
-0
-0
-0
-0
-0
-0
-0
-0
-0
-0
-0
-0
-0
-0
-0
-0
-0
-0
-0
-0
0
0
0
0
0
0
0
0
0
0
0
0
0
0
0
0
0
0
0
0
0
0
0
0
0
0
0
0
0
0
0
0
0
0
0
0
0
0
0
0
0
0
0
0
0
0
0
0
0
0
-0
-0
-0
-0
-0
-0
-0
-0
-0
-0
-0
-0
-0
-0
-0
-0
-0
-0
-0
-0
-0
-0
-0
-0
-0
-0
-0
-0
-0
-0
-0
-0
-0
-0
-0
-0
-0
-0
-0
-0
-0
-0
-0
-0
-0
-0
-0
-0
-0
-0
0
0
0
0
0
0
0
0
0
0
0
0
0
0
0
0
0
0
0
0
0
0
0
0
0
0
0
0
0
0
0
0
0
0
0
0
0
0
0
0
0
0
0
0
0
0
0
0
0
0
-0
-0
-0
-0
-0
-0
-0
-0
-0
-0
-0
-0
-0
-0
-0
-0
-0
-0
-0
-0
-0
-0
-0
-0
-0
-0
-0
-0
-0
-0
-0
-0
-0
-0
-0
-0
-0
-0
-0
-0
-0
-0
-0
-0
-0
-0
-0
-0
-0
-0
0
0
0
0
0
0
0
0
0
0
0
0
0
0
0
0
0
0
0
0
0
0
0
0
0
0
0
0
0
0
0
0
0
0
0
0
0
0
0
0
0
0
0
0
0
0
0
0
0
0
-0
-0
-0
-0
-0
-0
-0
-0
-0
-0
-0
-0
-0
-0
-0
-0
-0
-0
-0
-0
-0
-0
-0
-0
-0
-0
-0
-0
-0
-0
-0
-0
-0
-0
-0
-0
-0
-0
-0
-0
-0
-0
-0
-0
-0
-0
-0
-0
-0
-0
0
0
0
0
0
0
0
0
0
0
0
0
0
0
0
0
0
0
0
0
0
0
0
0
0
0
0
0
0
0
0
0
0
0
0
0
0
0
0
0
0
0
0
0
0
0
0
0
0
0
-0
-0
-0
-0
-0
-0
-0
-0
-0
-0
-0
-0
-0
-0
-0
-0
-0
-0
-0
-0
-0
-0
-0
-0
-0
-0
-0
-0
-0
-0
-0
-0
-0
-0
-0
-0
-0
-0
-0
-0
-0
-0
-0
-0
-0
-0
-0
-0
-0
-0
0
0
0
0
0
0
0
0
0
0
0
0
0
0
0
0
0
0
0
0
0
0
0
0
0
0
0
0
0
0
0
0
0
0
0
0
0
0
0
0
0
0
0
0
0
0
0
0
0
0
-0
-0
-0
-0
-0
-0
-0
-0
-0
-0
-0
-0
-0
-0
-0
-0
-0
-0
-0
-0
-0
-0
-0
-0
-0
-0
-0
-0
-0
-0
-0
-0
-0
-0
-0
-0
-0
-0
-0
-0
-0
-0
-0
-0
-0
-0
-0
-0
-0
-0
0
0
0
0
0
0
0
0
0
0
0
0
0
0
0
0
0
0
0
0
0
0
0
0
0
0
0
0
0
0
0
0
0
0
0
0
0
0
0
0
0
0
0
0
0
0
0
0
0
0
-0
-0
-0
-0
-0
-0
-0
-0
-0
-0
-0
-0
-0
-0
-0
-0
-0
-0
-0
-0
-0
-0
-0
-0
-0
-0
-0
-0
-0
-0
-0
-0
-0
-0
-0
-0
-0
-0
-0
-0
-0
-0
-0
-0
-0
-0
-0
-0
-0
-0
0
0
0
0
0
0
0
0
0
0
0
0
0
0
0
0
0
0
0
0
0
0
0
0
0
0
0
0
0
0
0
0
0
0
0
0
0
0
0
0
0
0
0
0
0
0
0
0
0
-0
-0
-0
-0
-0
-0
-0
-0
-0
-0
-0
-0
-0
-0
-0
-0
-0
-0
-0
-0
-0
-0
-0
-0
-0
-0
-0
-0
-0
-0
-0
-0
-0
-0
-0
-0
-0
-0
-0
-0
-0
-0
-0
-0
-0
-0
-0
-0
-0
-0
-0
0
0
0
0
0
0
0
0
0
0
0
0
0
0
0
0
0
0
0
0
0
0
0
0
0
0
0
0
0
0
0
0
0
0
0
0
0
0
0
0
0
0
0
0
0
0
0
0
0
0
-0
-0
-0
-0
-0
-0
-0
-0
-0
-0
-0
-0
-0
-0
-0
-0
-0
-0
-0
-0
-0
-0
-0
-0
-0
-0
-0
-0
-0
-0
-0
-0
-0
-0
-0
-0
-0
-0
-0
-0
-0
-0
-0
-0
-0
-0
-0
-0
-0
0
0
0
0
0
0
0
0
0
0
0
0
0
0
0
0
0
0
0
0
0
0
0
0
0
0
0
0
0
0
0
0
0
0
0
0
0
0
0
0
0
0
0
0
0
0
0
0
0
0
0
-0
-0
-0
-0
-0
-0
-0
-0
-0
-0
-0
-0
-0
-0
-0
-0
-0
-0
-0
-0
-0
-0
-0
-0
-0
-0
-0
-0
-0
-0
-0
-0
-0
-0
-0
-0
-0
-0
-0
-0
-0
-0
-0
-0
-0
-0
-0
-0
-0
-0
0
0
0
0
0
0
0
0
0
0
0
0
0
0
0
0
0
0
0
0
0
0
0
0
0
0
0
0
0
0
0
0
0
0
0
0
0
0
0
0
0
0
0
0
0
0
0
0
0
0
-0
-0
-0
-0
-0
-0
-0
-0
-0
-0
-0
-0
-0
-0
-0
-0
-0
-0
-0
-0
-0
-0
-0
-0
-0
-0
-0
-0
-0
-0
-0
-0
-0
-0
-0
-0
-0
-0
-0
-0
-0
-0
-0
-0
-0
-0
-0
-0
-0
-0
0
0
0
0
0
0
0
0
0
0
0
0
0
0
0
0
0
0
0
0
0
0
0
0
0
0
0
0
0
0
0
0
0
0
0
0
0
0
0
0
0
0
0
0
0
0
0
0
0
-0
-0
-0
-0
-0
-0
-0
-0
-0
-0
-0
-0
-0
-0
-0
-0
-0
-0
-0
-0
-0
-0
-0
-0
-0
-0
-0
-0
-0
-0
-0
-0
-0
-0
-0
-0
-0
-0
-0
-0
-0
-0
-0
-0
-0
-0
-0
-0
-0
-0
-0
0
0
0
0
0
0
0
0
0
0
0
0
0
0
0
0
0
0
0
0
0
0
0
0
0
0
0
0
0
0
0
0
0
0
0
0
0
0
0
0
0
0
0
0
0
0
0
0
0
-0
-0
-0
-0
-0
-0
-0
-0
-0
-0
-0
-0
-0
-0
-0
-0
-0
-0
-0
-0
-0
-0
-0
-0
-0
-0
-0
-0
-0
-0
-0
-0
-0
-0
-0
-0
-0
-0
-0
-0
-0
-0
-0
-0
-0
-0
-0
-0
-0
-0
-0
0
0
0
0
0
0
0
0
0
0
0
0
0
0
0
0
0
0
0
0
0
0
0
0
0
0
0
0
0
0
0
0
0
0
0
0
0
0
0
0
0
0
0
0
0
0
0
0
0
0
-0
-0
-0
-0
-0
-0
-0
-0
-0
-0
-0
-0
-0
-0
-0
-0
-0
-0
-0
-0
-0
-0
-0
-0
-0
-0
-0
-0
-0
-0
-0
-0
-0
-0
-0
-0
-0
-0
-0
-0
-0
-0
-0
-0
-0
-0
-0
-0
-0
-0
0
0
0
0
0
0
0
0
0
0
0
0
0
0
0
0
0
0
0
0
0
0
0
0
0
0
0
0
0
0
0
0
0
0
0
0
0
0
0
0
0
0
0
0
0
0
0
0
0
0
-0
-0
-0
-0
-0
-0
-0
-0
-0
-0
-0
-0
-0
-0
-0
-0
-0
-0
-0
-0
-0
-0
-0
-0
-0
-0
-0
-0
-0
-0
-0
-0
-0
-0
-0
-0
-0
-0
-0
-0
-0
-0
-0
-0
-0
-0
-0
-0
-0
-0
0
0
0
0
0
0
0
0
0
0
0
0
0
0
0
0
0
0
0
0
0
0
0
0
0
0
0
0
0
0
0
0
0
0
0
0
0
0
0
0
0
0
0
0
0
0
0
0
0
0
-0
-0
-0
-0
-0
-0
-0
-0
-0
-0
-0
-0
-0
-0
-0
-0
-0
-0
-0
-0
-0
-0
-0
-0
-0
-0
-0
-0
-0
-0
-0
-0
-0
-0
-0
-0
-0
-0
-0
-0
-0
-0
-0
-0
-0
-0
-0
-0
-0
-0
0
0
0
0
0
0
0
0
0
0
0
0
0
0
0
0
0
0
0
0
0
0
0
0
0
0
0
0
0
0
0
0
0
0
0
0
0
0
0
0
0
0
0
0
0
0
0
0
0
-0
-0
-0
-0
-0
-0
-0
-0
-0
-0
-0
-0
-0
-0
-0
-0
-0
-0
-0
-0
-0
-0
-0
-0
-0
-0
-0
-0
-0
-0
-0
-0
-0
-0
-0
-0
-0
-0
-0
-0
-0
-0
-0
-0
-0
-0
-0
-0
-0
-0
-0
0
0
0
0
0
0
0
0
0
0
0
0
0
0
0
0
0
0
0
0
0
0
0
0
0
0
0
0
0
0
0
0
0
0
0
0
0
0
0
0
0
0
0
0
0
0
0
0
0
-0
-0
-0
-0
-0
-0
-0
-0
-0
-0
-0
-0
-0
-0
-0
-0
-0
-0
-0
-0
-0
-0
-0
-0
-0
-0
-0
-0
-0
-0
-0
-0
-0
-0
-0
-0
-0
-0
-0
-0
-0
-0
-0
-0
-0
-0
-0
-0
-0
-0
-0
0
0
0
0
0
0
0
0
0
0
0
0
0
0
0
0
0
0
0
0
0
0
0
0
0
0
0
0
0
0
0
0
0
0
0
0
0
0
0
0
0
0
0
0
0
0
0
0
0
0
-0
-0
-0
-0
-0
-0
-0
-0
-0
-0
-0
-0
-0
-0
-0
-0
-0
-0
-0
-0
-0
-0
-0
-0
-0
-0
-0
-0
-0
-0
-0
-0
-0
-0
-0
-0
-0
-0
-0
-0
-0
-0
-0
-0
-0
-0
-0
-0
-0
-0
0
0
0
0
0
0
0
0
0
0
0
0
0
0
0
0
0
0
0
0
0
0
0
0
0
0
0
0
0
0
0
0
0
0
0
0
0
0
0
0
0
0
0
0
0
0
0
0
0
0
-0
-0
-0
-0
-0
-0
-0
-0
-0
-0
-0
-0
-0
-0
-0
-0
-0
-0
-0
-0
-0
-0
-0
-0
-0
-0
-0
-0
-0
-0
-0
-0
-0
-0
-0
-0
-0
-0
-0
-0
-0
-0
-0
-0
-0
-0
-0
-0
-0
-0
0
0
0
0
0
0
0
0
0
0
0
0
0
0
0
0
0
0
0
0
0
0
0
0
0
0
0
0
0
0
0
0
0
0
0
0
0
0
0
0
0
0
0
0
0
0
0
0
0
0
-0
-0
-0
-0
-0
-0
-0
-0
-0
-0
-0
-0
-0
-0
-0
-0
-0
-0
-0
-0
-0
-0
-0
-0
-0
-0
-0
-0
-0
-0
-0
-0
-0
-0
-0
-0
-0
-0
-0
-0
-0
-0
-0
-0
-0
-0
-0
-0
-0
-0
0
0
0
0
0
0
0
0
0
0
0
0
0
0
0
0
0
0
0
0
0
0
0
0
0
0
0
0
0
0
0
0
0
0
0
0
0
0
0
0
0
0
0
0
0
0
0
0
0
-0
-0
-0
-0
-0
-0
-0
-0
-0
-0
-0
-0
-0
-0
-0
-0
-0
-0
-0
-0
-0
-0
-0
-0
-0
-0
-0
-0
-0
-0
-0
-0
-0
-0
-0
-0
-0
-0
-0
-0
-0
-0
-0
-0
-0
-0
-0
-0
-0
-0
-0
0
0
0
0
0
0
0
0
0
0
0
0
0
0
0
0
0
0
0
0
0
0
0
0
0
0
0
0
0
0
0
0
0
0
0
0
0
0
0
0
0
0
0
0
0
0
0
0
0
-0
-0
-0
-0
-0
-0
-0
-0
-0
-0
-0
-0
-0
-0
-0
-0
-0
-0
-0
-0
-0
-0
-0
-0
-0
-0
-0
-0
-0
-0
-0
-0
-0
-0
-0
-0
-0
-0
-0
-0
-0
-0
-0
-0
-0
-0
-0
-0
-0
-0
-0
0
0
0
0
0
0
0
0
0
0
0
0
0
0
0
0
0
0
0
0
0
0
0
0
0
0
0
0
0
0
0
0
0
0
0
0
0
0
0
0
0
0
0
0
0
0
0
0
0
0
-0
-0
-0
-0
-0
-0
-0
-0
-0
-0
-0
-0
-0
-0
-0
-0
-0
-0
-0
-0
-0
-0
-0
-0
-0
-0
-0
-0
-0
-0
-0
-0
-0
-0
-0
-0
-0
-0
-0
-0
-0
-0
-0
-0
-0
-0
-0
-0
-0
-0
0
0
0
0
0
0
0
0
0
0
0
0
0
0
0
0
0
0
0
0
0
0
0
0
0
0
0
0
0
0
0
0
0
0
0
0
0
0
0
0
0
0
0
0
0
0
0
0
0
0
-0
-0
-0
-0
-0
-0
-0
-0
-0
-0
-0
-0
-0
-0
-0
-0
-0
-0
-0
-0
-0
-0
-0
-0
-0
-0
-0
-0
-0
-0
-0
-0
-0
-0
-0
-0
-0
-0
-0
-0
-0
-0
-0
-0
-0
-0
-0
-0
-0
-0
0
0
0
0
0
0
0
0
0
0
0
0
0
0
0
0
0
0
0
0
0
0
0
0
0
0
0
0
0
0
0
0
0
0
0
0
0
0
0
0
0
0
0
0
0
0
0
0
0
0
-0
-0
-0
-0
-0
-0
-0
-0
-0
-0
-0
-0
-0
-0
-0
-0
-0
-0
-0
-0
-0
-0
-0
-0
-0
-0
-0
-0
-0
-0
-0
-0
-0
-0
-0
-0
-0
-0
-0
-0
-0
-0
-0
-0
-0
-0
-0
-0
-0
-0
0
0
0
0
0
0
0
0
0
0
0
0
0
0
0
0
0
0
0
0
0
0
0
0
0
0
0
0
0
0
0
0
0
0
0
0
0
0
0
0
0
0
0
0
0
0
0
0
0
-0
-0
-0
-0
-0
-0
-0
-0
-0
-0
-0
-0
-0
-0
-0
-0
-0
-0
-0
-0
-0
-0
-0
-0
-0
-0
-0
-0
-0
-0
-0
-0
-0
-0
-0
-0
-0
-0
-0
-0
-0
-0
-0
-0
-0
-0
-0
-0
-0
-0
-0
0
0
0
0
0
0
0
0
0
0
0
0
0
0
0
0
0
0
0
0
0
0
0
0
0
0
0
0
0
0
0
0
0
0
0
0
0
0
0
0
0
0
0
0
0
0
0
0
0
-0
-0
-0
-0
-0
-0
-0
-0
-0
-0
-0
-0
-0
-0
-0
-0
-0
-0
-0
-0
-0
-0
-0
-0
-0
-0
-0
-0
-0
-0
-0
-0
-0
-0
-0
-0
-0
-0
-0
-0
-0
-0
-0
-0
-0
-0
-0
-0
-0
-0
-0
0
0
0
0
0
0
0
0
0
0
0
0
0
0
0
0
0
0
0
0
0
0
0
0
0
0
0
0
0
0
0
0
0
0
0
0
0
0
0
0
0
0
0
0
0
0
0
0
0
-0
