-0
-0
-0
-0
-0
-0
-0
-0
-0
-0
-0
-0
-0
-0
-0
-0
-0
-0
-0
-0
-0
-0
-0
-0
-0
-0
-0
-0
-0
-0
-0
-0
-0
-0
-0
-0
-0
-0
-0
-0
-0
-0
-0
-0
-0
-0
-0
-0
-0
-0
-0
0
0
0
0
0
0
0
0
0
0
0
0
0
0
0
0
0
0
0
0
0
0
0
0
0
0
0
0
0
0
0
0
0
0
0
0
0
0
0
0
0
0
0
0
0
0
0
0
0
0
-0
-0
-0
-0
-0
-0
-0
-0
-0
-0
-0
-0
-0
-0
-0
-0
-0
-0
-0
-0
-0
-0
-0
-0
-0
-0
-0
-0
-0
-0
-0
-0
-0
-0
-0
-0
-0
-0
-0
-0
-0
-0
-0
-0
-0
-0
-0
-0
-0
-0
0
0
0
0
0
0
0
0
0
0
0
0
0
0
0
0
0
0
0
0
0
0
0
0
0
0
0
0
0
0
0
0
0
0
0
0
0
0
0
0
0
0
0
0
0
0
0
0
0
0
-0
-0
-0
-0
-0
-0
-0
-0
-0
-0
-0
-0
-0
-0
-0
-0
-0
-0
-0
-0
-0
-0
-0
-0
-0
-0
-0
-0
-0
-0
-0
-0
-0
-0
-0
-0
-0
-0
-0
-0
-0
-0
-0
-0
-0
-0
-0
-0
-0
-0
0
0
0
0
0
0
0
0
0
0
0
0
0
0
0
0
0
0
0
0
0
0
0
0
0
0
0
0
0
0
0
0
0
0
0
0
0
0
0
0
0
0
0
0
0
0
0
0
0
0
-0
-0
-0
-0
-0
-0
-0
-0
-0
-0
-0
-0
-0
-0
-0
-0
-0
-0
-0
-0
-0
-0
-0
-0
-0
-0
-0
-0
-0
-0
-0
-0
-0
-0
-0
-0
-0
-0
-0
-0
-0
-0
-0
-0
-0
-0
-0
-0
-0
0
0
0
0
0
0
0
0
0
0
0
0
0
0
0
0
0
0
0
0
0
0
0
0
0
0
0
0
0
0
0
0
0
0
0
0
0
0
0
0
0
0
0
0
0
0
0
0
0
0
0
-0
-0
-0
-0
-0
-0
-0
-0
-0
-0
-0
-0
-0
-0
-0
-0
-0
-0
-0
-0
-0
-0
-0
-0
-0
-0
-0
-0
-0
-0
-0
-0
-0
-0
-0
-0
-0
-0
-0
-0
-0
-0
-0
-0
-0
-0
-0
-0
-0
-0
0
0
0
0
0
0
0
0
0
0
0
0
0
0
0
0
0
0
0
0
0
0
0
0
0
0
0
0
0
0
0
0
0
0
0
0
0
0
0
0
0
0
0
0
0
0
0
0
0
0
-0
-0
-0
-0
-0
-0
-0
-0
-0
-0
-0
-0
-0
-0
-0
-0
-0
-0
-0
-0
-0
-0
-0
-0
-0
-0
-0
-0
-0
-0
-0
-0
-0
-0
-0
-0
-0
-0
-0
-0
-0
-0
-0
-0
-0
-0
-0
-0
-0
0
0
0
0
0
0
0
0
0
0
0
0
0
0
0
0
0
0
0
0
0
0
0
0
0
0
0
0
0
0
0
0
0
0
0
0
0
0
0
0
0
0
0
0
0
0
0
0
0
0
0
-0
-0
-0
-0
-0
-0
-0
-0
-0
-0
-0
-0
-0
-0
-0
-0
-0
-0
-0
-0
-0
-0
-0
-0
-0
-0
-0
-0
-0
-0
-0
-0
-0
-0
-0
-0
-0
-0
-0
-0
-0
-0
-0
-0
-0
-0
-0
-0
-0
0
0
0
0
0
0
0
0
0
0
0
0
0
0
0
0
0
0
0
0
0
0
0
0
0
0
0
0
0
0
0
0
0
0
0
0
0
0
0
0
0
0
0
0
0
0
0
0
0
0
-0
-0
-0
-0
-0
-0
-0
-0
-0
-0
-0
-0
-0
-0
-0
-0
-0
-0
-0
-0
-0
-0
-0
-0
-0
-0
-0
-0
-0
-0
-0
-0
-0
-0
-0
-0
-0
-0
-0
-0
-0
-0
-0
-0
-0
-0
-0
-0
-0
-0
-0
0
0
0
0
0
0
0
0
0
0
0
0
0
0
0
0
0
0
0
0
0
0
0
0
0
0
0
0
0
0
0
0
0
0
0
0
0
0
0
0
0
0
0
0
0
0
0
0
0
0
-0
-0
-0
-0
-0
-0
-0
-0
-0
-0
-0
-0
-0
-0
-0
-0
-0
-0
-0
-0
-0
-0
-0
-0
-0
-0
-0
-0
-0
-0
-0
-0
-0
-0
-0
-0
-0
-0
-0
-0
-0
-0
-0
-0
-0
-0
-0
-0
-0
-0
0
0
0
0
0
0
0
0
0
0
0
0
0
0
0
0
0
0
0
0
0
0
0
0
0
0
0
0
0
0
0
0
0
0
0
0
0
0
0
0
0
0
0
0
0
0
0
0
0
0
-0
-0
-0
-0
-0
-0
-0
-0
-0
-0
-0
-0
-0
-0
-0
-0
-0
-0
-0
-0
-0
-0
-0
-0
-0
-0
-0
-0
-0
-0
-0
-0
-0
-0
-0
-0
-0
-0
-0
-0
-0
-0
-0
-0
-0
-0
-0
-0
-0
0
0
0
0
0
0
0
0
0
0
0
0
0
0
0
0
0
0
0
0
0
0
0
0
0
0
0
0
0
0
0
0
0
0
0
0
0
0
0
0
0
0
0
0
0
0
0
0
0
0
0
-0
-0
-0
-0
-0
-0
-0
-0
-0
-0
-0
-0
-0
-0
-0
-0
-0
-0
-0
-0
-0
-0
-0
-0
-0
-0
-0
-0
-0
-0
-0
-0
-0
-0
-0
-0
-0
-0
-0
-0
-0
-0
-0
-0
-0
-0
-0
-0
-0
0
0
0
0
0
0
0
0
0
0
0
0
0
0
0
0
0
0
0
0
0
0
0
0
0
0
0
0
0
0
0
0
0
0
0
0
0
0
0
0
0
0
0
0
0
0
0
0
0
0
-0
-0
-0
-0
-0
-0
-0
-0
-0
-0
-0
-0
-0
-0
-0
-0
-0
-0
-0
-0
-0
-0
-0
-0
-0
-0
-0
-0
-0
-0
-0
-0
-0
-0
-0
-0
-0
-0
-0
-0
-0
-0
-0
-0
-0
-0
-0
-0
-0
-0
0
0
0
0
0
0
0
0
0
0
0
0
0
0
0
0
0
0
0
0
0
0
0
0
0
0
0
0
0
0
0
0
0
0
0
0
0
0
0
0
0
0
0
0
0
0
0
0
0
0
0
-0
-0
-0
-0
-0
-0
-0
-0
-0
-0
-0
-0
-0
-0
-0
-0
-0
-0
-0
-0
-0
-0
-0
-0
-0
-0
-0
-0
-0
-0
-0
-0
-0
-0
-0
-0
-0
-0
-0
-0
-0
-0
-0
-0
-0
-0
-0
-0
-0
0
0
0
0
0
0
0
0
0
0
0
0
0
0
0
0
0
0
0
0
0
0
0
0
0
0
0
0
0
0
0
0
0
0
0
0
0
0
0
0
0
0
0
0
0
0
0
0
0
0
-0
-0
-0
-0
-0
-0
-0
-0
-0
-0
-0
-0
-0
-0
-0
-0
-0
-0
-0
-0
-0
-0
-0
-0
-0
-0
-0
-0
-0
-0
-0
-0
-0
-0
-0
-0
-0
-0
-0
-0
-0
-0
-0
-0
-0
-0
-0
-0
-0
-0
0
0
0
0
0
0
0
0
0
0
0
0
0
0
0
0
0
0
0
0
0
0
0
0
0
0
0
0
0
0
0
0
0
0
0
0
0
0
0
0
0
0
0
0
0
0
0
0
0
0
-0
-0
-0
-0
-0
-0
-0
-0
-0
-0
-0
-0
-0
-0
-0
-0
-0
-0
-0
-0
-0
-0
-0
-0
-0
-0
-0
-0
-0
-0
-0
-0
-0
-0
-0
-0
-0
-0
-0
-0
-0
-0
-0
-0
-0
-0
-0
-0
-0
-0
0
0
0
0
0
0
0
0
0
0
0
0
0
0
0
0
0
0
0
0
0
0
0
0
0
0
0
0
0
0
0
0
0
0
0
0
0
0
0
0
0
0
0
0
0
0
0
0
0
0
0
-0
-0
-0
-0
-0
-0
-0
-0
-0
-0
-0
-0
-0
-0
-0
-0
-0
-0
-0
-0
-0
-0
-0
-0
-0
-0
-0
-0
-0
-0
-0
-0
-0
-0
-0
-0
-0
-0
-0
-0
-0
-0
-0
-0
-0
-0
-0
-0
-0
-0
0
0
0
0
0
0
0
0
0
0
0
0
0
0
0
0
0
0
0
0
0
0
0
0
0
0
0
0
0
0
0
0
0
0
0
0
0
0
0
0
0
0
0
0
0
0
0
0
0
0
-0
-0
-0
-0
-0
-0
-0
-0
-0
-0
-0
-0
-0
-0
-0
-0
-0
-0
-0
-0
-0
-0
-0
-0
-0
-0
-0
-0
-0
-0
-0
-0
-0
-0
-0
-0
-0
-0
-0
-0
-0
-0
-0
-0
-0
-0
-0
-0
-0
-0
0
0
0
0
0
0
0
0
0
0
0
0
0
0
0
0
0
0
0
0
0
0
0
0
0
0
0
0
0
0
0
0
0
0
0
0
0
0
0
0
0
0
0
0
0
0
0
0
0
0
-0
-0
-0
-0
-0
-0
-0
-0
-0
-0
-0
-0
-0
-0
-0
-0
-0
-0
-0
-0
-0
-0
-0
-0
-0
-0
-0
-0
-0
-0
-0
-0
-0
-0
-0
-0
-0
-0
-0
-0
-0
-0
-0
-0
-0
-0
-0
-0
-0
-0
0
0
0
0
0
0
0
0
0
0
0
0
0
0
0
0
0
0
0
0
0
0
0
0
0
0
0
0
0
0
0
0
0
0
0
0
0
0
0
0
0
0
0
0
0
0
0
0
0
0
-0
-0
-0
-0
-0
-0
-0
-0
-0
-0
-0
-0
-0
-0
-0
-0
-0
-0
-0
-0
-0
-0
-0
-0
-0
-0
-0
-0
-0
-0
-0
-0
-0
-0
-0
-0
-0
-0
-0
-0
-0
-0
-0
-0
-0
-0
-0
-0
-0
-0
0
0
0
0
0
0
0
0
0
0
0
0
0
0
0
0
0
0
0
0
0
0
0
0
0
0
0
0
0
0
0
0
0
0
0
0
0
0
0
0
0
0
0
0
0
0
0
0
0
-0
-0
-0
-0
-0
-0
-0
-0
-0
-0
-0
-0
-0
-0
-0
-0
-0
-0
-0
-0
-0
-0
-0
-0
-0
-0
-0
-0
-0
-0
-0
-0
-0
-0
-0
-0
-0
-0
-0
-0
-0
-0
-0
-0
-0
-0
-0
-0
-0
-0
-0
0
0
0
0
0
0
0
0
0
0
0
0
0
0
0
0
0
0
0
0
0
0
0
0
0
0
0
0
0
0
0
0
0
0
0
0
0
0
0
0
0
0
0
0
0
0
0
0
0
0
-3.0139e-08
-1.2032e-07
-2.6983e-07
-4.7748e-07
-7.4164e-07
-1.0602e-06
-1.4306e-06
-1.8499e-06
-2.3148e-06
-2.8214e-06
-3.3656e-06
-3.943e-06
-4.5488e-06
-5.1778e-06
-5.8249e-06
-6.4844e-06
-7.1507e-06
-7.8177e-06
-8.4796e-06
-9.1301e-06
-9.7633e-06
-1.0373e-05
-1.0953e-05
-1.1497e-05
-1.2e-05
-1.2455e-05
-1.2858e-05
-1.3202e-05
-1.3483e-05
-1.3695e-05
-1.3835e-05
-1.3898e-05
-1.3881e-05
-1.3779e-05
-1.3591e-05
-1.3314e-05
-1.2946e-05
-1.2486e-05
-1.1933e-05
-1.1285e-05
-1.0545e-05
-9.7122e-06
-8.7881e-06
-7.7748e-06
-6.6748e-06
-5.4911e-06
-4.2273e-06
-2.8877e-06
-1.4768e-06
-3.763e-19
1.5371e-06
3.1283e-06
4.767e-06
6.446e-06
8.158e-06
9.8952e-06
1.1649e-05
1.3412e-05
1.5175e-05
1.6928e-05
1.8664e-05
2.0372e-05
2.2044e-05
2.367e-05
2.5241e-05
2.6748e-05
2.8182e-05
2.9534e-05
3.0794e-05
3.1955e-05
3.3009e-05
3.3948e-05
3.4764e-05
3.545e-05
3.6e-05
3.6408e-05
3.6669e-05
3.6777e-05
3.6729e-05
3.6521e-05
3.615e-05
3.5614e-05
3.4912e-05
3.4043e-05
3.3008e-05
3.1807e-05
3.0442e-05
2.8915e-05
2.7231e-05
2.5392e-05
2.3405e-05
2.1274e-05
1.9007e-05
1.661e-05
1.4091e-05
1.146e-05
8.7245e-06
5.8957e-06
2.9838e-06
-9.4172e-20
-3.0441e-06
-6.1363e-06
-9.2641e-06
-1.2415e-05
-1.5574e-05
-1.873e-05
-2.1868e-05
-2.4974e-05
-2.8034e-05
-3.1035e-05
-3.3962e-05
-3.6801e-05
-3.9539e-05
-4.2162e-05
-4.4658e-05
-4.7012e-05
-4.9213e-05
-5.1249e-05
-5.3109e-05
-5.4781e-05
-5.6255e-05
-5.7523e-05
-5.8574e-05
-5.9403e-05
-6e-05
-6.0361e-05
-6.0479e-05
-6.0352e-05
-5.9975e-05
-5.9346e-05
-5.8464e-05
-5.733e-05
-5.5943e-05
-5.4307e-05
-5.2424e-05
-5.0299e-05
-4.7937e-05
-4.5344e-05
-4.2529e-05
-3.9499e-05
-3.6265e-05
-3.2836e-05
-2.9225e-05
-2.5445e-05
-2.1508e-05
-1.7428e-05
-1.3222e-05
-8.9037e-06
-4.4908e-06
-6.3495e-19
4.5511e-06
9.1443e-06
1.3761e-05
1.8383e-05
2.2991e-05
2.7565e-05
3.2087e-05
3.6536e-05
4.0894e-05
4.5142e-05
4.926e-05
5.323e-05
5.7035e-05
6.0655e-05
6.4074e-05
6.7276e-05
7.0245e-05
7.2965e-05
7.5423e-05
7.7606e-05
7.9501e-05
8.1098e-05
8.2385e-05
8.3355e-05
8.4e-05
8.4313e-05
8.429e-05
8.3927e-05
8.3221e-05
8.2171e-05
8.0779e-05
7.9046e-05
7.6975e-05
7.4571e-05
7.1841e-05
6.8791e-05
6.5432e-05
6.1774e-05
5.7827e-05
5.3606e-05
4.9125e-05
4.4398e-05
3.9444e-05
3.428e-05
2.8924e-05
2.3397e-05
1.7719e-05
1.1912e-05
5.9978e-06
-8.4695e-19
-6.058e-06
-1.2152e-05
-1.8258e-05
-2.4352e-05
-3.0407e-05
-3.64e-05
-4.2305e-05
-4.8098e-05
-5.3754e-05
-5.9249e-05
-6.4558e-05
-6.966e-05
-7.453e-05
-7.9147e-05
-8.3491e-05
-8.754e-05
-9.1276e-05
-9.4681e-05
-9.7738e-05
-0.00010043
-0.00010275
-0.00010467
-0.0001062
-0.00010731
-0.000108
-0.00010827
-0.0001081
-0.0001075
-0.00010647
-0.000105
-0.00010309
-0.00010076
-9.8006e-05
-9.4835e-05
-9.1257e-05
-8.7284e-05
-8.2927e-05
-7.8203e-05
-7.3125e-05
-6.7713e-05
-6.1984e-05
-5.5961e-05
-4.9663e-05
-4.3115e-05
-3.634e-05
-2.9365e-05
-2.2216e-05
-1.492e-05
-7.5047e-06
-2.3498e-19
7.565e-06
1.516e-05
2.2756e-05
3.032e-05
3.7824e-05
4.5235e-05
5.2524e-05
5.966e-05
6.6614e-05
7.3356e-05
7.9856e-05
8.6089e-05
9.2025e-05
9.7639e-05
0.00010291
0.0001078
0.00011231
0.0001164
0.00012005
0.00012326
0.00012599
0.00012825
0.00013001
0.00013126
0.000132
0.00013222
0.00013191
0.00013108
0.00012971
0.00012782
0.00012541
0.00012248
0.00011904
0.0001151
0.00011067
0.00010578
0.00010042
9.4632e-05
8.8423e-05
8.182e-05
7.4844e-05
6.7523e-05
5.9882e-05
5.195e-05
4.3757e-05
3.5334e-05
2.6713e-05
1.7928e-05
9.0117e-06
-2.2583e-18
-9.072e-06
-1.8168e-05
-2.7253e-05
-3.6289e-05
-4.524e-05
-5.407e-05
-6.2743e-05
-7.1222e-05
-7.9474e-05
-8.7462e-05
-9.5155e-05
-0.00010252
-0.00010952
-0.00011613
-0.00012232
-0.00012807
-0.00013334
-0.00013811
-0.00014237
-0.00014608
-0.00014924
-0.00015182
-0.00015382
-0.00015521
-0.000156
-0.00015617
-0.00015572
-0.00015465
-0.00015296
-0.00015065
-0.00014772
-0.00014419
-0.00014007
-0.00013536
-0.00013009
-0.00012427
-0.00011792
-0.00011106
-0.00010372
-9.5927e-05
-8.7704e-05
-7.9085e-05
-7.01e-05
-6.0785e-05
-5.1173e-05
-4.1302e-05
-3.121e-05
-2.0936e-05
-1.0519e-05
8.2359e-19
1.0579e-05
2.1176e-05
3.175e-05
4.2257e-05
5.2656e-05
6.2905e-05
7.2962e-05
8.2785e-05
9.2334e-05
0.00010157
0.00011045
0.00011895
0.00012702
0.00013462
0.00014174
0.00014833
0.00015437
0.00015983
0.00016468
0.00016891
0.00017249
0.0001754
0.00017763
0.00017917
0.00018
0.00018012
0.00017953
0.00017823
0.0001762
0.00017347
0.00017004
0.00016591
0.0001611
0.00015563
0.00014951
0.00014276
0.00013541
0.00012749
0.00011902
0.00011003
0.00010056
9.0647e-05
8.0319e-05
6.962e-05
5.859e-05
4.7271e-05
3.5707e-05
2.3944e-05
1.2026e-05
1.1286e-18
-1.2086e-05
-2.4184e-05
-3.6247e-05
-4.8226e-05
-6.0073e-05
-7.174e-05
-8.318e-05
-9.4347e-05
-0.00010519
-0.00011568
-0.00012575
-0.00013538
-0.00014451
-0.00015312
-0.00016116
-0.0001686
-0.0001754
-0.00018154
-0.000187
-0.00019173
-0.00019573
-0.00019897
-0.00020144
-0.00020312
-0.000204
-0.00020408
-0.00020334
-0.0002018
-0.00019945
-0.0001963
-0.00019235
-0.00018762
-0.00018213
-0.00017589
-0.00016892
-0.00016125
-0.00015291
-0.00014392
-0.00013432
-0.00012414
-0.00011342
-0.00010221
-9.0538e-05
-7.8455e-05
-6.6006e-05
-5.324e-05
-4.0205e-05
-2.6952e-05
-1.3533e-05
2.5408e-18
1.3593e-05
2.7192e-05
4.0744e-05
5.4195e-05
6.7489e-05
8.0575e-05
9.3399e-05
0.00010591
0.00011805
0.00012978
0.00014105
0.00015181
0.00016201
0.00017161
0.00018057
0.00018886
0.00019643
0.00020326
0.00020931
0.00021456
0.00021898
0.00022255
0.00022525
0.00022707
0.000228
0.00022803
0.00022715
0.00022538
0.0002227
0.00021912
0.00021467
0.00020934
0.00020316
0.00019615
0.00018834
0.00017975
0.0001704
0.00016035
0.00014962
0.00013825
0.00012628
0.00011377
0.00010076
8.729e-05
7.3422e-05
5.9208e-05
4.4702e-05
2.996e-05
1.504e-05
-2.3525e-19
-1.5009e-05
-2.9899e-05
-4.4612e-05
-5.9089e-05
-7.3274e-05
-8.7113e-05
-0.00010055
-0.00011354
-0.00012603
-0.00013796
-0.00014931
-0.00016002
-0.00017005
-0.00017938
-0.00018795
-0.00019575
-0.00020274
-0.00020891
-0.00021422
-0.00021867
-0.00022223
-0.0002249
-0.00022668
-0.00022755
-0.00022752
-0.00022659
-0.00022477
-0.00022208
-0.00021851
-0.0002141
-0.00020886
-0.00020283
-0.00019601
-0.00018845
-0.00018018
-0.00017124
-0.00016166
-0.00015148
-0.00014074
-0.0001295
-0.0001178
-0.00010568
-9.3195e-05
-8.0398e-05
-6.7341e-05
-5.4075e-05
-4.0654e-05
-2.7132e-05
-1.3563e-05
4.0137e-18
1.3502e-05
2.6891e-05
4.0115e-05
5.312e-05
6.5858e-05
7.8278e-05
9.0333e-05
0.00010198
0.00011317
0.00012386
0.00013401
0.00014359
0.00015256
0.00016088
0.00016853
0.00017549
0.00018171
0.00018719
0.00019191
0.00019584
0.00019899
0.00020133
0.00020287
0.0002036
0.00020352
0.00020264
0.00020096
0.0001985
0.00019527
0.00019128
0.00018655
0.00018111
0.00017498
0.00016819
0.00016077
0.00015275
0.00014416
0.00013505
0.00012545
0.00011539
0.00010494
9.4115e-05
8.2976e-05
7.1563e-05
5.9925e-05
4.8107e-05
3.6157e-05
2.4124e-05
1.2056e-05
-1.502e-18
-1.1996e-05
-2.3884e-05
-3.5617e-05
-4.7152e-05
-5.8441e-05
-6.9443e-05
-8.0115e-05
-9.0416e-05
-0.00010031
-0.00010975
-0.00011871
-0.00012716
-0.00013506
-0.00014239
-0.00014912
-0.00015522
-0.00016068
-0.00016547
-0.00016959
-0.00017302
-0.00017574
-0.00017775
-0.00017906
-0.00017964
-0.00017952
-0.00017869
-0.00017715
-0.00017493
-0.00017202
-0.00016845
-0.00016424
-0.00015939
-0.00015395
-0.00014793
-0.00014135
-0.00013425
-0.00012667
-0.00011862
-0.00011015
-0.00010129
-9.2076e-05
-8.2553e-05
-7.2757e-05
-6.2728e-05
-5.2508e-05
-4.2138e-05
-3.166e-05
-2.1116e-05
-1.0549e-05
-4.9216e-19
1.0489e-05
2.0876e-05
3.112e-05
4.1183e-05
5.1025e-05
6.0608e-05
6.9896e-05
7.8853e-05
8.7447e-05
9.5644e-05
0.00010342
0.00011073
0.00011757
0.0001239
0.0001297
0.00013496
0.00013965
0.00014376
0.00014728
0.00015019
0.00015249
0.00015418
0.00015525
0.00015569
0.00015552
0.00015473
0.00015334
0.00015135
0.00014877
0.00014563
0.00014192
0.00013768
0.00013292
0.00012766
0.00012194
0.00011576
0.00010917
0.00010219
9.4849e-05
8.718e-05
7.9217e-05
7.0991e-05
6.2538e-05
5.3893e-05
4.5092e-05
3.6169e-05
2.7163e-05
1.8108e-05
9.0418e-06
-2.1102e-18
-8.9816e-06
-1.7868e-05
-2.6623e-05
-3.5214e-05
-4.3608e-05
-5.1773e-05
-5.9677e-05
-6.7291e-05
-7.4587e-05
-8.1538e-05
-8.8117e-05
-9.4303e-05
-0.00010007
-0.00010541
-0.00011029
-0.00011469
-0.00011862
-0.00012204
-0.00012496
-0.00012737
-0.00012925
-0.0001306
-0.00013144
-0.00013174
-0.00013152
-0.00013078
-0.00012953
-0.00012778
-0.00012553
-0.0001228
-0.00011961
-0.00011596
-0.00011189
-0.0001074
-0.00010252
-9.727e-05
-9.1675e-05
-8.576e-05
-7.9551e-05
-7.3073e-05
-6.6357e-05
-5.9429e-05
-5.232e-05
-4.5058e-05
-3.7675e-05
-3.0201e-05
-2.2666e-05
-1.51e-05
-7.5349e-06
4.6883e-19
7.4746e-06
1.486e-05
2.2126e-05
2.9246e-05
3.6192e-05
4.2938e-05
4.9459e-05
5.5729e-05
6.1727e-05
6.7431e-05
7.2819e-05
7.7874e-05
8.2578e-05
8.6914e-05
9.0869e-05
9.443e-05
9.7586e-05
0.00010033
0.00010265
0.00010454
0.000106
0.00010703
0.00010762
0.00010779
0.00010752
0.00010683
0.00010572
0.0001042
0.00010228
9.9975e-05
9.7292e-05
9.4247e-05
9.0855e-05
8.7135e-05
8.3102e-05
7.8777e-05
7.418e-05
6.9331e-05
6.4252e-05
5.8967e-05
5.3497e-05
4.7867e-05
4.2101e-05
3.6223e-05
3.0259e-05
2.4232e-05
1.8168e-05
1.2092e-05
6.0279e-06
-2.0598e-18
-5.9676e-06
-1.1852e-05
-1.7629e-05
-2.3277e-05
-2.8776e-05
-3.4103e-05
-3.924e-05
-4.4167e-05
-4.8867e-05
-5.3324e-05
-5.7521e-05
-6.1445e-05
-6.5082e-05
-6.8422e-05
-7.1452e-05
-7.4166e-05
-7.6554e-05
-7.8611e-05
-8.0333e-05
-8.1715e-05
-8.2756e-05
-8.3455e-05
-8.3814e-05
-8.3834e-05
-8.352e-05
-8.2876e-05
-8.1909e-05
-8.0626e-05
-7.9036e-05
-7.715e-05
-7.4977e-05
-7.2531e-05
-6.9824e-05
-6.6871e-05
-6.3686e-05
-6.0285e-05
-5.6685e-05
-5.2902e-05
-4.8954e-05
-4.486e-05
-4.0637e-05
-3.6305e-05
-3.1882e-05
-2.7388e-05
-2.2843e-05
-1.8264e-05
-1.3671e-05
-9.0842e-06
-4.5209e-06
7.7121e-19
4.4606e-06
8.8435e-06
1.3132e-05
1.7309e-05
2.1359e-05
2.5268e-05
2.9021e-05
3.2605e-05
3.6008e-05
3.9217e-05
4.2223e-05
4.5016e-05
4.7587e-05
4.9929e-05
5.2036e-05
5.3902e-05
5.5523e-05
5.6896e-05
5.8018e-05
5.8889e-05
5.951e-05
5.988e-05
6.0003e-05
5.9882e-05
5.952e-05
5.8923e-05
5.8098e-05
5.7051e-05
5.579e-05
5.4324e-05
5.2663e-05
5.0815e-05
4.8793e-05
4.6607e-05
4.4269e-05
4.1793e-05
3.9189e-05
3.6473e-05
3.3656e-05
3.0753e-05
2.7777e-05
2.4743e-05
2.1664e-05
1.8553e-05
1.5426e-05
1.2295e-05
9.1742e-06
6.0762e-06
3.0139e-06
-1.1766e-22
-2.9537e-06
-5.8355e-06
-8.6345e-06
-1.134e-05
-1.3943e-05
-1.6433e-05
-1.8802e-05
-2.1043e-05
-2.3148e-05
-2.511e-05
-2.6925e-05
-2.8587e-05
-3.0092e-05
-3.1437e-05
-3.262e-05
-3.3638e-05
-3.4491e-05
-3.518e-05
-3.5703e-05
-3.6064e-05
-3.6264e-05
-3.6305e-05
-3.6192e-05
-3.5929e-05
-3.552e-05
-3.4971e-05
-3.4287e-05
-3.3476e-05
-3.2544e-05
-3.1499e-05
-3.0348e-05
-2.9099e-05
-2.7761e-05
-2.6343e-05
-2.4853e-05
-2.33e-05
-2.1694e-05
-2.0044e-05
-1.8358e-05
-1.6646e-05
-1.4917e-05
-1.3181e-05
-1.1445e-05
-9.7185e-06
-8.0097e-06
-6.3267e-06
-4.677e-06
-3.0682e-06
-1.507e-06
4.1498e-19
1.4467e-06
2.8275e-06
4.1374e-06
5.3717e-06
6.5264e-06
7.5981e-06
8.5837e-06
9.4809e-06
1.0288e-05
1.1003e-05
1.1627e-05
1.2158e-05
1.2597e-05
1.2945e-05
1.3203e-05
1.3374e-05
1.346e-05
1.3464e-05
1.3389e-05
1.3239e-05
1.3018e-05
1.273e-05
1.2382e-05
1.1976e-05
1.152e-05
1.1018e-05
1.0477e-05
9.9015e-06
9.2984e-06
8.6736e-06
8.0333e-06
7.3834e-06
6.73e-06
6.0792e-06
5.4366e-06
4.808e-06
4.1989e-06
3.6144e-06
3.0596e-06
2.5392e-06
2.0576e-06
1.6187e-06
1.2262e-06
8.835e-07
5.9331e-07
3.5811e-07
1.7989e-07
6.016e-08
0
0
-0
-0
-0
-0
-0
-0
-0
-0
-0
-0
-0
-0
-0
-0
-0
-0
-0
-0
-0
-0
-0
-0
-0
-0
-0
-0
-0
-0
-0
-0
-0
-0
-0
-0
-0
-0
-0
-0
-0
-0
-0
-0
-0
-0
-0
-0
-0
-0
-0
-0
0
0
0
0
0
0
0
0
0
0
0
0
0
0
0
0
0
0
0
0
0
0
0
0
0
0
0
0
0
0
0
0
0
0
0
0
0
0
0
0
0
0
0
0
0
0
0
0
0
0
-0
-0
-0
-0
-0
-0
-0
-0
-0
-0
-0
-0
-0
-0
-0
-0
-0
-0
-0
-0
-0
-0
-0
-0
-0
-0
-0
-0
-0
-0
-0
-0
-0
-0
-0
-0
-0
-0
-0
-0
-0
-0
-0
-0
-0
-0
-0
-0
-0
-0
0
0
0
0
0
0
0
0
0
0
0
0
0
0
0
0
0
0
0
0
0
0
0
0
0
0
0
0
0
0
0
0
0
0
0
0
0
0
0
0
0
0
0
0
0
0
0
0
0
0
-0
-0
-0
-0
-0
-0
-0
-0
-0
-0
-0
-0
-0
-0
-0
-0
-0
-0
-0
-0
-0
-0
-0
-0
-0
-0
-0
-0
-0
-0
-0
-0
-0
-0
-0
-0
-0
-0
-0
-0
-0
-0
-0
-0
-0
-0
-0
-0
-0
-0
0
0
0
0
0
0
0
0
0
0
0
0
0
0
0
0
0
0
0
0
0
0
0
0
0
0
0
0
0
0
0
0
0
0
0
0
0
0
0
0
0
0
0
0
0
0
0
0
0
0
-0
-0
-0
-0
-0
-0
-0
-0
-0
-0
-0
-0
-0
-0
-0
-0
-0
-0
-0
-0
-0
-0
-0
-0
-0
-0
-0
-0
-0
-0
-0
-0
-0
-0
-0
-0
-0
-0
-0
-0
-0
-0
-0
-0
-0
-0
-0
-0
-0
-0
0
0
0
0
0
0
0
0
0
0
0
0
0
0
0
0
0
0
0
0
0
0
0
0
0
0
0
0
0
0
0
0
0
0
0
0
0
0
0
0
0
0
0
0
0
0
0
0
0
0
-0
-0
-0
-0
-0
-0
-0
-0
-0
-0
-0
-0
-0
-0
-0
-0
-0
-0
-0
-0
-0
-0
-0
-0
-0
-0
-0
-0
-0
-0
-0
-0
-0
-0
-0
-0
-0
-0
-0
-0
-0
-0
-0
-0
-0
-0
-0
-0
-0
-0
0
0
0
0
0
0
0
0
0
0
0
0
0
0
0
0
0
0
0
0
0
0
0
0
0
0
0
0
0
0
0
0
0
0
0
0
0
0
0
0
0
0
0
0
0
0
0
0
0
0
-0
-0
-0
-0
-0
-0
-0
-0
-0
-0
-0
-0
-0
-0
-0
-0
-0
-0
-0
-0
-0
-0
-0
-0
-0
-0
-0
-0
-0
-0
-0
-0
-0
-0
-0
-0
-0
-0
-0
-0
-0
-0
-0
-0
-0
-0
-0
-0
-0
0
0
0
0
0
0
0
0
0
0
0
0
0
0
0
0
0
0
0
0
0
0
0
0
0
0
0
0
0
0
0
0
0
0
0
0
0
0
0
0
0
0
0
0
0
0
0
0
0
0
0
-0
-0
-0
-0
-0
-0
-0
-0
-0
-0
-0
-0
-0
-0
-0
-0
-0
-0
-0
-0
-0
-0
-0
-0
-0
-0
-0
-0
-0
-0
-0
-0
-0
-0
-0
-0
-0
-0
-0
-0
-0
-0
-0
-0
-0
-0
-0
-0
-0
-0
0
0
0
0
0
0
0
0
0
0
0
0
0
0
0
0
0
0
0
0
0
0
0
0
0
0
0
0
0
0
0
0
0
0
0
0
0
0
0
0
0
0
0
0
0
0
0
0
0
0
-0
-0
-0
-0
-0
-0
-0
-0
-0
-0
-0
-0
-0
-0
-0
-0
-0
-0
-0
-0
-0
-0
-0
-0
-0
-0
-0
-0
-0
-0
-0
-0
-0
-0
-0
-0
-0
-0
-0
-0
-0
-0
-0
-0
-0
-0
-0
-0
-0
-0
0
0
0
0
0
0
0
0
0
0
0
0
0
0
0
0
0
0
0
0
0
0
0
0
0
0
0
0
0
0
0
0
0
0
0
0
0
0
0
0
0
0
0
0
0
0
0
0
0
-0
-0
-0
-0
-0
-0
-0
-0
-0
-0
-0
-0
-0
-0
-0
-0
-0
-0
-0
-0
-0
-0
-0
-0
-0
-0
-0
-0
-0
-0
-0
-0
-0
-0
-0
-0
-0
-0
-0
-0
-0
-0
-0
-0
-0
-0
-0
-0
-0
-0
-0
0
0
0
0
0
0
0
0
0
0
0
0
0
0
0
0
0
0
0
0
0
0
0
0
0
0
0
0
0
0
0
0
0
0
0
0
0
0
0
0
0
0
0
0
0
0
0
0
0
0
-0
-0
-0
-0
-0
-0
-0
-0
-0
-0
-0
-0
-0
-0
-0
-0
-0
-0
-0
-0
-0
-0
-0
-0
-0
-0
-0
-0
-0
-0
-0
-0
-0
-0
-0
-0
-0
-0
-0
-0
-0
-0
-0
-0
-0
-0
-0
-0
-0
0
0
0
0
0
0
0
0
0
0
0
0
0
0
0
0
0
0
0
0
0
0
0
0
0
0
0
0
0
0
0
0
0
0
0
0
0
0
0
0
0
0
0
0
0
0
0
0
0
0
0
-0
-0
-0
-0
-0
-0
-0
-0
-0
-0
-0
-0
-0
-0
-0
-0
-0
-0
-0
-0
-0
-0
-0
-0
-0
-0
-0
-0
-0
-0
-0
-0
-0
-0
-0
-0
-0
-0
-0
-0
-0
-0
-0
-0
-0
-0
-0
-0
-0
-0
0
0
0
0
0
0
0
0
0
0
0
0
0
0
0
0
0
0
0
0
0
0
0
0
0
0
0
0
0
0
0
0
0
0
0
0
0
0
0
0
0
0
0
0
0
0
0
0
0
0
-0
-0
-0
-0
-0
-0
-0
-0
-0
-0
-0
-0
-0
-0
-0
-0
-0
-0
-0
-0
-0
-0
-0
-0
-0
-0
-0
-0
-0
-0
-0
-0
-0
-0
-0
-0
-0
-0
-0
-0
-0
-0
-0
-0
-0
-0
-0
-0
-0
0
0
0
0
0
0
0
0
0
0
0
0
0
0
0
0
0
0
0
0
0
0
0
0
0
0
0
0
0
0
0
0
0
0
0
0
0
0
0
0
0
0
0
0
0
0
0
0
0
0
-0
-0
-0
-0
-0
-0
-0
-0
-0
-0
-0
-0
-0
-0
-0
-0
-0
-0
-0
-0
-0
-0
-0
-0
-0
-0
-0
-0
-0
-0
-0
-0
-0
-0
-0
-0
-0
-0
-0
-0
-0
-0
-0
-0
-0
-0
-0
-0
-0
-0
-0
0
0
0
0
0
0
0
0
0
0
0
0
0
0
0
0
0
0
0
0
0
0
0
0
0
0
0
0
0
0
0
0
0
0
0
0
0
0
0
0
0
0
0
0
0
0
0
0
0
0
-0
-0
-0
-0
-0
-0
-0
-0
-0
-0
-0
-0
-0
-0
-0
-0
-0
-0
-0
-0
-0
-0
-0
-0
-0
-0
-0
-0
-0
-0
-0
-0
-0
-0
-0
-0
-0
-0
-0
-0
-0
-0
-0
-0
-0
-0
-0
-0
-0
0
0
0
0
0
0
0
0
0
0
0
0
0
0
0
0
0
0
0
0
0
0
0
0
0
0
0
0
0
0
0
0
0
0
0
0
0
0
0
0
0
0
0
0
0
0
0
0
0
0
-0
-0
-0
-0
-0
-0
-0
-0
-0
-0
-0
-0
-0
-0
-0
-0
-0
-0
-0
-0
-0
-0
-0
-0
-0
-0
-0
-0
-0
-0
-0
-0
-0
-0
-0
-0
-0
-0
-0
-0
-0
-0
-0
-0
-0
-0
-0
-0
-0
-0
0
0
0
0
0
0
0
0
0
0
0
0
0
0
0
0
0
0
0
0
0
0
0
0
0
0
0
0
0
0
0
0
0
0
0
0
0
0
0
0
0
0
0
0
0
0
0
0
0
0
0
-0
-0
-0
-0
-0
-0
-0
-0
-0
-0
-0
-0
-0
-0
-0
-0
-0
-0
-0
-0
-0
-0
-0
-0
-0
-0
-0
-0
-0
-0
-0
-0
-0
-0
-0
-0
-0
-0
-0
-0
-0
-0
-0
-0
-0
-0
-0
-0
-0
-0
0
0
0
0
0
0
0
0
0
0
0
0
0
0
0
0
0
0
0
0
0
0
0
0
0
0
0
0
0
0
0
0
0
0
0
0
0
0
0
0
0
0
0
0
0
0
0
0
0
-0
-0
-0
-0
-0
-0
-0
-0
-0
-0
-0
-0
-0
-0
-0
-0
-0
-0
-0
-0
-0
-0
-0
-0
-0
-0
-0
-0
-0
-0
-0
-0
-0
-0
-0
-0
-0
-0
-0
-0
-0
-0
-0
-0
-0
-0
-0
-0
-0
-0
0
0
0
0
0
0
0
0
0
0
0
0
0
0
0
0
0
0
0
0
0
0
0
0
0
0
0
0
0
0
0
0
0
0
0
0
0
0
0
0
0
0
0
0
0
0
0
0
0
0
-0
-0
-0
-0
-0
-0
-0
-0
-0
-0
-0
-0
-0
-0
-0
-0
-0
-0
-0
-0
-0
-0
-0
-0
-0
-0
-0
-0
-0
-0
-0
-0
-0
-0
-0
-0
-0
-0
-0
-0
-0
-0
-0
-0
-0
-0
-0
-0
-0
-0
-0
0
0
0
0
0
0
0
0
0
0
0
0
0
0
0
0
0
0
0
0
0
0
0
0
0
0
0
0
0
0
0
0
0
0
0
0
0
0
0
0
0
0
0
0
0
0
0
0
0
0
-0
-0
-0
-0
-0
-0
-0
-0
-0
-0
-0
-0
-0
-0
-0
-0
-0
-0
-0
-0
-0
-0
-0
-0
-0
-0
-0
-0
-0
-0
-0
-0
-0
-0
-0
-0
-0
-0
-0
-0
-0
-0
-0
-0
-0
-0
-0
-0
-0
0
0
0
0
0
0
0
0
0
0
0
0
0
0
0
0
0
0
0
0
0
0
0
0
0
0
0
0
0
0
0
0
0
0
0
0
0
0
0
0
0
0
0
0
0
0
0
0
0
0
-0
-0
-0
-0
-0
-0
-0
-0
-0
-0
-0
-0
-0
-0
-0
-0
-0
-0
-0
-0
-0
-0
-0
-0
-0
-0
-0
-0
-0
-0
-0
-0
-0
-0
-0
-0
-0
-0
-0
-0
-0
-0
-0
-0
-0
-0
-0
-0
-0
-0
0
0
0
0
0
0
0
0
0
0
0
0
0
0
0
0
0
0
0
0
0
0
0
0
0
0
0
0
0
0
0
0
0
0
0
0
0
0
0
0
0
0
0
0
0
0
0
0
0
0
-0
-0
-0
-0
-0
-0
-0
-0
-0
-0
-0
-0
-0
-0
-0
-0
-0
-0
-0
-0
-0
-0
-0
-0
-0
-0
-0
-0
-0
-0
-0
-0
-0
-0
-0
-0
-0
-0
-0
-0
-0
-0
-0
-0
-0
-0
-0
-0
-0
-0
-0
0
0
0
0
0
0
0
0
0
0
0
0
0
0
0
0
0
0
0
0
0
0
0
0
0
0
0
0
0
0
0
0
0
0
0
0
0
0
0
0
0
0
0
0
0
0
0
0
0
0
-0
-0
-0
-0
-0
-0
-0
-0
-0
-0
-0
-0
-0
-0
-0
-0
-0
-0
-0
-0
-0
-0
-0
-0
-0
-0
-0
-0
-0
-0
-0
-0
-0
-0
-0
-0
-0
-0
-0
-0
-0
-0
-0
-0
-0
-0
-0
-0
-0
-0
0
0
0
0
0
0
0
0
0
0
0
0
0
0
0
0
0
0
0
0
0
0
0
0
0
0
0
0
0
0
0
0
0
0
0
0
0
0
0
0
0
0
0
0
0
0
0
0
0
-0
-0
-0
-0
-0
-0
-0
-0
-0
-0
-0
-0
-0
-0
-0
-0
-0
-0
-0
-0
-0
-0
-0
-0
-0
-0
-0
-0
-0
-0
-0
-0
-0
-0
-0
-0
-0
-0
-0
-0
-0
-0
-0
-0
-0
-0
-0
-0
-0
-0
0
0
0
0
0
0
0
0
0
0
0
0
0
0
0
0
0
0
0
0
0
0
0
0
0
0
0
0
0
0
0
0
0
0
0
0
0
0
0
0
0
0
0
0
0
0
0
0
0
0
0
-0
-0
-0
-0
-0
-0
-0
-0
-0
-0
-0
-0
-0
-0
-0
-0
-0
-0
-0
-0
-0
-0
-0
-0
-0
-0
-0
-0
-0
-0
-0
-0
-0
-0
-0
-0
-0
-0
-0
-0
-0
-0
-0
-0
-0
-0
-0
-0
-0
-0
0
0
0
0
0
0
0
0
0
0
0
0
0
0
0
0
0
0
0
0
0
0
0
0
0
0
0
0
0
0
0
0
0
0
0
0
0
0
0
0
0
0
0
0
0
0
0
0
0
0
-0
-0
-0
-0
-0
-0
-0
-0
-0
-0
-0
-0
-0
-0
-0
-0
-0
-0
-0
-0
-0
-0
-0
-0
-0
-0
-0
-0
-0
-0
-0
-0
-0
-0
-0
-0
-0
-0
-0
-0
-0
-0
-0
-0
-0
-0
-0
-0
-0
0
0
0
0
0
0
0
0
0
0
0
0
0
0
0
0
0
0
0
0
0
0
0
0
0
0
0
0
0
0
0
0
0
0
0
0
0
0
0
0
0
0
0
0
0
0
0
0
0
0
-0
-0
-0
-0
-0
-0
-0
-0
-0
-0
-0
-0
-0
-0
-0
-0
-0
-0
-0
-0
-0
-0
-0
-0
-0
-0
-0
-0
-0
-0
-0
-0
-0
-0
-0
-0
-0
-0
-0
-0
-0
-0
-0
-0
-0
-0
-0
-0
-0
-0
-0
0
0
0
0
0
0
0
0
0
0
0
0
0
0
0
0
0
0
0
0
0
0
0
0
0
0
0
0
0
0
0
0
0
0
0
0
0
0
0
0
0
0
0
0
0
0
0
0
0
0
-0
-0
-0
-0
-0
-0
-0
-0
-0
-0
-0
-0
-0
-0
-0
-0
-0
-0
-0
-0
-0
-0
-0
-0
-0
-0
-0
-0
-0
-0
-0
-0
-0
-0
-0
-0
-0
-0
-0
-0
-0
-0
-0
-0
-0
-0
-0
-0
-0
-0
0
0
0
0
0
0
0
0
0
0
0
0
0
0
0
0
0
0
0
0
0
0
0
0
0
0
0
0
0
0
0
0
0
0
0
0
0
0
0
0
0
0
0
0
0
0
0
0
0
-0
-0
-0
-0
-0
-0
-0
-0
-0
-0
-0
-0
-0
-0
-0
-0
-0
-0
-0
-0
-0
-0
-0
-0
-0
-0
-0
-0
-0
-0
-0
-0
-0
-0
-0
-0
-0
-0
-0
-0
-0
-0
-0
-0
-0
-0
-0
-0
-0
-0
0
0
0
0
0
0
0
0
0
0
0
0
0
0
0
0
0
0
0
0
0
0
0
0
0
0
0
0
0
0
0
0
0
0
0
0
0
0
0
0
0
0
0
0
0
0
0
0
0
0
-0
-3.0139e-08
-1.2032e-07
-2.6983e-07
-4.7748e-07
-7.4164e-07
-1.0602e-06
-1.4306e-06
-1.8499e-06
-2.3148e-06
-2.8214e-06
-3.3656e-06
-3.943e-06
-4.5488e-06
-5.1778e-06
-5.8249e-06
-6.4844e-06
-7.1507e-06
-7.8177e-06
-8.4796e-06
-9.1301e-06
-9.7633e-06
-1.0373e-05
-1.0953e-05
-1.1497e-05
-1.2e-05
-1.2455e-05
-1.2858e-05
-1.3202e-05
-1.3483e-05
-1.3695e-05
-1.3835e-05
-1.3898e-05
-1.3881e-05
-1.3779e-05
-1.3591e-05
-1.3314e-05
-1.2946e-05
-1.2486e-05
-1.1933e-05
-1.1285e-05
-1.0545e-05
-9.7122e-06
-8.7881e-06
-7.7748e-06
-6.6748e-06
-5.4911e-06
-4.2273e-06
-2.8877e-06
-1.4768e-06
-2.5862e-19
1.5371e-06
3.1283e-06
4.767e-06
6.446e-06
8.158e-06
9.8952e-06
1.1649e-05
1.3412e-05
1.5175e-05
1.6928e-05
1.8664e-05
2.0372e-05
2.2044e-05
2.367e-05
2.5241e-05
2.6748e-05
2.8182e-05
2.9534e-05
3.0794e-05
3.1955e-05
3.3009e-05
3.3948e-05
3.4764e-05
3.545e-05
3.6e-05
3.6408e-05
3.6669e-05
3.6777e-05
3.6729e-05
3.6521e-05
3.615e-05
3.5614e-05
3.4912e-05
3.4043e-05
3.3008e-05
3.1807e-05
3.0442e-05
2.8915e-05
2.7231e-05
2.5392e-05
2.3405e-05
2.1274e-05
1.9007e-05
1.661e-05
1.4091e-05
1.146e-05
8.7245e-06
5.8957e-06
2.9838e-06
-1.6938e-18
-3.0441e-06
-6.1363e-06
-9.2641e-06
-1.2415e-05
-1.5574e-05
-1.873e-05
-2.1868e-05
-2.4974e-05
-2.8034e-05
-3.1035e-05
-3.3962e-05
-3.6801e-05
-3.9539e-05
-4.2162e-05
-4.4658e-05
-4.7012e-05
-4.9213e-05
-5.1249e-05
-5.3109e-05
-5.4781e-05
-5.6255e-05
-5.7523e-05
-5.8574e-05
-5.9403e-05
-6e-05
-6.0361e-05
-6.0479e-05
-6.0352e-05
-5.9975e-05
-5.9346e-05
-5.8464e-05
-5.733e-05
-5.5943e-05
-5.4307e-05
-5.2424e-05
-5.0299e-05
-4.7937e-05
-4.5344e-05
-4.2529e-05
-3.9499e-05
-3.6265e-05
-3.2836e-05
-2.9225e-05
-2.5445e-05
-2.1508e-05
-1.7428e-05
-1.3222e-05
-8.9037e-06
-4.4908e-06
1.7645e-18
4.5511e-06
9.1443e-06
1.3761e-05
1.8383e-05
2.2991e-05
2.7565e-05
3.2087e-05
3.6536e-05
4.0894e-05
4.5142e-05
4.926e-05
5.323e-05
5.7035e-05
6.0655e-05
6.4074e-05
6.7276e-05
7.0245e-05
7.2965e-05
7.5423e-05
7.7606e-05
7.9501e-05
8.1098e-05
8.2385e-05
8.3355e-05
8.4e-05
8.4313e-05
8.429e-05
8.3927e-05
8.3221e-05
8.2171e-05
8.0779e-05
7.9046e-05
7.6975e-05
7.4571e-05
7.1841e-05
6.8791e-05
6.5432e-05
6.1774e-05
5.7827e-05
5.3606e-05
4.9125e-05
4.4398e-05
3.9444e-05
3.428e-05
2.8924e-05
2.3397e-05
1.7719e-05
1.1912e-05
5.9978e-06
4.1393e-18
-6.058e-06
-1.2152e-05
-1.8258e-05
-2.4352e-05
-3.0407e-05
-3.64e-05
-4.2305e-05
-4.8098e-05
-5.3754e-05
-5.9249e-05
-6.4558e-05
-6.966e-05
-7.453e-05
-7.9147e-05
-8.3491e-05
-8.754e-05
-9.1276e-05
-9.4681e-05
-9.7738e-05
-0.00010043
-0.00010275
-0.00010467
-0.0001062
-0.00010731
-0.000108
-0.00010827
-0.0001081
-0.0001075
-0.00010647
-0.000105
-0.00010309
-0.00010076
-9.8006e-05
-9.4835e-05
-9.1257e-05
-8.7284e-05
-8.2927e-05
-7.8203e-05
-7.3125e-05
-6.7713e-05
-6.1984e-05
-5.5961e-05
-4.9663e-05
-4.3115e-05
-3.634e-05
-2.9365e-05
-2.2216e-05
-1.492e-05
-7.5047e-06
-6.4678e-18
7.565e-06
1.516e-05
2.2756e-05
3.032e-05
3.7824e-05
4.5235e-05
5.2524e-05
5.966e-05
6.6614e-05
7.3356e-05
7.9856e-05
8.6089e-05
9.2025e-05
9.7639e-05
0.00010291
0.0001078
0.00011231
0.0001164
0.00012005
0.00012326
0.00012599
0.00012825
0.00013001
0.00013126
0.000132
0.00013222
0.00013191
0.00013108
0.00012971
0.00012782
0.00012541
0.00012248
0.00011904
0.0001151
0.00011067
0.00010578
0.00010042
9.4632e-05
8.8423e-05
8.182e-05
7.4844e-05
6.7523e-05
5.9882e-05
5.195e-05
4.3757e-05
3.5334e-05
2.6713e-05
1.7928e-05
9.0117e-06
9.3137e-18
-9.072e-06
-1.8168e-05
-2.7253e-05
-3.6289e-05
-4.524e-05
-5.407e-05
-6.2743e-05
-7.1222e-05
-7.9474e-05
-8.7462e-05
-9.5155e-05
-0.00010252
-0.00010952
-0.00011613
-0.00012232
-0.00012807
-0.00013334
-0.00013811
-0.00014237
-0.00014608
-0.00014924
-0.00015182
-0.00015382
-0.00015521
-0.000156
-0.00015617
-0.00015572
-0.00015465
-0.00015296
-0.00015065
-0.00014772
-0.00014419
-0.00014007
-0.00013536
-0.00013009
-0.00012427
-0.00011792
-0.00011106
-0.00010372
-9.5927e-05
-8.7704e-05
-7.9085e-05
-7.01e-05
-6.0785e-05
-5.1173e-05
-4.1302e-05
-3.121e-05
-2.0936e-05
-1.0519e-05
-3.1275e-18
1.0579e-05
2.1176e-05
3.175e-05
4.2257e-05
5.2656e-05
6.2905e-05
7.2962e-05
8.2785e-05
9.2334e-05
0.00010157
0.00011045
0.00011895
0.00012702
0.00013462
0.00014174
0.00014833
0.00015437
0.00015983
0.00016468
0.00016891
0.00017249
0.0001754
0.00017763
0.00017917
0.00018
0.00018012
0.00017953
0.00017823
0.0001762
0.00017347
0.00017004
0.00016591
0.0001611
0.00015563
0.00014951
0.00014276
0.00013541
0.00012749
0.00011902
0.00011003
0.00010056
9.0647e-05
8.0319e-05
6.962e-05
5.859e-05
4.7271e-05
3.5707e-05
2.3944e-05
1.2026e-05
1.6558e-17
-1.2086e-05
-2.4184e-05
-3.6247e-05
-4.8226e-05
-6.0073e-05
-7.174e-05
-8.318e-05
-9.4347e-05
-0.00010519
-0.00011568
-0.00012575
-0.00013538
-0.00014451
-0.00015312
-0.00016116
-0.0001686
-0.0001754
-0.00018154
-0.000187
-0.00019173
-0.00019573
-0.00019897
-0.00020144
-0.00020312
-0.000204
-0.00020408
-0.00020334
-0.0002018
-0.00019945
-0.0001963
-0.00019235
-0.00018762
-0.00018213
-0.00017589
-0.00016892
-0.00016125
-0.00015291
-0.00014392
-0.00013432
-0.00012414
-0.00011342
-0.00010221
-9.0538e-05
-7.8455e-05
-6.6006e-05
-5.324e-05
-4.0205e-05
-2.6952e-05
-1.3533e-05
-8.6782e-18
1.3593e-05
2.7192e-05
4.0744e-05
5.4195e-05
6.7489e-05
8.0575e-05
9.3399e-05
0.00010591
0.00011805
0.00012978
0.00014105
0.00015181
0.00016201
0.00017161
0.00018057
0.00018886
0.00019643
0.00020326
0.00020931
0.00021456
0.00021898
0.00022255
0.00022525
0.00022707
0.000228
0.00022803
0.00022715
0.00022538
0.0002227
0.00021912
0.00021467
0.00020934
0.00020316
0.00019615
0.00018834
0.00017975
0.0001704
0.00016035
0.00014962
0.00013825
0.00012628
0.00011377
0.00010076
8.729e-05
7.3422e-05
5.9208e-05
4.4702e-05
2.996e-05
1.504e-05
1.2205e-17
-1.5009e-05
-2.9899e-05
-4.4612e-05
-5.9089e-05
-7.3274e-05
-8.7113e-05
-0.00010055
-0.00011354
-0.00012603
-0.00013796
-0.00014931
-0.00016002
-0.00017005
-0.00017938
-0.00018795
-0.00019575
-0.00020274
-0.00020891
-0.00021422
-0.00021867
-0.00022223
-0.0002249
-0.00022668
-0.00022755
-0.00022752
-0.00022659
-0.00022477
-0.00022208
-0.00021851
-0.0002141
-0.00020886
-0.00020283
-0.00019601
-0.00018845
-0.00018018
-0.00017124
-0.00016166
-0.00015148
-0.00014074
-0.0001295
-0.0001178
-0.00010568
-9.3195e-05
-8.0398e-05
-6.7341e-05
-5.4075e-05
-4.0654e-05
-2.7132e-05
-1.3563e-05
-1.3306e-17
1.3502e-05
2.6891e-05
4.0115e-05
5.312e-05
6.5858e-05
7.8278e-05
9.0333e-05
0.00010198
0.00011317
0.00012386
0.00013401
0.00014359
0.00015256
0.00016088
0.00016853
0.00017549
0.00018171
0.00018719
0.00019191
0.00019584
0.00019899
0.00020133
0.00020287
0.0002036
0.00020352
0.00020264
0.00020096
0.0001985
0.00019527
0.00019128
0.00018655
0.00018111
0.00017498
0.00016819
0.00016077
0.00015275
0.00014416
0.00013505
0.00012545
0.00011539
0.00010494
9.4115e-05
8.2976e-05
7.1563e-05
5.9925e-05
4.8107e-05
3.6157e-05
2.4124e-05
1.2056e-05
3.0022e-18
-1.1996e-05
-2.3884e-05
-3.5617e-05
-4.7152e-05
-5.8441e-05
-6.9443e-05
-8.0115e-05
-9.0416e-05
-0.00010031
-0.00010975
-0.00011871
-0.00012716
-0.00013506
-0.00014239
-0.00014912
-0.00015522
-0.00016068
-0.00016547
-0.00016959
-0.00017302
-0.00017574
-0.00017775
-0.00017906
-0.00017964
-0.00017952
-0.00017869
-0.00017715
-0.00017493
-0.00017202
-0.00016845
-0.00016424
-0.00015939
-0.00015395
-0.00014793
-0.00014135
-0.00013425
-0.00012667
-0.00011862
-0.00011015
-0.00010129
-9.2076e-05
-8.2553e-05
-7.2757e-05
-6.2728e-05
-5.2508e-05
-4.2138e-05
-3.166e-05
-2.1116e-05
-1.0549e-05
-1.3954e-17
1.0489e-05
2.0876e-05
3.112e-05
4.1183e-05
5.1025e-05
6.0608e-05
6.9896e-05
7.8853e-05
8.7447e-05
9.5644e-05
0.00010342
0.00011073
0.00011757
0.0001239
0.0001297
0.00013496
0.00013965
0.00014376
0.00014728
0.00015019
0.00015249
0.00015418
0.00015525
0.00015569
0.00015552
0.00015473
0.00015334
0.00015135
0.00014877
0.00014563
0.00014192
0.00013768
0.00013292
0.00012766
0.00012194
0.00011576
0.00010917
0.00010219
9.4849e-05
8.718e-05
7.9217e-05
7.0991e-05
6.2538e-05
5.3893e-05
4.5092e-05
3.6169e-05
2.7163e-05
1.8108e-05
9.0418e-06
5.3442e-18
-8.9816e-06
-1.7868e-05
-2.6623e-05
-3.5214e-05
-4.3608e-05
-5.1773e-05
-5.9677e-05
-6.7291e-05
-7.4587e-05
-8.1538e-05
-8.8117e-05
-9.4303e-05
-0.00010007
-0.00010541
-0.00011029
-0.00011469
-0.00011862
-0.00012204
-0.00012496
-0.00012737
-0.00012925
-0.0001306
-0.00013144
-0.00013174
-0.00013152
-0.00013078
-0.00012953
-0.00012778
-0.00012553
-0.0001228
-0.00011961
-0.00011596
-0.00011189
-0.0001074
-0.00010252
-9.727e-05
-9.1675e-05
-8.576e-05
-7.9551e-05
-7.3073e-05
-6.6357e-05
-5.9429e-05
-5.232e-05
-4.5058e-05
-3.7675e-05
-3.0201e-05
-2.2666e-05
-1.51e-05
-7.5349e-06
-5.739e-18
7.4746e-06
1.486e-05
2.2126e-05
2.9246e-05
3.6192e-05
4.2938e-05
4.9459e-05
5.5729e-05
6.1727e-05
6.7431e-05
7.2819e-05
7.7874e-05
8.2578e-05
8.6914e-05
9.0869e-05
9.443e-05
9.7586e-05
0.00010033
0.00010265
0.00010454
0.000106
0.00010703
0.00010762
0.00010779
0.00010752
0.00010683
0.00010572
0.0001042
0.00010228
9.9975e-05
9.7292e-05
9.4247e-05
9.0855e-05
8.7135e-05
8.3102e-05
7.8777e-05
7.418e-05
6.9331e-05
6.4252e-05
5.8967e-05
5.3497e-05
4.7867e-05
4.2101e-05
3.6223e-05
3.0259e-05
2.4232e-05
1.8168e-05
1.2092e-05
6.0279e-06
5.6164e-18
-5.9676e-06
-1.1852e-05
-1.7629e-05
-2.3277e-05
-2.8776e-05
-3.4103e-05
-3.924e-05
-4.4167e-05
-4.8867e-05
-5.3324e-05
-5.7521e-05
-6.1445e-05
-6.5082e-05
-6.8422e-05
-7.1452e-05
-7.4166e-05
-7.6554e-05
-7.8611e-05
-8.0333e-05
-8.1715e-05
-8.2756e-05
-8.3455e-05
-8.3814e-05
-8.3834e-05
-8.352e-05
-8.2876e-05
-8.1909e-05
-8.0626e-05
-7.9036e-05
-7.715e-05
-7.4977e-05
-7.2531e-05
-6.9824e-05
-6.6871e-05
-6.3686e-05
-6.0285e-05
-5.6685e-05
-5.2902e-05
-4.8954e-05
-4.486e-05
-4.0637e-05
-3.6305e-05
-3.1882e-05
-2.7388e-05
-2.2843e-05
-1.8264e-05
-1.3671e-05
-9.0842e-06
-4.5209e-06
-9.1081e-19
4.4606e-06
8.8435e-06
1.3132e-05
1.7309e-05
2.1359e-05
2.5268e-05
2.9021e-05
3.2605e-05
3.6008e-05
3.9217e-05
4.2223e-05
4.5016e-05
4.7587e-05
4.9929e-05
5.2036e-05
5.3902e-05
5.5523e-05
5.6896e-05
5.8018e-05
5.8889e-05
5.951e-05
5.988e-05
6.0003e-05
5.9882e-05
5.952e-05
5.8923e-05
5.8098e-05
5.7051e-05
5.579e-05
5.4324e-05
5.2663e-05
5.0815e-05
4.8793e-05
4.6607e-05
4.4269e-05
4.1793e-05
3.9189e-05
3.6473e-05
3.3656e-05
3.0753e-05
2.7777e-05
2.4743e-05
2.1664e-05
1.8553e-05
1.5426e-05
1.2295e-05
9.1742e-06
6.0762e-06
3.0139e-06
3.8187e-18
-2.9537e-06
-5.8355e-06
-8.6345e-06
-1.134e-05
-1.3943e-05
-1.6433e-05
-1.8802e-05
-2.1043e-05
-2.3148e-05
-2.511e-05
-2.6925e-05
-2.8587e-05
-3.0092e-05
-3.1437e-05
-3.262e-05
-3.3638e-05
-3.4491e-05
-3.518e-05
-3.5703e-05
-3.6064e-05
-3.6264e-05
-3.6305e-05
-3.6192e-05
-3.5929e-05
-3.552e-05
-3.4971e-05
-3.4287e-05
-3.3476e-05
-3.2544e-05
-3.1499e-05
-3.0348e-05
-2.9099e-05
-2.7761e-05
-2.6343e-05
-2.4853e-05
-2.33e-05
-2.1694e-05
-2.0044e-05
-1.8358e-05
-1.6646e-05
-1.4917e-05
-1.3181e-05
-1.1445e-05
-9.7185e-06
-8.0097e-06
-6.3267e-06
-4.677e-06
-3.0682e-06
-1.507e-06
-8.0665e-19
1.4467e-06
2.8275e-06
4.1374e-06
5.3717e-06
6.5264e-06
7.5981e-06
8.5837e-06
9.4809e-06
1.0288e-05
1.1003e-05
1.1627e-05
1.2158e-05
1.2597e-05
1.2945e-05
1.3203e-05
1.3374e-05
1.346e-05
1.3464e-05
1.3389e-05
1.3239e-05
1.3018e-05
1.273e-05
1.2382e-05
1.1976e-05
1.152e-05
1.1018e-05
1.0477e-05
9.9015e-06
9.2984e-06
8.6736e-06
8.0333e-06
7.3834e-06
6.73e-06
6.0792e-06
5.4366e-06
4.808e-06
4.1989e-06
3.6144e-06
3.0596e-06
2.5392e-06
2.0576e-06
1.6187e-06
1.2262e-06
8.835e-07
5.9331e-07
3.5811e-07
1.7989e-07
6.016e-08
0
0
-0
-0
-0
-0
-0
-0
-0
-0
-0
-0
-0
-0
-0
-0
-0
-0
-0
-0
-0
-0
-0
-0
-0
-0
-0
-0
-0
-0
-0
-0
-0
-0
-0
-0
-0
-0
-0
-0
-0
-0
-0
-0
-0
-0
-0
-0
-0
-0
-0
-0
0
0
0
0
0
0
0
0
0
0
0
0
0
0
0
0
0
0
0
0
0
0
0
0
0
0
0
0
0
0
0
0
0
0
0
0
0
0
0
0
0
0
0
0
0
0
0
0
0
0
-0
-0
-0
-0
-0
-0
-0
-0
-0
-0
-0
-0
-0
-0
-0
-0
-0
-0
-0
-0
-0
-0
-0
-0
-0
-0
-0
-0
-0
-0
-0
-0
-0
-0
-0
-0
-0
-0
-0
-0
-0
-0
-0
-0
-0
-0
-0
-0
-0
-0
0
0
0
0
0
0
0
0
0
0
0
0
0
0
0
0
0
0
0
0
0
0
0
0
0
0
0
0
0
0
0
0
0
0
0
0
0
0
0
0
0
0
0
0
0
0
0
0
0
0
-0
-0
-0
-0
-0
-0
-0
-0
-0
-0
-0
-0
-0
-0
-0
-0
-0
-0
-0
-0
-0
-0
-0
-0
-0
-0
-0
-0
-0
-0
-0
-0
-0
-0
-0
-0
-0
-0
-0
-0
-0
-0
-0
-0
-0
-0
-0
-0
-0
-0
0
0
0
0
0
0
0
0
0
0
0
0
0
0
0
0
0
0
0
0
0
0
0
0
0
0
0
0
0
0
0
0
0
0
0
0
0
0
0
0
0
0
0
0
0
0
0
0
0
0
-0
-0
-0
-0
-0
-0
-0
-0
-0
-0
-0
-0
-0
-0
-0
-0
-0
-0
-0
-0
-0
-0
-0
-0
-0
-0
-0
-0
-0
-0
-0
-0
-0
-0
-0
-0
-0
-0
-0
-0
-0
-0
-0
-0
-0
-0
-0
-0
-0
-0
0
0
0
0
0
0
0
0
0
0
0
0
0
0
0
0
0
0
0
0
0
0
0
0
0
0
0
0
0
0
0
0
0
0
0
0
0
0
0
0
0
0
0
0
0
0
0
0
0
0
-0
-0
-0
-0
-0
-0
-0
-0
-0
-0
-0
-0
-0
-0
-0
-0
-0
-0
-0
-0
-0
-0
-0
-0
-0
-0
-0
-0
-0
-0
-0
-0
-0
-0
-0
-0
-0
-0
-0
-0
-0
-0
-0
-0
-0
-0
-0
-0
-0
-0
0
0
0
0
0
0
0
0
0
0
0
0
0
0
0
0
0
0
0
0
0
0
0
0
0
0
0
0
0
0
0
0
0
0
0
0
0
0
0
0
0
0
0
0
0
0
0
0
0
0
-0
-0
-0
-0
-0
-0
-0
-0
-0
-0
-0
-0
-0
-0
-0
-0
-0
-0
-0
-0
-0
-0
-0
-0
-0
-0
-0
-0
-0
-0
-0
-0
-0
-0
-0
-0
-0
-0
-0
-0
-0
-0
-0
-0
-0
-0
-0
-0
-0
-0
0
0
0
0
0
0
0
0
0
0
0
0
0
0
0
0
0
0
0
0
0
0
0
0
0
0
0
0
0
0
0
0
0
0
0
0
0
0
0
0
0
0
0
0
0
0
0
0
0
0
-0
-0
-0
-0
-0
-0
-0
-0
-0
-0
-0
-0
-0
-0
-0
-0
-0
-0
-0
-0
-0
-0
-0
-0
-0
-0
-0
-0
-0
-0
-0
-0
-0
-0
-0
-0
-0
-0
-0
-0
-0
-0
-0
-0
-0
-0
-0
-0
-0
-0
0
0
0
0
0
0
0
0
0
0
0
0
0
0
0
0
0
0
0
0
0
0
0
0
0
0
0
0
0
0
0
0
0
0
0
0
0
0
0
0
0
0
0
0
0
0
0
0
0
0
-0
-0
-0
-0
-0
-0
-0
-0
-0
-0
-0
-0
-0
-0
-0
-0
-0
-0
-0
-0
-0
-0
-0
-0
-0
-0
-0
-0
-0
-0
-0
-0
-0
-0
-0
-0
-0
-0
-0
-0
-0
-0
-0
-0
-0
-0
-0
-0
-0
-0
0
0
0
0
0
0
0
0
0
0
0
0
0
0
0
0
0
0
0
0
0
0
0
0
0
0
0
0
0
0
0
0
0
0
0
0
0
0
0
0
0
0
0
0
0
0
0
0
0
0
-0
-0
-0
-0
-0
-0
-0
-0
-0
-0
-0
-0
-0
-0
-0
-0
-0
-0
-0
-0
-0
-0
-0
-0
-0
-0
-0
-0
-0
-0
-0
-0
-0
-0
-0
-0
-0
-0
-0
-0
-0
-0
-0
-0
-0
-0
-0
-0
-0
-0
0
0
0
0
0
0
0
0
0
0
0
0
0
0
0
0
0
0
0
0
0
0
0
0
0
0
0
0
0
0
0
0
0
0
0
0
0
0
0
0
0
0
0
0
0
0
0
0
0
0
-0
-0
-0
-0
-0
-0
-0
-0
-0
-0
-0
-0
-0
-0
-0
-0
-0
-0
-0
-0
-0
-0
-0
-0
-0
-0
-0
-0
-0
-0
-0
-0
-0
-0
-0
-0
-0
-0
-0
-0
-0
-0
-0
-0
-0
-0
-0
-0
-0
-0
0
0
0
0
0
0
0
0
0
0
0
0
0
0
0
0
0
0
0
0
0
0
0
0
0
0
0
0
0
0
0
0
0
0
0
0
0
0
0
0
0
0
0
0
0
0
0
0
0
0
-0
-0
-0
-0
-0
-0
-0
-0
-0
-0
-0
-0
-0
-0
-0
-0
-0
-0
-0
-0
-0
-0
-0
-0
-0
-0
-0
-0
-0
-0
-0
-0
-0
-0
-0
-0
-0
-0
-0
-0
-0
-0
-0
-0
-0
-0
-0
-0
-0
-0
0
0
0
0
0
0
0
0
0
0
0
0
0
0
0
0
0
0
0
0
0
0
0
0
0
0
0
0
0
0
0
0
0
0
0
0
0
0
0
0
0
0
0
0
0
0
0
0
0
-0
-0
-0
-0
-0
-0
-0
-0
-0
-0
-0
-0
-0
-0
-0
-0
-0
-0
-0
-0
-0
-0
-0
-0
-0
-0
-0
-0
-0
-0
-0
-0
-0
-0
-0
-0
-0
-0
-0
-0
-0
-0
-0
-0
-0
-0
-0
-0
-0
-0
-0
0
0
0
0
0
0
0
0
0
0
0
0
0
0
0
0
0
0
0
0
0
0
0
0
0
0
0
0
0
0
0
0
0
0
0
0
0
0
0
0
0
0
0
0
0
0
0
0
0
0
-0
-0
-0
-0
-0
-0
-0
-0
-0
-0
-0
-0
-0
-0
-0
-0
-0
-0
-0
-0
-0
-0
-0
-0
-0
-0
-0
-0
-0
-0
-0
-0
-0
-0
-0
-0
-0
-0
-0
-0
-0
-0
-0
-0
-0
-0
-0
-0
-0
0
0
0
0
0
0
0
0
0
0
0
0
0
0
0
0
0
0
0
0
0
0
0
0
0
0
0
0
0
0
0
0
0
0
0
0
0
0
0
0
0
0
0
0
0
0
0
0
0
0
0
-0
-0
-0
-0
-0
-0
-0
-0
-0
-0
-0
-0
-0
-0
-0
-0
-0
-0
-0
-0
-0
-0
-0
-0
-0
-0
-0
-0
-0
-0
-0
-0
-0
-0
-0
-0
-0
-0
-0
-0
-0
-0
-0
-0
-0
-0
-0
-0
-0
-0
0
0
0
0
0
0
0
0
0
0
0
0
0
0
0
0
0
0
0
0
0
0
0
0
0
0
0
0
0
0
0
0
0
0
0
0
0
0
0
0
0
0
0
0
0
0
0
0
0
0
-0
-0
-0
-0
-0
-0
-0
-0
-0
-0
-0
-0
-0
-0
-0
-0
-0
-0
-0
-0
-0
-0
-0
-0
-0
-0
-0
-0
-0
-0
-0
-0
-0
-0
-0
-0
-0
-0
-0
-0
-0
-0
-0
-0
-0
-0
-0
-0
-0
-0
0
0
0
0
0
0
0
0
0
0
0
0
0
0
0
0
0
0
0
0
0
0
0
0
0
0
0
0
0
0
0
0
0
0
0
0
0
0
0
0
0
0
0
0
0
0
0
0
0
-0
-0
-0
-0
-0
-0
-0
-0
-0
-0
-0
-0
-0
-0
-0
-0
-0
-0
-0
-0
-0
-0
-0
-0
-0
-0
-0
-0
-0
-0
-0
-0
-0
-0
-0
-0
-0
-0
-0
-0
-0
-0
-0
-0
-0
-0
-0
-0
-0
-0
-0
0
0
0
0
0
0
0
0
0
0
0
0
0
0
0
0
0
0
0
0
0
0
0
0
0
0
0
0
0
0
0
0
0
0
0
0
0
0
0
0
0
0
0
0
0
0
0
0
0
-0
-0
-0
-0
-0
-0
-0
-0
-0
-0
-0
-0
-0
-0
-0
-0
-0
-0
-0
-0
-0
-0
-0
-0
-0
-0
-0
-0
-0
-0
-0
-0
-0
-0
-0
-0
-0
-0
-0
-0
-0
-0
-0
-0
-0
-0
-0
-0
-0
-0
-0
0
0
0
0
0
0
0
0
0
0
0
0
0
0
0
0
0
0
0
0
0
0
0
0
0
0
0
0
0
0
0
0
0
0
0
0
0
0
0
0
0
0
0
0
0
0
0
0
0
0
-0
-0
-0
-0
-0
-0
-0
-0
-0
-0
-0
-0
-0
-0
-0
-0
-0
-0
-0
-0
-0
-0
-0
-0
-0
-0
-0
-0
-0
-0
-0
-0
-0
-0
-0
-0
-0
-0
-0
-0
-0
-0
-0
-0
-0
-0
-0
-0
-0
-0
0
0
0
0
0
0
0
0
0
0
0
0
0
0
0
0
0
0
0
0
0
0
0
0
0
0
0
0
0
0
0
0
0
0
0
0
0
0
0
0
0
0
0
0
0
0
0
0
0
0
-0
-0
-0
-0
-0
-0
-0
-0
-0
-0
-0
-0
-0
-0
-0
-0
-0
-0
-0
-0
-0
-0
-0
-0
-0
-0
-0
-0
-0
-0
-0
-0
-0
-0
-0
-0
-0
-0
-0
-0
-0
-0
-0
-0
-0
-0
-0
-0
-0
-0
0
0
0
0
0
0
0
0
0
0
0
0
0
0
0
0
0
0
0
0
0
0
0
0
0
0
0
0
0
0
0
0
0
0
0
0
0
0
0
0
0
0
0
0
0
0
0
0
0
0
-0
-0
-0
-0
-0
-0
-0
-0
-0
-0
-0
-0
-0
-0
-0
-0
-0
-0
-0
-0
-0
-0
-0
-0
-0
-0
-0
-0
-0
-0
-0
-0
-0
-0
-0
-0
-0
-0
-0
-0
-0
-0
-0
-0
-0
-0
-0
-0
-0
-0
0
0
0
0
0
0
0
0
0
0
0
0
0
0
0
0
0
0
0
0
0
0
0
0
0
0
0
0
0
0
0
0
0
0
0
0
0
0
0
0
0
0
0
0
0
0
0
0
0
-0
-0
-0
-0
-0
-0
-0
-0
-0
-0
-0
-0
-0
-0
-0
-0
-0
-0
-0
-0
-0
-0
-0
-0
-0
-0
-0
-0
-0
-0
-0
-0
-0
-0
-0
-0
-0
-0
-0
-0
-0
-0
-0
-0
-0
-0
-0
-0
-0
-0
-0
0
0
0
0
0
0
0
0
0
0
0
0
0
0
0
0
0
0
0
0
0
0
0
0
0
0
0
0
0
0
0
0
0
0
0
0
0
0
0
0
0
0
0
0
0
0
0
0
0
-0
-0
-0
-0
-0
-0
-0
-0
-0
-0
-0
-0
-0
-0
-0
-0
-0
-0
-0
-0
-0
-0
-0
-0
-0
-0
-0
-0
-0
-0
-0
-0
-0
-0
-0
-0
-0
-0
-0
-0
-0
-0
-0
-0
-0
-0
-0
-0
-0
-0
-0
0
0
0
0
0
0
0
0
0
0
0
0
0
0
0
0
0
0
0
0
0
0
0
0
0
0
0
0
0
0
0
0
0
0
0
0
0
0
0
0
0
0
0
0
0
0
0
0
0
0
-0
-0
-0
-0
-0
-0
-0
-0
-0
-0
-0
-0
-0
-0
-0
-0
-0
-0
-0
-0
-0
-0
-0
-0
-0
-0
-0
-0
-0
-0
-0
-0
-0
-0
-0
-0
-0
-0
-0
-0
-0
-0
-0
-0
-0
-0
-0
-0
-0
-0
0
0
0
0
0
0
0
0
0
0
0
0
0
0
0
0
0
0
0
0
0
0
0
0
0
0
0
0
0
0
0
0
0
0
0
0
0
0
0
0
0
0
0
0
0
0
0
0
0
0
-0
-0
-0
-0
-0
-0
-0
-0
-0
-0
-0
-0
-0
-0
-0
-0
-0
-0
-0
-0
-0
-0
-0
-0
-0
-0
-0
-0
-0
-0
-0
-0
-0
-0
-0
-0
-0
-0
-0
-0
-0
-0
-0
-0
-0
-0
-0
-0
-0
-0
0
0
0
0
0
0
0
0
0
0
0
0
0
0
0
0
0
0
0
0
0
0
0
0
0
0
0
0
0
0
0
0
0
0
0
0
0
0
0
0
0
0
0
0
0
0
0
0
0
0
-0
-0
-0
-0
-0
-0
-0
-0
-0
-0
-0
-0
-0
-0
-0
-0
-0
-0
-0
-0
-0
-0
-0
-0
-0
-0
-0
-0
-0
-0
-0
-0
-0
-0
-0
-0
-0
-0
-0
-0
-0
-0
-0
-0
-0
-0
-0
-0
-0
-0
0
0
0
0
0
0
0
0
0
0
0
0
0
0
0
0
0
0
0
0
0
0
0
0
0
0
0
0
0
0
0
0
0
0
0
0
0
0
0
0
0
0
0
0
0
0
0
0
0
-0
-0
-0
-0
-0
-0
-0
-0
-0
-0
-0
-0
-0
-0
-0
-0
-0
-0
-0
-0
-0
-0
-0
-0
-0
-0
-0
-0
-0
-0
-0
-0
-0
-0
-0
-0
-0
-0
-0
-0
-0
-0
-0
-0
-0
-0
-0
-0
-0
-0
-0
0
0
0
0
0
0
0
0
0
0
0
0
0
0
0
0
0
0
0
0
0
0
0
0
0
0
0
0
0
0
0
0
0
0
0
0
0
0
0
0
0
0
0
0
0
0
0
0
0
-0
-0
-0
-0
-0
-0
-0
-0
-0
-0
-0
-0
-0
-0
-0
-0
-0
-0
-0
-0
-0
-0
-0
-0
-0
-0
-0
-0
-0
-0
-0
-0
-0
-0
-0
-0
-0
-0
-0
-0
-0
-0
-0
-0
-0
-0
-0
-0
-0
-0
-0
0
0
0
0
0
0
0
0
0
0
0
0
0
0
0
0
0
0
0
0
0
0
0
0
0
0
0
0
0
0
0
0
0
0
0
0
0
0
0
0
0
0
0
0
0
0
0
0
0
0
-0
-0
-0
-0
-0
-0
-0
-0
-0
-0
-0
-0
-0
-0
-0
-0
-0
-0
-0
-0
-0
-0
-0
-0
-0
-0
-0
-0
-0
-0
-0
-0
-0
-0
-0
-0
-0
-0
-0
-0
-0
-0
-0
-0
-0
-0
-0
-0
-0
-0
0
0
0
0
0
0
0
0
0
0
0
0
0
0
0
0
0
0
0
0
0
0
0
0
0
0
0
0
0
0
0
0
0
0
0
0
0
0
0
0
0
0
0
0
0
0
0
0
0
0
-0
-0
-0
-0
-0
-0
-0
-0
-0
-0
-0
-0
-0
-0
-0
-0
-0
-0
-0
-0
-0
-0
-0
-0
-0
-0
-0
-0
-0
-0
-0
-0
-0
-0
-0
-0
-0
-0
-0
-0
-0
-0
-0
-0
-0
-0
-0
-0
-0
-0
0
0
0
0
0
0
0
0
0
0
0
0
0
0
0
0
0
0
0
0
0
0
0
0
0
0
0
0
0
0
0
0
0
0
0
0
0
0
0
0
0
0
0
0
0
0
0
0
0
0
-0
-0
-0
-0
-0
-0
-0
-0
-0
-0
-0
-0
-0
-0
-0
-0
-0
-0
-0
-0
-0
-0
-0
-0
-0
-0
-0
-0
-0
-0
-0
-0
-0
-0
-0
-0
-0
-0
-0
-0
-0
-0
-0
-0
-0
-0
-0
-0
-0
-0
0
0
0
0
0
0
0
0
0
0
0
0
0
0
0
0
0
0
0
0
0
0
0
0
0
0
0
0
0
0
0
0
0
0
0
0
0
0
0
0
0
0
0
0
0
0
0
0
0
-0
-0
-0
-0
-0
-0
-0
-0
-0
-0
-0
-0
-0
-0
-0
-0
-0
-0
-0
-0
-0
-0
-0
-0
-0
-0
-0
-0
-0
-0
-0
-0
-0
-0
-0
-0
-0
-0
-0
-0
-0
-0
-0
-0
-0
-0
-0
-0
-0
-0
-0
0
0
0
0
0
0
0
0
0
0
0
0
0
0
0
0
0
0
0
0
0
0
0
0
0
0
0
0
0
0
0
0
0
0
0
0
0
0
0
0
0
0
0
0
0
0
0
0
0
-0
-0
-0
-0
-0
-0
-0
-0
-0
-0
-0
-0
-0
-0
-0
-0
-0
-0
-0
-0
-0
-0
-0
-0
-0
-0
-0
-0
-0
-0
-0
-0
-0
-0
-0
-0
-0
-0
-0
-0
-0
-0
-0
-0
-0
-0
-0
-0
-0
-0
-0
0
0
0
0
0
0
0
0
0
0
0
0
0
0
0
0
0
0
0
0
0
0
0
0
0
0
0
0
0
0
0
0
0
0
0
0
0
0
0
0
0
0
0
0
0
0
0
0
0
-0
