0
0
0
0
0
0
0
0
0
0
0
0
0
0
0
0
0
0
0
0
0
0
0
0
0
0
0
0
0
0
0
0
0
0
0
0
0
0
0
0
0
0
0
0
0
0
0
0
0
0
0
-0
-0
-0
-0
-0
-0
-0
-0
-0
-0
-0
-0
-0
-0
-0
-0
-0
-0
-0
-0
-0
-0
-0
-0
-0
-0
-0
-0
-0
-0
-0
-0
-0
-0
-0
-0
-0
-0
-0
-0
-0
-0
-0
-0
-0
-0
-0
-0
-0
-0
0
0
0
0
0
0
0
0
0
0
0
0
0
0
0
0
0
0
0
0
0
0
0
0
0
0
0
0
0
0
0
0
0
0
0
0
0
0
0
0
0
0
0
0
0
0
0
0
0
0
-0
-0
-0
-0
-0
-0
-0
-0
-0
-0
-0
-0
-0
-0
-0
-0
-0
-0
-0
-0
-0
-0
-0
-0
-0
-0
-0
-0
-0
-0
-0
-0
-0
-0
-0
-0
-0
-0
-0
-0
-0
-0
-0
-0
-0
-0
-0
-0
-0
-0
0
0
0
0
0
0
0
0
0
0
0
0
0
0
0
0
0
0
0
0
0
0
0
0
0
0
0
0
0
0
0
0
0
0
0
0
0
0
0
0
0
0
0
0
0
0
0
0
0
0
-0
-0
-0
-0
-0
-0
-0
-0
-0
-0
-0
-0
-0
-0
-0
-0
-0
-0
-0
-0
-0
-0
-0
-0
-0
-0
-0
-0
-0
-0
-0
-0
-0
-0
-0
-0
-0
-0
-0
-0
-0
-0
-0
-0
-0
-0
-0
-0
-0
-0
0
0
0
0
0
0
0
0
0
0
0
0
0
0
0
0
0
0
0
0
0
0
0
0
0
0
0
0
0
0
0
0
0
0
0
0
0
0
0
0
0
0
0
0
0
0
0
0
0
-0
-0
-0
-0
-0
-0
-0
-0
-0
-0
-0
-0
-0
-0
-0
-0
-0
-0
-0
-0
-0
-0
-0
-0
-0
-0
-0
-0
-0
-0
-0
-0
-0
-0
-0
-0
-0
-0
-0
-0
-0
-0
-0
-0
-0
-0
-0
-0
-0
-0
-0
0
0
0
0
0
0
0
0
0
0
0
0
0
0
0
0
0
0
0
0
0
0
0
0
0
0
0
0
0
0
0
0
0
0
0
0
0
0
0
0
0
0
0
0
0
0
0
0
0
0
-0
-0
-0
-0
-0
-0
-0
-0
-0
-0
-0
-0
-0
-0
-0
-0
-0
-0
-0
-0
-0
-0
-0
-0
-0
-0
-0
-0
-0
-0
-0
-0
-0
-0
-0
-0
-0
-0
-0
-0
-0
-0
-0
-0
-0
-0
-0
-0
-0
-0
0
0
0
0
0
0
0
0
0
0
0
0
0
0
0
0
0
0
0
0
0
0
0
0
0
0
0
0
0
0
0
0
0
0
0
0
0
0
0
0
0
0
0
0
0
0
0
0
0
-0
-0
-0
-0
-0
-0
-0
-0
-0
-0
-0
-0
-0
-0
-0
-0
-0
-0
-0
-0
-0
-0
-0
-0
-0
-0
-0
-0
-0
-0
-0
-0
-0
-0
-0
-0
-0
-0
-0
-0
-0
-0
-0
-0
-0
-0
-0
-0
-0
-0
-0
0
0
0
0
0
0
0
0
0
0
0
0
0
0
0
0
0
0
0
0
0
0
0
0
0
0
0
0
0
0
0
0
0
0
0
0
0
0
0
0
0
0
0
0
0
0
0
0
0
-0
-0
-0
-0
-0
-0
-0
-0
-0
-0
-0
-0
-0
-0
-0
-0
-0
-0
-0
-0
-0
-0
-0
-0
-0
-0
-0
-0
-0
-0
-0
-0
-0
-0
-0
-0
-0
-0
-0
-0
-0
-0
-0
-0
-0
-0
-0
-0
-0
-0
0
0
0
0
0
0
0
0
0
0
0
0
0
0
0
0
0
0
0
0
0
0
0
0
0
0
0
0
0
0
0
0
0
0
0
0
0
0
0
0
0
0
0
0
0
0
0
0
0
0
0
-0
-0
-0
-0
-0
-0
-0
-0
-0
-0
-0
-0
-0
-0
-0
-0
-0
-0
-0
-0
-0
-0
-0
-0
-0
-0
-0
-0
-0
-0
-0
-0
-0
-0
-0
-0
-0
-0
-0
-0
-0
-0
-0
-0
-0
-0
-0
-0
-0
-0
0
0
0
0
0
0
0
0
0
0
0
0
0
0
0
0
0
0
0
0
0
0
0
0
0
0
0
0
0
0
0
0
0
0
0
0
0
0
0
0
0
0
0
0
0
0
0
0
0
0
-0
-0
-0
-0
-0
-0
-0
-0
-0
-0
-0
-0
-0
-0
-0
-0
-0
-0
-0
-0
-0
-0
-0
-0
-0
-0
-0
-0
-0
-0
-0
-0
-0
-0
-0
-0
-0
-0
-0
-0
-0
-0
-0
-0
-0
-0
-0
-0
-0
-0
0
0
0
0
0
0
0
0
0
0
0
0
0
0
0
0
0
0
0
0
0
0
0
0
0
0
0
0
0
0
0
0
0
0
0
0
0
0
0
0
0
0
0
0
0
0
0
0
0
-0
-0
-0
-0
-0
-0
-0
-0
-0
-0
-0
-0
-0
-0
-0
-0
-0
-0
-0
-0
-0
-0
-0
-0
-0
-0
-0
-0
-0
-0
-0
-0
-0
-0
-0
-0
-0
-0
-0
-0
-0
-0
-0
-0
-0
-0
-0
-0
-0
-0
-0
0
0
0
0
0
0
0
0
0
0
0
0
0
0
0
0
0
0
0
0
0
0
0
0
0
0
0
0
0
0
0
0
0
0
0
0
0
0
0
0
0
0
0
0
0
0
0
0
0
-0
-0
-0
-0
-0
-0
-0
-0
-0
-0
-0
-0
-0
-0
-0
-0
-0
-0
-0
-0
-0
-0
-0
-0
-0
-0
-0
-0
-0
-0
-0
-0
-0
-0
-0
-0
-0
-0
-0
-0
-0
-0
-0
-0
-0
-0
-0
-0
-0
-0
0
0
0
0
0
0
0
0
0
0
0
0
0
0
0
0
0
0
0
0
0
0
0
0
0
0
0
0
0
0
0
0
0
0
0
0
0
0
0
0
0
0
0
0
0
0
0
0
0
0
-0
-0
-0
-0
-0
-0
-0
-0
-0
-0
-0
-0
-0
-0
-0
-0
-0
-0
-0
-0
-0
-0
-0
-0
-0
-0
-0
-0
-0
-0
-0
-0
-0
-0
-0
-0
-0
-0
-0
-0
-0
-0
-0
-0
-0
-0
-0
-0
-0
-0
-0
0
0
0
0
0
0
0
0
0
0
0
0
0
0
0
0
0
0
0
0
0
0
0
0
0
0
0
0
0
0
0
0
0
0
0
0
0
0
0
0
0
0
0
0
0
0
0
0
0
-0
-0
-0
-0
-0
-0
-0
-0
-0
-0
-0
-0
-0
-0
-0
-0
-0
-0
-0
-0
-0
-0
-0
-0
-0
-0
-0
-0
-0
-0
-0
-0
-0
-0
-0
-0
-0
-0
-0
-0
-0
-0
-0
-0
-0
-0
-0
-0
-0
-0
0
0
0
0
0
0
0
0
0
0
0
0
0
0
0
0
0
0
0
0
0
0
0
0
0
0
0
0
0
0
0
0
0
0
0
0
0
0
0
0
0
0
0
0
0
0
0
0
0
0
-0
-0
-0
-0
-0
-0
-0
-0
-0
-0
-0
-0
-0
-0
-0
-0
-0
-0
-0
-0
-0
-0
-0
-0
-0
-0
-0
-0
-0
-0
-0
-0
-0
-0
-0
-0
-0
-0
-0
-0
-0
-0
-0
-0
-0
-0
-0
-0
-0
-0
0
0
0
0
0
0
0
0
0
0
0
0
0
0
0
0
0
0
0
0
0
0
0
0
0
0
0
0
0
0
0
0
0
0
0
0
0
0
0
0
0
0
0
0
0
0
0
0
0
0
-0
-0
-0
-0
-0
-0
-0
-0
-0
-0
-0
-0
-0
-0
-0
-0
-0
-0
-0
-0
-0
-0
-0
-0
-0
-0
-0
-0
-0
-0
-0
-0
-0
-0
-0
-0
-0
-0
-0
-0
-0
-0
-0
-0
-0
-0
-0
-0
-0
-0
-0
0
0
0
0
0
0
0
0
0
0
0
0
0
0
0
0
0
0
0
0
0
0
0
0
0
0
0
0
0
0
0
0
0
0
0
0
0
0
0
0
0
0
0
0
0
0
0
0
0
0
-0
-0
-0
-0
-0
-0
-0
-0
-0
-0
-0
-0
-0
-0
-0
-0
-0
-0
-0
-0
-0
-0
-0
-0
-0
-0
-0
-0
-0
-0
-0
-0
-0
-0
-0
-0
-0
-0
-0
-0
-0
-0
-0
-0
-0
-0
-0
-0
-0
-0
0
0
0
0
0
0
0
0
0
0
0
0
0
0
0
0
0
0
0
0
0
0
0
0
0
0
0
0
0
0
0
0
0
0
0
0
0
0
0
0
0
0
0
0
0
0
0
0
0
0
-0
-0
-0
-0
-0
-0
-0
-0
-0
-0
-0
-0
-0
-0
-0
-0
-0
-0
-0
-0
-0
-0
-0
-0
-0
-0
-0
-0
-0
-0
-0
-0
-0
-0
-0
-0
-0
-0
-0
-0
-0
-0
-0
-0
-0
-0
-0
-0
-0
-0
0
0
0
0
0
0
0
0
0
0
0
0
0
0
0
0
0
0
0
0
0
0
0
0
0
0
0
0
0
0
0
0
0
0
0
0
0
0
0
0
0
0
0
0
0
0
0
0
0
0
-0
-0
-0
-0
-0
-0
-0
-0
-0
-0
-0
-0
-0
-0
-0
-0
-0
-0
-0
-0
-0
-0
-0
-0
-0
-0
-0
-0
-0
-0
-0
-0
-0
-0
-0
-0
-0
-0
-0
-0
-0
-0
-0
-0
-0
-0
-0
-0
-0
-0
0
0
0
0
0
0
0
0
0
0
0
0
0
0
0
0
0
0
0
0
0
0
0
0
0
0
0
0
0
0
0
0
0
0
0
0
0
0
0
0
0
0
0
0
0
0
0
0
0
0
-0
-0
-0
-0
-0
-0
-0
-0
-0
-0
-0
-0
-0
-0
-0
-0
-0
-0
-0
-0
-0
-0
-0
-0
-0
-0
-0
-0
-0
-0
-0
-0
-0
-0
-0
-0
-0
-0
-0
-0
-0
-0
-0
-0
-0
-0
-0
-0
-0
0
0
0
0
0
0
0
0
0
0
0
0
0
0
0
0
0
0
0
0
0
0
0
0
0
0
0
0
0
0
0
0
0
0
0
0
0
0
0
0
0
0
0
0
0
0
0
0
0
0
0
-0
-0
-0
-0
-0
-0
-0
-0
-0
-0
-0
-0
-0
-0
-0
-0
-0
-0
-0
-0
-0
-0
-0
-0
-0
-0
-0
-0
-0
-0
-0
-0
-0
-0
-0
-0
-0
-0
-0
-0
-0
-0
-0
-0
-0
-0
-0
-0
-0
-0
7.5349e-08
3.008e-07
6.7457e-07
1.1937e-06
1.8541e-06
2.6505e-06
3.5765e-06
4.6248e-06
5.7869e-06
7.0534e-06
8.414e-06
9.8575e-06
1.1372e-05
1.2945e-05
1.4562e-05
1.6211e-05
1.7877e-05
1.9544e-05
2.1199e-05
2.2825e-05
2.4408e-05
2.5932e-05
2.7382e-05
2.8743e-05
3e-05
3.1138e-05
3.2145e-05
3.3005e-05
3.3707e-05
3.4238e-05
3.4588e-05
3.4745e-05
3.4702e-05
3.4449e-05
3.3979e-05
3.3286e-05
3.2366e-05
3.1215e-05
2.9831e-05
2.8214e-05
2.6363e-05
2.428e-05
2.197e-05
1.9437e-05
1.6687e-05
1.3728e-05
1.0568e-05
7.2192e-06
3.6921e-06
9.4075e-19
-3.8428e-06
-7.8208e-06
-1.1917e-05
-1.6115e-05
-2.0395e-05
-2.4738e-05
-2.9123e-05
-3.353e-05
-3.7937e-05
-4.2321e-05
-4.6659e-05
-5.093e-05
-5.511e-05
-5.9175e-05
-6.3103e-05
-6.6871e-05
-7.0455e-05
-7.3834e-05
-7.6985e-05
-7.9889e-05
-8.2523e-05
-8.487e-05
-8.6909e-05
-8.8625e-05
-9e-05
-9.102e-05
-9.1671e-05
-9.1942e-05
-9.1822e-05
-9.1301e-05
-9.0374e-05
-8.9035e-05
-8.728e-05
-8.5108e-05
-8.252e-05
-7.9517e-05
-7.6104e-05
-7.2288e-05
-6.8077e-05
-6.3481e-05
-5.8512e-05
-5.3186e-05
-4.7517e-05
-4.1524e-05
-3.5228e-05
-2.8649e-05
-2.1811e-05
-1.4739e-05
-7.4595e-06
2.3543e-19
7.6102e-06
1.5341e-05
2.316e-05
3.1036e-05
3.8936e-05
4.6825e-05
5.467e-05
6.2435e-05
7.0086e-05
7.7588e-05
8.4905e-05
9.2003e-05
9.8848e-05
0.00010541
0.00011164
0.00011753
0.00012303
0.00012812
0.00013277
0.00013695
0.00014064
0.00014381
0.00014644
0.00014851
0.00015
0.0001509
0.0001512
0.00015088
0.00014994
0.00014836
0.00014616
0.00014332
0.00013986
0.00013577
0.00013106
0.00012575
0.00011984
0.00011336
0.00010632
9.8748e-05
9.0662e-05
8.2091e-05
7.3064e-05
6.3612e-05
5.3769e-05
4.357e-05
3.3054e-05
2.2259e-05
1.1227e-05
1.5874e-18
-1.1378e-05
-2.2861e-05
-3.4403e-05
-4.5958e-05
-5.7477e-05
-6.8913e-05
-8.0217e-05
-9.134e-05
-0.00010224
-0.00011285
-0.00012315
-0.00013308
-0.00014259
-0.00015164
-0.00016019
-0.00016819
-0.00017561
-0.00018241
-0.00018856
-0.00019402
-0.00019875
-0.00020274
-0.00020596
-0.00020839
-0.00021
-0.00021078
-0.00021073
-0.00020982
-0.00020805
-0.00020543
-0.00020195
-0.00019761
-0.00019244
-0.00018643
-0.0001796
-0.00017198
-0.00016358
-0.00015443
-0.00014457
-0.00013402
-0.00012281
-0.000111
-9.861e-05
-8.5699e-05
-7.231e-05
-5.8492e-05
-4.4297e-05
-2.9779e-05
-1.4994e-05
2.1174e-18
1.5145e-05
3.0381e-05
4.5646e-05
6.0879e-05
7.6018e-05
9.1e-05
0.00010576
0.00012025
0.00013439
0.00014812
0.0001614
0.00017415
0.00018632
0.00019787
0.00020873
0.00021885
0.00022819
0.0002367
0.00024435
0.00025108
0.00025687
0.00026168
0.00026549
0.00026827
0.00027
0.00027066
0.00027025
0.00026875
0.00026617
0.00026249
0.00025773
0.0002519
0.00024502
0.00023709
0.00022814
0.00021821
0.00020732
0.00019551
0.00018281
0.00016928
0.00015496
0.0001399
0.00012416
0.00010779
9.0851e-05
7.3413e-05
5.554e-05
3.7299e-05
1.8762e-05
5.8746e-19
-1.8913e-05
-3.7901e-05
-5.6889e-05
-7.5801e-05
-9.4559e-05
-0.00011309
-0.00013131
-0.00014915
-0.00016653
-0.00018339
-0.00019964
-0.00021522
-0.00023006
-0.0002441
-0.00025727
-0.00026951
-0.00028077
-0.00029099
-0.00030013
-0.00030814
-0.00031498
-0.00032062
-0.00032502
-0.00032815
-0.00033
-0.00033055
-0.00032978
-0.00032769
-0.00032428
-0.00031955
-0.00031352
-0.00030619
-0.00029759
-0.00028775
-0.00027668
-0.00026444
-0.00025106
-0.00023658
-0.00022106
-0.00020455
-0.00018711
-0.00016881
-0.0001497
-0.00012987
-0.00010939
-8.8335e-05
-6.6783e-05
-4.4819e-05
-2.2529e-05
5.6458e-18
2.268e-05
4.5421e-05
6.8132e-05
9.0722e-05
0.0001131
0.00013518
0.00015686
0.00017806
0.00019868
0.00021866
0.00023789
0.00025629
0.0002738
0.00029033
0.00030581
0.00032017
0.00033335
0.00034528
0.00035592
0.00036521
0.0003731
0.00037956
0.00038454
0.00038803
0.00039
0.00039043
0.00038931
0.00038663
0.0003824
0.00037662
0.00036931
0.00036048
0.00035017
0.00033841
0.00032522
0.00031067
0.00029479
0.00027765
0.0002593
0.00023982
0.00021926
0.00019771
0.00017525
0.00015196
0.00012793
0.00010326
7.8026e-05
5.2339e-05
2.6297e-05
-2.059e-18
-2.6447e-05
-5.2941e-05
-7.9375e-05
-0.00010564
-0.00013164
-0.00015726
-0.0001824
-0.00020696
-0.00023083
-0.00025392
-0.00027613
-0.00029737
-0.00031754
-0.00033656
-0.00035435
-0.00037083
-0.00038593
-0.00039957
-0.00041171
-0.00042227
-0.00043121
-0.00043849
-0.00044407
-0.00044791
-0.00045
-0.00045031
-0.00044883
-0.00044557
-0.00044051
-0.00043368
-0.00042509
-0.00041477
-0.00040275
-0.00038907
-0.00037377
-0.0003569
-0.00033853
-0.00031873
-0.00029755
-0.00027508
-0.00025141
-0.00022662
-0.0002008
-0.00017405
-0.00014647
-0.00011818
-8.9268e-05
-5.9859e-05
-3.0064e-05
-2.8216e-18
3.0215e-05
6.0461e-05
9.0618e-05
0.00012056
0.00015018
0.00017935
0.00020795
0.00023587
0.00026298
0.00028919
0.00031438
0.00033844
0.00036128
0.00038279
0.00040289
0.00042149
0.0004385
0.00045386
0.00046749
0.00047933
0.00048933
0.00049743
0.0005036
0.0005078
0.00051
0.00051019
0.00050836
0.0005045
0.00049863
0.00049075
0.00048088
0.00046906
0.00045533
0.00043973
0.00042231
0.00040313
0.00038227
0.0003598
0.00033579
0.00031035
0.00028356
0.00025552
0.00022634
0.00019614
0.00016502
0.0001331
0.00010051
6.7379e-05
3.3832e-05
-6.3519e-18
-3.3982e-05
-6.7981e-05
-0.00010186
-0.00013549
-0.00016872
-0.00020144
-0.0002335
-0.00026477
-0.00029513
-0.00032446
-0.00035262
-0.00037951
-0.00040501
-0.00042902
-0.00045143
-0.00047215
-0.00049108
-0.00050815
-0.00052328
-0.0005364
-0.00054744
-0.00055637
-0.00056312
-0.00056768
-0.00057
-0.00057007
-0.00056789
-0.00056344
-0.00055674
-0.00054781
-0.00053667
-0.00052335
-0.00050791
-0.00049039
-0.00047085
-0.00044936
-0.00042601
-0.00040087
-0.00037404
-0.00034562
-0.00031571
-0.00028443
-0.00025189
-0.00021822
-0.00018356
-0.00014802
-0.00011175
-7.4899e-05
-3.7599e-05
5.8814e-19
3.7524e-05
7.4749e-05
0.00011153
0.00014772
0.00018319
0.00021778
0.00025138
0.00028385
0.00031507
0.00034491
0.00037328
0.00040005
0.00042513
0.00044844
0.00046988
0.00048937
0.00050686
0.00052227
0.00053555
0.00054667
0.00055558
0.00056226
0.0005667
0.00056888
0.0005688
0.00056648
0.00056193
0.00055519
0.00054628
0.00053525
0.00052216
0.00050707
0.00049003
0.00047113
0.00045046
0.0004281
0.00040414
0.00037869
0.00035186
0.00032375
0.00029449
0.00026419
0.00023299
0.000201
0.00016835
0.00013519
0.00010164
6.783e-05
3.3907e-05
-1.0034e-17
-3.3756e-05
-6.7229e-05
-0.00010029
-0.0001328
-0.00016464
-0.0001957
-0.00022583
-0.00025494
-0.00028292
-0.00030965
-0.00033503
-0.00035898
-0.0003814
-0.00040221
-0.00042134
-0.00043871
-0.00045428
-0.00046798
-0.00047976
-0.0004896
-0.00049746
-0.00050332
-0.00050717
-0.00050899
-0.0005088
-0.0005066
-0.00050241
-0.00049625
-0.00048817
-0.00047819
-0.00046638
-0.00045278
-0.00043745
-0.00042048
-0.00040192
-0.00038187
-0.0003604
-0.00033762
-0.00031361
-0.00028849
-0.00026234
-0.00023529
-0.00020744
-0.00017891
-0.00014981
-0.00012027
-9.0393e-05
-6.031e-05
-3.0139e-05
3.7551e-18
2.9989e-05
5.9709e-05
8.9044e-05
0.00011788
0.0001461
0.00017361
0.00020029
0.00022604
0.00025077
0.00027438
0.00029678
0.0003179
0.00033766
0.00035598
0.0003728
0.00038805
0.0004017
0.00041369
0.00042398
0.00043254
0.00043935
0.00044439
0.00044764
0.00044911
0.0004488
0.00044672
0.00044288
0.00043731
0.00043005
0.00042113
0.00041059
0.00039849
0.00038487
0.00036982
0.00035338
0.00033564
0.00031666
0.00029655
0.00027537
0.00025322
0.00023019
0.00020638
0.00018189
0.00015682
0.00013127
0.00010535
7.915e-05
5.279e-05
2.6372e-05
1.2304e-18
-2.6221e-05
-5.2189e-05
-7.7801e-05
-0.00010296
-0.00012756
-0.00015152
-0.00017474
-0.00019713
-0.00021862
-0.00023911
-0.00025854
-0.00027683
-0.00029392
-0.00030975
-0.00032425
-0.00033739
-0.00034912
-0.0003594
-0.00036819
-0.00037548
-0.00038123
-0.00038545
-0.00038812
-0.00038923
-0.0003888
-0.00038684
-0.00038335
-0.00037838
-0.00037194
-0.00036406
-0.0003548
-0.0003442
-0.0003323
-0.00031916
-0.00030484
-0.0002894
-0.00027293
-0.00025547
-0.00023712
-0.00021795
-0.00019804
-0.00017748
-0.00015635
-0.00013473
-0.00011273
-9.0424e-05
-6.7907e-05
-4.527e-05
-2.2605e-05
5.2755e-18
2.2454e-05
4.4669e-05
6.6558e-05
8.8036e-05
0.00010902
0.00012943
0.00014919
0.00016823
0.00018647
0.00020384
0.00022029
0.00023576
0.00025018
0.00026352
0.00027571
0.00028673
0.00029654
0.00030511
0.0003124
0.00031841
0.00032312
0.00032651
0.00032859
0.00032935
0.0003288
0.00032695
0.00032383
0.00031944
0.00031382
0.000307
0.00029902
0.00028991
0.00027972
0.0002685
0.0002563
0.00024317
0.00022919
0.0002144
0.00019888
0.00018268
0.00016589
0.00014857
0.0001308
0.00011265
9.4188e-05
7.5502e-05
5.6664e-05
3.775e-05
1.8837e-05
-1.1721e-18
-1.8686e-05
-3.7149e-05
-5.5315e-05
-7.3115e-05
-9.048e-05
-0.00010735
-0.00012365
-0.00013932
-0.00015432
-0.00016858
-0.00018205
-0.00019469
-0.00020644
-0.00021728
-0.00022717
-0.00023607
-0.00024396
-0.00025082
-0.00025662
-0.00026135
-0.000265
-0.00026758
-0.00026906
-0.00026947
-0.0002688
-0.00026707
-0.0002643
-0.0002605
-0.00025571
-0.00024994
-0.00024323
-0.00023562
-0.00022714
-0.00021784
-0.00020776
-0.00019694
-0.00018545
-0.00017333
-0.00016063
-0.00014742
-0.00013374
-0.00011967
-0.00010525
-9.0559e-05
-7.5647e-05
-6.0581e-05
-4.5421e-05
-3.023e-05
-1.507e-05
5.1494e-18
1.4919e-05
2.9629e-05
4.4072e-05
5.8193e-05
7.1939e-05
8.5258e-05
9.81e-05
0.00011042
0.00012217
0.00013331
0.0001438
0.00015361
0.00016271
0.00017105
0.00017863
0.00018541
0.00019139
0.00019653
0.00020083
0.00020429
0.00020689
0.00020864
0.00020953
0.00020959
0.0002088
0.00020719
0.00020477
0.00020157
0.00019759
0.00019287
0.00018744
0.00018133
0.00017456
0.00016718
0.00015921
0.00015071
0.00014171
0.00013225
0.00012239
0.00011215
0.00010159
9.0762e-05
7.9706e-05
6.8471e-05
5.7106e-05
4.5659e-05
3.4178e-05
2.271e-05
1.1302e-05
-1.928e-18
-1.1152e-05
-2.2109e-05
-3.2829e-05
-4.3272e-05
-5.3398e-05
-6.317e-05
-7.2553e-05
-8.1513e-05
-9.0019e-05
-9.8043e-05
-0.00010556
-0.00011254
-0.00011897
-0.00012482
-0.00013009
-0.00013475
-0.00013881
-0.00014224
-0.00014505
-0.00014722
-0.00014877
-0.0001497
-0.00015001
-0.0001497
-0.0001488
-0.00014731
-0.00014525
-0.00014263
-0.00013948
-0.00013581
-0.00013166
-0.00012704
-0.00012198
-0.00011652
-0.00011067
-0.00010448
-9.7973e-05
-9.1182e-05
-8.414e-05
-7.6882e-05
-6.9443e-05
-6.1857e-05
-5.4159e-05
-4.6384e-05
-3.8565e-05
-3.0738e-05
-2.2935e-05
-1.519e-05
-7.5349e-06
2.9414e-22
7.3842e-06
1.4589e-05
2.1586e-05
2.8351e-05
3.4857e-05
4.1083e-05
4.7006e-05
5.2608e-05
5.7869e-05
6.2775e-05
6.7312e-05
7.1467e-05
7.523e-05
7.8592e-05
8.1549e-05
8.4095e-05
8.6229e-05
8.7949e-05
8.9259e-05
9.016e-05
9.0659e-05
9.0763e-05
9.0481e-05
8.9822e-05
8.88e-05
8.7427e-05
8.5719e-05
8.3691e-05
8.1361e-05
7.8747e-05
7.587e-05
7.2748e-05
6.9403e-05
6.5858e-05
6.2133e-05
5.8251e-05
5.4235e-05
5.0109e-05
4.5895e-05
4.1615e-05
3.7294e-05
3.2952e-05
2.8612e-05
2.4296e-05
2.0024e-05
1.5817e-05
1.1693e-05
7.6704e-06
3.7674e-06
-1.0374e-18
-3.6167e-06
-7.0688e-06
-1.0343e-05
-1.3429e-05
-1.6316e-05
-1.8995e-05
-2.1459e-05
-2.3702e-05
-2.572e-05
-2.7508e-05
-2.9067e-05
-3.0394e-05
-3.1491e-05
-3.2362e-05
-3.3008e-05
-3.3435e-05
-3.365e-05
-3.366e-05
-3.3472e-05
-3.3097e-05
-3.2544e-05
-3.1826e-05
-3.0954e-05
-2.9941e-05
-2.88e-05
-2.7546e-05
-2.6192e-05
-2.4754e-05
-2.3246e-05
-2.1684e-05
-2.0083e-05
-1.8458e-05
-1.6825e-05
-1.5198e-05
-1.3591e-05
-1.202e-05
-1.0497e-05
-9.036e-06
-7.6491e-06
-6.3481e-06
-5.1439e-06
-4.0467e-06
-3.0656e-06
-2.2087e-06
-1.4833e-06
-8.9528e-07
-4.4972e-07
-1.504e-07
-0
-0
0
0
0
0
0
0
0
0
0
0
0
0
0
0
0
0
0
0
0
0
0
0
0
0
0
0
0
0
0
0
0
0
0
0
0
0
0
0
0
0
0
0
0
0
0
0
0
0
0
0
-0
-0
-0
-0
-0
-0
-0
-0
-0
-0
-0
-0
-0
-0
-0
-0
-0
-0
-0
-0
-0
-0
-0
-0
-0
-0
-0
-0
-0
-0
-0
-0
-0
-0
-0
-0
-0
-0
-0
-0
-0
-0
-0
-0
-0
-0
-0
-0
-0
-0
0
0
0
0
0
0
0
0
0
0
0
0
0
0
0
0
0
0
0
0
0
0
0
0
0
0
0
0
0
0
0
0
0
0
0
0
0
0
0
0
0
0
0
0
0
0
0
0
0
0
-0
-0
-0
-0
-0
-0
-0
-0
-0
-0
-0
-0
-0
-0
-0
-0
-0
-0
-0
-0
-0
-0
-0
-0
-0
-0
-0
-0
-0
-0
-0
-0
-0
-0
-0
-0
-0
-0
-0
-0
-0
-0
-0
-0
-0
-0
-0
-0
-0
-0
0
0
0
0
0
0
0
0
0
0
0
0
0
0
0
0
0
0
0
0
0
0
0
0
0
0
0
0
0
0
0
0
0
0
0
0
0
0
0
0
0
0
0
0
0
0
0
0
0
0
-0
-0
-0
-0
-0
-0
-0
-0
-0
-0
-0
-0
-0
-0
-0
-0
-0
-0
-0
-0
-0
-0
-0
-0
-0
-0
-0
-0
-0
-0
-0
-0
-0
-0
-0
-0
-0
-0
-0
-0
-0
-0
-0
-0
-0
-0
-0
-0
-0
-0
0
0
0
0
0
0
0
0
0
0
0
0
0
0
0
0
0
0
0
0
0
0
0
0
0
0
0
0
0
0
0
0
0
0
0
0
0
0
0
0
0
0
0
0
0
0
0
0
0
0
-0
-0
-0
-0
-0
-0
-0
-0
-0
-0
-0
-0
-0
-0
-0
-0
-0
-0
-0
-0
-0
-0
-0
-0
-0
-0
-0
-0
-0
-0
-0
-0
-0
-0
-0
-0
-0
-0
-0
-0
-0
-0
-0
-0
-0
-0
-0
-0
-0
-0
0
0
0
0
0
0
0
0
0
0
0
0
0
0
0
0
0
0
0
0
0
0
0
0
0
0
0
0
0
0
0
0
0
0
0
0
0
0
0
0
0
0
0
0
0
0
0
0
0
0
-0
-0
-0
-0
-0
-0
-0
-0
-0
-0
-0
-0
-0
-0
-0
-0
-0
-0
-0
-0
-0
-0
-0
-0
-0
-0
-0
-0
-0
-0
-0
-0
-0
-0
-0
-0
-0
-0
-0
-0
-0
-0
-0
-0
-0
-0
-0
-0
-0
-0
0
0
0
0
0
0
0
0
0
0
0
0
0
0
0
0
0
0
0
0
0
0
0
0
0
0
0
0
0
0
0
0
0
0
0
0
0
0
0
0
0
0
0
0
0
0
0
0
0
-0
-0
-0
-0
-0
-0
-0
-0
-0
-0
-0
-0
-0
-0
-0
-0
-0
-0
-0
-0
-0
-0
-0
-0
-0
-0
-0
-0
-0
-0
-0
-0
-0
-0
-0
-0
-0
-0
-0
-0
-0
-0
-0
-0
-0
-0
-0
-0
-0
-0
-0
0
0
0
0
0
0
0
0
0
0
0
0
0
0
0
0
0
0
0
0
0
0
0
0
0
0
0
0
0
0
0
0
0
0
0
0
0
0
0
0
0
0
0
0
0
0
0
0
0
0
-0
-0
-0
-0
-0
-0
-0
-0
-0
-0
-0
-0
-0
-0
-0
-0
-0
-0
-0
-0
-0
-0
-0
-0
-0
-0
-0
-0
-0
-0
-0
-0
-0
-0
-0
-0
-0
-0
-0
-0
-0
-0
-0
-0
-0
-0
-0
-0
-0
-0
0
0
0
0
0
0
0
0
0
0
0
0
0
0
0
0
0
0
0
0
0
0
0
0
0
0
0
0
0
0
0
0
0
0
0
0
0
0
0
0
0
0
0
0
0
0
0
0
0
0
-0
-0
-0
-0
-0
-0
-0
-0
-0
-0
-0
-0
-0
-0
-0
-0
-0
-0
-0
-0
-0
-0
-0
-0
-0
-0
-0
-0
-0
-0
-0
-0
-0
-0
-0
-0
-0
-0
-0
-0
-0
-0
-0
-0
-0
-0
-0
-0
-0
0
0
0
0
0
0
0
0
0
0
0
0
0
0
0
0
0
0
0
0
0
0
0
0
0
0
0
0
0
0
0
0
0
0
0
0
0
0
0
0
0
0
0
0
0
0
0
0
0
0
0
-0
-0
-0
-0
-0
-0
-0
-0
-0
-0
-0
-0
-0
-0
-0
-0
-0
-0
-0
-0
-0
-0
-0
-0
-0
-0
-0
-0
-0
-0
-0
-0
-0
-0
-0
-0
-0
-0
-0
-0
-0
-0
-0
-0
-0
-0
-0
-0
-0
-0
0
0
0
0
0
0
0
0
0
0
0
0
0
0
0
0
0
0
0
0
0
0
0
0
0
0
0
0
0
0
0
0
0
0
0
0
0
0
0
0
0
0
0
0
0
0
0
0
0
-0
-0
-0
-0
-0
-0
-0
-0
-0
-0
-0
-0
-0
-0
-0
-0
-0
-0
-0
-0
-0
-0
-0
-0
-0
-0
-0
-0
-0
-0
-0
-0
-0
-0
-0
-0
-0
-0
-0
-0
-0
-0
-0
-0
-0
-0
-0
-0
-0
-0
-0
0
0
0
0
0
0
0
0
0
0
0
0
0
0
0
0
0
0
0
0
0
0
0
0
0
0
0
0
0
0
0
0
0
0
0
0
0
0
0
0
0
0
0
0
0
0
0
0
0
0
-0
-0
-0
-0
-0
-0
-0
-0
-0
-0
-0
-0
-0
-0
-0
-0
-0
-0
-0
-0
-0
-0
-0
-0
-0
-0
-0
-0
-0
-0
-0
-0
-0
-0
-0
-0
-0
-0
-0
-0
-0
-0
-0
-0
-0
-0
-0
-0
-0
-0
0
0
0
0
0
0
0
0
0
0
0
0
0
0
0
0
0
0
0
0
0
0
0
0
0
0
0
0
0
0
0
0
0
0
0
0
0
0
0
0
0
0
0
0
0
0
0
0
0
-0
-0
-0
-0
-0
-0
-0
-0
-0
-0
-0
-0
-0
-0
-0
-0
-0
-0
-0
-0
-0
-0
-0
-0
-0
-0
-0
-0
-0
-0
-0
-0
-0
-0
-0
-0
-0
-0
-0
-0
-0
-0
-0
-0
-0
-0
-0
-0
-0
-0
0
0
0
0
0
0
0
0
0
0
0
0
0
0
0
0
0
0
0
0
0
0
0
0
0
0
0
0
0
0
0
0
0
0
0
0
0
0
0
0
0
0
0
0
0
0
0
0
0
0
0
-0
-0
-0
-0
-0
-0
-0
-0
-0
-0
-0
-0
-0
-0
-0
-0
-0
-0
-0
-0
-0
-0
-0
-0
-0
-0
-0
-0
-0
-0
-0
-0
-0
-0
-0
-0
-0
-0
-0
-0
-0
-0
-0
-0
-0
-0
-0
-0
-0
-0
0
0
0
0
0
0
0
0
0
0
0
0
0
0
0
0
0
0
0
0
0
0
0
0
0
0
0
0
0
0
0
0
0
0
0
0
0
0
0
0
0
0
0
0
0
0
0
0
0
-0
-0
-0
-0
-0
-0
-0
-0
-0
-0
-0
-0
-0
-0
-0
-0
-0
-0
-0
-0
-0
-0
-0
-0
-0
-0
-0
-0
-0
-0
-0
-0
-0
-0
-0
-0
-0
-0
-0
-0
-0
-0
-0
-0
-0
-0
-0
-0
-0
-0
0
0
0
0
0
0
0
0
0
0
0
0
0
0
0
0
0
0
0
0
0
0
0
0
0
0
0
0
0
0
0
0
0
0
0
0
0
0
0
0
0
0
0
0
0
0
0
0
0
0
-0
-0
-0
-0
-0
-0
-0
-0
-0
-0
-0
-0
-0
-0
-0
-0
-0
-0
-0
-0
-0
-0
-0
-0
-0
-0
-0
-0
-0
-0
-0
-0
-0
-0
-0
-0
-0
-0
-0
-0
-0
-0
-0
-0
-0
-0
-0
-0
-0
-0
-0
0
0
0
0
0
0
0
0
0
0
0
0
0
0
0
0
0
0
0
0
0
0
0
0
0
0
0
0
0
0
0
0
0
0
0
0
0
0
0
0
0
0
0
0
0
0
0
0
0
0
-0
-0
-0
-0
-0
-0
-0
-0
-0
-0
-0
-0
-0
-0
-0
-0
-0
-0
-0
-0
-0
-0
-0
-0
-0
-0
-0
-0
-0
-0
-0
-0
-0
-0
-0
-0
-0
-0
-0
-0
-0
-0
-0
-0
-0
-0
-0
-0
-0
0
0
0
0
0
0
0
0
0
0
0
0
0
0
0
0
0
0
0
0
0
0
0
0
0
0
0
0
0
0
0
0
0
0
0
0
0
0
0
0
0
0
0
0
0
0
0
0
0
0
-0
-0
-0
-0
-0
-0
-0
-0
-0
-0
-0
-0
-0
-0
-0
-0
-0
-0
-0
-0
-0
-0
-0
-0
-0
-0
-0
-0
-0
-0
-0
-0
-0
-0
-0
-0
-0
-0
-0
-0
-0
-0
-0
-0
-0
-0
-0
-0
-0
-0
0
0
0
0
0
0
0
0
0
0
0
0
0
0
0
0
0
0
0
0
0
0
0
0
0
0
0
0
0
0
0
0
0
0
0
0
0
0
0
0
0
0
0
0
0
0
0
0
0
0
0
-0
-0
-0
-0
-0
-0
-0
-0
-0
-0
-0
-0
-0
-0
-0
-0
-0
-0
-0
-0
-0
-0
-0
-0
-0
-0
-0
-0
-0
-0
-0
-0
-0
-0
-0
-0
-0
-0
-0
-0
-0
-0
-0
-0
-0
-0
-0
-0
-0
-0
0
0
0
0
0
0
0
0
0
0
0
0
0
0
0
0
0
0
0
0
0
0
0
0
0
0
0
0
0
0
0
0
0
0
0
0
0
0
0
0
0
0
0
0
0
0
0
0
0
-0
-0
-0
-0
-0
-0
-0
-0
-0
-0
-0
-0
-0
-0
-0
-0
-0
-0
-0
-0
-0
-0
-0
-0
-0
-0
-0
-0
-0
-0
-0
-0
-0
-0
-0
-0
-0
-0
-0
-0
-0
-0
-0
-0
-0
-0
-0
-0
-0
-0
0
0
0
0
0
0
0
0
0
0
0
0
0
0
0
0
0
0
0
0
0
0
0
0
0
0
0
0
0
0
0
0
0
0
0
0
0
0
0
0
0
0
0
0
0
0
0
0
0
0
-0
-0
-0
-0
-0
-0
-0
-0
-0
-0
-0
-0
-0
-0
-0
-0
-0
-0
-0
-0
-0
-0
-0
-0
-0
-0
-0
-0
-0
-0
-0
-0
-0
-0
-0
-0
-0
-0
-0
-0
-0
-0
-0
-0
-0
-0
-0
-0
-0
-0
0
0
0
0
0
0
0
0
0
0
0
0
0
0
0
0
0
0
0
0
0
0
0
0
0
0
0
0
0
0
0
0
0
0
0
0
0
0
0
0
0
0
0
0
0
0
0
0
0
0
0
-0
-0
-0
-0
-0
-0
-0
-0
-0
-0
-0
-0
-0
-0
-0
-0
-0
-0
-0
-0
-0
-0
-0
-0
-0
-0
-0
-0
-0
-0
-0
-0
-0
-0
-0
-0
-0
-0
-0
-0
-0
-0
-0
-0
-0
-0
-0
-0
-0
-0
0
0
0
0
0
0
0
0
0
0
0
0
0
0
0
0
0
0
0
0
0
0
0
0
0
0
0
0
0
0
0
0
0
0
0
0
0
0
0
0
0
0
0
0
0
0
0
0
0
0
-0
-0
-0
-0
-0
-0
-0
-0
-0
-0
-0
-0
-0
-0
-0
-0
-0
-0
-0
-0
-0
-0
-0
-0
-0
-0
-0
-0
-0
-0
-0
-0
-0
-0
-0
-0
-0
-0
-0
-0
-0
-0
-0
-0
-0
-0
-0
-0
-0
0
0
0
0
0
0
0
0
0
0
0
0
0
0
0
0
0
0
0
0
0
0
0
0
0
0
0
0
0
0
0
0
0
0
0
0
0
0
0
0
0
0
0
0
0
0
0
0
0
0
-0
-0
-0
-0
-0
-0
-0
-0
-0
-0
-0
-0
-0
-0
-0
-0
-0
-0
-0
-0
-0
-0
-0
-0
-0
-0
-0
-0
-0
-0
-0
-0
-0
-0
-0
-0
-0
-0
-0
-0
-0
-0
-0
-0
-0
-0
-0
-0
-0
-0
-0
0
0
0
0
0
0
0
0
0
0
0
0
0
0
0
0
0
0
0
0
0
0
0
0
0
0
0
0
0
0
0
0
0
0
0
0
0
0
0
0
0
0
0
0
0
0
0
0
0
0
-0
-0
-0
-0
-0
-0
-0
-0
-0
-0
-0
-0
-0
-0
-0
-0
-0
-0
-0
-0
-0
-0
-0
-0
-0
-0
-0
-0
-0
-0
-0
-0
-0
-0
-0
-0
-0
-0
-0
-0
-0
-0
-0
-0
-0
-0
-0
-0
-0
-0
0
0
0
0
0
0
0
0
0
0
0
0
0
0
0
0
0
0
0
0
0
0
0
0
0
0
0
0
0
0
0
0
0
0
0
0
0
0
0
0
0
0
0
0
0
0
0
0
0
-0
-0
-0
-0
-0
-0
-0
-0
-0
-0
-0
-0
-0
-0
-0
-0
-0
-0
-0
-0
-0
-0
-0
-0
-0
-0
-0
-0
-0
-0
-0
-0
-0
-0
-0
-0
-0
-0
-0
-0
-0
-0
-0
-0
-0
-0
-0
-0
-0
-0
0
0
0
0
0
0
0
0
0
0
0
0
0
0
0
0
0
0
0
0
0
0
0
0
0
0
0
0
0
0
0
0
0
0
0
0
0
0
0
0
0
0
0
0
0
0
0
0
0
0
0
-0
-0
-0
-0
-0
-0
-0
-0
-0
-0
-0
-0
-0
-0
-0
-0
-0
-0
-0
-0
-0
-0
-0
-0
-0
-0
-0
-0
-0
-0
-0
-0
-0
-0
-0
-0
-0
-0
-0
-0
-0
-0
-0
-0
-0
-0
-0
-0
-0
-0
0
0
0
0
0
0
0
0
0
0
0
0
0
0
0
0
0
0
0
0
0
0
0
0
0
0
0
0
0
0
0
0
0
0
0
0
0
0
0
0
0
0
0
0
0
0
0
0
0
0
-0
-0
-0
-0
-0
-0
-0
-0
-0
-0
-0
-0
-0
-0
-0
-0
-0
-0
-0
-0
-0
-0
-0
-0
-0
-0
-0
-0
-0
-0
-0
-0
-0
-0
-0
-0
-0
-0
-0
-0
-0
-0
-0
-0
-0
-0
-0
-0
-0
0
0
0
0
0
0
0
0
0
0
0
0
0
0
0
0
0
0
0
0
0
0
0
0
0
0
0
0
0
0
0
0
0
0
0
0
0
0
0
0
0
0
0
0
0
0
0
0
0
0
-0
-0
-0
-0
-0
-0
-0
-0
-0
-0
-0
-0
-0
-0
-0
-0
-0
-0
-0
-0
-0
-0
-0
-0
-0
-0
-0
-0
-0
-0
-0
-0
-0
-0
-0
-0
-0
-0
-0
-0
-0
-0
-0
-0
-0
-0
-0
-0
-0
-0
0
7.5349e-08
3.008e-07
6.7457e-07
1.1937e-06
1.8541e-06
2.6505e-06
3.5765e-06
4.6248e-06
5.7869e-06
7.0534e-06
8.414e-06
9.8575e-06
1.1372e-05
1.2945e-05
1.4562e-05
1.6211e-05
1.7877e-05
1.9544e-05
2.1199e-05
2.2825e-05
2.4408e-05
2.5932e-05
2.7382e-05
2.8743e-05
3e-05
3.1138e-05
3.2145e-05
3.3005e-05
3.3707e-05
3.4238e-05
3.4588e-05
3.4745e-05
3.4702e-05
3.4449e-05
3.3979e-05
3.3286e-05
3.2366e-05
3.1215e-05
2.9831e-05
2.8214e-05
2.6363e-05
2.428e-05
2.197e-05
1.9437e-05
1.6687e-05
1.3728e-05
1.0568e-05
7.2192e-06
3.6921e-06
6.4654e-19
-3.8428e-06
-7.8208e-06
-1.1917e-05
-1.6115e-05
-2.0395e-05
-2.4738e-05
-2.9123e-05
-3.353e-05
-3.7937e-05
-4.2321e-05
-4.6659e-05
-5.093e-05
-5.511e-05
-5.9175e-05
-6.3103e-05
-6.6871e-05
-7.0455e-05
-7.3834e-05
-7.6985e-05
-7.9889e-05
-8.2523e-05
-8.487e-05
-8.6909e-05
-8.8625e-05
-9e-05
-9.102e-05
-9.1671e-05
-9.1942e-05
-9.1822e-05
-9.1301e-05
-9.0374e-05
-8.9035e-05
-8.728e-05
-8.5108e-05
-8.252e-05
-7.9517e-05
-7.6104e-05
-7.2288e-05
-6.8077e-05
-6.3481e-05
-5.8512e-05
-5.3186e-05
-4.7517e-05
-4.1524e-05
-3.5228e-05
-2.8649e-05
-2.1811e-05
-1.4739e-05
-7.4595e-06
4.2345e-18
7.6102e-06
1.5341e-05
2.316e-05
3.1036e-05
3.8936e-05
4.6825e-05
5.467e-05
6.2435e-05
7.0086e-05
7.7588e-05
8.4905e-05
9.2003e-05
9.8848e-05
0.00010541
0.00011164
0.00011753
0.00012303
0.00012812
0.00013277
0.00013695
0.00014064
0.00014381
0.00014644
0.00014851
0.00015
0.0001509
0.0001512
0.00015088
0.00014994
0.00014836
0.00014616
0.00014332
0.00013986
0.00013577
0.00013106
0.00012575
0.00011984
0.00011336
0.00010632
9.8748e-05
9.0662e-05
8.2091e-05
7.3064e-05
6.3612e-05
5.3769e-05
4.357e-05
3.3054e-05
2.2259e-05
1.1227e-05
-4.4112e-18
-1.1378e-05
-2.2861e-05
-3.4403e-05
-4.5958e-05
-5.7477e-05
-6.8913e-05
-8.0217e-05
-9.134e-05
-0.00010224
-0.00011285
-0.00012315
-0.00013308
-0.00014259
-0.00015164
-0.00016019
-0.00016819
-0.00017561
-0.00018241
-0.00018856
-0.00019402
-0.00019875
-0.00020274
-0.00020596
-0.00020839
-0.00021
-0.00021078
-0.00021073
-0.00020982
-0.00020805
-0.00020543
-0.00020195
-0.00019761
-0.00019244
-0.00018643
-0.0001796
-0.00017198
-0.00016358
-0.00015443
-0.00014457
-0.00013402
-0.00012281
-0.000111
-9.861e-05
-8.5699e-05
-7.231e-05
-5.8492e-05
-4.4297e-05
-2.9779e-05
-1.4994e-05
-1.0348e-17
1.5145e-05
3.0381e-05
4.5646e-05
6.0879e-05
7.6018e-05
9.1e-05
0.00010576
0.00012025
0.00013439
0.00014812
0.0001614
0.00017415
0.00018632
0.00019787
0.00020873
0.00021885
0.00022819
0.0002367
0.00024435
0.00025108
0.00025687
0.00026168
0.00026549
0.00026827
0.00027
0.00027066
0.00027025
0.00026875
0.00026617
0.00026249
0.00025773
0.0002519
0.00024502
0.00023709
0.00022814
0.00021821
0.00020732
0.00019551
0.00018281
0.00016928
0.00015496
0.0001399
0.00012416
0.00010779
9.0851e-05
7.3413e-05
5.554e-05
3.7299e-05
1.8762e-05
1.6169e-17
-1.8913e-05
-3.7901e-05
-5.6889e-05
-7.5801e-05
-9.4559e-05
-0.00011309
-0.00013131
-0.00014915
-0.00016653
-0.00018339
-0.00019964
-0.00021522
-0.00023006
-0.0002441
-0.00025727
-0.00026951
-0.00028077
-0.00029099
-0.00030013
-0.00030814
-0.00031498
-0.00032062
-0.00032502
-0.00032815
-0.00033
-0.00033055
-0.00032978
-0.00032769
-0.00032428
-0.00031955
-0.00031352
-0.00030619
-0.00029759
-0.00028775
-0.00027668
-0.00026444
-0.00025106
-0.00023658
-0.00022106
-0.00020455
-0.00018711
-0.00016881
-0.0001497
-0.00012987
-0.00010939
-8.8335e-05
-6.6783e-05
-4.4819e-05
-2.2529e-05
-2.3284e-17
2.268e-05
4.5421e-05
6.8132e-05
9.0722e-05
0.0001131
0.00013518
0.00015686
0.00017806
0.00019868
0.00021866
0.00023789
0.00025629
0.0002738
0.00029033
0.00030581
0.00032017
0.00033335
0.00034528
0.00035592
0.00036521
0.0003731
0.00037956
0.00038454
0.00038803
0.00039
0.00039043
0.00038931
0.00038663
0.0003824
0.00037662
0.00036931
0.00036048
0.00035017
0.00033841
0.00032522
0.00031067
0.00029479
0.00027765
0.0002593
0.00023982
0.00021926
0.00019771
0.00017525
0.00015196
0.00012793
0.00010326
7.8026e-05
5.2339e-05
2.6297e-05
7.8187e-18
-2.6447e-05
-5.2941e-05
-7.9375e-05
-0.00010564
-0.00013164
-0.00015726
-0.0001824
-0.00020696
-0.00023083
-0.00025392
-0.00027613
-0.00029737
-0.00031754
-0.00033656
-0.00035435
-0.00037083
-0.00038593
-0.00039957
-0.00041171
-0.00042227
-0.00043121
-0.00043849
-0.00044407
-0.00044791
-0.00045
-0.00045031
-0.00044883
-0.00044557
-0.00044051
-0.00043368
-0.00042509
-0.00041477
-0.00040275
-0.00038907
-0.00037377
-0.0003569
-0.00033853
-0.00031873
-0.00029755
-0.00027508
-0.00025141
-0.00022662
-0.0002008
-0.00017405
-0.00014647
-0.00011818
-8.9268e-05
-5.9859e-05
-3.0064e-05
-4.1395e-17
3.0215e-05
6.0461e-05
9.0618e-05
0.00012056
0.00015018
0.00017935
0.00020795
0.00023587
0.00026298
0.00028919
0.00031438
0.00033844
0.00036128
0.00038279
0.00040289
0.00042149
0.0004385
0.00045386
0.00046749
0.00047933
0.00048933
0.00049743
0.0005036
0.0005078
0.00051
0.00051019
0.00050836
0.0005045
0.00049863
0.00049075
0.00048088
0.00046906
0.00045533
0.00043973
0.00042231
0.00040313
0.00038227
0.0003598
0.00033579
0.00031035
0.00028356
0.00025552
0.00022634
0.00019614
0.00016502
0.0001331
0.00010051
6.7379e-05
3.3832e-05
2.1696e-17
-3.3982e-05
-6.7981e-05
-0.00010186
-0.00013549
-0.00016872
-0.00020144
-0.0002335
-0.00026477
-0.00029513
-0.00032446
-0.00035262
-0.00037951
-0.00040501
-0.00042902
-0.00045143
-0.00047215
-0.00049108
-0.00050815
-0.00052328
-0.0005364
-0.00054744
-0.00055637
-0.00056312
-0.00056768
-0.00057
-0.00057007
-0.00056789
-0.00056344
-0.00055674
-0.00054781
-0.00053667
-0.00052335
-0.00050791
-0.00049039
-0.00047085
-0.00044936
-0.00042601
-0.00040087
-0.00037404
-0.00034562
-0.00031571
-0.00028443
-0.00025189
-0.00021822
-0.00018356
-0.00014802
-0.00011175
-7.4899e-05
-3.7599e-05
-3.0513e-17
3.7524e-05
7.4749e-05
0.00011153
0.00014772
0.00018319
0.00021778
0.00025138
0.00028385
0.00031507
0.00034491
0.00037328
0.00040005
0.00042513
0.00044844
0.00046988
0.00048937
0.00050686
0.00052227
0.00053555
0.00054667
0.00055558
0.00056226
0.0005667
0.00056888
0.0005688
0.00056648
0.00056193
0.00055519
0.00054628
0.00053525
0.00052216
0.00050707
0.00049003
0.00047113
0.00045046
0.0004281
0.00040414
0.00037869
0.00035186
0.00032375
0.00029449
0.00026419
0.00023299
0.000201
0.00016835
0.00013519
0.00010164
6.783e-05
3.3907e-05
3.3265e-17
-3.3756e-05
-6.7229e-05
-0.00010029
-0.0001328
-0.00016464
-0.0001957
-0.00022583
-0.00025494
-0.00028292
-0.00030965
-0.00033503
-0.00035898
-0.0003814
-0.00040221
-0.00042134
-0.00043871
-0.00045428
-0.00046798
-0.00047976
-0.0004896
-0.00049746
-0.00050332
-0.00050717
-0.00050899
-0.0005088
-0.0005066
-0.00050241
-0.00049625
-0.00048817
-0.00047819
-0.00046638
-0.00045278
-0.00043745
-0.00042048
-0.00040192
-0.00038187
-0.0003604
-0.00033762
-0.00031361
-0.00028849
-0.00026234
-0.00023529
-0.00020744
-0.00017891
-0.00014981
-0.00012027
-9.0393e-05
-6.031e-05
-3.0139e-05
-7.5054e-18
2.9989e-05
5.9709e-05
8.9044e-05
0.00011788
0.0001461
0.00017361
0.00020029
0.00022604
0.00025077
0.00027438
0.00029678
0.0003179
0.00033766
0.00035598
0.0003728
0.00038805
0.0004017
0.00041369
0.00042398
0.00043254
0.00043935
0.00044439
0.00044764
0.00044911
0.0004488
0.00044672
0.00044288
0.00043731
0.00043005
0.00042113
0.00041059
0.00039849
0.00038487
0.00036982
0.00035338
0.00033564
0.00031666
0.00029655
0.00027537
0.00025322
0.00023019
0.00020638
0.00018189
0.00015682
0.00013127
0.00010535
7.915e-05
5.279e-05
2.6372e-05
3.4886e-17
-2.6221e-05
-5.2189e-05
-7.7801e-05
-0.00010296
-0.00012756
-0.00015152
-0.00017474
-0.00019713
-0.00021862
-0.00023911
-0.00025854
-0.00027683
-0.00029392
-0.00030975
-0.00032425
-0.00033739
-0.00034912
-0.0003594
-0.00036819
-0.00037548
-0.00038123
-0.00038545
-0.00038812
-0.00038923
-0.0003888
-0.00038684
-0.00038335
-0.00037838
-0.00037194
-0.00036406
-0.0003548
-0.0003442
-0.0003323
-0.00031916
-0.00030484
-0.0002894
-0.00027293
-0.00025547
-0.00023712
-0.00021795
-0.00019804
-0.00017748
-0.00015635
-0.00013473
-0.00011273
-9.0424e-05
-6.7907e-05
-4.527e-05
-2.2605e-05
-1.3361e-17
2.2454e-05
4.4669e-05
6.6558e-05
8.8036e-05
0.00010902
0.00012943
0.00014919
0.00016823
0.00018647
0.00020384
0.00022029
0.00023576
0.00025018
0.00026352
0.00027571
0.00028673
0.00029654
0.00030511
0.0003124
0.00031841
0.00032312
0.00032651
0.00032859
0.00032935
0.0003288
0.00032695
0.00032383
0.00031944
0.00031382
0.000307
0.00029902
0.00028991
0.00027972
0.0002685
0.0002563
0.00024317
0.00022919
0.0002144
0.00019888
0.00018268
0.00016589
0.00014857
0.0001308
0.00011265
9.4188e-05
7.5502e-05
5.6664e-05
3.775e-05
1.8837e-05
1.4348e-17
-1.8686e-05
-3.7149e-05
-5.5315e-05
-7.3115e-05
-9.048e-05
-0.00010735
-0.00012365
-0.00013932
-0.00015432
-0.00016858
-0.00018205
-0.00019469
-0.00020644
-0.00021728
-0.00022717
-0.00023607
-0.00024396
-0.00025082
-0.00025662
-0.00026135
-0.000265
-0.00026758
-0.00026906
-0.00026947
-0.0002688
-0.00026707
-0.0002643
-0.0002605
-0.00025571
-0.00024994
-0.00024323
-0.00023562
-0.00022714
-0.00021784
-0.00020776
-0.00019694
-0.00018545
-0.00017333
-0.00016063
-0.00014742
-0.00013374
-0.00011967
-0.00010525
-9.0559e-05
-7.5647e-05
-6.0581e-05
-4.5421e-05
-3.023e-05
-1.507e-05
-1.4041e-17
1.4919e-05
2.9629e-05
4.4072e-05
5.8193e-05
7.1939e-05
8.5258e-05
9.81e-05
0.00011042
0.00012217
0.00013331
0.0001438
0.00015361
0.00016271
0.00017105
0.00017863
0.00018541
0.00019139
0.00019653
0.00020083
0.00020429
0.00020689
0.00020864
0.00020953
0.00020959
0.0002088
0.00020719
0.00020477
0.00020157
0.00019759
0.00019287
0.00018744
0.00018133
0.00017456
0.00016718
0.00015921
0.00015071
0.00014171
0.00013225
0.00012239
0.00011215
0.00010159
9.0762e-05
7.9706e-05
6.8471e-05
5.7106e-05
4.5659e-05
3.4178e-05
2.271e-05
1.1302e-05
2.277e-18
-1.1152e-05
-2.2109e-05
-3.2829e-05
-4.3272e-05
-5.3398e-05
-6.317e-05
-7.2553e-05
-8.1513e-05
-9.0019e-05
-9.8043e-05
-0.00010556
-0.00011254
-0.00011897
-0.00012482
-0.00013009
-0.00013475
-0.00013881
-0.00014224
-0.00014505
-0.00014722
-0.00014877
-0.0001497
-0.00015001
-0.0001497
-0.0001488
-0.00014731
-0.00014525
-0.00014263
-0.00013948
-0.00013581
-0.00013166
-0.00012704
-0.00012198
-0.00011652
-0.00011067
-0.00010448
-9.7973e-05
-9.1182e-05
-8.414e-05
-7.6882e-05
-6.9443e-05
-6.1857e-05
-5.4159e-05
-4.6384e-05
-3.8565e-05
-3.0738e-05
-2.2935e-05
-1.519e-05
-7.5349e-06
-9.5467e-18
7.3842e-06
1.4589e-05
2.1586e-05
2.8351e-05
3.4857e-05
4.1083e-05
4.7006e-05
5.2608e-05
5.7869e-05
6.2775e-05
6.7312e-05
7.1467e-05
7.523e-05
7.8592e-05
8.1549e-05
8.4095e-05
8.6229e-05
8.7949e-05
8.9259e-05
9.016e-05
9.0659e-05
9.0763e-05
9.0481e-05
8.9822e-05
8.88e-05
8.7427e-05
8.5719e-05
8.3691e-05
8.1361e-05
7.8747e-05
7.587e-05
7.2748e-05
6.9403e-05
6.5858e-05
6.2133e-05
5.8251e-05
5.4235e-05
5.0109e-05
4.5895e-05
4.1615e-05
3.7294e-05
3.2952e-05
2.8612e-05
2.4296e-05
2.0024e-05
1.5817e-05
1.1693e-05
7.6704e-06
3.7674e-06
2.0166e-18
-3.6167e-06
-7.0688e-06
-1.0343e-05
-1.3429e-05
-1.6316e-05
-1.8995e-05
-2.1459e-05
-2.3702e-05
-2.572e-05
-2.7508e-05
-2.9067e-05
-3.0394e-05
-3.1491e-05
-3.2362e-05
-3.3008e-05
-3.3435e-05
-3.365e-05
-3.366e-05
-3.3472e-05
-3.3097e-05
-3.2544e-05
-3.1826e-05
-3.0954e-05
-2.9941e-05
-2.88e-05
-2.7546e-05
-2.6192e-05
-2.4754e-05
-2.3246e-05
-2.1684e-05
-2.0083e-05
-1.8458e-05
-1.6825e-05
-1.5198e-05
-1.3591e-05
-1.202e-05
-1.0497e-05
-9.036e-06
-7.6491e-06
-6.3481e-06
-5.1439e-06
-4.0467e-06
-3.0656e-06
-2.2087e-06
-1.4833e-06
-8.9528e-07
-4.4972e-07
-1.504e-07
-0
-0
0
0
0
0
0
0
0
0
0
0
0
0
0
0
0
0
0
0
0
0
0
0
0
0
0
0
0
0
0
0
0
0
0
0
0
0
0
0
0
0
0
0
0
0
0
0
0
0
0
0
-0
-0
-0
-0
-0
-0
-0
-0
-0
-0
-0
-0
-0
-0
-0
-0
-0
-0
-0
-0
-0
-0
-0
-0
-0
-0
-0
-0
-0
-0
-0
-0
-0
-0
-0
-0
-0
-0
-0
-0
-0
-0
-0
-0
-0
-0
-0
-0
-0
-0
0
0
0
0
0
0
0
0
0
0
0
0
0
0
0
0
0
0
0
0
0
0
0
0
0
0
0
0
0
0
0
0
0
0
0
0
0
0
0
0
0
0
0
0
0
0
0
0
0
0
-0
-0
-0
-0
-0
-0
-0
-0
-0
-0
-0
-0
-0
-0
-0
-0
-0
-0
-0
-0
-0
-0
-0
-0
-0
-0
-0
-0
-0
-0
-0
-0
-0
-0
-0
-0
-0
-0
-0
-0
-0
-0
-0
-0
-0
-0
-0
-0
-0
-0
0
0
0
0
0
0
0
0
0
0
0
0
0
0
0
0
0
0
0
0
0
0
0
0
0
0
0
0
0
0
0
0
0
0
0
0
0
0
0
0
0
0
0
0
0
0
0
0
0
0
-0
-0
-0
-0
-0
-0
-0
-0
-0
-0
-0
-0
-0
-0
-0
-0
-0
-0
-0
-0
-0
-0
-0
-0
-0
-0
-0
-0
-0
-0
-0
-0
-0
-0
-0
-0
-0
-0
-0
-0
-0
-0
-0
-0
-0
-0
-0
-0
-0
-0
0
0
0
0
0
0
0
0
0
0
0
0
0
0
0
0
0
0
0
0
0
0
0
0
0
0
0
0
0
0
0
0
0
0
0
0
0
0
0
0
0
0
0
0
0
0
0
0
0
0
-0
-0
-0
-0
-0
-0
-0
-0
-0
-0
-0
-0
-0
-0
-0
-0
-0
-0
-0
-0
-0
-0
-0
-0
-0
-0
-0
-0
-0
-0
-0
-0
-0
-0
-0
-0
-0
-0
-0
-0
-0
-0
-0
-0
-0
-0
-0
-0
-0
-0
0
0
0
0
0
0
0
0
0
0
0
0
0
0
0
0
0
0
0
0
0
0
0
0
0
0
0
0
0
0
0
0
0
0
0
0
0
0
0
0
0
0
0
0
0
0
0
0
0
0
-0
-0
-0
-0
-0
-0
-0
-0
-0
-0
-0
-0
-0
-0
-0
-0
-0
-0
-0
-0
-0
-0
-0
-0
-0
-0
-0
-0
-0
-0
-0
-0
-0
-0
-0
-0
-0
-0
-0
-0
-0
-0
-0
-0
-0
-0
-0
-0
-0
-0
0
0
0
0
0
0
0
0
0
0
0
0
0
0
0
0
0
0
0
0
0
0
0
0
0
0
0
0
0
0
0
0
0
0
0
0
0
0
0
0
0
0
0
0
0
0
0
0
0
0
-0
-0
-0
-0
-0
-0
-0
-0
-0
-0
-0
-0
-0
-0
-0
-0
-0
-0
-0
-0
-0
-0
-0
-0
-0
-0
-0
-0
-0
-0
-0
-0
-0
-0
-0
-0
-0
-0
-0
-0
-0
-0
-0
-0
-0
-0
-0
-0
-0
-0
0
0
0
0
0
0
0
0
0
0
0
0
0
0
0
0
0
0
0
0
0
0
0
0
0
0
0
0
0
0
0
0
0
0
0
0
0
0
0
0
0
0
0
0
0
0
0
0
0
0
-0
-0
-0
-0
-0
-0
-0
-0
-0
-0
-0
-0
-0
-0
-0
-0
-0
-0
-0
-0
-0
-0
-0
-0
-0
-0
-0
-0
-0
-0
-0
-0
-0
-0
-0
-0
-0
-0
-0
-0
-0
-0
-0
-0
-0
-0
-0
-0
-0
-0
0
0
0
0
0
0
0
0
0
0
0
0
0
0
0
0
0
0
0
0
0
0
0
0
0
0
0
0
0
0
0
0
0
0
0
0
0
0
0
0
0
0
0
0
0
0
0
0
0
0
-0
-0
-0
-0
-0
-0
-0
-0
-0
-0
-0
-0
-0
-0
-0
-0
-0
-0
-0
-0
-0
-0
-0
-0
-0
-0
-0
-0
-0
-0
-0
-0
-0
-0
-0
-0
-0
-0
-0
-0
-0
-0
-0
-0
-0
-0
-0
-0
-0
-0
0
0
0
0
0
0
0
0
0
0
0
0
0
0
0
0
0
0
0
0
0
0
0
0
0
0
0
0
0
0
0
0
0
0
0
0
0
0
0
0
0
0
0
0
0
0
0
0
0
0
-0
-0
-0
-0
-0
-0
-0
-0
-0
-0
-0
-0
-0
-0
-0
-0
-0
-0
-0
-0
-0
-0
-0
-0
-0
-0
-0
-0
-0
-0
-0
-0
-0
-0
-0
-0
-0
-0
-0
-0
-0
-0
-0
-0
-0
-0
-0
-0
-0
-0
0
0
0
0
0
0
0
0
0
0
0
0
0
0
0
0
0
0
0
0
0
0
0
0
0
0
0
0
0
0
0
0
0
0
0
0
0
0
0
0
0
0
0
0
0
0
0
0
0
0
-0
-0
-0
-0
-0
-0
-0
-0
-0
-0
-0
-0
-0
-0
-0
-0
-0
-0
-0
-0
-0
-0
-0
-0
-0
-0
-0
-0
-0
-0
-0
-0
-0
-0
-0
-0
-0
-0
-0
-0
-0
-0
-0
-0
-0
-0
-0
-0
-0
-0
0
0
0
0
0
0
0
0
0
0
0
0
0
0
0
0
0
0
0
0
0
0
0
0
0
0
0
0
0
0
0
0
0
0
0
0
0
0
0
0
0
0
0
0
0
0
0
0
0
0
-0
-0
-0
-0
-0
-0
-0
-0
-0
-0
-0
-0
-0
-0
-0
-0
-0
-0
-0
-0
-0
-0
-0
-0
-0
-0
-0
-0
-0
-0
-0
-0
-0
-0
-0
-0
-0
-0
-0
-0
-0
-0
-0
-0
-0
-0
-0
-0
-0
0
0
0
0
0
0
0
0
0
0
0
0
0
0
0
0
0
0
0
0
0
0
0
0
0
0
0
0
0
0
0
0
0
0
0
0
0
0
0
0
0
0
0
0
0
0
0
0
0
0
0
-0
-0
-0
-0
-0
-0
-0
-0
-0
-0
-0
-0
-0
-0
-0
-0
-0
-0
-0
-0
-0
-0
-0
-0
-0
-0
-0
-0
-0
-0
-0
-0
-0
-0
-0
-0
-0
-0
-0
-0
-0
-0
-0
-0
-0
-0
-0
-0
-0
-0
0
0
0
0
0
0
0
0
0
0
0
0
0
0
0
0
0
0
0
0
0
0
0
0
0
0
0
0
0
0
0
0
0
0
0
0
0
0
0
0
0
0
0
0
0
0
0
0
0
-0
-0
-0
-0
-0
-0
-0
-0
-0
-0
-0
-0
-0
-0
-0
-0
-0
-0
-0
-0
-0
-0
-0
-0
-0
-0
-0
-0
-0
-0
-0
-0
-0
-0
-0
-0
-0
-0
-0
-0
-0
-0
-0
-0
-0
-0
-0
-0
-0
-0
-0
0
0
0
0
0
0
0
0
0
0
0
0
0
0
0
0
0
0
0
0
0
0
0
0
0
0
0
0
0
0
0
0
0
0
0
0
0
0
0
0
0
0
0
0
0
0
0
0
0
0
-0
-0
-0
-0
-0
-0
-0
-0
-0
-0
-0
-0
-0
-0
-0
-0
-0
-0
-0
-0
-0
-0
-0
-0
-0
-0
-0
-0
-0
-0
-0
-0
-0
-0
-0
-0
-0
-0
-0
-0
-0
-0
-0
-0
-0
-0
-0
-0
-0
-0
0
0
0
0
0
0
0
0
0
0
0
0
0
0
0
0
0
0
0
0
0
0
0
0
0
0
0
0
0
0
0
0
0
0
0
0
0
0
0
0
0
0
0
0
0
0
0
0
0
0
-0
-0
-0
-0
-0
-0
-0
-0
-0
-0
-0
-0
-0
-0
-0
-0
-0
-0
-0
-0
-0
-0
-0
-0
-0
-0
-0
-0
-0
-0
-0
-0
-0
-0
-0
-0
-0
-0
-0
-0
-0
-0
-0
-0
-0
-0
-0
-0
-0
0
0
0
0
0
0
0
0
0
0
0
0
0
0
0
0
0
0
0
0
0
0
0
0
0
0
0
0
0
0
0
0
0
0
0
0
0
0
0
0
0
0
0
0
0
0
0
0
0
0
0
-0
-0
-0
-0
-0
-0
-0
-0
-0
-0
-0
-0
-0
-0
-0
-0
-0
-0
-0
-0
-0
-0
-0
-0
-0
-0
-0
-0
-0
-0
-0
-0
-0
-0
-0
-0
-0
-0
-0
-0
-0
-0
-0
-0
-0
-0
-0
-0
-0
0
0
0
0
0
0
0
0
0
0
0
0
0
0
0
0
0
0
0
0
0
0
0
0
0
0
0
0
0
0
0
0
0
0
0
0
0
0
0
0
0
0
0
0
0
0
0
0
0
0
0
-0
-0
-0
-0
-0
-0
-0
-0
-0
-0
-0
-0
-0
-0
-0
-0
-0
-0
-0
-0
-0
-0
-0
-0
-0
-0
-0
-0
-0
-0
-0
-0
-0
-0
-0
-0
-0
-0
-0
-0
-0
-0
-0
-0
-0
-0
-0
-0
-0
-0
0
0
0
0
0
0
0
0
0
0
0
0
0
0
0
0
0
0
0
0
0
0
0
0
0
0
0
0
0
0
0
0
0
0
0
0
0
0
0
0
0
0
0
0
0
0
0
0
0
0
-0
-0
-0
-0
-0
-0
-0
-0
-0
-0
-0
-0
-0
-0
-0
-0
-0
-0
-0
-0
-0
-0
-0
-0
-0
-0
-0
-0
-0
-0
-0
-0
-0
-0
-0
-0
-0
-0
-0
-0
-0
-0
-0
-0
-0
-0
-0
-0
-0
-0
0
0
0
0
0
0
0
0
0
0
0
0
0
0
0
0
0
0
0
0
0
0
0
0
0
0
0
0
0
0
0
0
0
0
0
0
0
0
0
0
0
0
0
0
0
0
0
0
0
0
-0
-0
-0
-0
-0
-0
-0
-0
-0
-0
-0
-0
-0
-0
-0
-0
-0
-0
-0
-0
-0
-0
-0
-0
-0
-0
-0
-0
-0
-0
-0
-0
-0
-0
-0
-0
-0
-0
-0
-0
-0
-0
-0
-0
-0
-0
-0
-0
-0
-0
0
0
0
0
0
0
0
0
0
0
0
0
0
0
0
0
0
0
0
0
0
0
0
0
0
0
0
0
0
0
0
0
0
0
0
0
0
0
0
0
0
0
0
0
0
0
0
0
0
0
-0
-0
-0
-0
-0
-0
-0
-0
-0
-0
-0
-0
-0
-0
-0
-0
-0
-0
-0
-0
-0
-0
-0
-0
-0
-0
-0
-0
-0
-0
-0
-0
-0
-0
-0
-0
-0
-0
-0
-0
-0
-0
-0
-0
-0
-0
-0
-0
-0
0
0
0
0
0
0
0
0
0
0
0
0
0
0
0
0
0
0
0
0
0
0
0
0
0
0
0
0
0
0
0
0
0
0
0
0
0
0
0
0
0
0
0
0
0
0
0
0
0
0
0
-0
-0
-0
-0
-0
-0
-0
-0
-0
-0
-0
-0
-0
-0
-0
-0
-0
-0
-0
-0
-0
-0
-0
-0
-0
-0
-0
-0
-0
-0
-0
-0
-0
-0
-0
-0
-0
-0
-0
-0
-0
-0
-0
-0
-0
-0
-0
-0
-0
0
0
0
0
0
0
0
0
0
0
0
0
0
0
0
0
0
0
0
0
0
0
0
0
0
0
0
0
0
0
0
0
0
0
0
0
0
0
0
0
0
0
0
0
0
0
0
0
0
0
0
-0
-0
-0
-0
-0
-0
-0
-0
-0
-0
-0
-0
-0
-0
-0
-0
-0
-0
-0
-0
-0
-0
-0
-0
-0
-0
-0
-0
-0
-0
-0
-0
-0
-0
-0
-0
-0
-0
-0
-0
-0
-0
-0
-0
-0
-0
-0
-0
-0
-0
0
0
0
0
0
0
0
0
0
0
0
0
0
0
0
0
0
0
0
0
0
0
0
0
0
0
0
0
0
0
0
0
0
0
0
0
0
0
0
0
0
0
0
0
0
0
0
0
0
0
-0
-0
-0
-0
-0
-0
-0
-0
-0
-0
-0
-0
-0
-0
-0
-0
-0
-0
-0
-0
-0
-0
-0
-0
-0
-0
-0
-0
-0
-0
-0
-0
-0
-0
-0
-0
-0
-0
-0
-0
-0
-0
-0
-0
-0
-0
-0
-0
-0
-0
0
0
0
0
0
0
0
0
0
0
0
0
0
0
0
0
0
0
0
0
0
0
0
0
0
0
0
0
0
0
0
0
0
0
0
0
0
0
0
0
0
0
0
0
0
0
0
0
0
0
-0
-0
-0
-0
-0
-0
-0
-0
-0
-0
-0
-0
-0
-0
-0
-0
-0
-0
-0
-0
-0
-0
-0
-0
-0
-0
-0
-0
-0
-0
-0
-0
-0
-0
-0
-0
-0
-0
-0
-0
-0
-0
-0
-0
-0
-0
-0
-0
-0
-0
0
0
0
0
0
0
0
0
0
0
0
0
0
0
0
0
0
0
0
0
0
0
0
0
0
0
0
0
0
0
0
0
0
0
0
0
0
0
0
0
0
0
0
0
0
0
0
0
0
0
-0
-0
-0
-0
-0
-0
-0
-0
-0
-0
-0
-0
-0
-0
-0
-0
-0
-0
-0
-0
-0
-0
-0
-0
-0
-0
-0
-0
-0
-0
-0
-0
-0
-0
-0
-0
-0
-0
-0
-0
-0
-0
-0
-0
-0
-0
-0
-0
-0
0
0
0
0
0
0
0
0
0
0
0
0
0
0
0
0
0
0
0
0
0
0
0
0
0
0
0
0
0
0
0
0
0
0
0
0
0
0
0
0
0
0
0
0
0
0
0
0
0
0
0
-0
-0
-0
-0
-0
-0
-0
-0
-0
-0
-0
-0
-0
-0
-0
-0
-0
-0
-0
-0
-0
-0
-0
-0
-0
-0
-0
-0
-0
-0
-0
-0
-0
-0
-0
-0
-0
-0
-0
-0
-0
-0
-0
-0
-0
-0
-0
-0
-0
0
0
0
0
0
0
0
0
0
0
0
0
0
0
0
0
0
0
0
0
0
0
0
0
0
0
0
0
0
0
0
0
0
0
0
0
0
0
0
0
0
0
0
0
0
0
0
0
0
0
0
-0
-0
-0
-0
-0
-0
-0
-0
-0
-0
-0
-0
-0
-0
-0
-0
-0
-0
-0
-0
-0
-0
-0
-0
-0
-0
-0
-0
-0
-0
-0
-0
-0
-0
-0
-0
-0
-0
-0
-0
-0
-0
-0
-0
-0
-0
-0
-0
-0
-0
0
0
0
0
0
0
0
0
0
0
0
0
0
0
0
0
0
0
0
0
0
0
0
0
0
0
0
0
0
0
0
0
0
0
0
0
0
0
0
0
0
0
0
0
0
0
0
0
0
0
-0
-0
-0
-0
-0
-0
-0
-0
-0
-0
-0
-0
-0
-0
-0
-0
-0
-0
-0
-0
-0
-0
-0
-0
-0
-0
-0
-0
-0
-0
-0
-0
-0
-0
-0
-0
-0
-0
-0
-0
-0
-0
-0
-0
-0
-0
-0
-0
-0
-0
0
0
0
0
0
0
0
0
0
0
0
0
0
0
0
0
0
0
0
0
0
0
0
0
0
0
0
0
0
0
0
0
0
0
0
0
0
0
0
0
0
0
0
0
0
0
0
0
0
0
-0
-0
-0
-0
-0
-0
-0
-0
-0
-0
-0
-0
-0
-0
-0
-0
-0
-0
-0
-0
-0
-0
-0
-0
-0
-0
-0
-0
-0
-0
-0
-0
-0
-0
-0
-0
-0
-0
-0
-0
-0
-0
-0
-0
-0
-0
-0
-0
-0
-0
0
0
0
0
0
0
0
0
0
0
0
0
0
0
0
0
0
0
0
0
0
0
0
0
0
0
0
0
0
0
0
0
0
0
0
0
0
0
0
0
0
0
0
0
0
0
0
0
0
0
-0
-0
-0
-0
-0
-0
-0
-0
-0
-0
-0
-0
-0
-0
-0
-0
-0
-0
-0
-0
-0
-0
-0
-0
-0
-0
-0
-0
-0
-0
-0
-0
-0
-0
-0
-0
-0
-0
-0
-0
-0
-0
-0
-0
-0
-0
-0
-0
-0
0
0
0
0
0
0
0
0
0
0
0
0
0
0
0
0
0
0
0
0
0
0
0
0
0
0
0
0
0
0
0
0
0
0
0
0
0
0
0
0
0
0
0
0
0
0
0
0
0
0
0
-0
-0
-0
-0
-0
-0
-0
-0
-0
-0
-0
-0
-0
-0
-0
-0
-0
-0
-0
-0
-0
-0
-0
-0
-0
-0
-0
-0
-0
-0
-0
-0
-0
-0
-0
-0
-0
-0
-0
-0
-0
-0
-0
-0
-0
-0
-0
-0
-0
0
0
0
0
0
0
0
0
0
0
0
0
0
0
0
0
0
0
0
0
0
0
0
0
0
0
0
0
0
0
0
0
0
0
0
0
0
0
0
0
0
0
0
0
0
0
0
0
0
0
0
-0
-0
-0
-0
-0
-0
-0
-0
-0
-0
-0
-0
-0
-0
-0
-0
-0
-0
-0
-0
-0
-0
-0
-0
-0
-0
-0
-0
-0
-0
-0
-0
-0
-0
-0
-0
-0
-0
-0
-0
-0
-0
-0
-0
-0
-0
-0
-0
-0
0
