0
0
0
0
0
0
0
0
0
0
0
0
0
0
0
0
0
0
0
0
0
0
0
0
0
0
0
0
0
0
0
0
0
0
0
0
0
0
0
0
0
0
0
0
0
0
0
0
0
0
0
-0
-0
-0
-0
-0
-0
-0
-0
-0
-0
-0
-0
-0
-0
-0
-0
-0
-0
-0
-0
-0
-0
-0
-0
-0
-0
-0
-0
-0
-0
-0
-0
-0
-0
-0
-0
-0
-0
-0
-0
-0
-0
-0
-0
-0
-0
-0
-0
-0
-0
0
0
0
0
0
0
0
0
0
0
0
0
0
0
0
0
0
0
0
0
0
0
0
0
0
0
0
0
0
0
0
0
0
0
0
0
0
0
0
0
0
0
0
0
0
0
0
0
0
0
-0
-0
-0
-0
-0
-0
-0
-0
-0
-0
-0
-0
-0
-0
-0
-0
-0
-0
-0
-0
-0
-0
-0
-0
-0
-0
-0
-0
-0
-0
-0
-0
-0
-0
-0
-0
-0
-0
-0
-0
-0
-0
-0
-0
-0
-0
-0
-0
-0
-0
0
0
0
0
0
0
0
0
0
0
0
0
0
0
0
0
0
0
0
0
0
0
0
0
0
0
0
0
0
0
0
0
0
0
0
0
0
0
0
0
0
0
0
0
0
0
0
0
0
0
-0
-0
-0
-0
-0
-0
-0
-0
-0
-0
-0
-0
-0
-0
-0
-0
-0
-0
-0
-0
-0
-0
-0
-0
-0
-0
-0
-0
-0
-0
-0
-0
-0
-0
-0
-0
-0
-0
-0
-0
-0
-0
-0
-0
-0
-0
-0
-0
-0
-0
0
0
0
0
0
0
0
0
0
0
0
0
0
0
0
0
0
0
0
0
0
0
0
0
0
0
0
0
0
0
0
0
0
0
0
0
0
0
0
0
0
0
0
0
0
0
0
0
0
-0
-0
-0
-0
-0
-0
-0
-0
-0
-0
-0
-0
-0
-0
-0
-0
-0
-0
-0
-0
-0
-0
-0
-0
-0
-0
-0
-0
-0
-0
-0
-0
-0
-0
-0
-0
-0
-0
-0
-0
-0
-0
-0
-0
-0
-0
-0
-0
-0
-0
-0
0
0
0
0
0
0
0
0
0
0
0
0
0
0
0
0
0
0
0
0
0
0
0
0
0
0
0
0
0
0
0
0
0
0
0
0
0
0
0
0
0
0
0
0
0
0
0
0
0
0
-0
-0
-0
-0
-0
-0
-0
-0
-0
-0
-0
-0
-0
-0
-0
-0
-0
-0
-0
-0
-0
-0
-0
-0
-0
-0
-0
-0
-0
-0
-0
-0
-0
-0
-0
-0
-0
-0
-0
-0
-0
-0
-0
-0
-0
-0
-0
-0
-0
-0
0
0
0
0
0
0
0
0
0
0
0
0
0
0
0
0
0
0
0
0
0
0
0
0
0
0
0
0
0
0
0
0
0
0
0
0
0
0
0
0
0
0
0
0
0
0
0
0
0
-0
-0
-0
-0
-0
-0
-0
-0
-0
-0
-0
-0
-0
-0
-0
-0
-0
-0
-0
-0
-0
-0
-0
-0
-0
-0
-0
-0
-0
-0
-0
-0
-0
-0
-0
-0
-0
-0
-0
-0
-0
-0
-0
-0
-0
-0
-0
-0
-0
-0
-0
0
0
0
0
0
0
0
0
0
0
0
0
0
0
0
0
0
0
0
0
0
0
0
0
0
0
0
0
0
0
0
0
0
0
0
0
0
0
0
0
0
0
0
0
0
0
0
0
0
-0
-0
-0
-0
-0
-0
-0
-0
-0
-0
-0
-0
-0
-0
-0
-0
-0
-0
-0
-0
-0
-0
-0
-0
-0
-0
-0
-0
-0
-0
-0
-0
-0
-0
-0
-0
-0
-0
-0
-0
-0
-0
-0
-0
-0
-0
-0
-0
-0
-0
0
0
0
0
0
0
0
0
0
0
0
0
0
0
0
0
0
0
0
0
0
0
0
0
0
0
0
0
0
0
0
0
0
0
0
0
0
0
0
0
0
0
0
0
0
0
0
0
0
0
0
-0
-0
-0
-0
-0
-0
-0
-0
-0
-0
-0
-0
-0
-0
-0
-0
-0
-0
-0
-0
-0
-0
-0
-0
-0
-0
-0
-0
-0
-0
-0
-0
-0
-0
-0
-0
-0
-0
-0
-0
-0
-0
-0
-0
-0
-0
-0
-0
-0
-0
0
0
0
0
0
0
0
0
0
0
0
0
0
0
0
0
0
0
0
0
0
0
0
0
0
0
0
0
0
0
0
0
0
0
0
0
0
0
0
0
0
0
0
0
0
0
0
0
0
0
-0
-0
-0
-0
-0
-0
-0
-0
-0
-0
-0
-0
-0
-0
-0
-0
-0
-0
-0
-0
-0
-0
-0
-0
-0
-0
-0
-0
-0
-0
-0
-0
-0
-0
-0
-0
-0
-0
-0
-0
-0
-0
-0
-0
-0
-0
-0
-0
-0
-0
0
0
0
0
0
0
0
0
0
0
0
0
0
0
0
0
0
0
0
0
0
0
0
0
0
0
0
0
0
0
0
0
0
0
0
0
0
0
0
0
0
0
0
0
0
0
0
0
0
-0
-0
-0
-0
-0
-0
-0
-0
-0
-0
-0
-0
-0
-0
-0
-0
-0
-0
-0
-0
-0
-0
-0
-0
-0
-0
-0
-0
-0
-0
-0
-0
-0
-0
-0
-0
-0
-0
-0
-0
-0
-0
-0
-0
-0
-0
-0
-0
-0
-0
-0
0
0
0
0
0
0
0
0
0
0
0
0
0
0
0
0
0
0
0
0
0
0
0
0
0
0
0
0
0
0
0
0
0
0
0
0
0
0
0
0
0
0
0
0
0
0
0
0
0
-0
-0
-0
-0
-0
-0
-0
-0
-0
-0
-0
-0
-0
-0
-0
-0
-0
-0
-0
-0
-0
-0
-0
-0
-0
-0
-0
-0
-0
-0
-0
-0
-0
-0
-0
-0
-0
-0
-0
-0
-0
-0
-0
-0
-0
-0
-0
-0
-0
-0
0
0
0
0
0
0
0
0
0
0
0
0
0
0
0
0
0
0
0
0
0
0
0
0
0
0
0
0
0
0
0
0
0
0
0
0
0
0
0
0
0
0
0
0
0
0
0
0
0
0
-0
-0
-0
-0
-0
-0
-0
-0
-0
-0
-0
-0
-0
-0
-0
-0
-0
-0
-0
-0
-0
-0
-0
-0
-0
-0
-0
-0
-0
-0
-0
-0
-0
-0
-0
-0
-0
-0
-0
-0
-0
-0
-0
-0
-0
-0
-0
-0
-0
-0
-0
0
0
0
0
0
0
0
0
0
0
0
0
0
0
0
0
0
0
0
0
0
0
0
0
0
0
0
0
0
0
0
0
0
0
0
0
0
0
0
0
0
0
0
0
0
0
0
0
0
-0
-0
-0
-0
-0
-0
-0
-0
-0
-0
-0
-0
-0
-0
-0
-0
-0
-0
-0
-0
-0
-0
-0
-0
-0
-0
-0
-0
-0
-0
-0
-0
-0
-0
-0
-0
-0
-0
-0
-0
-0
-0
-0
-0
-0
-0
-0
-0
-0
-0
0
0
0
0
0
0
0
0
0
0
0
0
0
0
0
0
0
0
0
0
0
0
0
0
0
0
0
0
0
0
0
0
0
0
0
0
0
0
0
0
0
0
0
0
0
0
0
0
0
0
-0
-0
-0
-0
-0
-0
-0
-0
-0
-0
-0
-0
-0
-0
-0
-0
-0
-0
-0
-0
-0
-0
-0
-0
-0
-0
-0
-0
-0
-0
-0
-0
-0
-0
-0
-0
-0
-0
-0
-0
-0
-0
-0
-0
-0
-0
-0
-0
-0
-0
0
0
0
0
0
0
0
0
0
0
0
0
0
0
0
0
0
0
0
0
0
0
0
0
0
0
0
0
0
0
0
0
0
0
0
0
0
0
0
0
0
0
0
0
0
0
0
0
0
0
-0
-0
-0
-0
-0
-0
-0
-0
-0
-0
-0
-0
-0
-0
-0
-0
-0
-0
-0
-0
-0
-0
-0
-0
-0
-0
-0
-0
-0
-0
-0
-0
-0
-0
-0
-0
-0
-0
-0
-0
-0
-0
-0
-0
-0
-0
-0
-0
-0
-0
-0
0
0
0
0
0
0
0
0
0
0
0
0
0
0
0
0
0
0
0
0
0
0
0
0
0
0
0
0
0
0
0
0
0
0
0
0
0
0
0
0
0
0
0
0
0
0
0
0
0
0
-0
-0
-0
-0
-0
-0
-0
-0
-0
-0
-0
-0
-0
-0
-0
-0
-0
-0
-0
-0
-0
-0
-0
-0
-0
-0
-0
-0
-0
-0
-0
-0
-0
-0
-0
-0
-0
-0
-0
-0
-0
-0
-0
-0
-0
-0
-0
-0
-0
-0
0
0
0
0
0
0
0
0
0
0
0
0
0
0
0
0
0
0
0
0
0
0
0
0
0
0
0
0
0
0
0
0
0
0
0
0
0
0
0
0
0
0
0
0
0
0
0
0
0
0
-0
-0
-0
-0
-0
-0
-0
-0
-0
-0
-0
-0
-0
-0
-0
-0
-0
-0
-0
-0
-0
-0
-0
-0
-0
-0
-0
-0
-0
-0
-0
-0
-0
-0
-0
-0
-0
-0
-0
-0
-0
-0
-0
-0
-0
-0
-0
-0
-0
-0
0
0
0
0
0
0
0
0
0
0
0
0
0
0
0
0
0
0
0
0
0
0
0
0
0
0
0
0
0
0
0
0
0
0
0
0
0
0
0
0
0
0
0
0
0
0
0
0
0
0
-0
-0
-0
-0
-0
-0
-0
-0
-0
-0
-0
-0
-0
-0
-0
-0
-0
-0
-0
-0
-0
-0
-0
-0
-0
-0
-0
-0
-0
-0
-0
-0
-0
-0
-0
-0
-0
-0
-0
-0
-0
-0
-0
-0
-0
-0
-0
-0
-0
-0
0
0
0
0
0
0
0
0
0
0
0
0
0
0
0
0
0
0
0
0
0
0
0
0
0
0
0
0
0
0
0
0
0
0
0
0
0
0
0
0
0
0
0
0
0
0
0
0
0
0
-0
-0
-0
-0
-0
-0
-0
-0
-0
-0
-0
-0
-0
-0
-0
-0
-0
-0
-0
-0
-0
-0
-0
-0
-0
-0
-0
-0
-0
-0
-0
-0
-0
-0
-0
-0
-0
-0
-0
-0
-0
-0
-0
-0
-0
-0
-0
-0
-0
0
0
0
0
0
0
0
0
0
0
0
0
0
0
0
0
0
0
0
0
0
0
0
0
0
0
0
0
0
0
0
0
0
0
0
0
0
0
0
0
0
0
0
0
0
0
0
0
0
0
0
-0
-0
-0
-0
-0
-0
-0
-0
-0
-0
-0
-0
-0
-0
-0
-0
-0
-0
-0
-0
-0
-0
-0
-0
-0
-0
-0
-0
-0
-0
-0
-0
-0
-0
-0
-0
-0
-0
-0
-0
-0
-0
-0
-0
-0
-0
-0
-0
-0
-0
7.5349e-08
3.008e-07
6.7457e-07
1.1937e-06
1.8541e-06
2.6505e-06
3.5765e-06
4.6248e-06
5.7869e-06
7.0534e-06
8.414e-06
9.8575e-06
1.1372e-05
1.2945e-05
1.4562e-05
1.6211e-05
1.7877e-05
1.9544e-05
2.1199e-05
2.2825e-05
2.4408e-05
2.5932e-05
2.7382e-05
2.8743e-05
3e-05
3.1138e-05
3.2145e-05
3.3005e-05
3.3707e-05
3.4238e-05
3.4588e-05
3.4745e-05
3.4702e-05
3.4449e-05
3.3979e-05
3.3286e-05
3.2366e-05
3.1215e-05
2.9831e-05
2.8214e-05
2.6363e-05
2.428e-05
2.197e-05
1.9437e-05
1.6687e-05
1.3728e-05
1.0568e-05
7.2192e-06
3.6921e-06
9.4075e-19
-3.8428e-06
-7.8208e-06
-1.1917e-05
-1.6115e-05
-2.0395e-05
-2.4738e-05
-2.9123e-05
-3.353e-05
-3.7937e-05
-4.2321e-05
-4.6659e-05
-5.093e-05
-5.511e-05
-5.9175e-05
-6.3103e-05
-6.6871e-05
-7.0455e-05
-7.3834e-05
-7.6985e-05
-7.9889e-05
-8.2523e-05
-8.487e-05
-8.6909e-05
-8.8625e-05
-9e-05
-9.102e-05
-9.1671e-05
-9.1942e-05
-9.1822e-05
-9.1301e-05
-9.0374e-05
-8.9035e-05
-8.728e-05
-8.5108e-05
-8.252e-05
-7.9517e-05
-7.6104e-05
-7.2288e-05
-6.8077e-05
-6.3481e-05
-5.8512e-05
-5.3186e-05
-4.7517e-05
-4.1524e-05
-3.5228e-05
-2.8649e-05
-2.1811e-05
-1.4739e-05
-7.4595e-06
2.3543e-19
7.6102e-06
1.5341e-05
2.316e-05
3.1036e-05
3.8936e-05
4.6825e-05
5.467e-05
6.2435e-05
7.0086e-05
7.7588e-05
8.4905e-05
9.2003e-05
9.8848e-05
0.00010541
0.00011164
0.00011753
0.00012303
0.00012812
0.00013277
0.00013695
0.00014064
0.00014381
0.00014644
0.00014851
0.00015
0.0001509
0.0001512
0.00015088
0.00014994
0.00014836
0.00014616
0.00014332
0.00013986
0.00013577
0.00013106
0.00012575
0.00011984
0.00011336
0.00010632
9.8748e-05
9.0662e-05
8.2091e-05
7.3064e-05
6.3612e-05
5.3769e-05
4.357e-05
3.3054e-05
2.2259e-05
1.1227e-05
1.5874e-18
-1.1378e-05
-2.2861e-05
-3.4403e-05
-4.5958e-05
-5.7477e-05
-6.8913e-05
-8.0217e-05
-9.134e-05
-0.00010224
-0.00011285
-0.00012315
-0.00013308
-0.00014259
-0.00015164
-0.00016019
-0.00016819
-0.00017561
-0.00018241
-0.00018856
-0.00019402
-0.00019875
-0.00020274
-0.00020596
-0.00020839
-0.00021
-0.00021078
-0.00021073
-0.00020982
-0.00020805
-0.00020543
-0.00020195
-0.00019761
-0.00019244
-0.00018643
-0.0001796
-0.00017198
-0.00016358
-0.00015443
-0.00014457
-0.00013402
-0.00012281
-0.000111
-9.861e-05
-8.5699e-05
-7.231e-05
-5.8492e-05
-4.4297e-05
-2.9779e-05
-1.4994e-05
2.1174e-18
1.5145e-05
3.0381e-05
4.5646e-05
6.0879e-05
7.6018e-05
9.1e-05
0.00010576
0.00012025
0.00013439
0.00014812
0.0001614
0.00017415
0.00018632
0.00019787
0.00020873
0.00021885
0.00022819
0.0002367
0.00024435
0.00025108
0.00025687
0.00026168
0.00026549
0.00026827
0.00027
0.00027066
0.00027025
0.00026875
0.00026617
0.00026249
0.00025773
0.0002519
0.00024502
0.00023709
0.00022814
0.00021821
0.00020732
0.00019551
0.00018281
0.00016928
0.00015496
0.0001399
0.00012416
0.00010779
9.0851e-05
7.3413e-05
5.554e-05
3.7299e-05
1.8762e-05
5.8746e-19
-1.8913e-05
-3.7901e-05
-5.6889e-05
-7.5801e-05
-9.4559e-05
-0.00011309
-0.00013131
-0.00014915
-0.00016653
-0.00018339
-0.00019964
-0.00021522
-0.00023006
-0.0002441
-0.00025727
-0.00026951
-0.00028077
-0.00029099
-0.00030013
-0.00030814
-0.00031498
-0.00032062
-0.00032502
-0.00032815
-0.00033
-0.00033055
-0.00032978
-0.00032769
-0.00032428
-0.00031955
-0.00031352
-0.00030619
-0.00029759
-0.00028775
-0.00027668
-0.00026444
-0.00025106
-0.00023658
-0.00022106
-0.00020455
-0.00018711
-0.00016881
-0.0001497
-0.00012987
-0.00010939
-8.8335e-05
-6.6783e-05
-4.4819e-05
-2.2529e-05
5.6458e-18
2.268e-05
4.5421e-05
6.8132e-05
9.0722e-05
0.0001131
0.00013518
0.00015686
0.00017806
0.00019868
0.00021866
0.00023789
0.00025629
0.0002738
0.00029033
0.00030581
0.00032017
0.00033335
0.00034528
0.00035592
0.00036521
0.0003731
0.00037956
0.00038454
0.00038803
0.00039
0.00039043
0.00038931
0.00038663
0.0003824
0.00037662
0.00036931
0.00036048
0.00035017
0.00033841
0.00032522
0.00031067
0.00029479
0.00027765
0.0002593
0.00023982
0.00021926
0.00019771
0.00017525
0.00015196
0.00012793
0.00010326
7.8026e-05
5.2339e-05
2.6297e-05
-2.059e-18
-2.6447e-05
-5.2941e-05
-7.9375e-05
-0.00010564
-0.00013164
-0.00015726
-0.0001824
-0.00020696
-0.00023083
-0.00025392
-0.00027613
-0.00029737
-0.00031754
-0.00033656
-0.00035435
-0.00037083
-0.00038593
-0.00039957
-0.00041171
-0.00042227
-0.00043121
-0.00043849
-0.00044407
-0.00044791
-0.00045
-0.00045031
-0.00044883
-0.00044557
-0.00044051
-0.00043368
-0.00042509
-0.00041477
-0.00040275
-0.00038907
-0.00037377
-0.0003569
-0.00033853
-0.00031873
-0.00029755
-0.00027508
-0.00025141
-0.00022662
-0.0002008
-0.00017405
-0.00014647
-0.00011818
-8.9268e-05
-5.9859e-05
-3.0064e-05
-2.8216e-18
3.0215e-05
6.0461e-05
9.0618e-05
0.00012056
0.00015018
0.00017935
0.00020795
0.00023587
0.00026298
0.00028919
0.00031438
0.00033844
0.00036128
0.00038279
0.00040289
0.00042149
0.0004385
0.00045386
0.00046749
0.00047933
0.00048933
0.00049743
0.0005036
0.0005078
0.00051
0.00051019
0.00050836
0.0005045
0.00049863
0.00049075
0.00048088
0.00046906
0.00045533
0.00043973
0.00042231
0.00040313
0.00038227
0.0003598
0.00033579
0.00031035
0.00028356
0.00025552
0.00022634
0.00019614
0.00016502
0.0001331
0.00010051
6.7379e-05
3.3832e-05
-6.3519e-18
-3.3982e-05
-6.7981e-05
-0.00010186
-0.00013549
-0.00016872
-0.00020144
-0.0002335
-0.00026477
-0.00029513
-0.00032446
-0.00035262
-0.00037951
-0.00040501
-0.00042902
-0.00045143
-0.00047215
-0.00049108
-0.00050815
-0.00052328
-0.0005364
-0.00054744
-0.00055637
-0.00056312
-0.00056768
-0.00057
-0.00057007
-0.00056789
-0.00056344
-0.00055674
-0.00054781
-0.00053667
-0.00052335
-0.00050791
-0.00049039
-0.00047085
-0.00044936
-0.00042601
-0.00040087
-0.00037404
-0.00034562
-0.00031571
-0.00028443
-0.00025189
-0.00021822
-0.00018356
-0.00014802
-0.00011175
-7.4899e-05
-3.7599e-05
5.8932e-19
3.775e-05
7.5501e-05
0.0001131
0.00015041
0.00018726
0.00022353
0.00025904
0.00029368
0.00032728
0.00035972
0.00039087
0.00042059
0.00044875
0.00047525
0.00049997
0.00052281
0.00054366
0.00056244
0.00057906
0.00059346
0.00060556
0.0006153
0.00062265
0.00062756
0.00063
0.00062995
0.00062741
0.00062238
0.00061486
0.00060487
0.00059245
0.00057764
0.00056049
0.00054105
0.00051939
0.00049559
0.00046975
0.00044194
0.00041229
0.00038088
0.00034786
0.00031333
0.00027744
0.00024031
0.0002021
0.00016294
0.000123
8.2419e-05
4.1366e-05
-1.2291e-17
-4.1517e-05
-8.3021e-05
-0.00012435
-0.00016533
-0.00020581
-0.00024561
-0.00028459
-0.00032258
-0.00035943
-0.00039499
-0.00042911
-0.00046166
-0.00049249
-0.00052148
-0.00054851
-0.00057347
-0.00059624
-0.00061673
-0.00063485
-0.00065052
-0.00066367
-0.00067424
-0.00068218
-0.00068744
-0.00069
-0.00068984
-0.00068694
-0.00068131
-0.00067297
-0.00066194
-0.00064824
-0.00063193
-0.00061306
-0.00059171
-0.00056793
-0.00054182
-0.00051349
-0.00048302
-0.00045053
-0.00041615
-0.00038001
-0.00034224
-0.00030298
-0.0002624
-0.00022064
-0.00017786
-0.00013424
-8.9939e-05
-4.5134e-05
5.6467e-18
4.5285e-05
9.0541e-05
0.00013559
0.00018025
0.00022435
0.0002677
0.00031014
0.00035149
0.00039158
0.00043026
0.00046736
0.00050273
0.00053623
0.00056771
0.00059705
0.00062413
0.00064882
0.00067102
0.00069064
0.00070759
0.00072179
0.00073318
0.0007417
0.00074732
0.00075
0.00074972
0.00074647
0.00074025
0.00073109
0.000719
0.00070403
0.00068622
0.00066564
0.00064236
0.00061647
0.00058806
0.00055722
0.00052409
0.00048878
0.00045142
0.00041216
0.00037114
0.00032853
0.00028449
0.00023918
0.00019278
0.00014548
9.7459e-05
4.8901e-05
2.2916e-18
-4.9052e-05
-9.8061e-05
-0.00014683
-0.00019517
-0.00024289
-0.00028979
-0.00033568
-0.00038039
-0.00042373
-0.00046553
-0.0005056
-0.0005438
-0.00057997
-0.00061394
-0.0006456
-0.00067479
-0.0007014
-0.00072531
-0.00074642
-0.00076465
-0.0007799
-0.00079212
-0.00080123
-0.0008072
-0.00081
-0.0008096
-0.00080599
-0.00079919
-0.0007892
-0.00077606
-0.00075981
-0.00074051
-0.00071822
-0.00069302
-0.00066501
-0.00063429
-0.00060096
-0.00056516
-0.00052702
-0.00048669
-0.00044431
-0.00040005
-0.00035408
-0.00030657
-0.00025772
-0.00020771
-0.00015673
-0.00010498
-5.2669e-05
1.2351e-17
5.2819e-05
0.00010558
0.00015807
0.00021009
0.00026143
0.00031188
0.00036123
0.0004093
0.00045588
0.00050079
0.00054385
0.00058488
0.00062371
0.00066018
0.00069414
0.00072545
0.00075397
0.0007796
0.00080221
0.00082171
0.00083802
0.00085105
0.00086076
0.00086709
0.00087
0.00086948
0.00086552
0.00085813
0.00084732
0.00083313
0.0008156
0.0007948
0.0007708
0.00074368
0.00071355
0.00068052
0.0006447
0.00060623
0.00056527
0.00052195
0.00047646
0.00042895
0.00037962
0.00032866
0.00027626
0.00022263
0.00016797
0.0001125
5.6436e-05
-3.5303e-18
-5.6587e-05
-0.0001131
-0.00016932
-0.00022501
-0.00027997
-0.00033396
-0.00038678
-0.0004382
-0.00048803
-0.00053606
-0.0005821
-0.00062595
-0.00066744
-0.00070641
-0.00074268
-0.00077611
-0.00080655
-0.00083389
-0.000858
-0.00087878
-0.00089613
-0.00090999
-0.00092029
-0.00092697
-0.00093
-0.00092936
-0.00092505
-0.00091706
-0.00090543
-0.00089019
-0.00087139
-0.00084909
-0.00082338
-0.00079434
-0.00076209
-0.00072675
-0.00068844
-0.00064731
-0.00060351
-0.00055722
-0.00050861
-0.00045786
-0.00040517
-0.00035075
-0.0002948
-0.00023755
-0.00017921
-0.00012002
-6.0204e-05
2.0701e-17
6.0354e-05
0.00012062
0.00018056
0.00023994
0.00029851
0.00035605
0.00041232
0.00046711
0.00052018
0.00057133
0.00062034
0.00066702
0.00071118
0.00075264
0.00079122
0.00082677
0.00085913
0.00088818
0.00091378
0.00093584
0.00095425
0.00096893
0.00097981
0.00098685
0.00099
0.00098924
0.00098457
0.000976
0.00096355
0.00094725
0.00092717
0.00090338
0.00087596
0.000845
0.00081064
0.00077298
0.00073218
0.00068838
0.00064176
0.00059249
0.00054076
0.00048676
0.00043072
0.00037284
0.00031334
0.00025247
0.00019045
0.00012754
6.3971e-05
-1.0999e-17
-6.4122e-05
-0.00012814
-0.0001918
-0.00025486
-0.00031705
-0.00037814
-0.00043787
-0.00049601
-0.00055233
-0.00060659
-0.00065859
-0.0007081
-0.00075492
-0.00079887
-0.00083976
-0.00087743
-0.00091171
-0.00094247
-0.00096957
-0.0009929
-0.0010124
-0.0010279
-0.0010393
-0.0010467
-0.00105
-0.0010491
-0.0010441
-0.0010349
-0.0010217
-0.0010043
-0.00098296
-0.00095767
-0.00092853
-0.00089566
-0.00085918
-0.00081921
-0.00077591
-0.00072945
-0.00068
-0.00062775
-0.00057291
-0.00051567
-0.00045627
-0.00039492
-0.00033188
-0.00026739
-0.0002017
-0.00013506
-6.7738e-05
2.674e-21
6.7889e-05
0.00013566
0.00020305
0.00026978
0.00033559
0.00040023
0.00046342
0.00052492
0.00058448
0.00064186
0.00069683
0.00074917
0.00079866
0.0008451
0.0008883
0.00092809
0.00096429
0.00099676
0.0010254
0.00105
0.0010705
0.0010868
0.0010989
0.0011066
0.00111
0.001109
0.0011036
0.0010939
0.0010798
0.0010614
0.0010387
0.001012
0.00098111
0.00094632
0.00090772
0.00086544
0.00081965
0.00077053
0.00071825
0.00066302
0.00060506
0.00054457
0.00048181
0.00041701
0.00035043
0.00028231
0.00021294
0.00014258
7.1506e-05
-2.0114e-17
-7.1657e-05
-0.00014318
-0.00021429
-0.0002847
-0.00035413
-0.00042231
-0.00048896
-0.00055382
-0.00061663
-0.00067713
-0.00073508
-0.00079024
-0.0008424
-0.00089133
-0.00093684
-0.00097874
-0.0010169
-0.001051
-0.0010811
-0.001107
-0.0011286
-0.0011457
-0.0011584
-0.0011665
-0.00117
-0.0011689
-0.0011632
-0.0011528
-0.0011379
-0.0011184
-0.0010945
-0.0010662
-0.0010337
-0.00099698
-0.00095626
-0.00091167
-0.00086339
-0.0008116
-0.00075649
-0.00069829
-0.00063721
-0.00057348
-0.00050736
-0.0004391
-0.00036897
-0.00029723
-0.00022418
-0.0001501
-7.5273e-05
-2.587e-17
7.5349e-05
0.0001504
0.00022486
0.00029843
0.00037082
0.00044175
0.00051094
0.0005781
0.00064299
0.00070534
0.00076491
0.00082146
0.00087476
0.00092462
0.00097082
0.0010132
0.0010516
0.0010858
0.0011157
0.0011413
0.0011623
0.0011787
0.0011905
0.0011976
0.0012
0.0011976
0.0011905
0.0011787
0.0011623
0.0011413
0.0011157
0.0010858
0.0010516
0.0010132
0.00097082
0.00092462
0.00087476
0.00082146
0.00076491
0.00070534
0.00064299
0.0005781
0.00051094
0.00044175
0.00037082
0.00029843
0.00022486
0.0001504
7.5349e-05
4.7012e-18
-7.5349e-05
-0.0001504
-0.00022486
-0.00029843
-0.00037082
-0.00044175
-0.00051094
-0.0005781
-0.00064299
-0.00070534
-0.00076491
-0.00082146
-0.00087476
-0.00092462
-0.00097082
-0.0010132
-0.0010516
-0.0010858
-0.0011157
-0.0011413
-0.0011623
-0.0011787
-0.0011905
-0.0011976
-0.0012
-0.0011976
-0.0011905
-0.0011787
-0.0011623
-0.0011413
-0.0011157
-0.0010858
-0.0010516
-0.0010132
-0.00097082
-0.00092462
-0.00087476
-0.00082146
-0.00076491
-0.00070534
-0.00064299
-0.0005781
-0.00051094
-0.00044175
-0.00037082
-0.00029843
-0.00022486
-0.0001504
-7.5349e-05
-1.7638e-17
7.5349e-05
0.0001504
0.00022486
0.00029843
0.00037082
0.00044175
0.00051094
0.0005781
0.00064299
0.00070534
0.00076491
0.00082146
0.00087476
0.00092462
0.00097082
0.0010132
0.0010516
0.0010858
0.0011157
0.0011413
0.0011623
0.0011787
0.0011905
0.0011976
0.0012
0.0011976
0.0011905
0.0011787
0.0011623
0.0011413
0.0011157
0.0010858
0.0010516
0.0010132
0.00097082
0.00092462
0.00087476
0.00082146
0.00076491
0.00070534
0.00064299
0.0005781
0.00051094
0.00044175
0.00037082
0.00029843
0.00022486
0.0001504
7.5349e-05
3.0575e-17
-7.5349e-05
-0.0001504
-0.00022486
-0.00029843
-0.00037082
-0.00044175
-0.00051094
-0.0005781
-0.00064299
-0.00070534
-0.00076491
-0.00082146
-0.00087476
-0.00092462
-0.00097082
-0.0010132
-0.0010516
-0.0010858
-0.0011157
-0.0011413
-0.0011623
-0.0011787
-0.0011905
-0.0011976
-0.0012
-0.0011976
-0.0011905
-0.0011787
-0.0011623
-0.0011413
-0.0011157
-0.0010858
-0.0010516
-0.0010132
-0.00097082
-0.00092462
-0.00087476
-0.00082146
-0.00076491
-0.00070534
-0.00064299
-0.0005781
-0.00051094
-0.00044175
-0.00037082
-0.00029843
-0.00022486
-0.0001504
-7.5349e-05
-9.4053e-18
7.5349e-05
0.0001504
0.00022486
0.00029843
0.00037082
0.00044175
0.00051094
0.0005781
0.00064299
0.00070534
0.00076491
0.00082146
0.00087476
0.00092462
0.00097082
0.0010132
0.0010516
0.0010858
0.0011157
0.0011413
0.0011623
0.0011787
0.0011905
0.0011976
0.0012
0.0011976
0.0011905
0.0011787
0.0011623
0.0011413
0.0011157
0.0010858
0.0010516
0.0010132
0.00097082
0.00092462
0.00087476
0.00082146
0.00076491
0.00070534
0.00064299
0.0005781
0.00051094
0.00044175
0.00037082
0.00029843
0.00022486
0.0001504
7.5349e-05
2.2342e-17
-7.5349e-05
-0.0001504
-0.00022486
-0.00029843
-0.00037082
-0.00044175
-0.00051094
-0.0005781
-0.00064299
-0.00070534
-0.00076491
-0.00082146
-0.00087476
-0.00092462
-0.00097082
-0.0010132
-0.0010516
-0.0010858
-0.0011157
-0.0011413
-0.0011623
-0.0011787
-0.0011905
-0.0011976
-0.0012
-0.0011976
-0.0011905
-0.0011787
-0.0011623
-0.0011413
-0.0011157
-0.0010858
-0.0010516
-0.0010132
-0.00097082
-0.00092462
-0.00087476
-0.00082146
-0.00076491
-0.00070534
-0.00064299
-0.0005781
-0.00051094
-0.00044175
-0.00037082
-0.00029843
-0.00022486
-0.0001504
-7.5349e-05
-1.1727e-18
7.5349e-05
0.0001504
0.00022486
0.00029843
0.00037082
0.00044175
0.00051094
0.0005781
0.00064299
0.00070534
0.00076491
0.00082146
0.00087476
0.00092462
0.00097082
0.0010132
0.0010516
0.0010858
0.0011157
0.0011413
0.0011623
0.0011787
0.0011905
0.0011976
0.0012
0.0011976
0.0011905
0.0011787
0.0011623
0.0011413
0.0011157
0.0010858
0.0010516
0.0010132
0.00097082
0.00092462
0.00087476
0.00082146
0.00076491
0.00070534
0.00064299
0.0005781
0.00051094
0.00044175
0.00037082
0.00029843
0.00022486
0.0001504
7.5349e-05
1.4109e-17
-7.5349e-05
-0.0001504
-0.00022486
-0.00029843
-0.00037082
-0.00044175
-0.00051094
-0.0005781
-0.00064299
-0.00070534
-0.00076491
-0.00082146
-0.00087476
-0.00092462
-0.00097082
-0.0010132
-0.0010516
-0.0010858
-0.0011157
-0.0011413
-0.0011623
-0.0011787
-0.0011905
-0.0011976
-0.0012
-0.0011976
-0.0011905
-0.0011787
-0.0011623
-0.0011413
-0.0011157
-0.0010858
-0.0010516
-0.0010132
-0.00097082
-0.00092462
-0.00087476
-0.00082146
-0.00076491
-0.00070534
-0.00064299
-0.0005781
-0.00051094
-0.00044175
-0.00037082
-0.00029843
-0.00022486
-0.0001504
-7.5349e-05
-2.7046e-17
7.5349e-05
0.0001504
0.00022486
0.00029843
0.00037082
0.00044175
0.00051094
0.0005781
0.00064299
0.00070534
0.00076491
0.00082146
0.00087476
0.00092462
0.00097082
0.0010132
0.0010516
0.0010858
0.0011157
0.0011413
0.0011623
0.0011787
0.0011905
0.0011976
0.0012
0.0011976
0.0011905
0.0011787
0.0011623
0.0011413
0.0011157
0.0010858
0.0010516
0.0010132
0.00097082
0.00092462
0.00087476
0.00082146
0.00076491
0.00070534
0.00064299
0.0005781
0.00051094
0.00044175
0.00037082
0.00029843
0.00022486
0.0001504
7.5349e-05
5.8768e-18
-7.5349e-05
-0.0001504
-0.00022486
-0.00029843
-0.00037082
-0.00044175
-0.00051094
-0.0005781
-0.00064299
-0.00070534
-0.00076491
-0.00082146
-0.00087476
-0.00092462
-0.00097082
-0.0010132
-0.0010516
-0.0010858
-0.0011157
-0.0011413
-0.0011623
-0.0011787
-0.0011905
-0.0011976
-0.0012
-0.0011976
-0.0011905
-0.0011787
-0.0011623
-0.0011413
-0.0011157
-0.0010858
-0.0010516
-0.0010132
-0.00097082
-0.00092462
-0.00087476
-0.00082146
-0.00076491
-0.00070534
-0.00064299
-0.0005781
-0.00051094
-0.00044175
-0.00037082
-0.00029843
-0.00022486
-0.0001504
-7.5349e-05
-1.8814e-17
7.5349e-05
0.0001504
0.00022486
0.00029843
0.00037082
0.00044175
0.00051094
0.0005781
0.00064299
0.00070534
0.00076491
0.00082146
0.00087476
0.00092462
0.00097082
0.0010132
0.0010516
0.0010858
0.0011157
0.0011413
0.0011623
0.0011787
0.0011905
0.0011976
0.0012
0.0011976
0.0011905
0.0011787
0.0011623
0.0011413
0.0011157
0.0010858
0.0010516
0.0010132
0.00097082
0.00092462
0.00087476
0.00082146
0.00076491
0.00070534
0.00064299
0.0005781
0.00051094
0.00044175
0.00037082
0.00029843
0.00022486
0.0001504
7.5349e-05
-2.3558e-18
-7.5349e-05
-0.0001504
-0.00022486
-0.00029843
-0.00037082
-0.00044175
-0.00051094
-0.0005781
-0.00064299
-0.00070534
-0.00076491
-0.00082146
-0.00087476
-0.00092462
-0.00097082
-0.0010132
-0.0010516
-0.0010858
-0.0011157
-0.0011413
-0.0011623
-0.0011787
-0.0011905
-0.0011976
-0.0012
-0.0011976
-0.0011905
-0.0011787
-0.0011623
-0.0011413
-0.0011157
-0.0010858
-0.0010516
-0.0010132
-0.00097082
-0.00092462
-0.00087476
-0.00082146
-0.00076491
-0.00070534
-0.00064299
-0.0005781
-0.00051094
-0.00044175
-0.00037082
-0.00029843
-0.00022486
-0.0001504
-7.5349e-05
-1.0581e-17
7.5349e-05
0.0001504
0.00022486
0.00029843
0.00037082
0.00044175
0.00051094
0.0005781
0.00064299
0.00070534
0.00076491
0.00082146
0.00087476
0.00092462
0.00097082
0.0010132
0.0010516
0.0010858
0.0011157
0.0011413
0.0011623
0.0011787
0.0011905
0.0011976
0.0012
0.0011976
0.0011905
0.0011787
0.0011623
0.0011413
0.0011157
0.0010858
0.0010516
0.0010132
0.00097082
0.00092462
0.00087476
0.00082146
0.00076491
0.00070534
0.00064299
0.0005781
0.00051094
0.00044175
0.00037082
0.00029843
0.00022486
0.0001504
7.5349e-05
2.3518e-17
-7.5349e-05
-0.0001504
-0.00022486
-0.00029843
-0.00037082
-0.00044175
-0.00051094
-0.0005781
-0.00064299
-0.00070534
-0.00076491
-0.00082146
-0.00087476
-0.00092462
-0.00097082
-0.0010132
-0.0010516
-0.0010858
-0.0011157
-0.0011413
-0.0011623
-0.0011787
-0.0011905
-0.0011976
-0.0012
-0.0011976
-0.0011905
-0.0011787
-0.0011623
-0.0011413
-0.0011157
-0.0010858
-0.0010516
-0.0010132
-0.00097082
-0.00092462
-0.00087476
-0.00082146
-0.00076491
-0.00070534
-0.00064299
-0.0005781
-0.00051094
-0.00044175
-0.00037082
-0.00029843
-0.00022486
-0.0001504
-7.5349e-05
-2.3484e-18
7.5349e-05
0.0001504
0.00022486
0.00029843
0.00037082
0.00044175
0.00051094
0.0005781
0.00064299
0.00070534
0.00076491
0.00082146
0.00087476
0.00092462
0.00097082
0.0010132
0.0010516
0.0010858
0.0011157
0.0011413
0.0011623
0.0011787
0.0011905
0.0011976
0.0012
0.0011976
0.0011905
0.0011787
0.0011623
0.0011413
0.0011157
0.0010858
0.0010516
0.0010132
0.00097082
0.00092462
0.00087476
0.00082146
0.00076491
0.00070534
0.00064299
0.0005781
0.00051094
0.00044175
0.00037082
0.00029843
0.00022486
0.0001504
7.5349e-05
1.5285e-17
-7.5349e-05
-0.0001504
-0.00022486
-0.00029843
-0.00037082
-0.00044175
-0.00051094
-0.0005781
-0.00064299
-0.00070534
-0.00076491
-0.00082146
-0.00087476
-0.00092462
-0.00097082
-0.0010132
-0.0010516
-0.0010858
-0.0011157
-0.0011413
-0.0011623
-0.0011787
-0.0011905
-0.0011976
-0.0012
-0.0011976
-0.0011905
-0.0011787
-0.0011623
-0.0011413
-0.0011157
-0.0010858
-0.0010516
-0.0010132
-0.00097082
-0.00092462
-0.00087476
-0.00082146
-0.00076491
-0.00070534
-0.00064299
-0.0005781
-0.00051094
-0.00044175
-0.00037082
-0.00029843
-0.00022486
-0.0001504
-7.5349e-05
5.8842e-18
7.5349e-05
0.0001504
0.00022486
0.00029843
0.00037082
0.00044175
0.00051094
0.0005781
0.00064299
0.00070534
0.00076491
0.00082146
0.00087476
0.00092462
0.00097082
0.0010132
0.0010516
0.0010858
0.0011157
0.0011413
0.0011623
0.0011787
0.0011905
0.0011976
0.0012
0.0011976
0.0011905
0.0011787
0.0011623
0.0011413
0.0011157
0.0010858
0.0010516
0.0010132
0.00097082
0.00092462
0.00087476
0.00082146
0.00076491
0.00070534
0.00064299
0.0005781
0.00051094
0.00044175
0.00037082
0.00029843
0.00022486
0.0001504
7.5349e-05
7.0525e-18
-7.5349e-05
-0.0001504
-0.00022486
-0.00029843
-0.00037082
-0.00044175
-0.00051094
-0.0005781
-0.00064299
-0.00070534
-0.00076491
-0.00082146
-0.00087476
-0.00092462
-0.00097082
-0.0010132
-0.0010516
-0.0010858
-0.0011157
-0.0011413
-0.0011623
-0.0011787
-0.0011905
-0.0011976
-0.0012
-0.0011976
-0.0011905
-0.0011787
-0.0011623
-0.0011413
-0.0011157
-0.0010858
-0.0010516
-0.0010132
-0.00097082
-0.00092462
-0.00087476
-0.00082146
-0.00076491
-0.00070534
-0.00064299
-0.0005781
-0.00051094
-0.00044175
-0.00037082
-0.00029843
-0.00022486
-0.0001504
-7.5349e-05
-1.9989e-17
7.5349e-05
0.0001504
0.00022486
0.00029843
0.00037082
0.00044175
0.00051094
0.0005781
0.00064299
0.00070534
0.00076491
0.00082146
0.00087476
0.00092462
0.00097082
0.0010132
0.0010516
0.0010858
0.0011157
0.0011413
0.0011623
0.0011787
0.0011905
0.0011976
0.0012
0.0011976
0.0011905
0.0011787
0.0011623
0.0011413
0.0011157
0.0010858
0.0010516
0.0010132
0.00097082
0.00092462
0.00087476
0.00082146
0.00076491
0.00070534
0.00064299
0.0005781
0.00051094
0.00044175
0.00037082
0.00029843
0.00022486
0.0001504
7.5349e-05
-1.1801e-18
-7.5349e-05
-0.0001504
-0.00022486
-0.00029843
-0.00037082
-0.00044175
-0.00051094
-0.0005781
-0.00064299
-0.00070534
-0.00076491
-0.00082146
-0.00087476
-0.00092462
-0.00097082
-0.0010132
-0.0010516
-0.0010858
-0.0011157
-0.0011413
-0.0011623
-0.0011787
-0.0011905
-0.0011976
-0.0012
-0.0011976
-0.0011905
-0.0011787
-0.0011623
-0.0011413
-0.0011157
-0.0010858
-0.0010516
-0.0010132
-0.00097082
-0.00092462
-0.00087476
-0.00082146
-0.00076491
-0.00070534
-0.00064299
-0.0005781
-0.00051094
-0.00044175
-0.00037082
-0.00029843
-0.00022486
-0.0001504
-7.5349e-05
-1.1757e-17
7.5349e-05
0.0001504
0.00022486
0.00029843
0.00037082
0.00044175
0.00051094
0.0005781
0.00064299
0.00070534
0.00076491
0.00082146
0.00087476
0.00092462
0.00097082
0.0010132
0.0010516
0.0010858
0.0011157
0.0011413
0.0011623
0.0011787
0.0011905
0.0011976
0.0012
0.0011976
0.0011905
0.0011787
0.0011623
0.0011413
0.0011157
0.0010858
0.0010516
0.0010132
0.00097082
0.00092462
0.00087476
0.00082146
0.00076491
0.00070534
0.00064299
0.0005781
0.00051094
0.00044175
0.00037082
0.00029843
0.00022486
0.0001504
7.5349e-05
2.4693e-17
-7.5349e-05
-0.0001504
-0.00022486
-0.00029843
-0.00037082
-0.00044175
-0.00051094
-0.0005781
-0.00064299
-0.00070534
-0.00076491
-0.00082146
-0.00087476
-0.00092462
-0.00097082
-0.0010132
-0.0010516
-0.0010858
-0.0011157
-0.0011413
-0.0011623
-0.0011787
-0.0011905
-0.0011976
-0.0012
-0.0011976
-0.0011905
-0.0011787
-0.0011623
-0.0011413
-0.0011157
-0.0010858
-0.0010516
-0.0010132
-0.00097082
-0.00092462
-0.00087476
-0.00082146
-0.00076491
-0.00070534
-0.00064299
-0.0005781
-0.00051094
-0.00044175
-0.00037082
-0.00029843
-0.00022486
-0.0001504
-7.5349e-05
-3.763e-17
7.5349e-05
0.0001504
0.00022486
0.00029843
0.00037082
0.00044175
0.00051094
0.0005781
0.00064299
0.00070534
0.00076491
0.00082146
0.00087476
0.00092462
0.00097082
0.0010132
0.0010516
0.0010858
0.0011157
0.0011413
0.0011623
0.0011787
0.0011905
0.0011976
0.0012
0.0011976
0.0011905
0.0011787
0.0011623
0.0011413
0.0011157
0.0010858
0.0010516
0.0010132
0.00097082
0.00092462
0.00087476
0.00082146
0.00076491
0.00070534
0.00064299
0.0005781
0.00051094
0.00044175
0.00037082
0.00029843
0.00022486
0.0001504
7.5349e-05
-1.7645e-17
-7.5349e-05
-0.0001504
-0.00022486
-0.00029843
-0.00037082
-0.00044175
-0.00051094
-0.0005781
-0.00064299
-0.00070534
-0.00076491
-0.00082146
-0.00087476
-0.00092462
-0.00097082
-0.0010132
-0.0010516
-0.0010858
-0.0011157
-0.0011413
-0.0011623
-0.0011787
-0.0011905
-0.0011976
-0.0012
-0.0011976
-0.0011905
-0.0011787
-0.0011623
-0.0011413
-0.0011157
-0.0010858
-0.0010516
-0.0010132
-0.00097082
-0.00092462
-0.00087476
-0.00082146
-0.00076491
-0.00070534
-0.00064299
-0.0005781
-0.00051094
-0.00044175
-0.00037082
-0.00029843
-0.00022486
-0.0001504
-7.5349e-05
4.7086e-18
7.5349e-05
0.0001504
0.00022486
0.00029843
0.00037082
0.00044175
0.00051094
0.0005781
0.00064299
0.00070534
0.00076491
0.00082146
0.00087476
0.00092462
0.00097082
0.0010132
0.0010516
0.0010858
0.0011157
0.0011413
0.0011623
0.0011787
0.0011905
0.0011976
0.0012
0.0011976
0.0011905
0.0011787
0.0011623
0.0011413
0.0011157
0.0010858
0.0010516
0.0010132
0.00097082
0.00092462
0.00087476
0.00082146
0.00076491
0.00070534
0.00064299
0.0005781
0.00051094
0.00044175
0.00037082
0.00029843
0.00022486
0.0001504
7.5349e-05
8.2281e-18
-7.5349e-05
-0.0001504
-0.00022486
-0.00029843
-0.00037082
-0.00044175
-0.00051094
-0.0005781
-0.00064299
-0.00070534
-0.00076491
-0.00082146
-0.00087476
-0.00092462
-0.00097082
-0.0010132
-0.0010516
-0.0010858
-0.0011157
-0.0011413
-0.0011623
-0.0011787
-0.0011905
-0.0011976
-0.0012
-0.0011976
-0.0011905
-0.0011787
-0.0011623
-0.0011413
-0.0011157
-0.0010858
-0.0010516
-0.0010132
-0.00097082
-0.00092462
-0.00087476
-0.00082146
-0.00076491
-0.00070534
-0.00064299
-0.0005781
-0.00051094
-0.00044175
-0.00037082
-0.00029843
-0.00022486
-0.0001504
-7.5349e-05
-2.1165e-17
7.5349e-05
0.0001504
0.00022486
0.00029843
0.00037082
0.00044175
0.00051094
0.0005781
0.00064299
0.00070534
0.00076491
0.00082146
0.00087476
0.00092462
0.00097082
0.0010132
0.0010516
0.0010858
0.0011157
0.0011413
0.0011623
0.0011787
0.0011905
0.0011976
0.0012
0.0011976
0.0011905
0.0011787
0.0011623
0.0011413
0.0011157
0.0010858
0.0010516
0.0010132
0.00097082
0.00092462
0.00087476
0.00082146
0.00076491
0.00070534
0.00064299
0.0005781
0.00051094
0.00044175
0.00037082
0.00029843
0.00022486
0.0001504
7.5349e-05
-3.4111e-17
-7.5349e-05
-0.0001504
-0.00022486
-0.00029843
-0.00037082
-0.00044175
-0.00051094
-0.0005781
-0.00064299
-0.00070534
-0.00076491
-0.00082146
-0.00087476
-0.00092462
-0.00097082
-0.0010132
-0.0010516
-0.0010858
-0.0011157
-0.0011413
-0.0011623
-0.0011787
-0.0011905
-0.0011976
-0.0012
-0.0011976
-0.0011905
-0.0011787
-0.0011623
-0.0011413
-0.0011157
-0.0010858
-0.0010516
-0.0010132
-0.00097082
-0.00092462
-0.00087476
-0.00082146
-0.00076491
-0.00070534
-0.00064299
-0.0005781
-0.00051094
-0.00044175
-0.00037082
-0.00029843
-0.00022486
-0.0001504
-7.5349e-05
2.1174e-17
7.5349e-05
0.0001504
0.00022486
0.00029843
0.00037082
0.00044175
0.00051094
0.0005781
0.00064299
0.00070534
0.00076491
0.00082146
0.00087476
0.00092462
0.00097082
0.0010132
0.0010516
0.0010858
0.0011157
0.0011413
0.0011623
0.0011787
0.0011905
0.0011976
0.0012
0.0011976
0.0011905
0.0011787
0.0011623
0.0011413
0.0011157
0.0010858
0.0010516
0.0010132
0.00097082
0.00092462
0.00087476
0.00082146
0.00076491
0.00070534
0.00064299
0.0005781
0.00051094
0.00044175
0.00037082
0.00029843
0.00022486
0.0001504
7.5349e-05
-8.2371e-18
-7.5349e-05
-0.0001504
-0.00022486
-0.00029843
-0.00037082
-0.00044175
-0.00051094
-0.0005781
-0.00064299
-0.00070534
-0.00076491
-0.00082146
-0.00087476
-0.00092462
-0.00097082
-0.0010132
-0.0010516
-0.0010858
-0.0011157
-0.0011413
-0.0011623
-0.0011787
-0.0011905
-0.0011976
-0.0012
-0.0011976
-0.0011905
-0.0011787
-0.0011623
-0.0011413
-0.0011157
-0.0010858
-0.0010516
-0.0010132
-0.00097082
-0.00092462
-0.00087476
-0.00082146
-0.00076491
-0.00070534
-0.00064299
-0.0005781
-0.00051094
-0.00044175
-0.00037082
-0.00029843
-0.00022486
-0.0001504
-7.5349e-05
-4.6997e-18
7.5349e-05
0.0001504
0.00022486
0.00029843
0.00037082
0.00044175
0.00051094
0.0005781
0.00064299
0.00070534
0.00076491
0.00082146
0.00087476
0.00092462
0.00097082
0.0010132
0.0010516
0.0010858
0.0011157
0.0011413
0.0011623
0.0011787
0.0011905
0.0011976
0.0012
0.0011976
0.0011905
0.0011787
0.0011623
0.0011413
0.0011157
0.0010858
0.0010516
0.0010132
0.00097082
0.00092462
0.00087476
0.00082146
0.00076491
0.00070534
0.00064299
0.0005781
0.00051094
0.00044175
0.00037082
0.00029843
0.00022486
0.0001504
7.5349e-05
1.7636e-17
-7.5349e-05
-0.0001504
-0.00022486
-0.00029843
-0.00037082
-0.00044175
-0.00051094
-0.0005781
-0.00064299
-0.00070534
-0.00076491
-0.00082146
-0.00087476
-0.00092462
-0.00097082
-0.0010132
-0.0010516
-0.0010858
-0.0011157
-0.0011413
-0.0011623
-0.0011787
-0.0011905
-0.0011976
-0.0012
-0.0011976
-0.0011905
-0.0011787
-0.0011623
-0.0011413
-0.0011157
-0.0010858
-0.0010516
-0.0010132
-0.00097082
-0.00092462
-0.00087476
-0.00082146
-0.00076491
-0.00070534
-0.00064299
-0.0005781
-0.00051094
-0.00044175
-0.00037082
-0.00029843
-0.00022486
-0.0001504
-7.5349e-05
3.7639e-17
7.5349e-05
0.0001504
0.00022486
0.00029843
0.00037082
0.00044175
0.00051094
0.0005781
0.00064299
0.00070534
0.00076491
0.00082146
0.00087476
0.00092462
0.00097082
0.0010132
0.0010516
0.0010858
0.0011157
0.0011413
0.0011623
0.0011787
0.0011905
0.0011976
0.0012
0.0011976
0.0011905
0.0011787
0.0011623
0.0011413
0.0011157
0.0010858
0.0010516
0.0010132
0.00097082
0.00092462
0.00087476
0.00082146
0.00076491
0.00070534
0.00064299
0.0005781
0.00051094
0.00044175
0.00037082
0.00029843
0.00022486
0.0001504
7.5349e-05
-2.4702e-17
-7.5349e-05
-0.0001504
-0.00022486
-0.00029843
-0.00037082
-0.00044175
-0.00051094
-0.0005781
-0.00064299
-0.00070534
-0.00076491
-0.00082146
-0.00087476
-0.00092462
-0.00097082
-0.0010132
-0.0010516
-0.0010858
-0.0011157
-0.0011413
-0.0011623
-0.0011787
-0.0011905
-0.0011976
-0.0012
-0.0011976
-0.0011905
-0.0011787
-0.0011623
-0.0011413
-0.0011157
-0.0010858
-0.0010516
-0.0010132
-0.00097082
-0.00092462
-0.00087476
-0.00082146
-0.00076491
-0.00070534
-0.00064299
-0.0005781
-0.00051094
-0.00044175
-0.00037082
-0.00029843
-0.00022486
-0.0001504
-7.5349e-05
1.1766e-17
7.5349e-05
0.0001504
0.00022486
0.00029843
0.00037082
0.00044175
0.00051094
0.0005781
0.00064299
0.00070534
0.00076491
0.00082146
0.00087476
0.00092462
0.00097082
0.0010132
0.0010516
0.0010858
0.0011157
0.0011413
0.0011623
0.0011787
0.0011905
0.0011976
0.0012
0.0011976
0.0011905
0.0011787
0.0011623
0.0011413
0.0011157
0.0010858
0.0010516
0.0010132
0.00097082
0.00092462
0.00087476
0.00082146
0.00076491
0.00070534
0.00064299
0.0005781
0.00051094
0.00044175
0.00037082
0.00029843
0.00022486
0.0001504
7.5349e-05
1.1712e-18
-7.5349e-05
-0.0001504
-0.00022486
-0.00029843
-0.00037082
-0.00044175
-0.00051094
-0.0005781
-0.00064299
-0.00070534
-0.00076491
-0.00082146
-0.00087476
-0.00092462
-0.00097082
-0.0010132
-0.0010516
-0.0010858
-0.0011157
-0.0011413
-0.0011623
-0.0011787
-0.0011905
-0.0011976
-0.0012
-0.0011976
-0.0011905
-0.0011787
-0.0011623
-0.0011413
-0.0011157
-0.0010858
-0.0010516
-0.0010132
-0.00097082
-0.00092462
-0.00087476
-0.00082146
-0.00076491
-0.00070534
-0.00064299
-0.0005781
-0.00051094
-0.00044175
-0.00037082
-0.00029843
-0.00022486
-0.0001504
-7.5349e-05
-1.4108e-17
7.5349e-05
0.0001504
0.00022486
0.00029843
0.00037082
0.00044175
0.00051094
0.0005781
0.00064299
0.00070534
0.00076491
0.00082146
0.00087476
0.00092462
0.00097082
0.0010132
0.0010516
0.0010858
0.0011157
0.0011413
0.0011623
0.0011787
0.0011905
0.0011976
0.0012
0.0011976
0.0011905
0.0011787
0.0011623
0.0011413
0.0011157
0.0010858
0.0010516
0.0010132
0.00097082
0.00092462
0.00087476
0.00082146
0.00076491
0.00070534
0.00064299
0.0005781
0.00051094
0.00044175
0.00037082
0.00029843
0.00022486
0.0001504
7.5349e-05
-4.1167e-17
-7.5349e-05
-0.0001504
-0.00022486
-0.00029843
-0.00037082
-0.00044175
-0.00051094
-0.0005781
-0.00064299
-0.00070534
-0.00076491
-0.00082146
-0.00087476
-0.00092462
-0.00097082
-0.0010132
-0.0010516
-0.0010858
-0.0011157
-0.0011413
-0.0011623
-0.0011787
-0.0011905
-0.0011976
-0.0012
-0.0011976
-0.0011905
-0.0011787
-0.0011623
-0.0011413
-0.0011157
-0.0010858
-0.0010516
-0.0010132
-0.00097082
-0.00092462
-0.00087476
-0.00082146
-0.00076491
-0.00070534
-0.00064299
-0.0005781
-0.00051094
-0.00044175
-0.00037082
-0.00029843
-0.00022486
-0.0001504
-7.5349e-05
2.8231e-17
7.5349e-05
0.0001504
0.00022486
0.00029843
0.00037082
0.00044175
0.00051094
0.0005781
0.00064299
0.00070534
0.00076491
0.00082146
0.00087476
0.00092462
0.00097082
0.0010132
0.0010516
0.0010858
0.0011157
0.0011413
0.0011623
0.0011787
0.0011905
0.0011976
0.0012
0.0011976
0.0011905
0.0011787
0.0011623
0.0011413
0.0011157
0.0010858
0.0010516
0.0010132
0.00097082
0.00092462
0.00087476
0.00082146
0.00076491
0.00070534
0.00064299
0.0005781
0.00051094
0.00044175
0.00037082
0.00029843
0.00022486
0.0001504
7.5349e-05
-1.5294e-17
-7.5349e-05
-0.0001504
-0.00022486
-0.00029843
-0.00037082
-0.00044175
-0.00051094
-0.0005781
-0.00064299
-0.00070534
-0.00076491
-0.00082146
-0.00087476
-0.00092462
-0.00097082
-0.0010132
-0.0010516
-0.0010858
-0.0011157
-0.0011413
-0.0011623
-0.0011787
-0.0011905
-0.0011976
-0.0012
-0.0011976
-0.0011905
-0.0011787
-0.0011623
-0.0011413
-0.0011157
-0.0010858
-0.0010516
-0.0010132
-0.00097082
-0.00092462
-0.00087476
-0.00082146
-0.00076491
-0.00070534
-0.00064299
-0.0005781
-0.00051094
-0.00044175
-0.00037082
-0.00029843
-0.00022486
-0.0001504
-7.5349e-05
2.3573e-18
7.5349e-05
0.0001504
0.00022486
0.00029843
0.00037082
0.00044175
0.00051094
0.0005781
0.00064299
0.00070534
0.00076491
0.00082146
0.00087476
0.00092462
0.00097082
0.0010132
0.0010516
0.0010858
0.0011157
0.0011413
0.0011623
0.0011787
0.0011905
0.0011976
0.0012
0.0011976
0.0011905
0.0011787
0.0011623
0.0011413
0.0011157
0.0010858
0.0010516
0.0010132
0.00097082
0.00092462
0.00087476
0.00082146
0.00076491
0.00070534
0.00064299
0.0005781
0.00051094
0.00044175
0.00037082
0.00029843
0.00022486
0.0001504
7.5349e-05
1.0579e-17
-7.5349e-05
-0.0001504
-0.00022486
-0.00029843
-0.00037082
-0.00044175
-0.00051094
-0.0005781
-0.00064299
-0.00070534
-0.00076491
-0.00082146
-0.00087476
-0.00092462
-0.00097082
-0.0010132
-0.0010516
-0.0010858
-0.0011157
-0.0011413
-0.0011623
-0.0011787
-0.0011905
-0.0011976
-0.0012
-0.0011976
-0.0011905
-0.0011787
-0.0011623
-0.0011413
-0.0011157
-0.0010858
-0.0010516
-0.0010132
-0.00097082
-0.00092462
-0.00087476
-0.00082146
-0.00076491
-0.00070534
-0.00064299
-0.0005781
-0.00051094
-0.00044175
-0.00037082
-0.00029843
-0.00022486
-0.0001504
-7.5349e-05
-2.3516e-17
7.5349e-05
0.0001504
0.00022486
0.00029843
0.00037082
0.00044175
0.00051094
0.0005781
0.00064299
0.00070534
0.00076491
0.00082146
0.00087476
0.00092462
0.00097082
0.0010132
0.0010516
0.0010858
0.0011157
0.0011413
0.0011623
0.0011787
0.0011905
0.0011976
0.0012
0.0011976
0.0011905
0.0011787
0.0011623
0.0011413
0.0011157
0.0010858
0.0010516
0.0010132
0.00097082
0.00092462
0.00087476
0.00082146
0.00076491
0.00070534
0.00064299
0.0005781
0.00051094
0.00044175
0.00037082
0.00029843
0.00022486
0.0001504
7.5349e-05
3.6453e-17
-7.5349e-05
-0.0001504
-0.00022486
-0.00029843
-0.00037082
-0.00044175
-0.00051094
-0.0005781
-0.00064299
-0.00070534
-0.00076491
-0.00082146
-0.00087476
-0.00092462
-0.00097082
-0.0010132
-0.0010516
-0.0010858
-0.0011157
-0.0011413
-0.0011623
-0.0011787
-0.0011905
-0.0011976
-0.0012
-0.0011976
-0.0011905
-0.0011787
-0.0011623
-0.0011413
-0.0011157
-0.0010858
-0.0010516
-0.0010132
-0.00097082
-0.00092462
-0.00087476
-0.00082146
-0.00076491
-0.00070534
-0.00064299
-0.0005781
-0.00051094
-0.00044175
-0.00037082
-0.00029843
-0.00022486
-0.0001504
-7.5349e-05
1.8822e-17
7.5349e-05
0.0001504
0.00022486
0.00029843
0.00037082
0.00044175
0.00051094
0.0005781
0.00064299
0.00070534
0.00076491
0.00082146
0.00087476
0.00092462
0.00097082
0.0010132
0.0010516
0.0010858
0.0011157
0.0011413
0.0011623
0.0011787
0.0011905
0.0011976
0.0012
0.0011976
0.0011905
0.0011787
0.0011623
0.0011413
0.0011157
0.0010858
0.0010516
0.0010132
0.00097082
0.00092462
0.00087476
0.00082146
0.00076491
0.00070534
0.00064299
0.0005781
0.00051094
0.00044175
0.00037082
0.00029843
0.00022486
0.0001504
7.5349e-05
-5.8857e-18
-7.5349e-05
-0.0001504
-0.00022486
-0.00029843
-0.00037082
-0.00044175
-0.00051094
-0.0005781
-0.00064299
-0.00070534
-0.00076491
-0.00082146
-0.00087476
-0.00092462
-0.00097082
-0.0010132
-0.0010516
-0.0010858
-0.0011157
-0.0011413
-0.0011623
-0.0011787
-0.0011905
-0.0011976
-0.0012
-0.0011976
-0.0011905
-0.0011787
-0.0011623
-0.0011413
-0.0011157
-0.0010858
-0.0010516
-0.0010132
-0.00097082
-0.00092462
-0.00087476
-0.00082146
-0.00076491
-0.00070534
-0.00064299
-0.0005781
-0.00051094
-0.00044175
-0.00037082
-0.00029843
-0.00022486
-0.0001504
-7.5349e-05
-7.051e-18
7.5349e-05
0.0001504
0.00022486
0.00029843
0.00037082
0.00044175
0.00051094
0.0005781
0.00064299
0.00070534
0.00076491
0.00082146
0.00087476
0.00092462
0.00097082
0.0010132
0.0010516
0.0010858
0.0011157
0.0011413
0.0011623
0.0011787
0.0011905
0.0011976
0.0012
0.0011976
0.0011905
0.0011787
0.0011623
0.0011413
0.0011157
0.0010858
0.0010516
0.0010132
0.00097082
0.00092462
0.00087476
0.00082146
0.00076491
0.00070534
0.00064299
0.0005781
0.00051094
0.00044175
0.00037082
0.00029843
0.00022486
0.0001504
7.5349e-05
1.9988e-17
-7.5349e-05
-0.0001504
-0.00022486
-0.00029843
-0.00037082
-0.00044175
-0.00051094
-0.0005781
-0.00064299
-0.00070534
-0.00076491
-0.00082146
-0.00087476
-0.00092462
-0.00097082
-0.0010132
-0.0010516
-0.0010858
-0.0011157
-0.0011413
-0.0011623
-0.0011787
-0.0011905
-0.0011976
-0.0012
-0.0011976
-0.0011905
-0.0011787
-0.0011623
-0.0011413
-0.0011157
-0.0010858
-0.0010516
-0.0010132
-0.00097082
-0.00092462
-0.00087476
-0.00082146
-0.00076491
-0.00070534
-0.00064299
-0.0005781
-0.00051094
-0.00044175
-0.00037082
-0.00029843
-0.00022486
-0.0001504
-7.5349e-05
-3.2924e-17
7.5349e-05
0.0001504
0.00022486
0.00029843
0.00037082
0.00044175
0.00051094
0.0005781
0.00064299
0.00070534
0.00076491
0.00082146
0.00087476
0.00092462
0.00097082
0.0010132
0.0010516
0.0010858
0.0011157
0.0011413
0.0011623
0.0011787
0.0011905
0.0011976
0.0012
0.0011976
0.0011905
0.0011787
0.0011623
0.0011413
0.0011157
0.0010858
0.0010516
0.0010132
0.00097082
0.00092462
0.00087476
0.00082146
0.00076491
0.00070534
0.00064299
0.0005781
0.00051094
0.00044175
0.00037082
0.00029843
0.00022486
0.0001504
7.5349e-05
-2.2351e-17
-7.5349e-05
-0.0001504
-0.00022486
-0.00029843
-0.00037082
-0.00044175
-0.00051094
-0.0005781
-0.00064299
-0.00070534
-0.00076491
-0.00082146
-0.00087476
-0.00092462
-0.00097082
-0.0010132
-0.0010516
-0.0010858
-0.0011157
-0.0011413
-0.0011623
-0.0011787
-0.0011905
-0.0011976
-0.0012
-0.0011976
-0.0011905
-0.0011787
-0.0011623
-0.0011413
-0.0011157
-0.0010858
-0.0010516
-0.0010132
-0.00097082
-0.00092462
-0.00087476
-0.00082146
-0.00076491
-0.00070534
-0.00064299
-0.0005781
-0.00051094
-0.00044175
-0.00037082
-0.00029843
-0.00022486
-0.0001504
-7.5349e-05
9.4142e-18
7.5349e-05
0.0001504
0.00022486
0.00029843
0.00037082
0.00044175
0.00051094
0.0005781
0.00064299
0.00070534
0.00076491
0.00082146
0.00087476
0.00092462
0.00097082
0.0010132
0.0010516
0.0010858
0.0011157
0.0011413
0.0011623
0.0011787
0.0011905
0.0011976
0.0012
0.0011976
0.0011905
0.0011787
0.0011623
0.0011413
0.0011157
0.0010858
0.0010516
0.0010132
0.00097082
0.00092462
0.00087476
0.00082146
0.00076491
0.00070534
0.00064299
0.0005781
0.00051094
0.00044175
0.00037082
0.00029843
0.00022486
0.0001504
7.5349e-05
3.5225e-18
-7.5349e-05
-0.0001504
-0.00022486
-0.00029843
-0.00037082
-0.00044175
-0.00051094
-0.0005781
-0.00064299
-0.00070534
-0.00076491
-0.00082146
-0.00087476
-0.00092462
-0.00097082
-0.0010132
-0.0010516
-0.0010858
-0.0011157
-0.0011413
-0.0011623
-0.0011787
-0.0011905
-0.0011976
-0.0012
-0.0011976
-0.0011905
-0.0011787
-0.0011623
-0.0011413
-0.0011157
-0.0010858
-0.0010516
-0.0010132
-0.00097082
-0.00092462
-0.00087476
-0.00082146
-0.00076491
-0.00070534
-0.00064299
-0.0005781
-0.00051094
-0.00044175
-0.00037082
-0.00029843
-0.00022486
-0.0001504
-7.5349e-05
-1.6459e-17
7.5349e-05
0.0001504
0.00022486
0.00029843
0.00037082
0.00044175
0.00051094
0.0005781
0.00064299
0.00070534
0.00076491
0.00082146
0.00087476
0.00092462
0.00097082
0.0010132
0.0010516
0.0010858
0.0011157
0.0011413
0.0011623
0.0011787
0.0011905
0.0011976
0.0012
0.0011976
0.0011905
0.0011787
0.0011623
0.0011413
0.0011157
0.0010858
0.0010516
0.0010132
0.00097082
0.00092462
0.00087476
0.00082146
0.00076491
0.00070534
0.00064299
0.0005781
0.00051094
0.00044175
0.00037082
0.00029843
0.00022486
0.0001504
7.5349e-05
2.9396e-17
-7.5349e-05
-0.0001504
-0.00022486
-0.00029843
-0.00037082
-0.00044175
-0.00051094
-0.0005781
-0.00064299
-0.00070534
-0.00076491
-0.00082146
-0.00087476
-0.00092462
-0.00097082
-0.0010132
-0.0010516
-0.0010858
-0.0011157
-0.0011413
-0.0011623
-0.0011787
-0.0011905
-0.0011976
-0.0012
-0.0011976
-0.0011905
-0.0011787
-0.0011623
-0.0011413
-0.0011157
-0.0010858
-0.0010516
-0.0010132
-0.00097082
-0.00092462
-0.00087476
-0.00082146
-0.00076491
-0.00070534
-0.00064299
-0.0005781
-0.00051094
-0.00044175
-0.00037082
-0.00029843
-0.00022486
-0.0001504
-7.5349e-05
2.5879e-17
7.5349e-05
0.0001504
0.00022486
0.00029843
0.00037082
0.00044175
0.00051094
0.0005781
0.00064299
0.00070534
0.00076491
0.00082146
0.00087476
0.00092462
0.00097082
0.0010132
0.0010516
0.0010858
0.0011157
0.0011413
0.0011623
0.0011787
0.0011905
0.0011976
0.0012
0.0011976
0.0011905
0.0011787
0.0011623
0.0011413
0.0011157
0.0010858
0.0010516
0.0010132
0.00097082
0.00092462
0.00087476
0.00082146
0.00076491
0.00070534
0.00064299
0.0005781
0.00051094
0.00044175
0.00037082
0.00029843
0.00022486
0.0001504
7.5349e-05
-1.2943e-17
-7.5349e-05
-0.0001504
-0.00022486
-0.00029843
-0.00037082
-0.00044175
-0.00051094
-0.0005781
-0.00064299
-0.00070534
-0.00076491
-0.00082146
-0.00087476
-0.00092462
-0.00097082
-0.0010132
-0.0010516
-0.0010858
-0.0011157
-0.0011413
-0.0011623
-0.0011787
-0.0011905
-0.0011976
-0.0012
-0.0011976
-0.0011905
-0.0011787
-0.0011623
-0.0011413
-0.0011157
-0.0010858
-0.0010516
-0.0010132
-0.00097082
-0.00092462
-0.00087476
-0.00082146
-0.00076491
-0.00070534
-0.00064299
-0.0005781
-0.00051094
-0.00044175
-0.00037082
-0.00029843
-0.00022486
-0.0001504
-7.5349e-05
5.9363e-21
7.5198e-05
0.00014995
0.00022396
0.00029694
0.0003686
0.00043866
0.00050685
0.0005729
0.00063656
0.00069758
0.00075573
0.00081078
0.00086252
0.00091075
0.00095529
0.00099597
0.0010326
0.0010652
0.0010934
0.0011173
0.0011367
0.0011516
0.001162
0.0011677
0.0011688
0.0011653
0.0011572
0.0011446
0.0011274
0.0011059
0.00108
0.00105
0.0010158
0.00097773
0.00093587
0.00089041
0.00084152
0.00078942
0.00073431
0.00067642
0.00061599
0.00055325
0.00048845
0.00042187
0.00035376
0.0002844
0.00021406
0.00014303
7.1581e-05
1.2271e-17
-7.143e-05
-0.00014243
-0.00021272
-0.00028201
-0.00035005
-0.00041657
-0.0004813
-0.000544
-0.00060441
-0.00066232
-0.00071748
-0.0007697
-0.00081878
-0.00086452
-0.00090675
-0.00094531
-0.00098006
-0.0010109
-0.0010376
-0.0010602
-0.0010786
-0.0010927
-0.0011024
-0.0011078
-0.0011088
-0.0011054
-0.0010977
-0.0010856
-0.0010693
-0.0010488
-0.0010242
-0.00099567
-0.00096324
-0.00092707
-0.00088733
-0.00084417
-0.00079778
-0.00074835
-0.00069607
-0.00064116
-0.00058384
-0.00052434
-0.00046291
-0.00039978
-0.00033522
-0.00026948
-0.00020282
-0.00013551
-6.7814e-05
3.8068e-17
6.7663e-05
0.00013491
0.00020147
0.00026709
0.00033151
0.00039448
0.00045575
0.00051509
0.00057226
0.00062705
0.00067924
0.00072863
0.00077504
0.00081829
0.00085821
0.00089465
0.00092748
0.00095658
0.00098184
0.0010032
0.0010205
0.0010338
0.0010429
0.0010479
0.0010488
0.0010455
0.0010381
0.0010267
0.0010112
0.00099176
0.00096846
0.00094138
0.00091066
0.00087641
0.00083879
0.00079794
0.00075405
0.00070727
0.00065782
0.00060589
0.00055169
0.00049544
0.00043736
0.0003777
0.00031668
0.00025456
0.00019158
0.00012799
6.4046e-05
-2.4967e-17
-6.3896e-05
-0.00012739
-0.00019023
-0.00025217
-0.00031297
-0.00037239
-0.00043021
-0.00048619
-0.00054011
-0.00059178
-0.00064099
-0.00068756
-0.0007313
-0.00077205
-0.00080966
-0.00084399
-0.0008749
-0.00090229
-0.00092606
-0.00094611
-0.00096238
-0.00097482
-0.00098338
-0.00098805
-0.0009888
-0.00098565
-0.00097862
-0.00096775
-0.00095309
-0.0009347
-0.00091267
-0.00088709
-0.00085808
-0.00082575
-0.00079025
-0.00075171
-0.00071031
-0.0006662
-0.00061958
-0.00057062
-0.00051954
-0.00046653
-0.00041181
-0.00035561
-0.00029814
-0.00023964
-0.00018034
-0.00012047
-6.0279e-05
-4.1341e-17
6.0128e-05
0.00011987
0.00017899
0.00023725
0.00029443
0.00035031
0.00040466
0.00045728
0.00050796
0.00055652
0.00060275
0.00064649
0.00068756
0.00072582
0.00076112
0.00079333
0.00082233
0.000848
0.00087027
0.00088905
0.00090427
0.00091588
0.00092386
0.00092816
0.0009288
0.00092577
0.0009191
0.00090881
0.00089497
0.00087763
0.00085688
0.0008328
0.0008055
0.00077509
0.00074171
0.00070548
0.00066657
0.00062513
0.00058133
0.00053535
0.00048739
0.00043763
0.00038627
0.00033352
0.0002796
0.00022472
0.00016909
0.00011295
5.6511e-05
4.8444e-17
-5.6361e-05
-0.00011235
-0.00016774
-0.00022233
-0.00027589
-0.00032822
-0.00037911
-0.00042838
-0.00047581
-0.00052125
-0.0005645
-0.00060541
-0.00064383
-0.00067959
-0.00071258
-0.00074267
-0.00076975
-0.00079371
-0.00081448
-0.00083198
-0.00084615
-0.00085695
-0.00086433
-0.00086828
-0.0008688
-0.00086589
-0.00085957
-0.00084987
-0.00083686
-0.00082057
-0.0008011
-0.00077851
-0.00075292
-0.00072443
-0.00069317
-0.00065925
-0.00062283
-0.00058406
-0.00054309
-0.00050009
-0.00045524
-0.00040872
-0.00036072
-0.00031143
-0.00026106
-0.00020979
-0.00015785
-0.00010543
-5.2744e-05
-5.4252e-17
5.2593e-05
0.00010483
0.0001565
0.00020741
0.00025735
0.00030613
0.00035357
0.00039947
0.00044366
0.00048598
0.00052626
0.00056434
0.00060009
0.00063336
0.00066404
0.00069201
0.00071717
0.00073942
0.0007587
0.00077492
0.00078804
0.00079801
0.0008048
0.0008084
0.0008088
0.00080601
0.00080004
0.00079094
0.00077874
0.00076351
0.00074531
0.00072422
0.00070034
0.00067377
0.00064462
0.00061302
0.00057909
0.00054298
0.00050484
0.00046482
0.00042309
0.00037981
0.00033517
0.00028935
0.00024252
0.00019487
0.00014661
9.791e-05
4.8977e-05
1.4498e-17
-4.8826e-05
-9.7309e-05
-0.00014526
-0.00019249
-0.00023881
-0.00028404
-0.00032802
-0.00037056
-0.00041151
-0.00045071
-0.00048801
-0.00052327
-0.00055635
-0.00058713
-0.0006155
-0.00064135
-0.00066459
-0.00068514
-0.00070291
-0.00071786
-0.00072992
-0.00073907
-0.00074528
-0.00074852
-0.0007488
-0.00074612
-0.00074051
-0.000732
-0.00072063
-0.00070644
-0.00068952
-0.00066993
-0.00064777
-0.00062311
-0.00059608
-0.00056679
-0.00053535
-0.00050191
-0.00046659
-0.00042955
-0.00039094
-0.00035091
-0.00030963
-0.00026726
-0.00022398
-0.00017995
-0.00013536
-9.039e-05
-4.5209e-05
-6.1989e-17
4.5058e-05
8.9789e-05
0.00013402
0.00017756
0.00022027
0.00026196
0.00030247
0.00034166
0.00037937
0.00041545
0.00044977
0.00048219
0.00051261
0.0005409
0.00056696
0.00059069
0.00061201
0.00063085
0.00064712
0.00066079
0.00067181
0.00068014
0.00068575
0.00068864
0.0006888
0.00068624
0.00068099
0.00067306
0.00066251
0.00064938
0.00063374
0.00061564
0.00059519
0.00057245
0.00054754
0.00052056
0.00049162
0.00046084
0.00042835
0.00039429
0.00035879
0.000322
0.00028408
0.00024517
0.00020543
0.00016503
0.00012412
8.287e-05
4.1442e-05
2.6469e-17
-4.1291e-05
-8.2269e-05
-0.00012277
-0.00016264
-0.00020173
-0.00023987
-0.00027693
-0.00031275
-0.00034722
-0.00038018
-0.00041152
-0.00044112
-0.00046887
-0.00049467
-0.00051842
-0.00054003
-0.00055943
-0.00057656
-0.00059134
-0.00060373
-0.00061369
-0.0006212
-0.00062622
-0.00062876
-0.0006288
-0.00062636
-0.00062146
-0.00061413
-0.0006044
-0.00059232
-0.00057795
-0.00056135
-0.00054261
-0.00052179
-0.000499
-0.00047433
-0.00044788
-0.00041976
-0.0003901
-0.00035902
-0.00032664
-0.0002931
-0.00025853
-0.00022308
-0.00018689
-0.00015011
-0.00011288
-7.535e-05
-3.7674e-05
-3.0513e-17
3.7524e-05
7.4749e-05
0.00011153
0.00014772
0.00018319
0.00021778
0.00025138
0.00028385
0.00031507
0.00034491
0.00037328
0.00040005
0.00042513
0.00044844
0.00046988
0.00048937
0.00050686
0.00052227
0.00053555
0.00054667
0.00055558
0.00056226
0.0005667
0.00056888
0.0005688
0.00056648
0.00056193
0.00055519
0.00054628
0.00053525
0.00052216
0.00050707
0.00049003
0.00047113
0.00045046
0.0004281
0.00040414
0.00037869
0.00035186
0.00032375
0.00029449
0.00026419
0.00023299
0.000201
0.00016835
0.00013519
0.00010164
6.783e-05
3.3907e-05
3.3265e-17
-3.3756e-05
-6.7229e-05
-0.00010029
-0.0001328
-0.00016464
-0.0001957
-0.00022583
-0.00025494
-0.00028292
-0.00030965
-0.00033503
-0.00035898
-0.0003814
-0.00040221
-0.00042134
-0.00043871
-0.00045428
-0.00046798
-0.00047976
-0.0004896
-0.00049746
-0.00050332
-0.00050717
-0.00050899
-0.0005088
-0.0005066
-0.00050241
-0.00049625
-0.00048817
-0.00047819
-0.00046638
-0.00045278
-0.00043745
-0.00042048
-0.00040192
-0.00038187
-0.0003604
-0.00033762
-0.00031361
-0.00028849
-0.00026234
-0.00023529
-0.00020744
-0.00017891
-0.00014981
-0.00012027
-9.0393e-05
-6.031e-05
-3.0139e-05
-7.5054e-18
2.9989e-05
5.9709e-05
8.9044e-05
0.00011788
0.0001461
0.00017361
0.00020029
0.00022604
0.00025077
0.00027438
0.00029678
0.0003179
0.00033766
0.00035598
0.0003728
0.00038805
0.0004017
0.00041369
0.00042398
0.00043254
0.00043935
0.00044439
0.00044764
0.00044911
0.0004488
0.00044672
0.00044288
0.00043731
0.00043005
0.00042113
0.00041059
0.00039849
0.00038487
0.00036982
0.00035338
0.00033564
0.00031666
0.00029655
0.00027537
0.00025322
0.00023019
0.00020638
0.00018189
0.00015682
0.00013127
0.00010535
7.915e-05
5.279e-05
2.6372e-05
3.4886e-17
-2.6221e-05
-5.2189e-05
-7.7801e-05
-0.00010296
-0.00012756
-0.00015152
-0.00017474
-0.00019713
-0.00021862
-0.00023911
-0.00025854
-0.00027683
-0.00029392
-0.00030975
-0.00032425
-0.00033739
-0.00034912
-0.0003594
-0.00036819
-0.00037548
-0.00038123
-0.00038545
-0.00038812
-0.00038923
-0.0003888
-0.00038684
-0.00038335
-0.00037838
-0.00037194
-0.00036406
-0.0003548
-0.0003442
-0.0003323
-0.00031916
-0.00030484
-0.0002894
-0.00027293
-0.00025547
-0.00023712
-0.00021795
-0.00019804
-0.00017748
-0.00015635
-0.00013473
-0.00011273
-9.0424e-05
-6.7907e-05
-4.527e-05
-2.2605e-05
-1.3361e-17
2.2454e-05
4.4669e-05
6.6558e-05
8.8036e-05
0.00010902
0.00012943
0.00014919
0.00016823
0.00018647
0.00020384
0.00022029
0.00023576
0.00025018
0.00026352
0.00027571
0.00028673
0.00029654
0.00030511
0.0003124
0.00031841
0.00032312
0.00032651
0.00032859
0.00032935
0.0003288
0.00032695
0.00032383
0.00031944
0.00031382
0.000307
0.00029902
0.00028991
0.00027972
0.0002685
0.0002563
0.00024317
0.00022919
0.0002144
0.00019888
0.00018268
0.00016589
0.00014857
0.0001308
0.00011265
9.4188e-05
7.5502e-05
5.6664e-05
3.775e-05
1.8837e-05
1.4348e-17
-1.8686e-05
-3.7149e-05
-5.5315e-05
-7.3115e-05
-9.048e-05
-0.00010735
-0.00012365
-0.00013932
-0.00015432
-0.00016858
-0.00018205
-0.00019469
-0.00020644
-0.00021728
-0.00022717
-0.00023607
-0.00024396
-0.00025082
-0.00025662
-0.00026135
-0.000265
-0.00026758
-0.00026906
-0.00026947
-0.0002688
-0.00026707
-0.0002643
-0.0002605
-0.00025571
-0.00024994
-0.00024323
-0.00023562
-0.00022714
-0.00021784
-0.00020776
-0.00019694
-0.00018545
-0.00017333
-0.00016063
-0.00014742
-0.00013374
-0.00011967
-0.00010525
-9.0559e-05
-7.5647e-05
-6.0581e-05
-4.5421e-05
-3.023e-05
-1.507e-05
-1.4041e-17
1.4919e-05
2.9629e-05
4.4072e-05
5.8193e-05
7.1939e-05
8.5258e-05
9.81e-05
0.00011042
0.00012217
0.00013331
0.0001438
0.00015361
0.00016271
0.00017105
0.00017863
0.00018541
0.00019139
0.00019653
0.00020083
0.00020429
0.00020689
0.00020864
0.00020953
0.00020959
0.0002088
0.00020719
0.00020477
0.00020157
0.00019759
0.00019287
0.00018744
0.00018133
0.00017456
0.00016718
0.00015921
0.00015071
0.00014171
0.00013225
0.00012239
0.00011215
0.00010159
9.0762e-05
7.9706e-05
6.8471e-05
5.7106e-05
4.5659e-05
3.4178e-05
2.271e-05
1.1302e-05
2.277e-18
-1.1152e-05
-2.2109e-05
-3.2829e-05
-4.3272e-05
-5.3398e-05
-6.317e-05
-7.2553e-05
-8.1513e-05
-9.0019e-05
-9.8043e-05
-0.00010556
-0.00011254
-0.00011897
-0.00012482
-0.00013009
-0.00013475
-0.00013881
-0.00014224
-0.00014505
-0.00014722
-0.00014877
-0.0001497
-0.00015001
-0.0001497
-0.0001488
-0.00014731
-0.00014525
-0.00014263
-0.00013948
-0.00013581
-0.00013166
-0.00012704
-0.00012198
-0.00011652
-0.00011067
-0.00010448
-9.7973e-05
-9.1182e-05
-8.414e-05
-7.6882e-05
-6.9443e-05
-6.1857e-05
-5.4159e-05
-4.6384e-05
-3.8565e-05
-3.0738e-05
-2.2935e-05
-1.519e-05
-7.5349e-06
-9.5467e-18
7.3842e-06
1.4589e-05
2.1586e-05
2.8351e-05
3.4857e-05
4.1083e-05
4.7006e-05
5.2608e-05
5.7869e-05
6.2775e-05
6.7312e-05
7.1467e-05
7.523e-05
7.8592e-05
8.1549e-05
8.4095e-05
8.6229e-05
8.7949e-05
8.9259e-05
9.016e-05
9.0659e-05
9.0763e-05
9.0481e-05
8.9822e-05
8.88e-05
8.7427e-05
8.5719e-05
8.3691e-05
8.1361e-05
7.8747e-05
7.587e-05
7.2748e-05
6.9403e-05
6.5858e-05
6.2133e-05
5.8251e-05
5.4235e-05
5.0109e-05
4.5895e-05
4.1615e-05
3.7294e-05
3.2952e-05
2.8612e-05
2.4296e-05
2.0024e-05
1.5817e-05
1.1693e-05
7.6704e-06
3.7674e-06
2.0166e-18
-3.6167e-06
-7.0688e-06
-1.0343e-05
-1.3429e-05
-1.6316e-05
-1.8995e-05
-2.1459e-05
-2.3702e-05
-2.572e-05
-2.7508e-05
-2.9067e-05
-3.0394e-05
-3.1491e-05
-3.2362e-05
-3.3008e-05
-3.3435e-05
-3.365e-05
-3.366e-05
-3.3472e-05
-3.3097e-05
-3.2544e-05
-3.1826e-05
-3.0954e-05
-2.9941e-05
-2.88e-05
-2.7546e-05
-2.6192e-05
-2.4754e-05
-2.3246e-05
-2.1684e-05
-2.0083e-05
-1.8458e-05
-1.6825e-05
-1.5198e-05
-1.3591e-05
-1.202e-05
-1.0497e-05
-9.036e-06
-7.6491e-06
-6.3481e-06
-5.1439e-06
-4.0467e-06
-3.0656e-06
-2.2087e-06
-1.4833e-06
-8.9528e-07
-4.4972e-07
-1.504e-07
-0
-0
0
0
0
0
0
0
0
0
0
0
0
0
0
0
0
0
0
0
0
0
0
0
0
0
0
0
0
0
0
0
0
0
0
0
0
0
0
0
0
0
0
0
0
0
0
0
0
0
0
0
-0
-0
-0
-0
-0
-0
-0
-0
-0
-0
-0
-0
-0
-0
-0
-0
-0
-0
-0
-0
-0
-0
-0
-0
-0
-0
-0
-0
-0
-0
-0
-0
-0
-0
-0
-0
-0
-0
-0
-0
-0
-0
-0
-0
-0
-0
-0
-0
-0
-0
0
0
0
0
0
0
0
0
0
0
0
0
0
0
0
0
0
0
0
0
0
0
0
0
0
0
0
0
0
0
0
0
0
0
0
0
0
0
0
0
0
0
0
0
0
0
0
0
0
0
-0
-0
-0
-0
-0
-0
-0
-0
-0
-0
-0
-0
-0
-0
-0
-0
-0
-0
-0
-0
-0
-0
-0
-0
-0
-0
-0
-0
-0
-0
-0
-0
-0
-0
-0
-0
-0
-0
-0
-0
-0
-0
-0
-0
-0
-0
-0
-0
-0
-0
0
0
0
0
0
0
0
0
0
0
0
0
0
0
0
0
0
0
0
0
0
0
0
0
0
0
0
0
0
0
0
0
0
0
0
0
0
0
0
0
0
0
0
0
0
0
0
0
0
0
-0
-0
-0
-0
-0
-0
-0
-0
-0
-0
-0
-0
-0
-0
-0
-0
-0
-0
-0
-0
-0
-0
-0
-0
-0
-0
-0
-0
-0
-0
-0
-0
-0
-0
-0
-0
-0
-0
-0
-0
-0
-0
-0
-0
-0
-0
-0
-0
-0
-0
0
0
0
0
0
0
0
0
0
0
0
0
0
0
0
0
0
0
0
0
0
0
0
0
0
0
0
0
0
0
0
0
0
0
0
0
0
0
0
0
0
0
0
0
0
0
0
0
0
0
-0
-0
-0
-0
-0
-0
-0
-0
-0
-0
-0
-0
-0
-0
-0
-0
-0
-0
-0
-0
-0
-0
-0
-0
-0
-0
-0
-0
-0
-0
-0
-0
-0
-0
-0
-0
-0
-0
-0
-0
-0
-0
-0
-0
-0
-0
-0
-0
-0
-0
0
0
0
0
0
0
0
0
0
0
0
0
0
0
0
0
0
0
0
0
0
0
0
0
0
0
0
0
0
0
0
0
0
0
0
0
0
0
0
0
0
0
0
0
0
0
0
0
0
0
-0
-0
-0
-0
-0
-0
-0
-0
-0
-0
-0
-0
-0
-0
-0
-0
-0
-0
-0
-0
-0
-0
-0
-0
-0
-0
-0
-0
-0
-0
-0
-0
-0
-0
-0
-0
-0
-0
-0
-0
-0
-0
-0
-0
-0
-0
-0
-0
-0
-0
0
0
0
0
0
0
0
0
0
0
0
0
0
0
0
0
0
0
0
0
0
0
0
0
0
0
0
0
0
0
0
0
0
0
0
0
0
0
0
0
0
0
0
0
0
0
0
0
0
0
-0
-0
-0
-0
-0
-0
-0
-0
-0
-0
-0
-0
-0
-0
-0
-0
-0
-0
-0
-0
-0
-0
-0
-0
-0
-0
-0
-0
-0
-0
-0
-0
-0
-0
-0
-0
-0
-0
-0
-0
-0
-0
-0
-0
-0
-0
-0
-0
-0
-0
0
0
0
0
0
0
0
0
0
0
0
0
0
0
0
0
0
0
0
0
0
0
0
0
0
0
0
0
0
0
0
0
0
0
0
0
0
0
0
0
0
0
0
0
0
0
0
0
0
0
-0
-0
-0
-0
-0
-0
-0
-0
-0
-0
-0
-0
-0
-0
-0
-0
-0
-0
-0
-0
-0
-0
-0
-0
-0
-0
-0
-0
-0
-0
-0
-0
-0
-0
-0
-0
-0
-0
-0
-0
-0
-0
-0
-0
-0
-0
-0
-0
-0
-0
0
0
0
0
0
0
0
0
0
0
0
0
0
0
0
0
0
0
0
0
0
0
0
0
0
0
0
0
0
0
0
0
0
0
0
0
0
0
0
0
0
0
0
0
0
0
0
0
0
0
-0
-0
-0
-0
-0
-0
-0
-0
-0
-0
-0
-0
-0
-0
-0
-0
-0
-0
-0
-0
-0
-0
-0
-0
-0
-0
-0
-0
-0
-0
-0
-0
-0
-0
-0
-0
-0
-0
-0
-0
-0
-0
-0
-0
-0
-0
-0
-0
-0
-0
0
0
0
0
0
0
0
0
0
0
0
0
0
0
0
0
0
0
0
0
0
0
0
0
0
0
0
0
0
0
0
0
0
0
0
0
0
0
0
0
0
0
0
0
0
0
0
0
0
0
-0
-0
-0
-0
-0
-0
-0
-0
-0
-0
-0
-0
-0
-0
-0
-0
-0
-0
-0
-0
-0
-0
-0
-0
-0
-0
-0
-0
-0
-0
-0
-0
-0
-0
-0
-0
-0
-0
-0
-0
-0
-0
-0
-0
-0
-0
-0
-0
-0
-0
0
0
0
0
0
0
0
0
0
0
0
0
0
0
0
0
0
0
0
0
0
0
0
0
0
0
0
0
0
0
0
0
0
0
0
0
0
0
0
0
0
0
0
0
0
0
0
0
0
0
-0
-0
-0
-0
-0
-0
-0
-0
-0
-0
-0
-0
-0
-0
-0
-0
-0
-0
-0
-0
-0
-0
-0
-0
-0
-0
-0
-0
-0
-0
-0
-0
-0
-0
-0
-0
-0
-0
-0
-0
-0
-0
-0
-0
-0
-0
-0
-0
-0
-0
0
0
0
0
0
0
0
0
0
0
0
0
0
0
0
0
0
0
0
0
0
0
0
0
0
0
0
0
0
0
0
0
0
0
0
0
0
0
0
0
0
0
0
0
0
0
0
0
0
0
-0
-0
-0
-0
-0
-0
-0
-0
-0
-0
-0
-0
-0
-0
-0
-0
-0
-0
-0
-0
-0
-0
-0
-0
-0
-0
-0
-0
-0
-0
-0
-0
-0
-0
-0
-0
-0
-0
-0
-0
-0
-0
-0
-0
-0
-0
-0
-0
-0
0
0
0
0
0
0
0
0
0
0
0
0
0
0
0
0
0
0
0
0
0
0
0
0
0
0
0
0
0
0
0
0
0
0
0
0
0
0
0
0
0
0
0
0
0
0
0
0
0
0
0
-0
-0
-0
-0
-0
-0
-0
-0
-0
-0
-0
-0
-0
-0
-0
-0
-0
-0
-0
-0
-0
-0
-0
-0
-0
-0
-0
-0
-0
-0
-0
-0
-0
-0
-0
-0
-0
-0
-0
-0
-0
-0
-0
-0
-0
-0
-0
-0
-0
-0
0
0
0
0
0
0
0
0
0
0
0
0
0
0
0
0
0
0
0
0
0
0
0
0
0
0
0
0
0
0
0
0
0
0
0
0
0
0
0
0
0
0
0
0
0
0
0
0
0
-0
-0
-0
-0
-0
-0
-0
-0
-0
-0
-0
-0
-0
-0
-0
-0
-0
-0
-0
-0
-0
-0
-0
-0
-0
-0
-0
-0
-0
-0
-0
-0
-0
-0
-0
-0
-0
-0
-0
-0
-0
-0
-0
-0
-0
-0
-0
-0
-0
-0
-0
0
0
0
0
0
0
0
0
0
0
0
0
0
0
0
0
0
0
0
0
0
0
0
0
0
0
0
0
0
0
0
0
0
0
0
0
0
0
0
0
0
0
0
0
0
0
0
0
0
0
-0
-0
-0
-0
-0
-0
-0
-0
-0
-0
-0
-0
-0
-0
-0
-0
-0
-0
-0
-0
-0
-0
-0
-0
-0
-0
-0
-0
-0
-0
-0
-0
-0
-0
-0
-0
-0
-0
-0
-0
-0
-0
-0
-0
-0
-0
-0
-0
-0
-0
0
0
0
0
0
0
0
0
0
0
0
0
0
0
0
0
0
0
0
0
0
0
0
0
0
0
0
0
0
0
0
0
0
0
0
0
0
0
0
0
0
0
0
0
0
0
0
0
0
0
-0
-0
-0
-0
-0
-0
-0
-0
-0
-0
-0
-0
-0
-0
-0
-0
-0
-0
-0
-0
-0
-0
-0
-0
-0
-0
-0
-0
-0
-0
-0
-0
-0
-0
-0
-0
-0
-0
-0
-0
-0
-0
-0
-0
-0
-0
-0
-0
-0
0
0
0
0
0
0
0
0
0
0
0
0
0
0
0
0
0
0
0
0
0
0
0
0
0
0
0
0
0
0
0
0
0
0
0
0
0
0
0
0
0
0
0
0
0
0
0
0
0
0
0
-0
-0
-0
-0
-0
-0
-0
-0
-0
-0
-0
-0
-0
-0
-0
-0
-0
-0
-0
-0
-0
-0
-0
-0
-0
-0
-0
-0
-0
-0
-0
-0
-0
-0
-0
-0
-0
-0
-0
-0
-0
-0
-0
-0
-0
-0
-0
-0
-0
0
0
0
0
0
0
0
0
0
0
0
0
0
0
0
0
0
0
0
0
0
0
0
0
0
0
0
0
0
0
0
0
0
0
0
0
0
0
0
0
0
0
0
0
0
0
0
0
0
0
0
-0
-0
-0
-0
-0
-0
-0
-0
-0
-0
-0
-0
-0
-0
-0
-0
-0
-0
-0
-0
-0
-0
-0
-0
-0
-0
-0
-0
-0
-0
-0
-0
-0
-0
-0
-0
-0
-0
-0
-0
-0
-0
-0
-0
-0
-0
-0
-0
-0
-0
0
0
0
0
0
0
0
0
0
0
0
0
0
0
0
0
0
0
0
0
0
0
0
0
0
0
0
0
0
0
0
0
0
0
0
0
0
0
0
0
0
0
0
0
0
0
0
0
0
0
-0
-0
-0
-0
-0
-0
-0
-0
-0
-0
-0
-0
-0
-0
-0
-0
-0
-0
-0
-0
-0
-0
-0
-0
-0
-0
-0
-0
-0
-0
-0
-0
-0
-0
-0
-0
-0
-0
-0
-0
-0
-0
-0
-0
-0
-0
-0
-0
-0
-0
0
0
0
0
0
0
0
0
0
0
0
0
0
0
0
0
0
0
0
0
0
0
0
0
0
0
0
0
0
0
0
0
0
0
0
0
0
0
0
0
0
0
0
0
0
0
0
0
0
0
-0
-0
-0
-0
-0
-0
-0
-0
-0
-0
-0
-0
-0
-0
-0
-0
-0
-0
-0
-0
-0
-0
-0
-0
-0
-0
-0
-0
-0
-0
-0
-0
-0
-0
-0
-0
-0
-0
-0
-0
-0
-0
-0
-0
-0
-0
-0
-0
-0
-0
0
0
0
0
0
0
0
0
0
0
0
0
0
0
0
0
0
0
0
0
0
0
0
0
0
0
0
0
0
0
0
0
0
0
0
0
0
0
0
0
0
0
0
0
0
0
0
0
0
0
-0
-0
-0
-0
-0
-0
-0
-0
-0
-0
-0
-0
-0
-0
-0
-0
-0
-0
-0
-0
-0
-0
-0
-0
-0
-0
-0
-0
-0
-0
-0
-0
-0
-0
-0
-0
-0
-0
-0
-0
-0
-0
-0
-0
-0
-0
-0
-0
-0
0
0
0
0
0
0
0
0
0
0
0
0
0
0
0
0
0
0
0
0
0
0
0
0
0
0
0
0
0
0
0
0
0
0
0
0
0
0
0
0
0
0
0
0
0
0
0
0
0
0
0
-0
-0
-0
-0
-0
-0
-0
-0
-0
-0
-0
-0
-0
-0
-0
-0
-0
-0
-0
-0
-0
-0
-0
-0
-0
-0
-0
-0
-0
-0
-0
-0
-0
-0
-0
-0
-0
-0
-0
-0
-0
-0
-0
-0
-0
-0
-0
-0
-0
0
0
0
0
0
0
0
0
0
0
0
0
0
0
0
0
0
0
0
0
0
0
0
0
0
0
0
0
0
0
0
0
0
0
0
0
0
0
0
0
0
0
0
0
0
0
0
0
0
0
0
-0
-0
-0
-0
-0
-0
-0
-0
-0
-0
-0
-0
-0
-0
-0
-0
-0
-0
-0
-0
-0
-0
-0
-0
-0
-0
-0
-0
-0
-0
-0
-0
-0
-0
-0
-0
-0
-0
-0
-0
-0
-0
-0
-0
-0
-0
-0
-0
-0
-0
0
0
0
0
0
0
0
0
0
0
0
0
0
0
0
0
0
0
0
0
0
0
0
0
0
0
0
0
0
0
0
0
0
0
0
0
0
0
0
0
0
0
0
0
0
0
0
0
0
0
-0
-0
-0
-0
-0
-0
-0
-0
-0
-0
-0
-0
-0
-0
-0
-0
-0
-0
-0
-0
-0
-0
-0
-0
-0
-0
-0
-0
-0
-0
-0
-0
-0
-0
-0
-0
-0
-0
-0
-0
-0
-0
-0
-0
-0
-0
-0
-0
-0
-0
0
0
0
0
0
0
0
0
0
0
0
0
0
0
0
0
0
0
0
0
0
0
0
0
0
0
0
0
0
0
0
0
0
0
0
0
0
0
0
0
0
0
0
0
0
0
0
0
0
0
-0
-0
-0
-0
-0
-0
-0
-0
-0
-0
-0
-0
-0
-0
-0
-0
-0
-0
-0
-0
-0
-0
-0
-0
-0
-0
-0
-0
-0
-0
-0
-0
-0
-0
-0
-0
-0
-0
-0
-0
-0
-0
-0
-0
-0
-0
-0
-0
-0
-0
0
0
0
0
0
0
0
0
0
0
0
0
0
0
0
0
0
0
0
0
0
0
0
0
0
0
0
0
0
0
0
0
0
0
0
0
0
0
0
0
0
0
0
0
0
0
0
0
0
0
-0
-0
-0
-0
-0
-0
-0
-0
-0
-0
-0
-0
-0
-0
-0
-0
-0
-0
-0
-0
-0
-0
-0
-0
-0
-0
-0
-0
-0
-0
-0
-0
-0
-0
-0
-0
-0
-0
-0
-0
-0
-0
-0
-0
-0
-0
-0
-0
-0
0
0
0
0
0
0
0
0
0
0
0
0
0
0
0
0
0
0
0
0
0
0
0
0
0
0
0
0
0
0
0
0
0
0
0
0
0
0
0
0
0
0
0
0
0
0
0
0
0
0
0
-0
-0
-0
-0
-0
-0
-0
-0
-0
-0
-0
-0
-0
-0
-0
-0
-0
-0
-0
-0
-0
-0
-0
-0
-0
-0
-0
-0
-0
-0
-0
-0
-0
-0
-0
-0
-0
-0
-0
-0
-0
-0
-0
-0
-0
-0
-0
-0
-0
0
0
0
0
0
0
0
0
0
0
0
0
0
0
0
0
0
0
0
0
0
0
0
0
0
0
0
0
0
0
0
0
0
0
0
0
0
0
0
0
0
0
0
0
0
0
0
0
0
0
0
-0
-0
-0
-0
-0
-0
-0
-0
-0
-0
-0
-0
-0
-0
-0
-0
-0
-0
-0
-0
-0
-0
-0
-0
-0
-0
-0
-0
-0
-0
-0
-0
-0
-0
-0
-0
-0
-0
-0
-0
-0
-0
-0
-0
-0
-0
-0
-0
-0
-0
0
0
0
0
0
0
0
0
0
0
0
0
0
0
0
0
0
0
0
0
0
0
0
0
0
0
0
0
0
0
0
0
0
0
0
0
0
0
0
0
0
0
0
0
0
0
0
0
0
0
-0
-0
-0
-0
-0
-0
-0
-0
-0
-0
-0
-0
-0
-0
-0
-0
-0
-0
-0
-0
-0
-0
-0
-0
-0
-0
-0
-0
-0
-0
-0
-0
-0
-0
-0
-0
-0
-0
-0
-0
-0
-0
-0
-0
-0
-0
-0
-0
-0
-0
0
0
0
0
0
0
0
0
0
0
0
0
0
0
0
0
0
0
0
0
0
0
0
0
0
0
0
0
0
0
0
0
0
0
0
0
0
0
0
0
0
0
0
0
0
0
0
0
0
0
-0
-0
-0
-0
-0
-0
-0
-0
-0
-0
-0
-0
-0
-0
-0
-0
-0
-0
-0
-0
-0
-0
-0
-0
-0
-0
-0
-0
-0
-0
-0
-0
-0
-0
-0
-0
-0
-0
-0
-0
-0
-0
-0
-0
-0
-0
-0
-0
-0
-0
0
0
0
0
0
0
0
0
0
0
0
0
0
0
0
0
0
0
0
0
0
0
0
0
0
0
0
0
0
0
0
0
0
0
0
0
0
0
0
0
0
0
0
0
0
0
0
0
0
0
-0
-0
-0
-0
-0
-0
-0
-0
-0
-0
-0
-0
-0
-0
-0
-0
-0
-0
-0
-0
-0
-0
-0
-0
-0
-0
-0
-0
-0
-0
-0
-0
-0
-0
-0
-0
-0
-0
-0
-0
-0
-0
-0
-0
-0
-0
-0
-0
-0
0
0
0
0
0
0
0
0
0
0
0
0
0
0
0
0
0
0
0
0
0
0
0
0
0
0
0
0
0
0
0
0
0
0
0
0
0
0
0
0
0
0
0
0
0
0
0
0
0
0
0
-0
-0
-0
-0
-0
-0
-0
-0
-0
-0
-0
-0
-0
-0
-0
-0
-0
-0
-0
-0
-0
-0
-0
-0
-0
-0
-0
-0
-0
-0
-0
-0
-0
-0
-0
-0
-0
-0
-0
-0
-0
-0
-0
-0
-0
-0
-0
-0
-0
0
0
0
0
0
0
0
0
0
0
0
0
0
0
0
0
0
0
0
0
0
0
0
0
0
0
0
0
0
0
0
0
0
0
0
0
0
0
0
0
0
0
0
0
0
0
0
0
0
0
0
-0
-0
-0
-0
-0
-0
-0
-0
-0
-0
-0
-0
-0
-0
-0
-0
-0
-0
-0
-0
-0
-0
-0
-0
-0
-0
-0
-0
-0
-0
-0
-0
-0
-0
-0
-0
-0
-0
-0
-0
-0
-0
-0
-0
-0
-0
-0
-0
-0
0
