-0
-0
-0
-0
-0
-0
-0
-0
-0
-0
-0
-0
-0
-0
-0
-0
-0
-0
-0
-0
-0
-0
-0
-0
-0
-0
-0
-0
-0
-0
-0
-0
-0
-0
-0
-0
-0
-0
-0
-0
-0
-0
-0
-0
-0
-0
-0
-0
-0
-0
-0
0
0
0
0
0
0
0
0
0
0
0
0
0
0
0
0
0
0
0
0
0
0
0
0
0
0
0
0
0
0
0
0
0
0
0
0
0
0
0
0
0
0
0
0
0
0
0
0
0
0
-0
-0
-0
-0
-0
-0
-0
-0
-0
-0
-0
-0
-0
-0
-0
-0
-0
-0
-0
-0
-0
-0
-0
-0
-0
-0
-0
-0
-0
-0
-0
-0
-0
-0
-0
-0
-0
-0
-0
-0
-0
-0
-0
-0
-0
-0
-0
-0
-0
-0
0
0
0
0
0
0
0
0
0
0
0
0
0
0
0
0
0
0
0
0
0
0
0
0
0
0
0
0
0
0
0
0
0
0
0
0
0
0
0
0
0
0
0
0
0
0
0
0
0
0
-0
-0
-0
-0
-0
-0
-0
-0
-0
-0
-0
-0
-0
-0
-0
-0
-0
-0
-0
-0
-0
-0
-0
-0
-0
-0
-0
-0
-0
-0
-0
-0
-0
-0
-0
-0
-0
-0
-0
-0
-0
-0
-0
-0
-0
-0
-0
-0
-0
-0
0
0
0
0
0
0
0
0
0
0
0
0
0
0
0
0
0
0
0
0
0
0
0
0
0
0
0
0
0
0
0
0
0
0
0
0
0
0
0
0
0
0
0
0
0
0
0
0
0
0
-0
-0
-0
-0
-0
-0
-0
-0
-0
-0
-0
-0
-0
-0
-0
-0
-0
-0
-0
-0
-0
-0
-0
-0
-0
-0
-0
-0
-0
-0
-0
-0
-0
-0
-0
-0
-0
-0
-0
-0
-0
-0
-0
-0
-0
-0
-0
-0
-0
0
0
0
0
0
0
0
0
0
0
0
0
0
0
0
0
0
0
0
0
0
0
0
0
0
0
0
0
0
0
0
0
0
0
0
0
0
0
0
0
0
0
0
0
0
0
0
0
0
0
0
-0
-0
-0
-0
-0
-0
-0
-0
-0
-0
-0
-0
-0
-0
-0
-0
-0
-0
-0
-0
-0
-0
-0
-0
-0
-0
-0
-0
-0
-0
-0
-0
-0
-0
-0
-0
-0
-0
-0
-0
-0
-0
-0
-0
-0
-0
-0
-0
-0
-0
0
0
0
0
0
0
0
0
0
0
0
0
0
0
0
0
0
0
0
0
0
0
0
0
0
0
0
0
0
0
0
0
0
0
0
0
0
0
0
0
0
0
0
0
0
0
0
0
0
0
-0
-0
-0
-0
-0
-0
-0
-0
-0
-0
-0
-0
-0
-0
-0
-0
-0
-0
-0
-0
-0
-0
-0
-0
-0
-0
-0
-0
-0
-0
-0
-0
-0
-0
-0
-0
-0
-0
-0
-0
-0
-0
-0
-0
-0
-0
-0
-0
-0
0
0
0
0
0
0
0
0
0
0
0
0
0
0
0
0
0
0
0
0
0
0
0
0
0
0
0
0
0
0
0
0
0
0
0
0
0
0
0
0
0
0
0
0
0
0
0
0
0
0
0
-0
-0
-0
-0
-0
-0
-0
-0
-0
-0
-0
-0
-0
-0
-0
-0
-0
-0
-0
-0
-0
-0
-0
-0
-0
-0
-0
-0
-0
-0
-0
-0
-0
-0
-0
-0
-0
-0
-0
-0
-0
-0
-0
-0
-0
-0
-0
-0
-0
0
0
0
0
0
0
0
0
0
0
0
0
0
0
0
0
0
0
0
0
0
0
0
0
0
0
0
0
0
0
0
0
0
0
0
0
0
0
0
0
0
0
0
0
0
0
0
0
0
0
-0
-0
-0
-0
-0
-0
-0
-0
-0
-0
-0
-0
-0
-0
-0
-0
-0
-0
-0
-0
-0
-0
-0
-0
-0
-0
-0
-0
-0
-0
-0
-0
-0
-0
-0
-0
-0
-0
-0
-0
-0
-0
-0
-0
-0
-0
-0
-0
-0
-0
-0
0
0
0
0
0
0
0
0
0
0
0
0
0
0
0
0
0
0
0
0
0
0
0
0
0
0
0
0
0
0
0
0
0
0
0
0
0
0
0
0
0
0
0
0
0
0
0
0
0
0
-0
-0
-0
-0
-0
-0
-0
-0
-0
-0
-0
-0
-0
-0
-0
-0
-0
-0
-0
-0
-0
-0
-0
-0
-0
-0
-0
-0
-0
-0
-0
-0
-0
-0
-0
-0
-0
-0
-0
-0
-0
-0
-0
-0
-0
-0
-0
-0
-0
-0
0
0
0
0
0
0
0
0
0
0
0
0
0
0
0
0
0
0
0
0
0
0
0
0
0
0
0
0
0
0
0
0
0
0
0
0
0
0
0
0
0
0
0
0
0
0
0
0
0
0
-0
-0
-0
-0
-0
-0
-0
-0
-0
-0
-0
-0
-0
-0
-0
-0
-0
-0
-0
-0
-0
-0
-0
-0
-0
-0
-0
-0
-0
-0
-0
-0
-0
-0
-0
-0
-0
-0
-0
-0
-0
-0
-0
-0
-0
-0
-0
-0
-0
0
0
0
0
0
0
0
0
0
0
0
0
0
0
0
0
0
0
0
0
0
0
0
0
0
0
0
0
0
0
0
0
0
0
0
0
0
0
0
0
0
0
0
0
0
0
0
0
0
0
0
-0
-0
-0
-0
-0
-0
-0
-0
-0
-0
-0
-0
-0
-0
-0
-0
-0
-0
-0
-0
-0
-0
-0
-0
-0
-0
-0
-0
-0
-0
-0
-0
-0
-0
-0
-0
-0
-0
-0
-0
-0
-0
-0
-0
-0
-0
-0
-0
-0
0
0
0
0
0
0
0
0
0
0
0
0
0
0
0
0
0
0
0
0
0
0
0
0
0
0
0
0
0
0
0
0
0
0
0
0
0
0
0
0
0
0
0
0
0
0
0
0
0
0
-0
-0
-0
-0
-0
-0
-0
-0
-0
-0
-0
-0
-0
-0
-0
-0
-0
-0
-0
-0
-0
-0
-0
-0
-0
-0
-0
-0
-0
-0
-0
-0
-0
-0
-0
-0
-0
-0
-0
-0
-0
-0
-0
-0
-0
-0
-0
-0
-0
-0
0
0
0
0
0
0
0
0
0
0
0
0
0
0
0
0
0
0
0
0
0
0
0
0
0
0
0
0
0
0
0
0
0
0
0
0
0
0
0
0
0
0
0
0
0
0
0
0
0
0
0
-0
-0
-0
-0
-0
-0
-0
-0
-0
-0
-0
-0
-0
-0
-0
-0
-0
-0
-0
-0
-0
-0
-0
-0
-0
-0
-0
-0
-0
-0
-0
-0
-0
-0
-0
-0
-0
-0
-0
-0
-0
-0
-0
-0
-0
-0
-0
-0
-0
0
0
0
0
0
0
0
0
0
0
0
0
0
0
0
0
0
0
0
0
0
0
0
0
0
0
0
0
0
0
0
0
0
0
0
0
0
0
0
0
0
0
0
0
0
0
0
0
0
0
-0
-0
-0
-0
-0
-0
-0
-0
-0
-0
-0
-0
-0
-0
-0
-0
-0
-0
-0
-0
-0
-0
-0
-0
-0
-0
-0
-0
-0
-0
-0
-0
-0
-0
-0
-0
-0
-0
-0
-0
-0
-0
-0
-0
-0
-0
-0
-0
-0
-0
0
0
0
0
0
0
0
0
0
0
0
0
0
0
0
0
0
0
0
0
0
0
0
0
0
0
0
0
0
0
0
0
0
0
0
0
0
0
0
0
0
0
0
0
0
0
0
0
0
0
-0
-0
-0
-0
-0
-0
-0
-0
-0
-0
-0
-0
-0
-0
-0
-0
-0
-0
-0
-0
-0
-0
-0
-0
-0
-0
-0
-0
-0
-0
-0
-0
-0
-0
-0
-0
-0
-0
-0
-0
-0
-0
-0
-0
-0
-0
-0
-0
-0
-0
0
0
0
0
0
0
0
0
0
0
0
0
0
0
0
0
0
0
0
0
0
0
0
0
0
0
0
0
0
0
0
0
0
0
0
0
0
0
0
0
0
0
0
0
0
0
0
0
0
0
0
-0
-0
-0
-0
-0
-0
-0
-0
-0
-0
-0
-0
-0
-0
-0
-0
-0
-0
-0
-0
-0
-0
-0
-0
-0
-0
-0
-0
-0
-0
-0
-0
-0
-0
-0
-0
-0
-0
-0
-0
-0
-0
-0
-0
-0
-0
-0
-0
-0
-0
0
0
0
0
0
0
0
0
0
0
0
0
0
0
0
0
0
0
0
0
0
0
0
0
0
0
0
0
0
0
0
0
0
0
0
0
0
0
0
0
0
0
0
0
0
0
0
0
0
0
-0
-0
-0
-0
-0
-0
-0
-0
-0
-0
-0
-0
-0
-0
-0
-0
-0
-0
-0
-0
-0
-0
-0
-0
-0
-0
-0
-0
-0
-0
-0
-0
-0
-0
-0
-0
-0
-0
-0
-0
-0
-0
-0
-0
-0
-0
-0
-0
-0
-0
0
0
0
0
0
0
0
0
0
0
0
0
0
0
0
0
0
0
0
0
0
0
0
0
0
0
0
0
0
0
0
0
0
0
0
0
0
0
0
0
0
0
0
0
0
0
0
0
0
0
-0
-0
-0
-0
-0
-0
-0
-0
-0
-0
-0
-0
-0
-0
-0
-0
-0
-0
-0
-0
-0
-0
-0
-0
-0
-0
-0
-0
-0
-0
-0
-0
-0
-0
-0
-0
-0
-0
-0
-0
-0
-0
-0
-0
-0
-0
-0
-0
-0
-0
0
0
0
0
0
0
0
0
0
0
0
0
0
0
0
0
0
0
0
0
0
0
0
0
0
0
0
0
0
0
0
0
0
0
0
0
0
0
0
0
0
0
0
0
0
0
0
0
0
0
-0
-0
-0
-0
-0
-0
-0
-0
-0
-0
-0
-0
-0
-0
-0
-0
-0
-0
-0
-0
-0
-0
-0
-0
-0
-0
-0
-0
-0
-0
-0
-0
-0
-0
-0
-0
-0
-0
-0
-0
-0
-0
-0
-0
-0
-0
-0
-0
-0
-0
0
0
0
0
0
0
0
0
0
0
0
0
0
0
0
0
0
0
0
0
0
0
0
0
0
0
0
0
0
0
0
0
0
0
0
0
0
0
0
0
0
0
0
0
0
0
0
0
0
-0
-0
-0
-0
-0
-0
-0
-0
-0
-0
-0
-0
-0
-0
-0
-0
-0
-0
-0
-0
-0
-0
-0
-0
-0
-0
-0
-0
-0
-0
-0
-0
-0
-0
-0
-0
-0
-0
-0
-0
-0
-0
-0
-0
-0
-0
-0
-0
-0
-0
-0
0
0
0
0
0
0
0
0
0
0
0
0
0
0
0
0
0
0
0
0
0
0
0
0
0
0
0
0
0
0
0
0
0
0
0
0
0
0
0
0
0
0
0
0
0
0
0
0
0
0
-1.1302e-08
-4.512e-08
-1.0119e-07
-1.7906e-07
-2.7812e-07
-3.9757e-07
-5.3648e-07
-6.9373e-07
-8.6804e-07
-1.058e-06
-1.2621e-06
-1.4786e-06
-1.7058e-06
-1.9417e-06
-2.1843e-06
-2.4317e-06
-2.6815e-06
-2.9316e-06
-3.1798e-06
-3.4238e-06
-3.6612e-06
-3.8899e-06
-4.1074e-06
-4.3115e-06
-4.5e-06
-4.6708e-06
-4.8217e-06
-4.9507e-06
-5.056e-06
-5.1357e-06
-5.1882e-06
-5.2118e-06
-5.2053e-06
-5.1673e-06
-5.0968e-06
-4.9929e-06
-4.8549e-06
-4.6823e-06
-4.4747e-06
-4.2321e-06
-3.9544e-06
-3.6421e-06
-3.2955e-06
-2.9155e-06
-2.503e-06
-2.0592e-06
-1.5852e-06
-1.0829e-06
-5.5381e-07
-1.4111e-19
5.7642e-07
1.1731e-06
1.7876e-06
2.4173e-06
3.0593e-06
3.7107e-06
4.3685e-06
5.0295e-06
5.6905e-06
6.3481e-06
6.9989e-06
7.6395e-06
8.2665e-06
8.8763e-06
9.4655e-06
1.0031e-05
1.0568e-05
1.1075e-05
1.1548e-05
1.1983e-05
1.2378e-05
1.273e-05
1.3036e-05
1.3294e-05
1.35e-05
1.3653e-05
1.3751e-05
1.3791e-05
1.3773e-05
1.3695e-05
1.3556e-05
1.3355e-05
1.3092e-05
1.2766e-05
1.2378e-05
1.1928e-05
1.1416e-05
1.0843e-05
1.0212e-05
9.5221e-06
8.7768e-06
7.9778e-06
7.1275e-06
6.2287e-06
5.2842e-06
4.2974e-06
3.2717e-06
2.2109e-06
1.1189e-06
-3.5314e-20
-1.1415e-06
-2.3011e-06
-3.474e-06
-4.6555e-06
-5.8404e-06
-7.0238e-06
-8.2005e-06
-9.3653e-06
-1.0513e-05
-1.1638e-05
-1.2736e-05
-1.38e-05
-1.4827e-05
-1.5811e-05
-1.6747e-05
-1.763e-05
-1.8455e-05
-1.9219e-05
-1.9916e-05
-2.0543e-05
-2.1096e-05
-2.1571e-05
-2.1965e-05
-2.2276e-05
-2.25e-05
-2.2635e-05
-2.268e-05
-2.2632e-05
-2.2491e-05
-2.2255e-05
-2.1924e-05
-2.1499e-05
-2.0979e-05
-2.0365e-05
-1.9659e-05
-1.8862e-05
-1.7976e-05
-1.7004e-05
-1.5948e-05
-1.4812e-05
-1.3599e-05
-1.2314e-05
-1.096e-05
-9.5418e-06
-8.0653e-06
-6.5356e-06
-4.9581e-06
-3.3389e-06
-1.684e-06
-2.381e-19
1.7066e-06
3.4291e-06
5.1605e-06
6.8937e-06
8.6216e-06
1.0337e-05
1.2033e-05
1.3701e-05
1.5335e-05
1.6928e-05
1.8473e-05
1.9961e-05
2.1388e-05
2.2746e-05
2.4028e-05
2.5229e-05
2.6342e-05
2.7362e-05
2.8284e-05
2.9102e-05
2.9813e-05
3.0412e-05
3.0894e-05
3.1258e-05
3.15e-05
3.1617e-05
3.1609e-05
3.1472e-05
3.1208e-05
3.0814e-05
3.0292e-05
2.9642e-05
2.8866e-05
2.7964e-05
2.694e-05
2.5797e-05
2.4537e-05
2.3165e-05
2.1685e-05
2.0102e-05
1.8422e-05
1.6649e-05
1.4792e-05
1.2855e-05
1.0846e-05
8.7738e-06
6.6445e-06
4.4669e-06
2.2492e-06
-3.1761e-19
-2.2718e-06
-4.5571e-06
-6.8469e-06
-9.1319e-06
-1.1403e-05
-1.365e-05
-1.5865e-05
-1.8037e-05
-2.0158e-05
-2.2218e-05
-2.4209e-05
-2.6122e-05
-2.7949e-05
-2.968e-05
-3.1309e-05
-3.2827e-05
-3.4229e-05
-3.5505e-05
-3.6652e-05
-3.7662e-05
-3.853e-05
-3.9252e-05
-3.9823e-05
-4.024e-05
-4.05e-05
-4.06e-05
-4.0538e-05
-4.0313e-05
-3.9925e-05
-3.9374e-05
-3.866e-05
-3.7786e-05
-3.6752e-05
-3.5563e-05
-3.4221e-05
-3.2731e-05
-3.1098e-05
-2.9326e-05
-2.7422e-05
-2.5392e-05
-2.3244e-05
-2.0985e-05
-1.8624e-05
-1.6168e-05
-1.3628e-05
-1.1012e-05
-8.331e-06
-5.5949e-06
-2.8143e-06
-8.8119e-20
2.8369e-06
5.6851e-06
8.5333e-06
1.137e-05
1.4184e-05
1.6963e-05
1.9697e-05
2.2373e-05
2.498e-05
2.7508e-05
2.9946e-05
3.2283e-05
3.4509e-05
3.6615e-05
3.859e-05
4.0426e-05
4.2115e-05
4.3649e-05
4.502e-05
4.6221e-05
4.7247e-05
4.8093e-05
4.8753e-05
4.9223e-05
4.95e-05
4.9582e-05
4.9467e-05
4.9154e-05
4.8642e-05
4.7933e-05
4.7028e-05
4.5929e-05
4.4639e-05
4.3162e-05
4.1503e-05
3.9666e-05
3.7659e-05
3.5487e-05
3.3159e-05
3.0682e-05
2.8067e-05
2.5321e-05
2.2456e-05
1.9481e-05
1.6409e-05
1.325e-05
1.0017e-05
6.7229e-06
3.3794e-06
-8.4688e-19
-3.402e-06
-6.8131e-06
-1.022e-05
-1.3608e-05
-1.6965e-05
-2.0276e-05
-2.3529e-05
-2.6708e-05
-2.9803e-05
-3.2798e-05
-3.5683e-05
-3.8444e-05
-4.107e-05
-4.3549e-05
-4.5871e-05
-4.8025e-05
-5.0002e-05
-5.1792e-05
-5.3388e-05
-5.4781e-05
-5.5965e-05
-5.6933e-05
-5.7682e-05
-5.8205e-05
-5.85e-05
-5.8564e-05
-5.8396e-05
-5.7994e-05
-5.7359e-05
-5.6493e-05
-5.5396e-05
-5.4072e-05
-5.2526e-05
-5.0761e-05
-4.8784e-05
-4.6601e-05
-4.4219e-05
-4.1648e-05
-3.8896e-05
-3.5972e-05
-3.2889e-05
-2.9657e-05
-2.6288e-05
-2.2794e-05
-1.919e-05
-1.5488e-05
-1.1704e-05
-7.8509e-06
-3.9445e-06
3.0884e-19
3.9671e-06
7.9411e-06
1.1906e-05
1.5847e-05
1.9746e-05
2.3589e-05
2.7361e-05
3.1044e-05
3.4625e-05
3.8088e-05
4.142e-05
4.4605e-05
4.7631e-05
5.0484e-05
5.3152e-05
5.5624e-05
5.7889e-05
5.9936e-05
6.1756e-05
6.334e-05
6.4682e-05
6.5774e-05
6.6611e-05
6.7187e-05
6.75e-05
6.7546e-05
6.7325e-05
6.6835e-05
6.6077e-05
6.5052e-05
6.3764e-05
6.2216e-05
6.0413e-05
5.836e-05
5.6065e-05
5.3535e-05
5.078e-05
4.7809e-05
4.4632e-05
4.1263e-05
3.7711e-05
3.3993e-05
3.012e-05
2.6107e-05
2.1971e-05
1.7727e-05
1.339e-05
8.9789e-06
4.5096e-06
4.2324e-19
-4.5322e-06
-9.0691e-06
-1.3593e-05
-1.8085e-05
-2.2527e-05
-2.6903e-05
-3.1193e-05
-3.538e-05
-3.9448e-05
-4.3379e-05
-4.7157e-05
-5.0766e-05
-5.4192e-05
-5.7419e-05
-6.0434e-05
-6.3223e-05
-6.5776e-05
-6.8079e-05
-7.0124e-05
-7.19e-05
-7.3399e-05
-7.4615e-05
-7.554e-05
-7.6169e-05
-7.65e-05
-7.6529e-05
-7.6254e-05
-7.5675e-05
-7.4794e-05
-7.3612e-05
-7.2132e-05
-7.0359e-05
-6.8299e-05
-6.5959e-05
-6.3346e-05
-6.047e-05
-5.7341e-05
-5.397e-05
-5.0369e-05
-4.6553e-05
-4.2534e-05
-3.8328e-05
-3.3952e-05
-2.9421e-05
-2.4752e-05
-1.9965e-05
-1.5077e-05
-1.0107e-05
-5.0747e-06
9.5279e-19
5.0973e-06
1.0197e-05
1.5279e-05
2.0323e-05
2.5308e-05
3.0216e-05
3.5025e-05
3.9716e-05
4.427e-05
4.8669e-05
5.2893e-05
5.6927e-05
6.0752e-05
6.4353e-05
6.7715e-05
7.0822e-05
7.3662e-05
7.6223e-05
7.8492e-05
8.0459e-05
8.2116e-05
8.3455e-05
8.4469e-05
8.5152e-05
8.55e-05
8.5511e-05
8.5183e-05
8.4516e-05
8.3511e-05
8.2171e-05
8.05e-05
7.8503e-05
7.6186e-05
7.3558e-05
7.0627e-05
6.7404e-05
6.3901e-05
6.0131e-05
5.6106e-05
5.1843e-05
4.7356e-05
4.2664e-05
3.7784e-05
3.2734e-05
2.7533e-05
2.2203e-05
1.6763e-05
1.1235e-05
5.6398e-06
-8.8397e-20
-5.6624e-06
-1.1325e-05
-1.6966e-05
-2.2561e-05
-2.809e-05
-3.3529e-05
-3.8857e-05
-4.4052e-05
-4.9092e-05
-5.3959e-05
-5.863e-05
-6.3088e-05
-6.7313e-05
-7.1288e-05
-7.4996e-05
-7.8421e-05
-8.1549e-05
-8.4366e-05
-8.686e-05
-8.9019e-05
-9.0834e-05
-9.2296e-05
-9.3398e-05
-9.4134e-05
-9.45e-05
-9.4493e-05
-9.4112e-05
-9.3357e-05
-9.2228e-05
-9.0731e-05
-8.8868e-05
-8.6646e-05
-8.4073e-05
-8.1157e-05
-7.7908e-05
-7.4339e-05
-7.0462e-05
-6.6292e-05
-6.1843e-05
-5.7133e-05
-5.2179e-05
-4.7e-05
-4.1616e-05
-3.6047e-05
-3.0315e-05
-2.4441e-05
-1.845e-05
-1.2363e-05
-6.205e-06
1.8437e-18
6.2276e-06
1.2453e-05
1.8652e-05
2.4799e-05
3.0871e-05
3.6842e-05
4.2689e-05
4.8387e-05
5.3915e-05
5.9249e-05
6.4367e-05
6.9249e-05
7.3874e-05
7.8223e-05
8.2277e-05
8.602e-05
8.9436e-05
9.251e-05
9.5228e-05
9.7578e-05
9.9551e-05
0.00010114
0.00010233
0.00010312
0.0001035
0.00010348
0.00010304
0.0001022
0.00010095
9.929e-05
9.7236e-05
9.479e-05
9.196e-05
8.8756e-05
8.5189e-05
8.1274e-05
7.7023e-05
7.2452e-05
6.758e-05
6.2423e-05
5.7001e-05
5.1336e-05
4.5448e-05
3.936e-05
3.3096e-05
2.6679e-05
2.0136e-05
1.3491e-05
6.7701e-06
-8.4701e-19
-6.7927e-06
-1.3581e-05
-2.0338e-05
-2.7038e-05
-3.3652e-05
-4.0155e-05
-4.6521e-05
-5.2723e-05
-5.8737e-05
-6.4539e-05
-7.0104e-05
-7.541e-05
-8.0434e-05
-8.5157e-05
-8.9558e-05
-9.3619e-05
-9.7323e-05
-0.00010065
-0.0001036
-0.00010614
-0.00010827
-0.00010998
-0.00011126
-0.0001121
-0.0001125
-0.00011246
-0.00011197
-0.00011104
-0.00010966
-0.00010785
-0.0001056
-0.00010293
-9.9846e-05
-9.6355e-05
-9.2471e-05
-8.8208e-05
-8.3584e-05
-7.8613e-05
-7.3317e-05
-6.7713e-05
-6.1824e-05
-5.5671e-05
-4.928e-05
-4.2673e-05
-3.5877e-05
-2.8918e-05
-2.1822e-05
-1.4619e-05
-7.3352e-06
-3.4374e-19
7.3578e-06
1.4709e-05
2.2025e-05
2.9276e-05
3.6433e-05
4.3468e-05
5.0353e-05
5.7059e-05
6.356e-05
6.9829e-05
7.5841e-05
8.1571e-05
8.6995e-05
9.2092e-05
9.6839e-05
0.00010122
0.00010521
0.0001088
0.00011196
0.0001147
0.00011699
0.00011882
0.00012018
0.00012108
0.0001215
0.00012144
0.0001209
0.00011988
0.00011838
0.00011641
0.00011397
0.00011108
0.00010773
0.00010395
9.9752e-05
9.5143e-05
9.0144e-05
8.4774e-05
7.9053e-05
7.3003e-05
6.6646e-05
6.0007e-05
5.3112e-05
4.5986e-05
3.8658e-05
3.1156e-05
2.3509e-05
1.5747e-05
7.9003e-06
-1.8526e-18
-7.9229e-06
-1.5837e-05
-2.3711e-05
-3.1514e-05
-3.9214e-05
-4.6781e-05
-5.4185e-05
-6.1395e-05
-6.8382e-05
-7.5119e-05
-8.1578e-05
-8.7732e-05
-9.3556e-05
-9.9026e-05
-0.00010412
-0.00010882
-0.0001131
-0.00011694
-0.00012033
-0.00012326
-0.0001257
-0.00012766
-0.00012911
-0.00013006
-0.0001305
-0.00013042
-0.00012983
-0.00012872
-0.0001271
-0.00012497
-0.00012234
-0.00011922
-0.00011562
-0.00011155
-0.00010703
-0.00010208
-9.6705e-05
-9.0935e-05
-8.479e-05
-7.8293e-05
-7.1469e-05
-6.4343e-05
-5.6944e-05
-4.9299e-05
-4.1439e-05
-3.3394e-05
-2.5195e-05
-1.6875e-05
-8.4654e-06
5.2955e-19
8.488e-06
1.6965e-05
2.5398e-05
3.3752e-05
4.1995e-05
5.0094e-05
5.8017e-05
6.573e-05
7.3205e-05
8.0409e-05
8.7314e-05
9.3892e-05
0.00010012
0.00010596
0.0001114
0.00011642
0.00012098
0.00012508
0.0001287
0.00013182
0.00013442
0.0001365
0.00013804
0.00013905
0.0001395
0.0001394
0.00013876
0.00013756
0.00013581
0.00013353
0.00013071
0.00012736
0.00012351
0.00011915
0.00011431
0.00010901
0.00010327
9.7096e-05
9.0527e-05
8.3583e-05
7.6291e-05
6.8679e-05
6.0776e-05
5.2612e-05
4.422e-05
3.5632e-05
2.6882e-05
1.8003e-05
9.0305e-06
-3.1052e-18
-9.0531e-06
-1.8093e-05
-2.7084e-05
-3.599e-05
-4.4777e-05
-5.3408e-05
-6.1849e-05
-7.0066e-05
-7.8027e-05
-8.5699e-05
-9.3051e-05
-0.00010005
-0.00010668
-0.0001129
-0.00011868
-0.00012401
-0.00012887
-0.00013323
-0.00013707
-0.00014038
-0.00014314
-0.00014534
-0.00014697
-0.00014803
-0.0001485
-0.00014839
-0.00014769
-0.0001464
-0.00014453
-0.00014209
-0.00013908
-0.00013551
-0.00013139
-0.00012675
-0.0001216
-0.00011595
-0.00010983
-0.00010326
-9.6264e-05
-8.8873e-05
-8.1113e-05
-7.3015e-05
-6.4608e-05
-5.5925e-05
-4.7001e-05
-3.787e-05
-2.8568e-05
-1.9131e-05
-9.5956e-06
1.6498e-18
9.6183e-06
1.9221e-05
2.8771e-05
3.8229e-05
4.7558e-05
5.6721e-05
6.5681e-05
7.4402e-05
8.285e-05
9.0989e-05
9.8788e-05
0.00010621
0.00011324
0.00011983
0.00012596
0.00013161
0.00013676
0.00014137
0.00014544
0.00014894
0.00015185
0.00015418
0.0001559
0.00015701
0.0001575
0.00015737
0.00015662
0.00015524
0.00015325
0.00015065
0.00014744
0.00014365
0.00013928
0.00013435
0.00012888
0.00012288
0.00011639
0.00010942
0.000102
9.4163e-05
8.5936e-05
7.735e-05
6.844e-05
5.9239e-05
4.9783e-05
4.0109e-05
3.0255e-05
2.0259e-05
1.0161e-05
-4.011e-22
-1.0183e-05
-2.0349e-05
-3.0457e-05
-4.0467e-05
-5.0339e-05
-6.0034e-05
-6.9513e-05
-7.8738e-05
-8.7672e-05
-9.6279e-05
-0.00010452
-0.00011238
-0.0001198
-0.00012676
-0.00013325
-0.00013921
-0.00014464
-0.00014951
-0.0001538
-0.00015749
-0.00016057
-0.00016302
-0.00016483
-0.00016599
-0.0001665
-0.00016635
-0.00016554
-0.00016408
-0.00016197
-0.00015921
-0.00015581
-0.00015179
-0.00014717
-0.00014195
-0.00013616
-0.00012982
-0.00012295
-0.00011558
-0.00010774
-9.9453e-05
-9.0758e-05
-8.1686e-05
-7.2272e-05
-6.2552e-05
-5.2564e-05
-4.2347e-05
-3.1941e-05
-2.1387e-05
-1.0726e-05
3.0171e-18
1.0748e-05
2.1477e-05
3.2143e-05
4.2705e-05
5.312e-05
6.3347e-05
7.3345e-05
8.3074e-05
9.2494e-05
0.00010157
0.00011026
0.00011854
0.00012636
0.0001337
0.00014053
0.00014681
0.00015253
0.00015766
0.00016217
0.00016605
0.00016929
0.00017186
0.00017376
0.00017497
0.0001755
0.00017533
0.00017447
0.00017292
0.00017068
0.00016777
0.00016418
0.00015994
0.00015505
0.00014955
0.00014344
0.00013675
0.00012951
0.00012174
0.00011347
0.00010474
9.5581e-05
8.6022e-05
7.6104e-05
6.5865e-05
5.5345e-05
4.4585e-05
3.3627e-05
2.2515e-05
1.1291e-05
3.8806e-18
-1.1302e-05
-2.256e-05
-3.3729e-05
-4.4764e-05
-5.5623e-05
-6.6262e-05
-7.664e-05
-8.6716e-05
-9.6449e-05
-0.0001058
-0.00011474
-0.00012322
-0.00013121
-0.00013869
-0.00014562
-0.00015198
-0.00015774
-0.00016287
-0.00016736
-0.00017119
-0.00017434
-0.00017681
-0.00017858
-0.00017964
-0.00018
-0.00017964
-0.00017858
-0.00017681
-0.00017434
-0.00017119
-0.00016736
-0.00016287
-0.00015774
-0.00015198
-0.00014562
-0.00013869
-0.00013121
-0.00012322
-0.00011474
-0.0001058
-9.6449e-05
-8.6716e-05
-7.664e-05
-6.6262e-05
-5.5623e-05
-4.4764e-05
-3.3729e-05
-2.256e-05
-1.1302e-05
-7.0517e-19
1.1302e-05
2.256e-05
3.3729e-05
4.4764e-05
5.5623e-05
6.6262e-05
7.664e-05
8.6716e-05
9.6449e-05
0.0001058
0.00011474
0.00012322
0.00013121
0.00013869
0.00014562
0.00015198
0.00015774
0.00016287
0.00016736
0.00017119
0.00017434
0.00017681
0.00017858
0.00017964
0.00018
0.00017964
0.00017858
0.00017681
0.00017434
0.00017119
0.00016736
0.00016287
0.00015774
0.00015198
0.00014562
0.00013869
0.00013121
0.00012322
0.00011474
0.0001058
9.6449e-05
8.6716e-05
7.664e-05
6.6262e-05
5.5623e-05
4.4764e-05
3.3729e-05
2.256e-05
1.1302e-05
2.6457e-18
-1.1302e-05
-2.256e-05
-3.3729e-05
-4.4764e-05
-5.5623e-05
-6.6262e-05
-7.664e-05
-8.6716e-05
-9.6449e-05
-0.0001058
-0.00011474
-0.00012322
-0.00013121
-0.00013869
-0.00014562
-0.00015198
-0.00015774
-0.00016287
-0.00016736
-0.00017119
-0.00017434
-0.00017681
-0.00017858
-0.00017964
-0.00018
-0.00017964
-0.00017858
-0.00017681
-0.00017434
-0.00017119
-0.00016736
-0.00016287
-0.00015774
-0.00015198
-0.00014562
-0.00013869
-0.00013121
-0.00012322
-0.00011474
-0.0001058
-9.6449e-05
-8.6716e-05
-7.664e-05
-6.6262e-05
-5.5623e-05
-4.4764e-05
-3.3729e-05
-2.256e-05
-1.1302e-05
-4.5862e-18
1.1302e-05
2.256e-05
3.3729e-05
4.4764e-05
5.5623e-05
6.6262e-05
7.664e-05
8.6716e-05
9.6449e-05
0.0001058
0.00011474
0.00012322
0.00013121
0.00013869
0.00014562
0.00015198
0.00015774
0.00016287
0.00016736
0.00017119
0.00017434
0.00017681
0.00017858
0.00017964
0.00018
0.00017964
0.00017858
0.00017681
0.00017434
0.00017119
0.00016736
0.00016287
0.00015774
0.00015198
0.00014562
0.00013869
0.00013121
0.00012322
0.00011474
0.0001058
9.6449e-05
8.6716e-05
7.664e-05
6.6262e-05
5.5623e-05
4.4764e-05
3.3729e-05
2.256e-05
1.1302e-05
1.4108e-18
-1.1302e-05
-2.256e-05
-3.3729e-05
-4.4764e-05
-5.5623e-05
-6.6262e-05
-7.664e-05
-8.6716e-05
-9.6449e-05
-0.0001058
-0.00011474
-0.00012322
-0.00013121
-0.00013869
-0.00014562
-0.00015198
-0.00015774
-0.00016287
-0.00016736
-0.00017119
-0.00017434
-0.00017681
-0.00017858
-0.00017964
-0.00018
-0.00017964
-0.00017858
-0.00017681
-0.00017434
-0.00017119
-0.00016736
-0.00016287
-0.00015774
-0.00015198
-0.00014562
-0.00013869
-0.00013121
-0.00012322
-0.00011474
-0.0001058
-9.6449e-05
-8.6716e-05
-7.664e-05
-6.6262e-05
-5.5623e-05
-4.4764e-05
-3.3729e-05
-2.256e-05
-1.1302e-05
-3.3513e-18
1.1302e-05
2.256e-05
3.3729e-05
4.4764e-05
5.5623e-05
6.6262e-05
7.664e-05
8.6716e-05
9.6449e-05
0.0001058
0.00011474
0.00012322
0.00013121
0.00013869
0.00014562
0.00015198
0.00015774
0.00016287
0.00016736
0.00017119
0.00017434
0.00017681
0.00017858
0.00017964
0.00018
0.00017964
0.00017858
0.00017681
0.00017434
0.00017119
0.00016736
0.00016287
0.00015774
0.00015198
0.00014562
0.00013869
0.00013121
0.00012322
0.00011474
0.0001058
9.6449e-05
8.6716e-05
7.664e-05
6.6262e-05
5.5623e-05
4.4764e-05
3.3729e-05
2.256e-05
1.1302e-05
1.759e-19
-1.1302e-05
-2.256e-05
-3.3729e-05
-4.4764e-05
-5.5623e-05
-6.6262e-05
-7.664e-05
-8.6716e-05
-9.6449e-05
-0.0001058
-0.00011474
-0.00012322
-0.00013121
-0.00013869
-0.00014562
-0.00015198
-0.00015774
-0.00016287
-0.00016736
-0.00017119
-0.00017434
-0.00017681
-0.00017858
-0.00017964
-0.00018
-0.00017964
-0.00017858
-0.00017681
-0.00017434
-0.00017119
-0.00016736
-0.00016287
-0.00015774
-0.00015198
-0.00014562
-0.00013869
-0.00013121
-0.00012322
-0.00011474
-0.0001058
-9.6449e-05
-8.6716e-05
-7.664e-05
-6.6262e-05
-5.5623e-05
-4.4764e-05
-3.3729e-05
-2.256e-05
-1.1302e-05
-2.1164e-18
1.1302e-05
2.256e-05
3.3729e-05
4.4764e-05
5.5623e-05
6.6262e-05
7.664e-05
8.6716e-05
9.6449e-05
0.0001058
0.00011474
0.00012322
0.00013121
0.00013869
0.00014562
0.00015198
0.00015774
0.00016287
0.00016736
0.00017119
0.00017434
0.00017681
0.00017858
0.00017964
0.00018
0.00017964
0.00017858
0.00017681
0.00017434
0.00017119
0.00016736
0.00016287
0.00015774
0.00015198
0.00014562
0.00013869
0.00013121
0.00012322
0.00011474
0.0001058
9.6449e-05
8.6716e-05
7.664e-05
6.6262e-05
5.5623e-05
4.4764e-05
3.3729e-05
2.256e-05
1.1302e-05
4.0569e-18
-1.1302e-05
-2.256e-05
-3.3729e-05
-4.4764e-05
-5.5623e-05
-6.6262e-05
-7.664e-05
-8.6716e-05
-9.6449e-05
-0.0001058
-0.00011474
-0.00012322
-0.00013121
-0.00013869
-0.00014562
-0.00015198
-0.00015774
-0.00016287
-0.00016736
-0.00017119
-0.00017434
-0.00017681
-0.00017858
-0.00017964
-0.00018
-0.00017964
-0.00017858
-0.00017681
-0.00017434
-0.00017119
-0.00016736
-0.00016287
-0.00015774
-0.00015198
-0.00014562
-0.00013869
-0.00013121
-0.00012322
-0.00011474
-0.0001058
-9.6449e-05
-8.6716e-05
-7.664e-05
-6.6262e-05
-5.5623e-05
-4.4764e-05
-3.3729e-05
-2.256e-05
-1.1302e-05
-8.8152e-19
1.1302e-05
2.256e-05
3.3729e-05
4.4764e-05
5.5623e-05
6.6262e-05
7.664e-05
8.6716e-05
9.6449e-05
0.0001058
0.00011474
0.00012322
0.00013121
0.00013869
0.00014562
0.00015198
0.00015774
0.00016287
0.00016736
0.00017119
0.00017434
0.00017681
0.00017858
0.00017964
0.00018
0.00017964
0.00017858
0.00017681
0.00017434
0.00017119
0.00016736
0.00016287
0.00015774
0.00015198
0.00014562
0.00013869
0.00013121
0.00012322
0.00011474
0.0001058
9.6449e-05
8.6716e-05
7.664e-05
6.6262e-05
5.5623e-05
4.4764e-05
3.3729e-05
2.256e-05
1.1302e-05
2.822e-18
-1.1302e-05
-2.256e-05
-3.3729e-05
-4.4764e-05
-5.5623e-05
-6.6262e-05
-7.664e-05
-8.6716e-05
-9.6449e-05
-0.0001058
-0.00011474
-0.00012322
-0.00013121
-0.00013869
-0.00014562
-0.00015198
-0.00015774
-0.00016287
-0.00016736
-0.00017119
-0.00017434
-0.00017681
-0.00017858
-0.00017964
-0.00018
-0.00017964
-0.00017858
-0.00017681
-0.00017434
-0.00017119
-0.00016736
-0.00016287
-0.00015774
-0.00015198
-0.00014562
-0.00013869
-0.00013121
-0.00012322
-0.00011474
-0.0001058
-9.6449e-05
-8.6716e-05
-7.664e-05
-6.6262e-05
-5.5623e-05
-4.4764e-05
-3.3729e-05
-2.256e-05
-1.1302e-05
3.5337e-19
1.1302e-05
2.256e-05
3.3729e-05
4.4764e-05
5.5623e-05
6.6262e-05
7.664e-05
8.6716e-05
9.6449e-05
0.0001058
0.00011474
0.00012322
0.00013121
0.00013869
0.00014562
0.00015198
0.00015774
0.00016287
0.00016736
0.00017119
0.00017434
0.00017681
0.00017858
0.00017964
0.00018
0.00017964
0.00017858
0.00017681
0.00017434
0.00017119
0.00016736
0.00016287
0.00015774
0.00015198
0.00014562
0.00013869
0.00013121
0.00012322
0.00011474
0.0001058
9.6449e-05
8.6716e-05
7.664e-05
6.6262e-05
5.5623e-05
4.4764e-05
3.3729e-05
2.256e-05
1.1302e-05
1.5871e-18
-1.1302e-05
-2.256e-05
-3.3729e-05
-4.4764e-05
-5.5623e-05
-6.6262e-05
-7.664e-05
-8.6716e-05
-9.6449e-05
-0.0001058
-0.00011474
-0.00012322
-0.00013121
-0.00013869
-0.00014562
-0.00015198
-0.00015774
-0.00016287
-0.00016736
-0.00017119
-0.00017434
-0.00017681
-0.00017858
-0.00017964
-0.00018
-0.00017964
-0.00017858
-0.00017681
-0.00017434
-0.00017119
-0.00016736
-0.00016287
-0.00015774
-0.00015198
-0.00014562
-0.00013869
-0.00013121
-0.00012322
-0.00011474
-0.0001058
-9.6449e-05
-8.6716e-05
-7.664e-05
-6.6262e-05
-5.5623e-05
-4.4764e-05
-3.3729e-05
-2.256e-05
-1.1302e-05
-3.5277e-18
1.1302e-05
2.256e-05
3.3729e-05
4.4764e-05
5.5623e-05
6.6262e-05
7.664e-05
8.6716e-05
9.6449e-05
0.0001058
0.00011474
0.00012322
0.00013121
0.00013869
0.00014562
0.00015198
0.00015774
0.00016287
0.00016736
0.00017119
0.00017434
0.00017681
0.00017858
0.00017964
0.00018
0.00017964
0.00017858
0.00017681
0.00017434
0.00017119
0.00016736
0.00016287
0.00015774
0.00015198
0.00014562
0.00013869
0.00013121
0.00012322
0.00011474
0.0001058
9.6449e-05
8.6716e-05
7.664e-05
6.6262e-05
5.5623e-05
4.4764e-05
3.3729e-05
2.256e-05
1.1302e-05
3.5225e-19
-1.1302e-05
-2.256e-05
-3.3729e-05
-4.4764e-05
-5.5623e-05
-6.6262e-05
-7.664e-05
-8.6716e-05
-9.6449e-05
-0.0001058
-0.00011474
-0.00012322
-0.00013121
-0.00013869
-0.00014562
-0.00015198
-0.00015774
-0.00016287
-0.00016736
-0.00017119
-0.00017434
-0.00017681
-0.00017858
-0.00017964
-0.00018
-0.00017964
-0.00017858
-0.00017681
-0.00017434
-0.00017119
-0.00016736
-0.00016287
-0.00015774
-0.00015198
-0.00014562
-0.00013869
-0.00013121
-0.00012322
-0.00011474
-0.0001058
-9.6449e-05
-8.6716e-05
-7.664e-05
-6.6262e-05
-5.5623e-05
-4.4764e-05
-3.3729e-05
-2.256e-05
-1.1302e-05
-2.2928e-18
1.1302e-05
2.256e-05
3.3729e-05
4.4764e-05
5.5623e-05
6.6262e-05
7.664e-05
8.6716e-05
9.6449e-05
0.0001058
0.00011474
0.00012322
0.00013121
0.00013869
0.00014562
0.00015198
0.00015774
0.00016287
0.00016736
0.00017119
0.00017434
0.00017681
0.00017858
0.00017964
0.00018
0.00017964
0.00017858
0.00017681
0.00017434
0.00017119
0.00016736
0.00016287
0.00015774
0.00015198
0.00014562
0.00013869
0.00013121
0.00012322
0.00011474
0.0001058
9.6449e-05
8.6716e-05
7.664e-05
6.6262e-05
5.5623e-05
4.4764e-05
3.3729e-05
2.256e-05
1.1302e-05
-8.8264e-19
-1.1302e-05
-2.256e-05
-3.3729e-05
-4.4764e-05
-5.5623e-05
-6.6262e-05
-7.664e-05
-8.6716e-05
-9.6449e-05
-0.0001058
-0.00011474
-0.00012322
-0.00013121
-0.00013869
-0.00014562
-0.00015198
-0.00015774
-0.00016287
-0.00016736
-0.00017119
-0.00017434
-0.00017681
-0.00017858
-0.00017964
-0.00018
-0.00017964
-0.00017858
-0.00017681
-0.00017434
-0.00017119
-0.00016736
-0.00016287
-0.00015774
-0.00015198
-0.00014562
-0.00013869
-0.00013121
-0.00012322
-0.00011474
-0.0001058
-9.6449e-05
-8.6716e-05
-7.664e-05
-6.6262e-05
-5.5623e-05
-4.4764e-05
-3.3729e-05
-2.256e-05
-1.1302e-05
-1.0579e-18
1.1302e-05
2.256e-05
3.3729e-05
4.4764e-05
5.5623e-05
6.6262e-05
7.664e-05
8.6716e-05
9.6449e-05
0.0001058
0.00011474
0.00012322
0.00013121
0.00013869
0.00014562
0.00015198
0.00015774
0.00016287
0.00016736
0.00017119
0.00017434
0.00017681
0.00017858
0.00017964
0.00018
0.00017964
0.00017858
0.00017681
0.00017434
0.00017119
0.00016736
0.00016287
0.00015774
0.00015198
0.00014562
0.00013869
0.00013121
0.00012322
0.00011474
0.0001058
9.6449e-05
8.6716e-05
7.664e-05
6.6262e-05
5.5623e-05
4.4764e-05
3.3729e-05
2.256e-05
1.1302e-05
2.9984e-18
-1.1302e-05
-2.256e-05
-3.3729e-05
-4.4764e-05
-5.5623e-05
-6.6262e-05
-7.664e-05
-8.6716e-05
-9.6449e-05
-0.0001058
-0.00011474
-0.00012322
-0.00013121
-0.00013869
-0.00014562
-0.00015198
-0.00015774
-0.00016287
-0.00016736
-0.00017119
-0.00017434
-0.00017681
-0.00017858
-0.00017964
-0.00018
-0.00017964
-0.00017858
-0.00017681
-0.00017434
-0.00017119
-0.00016736
-0.00016287
-0.00015774
-0.00015198
-0.00014562
-0.00013869
-0.00013121
-0.00012322
-0.00011474
-0.0001058
-9.6449e-05
-8.6716e-05
-7.664e-05
-6.6262e-05
-5.5623e-05
-4.4764e-05
-3.3729e-05
-2.256e-05
-1.1302e-05
1.7702e-19
1.1302e-05
2.256e-05
3.3729e-05
4.4764e-05
5.5623e-05
6.6262e-05
7.664e-05
8.6716e-05
9.6449e-05
0.0001058
0.00011474
0.00012322
0.00013121
0.00013869
0.00014562
0.00015198
0.00015774
0.00016287
0.00016736
0.00017119
0.00017434
0.00017681
0.00017858
0.00017964
0.00018
0.00017964
0.00017858
0.00017681
0.00017434
0.00017119
0.00016736
0.00016287
0.00015774
0.00015198
0.00014562
0.00013869
0.00013121
0.00012322
0.00011474
0.0001058
9.6449e-05
8.6716e-05
7.664e-05
6.6262e-05
5.5623e-05
4.4764e-05
3.3729e-05
2.256e-05
1.1302e-05
1.7635e-18
-1.1302e-05
-2.256e-05
-3.3729e-05
-4.4764e-05
-5.5623e-05
-6.6262e-05
-7.664e-05
-8.6716e-05
-9.6449e-05
-0.0001058
-0.00011474
-0.00012322
-0.00013121
-0.00013869
-0.00014562
-0.00015198
-0.00015774
-0.00016287
-0.00016736
-0.00017119
-0.00017434
-0.00017681
-0.00017858
-0.00017964
-0.00018
-0.00017964
-0.00017858
-0.00017681
-0.00017434
-0.00017119
-0.00016736
-0.00016287
-0.00015774
-0.00015198
-0.00014562
-0.00013869
-0.00013121
-0.00012322
-0.00011474
-0.0001058
-9.6449e-05
-8.6716e-05
-7.664e-05
-6.6262e-05
-5.5623e-05
-4.4764e-05
-3.3729e-05
-2.256e-05
-1.1302e-05
-3.704e-18
1.1302e-05
2.256e-05
3.3729e-05
4.4764e-05
5.5623e-05
6.6262e-05
7.664e-05
8.6716e-05
9.6449e-05
0.0001058
0.00011474
0.00012322
0.00013121
0.00013869
0.00014562
0.00015198
0.00015774
0.00016287
0.00016736
0.00017119
0.00017434
0.00017681
0.00017858
0.00017964
0.00018
0.00017964
0.00017858
0.00017681
0.00017434
0.00017119
0.00016736
0.00016287
0.00015774
0.00015198
0.00014562
0.00013869
0.00013121
0.00012322
0.00011474
0.0001058
9.6449e-05
8.6716e-05
7.664e-05
6.6262e-05
5.5623e-05
4.4764e-05
3.3729e-05
2.256e-05
1.1302e-05
5.6445e-18
-1.1302e-05
-2.256e-05
-3.3729e-05
-4.4764e-05
-5.5623e-05
-6.6262e-05
-7.664e-05
-8.6716e-05
-9.6449e-05
-0.0001058
-0.00011474
-0.00012322
-0.00013121
-0.00013869
-0.00014562
-0.00015198
-0.00015774
-0.00016287
-0.00016736
-0.00017119
-0.00017434
-0.00017681
-0.00017858
-0.00017964
-0.00018
-0.00017964
-0.00017858
-0.00017681
-0.00017434
-0.00017119
-0.00016736
-0.00016287
-0.00015774
-0.00015198
-0.00014562
-0.00013869
-0.00013121
-0.00012322
-0.00011474
-0.0001058
-9.6449e-05
-8.6716e-05
-7.664e-05
-6.6262e-05
-5.5623e-05
-4.4764e-05
-3.3729e-05
-2.256e-05
-1.1302e-05
2.6468e-18
1.1302e-05
2.256e-05
3.3729e-05
4.4764e-05
5.5623e-05
6.6262e-05
7.664e-05
8.6716e-05
9.6449e-05
0.0001058
0.00011474
0.00012322
0.00013121
0.00013869
0.00014562
0.00015198
0.00015774
0.00016287
0.00016736
0.00017119
0.00017434
0.00017681
0.00017858
0.00017964
0.00018
0.00017964
0.00017858
0.00017681
0.00017434
0.00017119
0.00016736
0.00016287
0.00015774
0.00015198
0.00014562
0.00013869
0.00013121
0.00012322
0.00011474
0.0001058
9.6449e-05
8.6716e-05
7.664e-05
6.6262e-05
5.5623e-05
4.4764e-05
3.3729e-05
2.256e-05
1.1302e-05
-7.0629e-19
-1.1302e-05
-2.256e-05
-3.3729e-05
-4.4764e-05
-5.5623e-05
-6.6262e-05
-7.664e-05
-8.6716e-05
-9.6449e-05
-0.0001058
-0.00011474
-0.00012322
-0.00013121
-0.00013869
-0.00014562
-0.00015198
-0.00015774
-0.00016287
-0.00016736
-0.00017119
-0.00017434
-0.00017681
-0.00017858
-0.00017964
-0.00018
-0.00017964
-0.00017858
-0.00017681
-0.00017434
-0.00017119
-0.00016736
-0.00016287
-0.00015774
-0.00015198
-0.00014562
-0.00013869
-0.00013121
-0.00012322
-0.00011474
-0.0001058
-9.6449e-05
-8.6716e-05
-7.664e-05
-6.6262e-05
-5.5623e-05
-4.4764e-05
-3.3729e-05
-2.256e-05
-1.1302e-05
-1.2342e-18
1.1302e-05
2.256e-05
3.3729e-05
4.4764e-05
5.5623e-05
6.6262e-05
7.664e-05
8.6716e-05
9.6449e-05
0.0001058
0.00011474
0.00012322
0.00013121
0.00013869
0.00014562
0.00015198
0.00015774
0.00016287
0.00016736
0.00017119
0.00017434
0.00017681
0.00017858
0.00017964
0.00018
0.00017964
0.00017858
0.00017681
0.00017434
0.00017119
0.00016736
0.00016287
0.00015774
0.00015198
0.00014562
0.00013869
0.00013121
0.00012322
0.00011474
0.0001058
9.6449e-05
8.6716e-05
7.664e-05
6.6262e-05
5.5623e-05
4.4764e-05
3.3729e-05
2.256e-05
1.1302e-05
3.1747e-18
-1.1302e-05
-2.256e-05
-3.3729e-05
-4.4764e-05
-5.5623e-05
-6.6262e-05
-7.664e-05
-8.6716e-05
-9.6449e-05
-0.0001058
-0.00011474
-0.00012322
-0.00013121
-0.00013869
-0.00014562
-0.00015198
-0.00015774
-0.00016287
-0.00016736
-0.00017119
-0.00017434
-0.00017681
-0.00017858
-0.00017964
-0.00018
-0.00017964
-0.00017858
-0.00017681
-0.00017434
-0.00017119
-0.00016736
-0.00016287
-0.00015774
-0.00015198
-0.00014562
-0.00013869
-0.00013121
-0.00012322
-0.00011474
-0.0001058
-9.6449e-05
-8.6716e-05
-7.664e-05
-6.6262e-05
-5.5623e-05
-4.4764e-05
-3.3729e-05
-2.256e-05
-1.1302e-05
5.1166e-18
1.1302e-05
2.256e-05
3.3729e-05
4.4764e-05
5.5623e-05
6.6262e-05
7.664e-05
8.6716e-05
9.6449e-05
0.0001058
0.00011474
0.00012322
0.00013121
0.00013869
0.00014562
0.00015198
0.00015774
0.00016287
0.00016736
0.00017119
0.00017434
0.00017681
0.00017858
0.00017964
0.00018
0.00017964
0.00017858
0.00017681
0.00017434
0.00017119
0.00016736
0.00016287
0.00015774
0.00015198
0.00014562
0.00013869
0.00013121
0.00012322
0.00011474
0.0001058
9.6449e-05
8.6716e-05
7.664e-05
6.6262e-05
5.5623e-05
4.4764e-05
3.3729e-05
2.256e-05
1.1302e-05
-3.1761e-18
-1.1302e-05
-2.256e-05
-3.3729e-05
-4.4764e-05
-5.5623e-05
-6.6262e-05
-7.664e-05
-8.6716e-05
-9.6449e-05
-0.0001058
-0.00011474
-0.00012322
-0.00013121
-0.00013869
-0.00014562
-0.00015198
-0.00015774
-0.00016287
-0.00016736
-0.00017119
-0.00017434
-0.00017681
-0.00017858
-0.00017964
-0.00018
-0.00017964
-0.00017858
-0.00017681
-0.00017434
-0.00017119
-0.00016736
-0.00016287
-0.00015774
-0.00015198
-0.00014562
-0.00013869
-0.00013121
-0.00012322
-0.00011474
-0.0001058
-9.6449e-05
-8.6716e-05
-7.664e-05
-6.6262e-05
-5.5623e-05
-4.4764e-05
-3.3729e-05
-2.256e-05
-1.1302e-05
1.2356e-18
1.1302e-05
2.256e-05
3.3729e-05
4.4764e-05
5.5623e-05
6.6262e-05
7.664e-05
8.6716e-05
9.6449e-05
0.0001058
0.00011474
0.00012322
0.00013121
0.00013869
0.00014562
0.00015198
0.00015774
0.00016287
0.00016736
0.00017119
0.00017434
0.00017681
0.00017858
0.00017964
0.00018
0.00017964
0.00017858
0.00017681
0.00017434
0.00017119
0.00016736
0.00016287
0.00015774
0.00015198
0.00014562
0.00013869
0.00013121
0.00012322
0.00011474
0.0001058
9.6449e-05
8.6716e-05
7.664e-05
6.6262e-05
5.5623e-05
4.4764e-05
3.3729e-05
2.256e-05
1.1302e-05
7.0495e-19
-1.1302e-05
-2.256e-05
-3.3729e-05
-4.4764e-05
-5.5623e-05
-6.6262e-05
-7.664e-05
-8.6716e-05
-9.6449e-05
-0.0001058
-0.00011474
-0.00012322
-0.00013121
-0.00013869
-0.00014562
-0.00015198
-0.00015774
-0.00016287
-0.00016736
-0.00017119
-0.00017434
-0.00017681
-0.00017858
-0.00017964
-0.00018
-0.00017964
-0.00017858
-0.00017681
-0.00017434
-0.00017119
-0.00016736
-0.00016287
-0.00015774
-0.00015198
-0.00014562
-0.00013869
-0.00013121
-0.00012322
-0.00011474
-0.0001058
-9.6449e-05
-8.6716e-05
-7.664e-05
-6.6262e-05
-5.5623e-05
-4.4764e-05
-3.3729e-05
-2.256e-05
-1.1302e-05
-2.6455e-18
1.1302e-05
2.256e-05
3.3729e-05
4.4764e-05
5.5623e-05
6.6262e-05
7.664e-05
8.6716e-05
9.6449e-05
0.0001058
0.00011474
0.00012322
0.00013121
0.00013869
0.00014562
0.00015198
0.00015774
0.00016287
0.00016736
0.00017119
0.00017434
0.00017681
0.00017858
0.00017964
0.00018
0.00017964
0.00017858
0.00017681
0.00017434
0.00017119
0.00016736
0.00016287
0.00015774
0.00015198
0.00014562
0.00013869
0.00013121
0.00012322
0.00011474
0.0001058
9.6449e-05
8.6716e-05
7.664e-05
6.6262e-05
5.5623e-05
4.4764e-05
3.3729e-05
2.256e-05
1.1302e-05
-5.6458e-18
-1.1302e-05
-2.256e-05
-3.3729e-05
-4.4764e-05
-5.5623e-05
-6.6262e-05
-7.664e-05
-8.6716e-05
-9.6449e-05
-0.0001058
-0.00011474
-0.00012322
-0.00013121
-0.00013869
-0.00014562
-0.00015198
-0.00015774
-0.00016287
-0.00016736
-0.00017119
-0.00017434
-0.00017681
-0.00017858
-0.00017964
-0.00018
-0.00017964
-0.00017858
-0.00017681
-0.00017434
-0.00017119
-0.00016736
-0.00016287
-0.00015774
-0.00015198
-0.00014562
-0.00013869
-0.00013121
-0.00012322
-0.00011474
-0.0001058
-9.6449e-05
-8.6716e-05
-7.664e-05
-6.6262e-05
-5.5623e-05
-4.4764e-05
-3.3729e-05
-2.256e-05
-1.1302e-05
3.7053e-18
1.1302e-05
2.256e-05
3.3729e-05
4.4764e-05
5.5623e-05
6.6262e-05
7.664e-05
8.6716e-05
9.6449e-05
0.0001058
0.00011474
0.00012322
0.00013121
0.00013869
0.00014562
0.00015198
0.00015774
0.00016287
0.00016736
0.00017119
0.00017434
0.00017681
0.00017858
0.00017964
0.00018
0.00017964
0.00017858
0.00017681
0.00017434
0.00017119
0.00016736
0.00016287
0.00015774
0.00015198
0.00014562
0.00013869
0.00013121
0.00012322
0.00011474
0.0001058
9.6449e-05
8.6716e-05
7.664e-05
6.6262e-05
5.5623e-05
4.4764e-05
3.3729e-05
2.256e-05
1.1302e-05
-1.7648e-18
-1.1302e-05
-2.256e-05
-3.3729e-05
-4.4764e-05
-5.5623e-05
-6.6262e-05
-7.664e-05
-8.6716e-05
-9.6449e-05
-0.0001058
-0.00011474
-0.00012322
-0.00013121
-0.00013869
-0.00014562
-0.00015198
-0.00015774
-0.00016287
-0.00016736
-0.00017119
-0.00017434
-0.00017681
-0.00017858
-0.00017964
-0.00018
-0.00017964
-0.00017858
-0.00017681
-0.00017434
-0.00017119
-0.00016736
-0.00016287
-0.00015774
-0.00015198
-0.00014562
-0.00013869
-0.00013121
-0.00012322
-0.00011474
-0.0001058
-9.6449e-05
-8.6716e-05
-7.664e-05
-6.6262e-05
-5.5623e-05
-4.4764e-05
-3.3729e-05
-2.256e-05
-1.1302e-05
-1.7568e-19
1.1302e-05
2.256e-05
3.3729e-05
4.4764e-05
5.5623e-05
6.6262e-05
7.664e-05
8.6716e-05
9.6449e-05
0.0001058
0.00011474
0.00012322
0.00013121
0.00013869
0.00014562
0.00015198
0.00015774
0.00016287
0.00016736
0.00017119
0.00017434
0.00017681
0.00017858
0.00017964
0.00018
0.00017964
0.00017858
0.00017681
0.00017434
0.00017119
0.00016736
0.00016287
0.00015774
0.00015198
0.00014562
0.00013869
0.00013121
0.00012322
0.00011474
0.0001058
9.6449e-05
8.6716e-05
7.664e-05
6.6262e-05
5.5623e-05
4.4764e-05
3.3729e-05
2.256e-05
1.1302e-05
2.1162e-18
-1.1302e-05
-2.256e-05
-3.3729e-05
-4.4764e-05
-5.5623e-05
-6.6262e-05
-7.664e-05
-8.6716e-05
-9.6449e-05
-0.0001058
-0.00011474
-0.00012322
-0.00013121
-0.00013869
-0.00014562
-0.00015198
-0.00015774
-0.00016287
-0.00016736
-0.00017119
-0.00017434
-0.00017681
-0.00017858
-0.00017964
-0.00018
-0.00017964
-0.00017858
-0.00017681
-0.00017434
-0.00017119
-0.00016736
-0.00016287
-0.00015774
-0.00015198
-0.00014562
-0.00013869
-0.00013121
-0.00012322
-0.00011474
-0.0001058
-9.6449e-05
-8.6716e-05
-7.664e-05
-6.6262e-05
-5.5623e-05
-4.4764e-05
-3.3729e-05
-2.256e-05
-1.1302e-05
6.1751e-18
1.1302e-05
2.256e-05
3.3729e-05
4.4764e-05
5.5623e-05
6.6262e-05
7.664e-05
8.6716e-05
9.6449e-05
0.0001058
0.00011474
0.00012322
0.00013121
0.00013869
0.00014562
0.00015198
0.00015774
0.00016287
0.00016736
0.00017119
0.00017434
0.00017681
0.00017858
0.00017964
0.00018
0.00017964
0.00017858
0.00017681
0.00017434
0.00017119
0.00016736
0.00016287
0.00015774
0.00015198
0.00014562
0.00013869
0.00013121
0.00012322
0.00011474
0.0001058
9.6449e-05
8.6716e-05
7.664e-05
6.6262e-05
5.5623e-05
4.4764e-05
3.3729e-05
2.256e-05
1.1302e-05
-4.2346e-18
-1.1302e-05
-2.256e-05
-3.3729e-05
-4.4764e-05
-5.5623e-05
-6.6262e-05
-7.664e-05
-8.6716e-05
-9.6449e-05
-0.0001058
-0.00011474
-0.00012322
-0.00013121
-0.00013869
-0.00014562
-0.00015198
-0.00015774
-0.00016287
-0.00016736
-0.00017119
-0.00017434
-0.00017681
-0.00017858
-0.00017964
-0.00018
-0.00017964
-0.00017858
-0.00017681
-0.00017434
-0.00017119
-0.00016736
-0.00016287
-0.00015774
-0.00015198
-0.00014562
-0.00013869
-0.00013121
-0.00012322
-0.00011474
-0.0001058
-9.6449e-05
-8.6716e-05
-7.664e-05
-6.6262e-05
-5.5623e-05
-4.4764e-05
-3.3729e-05
-2.256e-05
-1.1302e-05
2.2941e-18
1.1302e-05
2.256e-05
3.3729e-05
4.4764e-05
5.5623e-05
6.6262e-05
7.664e-05
8.6716e-05
9.6449e-05
0.0001058
0.00011474
0.00012322
0.00013121
0.00013869
0.00014562
0.00015198
0.00015774
0.00016287
0.00016736
0.00017119
0.00017434
0.00017681
0.00017858
0.00017964
0.00018
0.00017964
0.00017858
0.00017681
0.00017434
0.00017119
0.00016736
0.00016287
0.00015774
0.00015198
0.00014562
0.00013869
0.00013121
0.00012322
0.00011474
0.0001058
9.6449e-05
8.6716e-05
7.664e-05
6.6262e-05
5.5623e-05
4.4764e-05
3.3729e-05
2.256e-05
1.1302e-05
-3.5359e-19
-1.1302e-05
-2.256e-05
-3.3729e-05
-4.4764e-05
-5.5623e-05
-6.6262e-05
-7.664e-05
-8.6716e-05
-9.6449e-05
-0.0001058
-0.00011474
-0.00012322
-0.00013121
-0.00013869
-0.00014562
-0.00015198
-0.00015774
-0.00016287
-0.00016736
-0.00017119
-0.00017434
-0.00017681
-0.00017858
-0.00017964
-0.00018
-0.00017964
-0.00017858
-0.00017681
-0.00017434
-0.00017119
-0.00016736
-0.00016287
-0.00015774
-0.00015198
-0.00014562
-0.00013869
-0.00013121
-0.00012322
-0.00011474
-0.0001058
-9.6449e-05
-8.6716e-05
-7.664e-05
-6.6262e-05
-5.5623e-05
-4.4764e-05
-3.3729e-05
-2.256e-05
-1.1302e-05
-1.5869e-18
1.1302e-05
2.256e-05
3.3729e-05
4.4764e-05
5.5623e-05
6.6262e-05
7.664e-05
8.6716e-05
9.6449e-05
0.0001058
0.00011474
0.00012322
0.00013121
0.00013869
0.00014562
0.00015198
0.00015774
0.00016287
0.00016736
0.00017119
0.00017434
0.00017681
0.00017858
0.00017964
0.00018
0.00017964
0.00017858
0.00017681
0.00017434
0.00017119
0.00016736
0.00016287
0.00015774
0.00015198
0.00014562
0.00013869
0.00013121
0.00012322
0.00011474
0.0001058
9.6449e-05
8.6716e-05
7.664e-05
6.6262e-05
5.5623e-05
4.4764e-05
3.3729e-05
2.256e-05
1.1302e-05
3.5274e-18
-1.1302e-05
-2.256e-05
-3.3729e-05
-4.4764e-05
-5.5623e-05
-6.6262e-05
-7.664e-05
-8.6716e-05
-9.6449e-05
-0.0001058
-0.00011474
-0.00012322
-0.00013121
-0.00013869
-0.00014562
-0.00015198
-0.00015774
-0.00016287
-0.00016736
-0.00017119
-0.00017434
-0.00017681
-0.00017858
-0.00017964
-0.00018
-0.00017964
-0.00017858
-0.00017681
-0.00017434
-0.00017119
-0.00016736
-0.00016287
-0.00015774
-0.00015198
-0.00014562
-0.00013869
-0.00013121
-0.00012322
-0.00011474
-0.0001058
-9.6449e-05
-8.6716e-05
-7.664e-05
-6.6262e-05
-5.5623e-05
-4.4764e-05
-3.3729e-05
-2.256e-05
-1.1302e-05
-5.4679e-18
1.1302e-05
2.256e-05
3.3729e-05
4.4764e-05
5.5623e-05
6.6262e-05
7.664e-05
8.6716e-05
9.6449e-05
0.0001058
0.00011474
0.00012322
0.00013121
0.00013869
0.00014562
0.00015198
0.00015774
0.00016287
0.00016736
0.00017119
0.00017434
0.00017681
0.00017858
0.00017964
0.00018
0.00017964
0.00017858
0.00017681
0.00017434
0.00017119
0.00016736
0.00016287
0.00015774
0.00015198
0.00014562
0.00013869
0.00013121
0.00012322
0.00011474
0.0001058
9.6449e-05
8.6716e-05
7.664e-05
6.6262e-05
5.5623e-05
4.4764e-05
3.3729e-05
2.256e-05
1.1302e-05
-2.8234e-18
-1.1302e-05
-2.256e-05
-3.3729e-05
-4.4764e-05
-5.5623e-05
-6.6262e-05
-7.664e-05
-8.6716e-05
-9.6449e-05
-0.0001058
-0.00011474
-0.00012322
-0.00013121
-0.00013869
-0.00014562
-0.00015198
-0.00015774
-0.00016287
-0.00016736
-0.00017119
-0.00017434
-0.00017681
-0.00017858
-0.00017964
-0.00018
-0.00017964
-0.00017858
-0.00017681
-0.00017434
-0.00017119
-0.00016736
-0.00016287
-0.00015774
-0.00015198
-0.00014562
-0.00013869
-0.00013121
-0.00012322
-0.00011474
-0.0001058
-9.6449e-05
-8.6716e-05
-7.664e-05
-6.6262e-05
-5.5623e-05
-4.4764e-05
-3.3729e-05
-2.256e-05
-1.1302e-05
8.8286e-19
1.1302e-05
2.256e-05
3.3729e-05
4.4764e-05
5.5623e-05
6.6262e-05
7.664e-05
8.6716e-05
9.6449e-05
0.0001058
0.00011474
0.00012322
0.00013121
0.00013869
0.00014562
0.00015198
0.00015774
0.00016287
0.00016736
0.00017119
0.00017434
0.00017681
0.00017858
0.00017964
0.00018
0.00017964
0.00017858
0.00017681
0.00017434
0.00017119
0.00016736
0.00016287
0.00015774
0.00015198
0.00014562
0.00013869
0.00013121
0.00012322
0.00011474
0.0001058
9.6449e-05
8.6716e-05
7.664e-05
6.6262e-05
5.5623e-05
4.4764e-05
3.3729e-05
2.256e-05
1.1302e-05
1.0576e-18
-1.1302e-05
-2.256e-05
-3.3729e-05
-4.4764e-05
-5.5623e-05
-6.6262e-05
-7.664e-05
-8.6716e-05
-9.6449e-05
-0.0001058
-0.00011474
-0.00012322
-0.00013121
-0.00013869
-0.00014562
-0.00015198
-0.00015774
-0.00016287
-0.00016736
-0.00017119
-0.00017434
-0.00017681
-0.00017858
-0.00017964
-0.00018
-0.00017964
-0.00017858
-0.00017681
-0.00017434
-0.00017119
-0.00016736
-0.00016287
-0.00015774
-0.00015198
-0.00014562
-0.00013869
-0.00013121
-0.00012322
-0.00011474
-0.0001058
-9.6449e-05
-8.6716e-05
-7.664e-05
-6.6262e-05
-5.5623e-05
-4.4764e-05
-3.3729e-05
-2.256e-05
-1.1302e-05
-2.9982e-18
1.1302e-05
2.256e-05
3.3729e-05
4.4764e-05
5.5623e-05
6.6262e-05
7.664e-05
8.6716e-05
9.6449e-05
0.0001058
0.00011474
0.00012322
0.00013121
0.00013869
0.00014562
0.00015198
0.00015774
0.00016287
0.00016736
0.00017119
0.00017434
0.00017681
0.00017858
0.00017964
0.00018
0.00017964
0.00017858
0.00017681
0.00017434
0.00017119
0.00016736
0.00016287
0.00015774
0.00015198
0.00014562
0.00013869
0.00013121
0.00012322
0.00011474
0.0001058
9.6449e-05
8.6716e-05
7.664e-05
6.6262e-05
5.5623e-05
4.4764e-05
3.3729e-05
2.256e-05
1.1302e-05
4.9387e-18
-1.1302e-05
-2.256e-05
-3.3729e-05
-4.4764e-05
-5.5623e-05
-6.6262e-05
-7.664e-05
-8.6716e-05
-9.6449e-05
-0.0001058
-0.00011474
-0.00012322
-0.00013121
-0.00013869
-0.00014562
-0.00015198
-0.00015774
-0.00016287
-0.00016736
-0.00017119
-0.00017434
-0.00017681
-0.00017858
-0.00017964
-0.00018
-0.00017964
-0.00017858
-0.00017681
-0.00017434
-0.00017119
-0.00016736
-0.00016287
-0.00015774
-0.00015198
-0.00014562
-0.00013869
-0.00013121
-0.00012322
-0.00011474
-0.0001058
-9.6449e-05
-8.6716e-05
-7.664e-05
-6.6262e-05
-5.5623e-05
-4.4764e-05
-3.3729e-05
-2.256e-05
-1.1302e-05
3.3526e-18
1.1302e-05
2.256e-05
3.3729e-05
4.4764e-05
5.5623e-05
6.6262e-05
7.664e-05
8.6716e-05
9.6449e-05
0.0001058
0.00011474
0.00012322
0.00013121
0.00013869
0.00014562
0.00015198
0.00015774
0.00016287
0.00016736
0.00017119
0.00017434
0.00017681
0.00017858
0.00017964
0.00018
0.00017964
0.00017858
0.00017681
0.00017434
0.00017119
0.00016736
0.00016287
0.00015774
0.00015198
0.00014562
0.00013869
0.00013121
0.00012322
0.00011474
0.0001058
9.6449e-05
8.6716e-05
7.664e-05
6.6262e-05
5.5623e-05
4.4764e-05
3.3729e-05
2.256e-05
1.1302e-05
-1.4121e-18
-1.1302e-05
-2.256e-05
-3.3729e-05
-4.4764e-05
-5.5623e-05
-6.6262e-05
-7.664e-05
-8.6716e-05
-9.6449e-05
-0.0001058
-0.00011474
-0.00012322
-0.00013121
-0.00013869
-0.00014562
-0.00015198
-0.00015774
-0.00016287
-0.00016736
-0.00017119
-0.00017434
-0.00017681
-0.00017858
-0.00017964
-0.00018
-0.00017964
-0.00017858
-0.00017681
-0.00017434
-0.00017119
-0.00016736
-0.00016287
-0.00015774
-0.00015198
-0.00014562
-0.00013869
-0.00013121
-0.00012322
-0.00011474
-0.0001058
-9.6449e-05
-8.6716e-05
-7.664e-05
-6.6262e-05
-5.5623e-05
-4.4764e-05
-3.3729e-05
-2.256e-05
-1.1302e-05
-5.2838e-19
1.1302e-05
2.256e-05
3.3729e-05
4.4764e-05
5.5623e-05
6.6262e-05
7.664e-05
8.6716e-05
9.6449e-05
0.0001058
0.00011474
0.00012322
0.00013121
0.00013869
0.00014562
0.00015198
0.00015774
0.00016287
0.00016736
0.00017119
0.00017434
0.00017681
0.00017858
0.00017964
0.00018
0.00017964
0.00017858
0.00017681
0.00017434
0.00017119
0.00016736
0.00016287
0.00015774
0.00015198
0.00014562
0.00013869
0.00013121
0.00012322
0.00011474
0.0001058
9.6449e-05
8.6716e-05
7.664e-05
6.6262e-05
5.5623e-05
4.4764e-05
3.3729e-05
2.256e-05
1.1302e-05
2.4689e-18
-1.1302e-05
-2.256e-05
-3.3729e-05
-4.4764e-05
-5.5623e-05
-6.6262e-05
-7.664e-05
-8.6716e-05
-9.6449e-05
-0.0001058
-0.00011474
-0.00012322
-0.00013121
-0.00013869
-0.00014562
-0.00015198
-0.00015774
-0.00016287
-0.00016736
-0.00017119
-0.00017434
-0.00017681
-0.00017858
-0.00017964
-0.00018
-0.00017964
-0.00017858
-0.00017681
-0.00017434
-0.00017119
-0.00016736
-0.00016287
-0.00015774
-0.00015198
-0.00014562
-0.00013869
-0.00013121
-0.00012322
-0.00011474
-0.0001058
-9.6449e-05
-8.6716e-05
-7.664e-05
-6.6262e-05
-5.5623e-05
-4.4764e-05
-3.3729e-05
-2.256e-05
-1.1302e-05
-4.4094e-18
1.1302e-05
2.256e-05
3.3729e-05
4.4764e-05
5.5623e-05
6.6262e-05
7.664e-05
8.6716e-05
9.6449e-05
0.0001058
0.00011474
0.00012322
0.00013121
0.00013869
0.00014562
0.00015198
0.00015774
0.00016287
0.00016736
0.00017119
0.00017434
0.00017681
0.00017858
0.00017964
0.00018
0.00017964
0.00017858
0.00017681
0.00017434
0.00017119
0.00016736
0.00016287
0.00015774
0.00015198
0.00014562
0.00013869
0.00013121
0.00012322
0.00011474
0.0001058
9.6449e-05
8.6716e-05
7.664e-05
6.6262e-05
5.5623e-05
4.4764e-05
3.3729e-05
2.256e-05
1.1302e-05
-3.8819e-18
-1.1302e-05
-2.256e-05
-3.3729e-05
-4.4764e-05
-5.5623e-05
-6.6262e-05
-7.664e-05
-8.6716e-05
-9.6449e-05
-0.0001058
-0.00011474
-0.00012322
-0.00013121
-0.00013869
-0.00014562
-0.00015198
-0.00015774
-0.00016287
-0.00016736
-0.00017119
-0.00017434
-0.00017681
-0.00017858
-0.00017964
-0.00018
-0.00017964
-0.00017858
-0.00017681
-0.00017434
-0.00017119
-0.00016736
-0.00016287
-0.00015774
-0.00015198
-0.00014562
-0.00013869
-0.00013121
-0.00012322
-0.00011474
-0.0001058
-9.6449e-05
-8.6716e-05
-7.664e-05
-6.6262e-05
-5.5623e-05
-4.4764e-05
-3.3729e-05
-2.256e-05
-1.1302e-05
1.9414e-18
1.1302e-05
2.256e-05
3.3729e-05
4.4764e-05
5.5623e-05
6.6262e-05
7.664e-05
8.6716e-05
9.6449e-05
0.0001058
0.00011474
0.00012322
0.00013121
0.00013869
0.00014562
0.00015198
0.00015774
0.00016287
0.00016736
0.00017119
0.00017434
0.00017681
0.00017858
0.00017964
0.00018
0.00017964
0.00017858
0.00017681
0.00017434
0.00017119
0.00016736
0.00016287
0.00015774
0.00015198
0.00014562
0.00013869
0.00013121
0.00012322
0.00011474
0.0001058
9.6449e-05
8.6716e-05
7.664e-05
6.6262e-05
5.5623e-05
4.4764e-05
3.3729e-05
2.256e-05
1.1302e-05
-8.9044e-22
-1.128e-05
-2.2492e-05
-3.3594e-05
-4.454e-05
-5.5289e-05
-6.5799e-05
-7.6027e-05
-8.5935e-05
-9.5484e-05
-0.00010464
-0.00011336
-0.00012162
-0.00012938
-0.00013661
-0.00014329
-0.0001494
-0.0001549
-0.00015977
-0.00016401
-0.0001676
-0.00017051
-0.00017275
-0.00017429
-0.00017515
-0.00017532
-0.00017479
-0.00017358
-0.00017168
-0.00016911
-0.00016588
-0.000162
-0.00015749
-0.00015237
-0.00014666
-0.00014038
-0.00013356
-0.00012623
-0.00011841
-0.00011015
-0.00010146
-9.2398e-05
-8.2987e-05
-7.3268e-05
-6.3281e-05
-5.3064e-05
-4.266e-05
-3.211e-05
-2.1455e-05
-1.0737e-05
-1.8407e-18
1.0715e-05
2.1364e-05
3.1907e-05
4.2302e-05
5.2508e-05
6.2485e-05
7.2195e-05
8.1599e-05
9.0662e-05
9.9347e-05
0.00010762
0.00011546
0.00012282
0.00012968
0.00013601
0.0001418
0.00014701
0.00015163
0.00015564
0.00015904
0.00016179
0.0001639
0.00016537
0.00016617
0.00016632
0.00016581
0.00016465
0.00016284
0.0001604
0.00015732
0.00015364
0.00014935
0.00014449
0.00013906
0.0001331
0.00012663
0.00011967
0.00011225
0.00010441
9.6173e-05
8.7576e-05
7.8651e-05
6.9436e-05
5.9967e-05
5.0283e-05
4.0422e-05
3.0423e-05
2.0327e-05
1.0172e-05
-5.7102e-18
-1.0149e-05
-2.0236e-05
-3.0221e-05
-4.0064e-05
-4.9727e-05
-5.9172e-05
-6.8363e-05
-7.7264e-05
-8.5839e-05
-9.4057e-05
-0.00010189
-0.00010929
-0.00011626
-0.00012274
-0.00012873
-0.0001342
-0.00013912
-0.00014349
-0.00014728
-0.00015048
-0.00015307
-0.00015506
-0.00015644
-0.00015719
-0.00015732
-0.00015683
-0.00015572
-0.000154
-0.00015168
-0.00014876
-0.00014527
-0.00014121
-0.0001366
-0.00013146
-0.00012582
-0.00011969
-0.00011311
-0.00010609
-9.8673e-05
-9.0883e-05
-8.2753e-05
-7.4315e-05
-6.5604e-05
-5.6654e-05
-4.7502e-05
-3.8184e-05
-2.8737e-05
-1.9199e-05
-9.6069e-06
3.7451e-18
9.5843e-06
1.9108e-05
2.8534e-05
3.7826e-05
4.6946e-05
5.5859e-05
6.4531e-05
7.2928e-05
8.1017e-05
8.8767e-05
9.6149e-05
0.00010313
0.0001097
0.00011581
0.00012145
0.0001266
0.00013124
0.00013534
0.00013891
0.00014192
0.00014436
0.00014622
0.00014751
0.00014821
0.00014832
0.00014785
0.00014679
0.00014516
0.00014296
0.0001402
0.0001369
0.00013306
0.00012871
0.00012386
0.00011854
0.00011276
0.00010655
9.993e-05
9.2936e-05
8.5593e-05
7.7931e-05
6.998e-05
6.1772e-05
5.3341e-05
4.4721e-05
3.5946e-05
2.705e-05
1.8071e-05
9.0418e-06
6.2012e-18
-9.0192e-06
-1.798e-05
-2.6848e-05
-3.5588e-05
-4.4165e-05
-5.2546e-05
-6.0699e-05
-6.8592e-05
-7.6195e-05
-8.3477e-05
-9.0412e-05
-9.6973e-05
-0.00010313
-0.00010887
-0.00011417
-0.000119
-0.00012335
-0.0001272
-0.00013054
-0.00013336
-0.00013564
-0.00013738
-0.00013858
-0.00013922
-0.00013932
-0.00013887
-0.00013786
-0.00013632
-0.00013425
-0.00013165
-0.00012853
-0.00012492
-0.00012083
-0.00011626
-0.00011126
-0.00010582
-9.9985e-05
-9.3769e-05
-8.72e-05
-8.0303e-05
-7.3108e-05
-6.5644e-05
-5.794e-05
-5.0028e-05
-4.194e-05
-3.3707e-05
-2.5364e-05
-1.6943e-05
-8.4767e-06
-7.2665e-18
8.4541e-06
1.6852e-05
2.5162e-05
3.3349e-05
4.1384e-05
4.9233e-05
5.6867e-05
6.4256e-05
7.1372e-05
7.8187e-05
8.4675e-05
9.0812e-05
9.6574e-05
0.00010194
0.00010689
0.0001114
0.00011546
0.00011906
0.00012217
0.0001248
0.00012692
0.00012854
0.00012965
0.00013024
0.00013032
0.00012988
0.00012894
0.00012748
0.00012553
0.00012309
0.00012016
0.00011678
0.00011294
0.00010867
0.00010397
9.8888e-05
9.3425e-05
8.7608e-05
8.1463e-05
7.5013e-05
6.8286e-05
6.1308e-05
5.4108e-05
4.6715e-05
3.9159e-05
3.1469e-05
2.3678e-05
1.5815e-05
7.9116e-06
8.1379e-18
-7.889e-06
-1.5724e-05
-2.3475e-05
-3.1111e-05
-3.8602e-05
-4.592e-05
-5.3035e-05
-5.9921e-05
-6.655e-05
-7.2897e-05
-7.8939e-05
-8.4651e-05
-9.0013e-05
-9.5004e-05
-9.9606e-05
-0.0001038
-0.00010758
-0.00011091
-0.0001138
-0.00011624
-0.00011821
-0.0001197
-0.00012072
-0.00012126
-0.00012132
-0.0001209
-0.00012001
-0.00011864
-0.00011681
-0.00011453
-0.0001118
-0.00010863
-0.00010505
-0.00010107
-9.6694e-05
-9.1953e-05
-8.6864e-05
-8.1447e-05
-7.5726e-05
-6.9723e-05
-6.3463e-05
-5.6972e-05
-5.0276e-05
-4.3402e-05
-3.6377e-05
-2.9231e-05
-2.1991e-05
-1.4687e-05
-7.3465e-06
-2.1747e-18
7.3239e-06
1.4596e-05
2.1789e-05
2.8873e-05
3.5821e-05
4.2607e-05
4.9203e-05
5.5585e-05
6.1727e-05
6.7607e-05
7.3202e-05
7.849e-05
8.3452e-05
8.807e-05
9.2325e-05
9.6203e-05
9.9689e-05
0.00010277
0.00010544
0.00010768
0.00010949
0.00011086
0.00011179
0.00011228
0.00011232
0.00011192
0.00011108
0.0001098
0.00010809
0.00010597
0.00010343
0.00010049
9.7165e-05
9.3467e-05
8.9413e-05
8.5018e-05
8.0303e-05
7.5286e-05
6.9989e-05
6.4433e-05
5.8641e-05
5.2636e-05
4.6444e-05
4.0089e-05
3.3596e-05
2.6993e-05
2.0305e-05
1.3559e-05
6.7814e-06
9.2984e-18
-6.7588e-06
-1.3468e-05
-2.0102e-05
-2.6635e-05
-3.304e-05
-3.9294e-05
-4.5371e-05
-5.1249e-05
-5.6905e-05
-6.2317e-05
-6.7465e-05
-7.2329e-05
-7.6892e-05
-8.1135e-05
-8.5044e-05
-8.8604e-05
-9.1802e-05
-9.4627e-05
-9.7069e-05
-9.9119e-05
-0.00010077
-0.00010202
-0.00010286
-0.0001033
-0.00010332
-0.00010294
-0.00010215
-0.00010096
-9.9377e-05
-9.7407e-05
-9.506e-05
-9.2347e-05
-8.9278e-05
-8.5868e-05
-8.2131e-05
-7.8084e-05
-7.3742e-05
-6.9126e-05
-6.4252e-05
-5.9143e-05
-5.3818e-05
-4.8301e-05
-4.2612e-05
-3.6776e-05
-3.0815e-05
-2.4755e-05
-1.8618e-05
-1.2431e-05
-6.2163e-06
-3.9703e-18
6.1937e-06
1.234e-05
1.8416e-05
2.4396e-05
3.0259e-05
3.598e-05
4.1539e-05
4.6913e-05
5.2082e-05
5.7027e-05
6.1728e-05
6.6168e-05
7.0331e-05
7.42e-05
7.7763e-05
8.1005e-05
8.3915e-05
8.6483e-05
8.8701e-05
9.056e-05
9.2054e-05
9.318e-05
9.3933e-05
9.4314e-05
9.432e-05
9.3954e-05
9.3219e-05
9.2119e-05
9.0659e-05
8.8848e-05
8.6692e-05
8.4203e-05
8.1391e-05
7.8269e-05
7.485e-05
7.1149e-05
6.7182e-05
6.2965e-05
5.8516e-05
5.3853e-05
4.8996e-05
4.3965e-05
3.878e-05
3.3463e-05
2.8034e-05
2.2516e-05
1.6932e-05
1.1303e-05
5.6511e-06
4.577e-18
-5.6285e-06
-1.1212e-05
-1.6729e-05
-2.2158e-05
-2.7478e-05
-3.2667e-05
-3.7707e-05
-4.2577e-05
-4.726e-05
-5.1737e-05
-5.5991e-05
-6.0007e-05
-6.377e-05
-6.7266e-05
-7.0482e-05
-7.3406e-05
-7.6028e-05
-7.834e-05
-8.0333e-05
-8.2e-05
-8.3337e-05
-8.4339e-05
-8.5004e-05
-8.5331e-05
-8.532e-05
-8.4972e-05
-8.429e-05
-8.3278e-05
-8.1942e-05
-8.0288e-05
-7.8324e-05
-7.606e-05
-7.3505e-05
-7.067e-05
-6.7569e-05
-6.4215e-05
-6.0621e-05
-5.6804e-05
-5.2779e-05
-4.8563e-05
-4.4174e-05
-3.9629e-05
-3.4948e-05
-3.0149e-05
-2.5253e-05
-2.0278e-05
-1.5245e-05
-1.0175e-05
-5.086e-06
-4.9897e-18
5.0634e-06
1.0084e-05
1.5043e-05
1.992e-05
2.4697e-05
2.9354e-05
3.3875e-05
3.8242e-05
4.2437e-05
4.6447e-05
5.0255e-05
5.3846e-05
5.7209e-05
6.0331e-05
6.32e-05
6.5807e-05
6.8142e-05
7.0196e-05
7.1965e-05
7.3441e-05
7.462e-05
7.5499e-05
7.6075e-05
7.6349e-05
7.632e-05
7.599e-05
7.5361e-05
7.4438e-05
7.3225e-05
7.1729e-05
6.9956e-05
6.7916e-05
6.5618e-05
6.3071e-05
6.0288e-05
5.728e-05
5.406e-05
5.0643e-05
4.7042e-05
4.3273e-05
3.9351e-05
3.5293e-05
3.1116e-05
2.6836e-05
2.2472e-05
1.804e-05
1.3559e-05
9.0466e-06
4.5209e-06
1.1258e-18
-4.4983e-06
-8.9563e-06
-1.3357e-05
-1.7682e-05
-2.1915e-05
-2.6041e-05
-3.0043e-05
-3.3906e-05
-3.7615e-05
-4.1157e-05
-4.4518e-05
-4.7686e-05
-5.0649e-05
-5.3397e-05
-5.5919e-05
-5.8208e-05
-6.0255e-05
-6.2053e-05
-6.3597e-05
-6.4881e-05
-6.5902e-05
-6.6658e-05
-6.7146e-05
-6.7367e-05
-6.732e-05
-6.7008e-05
-6.6432e-05
-6.5597e-05
-6.4508e-05
-6.3169e-05
-6.1588e-05
-5.9773e-05
-5.7731e-05
-5.5472e-05
-5.3007e-05
-5.0345e-05
-4.75e-05
-4.4482e-05
-4.1305e-05
-3.7983e-05
-3.4529e-05
-3.0957e-05
-2.7284e-05
-2.3523e-05
-1.9691e-05
-1.5802e-05
-1.1872e-05
-7.9186e-06
-3.9558e-06
-5.2329e-18
3.9332e-06
7.8283e-06
1.167e-05
1.5444e-05
1.9134e-05
2.2728e-05
2.6211e-05
2.957e-05
3.2793e-05
3.5867e-05
3.8781e-05
4.1525e-05
4.4088e-05
4.6462e-05
4.8638e-05
5.0609e-05
5.2368e-05
5.391e-05
5.5229e-05
5.6322e-05
5.7185e-05
5.7817e-05
5.8217e-05
5.8385e-05
5.832e-05
5.8025e-05
5.7503e-05
5.6757e-05
5.579e-05
5.461e-05
5.322e-05
5.1629e-05
4.9844e-05
4.7873e-05
4.5726e-05
4.3411e-05
4.0939e-05
3.8321e-05
3.5568e-05
3.2693e-05
2.9706e-05
2.6622e-05
2.3452e-05
2.021e-05
1.6909e-05
1.3564e-05
1.0186e-05
6.7906e-06
3.3907e-06
2.0041e-18
-3.3681e-06
-6.7003e-06
-9.9837e-06
-1.3205e-05
-1.6353e-05
-1.9415e-05
-2.2379e-05
-2.5234e-05
-2.797e-05
-3.0577e-05
-3.3044e-05
-3.5364e-05
-3.7527e-05
-3.9527e-05
-4.1357e-05
-4.301e-05
-4.4481e-05
-4.5766e-05
-4.6861e-05
-4.7762e-05
-4.8468e-05
-4.8977e-05
-4.9288e-05
-4.9402e-05
-4.932e-05
-4.9043e-05
-4.8574e-05
-4.7916e-05
-4.7073e-05
-4.605e-05
-4.4852e-05
-4.3486e-05
-4.1958e-05
-4.0274e-05
-3.8444e-05
-3.6476e-05
-3.4378e-05
-3.216e-05
-2.9831e-05
-2.7403e-05
-2.4884e-05
-2.2286e-05
-1.962e-05
-1.6897e-05
-1.4128e-05
-1.1325e-05
-8.4996e-06
-5.6626e-06
-2.8256e-06
-2.1521e-18
2.803e-06
5.5723e-06
8.2972e-06
1.0967e-05
1.3572e-05
1.6102e-05
1.8547e-05
2.0898e-05
2.3148e-05
2.5287e-05
2.7307e-05
2.9203e-05
3.0967e-05
3.2593e-05
3.4076e-05
3.5411e-05
3.6595e-05
3.7623e-05
3.8493e-05
3.9203e-05
3.9751e-05
4.0136e-05
4.0359e-05
4.042e-05
4.032e-05
4.0061e-05
3.9645e-05
3.9075e-05
3.8356e-05
3.7491e-05
3.6484e-05
3.5343e-05
3.4071e-05
3.2675e-05
3.1163e-05
2.9541e-05
2.7817e-05
2.5999e-05
2.4095e-05
2.2112e-05
2.0061e-05
1.795e-05
1.5788e-05
1.3584e-05
1.1347e-05
9.0871e-06
6.8132e-06
4.5346e-06
2.2605e-06
2.1061e-18
-2.2379e-06
-4.4443e-06
-6.6108e-06
-8.729e-06
-1.0791e-05
-1.2789e-05
-1.4715e-05
-1.6563e-05
-1.8325e-05
-1.9996e-05
-2.157e-05
-2.3042e-05
-2.4406e-05
-2.5658e-05
-2.6795e-05
-2.7812e-05
-2.8708e-05
-2.9479e-05
-3.0125e-05
-3.0643e-05
-3.1033e-05
-3.1296e-05
-3.143e-05
-3.1438e-05
-3.132e-05
-3.1079e-05
-3.0716e-05
-3.0235e-05
-2.9639e-05
-2.8931e-05
-2.8116e-05
-2.7199e-05
-2.6184e-05
-2.5077e-05
-2.3882e-05
-2.2607e-05
-2.1257e-05
-1.9838e-05
-1.8358e-05
-1.6822e-05
-1.5239e-05
-1.3614e-05
-1.1956e-05
-1.0271e-05
-8.566e-06
-6.8489e-06
-5.1268e-06
-3.4066e-06
-1.6953e-06
-3.4156e-19
1.6727e-06
3.3163e-06
4.9244e-06
6.4908e-06
8.0097e-06
9.4755e-06
1.0883e-05
1.2227e-05
1.3503e-05
1.4706e-05
1.5834e-05
1.6881e-05
1.7845e-05
1.8723e-05
1.9513e-05
2.0213e-05
2.0821e-05
2.1336e-05
2.1757e-05
2.2084e-05
2.2316e-05
2.2455e-05
2.2501e-05
2.2456e-05
2.232e-05
2.2096e-05
2.1787e-05
2.1394e-05
2.0921e-05
2.0372e-05
1.9748e-05
1.9056e-05
1.8297e-05
1.7478e-05
1.6601e-05
1.5672e-05
1.4696e-05
1.3677e-05
1.2621e-05
1.1532e-05
1.0416e-05
9.2786e-06
8.1239e-06
6.9576e-06
5.7848e-06
4.6107e-06
3.4403e-06
2.2786e-06
1.1302e-06
1.432e-18
-1.1076e-06
-2.1883e-06
-3.2379e-06
-4.2526e-06
-5.2286e-06
-6.1624e-06
-7.0509e-06
-7.8911e-06
-8.6804e-06
-9.4163e-06
-1.0097e-05
-1.072e-05
-1.1284e-05
-1.1789e-05
-1.2232e-05
-1.2614e-05
-1.2934e-05
-1.3192e-05
-1.3389e-05
-1.3524e-05
-1.3599e-05
-1.3615e-05
-1.3572e-05
-1.3473e-05
-1.332e-05
-1.3114e-05
-1.2858e-05
-1.2554e-05
-1.2204e-05
-1.1812e-05
-1.138e-05
-1.0912e-05
-1.0411e-05
-9.8786e-06
-9.3199e-06
-8.7376e-06
-8.1353e-06
-7.5163e-06
-6.8842e-06
-6.2423e-06
-5.594e-06
-4.9428e-06
-4.2919e-06
-3.6444e-06
-3.0036e-06
-2.3725e-06
-1.7539e-06
-1.1506e-06
-5.6511e-07
-3.0249e-19
5.4251e-07
1.0603e-06
1.5515e-06
2.0144e-06
2.4474e-06
2.8493e-06
3.2189e-06
3.5553e-06
3.858e-06
4.1263e-06
4.36e-06
4.5591e-06
4.7237e-06
4.8542e-06
4.9512e-06
5.0153e-06
5.0475e-06
5.0489e-06
5.0208e-06
4.9645e-06
4.8817e-06
4.7739e-06
4.6431e-06
4.4911e-06
4.32e-06
4.1318e-06
3.9288e-06
3.713e-06
3.4869e-06
3.2526e-06
3.0125e-06
2.7688e-06
2.5238e-06
2.2797e-06
2.0387e-06
1.803e-06
1.5746e-06
1.3554e-06
1.1474e-06
9.5221e-07
7.7159e-07
6.0701e-07
4.5984e-07
3.3131e-07
2.2249e-07
1.3429e-07
6.7457e-08
2.256e-08
0
0
-0
-0
-0
-0
-0
-0
-0
-0
-0
-0
-0
-0
-0
-0
-0
-0
-0
-0
-0
-0
-0
-0
-0
-0
-0
-0
-0
-0
-0
-0
-0
-0
-0
-0
-0
-0
-0
-0
-0
-0
-0
-0
-0
-0
-0
-0
-0
-0
-0
-0
0
0
0
0
0
0
0
0
0
0
0
0
0
0
0
0
0
0
0
0
0
0
0
0
0
0
0
0
0
0
0
0
0
0
0
0
0
0
0
0
0
0
0
0
0
0
0
0
0
0
-0
-0
-0
-0
-0
-0
-0
-0
-0
-0
-0
-0
-0
-0
-0
-0
-0
-0
-0
-0
-0
-0
-0
-0
-0
-0
-0
-0
-0
-0
-0
-0
-0
-0
-0
-0
-0
-0
-0
-0
-0
-0
-0
-0
-0
-0
-0
-0
-0
-0
0
0
0
0
0
0
0
0
0
0
0
0
0
0
0
0
0
0
0
0
0
0
0
0
0
0
0
0
0
0
0
0
0
0
0
0
0
0
0
0
0
0
0
0
0
0
0
0
0
0
-0
-0
-0
-0
-0
-0
-0
-0
-0
-0
-0
-0
-0
-0
-0
-0
-0
-0
-0
-0
-0
-0
-0
-0
-0
-0
-0
-0
-0
-0
-0
-0
-0
-0
-0
-0
-0
-0
-0
-0
-0
-0
-0
-0
-0
-0
-0
-0
-0
-0
0
0
0
0
0
0
0
0
0
0
0
0
0
0
0
0
0
0
0
0
0
0
0
0
0
0
0
0
0
0
0
0
0
0
0
0
0
0
0
0
0
0
0
0
0
0
0
0
0
0
-0
-0
-0
-0
-0
-0
-0
-0
-0
-0
-0
-0
-0
-0
-0
-0
-0
-0
-0
-0
-0
-0
-0
-0
-0
-0
-0
-0
-0
-0
-0
-0
-0
-0
-0
-0
-0
-0
-0
-0
-0
-0
-0
-0
-0
-0
-0
-0
-0
-0
0
0
0
0
0
0
0
0
0
0
0
0
0
0
0
0
0
0
0
0
0
0
0
0
0
0
0
0
0
0
0
0
0
0
0
0
0
0
0
0
0
0
0
0
0
0
0
0
0
0
-0
-0
-0
-0
-0
-0
-0
-0
-0
-0
-0
-0
-0
-0
-0
-0
-0
-0
-0
-0
-0
-0
-0
-0
-0
-0
-0
-0
-0
-0
-0
-0
-0
-0
-0
-0
-0
-0
-0
-0
-0
-0
-0
-0
-0
-0
-0
-0
-0
-0
0
0
0
0
0
0
0
0
0
0
0
0
0
0
0
0
0
0
0
0
0
0
0
0
0
0
0
0
0
0
0
0
0
0
0
0
0
0
0
0
0
0
0
0
0
0
0
0
0
0
-0
-0
-0
-0
-0
-0
-0
-0
-0
-0
-0
-0
-0
-0
-0
-0
-0
-0
-0
-0
-0
-0
-0
-0
-0
-0
-0
-0
-0
-0
-0
-0
-0
-0
-0
-0
-0
-0
-0
-0
-0
-0
-0
-0
-0
-0
-0
-0
-0
-0
0
0
0
0
0
0
0
0
0
0
0
0
0
0
0
0
0
0
0
0
0
0
0
0
0
0
0
0
0
0
0
0
0
0
0
0
0
0
0
0
0
0
0
0
0
0
0
0
0
0
-0
-0
-0
-0
-0
-0
-0
-0
-0
-0
-0
-0
-0
-0
-0
-0
-0
-0
-0
-0
-0
-0
-0
-0
-0
-0
-0
-0
-0
-0
-0
-0
-0
-0
-0
-0
-0
-0
-0
-0
-0
-0
-0
-0
-0
-0
-0
-0
-0
-0
0
0
0
0
0
0
0
0
0
0
0
0
0
0
0
0
0
0
0
0
0
0
0
0
0
0
0
0
0
0
0
0
0
0
0
0
0
0
0
0
0
0
0
0
0
0
0
0
0
0
-0
-0
-0
-0
-0
-0
-0
-0
-0
-0
-0
-0
-0
-0
-0
-0
-0
-0
-0
-0
-0
-0
-0
-0
-0
-0
-0
-0
-0
-0
-0
-0
-0
-0
-0
-0
-0
-0
-0
-0
-0
-0
-0
-0
-0
-0
-0
-0
-0
-0
0
0
0
0
0
0
0
0
0
0
0
0
0
0
0
0
0
0
0
0
0
0
0
0
0
0
0
0
0
0
0
0
0
0
0
0
0
0
0
0
0
0
0
0
0
0
0
0
0
0
-0
-0
-0
-0
-0
-0
-0
-0
-0
-0
-0
-0
-0
-0
-0
-0
-0
-0
-0
-0
-0
-0
-0
-0
-0
-0
-0
-0
-0
-0
-0
-0
-0
-0
-0
-0
-0
-0
-0
-0
-0
-0
-0
-0
-0
-0
-0
-0
-0
-0
0
0
0
0
0
0
0
0
0
0
0
0
0
0
0
0
0
0
0
0
0
0
0
0
0
0
0
0
0
0
0
0
0
0
0
0
0
0
0
0
0
0
0
0
0
0
0
0
0
0
-0
-0
-0
-0
-0
-0
-0
-0
-0
-0
-0
-0
-0
-0
-0
-0
-0
-0
-0
-0
-0
-0
-0
-0
-0
-0
-0
-0
-0
-0
-0
-0
-0
-0
-0
-0
-0
-0
-0
-0
-0
-0
-0
-0
-0
-0
-0
-0
-0
-0
0
0
0
0
0
0
0
0
0
0
0
0
0
0
0
0
0
0
0
0
0
0
0
0
0
0
0
0
0
0
0
0
0
0
0
0
0
0
0
0
0
0
0
0
0
0
0
0
0
0
-0
-0
-0
-0
-0
-0
-0
-0
-0
-0
-0
-0
-0
-0
-0
-0
-0
-0
-0
-0
-0
-0
-0
-0
-0
-0
-0
-0
-0
-0
-0
-0
-0
-0
-0
-0
-0
-0
-0
-0
-0
-0
-0
-0
-0
-0
-0
-0
-0
-0
0
0
0
0
0
0
0
0
0
0
0
0
0
0
0
0
0
0
0
0
0
0
0
0
0
0
0
0
0
0
0
0
0
0
0
0
0
0
0
0
0
0
0
0
0
0
0
0
0
-0
-0
-0
-0
-0
-0
-0
-0
-0
-0
-0
-0
-0
-0
-0
-0
-0
-0
-0
-0
-0
-0
-0
-0
-0
-0
-0
-0
-0
-0
-0
-0
-0
-0
-0
-0
-0
-0
-0
-0
-0
-0
-0
-0
-0
-0
-0
-0
-0
-0
-0
0
0
0
0
0
0
0
0
0
0
0
0
0
0
0
0
0
0
0
0
0
0
0
0
0
0
0
0
0
0
0
0
0
0
0
0
0
0
0
0
0
0
0
0
0
0
0
0
0
0
-0
-0
-0
-0
-0
-0
-0
-0
-0
-0
-0
-0
-0
-0
-0
-0
-0
-0
-0
-0
-0
-0
-0
-0
-0
-0
-0
-0
-0
-0
-0
-0
-0
-0
-0
-0
-0
-0
-0
-0
-0
-0
-0
-0
-0
-0
-0
-0
-0
0
0
0
0
0
0
0
0
0
0
0
0
0
0
0
0
0
0
0
0
0
0
0
0
0
0
0
0
0
0
0
0
0
0
0
0
0
0
0
0
0
0
0
0
0
0
0
0
0
0
0
-0
-0
-0
-0
-0
-0
-0
-0
-0
-0
-0
-0
-0
-0
-0
-0
-0
-0
-0
-0
-0
-0
-0
-0
-0
-0
-0
-0
-0
-0
-0
-0
-0
-0
-0
-0
-0
-0
-0
-0
-0
-0
-0
-0
-0
-0
-0
-0
-0
-0
0
0
0
0
0
0
0
0
0
0
0
0
0
0
0
0
0
0
0
0
0
0
0
0
0
0
0
0
0
0
0
0
0
0
0
0
0
0
0
0
0
0
0
0
0
0
0
0
0
0
-0
-0
-0
-0
-0
-0
-0
-0
-0
-0
-0
-0
-0
-0
-0
-0
-0
-0
-0
-0
-0
-0
-0
-0
-0
-0
-0
-0
-0
-0
-0
-0
-0
-0
-0
-0
-0
-0
-0
-0
-0
-0
-0
-0
-0
-0
-0
-0
-0
-0
0
0
0
0
0
0
0
0
0
0
0
0
0
0
0
0
0
0
0
0
0
0
0
0
0
0
0
0
0
0
0
0
0
0
0
0
0
0
0
0
0
0
0
0
0
0
0
0
0
-0
-0
-0
-0
-0
-0
-0
-0
-0
-0
-0
-0
-0
-0
-0
-0
-0
-0
-0
-0
-0
-0
-0
-0
-0
-0
-0
-0
-0
-0
-0
-0
-0
-0
-0
-0
-0
-0
-0
-0
-0
-0
-0
-0
-0
-0
-0
-0
-0
-0
-0
0
0
0
0
0
0
0
0
0
0
0
0
0
0
0
0
0
0
0
0
0
0
0
0
0
0
0
0
0
0
0
0
0
0
0
0
0
0
0
0
0
0
0
0
0
0
0
0
0
-0
-0
-0
-0
-0
-0
-0
-0
-0
-0
-0
-0
-0
-0
-0
-0
-0
-0
-0
-0
-0
-0
-0
-0
-0
-0
-0
-0
-0
-0
-0
-0
-0
-0
-0
-0
-0
-0
-0
-0
-0
-0
-0
-0
-0
-0
-0
-0
-0
-0
-0
0
0
0
0
0
0
0
0
0
0
0
0
0
0
0
0
0
0
0
0
0
0
0
0
0
0
0
0
0
0
0
0
0
0
0
0
0
0
0
0
0
0
0
0
0
0
0
0
0
0
-0
-0
-0
-0
-0
-0
-0
-0
-0
-0
-0
-0
-0
-0
-0
-0
-0
-0
-0
-0
-0
-0
-0
-0
-0
-0
-0
-0
-0
-0
-0
-0
-0
-0
-0
-0
-0
-0
-0
-0
-0
-0
-0
-0
-0
-0
-0
-0
-0
-0
0
0
0
0
0
0
0
0
0
0
0
0
0
0
0
0
0
0
0
0
0
0
0
0
0
0
0
0
0
0
0
0
0
0
0
0
0
0
0
0
0
0
0
0
0
0
0
0
0
0
-0
-0
-0
-0
-0
-0
-0
-0
-0
-0
-0
-0
-0
-0
-0
-0
-0
-0
-0
-0
-0
-0
-0
-0
-0
-0
-0
-0
-0
-0
-0
-0
-0
-0
-0
-0
-0
-0
-0
-0
-0
-0
-0
-0
-0
-0
-0
-0
-0
-0
0
0
0
0
0
0
0
0
0
0
0
0
0
0
0
0
0
0
0
0
0
0
0
0
0
0
0
0
0
0
0
0
0
0
0
0
0
0
0
0
0
0
0
0
0
0
0
0
0
0
-0
-0
-0
-0
-0
-0
-0
-0
-0
-0
-0
-0
-0
-0
-0
-0
-0
-0
-0
-0
-0
-0
-0
-0
-0
-0
-0
-0
-0
-0
-0
-0
-0
-0
-0
-0
-0
-0
-0
-0
-0
-0
-0
-0
-0
-0
-0
-0
-0
-0
0
0
0
0
0
0
0
0
0
0
0
0
0
0
0
0
0
0
0
0
0
0
0
0
0
0
0
0
0
0
0
0
0
0
0
0
0
0
0
0
0
0
0
0
0
0
0
0
0
-0
-0
-0
-0
-0
-0
-0
-0
-0
-0
-0
-0
-0
-0
-0
-0
-0
-0
-0
-0
-0
-0
-0
-0
-0
-0
-0
-0
-0
-0
-0
-0
-0
-0
-0
-0
-0
-0
-0
-0
-0
-0
-0
-0
-0
-0
-0
-0
-0
-0
-0
0
0
0
0
0
0
0
0
0
0
0
0
0
0
0
0
0
0
0
0
0
0
0
0
0
0
0
0
0
0
0
0
0
0
0
0
0
0
0
0
0
0
0
0
0
0
0
0
0
-0
-0
-0
-0
-0
-0
-0
-0
-0
-0
-0
-0
-0
-0
-0
-0
-0
-0
-0
-0
-0
-0
-0
-0
-0
-0
-0
-0
-0
-0
-0
-0
-0
-0
-0
-0
-0
-0
-0
-0
-0
-0
-0
-0
-0
-0
-0
-0
-0
-0
-0
0
0
0
0
0
0
0
0
0
0
0
0
0
0
0
0
0
0
0
0
0
0
0
0
0
0
0
0
0
0
0
0
0
0
0
0
0
0
0
0
0
0
0
0
0
0
0
0
0
0
-0
-0
-0
-0
-0
-0
-0
-0
-0
-0
-0
-0
-0
-0
-0
-0
-0
-0
-0
-0
-0
-0
-0
-0
-0
-0
-0
-0
-0
-0
-0
-0
-0
-0
-0
-0
-0
-0
-0
-0
-0
-0
-0
-0
-0
-0
-0
-0
-0
-0
0
0
0
0
0
0
0
0
0
0
0
0
0
0
0
0
0
0
0
0
0
0
0
0
0
0
0
0
0
0
0
0
0
0
0
0
0
0
0
0
0
0
0
0
0
0
0
0
0
0
-0
-0
-0
-0
-0
-0
-0
-0
-0
-0
-0
-0
-0
-0
-0
-0
-0
-0
-0
-0
-0
-0
-0
-0
-0
-0
-0
-0
-0
-0
-0
-0
-0
-0
-0
-0
-0
-0
-0
-0
-0
-0
-0
-0
-0
-0
-0
-0
-0
-0
0
0
0
0
0
0
0
0
0
0
0
0
0
0
0
0
0
0
0
0
0
0
0
0
0
0
0
0
0
0
0
0
0
0
0
0
0
0
0
0
0
0
0
0
0
0
0
0
0
0
-0
-0
-0
-0
-0
-0
-0
-0
-0
-0
-0
-0
-0
-0
-0
-0
-0
-0
-0
-0
-0
-0
-0
-0
-0
-0
-0
-0
-0
-0
-0
-0
-0
-0
-0
-0
-0
-0
-0
-0
-0
-0
-0
-0
-0
-0
-0
-0
-0
-0
0
0
0
0
0
0
0
0
0
0
0
0
0
0
0
0
0
0
0
0
0
0
0
0
0
0
0
0
0
0
0
0
0
0
0
0
0
0
0
0
0
0
0
0
0
0
0
0
0
-0
-0
-0
-0
-0
-0
-0
-0
-0
-0
-0
-0
-0
-0
-0
-0
-0
-0
-0
-0
-0
-0
-0
-0
-0
-0
-0
-0
-0
-0
-0
-0
-0
-0
-0
-0
-0
-0
-0
-0
-0
-0
-0
-0
-0
-0
-0
-0
-0
-0
-0
0
0
0
0
0
0
0
0
0
0
0
0
0
0
0
0
0
0
0
0
0
0
0
0
0
0
0
0
0
0
0
0
0
0
0
0
0
0
0
0
0
0
0
0
0
0
0
0
0
-0
-0
-0
-0
-0
-0
-0
-0
-0
-0
-0
-0
-0
-0
-0
-0
-0
-0
-0
-0
-0
-0
-0
-0
-0
-0
-0
-0
-0
-0
-0
-0
-0
-0
-0
-0
-0
-0
-0
-0
-0
-0
-0
-0
-0
-0
-0
-0
-0
-0
-0
0
0
0
0
0
0
0
0
0
0
0
0
0
0
0
0
0
0
0
0
0
0
0
0
0
0
0
0
0
0
0
0
0
0
0
0
0
0
0
0
0
0
0
0
0
0
0
0
0
0
-0
-0
-0
-0
-0
-0
-0
-0
-0
-0
-0
-0
-0
-0
-0
-0
-0
-0
-0
-0
-0
-0
-0
-0
-0
-0
-0
-0
-0
-0
-0
-0
-0
-0
-0
-0
-0
-0
-0
-0
-0
-0
-0
-0
-0
-0
-0
-0
-0
-0
0
0
0
0
0
0
0
0
0
0
0
0
0
0
0
0
0
0
0
0
0
0
0
0
0
0
0
0
0
0
0
0
0
0
0
0
0
0
0
0
0
0
0
0
0
0
0
0
0
0
-0
-0
-0
-0
-0
-0
-0
-0
-0
-0
-0
-0
-0
-0
-0
-0
-0
-0
-0
-0
-0
-0
-0
-0
-0
-0
-0
-0
-0
-0
-0
-0
-0
-0
-0
-0
-0
-0
-0
-0
-0
-0
-0
-0
-0
-0
-0
-0
-0
-0
0
0
0
0
0
0
0
0
0
0
0
0
0
0
0
0
0
0
0
0
0
0
0
0
0
0
0
0
0
0
0
0
0
0
0
0
0
0
0
0
0
0
0
0
0
0
0
0
0
0
-0
-0
-0
-0
-0
-0
-0
-0
-0
-0
-0
-0
-0
-0
-0
-0
-0
-0
-0
-0
-0
-0
-0
-0
-0
-0
-0
-0
-0
-0
-0
-0
-0
-0
-0
-0
-0
-0
-0
-0
-0
-0
-0
-0
-0
-0
-0
-0
-0
-0
0
0
0
0
0
0
0
0
0
0
0
0
0
0
0
0
0
0
0
0
0
0
0
0
0
0
0
0
0
0
0
0
0
0
0
0
0
0
0
0
0
0
0
0
0
0
0
0
0
-0
-0
-0
-0
-0
-0
-0
-0
-0
-0
-0
-0
-0
-0
-0
-0
-0
-0
-0
-0
-0
-0
-0
-0
-0
-0
-0
-0
-0
-0
-0
-0
-0
-0
-0
-0
-0
-0
-0
-0
-0
-0
-0
-0
-0
-0
-0
-0
-0
-0
-0
0
0
0
0
0
0
0
0
0
0
0
0
0
0
0
0
0
0
0
0
0
0
0
0
0
0
0
0
0
0
0
0
0
0
0
0
0
0
0
0
0
0
0
0
0
0
0
0
0
-0
-0
-0
-0
-0
-0
-0
-0
-0
-0
-0
-0
-0
-0
-0
-0
-0
-0
-0
-0
-0
-0
-0
-0
-0
-0
-0
-0
-0
-0
-0
-0
-0
-0
-0
-0
-0
-0
-0
-0
-0
-0
-0
-0
-0
-0
-0
-0
-0
-0
-0
0
0
0
0
0
0
0
0
0
0
0
0
0
0
0
0
0
0
0
0
0
0
0
0
0
0
0
0
0
0
0
0
0
0
0
0
0
0
0
0
0
0
0
0
0
0
0
0
0
-0
