0
0
0
0
0
0
0
0
0
0
0
0
0
0
0
0
0
0
0
0
0
0
0
0
0
0
0
0
0
0
0
0
0
0
0
0
0
0
0
0
0
0
0
0
0
0
0
0
0
0
0
-0
-0
-0
-0
-0
-0
-0
-0
-0
-0
-0
-0
-0
-0
-0
-0
-0
-0
-0
-0
-0
-0
-0
-0
-0
-0
-0
-0
-0
-0
-0
-0
-0
-0
-0
-0
-0
-0
-0
-0
-0
-0
-0
-0
-0
-0
-0
-0
-0
-0
0
0
0
0
0
0
0
0
0
0
0
0
0
0
0
0
0
0
0
0
0
0
0
0
0
0
0
0
0
0
0
0
0
0
0
0
0
0
0
0
0
0
0
0
0
0
0
0
0
0
-0
-0
-0
-0
-0
-0
-0
-0
-0
-0
-0
-0
-0
-0
-0
-0
-0
-0
-0
-0
-0
-0
-0
-0
-0
-0
-0
-0
-0
-0
-0
-0
-0
-0
-0
-0
-0
-0
-0
-0
-0
-0
-0
-0
-0
-0
-0
-0
-0
-0
0
0
0
0
0
0
0
0
0
0
0
0
0
0
0
0
0
0
0
0
0
0
0
0
0
0
0
0
0
0
0
0
0
0
0
0
0
0
0
0
0
0
0
0
0
0
0
0
0
0
-0
-0
-0
-0
-0
-0
-0
-0
-0
-0
-0
-0
-0
-0
-0
-0
-0
-0
-0
-0
-0
-0
-0
-0
-0
-0
-0
-0
-0
-0
-0
-0
-0
-0
-0
-0
-0
-0
-0
-0
-0
-0
-0
-0
-0
-0
-0
-0
-0
-0
0
0
0
0
0
0
0
0
0
0
0
0
0
0
0
0
0
0
0
0
0
0
0
0
0
0
0
0
0
0
0
0
0
0
0
0
0
0
0
0
0
0
0
0
0
0
0
0
0
-0
-0
-0
-0
-0
-0
-0
-0
-0
-0
-0
-0
-0
-0
-0
-0
-0
-0
-0
-0
-0
-0
-0
-0
-0
-0
-0
-0
-0
-0
-0
-0
-0
-0
-0
-0
-0
-0
-0
-0
-0
-0
-0
-0
-0
-0
-0
-0
-0
-0
-0
0
0
0
0
0
0
0
0
0
0
0
0
0
0
0
0
0
0
0
0
0
0
0
0
0
0
0
0
0
0
0
0
0
0
0
0
0
0
0
0
0
0
0
0
0
0
0
0
0
0
-0
-0
-0
-0
-0
-0
-0
-0
-0
-0
-0
-0
-0
-0
-0
-0
-0
-0
-0
-0
-0
-0
-0
-0
-0
-0
-0
-0
-0
-0
-0
-0
-0
-0
-0
-0
-0
-0
-0
-0
-0
-0
-0
-0
-0
-0
-0
-0
-0
-0
0
0
0
0
0
0
0
0
0
0
0
0
0
0
0
0
0
0
0
0
0
0
0
0
0
0
0
0
0
0
0
0
0
0
0
0
0
0
0
0
0
0
0
0
0
0
0
0
0
-0
-0
-0
-0
-0
-0
-0
-0
-0
-0
-0
-0
-0
-0
-0
-0
-0
-0
-0
-0
-0
-0
-0
-0
-0
-0
-0
-0
-0
-0
-0
-0
-0
-0
-0
-0
-0
-0
-0
-0
-0
-0
-0
-0
-0
-0
-0
-0
-0
-0
-0
0
0
0
0
0
0
0
0
0
0
0
0
0
0
0
0
0
0
0
0
0
0
0
0
0
0
0
0
0
0
0
0
0
0
0
0
0
0
0
0
0
0
0
0
0
0
0
0
0
-0
-0
-0
-0
-0
-0
-0
-0
-0
-0
-0
-0
-0
-0
-0
-0
-0
-0
-0
-0
-0
-0
-0
-0
-0
-0
-0
-0
-0
-0
-0
-0
-0
-0
-0
-0
-0
-0
-0
-0
-0
-0
-0
-0
-0
-0
-0
-0
-0
-0
0
0
0
0
0
0
0
0
0
0
0
0
0
0
0
0
0
0
0
0
0
0
0
0
0
0
0
0
0
0
0
0
0
0
0
0
0
0
0
0
0
0
0
0
0
0
0
0
0
0
0
-0
-0
-0
-0
-0
-0
-0
-0
-0
-0
-0
-0
-0
-0
-0
-0
-0
-0
-0
-0
-0
-0
-0
-0
-0
-0
-0
-0
-0
-0
-0
-0
-0
-0
-0
-0
-0
-0
-0
-0
-0
-0
-0
-0
-0
-0
-0
-0
-0
-0
0
0
0
0
0
0
0
0
0
0
0
0
0
0
0
0
0
0
0
0
0
0
0
0
0
0
0
0
0
0
0
0
0
0
0
0
0
0
0
0
0
0
0
0
0
0
0
0
0
0
-0
-0
-0
-0
-0
-0
-0
-0
-0
-0
-0
-0
-0
-0
-0
-0
-0
-0
-0
-0
-0
-0
-0
-0
-0
-0
-0
-0
-0
-0
-0
-0
-0
-0
-0
-0
-0
-0
-0
-0
-0
-0
-0
-0
-0
-0
-0
-0
-0
-0
0
0
0
0
0
0
0
0
0
0
0
0
0
0
0
0
0
0
0
0
0
0
0
0
0
0
0
0
0
0
0
0
0
0
0
0
0
0
0
0
0
0
0
0
0
0
0
0
0
-0
-0
-0
-0
-0
-0
-0
-0
-0
-0
-0
-0
-0
-0
-0
-0
-0
-0
-0
-0
-0
-0
-0
-0
-0
-0
-0
-0
-0
-0
-0
-0
-0
-0
-0
-0
-0
-0
-0
-0
-0
-0
-0
-0
-0
-0
-0
-0
-0
-0
-0
0
0
0
0
0
0
0
0
0
0
0
0
0
0
0
0
0
0
0
0
0
0
0
0
0
0
0
0
0
0
0
0
0
0
0
0
0
0
0
0
0
0
0
0
0
0
0
0
0
-0
-0
-0
-0
-0
-0
-0
-0
-0
-0
-0
-0
-0
-0
-0
-0
-0
-0
-0
-0
-0
-0
-0
-0
-0
-0
-0
-0
-0
-0
-0
-0
-0
-0
-0
-0
-0
-0
-0
-0
-0
-0
-0
-0
-0
-0
-0
-0
-0
-0
0
0
0
0
0
0
0
0
0
0
0
0
0
0
0
0
0
0
0
0
0
0
0
0
0
0
0
0
0
0
0
0
0
0
0
0
0
0
0
0
0
0
0
0
0
0
0
0
0
0
-0
-0
-0
-0
-0
-0
-0
-0
-0
-0
-0
-0
-0
-0
-0
-0
-0
-0
-0
-0
-0
-0
-0
-0
-0
-0
-0
-0
-0
-0
-0
-0
-0
-0
-0
-0
-0
-0
-0
-0
-0
-0
-0
-0
-0
-0
-0
-0
-0
-0
-0
0
0
0
0
0
0
0
0
0
0
0
0
0
0
0
0
0
0
0
0
0
0
0
0
0
0
0
0
0
0
0
0
0
0
0
0
0
0
0
0
0
0
0
0
0
0
0
0
0
-0
-0
-0
-0
-0
-0
-0
-0
-0
-0
-0
-0
-0
-0
-0
-0
-0
-0
-0
-0
-0
-0
-0
-0
-0
-0
-0
-0
-0
-0
-0
-0
-0
-0
-0
-0
-0
-0
-0
-0
-0
-0
-0
-0
-0
-0
-0
-0
-0
-0
0
0
0
0
0
0
0
0
0
0
0
0
0
0
0
0
0
0
0
0
0
0
0
0
0
0
0
0
0
0
0
0
0
0
0
0
0
0
0
0
0
0
0
0
0
0
0
0
0
0
-0
-0
-0
-0
-0
-0
-0
-0
-0
-0
-0
-0
-0
-0
-0
-0
-0
-0
-0
-0
-0
-0
-0
-0
-0
-0
-0
-0
-0
-0
-0
-0
-0
-0
-0
-0
-0
-0
-0
-0
-0
-0
-0
-0
-0
-0
-0
-0
-0
-0
0
0
0
0
0
0
0
0
0
0
0
0
0
0
0
0
0
0
0
0
0
0
0
0
0
0
0
0
0
0
0
0
0
0
0
0
0
0
0
0
0
0
0
0
0
0
0
0
0
0
-0
-0
-0
-0
-0
-0
-0
-0
-0
-0
-0
-0
-0
-0
-0
-0
-0
-0
-0
-0
-0
-0
-0
-0
-0
-0
-0
-0
-0
-0
-0
-0
-0
-0
-0
-0
-0
-0
-0
-0
-0
-0
-0
-0
-0
-0
-0
-0
-0
-0
-0
0
0
0
0
0
0
0
0
0
0
0
0
0
0
0
0
0
0
0
0
0
0
0
0
0
0
0
0
0
0
0
0
0
0
0
0
0
0
0
0
0
0
0
0
0
0
0
0
0
0
-0
-0
-0
-0
-0
-0
-0
-0
-0
-0
-0
-0
-0
-0
-0
-0
-0
-0
-0
-0
-0
-0
-0
-0
-0
-0
-0
-0
-0
-0
-0
-0
-0
-0
-0
-0
-0
-0
-0
-0
-0
-0
-0
-0
-0
-0
-0
-0
-0
-0
0
0
0
0
0
0
0
0
0
0
0
0
0
0
0
0
0
0
0
0
0
0
0
0
0
0
0
0
0
0
0
0
0
0
0
0
0
0
0
0
0
0
0
0
0
0
0
0
0
0
-0
-0
-0
-0
-0
-0
-0
-0
-0
-0
-0
-0
-0
-0
-0
-0
-0
-0
-0
-0
-0
-0
-0
-0
-0
-0
-0
-0
-0
-0
-0
-0
-0
-0
-0
-0
-0
-0
-0
-0
-0
-0
-0
-0
-0
-0
-0
-0
-0
-0
0
0
0
0
0
0
0
0
0
0
0
0
0
0
0
0
0
0
0
0
0
0
0
0
0
0
0
0
0
0
0
0
0
0
0
0
0
0
0
0
0
0
0
0
0
0
0
0
0
0
-0
-0
-0
-0
-0
-0
-0
-0
-0
-0
-0
-0
-0
-0
-0
-0
-0
-0
-0
-0
-0
-0
-0
-0
-0
-0
-0
-0
-0
-0
-0
-0
-0
-0
-0
-0
-0
-0
-0
-0
-0
-0
-0
-0
-0
-0
-0
-0
-0
-0
0
0
0
0
0
0
0
0
0
0
0
0
0
0
0
0
0
0
0
0
0
0
0
0
0
0
0
0
0
0
0
0
0
0
0
0
0
0
0
0
0
0
0
0
0
0
0
0
0
0
-0
-0
-0
-0
-0
-0
-0
-0
-0
-0
-0
-0
-0
-0
-0
-0
-0
-0
-0
-0
-0
-0
-0
-0
-0
-0
-0
-0
-0
-0
-0
-0
-0
-0
-0
-0
-0
-0
-0
-0
-0
-0
-0
-0
-0
-0
-0
-0
-0
0
0
0
0
0
0
0
0
0
0
0
0
0
0
0
0
0
0
0
0
0
0
0
0
0
0
0
0
0
0
0
0
0
0
0
0
0
0
0
0
0
0
0
0
0
0
0
0
0
0
0
-0
-0
-0
-0
-0
-0
-0
-0
-0
-0
-0
-0
-0
-0
-0
-0
-0
-0
-0
-0
-0
-0
-0
-0
-0
-0
-0
-0
-0
-0
-0
-0
-0
-0
-0
-0
-0
-0
-0
-0
-0
-0
-0
-0
-0
-0
-0
-0
-0
-0
9.4186e-09
3.76e-08
8.4322e-08
1.4921e-07
2.3176e-07
3.3131e-07
4.4707e-07
5.781e-07
7.2337e-07
8.8168e-07
1.0517e-06
1.2322e-06
1.4215e-06
1.6181e-06
1.8203e-06
2.0264e-06
2.2346e-06
2.443e-06
2.6499e-06
2.8532e-06
3.051e-06
3.2415e-06
3.4228e-06
3.5929e-06
3.75e-06
3.8923e-06
4.0181e-06
4.1256e-06
4.2133e-06
4.2798e-06
4.3235e-06
4.3432e-06
4.3377e-06
4.3061e-06
4.2473e-06
4.1608e-06
4.0458e-06
3.9019e-06
3.7289e-06
3.5267e-06
3.2953e-06
3.035e-06
2.7463e-06
2.4296e-06
2.0859e-06
1.716e-06
1.321e-06
9.024e-07
4.6151e-07
1.1759e-19
-4.8035e-07
-9.776e-07
-1.4897e-06
-2.0144e-06
-2.5494e-06
-3.0922e-06
-3.6404e-06
-4.1913e-06
-4.7421e-06
-5.2901e-06
-5.8324e-06
-6.3663e-06
-6.8888e-06
-7.3969e-06
-7.8879e-06
-8.3588e-06
-8.8069e-06
-9.2292e-06
-9.6232e-06
-9.9861e-06
-1.0315e-05
-1.0609e-05
-1.0864e-05
-1.1078e-05
-1.125e-05
-1.1378e-05
-1.1459e-05
-1.1493e-05
-1.1478e-05
-1.1413e-05
-1.1297e-05
-1.1129e-05
-1.091e-05
-1.0639e-05
-1.0315e-05
-9.9396e-06
-9.513e-06
-9.036e-06
-8.5096e-06
-7.9351e-06
-7.314e-06
-6.6482e-06
-5.9396e-06
-5.1906e-06
-4.4035e-06
-3.5811e-06
-2.7264e-06
-1.8424e-06
-9.3244e-07
2.9429e-20
9.5128e-07
1.9176e-06
2.895e-06
3.8796e-06
4.867e-06
5.8532e-06
6.8338e-06
7.8044e-06
8.7608e-06
9.6985e-06
1.0613e-05
1.15e-05
1.2356e-05
1.3176e-05
1.3956e-05
1.4691e-05
1.5379e-05
1.6015e-05
1.6597e-05
1.7119e-05
1.758e-05
1.7976e-05
1.8305e-05
1.8563e-05
1.875e-05
1.8863e-05
1.89e-05
1.886e-05
1.8742e-05
1.8546e-05
1.827e-05
1.7916e-05
1.7482e-05
1.6971e-05
1.6383e-05
1.5718e-05
1.498e-05
1.417e-05
1.329e-05
1.2343e-05
1.1333e-05
1.0261e-05
9.133e-06
7.9515e-06
6.7211e-06
5.4463e-06
4.1318e-06
2.7824e-06
1.4034e-06
1.9842e-19
-1.4222e-06
-2.8576e-06
-4.3004e-06
-5.7447e-06
-7.1846e-06
-8.6141e-06
-1.0027e-05
-1.1418e-05
-1.2779e-05
-1.4107e-05
-1.5394e-05
-1.6634e-05
-1.7823e-05
-1.8955e-05
-2.0023e-05
-2.1024e-05
-2.1951e-05
-2.2802e-05
-2.357e-05
-2.4252e-05
-2.4844e-05
-2.5343e-05
-2.5745e-05
-2.6048e-05
-2.625e-05
-2.6348e-05
-2.6341e-05
-2.6227e-05
-2.6006e-05
-2.5679e-05
-2.5243e-05
-2.4702e-05
-2.4055e-05
-2.3303e-05
-2.245e-05
-2.1497e-05
-2.0448e-05
-1.9304e-05
-1.8071e-05
-1.6752e-05
-1.5351e-05
-1.3875e-05
-1.2326e-05
-1.0712e-05
-9.0387e-06
-7.3115e-06
-5.5371e-06
-3.7224e-06
-1.8743e-06
2.6467e-19
1.8931e-06
3.7976e-06
5.7058e-06
7.6099e-06
9.5023e-06
1.1375e-05
1.322e-05
1.5031e-05
1.6798e-05
1.8515e-05
2.0174e-05
2.1769e-05
2.3291e-05
2.4733e-05
2.6091e-05
2.7356e-05
2.8524e-05
2.9588e-05
3.0543e-05
3.1385e-05
3.2109e-05
3.271e-05
3.3186e-05
3.3534e-05
3.375e-05
3.3833e-05
3.3782e-05
3.3594e-05
3.3271e-05
3.2811e-05
3.2217e-05
3.1488e-05
3.0627e-05
2.9636e-05
2.8518e-05
2.7276e-05
2.5915e-05
2.4438e-05
2.2852e-05
2.116e-05
1.937e-05
1.7488e-05
1.552e-05
1.3473e-05
1.1356e-05
9.1767e-06
6.9425e-06
4.6624e-06
2.3452e-06
7.3432e-20
-2.3641e-06
-4.7376e-06
-7.1111e-06
-9.4751e-06
-1.182e-05
-1.4136e-05
-1.6414e-05
-1.8644e-05
-2.0817e-05
-2.2924e-05
-2.4955e-05
-2.6903e-05
-2.8758e-05
-3.0512e-05
-3.2158e-05
-3.3689e-05
-3.5096e-05
-3.6374e-05
-3.7516e-05
-3.8518e-05
-3.9373e-05
-4.0077e-05
-4.0627e-05
-4.1019e-05
-4.125e-05
-4.1318e-05
-4.1222e-05
-4.0961e-05
-4.0535e-05
-3.9944e-05
-3.919e-05
-3.8274e-05
-3.7199e-05
-3.5968e-05
-3.4585e-05
-3.3055e-05
-3.1382e-05
-2.9572e-05
-2.7632e-05
-2.5569e-05
-2.3389e-05
-2.1101e-05
-1.8713e-05
-1.6234e-05
-1.3674e-05
-1.1042e-05
-8.3478e-06
-5.6024e-06
-2.8162e-06
7.0573e-19
2.835e-06
5.6776e-06
8.5165e-06
1.134e-05
1.4138e-05
1.6897e-05
1.9607e-05
2.2257e-05
2.4836e-05
2.7332e-05
2.9736e-05
3.2037e-05
3.4225e-05
3.6291e-05
3.8226e-05
4.0021e-05
4.1668e-05
4.316e-05
4.449e-05
4.5651e-05
4.6637e-05
4.7444e-05
4.8068e-05
4.8504e-05
4.875e-05
4.8804e-05
4.8663e-05
4.8329e-05
4.78e-05
4.7077e-05
4.6163e-05
4.506e-05
4.3772e-05
4.2301e-05
4.0653e-05
3.8834e-05
3.6849e-05
3.4707e-05
3.2413e-05
2.9977e-05
2.7408e-05
2.4714e-05
2.1906e-05
1.8995e-05
1.5992e-05
1.2907e-05
9.7532e-06
6.5424e-06
3.2871e-06
-2.5737e-19
-3.3059e-06
-6.6176e-06
-9.9218e-06
-1.3205e-05
-1.6455e-05
-1.9658e-05
-2.28e-05
-2.587e-05
-2.8854e-05
-3.174e-05
-3.4517e-05
-3.7171e-05
-3.9692e-05
-4.207e-05
-4.4294e-05
-4.6354e-05
-4.8241e-05
-4.9946e-05
-5.1463e-05
-5.2784e-05
-5.3902e-05
-5.4812e-05
-5.5509e-05
-5.5989e-05
-5.625e-05
-5.6289e-05
-5.6104e-05
-5.5696e-05
-5.5064e-05
-5.421e-05
-5.3137e-05
-5.1847e-05
-5.0344e-05
-4.8633e-05
-4.6721e-05
-4.4613e-05
-4.2317e-05
-3.9841e-05
-3.7194e-05
-3.4385e-05
-3.1426e-05
-2.8327e-05
-2.51e-05
-2.1756e-05
-1.8309e-05
-1.4772e-05
-1.1159e-05
-7.4824e-06
-3.758e-06
-3.527e-19
3.7768e-06
7.5576e-06
1.1327e-05
1.5071e-05
1.8773e-05
2.2419e-05
2.5994e-05
2.9483e-05
3.2873e-05
3.6149e-05
3.9297e-05
4.2305e-05
4.516e-05
4.7849e-05
5.0361e-05
5.2686e-05
5.4813e-05
5.6733e-05
5.8436e-05
5.9917e-05
6.1166e-05
6.2179e-05
6.295e-05
6.3474e-05
6.375e-05
6.3774e-05
6.3545e-05
6.3063e-05
6.2328e-05
6.1343e-05
6.011e-05
5.8633e-05
5.6916e-05
5.4966e-05
5.2788e-05
5.0392e-05
4.7784e-05
4.4975e-05
4.1974e-05
3.8794e-05
3.5445e-05
3.194e-05
2.8293e-05
2.4517e-05
2.0627e-05
1.6637e-05
1.2564e-05
8.4224e-06
4.2289e-06
-7.9399e-19
-4.2478e-06
-8.4976e-06
-1.2733e-05
-1.6936e-05
-2.109e-05
-2.518e-05
-2.9187e-05
-3.3096e-05
-3.6892e-05
-4.0557e-05
-4.4078e-05
-4.7439e-05
-5.0627e-05
-5.3628e-05
-5.6429e-05
-5.9019e-05
-6.1385e-05
-6.3519e-05
-6.541e-05
-6.7049e-05
-6.843e-05
-6.9546e-05
-7.0391e-05
-7.096e-05
-7.125e-05
-7.1259e-05
-7.0986e-05
-7.043e-05
-6.9593e-05
-6.8476e-05
-6.7083e-05
-6.5419e-05
-6.3488e-05
-6.1298e-05
-5.8856e-05
-5.617e-05
-5.3251e-05
-5.0109e-05
-4.6755e-05
-4.3202e-05
-3.9464e-05
-3.5553e-05
-3.1486e-05
-2.7278e-05
-2.2945e-05
-1.8503e-05
-1.3969e-05
-9.3624e-06
-4.6999e-06
7.3665e-20
4.7187e-06
9.4376e-06
1.4138e-05
1.8801e-05
2.3408e-05
2.7941e-05
3.2381e-05
3.671e-05
4.091e-05
4.4966e-05
4.8859e-05
5.2573e-05
5.6094e-05
5.9407e-05
6.2497e-05
6.5351e-05
6.7958e-05
7.0305e-05
7.2383e-05
7.4182e-05
7.5695e-05
7.6913e-05
7.7831e-05
7.8445e-05
7.875e-05
7.8744e-05
7.8427e-05
7.7797e-05
7.6857e-05
7.5609e-05
7.4057e-05
7.2205e-05
7.0061e-05
6.7631e-05
6.4924e-05
6.1949e-05
5.8718e-05
5.5243e-05
5.1536e-05
4.7611e-05
4.3482e-05
3.9167e-05
3.468e-05
3.0039e-05
2.5262e-05
2.0368e-05
1.5375e-05
1.0302e-05
5.1708e-06
-1.5364e-18
-5.1896e-06
-1.0378e-05
-1.5543e-05
-2.0666e-05
-2.5726e-05
-3.0702e-05
-3.5574e-05
-4.0323e-05
-4.4929e-05
-4.9374e-05
-5.3639e-05
-5.7707e-05
-6.1561e-05
-6.5185e-05
-6.8564e-05
-7.1683e-05
-7.453e-05
-7.7091e-05
-7.9356e-05
-8.1315e-05
-8.2959e-05
-8.428e-05
-8.5272e-05
-8.593e-05
-8.625e-05
-8.623e-05
-8.5868e-05
-8.5164e-05
-8.4121e-05
-8.2742e-05
-8.103e-05
-7.8991e-05
-7.6633e-05
-7.3963e-05
-7.0991e-05
-6.7728e-05
-6.4186e-05
-6.0377e-05
-5.6316e-05
-5.2019e-05
-4.7501e-05
-4.278e-05
-3.7873e-05
-3.28e-05
-2.758e-05
-2.2233e-05
-1.678e-05
-1.1242e-05
-5.6417e-06
7.0584e-19
5.6606e-06
1.1318e-05
1.6949e-05
2.2531e-05
2.8043e-05
3.3463e-05
3.8767e-05
4.3936e-05
4.8948e-05
5.3782e-05
5.842e-05
6.2841e-05
6.7029e-05
7.0964e-05
7.4632e-05
7.8016e-05
8.1102e-05
8.3877e-05
8.633e-05
8.8448e-05
9.0224e-05
9.1647e-05
9.2713e-05
9.3415e-05
9.375e-05
9.3715e-05
9.3308e-05
9.2531e-05
9.1386e-05
8.9875e-05
8.8003e-05
8.5778e-05
8.3205e-05
8.0296e-05
7.7059e-05
7.3507e-05
6.9653e-05
6.5511e-05
6.1097e-05
5.6427e-05
5.152e-05
4.6393e-05
4.1066e-05
3.5561e-05
2.9897e-05
2.4098e-05
1.8185e-05
1.2182e-05
6.1127e-06
2.8645e-19
-6.1315e-06
-1.2258e-05
-1.8354e-05
-2.4396e-05
-3.0361e-05
-3.6223e-05
-4.1961e-05
-4.7549e-05
-5.2966e-05
-5.8191e-05
-6.3201e-05
-6.7976e-05
-7.2496e-05
-7.6743e-05
-8.0699e-05
-8.4348e-05
-8.7674e-05
-9.0664e-05
-9.3303e-05
-9.5581e-05
-9.7488e-05
-9.9015e-05
-0.00010015
-0.0001009
-0.00010125
-0.0001012
-0.00010075
-9.9899e-05
-9.865e-05
-9.7008e-05
-9.4977e-05
-9.2564e-05
-8.9778e-05
-8.6628e-05
-8.3126e-05
-7.9286e-05
-7.512e-05
-7.0645e-05
-6.5878e-05
-6.0836e-05
-5.5538e-05
-5.0006e-05
-4.426e-05
-3.8322e-05
-3.2215e-05
-2.5963e-05
-1.9591e-05
-1.3122e-05
-6.5836e-06
1.5438e-18
6.6024e-06
1.3198e-05
1.9759e-05
2.6262e-05
3.2679e-05
3.8984e-05
4.5154e-05
5.1162e-05
5.6985e-05
6.2599e-05
6.7981e-05
7.311e-05
7.7963e-05
8.2522e-05
8.6767e-05
9.0681e-05
9.4247e-05
9.745e-05
0.00010028
0.00010271
0.00010475
0.00010638
0.00010759
0.00010839
0.00010875
0.00010869
0.00010819
0.00010727
0.00010591
0.00010414
0.00010195
9.935e-05
9.635e-05
9.2961e-05
8.9194e-05
8.5065e-05
8.0587e-05
7.5779e-05
7.0658e-05
6.5244e-05
5.9557e-05
5.3619e-05
4.7453e-05
4.1083e-05
3.4533e-05
2.7828e-05
2.0996e-05
1.4062e-05
7.0545e-06
-4.4129e-19
-7.0734e-06
-1.4138e-05
-2.1165e-05
-2.8127e-05
-3.4996e-05
-4.1745e-05
-4.8347e-05
-5.4775e-05
-6.1004e-05
-6.7008e-05
-7.2762e-05
-7.8244e-05
-8.343e-05
-8.8301e-05
-9.2835e-05
-9.7013e-05
-0.00010082
-0.00010424
-0.00010725
-0.00010985
-0.00011202
-0.00011375
-0.00011504
-0.00011587
-0.00011625
-0.00011617
-0.00011563
-0.00011463
-0.00011318
-0.00011127
-0.00010892
-0.00010614
-0.00010292
-9.9293e-05
-9.5262e-05
-9.0844e-05
-8.6055e-05
-8.0913e-05
-7.5439e-05
-6.9653e-05
-6.3576e-05
-5.7232e-05
-5.0646e-05
-4.3844e-05
-3.685e-05
-2.9694e-05
-2.2401e-05
-1.5002e-05
-7.5254e-06
2.5876e-18
7.5443e-06
1.5078e-05
2.257e-05
2.9992e-05
3.7314e-05
4.4506e-05
5.1541e-05
5.8389e-05
6.5023e-05
7.1416e-05
7.7543e-05
8.3378e-05
8.8898e-05
9.408e-05
9.8902e-05
0.00010335
0.00010739
0.00011102
0.00011422
0.00011698
0.00011928
0.00012112
0.00012248
0.00012336
0.00012375
0.00012366
0.00012307
0.000122
0.00012044
0.00011841
0.0001159
0.00011292
0.00010949
0.00010563
0.00010133
9.6622e-05
9.1522e-05
8.6048e-05
8.022e-05
7.4061e-05
6.7595e-05
6.0845e-05
5.384e-05
4.6605e-05
3.9168e-05
3.1559e-05
2.3807e-05
1.5942e-05
7.9964e-06
-1.3748e-18
-8.0152e-06
-1.6018e-05
-2.3975e-05
-3.1857e-05
-3.9631e-05
-4.7267e-05
-5.4734e-05
-6.2002e-05
-6.9041e-05
-7.5824e-05
-8.2323e-05
-8.8512e-05
-9.4365e-05
-9.9859e-05
-0.00010497
-0.00010968
-0.00011396
-0.00011781
-0.0001212
-0.00012411
-0.00012655
-0.00012848
-0.00012992
-0.00013084
-0.00013125
-0.00013114
-0.00013051
-0.00012937
-0.00012771
-0.00012554
-0.00012287
-0.00011971
-0.00011607
-0.00011196
-0.0001074
-0.0001024
-9.6989e-05
-9.1182e-05
-8.5e-05
-7.8469e-05
-7.1613e-05
-6.4459e-05
-5.7033e-05
-4.9366e-05
-4.1486e-05
-3.3424e-05
-2.5212e-05
-1.6882e-05
-8.4673e-06
3.3425e-22
8.4861e-06
1.6958e-05
2.5381e-05
3.3722e-05
4.1949e-05
5.0028e-05
5.7927e-05
6.5615e-05
7.306e-05
8.0233e-05
8.7104e-05
9.3646e-05
9.9832e-05
0.00010564
0.00011104
0.00011601
0.00012054
0.00012459
0.00012817
0.00013125
0.00013381
0.00013585
0.00013736
0.00013833
0.00013875
0.00013863
0.00013795
0.00013673
0.00013497
0.00013267
0.00012984
0.00012649
0.00012264
0.00011829
0.00011346
0.00010818
0.00010246
9.6316e-05
8.9781e-05
8.2878e-05
7.5632e-05
6.8072e-05
6.0226e-05
5.2126e-05
4.3803e-05
3.5289e-05
2.6618e-05
1.7822e-05
8.9382e-06
-2.5142e-18
-8.9571e-06
-1.7898e-05
-2.6786e-05
-3.5588e-05
-4.4267e-05
-5.2789e-05
-6.1121e-05
-6.9228e-05
-7.7079e-05
-8.4641e-05
-9.1885e-05
-9.878e-05
-0.0001053
-0.00011142
-0.00011711
-0.00012234
-0.00012711
-0.00013138
-0.00013514
-0.00013838
-0.00014107
-0.00014322
-0.0001448
-0.00014581
-0.00014625
-0.00014611
-0.00014539
-0.0001441
-0.00014224
-0.00013981
-0.00013682
-0.00013328
-0.00012921
-0.00012462
-0.00011953
-0.00011396
-0.00010792
-0.00010145
-9.4562e-05
-8.7286e-05
-7.9651e-05
-7.1685e-05
-6.342e-05
-5.4887e-05
-4.6121e-05
-3.7154e-05
-2.8023e-05
-1.8762e-05
-9.4092e-06
-3.2338e-18
9.4186e-06
1.88e-05
2.8107e-05
3.7303e-05
4.6353e-05
5.5219e-05
6.3867e-05
7.2263e-05
8.0374e-05
8.8168e-05
9.5614e-05
0.00010268
0.00010935
0.00011558
0.00012135
0.00012665
0.00013145
0.00013572
0.00013947
0.00014266
0.00014529
0.00014734
0.00014882
0.0001497
0.00015
0.0001497
0.00014882
0.00014734
0.00014529
0.00014266
0.00013947
0.00013572
0.00013145
0.00012665
0.00012135
0.00011558
0.00010935
0.00010268
9.5614e-05
8.8168e-05
8.0374e-05
7.2263e-05
6.3867e-05
5.5219e-05
4.6353e-05
3.7303e-05
2.8107e-05
1.88e-05
9.4186e-06
5.8764e-19
-9.4186e-06
-1.88e-05
-2.8107e-05
-3.7303e-05
-4.6353e-05
-5.5219e-05
-6.3867e-05
-7.2263e-05
-8.0374e-05
-8.8168e-05
-9.5614e-05
-0.00010268
-0.00010935
-0.00011558
-0.00012135
-0.00012665
-0.00013145
-0.00013572
-0.00013947
-0.00014266
-0.00014529
-0.00014734
-0.00014882
-0.0001497
-0.00015
-0.0001497
-0.00014882
-0.00014734
-0.00014529
-0.00014266
-0.00013947
-0.00013572
-0.00013145
-0.00012665
-0.00012135
-0.00011558
-0.00010935
-0.00010268
-9.5614e-05
-8.8168e-05
-8.0374e-05
-7.2263e-05
-6.3867e-05
-5.5219e-05
-4.6353e-05
-3.7303e-05
-2.8107e-05
-1.88e-05
-9.4186e-06
-2.2047e-18
9.4186e-06
1.88e-05
2.8107e-05
3.7303e-05
4.6353e-05
5.5219e-05
6.3867e-05
7.2263e-05
8.0374e-05
8.8168e-05
9.5614e-05
0.00010268
0.00010935
0.00011558
0.00012135
0.00012665
0.00013145
0.00013572
0.00013947
0.00014266
0.00014529
0.00014734
0.00014882
0.0001497
0.00015
0.0001497
0.00014882
0.00014734
0.00014529
0.00014266
0.00013947
0.00013572
0.00013145
0.00012665
0.00012135
0.00011558
0.00010935
0.00010268
9.5614e-05
8.8168e-05
8.0374e-05
7.2263e-05
6.3867e-05
5.5219e-05
4.6353e-05
3.7303e-05
2.8107e-05
1.88e-05
9.4186e-06
3.8218e-18
-9.4186e-06
-1.88e-05
-2.8107e-05
-3.7303e-05
-4.6353e-05
-5.5219e-05
-6.3867e-05
-7.2263e-05
-8.0374e-05
-8.8168e-05
-9.5614e-05
-0.00010268
-0.00010935
-0.00011558
-0.00012135
-0.00012665
-0.00013145
-0.00013572
-0.00013947
-0.00014266
-0.00014529
-0.00014734
-0.00014882
-0.0001497
-0.00015
-0.0001497
-0.00014882
-0.00014734
-0.00014529
-0.00014266
-0.00013947
-0.00013572
-0.00013145
-0.00012665
-0.00012135
-0.00011558
-0.00010935
-0.00010268
-9.5614e-05
-8.8168e-05
-8.0374e-05
-7.2263e-05
-6.3867e-05
-5.5219e-05
-4.6353e-05
-3.7303e-05
-2.8107e-05
-1.88e-05
-9.4186e-06
-1.1757e-18
9.4186e-06
1.88e-05
2.8107e-05
3.7303e-05
4.6353e-05
5.5219e-05
6.3867e-05
7.2263e-05
8.0374e-05
8.8168e-05
9.5614e-05
0.00010268
0.00010935
0.00011558
0.00012135
0.00012665
0.00013145
0.00013572
0.00013947
0.00014266
0.00014529
0.00014734
0.00014882
0.0001497
0.00015
0.0001497
0.00014882
0.00014734
0.00014529
0.00014266
0.00013947
0.00013572
0.00013145
0.00012665
0.00012135
0.00011558
0.00010935
0.00010268
9.5614e-05
8.8168e-05
8.0374e-05
7.2263e-05
6.3867e-05
5.5219e-05
4.6353e-05
3.7303e-05
2.8107e-05
1.88e-05
9.4186e-06
2.7928e-18
-9.4186e-06
-1.88e-05
-2.8107e-05
-3.7303e-05
-4.6353e-05
-5.5219e-05
-6.3867e-05
-7.2263e-05
-8.0374e-05
-8.8168e-05
-9.5614e-05
-0.00010268
-0.00010935
-0.00011558
-0.00012135
-0.00012665
-0.00013145
-0.00013572
-0.00013947
-0.00014266
-0.00014529
-0.00014734
-0.00014882
-0.0001497
-0.00015
-0.0001497
-0.00014882
-0.00014734
-0.00014529
-0.00014266
-0.00013947
-0.00013572
-0.00013145
-0.00012665
-0.00012135
-0.00011558
-0.00010935
-0.00010268
-9.5614e-05
-8.8168e-05
-8.0374e-05
-7.2263e-05
-6.3867e-05
-5.5219e-05
-4.6353e-05
-3.7303e-05
-2.8107e-05
-1.88e-05
-9.4186e-06
-1.4659e-19
9.4186e-06
1.88e-05
2.8107e-05
3.7303e-05
4.6353e-05
5.5219e-05
6.3867e-05
7.2263e-05
8.0374e-05
8.8168e-05
9.5614e-05
0.00010268
0.00010935
0.00011558
0.00012135
0.00012665
0.00013145
0.00013572
0.00013947
0.00014266
0.00014529
0.00014734
0.00014882
0.0001497
0.00015
0.0001497
0.00014882
0.00014734
0.00014529
0.00014266
0.00013947
0.00013572
0.00013145
0.00012665
0.00012135
0.00011558
0.00010935
0.00010268
9.5614e-05
8.8168e-05
8.0374e-05
7.2263e-05
6.3867e-05
5.5219e-05
4.6353e-05
3.7303e-05
2.8107e-05
1.88e-05
9.4186e-06
1.7637e-18
-9.4186e-06
-1.88e-05
-2.8107e-05
-3.7303e-05
-4.6353e-05
-5.5219e-05
-6.3867e-05
-7.2263e-05
-8.0374e-05
-8.8168e-05
-9.5614e-05
-0.00010268
-0.00010935
-0.00011558
-0.00012135
-0.00012665
-0.00013145
-0.00013572
-0.00013947
-0.00014266
-0.00014529
-0.00014734
-0.00014882
-0.0001497
-0.00015
-0.0001497
-0.00014882
-0.00014734
-0.00014529
-0.00014266
-0.00013947
-0.00013572
-0.00013145
-0.00012665
-0.00012135
-0.00011558
-0.00010935
-0.00010268
-9.5614e-05
-8.8168e-05
-8.0374e-05
-7.2263e-05
-6.3867e-05
-5.5219e-05
-4.6353e-05
-3.7303e-05
-2.8107e-05
-1.88e-05
-9.4186e-06
-3.3808e-18
9.4186e-06
1.88e-05
2.8107e-05
3.7303e-05
4.6353e-05
5.5219e-05
6.3867e-05
7.2263e-05
8.0374e-05
8.8168e-05
9.5614e-05
0.00010268
0.00010935
0.00011558
0.00012135
0.00012665
0.00013145
0.00013572
0.00013947
0.00014266
0.00014529
0.00014734
0.00014882
0.0001497
0.00015
0.0001497
0.00014882
0.00014734
0.00014529
0.00014266
0.00013947
0.00013572
0.00013145
0.00012665
0.00012135
0.00011558
0.00010935
0.00010268
9.5614e-05
8.8168e-05
8.0374e-05
7.2263e-05
6.3867e-05
5.5219e-05
4.6353e-05
3.7303e-05
2.8107e-05
1.88e-05
9.4186e-06
7.346e-19
-9.4186e-06
-1.88e-05
-2.8107e-05
-3.7303e-05
-4.6353e-05
-5.5219e-05
-6.3867e-05
-7.2263e-05
-8.0374e-05
-8.8168e-05
-9.5614e-05
-0.00010268
-0.00010935
-0.00011558
-0.00012135
-0.00012665
-0.00013145
-0.00013572
-0.00013947
-0.00014266
-0.00014529
-0.00014734
-0.00014882
-0.0001497
-0.00015
-0.0001497
-0.00014882
-0.00014734
-0.00014529
-0.00014266
-0.00013947
-0.00013572
-0.00013145
-0.00012665
-0.00012135
-0.00011558
-0.00010935
-0.00010268
-9.5614e-05
-8.8168e-05
-8.0374e-05
-7.2263e-05
-6.3867e-05
-5.5219e-05
-4.6353e-05
-3.7303e-05
-2.8107e-05
-1.88e-05
-9.4186e-06
-2.3517e-18
9.4186e-06
1.88e-05
2.8107e-05
3.7303e-05
4.6353e-05
5.5219e-05
6.3867e-05
7.2263e-05
8.0374e-05
8.8168e-05
9.5614e-05
0.00010268
0.00010935
0.00011558
0.00012135
0.00012665
0.00013145
0.00013572
0.00013947
0.00014266
0.00014529
0.00014734
0.00014882
0.0001497
0.00015
0.0001497
0.00014882
0.00014734
0.00014529
0.00014266
0.00013947
0.00013572
0.00013145
0.00012665
0.00012135
0.00011558
0.00010935
0.00010268
9.5614e-05
8.8168e-05
8.0374e-05
7.2263e-05
6.3867e-05
5.5219e-05
4.6353e-05
3.7303e-05
2.8107e-05
1.88e-05
9.4186e-06
-2.9447e-19
-9.4186e-06
-1.88e-05
-2.8107e-05
-3.7303e-05
-4.6353e-05
-5.5219e-05
-6.3867e-05
-7.2263e-05
-8.0374e-05
-8.8168e-05
-9.5614e-05
-0.00010268
-0.00010935
-0.00011558
-0.00012135
-0.00012665
-0.00013145
-0.00013572
-0.00013947
-0.00014266
-0.00014529
-0.00014734
-0.00014882
-0.0001497
-0.00015
-0.0001497
-0.00014882
-0.00014734
-0.00014529
-0.00014266
-0.00013947
-0.00013572
-0.00013145
-0.00012665
-0.00012135
-0.00011558
-0.00010935
-0.00010268
-9.5614e-05
-8.8168e-05
-8.0374e-05
-7.2263e-05
-6.3867e-05
-5.5219e-05
-4.6353e-05
-3.7303e-05
-2.8107e-05
-1.88e-05
-9.4186e-06
-1.3226e-18
9.4186e-06
1.88e-05
2.8107e-05
3.7303e-05
4.6353e-05
5.5219e-05
6.3867e-05
7.2263e-05
8.0374e-05
8.8168e-05
9.5614e-05
0.00010268
0.00010935
0.00011558
0.00012135
0.00012665
0.00013145
0.00013572
0.00013947
0.00014266
0.00014529
0.00014734
0.00014882
0.0001497
0.00015
0.0001497
0.00014882
0.00014734
0.00014529
0.00014266
0.00013947
0.00013572
0.00013145
0.00012665
0.00012135
0.00011558
0.00010935
0.00010268
9.5614e-05
8.8168e-05
8.0374e-05
7.2263e-05
6.3867e-05
5.5219e-05
4.6353e-05
3.7303e-05
2.8107e-05
1.88e-05
9.4186e-06
2.9397e-18
-9.4186e-06
-1.88e-05
-2.8107e-05
-3.7303e-05
-4.6353e-05
-5.5219e-05
-6.3867e-05
-7.2263e-05
-8.0374e-05
-8.8168e-05
-9.5614e-05
-0.00010268
-0.00010935
-0.00011558
-0.00012135
-0.00012665
-0.00013145
-0.00013572
-0.00013947
-0.00014266
-0.00014529
-0.00014734
-0.00014882
-0.0001497
-0.00015
-0.0001497
-0.00014882
-0.00014734
-0.00014529
-0.00014266
-0.00013947
-0.00013572
-0.00013145
-0.00012665
-0.00012135
-0.00011558
-0.00010935
-0.00010268
-9.5614e-05
-8.8168e-05
-8.0374e-05
-7.2263e-05
-6.3867e-05
-5.5219e-05
-4.6353e-05
-3.7303e-05
-2.8107e-05
-1.88e-05
-9.4186e-06
-2.9354e-19
9.4186e-06
1.88e-05
2.8107e-05
3.7303e-05
4.6353e-05
5.5219e-05
6.3867e-05
7.2263e-05
8.0374e-05
8.8168e-05
9.5614e-05
0.00010268
0.00010935
0.00011558
0.00012135
0.00012665
0.00013145
0.00013572
0.00013947
0.00014266
0.00014529
0.00014734
0.00014882
0.0001497
0.00015
0.0001497
0.00014882
0.00014734
0.00014529
0.00014266
0.00013947
0.00013572
0.00013145
0.00012665
0.00012135
0.00011558
0.00010935
0.00010268
9.5614e-05
8.8168e-05
8.0374e-05
7.2263e-05
6.3867e-05
5.5219e-05
4.6353e-05
3.7303e-05
2.8107e-05
1.88e-05
9.4186e-06
1.9106e-18
-9.4186e-06
-1.88e-05
-2.8107e-05
-3.7303e-05
-4.6353e-05
-5.5219e-05
-6.3867e-05
-7.2263e-05
-8.0374e-05
-8.8168e-05
-9.5614e-05
-0.00010268
-0.00010935
-0.00011558
-0.00012135
-0.00012665
-0.00013145
-0.00013572
-0.00013947
-0.00014266
-0.00014529
-0.00014734
-0.00014882
-0.0001497
-0.00015
-0.0001497
-0.00014882
-0.00014734
-0.00014529
-0.00014266
-0.00013947
-0.00013572
-0.00013145
-0.00012665
-0.00012135
-0.00011558
-0.00010935
-0.00010268
-9.5614e-05
-8.8168e-05
-8.0374e-05
-7.2263e-05
-6.3867e-05
-5.5219e-05
-4.6353e-05
-3.7303e-05
-2.8107e-05
-1.88e-05
-9.4186e-06
7.3553e-19
9.4186e-06
1.88e-05
2.8107e-05
3.7303e-05
4.6353e-05
5.5219e-05
6.3867e-05
7.2263e-05
8.0374e-05
8.8168e-05
9.5614e-05
0.00010268
0.00010935
0.00011558
0.00012135
0.00012665
0.00013145
0.00013572
0.00013947
0.00014266
0.00014529
0.00014734
0.00014882
0.0001497
0.00015
0.0001497
0.00014882
0.00014734
0.00014529
0.00014266
0.00013947
0.00013572
0.00013145
0.00012665
0.00012135
0.00011558
0.00010935
0.00010268
9.5614e-05
8.8168e-05
8.0374e-05
7.2263e-05
6.3867e-05
5.5219e-05
4.6353e-05
3.7303e-05
2.8107e-05
1.88e-05
9.4186e-06
8.8156e-19
-9.4186e-06
-1.88e-05
-2.8107e-05
-3.7303e-05
-4.6353e-05
-5.5219e-05
-6.3867e-05
-7.2263e-05
-8.0374e-05
-8.8168e-05
-9.5614e-05
-0.00010268
-0.00010935
-0.00011558
-0.00012135
-0.00012665
-0.00013145
-0.00013572
-0.00013947
-0.00014266
-0.00014529
-0.00014734
-0.00014882
-0.0001497
-0.00015
-0.0001497
-0.00014882
-0.00014734
-0.00014529
-0.00014266
-0.00013947
-0.00013572
-0.00013145
-0.00012665
-0.00012135
-0.00011558
-0.00010935
-0.00010268
-9.5614e-05
-8.8168e-05
-8.0374e-05
-7.2263e-05
-6.3867e-05
-5.5219e-05
-4.6353e-05
-3.7303e-05
-2.8107e-05
-1.88e-05
-9.4186e-06
-2.4987e-18
9.4186e-06
1.88e-05
2.8107e-05
3.7303e-05
4.6353e-05
5.5219e-05
6.3867e-05
7.2263e-05
8.0374e-05
8.8168e-05
9.5614e-05
0.00010268
0.00010935
0.00011558
0.00012135
0.00012665
0.00013145
0.00013572
0.00013947
0.00014266
0.00014529
0.00014734
0.00014882
0.0001497
0.00015
0.0001497
0.00014882
0.00014734
0.00014529
0.00014266
0.00013947
0.00013572
0.00013145
0.00012665
0.00012135
0.00011558
0.00010935
0.00010268
9.5614e-05
8.8168e-05
8.0374e-05
7.2263e-05
6.3867e-05
5.5219e-05
4.6353e-05
3.7303e-05
2.8107e-05
1.88e-05
9.4186e-06
-1.4751e-19
-9.4186e-06
-1.88e-05
-2.8107e-05
-3.7303e-05
-4.6353e-05
-5.5219e-05
-6.3867e-05
-7.2263e-05
-8.0374e-05
-8.8168e-05
-9.5614e-05
-0.00010268
-0.00010935
-0.00011558
-0.00012135
-0.00012665
-0.00013145
-0.00013572
-0.00013947
-0.00014266
-0.00014529
-0.00014734
-0.00014882
-0.0001497
-0.00015
-0.0001497
-0.00014882
-0.00014734
-0.00014529
-0.00014266
-0.00013947
-0.00013572
-0.00013145
-0.00012665
-0.00012135
-0.00011558
-0.00010935
-0.00010268
-9.5614e-05
-8.8168e-05
-8.0374e-05
-7.2263e-05
-6.3867e-05
-5.5219e-05
-4.6353e-05
-3.7303e-05
-2.8107e-05
-1.88e-05
-9.4186e-06
-1.4696e-18
9.4186e-06
1.88e-05
2.8107e-05
3.7303e-05
4.6353e-05
5.5219e-05
6.3867e-05
7.2263e-05
8.0374e-05
8.8168e-05
9.5614e-05
0.00010268
0.00010935
0.00011558
0.00012135
0.00012665
0.00013145
0.00013572
0.00013947
0.00014266
0.00014529
0.00014734
0.00014882
0.0001497
0.00015
0.0001497
0.00014882
0.00014734
0.00014529
0.00014266
0.00013947
0.00013572
0.00013145
0.00012665
0.00012135
0.00011558
0.00010935
0.00010268
9.5614e-05
8.8168e-05
8.0374e-05
7.2263e-05
6.3867e-05
5.5219e-05
4.6353e-05
3.7303e-05
2.8107e-05
1.88e-05
9.4186e-06
3.0867e-18
-9.4186e-06
-1.88e-05
-2.8107e-05
-3.7303e-05
-4.6353e-05
-5.5219e-05
-6.3867e-05
-7.2263e-05
-8.0374e-05
-8.8168e-05
-9.5614e-05
-0.00010268
-0.00010935
-0.00011558
-0.00012135
-0.00012665
-0.00013145
-0.00013572
-0.00013947
-0.00014266
-0.00014529
-0.00014734
-0.00014882
-0.0001497
-0.00015
-0.0001497
-0.00014882
-0.00014734
-0.00014529
-0.00014266
-0.00013947
-0.00013572
-0.00013145
-0.00012665
-0.00012135
-0.00011558
-0.00010935
-0.00010268
-9.5614e-05
-8.8168e-05
-8.0374e-05
-7.2263e-05
-6.3867e-05
-5.5219e-05
-4.6353e-05
-3.7303e-05
-2.8107e-05
-1.88e-05
-9.4186e-06
-4.7038e-18
9.4186e-06
1.88e-05
2.8107e-05
3.7303e-05
4.6353e-05
5.5219e-05
6.3867e-05
7.2263e-05
8.0374e-05
8.8168e-05
9.5614e-05
0.00010268
0.00010935
0.00011558
0.00012135
0.00012665
0.00013145
0.00013572
0.00013947
0.00014266
0.00014529
0.00014734
0.00014882
0.0001497
0.00015
0.0001497
0.00014882
0.00014734
0.00014529
0.00014266
0.00013947
0.00013572
0.00013145
0.00012665
0.00012135
0.00011558
0.00010935
0.00010268
9.5614e-05
8.8168e-05
8.0374e-05
7.2263e-05
6.3867e-05
5.5219e-05
4.6353e-05
3.7303e-05
2.8107e-05
1.88e-05
9.4186e-06
-2.2057e-18
-9.4186e-06
-1.88e-05
-2.8107e-05
-3.7303e-05
-4.6353e-05
-5.5219e-05
-6.3867e-05
-7.2263e-05
-8.0374e-05
-8.8168e-05
-9.5614e-05
-0.00010268
-0.00010935
-0.00011558
-0.00012135
-0.00012665
-0.00013145
-0.00013572
-0.00013947
-0.00014266
-0.00014529
-0.00014734
-0.00014882
-0.0001497
-0.00015
-0.0001497
-0.00014882
-0.00014734
-0.00014529
-0.00014266
-0.00013947
-0.00013572
-0.00013145
-0.00012665
-0.00012135
-0.00011558
-0.00010935
-0.00010268
-9.5614e-05
-8.8168e-05
-8.0374e-05
-7.2263e-05
-6.3867e-05
-5.5219e-05
-4.6353e-05
-3.7303e-05
-2.8107e-05
-1.88e-05
-9.4186e-06
5.8857e-19
9.4186e-06
1.88e-05
2.8107e-05
3.7303e-05
4.6353e-05
5.5219e-05
6.3867e-05
7.2263e-05
8.0374e-05
8.8168e-05
9.5614e-05
0.00010268
0.00010935
0.00011558
0.00012135
0.00012665
0.00013145
0.00013572
0.00013947
0.00014266
0.00014529
0.00014734
0.00014882
0.0001497
0.00015
0.0001497
0.00014882
0.00014734
0.00014529
0.00014266
0.00013947
0.00013572
0.00013145
0.00012665
0.00012135
0.00011558
0.00010935
0.00010268
9.5614e-05
8.8168e-05
8.0374e-05
7.2263e-05
6.3867e-05
5.5219e-05
4.6353e-05
3.7303e-05
2.8107e-05
1.88e-05
9.4186e-06
1.0285e-18
-9.4186e-06
-1.88e-05
-2.8107e-05
-3.7303e-05
-4.6353e-05
-5.5219e-05
-6.3867e-05
-7.2263e-05
-8.0374e-05
-8.8168e-05
-9.5614e-05
-0.00010268
-0.00010935
-0.00011558
-0.00012135
-0.00012665
-0.00013145
-0.00013572
-0.00013947
-0.00014266
-0.00014529
-0.00014734
-0.00014882
-0.0001497
-0.00015
-0.0001497
-0.00014882
-0.00014734
-0.00014529
-0.00014266
-0.00013947
-0.00013572
-0.00013145
-0.00012665
-0.00012135
-0.00011558
-0.00010935
-0.00010268
-9.5614e-05
-8.8168e-05
-8.0374e-05
-7.2263e-05
-6.3867e-05
-5.5219e-05
-4.6353e-05
-3.7303e-05
-2.8107e-05
-1.88e-05
-9.4186e-06
-2.6456e-18
9.4186e-06
1.88e-05
2.8107e-05
3.7303e-05
4.6353e-05
5.5219e-05
6.3867e-05
7.2263e-05
8.0374e-05
8.8168e-05
9.5614e-05
0.00010268
0.00010935
0.00011558
0.00012135
0.00012665
0.00013145
0.00013572
0.00013947
0.00014266
0.00014529
0.00014734
0.00014882
0.0001497
0.00015
0.0001497
0.00014882
0.00014734
0.00014529
0.00014266
0.00013947
0.00013572
0.00013145
0.00012665
0.00012135
0.00011558
0.00010935
0.00010268
9.5614e-05
8.8168e-05
8.0374e-05
7.2263e-05
6.3867e-05
5.5219e-05
4.6353e-05
3.7303e-05
2.8107e-05
1.88e-05
9.4186e-06
-4.2638e-18
-9.4186e-06
-1.88e-05
-2.8107e-05
-3.7303e-05
-4.6353e-05
-5.5219e-05
-6.3867e-05
-7.2263e-05
-8.0374e-05
-8.8168e-05
-9.5614e-05
-0.00010268
-0.00010935
-0.00011558
-0.00012135
-0.00012665
-0.00013145
-0.00013572
-0.00013947
-0.00014266
-0.00014529
-0.00014734
-0.00014882
-0.0001497
-0.00015
-0.0001497
-0.00014882
-0.00014734
-0.00014529
-0.00014266
-0.00013947
-0.00013572
-0.00013145
-0.00012665
-0.00012135
-0.00011558
-0.00010935
-0.00010268
-9.5614e-05
-8.8168e-05
-8.0374e-05
-7.2263e-05
-6.3867e-05
-5.5219e-05
-4.6353e-05
-3.7303e-05
-2.8107e-05
-1.88e-05
-9.4186e-06
2.6467e-18
9.4186e-06
1.88e-05
2.8107e-05
3.7303e-05
4.6353e-05
5.5219e-05
6.3867e-05
7.2263e-05
8.0374e-05
8.8168e-05
9.5614e-05
0.00010268
0.00010935
0.00011558
0.00012135
0.00012665
0.00013145
0.00013572
0.00013947
0.00014266
0.00014529
0.00014734
0.00014882
0.0001497
0.00015
0.0001497
0.00014882
0.00014734
0.00014529
0.00014266
0.00013947
0.00013572
0.00013145
0.00012665
0.00012135
0.00011558
0.00010935
0.00010268
9.5614e-05
8.8168e-05
8.0374e-05
7.2263e-05
6.3867e-05
5.5219e-05
4.6353e-05
3.7303e-05
2.8107e-05
1.88e-05
9.4186e-06
-1.0296e-18
-9.4186e-06
-1.88e-05
-2.8107e-05
-3.7303e-05
-4.6353e-05
-5.5219e-05
-6.3867e-05
-7.2263e-05
-8.0374e-05
-8.8168e-05
-9.5614e-05
-0.00010268
-0.00010935
-0.00011558
-0.00012135
-0.00012665
-0.00013145
-0.00013572
-0.00013947
-0.00014266
-0.00014529
-0.00014734
-0.00014882
-0.0001497
-0.00015
-0.0001497
-0.00014882
-0.00014734
-0.00014529
-0.00014266
-0.00013947
-0.00013572
-0.00013145
-0.00012665
-0.00012135
-0.00011558
-0.00010935
-0.00010268
-9.5614e-05
-8.8168e-05
-8.0374e-05
-7.2263e-05
-6.3867e-05
-5.5219e-05
-4.6353e-05
-3.7303e-05
-2.8107e-05
-1.88e-05
-9.4186e-06
-5.8746e-19
9.4186e-06
1.88e-05
2.8107e-05
3.7303e-05
4.6353e-05
5.5219e-05
6.3867e-05
7.2263e-05
8.0374e-05
8.8168e-05
9.5614e-05
0.00010268
0.00010935
0.00011558
0.00012135
0.00012665
0.00013145
0.00013572
0.00013947
0.00014266
0.00014529
0.00014734
0.00014882
0.0001497
0.00015
0.0001497
0.00014882
0.00014734
0.00014529
0.00014266
0.00013947
0.00013572
0.00013145
0.00012665
0.00012135
0.00011558
0.00010935
0.00010268
9.5614e-05
8.8168e-05
8.0374e-05
7.2263e-05
6.3867e-05
5.5219e-05
4.6353e-05
3.7303e-05
2.8107e-05
1.88e-05
9.4186e-06
2.2045e-18
-9.4186e-06
-1.88e-05
-2.8107e-05
-3.7303e-05
-4.6353e-05
-5.5219e-05
-6.3867e-05
-7.2263e-05
-8.0374e-05
-8.8168e-05
-9.5614e-05
-0.00010268
-0.00010935
-0.00011558
-0.00012135
-0.00012665
-0.00013145
-0.00013572
-0.00013947
-0.00014266
-0.00014529
-0.00014734
-0.00014882
-0.0001497
-0.00015
-0.0001497
-0.00014882
-0.00014734
-0.00014529
-0.00014266
-0.00013947
-0.00013572
-0.00013145
-0.00012665
-0.00012135
-0.00011558
-0.00010935
-0.00010268
-9.5614e-05
-8.8168e-05
-8.0374e-05
-7.2263e-05
-6.3867e-05
-5.5219e-05
-4.6353e-05
-3.7303e-05
-2.8107e-05
-1.88e-05
-9.4186e-06
4.7049e-18
9.4186e-06
1.88e-05
2.8107e-05
3.7303e-05
4.6353e-05
5.5219e-05
6.3867e-05
7.2263e-05
8.0374e-05
8.8168e-05
9.5614e-05
0.00010268
0.00010935
0.00011558
0.00012135
0.00012665
0.00013145
0.00013572
0.00013947
0.00014266
0.00014529
0.00014734
0.00014882
0.0001497
0.00015
0.0001497
0.00014882
0.00014734
0.00014529
0.00014266
0.00013947
0.00013572
0.00013145
0.00012665
0.00012135
0.00011558
0.00010935
0.00010268
9.5614e-05
8.8168e-05
8.0374e-05
7.2263e-05
6.3867e-05
5.5219e-05
4.6353e-05
3.7303e-05
2.8107e-05
1.88e-05
9.4186e-06
-3.0878e-18
-9.4186e-06
-1.88e-05
-2.8107e-05
-3.7303e-05
-4.6353e-05
-5.5219e-05
-6.3867e-05
-7.2263e-05
-8.0374e-05
-8.8168e-05
-9.5614e-05
-0.00010268
-0.00010935
-0.00011558
-0.00012135
-0.00012665
-0.00013145
-0.00013572
-0.00013947
-0.00014266
-0.00014529
-0.00014734
-0.00014882
-0.0001497
-0.00015
-0.0001497
-0.00014882
-0.00014734
-0.00014529
-0.00014266
-0.00013947
-0.00013572
-0.00013145
-0.00012665
-0.00012135
-0.00011558
-0.00010935
-0.00010268
-9.5614e-05
-8.8168e-05
-8.0374e-05
-7.2263e-05
-6.3867e-05
-5.5219e-05
-4.6353e-05
-3.7303e-05
-2.8107e-05
-1.88e-05
-9.4186e-06
1.4707e-18
9.4186e-06
1.88e-05
2.8107e-05
3.7303e-05
4.6353e-05
5.5219e-05
6.3867e-05
7.2263e-05
8.0374e-05
8.8168e-05
9.5614e-05
0.00010268
0.00010935
0.00011558
0.00012135
0.00012665
0.00013145
0.00013572
0.00013947
0.00014266
0.00014529
0.00014734
0.00014882
0.0001497
0.00015
0.0001497
0.00014882
0.00014734
0.00014529
0.00014266
0.00013947
0.00013572
0.00013145
0.00012665
0.00012135
0.00011558
0.00010935
0.00010268
9.5614e-05
8.8168e-05
8.0374e-05
7.2263e-05
6.3867e-05
5.5219e-05
4.6353e-05
3.7303e-05
2.8107e-05
1.88e-05
9.4186e-06
1.464e-19
-9.4186e-06
-1.88e-05
-2.8107e-05
-3.7303e-05
-4.6353e-05
-5.5219e-05
-6.3867e-05
-7.2263e-05
-8.0374e-05
-8.8168e-05
-9.5614e-05
-0.00010268
-0.00010935
-0.00011558
-0.00012135
-0.00012665
-0.00013145
-0.00013572
-0.00013947
-0.00014266
-0.00014529
-0.00014734
-0.00014882
-0.0001497
-0.00015
-0.0001497
-0.00014882
-0.00014734
-0.00014529
-0.00014266
-0.00013947
-0.00013572
-0.00013145
-0.00012665
-0.00012135
-0.00011558
-0.00010935
-0.00010268
-9.5614e-05
-8.8168e-05
-8.0374e-05
-7.2263e-05
-6.3867e-05
-5.5219e-05
-4.6353e-05
-3.7303e-05
-2.8107e-05
-1.88e-05
-9.4186e-06
-1.7635e-18
9.4186e-06
1.88e-05
2.8107e-05
3.7303e-05
4.6353e-05
5.5219e-05
6.3867e-05
7.2263e-05
8.0374e-05
8.8168e-05
9.5614e-05
0.00010268
0.00010935
0.00011558
0.00012135
0.00012665
0.00013145
0.00013572
0.00013947
0.00014266
0.00014529
0.00014734
0.00014882
0.0001497
0.00015
0.0001497
0.00014882
0.00014734
0.00014529
0.00014266
0.00013947
0.00013572
0.00013145
0.00012665
0.00012135
0.00011558
0.00010935
0.00010268
9.5614e-05
8.8168e-05
8.0374e-05
7.2263e-05
6.3867e-05
5.5219e-05
4.6353e-05
3.7303e-05
2.8107e-05
1.88e-05
9.4186e-06
-5.1459e-18
-9.4186e-06
-1.88e-05
-2.8107e-05
-3.7303e-05
-4.6353e-05
-5.5219e-05
-6.3867e-05
-7.2263e-05
-8.0374e-05
-8.8168e-05
-9.5614e-05
-0.00010268
-0.00010935
-0.00011558
-0.00012135
-0.00012665
-0.00013145
-0.00013572
-0.00013947
-0.00014266
-0.00014529
-0.00014734
-0.00014882
-0.0001497
-0.00015
-0.0001497
-0.00014882
-0.00014734
-0.00014529
-0.00014266
-0.00013947
-0.00013572
-0.00013145
-0.00012665
-0.00012135
-0.00011558
-0.00010935
-0.00010268
-9.5614e-05
-8.8168e-05
-8.0374e-05
-7.2263e-05
-6.3867e-05
-5.5219e-05
-4.6353e-05
-3.7303e-05
-2.8107e-05
-1.88e-05
-9.4186e-06
3.5288e-18
9.4186e-06
1.88e-05
2.8107e-05
3.7303e-05
4.6353e-05
5.5219e-05
6.3867e-05
7.2263e-05
8.0374e-05
8.8168e-05
9.5614e-05
0.00010268
0.00010935
0.00011558
0.00012135
0.00012665
0.00013145
0.00013572
0.00013947
0.00014266
0.00014529
0.00014734
0.00014882
0.0001497
0.00015
0.0001497
0.00014882
0.00014734
0.00014529
0.00014266
0.00013947
0.00013572
0.00013145
0.00012665
0.00012135
0.00011558
0.00010935
0.00010268
9.5614e-05
8.8168e-05
8.0374e-05
7.2263e-05
6.3867e-05
5.5219e-05
4.6353e-05
3.7303e-05
2.8107e-05
1.88e-05
9.4186e-06
-1.9117e-18
-9.4186e-06
-1.88e-05
-2.8107e-05
-3.7303e-05
-4.6353e-05
-5.5219e-05
-6.3867e-05
-7.2263e-05
-8.0374e-05
-8.8168e-05
-9.5614e-05
-0.00010268
-0.00010935
-0.00011558
-0.00012135
-0.00012665
-0.00013145
-0.00013572
-0.00013947
-0.00014266
-0.00014529
-0.00014734
-0.00014882
-0.0001497
-0.00015
-0.0001497
-0.00014882
-0.00014734
-0.00014529
-0.00014266
-0.00013947
-0.00013572
-0.00013145
-0.00012665
-0.00012135
-0.00011558
-0.00010935
-0.00010268
-9.5614e-05
-8.8168e-05
-8.0374e-05
-7.2263e-05
-6.3867e-05
-5.5219e-05
-4.6353e-05
-3.7303e-05
-2.8107e-05
-1.88e-05
-9.4186e-06
2.9466e-19
9.4186e-06
1.88e-05
2.8107e-05
3.7303e-05
4.6353e-05
5.5219e-05
6.3867e-05
7.2263e-05
8.0374e-05
8.8168e-05
9.5614e-05
0.00010268
0.00010935
0.00011558
0.00012135
0.00012665
0.00013145
0.00013572
0.00013947
0.00014266
0.00014529
0.00014734
0.00014882
0.0001497
0.00015
0.0001497
0.00014882
0.00014734
0.00014529
0.00014266
0.00013947
0.00013572
0.00013145
0.00012665
0.00012135
0.00011558
0.00010935
0.00010268
9.5614e-05
8.8168e-05
8.0374e-05
7.2263e-05
6.3867e-05
5.5219e-05
4.6353e-05
3.7303e-05
2.8107e-05
1.88e-05
9.4186e-06
1.3224e-18
-9.4186e-06
-1.88e-05
-2.8107e-05
-3.7303e-05
-4.6353e-05
-5.5219e-05
-6.3867e-05
-7.2263e-05
-8.0374e-05
-8.8168e-05
-9.5614e-05
-0.00010268
-0.00010935
-0.00011558
-0.00012135
-0.00012665
-0.00013145
-0.00013572
-0.00013947
-0.00014266
-0.00014529
-0.00014734
-0.00014882
-0.0001497
-0.00015
-0.0001497
-0.00014882
-0.00014734
-0.00014529
-0.00014266
-0.00013947
-0.00013572
-0.00013145
-0.00012665
-0.00012135
-0.00011558
-0.00010935
-0.00010268
-9.5614e-05
-8.8168e-05
-8.0374e-05
-7.2263e-05
-6.3867e-05
-5.5219e-05
-4.6353e-05
-3.7303e-05
-2.8107e-05
-1.88e-05
-9.4186e-06
-2.9395e-18
9.4186e-06
1.88e-05
2.8107e-05
3.7303e-05
4.6353e-05
5.5219e-05
6.3867e-05
7.2263e-05
8.0374e-05
8.8168e-05
9.5614e-05
0.00010268
0.00010935
0.00011558
0.00012135
0.00012665
0.00013145
0.00013572
0.00013947
0.00014266
0.00014529
0.00014734
0.00014882
0.0001497
0.00015
0.0001497
0.00014882
0.00014734
0.00014529
0.00014266
0.00013947
0.00013572
0.00013145
0.00012665
0.00012135
0.00011558
0.00010935
0.00010268
9.5614e-05
8.8168e-05
8.0374e-05
7.2263e-05
6.3867e-05
5.5219e-05
4.6353e-05
3.7303e-05
2.8107e-05
1.88e-05
9.4186e-06
4.5566e-18
-9.4186e-06
-1.88e-05
-2.8107e-05
-3.7303e-05
-4.6353e-05
-5.5219e-05
-6.3867e-05
-7.2263e-05
-8.0374e-05
-8.8168e-05
-9.5614e-05
-0.00010268
-0.00010935
-0.00011558
-0.00012135
-0.00012665
-0.00013145
-0.00013572
-0.00013947
-0.00014266
-0.00014529
-0.00014734
-0.00014882
-0.0001497
-0.00015
-0.0001497
-0.00014882
-0.00014734
-0.00014529
-0.00014266
-0.00013947
-0.00013572
-0.00013145
-0.00012665
-0.00012135
-0.00011558
-0.00010935
-0.00010268
-9.5614e-05
-8.8168e-05
-8.0374e-05
-7.2263e-05
-6.3867e-05
-5.5219e-05
-4.6353e-05
-3.7303e-05
-2.8107e-05
-1.88e-05
-9.4186e-06
2.3528e-18
9.4186e-06
1.88e-05
2.8107e-05
3.7303e-05
4.6353e-05
5.5219e-05
6.3867e-05
7.2263e-05
8.0374e-05
8.8168e-05
9.5614e-05
0.00010268
0.00010935
0.00011558
0.00012135
0.00012665
0.00013145
0.00013572
0.00013947
0.00014266
0.00014529
0.00014734
0.00014882
0.0001497
0.00015
0.0001497
0.00014882
0.00014734
0.00014529
0.00014266
0.00013947
0.00013572
0.00013145
0.00012665
0.00012135
0.00011558
0.00010935
0.00010268
9.5614e-05
8.8168e-05
8.0374e-05
7.2263e-05
6.3867e-05
5.5219e-05
4.6353e-05
3.7303e-05
2.8107e-05
1.88e-05
9.4186e-06
-7.3572e-19
-9.4186e-06
-1.88e-05
-2.8107e-05
-3.7303e-05
-4.6353e-05
-5.5219e-05
-6.3867e-05
-7.2263e-05
-8.0374e-05
-8.8168e-05
-9.5614e-05
-0.00010268
-0.00010935
-0.00011558
-0.00012135
-0.00012665
-0.00013145
-0.00013572
-0.00013947
-0.00014266
-0.00014529
-0.00014734
-0.00014882
-0.0001497
-0.00015
-0.0001497
-0.00014882
-0.00014734
-0.00014529
-0.00014266
-0.00013947
-0.00013572
-0.00013145
-0.00012665
-0.00012135
-0.00011558
-0.00010935
-0.00010268
-9.5614e-05
-8.8168e-05
-8.0374e-05
-7.2263e-05
-6.3867e-05
-5.5219e-05
-4.6353e-05
-3.7303e-05
-2.8107e-05
-1.88e-05
-9.4186e-06
-8.8137e-19
9.4186e-06
1.88e-05
2.8107e-05
3.7303e-05
4.6353e-05
5.5219e-05
6.3867e-05
7.2263e-05
8.0374e-05
8.8168e-05
9.5614e-05
0.00010268
0.00010935
0.00011558
0.00012135
0.00012665
0.00013145
0.00013572
0.00013947
0.00014266
0.00014529
0.00014734
0.00014882
0.0001497
0.00015
0.0001497
0.00014882
0.00014734
0.00014529
0.00014266
0.00013947
0.00013572
0.00013145
0.00012665
0.00012135
0.00011558
0.00010935
0.00010268
9.5614e-05
8.8168e-05
8.0374e-05
7.2263e-05
6.3867e-05
5.5219e-05
4.6353e-05
3.7303e-05
2.8107e-05
1.88e-05
9.4186e-06
2.4985e-18
-9.4186e-06
-1.88e-05
-2.8107e-05
-3.7303e-05
-4.6353e-05
-5.5219e-05
-6.3867e-05
-7.2263e-05
-8.0374e-05
-8.8168e-05
-9.5614e-05
-0.00010268
-0.00010935
-0.00011558
-0.00012135
-0.00012665
-0.00013145
-0.00013572
-0.00013947
-0.00014266
-0.00014529
-0.00014734
-0.00014882
-0.0001497
-0.00015
-0.0001497
-0.00014882
-0.00014734
-0.00014529
-0.00014266
-0.00013947
-0.00013572
-0.00013145
-0.00012665
-0.00012135
-0.00011558
-0.00010935
-0.00010268
-9.5614e-05
-8.8168e-05
-8.0374e-05
-7.2263e-05
-6.3867e-05
-5.5219e-05
-4.6353e-05
-3.7303e-05
-2.8107e-05
-1.88e-05
-9.4186e-06
-4.1156e-18
9.4186e-06
1.88e-05
2.8107e-05
3.7303e-05
4.6353e-05
5.5219e-05
6.3867e-05
7.2263e-05
8.0374e-05
8.8168e-05
9.5614e-05
0.00010268
0.00010935
0.00011558
0.00012135
0.00012665
0.00013145
0.00013572
0.00013947
0.00014266
0.00014529
0.00014734
0.00014882
0.0001497
0.00015
0.0001497
0.00014882
0.00014734
0.00014529
0.00014266
0.00013947
0.00013572
0.00013145
0.00012665
0.00012135
0.00011558
0.00010935
0.00010268
9.5614e-05
8.8168e-05
8.0374e-05
7.2263e-05
6.3867e-05
5.5219e-05
4.6353e-05
3.7303e-05
2.8107e-05
1.88e-05
9.4186e-06
-2.7939e-18
-9.4186e-06
-1.88e-05
-2.8107e-05
-3.7303e-05
-4.6353e-05
-5.5219e-05
-6.3867e-05
-7.2263e-05
-8.0374e-05
-8.8168e-05
-9.5614e-05
-0.00010268
-0.00010935
-0.00011558
-0.00012135
-0.00012665
-0.00013145
-0.00013572
-0.00013947
-0.00014266
-0.00014529
-0.00014734
-0.00014882
-0.0001497
-0.00015
-0.0001497
-0.00014882
-0.00014734
-0.00014529
-0.00014266
-0.00013947
-0.00013572
-0.00013145
-0.00012665
-0.00012135
-0.00011558
-0.00010935
-0.00010268
-9.5614e-05
-8.8168e-05
-8.0374e-05
-7.2263e-05
-6.3867e-05
-5.5219e-05
-4.6353e-05
-3.7303e-05
-2.8107e-05
-1.88e-05
-9.4186e-06
1.1768e-18
9.4186e-06
1.88e-05
2.8107e-05
3.7303e-05
4.6353e-05
5.5219e-05
6.3867e-05
7.2263e-05
8.0374e-05
8.8168e-05
9.5614e-05
0.00010268
0.00010935
0.00011558
0.00012135
0.00012665
0.00013145
0.00013572
0.00013947
0.00014266
0.00014529
0.00014734
0.00014882
0.0001497
0.00015
0.0001497
0.00014882
0.00014734
0.00014529
0.00014266
0.00013947
0.00013572
0.00013145
0.00012665
0.00012135
0.00011558
0.00010935
0.00010268
9.5614e-05
8.8168e-05
8.0374e-05
7.2263e-05
6.3867e-05
5.5219e-05
4.6353e-05
3.7303e-05
2.8107e-05
1.88e-05
9.4186e-06
4.4032e-19
-9.4186e-06
-1.88e-05
-2.8107e-05
-3.7303e-05
-4.6353e-05
-5.5219e-05
-6.3867e-05
-7.2263e-05
-8.0374e-05
-8.8168e-05
-9.5614e-05
-0.00010268
-0.00010935
-0.00011558
-0.00012135
-0.00012665
-0.00013145
-0.00013572
-0.00013947
-0.00014266
-0.00014529
-0.00014734
-0.00014882
-0.0001497
-0.00015
-0.0001497
-0.00014882
-0.00014734
-0.00014529
-0.00014266
-0.00013947
-0.00013572
-0.00013145
-0.00012665
-0.00012135
-0.00011558
-0.00010935
-0.00010268
-9.5614e-05
-8.8168e-05
-8.0374e-05
-7.2263e-05
-6.3867e-05
-5.5219e-05
-4.6353e-05
-3.7303e-05
-2.8107e-05
-1.88e-05
-9.4186e-06
-2.0574e-18
9.4186e-06
1.88e-05
2.8107e-05
3.7303e-05
4.6353e-05
5.5219e-05
6.3867e-05
7.2263e-05
8.0374e-05
8.8168e-05
9.5614e-05
0.00010268
0.00010935
0.00011558
0.00012135
0.00012665
0.00013145
0.00013572
0.00013947
0.00014266
0.00014529
0.00014734
0.00014882
0.0001497
0.00015
0.0001497
0.00014882
0.00014734
0.00014529
0.00014266
0.00013947
0.00013572
0.00013145
0.00012665
0.00012135
0.00011558
0.00010935
0.00010268
9.5614e-05
8.8168e-05
8.0374e-05
7.2263e-05
6.3867e-05
5.5219e-05
4.6353e-05
3.7303e-05
2.8107e-05
1.88e-05
9.4186e-06
3.6745e-18
-9.4186e-06
-1.88e-05
-2.8107e-05
-3.7303e-05
-4.6353e-05
-5.5219e-05
-6.3867e-05
-7.2263e-05
-8.0374e-05
-8.8168e-05
-9.5614e-05
-0.00010268
-0.00010935
-0.00011558
-0.00012135
-0.00012665
-0.00013145
-0.00013572
-0.00013947
-0.00014266
-0.00014529
-0.00014734
-0.00014882
-0.0001497
-0.00015
-0.0001497
-0.00014882
-0.00014734
-0.00014529
-0.00014266
-0.00013947
-0.00013572
-0.00013145
-0.00012665
-0.00012135
-0.00011558
-0.00010935
-0.00010268
-9.5614e-05
-8.8168e-05
-8.0374e-05
-7.2263e-05
-6.3867e-05
-5.5219e-05
-4.6353e-05
-3.7303e-05
-2.8107e-05
-1.88e-05
-9.4186e-06
3.2349e-18
9.4186e-06
1.88e-05
2.8107e-05
3.7303e-05
4.6353e-05
5.5219e-05
6.3867e-05
7.2263e-05
8.0374e-05
8.8168e-05
9.5614e-05
0.00010268
0.00010935
0.00011558
0.00012135
0.00012665
0.00013145
0.00013572
0.00013947
0.00014266
0.00014529
0.00014734
0.00014882
0.0001497
0.00015
0.0001497
0.00014882
0.00014734
0.00014529
0.00014266
0.00013947
0.00013572
0.00013145
0.00012665
0.00012135
0.00011558
0.00010935
0.00010268
9.5614e-05
8.8168e-05
8.0374e-05
7.2263e-05
6.3867e-05
5.5219e-05
4.6353e-05
3.7303e-05
2.8107e-05
1.88e-05
9.4186e-06
-1.6178e-18
-9.4186e-06
-1.88e-05
-2.8107e-05
-3.7303e-05
-4.6353e-05
-5.5219e-05
-6.3867e-05
-7.2263e-05
-8.0374e-05
-8.8168e-05
-9.5614e-05
-0.00010268
-0.00010935
-0.00011558
-0.00012135
-0.00012665
-0.00013145
-0.00013572
-0.00013947
-0.00014266
-0.00014529
-0.00014734
-0.00014882
-0.0001497
-0.00015
-0.0001497
-0.00014882
-0.00014734
-0.00014529
-0.00014266
-0.00013947
-0.00013572
-0.00013145
-0.00012665
-0.00012135
-0.00011558
-0.00010935
-0.00010268
-9.5614e-05
-8.8168e-05
-8.0374e-05
-7.2263e-05
-6.3867e-05
-5.5219e-05
-4.6353e-05
-3.7303e-05
-2.8107e-05
-1.88e-05
-9.4186e-06
7.4203e-22
9.3997e-06
1.8744e-05
2.7995e-05
3.7117e-05
4.6074e-05
5.4832e-05
6.3356e-05
7.1613e-05
7.957e-05
8.7198e-05
9.4466e-05
0.00010135
0.00010781
0.00011384
0.00011941
0.0001245
0.00012908
0.00013315
0.00013668
0.00013966
0.00014209
0.00014395
0.00014525
0.00014596
0.0001461
0.00014566
0.00014465
0.00014307
0.00014093
0.00013824
0.000135
0.00013125
0.00012698
0.00012222
0.00011698
0.0001113
0.00010519
9.8677e-05
9.1789e-05
8.4553e-05
7.6998e-05
6.9156e-05
6.1057e-05
5.2734e-05
4.422e-05
3.555e-05
2.6758e-05
1.7879e-05
8.9476e-06
1.5339e-18
-8.9288e-06
-1.7804e-05
-2.6589e-05
-3.5252e-05
-4.3757e-05
-5.2071e-05
-6.0163e-05
-6.8e-05
-7.5552e-05
-8.279e-05
-8.9686e-05
-9.6213e-05
-0.00010235
-0.00010806
-0.00011334
-0.00011816
-0.00012251
-0.00012636
-0.0001297
-0.00013253
-0.00013483
-0.00013659
-0.0001378
-0.00013848
-0.0001386
-0.00013818
-0.00013721
-0.0001357
-0.00013366
-0.0001311
-0.00012803
-0.00012446
-0.0001204
-0.00011588
-0.00011092
-0.00010552
-9.9723e-05
-9.3543e-05
-8.7008e-05
-8.0145e-05
-7.298e-05
-6.5543e-05
-5.7863e-05
-4.9973e-05
-4.1903e-05
-3.3685e-05
-2.5353e-05
-1.6939e-05
-8.4767e-06
4.7585e-18
8.4579e-06
1.6864e-05
2.5184e-05
3.3387e-05
4.1439e-05
4.931e-05
5.6969e-05
6.4386e-05
7.1533e-05
7.8381e-05
8.4905e-05
9.1079e-05
9.688e-05
0.00010229
0.00010728
0.00011183
0.00011594
0.00011957
0.00012273
0.0001254
0.00012756
0.00012922
0.00013036
0.00013099
0.0001311
0.00013069
0.00012977
0.00012834
0.0001264
0.00012397
0.00012106
0.00011767
0.00011383
0.00010955
0.00010485
9.9743e-05
9.4256e-05
8.8409e-05
8.2228e-05
7.5736e-05
6.8961e-05
6.1929e-05
5.467e-05
4.7212e-05
3.9585e-05
3.182e-05
2.3947e-05
1.5999e-05
8.0058e-06
-3.1209e-18
-7.987e-06
-1.5924e-05
-2.3779e-05
-3.1521e-05
-3.9122e-05
-4.6549e-05
-5.3776e-05
-6.0773e-05
-6.7514e-05
-7.3973e-05
-8.0124e-05
-8.5945e-05
-9.1413e-05
-9.6507e-05
-0.00010121
-0.0001055
-0.00010936
-0.00011279
-0.00011576
-0.00011826
-0.0001203
-0.00012185
-0.00012292
-0.00012351
-0.0001236
-0.00012321
-0.00012233
-0.00012097
-0.00011914
-0.00011684
-0.00011408
-0.00011089
-0.00010726
-0.00010322
-9.8781e-05
-9.3964e-05
-8.8788e-05
-8.3275e-05
-7.7447e-05
-7.1328e-05
-6.4942e-05
-5.8316e-05
-5.1477e-05
-4.4451e-05
-3.7267e-05
-2.9955e-05
-2.2542e-05
-1.5059e-05
-7.5349e-06
-5.1676e-18
7.516e-06
1.4984e-05
2.2373e-05
2.9656e-05
3.6804e-05
4.3788e-05
5.0583e-05
5.716e-05
6.3495e-05
6.9564e-05
7.5344e-05
8.0811e-05
8.5945e-05
9.0728e-05
9.514e-05
9.9166e-05
0.00010279
0.000106
0.00010878
0.00011113
0.00011303
0.00011449
0.00011548
0.00011602
0.0001161
0.00011572
0.00011489
0.0001136
0.00011187
0.0001097
0.00010711
0.0001041
0.00010069
9.6887e-05
9.2713e-05
8.8185e-05
8.3321e-05
7.8141e-05
7.2666e-05
6.6919e-05
6.0924e-05
5.4703e-05
4.8283e-05
4.169e-05
3.495e-05
2.809e-05
2.1137e-05
1.4119e-05
7.0639e-06
6.0554e-18
-7.0451e-06
-1.4044e-05
-2.0968e-05
-2.7791e-05
-3.4486e-05
-4.1027e-05
-4.7389e-05
-5.3547e-05
-5.9477e-05
-6.5156e-05
-7.0563e-05
-7.5677e-05
-8.0478e-05
-8.4949e-05
-8.9073e-05
-9.2834e-05
-9.6218e-05
-9.9214e-05
-0.00010181
-0.000104
-0.00010577
-0.00010712
-0.00010804
-0.00010854
-0.0001086
-0.00010824
-0.00010745
-0.00010623
-0.00010461
-0.00010257
-0.00010014
-9.7314e-05
-9.4115e-05
-9.0554e-05
-8.6646e-05
-8.2406e-05
-7.7854e-05
-7.3007e-05
-6.7886e-05
-6.2511e-05
-5.6905e-05
-5.109e-05
-4.509e-05
-3.8929e-05
-3.2632e-05
-2.6224e-05
-1.9731e-05
-1.3179e-05
-6.593e-06
-6.7816e-18
6.5742e-06
1.3104e-05
1.9563e-05
2.5926e-05
3.2169e-05
3.8267e-05
4.4196e-05
4.9934e-05
5.5458e-05
6.0748e-05
6.5782e-05
7.0543e-05
7.5011e-05
7.917e-05
8.3005e-05
8.6501e-05
8.9646e-05
9.2428e-05
9.4837e-05
9.6865e-05
9.8505e-05
9.9751e-05
0.0001006
0.00010105
0.0001011
0.00010075
0.00010001
9.8867e-05
9.7343e-05
9.5439e-05
9.3164e-05
9.0528e-05
8.7543e-05
8.4222e-05
8.0578e-05
7.6628e-05
7.2387e-05
6.7873e-05
6.3105e-05
5.8103e-05
5.2886e-05
4.7477e-05
4.1897e-05
3.6168e-05
3.0315e-05
2.4359e-05
1.8326e-05
1.2239e-05
6.1221e-06
1.8123e-18
-6.1032e-06
-1.2164e-05
-1.8157e-05
-2.4061e-05
-2.9851e-05
-3.5506e-05
-4.1003e-05
-4.6321e-05
-5.1439e-05
-5.6339e-05
-6.1001e-05
-6.5408e-05
-6.9544e-05
-7.3391e-05
-7.6938e-05
-8.0169e-05
-8.3074e-05
-8.5642e-05
-8.7864e-05
-8.9732e-05
-9.1241e-05
-9.2384e-05
-9.316e-05
-9.3565e-05
-9.36e-05
-9.3266e-05
-9.2564e-05
-9.15e-05
-9.0078e-05
-8.8306e-05
-8.619e-05
-8.3742e-05
-8.0971e-05
-7.7889e-05
-7.451e-05
-7.0849e-05
-6.6919e-05
-6.2739e-05
-5.8324e-05
-5.3694e-05
-4.8867e-05
-4.3864e-05
-3.8703e-05
-3.3407e-05
-2.7997e-05
-2.2494e-05
-1.6921e-05
-1.1299e-05
-5.6511e-06
-7.7487e-18
5.6323e-06
1.1224e-05
1.6752e-05
2.2196e-05
2.7533e-05
3.2745e-05
3.7809e-05
4.2707e-05
4.7421e-05
5.1931e-05
5.6221e-05
6.0274e-05
6.4076e-05
6.7613e-05
7.087e-05
7.3836e-05
7.6502e-05
7.8856e-05
8.0891e-05
8.2599e-05
8.3976e-05
8.5017e-05
8.5719e-05
8.608e-05
8.61e-05
8.578e-05
8.5123e-05
8.4133e-05
8.2814e-05
8.1173e-05
7.9217e-05
7.6956e-05
7.4398e-05
7.1557e-05
6.8443e-05
6.507e-05
6.1452e-05
5.7605e-05
5.3544e-05
4.9286e-05
4.4849e-05
4.0251e-05
3.551e-05
3.0646e-05
2.5679e-05
2.0629e-05
1.5515e-05
1.0359e-05
5.1802e-06
3.3086e-18
-5.1614e-06
-1.0284e-05
-1.5347e-05
-2.033e-05
-2.5216e-05
-2.9984e-05
-3.4616e-05
-3.9094e-05
-4.3402e-05
-4.7522e-05
-5.144e-05
-5.514e-05
-5.8609e-05
-6.1834e-05
-6.4802e-05
-6.7504e-05
-6.9929e-05
-7.2069e-05
-7.3917e-05
-7.5466e-05
-7.6712e-05
-7.765e-05
-7.8278e-05
-7.8595e-05
-7.86e-05
-7.8295e-05
-7.7683e-05
-7.6766e-05
-7.5549e-05
-7.404e-05
-7.2244e-05
-7.0169e-05
-6.7826e-05
-6.5224e-05
-6.2375e-05
-5.9291e-05
-5.5985e-05
-5.2471e-05
-4.8763e-05
-4.4877e-05
-4.083e-05
-3.6637e-05
-3.2317e-05
-2.7885e-05
-2.3362e-05
-1.8764e-05
-1.411e-05
-9.4188e-06
-4.7093e-06
-3.8142e-18
4.6905e-06
9.3436e-06
1.3941e-05
1.8465e-05
2.2898e-05
2.7223e-05
3.1423e-05
3.5481e-05
3.9383e-05
4.3114e-05
4.6659e-05
5.0006e-05
5.3142e-05
5.6055e-05
5.8735e-05
6.1172e-05
6.3357e-05
6.5283e-05
6.6944e-05
6.8333e-05
6.9447e-05
7.0283e-05
7.0837e-05
7.1109e-05
7.11e-05
7.081e-05
7.0242e-05
6.9399e-05
6.8285e-05
6.6907e-05
6.527e-05
6.3383e-05
6.1254e-05
5.8892e-05
5.6308e-05
5.3512e-05
5.0518e-05
4.7336e-05
4.3982e-05
4.0469e-05
3.6811e-05
3.3024e-05
2.9123e-05
2.5125e-05
2.1044e-05
1.6898e-05
1.2704e-05
8.4788e-06
4.2384e-06
4.1581e-18
-4.2195e-06
-8.4036e-06
-1.2536e-05
-1.66e-05
-2.0581e-05
-2.4462e-05
-2.8229e-05
-3.1868e-05
-3.5365e-05
-3.8706e-05
-4.1879e-05
-4.4872e-05
-4.7675e-05
-5.0276e-05
-5.2667e-05
-5.4839e-05
-5.6785e-05
-5.8497e-05
-5.9971e-05
-6.12e-05
-6.2183e-05
-6.2915e-05
-6.3396e-05
-6.3624e-05
-6.36e-05
-6.3325e-05
-6.2801e-05
-6.2031e-05
-6.1021e-05
-5.9774e-05
-5.8297e-05
-5.6597e-05
-5.4682e-05
-5.2559e-05
-5.024e-05
-4.7733e-05
-4.505e-05
-4.2202e-05
-3.9202e-05
-3.6061e-05
-3.2793e-05
-2.9411e-05
-2.593e-05
-2.2364e-05
-1.8726e-05
-1.5033e-05
-1.1299e-05
-7.5388e-06
-3.7674e-06
-9.3818e-19
3.7486e-06
7.4636e-06
1.113e-05
1.4735e-05
1.8263e-05
2.1701e-05
2.5036e-05
2.8255e-05
3.1346e-05
3.4297e-05
3.7098e-05
3.9738e-05
4.2207e-05
4.4497e-05
4.6599e-05
4.8507e-05
5.0212e-05
5.1711e-05
5.2997e-05
5.4068e-05
5.4919e-05
5.5548e-05
5.5955e-05
5.6139e-05
5.61e-05
5.584e-05
5.536e-05
5.4664e-05
5.3756e-05
5.2641e-05
5.1324e-05
4.9811e-05
4.8109e-05
4.6227e-05
4.4172e-05
4.1954e-05
3.9583e-05
3.7068e-05
3.4421e-05
3.1652e-05
2.8774e-05
2.5798e-05
2.2737e-05
1.9603e-05
1.6409e-05
1.3168e-05
9.8937e-06
6.5988e-06
3.2965e-06
4.3607e-18
-3.2777e-06
-6.5236e-06
-9.7251e-06
-1.287e-05
-1.5945e-05
-1.894e-05
-2.1842e-05
-2.4642e-05
-2.7327e-05
-2.9889e-05
-3.2317e-05
-3.4604e-05
-3.674e-05
-3.8718e-05
-4.0532e-05
-4.2174e-05
-4.364e-05
-4.4925e-05
-4.6024e-05
-4.6935e-05
-4.7654e-05
-4.8181e-05
-4.8514e-05
-4.8654e-05
-4.86e-05
-4.8354e-05
-4.7919e-05
-4.7297e-05
-4.6492e-05
-4.5508e-05
-4.435e-05
-4.3025e-05
-4.1537e-05
-3.9894e-05
-3.8105e-05
-3.6176e-05
-3.4116e-05
-3.1934e-05
-2.964e-05
-2.7244e-05
-2.4755e-05
-2.2185e-05
-1.9543e-05
-1.6842e-05
-1.4091e-05
-1.1303e-05
-8.4884e-06
-5.6588e-06
-2.8256e-06
-1.6701e-18
2.8067e-06
5.5836e-06
8.3197e-06
1.1005e-05
1.3628e-05
1.6179e-05
1.8649e-05
2.1029e-05
2.3308e-05
2.548e-05
2.7537e-05
2.947e-05
3.1273e-05
3.2939e-05
3.4464e-05
3.5842e-05
3.7068e-05
3.8138e-05
3.9051e-05
3.9802e-05
4.039e-05
4.0814e-05
4.1074e-05
4.1169e-05
4.11e-05
4.0869e-05
4.0478e-05
3.993e-05
3.9228e-05
3.8375e-05
3.7377e-05
3.6238e-05
3.4965e-05
3.3562e-05
3.2037e-05
3.0397e-05
2.8648e-05
2.68e-05
2.486e-05
2.2835e-05
2.0736e-05
1.8572e-05
1.635e-05
1.4081e-05
1.1774e-05
9.4378e-06
7.083e-06
4.7188e-06
2.3546e-06
1.7934e-18
-2.3358e-06
-4.6436e-06
-6.9144e-06
-9.1394e-06
-1.131e-05
-1.3418e-05
-1.5456e-05
-1.7415e-05
-1.929e-05
-2.1072e-05
-2.2756e-05
-2.4336e-05
-2.5805e-05
-2.7161e-05
-2.8396e-05
-2.9509e-05
-3.0495e-05
-3.1352e-05
-3.2077e-05
-3.2669e-05
-3.3126e-05
-3.3447e-05
-3.3633e-05
-3.3683e-05
-3.36e-05
-3.3384e-05
-3.3037e-05
-3.2563e-05
-3.1963e-05
-3.1242e-05
-3.0404e-05
-2.9452e-05
-2.8392e-05
-2.723e-05
-2.5969e-05
-2.4618e-05
-2.3181e-05
-2.1666e-05
-2.0079e-05
-1.8427e-05
-1.6718e-05
-1.4958e-05
-1.3157e-05
-1.132e-05
-9.4559e-06
-7.5726e-06
-5.6777e-06
-3.7788e-06
-1.8837e-06
-1.7551e-18
1.8649e-06
3.7036e-06
5.509e-06
7.2742e-06
8.9924e-06
1.0657e-05
1.2262e-05
1.3802e-05
1.5271e-05
1.6664e-05
1.7975e-05
1.9202e-05
2.0338e-05
2.1382e-05
2.2329e-05
2.3177e-05
2.3923e-05
2.4566e-05
2.5104e-05
2.5536e-05
2.5861e-05
2.608e-05
2.6192e-05
2.6198e-05
2.61e-05
2.5899e-05
2.5597e-05
2.5196e-05
2.4699e-05
2.4109e-05
2.343e-05
2.2666e-05
2.182e-05
2.0897e-05
1.9902e-05
1.8839e-05
1.7714e-05
1.6532e-05
1.5298e-05
1.4019e-05
1.2699e-05
1.1345e-05
9.9632e-06
8.5589e-06
7.1383e-06
5.7074e-06
4.2723e-06
2.8388e-06
1.4128e-06
2.8463e-19
-1.3939e-06
-2.7636e-06
-4.1037e-06
-5.409e-06
-6.6748e-06
-7.8963e-06
-9.0691e-06
-1.0189e-05
-1.1252e-05
-1.2255e-05
-1.3195e-05
-1.4067e-05
-1.4871e-05
-1.5603e-05
-1.6261e-05
-1.6844e-05
-1.7351e-05
-1.778e-05
-1.8131e-05
-1.8403e-05
-1.8597e-05
-1.8713e-05
-1.8751e-05
-1.8713e-05
-1.86e-05
-1.8414e-05
-1.8156e-05
-1.7829e-05
-1.7434e-05
-1.6976e-05
-1.6457e-05
-1.588e-05
-1.5248e-05
-1.4565e-05
-1.3834e-05
-1.306e-05
-1.2247e-05
-1.1398e-05
-1.0517e-05
-9.6103e-06
-8.6804e-06
-7.7321e-06
-6.7699e-06
-5.798e-06
-4.8207e-06
-3.8423e-06
-2.8669e-06
-1.8988e-06
-9.4186e-07
-1.1933e-18
9.2302e-07
1.8236e-06
2.6983e-06
3.5438e-06
4.3571e-06
5.1353e-06
5.8758e-06
6.5759e-06
7.2337e-06
7.8469e-06
8.414e-06
8.9333e-06
9.4037e-06
9.824e-06
1.0194e-05
1.0512e-05
1.0779e-05
1.0994e-05
1.1157e-05
1.127e-05
1.1332e-05
1.1345e-05
1.131e-05
1.1228e-05
1.11e-05
1.0928e-05
1.0715e-05
1.0461e-05
1.017e-05
9.8434e-06
9.4837e-06
9.0935e-06
8.6754e-06
8.2322e-06
7.7666e-06
7.2814e-06
6.7794e-06
6.2636e-06
5.7368e-06
5.2019e-06
4.6617e-06
4.119e-06
3.5765e-06
3.037e-06
2.503e-06
1.9771e-06
1.4616e-06
9.588e-07
4.7093e-07
2.5208e-19
-4.5209e-07
-8.836e-07
-1.2929e-06
-1.6787e-06
-2.0395e-06
-2.3744e-06
-2.6824e-06
-2.9628e-06
-3.215e-06
-3.4385e-06
-3.6333e-06
-3.7992e-06
-3.9364e-06
-4.0452e-06
-4.126e-06
-4.1794e-06
-4.2063e-06
-4.2074e-06
-4.184e-06
-4.1371e-06
-4.068e-06
-3.9783e-06
-3.8692e-06
-3.7426e-06
-3.6e-06
-3.4432e-06
-3.274e-06
-3.0942e-06
-2.9057e-06
-2.7105e-06
-2.5104e-06
-2.3073e-06
-2.1031e-06
-1.8997e-06
-1.6989e-06
-1.5025e-06
-1.3121e-06
-1.1295e-06
-9.5614e-07
-7.9351e-07
-6.4299e-07
-5.0584e-07
-3.832e-07
-2.7609e-07
-1.8541e-07
-1.1191e-07
-5.6214e-08
-1.88e-08
-0
-0
0
0
0
0
0
0
0
0
0
0
0
0
0
0
0
0
0
0
0
0
0
0
0
0
0
0
0
0
0
0
0
0
0
0
0
0
0
0
0
0
0
0
0
0
0
0
0
0
0
0
-0
-0
-0
-0
-0
-0
-0
-0
-0
-0
-0
-0
-0
-0
-0
-0
-0
-0
-0
-0
-0
-0
-0
-0
-0
-0
-0
-0
-0
-0
-0
-0
-0
-0
-0
-0
-0
-0
-0
-0
-0
-0
-0
-0
-0
-0
-0
-0
-0
-0
0
0
0
0
0
0
0
0
0
0
0
0
0
0
0
0
0
0
0
0
0
0
0
0
0
0
0
0
0
0
0
0
0
0
0
0
0
0
0
0
0
0
0
0
0
0
0
0
0
0
-0
-0
-0
-0
-0
-0
-0
-0
-0
-0
-0
-0
-0
-0
-0
-0
-0
-0
-0
-0
-0
-0
-0
-0
-0
-0
-0
-0
-0
-0
-0
-0
-0
-0
-0
-0
-0
-0
-0
-0
-0
-0
-0
-0
-0
-0
-0
-0
-0
-0
0
0
0
0
0
0
0
0
0
0
0
0
0
0
0
0
0
0
0
0
0
0
0
0
0
0
0
0
0
0
0
0
0
0
0
0
0
0
0
0
0
0
0
0
0
0
0
0
0
0
-0
-0
-0
-0
-0
-0
-0
-0
-0
-0
-0
-0
-0
-0
-0
-0
-0
-0
-0
-0
-0
-0
-0
-0
-0
-0
-0
-0
-0
-0
-0
-0
-0
-0
-0
-0
-0
-0
-0
-0
-0
-0
-0
-0
-0
-0
-0
-0
-0
-0
0
0
0
0
0
0
0
0
0
0
0
0
0
0
0
0
0
0
0
0
0
0
0
0
0
0
0
0
0
0
0
0
0
0
0
0
0
0
0
0
0
0
0
0
0
0
0
0
0
0
-0
-0
-0
-0
-0
-0
-0
-0
-0
-0
-0
-0
-0
-0
-0
-0
-0
-0
-0
-0
-0
-0
-0
-0
-0
-0
-0
-0
-0
-0
-0
-0
-0
-0
-0
-0
-0
-0
-0
-0
-0
-0
-0
-0
-0
-0
-0
-0
-0
-0
0
0
0
0
0
0
0
0
0
0
0
0
0
0
0
0
0
0
0
0
0
0
0
0
0
0
0
0
0
0
0
0
0
0
0
0
0
0
0
0
0
0
0
0
0
0
0
0
0
0
-0
-0
-0
-0
-0
-0
-0
-0
-0
-0
-0
-0
-0
-0
-0
-0
-0
-0
-0
-0
-0
-0
-0
-0
-0
-0
-0
-0
-0
-0
-0
-0
-0
-0
-0
-0
-0
-0
-0
-0
-0
-0
-0
-0
-0
-0
-0
-0
-0
-0
0
0
0
0
0
0
0
0
0
0
0
0
0
0
0
0
0
0
0
0
0
0
0
0
0
0
0
0
0
0
0
0
0
0
0
0
0
0
0
0
0
0
0
0
0
0
0
0
0
0
-0
-0
-0
-0
-0
-0
-0
-0
-0
-0
-0
-0
-0
-0
-0
-0
-0
-0
-0
-0
-0
-0
-0
-0
-0
-0
-0
-0
-0
-0
-0
-0
-0
-0
-0
-0
-0
-0
-0
-0
-0
-0
-0
-0
-0
-0
-0
-0
-0
-0
0
0
0
0
0
0
0
0
0
0
0
0
0
0
0
0
0
0
0
0
0
0
0
0
0
0
0
0
0
0
0
0
0
0
0
0
0
0
0
0
0
0
0
0
0
0
0
0
0
0
-0
-0
-0
-0
-0
-0
-0
-0
-0
-0
-0
-0
-0
-0
-0
-0
-0
-0
-0
-0
-0
-0
-0
-0
-0
-0
-0
-0
-0
-0
-0
-0
-0
-0
-0
-0
-0
-0
-0
-0
-0
-0
-0
-0
-0
-0
-0
-0
-0
-0
0
0
0
0
0
0
0
0
0
0
0
0
0
0
0
0
0
0
0
0
0
0
0
0
0
0
0
0
0
0
0
0
0
0
0
0
0
0
0
0
0
0
0
0
0
0
0
0
0
0
-0
-0
-0
-0
-0
-0
-0
-0
-0
-0
-0
-0
-0
-0
-0
-0
-0
-0
-0
-0
-0
-0
-0
-0
-0
-0
-0
-0
-0
-0
-0
-0
-0
-0
-0
-0
-0
-0
-0
-0
-0
-0
-0
-0
-0
-0
-0
-0
-0
-0
0
0
0
0
0
0
0
0
0
0
0
0
0
0
0
0
0
0
0
0
0
0
0
0
0
0
0
0
0
0
0
0
0
0
0
0
0
0
0
0
0
0
0
0
0
0
0
0
0
0
-0
-0
-0
-0
-0
-0
-0
-0
-0
-0
-0
-0
-0
-0
-0
-0
-0
-0
-0
-0
-0
-0
-0
-0
-0
-0
-0
-0
-0
-0
-0
-0
-0
-0
-0
-0
-0
-0
-0
-0
-0
-0
-0
-0
-0
-0
-0
-0
-0
-0
0
0
0
0
0
0
0
0
0
0
0
0
0
0
0
0
0
0
0
0
0
0
0
0
0
0
0
0
0
0
0
0
0
0
0
0
0
0
0
0
0
0
0
0
0
0
0
0
0
0
-0
-0
-0
-0
-0
-0
-0
-0
-0
-0
-0
-0
-0
-0
-0
-0
-0
-0
-0
-0
-0
-0
-0
-0
-0
-0
-0
-0
-0
-0
-0
-0
-0
-0
-0
-0
-0
-0
-0
-0
-0
-0
-0
-0
-0
-0
-0
-0
-0
-0
0
0
0
0
0
0
0
0
0
0
0
0
0
0
0
0
0
0
0
0
0
0
0
0
0
0
0
0
0
0
0
0
0
0
0
0
0
0
0
0
0
0
0
0
0
0
0
0
0
0
-0
-0
-0
-0
-0
-0
-0
-0
-0
-0
-0
-0
-0
-0
-0
-0
-0
-0
-0
-0
-0
-0
-0
-0
-0
-0
-0
-0
-0
-0
-0
-0
-0
-0
-0
-0
-0
-0
-0
-0
-0
-0
-0
-0
-0
-0
-0
-0
-0
0
0
0
0
0
0
0
0
0
0
0
0
0
0
0
0
0
0
0
0
0
0
0
0
0
0
0
0
0
0
0
0
0
0
0
0
0
0
0
0
0
0
0
0
0
0
0
0
0
0
0
-0
-0
-0
-0
-0
-0
-0
-0
-0
-0
-0
-0
-0
-0
-0
-0
-0
-0
-0
-0
-0
-0
-0
-0
-0
-0
-0
-0
-0
-0
-0
-0
-0
-0
-0
-0
-0
-0
-0
-0
-0
-0
-0
-0
-0
-0
-0
-0
-0
-0
0
0
0
0
0
0
0
0
0
0
0
0
0
0
0
0
0
0
0
0
0
0
0
0
0
0
0
0
0
0
0
0
0
0
0
0
0
0
0
0
0
0
0
0
0
0
0
0
0
-0
-0
-0
-0
-0
-0
-0
-0
-0
-0
-0
-0
-0
-0
-0
-0
-0
-0
-0
-0
-0
-0
-0
-0
-0
-0
-0
-0
-0
-0
-0
-0
-0
-0
-0
-0
-0
-0
-0
-0
-0
-0
-0
-0
-0
-0
-0
-0
-0
-0
-0
0
0
0
0
0
0
0
0
0
0
0
0
0
0
0
0
0
0
0
0
0
0
0
0
0
0
0
0
0
0
0
0
0
0
0
0
0
0
0
0
0
0
0
0
0
0
0
0
0
0
-0
-0
-0
-0
-0
-0
-0
-0
-0
-0
-0
-0
-0
-0
-0
-0
-0
-0
-0
-0
-0
-0
-0
-0
-0
-0
-0
-0
-0
-0
-0
-0
-0
-0
-0
-0
-0
-0
-0
-0
-0
-0
-0
-0
-0
-0
-0
-0
-0
-0
0
0
0
0
0
0
0
0
0
0
0
0
0
0
0
0
0
0
0
0
0
0
0
0
0
0
0
0
0
0
0
0
0
0
0
0
0
0
0
0
0
0
0
0
0
0
0
0
0
0
-0
-0
-0
-0
-0
-0
-0
-0
-0
-0
-0
-0
-0
-0
-0
-0
-0
-0
-0
-0
-0
-0
-0
-0
-0
-0
-0
-0
-0
-0
-0
-0
-0
-0
-0
-0
-0
-0
-0
-0
-0
-0
-0
-0
-0
-0
-0
-0
-0
0
0
0
0
0
0
0
0
0
0
0
0
0
0
0
0
0
0
0
0
0
0
0
0
0
0
0
0
0
0
0
0
0
0
0
0
0
0
0
0
0
0
0
0
0
0
0
0
0
0
0
-0
-0
-0
-0
-0
-0
-0
-0
-0
-0
-0
-0
-0
-0
-0
-0
-0
-0
-0
-0
-0
-0
-0
-0
-0
-0
-0
-0
-0
-0
-0
-0
-0
-0
-0
-0
-0
-0
-0
-0
-0
-0
-0
-0
-0
-0
-0
-0
-0
0
0
0
0
0
0
0
0
0
0
0
0
0
0
0
0
0
0
0
0
0
0
0
0
0
0
0
0
0
0
0
0
0
0
0
0
0
0
0
0
0
0
0
0
0
0
0
0
0
0
0
-0
-0
-0
-0
-0
-0
-0
-0
-0
-0
-0
-0
-0
-0
-0
-0
-0
-0
-0
-0
-0
-0
-0
-0
-0
-0
-0
-0
-0
-0
-0
-0
-0
-0
-0
-0
-0
-0
-0
-0
-0
-0
-0
-0
-0
-0
-0
-0
-0
-0
0
0
0
0
0
0
0
0
0
0
0
0
0
0
0
0
0
0
0
0
0
0
0
0
0
0
0
0
0
0
0
0
0
0
0
0
0
0
0
0
0
0
0
0
0
0
0
0
0
0
-0
-0
-0
-0
-0
-0
-0
-0
-0
-0
-0
-0
-0
-0
-0
-0
-0
-0
-0
-0
-0
-0
-0
-0
-0
-0
-0
-0
-0
-0
-0
-0
-0
-0
-0
-0
-0
-0
-0
-0
-0
-0
-0
-0
-0
-0
-0
-0
-0
-0
0
0
0
0
0
0
0
0
0
0
0
0
0
0
0
0
0
0
0
0
0
0
0
0
0
0
0
0
0
0
0
0
0
0
0
0
0
0
0
0
0
0
0
0
0
0
0
0
0
0
-0
-0
-0
-0
-0
-0
-0
-0
-0
-0
-0
-0
-0
-0
-0
-0
-0
-0
-0
-0
-0
-0
-0
-0
-0
-0
-0
-0
-0
-0
-0
-0
-0
-0
-0
-0
-0
-0
-0
-0
-0
-0
-0
-0
-0
-0
-0
-0
-0
-0
0
0
0
0
0
0
0
0
0
0
0
0
0
0
0
0
0
0
0
0
0
0
0
0
0
0
0
0
0
0
0
0
0
0
0
0
0
0
0
0
0
0
0
0
0
0
0
0
0
0
-0
-0
-0
-0
-0
-0
-0
-0
-0
-0
-0
-0
-0
-0
-0
-0
-0
-0
-0
-0
-0
-0
-0
-0
-0
-0
-0
-0
-0
-0
-0
-0
-0
-0
-0
-0
-0
-0
-0
-0
-0
-0
-0
-0
-0
-0
-0
-0
-0
0
0
0
0
0
0
0
0
0
0
0
0
0
0
0
0
0
0
0
0
0
0
0
0
0
0
0
0
0
0
0
0
0
0
0
0
0
0
0
0
0
0
0
0
0
0
0
0
0
0
0
-0
-0
-0
-0
-0
-0
-0
-0
-0
-0
-0
-0
-0
-0
-0
-0
-0
-0
-0
-0
-0
-0
-0
-0
-0
-0
-0
-0
-0
-0
-0
-0
-0
-0
-0
-0
-0
-0
-0
-0
-0
-0
-0
-0
-0
-0
-0
-0
-0
0
0
0
0
0
0
0
0
0
0
0
0
0
0
0
0
0
0
0
0
0
0
0
0
0
0
0
0
0
0
0
0
0
0
0
0
0
0
0
0
0
0
0
0
0
0
0
0
0
0
0
-0
-0
-0
-0
-0
-0
-0
-0
-0
-0
-0
-0
-0
-0
-0
-0
-0
-0
-0
-0
-0
-0
-0
-0
-0
-0
-0
-0
-0
-0
-0
-0
-0
-0
-0
-0
-0
-0
-0
-0
-0
-0
-0
-0
-0
-0
-0
-0
-0
-0
0
0
0
0
0
0
0
0
0
0
0
0
0
0
0
0
0
0
0
0
0
0
0
0
0
0
0
0
0
0
0
0
0
0
0
0
0
0
0
0
0
0
0
0
0
0
0
0
0
0
-0
-0
-0
-0
-0
-0
-0
-0
-0
-0
-0
-0
-0
-0
-0
-0
-0
-0
-0
-0
-0
-0
-0
-0
-0
-0
-0
-0
-0
-0
-0
-0
-0
-0
-0
-0
-0
-0
-0
-0
-0
-0
-0
-0
-0
-0
-0
-0
-0
-0
0
0
0
0
0
0
0
0
0
0
0
0
0
0
0
0
0
0
0
0
0
0
0
0
0
0
0
0
0
0
0
0
0
0
0
0
0
0
0
0
0
0
0
0
0
0
0
0
0
0
-0
-0
-0
-0
-0
-0
-0
-0
-0
-0
-0
-0
-0
-0
-0
-0
-0
-0
-0
-0
-0
-0
-0
-0
-0
-0
-0
-0
-0
-0
-0
-0
-0
-0
-0
-0
-0
-0
-0
-0
-0
-0
-0
-0
-0
-0
-0
-0
-0
-0
0
0
0
0
0
0
0
0
0
0
0
0
0
0
0
0
0
0
0
0
0
0
0
0
0
0
0
0
0
0
0
0
0
0
0
0
0
0
0
0
0
0
0
0
0
0
0
0
0
0
-0
-0
-0
-0
-0
-0
-0
-0
-0
-0
-0
-0
-0
-0
-0
-0
-0
-0
-0
-0
-0
-0
-0
-0
-0
-0
-0
-0
-0
-0
-0
-0
-0
-0
-0
-0
-0
-0
-0
-0
-0
-0
-0
-0
-0
-0
-0
-0
-0
0
0
0
0
0
0
0
0
0
0
0
0
0
0
0
0
0
0
0
0
0
0
0
0
0
0
0
0
0
0
0
0
0
0
0
0
0
0
0
0
0
0
0
0
0
0
0
0
0
0
0
-0
-0
-0
-0
-0
-0
-0
-0
-0
-0
-0
-0
-0
-0
-0
-0
-0
-0
-0
-0
-0
-0
-0
-0
-0
-0
-0
-0
-0
-0
-0
-0
-0
-0
-0
-0
-0
-0
-0
-0
-0
-0
-0
-0
-0
-0
-0
-0
-0
0
0
0
0
0
0
0
0
0
0
0
0
0
0
0
0
0
0
0
0
0
0
0
0
0
0
0
0
0
0
0
0
0
0
0
0
0
0
0
0
0
0
0
0
0
0
0
0
0
0
0
-0
-0
-0
-0
-0
-0
-0
-0
-0
-0
-0
-0
-0
-0
-0
-0
-0
-0
-0
-0
-0
-0
-0
-0
-0
-0
-0
-0
-0
-0
-0
-0
-0
-0
-0
-0
-0
-0
-0
-0
-0
-0
-0
-0
-0
-0
-0
-0
-0
-0
0
0
0
0
0
0
0
0
0
0
0
0
0
0
0
0
0
0
0
0
0
0
0
0
0
0
0
0
0
0
0
0
0
0
0
0
0
0
0
0
0
0
0
0
0
0
0
0
0
0
-0
-0
-0
-0
-0
-0
-0
-0
-0
-0
-0
-0
-0
-0
-0
-0
-0
-0
-0
-0
-0
-0
-0
-0
-0
-0
-0
-0
-0
-0
-0
-0
-0
-0
-0
-0
-0
-0
-0
-0
-0
-0
-0
-0
-0
-0
-0
-0
-0
-0
0
0
0
0
0
0
0
0
0
0
0
0
0
0
0
0
0
0
0
0
0
0
0
0
0
0
0
0
0
0
0
0
0
0
0
0
0
0
0
0
0
0
0
0
0
0
0
0
0
0
-0
-0
-0
-0
-0
-0
-0
-0
-0
-0
-0
-0
-0
-0
-0
-0
-0
-0
-0
-0
-0
-0
-0
-0
-0
-0
-0
-0
-0
-0
-0
-0
-0
-0
-0
-0
-0
-0
-0
-0
-0
-0
-0
-0
-0
-0
-0
-0
-0
-0
0
0
0
0
0
0
0
0
0
0
0
0
0
0
0
0
0
0
0
0
0
0
0
0
0
0
0
0
0
0
0
0
0
0
0
0
0
0
0
0
0
0
0
0
0
0
0
0
0
0
-0
-0
-0
-0
-0
-0
-0
-0
-0
-0
-0
-0
-0
-0
-0
-0
-0
-0
-0
-0
-0
-0
-0
-0
-0
-0
-0
-0
-0
-0
-0
-0
-0
-0
-0
-0
-0
-0
-0
-0
-0
-0
-0
-0
-0
-0
-0
-0
-0
0
0
0
0
0
0
0
0
0
0
0
0
0
0
0
0
0
0
0
0
0
0
0
0
0
0
0
0
0
0
0
0
0
0
0
0
0
0
0
0
0
0
0
0
0
0
0
0
0
0
0
-0
-0
-0
-0
-0
-0
-0
-0
-0
-0
-0
-0
-0
-0
-0
-0
-0
-0
-0
-0
-0
-0
-0
-0
-0
-0
-0
-0
-0
-0
-0
-0
-0
-0
-0
-0
-0
-0
-0
-0
-0
-0
-0
-0
-0
-0
-0
-0
-0
0
0
0
0
0
0
0
0
0
0
0
0
0
0
0
0
0
0
0
0
0
0
0
0
0
0
0
0
0
0
0
0
0
0
0
0
0
0
0
0
0
0
0
0
0
0
0
0
0
0
0
-0
-0
-0
-0
-0
-0
-0
-0
-0
-0
-0
-0
-0
-0
-0
-0
-0
-0
-0
-0
-0
-0
-0
-0
-0
-0
-0
-0
-0
-0
-0
-0
-0
-0
-0
-0
-0
-0
-0
-0
-0
-0
-0
-0
-0
-0
-0
-0
-0
0
