-0
-0
-0
-0
-0
-0
-0
-0
-0
-0
-0
-0
-0
-0
-0
-0
-0
-0
-0
-0
-0
-0
-0
-0
-0
-0
-0
-0
-0
-0
-0
-0
-0
-0
-0
-0
-0
-0
-0
-0
-0
-0
-0
-0
-0
-0
-0
-0
-0
-0
-0
0
0
0
0
0
0
0
0
0
0
0
0
0
0
0
0
0
0
0
0
0
0
0
0
0
0
0
0
0
0
0
0
0
0
0
0
0
0
0
0
0
0
0
0
0
0
0
0
0
0
-0
-0
-0
-0
-0
-0
-0
-0
-0
-0
-0
-0
-0
-0
-0
-0
-0
-0
-0
-0
-0
-0
-0
-0
-0
-0
-0
-0
-0
-0
-0
-0
-0
-0
-0
-0
-0
-0
-0
-0
-0
-0
-0
-0
-0
-0
-0
-0
-0
-0
0
0
0
0
0
0
0
0
0
0
0
0
0
0
0
0
0
0
0
0
0
0
0
0
0
0
0
0
0
0
0
0
0
0
0
0
0
0
0
0
0
0
0
0
0
0
0
0
0
0
-0
-0
-0
-0
-0
-0
-0
-0
-0
-0
-0
-0
-0
-0
-0
-0
-0
-0
-0
-0
-0
-0
-0
-0
-0
-0
-0
-0
-0
-0
-0
-0
-0
-0
-0
-0
-0
-0
-0
-0
-0
-0
-0
-0
-0
-0
-0
-0
-0
-0
0
0
0
0
0
0
0
0
0
0
0
0
0
0
0
0
0
0
0
0
0
0
0
0
0
0
0
0
0
0
0
0
0
0
0
0
0
0
0
0
0
0
0
0
0
0
0
0
0
0
-0
-0
-0
-0
-0
-0
-0
-0
-0
-0
-0
-0
-0
-0
-0
-0
-0
-0
-0
-0
-0
-0
-0
-0
-0
-0
-0
-0
-0
-0
-0
-0
-0
-0
-0
-0
-0
-0
-0
-0
-0
-0
-0
-0
-0
-0
-0
-0
-0
0
0
0
0
0
0
0
0
0
0
0
0
0
0
0
0
0
0
0
0
0
0
0
0
0
0
0
0
0
0
0
0
0
0
0
0
0
0
0
0
0
0
0
0
0
0
0
0
0
0
0
-0
-0
-0
-0
-0
-0
-0
-0
-0
-0
-0
-0
-0
-0
-0
-0
-0
-0
-0
-0
-0
-0
-0
-0
-0
-0
-0
-0
-0
-0
-0
-0
-0
-0
-0
-0
-0
-0
-0
-0
-0
-0
-0
-0
-0
-0
-0
-0
-0
-0
0
0
0
0
0
0
0
0
0
0
0
0
0
0
0
0
0
0
0
0
0
0
0
0
0
0
0
0
0
0
0
0
0
0
0
0
0
0
0
0
0
0
0
0
0
0
0
0
0
0
-0
-0
-0
-0
-0
-0
-0
-0
-0
-0
-0
-0
-0
-0
-0
-0
-0
-0
-0
-0
-0
-0
-0
-0
-0
-0
-0
-0
-0
-0
-0
-0
-0
-0
-0
-0
-0
-0
-0
-0
-0
-0
-0
-0
-0
-0
-0
-0
-0
0
0
0
0
0
0
0
0
0
0
0
0
0
0
0
0
0
0
0
0
0
0
0
0
0
0
0
0
0
0
0
0
0
0
0
0
0
0
0
0
0
0
0
0
0
0
0
0
0
0
0
-0
-0
-0
-0
-0
-0
-0
-0
-0
-0
-0
-0
-0
-0
-0
-0
-0
-0
-0
-0
-0
-0
-0
-0
-0
-0
-0
-0
-0
-0
-0
-0
-0
-0
-0
-0
-0
-0
-0
-0
-0
-0
-0
-0
-0
-0
-0
-0
-0
0
0
0
0
0
0
0
0
0
0
0
0
0
0
0
0
0
0
0
0
0
0
0
0
0
0
0
0
0
0
0
0
0
0
0
0
0
0
0
0
0
0
0
0
0
0
0
0
0
0
-0
-0
-0
-0
-0
-0
-0
-0
-0
-0
-0
-0
-0
-0
-0
-0
-0
-0
-0
-0
-0
-0
-0
-0
-0
-0
-0
-0
-0
-0
-0
-0
-0
-0
-0
-0
-0
-0
-0
-0
-0
-0
-0
-0
-0
-0
-0
-0
-0
-0
-0
0
0
0
0
0
0
0
0
0
0
0
0
0
0
0
0
0
0
0
0
0
0
0
0
0
0
0
0
0
0
0
0
0
0
0
0
0
0
0
0
0
0
0
0
0
0
0
0
0
0
-0
-0
-0
-0
-0
-0
-0
-0
-0
-0
-0
-0
-0
-0
-0
-0
-0
-0
-0
-0
-0
-0
-0
-0
-0
-0
-0
-0
-0
-0
-0
-0
-0
-0
-0
-0
-0
-0
-0
-0
-0
-0
-0
-0
-0
-0
-0
-0
-0
-0
0
0
0
0
0
0
0
0
0
0
0
0
0
0
0
0
0
0
0
0
0
0
0
0
0
0
0
0
0
0
0
0
0
0
0
0
0
0
0
0
0
0
0
0
0
0
0
0
0
0
-0
-0
-0
-0
-0
-0
-0
-0
-0
-0
-0
-0
-0
-0
-0
-0
-0
-0
-0
-0
-0
-0
-0
-0
-0
-0
-0
-0
-0
-0
-0
-0
-0
-0
-0
-0
-0
-0
-0
-0
-0
-0
-0
-0
-0
-0
-0
-0
-0
0
0
0
0
0
0
0
0
0
0
0
0
0
0
0
0
0
0
0
0
0
0
0
0
0
0
0
0
0
0
0
0
0
0
0
0
0
0
0
0
0
0
0
0
0
0
0
0
0
0
0
-0
-0
-0
-0
-0
-0
-0
-0
-0
-0
-0
-0
-0
-0
-0
-0
-0
-0
-0
-0
-0
-0
-0
-0
-0
-0
-0
-0
-0
-0
-0
-0
-0
-0
-0
-0
-0
-0
-0
-0
-0
-0
-0
-0
-0
-0
-0
-0
-0
0
0
0
0
0
0
0
0
0
0
0
0
0
0
0
0
0
0
0
0
0
0
0
0
0
0
0
0
0
0
0
0
0
0
0
0
0
0
0
0
0
0
0
0
0
0
0
0
0
0
-0
-0
-0
-0
-0
-0
-0
-0
-0
-0
-0
-0
-0
-0
-0
-0
-0
-0
-0
-0
-0
-0
-0
-0
-0
-0
-0
-0
-0
-0
-0
-0
-0
-0
-0
-0
-0
-0
-0
-0
-0
-0
-0
-0
-0
-0
-0
-0
-0
-0
0
0
0
0
0
0
0
0
0
0
0
0
0
0
0
0
0
0
0
0
0
0
0
0
0
0
0
0
0
0
0
0
0
0
0
0
0
0
0
0
0
0
0
0
0
0
0
0
0
0
0
-0
-0
-0
-0
-0
-0
-0
-0
-0
-0
-0
-0
-0
-0
-0
-0
-0
-0
-0
-0
-0
-0
-0
-0
-0
-0
-0
-0
-0
-0
-0
-0
-0
-0
-0
-0
-0
-0
-0
-0
-0
-0
-0
-0
-0
-0
-0
-0
-0
0
0
0
0
0
0
0
0
0
0
0
0
0
0
0
0
0
0
0
0
0
0
0
0
0
0
0
0
0
0
0
0
0
0
0
0
0
0
0
0
0
0
0
0
0
0
0
0
0
0
-0
-0
-0
-0
-0
-0
-0
-0
-0
-0
-0
-0
-0
-0
-0
-0
-0
-0
-0
-0
-0
-0
-0
-0
-0
-0
-0
-0
-0
-0
-0
-0
-0
-0
-0
-0
-0
-0
-0
-0
-0
-0
-0
-0
-0
-0
-0
-0
-0
-0
0
0
0
0
0
0
0
0
0
0
0
0
0
0
0
0
0
0
0
0
0
0
0
0
0
0
0
0
0
0
0
0
0
0
0
0
0
0
0
0
0
0
0
0
0
0
0
0
0
0
-0
-0
-0
-0
-0
-0
-0
-0
-0
-0
-0
-0
-0
-0
-0
-0
-0
-0
-0
-0
-0
-0
-0
-0
-0
-0
-0
-0
-0
-0
-0
-0
-0
-0
-0
-0
-0
-0
-0
-0
-0
-0
-0
-0
-0
-0
-0
-0
-0
-0
0
0
0
0
0
0
0
0
0
0
0
0
0
0
0
0
0
0
0
0
0
0
0
0
0
0
0
0
0
0
0
0
0
0
0
0
0
0
0
0
0
0
0
0
0
0
0
0
0
0
0
-0
-0
-0
-0
-0
-0
-0
-0
-0
-0
-0
-0
-0
-0
-0
-0
-0
-0
-0
-0
-0
-0
-0
-0
-0
-0
-0
-0
-0
-0
-0
-0
-0
-0
-0
-0
-0
-0
-0
-0
-0
-0
-0
-0
-0
-0
-0
-0
-0
-0
0
0
0
0
0
0
0
0
0
0
0
0
0
0
0
0
0
0
0
0
0
0
0
0
0
0
0
0
0
0
0
0
0
0
0
0
0
0
0
0
0
0
0
0
0
0
0
0
0
0
-0
-0
-0
-0
-0
-0
-0
-0
-0
-0
-0
-0
-0
-0
-0
-0
-0
-0
-0
-0
-0
-0
-0
-0
-0
-0
-0
-0
-0
-0
-0
-0
-0
-0
-0
-0
-0
-0
-0
-0
-0
-0
-0
-0
-0
-0
-0
-0
-0
-0
0
0
0
0
0
0
0
0
0
0
0
0
0
0
0
0
0
0
0
0
0
0
0
0
0
0
0
0
0
0
0
0
0
0
0
0
0
0
0
0
0
0
0
0
0
0
0
0
0
0
-0
-0
-0
-0
-0
-0
-0
-0
-0
-0
-0
-0
-0
-0
-0
-0
-0
-0
-0
-0
-0
-0
-0
-0
-0
-0
-0
-0
-0
-0
-0
-0
-0
-0
-0
-0
-0
-0
-0
-0
-0
-0
-0
-0
-0
-0
-0
-0
-0
-0
0
0
0
0
0
0
0
0
0
0
0
0
0
0
0
0
0
0
0
0
0
0
0
0
0
0
0
0
0
0
0
0
0
0
0
0
0
0
0
0
0
0
0
0
0
0
0
0
0
0
-0
-0
-0
-0
-0
-0
-0
-0
-0
-0
-0
-0
-0
-0
-0
-0
-0
-0
-0
-0
-0
-0
-0
-0
-0
-0
-0
-0
-0
-0
-0
-0
-0
-0
-0
-0
-0
-0
-0
-0
-0
-0
-0
-0
-0
-0
-0
-0
-0
-0
0
0
0
0
0
0
0
0
0
0
0
0
0
0
0
0
0
0
0
0
0
0
0
0
0
0
0
0
0
0
0
0
0
0
0
0
0
0
0
0
0
0
0
0
0
0
0
0
0
-0
-0
-0
-0
-0
-0
-0
-0
-0
-0
-0
-0
-0
-0
-0
-0
-0
-0
-0
-0
-0
-0
-0
-0
-0
-0
-0
-0
-0
-0
-0
-0
-0
-0
-0
-0
-0
-0
-0
-0
-0
-0
-0
-0
-0
-0
-0
-0
-0
-0
-0
0
0
0
0
0
0
0
0
0
0
0
0
0
0
0
0
0
0
0
0
0
0
0
0
0
0
0
0
0
0
0
0
0
0
0
0
0
0
0
0
0
0
0
0
0
0
0
0
0
0
-1.4128e-09
-5.64e-09
-1.2648e-08
-2.2382e-08
-3.4764e-08
-4.9697e-08
-6.706e-08
-8.6716e-08
-1.085e-07
-1.3225e-07
-1.5776e-07
-1.8483e-07
-2.1322e-07
-2.4271e-07
-2.7304e-07
-3.0396e-07
-3.3519e-07
-3.6645e-07
-3.9748e-07
-4.2798e-07
-4.5766e-07
-4.8623e-07
-5.1342e-07
-5.3893e-07
-5.625e-07
-5.8385e-07
-6.0271e-07
-6.1884e-07
-6.32e-07
-6.4196e-07
-6.4852e-07
-6.5148e-07
-6.5066e-07
-6.4591e-07
-6.371e-07
-6.2412e-07
-6.0687e-07
-5.8529e-07
-5.5934e-07
-5.2901e-07
-4.943e-07
-4.5526e-07
-4.1194e-07
-3.6444e-07
-3.1288e-07
-2.5739e-07
-1.9816e-07
-1.3536e-07
-6.9227e-08
-1.7639e-20
7.2052e-08
1.4664e-07
2.2345e-07
3.0216e-07
3.8241e-07
4.6384e-07
5.4606e-07
6.2869e-07
7.1131e-07
7.9351e-07
8.7486e-07
9.5494e-07
1.0333e-06
1.1095e-06
1.1832e-06
1.2538e-06
1.321e-06
1.3844e-06
1.4435e-06
1.4979e-06
1.5473e-06
1.5913e-06
1.6295e-06
1.6617e-06
1.6875e-06
1.7066e-06
1.7188e-06
1.7239e-06
1.7217e-06
1.7119e-06
1.6945e-06
1.6694e-06
1.6365e-06
1.5958e-06
1.5472e-06
1.4909e-06
1.427e-06
1.3554e-06
1.2764e-06
1.1903e-06
1.0971e-06
9.9723e-07
8.9094e-07
7.7858e-07
6.6052e-07
5.3717e-07
4.0896e-07
2.7636e-07
1.3987e-07
-4.4143e-21
-1.4269e-07
-2.8764e-07
-4.3426e-07
-5.8193e-07
-7.3005e-07
-8.7798e-07
-1.0251e-06
-1.1707e-06
-1.3141e-06
-1.4548e-06
-1.592e-06
-1.7251e-06
-1.8534e-06
-1.9764e-06
-2.0933e-06
-2.2037e-06
-2.3069e-06
-2.4023e-06
-2.4895e-06
-2.5679e-06
-2.637e-06
-2.6964e-06
-2.7457e-06
-2.7845e-06
-2.8125e-06
-2.8294e-06
-2.835e-06
-2.829e-06
-2.8113e-06
-2.7818e-06
-2.7405e-06
-2.6873e-06
-2.6223e-06
-2.5456e-06
-2.4574e-06
-2.3578e-06
-2.247e-06
-2.1255e-06
-1.9935e-06
-1.8515e-06
-1.6999e-06
-1.5392e-06
-1.3699e-06
-1.1927e-06
-1.0082e-06
-8.1695e-07
-6.1976e-07
-4.1736e-07
-2.1051e-07
-2.9763e-20
2.1333e-07
4.2864e-07
6.4506e-07
8.6171e-07
1.0777e-06
1.2921e-06
1.5041e-06
1.7126e-06
1.9169e-06
2.116e-06
2.3091e-06
2.4952e-06
2.6735e-06
2.8432e-06
3.0035e-06
3.1536e-06
3.2927e-06
3.4202e-06
3.5355e-06
3.6378e-06
3.7266e-06
3.8015e-06
3.8618e-06
3.9073e-06
3.9375e-06
3.9522e-06
3.9511e-06
3.9341e-06
3.901e-06
3.8518e-06
3.7865e-06
3.7053e-06
3.6082e-06
3.4955e-06
3.3675e-06
3.2246e-06
3.0671e-06
2.8956e-06
2.7106e-06
2.5128e-06
2.3027e-06
2.0812e-06
1.8489e-06
1.6069e-06
1.3558e-06
1.0967e-06
8.3057e-07
5.5836e-07
2.8114e-07
-3.9701e-20
-2.8397e-07
-5.6964e-07
-8.5586e-07
-1.1415e-06
-1.4253e-06
-1.7063e-06
-1.9831e-06
-2.2546e-06
-2.5197e-06
-2.7773e-06
-3.0262e-06
-3.2653e-06
-3.4936e-06
-3.71e-06
-3.9136e-06
-4.1034e-06
-4.2786e-06
-4.4382e-06
-4.5815e-06
-4.7077e-06
-4.8163e-06
-4.9065e-06
-4.9779e-06
-5.0301e-06
-5.0625e-06
-5.075e-06
-5.0672e-06
-5.0391e-06
-4.9906e-06
-4.9217e-06
-4.8325e-06
-4.7232e-06
-4.594e-06
-4.4454e-06
-4.2777e-06
-4.0914e-06
-3.8872e-06
-3.6657e-06
-3.4277e-06
-3.174e-06
-2.9055e-06
-2.6231e-06
-2.3279e-06
-2.021e-06
-1.7035e-06
-1.3765e-06
-1.0414e-06
-6.9936e-07
-3.5178e-07
-1.1015e-20
3.5461e-07
7.1064e-07
1.0667e-06
1.4213e-06
1.773e-06
2.1204e-06
2.4621e-06
2.7966e-06
3.1225e-06
3.4385e-06
3.7433e-06
4.0354e-06
4.3137e-06
4.5768e-06
4.8238e-06
5.0533e-06
5.2644e-06
5.4561e-06
5.6275e-06
5.7777e-06
5.9059e-06
6.0116e-06
6.0941e-06
6.1528e-06
6.1875e-06
6.1977e-06
6.1834e-06
6.1442e-06
6.0803e-06
5.9917e-06
5.8785e-06
5.7411e-06
5.5799e-06
5.3953e-06
5.1878e-06
4.9583e-06
4.7073e-06
4.4359e-06
4.1448e-06
3.8353e-06
3.5083e-06
3.1651e-06
2.8069e-06
2.4351e-06
2.0511e-06
1.6563e-06
1.2522e-06
8.4036e-07
4.2242e-07
-1.0586e-19
-4.2525e-07
-8.5164e-07
-1.2775e-06
-1.701e-06
-2.1206e-06
-2.5345e-06
-2.9411e-06
-3.3386e-06
-3.7253e-06
-4.0998e-06
-4.4604e-06
-4.8055e-06
-5.1338e-06
-5.4437e-06
-5.7339e-06
-6.0032e-06
-6.2503e-06
-6.474e-06
-6.6735e-06
-6.8476e-06
-6.9956e-06
-7.1167e-06
-7.2102e-06
-7.2756e-06
-7.3125e-06
-7.3205e-06
-7.2995e-06
-7.2493e-06
-7.1699e-06
-7.0616e-06
-6.9245e-06
-6.7591e-06
-6.5657e-06
-6.3451e-06
-6.098e-06
-5.8251e-06
-5.5274e-06
-5.206e-06
-4.862e-06
-4.4966e-06
-4.1111e-06
-3.7071e-06
-3.286e-06
-2.8493e-06
-2.3987e-06
-1.9361e-06
-1.463e-06
-9.8136e-07
-4.9306e-07
3.8606e-20
4.9589e-07
9.9264e-07
1.4883e-06
1.9808e-06
2.4683e-06
2.9487e-06
3.4201e-06
3.8805e-06
4.3281e-06
4.7611e-06
5.1775e-06
5.5756e-06
5.9539e-06
6.3105e-06
6.6441e-06
6.953e-06
7.2361e-06
7.492e-06
7.7195e-06
7.9175e-06
8.0852e-06
8.2217e-06
8.3263e-06
8.3984e-06
8.4375e-06
8.4433e-06
8.4156e-06
8.3544e-06
8.2596e-06
8.1315e-06
7.9705e-06
7.777e-06
7.5516e-06
7.295e-06
7.0081e-06
6.6919e-06
6.3475e-06
5.9761e-06
5.5791e-06
5.1578e-06
4.7139e-06
4.2491e-06
3.765e-06
3.2634e-06
2.7464e-06
2.2158e-06
1.6738e-06
1.1224e-06
5.637e-07
5.2905e-20
-5.6653e-07
-1.1336e-06
-1.6991e-06
-2.2606e-06
-2.8159e-06
-3.3628e-06
-3.8991e-06
-4.4225e-06
-4.9309e-06
-5.4223e-06
-5.8946e-06
-6.3458e-06
-6.7739e-06
-7.1773e-06
-7.5542e-06
-7.9029e-06
-8.2219e-06
-8.5099e-06
-8.7655e-06
-8.9875e-06
-9.1749e-06
-9.3268e-06
-9.4425e-06
-9.5212e-06
-9.5625e-06
-9.5661e-06
-9.5317e-06
-9.4594e-06
-9.3492e-06
-9.2015e-06
-9.0165e-06
-8.7949e-06
-8.5374e-06
-8.2449e-06
-7.9183e-06
-7.5587e-06
-7.1676e-06
-6.7462e-06
-6.2962e-06
-5.8191e-06
-5.3167e-06
-4.791e-06
-4.244e-06
-3.6776e-06
-3.094e-06
-2.4956e-06
-1.8846e-06
-1.2634e-06
-6.3434e-07
1.191e-19
6.3717e-07
1.2746e-06
1.9099e-06
2.5404e-06
3.1636e-06
3.777e-06
4.3781e-06
4.9645e-06
5.5338e-06
6.0836e-06
6.6117e-06
7.1159e-06
7.594e-06
8.0442e-06
8.4643e-06
8.8528e-06
9.2078e-06
9.5278e-06
9.8115e-06
1.0057e-05
1.0265e-05
1.0432e-05
1.0559e-05
1.0644e-05
1.0688e-05
1.0689e-05
1.0648e-05
1.0564e-05
1.0439e-05
1.0271e-05
1.0063e-05
9.8128e-06
9.5233e-06
9.1947e-06
8.8284e-06
8.4256e-06
7.9877e-06
7.5163e-06
7.0133e-06
6.4803e-06
5.9195e-06
5.333e-06
4.723e-06
4.0917e-06
3.4417e-06
2.7754e-06
2.0954e-06
1.4044e-06
7.0498e-07
-1.105e-20
-7.0781e-07
-1.4156e-06
-2.1207e-06
-2.8201e-06
-3.5112e-06
-4.1911e-06
-4.8571e-06
-5.5064e-06
-6.1366e-06
-6.7448e-06
-7.3288e-06
-7.886e-06
-8.4141e-06
-8.911e-06
-9.3745e-06
-9.8026e-06
-1.0194e-05
-1.0546e-05
-1.0857e-05
-1.1127e-05
-1.1354e-05
-1.1537e-05
-1.1675e-05
-1.1767e-05
-1.1812e-05
-1.1812e-05
-1.1764e-05
-1.167e-05
-1.1529e-05
-1.1341e-05
-1.1109e-05
-1.0831e-05
-1.0509e-05
-1.0145e-05
-9.7385e-06
-9.2924e-06
-8.8078e-06
-8.2864e-06
-7.7304e-06
-7.1416e-06
-6.5224e-06
-5.875e-06
-5.202e-06
-4.5058e-06
-3.7893e-06
-3.0552e-06
-2.3062e-06
-1.5454e-06
-7.7562e-07
2.3046e-19
7.7845e-07
1.5566e-06
2.3315e-06
3.0999e-06
3.8588e-06
4.6052e-06
5.3361e-06
6.0484e-06
6.7394e-06
7.4061e-06
8.0459e-06
8.6561e-06
9.2342e-06
9.7778e-06
1.0285e-05
1.0753e-05
1.1179e-05
1.1564e-05
1.1903e-05
1.2197e-05
1.2444e-05
1.2642e-05
1.2791e-05
1.289e-05
1.2937e-05
1.2934e-05
1.288e-05
1.2775e-05
1.2618e-05
1.2411e-05
1.2155e-05
1.1849e-05
1.1495e-05
1.1094e-05
1.0649e-05
1.0159e-05
9.6279e-06
9.0566e-06
8.4475e-06
7.8028e-06
7.1252e-06
6.417e-06
5.681e-06
4.92e-06
4.137e-06
3.3349e-06
2.517e-06
1.6864e-06
8.4626e-07
-1.0588e-19
-8.4908e-07
-1.6976e-06
-2.5423e-06
-3.3797e-06
-4.2065e-06
-5.0194e-06
-5.8151e-06
-6.5904e-06
-7.3422e-06
-8.0674e-06
-8.763e-06
-9.4262e-06
-1.0054e-05
-1.0645e-05
-1.1195e-05
-1.1702e-05
-1.2165e-05
-1.2582e-05
-1.2949e-05
-1.3267e-05
-1.3534e-05
-1.3747e-05
-1.3907e-05
-1.4012e-05
-1.4063e-05
-1.4057e-05
-1.3996e-05
-1.388e-05
-1.3708e-05
-1.3481e-05
-1.3201e-05
-1.2867e-05
-1.2481e-05
-1.2044e-05
-1.1559e-05
-1.1026e-05
-1.0448e-05
-9.8267e-06
-9.1646e-06
-8.4641e-06
-7.728e-06
-6.9589e-06
-6.16e-06
-5.3341e-06
-4.4846e-06
-3.6147e-06
-2.7278e-06
-1.8274e-06
-9.169e-07
-4.2967e-20
9.1972e-07
1.8386e-06
2.7531e-06
3.6595e-06
4.5541e-06
5.4335e-06
6.2941e-06
7.1324e-06
7.945e-06
8.7286e-06
9.4801e-06
1.0196e-05
1.0874e-05
1.1511e-05
1.2105e-05
1.2652e-05
1.3151e-05
1.36e-05
1.3995e-05
1.4337e-05
1.4623e-05
1.4852e-05
1.5023e-05
1.5135e-05
1.5188e-05
1.518e-05
1.5112e-05
1.4985e-05
1.4798e-05
1.4551e-05
1.4247e-05
1.3885e-05
1.3467e-05
1.2994e-05
1.2469e-05
1.1893e-05
1.1268e-05
1.0597e-05
9.8817e-06
9.1254e-06
8.3308e-06
7.5009e-06
6.639e-06
5.7483e-06
4.8323e-06
3.8945e-06
2.9386e-06
1.9684e-06
9.8754e-07
-2.3158e-19
-9.9036e-07
-1.9796e-06
-2.9639e-06
-3.9392e-06
-4.9018e-06
-5.8477e-06
-6.7731e-06
-7.6743e-06
-8.5478e-06
-9.3899e-06
-1.0197e-05
-1.0966e-05
-1.1694e-05
-1.2378e-05
-1.3015e-05
-1.3602e-05
-1.4137e-05
-1.4617e-05
-1.5041e-05
-1.5407e-05
-1.5713e-05
-1.5957e-05
-1.6139e-05
-1.6258e-05
-1.6313e-05
-1.6303e-05
-1.6229e-05
-1.609e-05
-1.5887e-05
-1.5621e-05
-1.5292e-05
-1.4903e-05
-1.4452e-05
-1.3944e-05
-1.3379e-05
-1.276e-05
-1.2088e-05
-1.1367e-05
-1.0599e-05
-9.7866e-06
-8.9336e-06
-8.0429e-06
-7.118e-06
-6.1624e-06
-5.1799e-06
-4.1743e-06
-3.1494e-06
-2.1094e-06
-1.0582e-06
6.6194e-20
1.061e-06
2.1206e-06
3.1747e-06
4.219e-06
5.2494e-06
6.2618e-06
7.2521e-06
8.2163e-06
9.1506e-06
1.0051e-05
1.0914e-05
1.1737e-05
1.2515e-05
1.3245e-05
1.3925e-05
1.4552e-05
1.5123e-05
1.5635e-05
1.6087e-05
1.6477e-05
1.6802e-05
1.7062e-05
1.7255e-05
1.7381e-05
1.7438e-05
1.7426e-05
1.7345e-05
1.7195e-05
1.6977e-05
1.6691e-05
1.6338e-05
1.592e-05
1.5438e-05
1.4894e-05
1.4289e-05
1.3627e-05
1.2908e-05
1.2137e-05
1.1316e-05
1.0448e-05
9.5364e-06
8.5849e-06
7.597e-06
6.5765e-06
5.5275e-06
4.454e-06
3.3602e-06
2.2504e-06
1.1288e-06
-3.8815e-19
-1.1316e-06
-2.2616e-06
-3.3855e-06
-4.4988e-06
-5.5971e-06
-6.6759e-06
-7.7311e-06
-8.7583e-06
-9.7534e-06
-1.0712e-05
-1.1631e-05
-1.2507e-05
-1.3335e-05
-1.4112e-05
-1.4835e-05
-1.5502e-05
-1.6109e-05
-1.6653e-05
-1.7133e-05
-1.7547e-05
-1.7892e-05
-1.8167e-05
-1.8371e-05
-1.8503e-05
-1.8563e-05
-1.8548e-05
-1.8461e-05
-1.83e-05
-1.8066e-05
-1.7761e-05
-1.7384e-05
-1.6938e-05
-1.6424e-05
-1.5844e-05
-1.5199e-05
-1.4493e-05
-1.3728e-05
-1.2907e-05
-1.2033e-05
-1.1109e-05
-1.0139e-05
-9.1268e-06
-8.076e-06
-6.9907e-06
-5.8752e-06
-4.7338e-06
-3.571e-06
-2.3914e-06
-1.1995e-06
2.0623e-19
1.2023e-06
2.4026e-06
3.5963e-06
4.7786e-06
5.9447e-06
7.0901e-06
8.2101e-06
9.3003e-06
1.0356e-05
1.1374e-05
1.2348e-05
1.3277e-05
1.4155e-05
1.4979e-05
1.5745e-05
1.6452e-05
1.7095e-05
1.7671e-05
1.8179e-05
1.8617e-05
1.8982e-05
1.9272e-05
1.9488e-05
1.9626e-05
1.9688e-05
1.9671e-05
1.9577e-05
1.9405e-05
1.9156e-05
1.8831e-05
1.843e-05
1.7956e-05
1.741e-05
1.6794e-05
1.611e-05
1.536e-05
1.4548e-05
1.3677e-05
1.275e-05
1.177e-05
1.0742e-05
9.6688e-06
8.555e-06
7.4048e-06
6.2228e-06
5.0136e-06
3.7818e-06
2.5324e-06
1.2701e-06
-5.0137e-23
-1.2729e-06
-2.5436e-06
-3.8071e-06
-5.0584e-06
-6.2924e-06
-7.5042e-06
-8.6891e-06
-9.8422e-06
-1.0959e-05
-1.2035e-05
-1.3066e-05
-1.4047e-05
-1.4975e-05
-1.5846e-05
-1.6656e-05
-1.7402e-05
-1.808e-05
-1.8689e-05
-1.9225e-05
-1.9687e-05
-2.0071e-05
-2.0378e-05
-2.0604e-05
-2.0749e-05
-2.0813e-05
-2.0794e-05
-2.0693e-05
-2.051e-05
-2.0246e-05
-1.9901e-05
-1.9476e-05
-1.8974e-05
-1.8396e-05
-1.7744e-05
-1.702e-05
-1.6227e-05
-1.5368e-05
-1.4447e-05
-1.3467e-05
-1.2432e-05
-1.1345e-05
-1.0211e-05
-9.034e-06
-7.819e-06
-6.5705e-06
-5.2934e-06
-3.9926e-06
-2.6734e-06
-1.3407e-06
3.7713e-19
1.3436e-06
2.6846e-06
4.0179e-06
5.3381e-06
6.64e-06
7.9184e-06
9.1681e-06
1.0384e-05
1.1562e-05
1.2696e-05
1.3783e-05
1.4817e-05
1.5795e-05
1.6712e-05
1.7566e-05
1.8351e-05
1.9066e-05
1.9707e-05
2.0271e-05
2.0757e-05
2.1161e-05
2.1483e-05
2.172e-05
2.1872e-05
2.1938e-05
2.1917e-05
2.1809e-05
2.1615e-05
2.1335e-05
2.0971e-05
2.0522e-05
1.9992e-05
1.9382e-05
1.8693e-05
1.793e-05
1.7094e-05
1.6189e-05
1.5217e-05
1.4184e-05
1.3093e-05
1.1948e-05
1.0753e-05
9.513e-06
8.2331e-06
6.9181e-06
5.5731e-06
4.2034e-06
2.8144e-06
1.4114e-06
4.8507e-19
-1.4128e-06
-2.82e-06
-4.2161e-06
-5.5955e-06
-6.9529e-06
-8.2828e-06
-9.58e-06
-1.0839e-05
-1.2056e-05
-1.3225e-05
-1.4342e-05
-1.5402e-05
-1.6402e-05
-1.7337e-05
-1.8203e-05
-1.8997e-05
-1.9717e-05
-2.0359e-05
-2.092e-05
-2.1399e-05
-2.1793e-05
-2.2101e-05
-2.2323e-05
-2.2456e-05
-2.25e-05
-2.2456e-05
-2.2323e-05
-2.2101e-05
-2.1793e-05
-2.1399e-05
-2.092e-05
-2.0359e-05
-1.9717e-05
-1.8997e-05
-1.8203e-05
-1.7337e-05
-1.6402e-05
-1.5402e-05
-1.4342e-05
-1.3225e-05
-1.2056e-05
-1.0839e-05
-9.58e-06
-8.2828e-06
-6.9529e-06
-5.5955e-06
-4.2161e-06
-2.82e-06
-1.4128e-06
-8.8147e-20
1.4128e-06
2.82e-06
4.2161e-06
5.5955e-06
6.9529e-06
8.2828e-06
9.58e-06
1.0839e-05
1.2056e-05
1.3225e-05
1.4342e-05
1.5402e-05
1.6402e-05
1.7337e-05
1.8203e-05
1.8997e-05
1.9717e-05
2.0359e-05
2.092e-05
2.1399e-05
2.1793e-05
2.2101e-05
2.2323e-05
2.2456e-05
2.25e-05
2.2456e-05
2.2323e-05
2.2101e-05
2.1793e-05
2.1399e-05
2.092e-05
2.0359e-05
1.9717e-05
1.8997e-05
1.8203e-05
1.7337e-05
1.6402e-05
1.5402e-05
1.4342e-05
1.3225e-05
1.2056e-05
1.0839e-05
9.58e-06
8.2828e-06
6.9529e-06
5.5955e-06
4.2161e-06
2.82e-06
1.4128e-06
3.3071e-19
-1.4128e-06
-2.82e-06
-4.2161e-06
-5.5955e-06
-6.9529e-06
-8.2828e-06
-9.58e-06
-1.0839e-05
-1.2056e-05
-1.3225e-05
-1.4342e-05
-1.5402e-05
-1.6402e-05
-1.7337e-05
-1.8203e-05
-1.8997e-05
-1.9717e-05
-2.0359e-05
-2.092e-05
-2.1399e-05
-2.1793e-05
-2.2101e-05
-2.2323e-05
-2.2456e-05
-2.25e-05
-2.2456e-05
-2.2323e-05
-2.2101e-05
-2.1793e-05
-2.1399e-05
-2.092e-05
-2.0359e-05
-1.9717e-05
-1.8997e-05
-1.8203e-05
-1.7337e-05
-1.6402e-05
-1.5402e-05
-1.4342e-05
-1.3225e-05
-1.2056e-05
-1.0839e-05
-9.58e-06
-8.2828e-06
-6.9529e-06
-5.5955e-06
-4.2161e-06
-2.82e-06
-1.4128e-06
-5.7327e-19
1.4128e-06
2.82e-06
4.2161e-06
5.5955e-06
6.9529e-06
8.2828e-06
9.58e-06
1.0839e-05
1.2056e-05
1.3225e-05
1.4342e-05
1.5402e-05
1.6402e-05
1.7337e-05
1.8203e-05
1.8997e-05
1.9717e-05
2.0359e-05
2.092e-05
2.1399e-05
2.1793e-05
2.2101e-05
2.2323e-05
2.2456e-05
2.25e-05
2.2456e-05
2.2323e-05
2.2101e-05
2.1793e-05
2.1399e-05
2.092e-05
2.0359e-05
1.9717e-05
1.8997e-05
1.8203e-05
1.7337e-05
1.6402e-05
1.5402e-05
1.4342e-05
1.3225e-05
1.2056e-05
1.0839e-05
9.58e-06
8.2828e-06
6.9529e-06
5.5955e-06
4.2161e-06
2.82e-06
1.4128e-06
1.7635e-19
-1.4128e-06
-2.82e-06
-4.2161e-06
-5.5955e-06
-6.9529e-06
-8.2828e-06
-9.58e-06
-1.0839e-05
-1.2056e-05
-1.3225e-05
-1.4342e-05
-1.5402e-05
-1.6402e-05
-1.7337e-05
-1.8203e-05
-1.8997e-05
-1.9717e-05
-2.0359e-05
-2.092e-05
-2.1399e-05
-2.1793e-05
-2.2101e-05
-2.2323e-05
-2.2456e-05
-2.25e-05
-2.2456e-05
-2.2323e-05
-2.2101e-05
-2.1793e-05
-2.1399e-05
-2.092e-05
-2.0359e-05
-1.9717e-05
-1.8997e-05
-1.8203e-05
-1.7337e-05
-1.6402e-05
-1.5402e-05
-1.4342e-05
-1.3225e-05
-1.2056e-05
-1.0839e-05
-9.58e-06
-8.2828e-06
-6.9529e-06
-5.5955e-06
-4.2161e-06
-2.82e-06
-1.4128e-06
-4.1891e-19
1.4128e-06
2.82e-06
4.2161e-06
5.5955e-06
6.9529e-06
8.2828e-06
9.58e-06
1.0839e-05
1.2056e-05
1.3225e-05
1.4342e-05
1.5402e-05
1.6402e-05
1.7337e-05
1.8203e-05
1.8997e-05
1.9717e-05
2.0359e-05
2.092e-05
2.1399e-05
2.1793e-05
2.2101e-05
2.2323e-05
2.2456e-05
2.25e-05
2.2456e-05
2.2323e-05
2.2101e-05
2.1793e-05
2.1399e-05
2.092e-05
2.0359e-05
1.9717e-05
1.8997e-05
1.8203e-05
1.7337e-05
1.6402e-05
1.5402e-05
1.4342e-05
1.3225e-05
1.2056e-05
1.0839e-05
9.58e-06
8.2828e-06
6.9529e-06
5.5955e-06
4.2161e-06
2.82e-06
1.4128e-06
2.1988e-20
-1.4128e-06
-2.82e-06
-4.2161e-06
-5.5955e-06
-6.9529e-06
-8.2828e-06
-9.58e-06
-1.0839e-05
-1.2056e-05
-1.3225e-05
-1.4342e-05
-1.5402e-05
-1.6402e-05
-1.7337e-05
-1.8203e-05
-1.8997e-05
-1.9717e-05
-2.0359e-05
-2.092e-05
-2.1399e-05
-2.1793e-05
-2.2101e-05
-2.2323e-05
-2.2456e-05
-2.25e-05
-2.2456e-05
-2.2323e-05
-2.2101e-05
-2.1793e-05
-2.1399e-05
-2.092e-05
-2.0359e-05
-1.9717e-05
-1.8997e-05
-1.8203e-05
-1.7337e-05
-1.6402e-05
-1.5402e-05
-1.4342e-05
-1.3225e-05
-1.2056e-05
-1.0839e-05
-9.58e-06
-8.2828e-06
-6.9529e-06
-5.5955e-06
-4.2161e-06
-2.82e-06
-1.4128e-06
-2.6455e-19
1.4128e-06
2.82e-06
4.2161e-06
5.5955e-06
6.9529e-06
8.2828e-06
9.58e-06
1.0839e-05
1.2056e-05
1.3225e-05
1.4342e-05
1.5402e-05
1.6402e-05
1.7337e-05
1.8203e-05
1.8997e-05
1.9717e-05
2.0359e-05
2.092e-05
2.1399e-05
2.1793e-05
2.2101e-05
2.2323e-05
2.2456e-05
2.25e-05
2.2456e-05
2.2323e-05
2.2101e-05
2.1793e-05
2.1399e-05
2.092e-05
2.0359e-05
1.9717e-05
1.8997e-05
1.8203e-05
1.7337e-05
1.6402e-05
1.5402e-05
1.4342e-05
1.3225e-05
1.2056e-05
1.0839e-05
9.58e-06
8.2828e-06
6.9529e-06
5.5955e-06
4.2161e-06
2.82e-06
1.4128e-06
5.0712e-19
-1.4128e-06
-2.82e-06
-4.2161e-06
-5.5955e-06
-6.9529e-06
-8.2828e-06
-9.58e-06
-1.0839e-05
-1.2056e-05
-1.3225e-05
-1.4342e-05
-1.5402e-05
-1.6402e-05
-1.7337e-05
-1.8203e-05
-1.8997e-05
-1.9717e-05
-2.0359e-05
-2.092e-05
-2.1399e-05
-2.1793e-05
-2.2101e-05
-2.2323e-05
-2.2456e-05
-2.25e-05
-2.2456e-05
-2.2323e-05
-2.2101e-05
-2.1793e-05
-2.1399e-05
-2.092e-05
-2.0359e-05
-1.9717e-05
-1.8997e-05
-1.8203e-05
-1.7337e-05
-1.6402e-05
-1.5402e-05
-1.4342e-05
-1.3225e-05
-1.2056e-05
-1.0839e-05
-9.58e-06
-8.2828e-06
-6.9529e-06
-5.5955e-06
-4.2161e-06
-2.82e-06
-1.4128e-06
-1.1019e-19
1.4128e-06
2.82e-06
4.2161e-06
5.5955e-06
6.9529e-06
8.2828e-06
9.58e-06
1.0839e-05
1.2056e-05
1.3225e-05
1.4342e-05
1.5402e-05
1.6402e-05
1.7337e-05
1.8203e-05
1.8997e-05
1.9717e-05
2.0359e-05
2.092e-05
2.1399e-05
2.1793e-05
2.2101e-05
2.2323e-05
2.2456e-05
2.25e-05
2.2456e-05
2.2323e-05
2.2101e-05
2.1793e-05
2.1399e-05
2.092e-05
2.0359e-05
1.9717e-05
1.8997e-05
1.8203e-05
1.7337e-05
1.6402e-05
1.5402e-05
1.4342e-05
1.3225e-05
1.2056e-05
1.0839e-05
9.58e-06
8.2828e-06
6.9529e-06
5.5955e-06
4.2161e-06
2.82e-06
1.4128e-06
3.5275e-19
-1.4128e-06
-2.82e-06
-4.2161e-06
-5.5955e-06
-6.9529e-06
-8.2828e-06
-9.58e-06
-1.0839e-05
-1.2056e-05
-1.3225e-05
-1.4342e-05
-1.5402e-05
-1.6402e-05
-1.7337e-05
-1.8203e-05
-1.8997e-05
-1.9717e-05
-2.0359e-05
-2.092e-05
-2.1399e-05
-2.1793e-05
-2.2101e-05
-2.2323e-05
-2.2456e-05
-2.25e-05
-2.2456e-05
-2.2323e-05
-2.2101e-05
-2.1793e-05
-2.1399e-05
-2.092e-05
-2.0359e-05
-1.9717e-05
-1.8997e-05
-1.8203e-05
-1.7337e-05
-1.6402e-05
-1.5402e-05
-1.4342e-05
-1.3225e-05
-1.2056e-05
-1.0839e-05
-9.58e-06
-8.2828e-06
-6.9529e-06
-5.5955e-06
-4.2161e-06
-2.82e-06
-1.4128e-06
4.4171e-20
1.4128e-06
2.82e-06
4.2161e-06
5.5955e-06
6.9529e-06
8.2828e-06
9.58e-06
1.0839e-05
1.2056e-05
1.3225e-05
1.4342e-05
1.5402e-05
1.6402e-05
1.7337e-05
1.8203e-05
1.8997e-05
1.9717e-05
2.0359e-05
2.092e-05
2.1399e-05
2.1793e-05
2.2101e-05
2.2323e-05
2.2456e-05
2.25e-05
2.2456e-05
2.2323e-05
2.2101e-05
2.1793e-05
2.1399e-05
2.092e-05
2.0359e-05
1.9717e-05
1.8997e-05
1.8203e-05
1.7337e-05
1.6402e-05
1.5402e-05
1.4342e-05
1.3225e-05
1.2056e-05
1.0839e-05
9.58e-06
8.2828e-06
6.9529e-06
5.5955e-06
4.2161e-06
2.82e-06
1.4128e-06
1.9839e-19
-1.4128e-06
-2.82e-06
-4.2161e-06
-5.5955e-06
-6.9529e-06
-8.2828e-06
-9.58e-06
-1.0839e-05
-1.2056e-05
-1.3225e-05
-1.4342e-05
-1.5402e-05
-1.6402e-05
-1.7337e-05
-1.8203e-05
-1.8997e-05
-1.9717e-05
-2.0359e-05
-2.092e-05
-2.1399e-05
-2.1793e-05
-2.2101e-05
-2.2323e-05
-2.2456e-05
-2.25e-05
-2.2456e-05
-2.2323e-05
-2.2101e-05
-2.1793e-05
-2.1399e-05
-2.092e-05
-2.0359e-05
-1.9717e-05
-1.8997e-05
-1.8203e-05
-1.7337e-05
-1.6402e-05
-1.5402e-05
-1.4342e-05
-1.3225e-05
-1.2056e-05
-1.0839e-05
-9.58e-06
-8.2828e-06
-6.9529e-06
-5.5955e-06
-4.2161e-06
-2.82e-06
-1.4128e-06
-4.4096e-19
1.4128e-06
2.82e-06
4.2161e-06
5.5955e-06
6.9529e-06
8.2828e-06
9.58e-06
1.0839e-05
1.2056e-05
1.3225e-05
1.4342e-05
1.5402e-05
1.6402e-05
1.7337e-05
1.8203e-05
1.8997e-05
1.9717e-05
2.0359e-05
2.092e-05
2.1399e-05
2.1793e-05
2.2101e-05
2.2323e-05
2.2456e-05
2.25e-05
2.2456e-05
2.2323e-05
2.2101e-05
2.1793e-05
2.1399e-05
2.092e-05
2.0359e-05
1.9717e-05
1.8997e-05
1.8203e-05
1.7337e-05
1.6402e-05
1.5402e-05
1.4342e-05
1.3225e-05
1.2056e-05
1.0839e-05
9.58e-06
8.2828e-06
6.9529e-06
5.5955e-06
4.2161e-06
2.82e-06
1.4128e-06
4.4032e-20
-1.4128e-06
-2.82e-06
-4.2161e-06
-5.5955e-06
-6.9529e-06
-8.2828e-06
-9.58e-06
-1.0839e-05
-1.2056e-05
-1.3225e-05
-1.4342e-05
-1.5402e-05
-1.6402e-05
-1.7337e-05
-1.8203e-05
-1.8997e-05
-1.9717e-05
-2.0359e-05
-2.092e-05
-2.1399e-05
-2.1793e-05
-2.2101e-05
-2.2323e-05
-2.2456e-05
-2.25e-05
-2.2456e-05
-2.2323e-05
-2.2101e-05
-2.1793e-05
-2.1399e-05
-2.092e-05
-2.0359e-05
-1.9717e-05
-1.8997e-05
-1.8203e-05
-1.7337e-05
-1.6402e-05
-1.5402e-05
-1.4342e-05
-1.3225e-05
-1.2056e-05
-1.0839e-05
-9.58e-06
-8.2828e-06
-6.9529e-06
-5.5955e-06
-4.2161e-06
-2.82e-06
-1.4128e-06
-2.866e-19
1.4128e-06
2.82e-06
4.2161e-06
5.5955e-06
6.9529e-06
8.2828e-06
9.58e-06
1.0839e-05
1.2056e-05
1.3225e-05
1.4342e-05
1.5402e-05
1.6402e-05
1.7337e-05
1.8203e-05
1.8997e-05
1.9717e-05
2.0359e-05
2.092e-05
2.1399e-05
2.1793e-05
2.2101e-05
2.2323e-05
2.2456e-05
2.25e-05
2.2456e-05
2.2323e-05
2.2101e-05
2.1793e-05
2.1399e-05
2.092e-05
2.0359e-05
1.9717e-05
1.8997e-05
1.8203e-05
1.7337e-05
1.6402e-05
1.5402e-05
1.4342e-05
1.3225e-05
1.2056e-05
1.0839e-05
9.58e-06
8.2828e-06
6.9529e-06
5.5955e-06
4.2161e-06
2.82e-06
1.4128e-06
-1.1033e-19
-1.4128e-06
-2.82e-06
-4.2161e-06
-5.5955e-06
-6.9529e-06
-8.2828e-06
-9.58e-06
-1.0839e-05
-1.2056e-05
-1.3225e-05
-1.4342e-05
-1.5402e-05
-1.6402e-05
-1.7337e-05
-1.8203e-05
-1.8997e-05
-1.9717e-05
-2.0359e-05
-2.092e-05
-2.1399e-05
-2.1793e-05
-2.2101e-05
-2.2323e-05
-2.2456e-05
-2.25e-05
-2.2456e-05
-2.2323e-05
-2.2101e-05
-2.1793e-05
-2.1399e-05
-2.092e-05
-2.0359e-05
-1.9717e-05
-1.8997e-05
-1.8203e-05
-1.7337e-05
-1.6402e-05
-1.5402e-05
-1.4342e-05
-1.3225e-05
-1.2056e-05
-1.0839e-05
-9.58e-06
-8.2828e-06
-6.9529e-06
-5.5955e-06
-4.2161e-06
-2.82e-06
-1.4128e-06
-1.3223e-19
1.4128e-06
2.82e-06
4.2161e-06
5.5955e-06
6.9529e-06
8.2828e-06
9.58e-06
1.0839e-05
1.2056e-05
1.3225e-05
1.4342e-05
1.5402e-05
1.6402e-05
1.7337e-05
1.8203e-05
1.8997e-05
1.9717e-05
2.0359e-05
2.092e-05
2.1399e-05
2.1793e-05
2.2101e-05
2.2323e-05
2.2456e-05
2.25e-05
2.2456e-05
2.2323e-05
2.2101e-05
2.1793e-05
2.1399e-05
2.092e-05
2.0359e-05
1.9717e-05
1.8997e-05
1.8203e-05
1.7337e-05
1.6402e-05
1.5402e-05
1.4342e-05
1.3225e-05
1.2056e-05
1.0839e-05
9.58e-06
8.2828e-06
6.9529e-06
5.5955e-06
4.2161e-06
2.82e-06
1.4128e-06
3.748e-19
-1.4128e-06
-2.82e-06
-4.2161e-06
-5.5955e-06
-6.9529e-06
-8.2828e-06
-9.58e-06
-1.0839e-05
-1.2056e-05
-1.3225e-05
-1.4342e-05
-1.5402e-05
-1.6402e-05
-1.7337e-05
-1.8203e-05
-1.8997e-05
-1.9717e-05
-2.0359e-05
-2.092e-05
-2.1399e-05
-2.1793e-05
-2.2101e-05
-2.2323e-05
-2.2456e-05
-2.25e-05
-2.2456e-05
-2.2323e-05
-2.2101e-05
-2.1793e-05
-2.1399e-05
-2.092e-05
-2.0359e-05
-1.9717e-05
-1.8997e-05
-1.8203e-05
-1.7337e-05
-1.6402e-05
-1.5402e-05
-1.4342e-05
-1.3225e-05
-1.2056e-05
-1.0839e-05
-9.58e-06
-8.2828e-06
-6.9529e-06
-5.5955e-06
-4.2161e-06
-2.82e-06
-1.4128e-06
2.2127e-20
1.4128e-06
2.82e-06
4.2161e-06
5.5955e-06
6.9529e-06
8.2828e-06
9.58e-06
1.0839e-05
1.2056e-05
1.3225e-05
1.4342e-05
1.5402e-05
1.6402e-05
1.7337e-05
1.8203e-05
1.8997e-05
1.9717e-05
2.0359e-05
2.092e-05
2.1399e-05
2.1793e-05
2.2101e-05
2.2323e-05
2.2456e-05
2.25e-05
2.2456e-05
2.2323e-05
2.2101e-05
2.1793e-05
2.1399e-05
2.092e-05
2.0359e-05
1.9717e-05
1.8997e-05
1.8203e-05
1.7337e-05
1.6402e-05
1.5402e-05
1.4342e-05
1.3225e-05
1.2056e-05
1.0839e-05
9.58e-06
8.2828e-06
6.9529e-06
5.5955e-06
4.2161e-06
2.82e-06
1.4128e-06
2.2044e-19
-1.4128e-06
-2.82e-06
-4.2161e-06
-5.5955e-06
-6.9529e-06
-8.2828e-06
-9.58e-06
-1.0839e-05
-1.2056e-05
-1.3225e-05
-1.4342e-05
-1.5402e-05
-1.6402e-05
-1.7337e-05
-1.8203e-05
-1.8997e-05
-1.9717e-05
-2.0359e-05
-2.092e-05
-2.1399e-05
-2.1793e-05
-2.2101e-05
-2.2323e-05
-2.2456e-05
-2.25e-05
-2.2456e-05
-2.2323e-05
-2.2101e-05
-2.1793e-05
-2.1399e-05
-2.092e-05
-2.0359e-05
-1.9717e-05
-1.8997e-05
-1.8203e-05
-1.7337e-05
-1.6402e-05
-1.5402e-05
-1.4342e-05
-1.3225e-05
-1.2056e-05
-1.0839e-05
-9.58e-06
-8.2828e-06
-6.9529e-06
-5.5955e-06
-4.2161e-06
-2.82e-06
-1.4128e-06
-4.63e-19
1.4128e-06
2.82e-06
4.2161e-06
5.5955e-06
6.9529e-06
8.2828e-06
9.58e-06
1.0839e-05
1.2056e-05
1.3225e-05
1.4342e-05
1.5402e-05
1.6402e-05
1.7337e-05
1.8203e-05
1.8997e-05
1.9717e-05
2.0359e-05
2.092e-05
2.1399e-05
2.1793e-05
2.2101e-05
2.2323e-05
2.2456e-05
2.25e-05
2.2456e-05
2.2323e-05
2.2101e-05
2.1793e-05
2.1399e-05
2.092e-05
2.0359e-05
1.9717e-05
1.8997e-05
1.8203e-05
1.7337e-05
1.6402e-05
1.5402e-05
1.4342e-05
1.3225e-05
1.2056e-05
1.0839e-05
9.58e-06
8.2828e-06
6.9529e-06
5.5955e-06
4.2161e-06
2.82e-06
1.4128e-06
7.0556e-19
-1.4128e-06
-2.82e-06
-4.2161e-06
-5.5955e-06
-6.9529e-06
-8.2828e-06
-9.58e-06
-1.0839e-05
-1.2056e-05
-1.3225e-05
-1.4342e-05
-1.5402e-05
-1.6402e-05
-1.7337e-05
-1.8203e-05
-1.8997e-05
-1.9717e-05
-2.0359e-05
-2.092e-05
-2.1399e-05
-2.1793e-05
-2.2101e-05
-2.2323e-05
-2.2456e-05
-2.25e-05
-2.2456e-05
-2.2323e-05
-2.2101e-05
-2.1793e-05
-2.1399e-05
-2.092e-05
-2.0359e-05
-1.9717e-05
-1.8997e-05
-1.8203e-05
-1.7337e-05
-1.6402e-05
-1.5402e-05
-1.4342e-05
-1.3225e-05
-1.2056e-05
-1.0839e-05
-9.58e-06
-8.2828e-06
-6.9529e-06
-5.5955e-06
-4.2161e-06
-2.82e-06
-1.4128e-06
3.3085e-19
1.4128e-06
2.82e-06
4.2161e-06
5.5955e-06
6.9529e-06
8.2828e-06
9.58e-06
1.0839e-05
1.2056e-05
1.3225e-05
1.4342e-05
1.5402e-05
1.6402e-05
1.7337e-05
1.8203e-05
1.8997e-05
1.9717e-05
2.0359e-05
2.092e-05
2.1399e-05
2.1793e-05
2.2101e-05
2.2323e-05
2.2456e-05
2.25e-05
2.2456e-05
2.2323e-05
2.2101e-05
2.1793e-05
2.1399e-05
2.092e-05
2.0359e-05
1.9717e-05
1.8997e-05
1.8203e-05
1.7337e-05
1.6402e-05
1.5402e-05
1.4342e-05
1.3225e-05
1.2056e-05
1.0839e-05
9.58e-06
8.2828e-06
6.9529e-06
5.5955e-06
4.2161e-06
2.82e-06
1.4128e-06
-8.8286e-20
-1.4128e-06
-2.82e-06
-4.2161e-06
-5.5955e-06
-6.9529e-06
-8.2828e-06
-9.58e-06
-1.0839e-05
-1.2056e-05
-1.3225e-05
-1.4342e-05
-1.5402e-05
-1.6402e-05
-1.7337e-05
-1.8203e-05
-1.8997e-05
-1.9717e-05
-2.0359e-05
-2.092e-05
-2.1399e-05
-2.1793e-05
-2.2101e-05
-2.2323e-05
-2.2456e-05
-2.25e-05
-2.2456e-05
-2.2323e-05
-2.2101e-05
-2.1793e-05
-2.1399e-05
-2.092e-05
-2.0359e-05
-1.9717e-05
-1.8997e-05
-1.8203e-05
-1.7337e-05
-1.6402e-05
-1.5402e-05
-1.4342e-05
-1.3225e-05
-1.2056e-05
-1.0839e-05
-9.58e-06
-8.2828e-06
-6.9529e-06
-5.5955e-06
-4.2161e-06
-2.82e-06
-1.4128e-06
-1.5428e-19
1.4128e-06
2.82e-06
4.2161e-06
5.5955e-06
6.9529e-06
8.2828e-06
9.58e-06
1.0839e-05
1.2056e-05
1.3225e-05
1.4342e-05
1.5402e-05
1.6402e-05
1.7337e-05
1.8203e-05
1.8997e-05
1.9717e-05
2.0359e-05
2.092e-05
2.1399e-05
2.1793e-05
2.2101e-05
2.2323e-05
2.2456e-05
2.25e-05
2.2456e-05
2.2323e-05
2.2101e-05
2.1793e-05
2.1399e-05
2.092e-05
2.0359e-05
1.9717e-05
1.8997e-05
1.8203e-05
1.7337e-05
1.6402e-05
1.5402e-05
1.4342e-05
1.3225e-05
1.2056e-05
1.0839e-05
9.58e-06
8.2828e-06
6.9529e-06
5.5955e-06
4.2161e-06
2.82e-06
1.4128e-06
3.9684e-19
-1.4128e-06
-2.82e-06
-4.2161e-06
-5.5955e-06
-6.9529e-06
-8.2828e-06
-9.58e-06
-1.0839e-05
-1.2056e-05
-1.3225e-05
-1.4342e-05
-1.5402e-05
-1.6402e-05
-1.7337e-05
-1.8203e-05
-1.8997e-05
-1.9717e-05
-2.0359e-05
-2.092e-05
-2.1399e-05
-2.1793e-05
-2.2101e-05
-2.2323e-05
-2.2456e-05
-2.25e-05
-2.2456e-05
-2.2323e-05
-2.2101e-05
-2.1793e-05
-2.1399e-05
-2.092e-05
-2.0359e-05
-1.9717e-05
-1.8997e-05
-1.8203e-05
-1.7337e-05
-1.6402e-05
-1.5402e-05
-1.4342e-05
-1.3225e-05
-1.2056e-05
-1.0839e-05
-9.58e-06
-8.2828e-06
-6.9529e-06
-5.5955e-06
-4.2161e-06
-2.82e-06
-1.4128e-06
6.3957e-19
1.4128e-06
2.82e-06
4.2161e-06
5.5955e-06
6.9529e-06
8.2828e-06
9.58e-06
1.0839e-05
1.2056e-05
1.3225e-05
1.4342e-05
1.5402e-05
1.6402e-05
1.7337e-05
1.8203e-05
1.8997e-05
1.9717e-05
2.0359e-05
2.092e-05
2.1399e-05
2.1793e-05
2.2101e-05
2.2323e-05
2.2456e-05
2.25e-05
2.2456e-05
2.2323e-05
2.2101e-05
2.1793e-05
2.1399e-05
2.092e-05
2.0359e-05
1.9717e-05
1.8997e-05
1.8203e-05
1.7337e-05
1.6402e-05
1.5402e-05
1.4342e-05
1.3225e-05
1.2056e-05
1.0839e-05
9.58e-06
8.2828e-06
6.9529e-06
5.5955e-06
4.2161e-06
2.82e-06
1.4128e-06
-3.9701e-19
-1.4128e-06
-2.82e-06
-4.2161e-06
-5.5955e-06
-6.9529e-06
-8.2828e-06
-9.58e-06
-1.0839e-05
-1.2056e-05
-1.3225e-05
-1.4342e-05
-1.5402e-05
-1.6402e-05
-1.7337e-05
-1.8203e-05
-1.8997e-05
-1.9717e-05
-2.0359e-05
-2.092e-05
-2.1399e-05
-2.1793e-05
-2.2101e-05
-2.2323e-05
-2.2456e-05
-2.25e-05
-2.2456e-05
-2.2323e-05
-2.2101e-05
-2.1793e-05
-2.1399e-05
-2.092e-05
-2.0359e-05
-1.9717e-05
-1.8997e-05
-1.8203e-05
-1.7337e-05
-1.6402e-05
-1.5402e-05
-1.4342e-05
-1.3225e-05
-1.2056e-05
-1.0839e-05
-9.58e-06
-8.2828e-06
-6.9529e-06
-5.5955e-06
-4.2161e-06
-2.82e-06
-1.4128e-06
1.5444e-19
1.4128e-06
2.82e-06
4.2161e-06
5.5955e-06
6.9529e-06
8.2828e-06
9.58e-06
1.0839e-05
1.2056e-05
1.3225e-05
1.4342e-05
1.5402e-05
1.6402e-05
1.7337e-05
1.8203e-05
1.8997e-05
1.9717e-05
2.0359e-05
2.092e-05
2.1399e-05
2.1793e-05
2.2101e-05
2.2323e-05
2.2456e-05
2.25e-05
2.2456e-05
2.2323e-05
2.2101e-05
2.1793e-05
2.1399e-05
2.092e-05
2.0359e-05
1.9717e-05
1.8997e-05
1.8203e-05
1.7337e-05
1.6402e-05
1.5402e-05
1.4342e-05
1.3225e-05
1.2056e-05
1.0839e-05
9.58e-06
8.2828e-06
6.9529e-06
5.5955e-06
4.2161e-06
2.82e-06
1.4128e-06
8.8119e-20
-1.4128e-06
-2.82e-06
-4.2161e-06
-5.5955e-06
-6.9529e-06
-8.2828e-06
-9.58e-06
-1.0839e-05
-1.2056e-05
-1.3225e-05
-1.4342e-05
-1.5402e-05
-1.6402e-05
-1.7337e-05
-1.8203e-05
-1.8997e-05
-1.9717e-05
-2.0359e-05
-2.092e-05
-2.1399e-05
-2.1793e-05
-2.2101e-05
-2.2323e-05
-2.2456e-05
-2.25e-05
-2.2456e-05
-2.2323e-05
-2.2101e-05
-2.1793e-05
-2.1399e-05
-2.092e-05
-2.0359e-05
-1.9717e-05
-1.8997e-05
-1.8203e-05
-1.7337e-05
-1.6402e-05
-1.5402e-05
-1.4342e-05
-1.3225e-05
-1.2056e-05
-1.0839e-05
-9.58e-06
-8.2828e-06
-6.9529e-06
-5.5955e-06
-4.2161e-06
-2.82e-06
-1.4128e-06
-3.3068e-19
1.4128e-06
2.82e-06
4.2161e-06
5.5955e-06
6.9529e-06
8.2828e-06
9.58e-06
1.0839e-05
1.2056e-05
1.3225e-05
1.4342e-05
1.5402e-05
1.6402e-05
1.7337e-05
1.8203e-05
1.8997e-05
1.9717e-05
2.0359e-05
2.092e-05
2.1399e-05
2.1793e-05
2.2101e-05
2.2323e-05
2.2456e-05
2.25e-05
2.2456e-05
2.2323e-05
2.2101e-05
2.1793e-05
2.1399e-05
2.092e-05
2.0359e-05
1.9717e-05
1.8997e-05
1.8203e-05
1.7337e-05
1.6402e-05
1.5402e-05
1.4342e-05
1.3225e-05
1.2056e-05
1.0839e-05
9.58e-06
8.2828e-06
6.9529e-06
5.5955e-06
4.2161e-06
2.82e-06
1.4128e-06
-7.0573e-19
-1.4128e-06
-2.82e-06
-4.2161e-06
-5.5955e-06
-6.9529e-06
-8.2828e-06
-9.58e-06
-1.0839e-05
-1.2056e-05
-1.3225e-05
-1.4342e-05
-1.5402e-05
-1.6402e-05
-1.7337e-05
-1.8203e-05
-1.8997e-05
-1.9717e-05
-2.0359e-05
-2.092e-05
-2.1399e-05
-2.1793e-05
-2.2101e-05
-2.2323e-05
-2.2456e-05
-2.25e-05
-2.2456e-05
-2.2323e-05
-2.2101e-05
-2.1793e-05
-2.1399e-05
-2.092e-05
-2.0359e-05
-1.9717e-05
-1.8997e-05
-1.8203e-05
-1.7337e-05
-1.6402e-05
-1.5402e-05
-1.4342e-05
-1.3225e-05
-1.2056e-05
-1.0839e-05
-9.58e-06
-8.2828e-06
-6.9529e-06
-5.5955e-06
-4.2161e-06
-2.82e-06
-1.4128e-06
4.6317e-19
1.4128e-06
2.82e-06
4.2161e-06
5.5955e-06
6.9529e-06
8.2828e-06
9.58e-06
1.0839e-05
1.2056e-05
1.3225e-05
1.4342e-05
1.5402e-05
1.6402e-05
1.7337e-05
1.8203e-05
1.8997e-05
1.9717e-05
2.0359e-05
2.092e-05
2.1399e-05
2.1793e-05
2.2101e-05
2.2323e-05
2.2456e-05
2.25e-05
2.2456e-05
2.2323e-05
2.2101e-05
2.1793e-05
2.1399e-05
2.092e-05
2.0359e-05
1.9717e-05
1.8997e-05
1.8203e-05
1.7337e-05
1.6402e-05
1.5402e-05
1.4342e-05
1.3225e-05
1.2056e-05
1.0839e-05
9.58e-06
8.2828e-06
6.9529e-06
5.5955e-06
4.2161e-06
2.82e-06
1.4128e-06
-2.206e-19
-1.4128e-06
-2.82e-06
-4.2161e-06
-5.5955e-06
-6.9529e-06
-8.2828e-06
-9.58e-06
-1.0839e-05
-1.2056e-05
-1.3225e-05
-1.4342e-05
-1.5402e-05
-1.6402e-05
-1.7337e-05
-1.8203e-05
-1.8997e-05
-1.9717e-05
-2.0359e-05
-2.092e-05
-2.1399e-05
-2.1793e-05
-2.2101e-05
-2.2323e-05
-2.2456e-05
-2.25e-05
-2.2456e-05
-2.2323e-05
-2.2101e-05
-2.1793e-05
-2.1399e-05
-2.092e-05
-2.0359e-05
-1.9717e-05
-1.8997e-05
-1.8203e-05
-1.7337e-05
-1.6402e-05
-1.5402e-05
-1.4342e-05
-1.3225e-05
-1.2056e-05
-1.0839e-05
-9.58e-06
-8.2828e-06
-6.9529e-06
-5.5955e-06
-4.2161e-06
-2.82e-06
-1.4128e-06
-2.196e-20
1.4128e-06
2.82e-06
4.2161e-06
5.5955e-06
6.9529e-06
8.2828e-06
9.58e-06
1.0839e-05
1.2056e-05
1.3225e-05
1.4342e-05
1.5402e-05
1.6402e-05
1.7337e-05
1.8203e-05
1.8997e-05
1.9717e-05
2.0359e-05
2.092e-05
2.1399e-05
2.1793e-05
2.2101e-05
2.2323e-05
2.2456e-05
2.25e-05
2.2456e-05
2.2323e-05
2.2101e-05
2.1793e-05
2.1399e-05
2.092e-05
2.0359e-05
1.9717e-05
1.8997e-05
1.8203e-05
1.7337e-05
1.6402e-05
1.5402e-05
1.4342e-05
1.3225e-05
1.2056e-05
1.0839e-05
9.58e-06
8.2828e-06
6.9529e-06
5.5955e-06
4.2161e-06
2.82e-06
1.4128e-06
2.6452e-19
-1.4128e-06
-2.82e-06
-4.2161e-06
-5.5955e-06
-6.9529e-06
-8.2828e-06
-9.58e-06
-1.0839e-05
-1.2056e-05
-1.3225e-05
-1.4342e-05
-1.5402e-05
-1.6402e-05
-1.7337e-05
-1.8203e-05
-1.8997e-05
-1.9717e-05
-2.0359e-05
-2.092e-05
-2.1399e-05
-2.1793e-05
-2.2101e-05
-2.2323e-05
-2.2456e-05
-2.25e-05
-2.2456e-05
-2.2323e-05
-2.2101e-05
-2.1793e-05
-2.1399e-05
-2.092e-05
-2.0359e-05
-1.9717e-05
-1.8997e-05
-1.8203e-05
-1.7337e-05
-1.6402e-05
-1.5402e-05
-1.4342e-05
-1.3225e-05
-1.2056e-05
-1.0839e-05
-9.58e-06
-8.2828e-06
-6.9529e-06
-5.5955e-06
-4.2161e-06
-2.82e-06
-1.4128e-06
7.7189e-19
1.4128e-06
2.82e-06
4.2161e-06
5.5955e-06
6.9529e-06
8.2828e-06
9.58e-06
1.0839e-05
1.2056e-05
1.3225e-05
1.4342e-05
1.5402e-05
1.6402e-05
1.7337e-05
1.8203e-05
1.8997e-05
1.9717e-05
2.0359e-05
2.092e-05
2.1399e-05
2.1793e-05
2.2101e-05
2.2323e-05
2.2456e-05
2.25e-05
2.2456e-05
2.2323e-05
2.2101e-05
2.1793e-05
2.1399e-05
2.092e-05
2.0359e-05
1.9717e-05
1.8997e-05
1.8203e-05
1.7337e-05
1.6402e-05
1.5402e-05
1.4342e-05
1.3225e-05
1.2056e-05
1.0839e-05
9.58e-06
8.2828e-06
6.9529e-06
5.5955e-06
4.2161e-06
2.82e-06
1.4128e-06
-5.2933e-19
-1.4128e-06
-2.82e-06
-4.2161e-06
-5.5955e-06
-6.9529e-06
-8.2828e-06
-9.58e-06
-1.0839e-05
-1.2056e-05
-1.3225e-05
-1.4342e-05
-1.5402e-05
-1.6402e-05
-1.7337e-05
-1.8203e-05
-1.8997e-05
-1.9717e-05
-2.0359e-05
-2.092e-05
-2.1399e-05
-2.1793e-05
-2.2101e-05
-2.2323e-05
-2.2456e-05
-2.25e-05
-2.2456e-05
-2.2323e-05
-2.2101e-05
-2.1793e-05
-2.1399e-05
-2.092e-05
-2.0359e-05
-1.9717e-05
-1.8997e-05
-1.8203e-05
-1.7337e-05
-1.6402e-05
-1.5402e-05
-1.4342e-05
-1.3225e-05
-1.2056e-05
-1.0839e-05
-9.58e-06
-8.2828e-06
-6.9529e-06
-5.5955e-06
-4.2161e-06
-2.82e-06
-1.4128e-06
2.8676e-19
1.4128e-06
2.82e-06
4.2161e-06
5.5955e-06
6.9529e-06
8.2828e-06
9.58e-06
1.0839e-05
1.2056e-05
1.3225e-05
1.4342e-05
1.5402e-05
1.6402e-05
1.7337e-05
1.8203e-05
1.8997e-05
1.9717e-05
2.0359e-05
2.092e-05
2.1399e-05
2.1793e-05
2.2101e-05
2.2323e-05
2.2456e-05
2.25e-05
2.2456e-05
2.2323e-05
2.2101e-05
2.1793e-05
2.1399e-05
2.092e-05
2.0359e-05
1.9717e-05
1.8997e-05
1.8203e-05
1.7337e-05
1.6402e-05
1.5402e-05
1.4342e-05
1.3225e-05
1.2056e-05
1.0839e-05
9.58e-06
8.2828e-06
6.9529e-06
5.5955e-06
4.2161e-06
2.82e-06
1.4128e-06
-4.4199e-20
-1.4128e-06
-2.82e-06
-4.2161e-06
-5.5955e-06
-6.9529e-06
-8.2828e-06
-9.58e-06
-1.0839e-05
-1.2056e-05
-1.3225e-05
-1.4342e-05
-1.5402e-05
-1.6402e-05
-1.7337e-05
-1.8203e-05
-1.8997e-05
-1.9717e-05
-2.0359e-05
-2.092e-05
-2.1399e-05
-2.1793e-05
-2.2101e-05
-2.2323e-05
-2.2456e-05
-2.25e-05
-2.2456e-05
-2.2323e-05
-2.2101e-05
-2.1793e-05
-2.1399e-05
-2.092e-05
-2.0359e-05
-1.9717e-05
-1.8997e-05
-1.8203e-05
-1.7337e-05
-1.6402e-05
-1.5402e-05
-1.4342e-05
-1.3225e-05
-1.2056e-05
-1.0839e-05
-9.58e-06
-8.2828e-06
-6.9529e-06
-5.5955e-06
-4.2161e-06
-2.82e-06
-1.4128e-06
-1.9836e-19
1.4128e-06
2.82e-06
4.2161e-06
5.5955e-06
6.9529e-06
8.2828e-06
9.58e-06
1.0839e-05
1.2056e-05
1.3225e-05
1.4342e-05
1.5402e-05
1.6402e-05
1.7337e-05
1.8203e-05
1.8997e-05
1.9717e-05
2.0359e-05
2.092e-05
2.1399e-05
2.1793e-05
2.2101e-05
2.2323e-05
2.2456e-05
2.25e-05
2.2456e-05
2.2323e-05
2.2101e-05
2.1793e-05
2.1399e-05
2.092e-05
2.0359e-05
1.9717e-05
1.8997e-05
1.8203e-05
1.7337e-05
1.6402e-05
1.5402e-05
1.4342e-05
1.3225e-05
1.2056e-05
1.0839e-05
9.58e-06
8.2828e-06
6.9529e-06
5.5955e-06
4.2161e-06
2.82e-06
1.4128e-06
4.4093e-19
-1.4128e-06
-2.82e-06
-4.2161e-06
-5.5955e-06
-6.9529e-06
-8.2828e-06
-9.58e-06
-1.0839e-05
-1.2056e-05
-1.3225e-05
-1.4342e-05
-1.5402e-05
-1.6402e-05
-1.7337e-05
-1.8203e-05
-1.8997e-05
-1.9717e-05
-2.0359e-05
-2.092e-05
-2.1399e-05
-2.1793e-05
-2.2101e-05
-2.2323e-05
-2.2456e-05
-2.25e-05
-2.2456e-05
-2.2323e-05
-2.2101e-05
-2.1793e-05
-2.1399e-05
-2.092e-05
-2.0359e-05
-1.9717e-05
-1.8997e-05
-1.8203e-05
-1.7337e-05
-1.6402e-05
-1.5402e-05
-1.4342e-05
-1.3225e-05
-1.2056e-05
-1.0839e-05
-9.58e-06
-8.2828e-06
-6.9529e-06
-5.5955e-06
-4.2161e-06
-2.82e-06
-1.4128e-06
-6.8349e-19
1.4128e-06
2.82e-06
4.2161e-06
5.5955e-06
6.9529e-06
8.2828e-06
9.58e-06
1.0839e-05
1.2056e-05
1.3225e-05
1.4342e-05
1.5402e-05
1.6402e-05
1.7337e-05
1.8203e-05
1.8997e-05
1.9717e-05
2.0359e-05
2.092e-05
2.1399e-05
2.1793e-05
2.2101e-05
2.2323e-05
2.2456e-05
2.25e-05
2.2456e-05
2.2323e-05
2.2101e-05
2.1793e-05
2.1399e-05
2.092e-05
2.0359e-05
1.9717e-05
1.8997e-05
1.8203e-05
1.7337e-05
1.6402e-05
1.5402e-05
1.4342e-05
1.3225e-05
1.2056e-05
1.0839e-05
9.58e-06
8.2828e-06
6.9529e-06
5.5955e-06
4.2161e-06
2.82e-06
1.4128e-06
-3.5292e-19
-1.4128e-06
-2.82e-06
-4.2161e-06
-5.5955e-06
-6.9529e-06
-8.2828e-06
-9.58e-06
-1.0839e-05
-1.2056e-05
-1.3225e-05
-1.4342e-05
-1.5402e-05
-1.6402e-05
-1.7337e-05
-1.8203e-05
-1.8997e-05
-1.9717e-05
-2.0359e-05
-2.092e-05
-2.1399e-05
-2.1793e-05
-2.2101e-05
-2.2323e-05
-2.2456e-05
-2.25e-05
-2.2456e-05
-2.2323e-05
-2.2101e-05
-2.1793e-05
-2.1399e-05
-2.092e-05
-2.0359e-05
-1.9717e-05
-1.8997e-05
-1.8203e-05
-1.7337e-05
-1.6402e-05
-1.5402e-05
-1.4342e-05
-1.3225e-05
-1.2056e-05
-1.0839e-05
-9.58e-06
-8.2828e-06
-6.9529e-06
-5.5955e-06
-4.2161e-06
-2.82e-06
-1.4128e-06
1.1036e-19
1.4128e-06
2.82e-06
4.2161e-06
5.5955e-06
6.9529e-06
8.2828e-06
9.58e-06
1.0839e-05
1.2056e-05
1.3225e-05
1.4342e-05
1.5402e-05
1.6402e-05
1.7337e-05
1.8203e-05
1.8997e-05
1.9717e-05
2.0359e-05
2.092e-05
2.1399e-05
2.1793e-05
2.2101e-05
2.2323e-05
2.2456e-05
2.25e-05
2.2456e-05
2.2323e-05
2.2101e-05
2.1793e-05
2.1399e-05
2.092e-05
2.0359e-05
1.9717e-05
1.8997e-05
1.8203e-05
1.7337e-05
1.6402e-05
1.5402e-05
1.4342e-05
1.3225e-05
1.2056e-05
1.0839e-05
9.58e-06
8.2828e-06
6.9529e-06
5.5955e-06
4.2161e-06
2.82e-06
1.4128e-06
1.3221e-19
-1.4128e-06
-2.82e-06
-4.2161e-06
-5.5955e-06
-6.9529e-06
-8.2828e-06
-9.58e-06
-1.0839e-05
-1.2056e-05
-1.3225e-05
-1.4342e-05
-1.5402e-05
-1.6402e-05
-1.7337e-05
-1.8203e-05
-1.8997e-05
-1.9717e-05
-2.0359e-05
-2.092e-05
-2.1399e-05
-2.1793e-05
-2.2101e-05
-2.2323e-05
-2.2456e-05
-2.25e-05
-2.2456e-05
-2.2323e-05
-2.2101e-05
-2.1793e-05
-2.1399e-05
-2.092e-05
-2.0359e-05
-1.9717e-05
-1.8997e-05
-1.8203e-05
-1.7337e-05
-1.6402e-05
-1.5402e-05
-1.4342e-05
-1.3225e-05
-1.2056e-05
-1.0839e-05
-9.58e-06
-8.2828e-06
-6.9529e-06
-5.5955e-06
-4.2161e-06
-2.82e-06
-1.4128e-06
-3.7477e-19
1.4128e-06
2.82e-06
4.2161e-06
5.5955e-06
6.9529e-06
8.2828e-06
9.58e-06
1.0839e-05
1.2056e-05
1.3225e-05
1.4342e-05
1.5402e-05
1.6402e-05
1.7337e-05
1.8203e-05
1.8997e-05
1.9717e-05
2.0359e-05
2.092e-05
2.1399e-05
2.1793e-05
2.2101e-05
2.2323e-05
2.2456e-05
2.25e-05
2.2456e-05
2.2323e-05
2.2101e-05
2.1793e-05
2.1399e-05
2.092e-05
2.0359e-05
1.9717e-05
1.8997e-05
1.8203e-05
1.7337e-05
1.6402e-05
1.5402e-05
1.4342e-05
1.3225e-05
1.2056e-05
1.0839e-05
9.58e-06
8.2828e-06
6.9529e-06
5.5955e-06
4.2161e-06
2.82e-06
1.4128e-06
6.1733e-19
-1.4128e-06
-2.82e-06
-4.2161e-06
-5.5955e-06
-6.9529e-06
-8.2828e-06
-9.58e-06
-1.0839e-05
-1.2056e-05
-1.3225e-05
-1.4342e-05
-1.5402e-05
-1.6402e-05
-1.7337e-05
-1.8203e-05
-1.8997e-05
-1.9717e-05
-2.0359e-05
-2.092e-05
-2.1399e-05
-2.1793e-05
-2.2101e-05
-2.2323e-05
-2.2456e-05
-2.25e-05
-2.2456e-05
-2.2323e-05
-2.2101e-05
-2.1793e-05
-2.1399e-05
-2.092e-05
-2.0359e-05
-1.9717e-05
-1.8997e-05
-1.8203e-05
-1.7337e-05
-1.6402e-05
-1.5402e-05
-1.4342e-05
-1.3225e-05
-1.2056e-05
-1.0839e-05
-9.58e-06
-8.2828e-06
-6.9529e-06
-5.5955e-06
-4.2161e-06
-2.82e-06
-1.4128e-06
4.1908e-19
1.4128e-06
2.82e-06
4.2161e-06
5.5955e-06
6.9529e-06
8.2828e-06
9.58e-06
1.0839e-05
1.2056e-05
1.3225e-05
1.4342e-05
1.5402e-05
1.6402e-05
1.7337e-05
1.8203e-05
1.8997e-05
1.9717e-05
2.0359e-05
2.092e-05
2.1399e-05
2.1793e-05
2.2101e-05
2.2323e-05
2.2456e-05
2.25e-05
2.2456e-05
2.2323e-05
2.2101e-05
2.1793e-05
2.1399e-05
2.092e-05
2.0359e-05
1.9717e-05
1.8997e-05
1.8203e-05
1.7337e-05
1.6402e-05
1.5402e-05
1.4342e-05
1.3225e-05
1.2056e-05
1.0839e-05
9.58e-06
8.2828e-06
6.9529e-06
5.5955e-06
4.2161e-06
2.82e-06
1.4128e-06
-1.7652e-19
-1.4128e-06
-2.82e-06
-4.2161e-06
-5.5955e-06
-6.9529e-06
-8.2828e-06
-9.58e-06
-1.0839e-05
-1.2056e-05
-1.3225e-05
-1.4342e-05
-1.5402e-05
-1.6402e-05
-1.7337e-05
-1.8203e-05
-1.8997e-05
-1.9717e-05
-2.0359e-05
-2.092e-05
-2.1399e-05
-2.1793e-05
-2.2101e-05
-2.2323e-05
-2.2456e-05
-2.25e-05
-2.2456e-05
-2.2323e-05
-2.2101e-05
-2.1793e-05
-2.1399e-05
-2.092e-05
-2.0359e-05
-1.9717e-05
-1.8997e-05
-1.8203e-05
-1.7337e-05
-1.6402e-05
-1.5402e-05
-1.4342e-05
-1.3225e-05
-1.2056e-05
-1.0839e-05
-9.58e-06
-8.2828e-06
-6.9529e-06
-5.5955e-06
-4.2161e-06
-2.82e-06
-1.4128e-06
-6.6047e-20
1.4128e-06
2.82e-06
4.2161e-06
5.5955e-06
6.9529e-06
8.2828e-06
9.58e-06
1.0839e-05
1.2056e-05
1.3225e-05
1.4342e-05
1.5402e-05
1.6402e-05
1.7337e-05
1.8203e-05
1.8997e-05
1.9717e-05
2.0359e-05
2.092e-05
2.1399e-05
2.1793e-05
2.2101e-05
2.2323e-05
2.2456e-05
2.25e-05
2.2456e-05
2.2323e-05
2.2101e-05
2.1793e-05
2.1399e-05
2.092e-05
2.0359e-05
1.9717e-05
1.8997e-05
1.8203e-05
1.7337e-05
1.6402e-05
1.5402e-05
1.4342e-05
1.3225e-05
1.2056e-05
1.0839e-05
9.58e-06
8.2828e-06
6.9529e-06
5.5955e-06
4.2161e-06
2.82e-06
1.4128e-06
3.0861e-19
-1.4128e-06
-2.82e-06
-4.2161e-06
-5.5955e-06
-6.9529e-06
-8.2828e-06
-9.58e-06
-1.0839e-05
-1.2056e-05
-1.3225e-05
-1.4342e-05
-1.5402e-05
-1.6402e-05
-1.7337e-05
-1.8203e-05
-1.8997e-05
-1.9717e-05
-2.0359e-05
-2.092e-05
-2.1399e-05
-2.1793e-05
-2.2101e-05
-2.2323e-05
-2.2456e-05
-2.25e-05
-2.2456e-05
-2.2323e-05
-2.2101e-05
-2.1793e-05
-2.1399e-05
-2.092e-05
-2.0359e-05
-1.9717e-05
-1.8997e-05
-1.8203e-05
-1.7337e-05
-1.6402e-05
-1.5402e-05
-1.4342e-05
-1.3225e-05
-1.2056e-05
-1.0839e-05
-9.58e-06
-8.2828e-06
-6.9529e-06
-5.5955e-06
-4.2161e-06
-2.82e-06
-1.4128e-06
-5.5117e-19
1.4128e-06
2.82e-06
4.2161e-06
5.5955e-06
6.9529e-06
8.2828e-06
9.58e-06
1.0839e-05
1.2056e-05
1.3225e-05
1.4342e-05
1.5402e-05
1.6402e-05
1.7337e-05
1.8203e-05
1.8997e-05
1.9717e-05
2.0359e-05
2.092e-05
2.1399e-05
2.1793e-05
2.2101e-05
2.2323e-05
2.2456e-05
2.25e-05
2.2456e-05
2.2323e-05
2.2101e-05
2.1793e-05
2.1399e-05
2.092e-05
2.0359e-05
1.9717e-05
1.8997e-05
1.8203e-05
1.7337e-05
1.6402e-05
1.5402e-05
1.4342e-05
1.3225e-05
1.2056e-05
1.0839e-05
9.58e-06
8.2828e-06
6.9529e-06
5.5955e-06
4.2161e-06
2.82e-06
1.4128e-06
-4.8524e-19
-1.4128e-06
-2.82e-06
-4.2161e-06
-5.5955e-06
-6.9529e-06
-8.2828e-06
-9.58e-06
-1.0839e-05
-1.2056e-05
-1.3225e-05
-1.4342e-05
-1.5402e-05
-1.6402e-05
-1.7337e-05
-1.8203e-05
-1.8997e-05
-1.9717e-05
-2.0359e-05
-2.092e-05
-2.1399e-05
-2.1793e-05
-2.2101e-05
-2.2323e-05
-2.2456e-05
-2.25e-05
-2.2456e-05
-2.2323e-05
-2.2101e-05
-2.1793e-05
-2.1399e-05
-2.092e-05
-2.0359e-05
-1.9717e-05
-1.8997e-05
-1.8203e-05
-1.7337e-05
-1.6402e-05
-1.5402e-05
-1.4342e-05
-1.3225e-05
-1.2056e-05
-1.0839e-05
-9.58e-06
-8.2828e-06
-6.9529e-06
-5.5955e-06
-4.2161e-06
-2.82e-06
-1.4128e-06
2.4268e-19
1.4128e-06
2.82e-06
4.2161e-06
5.5955e-06
6.9529e-06
8.2828e-06
9.58e-06
1.0839e-05
1.2056e-05
1.3225e-05
1.4342e-05
1.5402e-05
1.6402e-05
1.7337e-05
1.8203e-05
1.8997e-05
1.9717e-05
2.0359e-05
2.092e-05
2.1399e-05
2.1793e-05
2.2101e-05
2.2323e-05
2.2456e-05
2.25e-05
2.2456e-05
2.2323e-05
2.2101e-05
2.1793e-05
2.1399e-05
2.092e-05
2.0359e-05
1.9717e-05
1.8997e-05
1.8203e-05
1.7337e-05
1.6402e-05
1.5402e-05
1.4342e-05
1.3225e-05
1.2056e-05
1.0839e-05
9.58e-06
8.2828e-06
6.9529e-06
5.5955e-06
4.2161e-06
2.82e-06
1.4128e-06
-1.1131e-22
-1.41e-06
-2.8115e-06
-4.1992e-06
-5.5675e-06
-6.9112e-06
-8.2248e-06
-9.5034e-06
-1.0742e-05
-1.1936e-05
-1.308e-05
-1.417e-05
-1.5202e-05
-1.6172e-05
-1.7076e-05
-1.7912e-05
-1.8674e-05
-1.9362e-05
-1.9972e-05
-2.0502e-05
-2.0949e-05
-2.1314e-05
-2.1593e-05
-2.1787e-05
-2.1894e-05
-2.1915e-05
-2.1849e-05
-2.1698e-05
-2.1461e-05
-2.1139e-05
-2.0735e-05
-2.0251e-05
-1.9687e-05
-1.9047e-05
-1.8332e-05
-1.7548e-05
-1.6695e-05
-1.5779e-05
-1.4802e-05
-1.3768e-05
-1.2683e-05
-1.155e-05
-1.0373e-05
-9.1585e-06
-7.9101e-06
-6.633e-06
-5.3325e-06
-4.0137e-06
-2.6818e-06
-1.3421e-06
-2.3009e-19
1.3393e-06
2.6705e-06
3.9884e-06
5.2878e-06
6.5635e-06
7.8107e-06
9.0244e-06
1.02e-05
1.1333e-05
1.2418e-05
1.3453e-05
1.4432e-05
1.5352e-05
1.621e-05
1.7001e-05
1.7725e-05
1.8376e-05
1.8954e-05
1.9456e-05
1.9879e-05
2.0224e-05
2.0488e-05
2.0671e-05
2.0771e-05
2.079e-05
2.0727e-05
2.0581e-05
2.0355e-05
2.005e-05
1.9665e-05
1.9205e-05
1.8669e-05
1.8061e-05
1.7383e-05
1.6637e-05
1.5828e-05
1.4958e-05
1.4032e-05
1.3051e-05
1.2022e-05
1.0947e-05
9.8314e-06
8.6795e-06
7.4959e-06
6.2854e-06
5.0528e-06
3.8029e-06
2.5408e-06
1.2715e-06
-7.1377e-19
-1.2687e-06
-2.5295e-06
-3.7776e-06
-5.008e-06
-6.2159e-06
-7.3965e-06
-8.5454e-06
-9.658e-06
-1.073e-05
-1.1757e-05
-1.2736e-05
-1.3662e-05
-1.4532e-05
-1.5343e-05
-1.6091e-05
-1.6775e-05
-1.739e-05
-1.7936e-05
-1.841e-05
-1.881e-05
-1.9134e-05
-1.9383e-05
-1.9555e-05
-1.9649e-05
-1.9665e-05
-1.9604e-05
-1.9465e-05
-1.925e-05
-1.896e-05
-1.8596e-05
-1.8159e-05
-1.7651e-05
-1.7075e-05
-1.6433e-05
-1.5727e-05
-1.4961e-05
-1.4138e-05
-1.3261e-05
-1.2334e-05
-1.136e-05
-1.0344e-05
-9.2894e-06
-8.2005e-06
-7.0818e-06
-5.9378e-06
-4.773e-06
-3.5921e-06
-2.3998e-06
-1.2009e-06
4.6814e-19
1.198e-06
2.3885e-06
3.5668e-06
4.7282e-06
5.8682e-06
6.9824e-06
8.0664e-06
9.116e-06
1.0127e-05
1.1096e-05
1.2019e-05
1.2892e-05
1.3712e-05
1.4476e-05
1.5181e-05
1.5825e-05
1.6404e-05
1.6918e-05
1.7364e-05
1.774e-05
1.8045e-05
1.8278e-05
1.8438e-05
1.8526e-05
1.854e-05
1.8481e-05
1.8349e-05
1.8145e-05
1.787e-05
1.7526e-05
1.7113e-05
1.6633e-05
1.6089e-05
1.5483e-05
1.4817e-05
1.4095e-05
1.3318e-05
1.2491e-05
1.1617e-05
1.0699e-05
9.7413e-06
8.7474e-06
7.7215e-06
6.6677e-06
5.5901e-06
4.4932e-06
3.3813e-06
2.2588e-06
1.1302e-06
7.7514e-19
-1.1274e-06
-2.2475e-06
-3.356e-06
-4.4484e-06
-5.5206e-06
-6.5683e-06
-7.5874e-06
-8.574e-06
-9.5243e-06
-1.0435e-05
-1.1302e-05
-1.2122e-05
-1.2892e-05
-1.3609e-05
-1.4271e-05
-1.4875e-05
-1.5419e-05
-1.59e-05
-1.6318e-05
-1.667e-05
-1.6955e-05
-1.7173e-05
-1.7322e-05
-1.7403e-05
-1.7415e-05
-1.7358e-05
-1.7233e-05
-1.704e-05
-1.6781e-05
-1.6456e-05
-1.6067e-05
-1.5615e-05
-1.5103e-05
-1.4533e-05
-1.3907e-05
-1.3228e-05
-1.2498e-05
-1.1721e-05
-1.09e-05
-1.0038e-05
-9.1385e-06
-8.2055e-06
-7.2425e-06
-6.2535e-06
-5.2425e-06
-4.2134e-06
-3.1705e-06
-2.1178e-06
-1.0596e-06
-9.0832e-19
1.0568e-06
2.1065e-06
3.1452e-06
4.1687e-06
5.1729e-06
6.1541e-06
7.1084e-06
8.032e-06
8.9215e-06
9.7734e-06
1.0584e-05
1.1352e-05
1.2072e-05
1.2742e-05
1.3361e-05
1.3925e-05
1.4433e-05
1.4882e-05
1.5272e-05
1.56e-05
1.5865e-05
1.6068e-05
1.6206e-05
1.628e-05
1.629e-05
1.6235e-05
1.6117e-05
1.5935e-05
1.5691e-05
1.5386e-05
1.5021e-05
1.4597e-05
1.4117e-05
1.3583e-05
1.2997e-05
1.2361e-05
1.1678e-05
1.0951e-05
1.0183e-05
9.3766e-06
8.5357e-06
7.6635e-06
6.7635e-06
5.8394e-06
4.8948e-06
3.9337e-06
2.9597e-06
1.9768e-06
9.8895e-07
1.0172e-18
-9.8613e-07
-1.9655e-06
-2.9344e-06
-3.8889e-06
-4.8253e-06
-5.74e-06
-6.6294e-06
-7.4901e-06
-8.3187e-06
-9.1121e-06
-9.8673e-06
-1.0581e-05
-1.1252e-05
-1.1876e-05
-1.2451e-05
-1.2975e-05
-1.3447e-05
-1.3864e-05
-1.4226e-05
-1.453e-05
-1.4776e-05
-1.4963e-05
-1.509e-05
-1.5158e-05
-1.5165e-05
-1.5113e-05
-1.5001e-05
-1.483e-05
-1.4601e-05
-1.4316e-05
-1.3975e-05
-1.3579e-05
-1.3131e-05
-1.2633e-05
-1.2087e-05
-1.1494e-05
-1.0858e-05
-1.0181e-05
-9.4657e-06
-8.7154e-06
-7.9329e-06
-7.1215e-06
-6.2845e-06
-5.4252e-06
-4.5472e-06
-3.6539e-06
-2.7489e-06
-1.8358e-06
-9.1831e-07
-2.7184e-19
9.1549e-07
1.8245e-06
2.7236e-06
3.6091e-06
4.4777e-06
5.3258e-06
6.1504e-06
6.9481e-06
7.7159e-06
8.4509e-06
9.1502e-06
9.8113e-06
1.0432e-05
1.1009e-05
1.1541e-05
1.2025e-05
1.2461e-05
1.2846e-05
1.318e-05
1.346e-05
1.3686e-05
1.3858e-05
1.3974e-05
1.4035e-05
1.404e-05
1.399e-05
1.3885e-05
1.3725e-05
1.3512e-05
1.3246e-05
1.2929e-05
1.2561e-05
1.2146e-05
1.1683e-05
1.1177e-05
1.0627e-05
1.0038e-05
9.4108e-06
8.7486e-06
8.0541e-06
7.3301e-06
6.5796e-06
5.8055e-06
5.0111e-06
4.1995e-06
3.3741e-06
2.5381e-06
1.6948e-06
8.4767e-07
1.1623e-18
-8.4485e-07
-1.6835e-06
-2.5128e-06
-3.3293e-06
-4.13e-06
-4.9117e-06
-5.6714e-06
-6.4061e-06
-7.1131e-06
-7.7896e-06
-8.4331e-06
-9.0412e-06
-9.6115e-06
-1.0142e-05
-1.063e-05
-1.1075e-05
-1.1475e-05
-1.1828e-05
-1.2134e-05
-1.239e-05
-1.2596e-05
-1.2753e-05
-1.2858e-05
-1.2912e-05
-1.2915e-05
-1.2867e-05
-1.2769e-05
-1.262e-05
-1.2422e-05
-1.2176e-05
-1.1883e-05
-1.1543e-05
-1.116e-05
-1.0734e-05
-1.0266e-05
-9.7605e-06
-9.2178e-06
-8.6407e-06
-8.0315e-06
-7.3929e-06
-6.7273e-06
-6.0376e-06
-5.3265e-06
-4.597e-06
-3.8519e-06
-3.0943e-06
-2.3273e-06
-1.5538e-06
-7.7703e-07
-4.9629e-19
7.7421e-07
1.5425e-06
2.302e-06
3.0496e-06
3.7824e-06
4.4976e-06
5.1924e-06
5.8641e-06
6.5103e-06
7.1284e-06
7.716e-06
8.271e-06
8.7914e-06
9.2751e-06
9.7203e-06
1.0126e-05
1.0489e-05
1.081e-05
1.1088e-05
1.132e-05
1.1507e-05
1.1647e-05
1.1742e-05
1.1789e-05
1.179e-05
1.1744e-05
1.1652e-05
1.1515e-05
1.1332e-05
1.1106e-05
1.0837e-05
1.0525e-05
1.0174e-05
9.7836e-06
9.3563e-06
8.8936e-06
8.3977e-06
7.8706e-06
7.3144e-06
6.7316e-06
6.1245e-06
5.4956e-06
4.8475e-06
4.1828e-06
3.5043e-06
2.8145e-06
2.1165e-06
1.4128e-06
7.0639e-07
5.7213e-19
-7.0357e-07
-1.4015e-06
-2.0912e-06
-2.7698e-06
-3.4347e-06
-4.0834e-06
-4.7134e-06
-5.3222e-06
-5.9075e-06
-6.4671e-06
-6.9989e-06
-7.5009e-06
-7.9713e-06
-8.4082e-06
-8.8102e-06
-9.1757e-06
-9.5035e-06
-9.7925e-06
-1.0042e-05
-1.025e-05
-1.0417e-05
-1.0542e-05
-1.0626e-05
-1.0666e-05
-1.0665e-05
-1.0621e-05
-1.0536e-05
-1.041e-05
-1.0243e-05
-1.0036e-05
-9.7905e-06
-9.5075e-06
-9.1881e-06
-8.8338e-06
-8.4461e-06
-8.0268e-06
-7.5776e-06
-7.1005e-06
-6.5973e-06
-6.0704e-06
-5.5217e-06
-4.9536e-06
-4.3685e-06
-3.7687e-06
-3.1566e-06
-2.5348e-06
-1.9057e-06
-1.2718e-06
-6.3575e-07
-6.2371e-19
6.3293e-07
1.2605e-06
1.8804e-06
2.49e-06
3.0871e-06
3.6693e-06
4.2344e-06
4.7802e-06
5.3047e-06
5.8058e-06
6.2818e-06
6.7308e-06
7.1512e-06
7.5414e-06
7.9001e-06
8.2259e-06
8.5177e-06
8.7746e-06
8.9956e-06
9.1801e-06
9.3275e-06
9.4373e-06
9.5094e-06
9.5436e-06
9.54e-06
9.4987e-06
9.4201e-06
9.3047e-06
9.1531e-06
8.9661e-06
8.7445e-06
8.4895e-06
8.2022e-06
7.8839e-06
7.536e-06
7.16e-06
6.7575e-06
6.3303e-06
5.8802e-06
5.4091e-06
4.9189e-06
4.4117e-06
3.8895e-06
3.3545e-06
2.809e-06
2.255e-06
1.6949e-06
1.1308e-06
5.6511e-07
1.4073e-19
-5.6229e-07
-1.1195e-06
-1.6696e-06
-2.2102e-06
-2.7394e-06
-3.2551e-06
-3.7554e-06
-4.2382e-06
-4.7019e-06
-5.1446e-06
-5.5647e-06
-5.9607e-06
-6.3311e-06
-6.6746e-06
-6.9899e-06
-7.276e-06
-7.5319e-06
-7.7566e-06
-7.9496e-06
-8.1101e-06
-8.2378e-06
-8.3323e-06
-8.3933e-06
-8.4209e-06
-8.415e-06
-8.3759e-06
-8.304e-06
-8.1996e-06
-8.0635e-06
-7.8961e-06
-7.6985e-06
-7.4716e-06
-7.2164e-06
-6.934e-06
-6.6258e-06
-6.2932e-06
-5.9374e-06
-5.5602e-06
-5.1631e-06
-4.7478e-06
-4.3161e-06
-3.8697e-06
-3.4105e-06
-2.9404e-06
-2.4613e-06
-1.9752e-06
-1.4841e-06
-9.8982e-07
-4.9448e-07
-6.5411e-19
4.9165e-07
9.7854e-07
1.4588e-06
1.9305e-06
2.3918e-06
2.841e-06
3.2764e-06
3.6963e-06
4.0991e-06
4.4833e-06
4.8476e-06
5.1906e-06
5.511e-06
5.8077e-06
6.0798e-06
6.3261e-06
6.546e-06
6.7387e-06
6.9036e-06
7.0402e-06
7.1481e-06
7.2272e-06
7.2772e-06
7.2981e-06
7.29e-06
7.2532e-06
7.1879e-06
7.0946e-06
6.9738e-06
6.8262e-06
6.6526e-06
6.4537e-06
6.2305e-06
5.9842e-06
5.7157e-06
5.4263e-06
5.1174e-06
4.7901e-06
4.446e-06
4.0866e-06
3.7133e-06
3.3277e-06
2.9315e-06
2.5263e-06
2.1137e-06
1.6954e-06
1.2733e-06
8.4882e-07
4.2384e-07
2.5051e-19
-4.2101e-07
-8.3754e-07
-1.248e-06
-1.6507e-06
-2.0441e-06
-2.4269e-06
-2.7974e-06
-3.1543e-06
-3.4963e-06
-3.8221e-06
-4.1305e-06
-4.4205e-06
-4.6909e-06
-4.9409e-06
-5.1696e-06
-5.3763e-06
-5.5602e-06
-5.7208e-06
-5.8576e-06
-5.9703e-06
-6.0585e-06
-6.1221e-06
-6.161e-06
-6.1753e-06
-6.165e-06
-6.1304e-06
-6.0717e-06
-5.9895e-06
-5.8841e-06
-5.7563e-06
-5.6066e-06
-5.4357e-06
-5.2447e-06
-5.0343e-06
-4.8056e-06
-4.5595e-06
-4.2973e-06
-4.02e-06
-3.7289e-06
-3.4253e-06
-3.1105e-06
-2.7857e-06
-2.4525e-06
-2.1121e-06
-1.766e-06
-1.4157e-06
-1.0625e-06
-7.0782e-07
-3.532e-07
-2.6902e-19
3.5037e-07
6.9654e-07
1.0372e-06
1.3709e-06
1.6965e-06
2.0127e-06
2.3184e-06
2.6123e-06
2.8935e-06
3.1608e-06
3.4134e-06
3.6503e-06
3.8708e-06
4.0741e-06
4.2595e-06
4.4264e-06
4.5743e-06
4.7028e-06
4.8116e-06
4.9003e-06
4.9688e-06
5.017e-06
5.0449e-06
5.0525e-06
5.04e-06
5.0076e-06
4.9556e-06
4.8844e-06
4.7945e-06
4.6863e-06
4.5606e-06
4.4178e-06
4.2589e-06
4.0844e-06
3.8954e-06
3.6927e-06
3.4772e-06
3.2499e-06
3.0118e-06
2.7641e-06
2.5077e-06
2.2438e-06
1.9735e-06
1.698e-06
1.4184e-06
1.1359e-06
8.5165e-07
5.6682e-07
2.8256e-07
2.6327e-19
-2.7973e-07
-5.5554e-07
-8.2635e-07
-1.0911e-06
-1.3489e-06
-1.5986e-06
-1.8394e-06
-2.0703e-06
-2.2907e-06
-2.4996e-06
-2.6963e-06
-2.8802e-06
-3.0507e-06
-3.2073e-06
-3.3493e-06
-3.4765e-06
-3.5885e-06
-3.6849e-06
-3.7656e-06
-3.8304e-06
-3.8792e-06
-3.912e-06
-3.9288e-06
-3.9297e-06
-3.915e-06
-3.8848e-06
-3.8395e-06
-3.7794e-06
-3.7048e-06
-3.6164e-06
-3.5146e-06
-3.3999e-06
-3.273e-06
-3.1346e-06
-2.9853e-06
-2.8259e-06
-2.6571e-06
-2.4798e-06
-2.2947e-06
-2.1028e-06
-1.9049e-06
-1.7018e-06
-1.4945e-06
-1.2838e-06
-1.0707e-06
-8.5611e-07
-6.4084e-07
-4.2582e-07
-2.1192e-07
-4.2694e-20
2.0909e-07
4.1454e-07
6.1555e-07
8.1135e-07
1.0012e-06
1.1844e-06
1.3604e-06
1.5284e-06
1.6879e-06
1.8383e-06
1.9792e-06
2.1101e-06
2.2306e-06
2.3404e-06
2.4392e-06
2.5267e-06
2.6026e-06
2.667e-06
2.7196e-06
2.7604e-06
2.7895e-06
2.8069e-06
2.8126e-06
2.807e-06
2.79e-06
2.762e-06
2.7234e-06
2.6743e-06
2.6152e-06
2.5465e-06
2.4686e-06
2.382e-06
2.2872e-06
2.1847e-06
2.0751e-06
1.959e-06
1.837e-06
1.7097e-06
1.5776e-06
1.4415e-06
1.3021e-06
1.1598e-06
1.0155e-06
8.6969e-07
7.231e-07
5.7634e-07
4.3004e-07
2.8482e-07
1.4128e-07
1.79e-19
-1.3845e-07
-2.7354e-07
-4.0474e-07
-5.3157e-07
-6.5357e-07
-7.703e-07
-8.8136e-07
-9.8639e-07
-1.085e-06
-1.177e-06
-1.2621e-06
-1.34e-06
-1.4106e-06
-1.4736e-06
-1.529e-06
-1.5768e-06
-1.6168e-06
-1.649e-06
-1.6736e-06
-1.6905e-06
-1.6999e-06
-1.7018e-06
-1.6965e-06
-1.6842e-06
-1.665e-06
-1.6393e-06
-1.6072e-06
-1.5692e-06
-1.5255e-06
-1.4765e-06
-1.4226e-06
-1.364e-06
-1.3013e-06
-1.2348e-06
-1.165e-06
-1.0922e-06
-1.0169e-06
-9.3954e-07
-8.6052e-07
-7.8028e-07
-6.9925e-07
-6.1785e-07
-5.3648e-07
-4.5555e-07
-3.7546e-07
-2.9656e-07
-2.1924e-07
-1.4382e-07
-7.0639e-08
-3.7812e-20
6.7814e-08
1.3254e-07
1.9394e-07
2.518e-07
3.0593e-07
3.5616e-07
4.0236e-07
4.4442e-07
4.8224e-07
5.1578e-07
5.45e-07
5.6989e-07
5.9046e-07
6.0678e-07
6.189e-07
6.2691e-07
6.3094e-07
6.3112e-07
6.276e-07
6.2056e-07
6.1021e-07
5.9674e-07
5.8039e-07
5.6139e-07
5.4e-07
5.1648e-07
4.911e-07
4.6413e-07
4.3586e-07
4.0658e-07
3.7656e-07
3.461e-07
3.1547e-07
2.8496e-07
2.5484e-07
2.2538e-07
1.9682e-07
1.6943e-07
1.4342e-07
1.1903e-07
9.6449e-08
7.5876e-08
5.748e-08
4.1414e-08
2.7812e-08
1.6787e-08
8.4322e-09
2.82e-09
0
0
-0
-0
-0
-0
-0
-0
-0
-0
-0
-0
-0
-0
-0
-0
-0
-0
-0
-0
-0
-0
-0
-0
-0
-0
-0
-0
-0
-0
-0
-0
-0
-0
-0
-0
-0
-0
-0
-0
-0
-0
-0
-0
-0
-0
-0
-0
-0
-0
-0
-0
0
0
0
0
0
0
0
0
0
0
0
0
0
0
0
0
0
0
0
0
0
0
0
0
0
0
0
0
0
0
0
0
0
0
0
0
0
0
0
0
0
0
0
0
0
0
0
0
0
0
-0
-0
-0
-0
-0
-0
-0
-0
-0
-0
-0
-0
-0
-0
-0
-0
-0
-0
-0
-0
-0
-0
-0
-0
-0
-0
-0
-0
-0
-0
-0
-0
-0
-0
-0
-0
-0
-0
-0
-0
-0
-0
-0
-0
-0
-0
-0
-0
-0
-0
0
0
0
0
0
0
0
0
0
0
0
0
0
0
0
0
0
0
0
0
0
0
0
0
0
0
0
0
0
0
0
0
0
0
0
0
0
0
0
0
0
0
0
0
0
0
0
0
0
0
-0
-0
-0
-0
-0
-0
-0
-0
-0
-0
-0
-0
-0
-0
-0
-0
-0
-0
-0
-0
-0
-0
-0
-0
-0
-0
-0
-0
-0
-0
-0
-0
-0
-0
-0
-0
-0
-0
-0
-0
-0
-0
-0
-0
-0
-0
-0
-0
-0
-0
0
0
0
0
0
0
0
0
0
0
0
0
0
0
0
0
0
0
0
0
0
0
0
0
0
0
0
0
0
0
0
0
0
0
0
0
0
0
0
0
0
0
0
0
0
0
0
0
0
0
-0
-0
-0
-0
-0
-0
-0
-0
-0
-0
-0
-0
-0
-0
-0
-0
-0
-0
-0
-0
-0
-0
-0
-0
-0
-0
-0
-0
-0
-0
-0
-0
-0
-0
-0
-0
-0
-0
-0
-0
-0
-0
-0
-0
-0
-0
-0
-0
-0
-0
0
0
0
0
0
0
0
0
0
0
0
0
0
0
0
0
0
0
0
0
0
0
0
0
0
0
0
0
0
0
0
0
0
0
0
0
0
0
0
0
0
0
0
0
0
0
0
0
0
0
-0
-0
-0
-0
-0
-0
-0
-0
-0
-0
-0
-0
-0
-0
-0
-0
-0
-0
-0
-0
-0
-0
-0
-0
-0
-0
-0
-0
-0
-0
-0
-0
-0
-0
-0
-0
-0
-0
-0
-0
-0
-0
-0
-0
-0
-0
-0
-0
-0
-0
0
0
0
0
0
0
0
0
0
0
0
0
0
0
0
0
0
0
0
0
0
0
0
0
0
0
0
0
0
0
0
0
0
0
0
0
0
0
0
0
0
0
0
0
0
0
0
0
0
0
-0
-0
-0
-0
-0
-0
-0
-0
-0
-0
-0
-0
-0
-0
-0
-0
-0
-0
-0
-0
-0
-0
-0
-0
-0
-0
-0
-0
-0
-0
-0
-0
-0
-0
-0
-0
-0
-0
-0
-0
-0
-0
-0
-0
-0
-0
-0
-0
-0
-0
0
0
0
0
0
0
0
0
0
0
0
0
0
0
0
0
0
0
0
0
0
0
0
0
0
0
0
0
0
0
0
0
0
0
0
0
0
0
0
0
0
0
0
0
0
0
0
0
0
0
-0
-0
-0
-0
-0
-0
-0
-0
-0
-0
-0
-0
-0
-0
-0
-0
-0
-0
-0
-0
-0
-0
-0
-0
-0
-0
-0
-0
-0
-0
-0
-0
-0
-0
-0
-0
-0
-0
-0
-0
-0
-0
-0
-0
-0
-0
-0
-0
-0
-0
0
0
0
0
0
0
0
0
0
0
0
0
0
0
0
0
0
0
0
0
0
0
0
0
0
0
0
0
0
0
0
0
0
0
0
0
0
0
0
0
0
0
0
0
0
0
0
0
0
0
-0
-0
-0
-0
-0
-0
-0
-0
-0
-0
-0
-0
-0
-0
-0
-0
-0
-0
-0
-0
-0
-0
-0
-0
-0
-0
-0
-0
-0
-0
-0
-0
-0
-0
-0
-0
-0
-0
-0
-0
-0
-0
-0
-0
-0
-0
-0
-0
-0
-0
0
0
0
0
0
0
0
0
0
0
0
0
0
0
0
0
0
0
0
0
0
0
0
0
0
0
0
0
0
0
0
0
0
0
0
0
0
0
0
0
0
0
0
0
0
0
0
0
0
0
-0
-0
-0
-0
-0
-0
-0
-0
-0
-0
-0
-0
-0
-0
-0
-0
-0
-0
-0
-0
-0
-0
-0
-0
-0
-0
-0
-0
-0
-0
-0
-0
-0
-0
-0
-0
-0
-0
-0
-0
-0
-0
-0
-0
-0
-0
-0
-0
-0
-0
0
0
0
0
0
0
0
0
0
0
0
0
0
0
0
0
0
0
0
0
0
0
0
0
0
0
0
0
0
0
0
0
0
0
0
0
0
0
0
0
0
0
0
0
0
0
0
0
0
0
-0
-0
-0
-0
-0
-0
-0
-0
-0
-0
-0
-0
-0
-0
-0
-0
-0
-0
-0
-0
-0
-0
-0
-0
-0
-0
-0
-0
-0
-0
-0
-0
-0
-0
-0
-0
-0
-0
-0
-0
-0
-0
-0
-0
-0
-0
-0
-0
-0
-0
0
0
0
0
0
0
0
0
0
0
0
0
0
0
0
0
0
0
0
0
0
0
0
0
0
0
0
0
0
0
0
0
0
0
0
0
0
0
0
0
0
0
0
0
0
0
0
0
0
0
-0
-0
-0
-0
-0
-0
-0
-0
-0
-0
-0
-0
-0
-0
-0
-0
-0
-0
-0
-0
-0
-0
-0
-0
-0
-0
-0
-0
-0
-0
-0
-0
-0
-0
-0
-0
-0
-0
-0
-0
-0
-0
-0
-0
-0
-0
-0
-0
-0
-0
0
0
0
0
0
0
0
0
0
0
0
0
0
0
0
0
0
0
0
0
0
0
0
0
0
0
0
0
0
0
0
0
0
0
0
0
0
0
0
0
0
0
0
0
0
0
0
0
0
-0
-0
-0
-0
-0
-0
-0
-0
-0
-0
-0
-0
-0
-0
-0
-0
-0
-0
-0
-0
-0
-0
-0
-0
-0
-0
-0
-0
-0
-0
-0
-0
-0
-0
-0
-0
-0
-0
-0
-0
-0
-0
-0
-0
-0
-0
-0
-0
-0
-0
-0
0
0
0
0
0
0
0
0
0
0
0
0
0
0
0
0
0
0
0
0
0
0
0
0
0
0
0
0
0
0
0
0
0
0
0
0
0
0
0
0
0
0
0
0
0
0
0
0
0
0
-0
-0
-0
-0
-0
-0
-0
-0
-0
-0
-0
-0
-0
-0
-0
-0
-0
-0
-0
-0
-0
-0
-0
-0
-0
-0
-0
-0
-0
-0
-0
-0
-0
-0
-0
-0
-0
-0
-0
-0
-0
-0
-0
-0
-0
-0
-0
-0
-0
0
0
0
0
0
0
0
0
0
0
0
0
0
0
0
0
0
0
0
0
0
0
0
0
0
0
0
0
0
0
0
0
0
0
0
0
0
0
0
0
0
0
0
0
0
0
0
0
0
0
0
-0
-0
-0
-0
-0
-0
-0
-0
-0
-0
-0
-0
-0
-0
-0
-0
-0
-0
-0
-0
-0
-0
-0
-0
-0
-0
-0
-0
-0
-0
-0
-0
-0
-0
-0
-0
-0
-0
-0
-0
-0
-0
-0
-0
-0
-0
-0
-0
-0
-0
0
0
0
0
0
0
0
0
0
0
0
0
0
0
0
0
0
0
0
0
0
0
0
0
0
0
0
0
0
0
0
0
0
0
0
0
0
0
0
0
0
0
0
0
0
0
0
0
0
0
-0
-0
-0
-0
-0
-0
-0
-0
-0
-0
-0
-0
-0
-0
-0
-0
-0
-0
-0
-0
-0
-0
-0
-0
-0
-0
-0
-0
-0
-0
-0
-0
-0
-0
-0
-0
-0
-0
-0
-0
-0
-0
-0
-0
-0
-0
-0
-0
-0
-0
0
0
0
0
0
0
0
0
0
0
0
0
0
0
0
0
0
0
0
0
0
0
0
0
0
0
0
0
0
0
0
0
0
0
0
0
0
0
0
0
0
0
0
0
0
0
0
0
0
-0
-0
-0
-0
-0
-0
-0
-0
-0
-0
-0
-0
-0
-0
-0
-0
-0
-0
-0
-0
-0
-0
-0
-0
-0
-0
-0
-0
-0
-0
-0
-0
-0
-0
-0
-0
-0
-0
-0
-0
-0
-0
-0
-0
-0
-0
-0
-0
-0
-0
-0
0
0
0
0
0
0
0
0
0
0
0
0
0
0
0
0
0
0
0
0
0
0
0
0
0
0
0
0
0
0
0
0
0
0
0
0
0
0
0
0
0
0
0
0
0
0
0
0
0
-0
-0
-0
-0
-0
-0
-0
-0
-0
-0
-0
-0
-0
-0
-0
-0
-0
-0
-0
-0
-0
-0
-0
-0
-0
-0
-0
-0
-0
-0
-0
-0
-0
-0
-0
-0
-0
-0
-0
-0
-0
-0
-0
-0
-0
-0
-0
-0
-0
-0
-0
0
0
0
0
0
0
0
0
0
0
0
0
0
0
0
0
0
0
0
0
0
0
0
0
0
0
0
0
0
0
0
0
0
0
0
0
0
0
0
0
0
0
0
0
0
0
0
0
0
0
-0
-0
-0
-0
-0
-0
-0
-0
-0
-0
-0
-0
-0
-0
-0
-0
-0
-0
-0
-0
-0
-0
-0
-0
-0
-0
-0
-0
-0
-0
-0
-0
-0
-0
-0
-0
-0
-0
-0
-0
-0
-0
-0
-0
-0
-0
-0
-0
-0
-0
0
0
0
0
0
0
0
0
0
0
0
0
0
0
0
0
0
0
0
0
0
0
0
0
0
0
0
0
0
0
0
0
0
0
0
0
0
0
0
0
0
0
0
0
0
0
0
0
0
0
-0
-0
-0
-0
-0
-0
-0
-0
-0
-0
-0
-0
-0
-0
-0
-0
-0
-0
-0
-0
-0
-0
-0
-0
-0
-0
-0
-0
-0
-0
-0
-0
-0
-0
-0
-0
-0
-0
-0
-0
-0
-0
-0
-0
-0
-0
-0
-0
-0
-0
0
0
0
0
0
0
0
0
0
0
0
0
0
0
0
0
0
0
0
0
0
0
0
0
0
0
0
0
0
0
0
0
0
0
0
0
0
0
0
0
0
0
0
0
0
0
0
0
0
0
-0
-0
-0
-0
-0
-0
-0
-0
-0
-0
-0
-0
-0
-0
-0
-0
-0
-0
-0
-0
-0
-0
-0
-0
-0
-0
-0
-0
-0
-0
-0
-0
-0
-0
-0
-0
-0
-0
-0
-0
-0
-0
-0
-0
-0
-0
-0
-0
-0
-0
0
0
0
0
0
0
0
0
0
0
0
0
0
0
0
0
0
0
0
0
0
0
0
0
0
0
0
0
0
0
0
0
0
0
0
0
0
0
0
0
0
0
0
0
0
0
0
0
0
-0
-0
-0
-0
-0
-0
-0
-0
-0
-0
-0
-0
-0
-0
-0
-0
-0
-0
-0
-0
-0
-0
-0
-0
-0
-0
-0
-0
-0
-0
-0
-0
-0
-0
-0
-0
-0
-0
-0
-0
-0
-0
-0
-0
-0
-0
-0
-0
-0
-0
-0
0
0
0
0
0
0
0
0
0
0
0
0
0
0
0
0
0
0
0
0
0
0
0
0
0
0
0
0
0
0
0
0
0
0
0
0
0
0
0
0
0
0
0
0
0
0
0
0
0
-0
-0
-0
-0
-0
-0
-0
-0
-0
-0
-0
-0
-0
-0
-0
-0
-0
-0
-0
-0
-0
-0
-0
-0
-0
-0
-0
-0
-0
-0
-0
-0
-0
-0
-0
-0
-0
-0
-0
-0
-0
-0
-0
-0
-0
-0
-0
-0
-0
-0
-0
0
0
0
0
0
0
0
0
0
0
0
0
0
0
0
0
0
0
0
0
0
0
0
0
0
0
0
0
0
0
0
0
0
0
0
0
0
0
0
0
0
0
0
0
0
0
0
0
0
0
-0
-0
-0
-0
-0
-0
-0
-0
-0
-0
-0
-0
-0
-0
-0
-0
-0
-0
-0
-0
-0
-0
-0
-0
-0
-0
-0
-0
-0
-0
-0
-0
-0
-0
-0
-0
-0
-0
-0
-0
-0
-0
-0
-0
-0
-0
-0
-0
-0
-0
0
0
0
0
0
0
0
0
0
0
0
0
0
0
0
0
0
0
0
0
0
0
0
0
0
0
0
0
0
0
0
0
0
0
0
0
0
0
0
0
0
0
0
0
0
0
0
0
0
0
-0
-0
-0
-0
-0
-0
-0
-0
-0
-0
-0
-0
-0
-0
-0
-0
-0
-0
-0
-0
-0
-0
-0
-0
-0
-0
-0
-0
-0
-0
-0
-0
-0
-0
-0
-0
-0
-0
-0
-0
-0
-0
-0
-0
-0
-0
-0
-0
-0
-0
0
0
0
0
0
0
0
0
0
0
0
0
0
0
0
0
0
0
0
0
0
0
0
0
0
0
0
0
0
0
0
0
0
0
0
0
0
0
0
0
0
0
0
0
0
0
0
0
0
0
-0
-0
-0
-0
-0
-0
-0
-0
-0
-0
-0
-0
-0
-0
-0
-0
-0
-0
-0
-0
-0
-0
-0
-0
-0
-0
-0
-0
-0
-0
-0
-0
-0
-0
-0
-0
-0
-0
-0
-0
-0
-0
-0
-0
-0
-0
-0
-0
-0
-0
0
0
0
0
0
0
0
0
0
0
0
0
0
0
0
0
0
0
0
0
0
0
0
0
0
0
0
0
0
0
0
0
0
0
0
0
0
0
0
0
0
0
0
0
0
0
0
0
0
-0
-0
-0
-0
-0
-0
-0
-0
-0
-0
-0
-0
-0
-0
-0
-0
-0
-0
-0
-0
-0
-0
-0
-0
-0
-0
-0
-0
-0
-0
-0
-0
-0
-0
-0
-0
-0
-0
-0
-0
-0
-0
-0
-0
-0
-0
-0
-0
-0
-0
-0
0
0
0
0
0
0
0
0
0
0
0
0
0
0
0
0
0
0
0
0
0
0
0
0
0
0
0
0
0
0
0
0
0
0
0
0
0
0
0
0
0
0
0
0
0
0
0
0
0
-0
-0
-0
-0
-0
-0
-0
-0
-0
-0
-0
-0
-0
-0
-0
-0
-0
-0
-0
-0
-0
-0
-0
-0
-0
-0
-0
-0
-0
-0
-0
-0
-0
-0
-0
-0
-0
-0
-0
-0
-0
-0
-0
-0
-0
-0
-0
-0
-0
-0
-0
0
0
0
0
0
0
0
0
0
0
0
0
0
0
0
0
0
0
0
0
0
0
0
0
0
0
0
0
0
0
0
0
0
0
0
0
0
0
0
0
0
0
0
0
0
0
0
0
0
0
-0
-0
-0
-0
-0
-0
-0
-0
-0
-0
-0
-0
-0
-0
-0
-0
-0
-0
-0
-0
-0
-0
-0
-0
-0
-0
-0
-0
-0
-0
-0
-0
-0
-0
-0
-0
-0
-0
-0
-0
-0
-0
-0
-0
-0
-0
-0
-0
-0
-0
0
0
0
0
0
0
0
0
0
0
0
0
0
0
0
0
0
0
0
0
0
0
0
0
0
0
0
0
0
0
0
0
0
0
0
0
0
0
0
0
0
0
0
0
0
0
0
0
0
0
-0
-0
-0
-0
-0
-0
-0
-0
-0
-0
-0
-0
-0
-0
-0
-0
-0
-0
-0
-0
-0
-0
-0
-0
-0
-0
-0
-0
-0
-0
-0
-0
-0
-0
-0
-0
-0
-0
-0
-0
-0
-0
-0
-0
-0
-0
-0
-0
-0
-0
0
0
0
0
0
0
0
0
0
0
0
0
0
0
0
0
0
0
0
0
0
0
0
0
0
0
0
0
0
0
0
0
0
0
0
0
0
0
0
0
0
0
0
0
0
0
0
0
0
0
-0
-0
-0
-0
-0
-0
-0
-0
-0
-0
-0
-0
-0
-0
-0
-0
-0
-0
-0
-0
-0
-0
-0
-0
-0
-0
-0
-0
-0
-0
-0
-0
-0
-0
-0
-0
-0
-0
-0
-0
-0
-0
-0
-0
-0
-0
-0
-0
-0
-0
0
0
0
0
0
0
0
0
0
0
0
0
0
0
0
0
0
0
0
0
0
0
0
0
0
0
0
0
0
0
0
0
0
0
0
0
0
0
0
0
0
0
0
0
0
0
0
0
0
-0
-0
-0
-0
-0
-0
-0
-0
-0
-0
-0
-0
-0
-0
-0
-0
-0
-0
-0
-0
-0
-0
-0
-0
-0
-0
-0
-0
-0
-0
-0
-0
-0
-0
-0
-0
-0
-0
-0
-0
-0
-0
-0
-0
-0
-0
-0
-0
-0
-0
-0
0
0
0
0
0
0
0
0
0
0
0
0
0
0
0
0
0
0
0
0
0
0
0
0
0
0
0
0
0
0
0
0
0
0
0
0
0
0
0
0
0
0
0
0
0
0
0
0
0
-0
-0
-0
-0
-0
-0
-0
-0
-0
-0
-0
-0
-0
-0
-0
-0
-0
-0
-0
-0
-0
-0
-0
-0
-0
-0
-0
-0
-0
-0
-0
-0
-0
-0
-0
-0
-0
-0
-0
-0
-0
-0
-0
-0
-0
-0
-0
-0
-0
-0
-0
0
0
0
0
0
0
0
0
0
0
0
0
0
0
0
0
0
0
0
0
0
0
0
0
0
0
0
0
0
0
0
0
0
0
0
0
0
0
0
0
0
0
0
0
0
0
0
0
0
-0
