-0
-0
-0
-0
-0
-0
-0
-0
-0
-0
-0
-0
-0
-0
-0
-0
-0
-0
-0
-0
-0
-0
-0
-0
-0
-0
-0
-0
-0
-0
-0
-0
-0
-0
-0
-0
-0
-0
-0
-0
-0
-0
-0
-0
-0
-0
-0
-0
-0
-0
-0
0
0
0
0
0
0
0
0
0
0
0
0
0
0
0
0
0
0
0
0
0
0
0
0
0
0
0
0
0
0
0
0
0
0
0
0
0
0
0
0
0
0
0
0
0
0
0
0
0
0
-0
-0
-0
-0
-0
-0
-0
-0
-0
-0
-0
-0
-0
-0
-0
-0
-0
-0
-0
-0
-0
-0
-0
-0
-0
-0
-0
-0
-0
-0
-0
-0
-0
-0
-0
-0
-0
-0
-0
-0
-0
-0
-0
-0
-0
-0
-0
-0
-0
-0
0
0
0
0
0
0
0
0
0
0
0
0
0
0
0
0
0
0
0
0
0
0
0
0
0
0
0
0
0
0
0
0
0
0
0
0
0
0
0
0
0
0
0
0
0
0
0
0
0
0
-0
-0
-0
-0
-0
-0
-0
-0
-0
-0
-0
-0
-0
-0
-0
-0
-0
-0
-0
-0
-0
-0
-0
-0
-0
-0
-0
-0
-0
-0
-0
-0
-0
-0
-0
-0
-0
-0
-0
-0
-0
-0
-0
-0
-0
-0
-0
-0
-0
-0
0
0
0
0
0
0
0
0
0
0
0
0
0
0
0
0
0
0
0
0
0
0
0
0
0
0
0
0
0
0
0
0
0
0
0
0
0
0
0
0
0
0
0
0
0
0
0
0
0
0
-0
-0
-0
-0
-0
-0
-0
-0
-0
-0
-0
-0
-0
-0
-0
-0
-0
-0
-0
-0
-0
-0
-0
-0
-0
-0
-0
-0
-0
-0
-0
-0
-0
-0
-0
-0
-0
-0
-0
-0
-0
-0
-0
-0
-0
-0
-0
-0
-0
0
0
0
0
0
0
0
0
0
0
0
0
0
0
0
0
0
0
0
0
0
0
0
0
0
0
0
0
0
0
0
0
0
0
0
0
0
0
0
0
0
0
0
0
0
0
0
0
0
0
0
-0
-0
-0
-0
-0
-0
-0
-0
-0
-0
-0
-0
-0
-0
-0
-0
-0
-0
-0
-0
-0
-0
-0
-0
-0
-0
-0
-0
-0
-0
-0
-0
-0
-0
-0
-0
-0
-0
-0
-0
-0
-0
-0
-0
-0
-0
-0
-0
-0
-0
0
0
0
0
0
0
0
0
0
0
0
0
0
0
0
0
0
0
0
0
0
0
0
0
0
0
0
0
0
0
0
0
0
0
0
0
0
0
0
0
0
0
0
0
0
0
0
0
0
0
-0
-0
-0
-0
-0
-0
-0
-0
-0
-0
-0
-0
-0
-0
-0
-0
-0
-0
-0
-0
-0
-0
-0
-0
-0
-0
-0
-0
-0
-0
-0
-0
-0
-0
-0
-0
-0
-0
-0
-0
-0
-0
-0
-0
-0
-0
-0
-0
-0
0
0
0
0
0
0
0
0
0
0
0
0
0
0
0
0
0
0
0
0
0
0
0
0
0
0
0
0
0
0
0
0
0
0
0
0
0
0
0
0
0
0
0
0
0
0
0
0
0
0
0
-0
-0
-0
-0
-0
-0
-0
-0
-0
-0
-0
-0
-0
-0
-0
-0
-0
-0
-0
-0
-0
-0
-0
-0
-0
-0
-0
-0
-0
-0
-0
-0
-0
-0
-0
-0
-0
-0
-0
-0
-0
-0
-0
-0
-0
-0
-0
-0
-0
0
0
0
0
0
0
0
0
0
0
0
0
0
0
0
0
0
0
0
0
0
0
0
0
0
0
0
0
0
0
0
0
0
0
0
0
0
0
0
0
0
0
0
0
0
0
0
0
0
0
-0
-0
-0
-0
-0
-0
-0
-0
-0
-0
-0
-0
-0
-0
-0
-0
-0
-0
-0
-0
-0
-0
-0
-0
-0
-0
-0
-0
-0
-0
-0
-0
-0
-0
-0
-0
-0
-0
-0
-0
-0
-0
-0
-0
-0
-0
-0
-0
-0
-0
-0
0
0
0
0
0
0
0
0
0
0
0
0
0
0
0
0
0
0
0
0
0
0
0
0
0
0
0
0
0
0
0
0
0
0
0
0
0
0
0
0
0
0
0
0
0
0
0
0
0
0
-0
-0
-0
-0
-0
-0
-0
-0
-0
-0
-0
-0
-0
-0
-0
-0
-0
-0
-0
-0
-0
-0
-0
-0
-0
-0
-0
-0
-0
-0
-0
-0
-0
-0
-0
-0
-0
-0
-0
-0
-0
-0
-0
-0
-0
-0
-0
-0
-0
-0
0
0
0
0
0
0
0
0
0
0
0
0
0
0
0
0
0
0
0
0
0
0
0
0
0
0
0
0
0
0
0
0
0
0
0
0
0
0
0
0
0
0
0
0
0
0
0
0
0
0
-0
-0
-0
-0
-0
-0
-0
-0
-0
-0
-0
-0
-0
-0
-0
-0
-0
-0
-0
-0
-0
-0
-0
-0
-0
-0
-0
-0
-0
-0
-0
-0
-0
-0
-0
-0
-0
-0
-0
-0
-0
-0
-0
-0
-0
-0
-0
-0
-0
0
0
0
0
0
0
0
0
0
0
0
0
0
0
0
0
0
0
0
0
0
0
0
0
0
0
0
0
0
0
0
0
0
0
0
0
0
0
0
0
0
0
0
0
0
0
0
0
0
0
0
-0
-0
-0
-0
-0
-0
-0
-0
-0
-0
-0
-0
-0
-0
-0
-0
-0
-0
-0
-0
-0
-0
-0
-0
-0
-0
-0
-0
-0
-0
-0
-0
-0
-0
-0
-0
-0
-0
-0
-0
-0
-0
-0
-0
-0
-0
-0
-0
-0
0
0
0
0
0
0
0
0
0
0
0
0
0
0
0
0
0
0
0
0
0
0
0
0
0
0
0
0
0
0
0
0
0
0
0
0
0
0
0
0
0
0
0
0
0
0
0
0
0
0
-0
-0
-0
-0
-0
-0
-0
-0
-0
-0
-0
-0
-0
-0
-0
-0
-0
-0
-0
-0
-0
-0
-0
-0
-0
-0
-0
-0
-0
-0
-0
-0
-0
-0
-0
-0
-0
-0
-0
-0
-0
-0
-0
-0
-0
-0
-0
-0
-0
-0
0
0
0
0
0
0
0
0
0
0
0
0
0
0
0
0
0
0
0
0
0
0
0
0
0
0
0
0
0
0
0
0
0
0
0
0
0
0
0
0
0
0
0
0
0
0
0
0
0
0
0
-0
-0
-0
-0
-0
-0
-0
-0
-0
-0
-0
-0
-0
-0
-0
-0
-0
-0
-0
-0
-0
-0
-0
-0
-0
-0
-0
-0
-0
-0
-0
-0
-0
-0
-0
-0
-0
-0
-0
-0
-0
-0
-0
-0
-0
-0
-0
-0
-0
0
0
0
0
0
0
0
0
0
0
0
0
0
0
0
0
0
0
0
0
0
0
0
0
0
0
0
0
0
0
0
0
0
0
0
0
0
0
0
0
0
0
0
0
0
0
0
0
0
0
-0
-0
-0
-0
-0
-0
-0
-0
-0
-0
-0
-0
-0
-0
-0
-0
-0
-0
-0
-0
-0
-0
-0
-0
-0
-0
-0
-0
-0
-0
-0
-0
-0
-0
-0
-0
-0
-0
-0
-0
-0
-0
-0
-0
-0
-0
-0
-0
-0
-0
0
0
0
0
0
0
0
0
0
0
0
0
0
0
0
0
0
0
0
0
0
0
0
0
0
0
0
0
0
0
0
0
0
0
0
0
0
0
0
0
0
0
0
0
0
0
0
0
0
0
-0
-0
-0
-0
-0
-0
-0
-0
-0
-0
-0
-0
-0
-0
-0
-0
-0
-0
-0
-0
-0
-0
-0
-0
-0
-0
-0
-0
-0
-0
-0
-0
-0
-0
-0
-0
-0
-0
-0
-0
-0
-0
-0
-0
-0
-0
-0
-0
-0
-0
0
0
0
0
0
0
0
0
0
0
0
0
0
0
0
0
0
0
0
0
0
0
0
0
0
0
0
0
0
0
0
0
0
0
0
0
0
0
0
0
0
0
0
0
0
0
0
0
0
0
0
-0
-0
-0
-0
-0
-0
-0
-0
-0
-0
-0
-0
-0
-0
-0
-0
-0
-0
-0
-0
-0
-0
-0
-0
-0
-0
-0
-0
-0
-0
-0
-0
-0
-0
-0
-0
-0
-0
-0
-0
-0
-0
-0
-0
-0
-0
-0
-0
-0
-0
0
0
0
0
0
0
0
0
0
0
0
0
0
0
0
0
0
0
0
0
0
0
0
0
0
0
0
0
0
0
0
0
0
0
0
0
0
0
0
0
0
0
0
0
0
0
0
0
0
0
-0
-0
-0
-0
-0
-0
-0
-0
-0
-0
-0
-0
-0
-0
-0
-0
-0
-0
-0
-0
-0
-0
-0
-0
-0
-0
-0
-0
-0
-0
-0
-0
-0
-0
-0
-0
-0
-0
-0
-0
-0
-0
-0
-0
-0
-0
-0
-0
-0
-0
0
0
0
0
0
0
0
0
0
0
0
0
0
0
0
0
0
0
0
0
0
0
0
0
0
0
0
0
0
0
0
0
0
0
0
0
0
0
0
0
0
0
0
0
0
0
0
0
0
0
-0
-0
-0
-0
-0
-0
-0
-0
-0
-0
-0
-0
-0
-0
-0
-0
-0
-0
-0
-0
-0
-0
-0
-0
-0
-0
-0
-0
-0
-0
-0
-0
-0
-0
-0
-0
-0
-0
-0
-0
-0
-0
-0
-0
-0
-0
-0
-0
-0
-0
0
0
0
0
0
0
0
0
0
0
0
0
0
0
0
0
0
0
0
0
0
0
0
0
0
0
0
0
0
0
0
0
0
0
0
0
0
0
0
0
0
0
0
0
0
0
0
0
0
0
-0
-0
-0
-0
-0
-0
-0
-0
-0
-0
-0
-0
-0
-0
-0
-0
-0
-0
-0
-0
-0
-0
-0
-0
-0
-0
-0
-0
-0
-0
-0
-0
-0
-0
-0
-0
-0
-0
-0
-0
-0
-0
-0
-0
-0
-0
-0
-0
-0
-0
0
0
0
0
0
0
0
0
0
0
0
0
0
0
0
0
0
0
0
0
0
0
0
0
0
0
0
0
0
0
0
0
0
0
0
0
0
0
0
0
0
0
0
0
0
0
0
0
0
-0
-0
-0
-0
-0
-0
-0
-0
-0
-0
-0
-0
-0
-0
-0
-0
-0
-0
-0
-0
-0
-0
-0
-0
-0
-0
-0
-0
-0
-0
-0
-0
-0
-0
-0
-0
-0
-0
-0
-0
-0
-0
-0
-0
-0
-0
-0
-0
-0
-0
-0
0
0
0
0
0
0
0
0
0
0
0
0
0
0
0
0
0
0
0
0
0
0
0
0
0
0
0
0
0
0
0
0
0
0
0
0
0
0
0
0
0
0
0
0
0
0
0
0
0
0
-4.7093e-10
-1.88e-09
-4.2161e-09
-7.4607e-09
-1.1588e-08
-1.6566e-08
-2.2353e-08
-2.8905e-08
-3.6168e-08
-4.4084e-08
-5.2587e-08
-6.1609e-08
-7.1074e-08
-8.0904e-08
-9.1014e-08
-1.0132e-07
-1.1173e-07
-1.2215e-07
-1.3249e-07
-1.4266e-07
-1.5255e-07
-1.6208e-07
-1.7114e-07
-1.7964e-07
-1.875e-07
-1.9462e-07
-2.009e-07
-2.0628e-07
-2.1067e-07
-2.1399e-07
-2.1617e-07
-2.1716e-07
-2.1689e-07
-2.153e-07
-2.1237e-07
-2.0804e-07
-2.0229e-07
-1.951e-07
-1.8645e-07
-1.7634e-07
-1.6477e-07
-1.5175e-07
-1.3731e-07
-1.2148e-07
-1.0429e-07
-8.5798e-08
-6.6052e-08
-4.512e-08
-2.3076e-08
-5.8797e-21
2.4017e-08
4.888e-08
7.4484e-08
1.0072e-07
1.2747e-07
1.5461e-07
1.8202e-07
2.0956e-07
2.371e-07
2.645e-07
2.9162e-07
3.1831e-07
3.4444e-07
3.6985e-07
3.944e-07
4.1794e-07
4.4034e-07
4.6146e-07
4.8116e-07
4.993e-07
5.1577e-07
5.3044e-07
5.4318e-07
5.539e-07
5.625e-07
5.6888e-07
5.7295e-07
5.7464e-07
5.7389e-07
5.7063e-07
5.6484e-07
5.5647e-07
5.455e-07
5.3193e-07
5.1575e-07
4.9698e-07
4.7565e-07
4.518e-07
4.2548e-07
3.9676e-07
3.657e-07
3.3241e-07
2.9698e-07
2.5953e-07
2.2017e-07
1.7906e-07
1.3632e-07
9.212e-08
4.6622e-08
-1.4714e-21
-4.7564e-08
-9.588e-08
-1.4475e-07
-1.9398e-07
-2.4335e-07
-2.9266e-07
-3.4169e-07
-3.9022e-07
-4.3804e-07
-4.8492e-07
-5.3066e-07
-5.7502e-07
-6.178e-07
-6.5879e-07
-6.9778e-07
-7.3457e-07
-7.6896e-07
-8.0077e-07
-8.2983e-07
-8.5595e-07
-8.7899e-07
-8.9879e-07
-9.1523e-07
-9.2816e-07
-9.375e-07
-9.4314e-07
-9.4499e-07
-9.43e-07
-9.371e-07
-9.2728e-07
-9.1351e-07
-8.9578e-07
-8.7412e-07
-8.4855e-07
-8.1913e-07
-7.8592e-07
-7.4902e-07
-7.0851e-07
-6.6451e-07
-6.1717e-07
-5.6664e-07
-5.1307e-07
-4.5665e-07
-3.9757e-07
-3.3606e-07
-2.7232e-07
-2.0659e-07
-1.3912e-07
-7.0168e-08
-9.921e-21
7.111e-08
1.4288e-07
2.1502e-07
2.8724e-07
3.5923e-07
4.3071e-07
5.0136e-07
5.7088e-07
6.3897e-07
7.0534e-07
7.6969e-07
8.3172e-07
8.9116e-07
9.4773e-07
1.0012e-06
1.0512e-06
1.0976e-06
1.1401e-06
1.1785e-06
1.2126e-06
1.2422e-06
1.2672e-06
1.2873e-06
1.3024e-06
1.3125e-06
1.3174e-06
1.317e-06
1.3114e-06
1.3003e-06
1.2839e-06
1.2622e-06
1.2351e-06
1.2027e-06
1.1652e-06
1.1225e-06
1.0749e-06
1.0224e-06
9.6521e-07
9.0355e-07
8.3759e-07
7.6757e-07
6.9373e-07
6.1632e-07
5.3562e-07
4.5194e-07
3.6557e-07
2.7686e-07
1.8612e-07
9.3715e-08
-1.3234e-20
-9.4657e-08
-1.8988e-07
-2.8529e-07
-3.805e-07
-4.7511e-07
-5.6875e-07
-6.6102e-07
-7.5154e-07
-8.3991e-07
-9.2576e-07
-1.0087e-06
-1.0884e-06
-1.1645e-06
-1.2367e-06
-1.3045e-06
-1.3678e-06
-1.4262e-06
-1.4794e-06
-1.5272e-06
-1.5692e-06
-1.6054e-06
-1.6355e-06
-1.6593e-06
-1.6767e-06
-1.6875e-06
-1.6917e-06
-1.6891e-06
-1.6797e-06
-1.6635e-06
-1.6406e-06
-1.6108e-06
-1.5744e-06
-1.5313e-06
-1.4818e-06
-1.4259e-06
-1.3638e-06
-1.2957e-06
-1.2219e-06
-1.1426e-06
-1.058e-06
-9.6851e-07
-8.7438e-07
-7.7598e-07
-6.7367e-07
-5.6782e-07
-4.5883e-07
-3.4712e-07
-2.3312e-07
-1.1726e-07
-3.6716e-21
1.182e-07
2.3688e-07
3.5556e-07
4.7375e-07
5.91e-07
7.068e-07
8.2069e-07
9.3219e-07
1.0408e-06
1.1462e-06
1.2478e-06
1.3451e-06
1.4379e-06
1.5256e-06
1.6079e-06
1.6844e-06
1.7548e-06
1.8187e-06
1.8758e-06
1.9259e-06
1.9686e-06
2.0039e-06
2.0314e-06
2.0509e-06
2.0625e-06
2.0659e-06
2.0611e-06
2.0481e-06
2.0268e-06
1.9972e-06
1.9595e-06
1.9137e-06
1.86e-06
1.7984e-06
1.7293e-06
1.6528e-06
1.5691e-06
1.4786e-06
1.3816e-06
1.2784e-06
1.1694e-06
1.055e-06
9.3565e-07
8.1171e-07
6.837e-07
5.5209e-07
4.1739e-07
2.8012e-07
1.4081e-07
-3.5287e-20
-1.4175e-07
-2.8388e-07
-4.2582e-07
-5.6701e-07
-7.0688e-07
-8.4485e-07
-9.8036e-07
-1.1129e-06
-1.2418e-06
-1.3666e-06
-1.4868e-06
-1.6018e-06
-1.7113e-06
-1.8146e-06
-1.9113e-06
-2.0011e-06
-2.0834e-06
-2.158e-06
-2.2245e-06
-2.2825e-06
-2.3319e-06
-2.3722e-06
-2.4034e-06
-2.4252e-06
-2.4375e-06
-2.4402e-06
-2.4332e-06
-2.4164e-06
-2.39e-06
-2.3539e-06
-2.3082e-06
-2.253e-06
-2.1886e-06
-2.115e-06
-2.0327e-06
-1.9417e-06
-1.8425e-06
-1.7353e-06
-1.6207e-06
-1.4989e-06
-1.3704e-06
-1.2357e-06
-1.0953e-06
-9.4976e-07
-7.9958e-07
-6.4535e-07
-4.8766e-07
-3.2712e-07
-1.6435e-07
1.2869e-20
1.653e-07
3.3088e-07
4.9609e-07
6.6027e-07
8.2276e-07
9.8289e-07
1.14e-06
1.2935e-06
1.4427e-06
1.587e-06
1.7258e-06
1.8585e-06
1.9846e-06
2.1035e-06
2.2147e-06
2.3177e-06
2.412e-06
2.4973e-06
2.5732e-06
2.6392e-06
2.6951e-06
2.7406e-06
2.7754e-06
2.7995e-06
2.8125e-06
2.8144e-06
2.8052e-06
2.7848e-06
2.7532e-06
2.7105e-06
2.6568e-06
2.5923e-06
2.5172e-06
2.4317e-06
2.336e-06
2.2306e-06
2.1158e-06
1.992e-06
1.8597e-06
1.7193e-06
1.5713e-06
1.4164e-06
1.255e-06
1.0878e-06
9.1546e-07
7.3861e-07
5.5793e-07
3.7412e-07
1.879e-07
1.7635e-20
-1.8884e-07
-3.7788e-07
-5.6636e-07
-7.5353e-07
-9.3864e-07
-1.1209e-06
-1.2997e-06
-1.4742e-06
-1.6436e-06
-1.8074e-06
-1.9649e-06
-2.1153e-06
-2.258e-06
-2.3924e-06
-2.5181e-06
-2.6343e-06
-2.7406e-06
-2.8366e-06
-2.9218e-06
-2.9958e-06
-3.0583e-06
-3.1089e-06
-3.1475e-06
-3.1737e-06
-3.1875e-06
-3.1887e-06
-3.1772e-06
-3.1531e-06
-3.1164e-06
-3.0672e-06
-3.0055e-06
-2.9316e-06
-2.8458e-06
-2.7483e-06
-2.6394e-06
-2.5196e-06
-2.3892e-06
-2.2487e-06
-2.0987e-06
-1.9397e-06
-1.7722e-06
-1.597e-06
-1.4147e-06
-1.2259e-06
-1.0313e-06
-8.3187e-07
-6.282e-07
-4.2112e-07
-2.1145e-07
3.9699e-20
2.1239e-07
4.2488e-07
6.3663e-07
8.4679e-07
1.0545e-06
1.259e-06
1.4594e-06
1.6548e-06
1.8446e-06
2.0279e-06
2.2039e-06
2.372e-06
2.5313e-06
2.6814e-06
2.8214e-06
2.9509e-06
3.0693e-06
3.1759e-06
3.2705e-06
3.3525e-06
3.4215e-06
3.4773e-06
3.5195e-06
3.548e-06
3.5625e-06
3.563e-06
3.5493e-06
3.5215e-06
3.4796e-06
3.4238e-06
3.3542e-06
3.2709e-06
3.1744e-06
3.0649e-06
2.9428e-06
2.8085e-06
2.6626e-06
2.5054e-06
2.3378e-06
2.1601e-06
1.9732e-06
1.7777e-06
1.5743e-06
1.3639e-06
1.1472e-06
9.2513e-07
6.9846e-07
4.6812e-07
2.3499e-07
-3.6832e-21
-2.3594e-07
-4.7188e-07
-7.069e-07
-9.4005e-07
-1.1704e-06
-1.397e-06
-1.619e-06
-1.8355e-06
-2.0455e-06
-2.2483e-06
-2.4429e-06
-2.6287e-06
-2.8047e-06
-2.9703e-06
-3.1248e-06
-3.2675e-06
-3.3979e-06
-3.5153e-06
-3.6192e-06
-3.7091e-06
-3.7847e-06
-3.8457e-06
-3.8916e-06
-3.9222e-06
-3.9375e-06
-3.9372e-06
-3.9213e-06
-3.8899e-06
-3.8429e-06
-3.7804e-06
-3.7028e-06
-3.6103e-06
-3.503e-06
-3.3815e-06
-3.2462e-06
-3.0975e-06
-2.9359e-06
-2.7621e-06
-2.5768e-06
-2.3805e-06
-2.1741e-06
-1.9583e-06
-1.734e-06
-1.5019e-06
-1.2631e-06
-1.0184e-06
-7.6873e-07
-5.1512e-07
-2.5854e-07
7.6821e-20
2.5948e-07
5.1888e-07
7.7716e-07
1.0333e-06
1.2863e-06
1.5351e-06
1.7787e-06
2.0161e-06
2.2465e-06
2.4687e-06
2.682e-06
2.8854e-06
3.0781e-06
3.2593e-06
3.4282e-06
3.5842e-06
3.7265e-06
3.8546e-06
3.9678e-06
4.0658e-06
4.148e-06
4.214e-06
4.2636e-06
4.2965e-06
4.3125e-06
4.3115e-06
4.2934e-06
4.2582e-06
4.2061e-06
4.1371e-06
4.0515e-06
3.9496e-06
3.8317e-06
3.6982e-06
3.5496e-06
3.3864e-06
3.2093e-06
3.0189e-06
2.8158e-06
2.6009e-06
2.3751e-06
2.139e-06
1.8937e-06
1.64e-06
1.379e-06
1.1116e-06
8.39e-07
5.6212e-07
2.8209e-07
-3.5292e-20
-2.8303e-07
-5.6588e-07
-8.4743e-07
-1.1266e-06
-1.4022e-06
-1.6731e-06
-1.9384e-06
-2.1968e-06
-2.4474e-06
-2.6891e-06
-2.921e-06
-3.1421e-06
-3.3514e-06
-3.5482e-06
-3.7316e-06
-3.9008e-06
-4.0551e-06
-4.1939e-06
-4.3165e-06
-4.4224e-06
-4.5112e-06
-4.5824e-06
-4.6357e-06
-4.6708e-06
-4.6875e-06
-4.6857e-06
-4.6654e-06
-4.6266e-06
-4.5693e-06
-4.4937e-06
-4.4002e-06
-4.2889e-06
-4.1603e-06
-4.0148e-06
-3.8529e-06
-3.6753e-06
-3.4826e-06
-3.2756e-06
-3.0549e-06
-2.8214e-06
-2.576e-06
-2.3196e-06
-2.0533e-06
-1.778e-06
-1.4949e-06
-1.2049e-06
-9.0927e-07
-6.0912e-07
-3.0563e-07
-1.4322e-20
3.0657e-07
6.1288e-07
9.177e-07
1.2198e-06
1.518e-06
1.8112e-06
2.098e-06
2.3775e-06
2.6483e-06
2.9095e-06
3.16e-06
3.3988e-06
3.6248e-06
3.8372e-06
4.035e-06
4.2174e-06
4.3837e-06
4.5332e-06
4.6652e-06
4.7791e-06
4.8744e-06
4.9507e-06
5.0077e-06
5.045e-06
5.0625e-06
5.06e-06
5.0375e-06
4.9949e-06
4.9325e-06
4.8504e-06
4.7488e-06
4.6282e-06
4.4889e-06
4.3314e-06
4.1563e-06
3.9643e-06
3.756e-06
3.5323e-06
3.2939e-06
3.0418e-06
2.7769e-06
2.5003e-06
2.213e-06
1.9161e-06
1.6108e-06
1.2982e-06
9.7954e-07
6.5612e-07
3.2918e-07
-7.7192e-20
-3.3012e-07
-6.5988e-07
-9.8797e-07
-1.3131e-06
-1.6339e-06
-1.9492e-06
-2.2577e-06
-2.5581e-06
-2.8493e-06
-3.13e-06
-3.3991e-06
-3.6555e-06
-3.8982e-06
-4.1261e-06
-4.3384e-06
-4.534e-06
-4.7123e-06
-4.8725e-06
-5.0138e-06
-5.1357e-06
-5.2376e-06
-5.3191e-06
-5.3797e-06
-5.4193e-06
-5.4375e-06
-5.4343e-06
-5.4095e-06
-5.3633e-06
-5.2957e-06
-5.207e-06
-5.0975e-06
-4.9675e-06
-4.8175e-06
-4.648e-06
-4.4597e-06
-4.2532e-06
-4.0294e-06
-3.789e-06
-3.5329e-06
-3.2622e-06
-2.9779e-06
-2.681e-06
-2.3727e-06
-2.0541e-06
-1.7266e-06
-1.3914e-06
-1.0498e-06
-7.0312e-07
-3.5273e-07
2.2065e-20
3.5367e-07
7.0688e-07
1.0582e-06
1.4063e-06
1.7498e-06
2.0873e-06
2.4174e-06
2.7388e-06
3.0502e-06
3.3504e-06
3.6381e-06
3.9122e-06
4.1715e-06
4.415e-06
4.6417e-06
4.8507e-06
5.041e-06
5.2118e-06
5.3625e-06
5.4924e-06
5.6008e-06
5.6874e-06
5.7518e-06
5.7935e-06
5.8125e-06
5.8085e-06
5.7815e-06
5.7316e-06
5.6589e-06
5.5637e-06
5.4462e-06
5.3068e-06
5.1461e-06
4.9646e-06
4.7631e-06
4.5422e-06
4.3027e-06
4.0457e-06
3.772e-06
3.4826e-06
3.1788e-06
2.8616e-06
2.5323e-06
2.1922e-06
1.8425e-06
1.4847e-06
1.1201e-06
7.5012e-07
3.7627e-07
-1.2938e-19
-3.7721e-07
-7.5388e-07
-1.1285e-06
-1.4996e-06
-1.8657e-06
-2.2253e-06
-2.577e-06
-2.9194e-06
-3.2511e-06
-3.5708e-06
-3.8771e-06
-4.1689e-06
-4.4449e-06
-4.704e-06
-4.9451e-06
-5.1673e-06
-5.3696e-06
-5.5511e-06
-5.7112e-06
-5.849e-06
-5.9641e-06
-6.0558e-06
-6.1238e-06
-6.1678e-06
-6.1875e-06
-6.1828e-06
-6.1536e-06
-6.1e-06
-6.0222e-06
-5.9203e-06
-5.7948e-06
-5.6461e-06
-5.4747e-06
-5.2813e-06
-5.0665e-06
-4.8311e-06
-4.5761e-06
-4.3024e-06
-4.011e-06
-3.703e-06
-3.3797e-06
-3.0423e-06
-2.692e-06
-2.3302e-06
-1.9584e-06
-1.5779e-06
-1.1903e-06
-7.9712e-07
-3.9982e-07
6.8742e-20
4.0076e-07
8.0088e-07
1.1988e-06
1.5929e-06
1.9816e-06
2.3634e-06
2.7367e-06
3.1001e-06
3.4521e-06
3.7912e-06
4.1162e-06
4.4256e-06
4.7182e-06
4.9929e-06
5.2485e-06
5.4839e-06
5.6982e-06
5.8904e-06
6.0598e-06
6.2056e-06
6.3273e-06
6.4242e-06
6.4959e-06
6.5421e-06
6.5625e-06
6.557e-06
6.5256e-06
6.4684e-06
6.3854e-06
6.277e-06
6.1435e-06
5.9854e-06
5.8033e-06
5.5979e-06
5.3699e-06
5.1201e-06
4.8495e-06
4.5591e-06
4.25e-06
3.9235e-06
3.5807e-06
3.2229e-06
2.8517e-06
2.4683e-06
2.0743e-06
1.6712e-06
1.2606e-06
8.4412e-07
4.2337e-07
-1.6712e-23
-4.2431e-07
-8.4788e-07
-1.269e-06
-1.6861e-06
-2.0975e-06
-2.5014e-06
-2.8964e-06
-3.2807e-06
-3.653e-06
-4.0116e-06
-4.3552e-06
-4.6823e-06
-4.9916e-06
-5.2819e-06
-5.5519e-06
-5.8005e-06
-6.0268e-06
-6.2297e-06
-6.4085e-06
-6.5623e-06
-6.6905e-06
-6.7925e-06
-6.8679e-06
-6.9163e-06
-6.9375e-06
-6.9313e-06
-6.8977e-06
-6.8367e-06
-6.7486e-06
-6.6336e-06
-6.4922e-06
-6.3247e-06
-6.132e-06
-5.9145e-06
-5.6732e-06
-5.409e-06
-5.1228e-06
-4.8158e-06
-4.4891e-06
-4.1439e-06
-3.7816e-06
-3.4036e-06
-3.0113e-06
-2.6063e-06
-2.1902e-06
-1.7645e-06
-1.3309e-06
-8.9112e-07
-4.4691e-07
1.2571e-19
4.4785e-07
8.9488e-07
1.3393e-06
1.7794e-06
2.2133e-06
2.6395e-06
3.056e-06
3.4614e-06
3.8539e-06
4.2321e-06
4.5942e-06
4.939e-06
5.265e-06
5.5708e-06
5.8553e-06
6.1172e-06
6.3554e-06
6.569e-06
6.7572e-06
6.9189e-06
7.0537e-06
7.1609e-06
7.24e-06
7.2906e-06
7.3125e-06
7.3056e-06
7.2697e-06
7.2051e-06
7.1118e-06
6.9903e-06
6.8408e-06
6.6641e-06
6.4606e-06
6.2311e-06
5.9766e-06
5.6979e-06
5.3962e-06
5.0725e-06
4.7281e-06
4.3643e-06
3.9825e-06
3.5842e-06
3.171e-06
2.7444e-06
2.306e-06
1.8577e-06
1.4011e-06
9.3812e-07
4.7046e-07
1.6169e-19
-4.7093e-07
-9.4e-07
-1.4054e-06
-1.8652e-06
-2.3176e-06
-2.7609e-06
-3.1933e-06
-3.6132e-06
-4.0187e-06
-4.4084e-06
-4.7807e-06
-5.1341e-06
-5.4673e-06
-5.7788e-06
-6.0676e-06
-6.3325e-06
-6.5723e-06
-6.7862e-06
-6.9733e-06
-7.1329e-06
-7.2644e-06
-7.3672e-06
-7.4409e-06
-7.4852e-06
-7.5e-06
-7.4852e-06
-7.4409e-06
-7.3672e-06
-7.2644e-06
-7.1329e-06
-6.9733e-06
-6.7862e-06
-6.5723e-06
-6.3325e-06
-6.0676e-06
-5.7788e-06
-5.4673e-06
-5.1341e-06
-4.7807e-06
-4.4084e-06
-4.0187e-06
-3.6132e-06
-3.1933e-06
-2.7609e-06
-2.3176e-06
-1.8652e-06
-1.4054e-06
-9.4e-07
-4.7093e-07
-2.9382e-20
4.7093e-07
9.4e-07
1.4054e-06
1.8652e-06
2.3176e-06
2.7609e-06
3.1933e-06
3.6132e-06
4.0187e-06
4.4084e-06
4.7807e-06
5.1341e-06
5.4673e-06
5.7788e-06
6.0676e-06
6.3325e-06
6.5723e-06
6.7862e-06
6.9733e-06
7.1329e-06
7.2644e-06
7.3672e-06
7.4409e-06
7.4852e-06
7.5e-06
7.4852e-06
7.4409e-06
7.3672e-06
7.2644e-06
7.1329e-06
6.9733e-06
6.7862e-06
6.5723e-06
6.3325e-06
6.0676e-06
5.7788e-06
5.4673e-06
5.1341e-06
4.7807e-06
4.4084e-06
4.0187e-06
3.6132e-06
3.1933e-06
2.7609e-06
2.3176e-06
1.8652e-06
1.4054e-06
9.4e-07
4.7093e-07
1.1024e-19
-4.7093e-07
-9.4e-07
-1.4054e-06
-1.8652e-06
-2.3176e-06
-2.7609e-06
-3.1933e-06
-3.6132e-06
-4.0187e-06
-4.4084e-06
-4.7807e-06
-5.1341e-06
-5.4673e-06
-5.7788e-06
-6.0676e-06
-6.3325e-06
-6.5723e-06
-6.7862e-06
-6.9733e-06
-7.1329e-06
-7.2644e-06
-7.3672e-06
-7.4409e-06
-7.4852e-06
-7.5e-06
-7.4852e-06
-7.4409e-06
-7.3672e-06
-7.2644e-06
-7.1329e-06
-6.9733e-06
-6.7862e-06
-6.5723e-06
-6.3325e-06
-6.0676e-06
-5.7788e-06
-5.4673e-06
-5.1341e-06
-4.7807e-06
-4.4084e-06
-4.0187e-06
-3.6132e-06
-3.1933e-06
-2.7609e-06
-2.3176e-06
-1.8652e-06
-1.4054e-06
-9.4e-07
-4.7093e-07
-1.9109e-19
4.7093e-07
9.4e-07
1.4054e-06
1.8652e-06
2.3176e-06
2.7609e-06
3.1933e-06
3.6132e-06
4.0187e-06
4.4084e-06
4.7807e-06
5.1341e-06
5.4673e-06
5.7788e-06
6.0676e-06
6.3325e-06
6.5723e-06
6.7862e-06
6.9733e-06
7.1329e-06
7.2644e-06
7.3672e-06
7.4409e-06
7.4852e-06
7.5e-06
7.4852e-06
7.4409e-06
7.3672e-06
7.2644e-06
7.1329e-06
6.9733e-06
6.7862e-06
6.5723e-06
6.3325e-06
6.0676e-06
5.7788e-06
5.4673e-06
5.1341e-06
4.7807e-06
4.4084e-06
4.0187e-06
3.6132e-06
3.1933e-06
2.7609e-06
2.3176e-06
1.8652e-06
1.4054e-06
9.4e-07
4.7093e-07
5.8783e-20
-4.7093e-07
-9.4e-07
-1.4054e-06
-1.8652e-06
-2.3176e-06
-2.7609e-06
-3.1933e-06
-3.6132e-06
-4.0187e-06
-4.4084e-06
-4.7807e-06
-5.1341e-06
-5.4673e-06
-5.7788e-06
-6.0676e-06
-6.3325e-06
-6.5723e-06
-6.7862e-06
-6.9733e-06
-7.1329e-06
-7.2644e-06
-7.3672e-06
-7.4409e-06
-7.4852e-06
-7.5e-06
-7.4852e-06
-7.4409e-06
-7.3672e-06
-7.2644e-06
-7.1329e-06
-6.9733e-06
-6.7862e-06
-6.5723e-06
-6.3325e-06
-6.0676e-06
-5.7788e-06
-5.4673e-06
-5.1341e-06
-4.7807e-06
-4.4084e-06
-4.0187e-06
-3.6132e-06
-3.1933e-06
-2.7609e-06
-2.3176e-06
-1.8652e-06
-1.4054e-06
-9.4e-07
-4.7093e-07
-1.3964e-19
4.7093e-07
9.4e-07
1.4054e-06
1.8652e-06
2.3176e-06
2.7609e-06
3.1933e-06
3.6132e-06
4.0187e-06
4.4084e-06
4.7807e-06
5.1341e-06
5.4673e-06
5.7788e-06
6.0676e-06
6.3325e-06
6.5723e-06
6.7862e-06
6.9733e-06
7.1329e-06
7.2644e-06
7.3672e-06
7.4409e-06
7.4852e-06
7.5e-06
7.4852e-06
7.4409e-06
7.3672e-06
7.2644e-06
7.1329e-06
6.9733e-06
6.7862e-06
6.5723e-06
6.3325e-06
6.0676e-06
5.7788e-06
5.4673e-06
5.1341e-06
4.7807e-06
4.4084e-06
4.0187e-06
3.6132e-06
3.1933e-06
2.7609e-06
2.3176e-06
1.8652e-06
1.4054e-06
9.4e-07
4.7093e-07
7.3293e-21
-4.7093e-07
-9.4e-07
-1.4054e-06
-1.8652e-06
-2.3176e-06
-2.7609e-06
-3.1933e-06
-3.6132e-06
-4.0187e-06
-4.4084e-06
-4.7807e-06
-5.1341e-06
-5.4673e-06
-5.7788e-06
-6.0676e-06
-6.3325e-06
-6.5723e-06
-6.7862e-06
-6.9733e-06
-7.1329e-06
-7.2644e-06
-7.3672e-06
-7.4409e-06
-7.4852e-06
-7.5e-06
-7.4852e-06
-7.4409e-06
-7.3672e-06
-7.2644e-06
-7.1329e-06
-6.9733e-06
-6.7862e-06
-6.5723e-06
-6.3325e-06
-6.0676e-06
-5.7788e-06
-5.4673e-06
-5.1341e-06
-4.7807e-06
-4.4084e-06
-4.0187e-06
-3.6132e-06
-3.1933e-06
-2.7609e-06
-2.3176e-06
-1.8652e-06
-1.4054e-06
-9.4e-07
-4.7093e-07
-8.8184e-20
4.7093e-07
9.4e-07
1.4054e-06
1.8652e-06
2.3176e-06
2.7609e-06
3.1933e-06
3.6132e-06
4.0187e-06
4.4084e-06
4.7807e-06
5.1341e-06
5.4673e-06
5.7788e-06
6.0676e-06
6.3325e-06
6.5723e-06
6.7862e-06
6.9733e-06
7.1329e-06
7.2644e-06
7.3672e-06
7.4409e-06
7.4852e-06
7.5e-06
7.4852e-06
7.4409e-06
7.3672e-06
7.2644e-06
7.1329e-06
6.9733e-06
6.7862e-06
6.5723e-06
6.3325e-06
6.0676e-06
5.7788e-06
5.4673e-06
5.1341e-06
4.7807e-06
4.4084e-06
4.0187e-06
3.6132e-06
3.1933e-06
2.7609e-06
2.3176e-06
1.8652e-06
1.4054e-06
9.4e-07
4.7093e-07
1.6904e-19
-4.7093e-07
-9.4e-07
-1.4054e-06
-1.8652e-06
-2.3176e-06
-2.7609e-06
-3.1933e-06
-3.6132e-06
-4.0187e-06
-4.4084e-06
-4.7807e-06
-5.1341e-06
-5.4673e-06
-5.7788e-06
-6.0676e-06
-6.3325e-06
-6.5723e-06
-6.7862e-06
-6.9733e-06
-7.1329e-06
-7.2644e-06
-7.3672e-06
-7.4409e-06
-7.4852e-06
-7.5e-06
-7.4852e-06
-7.4409e-06
-7.3672e-06
-7.2644e-06
-7.1329e-06
-6.9733e-06
-6.7862e-06
-6.5723e-06
-6.3325e-06
-6.0676e-06
-5.7788e-06
-5.4673e-06
-5.1341e-06
-4.7807e-06
-4.4084e-06
-4.0187e-06
-3.6132e-06
-3.1933e-06
-2.7609e-06
-2.3176e-06
-1.8652e-06
-1.4054e-06
-9.4e-07
-4.7093e-07
-3.673e-20
4.7093e-07
9.4e-07
1.4054e-06
1.8652e-06
2.3176e-06
2.7609e-06
3.1933e-06
3.6132e-06
4.0187e-06
4.4084e-06
4.7807e-06
5.1341e-06
5.4673e-06
5.7788e-06
6.0676e-06
6.3325e-06
6.5723e-06
6.7862e-06
6.9733e-06
7.1329e-06
7.2644e-06
7.3672e-06
7.4409e-06
7.4852e-06
7.5e-06
7.4852e-06
7.4409e-06
7.3672e-06
7.2644e-06
7.1329e-06
6.9733e-06
6.7862e-06
6.5723e-06
6.3325e-06
6.0676e-06
5.7788e-06
5.4673e-06
5.1341e-06
4.7807e-06
4.4084e-06
4.0187e-06
3.6132e-06
3.1933e-06
2.7609e-06
2.3176e-06
1.8652e-06
1.4054e-06
9.4e-07
4.7093e-07
1.1758e-19
-4.7093e-07
-9.4e-07
-1.4054e-06
-1.8652e-06
-2.3176e-06
-2.7609e-06
-3.1933e-06
-3.6132e-06
-4.0187e-06
-4.4084e-06
-4.7807e-06
-5.1341e-06
-5.4673e-06
-5.7788e-06
-6.0676e-06
-6.3325e-06
-6.5723e-06
-6.7862e-06
-6.9733e-06
-7.1329e-06
-7.2644e-06
-7.3672e-06
-7.4409e-06
-7.4852e-06
-7.5e-06
-7.4852e-06
-7.4409e-06
-7.3672e-06
-7.2644e-06
-7.1329e-06
-6.9733e-06
-6.7862e-06
-6.5723e-06
-6.3325e-06
-6.0676e-06
-5.7788e-06
-5.4673e-06
-5.1341e-06
-4.7807e-06
-4.4084e-06
-4.0187e-06
-3.6132e-06
-3.1933e-06
-2.7609e-06
-2.3176e-06
-1.8652e-06
-1.4054e-06
-9.4e-07
-4.7093e-07
1.4724e-20
4.7093e-07
9.4e-07
1.4054e-06
1.8652e-06
2.3176e-06
2.7609e-06
3.1933e-06
3.6132e-06
4.0187e-06
4.4084e-06
4.7807e-06
5.1341e-06
5.4673e-06
5.7788e-06
6.0676e-06
6.3325e-06
6.5723e-06
6.7862e-06
6.9733e-06
7.1329e-06
7.2644e-06
7.3672e-06
7.4409e-06
7.4852e-06
7.5e-06
7.4852e-06
7.4409e-06
7.3672e-06
7.2644e-06
7.1329e-06
6.9733e-06
6.7862e-06
6.5723e-06
6.3325e-06
6.0676e-06
5.7788e-06
5.4673e-06
5.1341e-06
4.7807e-06
4.4084e-06
4.0187e-06
3.6132e-06
3.1933e-06
2.7609e-06
2.3176e-06
1.8652e-06
1.4054e-06
9.4e-07
4.7093e-07
6.6131e-20
-4.7093e-07
-9.4e-07
-1.4054e-06
-1.8652e-06
-2.3176e-06
-2.7609e-06
-3.1933e-06
-3.6132e-06
-4.0187e-06
-4.4084e-06
-4.7807e-06
-5.1341e-06
-5.4673e-06
-5.7788e-06
-6.0676e-06
-6.3325e-06
-6.5723e-06
-6.7862e-06
-6.9733e-06
-7.1329e-06
-7.2644e-06
-7.3672e-06
-7.4409e-06
-7.4852e-06
-7.5e-06
-7.4852e-06
-7.4409e-06
-7.3672e-06
-7.2644e-06
-7.1329e-06
-6.9733e-06
-6.7862e-06
-6.5723e-06
-6.3325e-06
-6.0676e-06
-5.7788e-06
-5.4673e-06
-5.1341e-06
-4.7807e-06
-4.4084e-06
-4.0187e-06
-3.6132e-06
-3.1933e-06
-2.7609e-06
-2.3176e-06
-1.8652e-06
-1.4054e-06
-9.4e-07
-4.7093e-07
-1.4699e-19
4.7093e-07
9.4e-07
1.4054e-06
1.8652e-06
2.3176e-06
2.7609e-06
3.1933e-06
3.6132e-06
4.0187e-06
4.4084e-06
4.7807e-06
5.1341e-06
5.4673e-06
5.7788e-06
6.0676e-06
6.3325e-06
6.5723e-06
6.7862e-06
6.9733e-06
7.1329e-06
7.2644e-06
7.3672e-06
7.4409e-06
7.4852e-06
7.5e-06
7.4852e-06
7.4409e-06
7.3672e-06
7.2644e-06
7.1329e-06
6.9733e-06
6.7862e-06
6.5723e-06
6.3325e-06
6.0676e-06
5.7788e-06
5.4673e-06
5.1341e-06
4.7807e-06
4.4084e-06
4.0187e-06
3.6132e-06
3.1933e-06
2.7609e-06
2.3176e-06
1.8652e-06
1.4054e-06
9.4e-07
4.7093e-07
1.4677e-20
-4.7093e-07
-9.4e-07
-1.4054e-06
-1.8652e-06
-2.3176e-06
-2.7609e-06
-3.1933e-06
-3.6132e-06
-4.0187e-06
-4.4084e-06
-4.7807e-06
-5.1341e-06
-5.4673e-06
-5.7788e-06
-6.0676e-06
-6.3325e-06
-6.5723e-06
-6.7862e-06
-6.9733e-06
-7.1329e-06
-7.2644e-06
-7.3672e-06
-7.4409e-06
-7.4852e-06
-7.5e-06
-7.4852e-06
-7.4409e-06
-7.3672e-06
-7.2644e-06
-7.1329e-06
-6.9733e-06
-6.7862e-06
-6.5723e-06
-6.3325e-06
-6.0676e-06
-5.7788e-06
-5.4673e-06
-5.1341e-06
-4.7807e-06
-4.4084e-06
-4.0187e-06
-3.6132e-06
-3.1933e-06
-2.7609e-06
-2.3176e-06
-1.8652e-06
-1.4054e-06
-9.4e-07
-4.7093e-07
-9.5532e-20
4.7093e-07
9.4e-07
1.4054e-06
1.8652e-06
2.3176e-06
2.7609e-06
3.1933e-06
3.6132e-06
4.0187e-06
4.4084e-06
4.7807e-06
5.1341e-06
5.4673e-06
5.7788e-06
6.0676e-06
6.3325e-06
6.5723e-06
6.7862e-06
6.9733e-06
7.1329e-06
7.2644e-06
7.3672e-06
7.4409e-06
7.4852e-06
7.5e-06
7.4852e-06
7.4409e-06
7.3672e-06
7.2644e-06
7.1329e-06
6.9733e-06
6.7862e-06
6.5723e-06
6.3325e-06
6.0676e-06
5.7788e-06
5.4673e-06
5.1341e-06
4.7807e-06
4.4084e-06
4.0187e-06
3.6132e-06
3.1933e-06
2.7609e-06
2.3176e-06
1.8652e-06
1.4054e-06
9.4e-07
4.7093e-07
-3.6777e-20
-4.7093e-07
-9.4e-07
-1.4054e-06
-1.8652e-06
-2.3176e-06
-2.7609e-06
-3.1933e-06
-3.6132e-06
-4.0187e-06
-4.4084e-06
-4.7807e-06
-5.1341e-06
-5.4673e-06
-5.7788e-06
-6.0676e-06
-6.3325e-06
-6.5723e-06
-6.7862e-06
-6.9733e-06
-7.1329e-06
-7.2644e-06
-7.3672e-06
-7.4409e-06
-7.4852e-06
-7.5e-06
-7.4852e-06
-7.4409e-06
-7.3672e-06
-7.2644e-06
-7.1329e-06
-6.9733e-06
-6.7862e-06
-6.5723e-06
-6.3325e-06
-6.0676e-06
-5.7788e-06
-5.4673e-06
-5.1341e-06
-4.7807e-06
-4.4084e-06
-4.0187e-06
-3.6132e-06
-3.1933e-06
-2.7609e-06
-2.3176e-06
-1.8652e-06
-1.4054e-06
-9.4e-07
-4.7093e-07
-4.4078e-20
4.7093e-07
9.4e-07
1.4054e-06
1.8652e-06
2.3176e-06
2.7609e-06
3.1933e-06
3.6132e-06
4.0187e-06
4.4084e-06
4.7807e-06
5.1341e-06
5.4673e-06
5.7788e-06
6.0676e-06
6.3325e-06
6.5723e-06
6.7862e-06
6.9733e-06
7.1329e-06
7.2644e-06
7.3672e-06
7.4409e-06
7.4852e-06
7.5e-06
7.4852e-06
7.4409e-06
7.3672e-06
7.2644e-06
7.1329e-06
6.9733e-06
6.7862e-06
6.5723e-06
6.3325e-06
6.0676e-06
5.7788e-06
5.4673e-06
5.1341e-06
4.7807e-06
4.4084e-06
4.0187e-06
3.6132e-06
3.1933e-06
2.7609e-06
2.3176e-06
1.8652e-06
1.4054e-06
9.4e-07
4.7093e-07
1.2493e-19
-4.7093e-07
-9.4e-07
-1.4054e-06
-1.8652e-06
-2.3176e-06
-2.7609e-06
-3.1933e-06
-3.6132e-06
-4.0187e-06
-4.4084e-06
-4.7807e-06
-5.1341e-06
-5.4673e-06
-5.7788e-06
-6.0676e-06
-6.3325e-06
-6.5723e-06
-6.7862e-06
-6.9733e-06
-7.1329e-06
-7.2644e-06
-7.3672e-06
-7.4409e-06
-7.4852e-06
-7.5e-06
-7.4852e-06
-7.4409e-06
-7.3672e-06
-7.2644e-06
-7.1329e-06
-6.9733e-06
-6.7862e-06
-6.5723e-06
-6.3325e-06
-6.0676e-06
-5.7788e-06
-5.4673e-06
-5.1341e-06
-4.7807e-06
-4.4084e-06
-4.0187e-06
-3.6132e-06
-3.1933e-06
-2.7609e-06
-2.3176e-06
-1.8652e-06
-1.4054e-06
-9.4e-07
-4.7093e-07
7.3757e-21
4.7093e-07
9.4e-07
1.4054e-06
1.8652e-06
2.3176e-06
2.7609e-06
3.1933e-06
3.6132e-06
4.0187e-06
4.4084e-06
4.7807e-06
5.1341e-06
5.4673e-06
5.7788e-06
6.0676e-06
6.3325e-06
6.5723e-06
6.7862e-06
6.9733e-06
7.1329e-06
7.2644e-06
7.3672e-06
7.4409e-06
7.4852e-06
7.5e-06
7.4852e-06
7.4409e-06
7.3672e-06
7.2644e-06
7.1329e-06
6.9733e-06
6.7862e-06
6.5723e-06
6.3325e-06
6.0676e-06
5.7788e-06
5.4673e-06
5.1341e-06
4.7807e-06
4.4084e-06
4.0187e-06
3.6132e-06
3.1933e-06
2.7609e-06
2.3176e-06
1.8652e-06
1.4054e-06
9.4e-07
4.7093e-07
7.3479e-20
-4.7093e-07
-9.4e-07
-1.4054e-06
-1.8652e-06
-2.3176e-06
-2.7609e-06
-3.1933e-06
-3.6132e-06
-4.0187e-06
-4.4084e-06
-4.7807e-06
-5.1341e-06
-5.4673e-06
-5.7788e-06
-6.0676e-06
-6.3325e-06
-6.5723e-06
-6.7862e-06
-6.9733e-06
-7.1329e-06
-7.2644e-06
-7.3672e-06
-7.4409e-06
-7.4852e-06
-7.5e-06
-7.4852e-06
-7.4409e-06
-7.3672e-06
-7.2644e-06
-7.1329e-06
-6.9733e-06
-6.7862e-06
-6.5723e-06
-6.3325e-06
-6.0676e-06
-5.7788e-06
-5.4673e-06
-5.1341e-06
-4.7807e-06
-4.4084e-06
-4.0187e-06
-3.6132e-06
-3.1933e-06
-2.7609e-06
-2.3176e-06
-1.8652e-06
-1.4054e-06
-9.4e-07
-4.7093e-07
-1.5433e-19
4.7093e-07
9.4e-07
1.4054e-06
1.8652e-06
2.3176e-06
2.7609e-06
3.1933e-06
3.6132e-06
4.0187e-06
4.4084e-06
4.7807e-06
5.1341e-06
5.4673e-06
5.7788e-06
6.0676e-06
6.3325e-06
6.5723e-06
6.7862e-06
6.9733e-06
7.1329e-06
7.2644e-06
7.3672e-06
7.4409e-06
7.4852e-06
7.5e-06
7.4852e-06
7.4409e-06
7.3672e-06
7.2644e-06
7.1329e-06
6.9733e-06
6.7862e-06
6.5723e-06
6.3325e-06
6.0676e-06
5.7788e-06
5.4673e-06
5.1341e-06
4.7807e-06
4.4084e-06
4.0187e-06
3.6132e-06
3.1933e-06
2.7609e-06
2.3176e-06
1.8652e-06
1.4054e-06
9.4e-07
4.7093e-07
2.3519e-19
-4.7093e-07
-9.4e-07
-1.4054e-06
-1.8652e-06
-2.3176e-06
-2.7609e-06
-3.1933e-06
-3.6132e-06
-4.0187e-06
-4.4084e-06
-4.7807e-06
-5.1341e-06
-5.4673e-06
-5.7788e-06
-6.0676e-06
-6.3325e-06
-6.5723e-06
-6.7862e-06
-6.9733e-06
-7.1329e-06
-7.2644e-06
-7.3672e-06
-7.4409e-06
-7.4852e-06
-7.5e-06
-7.4852e-06
-7.4409e-06
-7.3672e-06
-7.2644e-06
-7.1329e-06
-6.9733e-06
-6.7862e-06
-6.5723e-06
-6.3325e-06
-6.0676e-06
-5.7788e-06
-5.4673e-06
-5.1341e-06
-4.7807e-06
-4.4084e-06
-4.0187e-06
-3.6132e-06
-3.1933e-06
-2.7609e-06
-2.3176e-06
-1.8652e-06
-1.4054e-06
-9.4e-07
-4.7093e-07
1.1028e-19
4.7093e-07
9.4e-07
1.4054e-06
1.8652e-06
2.3176e-06
2.7609e-06
3.1933e-06
3.6132e-06
4.0187e-06
4.4084e-06
4.7807e-06
5.1341e-06
5.4673e-06
5.7788e-06
6.0676e-06
6.3325e-06
6.5723e-06
6.7862e-06
6.9733e-06
7.1329e-06
7.2644e-06
7.3672e-06
7.4409e-06
7.4852e-06
7.5e-06
7.4852e-06
7.4409e-06
7.3672e-06
7.2644e-06
7.1329e-06
6.9733e-06
6.7862e-06
6.5723e-06
6.3325e-06
6.0676e-06
5.7788e-06
5.4673e-06
5.1341e-06
4.7807e-06
4.4084e-06
4.0187e-06
3.6132e-06
3.1933e-06
2.7609e-06
2.3176e-06
1.8652e-06
1.4054e-06
9.4e-07
4.7093e-07
-2.9429e-20
-4.7093e-07
-9.4e-07
-1.4054e-06
-1.8652e-06
-2.3176e-06
-2.7609e-06
-3.1933e-06
-3.6132e-06
-4.0187e-06
-4.4084e-06
-4.7807e-06
-5.1341e-06
-5.4673e-06
-5.7788e-06
-6.0676e-06
-6.3325e-06
-6.5723e-06
-6.7862e-06
-6.9733e-06
-7.1329e-06
-7.2644e-06
-7.3672e-06
-7.4409e-06
-7.4852e-06
-7.5e-06
-7.4852e-06
-7.4409e-06
-7.3672e-06
-7.2644e-06
-7.1329e-06
-6.9733e-06
-6.7862e-06
-6.5723e-06
-6.3325e-06
-6.0676e-06
-5.7788e-06
-5.4673e-06
-5.1341e-06
-4.7807e-06
-4.4084e-06
-4.0187e-06
-3.6132e-06
-3.1933e-06
-2.7609e-06
-2.3176e-06
-1.8652e-06
-1.4054e-06
-9.4e-07
-4.7093e-07
-5.1426e-20
4.7093e-07
9.4e-07
1.4054e-06
1.8652e-06
2.3176e-06
2.7609e-06
3.1933e-06
3.6132e-06
4.0187e-06
4.4084e-06
4.7807e-06
5.1341e-06
5.4673e-06
5.7788e-06
6.0676e-06
6.3325e-06
6.5723e-06
6.7862e-06
6.9733e-06
7.1329e-06
7.2644e-06
7.3672e-06
7.4409e-06
7.4852e-06
7.5e-06
7.4852e-06
7.4409e-06
7.3672e-06
7.2644e-06
7.1329e-06
6.9733e-06
6.7862e-06
6.5723e-06
6.3325e-06
6.0676e-06
5.7788e-06
5.4673e-06
5.1341e-06
4.7807e-06
4.4084e-06
4.0187e-06
3.6132e-06
3.1933e-06
2.7609e-06
2.3176e-06
1.8652e-06
1.4054e-06
9.4e-07
4.7093e-07
1.3228e-19
-4.7093e-07
-9.4e-07
-1.4054e-06
-1.8652e-06
-2.3176e-06
-2.7609e-06
-3.1933e-06
-3.6132e-06
-4.0187e-06
-4.4084e-06
-4.7807e-06
-5.1341e-06
-5.4673e-06
-5.7788e-06
-6.0676e-06
-6.3325e-06
-6.5723e-06
-6.7862e-06
-6.9733e-06
-7.1329e-06
-7.2644e-06
-7.3672e-06
-7.4409e-06
-7.4852e-06
-7.5e-06
-7.4852e-06
-7.4409e-06
-7.3672e-06
-7.2644e-06
-7.1329e-06
-6.9733e-06
-6.7862e-06
-6.5723e-06
-6.3325e-06
-6.0676e-06
-5.7788e-06
-5.4673e-06
-5.1341e-06
-4.7807e-06
-4.4084e-06
-4.0187e-06
-3.6132e-06
-3.1933e-06
-2.7609e-06
-2.3176e-06
-1.8652e-06
-1.4054e-06
-9.4e-07
-4.7093e-07
2.1319e-19
4.7093e-07
9.4e-07
1.4054e-06
1.8652e-06
2.3176e-06
2.7609e-06
3.1933e-06
3.6132e-06
4.0187e-06
4.4084e-06
4.7807e-06
5.1341e-06
5.4673e-06
5.7788e-06
6.0676e-06
6.3325e-06
6.5723e-06
6.7862e-06
6.9733e-06
7.1329e-06
7.2644e-06
7.3672e-06
7.4409e-06
7.4852e-06
7.5e-06
7.4852e-06
7.4409e-06
7.3672e-06
7.2644e-06
7.1329e-06
6.9733e-06
6.7862e-06
6.5723e-06
6.3325e-06
6.0676e-06
5.7788e-06
5.4673e-06
5.1341e-06
4.7807e-06
4.4084e-06
4.0187e-06
3.6132e-06
3.1933e-06
2.7609e-06
2.3176e-06
1.8652e-06
1.4054e-06
9.4e-07
4.7093e-07
-1.3234e-19
-4.7093e-07
-9.4e-07
-1.4054e-06
-1.8652e-06
-2.3176e-06
-2.7609e-06
-3.1933e-06
-3.6132e-06
-4.0187e-06
-4.4084e-06
-4.7807e-06
-5.1341e-06
-5.4673e-06
-5.7788e-06
-6.0676e-06
-6.3325e-06
-6.5723e-06
-6.7862e-06
-6.9733e-06
-7.1329e-06
-7.2644e-06
-7.3672e-06
-7.4409e-06
-7.4852e-06
-7.5e-06
-7.4852e-06
-7.4409e-06
-7.3672e-06
-7.2644e-06
-7.1329e-06
-6.9733e-06
-6.7862e-06
-6.5723e-06
-6.3325e-06
-6.0676e-06
-5.7788e-06
-5.4673e-06
-5.1341e-06
-4.7807e-06
-4.4084e-06
-4.0187e-06
-3.6132e-06
-3.1933e-06
-2.7609e-06
-2.3176e-06
-1.8652e-06
-1.4054e-06
-9.4e-07
-4.7093e-07
5.1482e-20
4.7093e-07
9.4e-07
1.4054e-06
1.8652e-06
2.3176e-06
2.7609e-06
3.1933e-06
3.6132e-06
4.0187e-06
4.4084e-06
4.7807e-06
5.1341e-06
5.4673e-06
5.7788e-06
6.0676e-06
6.3325e-06
6.5723e-06
6.7862e-06
6.9733e-06
7.1329e-06
7.2644e-06
7.3672e-06
7.4409e-06
7.4852e-06
7.5e-06
7.4852e-06
7.4409e-06
7.3672e-06
7.2644e-06
7.1329e-06
6.9733e-06
6.7862e-06
6.5723e-06
6.3325e-06
6.0676e-06
5.7788e-06
5.4673e-06
5.1341e-06
4.7807e-06
4.4084e-06
4.0187e-06
3.6132e-06
3.1933e-06
2.7609e-06
2.3176e-06
1.8652e-06
1.4054e-06
9.4e-07
4.7093e-07
2.9373e-20
-4.7093e-07
-9.4e-07
-1.4054e-06
-1.8652e-06
-2.3176e-06
-2.7609e-06
-3.1933e-06
-3.6132e-06
-4.0187e-06
-4.4084e-06
-4.7807e-06
-5.1341e-06
-5.4673e-06
-5.7788e-06
-6.0676e-06
-6.3325e-06
-6.5723e-06
-6.7862e-06
-6.9733e-06
-7.1329e-06
-7.2644e-06
-7.3672e-06
-7.4409e-06
-7.4852e-06
-7.5e-06
-7.4852e-06
-7.4409e-06
-7.3672e-06
-7.2644e-06
-7.1329e-06
-6.9733e-06
-6.7862e-06
-6.5723e-06
-6.3325e-06
-6.0676e-06
-5.7788e-06
-5.4673e-06
-5.1341e-06
-4.7807e-06
-4.4084e-06
-4.0187e-06
-3.6132e-06
-3.1933e-06
-2.7609e-06
-2.3176e-06
-1.8652e-06
-1.4054e-06
-9.4e-07
-4.7093e-07
-1.1023e-19
4.7093e-07
9.4e-07
1.4054e-06
1.8652e-06
2.3176e-06
2.7609e-06
3.1933e-06
3.6132e-06
4.0187e-06
4.4084e-06
4.7807e-06
5.1341e-06
5.4673e-06
5.7788e-06
6.0676e-06
6.3325e-06
6.5723e-06
6.7862e-06
6.9733e-06
7.1329e-06
7.2644e-06
7.3672e-06
7.4409e-06
7.4852e-06
7.5e-06
7.4852e-06
7.4409e-06
7.3672e-06
7.2644e-06
7.1329e-06
6.9733e-06
6.7862e-06
6.5723e-06
6.3325e-06
6.0676e-06
5.7788e-06
5.4673e-06
5.1341e-06
4.7807e-06
4.4084e-06
4.0187e-06
3.6132e-06
3.1933e-06
2.7609e-06
2.3176e-06
1.8652e-06
1.4054e-06
9.4e-07
4.7093e-07
-2.3524e-19
-4.7093e-07
-9.4e-07
-1.4054e-06
-1.8652e-06
-2.3176e-06
-2.7609e-06
-3.1933e-06
-3.6132e-06
-4.0187e-06
-4.4084e-06
-4.7807e-06
-5.1341e-06
-5.4673e-06
-5.7788e-06
-6.0676e-06
-6.3325e-06
-6.5723e-06
-6.7862e-06
-6.9733e-06
-7.1329e-06
-7.2644e-06
-7.3672e-06
-7.4409e-06
-7.4852e-06
-7.5e-06
-7.4852e-06
-7.4409e-06
-7.3672e-06
-7.2644e-06
-7.1329e-06
-6.9733e-06
-6.7862e-06
-6.5723e-06
-6.3325e-06
-6.0676e-06
-5.7788e-06
-5.4673e-06
-5.1341e-06
-4.7807e-06
-4.4084e-06
-4.0187e-06
-3.6132e-06
-3.1933e-06
-2.7609e-06
-2.3176e-06
-1.8652e-06
-1.4054e-06
-9.4e-07
-4.7093e-07
1.5439e-19
4.7093e-07
9.4e-07
1.4054e-06
1.8652e-06
2.3176e-06
2.7609e-06
3.1933e-06
3.6132e-06
4.0187e-06
4.4084e-06
4.7807e-06
5.1341e-06
5.4673e-06
5.7788e-06
6.0676e-06
6.3325e-06
6.5723e-06
6.7862e-06
6.9733e-06
7.1329e-06
7.2644e-06
7.3672e-06
7.4409e-06
7.4852e-06
7.5e-06
7.4852e-06
7.4409e-06
7.3672e-06
7.2644e-06
7.1329e-06
6.9733e-06
6.7862e-06
6.5723e-06
6.3325e-06
6.0676e-06
5.7788e-06
5.4673e-06
5.1341e-06
4.7807e-06
4.4084e-06
4.0187e-06
3.6132e-06
3.1933e-06
2.7609e-06
2.3176e-06
1.8652e-06
1.4054e-06
9.4e-07
4.7093e-07
-7.3535e-20
-4.7093e-07
-9.4e-07
-1.4054e-06
-1.8652e-06
-2.3176e-06
-2.7609e-06
-3.1933e-06
-3.6132e-06
-4.0187e-06
-4.4084e-06
-4.7807e-06
-5.1341e-06
-5.4673e-06
-5.7788e-06
-6.0676e-06
-6.3325e-06
-6.5723e-06
-6.7862e-06
-6.9733e-06
-7.1329e-06
-7.2644e-06
-7.3672e-06
-7.4409e-06
-7.4852e-06
-7.5e-06
-7.4852e-06
-7.4409e-06
-7.3672e-06
-7.2644e-06
-7.1329e-06
-6.9733e-06
-6.7862e-06
-6.5723e-06
-6.3325e-06
-6.0676e-06
-5.7788e-06
-5.4673e-06
-5.1341e-06
-4.7807e-06
-4.4084e-06
-4.0187e-06
-3.6132e-06
-3.1933e-06
-2.7609e-06
-2.3176e-06
-1.8652e-06
-1.4054e-06
-9.4e-07
-4.7093e-07
-7.32e-21
4.7093e-07
9.4e-07
1.4054e-06
1.8652e-06
2.3176e-06
2.7609e-06
3.1933e-06
3.6132e-06
4.0187e-06
4.4084e-06
4.7807e-06
5.1341e-06
5.4673e-06
5.7788e-06
6.0676e-06
6.3325e-06
6.5723e-06
6.7862e-06
6.9733e-06
7.1329e-06
7.2644e-06
7.3672e-06
7.4409e-06
7.4852e-06
7.5e-06
7.4852e-06
7.4409e-06
7.3672e-06
7.2644e-06
7.1329e-06
6.9733e-06
6.7862e-06
6.5723e-06
6.3325e-06
6.0676e-06
5.7788e-06
5.4673e-06
5.1341e-06
4.7807e-06
4.4084e-06
4.0187e-06
3.6132e-06
3.1933e-06
2.7609e-06
2.3176e-06
1.8652e-06
1.4054e-06
9.4e-07
4.7093e-07
8.8175e-20
-4.7093e-07
-9.4e-07
-1.4054e-06
-1.8652e-06
-2.3176e-06
-2.7609e-06
-3.1933e-06
-3.6132e-06
-4.0187e-06
-4.4084e-06
-4.7807e-06
-5.1341e-06
-5.4673e-06
-5.7788e-06
-6.0676e-06
-6.3325e-06
-6.5723e-06
-6.7862e-06
-6.9733e-06
-7.1329e-06
-7.2644e-06
-7.3672e-06
-7.4409e-06
-7.4852e-06
-7.5e-06
-7.4852e-06
-7.4409e-06
-7.3672e-06
-7.2644e-06
-7.1329e-06
-6.9733e-06
-6.7862e-06
-6.5723e-06
-6.3325e-06
-6.0676e-06
-5.7788e-06
-5.4673e-06
-5.1341e-06
-4.7807e-06
-4.4084e-06
-4.0187e-06
-3.6132e-06
-3.1933e-06
-2.7609e-06
-2.3176e-06
-1.8652e-06
-1.4054e-06
-9.4e-07
-4.7093e-07
2.573e-19
4.7093e-07
9.4e-07
1.4054e-06
1.8652e-06
2.3176e-06
2.7609e-06
3.1933e-06
3.6132e-06
4.0187e-06
4.4084e-06
4.7807e-06
5.1341e-06
5.4673e-06
5.7788e-06
6.0676e-06
6.3325e-06
6.5723e-06
6.7862e-06
6.9733e-06
7.1329e-06
7.2644e-06
7.3672e-06
7.4409e-06
7.4852e-06
7.5e-06
7.4852e-06
7.4409e-06
7.3672e-06
7.2644e-06
7.1329e-06
6.9733e-06
6.7862e-06
6.5723e-06
6.3325e-06
6.0676e-06
5.7788e-06
5.4673e-06
5.1341e-06
4.7807e-06
4.4084e-06
4.0187e-06
3.6132e-06
3.1933e-06
2.7609e-06
2.3176e-06
1.8652e-06
1.4054e-06
9.4e-07
4.7093e-07
-1.7644e-19
-4.7093e-07
-9.4e-07
-1.4054e-06
-1.8652e-06
-2.3176e-06
-2.7609e-06
-3.1933e-06
-3.6132e-06
-4.0187e-06
-4.4084e-06
-4.7807e-06
-5.1341e-06
-5.4673e-06
-5.7788e-06
-6.0676e-06
-6.3325e-06
-6.5723e-06
-6.7862e-06
-6.9733e-06
-7.1329e-06
-7.2644e-06
-7.3672e-06
-7.4409e-06
-7.4852e-06
-7.5e-06
-7.4852e-06
-7.4409e-06
-7.3672e-06
-7.2644e-06
-7.1329e-06
-6.9733e-06
-6.7862e-06
-6.5723e-06
-6.3325e-06
-6.0676e-06
-5.7788e-06
-5.4673e-06
-5.1341e-06
-4.7807e-06
-4.4084e-06
-4.0187e-06
-3.6132e-06
-3.1933e-06
-2.7609e-06
-2.3176e-06
-1.8652e-06
-1.4054e-06
-9.4e-07
-4.7093e-07
9.5587e-20
4.7093e-07
9.4e-07
1.4054e-06
1.8652e-06
2.3176e-06
2.7609e-06
3.1933e-06
3.6132e-06
4.0187e-06
4.4084e-06
4.7807e-06
5.1341e-06
5.4673e-06
5.7788e-06
6.0676e-06
6.3325e-06
6.5723e-06
6.7862e-06
6.9733e-06
7.1329e-06
7.2644e-06
7.3672e-06
7.4409e-06
7.4852e-06
7.5e-06
7.4852e-06
7.4409e-06
7.3672e-06
7.2644e-06
7.1329e-06
6.9733e-06
6.7862e-06
6.5723e-06
6.3325e-06
6.0676e-06
5.7788e-06
5.4673e-06
5.1341e-06
4.7807e-06
4.4084e-06
4.0187e-06
3.6132e-06
3.1933e-06
2.7609e-06
2.3176e-06
1.8652e-06
1.4054e-06
9.4e-07
4.7093e-07
-1.4733e-20
-4.7093e-07
-9.4e-07
-1.4054e-06
-1.8652e-06
-2.3176e-06
-2.7609e-06
-3.1933e-06
-3.6132e-06
-4.0187e-06
-4.4084e-06
-4.7807e-06
-5.1341e-06
-5.4673e-06
-5.7788e-06
-6.0676e-06
-6.3325e-06
-6.5723e-06
-6.7862e-06
-6.9733e-06
-7.1329e-06
-7.2644e-06
-7.3672e-06
-7.4409e-06
-7.4852e-06
-7.5e-06
-7.4852e-06
-7.4409e-06
-7.3672e-06
-7.2644e-06
-7.1329e-06
-6.9733e-06
-6.7862e-06
-6.5723e-06
-6.3325e-06
-6.0676e-06
-5.7788e-06
-5.4673e-06
-5.1341e-06
-4.7807e-06
-4.4084e-06
-4.0187e-06
-3.6132e-06
-3.1933e-06
-2.7609e-06
-2.3176e-06
-1.8652e-06
-1.4054e-06
-9.4e-07
-4.7093e-07
-6.6122e-20
4.7093e-07
9.4e-07
1.4054e-06
1.8652e-06
2.3176e-06
2.7609e-06
3.1933e-06
3.6132e-06
4.0187e-06
4.4084e-06
4.7807e-06
5.1341e-06
5.4673e-06
5.7788e-06
6.0676e-06
6.3325e-06
6.5723e-06
6.7862e-06
6.9733e-06
7.1329e-06
7.2644e-06
7.3672e-06
7.4409e-06
7.4852e-06
7.5e-06
7.4852e-06
7.4409e-06
7.3672e-06
7.2644e-06
7.1329e-06
6.9733e-06
6.7862e-06
6.5723e-06
6.3325e-06
6.0676e-06
5.7788e-06
5.4673e-06
5.1341e-06
4.7807e-06
4.4084e-06
4.0187e-06
3.6132e-06
3.1933e-06
2.7609e-06
2.3176e-06
1.8652e-06
1.4054e-06
9.4e-07
4.7093e-07
1.4698e-19
-4.7093e-07
-9.4e-07
-1.4054e-06
-1.8652e-06
-2.3176e-06
-2.7609e-06
-3.1933e-06
-3.6132e-06
-4.0187e-06
-4.4084e-06
-4.7807e-06
-5.1341e-06
-5.4673e-06
-5.7788e-06
-6.0676e-06
-6.3325e-06
-6.5723e-06
-6.7862e-06
-6.9733e-06
-7.1329e-06
-7.2644e-06
-7.3672e-06
-7.4409e-06
-7.4852e-06
-7.5e-06
-7.4852e-06
-7.4409e-06
-7.3672e-06
-7.2644e-06
-7.1329e-06
-6.9733e-06
-6.7862e-06
-6.5723e-06
-6.3325e-06
-6.0676e-06
-5.7788e-06
-5.4673e-06
-5.1341e-06
-4.7807e-06
-4.4084e-06
-4.0187e-06
-3.6132e-06
-3.1933e-06
-2.7609e-06
-2.3176e-06
-1.8652e-06
-1.4054e-06
-9.4e-07
-4.7093e-07
-2.2783e-19
4.7093e-07
9.4e-07
1.4054e-06
1.8652e-06
2.3176e-06
2.7609e-06
3.1933e-06
3.6132e-06
4.0187e-06
4.4084e-06
4.7807e-06
5.1341e-06
5.4673e-06
5.7788e-06
6.0676e-06
6.3325e-06
6.5723e-06
6.7862e-06
6.9733e-06
7.1329e-06
7.2644e-06
7.3672e-06
7.4409e-06
7.4852e-06
7.5e-06
7.4852e-06
7.4409e-06
7.3672e-06
7.2644e-06
7.1329e-06
6.9733e-06
6.7862e-06
6.5723e-06
6.3325e-06
6.0676e-06
5.7788e-06
5.4673e-06
5.1341e-06
4.7807e-06
4.4084e-06
4.0187e-06
3.6132e-06
3.1933e-06
2.7609e-06
2.3176e-06
1.8652e-06
1.4054e-06
9.4e-07
4.7093e-07
-1.1764e-19
-4.7093e-07
-9.4e-07
-1.4054e-06
-1.8652e-06
-2.3176e-06
-2.7609e-06
-3.1933e-06
-3.6132e-06
-4.0187e-06
-4.4084e-06
-4.7807e-06
-5.1341e-06
-5.4673e-06
-5.7788e-06
-6.0676e-06
-6.3325e-06
-6.5723e-06
-6.7862e-06
-6.9733e-06
-7.1329e-06
-7.2644e-06
-7.3672e-06
-7.4409e-06
-7.4852e-06
-7.5e-06
-7.4852e-06
-7.4409e-06
-7.3672e-06
-7.2644e-06
-7.1329e-06
-6.9733e-06
-6.7862e-06
-6.5723e-06
-6.3325e-06
-6.0676e-06
-5.7788e-06
-5.4673e-06
-5.1341e-06
-4.7807e-06
-4.4084e-06
-4.0187e-06
-3.6132e-06
-3.1933e-06
-2.7609e-06
-2.3176e-06
-1.8652e-06
-1.4054e-06
-9.4e-07
-4.7093e-07
3.6786e-20
4.7093e-07
9.4e-07
1.4054e-06
1.8652e-06
2.3176e-06
2.7609e-06
3.1933e-06
3.6132e-06
4.0187e-06
4.4084e-06
4.7807e-06
5.1341e-06
5.4673e-06
5.7788e-06
6.0676e-06
6.3325e-06
6.5723e-06
6.7862e-06
6.9733e-06
7.1329e-06
7.2644e-06
7.3672e-06
7.4409e-06
7.4852e-06
7.5e-06
7.4852e-06
7.4409e-06
7.3672e-06
7.2644e-06
7.1329e-06
6.9733e-06
6.7862e-06
6.5723e-06
6.3325e-06
6.0676e-06
5.7788e-06
5.4673e-06
5.1341e-06
4.7807e-06
4.4084e-06
4.0187e-06
3.6132e-06
3.1933e-06
2.7609e-06
2.3176e-06
1.8652e-06
1.4054e-06
9.4e-07
4.7093e-07
4.4069e-20
-4.7093e-07
-9.4e-07
-1.4054e-06
-1.8652e-06
-2.3176e-06
-2.7609e-06
-3.1933e-06
-3.6132e-06
-4.0187e-06
-4.4084e-06
-4.7807e-06
-5.1341e-06
-5.4673e-06
-5.7788e-06
-6.0676e-06
-6.3325e-06
-6.5723e-06
-6.7862e-06
-6.9733e-06
-7.1329e-06
-7.2644e-06
-7.3672e-06
-7.4409e-06
-7.4852e-06
-7.5e-06
-7.4852e-06
-7.4409e-06
-7.3672e-06
-7.2644e-06
-7.1329e-06
-6.9733e-06
-6.7862e-06
-6.5723e-06
-6.3325e-06
-6.0676e-06
-5.7788e-06
-5.4673e-06
-5.1341e-06
-4.7807e-06
-4.4084e-06
-4.0187e-06
-3.6132e-06
-3.1933e-06
-2.7609e-06
-2.3176e-06
-1.8652e-06
-1.4054e-06
-9.4e-07
-4.7093e-07
-1.2492e-19
4.7093e-07
9.4e-07
1.4054e-06
1.8652e-06
2.3176e-06
2.7609e-06
3.1933e-06
3.6132e-06
4.0187e-06
4.4084e-06
4.7807e-06
5.1341e-06
5.4673e-06
5.7788e-06
6.0676e-06
6.3325e-06
6.5723e-06
6.7862e-06
6.9733e-06
7.1329e-06
7.2644e-06
7.3672e-06
7.4409e-06
7.4852e-06
7.5e-06
7.4852e-06
7.4409e-06
7.3672e-06
7.2644e-06
7.1329e-06
6.9733e-06
6.7862e-06
6.5723e-06
6.3325e-06
6.0676e-06
5.7788e-06
5.4673e-06
5.1341e-06
4.7807e-06
4.4084e-06
4.0187e-06
3.6132e-06
3.1933e-06
2.7609e-06
2.3176e-06
1.8652e-06
1.4054e-06
9.4e-07
4.7093e-07
2.0578e-19
-4.7093e-07
-9.4e-07
-1.4054e-06
-1.8652e-06
-2.3176e-06
-2.7609e-06
-3.1933e-06
-3.6132e-06
-4.0187e-06
-4.4084e-06
-4.7807e-06
-5.1341e-06
-5.4673e-06
-5.7788e-06
-6.0676e-06
-6.3325e-06
-6.5723e-06
-6.7862e-06
-6.9733e-06
-7.1329e-06
-7.2644e-06
-7.3672e-06
-7.4409e-06
-7.4852e-06
-7.5e-06
-7.4852e-06
-7.4409e-06
-7.3672e-06
-7.2644e-06
-7.1329e-06
-6.9733e-06
-6.7862e-06
-6.5723e-06
-6.3325e-06
-6.0676e-06
-5.7788e-06
-5.4673e-06
-5.1341e-06
-4.7807e-06
-4.4084e-06
-4.0187e-06
-3.6132e-06
-3.1933e-06
-2.7609e-06
-2.3176e-06
-1.8652e-06
-1.4054e-06
-9.4e-07
-4.7093e-07
1.3969e-19
4.7093e-07
9.4e-07
1.4054e-06
1.8652e-06
2.3176e-06
2.7609e-06
3.1933e-06
3.6132e-06
4.0187e-06
4.4084e-06
4.7807e-06
5.1341e-06
5.4673e-06
5.7788e-06
6.0676e-06
6.3325e-06
6.5723e-06
6.7862e-06
6.9733e-06
7.1329e-06
7.2644e-06
7.3672e-06
7.4409e-06
7.4852e-06
7.5e-06
7.4852e-06
7.4409e-06
7.3672e-06
7.2644e-06
7.1329e-06
6.9733e-06
6.7862e-06
6.5723e-06
6.3325e-06
6.0676e-06
5.7788e-06
5.4673e-06
5.1341e-06
4.7807e-06
4.4084e-06
4.0187e-06
3.6132e-06
3.1933e-06
2.7609e-06
2.3176e-06
1.8652e-06
1.4054e-06
9.4e-07
4.7093e-07
-5.8839e-20
-4.7093e-07
-9.4e-07
-1.4054e-06
-1.8652e-06
-2.3176e-06
-2.7609e-06
-3.1933e-06
-3.6132e-06
-4.0187e-06
-4.4084e-06
-4.7807e-06
-5.1341e-06
-5.4673e-06
-5.7788e-06
-6.0676e-06
-6.3325e-06
-6.5723e-06
-6.7862e-06
-6.9733e-06
-7.1329e-06
-7.2644e-06
-7.3672e-06
-7.4409e-06
-7.4852e-06
-7.5e-06
-7.4852e-06
-7.4409e-06
-7.3672e-06
-7.2644e-06
-7.1329e-06
-6.9733e-06
-6.7862e-06
-6.5723e-06
-6.3325e-06
-6.0676e-06
-5.7788e-06
-5.4673e-06
-5.1341e-06
-4.7807e-06
-4.4084e-06
-4.0187e-06
-3.6132e-06
-3.1933e-06
-2.7609e-06
-2.3176e-06
-1.8652e-06
-1.4054e-06
-9.4e-07
-4.7093e-07
-2.2016e-20
4.7093e-07
9.4e-07
1.4054e-06
1.8652e-06
2.3176e-06
2.7609e-06
3.1933e-06
3.6132e-06
4.0187e-06
4.4084e-06
4.7807e-06
5.1341e-06
5.4673e-06
5.7788e-06
6.0676e-06
6.3325e-06
6.5723e-06
6.7862e-06
6.9733e-06
7.1329e-06
7.2644e-06
7.3672e-06
7.4409e-06
7.4852e-06
7.5e-06
7.4852e-06
7.4409e-06
7.3672e-06
7.2644e-06
7.1329e-06
6.9733e-06
6.7862e-06
6.5723e-06
6.3325e-06
6.0676e-06
5.7788e-06
5.4673e-06
5.1341e-06
4.7807e-06
4.4084e-06
4.0187e-06
3.6132e-06
3.1933e-06
2.7609e-06
2.3176e-06
1.8652e-06
1.4054e-06
9.4e-07
4.7093e-07
1.0287e-19
-4.7093e-07
-9.4e-07
-1.4054e-06
-1.8652e-06
-2.3176e-06
-2.7609e-06
-3.1933e-06
-3.6132e-06
-4.0187e-06
-4.4084e-06
-4.7807e-06
-5.1341e-06
-5.4673e-06
-5.7788e-06
-6.0676e-06
-6.3325e-06
-6.5723e-06
-6.7862e-06
-6.9733e-06
-7.1329e-06
-7.2644e-06
-7.3672e-06
-7.4409e-06
-7.4852e-06
-7.5e-06
-7.4852e-06
-7.4409e-06
-7.3672e-06
-7.2644e-06
-7.1329e-06
-6.9733e-06
-6.7862e-06
-6.5723e-06
-6.3325e-06
-6.0676e-06
-5.7788e-06
-5.4673e-06
-5.1341e-06
-4.7807e-06
-4.4084e-06
-4.0187e-06
-3.6132e-06
-3.1933e-06
-2.7609e-06
-2.3176e-06
-1.8652e-06
-1.4054e-06
-9.4e-07
-4.7093e-07
-1.8372e-19
4.7093e-07
9.4e-07
1.4054e-06
1.8652e-06
2.3176e-06
2.7609e-06
3.1933e-06
3.6132e-06
4.0187e-06
4.4084e-06
4.7807e-06
5.1341e-06
5.4673e-06
5.7788e-06
6.0676e-06
6.3325e-06
6.5723e-06
6.7862e-06
6.9733e-06
7.1329e-06
7.2644e-06
7.3672e-06
7.4409e-06
7.4852e-06
7.5e-06
7.4852e-06
7.4409e-06
7.3672e-06
7.2644e-06
7.1329e-06
6.9733e-06
6.7862e-06
6.5723e-06
6.3325e-06
6.0676e-06
5.7788e-06
5.4673e-06
5.1341e-06
4.7807e-06
4.4084e-06
4.0187e-06
3.6132e-06
3.1933e-06
2.7609e-06
2.3176e-06
1.8652e-06
1.4054e-06
9.4e-07
4.7093e-07
-1.6175e-19
-4.7093e-07
-9.4e-07
-1.4054e-06
-1.8652e-06
-2.3176e-06
-2.7609e-06
-3.1933e-06
-3.6132e-06
-4.0187e-06
-4.4084e-06
-4.7807e-06
-5.1341e-06
-5.4673e-06
-5.7788e-06
-6.0676e-06
-6.3325e-06
-6.5723e-06
-6.7862e-06
-6.9733e-06
-7.1329e-06
-7.2644e-06
-7.3672e-06
-7.4409e-06
-7.4852e-06
-7.5e-06
-7.4852e-06
-7.4409e-06
-7.3672e-06
-7.2644e-06
-7.1329e-06
-6.9733e-06
-6.7862e-06
-6.5723e-06
-6.3325e-06
-6.0676e-06
-5.7788e-06
-5.4673e-06
-5.1341e-06
-4.7807e-06
-4.4084e-06
-4.0187e-06
-3.6132e-06
-3.1933e-06
-2.7609e-06
-2.3176e-06
-1.8652e-06
-1.4054e-06
-9.4e-07
-4.7093e-07
8.0892e-20
4.7093e-07
9.4e-07
1.4054e-06
1.8652e-06
2.3176e-06
2.7609e-06
3.1933e-06
3.6132e-06
4.0187e-06
4.4084e-06
4.7807e-06
5.1341e-06
5.4673e-06
5.7788e-06
6.0676e-06
6.3325e-06
6.5723e-06
6.7862e-06
6.9733e-06
7.1329e-06
7.2644e-06
7.3672e-06
7.4409e-06
7.4852e-06
7.5e-06
7.4852e-06
7.4409e-06
7.3672e-06
7.2644e-06
7.1329e-06
6.9733e-06
6.7862e-06
6.5723e-06
6.3325e-06
6.0676e-06
5.7788e-06
5.4673e-06
5.1341e-06
4.7807e-06
4.4084e-06
4.0187e-06
3.6132e-06
3.1933e-06
2.7609e-06
2.3176e-06
1.8652e-06
1.4054e-06
9.4e-07
4.7093e-07
-3.7102e-23
-4.6999e-07
-9.3718e-07
-1.3997e-06
-1.8558e-06
-2.3037e-06
-2.7416e-06
-3.1678e-06
-3.5806e-06
-3.9785e-06
-4.3599e-06
-4.7233e-06
-5.0674e-06
-5.3907e-06
-5.6922e-06
-5.9705e-06
-6.2248e-06
-6.454e-06
-6.6573e-06
-6.8339e-06
-6.9831e-06
-7.1046e-06
-7.1977e-06
-7.2623e-06
-7.2981e-06
-7.305e-06
-7.2831e-06
-7.2325e-06
-7.1535e-06
-7.0464e-06
-6.9118e-06
-6.7502e-06
-6.5623e-06
-6.3488e-06
-6.1108e-06
-5.8492e-06
-5.565e-06
-5.2595e-06
-4.9339e-06
-4.5895e-06
-4.2276e-06
-3.8499e-06
-3.4578e-06
-3.0528e-06
-2.6367e-06
-2.211e-06
-1.7775e-06
-1.3379e-06
-8.9394e-07
-4.4738e-07
-7.6696e-20
4.4644e-07
8.9018e-07
1.3295e-06
1.7626e-06
2.1878e-06
2.6036e-06
3.0081e-06
3.4e-06
3.7776e-06
4.1395e-06
4.4843e-06
4.8107e-06
5.1174e-06
5.4032e-06
5.6672e-06
5.9082e-06
6.1254e-06
6.318e-06
6.4852e-06
6.6265e-06
6.7413e-06
6.8294e-06
6.8902e-06
6.9238e-06
6.93e-06
6.9088e-06
6.8605e-06
6.7851e-06
6.6832e-06
6.5552e-06
6.4015e-06
6.2229e-06
6.0202e-06
5.7942e-06
5.5458e-06
5.2761e-06
4.9861e-06
4.6772e-06
4.3504e-06
4.0072e-06
3.649e-06
3.2771e-06
2.8932e-06
2.4986e-06
2.0951e-06
1.6843e-06
1.2676e-06
8.4694e-07
4.2384e-07
-2.3792e-19
-4.2289e-07
-8.4318e-07
-1.2592e-06
-1.6693e-06
-2.072e-06
-2.4655e-06
-2.8485e-06
-3.2193e-06
-3.5766e-06
-3.9191e-06
-4.2452e-06
-4.5539e-06
-4.844e-06
-5.1143e-06
-5.3638e-06
-5.5916e-06
-5.7968e-06
-5.9786e-06
-6.1365e-06
-6.2698e-06
-6.3781e-06
-6.461e-06
-6.5182e-06
-6.5496e-06
-6.555e-06
-6.5346e-06
-6.4884e-06
-6.4168e-06
-6.32e-06
-6.1985e-06
-6.0528e-06
-5.8836e-06
-5.6916e-06
-5.4776e-06
-5.2424e-06
-4.9871e-06
-4.7128e-06
-4.4205e-06
-4.1114e-06
-3.7868e-06
-3.448e-06
-3.0965e-06
-2.7335e-06
-2.3606e-06
-1.9793e-06
-1.591e-06
-1.1974e-06
-7.9994e-07
-4.0029e-07
1.5605e-19
3.9935e-07
7.9618e-07
1.1889e-06
1.5761e-06
1.9561e-06
2.3275e-06
2.6888e-06
3.0387e-06
3.3757e-06
3.6986e-06
4.0062e-06
4.2972e-06
4.5706e-06
4.8253e-06
5.0604e-06
5.2749e-06
5.4682e-06
5.6393e-06
5.7879e-06
5.9132e-06
6.0149e-06
6.0926e-06
6.1462e-06
6.1753e-06
6.18e-06
6.1603e-06
6.1164e-06
6.0484e-06
5.9568e-06
5.8419e-06
5.7042e-06
5.5443e-06
5.363e-06
5.161e-06
4.939e-06
4.6982e-06
4.4394e-06
4.1638e-06
3.8724e-06
3.5664e-06
3.2471e-06
2.9158e-06
2.5738e-06
2.2226e-06
1.8634e-06
1.4977e-06
1.1271e-06
7.5294e-07
3.7674e-07
2.5838e-19
-3.758e-07
-7.4918e-07
-1.1187e-06
-1.4828e-06
-1.8402e-06
-2.1894e-06
-2.5291e-06
-2.858e-06
-3.1748e-06
-3.4782e-06
-3.7672e-06
-4.0405e-06
-4.2973e-06
-4.5364e-06
-4.757e-06
-4.9583e-06
-5.1395e-06
-5.3e-06
-5.4392e-06
-5.5565e-06
-5.6517e-06
-5.7243e-06
-5.7741e-06
-5.801e-06
-5.805e-06
-5.7861e-06
-5.7443e-06
-5.6801e-06
-5.5936e-06
-5.4852e-06
-5.3555e-06
-5.205e-06
-5.0344e-06
-4.8443e-06
-4.6357e-06
-4.4093e-06
-4.1661e-06
-3.9071e-06
-3.6333e-06
-3.346e-06
-3.0462e-06
-2.7352e-06
-2.4142e-06
-2.0845e-06
-1.7475e-06
-1.4045e-06
-1.0568e-06
-7.0594e-07
-3.532e-07
-3.0277e-19
3.5225e-07
7.0218e-07
1.0484e-06
1.3896e-06
1.7243e-06
2.0514e-06
2.3695e-06
2.6773e-06
2.9738e-06
3.2578e-06
3.5281e-06
3.7838e-06
4.0239e-06
4.2475e-06
4.4536e-06
4.6417e-06
4.8109e-06
4.9607e-06
5.0905e-06
5.1999e-06
5.2885e-06
5.3559e-06
5.4021e-06
5.4268e-06
5.43e-06
5.4118e-06
5.3723e-06
5.3117e-06
5.2303e-06
5.1286e-06
5.0068e-06
4.8657e-06
4.7058e-06
4.5277e-06
4.3323e-06
4.1203e-06
3.8927e-06
3.6503e-06
3.3943e-06
3.1255e-06
2.8452e-06
2.5545e-06
2.2545e-06
1.9465e-06
1.6316e-06
1.3112e-06
9.8656e-07
6.5894e-07
3.2965e-07
3.3908e-19
-3.2871e-07
-6.5518e-07
-9.7813e-07
-1.2963e-06
-1.6084e-06
-1.9133e-06
-2.2098e-06
-2.4967e-06
-2.7729e-06
-3.0374e-06
-3.2891e-06
-3.5271e-06
-3.7505e-06
-3.9585e-06
-4.1503e-06
-4.3251e-06
-4.4823e-06
-4.6214e-06
-4.7419e-06
-4.8433e-06
-4.9252e-06
-4.9876e-06
-5.03e-06
-5.0525e-06
-5.055e-06
-5.0375e-06
-5.0003e-06
-4.9434e-06
-4.8671e-06
-4.7719e-06
-4.6582e-06
-4.5264e-06
-4.3772e-06
-4.2111e-06
-4.0289e-06
-3.8314e-06
-3.6193e-06
-3.3936e-06
-3.1552e-06
-2.9051e-06
-2.6443e-06
-2.3738e-06
-2.0948e-06
-1.8084e-06
-1.5157e-06
-1.218e-06
-9.1629e-07
-6.1194e-07
-3.061e-07
-9.0613e-20
3.0516e-07
6.0818e-07
9.0786e-07
1.203e-06
1.4926e-06
1.7753e-06
2.0501e-06
2.316e-06
2.572e-06
2.817e-06
3.0501e-06
3.2704e-06
3.4772e-06
3.6696e-06
3.8469e-06
4.0084e-06
4.1537e-06
4.2821e-06
4.3932e-06
4.4866e-06
4.562e-06
4.6192e-06
4.658e-06
4.6783e-06
4.68e-06
4.6633e-06
4.6282e-06
4.575e-06
4.5039e-06
4.4153e-06
4.3095e-06
4.1871e-06
4.0485e-06
3.8945e-06
3.7255e-06
3.5424e-06
3.346e-06
3.1369e-06
2.9162e-06
2.6847e-06
2.4434e-06
2.1932e-06
1.9352e-06
1.6704e-06
1.3998e-06
1.1247e-06
8.4603e-07
5.6494e-07
2.8256e-07
3.8743e-19
-2.8162e-07
-5.6118e-07
-8.3759e-07
-1.1098e-06
-1.3767e-06
-1.6372e-06
-1.8905e-06
-2.1354e-06
-2.371e-06
-2.5965e-06
-2.811e-06
-3.0137e-06
-3.2038e-06
-3.3806e-06
-3.5435e-06
-3.6918e-06
-3.8251e-06
-3.9428e-06
-4.0445e-06
-4.13e-06
-4.1988e-06
-4.2508e-06
-4.2859e-06
-4.304e-06
-4.305e-06
-4.289e-06
-4.2562e-06
-4.2066e-06
-4.1407e-06
-4.0586e-06
-3.9608e-06
-3.8478e-06
-3.7199e-06
-3.5778e-06
-3.4221e-06
-3.2535e-06
-3.0726e-06
-2.8802e-06
-2.6772e-06
-2.4643e-06
-2.2424e-06
-2.0125e-06
-1.7755e-06
-1.5323e-06
-1.284e-06
-1.0314e-06
-7.7576e-07
-5.1794e-07
-2.5901e-07
-1.6543e-19
2.5807e-07
5.1418e-07
7.6733e-07
1.0165e-06
1.2608e-06
1.4992e-06
1.7308e-06
1.9547e-06
2.1701e-06
2.3761e-06
2.572e-06
2.757e-06
2.9305e-06
3.0917e-06
3.2401e-06
3.3752e-06
3.4965e-06
3.6035e-06
3.6959e-06
3.7733e-06
3.8356e-06
3.8825e-06
3.9139e-06
3.9297e-06
3.93e-06
3.9148e-06
3.8841e-06
3.8383e-06
3.7775e-06
3.702e-06
3.6122e-06
3.5085e-06
3.3913e-06
3.2612e-06
3.1188e-06
2.9645e-06
2.7992e-06
2.6235e-06
2.4381e-06
2.2439e-06
2.0415e-06
1.8319e-06
1.6158e-06
1.3943e-06
1.1681e-06
9.3818e-07
7.0549e-07
4.7094e-07
2.3546e-07
1.9071e-19
-2.3452e-07
-4.6718e-07
-6.9706e-07
-9.2326e-07
-1.1449e-06
-1.3611e-06
-1.5711e-06
-1.7741e-06
-1.9692e-06
-2.1557e-06
-2.333e-06
-2.5003e-06
-2.6571e-06
-2.8027e-06
-2.9367e-06
-3.0586e-06
-3.1678e-06
-3.2642e-06
-3.3472e-06
-3.4167e-06
-3.4724e-06
-3.5141e-06
-3.5418e-06
-3.5555e-06
-3.555e-06
-3.5405e-06
-3.5121e-06
-3.4699e-06
-3.4143e-06
-3.3453e-06
-3.2635e-06
-3.1692e-06
-3.0627e-06
-2.9446e-06
-2.8154e-06
-2.6756e-06
-2.5259e-06
-2.3668e-06
-2.1991e-06
-2.0235e-06
-1.8406e-06
-1.6512e-06
-1.4562e-06
-1.2562e-06
-1.0522e-06
-8.4492e-07
-6.3522e-07
-4.2394e-07
-2.1192e-07
-2.079e-19
2.1098e-07
4.2018e-07
6.2679e-07
8.3e-07
1.029e-06
1.2231e-06
1.4115e-06
1.5934e-06
1.7682e-06
1.9353e-06
2.0939e-06
2.2436e-06
2.3837e-06
2.5138e-06
2.6334e-06
2.742e-06
2.8392e-06
2.9249e-06
2.9985e-06
3.06e-06
3.1092e-06
3.1458e-06
3.1698e-06
3.1812e-06
3.18e-06
3.1662e-06
3.14e-06
3.1016e-06
3.051e-06
2.9887e-06
2.9148e-06
2.8298e-06
2.7341e-06
2.628e-06
2.512e-06
2.3867e-06
2.2525e-06
2.1101e-06
1.9601e-06
1.803e-06
1.6396e-06
1.4706e-06
1.2965e-06
1.1182e-06
9.3632e-07
7.5167e-07
5.6495e-07
3.7694e-07
1.8837e-07
4.6909e-20
-1.8743e-07
-3.7318e-07
-5.5652e-07
-7.3674e-07
-9.1315e-07
-1.085e-06
-1.2518e-06
-1.4127e-06
-1.5673e-06
-1.7149e-06
-1.8549e-06
-1.9869e-06
-2.1104e-06
-2.2249e-06
-2.33e-06
-2.4253e-06
-2.5106e-06
-2.5855e-06
-2.6499e-06
-2.7034e-06
-2.7459e-06
-2.7774e-06
-2.7978e-06
-2.807e-06
-2.805e-06
-2.792e-06
-2.768e-06
-2.7332e-06
-2.6878e-06
-2.632e-06
-2.5662e-06
-2.4905e-06
-2.4055e-06
-2.3113e-06
-2.2086e-06
-2.0977e-06
-1.9791e-06
-1.8534e-06
-1.721e-06
-1.5826e-06
-1.4387e-06
-1.2899e-06
-1.1368e-06
-9.8013e-07
-8.2044e-07
-6.5841e-07
-4.9469e-07
-3.2994e-07
-1.6483e-07
-2.1804e-19
1.6388e-07
3.2618e-07
4.8625e-07
6.4349e-07
7.9726e-07
9.47e-07
1.0921e-06
1.2321e-06
1.3664e-06
1.4944e-06
1.6159e-06
1.7302e-06
1.837e-06
1.9359e-06
2.0266e-06
2.1087e-06
2.182e-06
2.2462e-06
2.3012e-06
2.3467e-06
2.3827e-06
2.4091e-06
2.4257e-06
2.4327e-06
2.43e-06
2.4177e-06
2.396e-06
2.3649e-06
2.3246e-06
2.2754e-06
2.2175e-06
2.1512e-06
2.0768e-06
1.9947e-06
1.9052e-06
1.8088e-06
1.7058e-06
1.5967e-06
1.482e-06
1.3622e-06
1.2378e-06
1.1092e-06
9.7716e-07
8.4208e-07
7.0456e-07
5.6515e-07
4.2442e-07
2.8294e-07
1.4128e-07
8.3503e-20
-1.4034e-07
-2.7918e-07
-4.1599e-07
-5.5023e-07
-6.8138e-07
-8.0895e-07
-9.3246e-07
-1.0514e-06
-1.1654e-06
-1.274e-06
-1.3768e-06
-1.4735e-06
-1.5636e-06
-1.647e-06
-1.7232e-06
-1.7921e-06
-1.8534e-06
-1.9069e-06
-1.9525e-06
-1.9901e-06
-2.0195e-06
-2.0407e-06
-2.0537e-06
-2.0584e-06
-2.055e-06
-2.0435e-06
-2.0239e-06
-1.9965e-06
-1.9614e-06
-1.9188e-06
-1.8689e-06
-1.8119e-06
-1.7482e-06
-1.6781e-06
-1.6019e-06
-1.5198e-06
-1.4324e-06
-1.34e-06
-1.243e-06
-1.1418e-06
-1.0368e-06
-9.2858e-07
-8.175e-07
-7.0404e-07
-5.8868e-07
-4.7189e-07
-3.5415e-07
-2.3594e-07
-1.1773e-07
-8.9672e-20
1.1679e-07
2.3218e-07
3.4572e-07
4.5697e-07
5.655e-07
6.7091e-07
7.7279e-07
8.7077e-07
9.6449e-07
1.0536e-06
1.1378e-06
1.2168e-06
1.2903e-06
1.358e-06
1.4198e-06
1.4755e-06
1.5248e-06
1.5676e-06
1.6039e-06
1.6334e-06
1.6563e-06
1.6723e-06
1.6816e-06
1.6842e-06
1.68e-06
1.6692e-06
1.6519e-06
1.6281e-06
1.5982e-06
1.5621e-06
1.5202e-06
1.4726e-06
1.4196e-06
1.3615e-06
1.2985e-06
1.2309e-06
1.1591e-06
1.0833e-06
1.0039e-06
9.2135e-07
8.3589e-07
7.4792e-07
6.5783e-07
5.6599e-07
4.728e-07
3.7863e-07
2.8388e-07
1.8894e-07
9.4186e-08
8.7756e-20
-9.3244e-08
-1.8518e-07
-2.7545e-07
-3.6371e-07
-4.4962e-07
-5.3286e-07
-6.1312e-07
-6.9011e-07
-7.6355e-07
-8.3319e-07
-8.9877e-07
-9.6008e-07
-1.0169e-06
-1.0691e-06
-1.1164e-06
-1.1588e-06
-1.1962e-06
-1.2283e-06
-1.2552e-06
-1.2768e-06
-1.2931e-06
-1.304e-06
-1.3096e-06
-1.3099e-06
-1.305e-06
-1.2949e-06
-1.2798e-06
-1.2598e-06
-1.2349e-06
-1.2055e-06
-1.1715e-06
-1.1333e-06
-1.091e-06
-1.0449e-06
-9.9509e-07
-9.4195e-07
-8.857e-07
-8.2659e-07
-7.6491e-07
-7.0093e-07
-6.3495e-07
-5.6726e-07
-4.9816e-07
-4.2794e-07
-3.5691e-07
-2.8537e-07
-2.1361e-07
-1.4194e-07
-7.0639e-08
-1.4231e-20
6.9697e-08
1.3818e-07
2.0518e-07
2.7045e-07
3.3374e-07
3.9481e-07
4.5345e-07
5.0945e-07
5.6262e-07
6.1277e-07
6.5973e-07
7.0337e-07
7.4355e-07
7.8014e-07
8.1306e-07
8.4222e-07
8.6754e-07
8.8899e-07
9.0653e-07
9.2015e-07
9.2984e-07
9.3563e-07
9.3755e-07
9.3565e-07
9.3e-07
9.2068e-07
9.0778e-07
8.9143e-07
8.7172e-07
8.4882e-07
8.2285e-07
7.9399e-07
7.6239e-07
7.2823e-07
6.9171e-07
6.5301e-07
6.1233e-07
5.6989e-07
5.2587e-07
4.8051e-07
4.3402e-07
3.8661e-07
3.3849e-07
2.899e-07
2.4103e-07
1.9211e-07
1.4335e-07
9.494e-08
4.7093e-08
5.9667e-20
-4.6151e-08
-9.118e-08
-1.3491e-07
-1.7719e-07
-2.1786e-07
-2.5677e-07
-2.9379e-07
-3.288e-07
-3.6168e-07
-3.9235e-07
-4.207e-07
-4.4667e-07
-4.7018e-07
-4.912e-07
-5.0968e-07
-5.2559e-07
-5.3893e-07
-5.4968e-07
-5.5787e-07
-5.635e-07
-5.6662e-07
-5.6727e-07
-5.6551e-07
-5.6139e-07
-5.55e-07
-5.4642e-07
-5.3574e-07
-5.2307e-07
-5.0851e-07
-4.9217e-07
-4.7419e-07
-4.5468e-07
-4.3377e-07
-4.1161e-07
-3.8833e-07
-3.6407e-07
-3.3897e-07
-3.1318e-07
-2.8684e-07
-2.6009e-07
-2.3308e-07
-2.0595e-07
-1.7883e-07
-1.5185e-07
-1.2515e-07
-9.8854e-08
-7.3079e-08
-4.794e-08
-2.3546e-08
-1.2604e-20
2.2605e-08
4.418e-08
6.4647e-08
8.3933e-08
1.0198e-07
1.1872e-07
1.3412e-07
1.4814e-07
1.6075e-07
1.7193e-07
1.8167e-07
1.8996e-07
1.9682e-07
2.0226e-07
2.063e-07
2.0897e-07
2.1031e-07
2.1037e-07
2.092e-07
2.0685e-07
2.034e-07
1.9891e-07
1.9346e-07
1.8713e-07
1.8e-07
1.7216e-07
1.637e-07
1.5471e-07
1.4529e-07
1.3553e-07
1.2552e-07
1.1537e-07
1.0516e-07
9.4987e-08
8.4947e-08
7.5125e-08
6.5607e-08
5.6475e-08
4.7807e-08
3.9676e-08
3.215e-08
2.5292e-08
1.916e-08
1.3805e-08
9.2705e-09
5.5955e-09
2.8107e-09
9.4e-10
0
0
-0
-0
-0
-0
-0
-0
-0
-0
-0
-0
-0
-0
-0
-0
-0
-0
-0
-0
-0
-0
-0
-0
-0
-0
-0
-0
-0
-0
-0
-0
-0
-0
-0
-0
-0
-0
-0
-0
-0
-0
-0
-0
-0
-0
-0
-0
-0
-0
-0
-0
0
0
0
0
0
0
0
0
0
0
0
0
0
0
0
0
0
0
0
0
0
0
0
0
0
0
0
0
0
0
0
0
0
0
0
0
0
0
0
0
0
0
0
0
0
0
0
0
0
0
-0
-0
-0
-0
-0
-0
-0
-0
-0
-0
-0
-0
-0
-0
-0
-0
-0
-0
-0
-0
-0
-0
-0
-0
-0
-0
-0
-0
-0
-0
-0
-0
-0
-0
-0
-0
-0
-0
-0
-0
-0
-0
-0
-0
-0
-0
-0
-0
-0
-0
0
0
0
0
0
0
0
0
0
0
0
0
0
0
0
0
0
0
0
0
0
0
0
0
0
0
0
0
0
0
0
0
0
0
0
0
0
0
0
0
0
0
0
0
0
0
0
0
0
0
-0
-0
-0
-0
-0
-0
-0
-0
-0
-0
-0
-0
-0
-0
-0
-0
-0
-0
-0
-0
-0
-0
-0
-0
-0
-0
-0
-0
-0
-0
-0
-0
-0
-0
-0
-0
-0
-0
-0
-0
-0
-0
-0
-0
-0
-0
-0
-0
-0
-0
0
0
0
0
0
0
0
0
0
0
0
0
0
0
0
0
0
0
0
0
0
0
0
0
0
0
0
0
0
0
0
0
0
0
0
0
0
0
0
0
0
0
0
0
0
0
0
0
0
0
-0
-0
-0
-0
-0
-0
-0
-0
-0
-0
-0
-0
-0
-0
-0
-0
-0
-0
-0
-0
-0
-0
-0
-0
-0
-0
-0
-0
-0
-0
-0
-0
-0
-0
-0
-0
-0
-0
-0
-0
-0
-0
-0
-0
-0
-0
-0
-0
-0
-0
0
0
0
0
0
0
0
0
0
0
0
0
0
0
0
0
0
0
0
0
0
0
0
0
0
0
0
0
0
0
0
0
0
0
0
0
0
0
0
0
0
0
0
0
0
0
0
0
0
0
-0
-0
-0
-0
-0
-0
-0
-0
-0
-0
-0
-0
-0
-0
-0
-0
-0
-0
-0
-0
-0
-0
-0
-0
-0
-0
-0
-0
-0
-0
-0
-0
-0
-0
-0
-0
-0
-0
-0
-0
-0
-0
-0
-0
-0
-0
-0
-0
-0
-0
0
0
0
0
0
0
0
0
0
0
0
0
0
0
0
0
0
0
0
0
0
0
0
0
0
0
0
0
0
0
0
0
0
0
0
0
0
0
0
0
0
0
0
0
0
0
0
0
0
0
-0
-0
-0
-0
-0
-0
-0
-0
-0
-0
-0
-0
-0
-0
-0
-0
-0
-0
-0
-0
-0
-0
-0
-0
-0
-0
-0
-0
-0
-0
-0
-0
-0
-0
-0
-0
-0
-0
-0
-0
-0
-0
-0
-0
-0
-0
-0
-0
-0
-0
0
0
0
0
0
0
0
0
0
0
0
0
0
0
0
0
0
0
0
0
0
0
0
0
0
0
0
0
0
0
0
0
0
0
0
0
0
0
0
0
0
0
0
0
0
0
0
0
0
0
-0
-0
-0
-0
-0
-0
-0
-0
-0
-0
-0
-0
-0
-0
-0
-0
-0
-0
-0
-0
-0
-0
-0
-0
-0
-0
-0
-0
-0
-0
-0
-0
-0
-0
-0
-0
-0
-0
-0
-0
-0
-0
-0
-0
-0
-0
-0
-0
-0
-0
0
0
0
0
0
0
0
0
0
0
0
0
0
0
0
0
0
0
0
0
0
0
0
0
0
0
0
0
0
0
0
0
0
0
0
0
0
0
0
0
0
0
0
0
0
0
0
0
0
0
-0
-0
-0
-0
-0
-0
-0
-0
-0
-0
-0
-0
-0
-0
-0
-0
-0
-0
-0
-0
-0
-0
-0
-0
-0
-0
-0
-0
-0
-0
-0
-0
-0
-0
-0
-0
-0
-0
-0
-0
-0
-0
-0
-0
-0
-0
-0
-0
-0
-0
0
0
0
0
0
0
0
0
0
0
0
0
0
0
0
0
0
0
0
0
0
0
0
0
0
0
0
0
0
0
0
0
0
0
0
0
0
0
0
0
0
0
0
0
0
0
0
0
0
0
-0
-0
-0
-0
-0
-0
-0
-0
-0
-0
-0
-0
-0
-0
-0
-0
-0
-0
-0
-0
-0
-0
-0
-0
-0
-0
-0
-0
-0
-0
-0
-0
-0
-0
-0
-0
-0
-0
-0
-0
-0
-0
-0
-0
-0
-0
-0
-0
-0
-0
0
0
0
0
0
0
0
0
0
0
0
0
0
0
0
0
0
0
0
0
0
0
0
0
0
0
0
0
0
0
0
0
0
0
0
0
0
0
0
0
0
0
0
0
0
0
0
0
0
0
-0
-0
-0
-0
-0
-0
-0
-0
-0
-0
-0
-0
-0
-0
-0
-0
-0
-0
-0
-0
-0
-0
-0
-0
-0
-0
-0
-0
-0
-0
-0
-0
-0
-0
-0
-0
-0
-0
-0
-0
-0
-0
-0
-0
-0
-0
-0
-0
-0
-0
0
0
0
0
0
0
0
0
0
0
0
0
0
0
0
0
0
0
0
0
0
0
0
0
0
0
0
0
0
0
0
0
0
0
0
0
0
0
0
0
0
0
0
0
0
0
0
0
0
0
-0
-0
-0
-0
-0
-0
-0
-0
-0
-0
-0
-0
-0
-0
-0
-0
-0
-0
-0
-0
-0
-0
-0
-0
-0
-0
-0
-0
-0
-0
-0
-0
-0
-0
-0
-0
-0
-0
-0
-0
-0
-0
-0
-0
-0
-0
-0
-0
-0
-0
0
0
0
0
0
0
0
0
0
0
0
0
0
0
0
0
0
0
0
0
0
0
0
0
0
0
0
0
0
0
0
0
0
0
0
0
0
0
0
0
0
0
0
0
0
0
0
0
0
-0
-0
-0
-0
-0
-0
-0
-0
-0
-0
-0
-0
-0
-0
-0
-0
-0
-0
-0
-0
-0
-0
-0
-0
-0
-0
-0
-0
-0
-0
-0
-0
-0
-0
-0
-0
-0
-0
-0
-0
-0
-0
-0
-0
-0
-0
-0
-0
-0
-0
-0
0
0
0
0
0
0
0
0
0
0
0
0
0
0
0
0
0
0
0
0
0
0
0
0
0
0
0
0
0
0
0
0
0
0
0
0
0
0
0
0
0
0
0
0
0
0
0
0
0
0
-0
-0
-0
-0
-0
-0
-0
-0
-0
-0
-0
-0
-0
-0
-0
-0
-0
-0
-0
-0
-0
-0
-0
-0
-0
-0
-0
-0
-0
-0
-0
-0
-0
-0
-0
-0
-0
-0
-0
-0
-0
-0
-0
-0
-0
-0
-0
-0
-0
0
0
0
0
0
0
0
0
0
0
0
0
0
0
0
0
0
0
0
0
0
0
0
0
0
0
0
0
0
0
0
0
0
0
0
0
0
0
0
0
0
0
0
0
0
0
0
0
0
0
0
-0
-0
-0
-0
-0
-0
-0
-0
-0
-0
-0
-0
-0
-0
-0
-0
-0
-0
-0
-0
-0
-0
-0
-0
-0
-0
-0
-0
-0
-0
-0
-0
-0
-0
-0
-0
-0
-0
-0
-0
-0
-0
-0
-0
-0
-0
-0
-0
-0
-0
0
0
0
0
0
0
0
0
0
0
0
0
0
0
0
0
0
0
0
0
0
0
0
0
0
0
0
0
0
0
0
0
0
0
0
0
0
0
0
0
0
0
0
0
0
0
0
0
0
0
-0
-0
-0
-0
-0
-0
-0
-0
-0
-0
-0
-0
-0
-0
-0
-0
-0
-0
-0
-0
-0
-0
-0
-0
-0
-0
-0
-0
-0
-0
-0
-0
-0
-0
-0
-0
-0
-0
-0
-0
-0
-0
-0
-0
-0
-0
-0
-0
-0
-0
0
0
0
0
0
0
0
0
0
0
0
0
0
0
0
0
0
0
0
0
0
0
0
0
0
0
0
0
0
0
0
0
0
0
0
0
0
0
0
0
0
0
0
0
0
0
0
0
0
-0
-0
-0
-0
-0
-0
-0
-0
-0
-0
-0
-0
-0
-0
-0
-0
-0
-0
-0
-0
-0
-0
-0
-0
-0
-0
-0
-0
-0
-0
-0
-0
-0
-0
-0
-0
-0
-0
-0
-0
-0
-0
-0
-0
-0
-0
-0
-0
-0
-0
-0
0
0
0
0
0
0
0
0
0
0
0
0
0
0
0
0
0
0
0
0
0
0
0
0
0
0
0
0
0
0
0
0
0
0
0
0
0
0
0
0
0
0
0
0
0
0
0
0
0
-0
-0
-0
-0
-0
-0
-0
-0
-0
-0
-0
-0
-0
-0
-0
-0
-0
-0
-0
-0
-0
-0
-0
-0
-0
-0
-0
-0
-0
-0
-0
-0
-0
-0
-0
-0
-0
-0
-0
-0
-0
-0
-0
-0
-0
-0
-0
-0
-0
-0
-0
0
0
0
0
0
0
0
0
0
0
0
0
0
0
0
0
0
0
0
0
0
0
0
0
0
0
0
0
0
0
0
0
0
0
0
0
0
0
0
0
0
0
0
0
0
0
0
0
0
0
-0
-0
-0
-0
-0
-0
-0
-0
-0
-0
-0
-0
-0
-0
-0
-0
-0
-0
-0
-0
-0
-0
-0
-0
-0
-0
-0
-0
-0
-0
-0
-0
-0
-0
-0
-0
-0
-0
-0
-0
-0
-0
-0
-0
-0
-0
-0
-0
-0
-0
0
0
0
0
0
0
0
0
0
0
0
0
0
0
0
0
0
0
0
0
0
0
0
0
0
0
0
0
0
0
0
0
0
0
0
0
0
0
0
0
0
0
0
0
0
0
0
0
0
0
-0
-0
-0
-0
-0
-0
-0
-0
-0
-0
-0
-0
-0
-0
-0
-0
-0
-0
-0
-0
-0
-0
-0
-0
-0
-0
-0
-0
-0
-0
-0
-0
-0
-0
-0
-0
-0
-0
-0
-0
-0
-0
-0
-0
-0
-0
-0
-0
-0
-0
0
0
0
0
0
0
0
0
0
0
0
0
0
0
0
0
0
0
0
0
0
0
0
0
0
0
0
0
0
0
0
0
0
0
0
0
0
0
0
0
0
0
0
0
0
0
0
0
0
0
-0
-0
-0
-0
-0
-0
-0
-0
-0
-0
-0
-0
-0
-0
-0
-0
-0
-0
-0
-0
-0
-0
-0
-0
-0
-0
-0
-0
-0
-0
-0
-0
-0
-0
-0
-0
-0
-0
-0
-0
-0
-0
-0
-0
-0
-0
-0
-0
-0
-0
0
0
0
0
0
0
0
0
0
0
0
0
0
0
0
0
0
0
0
0
0
0
0
0
0
0
0
0
0
0
0
0
0
0
0
0
0
0
0
0
0
0
0
0
0
0
0
0
0
-0
-0
-0
-0
-0
-0
-0
-0
-0
-0
-0
-0
-0
-0
-0
-0
-0
-0
-0
-0
-0
-0
-0
-0
-0
-0
-0
-0
-0
-0
-0
-0
-0
-0
-0
-0
-0
-0
-0
-0
-0
-0
-0
-0
-0
-0
-0
-0
-0
-0
-0
0
0
0
0
0
0
0
0
0
0
0
0
0
0
0
0
0
0
0
0
0
0
0
0
0
0
0
0
0
0
0
0
0
0
0
0
0
0
0
0
0
0
0
0
0
0
0
0
0
-0
-0
-0
-0
-0
-0
-0
-0
-0
-0
-0
-0
-0
-0
-0
-0
-0
-0
-0
-0
-0
-0
-0
-0
-0
-0
-0
-0
-0
-0
-0
-0
-0
-0
-0
-0
-0
-0
-0
-0
-0
-0
-0
-0
-0
-0
-0
-0
-0
-0
-0
0
0
0
0
0
0
0
0
0
0
0
0
0
0
0
0
0
0
0
0
0
0
0
0
0
0
0
0
0
0
0
0
0
0
0
0
0
0
0
0
0
0
0
0
0
0
0
0
0
0
-0
-0
-0
-0
-0
-0
-0
-0
-0
-0
-0
-0
-0
-0
-0
-0
-0
-0
-0
-0
-0
-0
-0
-0
-0
-0
-0
-0
-0
-0
-0
-0
-0
-0
-0
-0
-0
-0
-0
-0
-0
-0
-0
-0
-0
-0
-0
-0
-0
-0
0
0
0
0
0
0
0
0
0
0
0
0
0
0
0
0
0
0
0
0
0
0
0
0
0
0
0
0
0
0
0
0
0
0
0
0
0
0
0
0
0
0
0
0
0
0
0
0
0
0
-0
-0
-0
-0
-0
-0
-0
-0
-0
-0
-0
-0
-0
-0
-0
-0
-0
-0
-0
-0
-0
-0
-0
-0
-0
-0
-0
-0
-0
-0
-0
-0
-0
-0
-0
-0
-0
-0
-0
-0
-0
-0
-0
-0
-0
-0
-0
-0
-0
-0
0
0
0
0
0
0
0
0
0
0
0
0
0
0
0
0
0
0
0
0
0
0
0
0
0
0
0
0
0
0
0
0
0
0
0
0
0
0
0
0
0
0
0
0
0
0
0
0
0
0
-0
-0
-0
-0
-0
-0
-0
-0
-0
-0
-0
-0
-0
-0
-0
-0
-0
-0
-0
-0
-0
-0
-0
-0
-0
-0
-0
-0
-0
-0
-0
-0
-0
-0
-0
-0
-0
-0
-0
-0
-0
-0
-0
-0
-0
-0
-0
-0
-0
-0
0
0
0
0
0
0
0
0
0
0
0
0
0
0
0
0
0
0
0
0
0
0
0
0
0
0
0
0
0
0
0
0
0
0
0
0
0
0
0
0
0
0
0
0
0
0
0
0
0
-0
-0
-0
-0
-0
-0
-0
-0
-0
-0
-0
-0
-0
-0
-0
-0
-0
-0
-0
-0
-0
-0
-0
-0
-0
-0
-0
-0
-0
-0
-0
-0
-0
-0
-0
-0
-0
-0
-0
-0
-0
-0
-0
-0
-0
-0
-0
-0
-0
-0
-0
0
0
0
0
0
0
0
0
0
0
0
0
0
0
0
0
0
0
0
0
0
0
0
0
0
0
0
0
0
0
0
0
0
0
0
0
0
0
0
0
0
0
0
0
0
0
0
0
0
-0
-0
-0
-0
-0
-0
-0
-0
-0
-0
-0
-0
-0
-0
-0
-0
-0
-0
-0
-0
-0
-0
-0
-0
-0
-0
-0
-0
-0
-0
-0
-0
-0
-0
-0
-0
-0
-0
-0
-0
-0
-0
-0
-0
-0
-0
-0
-0
-0
-0
-0
0
0
0
0
0
0
0
0
0
0
0
0
0
0
0
0
0
0
0
0
0
0
0
0
0
0
0
0
0
0
0
0
0
0
0
0
0
0
0
0
0
0
0
0
0
0
0
0
0
0
-0
-0
-0
-0
-0
-0
-0
-0
-0
-0
-0
-0
-0
-0
-0
-0
-0
-0
-0
-0
-0
-0
-0
-0
-0
-0
-0
-0
-0
-0
-0
-0
-0
-0
-0
-0
-0
-0
-0
-0
-0
-0
-0
-0
-0
-0
-0
-0
-0
-0
0
0
0
0
0
0
0
0
0
0
0
0
0
0
0
0
0
0
0
0
0
0
0
0
0
0
0
0
0
0
0
0
0
0
0
0
0
0
0
0
0
0
0
0
0
0
0
0
0
0
-0
-0
-0
-0
-0
-0
-0
-0
-0
-0
-0
-0
-0
-0
-0
-0
-0
-0
-0
-0
-0
-0
-0
-0
-0
-0
-0
-0
-0
-0
-0
-0
-0
-0
-0
-0
-0
-0
-0
-0
-0
-0
-0
-0
-0
-0
-0
-0
-0
-0
0
0
0
0
0
0
0
0
0
0
0
0
0
0
0
0
0
0
0
0
0
0
0
0
0
0
0
0
0
0
0
0
0
0
0
0
0
0
0
0
0
0
0
0
0
0
0
0
0
0
-0
-0
-0
-0
-0
-0
-0
-0
-0
-0
-0
-0
-0
-0
-0
-0
-0
-0
-0
-0
-0
-0
-0
-0
-0
-0
-0
-0
-0
-0
-0
-0
-0
-0
-0
-0
-0
-0
-0
-0
-0
-0
-0
-0
-0
-0
-0
-0
-0
-0
0
0
0
0
0
0
0
0
0
0
0
0
0
0
0
0
0
0
0
0
0
0
0
0
0
0
0
0
0
0
0
0
0
0
0
0
0
0
0
0
0
0
0
0
0
0
0
0
0
-0
-0
-0
-0
-0
-0
-0
-0
-0
-0
-0
-0
-0
-0
-0
-0
-0
-0
-0
-0
-0
-0
-0
-0
-0
-0
-0
-0
-0
-0
-0
-0
-0
-0
-0
-0
-0
-0
-0
-0
-0
-0
-0
-0
-0
-0
-0
-0
-0
-0
-0
0
0
0
0
0
0
0
0
0
0
0
0
0
0
0
0
0
0
0
0
0
0
0
0
0
0
0
0
0
0
0
0
0
0
0
0
0
0
0
0
0
0
0
0
0
0
0
0
0
-0
-0
-0
-0
-0
-0
-0
-0
-0
-0
-0
-0
-0
-0
-0
-0
-0
-0
-0
-0
-0
-0
-0
-0
-0
-0
-0
-0
-0
-0
-0
-0
-0
-0
-0
-0
-0
-0
-0
-0
-0
-0
-0
-0
-0
-0
-0
-0
-0
-0
-0
0
0
0
0
0
0
0
0
0
0
0
0
0
0
0
0
0
0
0
0
0
0
0
0
0
0
0
0
0
0
0
0
0
0
0
0
0
0
0
0
0
0
0
0
0
0
0
0
0
-0
