0
0
0
0
0
0
0
0
0
0
0
0
0
0
0
0
0
0
0
0
0
0
0
0
0
0
0
0
0
0
0
0
0
0
0
0
0
0
0
0
0
0
0
0
0
0
0
0
0
0
0
-0
-0
-0
-0
-0
-0
-0
-0
-0
-0
-0
-0
-0
-0
-0
-0
-0
-0
-0
-0
-0
-0
-0
-0
-0
-0
-0
-0
-0
-0
-0
-0
-0
-0
-0
-0
-0
-0
-0
-0
-0
-0
-0
-0
-0
-0
-0
-0
-0
-0
0
0
0
0
0
0
0
0
0
0
0
0
0
0
0
0
0
0
0
0
0
0
0
0
0
0
0
0
0
0
0
0
0
0
0
0
0
0
0
0
0
0
0
0
0
0
0
0
0
0
-0
-0
-0
-0
-0
-0
-0
-0
-0
-0
-0
-0
-0
-0
-0
-0
-0
-0
-0
-0
-0
-0
-0
-0
-0
-0
-0
-0
-0
-0
-0
-0
-0
-0
-0
-0
-0
-0
-0
-0
-0
-0
-0
-0
-0
-0
-0
-0
-0
-0
0
0
0
0
0
0
0
0
0
0
0
0
0
0
0
0
0
0
0
0
0
0
0
0
0
0
0
0
0
0
0
0
0
0
0
0
0
0
0
0
0
0
0
0
0
0
0
0
0
0
-0
-0
-0
-0
-0
-0
-0
-0
-0
-0
-0
-0
-0
-0
-0
-0
-0
-0
-0
-0
-0
-0
-0
-0
-0
-0
-0
-0
-0
-0
-0
-0
-0
-0
-0
-0
-0
-0
-0
-0
-0
-0
-0
-0
-0
-0
-0
-0
-0
-0
0
0
0
0
0
0
0
0
0
0
0
0
0
0
0
0
0
0
0
0
0
0
0
0
0
0
0
0
0
0
0
0
0
0
0
0
0
0
0
0
0
0
0
0
0
0
0
0
0
-0
-0
-0
-0
-0
-0
-0
-0
-0
-0
-0
-0
-0
-0
-0
-0
-0
-0
-0
-0
-0
-0
-0
-0
-0
-0
-0
-0
-0
-0
-0
-0
-0
-0
-0
-0
-0
-0
-0
-0
-0
-0
-0
-0
-0
-0
-0
-0
-0
-0
-0
0
0
0
0
0
0
0
0
0
0
0
0
0
0
0
0
0
0
0
0
0
0
0
0
0
0
0
0
0
0
0
0
0
0
0
0
0
0
0
0
0
0
0
0
0
0
0
0
0
0
-0
-0
-0
-0
-0
-0
-0
-0
-0
-0
-0
-0
-0
-0
-0
-0
-0
-0
-0
-0
-0
-0
-0
-0
-0
-0
-0
-0
-0
-0
-0
-0
-0
-0
-0
-0
-0
-0
-0
-0
-0
-0
-0
-0
-0
-0
-0
-0
-0
-0
0
0
0
0
0
0
0
0
0
0
0
0
0
0
0
0
0
0
0
0
0
0
0
0
0
0
0
0
0
0
0
0
0
0
0
0
0
0
0
0
0
0
0
0
0
0
0
0
0
-0
-0
-0
-0
-0
-0
-0
-0
-0
-0
-0
-0
-0
-0
-0
-0
-0
-0
-0
-0
-0
-0
-0
-0
-0
-0
-0
-0
-0
-0
-0
-0
-0
-0
-0
-0
-0
-0
-0
-0
-0
-0
-0
-0
-0
-0
-0
-0
-0
-0
-0
0
0
0
0
0
0
0
0
0
0
0
0
0
0
0
0
0
0
0
0
0
0
0
0
0
0
0
0
0
0
0
0
0
0
0
0
0
0
0
0
0
0
0
0
0
0
0
0
0
-0
-0
-0
-0
-0
-0
-0
-0
-0
-0
-0
-0
-0
-0
-0
-0
-0
-0
-0
-0
-0
-0
-0
-0
-0
-0
-0
-0
-0
-0
-0
-0
-0
-0
-0
-0
-0
-0
-0
-0
-0
-0
-0
-0
-0
-0
-0
-0
-0
-0
0
0
0
0
0
0
0
0
0
0
0
0
0
0
0
0
0
0
0
0
0
0
0
0
0
0
0
0
0
0
0
0
0
0
0
0
0
0
0
0
0
0
0
0
0
0
0
0
0
0
0
-0
-0
-0
-0
-0
-0
-0
-0
-0
-0
-0
-0
-0
-0
-0
-0
-0
-0
-0
-0
-0
-0
-0
-0
-0
-0
-0
-0
-0
-0
-0
-0
-0
-0
-0
-0
-0
-0
-0
-0
-0
-0
-0
-0
-0
-0
-0
-0
-0
-0
0
0
0
0
0
0
0
0
0
0
0
0
0
0
0
0
0
0
0
0
0
0
0
0
0
0
0
0
0
0
0
0
0
0
0
0
0
0
0
0
0
0
0
0
0
0
0
0
0
0
-0
-0
-0
-0
-0
-0
-0
-0
-0
-0
-0
-0
-0
-0
-0
-0
-0
-0
-0
-0
-0
-0
-0
-0
-0
-0
-0
-0
-0
-0
-0
-0
-0
-0
-0
-0
-0
-0
-0
-0
-0
-0
-0
-0
-0
-0
-0
-0
-0
-0
0
0
0
0
0
0
0
0
0
0
0
0
0
0
0
0
0
0
0
0
0
0
0
0
0
0
0
0
0
0
0
0
0
0
0
0
0
0
0
0
0
0
0
0
0
0
0
0
0
-0
-0
-0
-0
-0
-0
-0
-0
-0
-0
-0
-0
-0
-0
-0
-0
-0
-0
-0
-0
-0
-0
-0
-0
-0
-0
-0
-0
-0
-0
-0
-0
-0
-0
-0
-0
-0
-0
-0
-0
-0
-0
-0
-0
-0
-0
-0
-0
-0
-0
-0
0
0
0
0
0
0
0
0
0
0
0
0
0
0
0
0
0
0
0
0
0
0
0
0
0
0
0
0
0
0
0
0
0
0
0
0
0
0
0
0
0
0
0
0
0
0
0
0
0
-0
-0
-0
-0
-0
-0
-0
-0
-0
-0
-0
-0
-0
-0
-0
-0
-0
-0
-0
-0
-0
-0
-0
-0
-0
-0
-0
-0
-0
-0
-0
-0
-0
-0
-0
-0
-0
-0
-0
-0
-0
-0
-0
-0
-0
-0
-0
-0
-0
-0
0
0
0
0
0
0
0
0
0
0
0
0
0
0
0
0
0
0
0
0
0
0
0
0
0
0
0
0
0
0
0
0
0
0
0
0
0
0
0
0
0
0
0
0
0
0
0
0
0
0
-0
-0
-0
-0
-0
-0
-0
-0
-0
-0
-0
-0
-0
-0
-0
-0
-0
-0
-0
-0
-0
-0
-0
-0
-0
-0
-0
-0
-0
-0
-0
-0
-0
-0
-0
-0
-0
-0
-0
-0
-0
-0
-0
-0
-0
-0
-0
-0
-0
-0
-0
0
0
0
0
0
0
0
0
0
0
0
0
0
0
0
0
0
0
0
0
0
0
0
0
0
0
0
0
0
0
0
0
0
0
0
0
0
0
0
0
0
0
0
0
0
0
0
0
0
-0
-0
-0
-0
-0
-0
-0
-0
-0
-0
-0
-0
-0
-0
-0
-0
-0
-0
-0
-0
-0
-0
-0
-0
-0
-0
-0
-0
-0
-0
-0
-0
-0
-0
-0
-0
-0
-0
-0
-0
-0
-0
-0
-0
-0
-0
-0
-0
-0
-0
0
0
0
0
0
0
0
0
0
0
0
0
0
0
0
0
0
0
0
0
0
0
0
0
0
0
0
0
0
0
0
0
0
0
0
0
0
0
0
0
0
0
0
0
0
0
0
0
0
0
-0
-0
-0
-0
-0
-0
-0
-0
-0
-0
-0
-0
-0
-0
-0
-0
-0
-0
-0
-0
-0
-0
-0
-0
-0
-0
-0
-0
-0
-0
-0
-0
-0
-0
-0
-0
-0
-0
-0
-0
-0
-0
-0
-0
-0
-0
-0
-0
-0
-0
0
0
0
0
0
0
0
0
0
0
0
0
0
0
0
0
0
0
0
0
0
0
0
0
0
0
0
0
0
0
0
0
0
0
0
0
0
0
0
0
0
0
0
0
0
0
0
0
0
0
-0
-0
-0
-0
-0
-0
-0
-0
-0
-0
-0
-0
-0
-0
-0
-0
-0
-0
-0
-0
-0
-0
-0
-0
-0
-0
-0
-0
-0
-0
-0
-0
-0
-0
-0
-0
-0
-0
-0
-0
-0
-0
-0
-0
-0
-0
-0
-0
-0
-0
-0
0
0
0
0
0
0
0
0
0
0
0
0
0
0
0
0
0
0
0
0
0
0
0
0
0
0
0
0
0
0
0
0
0
0
0
0
0
0
0
0
0
0
0
0
0
0
0
0
0
0
-0
-0
-0
-0
-0
-0
-0
-0
-0
-0
-0
-0
-0
-0
-0
-0
-0
-0
-0
-0
-0
-0
-0
-0
-0
-0
-0
-0
-0
-0
-0
-0
-0
-0
-0
-0
-0
-0
-0
-0
-0
-0
-0
-0
-0
-0
-0
-0
-0
-0
0
0
0
0
0
0
0
0
0
0
0
0
0
0
0
0
0
0
0
0
0
0
0
0
0
0
0
0
0
0
0
0
0
0
0
0
0
0
0
0
0
0
0
0
0
0
0
0
0
0
-0
-0
-0
-0
-0
-0
-0
-0
-0
-0
-0
-0
-0
-0
-0
-0
-0
-0
-0
-0
-0
-0
-0
-0
-0
-0
-0
-0
-0
-0
-0
-0
-0
-0
-0
-0
-0
-0
-0
-0
-0
-0
-0
-0
-0
-0
-0
-0
-0
-0
0
0
0
0
0
0
0
0
0
0
0
0
0
0
0
0
0
0
0
0
0
0
0
0
0
0
0
0
0
0
0
0
0
0
0
0
0
0
0
0
0
0
0
0
0
0
0
0
0
0
-0
-0
-0
-0
-0
-0
-0
-0
-0
-0
-0
-0
-0
-0
-0
-0
-0
-0
-0
-0
-0
-0
-0
-0
-0
-0
-0
-0
-0
-0
-0
-0
-0
-0
-0
-0
-0
-0
-0
-0
-0
-0
-0
-0
-0
-0
-0
-0
-0
-0
0
0
0
0
0
0
0
0
0
0
0
0
0
0
0
0
0
0
0
0
0
0
0
0
0
0
0
0
0
0
0
0
0
0
0
0
0
0
0
0
0
0
0
0
0
0
0
0
0
0
-0
-0
-0
-0
-0
-0
-0
-0
-0
-0
-0
-0
-0
-0
-0
-0
-0
-0
-0
-0
-0
-0
-0
-0
-0
-0
-0
-0
-0
-0
-0
-0
-0
-0
-0
-0
-0
-0
-0
-0
-0
-0
-0
-0
-0
-0
-0
-0
-0
0
0
0
0
0
0
0
0
0
0
0
0
0
0
0
0
0
0
0
0
0
0
0
0
0
0
0
0
0
0
0
0
0
0
0
0
0
0
0
0
0
0
0
0
0
0
0
0
0
0
0
-0
-0
-0
-0
-0
-0
-0
-0
-0
-0
-0
-0
-0
-0
-0
-0
-0
-0
-0
-0
-0
-0
-0
-0
-0
-0
-0
-0
-0
-0
-0
-0
-0
-0
-0
-0
-0
-0
-0
-0
-0
-0
-0
-0
-0
-0
-0
-0
-0
-0
9.4186e-08
3.76e-07
8.4322e-07
1.4921e-06
2.3176e-06
3.3131e-06
4.4707e-06
5.781e-06
7.2337e-06
8.8168e-06
1.0517e-05
1.2322e-05
1.4215e-05
1.6181e-05
1.8203e-05
2.0264e-05
2.2346e-05
2.443e-05
2.6499e-05
2.8532e-05
3.051e-05
3.2415e-05
3.4228e-05
3.5929e-05
3.75e-05
3.8923e-05
4.0181e-05
4.1256e-05
4.2133e-05
4.2798e-05
4.3235e-05
4.3432e-05
4.3377e-05
4.3061e-05
4.2473e-05
4.1608e-05
4.0458e-05
3.9019e-05
3.7289e-05
3.5267e-05
3.2953e-05
3.035e-05
2.7463e-05
2.4296e-05
2.0859e-05
1.716e-05
1.321e-05
9.024e-06
4.6151e-06
1.1759e-18
-4.8035e-06
-9.776e-06
-1.4897e-05
-2.0144e-05
-2.5494e-05
-3.0922e-05
-3.6404e-05
-4.1913e-05
-4.7421e-05
-5.2901e-05
-5.8324e-05
-6.3663e-05
-6.8888e-05
-7.3969e-05
-7.8879e-05
-8.3588e-05
-8.8069e-05
-9.2292e-05
-9.6232e-05
-9.9861e-05
-0.00010315
-0.00010609
-0.00010864
-0.00011078
-0.0001125
-0.00011378
-0.00011459
-0.00011493
-0.00011478
-0.00011413
-0.00011297
-0.00011129
-0.0001091
-0.00010639
-0.00010315
-9.9396e-05
-9.513e-05
-9.036e-05
-8.5096e-05
-7.9351e-05
-7.314e-05
-6.6482e-05
-5.9396e-05
-5.1906e-05
-4.4035e-05
-3.5811e-05
-2.7264e-05
-1.8424e-05
-9.3244e-06
2.9429e-19
9.5128e-06
1.9176e-05
2.895e-05
3.8796e-05
4.867e-05
5.8532e-05
6.8338e-05
7.8044e-05
8.7608e-05
9.6985e-05
0.00010613
0.000115
0.00012356
0.00013176
0.00013956
0.00014691
0.00015379
0.00016015
0.00016597
0.00017119
0.0001758
0.00017976
0.00018305
0.00018563
0.0001875
0.00018863
0.000189
0.0001886
0.00018742
0.00018546
0.0001827
0.00017916
0.00017482
0.00016971
0.00016383
0.00015718
0.0001498
0.0001417
0.0001329
0.00012343
0.00011333
0.00010261
9.133e-05
7.9515e-05
6.7211e-05
5.4463e-05
4.1318e-05
2.7824e-05
1.4034e-05
1.9842e-18
-1.4222e-05
-2.8576e-05
-4.3004e-05
-5.7447e-05
-7.1846e-05
-8.6141e-05
-0.00010027
-0.00011418
-0.00012779
-0.00014107
-0.00015394
-0.00016634
-0.00017823
-0.00018955
-0.00020023
-0.00021024
-0.00021951
-0.00022802
-0.0002357
-0.00024252
-0.00024844
-0.00025343
-0.00025745
-0.00026048
-0.0002625
-0.00026348
-0.00026341
-0.00026227
-0.00026006
-0.00025679
-0.00025243
-0.00024702
-0.00024055
-0.00023303
-0.0002245
-0.00021497
-0.00020448
-0.00019304
-0.00018071
-0.00016752
-0.00015351
-0.00013875
-0.00012326
-0.00010712
-9.0387e-05
-7.3115e-05
-5.5371e-05
-3.7224e-05
-1.8743e-05
2.6467e-18
1.8931e-05
3.7976e-05
5.7058e-05
7.6099e-05
9.5023e-05
0.00011375
0.0001322
0.00015031
0.00016798
0.00018515
0.00020174
0.00021769
0.00023291
0.00024733
0.00026091
0.00027356
0.00028524
0.00029588
0.00030543
0.00031385
0.00032109
0.0003271
0.00033186
0.00033534
0.0003375
0.00033833
0.00033782
0.00033594
0.00033271
0.00032811
0.00032217
0.00031488
0.00030627
0.00029636
0.00028518
0.00027276
0.00025915
0.00024438
0.00022852
0.0002116
0.0001937
0.00017488
0.0001552
0.00013473
0.00011356
9.1767e-05
6.9425e-05
4.6624e-05
2.3452e-05
7.3432e-19
-2.3641e-05
-4.7376e-05
-7.1111e-05
-9.4751e-05
-0.0001182
-0.00014136
-0.00016414
-0.00018644
-0.00020817
-0.00022924
-0.00024955
-0.00026903
-0.00028758
-0.00030512
-0.00032158
-0.00033689
-0.00035096
-0.00036374
-0.00037516
-0.00038518
-0.00039373
-0.00040077
-0.00040627
-0.00041019
-0.0004125
-0.00041318
-0.00041222
-0.00040961
-0.00040535
-0.00039944
-0.0003919
-0.00038274
-0.00037199
-0.00035968
-0.00034585
-0.00033055
-0.00031382
-0.00029572
-0.00027632
-0.00025569
-0.00023389
-0.00021101
-0.00018713
-0.00016234
-0.00013674
-0.00011042
-8.3478e-05
-5.6024e-05
-2.8162e-05
7.0573e-18
2.835e-05
5.6776e-05
8.5165e-05
0.0001134
0.00014138
0.00016897
0.00019607
0.00022257
0.00024836
0.00027332
0.00029736
0.00032037
0.00034225
0.00036291
0.00038226
0.00040021
0.00041668
0.0004316
0.0004449
0.00045651
0.00046637
0.00047444
0.00048068
0.00048504
0.0004875
0.00048804
0.00048663
0.00048329
0.000478
0.00047077
0.00046163
0.0004506
0.00043772
0.00042301
0.00040653
0.00038834
0.00036849
0.00034707
0.00032413
0.00029977
0.00027408
0.00024714
0.00021906
0.00018995
0.00015992
0.00012907
9.7532e-05
6.5424e-05
3.2871e-05
-2.5737e-18
-3.3059e-05
-6.6176e-05
-9.9218e-05
-0.00013205
-0.00016455
-0.00019658
-0.000228
-0.0002587
-0.00028854
-0.0003174
-0.00034517
-0.00037171
-0.00039692
-0.0004207
-0.00044294
-0.00046354
-0.00048241
-0.00049946
-0.00051463
-0.00052784
-0.00053902
-0.00054812
-0.00055509
-0.00055989
-0.0005625
-0.00056289
-0.00056104
-0.00055696
-0.00055064
-0.0005421
-0.00053137
-0.00051847
-0.00050344
-0.00048633
-0.00046721
-0.00044613
-0.00042317
-0.00039841
-0.00037194
-0.00034385
-0.00031426
-0.00028327
-0.000251
-0.00021756
-0.00018309
-0.00014772
-0.00011159
-7.4824e-05
-3.758e-05
-3.527e-18
3.7768e-05
7.5576e-05
0.00011327
0.00015071
0.00018773
0.00022419
0.00025994
0.00029483
0.00032873
0.00036149
0.00039297
0.00042305
0.0004516
0.00047849
0.00050361
0.00052686
0.00054813
0.00056733
0.00058436
0.00059917
0.00061166
0.00062179
0.0006295
0.00063474
0.0006375
0.00063774
0.00063545
0.00063063
0.00062328
0.00061343
0.0006011
0.00058633
0.00056916
0.00054966
0.00052788
0.00050392
0.00047784
0.00044975
0.00041974
0.00038794
0.00035445
0.0003194
0.00028293
0.00024517
0.00020627
0.00016637
0.00012564
8.4224e-05
4.2289e-05
-7.9399e-18
-4.2478e-05
-8.4976e-05
-0.00012733
-0.00016936
-0.0002109
-0.0002518
-0.00029187
-0.00033096
-0.00036892
-0.00040557
-0.00044078
-0.00047439
-0.00050627
-0.00053628
-0.00056429
-0.00059019
-0.00061385
-0.00063519
-0.0006541
-0.00067049
-0.0006843
-0.00069546
-0.00070391
-0.0007096
-0.0007125
-0.00071259
-0.00070986
-0.0007043
-0.00069593
-0.00068476
-0.00067083
-0.00065419
-0.00063488
-0.00061298
-0.00058856
-0.0005617
-0.00053251
-0.00050109
-0.00046755
-0.00043202
-0.00039464
-0.00035553
-0.00031486
-0.00027278
-0.00022945
-0.00018503
-0.00013969
-9.3624e-05
-4.6999e-05
7.3517e-19
4.6905e-05
9.3436e-05
0.00013941
0.00018465
0.00022898
0.00027223
0.00031423
0.00035481
0.00039383
0.00043114
0.00046659
0.00050006
0.00053142
0.00056055
0.00058735
0.00061172
0.00063357
0.00065283
0.00066944
0.00068333
0.00069447
0.00070283
0.00070837
0.00071109
0.000711
0.0007081
0.00070242
0.00069399
0.00068285
0.00066907
0.0006527
0.00063383
0.00061254
0.00058892
0.00056308
0.00053512
0.00050518
0.00047336
0.00043982
0.00040469
0.00036811
0.00033024
0.00029123
0.00025125
0.00021044
0.00016898
0.00012704
8.4788e-05
4.2384e-05
-1.2543e-17
-4.2195e-05
-8.4036e-05
-0.00012536
-0.000166
-0.00020581
-0.00024462
-0.00028229
-0.00031868
-0.00035365
-0.00038706
-0.00041879
-0.00044872
-0.00047675
-0.00050276
-0.00052667
-0.00054839
-0.00056785
-0.00058497
-0.00059971
-0.000612
-0.00062183
-0.00062915
-0.00063396
-0.00063624
-0.000636
-0.00063325
-0.00062801
-0.00062031
-0.00061021
-0.00059774
-0.00058297
-0.00056597
-0.00054682
-0.00052559
-0.0005024
-0.00047733
-0.0004505
-0.00042202
-0.00039202
-0.00036061
-0.00032793
-0.00029411
-0.0002593
-0.00022364
-0.00018726
-0.00015033
-0.00011299
-7.5388e-05
-3.7674e-05
4.6939e-18
3.7486e-05
7.4636e-05
0.0001113
0.00014735
0.00018263
0.00021701
0.00025036
0.00028255
0.00031346
0.00034297
0.00037098
0.00039738
0.00042207
0.00044497
0.00046599
0.00048507
0.00050212
0.00051711
0.00052997
0.00054068
0.00054919
0.00055548
0.00055955
0.00056139
0.000561
0.0005584
0.0005536
0.00054664
0.00053756
0.00052641
0.00051324
0.00049811
0.00048109
0.00046227
0.00044172
0.00041954
0.00039583
0.00037068
0.00034421
0.00031652
0.00028774
0.00025798
0.00022737
0.00019603
0.00016409
0.00013168
9.8937e-05
6.5988e-05
3.2965e-05
1.538e-18
-3.2777e-05
-6.5236e-05
-9.7251e-05
-0.0001287
-0.00015945
-0.0001894
-0.00021842
-0.00024642
-0.00027327
-0.00029889
-0.00032317
-0.00034604
-0.0003674
-0.00038718
-0.00040532
-0.00042174
-0.0004364
-0.00044925
-0.00046024
-0.00046935
-0.00047654
-0.00048181
-0.00048514
-0.00048654
-0.000486
-0.00048354
-0.00047919
-0.00047297
-0.00046492
-0.00045508
-0.0004435
-0.00043025
-0.00041537
-0.00039894
-0.00038105
-0.00036176
-0.00034116
-0.00031934
-0.0002964
-0.00027244
-0.00024755
-0.00022185
-0.00019543
-0.00016842
-0.00014091
-0.00011303
-8.4884e-05
-5.6588e-05
-2.8256e-05
6.5944e-18
2.8067e-05
5.5836e-05
8.3197e-05
0.00011005
0.00013628
0.00016179
0.00018649
0.00021029
0.00023308
0.0002548
0.00027537
0.0002947
0.00031273
0.00032939
0.00034464
0.00035842
0.00037068
0.00038138
0.00039051
0.00039802
0.0004039
0.00040814
0.00041074
0.00041169
0.000411
0.00040869
0.00040478
0.0003993
0.00039228
0.00038375
0.00037377
0.00036238
0.00034965
0.00033562
0.00032037
0.00030397
0.00028648
0.000268
0.0002486
0.00022835
0.00020736
0.00018572
0.0001635
0.00014081
0.00011774
9.4378e-05
7.083e-05
4.7188e-05
2.3546e-05
-1.4651e-18
-2.3358e-05
-4.6436e-05
-6.9144e-05
-9.1394e-05
-0.0001131
-0.00013418
-0.00015456
-0.00017415
-0.0001929
-0.00021072
-0.00022756
-0.00024336
-0.00025805
-0.00027161
-0.00028396
-0.00029509
-0.00030495
-0.00031352
-0.00032077
-0.00032669
-0.00033126
-0.00033447
-0.00033633
-0.00033683
-0.000336
-0.00033384
-0.00033037
-0.00032563
-0.00031963
-0.00031242
-0.00030404
-0.00029452
-0.00028392
-0.0002723
-0.00025969
-0.00024618
-0.00023181
-0.00021666
-0.00020079
-0.00018427
-0.00016718
-0.00014958
-0.00013157
-0.0001132
-9.4559e-05
-7.5726e-05
-5.6777e-05
-3.7788e-05
-1.8837e-05
6.4368e-18
1.8649e-05
3.7036e-05
5.509e-05
7.2742e-05
8.9924e-05
0.00010657
0.00012262
0.00013802
0.00015271
0.00016664
0.00017975
0.00019202
0.00020338
0.00021382
0.00022329
0.00023177
0.00023923
0.00024566
0.00025104
0.00025536
0.00025861
0.0002608
0.00026192
0.00026198
0.000261
0.00025899
0.00025597
0.00025196
0.00024699
0.00024109
0.0002343
0.00022666
0.0002182
0.00020897
0.00019902
0.00018839
0.00017714
0.00016532
0.00015298
0.00014019
0.00012699
0.00011345
9.9632e-05
8.5589e-05
7.1383e-05
5.7074e-05
4.2723e-05
2.8388e-05
1.4128e-05
-2.41e-18
-1.3939e-05
-2.7636e-05
-4.1037e-05
-5.409e-05
-6.6748e-05
-7.8963e-05
-9.0691e-05
-0.00010189
-0.00011252
-0.00012255
-0.00013195
-0.00014067
-0.00014871
-0.00015603
-0.00016261
-0.00016844
-0.00017351
-0.0001778
-0.00018131
-0.00018403
-0.00018597
-0.00018713
-0.00018751
-0.00018713
-0.000186
-0.00018414
-0.00018156
-0.00017829
-0.00017434
-0.00016976
-0.00016457
-0.0001588
-0.00015248
-0.00014565
-0.00013834
-0.0001306
-0.00012247
-0.00011398
-0.00010517
-9.6103e-05
-8.6804e-05
-7.7321e-05
-6.7699e-05
-5.798e-05
-4.8207e-05
-3.8423e-05
-2.8669e-05
-1.8988e-05
-9.4186e-06
3.6767e-22
9.2302e-06
1.8236e-05
2.6983e-05
3.5438e-05
4.3571e-05
5.1353e-05
5.8758e-05
6.5759e-05
7.2337e-05
7.8469e-05
8.414e-05
8.9333e-05
9.4037e-05
9.824e-05
0.00010194
0.00010512
0.00010779
0.00010994
0.00011157
0.0001127
0.00011332
0.00011345
0.0001131
0.00011228
0.000111
0.00010928
0.00010715
0.00010461
0.0001017
9.8434e-05
9.4837e-05
9.0935e-05
8.6754e-05
8.2322e-05
7.7666e-05
7.2814e-05
6.7794e-05
6.2636e-05
5.7368e-05
5.2019e-05
4.6617e-05
4.119e-05
3.5765e-05
3.037e-05
2.503e-05
1.9771e-05
1.4616e-05
9.588e-06
4.7093e-06
-1.2968e-18
-4.5209e-06
-8.836e-06
-1.2929e-05
-1.6787e-05
-2.0395e-05
-2.3744e-05
-2.6824e-05
-2.9628e-05
-3.215e-05
-3.4385e-05
-3.6333e-05
-3.7992e-05
-3.9364e-05
-4.0452e-05
-4.126e-05
-4.1794e-05
-4.2063e-05
-4.2074e-05
-4.184e-05
-4.1371e-05
-4.068e-05
-3.9783e-05
-3.8692e-05
-3.7426e-05
-3.6e-05
-3.4432e-05
-3.274e-05
-3.0942e-05
-2.9057e-05
-2.7105e-05
-2.5104e-05
-2.3073e-05
-2.1031e-05
-1.8997e-05
-1.6989e-05
-1.5025e-05
-1.3121e-05
-1.1295e-05
-9.5614e-06
-7.9351e-06
-6.4299e-06
-5.0584e-06
-3.832e-06
-2.7609e-06
-1.8541e-06
-1.1191e-06
-5.6214e-07
-1.88e-07
-0
-0
0
0
0
0
0
0
0
0
0
0
0
0
0
0
0
0
0
0
0
0
0
0
0
0
0
0
0
0
0
0
0
0
0
0
0
0
0
0
0
0
0
0
0
0
0
0
0
0
0
0
-0
-0
-0
-0
-0
-0
-0
-0
-0
-0
-0
-0
-0
-0
-0
-0
-0
-0
-0
-0
-0
-0
-0
-0
-0
-0
-0
-0
-0
-0
-0
-0
-0
-0
-0
-0
-0
-0
-0
-0
-0
-0
-0
-0
-0
-0
-0
-0
-0
-0
0
0
0
0
0
0
0
0
0
0
0
0
0
0
0
0
0
0
0
0
0
0
0
0
0
0
0
0
0
0
0
0
0
0
0
0
0
0
0
0
0
0
0
0
0
0
0
0
0
0
-0
-0
-0
-0
-0
-0
-0
-0
-0
-0
-0
-0
-0
-0
-0
-0
-0
-0
-0
-0
-0
-0
-0
-0
-0
-0
-0
-0
-0
-0
-0
-0
-0
-0
-0
-0
-0
-0
-0
-0
-0
-0
-0
-0
-0
-0
-0
-0
-0
-0
0
0
0
0
0
0
0
0
0
0
0
0
0
0
0
0
0
0
0
0
0
0
0
0
0
0
0
0
0
0
0
0
0
0
0
0
0
0
0
0
0
0
0
0
0
0
0
0
0
0
-0
-0
-0
-0
-0
-0
-0
-0
-0
-0
-0
-0
-0
-0
-0
-0
-0
-0
-0
-0
-0
-0
-0
-0
-0
-0
-0
-0
-0
-0
-0
-0
-0
-0
-0
-0
-0
-0
-0
-0
-0
-0
-0
-0
-0
-0
-0
-0
-0
-0
0
0
0
0
0
0
0
0
0
0
0
0
0
0
0
0
0
0
0
0
0
0
0
0
0
0
0
0
0
0
0
0
0
0
0
0
0
0
0
0
0
0
0
0
0
0
0
0
0
0
-0
-0
-0
-0
-0
-0
-0
-0
-0
-0
-0
-0
-0
-0
-0
-0
-0
-0
-0
-0
-0
-0
-0
-0
-0
-0
-0
-0
-0
-0
-0
-0
-0
-0
-0
-0
-0
-0
-0
-0
-0
-0
-0
-0
-0
-0
-0
-0
-0
-0
0
0
0
0
0
0
0
0
0
0
0
0
0
0
0
0
0
0
0
0
0
0
0
0
0
0
0
0
0
0
0
0
0
0
0
0
0
0
0
0
0
0
0
0
0
0
0
0
0
0
-0
-0
-0
-0
-0
-0
-0
-0
-0
-0
-0
-0
-0
-0
-0
-0
-0
-0
-0
-0
-0
-0
-0
-0
-0
-0
-0
-0
-0
-0
-0
-0
-0
-0
-0
-0
-0
-0
-0
-0
-0
-0
-0
-0
-0
-0
-0
-0
-0
-0
0
0
0
0
0
0
0
0
0
0
0
0
0
0
0
0
0
0
0
0
0
0
0
0
0
0
0
0
0
0
0
0
0
0
0
0
0
0
0
0
0
0
0
0
0
0
0
0
0
-0
-0
-0
-0
-0
-0
-0
-0
-0
-0
-0
-0
-0
-0
-0
-0
-0
-0
-0
-0
-0
-0
-0
-0
-0
-0
-0
-0
-0
-0
-0
-0
-0
-0
-0
-0
-0
-0
-0
-0
-0
-0
-0
-0
-0
-0
-0
-0
-0
-0
-0
0
0
0
0
0
0
0
0
0
0
0
0
0
0
0
0
0
0
0
0
0
0
0
0
0
0
0
0
0
0
0
0
0
0
0
0
0
0
0
0
0
0
0
0
0
0
0
0
0
0
-0
-0
-0
-0
-0
-0
-0
-0
-0
-0
-0
-0
-0
-0
-0
-0
-0
-0
-0
-0
-0
-0
-0
-0
-0
-0
-0
-0
-0
-0
-0
-0
-0
-0
-0
-0
-0
-0
-0
-0
-0
-0
-0
-0
-0
-0
-0
-0
-0
-0
0
0
0
0
0
0
0
0
0
0
0
0
0
0
0
0
0
0
0
0
0
0
0
0
0
0
0
0
0
0
0
0
0
0
0
0
0
0
0
0
0
0
0
0
0
0
0
0
0
0
-0
-0
-0
-0
-0
-0
-0
-0
-0
-0
-0
-0
-0
-0
-0
-0
-0
-0
-0
-0
-0
-0
-0
-0
-0
-0
-0
-0
-0
-0
-0
-0
-0
-0
-0
-0
-0
-0
-0
-0
-0
-0
-0
-0
-0
-0
-0
-0
-0
0
0
0
0
0
0
0
0
0
0
0
0
0
0
0
0
0
0
0
0
0
0
0
0
0
0
0
0
0
0
0
0
0
0
0
0
0
0
0
0
0
0
0
0
0
0
0
0
0
0
0
-0
-0
-0
-0
-0
-0
-0
-0
-0
-0
-0
-0
-0
-0
-0
-0
-0
-0
-0
-0
-0
-0
-0
-0
-0
-0
-0
-0
-0
-0
-0
-0
-0
-0
-0
-0
-0
-0
-0
-0
-0
-0
-0
-0
-0
-0
-0
-0
-0
-0
0
0
0
0
0
0
0
0
0
0
0
0
0
0
0
0
0
0
0
0
0
0
0
0
0
0
0
0
0
0
0
0
0
0
0
0
0
0
0
0
0
0
0
0
0
0
0
0
0
-0
-0
-0
-0
-0
-0
-0
-0
-0
-0
-0
-0
-0
-0
-0
-0
-0
-0
-0
-0
-0
-0
-0
-0
-0
-0
-0
-0
-0
-0
-0
-0
-0
-0
-0
-0
-0
-0
-0
-0
-0
-0
-0
-0
-0
-0
-0
-0
-0
-0
-0
0
0
0
0
0
0
0
0
0
0
0
0
0
0
0
0
0
0
0
0
0
0
0
0
0
0
0
0
0
0
0
0
0
0
0
0
0
0
0
0
0
0
0
0
0
0
0
0
0
0
-0
-0
-0
-0
-0
-0
-0
-0
-0
-0
-0
-0
-0
-0
-0
-0
-0
-0
-0
-0
-0
-0
-0
-0
-0
-0
-0
-0
-0
-0
-0
-0
-0
-0
-0
-0
-0
-0
-0
-0
-0
-0
-0
-0
-0
-0
-0
-0
-0
-0
0
0
0
0
0
0
0
0
0
0
0
0
0
0
0
0
0
0
0
0
0
0
0
0
0
0
0
0
0
0
0
0
0
0
0
0
0
0
0
0
0
0
0
0
0
0
0
0
0
-0
-0
-0
-0
-0
-0
-0
-0
-0
-0
-0
-0
-0
-0
-0
-0
-0
-0
-0
-0
-0
-0
-0
-0
-0
-0
-0
-0
-0
-0
-0
-0
-0
-0
-0
-0
-0
-0
-0
-0
-0
-0
-0
-0
-0
-0
-0
-0
-0
-0
0
0
0
0
0
0
0
0
0
0
0
0
0
0
0
0
0
0
0
0
0
0
0
0
0
0
0
0
0
0
0
0
0
0
0
0
0
0
0
0
0
0
0
0
0
0
0
0
0
0
0
-0
-0
-0
-0
-0
-0
-0
-0
-0
-0
-0
-0
-0
-0
-0
-0
-0
-0
-0
-0
-0
-0
-0
-0
-0
-0
-0
-0
-0
-0
-0
-0
-0
-0
-0
-0
-0
-0
-0
-0
-0
-0
-0
-0
-0
-0
-0
-0
-0
-0
0
0
0
0
0
0
0
0
0
0
0
0
0
0
0
0
0
0
0
0
0
0
0
0
0
0
0
0
0
0
0
0
0
0
0
0
0
0
0
0
0
0
0
0
0
0
0
0
0
-0
-0
-0
-0
-0
-0
-0
-0
-0
-0
-0
-0
-0
-0
-0
-0
-0
-0
-0
-0
-0
-0
-0
-0
-0
-0
-0
-0
-0
-0
-0
-0
-0
-0
-0
-0
-0
-0
-0
-0
-0
-0
-0
-0
-0
-0
-0
-0
-0
-0
0
0
0
0
0
0
0
0
0
0
0
0
0
0
0
0
0
0
0
0
0
0
0
0
0
0
0
0
0
0
0
0
0
0
0
0
0
0
0
0
0
0
0
0
0
0
0
0
0
0
-0
-0
-0
-0
-0
-0
-0
-0
-0
-0
-0
-0
-0
-0
-0
-0
-0
-0
-0
-0
-0
-0
-0
-0
-0
-0
-0
-0
-0
-0
-0
-0
-0
-0
-0
-0
-0
-0
-0
-0
-0
-0
-0
-0
-0
-0
-0
-0
-0
-0
-0
0
0
0
0
0
0
0
0
0
0
0
0
0
0
0
0
0
0
0
0
0
0
0
0
0
0
0
0
0
0
0
0
0
0
0
0
0
0
0
0
0
0
0
0
0
0
0
0
0
0
-0
-0
-0
-0
-0
-0
-0
-0
-0
-0
-0
-0
-0
-0
-0
-0
-0
-0
-0
-0
-0
-0
-0
-0
-0
-0
-0
-0
-0
-0
-0
-0
-0
-0
-0
-0
-0
-0
-0
-0
-0
-0
-0
-0
-0
-0
-0
-0
-0
0
0
0
0
0
0
0
0
0
0
0
0
0
0
0
0
0
0
0
0
0
0
0
0
0
0
0
0
0
0
0
0
0
0
0
0
0
0
0
0
0
0
0
0
0
0
0
0
0
0
-0
-0
-0
-0
-0
-0
-0
-0
-0
-0
-0
-0
-0
-0
-0
-0
-0
-0
-0
-0
-0
-0
-0
-0
-0
-0
-0
-0
-0
-0
-0
-0
-0
-0
-0
-0
-0
-0
-0
-0
-0
-0
-0
-0
-0
-0
-0
-0
-0
-0
0
0
0
0
0
0
0
0
0
0
0
0
0
0
0
0
0
0
0
0
0
0
0
0
0
0
0
0
0
0
0
0
0
0
0
0
0
0
0
0
0
0
0
0
0
0
0
0
0
0
0
-0
-0
-0
-0
-0
-0
-0
-0
-0
-0
-0
-0
-0
-0
-0
-0
-0
-0
-0
-0
-0
-0
-0
-0
-0
-0
-0
-0
-0
-0
-0
-0
-0
-0
-0
-0
-0
-0
-0
-0
-0
-0
-0
-0
-0
-0
-0
-0
-0
-0
0
0
0
0
0
0
0
0
0
0
0
0
0
0
0
0
0
0
0
0
0
0
0
0
0
0
0
0
0
0
0
0
0
0
0
0
0
0
0
0
0
0
0
0
0
0
0
0
0
-0
-0
-0
-0
-0
-0
-0
-0
-0
-0
-0
-0
-0
-0
-0
-0
-0
-0
-0
-0
-0
-0
-0
-0
-0
-0
-0
-0
-0
-0
-0
-0
-0
-0
-0
-0
-0
-0
-0
-0
-0
-0
-0
-0
-0
-0
-0
-0
-0
-0
0
0
0
0
0
0
0
0
0
0
0
0
0
0
0
0
0
0
0
0
0
0
0
0
0
0
0
0
0
0
0
0
0
0
0
0
0
0
0
0
0
0
0
0
0
0
0
0
0
0
-0
-0
-0
-0
-0
-0
-0
-0
-0
-0
-0
-0
-0
-0
-0
-0
-0
-0
-0
-0
-0
-0
-0
-0
-0
-0
-0
-0
-0
-0
-0
-0
-0
-0
-0
-0
-0
-0
-0
-0
-0
-0
-0
-0
-0
-0
-0
-0
-0
-0
0
0
0
0
0
0
0
0
0
0
0
0
0
0
0
0
0
0
0
0
0
0
0
0
0
0
0
0
0
0
0
0
0
0
0
0
0
0
0
0
0
0
0
0
0
0
0
0
0
0
0
-0
-0
-0
-0
-0
-0
-0
-0
-0
-0
-0
-0
-0
-0
-0
-0
-0
-0
-0
-0
-0
-0
-0
-0
-0
-0
-0
-0
-0
-0
-0
-0
-0
-0
-0
-0
-0
-0
-0
-0
-0
-0
-0
-0
-0
-0
-0
-0
-0
-0
0
0
0
0
0
0
0
0
0
0
0
0
0
0
0
0
0
0
0
0
0
0
0
0
0
0
0
0
0
0
0
0
0
0
0
0
0
0
0
0
0
0
0
0
0
0
0
0
0
0
-0
-0
-0
-0
-0
-0
-0
-0
-0
-0
-0
-0
-0
-0
-0
-0
-0
-0
-0
-0
-0
-0
-0
-0
-0
-0
-0
-0
-0
-0
-0
-0
-0
-0
-0
-0
-0
-0
-0
-0
-0
-0
-0
-0
-0
-0
-0
-0
-0
0
0
0
0
0
0
0
0
0
0
0
0
0
0
0
0
0
0
0
0
0
0
0
0
0
0
0
0
0
0
0
0
0
0
0
0
0
0
0
0
0
0
0
0
0
0
0
0
0
0
-0
-0
-0
-0
-0
-0
-0
-0
-0
-0
-0
-0
-0
-0
-0
-0
-0
-0
-0
-0
-0
-0
-0
-0
-0
-0
-0
-0
-0
-0
-0
-0
-0
-0
-0
-0
-0
-0
-0
-0
-0
-0
-0
-0
-0
-0
-0
-0
-0
-0
-0
0
0
0
0
0
0
0
0
0
0
0
0
0
0
0
0
0
0
0
0
0
0
0
0
0
0
0
0
0
0
0
0
0
0
0
0
0
0
0
0
0
0
0
0
0
0
0
0
0
0
-0
-0
-0
-0
-0
-0
-0
-0
-0
-0
-0
-0
-0
-0
-0
-0
-0
-0
-0
-0
-0
-0
-0
-0
-0
-0
-0
-0
-0
-0
-0
-0
-0
-0
-0
-0
-0
-0
-0
-0
-0
-0
-0
-0
-0
-0
-0
-0
-0
-0
0
0
0
0
0
0
0
0
0
0
0
0
0
0
0
0
0
0
0
0
0
0
0
0
0
0
0
0
0
0
0
0
0
0
0
0
0
0
0
0
0
0
0
0
0
0
0
0
0
-0
-0
-0
-0
-0
-0
-0
-0
-0
-0
-0
-0
-0
-0
-0
-0
-0
-0
-0
-0
-0
-0
-0
-0
-0
-0
-0
-0
-0
-0
-0
-0
-0
-0
-0
-0
-0
-0
-0
-0
-0
-0
-0
-0
-0
-0
-0
-0
-0
-0
0
0
0
0
0
0
0
0
0
0
0
0
0
0
0
0
0
0
0
0
0
0
0
0
0
0
0
0
0
0
0
0
0
0
0
0
0
0
0
0
0
0
0
0
0
0
0
0
0
0
0
-0
-0
-0
-0
-0
-0
-0
-0
-0
-0
-0
-0
-0
-0
-0
-0
-0
-0
-0
-0
-0
-0
-0
-0
-0
-0
-0
-0
-0
-0
-0
-0
-0
-0
-0
-0
-0
-0
-0
-0
-0
-0
-0
-0
-0
-0
-0
-0
-0
-0
0
0
0
0
0
0
0
0
0
0
0
0
0
0
0
0
0
0
0
0
0
0
0
0
0
0
0
0
0
0
0
0
0
0
0
0
0
0
0
0
0
0
0
0
0
0
0
0
0
0
-0
-0
-0
-0
-0
-0
-0
-0
-0
-0
-0
-0
-0
-0
-0
-0
-0
-0
-0
-0
-0
-0
-0
-0
-0
-0
-0
-0
-0
-0
-0
-0
-0
-0
-0
-0
-0
-0
-0
-0
-0
-0
-0
-0
-0
-0
-0
-0
-0
0
0
0
0
0
0
0
0
0
0
0
0
0
0
0
0
0
0
0
0
0
0
0
0
0
0
0
0
0
0
0
0
0
0
0
0
0
0
0
0
0
0
0
0
0
0
0
0
0
0
-0
-0
-0
-0
-0
-0
-0
-0
-0
-0
-0
-0
-0
-0
-0
-0
-0
-0
-0
-0
-0
-0
-0
-0
-0
-0
-0
-0
-0
-0
-0
-0
-0
-0
-0
-0
-0
-0
-0
-0
-0
-0
-0
-0
-0
-0
-0
-0
-0
-0
0
9.4186e-08
3.76e-07
8.4322e-07
1.4921e-06
2.3176e-06
3.3131e-06
4.4707e-06
5.781e-06
7.2337e-06
8.8168e-06
1.0517e-05
1.2322e-05
1.4215e-05
1.6181e-05
1.8203e-05
2.0264e-05
2.2346e-05
2.443e-05
2.6499e-05
2.8532e-05
3.051e-05
3.2415e-05
3.4228e-05
3.5929e-05
3.75e-05
3.8923e-05
4.0181e-05
4.1256e-05
4.2133e-05
4.2798e-05
4.3235e-05
4.3432e-05
4.3377e-05
4.3061e-05
4.2473e-05
4.1608e-05
4.0458e-05
3.9019e-05
3.7289e-05
3.5267e-05
3.2953e-05
3.035e-05
2.7463e-05
2.4296e-05
2.0859e-05
1.716e-05
1.321e-05
9.024e-06
4.6151e-06
8.0817e-19
-4.8035e-06
-9.776e-06
-1.4897e-05
-2.0144e-05
-2.5494e-05
-3.0922e-05
-3.6404e-05
-4.1913e-05
-4.7421e-05
-5.2901e-05
-5.8324e-05
-6.3663e-05
-6.8888e-05
-7.3969e-05
-7.8879e-05
-8.3588e-05
-8.8069e-05
-9.2292e-05
-9.6232e-05
-9.9861e-05
-0.00010315
-0.00010609
-0.00010864
-0.00011078
-0.0001125
-0.00011378
-0.00011459
-0.00011493
-0.00011478
-0.00011413
-0.00011297
-0.00011129
-0.0001091
-0.00010639
-0.00010315
-9.9396e-05
-9.513e-05
-9.036e-05
-8.5096e-05
-7.9351e-05
-7.314e-05
-6.6482e-05
-5.9396e-05
-5.1906e-05
-4.4035e-05
-3.5811e-05
-2.7264e-05
-1.8424e-05
-9.3244e-06
5.2931e-18
9.5128e-06
1.9176e-05
2.895e-05
3.8796e-05
4.867e-05
5.8532e-05
6.8338e-05
7.8044e-05
8.7608e-05
9.6985e-05
0.00010613
0.000115
0.00012356
0.00013176
0.00013956
0.00014691
0.00015379
0.00016015
0.00016597
0.00017119
0.0001758
0.00017976
0.00018305
0.00018563
0.0001875
0.00018863
0.000189
0.0001886
0.00018742
0.00018546
0.0001827
0.00017916
0.00017482
0.00016971
0.00016383
0.00015718
0.0001498
0.0001417
0.0001329
0.00012343
0.00011333
0.00010261
9.133e-05
7.9515e-05
6.7211e-05
5.4463e-05
4.1318e-05
2.7824e-05
1.4034e-05
-5.514e-18
-1.4222e-05
-2.8576e-05
-4.3004e-05
-5.7447e-05
-7.1846e-05
-8.6141e-05
-0.00010027
-0.00011418
-0.00012779
-0.00014107
-0.00015394
-0.00016634
-0.00017823
-0.00018955
-0.00020023
-0.00021024
-0.00021951
-0.00022802
-0.0002357
-0.00024252
-0.00024844
-0.00025343
-0.00025745
-0.00026048
-0.0002625
-0.00026348
-0.00026341
-0.00026227
-0.00026006
-0.00025679
-0.00025243
-0.00024702
-0.00024055
-0.00023303
-0.0002245
-0.00021497
-0.00020448
-0.00019304
-0.00018071
-0.00016752
-0.00015351
-0.00013875
-0.00012326
-0.00010712
-9.0387e-05
-7.3115e-05
-5.5371e-05
-3.7224e-05
-1.8743e-05
-1.2935e-17
1.8931e-05
3.7976e-05
5.7058e-05
7.6099e-05
9.5023e-05
0.00011375
0.0001322
0.00015031
0.00016798
0.00018515
0.00020174
0.00021769
0.00023291
0.00024733
0.00026091
0.00027356
0.00028524
0.00029588
0.00030543
0.00031385
0.00032109
0.0003271
0.00033186
0.00033534
0.0003375
0.00033833
0.00033782
0.00033594
0.00033271
0.00032811
0.00032217
0.00031488
0.00030627
0.00029636
0.00028518
0.00027276
0.00025915
0.00024438
0.00022852
0.0002116
0.0001937
0.00017488
0.0001552
0.00013473
0.00011356
9.1767e-05
6.9425e-05
4.6624e-05
2.3452e-05
2.0212e-17
-2.3641e-05
-4.7376e-05
-7.1111e-05
-9.4751e-05
-0.0001182
-0.00014136
-0.00016414
-0.00018644
-0.00020817
-0.00022924
-0.00024955
-0.00026903
-0.00028758
-0.00030512
-0.00032158
-0.00033689
-0.00035096
-0.00036374
-0.00037516
-0.00038518
-0.00039373
-0.00040077
-0.00040627
-0.00041019
-0.0004125
-0.00041318
-0.00041222
-0.00040961
-0.00040535
-0.00039944
-0.0003919
-0.00038274
-0.00037199
-0.00035968
-0.00034585
-0.00033055
-0.00031382
-0.00029572
-0.00027632
-0.00025569
-0.00023389
-0.00021101
-0.00018713
-0.00016234
-0.00013674
-0.00011042
-8.3478e-05
-5.6024e-05
-2.8162e-05
-2.9105e-17
2.835e-05
5.6776e-05
8.5165e-05
0.0001134
0.00014138
0.00016897
0.00019607
0.00022257
0.00024836
0.00027332
0.00029736
0.00032037
0.00034225
0.00036291
0.00038226
0.00040021
0.00041668
0.0004316
0.0004449
0.00045651
0.00046637
0.00047444
0.00048068
0.00048504
0.0004875
0.00048804
0.00048663
0.00048329
0.000478
0.00047077
0.00046163
0.0004506
0.00043772
0.00042301
0.00040653
0.00038834
0.00036849
0.00034707
0.00032413
0.00029977
0.00027408
0.00024714
0.00021906
0.00018995
0.00015992
0.00012907
9.7532e-05
6.5424e-05
3.2871e-05
9.7733e-18
-3.3059e-05
-6.6176e-05
-9.9218e-05
-0.00013205
-0.00016455
-0.00019658
-0.000228
-0.0002587
-0.00028854
-0.0003174
-0.00034517
-0.00037171
-0.00039692
-0.0004207
-0.00044294
-0.00046354
-0.00048241
-0.00049946
-0.00051463
-0.00052784
-0.00053902
-0.00054812
-0.00055509
-0.00055989
-0.0005625
-0.00056289
-0.00056104
-0.00055696
-0.00055064
-0.0005421
-0.00053137
-0.00051847
-0.00050344
-0.00048633
-0.00046721
-0.00044613
-0.00042317
-0.00039841
-0.00037194
-0.00034385
-0.00031426
-0.00028327
-0.000251
-0.00021756
-0.00018309
-0.00014772
-0.00011159
-7.4824e-05
-3.758e-05
-5.1744e-17
3.7768e-05
7.5576e-05
0.00011327
0.00015071
0.00018773
0.00022419
0.00025994
0.00029483
0.00032873
0.00036149
0.00039297
0.00042305
0.0004516
0.00047849
0.00050361
0.00052686
0.00054813
0.00056733
0.00058436
0.00059917
0.00061166
0.00062179
0.0006295
0.00063474
0.0006375
0.00063774
0.00063545
0.00063063
0.00062328
0.00061343
0.0006011
0.00058633
0.00056916
0.00054966
0.00052788
0.00050392
0.00047784
0.00044975
0.00041974
0.00038794
0.00035445
0.0003194
0.00028293
0.00024517
0.00020627
0.00016637
0.00012564
8.4224e-05
4.2289e-05
2.712e-17
-4.2478e-05
-8.4976e-05
-0.00012733
-0.00016936
-0.0002109
-0.0002518
-0.00029187
-0.00033096
-0.00036892
-0.00040557
-0.00044078
-0.00047439
-0.00050627
-0.00053628
-0.00056429
-0.00059019
-0.00061385
-0.00063519
-0.0006541
-0.00067049
-0.0006843
-0.00069546
-0.00070391
-0.0007096
-0.0007125
-0.00071259
-0.00070986
-0.0007043
-0.00069593
-0.00068476
-0.00067083
-0.00065419
-0.00063488
-0.00061298
-0.00058856
-0.0005617
-0.00053251
-0.00050109
-0.00046755
-0.00043202
-0.00039464
-0.00035553
-0.00031486
-0.00027278
-0.00022945
-0.00018503
-0.00013969
-9.3624e-05
-4.6999e-05
-3.8142e-17
4.6905e-05
9.3436e-05
0.00013941
0.00018465
0.00022898
0.00027223
0.00031423
0.00035481
0.00039383
0.00043114
0.00046659
0.00050006
0.00053142
0.00056055
0.00058735
0.00061172
0.00063357
0.00065283
0.00066944
0.00068333
0.00069447
0.00070283
0.00070837
0.00071109
0.000711
0.0007081
0.00070242
0.00069399
0.00068285
0.00066907
0.0006527
0.00063383
0.00061254
0.00058892
0.00056308
0.00053512
0.00050518
0.00047336
0.00043982
0.00040469
0.00036811
0.00033024
0.00029123
0.00025125
0.00021044
0.00016898
0.00012704
8.4788e-05
4.2384e-05
4.1581e-17
-4.2195e-05
-8.4036e-05
-0.00012536
-0.000166
-0.00020581
-0.00024462
-0.00028229
-0.00031868
-0.00035365
-0.00038706
-0.00041879
-0.00044872
-0.00047675
-0.00050276
-0.00052667
-0.00054839
-0.00056785
-0.00058497
-0.00059971
-0.000612
-0.00062183
-0.00062915
-0.00063396
-0.00063624
-0.000636
-0.00063325
-0.00062801
-0.00062031
-0.00061021
-0.00059774
-0.00058297
-0.00056597
-0.00054682
-0.00052559
-0.0005024
-0.00047733
-0.0004505
-0.00042202
-0.00039202
-0.00036061
-0.00032793
-0.00029411
-0.0002593
-0.00022364
-0.00018726
-0.00015033
-0.00011299
-7.5388e-05
-3.7674e-05
-9.3818e-18
3.7486e-05
7.4636e-05
0.0001113
0.00014735
0.00018263
0.00021701
0.00025036
0.00028255
0.00031346
0.00034297
0.00037098
0.00039738
0.00042207
0.00044497
0.00046599
0.00048507
0.00050212
0.00051711
0.00052997
0.00054068
0.00054919
0.00055548
0.00055955
0.00056139
0.000561
0.0005584
0.0005536
0.00054664
0.00053756
0.00052641
0.00051324
0.00049811
0.00048109
0.00046227
0.00044172
0.00041954
0.00039583
0.00037068
0.00034421
0.00031652
0.00028774
0.00025798
0.00022737
0.00019603
0.00016409
0.00013168
9.8937e-05
6.5988e-05
3.2965e-05
4.3607e-17
-3.2777e-05
-6.5236e-05
-9.7251e-05
-0.0001287
-0.00015945
-0.0001894
-0.00021842
-0.00024642
-0.00027327
-0.00029889
-0.00032317
-0.00034604
-0.0003674
-0.00038718
-0.00040532
-0.00042174
-0.0004364
-0.00044925
-0.00046024
-0.00046935
-0.00047654
-0.00048181
-0.00048514
-0.00048654
-0.000486
-0.00048354
-0.00047919
-0.00047297
-0.00046492
-0.00045508
-0.0004435
-0.00043025
-0.00041537
-0.00039894
-0.00038105
-0.00036176
-0.00034116
-0.00031934
-0.0002964
-0.00027244
-0.00024755
-0.00022185
-0.00019543
-0.00016842
-0.00014091
-0.00011303
-8.4884e-05
-5.6588e-05
-2.8256e-05
-1.6701e-17
2.8067e-05
5.5836e-05
8.3197e-05
0.00011005
0.00013628
0.00016179
0.00018649
0.00021029
0.00023308
0.0002548
0.00027537
0.0002947
0.00031273
0.00032939
0.00034464
0.00035842
0.00037068
0.00038138
0.00039051
0.00039802
0.0004039
0.00040814
0.00041074
0.00041169
0.000411
0.00040869
0.00040478
0.0003993
0.00039228
0.00038375
0.00037377
0.00036238
0.00034965
0.00033562
0.00032037
0.00030397
0.00028648
0.000268
0.0002486
0.00022835
0.00020736
0.00018572
0.0001635
0.00014081
0.00011774
9.4378e-05
7.083e-05
4.7188e-05
2.3546e-05
1.7934e-17
-2.3358e-05
-4.6436e-05
-6.9144e-05
-9.1394e-05
-0.0001131
-0.00013418
-0.00015456
-0.00017415
-0.0001929
-0.00021072
-0.00022756
-0.00024336
-0.00025805
-0.00027161
-0.00028396
-0.00029509
-0.00030495
-0.00031352
-0.00032077
-0.00032669
-0.00033126
-0.00033447
-0.00033633
-0.00033683
-0.000336
-0.00033384
-0.00033037
-0.00032563
-0.00031963
-0.00031242
-0.00030404
-0.00029452
-0.00028392
-0.0002723
-0.00025969
-0.00024618
-0.00023181
-0.00021666
-0.00020079
-0.00018427
-0.00016718
-0.00014958
-0.00013157
-0.0001132
-9.4559e-05
-7.5726e-05
-5.6777e-05
-3.7788e-05
-1.8837e-05
-1.7551e-17
1.8649e-05
3.7036e-05
5.509e-05
7.2742e-05
8.9924e-05
0.00010657
0.00012262
0.00013802
0.00015271
0.00016664
0.00017975
0.00019202
0.00020338
0.00021382
0.00022329
0.00023177
0.00023923
0.00024566
0.00025104
0.00025536
0.00025861
0.0002608
0.00026192
0.00026198
0.000261
0.00025899
0.00025597
0.00025196
0.00024699
0.00024109
0.0002343
0.00022666
0.0002182
0.00020897
0.00019902
0.00018839
0.00017714
0.00016532
0.00015298
0.00014019
0.00012699
0.00011345
9.9632e-05
8.5589e-05
7.1383e-05
5.7074e-05
4.2723e-05
2.8388e-05
1.4128e-05
2.8463e-18
-1.3939e-05
-2.7636e-05
-4.1037e-05
-5.409e-05
-6.6748e-05
-7.8963e-05
-9.0691e-05
-0.00010189
-0.00011252
-0.00012255
-0.00013195
-0.00014067
-0.00014871
-0.00015603
-0.00016261
-0.00016844
-0.00017351
-0.0001778
-0.00018131
-0.00018403
-0.00018597
-0.00018713
-0.00018751
-0.00018713
-0.000186
-0.00018414
-0.00018156
-0.00017829
-0.00017434
-0.00016976
-0.00016457
-0.0001588
-0.00015248
-0.00014565
-0.00013834
-0.0001306
-0.00012247
-0.00011398
-0.00010517
-9.6103e-05
-8.6804e-05
-7.7321e-05
-6.7699e-05
-5.798e-05
-4.8207e-05
-3.8423e-05
-2.8669e-05
-1.8988e-05
-9.4186e-06
-1.1933e-17
9.2302e-06
1.8236e-05
2.6983e-05
3.5438e-05
4.3571e-05
5.1353e-05
5.8758e-05
6.5759e-05
7.2337e-05
7.8469e-05
8.414e-05
8.9333e-05
9.4037e-05
9.824e-05
0.00010194
0.00010512
0.00010779
0.00010994
0.00011157
0.0001127
0.00011332
0.00011345
0.0001131
0.00011228
0.000111
0.00010928
0.00010715
0.00010461
0.0001017
9.8434e-05
9.4837e-05
9.0935e-05
8.6754e-05
8.2322e-05
7.7666e-05
7.2814e-05
6.7794e-05
6.2636e-05
5.7368e-05
5.2019e-05
4.6617e-05
4.119e-05
3.5765e-05
3.037e-05
2.503e-05
1.9771e-05
1.4616e-05
9.588e-06
4.7093e-06
2.5208e-18
-4.5209e-06
-8.836e-06
-1.2929e-05
-1.6787e-05
-2.0395e-05
-2.3744e-05
-2.6824e-05
-2.9628e-05
-3.215e-05
-3.4385e-05
-3.6333e-05
-3.7992e-05
-3.9364e-05
-4.0452e-05
-4.126e-05
-4.1794e-05
-4.2063e-05
-4.2074e-05
-4.184e-05
-4.1371e-05
-4.068e-05
-3.9783e-05
-3.8692e-05
-3.7426e-05
-3.6e-05
-3.4432e-05
-3.274e-05
-3.0942e-05
-2.9057e-05
-2.7105e-05
-2.5104e-05
-2.3073e-05
-2.1031e-05
-1.8997e-05
-1.6989e-05
-1.5025e-05
-1.3121e-05
-1.1295e-05
-9.5614e-06
-7.9351e-06
-6.4299e-06
-5.0584e-06
-3.832e-06
-2.7609e-06
-1.8541e-06
-1.1191e-06
-5.6214e-07
-1.88e-07
-0
-0
0
0
0
0
0
0
0
0
0
0
0
0
0
0
0
0
0
0
0
0
0
0
0
0
0
0
0
0
0
0
0
0
0
0
0
0
0
0
0
0
0
0
0
0
0
0
0
0
0
0
-0
-0
-0
-0
-0
-0
-0
-0
-0
-0
-0
-0
-0
-0
-0
-0
-0
-0
-0
-0
-0
-0
-0
-0
-0
-0
-0
-0
-0
-0
-0
-0
-0
-0
-0
-0
-0
-0
-0
-0
-0
-0
-0
-0
-0
-0
-0
-0
-0
-0
0
0
0
0
0
0
0
0
0
0
0
0
0
0
0
0
0
0
0
0
0
0
0
0
0
0
0
0
0
0
0
0
0
0
0
0
0
0
0
0
0
0
0
0
0
0
0
0
0
0
-0
-0
-0
-0
-0
-0
-0
-0
-0
-0
-0
-0
-0
-0
-0
-0
-0
-0
-0
-0
-0
-0
-0
-0
-0
-0
-0
-0
-0
-0
-0
-0
-0
-0
-0
-0
-0
-0
-0
-0
-0
-0
-0
-0
-0
-0
-0
-0
-0
-0
0
0
0
0
0
0
0
0
0
0
0
0
0
0
0
0
0
0
0
0
0
0
0
0
0
0
0
0
0
0
0
0
0
0
0
0
0
0
0
0
0
0
0
0
0
0
0
0
0
0
-0
-0
-0
-0
-0
-0
-0
-0
-0
-0
-0
-0
-0
-0
-0
-0
-0
-0
-0
-0
-0
-0
-0
-0
-0
-0
-0
-0
-0
-0
-0
-0
-0
-0
-0
-0
-0
-0
-0
-0
-0
-0
-0
-0
-0
-0
-0
-0
-0
-0
0
0
0
0
0
0
0
0
0
0
0
0
0
0
0
0
0
0
0
0
0
0
0
0
0
0
0
0
0
0
0
0
0
0
0
0
0
0
0
0
0
0
0
0
0
0
0
0
0
0
-0
-0
-0
-0
-0
-0
-0
-0
-0
-0
-0
-0
-0
-0
-0
-0
-0
-0
-0
-0
-0
-0
-0
-0
-0
-0
-0
-0
-0
-0
-0
-0
-0
-0
-0
-0
-0
-0
-0
-0
-0
-0
-0
-0
-0
-0
-0
-0
-0
-0
0
0
0
0
0
0
0
0
0
0
0
0
0
0
0
0
0
0
0
0
0
0
0
0
0
0
0
0
0
0
0
0
0
0
0
0
0
0
0
0
0
0
0
0
0
0
0
0
0
0
-0
-0
-0
-0
-0
-0
-0
-0
-0
-0
-0
-0
-0
-0
-0
-0
-0
-0
-0
-0
-0
-0
-0
-0
-0
-0
-0
-0
-0
-0
-0
-0
-0
-0
-0
-0
-0
-0
-0
-0
-0
-0
-0
-0
-0
-0
-0
-0
-0
-0
0
0
0
0
0
0
0
0
0
0
0
0
0
0
0
0
0
0
0
0
0
0
0
0
0
0
0
0
0
0
0
0
0
0
0
0
0
0
0
0
0
0
0
0
0
0
0
0
0
0
-0
-0
-0
-0
-0
-0
-0
-0
-0
-0
-0
-0
-0
-0
-0
-0
-0
-0
-0
-0
-0
-0
-0
-0
-0
-0
-0
-0
-0
-0
-0
-0
-0
-0
-0
-0
-0
-0
-0
-0
-0
-0
-0
-0
-0
-0
-0
-0
-0
-0
0
0
0
0
0
0
0
0
0
0
0
0
0
0
0
0
0
0
0
0
0
0
0
0
0
0
0
0
0
0
0
0
0
0
0
0
0
0
0
0
0
0
0
0
0
0
0
0
0
0
-0
-0
-0
-0
-0
-0
-0
-0
-0
-0
-0
-0
-0
-0
-0
-0
-0
-0
-0
-0
-0
-0
-0
-0
-0
-0
-0
-0
-0
-0
-0
-0
-0
-0
-0
-0
-0
-0
-0
-0
-0
-0
-0
-0
-0
-0
-0
-0
-0
-0
0
0
0
0
0
0
0
0
0
0
0
0
0
0
0
0
0
0
0
0
0
0
0
0
0
0
0
0
0
0
0
0
0
0
0
0
0
0
0
0
0
0
0
0
0
0
0
0
0
0
-0
-0
-0
-0
-0
-0
-0
-0
-0
-0
-0
-0
-0
-0
-0
-0
-0
-0
-0
-0
-0
-0
-0
-0
-0
-0
-0
-0
-0
-0
-0
-0
-0
-0
-0
-0
-0
-0
-0
-0
-0
-0
-0
-0
-0
-0
-0
-0
-0
-0
0
0
0
0
0
0
0
0
0
0
0
0
0
0
0
0
0
0
0
0
0
0
0
0
0
0
0
0
0
0
0
0
0
0
0
0
0
0
0
0
0
0
0
0
0
0
0
0
0
0
-0
-0
-0
-0
-0
-0
-0
-0
-0
-0
-0
-0
-0
-0
-0
-0
-0
-0
-0
-0
-0
-0
-0
-0
-0
-0
-0
-0
-0
-0
-0
-0
-0
-0
-0
-0
-0
-0
-0
-0
-0
-0
-0
-0
-0
-0
-0
-0
-0
-0
0
0
0
0
0
0
0
0
0
0
0
0
0
0
0
0
0
0
0
0
0
0
0
0
0
0
0
0
0
0
0
0
0
0
0
0
0
0
0
0
0
0
0
0
0
0
0
0
0
0
-0
-0
-0
-0
-0
-0
-0
-0
-0
-0
-0
-0
-0
-0
-0
-0
-0
-0
-0
-0
-0
-0
-0
-0
-0
-0
-0
-0
-0
-0
-0
-0
-0
-0
-0
-0
-0
-0
-0
-0
-0
-0
-0
-0
-0
-0
-0
-0
-0
-0
0
0
0
0
0
0
0
0
0
0
0
0
0
0
0
0
0
0
0
0
0
0
0
0
0
0
0
0
0
0
0
0
0
0
0
0
0
0
0
0
0
0
0
0
0
0
0
0
0
0
-0
-0
-0
-0
-0
-0
-0
-0
-0
-0
-0
-0
-0
-0
-0
-0
-0
-0
-0
-0
-0
-0
-0
-0
-0
-0
-0
-0
-0
-0
-0
-0
-0
-0
-0
-0
-0
-0
-0
-0
-0
-0
-0
-0
-0
-0
-0
-0
-0
0
0
0
0
0
0
0
0
0
0
0
0
0
0
0
0
0
0
0
0
0
0
0
0
0
0
0
0
0
0
0
0
0
0
0
0
0
0
0
0
0
0
0
0
0
0
0
0
0
0
0
-0
-0
-0
-0
-0
-0
-0
-0
-0
-0
-0
-0
-0
-0
-0
-0
-0
-0
-0
-0
-0
-0
-0
-0
-0
-0
-0
-0
-0
-0
-0
-0
-0
-0
-0
-0
-0
-0
-0
-0
-0
-0
-0
-0
-0
-0
-0
-0
-0
-0
0
0
0
0
0
0
0
0
0
0
0
0
0
0
0
0
0
0
0
0
0
0
0
0
0
0
0
0
0
0
0
0
0
0
0
0
0
0
0
0
0
0
0
0
0
0
0
0
0
-0
-0
-0
-0
-0
-0
-0
-0
-0
-0
-0
-0
-0
-0
-0
-0
-0
-0
-0
-0
-0
-0
-0
-0
-0
-0
-0
-0
-0
-0
-0
-0
-0
-0
-0
-0
-0
-0
-0
-0
-0
-0
-0
-0
-0
-0
-0
-0
-0
-0
-0
0
0
0
0
0
0
0
0
0
0
0
0
0
0
0
0
0
0
0
0
0
0
0
0
0
0
0
0
0
0
0
0
0
0
0
0
0
0
0
0
0
0
0
0
0
0
0
0
0
0
-0
-0
-0
-0
-0
-0
-0
-0
-0
-0
-0
-0
-0
-0
-0
-0
-0
-0
-0
-0
-0
-0
-0
-0
-0
-0
-0
-0
-0
-0
-0
-0
-0
-0
-0
-0
-0
-0
-0
-0
-0
-0
-0
-0
-0
-0
-0
-0
-0
-0
0
0
0
0
0
0
0
0
0
0
0
0
0
0
0
0
0
0
0
0
0
0
0
0
0
0
0
0
0
0
0
0
0
0
0
0
0
0
0
0
0
0
0
0
0
0
0
0
0
0
-0
-0
-0
-0
-0
-0
-0
-0
-0
-0
-0
-0
-0
-0
-0
-0
-0
-0
-0
-0
-0
-0
-0
-0
-0
-0
-0
-0
-0
-0
-0
-0
-0
-0
-0
-0
-0
-0
-0
-0
-0
-0
-0
-0
-0
-0
-0
-0
-0
0
0
0
0
0
0
0
0
0
0
0
0
0
0
0
0
0
0
0
0
0
0
0
0
0
0
0
0
0
0
0
0
0
0
0
0
0
0
0
0
0
0
0
0
0
0
0
0
0
0
0
-0
-0
-0
-0
-0
-0
-0
-0
-0
-0
-0
-0
-0
-0
-0
-0
-0
-0
-0
-0
-0
-0
-0
-0
-0
-0
-0
-0
-0
-0
-0
-0
-0
-0
-0
-0
-0
-0
-0
-0
-0
-0
-0
-0
-0
-0
-0
-0
-0
0
0
0
0
0
0
0
0
0
0
0
0
0
0
0
0
0
0
0
0
0
0
0
0
0
0
0
0
0
0
0
0
0
0
0
0
0
0
0
0
0
0
0
0
0
0
0
0
0
0
0
-0
-0
-0
-0
-0
-0
-0
-0
-0
-0
-0
-0
-0
-0
-0
-0
-0
-0
-0
-0
-0
-0
-0
-0
-0
-0
-0
-0
-0
-0
-0
-0
-0
-0
-0
-0
-0
-0
-0
-0
-0
-0
-0
-0
-0
-0
-0
-0
-0
-0
0
0
0
0
0
0
0
0
0
0
0
0
0
0
0
0
0
0
0
0
0
0
0
0
0
0
0
0
0
0
0
0
0
0
0
0
0
0
0
0
0
0
0
0
0
0
0
0
0
0
-0
-0
-0
-0
-0
-0
-0
-0
-0
-0
-0
-0
-0
-0
-0
-0
-0
-0
-0
-0
-0
-0
-0
-0
-0
-0
-0
-0
-0
-0
-0
-0
-0
-0
-0
-0
-0
-0
-0
-0
-0
-0
-0
-0
-0
-0
-0
-0
-0
-0
0
0
0
0
0
0
0
0
0
0
0
0
0
0
0
0
0
0
0
0
0
0
0
0
0
0
0
0
0
0
0
0
0
0
0
0
0
0
0
0
0
0
0
0
0
0
0
0
0
0
-0
-0
-0
-0
-0
-0
-0
-0
-0
-0
-0
-0
-0
-0
-0
-0
-0
-0
-0
-0
-0
-0
-0
-0
-0
-0
-0
-0
-0
-0
-0
-0
-0
-0
-0
-0
-0
-0
-0
-0
-0
-0
-0
-0
-0
-0
-0
-0
-0
-0
0
0
0
0
0
0
0
0
0
0
0
0
0
0
0
0
0
0
0
0
0
0
0
0
0
0
0
0
0
0
0
0
0
0
0
0
0
0
0
0
0
0
0
0
0
0
0
0
0
0
-0
-0
-0
-0
-0
-0
-0
-0
-0
-0
-0
-0
-0
-0
-0
-0
-0
-0
-0
-0
-0
-0
-0
-0
-0
-0
-0
-0
-0
-0
-0
-0
-0
-0
-0
-0
-0
-0
-0
-0
-0
-0
-0
-0
-0
-0
-0
-0
-0
0
0
0
0
0
0
0
0
0
0
0
0
0
0
0
0
0
0
0
0
0
0
0
0
0
0
0
0
0
0
0
0
0
0
0
0
0
0
0
0
0
0
0
0
0
0
0
0
0
0
0
-0
-0
-0
-0
-0
-0
-0
-0
-0
-0
-0
-0
-0
-0
-0
-0
-0
-0
-0
-0
-0
-0
-0
-0
-0
-0
-0
-0
-0
-0
-0
-0
-0
-0
-0
-0
-0
-0
-0
-0
-0
-0
-0
-0
-0
-0
-0
-0
-0
0
0
0
0
0
0
0
0
0
0
0
0
0
0
0
0
0
0
0
0
0
0
0
0
0
0
0
0
0
0
0
0
0
0
0
0
0
0
0
0
0
0
0
0
0
0
0
0
0
0
0
-0
-0
-0
-0
-0
-0
-0
-0
-0
-0
-0
-0
-0
-0
-0
-0
-0
-0
-0
-0
-0
-0
-0
-0
-0
-0
-0
-0
-0
-0
-0
-0
-0
-0
-0
-0
-0
-0
-0
-0
-0
-0
-0
-0
-0
-0
-0
-0
-0
-0
0
0
0
0
0
0
0
0
0
0
0
0
0
0
0
0
0
0
0
0
0
0
0
0
0
0
0
0
0
0
0
0
0
0
0
0
0
0
0
0
0
0
0
0
0
0
0
0
0
0
-0
-0
-0
-0
-0
-0
-0
-0
-0
-0
-0
-0
-0
-0
-0
-0
-0
-0
-0
-0
-0
-0
-0
-0
-0
-0
-0
-0
-0
-0
-0
-0
-0
-0
-0
-0
-0
-0
-0
-0
-0
-0
-0
-0
-0
-0
-0
-0
-0
-0
0
0
0
0
0
0
0
0
0
0
0
0
0
0
0
0
0
0
0
0
0
0
0
0
0
0
0
0
0
0
0
0
0
0
0
0
0
0
0
0
0
0
0
0
0
0
0
0
0
0
-0
-0
-0
-0
-0
-0
-0
-0
-0
-0
-0
-0
-0
-0
-0
-0
-0
-0
-0
-0
-0
-0
-0
-0
-0
-0
-0
-0
-0
-0
-0
-0
-0
-0
-0
-0
-0
-0
-0
-0
-0
-0
-0
-0
-0
-0
-0
-0
-0
-0
0
0
0
0
0
0
0
0
0
0
0
0
0
0
0
0
0
0
0
0
0
0
0
0
0
0
0
0
0
0
0
0
0
0
0
0
0
0
0
0
0
0
0
0
0
0
0
0
0
0
-0
-0
-0
-0
-0
-0
-0
-0
-0
-0
-0
-0
-0
-0
-0
-0
-0
-0
-0
-0
-0
-0
-0
-0
-0
-0
-0
-0
-0
-0
-0
-0
-0
-0
-0
-0
-0
-0
-0
-0
-0
-0
-0
-0
-0
-0
-0
-0
-0
0
0
0
0
0
0
0
0
0
0
0
0
0
0
0
0
0
0
0
0
0
0
0
0
0
0
0
0
0
0
0
0
0
0
0
0
0
0
0
0
0
0
0
0
0
0
0
0
0
0
0
-0
-0
-0
-0
-0
-0
-0
-0
-0
-0
-0
-0
-0
-0
-0
-0
-0
-0
-0
-0
-0
-0
-0
-0
-0
-0
-0
-0
-0
-0
-0
-0
-0
-0
-0
-0
-0
-0
-0
-0
-0
-0
-0
-0
-0
-0
-0
-0
-0
0
0
0
0
0
0
0
0
0
0
0
0
0
0
0
0
0
0
0
0
0
0
0
0
0
0
0
0
0
0
0
0
0
0
0
0
0
0
0
0
0
0
0
0
0
0
0
0
0
0
0
-0
-0
-0
-0
-0
-0
-0
-0
-0
-0
-0
-0
-0
-0
-0
-0
-0
-0
-0
-0
-0
-0
-0
-0
-0
-0
-0
-0
-0
-0
-0
-0
-0
-0
-0
-0
-0
-0
-0
-0
-0
-0
-0
-0
-0
-0
-0
-0
-0
-0
0
0
0
0
0
0
0
0
0
0
0
0
0
0
0
0
0
0
0
0
0
0
0
0
0
0
0
0
0
0
0
0
0
0
0
0
0
0
0
0
0
0
0
0
0
0
0
0
0
0
-0
-0
-0
-0
-0
-0
-0
-0
-0
-0
-0
-0
-0
-0
-0
-0
-0
-0
-0
-0
-0
-0
-0
-0
-0
-0
-0
-0
-0
-0
-0
-0
-0
-0
-0
-0
-0
-0
-0
-0
-0
-0
-0
-0
-0
-0
-0
-0
-0
-0
0
0
0
0
0
0
0
0
0
0
0
0
0
0
0
0
0
0
0
0
0
0
0
0
0
0
0
0
0
0
0
0
0
0
0
0
0
0
0
0
0
0
0
0
0
0
0
0
0
0
-0
-0
-0
-0
-0
-0
-0
-0
-0
-0
-0
-0
-0
-0
-0
-0
-0
-0
-0
-0
-0
-0
-0
-0
-0
-0
-0
-0
-0
-0
-0
-0
-0
-0
-0
-0
-0
-0
-0
-0
-0
-0
-0
-0
-0
-0
-0
-0
-0
-0
0
0
0
0
0
0
0
0
0
0
0
0
0
0
0
0
0
0
0
0
0
0
0
0
0
0
0
0
0
0
0
0
0
0
0
0
0
0
0
0
0
0
0
0
0
0
0
0
0
0
-0
-0
-0
-0
-0
-0
-0
-0
-0
-0
-0
-0
-0
-0
-0
-0
-0
-0
-0
-0
-0
-0
-0
-0
-0
-0
-0
-0
-0
-0
-0
-0
-0
-0
-0
-0
-0
-0
-0
-0
-0
-0
-0
-0
-0
-0
-0
-0
-0
0
0
0
0
0
0
0
0
0
0
0
0
0
0
0
0
0
0
0
0
0
0
0
0
0
0
0
0
0
0
0
0
0
0
0
0
0
0
0
0
0
0
0
0
0
0
0
0
0
0
0
-0
-0
-0
-0
-0
-0
-0
-0
-0
-0
-0
-0
-0
-0
-0
-0
-0
-0
-0
-0
-0
-0
-0
-0
-0
-0
-0
-0
-0
-0
-0
-0
-0
-0
-0
-0
-0
-0
-0
-0
-0
-0
-0
-0
-0
-0
-0
-0
-0
0
0
0
0
0
0
0
0
0
0
0
0
0
0
0
0
0
0
0
0
0
0
0
0
0
0
0
0
0
0
0
0
0
0
0
0
0
0
0
0
0
0
0
0
0
0
0
0
0
0
0
-0
-0
-0
-0
-0
-0
-0
-0
-0
-0
-0
-0
-0
-0
-0
-0
-0
-0
-0
-0
-0
-0
-0
-0
-0
-0
-0
-0
-0
-0
-0
-0
-0
-0
-0
-0
-0
-0
-0
-0
-0
-0
-0
-0
-0
-0
-0
-0
-0
0
