-0
-0
-0
-0
-0
-0
-0
-0
-0
-0
-0
-0
-0
-0
-0
-0
-0
-0
-0
-0
-0
-0
-0
-0
-0
-0
-0
-0
-0
-0
-0
-0
-0
-0
-0
-0
-0
-0
-0
-0
-0
-0
-0
-0
-0
-0
-0
-0
-0
-0
-0
0
0
0
0
0
0
0
0
0
0
0
0
0
0
0
0
0
0
0
0
0
0
0
0
0
0
0
0
0
0
0
0
0
0
0
0
0
0
0
0
0
0
0
0
0
0
0
0
0
0
-0
-0
-0
-0
-0
-0
-0
-0
-0
-0
-0
-0
-0
-0
-0
-0
-0
-0
-0
-0
-0
-0
-0
-0
-0
-0
-0
-0
-0
-0
-0
-0
-0
-0
-0
-0
-0
-0
-0
-0
-0
-0
-0
-0
-0
-0
-0
-0
-0
-0
0
0
0
0
0
0
0
0
0
0
0
0
0
0
0
0
0
0
0
0
0
0
0
0
0
0
0
0
0
0
0
0
0
0
0
0
0
0
0
0
0
0
0
0
0
0
0
0
0
0
-0
-0
-0
-0
-0
-0
-0
-0
-0
-0
-0
-0
-0
-0
-0
-0
-0
-0
-0
-0
-0
-0
-0
-0
-0
-0
-0
-0
-0
-0
-0
-0
-0
-0
-0
-0
-0
-0
-0
-0
-0
-0
-0
-0
-0
-0
-0
-0
-0
-0
0
0
0
0
0
0
0
0
0
0
0
0
0
0
0
0
0
0
0
0
0
0
0
0
0
0
0
0
0
0
0
0
0
0
0
0
0
0
0
0
0
0
0
0
0
0
0
0
0
0
-0
-0
-0
-0
-0
-0
-0
-0
-0
-0
-0
-0
-0
-0
-0
-0
-0
-0
-0
-0
-0
-0
-0
-0
-0
-0
-0
-0
-0
-0
-0
-0
-0
-0
-0
-0
-0
-0
-0
-0
-0
-0
-0
-0
-0
-0
-0
-0
-0
0
0
0
0
0
0
0
0
0
0
0
0
0
0
0
0
0
0
0
0
0
0
0
0
0
0
0
0
0
0
0
0
0
0
0
0
0
0
0
0
0
0
0
0
0
0
0
0
0
0
0
-0
-0
-0
-0
-0
-0
-0
-0
-0
-0
-0
-0
-0
-0
-0
-0
-0
-0
-0
-0
-0
-0
-0
-0
-0
-0
-0
-0
-0
-0
-0
-0
-0
-0
-0
-0
-0
-0
-0
-0
-0
-0
-0
-0
-0
-0
-0
-0
-0
-0
0
0
0
0
0
0
0
0
0
0
0
0
0
0
0
0
0
0
0
0
0
0
0
0
0
0
0
0
0
0
0
0
0
0
0
0
0
0
0
0
0
0
0
0
0
0
0
0
0
0
-0
-0
-0
-0
-0
-0
-0
-0
-0
-0
-0
-0
-0
-0
-0
-0
-0
-0
-0
-0
-0
-0
-0
-0
-0
-0
-0
-0
-0
-0
-0
-0
-0
-0
-0
-0
-0
-0
-0
-0
-0
-0
-0
-0
-0
-0
-0
-0
-0
0
0
0
0
0
0
0
0
0
0
0
0
0
0
0
0
0
0
0
0
0
0
0
0
0
0
0
0
0
0
0
0
0
0
0
0
0
0
0
0
0
0
0
0
0
0
0
0
0
0
0
-0
-0
-0
-0
-0
-0
-0
-0
-0
-0
-0
-0
-0
-0
-0
-0
-0
-0
-0
-0
-0
-0
-0
-0
-0
-0
-0
-0
-0
-0
-0
-0
-0
-0
-0
-0
-0
-0
-0
-0
-0
-0
-0
-0
-0
-0
-0
-0
-0
0
0
0
0
0
0
0
0
0
0
0
0
0
0
0
0
0
0
0
0
0
0
0
0
0
0
0
0
0
0
0
0
0
0
0
0
0
0
0
0
0
0
0
0
0
0
0
0
0
0
-0
-0
-0
-0
-0
-0
-0
-0
-0
-0
-0
-0
-0
-0
-0
-0
-0
-0
-0
-0
-0
-0
-0
-0
-0
-0
-0
-0
-0
-0
-0
-0
-0
-0
-0
-0
-0
-0
-0
-0
-0
-0
-0
-0
-0
-0
-0
-0
-0
-0
-0
0
0
0
0
0
0
0
0
0
0
0
0
0
0
0
0
0
0
0
0
0
0
0
0
0
0
0
0
0
0
0
0
0
0
0
0
0
0
0
0
0
0
0
0
0
0
0
0
0
0
-0
-0
-0
-0
-0
-0
-0
-0
-0
-0
-0
-0
-0
-0
-0
-0
-0
-0
-0
-0
-0
-0
-0
-0
-0
-0
-0
-0
-0
-0
-0
-0
-0
-0
-0
-0
-0
-0
-0
-0
-0
-0
-0
-0
-0
-0
-0
-0
-0
-0
0
0
0
0
0
0
0
0
0
0
0
0
0
0
0
0
0
0
0
0
0
0
0
0
0
0
0
0
0
0
0
0
0
0
0
0
0
0
0
0
0
0
0
0
0
0
0
0
0
0
-0
-0
-0
-0
-0
-0
-0
-0
-0
-0
-0
-0
-0
-0
-0
-0
-0
-0
-0
-0
-0
-0
-0
-0
-0
-0
-0
-0
-0
-0
-0
-0
-0
-0
-0
-0
-0
-0
-0
-0
-0
-0
-0
-0
-0
-0
-0
-0
-0
0
0
0
0
0
0
0
0
0
0
0
0
0
0
0
0
0
0
0
0
0
0
0
0
0
0
0
0
0
0
0
0
0
0
0
0
0
0
0
0
0
0
0
0
0
0
0
0
0
0
0
-0
-0
-0
-0
-0
-0
-0
-0
-0
-0
-0
-0
-0
-0
-0
-0
-0
-0
-0
-0
-0
-0
-0
-0
-0
-0
-0
-0
-0
-0
-0
-0
-0
-0
-0
-0
-0
-0
-0
-0
-0
-0
-0
-0
-0
-0
-0
-0
-0
0
0
0
0
0
0
0
0
0
0
0
0
0
0
0
0
0
0
0
0
0
0
0
0
0
0
0
0
0
0
0
0
0
0
0
0
0
0
0
0
0
0
0
0
0
0
0
0
0
0
-0
-0
-0
-0
-0
-0
-0
-0
-0
-0
-0
-0
-0
-0
-0
-0
-0
-0
-0
-0
-0
-0
-0
-0
-0
-0
-0
-0
-0
-0
-0
-0
-0
-0
-0
-0
-0
-0
-0
-0
-0
-0
-0
-0
-0
-0
-0
-0
-0
-0
0
0
0
0
0
0
0
0
0
0
0
0
0
0
0
0
0
0
0
0
0
0
0
0
0
0
0
0
0
0
0
0
0
0
0
0
0
0
0
0
0
0
0
0
0
0
0
0
0
0
0
-0
-0
-0
-0
-0
-0
-0
-0
-0
-0
-0
-0
-0
-0
-0
-0
-0
-0
-0
-0
-0
-0
-0
-0
-0
-0
-0
-0
-0
-0
-0
-0
-0
-0
-0
-0
-0
-0
-0
-0
-0
-0
-0
-0
-0
-0
-0
-0
-0
0
0
0
0
0
0
0
0
0
0
0
0
0
0
0
0
0
0
0
0
0
0
0
0
0
0
0
0
0
0
0
0
0
0
0
0
0
0
0
0
0
0
0
0
0
0
0
0
0
0
-0
-0
-0
-0
-0
-0
-0
-0
-0
-0
-0
-0
-0
-0
-0
-0
-0
-0
-0
-0
-0
-0
-0
-0
-0
-0
-0
-0
-0
-0
-0
-0
-0
-0
-0
-0
-0
-0
-0
-0
-0
-0
-0
-0
-0
-0
-0
-0
-0
-0
0
0
0
0
0
0
0
0
0
0
0
0
0
0
0
0
0
0
0
0
0
0
0
0
0
0
0
0
0
0
0
0
0
0
0
0
0
0
0
0
0
0
0
0
0
0
0
0
0
0
-0
-0
-0
-0
-0
-0
-0
-0
-0
-0
-0
-0
-0
-0
-0
-0
-0
-0
-0
-0
-0
-0
-0
-0
-0
-0
-0
-0
-0
-0
-0
-0
-0
-0
-0
-0
-0
-0
-0
-0
-0
-0
-0
-0
-0
-0
-0
-0
-0
-0
0
0
0
0
0
0
0
0
0
0
0
0
0
0
0
0
0
0
0
0
0
0
0
0
0
0
0
0
0
0
0
0
0
0
0
0
0
0
0
0
0
0
0
0
0
0
0
0
0
0
0
-0
-0
-0
-0
-0
-0
-0
-0
-0
-0
-0
-0
-0
-0
-0
-0
-0
-0
-0
-0
-0
-0
-0
-0
-0
-0
-0
-0
-0
-0
-0
-0
-0
-0
-0
-0
-0
-0
-0
-0
-0
-0
-0
-0
-0
-0
-0
-0
-0
-0
0
0
0
0
0
0
0
0
0
0
0
0
0
0
0
0
0
0
0
0
0
0
0
0
0
0
0
0
0
0
0
0
0
0
0
0
0
0
0
0
0
0
0
0
0
0
0
0
0
0
-0
-0
-0
-0
-0
-0
-0
-0
-0
-0
-0
-0
-0
-0
-0
-0
-0
-0
-0
-0
-0
-0
-0
-0
-0
-0
-0
-0
-0
-0
-0
-0
-0
-0
-0
-0
-0
-0
-0
-0
-0
-0
-0
-0
-0
-0
-0
-0
-0
-0
0
0
0
0
0
0
0
0
0
0
0
0
0
0
0
0
0
0
0
0
0
0
0
0
0
0
0
0
0
0
0
0
0
0
0
0
0
0
0
0
0
0
0
0
0
0
0
0
0
0
-0
-0
-0
-0
-0
-0
-0
-0
-0
-0
-0
-0
-0
-0
-0
-0
-0
-0
-0
-0
-0
-0
-0
-0
-0
-0
-0
-0
-0
-0
-0
-0
-0
-0
-0
-0
-0
-0
-0
-0
-0
-0
-0
-0
-0
-0
-0
-0
-0
-0
0
0
0
0
0
0
0
0
0
0
0
0
0
0
0
0
0
0
0
0
0
0
0
0
0
0
0
0
0
0
0
0
0
0
0
0
0
0
0
0
0
0
0
0
0
0
0
0
0
0
-0
-0
-0
-0
-0
-0
-0
-0
-0
-0
-0
-0
-0
-0
-0
-0
-0
-0
-0
-0
-0
-0
-0
-0
-0
-0
-0
-0
-0
-0
-0
-0
-0
-0
-0
-0
-0
-0
-0
-0
-0
-0
-0
-0
-0
-0
-0
-0
-0
-0
0
0
0
0
0
0
0
0
0
0
0
0
0
0
0
0
0
0
0
0
0
0
0
0
0
0
0
0
0
0
0
0
0
0
0
0
0
0
0
0
0
0
0
0
0
0
0
0
0
-0
-0
-0
-0
-0
-0
-0
-0
-0
-0
-0
-0
-0
-0
-0
-0
-0
-0
-0
-0
-0
-0
-0
-0
-0
-0
-0
-0
-0
-0
-0
-0
-0
-0
-0
-0
-0
-0
-0
-0
-0
-0
-0
-0
-0
-0
-0
-0
-0
-0
-0
0
0
0
0
0
0
0
0
0
0
0
0
0
0
0
0
0
0
0
0
0
0
0
0
0
0
0
0
0
0
0
0
0
0
0
0
0
0
0
0
0
0
0
0
0
0
0
0
0
0
-3.532e-09
-1.41e-08
-3.1621e-08
-5.5955e-08
-8.6911e-08
-1.2424e-07
-1.6765e-07
-2.1679e-07
-2.7126e-07
-3.3063e-07
-3.9441e-07
-4.6207e-07
-5.3306e-07
-6.0678e-07
-6.8261e-07
-7.599e-07
-8.3797e-07
-9.1614e-07
-9.937e-07
-1.0699e-06
-1.1441e-06
-1.2156e-06
-1.2835e-06
-1.3473e-06
-1.4063e-06
-1.4596e-06
-1.5068e-06
-1.5471e-06
-1.58e-06
-1.6049e-06
-1.6213e-06
-1.6287e-06
-1.6266e-06
-1.6148e-06
-1.5928e-06
-1.5603e-06
-1.5172e-06
-1.4632e-06
-1.3983e-06
-1.3225e-06
-1.2358e-06
-1.1381e-06
-1.0299e-06
-9.1111e-07
-7.822e-07
-6.4349e-07
-4.9539e-07
-3.384e-07
-1.7307e-07
-4.4098e-20
1.8013e-07
3.666e-07
5.5863e-07
7.554e-07
9.5602e-07
1.1596e-06
1.3652e-06
1.5717e-06
1.7783e-06
1.9838e-06
2.1872e-06
2.3874e-06
2.5833e-06
2.7738e-06
2.958e-06
3.1346e-06
3.3026e-06
3.461e-06
3.6087e-06
3.7448e-06
3.8683e-06
3.9783e-06
4.0739e-06
4.1543e-06
4.2188e-06
4.2666e-06
4.2971e-06
4.3098e-06
4.3041e-06
4.2798e-06
4.2363e-06
4.1735e-06
4.0913e-06
3.9894e-06
3.8681e-06
3.7274e-06
3.5674e-06
3.3885e-06
3.1911e-06
2.9757e-06
2.7428e-06
2.4931e-06
2.2274e-06
1.9465e-06
1.6513e-06
1.3429e-06
1.0224e-06
6.909e-07
3.4966e-07
-1.1036e-20
-3.5673e-07
-7.191e-07
-1.0856e-06
-1.4548e-06
-1.8251e-06
-2.1949e-06
-2.5627e-06
-2.9267e-06
-3.2853e-06
-3.6369e-06
-3.9799e-06
-4.3126e-06
-4.6335e-06
-4.9409e-06
-5.2333e-06
-5.5092e-06
-5.7672e-06
-6.0058e-06
-6.2237e-06
-6.4196e-06
-6.5924e-06
-6.7409e-06
-6.8642e-06
-6.9612e-06
-7.0312e-06
-7.0735e-06
-7.0874e-06
-7.0725e-06
-7.0283e-06
-6.9546e-06
-6.8513e-06
-6.7183e-06
-6.5559e-06
-6.3641e-06
-6.1435e-06
-5.8944e-06
-5.6176e-06
-5.3138e-06
-4.9839e-06
-4.6288e-06
-4.2498e-06
-3.848e-06
-3.4249e-06
-2.9818e-06
-2.5204e-06
-2.0424e-06
-1.5494e-06
-1.0434e-06
-5.2626e-07
-7.4408e-20
5.3333e-07
1.0716e-06
1.6127e-06
2.1543e-06
2.6942e-06
3.2303e-06
3.7602e-06
4.2816e-06
4.7923e-06
5.2901e-06
5.7727e-06
6.2379e-06
6.6837e-06
7.108e-06
7.5087e-06
7.8839e-06
8.2318e-06
8.5506e-06
8.8387e-06
9.0945e-06
9.3166e-06
9.5036e-06
9.6545e-06
9.7682e-06
9.8438e-06
9.8805e-06
9.8777e-06
9.8352e-06
9.7524e-06
9.6294e-06
9.4663e-06
9.2632e-06
9.0205e-06
8.7388e-06
8.4188e-06
8.0615e-06
7.6678e-06
7.2391e-06
6.7766e-06
6.282e-06
5.7568e-06
5.2029e-06
4.6224e-06
4.0172e-06
3.3895e-06
2.7418e-06
2.0764e-06
1.3959e-06
7.0286e-07
-9.9252e-20
-7.0993e-07
-1.4241e-06
-2.1397e-06
-2.8537e-06
-3.5634e-06
-4.2656e-06
-4.9577e-06
-5.6365e-06
-6.2993e-06
-6.9432e-06
-7.5654e-06
-8.1632e-06
-8.734e-06
-9.2751e-06
-9.784e-06
-1.0259e-05
-1.0696e-05
-1.1095e-05
-1.1454e-05
-1.1769e-05
-1.2041e-05
-1.2266e-05
-1.2445e-05
-1.2575e-05
-1.2656e-05
-1.2687e-05
-1.2668e-05
-1.2598e-05
-1.2477e-05
-1.2304e-05
-1.2081e-05
-1.1808e-05
-1.1485e-05
-1.1113e-05
-1.0694e-05
-1.0229e-05
-9.7181e-06
-9.1644e-06
-8.5694e-06
-7.9351e-06
-7.2638e-06
-6.5579e-06
-5.8199e-06
-5.0525e-06
-4.2586e-06
-3.4412e-06
-2.6034e-06
-1.7484e-06
-8.7946e-07
-2.7537e-20
8.8652e-07
1.7766e-06
2.6667e-06
3.5532e-06
4.4325e-06
5.301e-06
6.1552e-06
6.9915e-06
7.8063e-06
8.5964e-06
9.3582e-06
1.0089e-05
1.0784e-05
1.1442e-05
1.2059e-05
1.2633e-05
1.3161e-05
1.364e-05
1.4069e-05
1.4444e-05
1.4765e-05
1.5029e-05
1.5235e-05
1.5382e-05
1.5469e-05
1.5494e-05
1.5458e-05
1.5361e-05
1.5201e-05
1.4979e-05
1.4696e-05
1.4353e-05
1.395e-05
1.3488e-05
1.297e-05
1.2396e-05
1.1768e-05
1.109e-05
1.0362e-05
9.5882e-06
8.7708e-06
7.9128e-06
7.0174e-06
6.0879e-06
5.1278e-06
4.1407e-06
3.1304e-06
2.1009e-06
1.0561e-06
-2.6465e-19
-1.0631e-06
-2.1291e-06
-3.1937e-06
-4.2526e-06
-5.3016e-06
-6.3363e-06
-7.3527e-06
-8.3464e-06
-9.3133e-06
-1.025e-05
-1.1151e-05
-1.2014e-05
-1.2834e-05
-1.3609e-05
-1.4335e-05
-1.5008e-05
-1.5626e-05
-1.6185e-05
-1.6684e-05
-1.7119e-05
-1.7489e-05
-1.7792e-05
-1.8025e-05
-1.8189e-05
-1.8281e-05
-1.8301e-05
-1.8249e-05
-1.8123e-05
-1.7925e-05
-1.7654e-05
-1.7311e-05
-1.6898e-05
-1.6414e-05
-1.5863e-05
-1.5245e-05
-1.4563e-05
-1.3819e-05
-1.3015e-05
-1.2155e-05
-1.1241e-05
-1.0278e-05
-9.2677e-06
-8.2149e-06
-7.1232e-06
-5.9969e-06
-4.8401e-06
-3.6574e-06
-2.4534e-06
-1.2327e-06
9.6514e-20
1.2397e-06
2.4816e-06
3.7207e-06
4.952e-06
6.1707e-06
7.3717e-06
8.5502e-06
9.7013e-06
1.082e-05
1.1903e-05
1.2944e-05
1.3939e-05
1.4885e-05
1.5776e-05
1.661e-05
1.7383e-05
1.809e-05
1.873e-05
1.9299e-05
1.9794e-05
2.0213e-05
2.0554e-05
2.0816e-05
2.0996e-05
2.1094e-05
2.1108e-05
2.1039e-05
2.0886e-05
2.0649e-05
2.0329e-05
1.9926e-05
1.9442e-05
1.8879e-05
1.8237e-05
1.752e-05
1.673e-05
1.5869e-05
1.494e-05
1.3948e-05
1.2895e-05
1.1785e-05
1.0623e-05
9.4124e-06
8.1586e-06
6.866e-06
5.5396e-06
4.1845e-06
2.8059e-06
1.4093e-06
1.3226e-19
-1.4163e-06
-2.8341e-06
-4.2477e-06
-5.6515e-06
-7.0398e-06
-8.407e-06
-9.7477e-06
-1.1056e-05
-1.2327e-05
-1.3556e-05
-1.4736e-05
-1.5864e-05
-1.6935e-05
-1.7943e-05
-1.8885e-05
-1.9757e-05
-2.0555e-05
-2.1275e-05
-2.1914e-05
-2.2469e-05
-2.2937e-05
-2.3317e-05
-2.3606e-05
-2.3803e-05
-2.3906e-05
-2.3915e-05
-2.3829e-05
-2.3649e-05
-2.3373e-05
-2.3004e-05
-2.2541e-05
-2.1987e-05
-2.1344e-05
-2.0612e-05
-1.9796e-05
-1.8897e-05
-1.7919e-05
-1.6866e-05
-1.574e-05
-1.4548e-05
-1.3292e-05
-1.1978e-05
-1.061e-05
-9.1939e-06
-7.7351e-06
-6.239e-06
-4.7115e-06
-3.1584e-06
-1.5859e-06
2.9775e-19
1.5929e-06
3.1866e-06
4.7747e-06
6.3509e-06
7.9089e-06
9.4424e-06
1.0945e-05
1.2411e-05
1.3834e-05
1.5209e-05
1.6529e-05
1.779e-05
1.8985e-05
2.011e-05
2.1161e-05
2.2132e-05
2.3019e-05
2.382e-05
2.4529e-05
2.5144e-05
2.5661e-05
2.608e-05
2.6396e-05
2.661e-05
2.6719e-05
2.6722e-05
2.662e-05
2.6411e-05
2.6097e-05
2.5679e-05
2.5156e-05
2.4532e-05
2.3808e-05
2.2987e-05
2.2071e-05
2.1064e-05
1.9969e-05
1.8791e-05
1.7533e-05
1.6201e-05
1.4799e-05
1.3333e-05
1.1807e-05
1.0229e-05
8.6042e-06
6.9384e-06
5.2385e-06
3.5109e-06
1.7625e-06
-2.7569e-20
-1.7589e-06
-3.5038e-06
-5.2279e-06
-6.9245e-06
-8.5868e-06
-1.0209e-05
-1.1783e-05
-1.3305e-05
-1.4769e-05
-1.6168e-05
-1.7497e-05
-1.8752e-05
-1.9928e-05
-2.1021e-05
-2.2025e-05
-2.2939e-05
-2.3759e-05
-2.4481e-05
-2.5104e-05
-2.5625e-05
-2.6043e-05
-2.6356e-05
-2.6564e-05
-2.6666e-05
-2.6662e-05
-2.6554e-05
-2.6341e-05
-2.6024e-05
-2.5607e-05
-2.509e-05
-2.4476e-05
-2.3769e-05
-2.297e-05
-2.2084e-05
-2.1115e-05
-2.0067e-05
-1.8944e-05
-1.7751e-05
-1.6493e-05
-1.5176e-05
-1.3804e-05
-1.2384e-05
-1.0921e-05
-9.4217e-06
-7.8915e-06
-6.3369e-06
-4.7642e-06
-3.1795e-06
-1.5894e-06
4.7035e-19
1.5823e-06
3.1513e-06
4.7009e-06
6.225e-06
7.7177e-06
9.1732e-06
1.0586e-05
1.1951e-05
1.3262e-05
1.4515e-05
1.5705e-05
1.6827e-05
1.7878e-05
1.8853e-05
1.975e-05
2.0565e-05
2.1294e-05
2.1936e-05
2.2489e-05
2.295e-05
2.3319e-05
2.3593e-05
2.3774e-05
2.3859e-05
2.385e-05
2.3747e-05
2.355e-05
2.3262e-05
2.2883e-05
2.2415e-05
2.1861e-05
2.1224e-05
2.0506e-05
1.971e-05
1.884e-05
1.79e-05
1.6894e-05
1.5826e-05
1.4701e-05
1.3523e-05
1.2297e-05
1.1029e-05
9.7237e-06
8.3863e-06
7.0224e-06
5.6375e-06
4.2372e-06
2.827e-06
1.4128e-06
-1.7602e-19
-1.4057e-06
-2.7988e-06
-4.1739e-06
-5.5256e-06
-6.8486e-06
-8.1379e-06
-9.3884e-06
-1.0596e-05
-1.1755e-05
-1.2861e-05
-1.3912e-05
-1.4902e-05
-1.5828e-05
-1.6686e-05
-1.7475e-05
-1.819e-05
-1.883e-05
-1.9392e-05
-1.9874e-05
-2.0275e-05
-2.0594e-05
-2.0831e-05
-2.0983e-05
-2.1052e-05
-2.1037e-05
-2.094e-05
-2.076e-05
-2.0499e-05
-2.0159e-05
-1.974e-05
-1.9246e-05
-1.8679e-05
-1.8041e-05
-1.7335e-05
-1.6565e-05
-1.5733e-05
-1.4844e-05
-1.3901e-05
-1.2908e-05
-1.187e-05
-1.079e-05
-9.6742e-06
-8.5262e-06
-7.351e-06
-6.1533e-06
-4.938e-06
-3.7102e-06
-2.4745e-06
-1.2362e-06
-5.7675e-20
1.2291e-06
2.4463e-06
3.6469e-06
4.8261e-06
5.9795e-06
7.1025e-06
8.1909e-06
9.2406e-06
1.0248e-05
1.1208e-05
1.2119e-05
1.2976e-05
1.3778e-05
1.4519e-05
1.5199e-05
1.5815e-05
1.6365e-05
1.6847e-05
1.7259e-05
1.76e-05
1.787e-05
1.8068e-05
1.8193e-05
1.8245e-05
1.8225e-05
1.8133e-05
1.797e-05
1.7736e-05
1.7434e-05
1.7066e-05
1.6631e-05
1.6134e-05
1.5576e-05
1.496e-05
1.4289e-05
1.3566e-05
1.2793e-05
1.1975e-05
1.1115e-05
1.0216e-05
9.2832e-06
8.3193e-06
7.3287e-06
6.3156e-06
5.2842e-06
4.2386e-06
3.1831e-06
2.122e-06
1.0596e-06
-2.4729e-19
-1.0525e-06
-2.0938e-06
-3.1199e-06
-4.1267e-06
-5.1104e-06
-6.0672e-06
-6.9934e-06
-7.8857e-06
-8.7407e-06
-9.5552e-06
-1.0326e-05
-1.1051e-05
-1.1727e-05
-1.2352e-05
-1.2924e-05
-1.3441e-05
-1.39e-05
-1.4302e-05
-1.4644e-05
-1.4926e-05
-1.5146e-05
-1.5305e-05
-1.5403e-05
-1.5438e-05
-1.5413e-05
-1.5326e-05
-1.5179e-05
-1.4974e-05
-1.471e-05
-1.4391e-05
-1.4016e-05
-1.3589e-05
-1.3112e-05
-1.2586e-05
-1.2014e-05
-1.1399e-05
-1.0743e-05
-1.005e-05
-9.3223e-06
-8.5633e-06
-7.7762e-06
-6.9644e-06
-6.1312e-06
-5.2803e-06
-4.4151e-06
-3.5392e-06
-2.6561e-06
-1.7695e-06
-8.8299e-07
5.4941e-20
8.7593e-07
1.7413e-06
2.5929e-06
3.4273e-06
4.2413e-06
5.0318e-06
5.7959e-06
6.5308e-06
7.2337e-06
7.902e-06
8.5335e-06
9.1259e-06
9.6771e-06
1.0185e-05
1.0649e-05
1.1066e-05
1.1436e-05
1.1757e-05
1.2029e-05
1.2251e-05
1.2422e-05
1.2543e-05
1.2612e-05
1.2631e-05
1.26e-05
1.2519e-05
1.2389e-05
1.2211e-05
1.1986e-05
1.1716e-05
1.1401e-05
1.1045e-05
1.0647e-05
1.0211e-05
9.7385e-06
9.2317e-06
8.693e-06
8.1247e-06
7.5296e-06
6.9102e-06
6.2692e-06
5.6094e-06
4.9337e-06
4.2449e-06
3.546e-06
2.8397e-06
2.1291e-06
1.417e-06
7.0639e-07
-2.4138e-19
-6.9933e-07
-1.3888e-06
-2.0659e-06
-2.7278e-06
-3.3721e-06
-3.9965e-06
-4.5984e-06
-5.1758e-06
-5.7266e-06
-6.2489e-06
-6.7408e-06
-7.2006e-06
-7.6268e-06
-8.0182e-06
-8.3733e-06
-8.6913e-06
-8.9712e-06
-9.2123e-06
-9.414e-06
-9.576e-06
-9.6979e-06
-9.7799e-06
-9.8219e-06
-9.8243e-06
-9.7875e-06
-9.712e-06
-9.5987e-06
-9.4484e-06
-9.2621e-06
-9.041e-06
-8.7864e-06
-8.4997e-06
-8.1825e-06
-7.8364e-06
-7.4632e-06
-7.0646e-06
-6.6427e-06
-6.1994e-06
-5.7368e-06
-5.257e-06
-4.7622e-06
-4.2545e-06
-3.7362e-06
-3.2096e-06
-2.6769e-06
-2.1403e-06
-1.6021e-06
-1.0645e-06
-5.298e-07
9.0376e-20
5.2273e-07
1.0363e-06
1.5389e-06
2.0284e-06
2.503e-06
2.9611e-06
3.4009e-06
3.8209e-06
4.2196e-06
4.5957e-06
4.948e-06
5.2753e-06
5.5766e-06
5.8511e-06
6.098e-06
6.3166e-06
6.5066e-06
6.6674e-06
6.799e-06
6.9011e-06
6.9738e-06
7.0172e-06
7.0316e-06
7.0174e-06
6.975e-06
6.9051e-06
6.8084e-06
6.6857e-06
6.5379e-06
6.3661e-06
6.1714e-06
5.9549e-06
5.7179e-06
5.4617e-06
5.1878e-06
4.8976e-06
4.5925e-06
4.2741e-06
3.9441e-06
3.6039e-06
3.2551e-06
2.8996e-06
2.5387e-06
2.1742e-06
1.8077e-06
1.4408e-06
1.0751e-06
7.1205e-07
3.532e-07
-1.3788e-23
-3.4613e-07
-6.8385e-07
-1.0119e-06
-1.3289e-06
-1.6339e-06
-1.9258e-06
-2.2034e-06
-2.466e-06
-2.7126e-06
-2.9426e-06
-3.1552e-06
-3.35e-06
-3.5264e-06
-3.684e-06
-3.8226e-06
-3.942e-06
-4.042e-06
-4.1226e-06
-4.184e-06
-4.2263e-06
-4.2497e-06
-4.2545e-06
-4.2413e-06
-4.2104e-06
-4.1625e-06
-4.0981e-06
-4.0181e-06
-3.923e-06
-3.8138e-06
-3.6913e-06
-3.5564e-06
-3.4101e-06
-3.2533e-06
-3.0871e-06
-2.9125e-06
-2.7305e-06
-2.5423e-06
-2.3489e-06
-2.1513e-06
-1.9507e-06
-1.7481e-06
-1.5446e-06
-1.3412e-06
-1.1389e-06
-9.3864e-07
-7.4141e-07
-5.4809e-07
-3.5955e-07
-1.766e-07
4.863e-20
1.6953e-07
3.3135e-07
4.8485e-07
6.295e-07
7.6482e-07
8.904e-07
1.0059e-06
1.111e-06
1.2056e-06
1.2895e-06
1.3625e-06
1.4247e-06
1.4762e-06
1.5169e-06
1.5472e-06
1.5673e-06
1.5774e-06
1.5778e-06
1.569e-06
1.5514e-06
1.5255e-06
1.4918e-06
1.451e-06
1.4035e-06
1.35e-06
1.2912e-06
1.2277e-06
1.1603e-06
1.0897e-06
1.0164e-06
9.414e-07
8.6524e-07
7.8868e-07
7.124e-07
6.371e-07
5.6344e-07
4.9205e-07
4.2356e-07
3.5855e-07
2.9757e-07
2.4112e-07
1.8969e-07
1.437e-07
1.0354e-07
6.9529e-08
4.1966e-08
2.108e-08
7.05e-09
0
0
-0
-0
-0
-0
-0
-0
-0
-0
-0
-0
-0
-0
-0
-0
-0
-0
-0
-0
-0
-0
-0
-0
-0
-0
-0
-0
-0
-0
-0
-0
-0
-0
-0
-0
-0
-0
-0
-0
-0
-0
-0
-0
-0
-0
-0
-0
-0
-0
-0
-0
0
0
0
0
0
0
0
0
0
0
0
0
0
0
0
0
0
0
0
0
0
0
0
0
0
0
0
0
0
0
0
0
0
0
0
0
0
0
0
0
0
0
0
0
0
0
0
0
0
0
-0
-0
-0
-0
-0
-0
-0
-0
-0
-0
-0
-0
-0
-0
-0
-0
-0
-0
-0
-0
-0
-0
-0
-0
-0
-0
-0
-0
-0
-0
-0
-0
-0
-0
-0
-0
-0
-0
-0
-0
-0
-0
-0
-0
-0
-0
-0
-0
-0
-0
0
0
0
0
0
0
0
0
0
0
0
0
0
0
0
0
0
0
0
0
0
0
0
0
0
0
0
0
0
0
0
0
0
0
0
0
0
0
0
0
0
0
0
0
0
0
0
0
0
0
-0
-0
-0
-0
-0
-0
-0
-0
-0
-0
-0
-0
-0
-0
-0
-0
-0
-0
-0
-0
-0
-0
-0
-0
-0
-0
-0
-0
-0
-0
-0
-0
-0
-0
-0
-0
-0
-0
-0
-0
-0
-0
-0
-0
-0
-0
-0
-0
-0
-0
0
0
0
0
0
0
0
0
0
0
0
0
0
0
0
0
0
0
0
0
0
0
0
0
0
0
0
0
0
0
0
0
0
0
0
0
0
0
0
0
0
0
0
0
0
0
0
0
0
0
-0
-0
-0
-0
-0
-0
-0
-0
-0
-0
-0
-0
-0
-0
-0
-0
-0
-0
-0
-0
-0
-0
-0
-0
-0
-0
-0
-0
-0
-0
-0
-0
-0
-0
-0
-0
-0
-0
-0
-0
-0
-0
-0
-0
-0
-0
-0
-0
-0
-0
0
0
0
0
0
0
0
0
0
0
0
0
0
0
0
0
0
0
0
0
0
0
0
0
0
0
0
0
0
0
0
0
0
0
0
0
0
0
0
0
0
0
0
0
0
0
0
0
0
0
-0
-0
-0
-0
-0
-0
-0
-0
-0
-0
-0
-0
-0
-0
-0
-0
-0
-0
-0
-0
-0
-0
-0
-0
-0
-0
-0
-0
-0
-0
-0
-0
-0
-0
-0
-0
-0
-0
-0
-0
-0
-0
-0
-0
-0
-0
-0
-0
-0
-0
0
0
0
0
0
0
0
0
0
0
0
0
0
0
0
0
0
0
0
0
0
0
0
0
0
0
0
0
0
0
0
0
0
0
0
0
0
0
0
0
0
0
0
0
0
0
0
0
0
0
-0
-0
-0
-0
-0
-0
-0
-0
-0
-0
-0
-0
-0
-0
-0
-0
-0
-0
-0
-0
-0
-0
-0
-0
-0
-0
-0
-0
-0
-0
-0
-0
-0
-0
-0
-0
-0
-0
-0
-0
-0
-0
-0
-0
-0
-0
-0
-0
-0
0
0
0
0
0
0
0
0
0
0
0
0
0
0
0
0
0
0
0
0
0
0
0
0
0
0
0
0
0
0
0
0
0
0
0
0
0
0
0
0
0
0
0
0
0
0
0
0
0
0
0
-0
-0
-0
-0
-0
-0
-0
-0
-0
-0
-0
-0
-0
-0
-0
-0
-0
-0
-0
-0
-0
-0
-0
-0
-0
-0
-0
-0
-0
-0
-0
-0
-0
-0
-0
-0
-0
-0
-0
-0
-0
-0
-0
-0
-0
-0
-0
-0
-0
-0
0
0
0
0
0
0
0
0
0
0
0
0
0
0
0
0
0
0
0
0
0
0
0
0
0
0
0
0
0
0
0
0
0
0
0
0
0
0
0
0
0
0
0
0
0
0
0
0
0
0
-0
-0
-0
-0
-0
-0
-0
-0
-0
-0
-0
-0
-0
-0
-0
-0
-0
-0
-0
-0
-0
-0
-0
-0
-0
-0
-0
-0
-0
-0
-0
-0
-0
-0
-0
-0
-0
-0
-0
-0
-0
-0
-0
-0
-0
-0
-0
-0
-0
-0
0
0
0
0
0
0
0
0
0
0
0
0
0
0
0
0
0
0
0
0
0
0
0
0
0
0
0
0
0
0
0
0
0
0
0
0
0
0
0
0
0
0
0
0
0
0
0
0
0
-0
-0
-0
-0
-0
-0
-0
-0
-0
-0
-0
-0
-0
-0
-0
-0
-0
-0
-0
-0
-0
-0
-0
-0
-0
-0
-0
-0
-0
-0
-0
-0
-0
-0
-0
-0
-0
-0
-0
-0
-0
-0
-0
-0
-0
-0
-0
-0
-0
-0
-0
0
0
0
0
0
0
0
0
0
0
0
0
0
0
0
0
0
0
0
0
0
0
0
0
0
0
0
0
0
0
0
0
0
0
0
0
0
0
0
0
0
0
0
0
0
0
0
0
0
0
-0
-0
-0
-0
-0
-0
-0
-0
-0
-0
-0
-0
-0
-0
-0
-0
-0
-0
-0
-0
-0
-0
-0
-0
-0
-0
-0
-0
-0
-0
-0
-0
-0
-0
-0
-0
-0
-0
-0
-0
-0
-0
-0
-0
-0
-0
-0
-0
-0
0
0
0
0
0
0
0
0
0
0
0
0
0
0
0
0
0
0
0
0
0
0
0
0
0
0
0
0
0
0
0
0
0
0
0
0
0
0
0
0
0
0
0
0
0
0
0
0
0
0
0
-0
-0
-0
-0
-0
-0
-0
-0
-0
-0
-0
-0
-0
-0
-0
-0
-0
-0
-0
-0
-0
-0
-0
-0
-0
-0
-0
-0
-0
-0
-0
-0
-0
-0
-0
-0
-0
-0
-0
-0
-0
-0
-0
-0
-0
-0
-0
-0
-0
-0
0
0
0
0
0
0
0
0
0
0
0
0
0
0
0
0
0
0
0
0
0
0
0
0
0
0
0
0
0
0
0
0
0
0
0
0
0
0
0
0
0
0
0
0
0
0
0
0
0
0
-0
-0
-0
-0
-0
-0
-0
-0
-0
-0
-0
-0
-0
-0
-0
-0
-0
-0
-0
-0
-0
-0
-0
-0
-0
-0
-0
-0
-0
-0
-0
-0
-0
-0
-0
-0
-0
-0
-0
-0
-0
-0
-0
-0
-0
-0
-0
-0
-0
0
0
0
0
0
0
0
0
0
0
0
0
0
0
0
0
0
0
0
0
0
0
0
0
0
0
0
0
0
0
0
0
0
0
0
0
0
0
0
0
0
0
0
0
0
0
0
0
0
0
-0
-0
-0
-0
-0
-0
-0
-0
-0
-0
-0
-0
-0
-0
-0
-0
-0
-0
-0
-0
-0
-0
-0
-0
-0
-0
-0
-0
-0
-0
-0
-0
-0
-0
-0
-0
-0
-0
-0
-0
-0
-0
-0
-0
-0
-0
-0
-0
-0
-0
-0
0
0
0
0
0
0
0
0
0
0
0
0
0
0
0
0
0
0
0
0
0
0
0
0
0
0
0
0
0
0
0
0
0
0
0
0
0
0
0
0
0
0
0
0
0
0
0
0
0
0
-0
-0
-0
-0
-0
-0
-0
-0
-0
-0
-0
-0
-0
-0
-0
-0
-0
-0
-0
-0
-0
-0
-0
-0
-0
-0
-0
-0
-0
-0
-0
-0
-0
-0
-0
-0
-0
-0
-0
-0
-0
-0
-0
-0
-0
-0
-0
-0
-0
0
0
0
0
0
0
0
0
0
0
0
0
0
0
0
0
0
0
0
0
0
0
0
0
0
0
0
0
0
0
0
0
0
0
0
0
0
0
0
0
0
0
0
0
0
0
0
0
0
0
-0
-0
-0
-0
-0
-0
-0
-0
-0
-0
-0
-0
-0
-0
-0
-0
-0
-0
-0
-0
-0
-0
-0
-0
-0
-0
-0
-0
-0
-0
-0
-0
-0
-0
-0
-0
-0
-0
-0
-0
-0
-0
-0
-0
-0
-0
-0
-0
-0
-0
0
0
0
0
0
0
0
0
0
0
0
0
0
0
0
0
0
0
0
0
0
0
0
0
0
0
0
0
0
0
0
0
0
0
0
0
0
0
0
0
0
0
0
0
0
0
0
0
0
0
0
-0
-0
-0
-0
-0
-0
-0
-0
-0
-0
-0
-0
-0
-0
-0
-0
-0
-0
-0
-0
-0
-0
-0
-0
-0
-0
-0
-0
-0
-0
-0
-0
-0
-0
-0
-0
-0
-0
-0
-0
-0
-0
-0
-0
-0
-0
-0
-0
-0
-0
0
0
0
0
0
0
0
0
0
0
0
0
0
0
0
0
0
0
0
0
0
0
0
0
0
0
0
0
0
0
0
0
0
0
0
0
0
0
0
0
0
0
0
0
0
0
0
0
0
-0
-0
-0
-0
-0
-0
-0
-0
-0
-0
-0
-0
-0
-0
-0
-0
-0
-0
-0
-0
-0
-0
-0
-0
-0
-0
-0
-0
-0
-0
-0
-0
-0
-0
-0
-0
-0
-0
-0
-0
-0
-0
-0
-0
-0
-0
-0
-0
-0
-0
0
0
0
0
0
0
0
0
0
0
0
0
0
0
0
0
0
0
0
0
0
0
0
0
0
0
0
0
0
0
0
0
0
0
0
0
0
0
0
0
0
0
0
0
0
0
0
0
0
0
-0
-0
-0
-0
-0
-0
-0
-0
-0
-0
-0
-0
-0
-0
-0
-0
-0
-0
-0
-0
-0
-0
-0
-0
-0
-0
-0
-0
-0
-0
-0
-0
-0
-0
-0
-0
-0
-0
-0
-0
-0
-0
-0
-0
-0
-0
-0
-0
-0
-0
-0
0
0
0
0
0
0
0
0
0
0
0
0
0
0
0
0
0
0
0
0
0
0
0
0
0
0
0
0
0
0
0
0
0
0
0
0
0
0
0
0
0
0
0
0
0
0
0
0
0
0
-0
-0
-0
-0
-0
-0
-0
-0
-0
-0
-0
-0
-0
-0
-0
-0
-0
-0
-0
-0
-0
-0
-0
-0
-0
-0
-0
-0
-0
-0
-0
-0
-0
-0
-0
-0
-0
-0
-0
-0
-0
-0
-0
-0
-0
-0
-0
-0
-0
0
0
0
0
0
0
0
0
0
0
0
0
0
0
0
0
0
0
0
0
0
0
0
0
0
0
0
0
0
0
0
0
0
0
0
0
0
0
0
0
0
0
0
0
0
0
0
0
0
0
-0
-0
-0
-0
-0
-0
-0
-0
-0
-0
-0
-0
-0
-0
-0
-0
-0
-0
-0
-0
-0
-0
-0
-0
-0
-0
-0
-0
-0
-0
-0
-0
-0
-0
-0
-0
-0
-0
-0
-0
-0
-0
-0
-0
-0
-0
-0
-0
-0
-0
0
0
0
0
0
0
0
0
0
0
0
0
0
0
0
0
0
0
0
0
0
0
0
0
0
0
0
0
0
0
0
0
0
0
0
0
0
0
0
0
0
0
0
0
0
0
0
0
0
0
-0
-0
-0
-0
-0
-0
-0
-0
-0
-0
-0
-0
-0
-0
-0
-0
-0
-0
-0
-0
-0
-0
-0
-0
-0
-0
-0
-0
-0
-0
-0
-0
-0
-0
-0
-0
-0
-0
-0
-0
-0
-0
-0
-0
-0
-0
-0
-0
-0
-0
-0
0
0
0
0
0
0
0
0
0
0
0
0
0
0
0
0
0
0
0
0
0
0
0
0
0
0
0
0
0
0
0
0
0
0
0
0
0
0
0
0
0
0
0
0
0
0
0
0
0
0
-0
-0
-0
-0
-0
-0
-0
-0
-0
-0
-0
-0
-0
-0
-0
-0
-0
-0
-0
-0
-0
-0
-0
-0
-0
-0
-0
-0
-0
-0
-0
-0
-0
-0
-0
-0
-0
-0
-0
-0
-0
-0
-0
-0
-0
-0
-0
-0
-0
-0
0
0
0
0
0
0
0
0
0
0
0
0
0
0
0
0
0
0
0
0
0
0
0
0
0
0
0
0
0
0
0
0
0
0
0
0
0
0
0
0
0
0
0
0
0
0
0
0
0
-0
-0
-0
-0
-0
-0
-0
-0
-0
-0
-0
-0
-0
-0
-0
-0
-0
-0
-0
-0
-0
-0
-0
-0
-0
-0
-0
-0
-0
-0
-0
-0
-0
-0
-0
-0
-0
-0
-0
-0
-0
-0
-0
-0
-0
-0
-0
-0
-0
-0
0
0
0
0
0
0
0
0
0
0
0
0
0
0
0
0
0
0
0
0
0
0
0
0
0
0
0
0
0
0
0
0
0
0
0
0
0
0
0
0
0
0
0
0
0
0
0
0
0
0
0
-0
-0
-0
-0
-0
-0
-0
-0
-0
-0
-0
-0
-0
-0
-0
-0
-0
-0
-0
-0
-0
-0
-0
-0
-0
-0
-0
-0
-0
-0
-0
-0
-0
-0
-0
-0
-0
-0
-0
-0
-0
-0
-0
-0
-0
-0
-0
-0
-0
-0
0
0
0
0
0
0
0
0
0
0
0
0
0
0
0
0
0
0
0
0
0
0
0
0
0
0
0
0
0
0
0
0
0
0
0
0
0
0
0
0
0
0
0
0
0
0
0
0
0
0
-0
-0
-0
-0
-0
-0
-0
-0
-0
-0
-0
-0
-0
-0
-0
-0
-0
-0
-0
-0
-0
-0
-0
-0
-0
-0
-0
-0
-0
-0
-0
-0
-0
-0
-0
-0
-0
-0
-0
-0
-0
-0
-0
-0
-0
-0
-0
-0
-0
0
0
0
0
0
0
0
0
0
0
0
0
0
0
0
0
0
0
0
0
0
0
0
0
0
0
0
0
0
0
0
0
0
0
0
0
0
0
0
0
0
0
0
0
0
0
0
0
0
0
-0
-0
-0
-0
-0
-0
-0
-0
-0
-0
-0
-0
-0
-0
-0
-0
-0
-0
-0
-0
-0
-0
-0
-0
-0
-0
-0
-0
-0
-0
-0
-0
-0
-0
-0
-0
-0
-0
-0
-0
-0
-0
-0
-0
-0
-0
-0
-0
-0
-0
-0
0
0
0
0
0
0
0
0
0
0
0
0
0
0
0
0
0
0
0
0
0
0
0
0
0
0
0
0
0
0
0
0
0
0
0
0
0
0
0
0
0
0
0
0
0
0
0
0
0
0
-0
-0
-0
-0
-0
-0
-0
-0
-0
-0
-0
-0
-0
-0
-0
-0
-0
-0
-0
-0
-0
-0
-0
-0
-0
-0
-0
-0
-0
-0
-0
-0
-0
-0
-0
-0
-0
-0
-0
-0
-0
-0
-0
-0
-0
-0
-0
-0
-0
-0
0
0
0
0
0
0
0
0
0
0
0
0
0
0
0
0
0
0
0
0
0
0
0
0
0
0
0
0
0
0
0
0
0
0
0
0
0
0
0
0
0
0
0
0
0
0
0
0
0
-0
-0
-0
-0
-0
-0
-0
-0
-0
-0
-0
-0
-0
-0
-0
-0
-0
-0
-0
-0
-0
-0
-0
-0
-0
-0
-0
-0
-0
-0
-0
-0
-0
-0
-0
-0
-0
-0
-0
-0
-0
-0
-0
-0
-0
-0
-0
-0
-0
-0
0
0
0
0
0
0
0
0
0
0
0
0
0
0
0
0
0
0
0
0
0
0
0
0
0
0
0
0
0
0
0
0
0
0
0
0
0
0
0
0
0
0
0
0
0
0
0
0
0
0
-0
-3.532e-09
-1.41e-08
-3.1621e-08
-5.5955e-08
-8.6911e-08
-1.2424e-07
-1.6765e-07
-2.1679e-07
-2.7126e-07
-3.3063e-07
-3.9441e-07
-4.6207e-07
-5.3306e-07
-6.0678e-07
-6.8261e-07
-7.599e-07
-8.3797e-07
-9.1614e-07
-9.937e-07
-1.0699e-06
-1.1441e-06
-1.2156e-06
-1.2835e-06
-1.3473e-06
-1.4063e-06
-1.4596e-06
-1.5068e-06
-1.5471e-06
-1.58e-06
-1.6049e-06
-1.6213e-06
-1.6287e-06
-1.6266e-06
-1.6148e-06
-1.5928e-06
-1.5603e-06
-1.5172e-06
-1.4632e-06
-1.3983e-06
-1.3225e-06
-1.2358e-06
-1.1381e-06
-1.0299e-06
-9.1111e-07
-7.822e-07
-6.4349e-07
-4.9539e-07
-3.384e-07
-1.7307e-07
-3.0307e-20
1.8013e-07
3.666e-07
5.5863e-07
7.554e-07
9.5602e-07
1.1596e-06
1.3652e-06
1.5717e-06
1.7783e-06
1.9838e-06
2.1872e-06
2.3874e-06
2.5833e-06
2.7738e-06
2.958e-06
3.1346e-06
3.3026e-06
3.461e-06
3.6087e-06
3.7448e-06
3.8683e-06
3.9783e-06
4.0739e-06
4.1543e-06
4.2188e-06
4.2666e-06
4.2971e-06
4.3098e-06
4.3041e-06
4.2798e-06
4.2363e-06
4.1735e-06
4.0913e-06
3.9894e-06
3.8681e-06
3.7274e-06
3.5674e-06
3.3885e-06
3.1911e-06
2.9757e-06
2.7428e-06
2.4931e-06
2.2274e-06
1.9465e-06
1.6513e-06
1.3429e-06
1.0224e-06
6.909e-07
3.4966e-07
-1.9849e-19
-3.5673e-07
-7.191e-07
-1.0856e-06
-1.4548e-06
-1.8251e-06
-2.1949e-06
-2.5627e-06
-2.9267e-06
-3.2853e-06
-3.6369e-06
-3.9799e-06
-4.3126e-06
-4.6335e-06
-4.9409e-06
-5.2333e-06
-5.5092e-06
-5.7672e-06
-6.0058e-06
-6.2237e-06
-6.4196e-06
-6.5924e-06
-6.7409e-06
-6.8642e-06
-6.9612e-06
-7.0312e-06
-7.0735e-06
-7.0874e-06
-7.0725e-06
-7.0283e-06
-6.9546e-06
-6.8513e-06
-6.7183e-06
-6.5559e-06
-6.3641e-06
-6.1435e-06
-5.8944e-06
-5.6176e-06
-5.3138e-06
-4.9839e-06
-4.6288e-06
-4.2498e-06
-3.848e-06
-3.4249e-06
-2.9818e-06
-2.5204e-06
-2.0424e-06
-1.5494e-06
-1.0434e-06
-5.2626e-07
2.0677e-19
5.3333e-07
1.0716e-06
1.6127e-06
2.1543e-06
2.6942e-06
3.2303e-06
3.7602e-06
4.2816e-06
4.7923e-06
5.2901e-06
5.7727e-06
6.2379e-06
6.6837e-06
7.108e-06
7.5087e-06
7.8839e-06
8.2318e-06
8.5506e-06
8.8387e-06
9.0945e-06
9.3166e-06
9.5036e-06
9.6545e-06
9.7682e-06
9.8438e-06
9.8805e-06
9.8777e-06
9.8352e-06
9.7524e-06
9.6294e-06
9.4663e-06
9.2632e-06
9.0205e-06
8.7388e-06
8.4188e-06
8.0615e-06
7.6678e-06
7.2391e-06
6.7766e-06
6.282e-06
5.7568e-06
5.2029e-06
4.6224e-06
4.0172e-06
3.3895e-06
2.7418e-06
2.0764e-06
1.3959e-06
7.0286e-07
4.8507e-19
-7.0993e-07
-1.4241e-06
-2.1397e-06
-2.8537e-06
-3.5634e-06
-4.2656e-06
-4.9577e-06
-5.6365e-06
-6.2993e-06
-6.9432e-06
-7.5654e-06
-8.1632e-06
-8.734e-06
-9.2751e-06
-9.784e-06
-1.0259e-05
-1.0696e-05
-1.1095e-05
-1.1454e-05
-1.1769e-05
-1.2041e-05
-1.2266e-05
-1.2445e-05
-1.2575e-05
-1.2656e-05
-1.2687e-05
-1.2668e-05
-1.2598e-05
-1.2477e-05
-1.2304e-05
-1.2081e-05
-1.1808e-05
-1.1485e-05
-1.1113e-05
-1.0694e-05
-1.0229e-05
-9.7181e-06
-9.1644e-06
-8.5694e-06
-7.9351e-06
-7.2638e-06
-6.5579e-06
-5.8199e-06
-5.0525e-06
-4.2586e-06
-3.4412e-06
-2.6034e-06
-1.7484e-06
-8.7946e-07
-7.5794e-19
8.8652e-07
1.7766e-06
2.6667e-06
3.5532e-06
4.4325e-06
5.301e-06
6.1552e-06
6.9915e-06
7.8063e-06
8.5964e-06
9.3582e-06
1.0089e-05
1.0784e-05
1.1442e-05
1.2059e-05
1.2633e-05
1.3161e-05
1.364e-05
1.4069e-05
1.4444e-05
1.4765e-05
1.5029e-05
1.5235e-05
1.5382e-05
1.5469e-05
1.5494e-05
1.5458e-05
1.5361e-05
1.5201e-05
1.4979e-05
1.4696e-05
1.4353e-05
1.395e-05
1.3488e-05
1.297e-05
1.2396e-05
1.1768e-05
1.109e-05
1.0362e-05
9.5882e-06
8.7708e-06
7.9128e-06
7.0174e-06
6.0879e-06
5.1278e-06
4.1407e-06
3.1304e-06
2.1009e-06
1.0561e-06
1.0915e-18
-1.0631e-06
-2.1291e-06
-3.1937e-06
-4.2526e-06
-5.3016e-06
-6.3363e-06
-7.3527e-06
-8.3464e-06
-9.3133e-06
-1.025e-05
-1.1151e-05
-1.2014e-05
-1.2834e-05
-1.3609e-05
-1.4335e-05
-1.5008e-05
-1.5626e-05
-1.6185e-05
-1.6684e-05
-1.7119e-05
-1.7489e-05
-1.7792e-05
-1.8025e-05
-1.8189e-05
-1.8281e-05
-1.8301e-05
-1.8249e-05
-1.8123e-05
-1.7925e-05
-1.7654e-05
-1.7311e-05
-1.6898e-05
-1.6414e-05
-1.5863e-05
-1.5245e-05
-1.4563e-05
-1.3819e-05
-1.3015e-05
-1.2155e-05
-1.1241e-05
-1.0278e-05
-9.2677e-06
-8.2149e-06
-7.1232e-06
-5.9969e-06
-4.8401e-06
-3.6574e-06
-2.4534e-06
-1.2327e-06
-3.665e-19
1.2397e-06
2.4816e-06
3.7207e-06
4.952e-06
6.1707e-06
7.3717e-06
8.5502e-06
9.7013e-06
1.082e-05
1.1903e-05
1.2944e-05
1.3939e-05
1.4885e-05
1.5776e-05
1.661e-05
1.7383e-05
1.809e-05
1.873e-05
1.9299e-05
1.9794e-05
2.0213e-05
2.0554e-05
2.0816e-05
2.0996e-05
2.1094e-05
2.1108e-05
2.1039e-05
2.0886e-05
2.0649e-05
2.0329e-05
1.9926e-05
1.9442e-05
1.8879e-05
1.8237e-05
1.752e-05
1.673e-05
1.5869e-05
1.494e-05
1.3948e-05
1.2895e-05
1.1785e-05
1.0623e-05
9.4124e-06
8.1586e-06
6.866e-06
5.5396e-06
4.1845e-06
2.8059e-06
1.4093e-06
1.9404e-18
-1.4163e-06
-2.8341e-06
-4.2477e-06
-5.6515e-06
-7.0398e-06
-8.407e-06
-9.7477e-06
-1.1056e-05
-1.2327e-05
-1.3556e-05
-1.4736e-05
-1.5864e-05
-1.6935e-05
-1.7943e-05
-1.8885e-05
-1.9757e-05
-2.0555e-05
-2.1275e-05
-2.1914e-05
-2.2469e-05
-2.2937e-05
-2.3317e-05
-2.3606e-05
-2.3803e-05
-2.3906e-05
-2.3915e-05
-2.3829e-05
-2.3649e-05
-2.3373e-05
-2.3004e-05
-2.2541e-05
-2.1987e-05
-2.1344e-05
-2.0612e-05
-1.9796e-05
-1.8897e-05
-1.7919e-05
-1.6866e-05
-1.574e-05
-1.4548e-05
-1.3292e-05
-1.1978e-05
-1.061e-05
-9.1939e-06
-7.7351e-06
-6.239e-06
-4.7115e-06
-3.1584e-06
-1.5859e-06
-1.017e-18
1.5929e-06
3.1866e-06
4.7747e-06
6.3509e-06
7.9089e-06
9.4424e-06
1.0945e-05
1.2411e-05
1.3834e-05
1.5209e-05
1.6529e-05
1.779e-05
1.8985e-05
2.011e-05
2.1161e-05
2.2132e-05
2.3019e-05
2.382e-05
2.4529e-05
2.5144e-05
2.5661e-05
2.608e-05
2.6396e-05
2.661e-05
2.6719e-05
2.6722e-05
2.662e-05
2.6411e-05
2.6097e-05
2.5679e-05
2.5156e-05
2.4532e-05
2.3808e-05
2.2987e-05
2.2071e-05
2.1064e-05
1.9969e-05
1.8791e-05
1.7533e-05
1.6201e-05
1.4799e-05
1.3333e-05
1.1807e-05
1.0229e-05
8.6042e-06
6.9384e-06
5.2385e-06
3.5109e-06
1.7625e-06
1.4303e-18
-1.7589e-06
-3.5038e-06
-5.2279e-06
-6.9245e-06
-8.5868e-06
-1.0209e-05
-1.1783e-05
-1.3305e-05
-1.4769e-05
-1.6168e-05
-1.7497e-05
-1.8752e-05
-1.9928e-05
-2.1021e-05
-2.2025e-05
-2.2939e-05
-2.3759e-05
-2.4481e-05
-2.5104e-05
-2.5625e-05
-2.6043e-05
-2.6356e-05
-2.6564e-05
-2.6666e-05
-2.6662e-05
-2.6554e-05
-2.6341e-05
-2.6024e-05
-2.5607e-05
-2.509e-05
-2.4476e-05
-2.3769e-05
-2.297e-05
-2.2084e-05
-2.1115e-05
-2.0067e-05
-1.8944e-05
-1.7751e-05
-1.6493e-05
-1.5176e-05
-1.3804e-05
-1.2384e-05
-1.0921e-05
-9.4217e-06
-7.8915e-06
-6.3369e-06
-4.7642e-06
-3.1795e-06
-1.5894e-06
-1.5593e-18
1.5823e-06
3.1513e-06
4.7009e-06
6.225e-06
7.7177e-06
9.1732e-06
1.0586e-05
1.1951e-05
1.3262e-05
1.4515e-05
1.5705e-05
1.6827e-05
1.7878e-05
1.8853e-05
1.975e-05
2.0565e-05
2.1294e-05
2.1936e-05
2.2489e-05
2.295e-05
2.3319e-05
2.3593e-05
2.3774e-05
2.3859e-05
2.385e-05
2.3747e-05
2.355e-05
2.3262e-05
2.2883e-05
2.2415e-05
2.1861e-05
2.1224e-05
2.0506e-05
1.971e-05
1.884e-05
1.79e-05
1.6894e-05
1.5826e-05
1.4701e-05
1.3523e-05
1.2297e-05
1.1029e-05
9.7237e-06
8.3863e-06
7.0224e-06
5.6375e-06
4.2372e-06
2.827e-06
1.4128e-06
3.5182e-19
-1.4057e-06
-2.7988e-06
-4.1739e-06
-5.5256e-06
-6.8486e-06
-8.1379e-06
-9.3884e-06
-1.0596e-05
-1.1755e-05
-1.2861e-05
-1.3912e-05
-1.4902e-05
-1.5828e-05
-1.6686e-05
-1.7475e-05
-1.819e-05
-1.883e-05
-1.9392e-05
-1.9874e-05
-2.0275e-05
-2.0594e-05
-2.0831e-05
-2.0983e-05
-2.1052e-05
-2.1037e-05
-2.094e-05
-2.076e-05
-2.0499e-05
-2.0159e-05
-1.974e-05
-1.9246e-05
-1.8679e-05
-1.8041e-05
-1.7335e-05
-1.6565e-05
-1.5733e-05
-1.4844e-05
-1.3901e-05
-1.2908e-05
-1.187e-05
-1.079e-05
-9.6742e-06
-8.5262e-06
-7.351e-06
-6.1533e-06
-4.938e-06
-3.7102e-06
-2.4745e-06
-1.2362e-06
-1.6353e-18
1.2291e-06
2.4463e-06
3.6469e-06
4.8261e-06
5.9795e-06
7.1025e-06
8.1909e-06
9.2406e-06
1.0248e-05
1.1208e-05
1.2119e-05
1.2976e-05
1.3778e-05
1.4519e-05
1.5199e-05
1.5815e-05
1.6365e-05
1.6847e-05
1.7259e-05
1.76e-05
1.787e-05
1.8068e-05
1.8193e-05
1.8245e-05
1.8225e-05
1.8133e-05
1.797e-05
1.7736e-05
1.7434e-05
1.7066e-05
1.6631e-05
1.6134e-05
1.5576e-05
1.496e-05
1.4289e-05
1.3566e-05
1.2793e-05
1.1975e-05
1.1115e-05
1.0216e-05
9.2832e-06
8.3193e-06
7.3287e-06
6.3156e-06
5.2842e-06
4.2386e-06
3.1831e-06
2.122e-06
1.0596e-06
6.2627e-19
-1.0525e-06
-2.0938e-06
-3.1199e-06
-4.1267e-06
-5.1104e-06
-6.0672e-06
-6.9934e-06
-7.8857e-06
-8.7407e-06
-9.5552e-06
-1.0326e-05
-1.1051e-05
-1.1727e-05
-1.2352e-05
-1.2924e-05
-1.3441e-05
-1.39e-05
-1.4302e-05
-1.4644e-05
-1.4926e-05
-1.5146e-05
-1.5305e-05
-1.5403e-05
-1.5438e-05
-1.5413e-05
-1.5326e-05
-1.5179e-05
-1.4974e-05
-1.471e-05
-1.4391e-05
-1.4016e-05
-1.3589e-05
-1.3112e-05
-1.2586e-05
-1.2014e-05
-1.1399e-05
-1.0743e-05
-1.005e-05
-9.3223e-06
-8.5633e-06
-7.7762e-06
-6.9644e-06
-6.1312e-06
-5.2803e-06
-4.4151e-06
-3.5392e-06
-2.6561e-06
-1.7695e-06
-8.8299e-07
-6.7254e-19
8.7593e-07
1.7413e-06
2.5929e-06
3.4273e-06
4.2413e-06
5.0318e-06
5.7959e-06
6.5308e-06
7.2337e-06
7.902e-06
8.5335e-06
9.1259e-06
9.6771e-06
1.0185e-05
1.0649e-05
1.1066e-05
1.1436e-05
1.1757e-05
1.2029e-05
1.2251e-05
1.2422e-05
1.2543e-05
1.2612e-05
1.2631e-05
1.26e-05
1.2519e-05
1.2389e-05
1.2211e-05
1.1986e-05
1.1716e-05
1.1401e-05
1.1045e-05
1.0647e-05
1.0211e-05
9.7385e-06
9.2317e-06
8.693e-06
8.1247e-06
7.5296e-06
6.9102e-06
6.2692e-06
5.6094e-06
4.9337e-06
4.2449e-06
3.546e-06
2.8397e-06
2.1291e-06
1.417e-06
7.0639e-07
6.5817e-19
-6.9933e-07
-1.3888e-06
-2.0659e-06
-2.7278e-06
-3.3721e-06
-3.9965e-06
-4.5984e-06
-5.1758e-06
-5.7266e-06
-6.2489e-06
-6.7408e-06
-7.2006e-06
-7.6268e-06
-8.0182e-06
-8.3733e-06
-8.6913e-06
-8.9712e-06
-9.2123e-06
-9.414e-06
-9.576e-06
-9.6979e-06
-9.7799e-06
-9.8219e-06
-9.8243e-06
-9.7875e-06
-9.712e-06
-9.5987e-06
-9.4484e-06
-9.2621e-06
-9.041e-06
-8.7864e-06
-8.4997e-06
-8.1825e-06
-7.8364e-06
-7.4632e-06
-7.0646e-06
-6.6427e-06
-6.1994e-06
-5.7368e-06
-5.257e-06
-4.7622e-06
-4.2545e-06
-3.7362e-06
-3.2096e-06
-2.6769e-06
-2.1403e-06
-1.6021e-06
-1.0645e-06
-5.298e-07
-1.0674e-19
5.2273e-07
1.0363e-06
1.5389e-06
2.0284e-06
2.503e-06
2.9611e-06
3.4009e-06
3.8209e-06
4.2196e-06
4.5957e-06
4.948e-06
5.2753e-06
5.5766e-06
5.8511e-06
6.098e-06
6.3166e-06
6.5066e-06
6.6674e-06
6.799e-06
6.9011e-06
6.9738e-06
7.0172e-06
7.0316e-06
7.0174e-06
6.975e-06
6.9051e-06
6.8084e-06
6.6857e-06
6.5379e-06
6.3661e-06
6.1714e-06
5.9549e-06
5.7179e-06
5.4617e-06
5.1878e-06
4.8976e-06
4.5925e-06
4.2741e-06
3.9441e-06
3.6039e-06
3.2551e-06
2.8996e-06
2.5387e-06
2.1742e-06
1.8077e-06
1.4408e-06
1.0751e-06
7.1205e-07
3.532e-07
4.475e-19
-3.4613e-07
-6.8385e-07
-1.0119e-06
-1.3289e-06
-1.6339e-06
-1.9258e-06
-2.2034e-06
-2.466e-06
-2.7126e-06
-2.9426e-06
-3.1552e-06
-3.35e-06
-3.5264e-06
-3.684e-06
-3.8226e-06
-3.942e-06
-4.042e-06
-4.1226e-06
-4.184e-06
-4.2263e-06
-4.2497e-06
-4.2545e-06
-4.2413e-06
-4.2104e-06
-4.1625e-06
-4.0981e-06
-4.0181e-06
-3.923e-06
-3.8138e-06
-3.6913e-06
-3.5564e-06
-3.4101e-06
-3.2533e-06
-3.0871e-06
-2.9125e-06
-2.7305e-06
-2.5423e-06
-2.3489e-06
-2.1513e-06
-1.9507e-06
-1.7481e-06
-1.5446e-06
-1.3412e-06
-1.1389e-06
-9.3864e-07
-7.4141e-07
-5.4809e-07
-3.5955e-07
-1.766e-07
-9.4529e-20
1.6953e-07
3.3135e-07
4.8485e-07
6.295e-07
7.6482e-07
8.904e-07
1.0059e-06
1.111e-06
1.2056e-06
1.2895e-06
1.3625e-06
1.4247e-06
1.4762e-06
1.5169e-06
1.5472e-06
1.5673e-06
1.5774e-06
1.5778e-06
1.569e-06
1.5514e-06
1.5255e-06
1.4918e-06
1.451e-06
1.4035e-06
1.35e-06
1.2912e-06
1.2277e-06
1.1603e-06
1.0897e-06
1.0164e-06
9.414e-07
8.6524e-07
7.8868e-07
7.124e-07
6.371e-07
5.6344e-07
4.9205e-07
4.2356e-07
3.5855e-07
2.9757e-07
2.4112e-07
1.8969e-07
1.437e-07
1.0354e-07
6.9529e-08
4.1966e-08
2.108e-08
7.05e-09
0
0
-0
-0
-0
-0
-0
-0
-0
-0
-0
-0
-0
-0
-0
-0
-0
-0
-0
-0
-0
-0
-0
-0
-0
-0
-0
-0
-0
-0
-0
-0
-0
-0
-0
-0
-0
-0
-0
-0
-0
-0
-0
-0
-0
-0
-0
-0
-0
-0
-0
-0
0
0
0
0
0
0
0
0
0
0
0
0
0
0
0
0
0
0
0
0
0
0
0
0
0
0
0
0
0
0
0
0
0
0
0
0
0
0
0
0
0
0
0
0
0
0
0
0
0
0
-0
-0
-0
-0
-0
-0
-0
-0
-0
-0
-0
-0
-0
-0
-0
-0
-0
-0
-0
-0
-0
-0
-0
-0
-0
-0
-0
-0
-0
-0
-0
-0
-0
-0
-0
-0
-0
-0
-0
-0
-0
-0
-0
-0
-0
-0
-0
-0
-0
-0
0
0
0
0
0
0
0
0
0
0
0
0
0
0
0
0
0
0
0
0
0
0
0
0
0
0
0
0
0
0
0
0
0
0
0
0
0
0
0
0
0
0
0
0
0
0
0
0
0
0
-0
-0
-0
-0
-0
-0
-0
-0
-0
-0
-0
-0
-0
-0
-0
-0
-0
-0
-0
-0
-0
-0
-0
-0
-0
-0
-0
-0
-0
-0
-0
-0
-0
-0
-0
-0
-0
-0
-0
-0
-0
-0
-0
-0
-0
-0
-0
-0
-0
-0
0
0
0
0
0
0
0
0
0
0
0
0
0
0
0
0
0
0
0
0
0
0
0
0
0
0
0
0
0
0
0
0
0
0
0
0
0
0
0
0
0
0
0
0
0
0
0
0
0
0
-0
-0
-0
-0
-0
-0
-0
-0
-0
-0
-0
-0
-0
-0
-0
-0
-0
-0
-0
-0
-0
-0
-0
-0
-0
-0
-0
-0
-0
-0
-0
-0
-0
-0
-0
-0
-0
-0
-0
-0
-0
-0
-0
-0
-0
-0
-0
-0
-0
-0
0
0
0
0
0
0
0
0
0
0
0
0
0
0
0
0
0
0
0
0
0
0
0
0
0
0
0
0
0
0
0
0
0
0
0
0
0
0
0
0
0
0
0
0
0
0
0
0
0
0
-0
-0
-0
-0
-0
-0
-0
-0
-0
-0
-0
-0
-0
-0
-0
-0
-0
-0
-0
-0
-0
-0
-0
-0
-0
-0
-0
-0
-0
-0
-0
-0
-0
-0
-0
-0
-0
-0
-0
-0
-0
-0
-0
-0
-0
-0
-0
-0
-0
-0
0
0
0
0
0
0
0
0
0
0
0
0
0
0
0
0
0
0
0
0
0
0
0
0
0
0
0
0
0
0
0
0
0
0
0
0
0
0
0
0
0
0
0
0
0
0
0
0
0
0
-0
-0
-0
-0
-0
-0
-0
-0
-0
-0
-0
-0
-0
-0
-0
-0
-0
-0
-0
-0
-0
-0
-0
-0
-0
-0
-0
-0
-0
-0
-0
-0
-0
-0
-0
-0
-0
-0
-0
-0
-0
-0
-0
-0
-0
-0
-0
-0
-0
-0
0
0
0
0
0
0
0
0
0
0
0
0
0
0
0
0
0
0
0
0
0
0
0
0
0
0
0
0
0
0
0
0
0
0
0
0
0
0
0
0
0
0
0
0
0
0
0
0
0
0
-0
-0
-0
-0
-0
-0
-0
-0
-0
-0
-0
-0
-0
-0
-0
-0
-0
-0
-0
-0
-0
-0
-0
-0
-0
-0
-0
-0
-0
-0
-0
-0
-0
-0
-0
-0
-0
-0
-0
-0
-0
-0
-0
-0
-0
-0
-0
-0
-0
-0
0
0
0
0
0
0
0
0
0
0
0
0
0
0
0
0
0
0
0
0
0
0
0
0
0
0
0
0
0
0
0
0
0
0
0
0
0
0
0
0
0
0
0
0
0
0
0
0
0
0
-0
-0
-0
-0
-0
-0
-0
-0
-0
-0
-0
-0
-0
-0
-0
-0
-0
-0
-0
-0
-0
-0
-0
-0
-0
-0
-0
-0
-0
-0
-0
-0
-0
-0
-0
-0
-0
-0
-0
-0
-0
-0
-0
-0
-0
-0
-0
-0
-0
-0
0
0
0
0
0
0
0
0
0
0
0
0
0
0
0
0
0
0
0
0
0
0
0
0
0
0
0
0
0
0
0
0
0
0
0
0
0
0
0
0
0
0
0
0
0
0
0
0
0
0
-0
-0
-0
-0
-0
-0
-0
-0
-0
-0
-0
-0
-0
-0
-0
-0
-0
-0
-0
-0
-0
-0
-0
-0
-0
-0
-0
-0
-0
-0
-0
-0
-0
-0
-0
-0
-0
-0
-0
-0
-0
-0
-0
-0
-0
-0
-0
-0
-0
-0
0
0
0
0
0
0
0
0
0
0
0
0
0
0
0
0
0
0
0
0
0
0
0
0
0
0
0
0
0
0
0
0
0
0
0
0
0
0
0
0
0
0
0
0
0
0
0
0
0
0
-0
-0
-0
-0
-0
-0
-0
-0
-0
-0
-0
-0
-0
-0
-0
-0
-0
-0
-0
-0
-0
-0
-0
-0
-0
-0
-0
-0
-0
-0
-0
-0
-0
-0
-0
-0
-0
-0
-0
-0
-0
-0
-0
-0
-0
-0
-0
-0
-0
-0
0
0
0
0
0
0
0
0
0
0
0
0
0
0
0
0
0
0
0
0
0
0
0
0
0
0
0
0
0
0
0
0
0
0
0
0
0
0
0
0
0
0
0
0
0
0
0
0
0
0
-0
-0
-0
-0
-0
-0
-0
-0
-0
-0
-0
-0
-0
-0
-0
-0
-0
-0
-0
-0
-0
-0
-0
-0
-0
-0
-0
-0
-0
-0
-0
-0
-0
-0
-0
-0
-0
-0
-0
-0
-0
-0
-0
-0
-0
-0
-0
-0
-0
-0
0
0
0
0
0
0
0
0
0
0
0
0
0
0
0
0
0
0
0
0
0
0
0
0
0
0
0
0
0
0
0
0
0
0
0
0
0
0
0
0
0
0
0
0
0
0
0
0
0
-0
-0
-0
-0
-0
-0
-0
-0
-0
-0
-0
-0
-0
-0
-0
-0
-0
-0
-0
-0
-0
-0
-0
-0
-0
-0
-0
-0
-0
-0
-0
-0
-0
-0
-0
-0
-0
-0
-0
-0
-0
-0
-0
-0
-0
-0
-0
-0
-0
-0
-0
0
0
0
0
0
0
0
0
0
0
0
0
0
0
0
0
0
0
0
0
0
0
0
0
0
0
0
0
0
0
0
0
0
0
0
0
0
0
0
0
0
0
0
0
0
0
0
0
0
0
-0
-0
-0
-0
-0
-0
-0
-0
-0
-0
-0
-0
-0
-0
-0
-0
-0
-0
-0
-0
-0
-0
-0
-0
-0
-0
-0
-0
-0
-0
-0
-0
-0
-0
-0
-0
-0
-0
-0
-0
-0
-0
-0
-0
-0
-0
-0
-0
-0
0
0
0
0
0
0
0
0
0
0
0
0
0
0
0
0
0
0
0
0
0
0
0
0
0
0
0
0
0
0
0
0
0
0
0
0
0
0
0
0
0
0
0
0
0
0
0
0
0
0
0
-0
-0
-0
-0
-0
-0
-0
-0
-0
-0
-0
-0
-0
-0
-0
-0
-0
-0
-0
-0
-0
-0
-0
-0
-0
-0
-0
-0
-0
-0
-0
-0
-0
-0
-0
-0
-0
-0
-0
-0
-0
-0
-0
-0
-0
-0
-0
-0
-0
-0
0
0
0
0
0
0
0
0
0
0
0
0
0
0
0
0
0
0
0
0
0
0
0
0
0
0
0
0
0
0
0
0
0
0
0
0
0
0
0
0
0
0
0
0
0
0
0
0
0
0
-0
-0
-0
-0
-0
-0
-0
-0
-0
-0
-0
-0
-0
-0
-0
-0
-0
-0
-0
-0
-0
-0
-0
-0
-0
-0
-0
-0
-0
-0
-0
-0
-0
-0
-0
-0
-0
-0
-0
-0
-0
-0
-0
-0
-0
-0
-0
-0
-0
-0
0
0
0
0
0
0
0
0
0
0
0
0
0
0
0
0
0
0
0
0
0
0
0
0
0
0
0
0
0
0
0
0
0
0
0
0
0
0
0
0
0
0
0
0
0
0
0
0
0
-0
-0
-0
-0
-0
-0
-0
-0
-0
-0
-0
-0
-0
-0
-0
-0
-0
-0
-0
-0
-0
-0
-0
-0
-0
-0
-0
-0
-0
-0
-0
-0
-0
-0
-0
-0
-0
-0
-0
-0
-0
-0
-0
-0
-0
-0
-0
-0
-0
-0
-0
0
0
0
0
0
0
0
0
0
0
0
0
0
0
0
0
0
0
0
0
0
0
0
0
0
0
0
0
0
0
0
0
0
0
0
0
0
0
0
0
0
0
0
0
0
0
0
0
0
-0
-0
-0
-0
-0
-0
-0
-0
-0
-0
-0
-0
-0
-0
-0
-0
-0
-0
-0
-0
-0
-0
-0
-0
-0
-0
-0
-0
-0
-0
-0
-0
-0
-0
-0
-0
-0
-0
-0
-0
-0
-0
-0
-0
-0
-0
-0
-0
-0
-0
-0
0
0
0
0
0
0
0
0
0
0
0
0
0
0
0
0
0
0
0
0
0
0
0
0
0
0
0
0
0
0
0
0
0
0
0
0
0
0
0
0
0
0
0
0
0
0
0
0
0
0
-0
-0
-0
-0
-0
-0
-0
-0
-0
-0
-0
-0
-0
-0
-0
-0
-0
-0
-0
-0
-0
-0
-0
-0
-0
-0
-0
-0
-0
-0
-0
-0
-0
-0
-0
-0
-0
-0
-0
-0
-0
-0
-0
-0
-0
-0
-0
-0
-0
-0
0
0
0
0
0
0
0
0
0
0
0
0
0
0
0
0
0
0
0
0
0
0
0
0
0
0
0
0
0
0
0
0
0
0
0
0
0
0
0
0
0
0
0
0
0
0
0
0
0
0
-0
-0
-0
-0
-0
-0
-0
-0
-0
-0
-0
-0
-0
-0
-0
-0
-0
-0
-0
-0
-0
-0
-0
-0
-0
-0
-0
-0
-0
-0
-0
-0
-0
-0
-0
-0
-0
-0
-0
-0
-0
-0
-0
-0
-0
-0
-0
-0
-0
-0
0
0
0
0
0
0
0
0
0
0
0
0
0
0
0
0
0
0
0
0
0
0
0
0
0
0
0
0
0
0
0
0
0
0
0
0
0
0
0
0
0
0
0
0
0
0
0
0
0
0
-0
-0
-0
-0
-0
-0
-0
-0
-0
-0
-0
-0
-0
-0
-0
-0
-0
-0
-0
-0
-0
-0
-0
-0
-0
-0
-0
-0
-0
-0
-0
-0
-0
-0
-0
-0
-0
-0
-0
-0
-0
-0
-0
-0
-0
-0
-0
-0
-0
-0
0
0
0
0
0
0
0
0
0
0
0
0
0
0
0
0
0
0
0
0
0
0
0
0
0
0
0
0
0
0
0
0
0
0
0
0
0
0
0
0
0
0
0
0
0
0
0
0
0
-0
-0
-0
-0
-0
-0
-0
-0
-0
-0
-0
-0
-0
-0
-0
-0
-0
-0
-0
-0
-0
-0
-0
-0
-0
-0
-0
-0
-0
-0
-0
-0
-0
-0
-0
-0
-0
-0
-0
-0
-0
-0
-0
-0
-0
-0
-0
-0
-0
-0
-0
0
0
0
0
0
0
0
0
0
0
0
0
0
0
0
0
0
0
0
0
0
0
0
0
0
0
0
0
0
0
0
0
0
0
0
0
0
0
0
0
0
0
0
0
0
0
0
0
0
-0
-0
-0
-0
-0
-0
-0
-0
-0
-0
-0
-0
-0
-0
-0
-0
-0
-0
-0
-0
-0
-0
-0
-0
-0
-0
-0
-0
-0
-0
-0
-0
-0
-0
-0
-0
-0
-0
-0
-0
-0
-0
-0
-0
-0
-0
-0
-0
-0
-0
-0
0
0
0
0
0
0
0
0
0
0
0
0
0
0
0
0
0
0
0
0
0
0
0
0
0
0
0
0
0
0
0
0
0
0
0
0
0
0
0
0
0
0
0
0
0
0
0
0
0
0
-0
-0
-0
-0
-0
-0
-0
-0
-0
-0
-0
-0
-0
-0
-0
-0
-0
-0
-0
-0
-0
-0
-0
-0
-0
-0
-0
-0
-0
-0
-0
-0
-0
-0
-0
-0
-0
-0
-0
-0
-0
-0
-0
-0
-0
-0
-0
-0
-0
-0
0
0
0
0
0
0
0
0
0
0
0
0
0
0
0
0
0
0
0
0
0
0
0
0
0
0
0
0
0
0
0
0
0
0
0
0
0
0
0
0
0
0
0
0
0
0
0
0
0
0
-0
-0
-0
-0
-0
-0
-0
-0
-0
-0
-0
-0
-0
-0
-0
-0
-0
-0
-0
-0
-0
-0
-0
-0
-0
-0
-0
-0
-0
-0
-0
-0
-0
-0
-0
-0
-0
-0
-0
-0
-0
-0
-0
-0
-0
-0
-0
-0
-0
-0
0
0
0
0
0
0
0
0
0
0
0
0
0
0
0
0
0
0
0
0
0
0
0
0
0
0
0
0
0
0
0
0
0
0
0
0
0
0
0
0
0
0
0
0
0
0
0
0
0
0
-0
-0
-0
-0
-0
-0
-0
-0
-0
-0
-0
-0
-0
-0
-0
-0
-0
-0
-0
-0
-0
-0
-0
-0
-0
-0
-0
-0
-0
-0
-0
-0
-0
-0
-0
-0
-0
-0
-0
-0
-0
-0
-0
-0
-0
-0
-0
-0
-0
-0
0
0
0
0
0
0
0
0
0
0
0
0
0
0
0
0
0
0
0
0
0
0
0
0
0
0
0
0
0
0
0
0
0
0
0
0
0
0
0
0
0
0
0
0
0
0
0
0
0
-0
-0
-0
-0
-0
-0
-0
-0
-0
-0
-0
-0
-0
-0
-0
-0
-0
-0
-0
-0
-0
-0
-0
-0
-0
-0
-0
-0
-0
-0
-0
-0
-0
-0
-0
-0
-0
-0
-0
-0
-0
-0
-0
-0
-0
-0
-0
-0
-0
-0
-0
0
0
0
0
0
0
0
0
0
0
0
0
0
0
0
0
0
0
0
0
0
0
0
0
0
0
0
0
0
0
0
0
0
0
0
0
0
0
0
0
0
0
0
0
0
0
0
0
0
-0
-0
-0
-0
-0
-0
-0
-0
-0
-0
-0
-0
-0
-0
-0
-0
-0
-0
-0
-0
-0
-0
-0
-0
-0
-0
-0
-0
-0
-0
-0
-0
-0
-0
-0
-0
-0
-0
-0
-0
-0
-0
-0
-0
-0
-0
-0
-0
-0
-0
-0
0
0
0
0
0
0
0
0
0
0
0
0
0
0
0
0
0
0
0
0
0
0
0
0
0
0
0
0
0
0
0
0
0
0
0
0
0
0
0
0
0
0
0
0
0
0
0
0
0
0
-0
-0
-0
-0
-0
-0
-0
-0
-0
-0
-0
-0
-0
-0
-0
-0
-0
-0
-0
-0
-0
-0
-0
-0
-0
-0
-0
-0
-0
-0
-0
-0
-0
-0
-0
-0
-0
-0
-0
-0
-0
-0
-0
-0
-0
-0
-0
-0
-0
-0
0
0
0
0
0
0
0
0
0
0
0
0
0
0
0
0
0
0
0
0
0
0
0
0
0
0
0
0
0
0
0
0
0
0
0
0
0
0
0
0
0
0
0
0
0
0
0
0
0
0
-0
-0
-0
-0
-0
-0
-0
-0
-0
-0
-0
-0
-0
-0
-0
-0
-0
-0
-0
-0
-0
-0
-0
-0
-0
-0
-0
-0
-0
-0
-0
-0
-0
-0
-0
-0
-0
-0
-0
-0
-0
-0
-0
-0
-0
-0
-0
-0
-0
-0
0
0
0
0
0
0
0
0
0
0
0
0
0
0
0
0
0
0
0
0
0
0
0
0
0
0
0
0
0
0
0
0
0
0
0
0
0
0
0
0
0
0
0
0
0
0
0
0
0
0
-0
-0
-0
-0
-0
-0
-0
-0
-0
-0
-0
-0
-0
-0
-0
-0
-0
-0
-0
-0
-0
-0
-0
-0
-0
-0
-0
-0
-0
-0
-0
-0
-0
-0
-0
-0
-0
-0
-0
-0
-0
-0
-0
-0
-0
-0
-0
-0
-0
-0
0
0
0
0
0
0
0
0
0
0
0
0
0
0
0
0
0
0
0
0
0
0
0
0
0
0
0
0
0
0
0
0
0
0
0
0
0
0
0
0
0
0
0
0
0
0
0
0
0
-0
-0
-0
-0
-0
-0
-0
-0
-0
-0
-0
-0
-0
-0
-0
-0
-0
-0
-0
-0
-0
-0
-0
-0
-0
-0
-0
-0
-0
-0
-0
-0
-0
-0
-0
-0
-0
-0
-0
-0
-0
-0
-0
-0
-0
-0
-0
-0
-0
-0
-0
0
0
0
0
0
0
0
0
0
0
0
0
0
0
0
0
0
0
0
0
0
0
0
0
0
0
0
0
0
0
0
0
0
0
0
0
0
0
0
0
0
0
0
0
0
0
0
0
0
-0
-0
-0
-0
-0
-0
-0
-0
-0
-0
-0
-0
-0
-0
-0
-0
-0
-0
-0
-0
-0
-0
-0
-0
-0
-0
-0
-0
-0
-0
-0
-0
-0
-0
-0
-0
-0
-0
-0
-0
-0
-0
-0
-0
-0
-0
-0
-0
-0
-0
-0
0
0
0
0
0
0
0
0
0
0
0
0
0
0
0
0
0
0
0
0
0
0
0
0
0
0
0
0
0
0
0
0
0
0
0
0
0
0
0
0
0
0
0
0
0
0
0
0
0
-0
