-0
-0
-0
-0
-0
-0
-0
-0
-0
-0
-0
-0
-0
-0
-0
-0
-0
-0
-0
-0
-0
-0
-0
-0
-0
-0
-0
-0
-0
-0
-0
-0
-0
-0
-0
-0
-0
-0
-0
-0
-0
-0
-0
-0
-0
-0
-0
-0
-0
-0
-0
0
0
0
0
0
0
0
0
0
0
0
0
0
0
0
0
0
0
0
0
0
0
0
0
0
0
0
0
0
0
0
0
0
0
0
0
0
0
0
0
0
0
0
0
0
0
0
0
0
0
-0
-0
-0
-0
-0
-0
-0
-0
-0
-0
-0
-0
-0
-0
-0
-0
-0
-0
-0
-0
-0
-0
-0
-0
-0
-0
-0
-0
-0
-0
-0
-0
-0
-0
-0
-0
-0
-0
-0
-0
-0
-0
-0
-0
-0
-0
-0
-0
-0
-0
0
0
0
0
0
0
0
0
0
0
0
0
0
0
0
0
0
0
0
0
0
0
0
0
0
0
0
0
0
0
0
0
0
0
0
0
0
0
0
0
0
0
0
0
0
0
0
0
0
0
-0
-0
-0
-0
-0
-0
-0
-0
-0
-0
-0
-0
-0
-0
-0
-0
-0
-0
-0
-0
-0
-0
-0
-0
-0
-0
-0
-0
-0
-0
-0
-0
-0
-0
-0
-0
-0
-0
-0
-0
-0
-0
-0
-0
-0
-0
-0
-0
-0
-0
0
0
0
0
0
0
0
0
0
0
0
0
0
0
0
0
0
0
0
0
0
0
0
0
0
0
0
0
0
0
0
0
0
0
0
0
0
0
0
0
0
0
0
0
0
0
0
0
0
0
-0
-0
-0
-0
-0
-0
-0
-0
-0
-0
-0
-0
-0
-0
-0
-0
-0
-0
-0
-0
-0
-0
-0
-0
-0
-0
-0
-0
-0
-0
-0
-0
-0
-0
-0
-0
-0
-0
-0
-0
-0
-0
-0
-0
-0
-0
-0
-0
-0
0
0
0
0
0
0
0
0
0
0
0
0
0
0
0
0
0
0
0
0
0
0
0
0
0
0
0
0
0
0
0
0
0
0
0
0
0
0
0
0
0
0
0
0
0
0
0
0
0
0
0
-0
-0
-0
-0
-0
-0
-0
-0
-0
-0
-0
-0
-0
-0
-0
-0
-0
-0
-0
-0
-0
-0
-0
-0
-0
-0
-0
-0
-0
-0
-0
-0
-0
-0
-0
-0
-0
-0
-0
-0
-0
-0
-0
-0
-0
-0
-0
-0
-0
-0
0
0
0
0
0
0
0
0
0
0
0
0
0
0
0
0
0
0
0
0
0
0
0
0
0
0
0
0
0
0
0
0
0
0
0
0
0
0
0
0
0
0
0
0
0
0
0
0
0
0
-0
-0
-0
-0
-0
-0
-0
-0
-0
-0
-0
-0
-0
-0
-0
-0
-0
-0
-0
-0
-0
-0
-0
-0
-0
-0
-0
-0
-0
-0
-0
-0
-0
-0
-0
-0
-0
-0
-0
-0
-0
-0
-0
-0
-0
-0
-0
-0
-0
0
0
0
0
0
0
0
0
0
0
0
0
0
0
0
0
0
0
0
0
0
0
0
0
0
0
0
0
0
0
0
0
0
0
0
0
0
0
0
0
0
0
0
0
0
0
0
0
0
0
0
-0
-0
-0
-0
-0
-0
-0
-0
-0
-0
-0
-0
-0
-0
-0
-0
-0
-0
-0
-0
-0
-0
-0
-0
-0
-0
-0
-0
-0
-0
-0
-0
-0
-0
-0
-0
-0
-0
-0
-0
-0
-0
-0
-0
-0
-0
-0
-0
-0
0
0
0
0
0
0
0
0
0
0
0
0
0
0
0
0
0
0
0
0
0
0
0
0
0
0
0
0
0
0
0
0
0
0
0
0
0
0
0
0
0
0
0
0
0
0
0
0
0
0
-0
-0
-0
-0
-0
-0
-0
-0
-0
-0
-0
-0
-0
-0
-0
-0
-0
-0
-0
-0
-0
-0
-0
-0
-0
-0
-0
-0
-0
-0
-0
-0
-0
-0
-0
-0
-0
-0
-0
-0
-0
-0
-0
-0
-0
-0
-0
-0
-0
-0
-0
0
0
0
0
0
0
0
0
0
0
0
0
0
0
0
0
0
0
0
0
0
0
0
0
0
0
0
0
0
0
0
0
0
0
0
0
0
0
0
0
0
0
0
0
0
0
0
0
0
0
-0
-0
-0
-0
-0
-0
-0
-0
-0
-0
-0
-0
-0
-0
-0
-0
-0
-0
-0
-0
-0
-0
-0
-0
-0
-0
-0
-0
-0
-0
-0
-0
-0
-0
-0
-0
-0
-0
-0
-0
-0
-0
-0
-0
-0
-0
-0
-0
-0
-0
0
0
0
0
0
0
0
0
0
0
0
0
0
0
0
0
0
0
0
0
0
0
0
0
0
0
0
0
0
0
0
0
0
0
0
0
0
0
0
0
0
0
0
0
0
0
0
0
0
0
-0
-0
-0
-0
-0
-0
-0
-0
-0
-0
-0
-0
-0
-0
-0
-0
-0
-0
-0
-0
-0
-0
-0
-0
-0
-0
-0
-0
-0
-0
-0
-0
-0
-0
-0
-0
-0
-0
-0
-0
-0
-0
-0
-0
-0
-0
-0
-0
-0
0
0
0
0
0
0
0
0
0
0
0
0
0
0
0
0
0
0
0
0
0
0
0
0
0
0
0
0
0
0
0
0
0
0
0
0
0
0
0
0
0
0
0
0
0
0
0
0
0
0
0
-0
-0
-0
-0
-0
-0
-0
-0
-0
-0
-0
-0
-0
-0
-0
-0
-0
-0
-0
-0
-0
-0
-0
-0
-0
-0
-0
-0
-0
-0
-0
-0
-0
-0
-0
-0
-0
-0
-0
-0
-0
-0
-0
-0
-0
-0
-0
-0
-0
0
0
0
0
0
0
0
0
0
0
0
0
0
0
0
0
0
0
0
0
0
0
0
0
0
0
0
0
0
0
0
0
0
0
0
0
0
0
0
0
0
0
0
0
0
0
0
0
0
0
-0
-0
-0
-0
-0
-0
-0
-0
-0
-0
-0
-0
-0
-0
-0
-0
-0
-0
-0
-0
-0
-0
-0
-0
-0
-0
-0
-0
-0
-0
-0
-0
-0
-0
-0
-0
-0
-0
-0
-0
-0
-0
-0
-0
-0
-0
-0
-0
-0
-0
0
0
0
0
0
0
0
0
0
0
0
0
0
0
0
0
0
0
0
0
0
0
0
0
0
0
0
0
0
0
0
0
0
0
0
0
0
0
0
0
0
0
0
0
0
0
0
0
0
0
0
-0
-0
-0
-0
-0
-0
-0
-0
-0
-0
-0
-0
-0
-0
-0
-0
-0
-0
-0
-0
-0
-0
-0
-0
-0
-0
-0
-0
-0
-0
-0
-0
-0
-0
-0
-0
-0
-0
-0
-0
-0
-0
-0
-0
-0
-0
-0
-0
-0
0
0
0
0
0
0
0
0
0
0
0
0
0
0
0
0
0
0
0
0
0
0
0
0
0
0
0
0
0
0
0
0
0
0
0
0
0
0
0
0
0
0
0
0
0
0
0
0
0
0
-0
-0
-0
-0
-0
-0
-0
-0
-0
-0
-0
-0
-0
-0
-0
-0
-0
-0
-0
-0
-0
-0
-0
-0
-0
-0
-0
-0
-0
-0
-0
-0
-0
-0
-0
-0
-0
-0
-0
-0
-0
-0
-0
-0
-0
-0
-0
-0
-0
-0
0
0
0
0
0
0
0
0
0
0
0
0
0
0
0
0
0
0
0
0
0
0
0
0
0
0
0
0
0
0
0
0
0
0
0
0
0
0
0
0
0
0
0
0
0
0
0
0
0
0
-0
-0
-0
-0
-0
-0
-0
-0
-0
-0
-0
-0
-0
-0
-0
-0
-0
-0
-0
-0
-0
-0
-0
-0
-0
-0
-0
-0
-0
-0
-0
-0
-0
-0
-0
-0
-0
-0
-0
-0
-0
-0
-0
-0
-0
-0
-0
-0
-0
-0
0
0
0
0
0
0
0
0
0
0
0
0
0
0
0
0
0
0
0
0
0
0
0
0
0
0
0
0
0
0
0
0
0
0
0
0
0
0
0
0
0
0
0
0
0
0
0
0
0
0
0
-0
-0
-0
-0
-0
-0
-0
-0
-0
-0
-0
-0
-0
-0
-0
-0
-0
-0
-0
-0
-0
-0
-0
-0
-0
-0
-0
-0
-0
-0
-0
-0
-0
-0
-0
-0
-0
-0
-0
-0
-0
-0
-0
-0
-0
-0
-0
-0
-0
-0
0
0
0
0
0
0
0
0
0
0
0
0
0
0
0
0
0
0
0
0
0
0
0
0
0
0
0
0
0
0
0
0
0
0
0
0
0
0
0
0
0
0
0
0
0
0
0
0
0
0
-0
-0
-0
-0
-0
-0
-0
-0
-0
-0
-0
-0
-0
-0
-0
-0
-0
-0
-0
-0
-0
-0
-0
-0
-0
-0
-0
-0
-0
-0
-0
-0
-0
-0
-0
-0
-0
-0
-0
-0
-0
-0
-0
-0
-0
-0
-0
-0
-0
-0
0
0
0
0
0
0
0
0
0
0
0
0
0
0
0
0
0
0
0
0
0
0
0
0
0
0
0
0
0
0
0
0
0
0
0
0
0
0
0
0
0
0
0
0
0
0
0
0
0
0
-0
-0
-0
-0
-0
-0
-0
-0
-0
-0
-0
-0
-0
-0
-0
-0
-0
-0
-0
-0
-0
-0
-0
-0
-0
-0
-0
-0
-0
-0
-0
-0
-0
-0
-0
-0
-0
-0
-0
-0
-0
-0
-0
-0
-0
-0
-0
-0
-0
-0
0
0
0
0
0
0
0
0
0
0
0
0
0
0
0
0
0
0
0
0
0
0
0
0
0
0
0
0
0
0
0
0
0
0
0
0
0
0
0
0
0
0
0
0
0
0
0
0
0
0
-0
-0
-0
-0
-0
-0
-0
-0
-0
-0
-0
-0
-0
-0
-0
-0
-0
-0
-0
-0
-0
-0
-0
-0
-0
-0
-0
-0
-0
-0
-0
-0
-0
-0
-0
-0
-0
-0
-0
-0
-0
-0
-0
-0
-0
-0
-0
-0
-0
-0
0
0
0
0
0
0
0
0
0
0
0
0
0
0
0
0
0
0
0
0
0
0
0
0
0
0
0
0
0
0
0
0
0
0
0
0
0
0
0
0
0
0
0
0
0
0
0
0
0
-0
-0
-0
-0
-0
-0
-0
-0
-0
-0
-0
-0
-0
-0
-0
-0
-0
-0
-0
-0
-0
-0
-0
-0
-0
-0
-0
-0
-0
-0
-0
-0
-0
-0
-0
-0
-0
-0
-0
-0
-0
-0
-0
-0
-0
-0
-0
-0
-0
-0
-0
0
0
0
0
0
0
0
0
0
0
0
0
0
0
0
0
0
0
0
0
0
0
0
0
0
0
0
0
0
0
0
0
0
0
0
0
0
0
0
0
0
0
0
0
0
0
0
0
0
0
-1.3421e-08
-5.358e-08
-1.2016e-07
-2.1263e-07
-3.3026e-07
-4.7212e-07
-6.3707e-07
-8.238e-07
-1.0308e-06
-1.2564e-06
-1.4987e-06
-1.7559e-06
-2.0256e-06
-2.3058e-06
-2.5939e-06
-2.8876e-06
-3.1843e-06
-3.4813e-06
-3.7761e-06
-4.0658e-06
-4.3477e-06
-4.6192e-06
-4.8775e-06
-5.1199e-06
-5.3438e-06
-5.5465e-06
-5.7257e-06
-5.879e-06
-6.004e-06
-6.0986e-06
-6.1609e-06
-6.189e-06
-6.1812e-06
-6.1362e-06
-6.0525e-06
-5.9291e-06
-5.7652e-06
-5.5602e-06
-5.3137e-06
-5.0256e-06
-4.6959e-06
-4.3249e-06
-3.9134e-06
-3.4622e-06
-2.9724e-06
-2.4452e-06
-1.8825e-06
-1.2859e-06
-6.5765e-07
-1.6757e-19
6.845e-07
1.3931e-06
2.1228e-06
2.8705e-06
3.6329e-06
4.4065e-06
5.1876e-06
5.9725e-06
6.7574e-06
7.5383e-06
8.3112e-06
9.072e-06
9.8165e-06
1.0541e-05
1.124e-05
1.1911e-05
1.255e-05
1.3152e-05
1.3713e-05
1.423e-05
1.4699e-05
1.5117e-05
1.5481e-05
1.5786e-05
1.6031e-05
1.6213e-05
1.6329e-05
1.6377e-05
1.6356e-05
1.6263e-05
1.6098e-05
1.5859e-05
1.5547e-05
1.516e-05
1.4699e-05
1.4164e-05
1.3556e-05
1.2876e-05
1.2126e-05
1.1308e-05
1.0423e-05
9.4737e-06
8.464e-06
7.3965e-06
6.275e-06
5.1031e-06
3.8851e-06
2.6254e-06
1.3287e-06
-4.1936e-20
-1.3556e-06
-2.7326e-06
-4.1254e-06
-5.5284e-06
-6.9355e-06
-8.3408e-06
-9.7381e-06
-1.1121e-05
-1.2484e-05
-1.382e-05
-1.5124e-05
-1.6388e-05
-1.7607e-05
-1.8775e-05
-1.9887e-05
-2.0935e-05
-2.1915e-05
-2.2822e-05
-2.365e-05
-2.4395e-05
-2.5051e-05
-2.5616e-05
-2.6084e-05
-2.6453e-05
-2.6719e-05
-2.6879e-05
-2.6932e-05
-2.6875e-05
-2.6707e-05
-2.6427e-05
-2.6035e-05
-2.553e-05
-2.4912e-05
-2.4184e-05
-2.3345e-05
-2.2399e-05
-2.1347e-05
-2.0192e-05
-1.8939e-05
-1.7589e-05
-1.6149e-05
-1.4622e-05
-1.3014e-05
-1.1331e-05
-9.5776e-06
-7.761e-06
-5.8878e-06
-3.9649e-06
-1.9998e-06
-2.8275e-19
2.0266e-06
4.0721e-06
6.1281e-06
8.1862e-06
1.0238e-05
1.2275e-05
1.4289e-05
1.627e-05
1.8211e-05
2.0102e-05
2.1936e-05
2.3704e-05
2.5398e-05
2.701e-05
2.8533e-05
2.9959e-05
3.1281e-05
3.2492e-05
3.3587e-05
3.4559e-05
3.5403e-05
3.6114e-05
3.6687e-05
3.7119e-05
3.7406e-05
3.7546e-05
3.7535e-05
3.7374e-05
3.7059e-05
3.6592e-05
3.5972e-05
3.52e-05
3.4278e-05
3.3207e-05
3.1992e-05
3.0634e-05
2.9138e-05
2.7509e-05
2.5751e-05
2.3871e-05
2.1876e-05
1.9771e-05
1.7565e-05
1.5265e-05
1.288e-05
1.0419e-05
7.8904e-06
5.3044e-06
2.6709e-06
-3.7716e-19
-2.6977e-06
-5.4116e-06
-8.1307e-06
-1.0844e-05
-1.3541e-05
-1.6209e-05
-1.8839e-05
-2.1419e-05
-2.3937e-05
-2.6384e-05
-2.8749e-05
-3.102e-05
-3.3189e-05
-3.5245e-05
-3.7179e-05
-3.8983e-05
-4.0646e-05
-4.2163e-05
-4.3524e-05
-4.4723e-05
-4.5755e-05
-4.6612e-05
-4.729e-05
-4.7786e-05
-4.8094e-05
-4.8212e-05
-4.8139e-05
-4.7872e-05
-4.7411e-05
-4.6756e-05
-4.5909e-05
-4.487e-05
-4.3643e-05
-4.2231e-05
-4.0638e-05
-3.8869e-05
-3.6929e-05
-3.4825e-05
-3.2564e-05
-3.0153e-05
-2.7602e-05
-2.492e-05
-2.2116e-05
-1.92e-05
-1.6183e-05
-1.3077e-05
-9.893e-06
-6.6439e-06
-3.3419e-06
-1.0464e-19
3.3688e-06
6.7511e-06
1.0133e-05
1.3502e-05
1.6843e-05
2.0144e-05
2.339e-05
2.6568e-05
2.9664e-05
3.2666e-05
3.5561e-05
3.8336e-05
4.098e-05
4.348e-05
4.5826e-05
4.8006e-05
5.0012e-05
5.1833e-05
5.3461e-05
5.4888e-05
5.6106e-05
5.711e-05
5.7894e-05
5.8452e-05
5.8781e-05
5.8879e-05
5.8742e-05
5.837e-05
5.7763e-05
5.6921e-05
5.5846e-05
5.4541e-05
5.3009e-05
5.1255e-05
4.9284e-05
4.7103e-05
4.4719e-05
4.2141e-05
3.9376e-05
3.6435e-05
3.3329e-05
3.0069e-05
2.6666e-05
2.3134e-05
1.9485e-05
1.5735e-05
1.1896e-05
7.9834e-06
4.013e-06
-1.0057e-18
-4.0399e-06
-8.0906e-06
-1.2136e-05
-1.616e-05
-2.0146e-05
-2.4078e-05
-2.794e-05
-3.1716e-05
-3.5391e-05
-3.8948e-05
-4.2374e-05
-4.5652e-05
-4.8771e-05
-5.1715e-05
-5.4472e-05
-5.703e-05
-5.9377e-05
-6.1503e-05
-6.3398e-05
-6.5052e-05
-6.6458e-05
-6.7608e-05
-6.8497e-05
-6.9118e-05
-6.9469e-05
-6.9545e-05
-6.9345e-05
-6.8868e-05
-6.8114e-05
-6.7085e-05
-6.5783e-05
-6.4211e-05
-6.2374e-05
-6.0279e-05
-5.7931e-05
-5.5338e-05
-5.251e-05
-4.9457e-05
-4.6189e-05
-4.2717e-05
-3.9056e-05
-3.5217e-05
-3.1217e-05
-2.7068e-05
-2.2788e-05
-1.8392e-05
-1.3898e-05
-9.3229e-06
-4.6841e-06
3.6675e-19
4.7109e-06
9.4301e-06
1.4139e-05
1.8818e-05
2.3449e-05
2.8012e-05
3.2491e-05
3.6865e-05
4.1117e-05
4.523e-05
4.9186e-05
5.2969e-05
5.6562e-05
5.995e-05
6.3118e-05
6.6054e-05
6.8743e-05
7.1174e-05
7.3335e-05
7.5217e-05
7.681e-05
7.8107e-05
7.91e-05
7.9785e-05
8.0156e-05
8.0211e-05
7.9948e-05
7.9366e-05
7.8466e-05
7.725e-05
7.572e-05
7.3881e-05
7.174e-05
6.9302e-05
6.6577e-05
6.3573e-05
6.0301e-05
5.6773e-05
5.3001e-05
4.8999e-05
4.4782e-05
4.0366e-05
3.5767e-05
3.1003e-05
2.6091e-05
2.105e-05
1.5901e-05
1.0662e-05
5.3552e-06
5.026e-19
-5.382e-06
-1.077e-05
-1.6141e-05
-2.1476e-05
-2.6751e-05
-3.1947e-05
-3.7041e-05
-4.2014e-05
-4.6844e-05
-5.1512e-05
-5.5998e-05
-6.0285e-05
-6.4352e-05
-6.8185e-05
-7.1765e-05
-7.5078e-05
-7.8109e-05
-8.0844e-05
-8.3272e-05
-8.5381e-05
-8.7162e-05
-8.8605e-05
-8.9703e-05
-9.0451e-05
-9.0844e-05
-9.0878e-05
-9.0552e-05
-8.9865e-05
-8.8818e-05
-8.7414e-05
-8.5657e-05
-8.3552e-05
-8.1105e-05
-7.8326e-05
-7.5223e-05
-7.1808e-05
-6.8092e-05
-6.4089e-05
-5.9813e-05
-5.5281e-05
-5.0509e-05
-4.5515e-05
-4.0318e-05
-3.4937e-05
-2.9393e-05
-2.3708e-05
-1.7904e-05
-1.2002e-05
-6.0262e-06
1.1314e-18
6.0531e-06
1.2109e-05
1.8144e-05
2.4133e-05
3.0054e-05
3.5881e-05
4.1592e-05
4.7162e-05
5.2571e-05
5.7794e-05
6.2811e-05
6.7601e-05
7.2143e-05
7.642e-05
8.0411e-05
8.4101e-05
8.7474e-05
9.0514e-05
9.3209e-05
9.5546e-05
9.7513e-05
9.9103e-05
0.00010031
0.00010112
0.00010153
0.00010154
0.00010115
0.00010036
9.917e-05
9.7578e-05
9.5594e-05
9.3222e-05
9.0471e-05
8.735e-05
8.387e-05
8.0043e-05
7.5883e-05
7.1405e-05
6.6626e-05
6.1563e-05
5.6236e-05
5.0664e-05
4.4868e-05
3.8871e-05
3.2696e-05
2.6366e-05
1.9906e-05
1.3341e-05
6.6973e-06
-1.0476e-19
-6.6839e-06
-1.3315e-05
-1.9866e-05
-2.6313e-05
-3.263e-05
-3.8793e-05
-4.4777e-05
-5.0561e-05
-5.6121e-05
-6.1438e-05
-6.649e-05
-7.1259e-05
-7.5727e-05
-7.9878e-05
-8.3697e-05
-8.7169e-05
-9.0284e-05
-9.3029e-05
-9.5395e-05
-9.7375e-05
-9.8963e-05
-0.00010015
-0.00010094
-0.00010133
-0.00010132
-0.0001009
-0.00010009
-9.8893e-05
-9.7306e-05
-9.5342e-05
-9.301e-05
-9.0321e-05
-8.7287e-05
-8.3921e-05
-8.0238e-05
-7.6255e-05
-7.1987e-05
-6.7454e-05
-6.2675e-05
-5.7668e-05
-5.2456e-05
-4.706e-05
-4.1501e-05
-3.5802e-05
-2.9988e-05
-2.408e-05
-1.8104e-05
-1.2082e-05
-6.0397e-06
1.7873e-18
6.0128e-06
1.1975e-05
1.7864e-05
2.3655e-05
2.9327e-05
3.4858e-05
4.0227e-05
4.5412e-05
5.0395e-05
5.5156e-05
5.9677e-05
6.3943e-05
6.7936e-05
7.1643e-05
7.505e-05
7.8146e-05
8.0918e-05
8.3358e-05
8.5458e-05
8.7211e-05
8.8611e-05
8.9655e-05
9.0339e-05
9.0664e-05
9.063e-05
9.0238e-05
8.9491e-05
8.8395e-05
8.6955e-05
8.5178e-05
8.3073e-05
8.0651e-05
7.7921e-05
7.4897e-05
7.1592e-05
6.802e-05
6.4197e-05
6.0138e-05
5.5862e-05
5.1386e-05
4.6729e-05
4.1911e-05
3.695e-05
3.1868e-05
2.6685e-05
2.1422e-05
1.6101e-05
1.0743e-05
5.3686e-06
-6.6887e-19
-5.3417e-06
-1.0636e-05
-1.5861e-05
-2.0997e-05
-2.6025e-05
-3.0924e-05
-3.5676e-05
-4.0263e-05
-4.4668e-05
-4.8874e-05
-5.2865e-05
-5.6627e-05
-6.0145e-05
-6.3408e-05
-6.6404e-05
-6.9122e-05
-7.1553e-05
-7.3688e-05
-7.5521e-05
-7.7046e-05
-7.8259e-05
-7.9156e-05
-7.9736e-05
-7.9998e-05
-7.9943e-05
-7.9571e-05
-7.8888e-05
-7.7897e-05
-7.6603e-05
-7.5013e-05
-7.3136e-05
-7.098e-05
-6.8556e-05
-6.5873e-05
-6.2946e-05
-5.9785e-05
-5.6406e-05
-5.2822e-05
-4.905e-05
-4.5104e-05
-4.1003e-05
-3.6762e-05
-3.24e-05
-2.7934e-05
-2.3383e-05
-1.8765e-05
-1.4099e-05
-9.4033e-06
-4.6975e-06
-2.1916e-19
4.6707e-06
9.2961e-06
1.3858e-05
1.8339e-05
2.2722e-05
2.699e-05
3.1126e-05
3.5114e-05
3.8941e-05
4.2592e-05
4.6052e-05
4.931e-05
5.2355e-05
5.5174e-05
5.7758e-05
6.0098e-05
6.2187e-05
6.4018e-05
6.5584e-05
6.6882e-05
6.7907e-05
6.8658e-05
6.9133e-05
6.9332e-05
6.9255e-05
6.8905e-05
6.8285e-05
6.7398e-05
6.6251e-05
6.4849e-05
6.3199e-05
6.131e-05
5.919e-05
5.685e-05
5.4299e-05
5.155e-05
4.8615e-05
4.5506e-05
4.2237e-05
3.8822e-05
3.5276e-05
3.1613e-05
2.7849e-05
2.3999e-05
2.008e-05
1.6107e-05
1.2096e-05
8.0638e-06
4.0264e-06
-9.397e-19
-3.9996e-06
-7.9566e-06
-1.1856e-05
-1.5681e-05
-1.9419e-05
-2.3055e-05
-2.6575e-05
-2.9966e-05
-3.3215e-05
-3.631e-05
-3.924e-05
-4.1994e-05
-4.4564e-05
-4.6939e-05
-4.9111e-05
-5.1074e-05
-5.2822e-05
-5.4347e-05
-5.5647e-05
-5.6717e-05
-5.7556e-05
-5.816e-05
-5.853e-05
-5.8665e-05
-5.8568e-05
-5.8239e-05
-5.7682e-05
-5.69e-05
-5.5899e-05
-5.4685e-05
-5.3262e-05
-5.164e-05
-4.9825e-05
-4.7826e-05
-4.5653e-05
-4.3315e-05
-4.0824e-05
-3.819e-05
-3.5425e-05
-3.2541e-05
-2.955e-05
-2.6465e-05
-2.3299e-05
-2.0065e-05
-1.6777e-05
-1.3449e-05
-1.0093e-05
-6.7243e-06
-3.3554e-06
2.0877e-19
3.3285e-06
6.6171e-06
9.853e-06
1.3024e-05
1.6117e-05
1.9121e-05
2.2024e-05
2.4817e-05
2.7488e-05
3.0028e-05
3.2427e-05
3.4678e-05
3.6773e-05
3.8704e-05
4.0465e-05
4.2051e-05
4.3456e-05
4.4677e-05
4.571e-05
4.6553e-05
4.7204e-05
4.7662e-05
4.7927e-05
4.7999e-05
4.788e-05
4.7572e-05
4.7078e-05
4.6402e-05
4.5548e-05
4.452e-05
4.3325e-05
4.1969e-05
4.0459e-05
3.8802e-05
3.7006e-05
3.5081e-05
3.3033e-05
3.0874e-05
2.8612e-05
2.6259e-05
2.3823e-05
2.1316e-05
1.8748e-05
1.6131e-05
1.3475e-05
1.0791e-05
8.0907e-06
5.3848e-06
2.6843e-06
-9.1724e-19
-2.6575e-06
-5.2776e-06
-7.8503e-06
-1.0366e-05
-1.2814e-05
-1.5187e-05
-1.7474e-05
-1.9668e-05
-2.1761e-05
-2.3746e-05
-2.5615e-05
-2.7362e-05
-2.8982e-05
-3.0469e-05
-3.1819e-05
-3.3027e-05
-3.4091e-05
-3.5007e-05
-3.5773e-05
-3.6389e-05
-3.6852e-05
-3.7164e-05
-3.7323e-05
-3.7332e-05
-3.7193e-05
-3.6906e-05
-3.6475e-05
-3.5904e-05
-3.5196e-05
-3.4356e-05
-3.3388e-05
-3.2299e-05
-3.1094e-05
-2.9778e-05
-2.836e-05
-2.6846e-05
-2.5242e-05
-2.3558e-05
-2.18e-05
-1.9977e-05
-1.8096e-05
-1.6167e-05
-1.4198e-05
-1.2196e-05
-1.0172e-05
-8.1331e-06
-6.088e-06
-4.0453e-06
-2.0132e-06
3.4343e-19
1.9864e-06
3.9381e-06
5.8477e-06
7.7078e-06
9.5115e-06
1.1252e-05
1.2923e-05
1.4519e-05
1.6035e-05
1.7464e-05
1.8802e-05
2.0046e-05
2.1191e-05
2.2234e-05
2.3172e-05
2.4003e-05
2.4725e-05
2.5336e-05
2.5836e-05
2.6224e-05
2.65e-05
2.6665e-05
2.672e-05
2.6666e-05
2.6505e-05
2.6239e-05
2.5872e-05
2.5406e-05
2.4844e-05
2.4191e-05
2.3451e-05
2.2629e-05
2.1728e-05
2.0755e-05
1.9714e-05
1.8611e-05
1.7452e-05
1.6242e-05
1.4987e-05
1.3695e-05
1.237e-05
1.1018e-05
9.6471e-06
8.2621e-06
6.8694e-06
5.4752e-06
4.0854e-06
2.7058e-06
1.3421e-06
-5.2394e-23
-1.3153e-06
-2.5986e-06
-3.8451e-06
-5.05e-06
-6.2089e-06
-7.3179e-06
-8.3729e-06
-9.3707e-06
-1.0308e-05
-1.1182e-05
-1.199e-05
-1.273e-05
-1.34e-05
-1.3999e-05
-1.4526e-05
-1.4979e-05
-1.5359e-05
-1.5666e-05
-1.5899e-05
-1.606e-05
-1.6149e-05
-1.6167e-05
-1.6117e-05
-1.6e-05
-1.5817e-05
-1.5573e-05
-1.5269e-05
-1.4907e-05
-1.4492e-05
-1.4027e-05
-1.3514e-05
-1.2958e-05
-1.2362e-05
-1.1731e-05
-1.1067e-05
-1.0376e-05
-9.6607e-06
-8.9256e-06
-8.175e-06
-7.4127e-06
-6.6429e-06
-5.8696e-06
-5.0966e-06
-4.3278e-06
-3.5668e-06
-2.8173e-06
-2.0827e-06
-1.3663e-06
-6.7107e-07
1.8479e-19
6.4423e-07
1.2591e-06
1.8424e-06
2.3921e-06
2.9063e-06
3.3835e-06
3.8224e-06
4.222e-06
4.5813e-06
4.8999e-06
5.1775e-06
5.4139e-06
5.6094e-06
5.7644e-06
5.8795e-06
5.9557e-06
5.9939e-06
5.9956e-06
5.9622e-06
5.8954e-06
5.797e-06
5.669e-06
5.5137e-06
5.3332e-06
5.13e-06
4.9065e-06
4.6654e-06
4.4092e-06
4.1407e-06
3.8625e-06
3.5773e-06
3.2879e-06
2.997e-06
2.7071e-06
2.421e-06
2.1411e-06
1.8698e-06
1.6095e-06
1.3625e-06
1.1308e-06
9.1626e-07
7.2082e-07
5.4606e-07
3.9343e-07
2.6421e-07
1.5947e-07
8.0106e-08
2.679e-08
0
0
-0
-0
-0
-0
-0
-0
-0
-0
-0
-0
-0
-0
-0
-0
-0
-0
-0
-0
-0
-0
-0
-0
-0
-0
-0
-0
-0
-0
-0
-0
-0
-0
-0
-0
-0
-0
-0
-0
-0
-0
-0
-0
-0
-0
-0
-0
-0
-0
-0
-0
0
0
0
0
0
0
0
0
0
0
0
0
0
0
0
0
0
0
0
0
0
0
0
0
0
0
0
0
0
0
0
0
0
0
0
0
0
0
0
0
0
0
0
0
0
0
0
0
0
0
-0
-0
-0
-0
-0
-0
-0
-0
-0
-0
-0
-0
-0
-0
-0
-0
-0
-0
-0
-0
-0
-0
-0
-0
-0
-0
-0
-0
-0
-0
-0
-0
-0
-0
-0
-0
-0
-0
-0
-0
-0
-0
-0
-0
-0
-0
-0
-0
-0
-0
0
0
0
0
0
0
0
0
0
0
0
0
0
0
0
0
0
0
0
0
0
0
0
0
0
0
0
0
0
0
0
0
0
0
0
0
0
0
0
0
0
0
0
0
0
0
0
0
0
0
-0
-0
-0
-0
-0
-0
-0
-0
-0
-0
-0
-0
-0
-0
-0
-0
-0
-0
-0
-0
-0
-0
-0
-0
-0
-0
-0
-0
-0
-0
-0
-0
-0
-0
-0
-0
-0
-0
-0
-0
-0
-0
-0
-0
-0
-0
-0
-0
-0
-0
0
0
0
0
0
0
0
0
0
0
0
0
0
0
0
0
0
0
0
0
0
0
0
0
0
0
0
0
0
0
0
0
0
0
0
0
0
0
0
0
0
0
0
0
0
0
0
0
0
0
-0
-0
-0
-0
-0
-0
-0
-0
-0
-0
-0
-0
-0
-0
-0
-0
-0
-0
-0
-0
-0
-0
-0
-0
-0
-0
-0
-0
-0
-0
-0
-0
-0
-0
-0
-0
-0
-0
-0
-0
-0
-0
-0
-0
-0
-0
-0
-0
-0
-0
0
0
0
0
0
0
0
0
0
0
0
0
0
0
0
0
0
0
0
0
0
0
0
0
0
0
0
0
0
0
0
0
0
0
0
0
0
0
0
0
0
0
0
0
0
0
0
0
0
0
-0
-0
-0
-0
-0
-0
-0
-0
-0
-0
-0
-0
-0
-0
-0
-0
-0
-0
-0
-0
-0
-0
-0
-0
-0
-0
-0
-0
-0
-0
-0
-0
-0
-0
-0
-0
-0
-0
-0
-0
-0
-0
-0
-0
-0
-0
-0
-0
-0
-0
0
0
0
0
0
0
0
0
0
0
0
0
0
0
0
0
0
0
0
0
0
0
0
0
0
0
0
0
0
0
0
0
0
0
0
0
0
0
0
0
0
0
0
0
0
0
0
0
0
0
-0
-0
-0
-0
-0
-0
-0
-0
-0
-0
-0
-0
-0
-0
-0
-0
-0
-0
-0
-0
-0
-0
-0
-0
-0
-0
-0
-0
-0
-0
-0
-0
-0
-0
-0
-0
-0
-0
-0
-0
-0
-0
-0
-0
-0
-0
-0
-0
-0
0
0
0
0
0
0
0
0
0
0
0
0
0
0
0
0
0
0
0
0
0
0
0
0
0
0
0
0
0
0
0
0
0
0
0
0
0
0
0
0
0
0
0
0
0
0
0
0
0
0
0
-0
-0
-0
-0
-0
-0
-0
-0
-0
-0
-0
-0
-0
-0
-0
-0
-0
-0
-0
-0
-0
-0
-0
-0
-0
-0
-0
-0
-0
-0
-0
-0
-0
-0
-0
-0
-0
-0
-0
-0
-0
-0
-0
-0
-0
-0
-0
-0
-0
-0
0
0
0
0
0
0
0
0
0
0
0
0
0
0
0
0
0
0
0
0
0
0
0
0
0
0
0
0
0
0
0
0
0
0
0
0
0
0
0
0
0
0
0
0
0
0
0
0
0
0
-0
-0
-0
-0
-0
-0
-0
-0
-0
-0
-0
-0
-0
-0
-0
-0
-0
-0
-0
-0
-0
-0
-0
-0
-0
-0
-0
-0
-0
-0
-0
-0
-0
-0
-0
-0
-0
-0
-0
-0
-0
-0
-0
-0
-0
-0
-0
-0
-0
-0
0
0
0
0
0
0
0
0
0
0
0
0
0
0
0
0
0
0
0
0
0
0
0
0
0
0
0
0
0
0
0
0
0
0
0
0
0
0
0
0
0
0
0
0
0
0
0
0
0
-0
-0
-0
-0
-0
-0
-0
-0
-0
-0
-0
-0
-0
-0
-0
-0
-0
-0
-0
-0
-0
-0
-0
-0
-0
-0
-0
-0
-0
-0
-0
-0
-0
-0
-0
-0
-0
-0
-0
-0
-0
-0
-0
-0
-0
-0
-0
-0
-0
-0
-0
0
0
0
0
0
0
0
0
0
0
0
0
0
0
0
0
0
0
0
0
0
0
0
0
0
0
0
0
0
0
0
0
0
0
0
0
0
0
0
0
0
0
0
0
0
0
0
0
0
0
-0
-0
-0
-0
-0
-0
-0
-0
-0
-0
-0
-0
-0
-0
-0
-0
-0
-0
-0
-0
-0
-0
-0
-0
-0
-0
-0
-0
-0
-0
-0
-0
-0
-0
-0
-0
-0
-0
-0
-0
-0
-0
-0
-0
-0
-0
-0
-0
-0
0
0
0
0
0
0
0
0
0
0
0
0
0
0
0
0
0
0
0
0
0
0
0
0
0
0
0
0
0
0
0
0
0
0
0
0
0
0
0
0
0
0
0
0
0
0
0
0
0
0
0
-0
-0
-0
-0
-0
-0
-0
-0
-0
-0
-0
-0
-0
-0
-0
-0
-0
-0
-0
-0
-0
-0
-0
-0
-0
-0
-0
-0
-0
-0
-0
-0
-0
-0
-0
-0
-0
-0
-0
-0
-0
-0
-0
-0
-0
-0
-0
-0
-0
-0
0
0
0
0
0
0
0
0
0
0
0
0
0
0
0
0
0
0
0
0
0
0
0
0
0
0
0
0
0
0
0
0
0
0
0
0
0
0
0
0
0
0
0
0
0
0
0
0
0
0
-0
-0
-0
-0
-0
-0
-0
-0
-0
-0
-0
-0
-0
-0
-0
-0
-0
-0
-0
-0
-0
-0
-0
-0
-0
-0
-0
-0
-0
-0
-0
-0
-0
-0
-0
-0
-0
-0
-0
-0
-0
-0
-0
-0
-0
-0
-0
-0
-0
0
0
0
0
0
0
0
0
0
0
0
0
0
0
0
0
0
0
0
0
0
0
0
0
0
0
0
0
0
0
0
0
0
0
0
0
0
0
0
0
0
0
0
0
0
0
0
0
0
0
-0
-0
-0
-0
-0
-0
-0
-0
-0
-0
-0
-0
-0
-0
-0
-0
-0
-0
-0
-0
-0
-0
-0
-0
-0
-0
-0
-0
-0
-0
-0
-0
-0
-0
-0
-0
-0
-0
-0
-0
-0
-0
-0
-0
-0
-0
-0
-0
-0
-0
-0
0
0
0
0
0
0
0
0
0
0
0
0
0
0
0
0
0
0
0
0
0
0
0
0
0
0
0
0
0
0
0
0
0
0
0
0
0
0
0
0
0
0
0
0
0
0
0
0
0
0
-0
-0
-0
-0
-0
-0
-0
-0
-0
-0
-0
-0
-0
-0
-0
-0
-0
-0
-0
-0
-0
-0
-0
-0
-0
-0
-0
-0
-0
-0
-0
-0
-0
-0
-0
-0
-0
-0
-0
-0
-0
-0
-0
-0
-0
-0
-0
-0
-0
0
0
0
0
0
0
0
0
0
0
0
0
0
0
0
0
0
0
0
0
0
0
0
0
0
0
0
0
0
0
0
0
0
0
0
0
0
0
0
0
0
0
0
0
0
0
0
0
0
0
-0
-0
-0
-0
-0
-0
-0
-0
-0
-0
-0
-0
-0
-0
-0
-0
-0
-0
-0
-0
-0
-0
-0
-0
-0
-0
-0
-0
-0
-0
-0
-0
-0
-0
-0
-0
-0
-0
-0
-0
-0
-0
-0
-0
-0
-0
-0
-0
-0
-0
0
0
0
0
0
0
0
0
0
0
0
0
0
0
0
0
0
0
0
0
0
0
0
0
0
0
0
0
0
0
0
0
0
0
0
0
0
0
0
0
0
0
0
0
0
0
0
0
0
0
0
-0
-0
-0
-0
-0
-0
-0
-0
-0
-0
-0
-0
-0
-0
-0
-0
-0
-0
-0
-0
-0
-0
-0
-0
-0
-0
-0
-0
-0
-0
-0
-0
-0
-0
-0
-0
-0
-0
-0
-0
-0
-0
-0
-0
-0
-0
-0
-0
-0
-0
0
0
0
0
0
0
0
0
0
0
0
0
0
0
0
0
0
0
0
0
0
0
0
0
0
0
0
0
0
0
0
0
0
0
0
0
0
0
0
0
0
0
0
0
0
0
0
0
0
-0
-0
-0
-0
-0
-0
-0
-0
-0
-0
-0
-0
-0
-0
-0
-0
-0
-0
-0
-0
-0
-0
-0
-0
-0
-0
-0
-0
-0
-0
-0
-0
-0
-0
-0
-0
-0
-0
-0
-0
-0
-0
-0
-0
-0
-0
-0
-0
-0
-0
0
0
0
0
0
0
0
0
0
0
0
0
0
0
0
0
0
0
0
0
0
0
0
0
0
0
0
0
0
0
0
0
0
0
0
0
0
0
0
0
0
0
0
0
0
0
0
0
0
0
-0
-0
-0
-0
-0
-0
-0
-0
-0
-0
-0
-0
-0
-0
-0
-0
-0
-0
-0
-0
-0
-0
-0
-0
-0
-0
-0
-0
-0
-0
-0
-0
-0
-0
-0
-0
-0
-0
-0
-0
-0
-0
-0
-0
-0
-0
-0
-0
-0
-0
-0
0
0
0
0
0
0
0
0
0
0
0
0
0
0
0
0
0
0
0
0
0
0
0
0
0
0
0
0
0
0
0
0
0
0
0
0
0
0
0
0
0
0
0
0
0
0
0
0
0
0
-0
-0
-0
-0
-0
-0
-0
-0
-0
-0
-0
-0
-0
-0
-0
-0
-0
-0
-0
-0
-0
-0
-0
-0
-0
-0
-0
-0
-0
-0
-0
-0
-0
-0
-0
-0
-0
-0
-0
-0
-0
-0
-0
-0
-0
-0
-0
-0
-0
0
0
0
0
0
0
0
0
0
0
0
0
0
0
0
0
0
0
0
0
0
0
0
0
0
0
0
0
0
0
0
0
0
0
0
0
0
0
0
0
0
0
0
0
0
0
0
0
0
0
-0
-0
-0
-0
-0
-0
-0
-0
-0
-0
-0
-0
-0
-0
-0
-0
-0
-0
-0
-0
-0
-0
-0
-0
-0
-0
-0
-0
-0
-0
-0
-0
-0
-0
-0
-0
-0
-0
-0
-0
-0
-0
-0
-0
-0
-0
-0
-0
-0
-0
0
0
0
0
0
0
0
0
0
0
0
0
0
0
0
0
0
0
0
0
0
0
0
0
0
0
0
0
0
0
0
0
0
0
0
0
0
0
0
0
0
0
0
0
0
0
0
0
0
0
-0
-0
-0
-0
-0
-0
-0
-0
-0
-0
-0
-0
-0
-0
-0
-0
-0
-0
-0
-0
-0
-0
-0
-0
-0
-0
-0
-0
-0
-0
-0
-0
-0
-0
-0
-0
-0
-0
-0
-0
-0
-0
-0
-0
-0
-0
-0
-0
-0
-0
-0
0
0
0
0
0
0
0
0
0
0
0
0
0
0
0
0
0
0
0
0
0
0
0
0
0
0
0
0
0
0
0
0
0
0
0
0
0
0
0
0
0
0
0
0
0
0
0
0
0
0
-0
-0
-0
-0
-0
-0
-0
-0
-0
-0
-0
-0
-0
-0
-0
-0
-0
-0
-0
-0
-0
-0
-0
-0
-0
-0
-0
-0
-0
-0
-0
-0
-0
-0
-0
-0
-0
-0
-0
-0
-0
-0
-0
-0
-0
-0
-0
-0
-0
-0
0
0
0
0
0
0
0
0
0
0
0
0
0
0
0
0
0
0
0
0
0
0
0
0
0
0
0
0
0
0
0
0
0
0
0
0
0
0
0
0
0
0
0
0
0
0
0
0
0
-0
-0
-0
-0
-0
-0
-0
-0
-0
-0
-0
-0
-0
-0
-0
-0
-0
-0
-0
-0
-0
-0
-0
-0
-0
-0
-0
-0
-0
-0
-0
-0
-0
-0
-0
-0
-0
-0
-0
-0
-0
-0
-0
-0
-0
-0
-0
-0
-0
-0
0
0
0
0
0
0
0
0
0
0
0
0
0
0
0
0
0
0
0
0
0
0
0
0
0
0
0
0
0
0
0
0
0
0
0
0
0
0
0
0
0
0
0
0
0
0
0
0
0
0
0
-0
-0
-0
-0
-0
-0
-0
-0
-0
-0
-0
-0
-0
-0
-0
-0
-0
-0
-0
-0
-0
-0
-0
-0
-0
-0
-0
-0
-0
-0
-0
-0
-0
-0
-0
-0
-0
-0
-0
-0
-0
-0
-0
-0
-0
-0
-0
-0
-0
-0
0
0
0
0
0
0
0
0
0
0
0
0
0
0
0
0
0
0
0
0
0
0
0
0
0
0
0
0
0
0
0
0
0
0
0
0
0
0
0
0
0
0
0
0
0
0
0
0
0
0
-0
-0
-0
-0
-0
-0
-0
-0
-0
-0
-0
-0
-0
-0
-0
-0
-0
-0
-0
-0
-0
-0
-0
-0
-0
-0
-0
-0
-0
-0
-0
-0
-0
-0
-0
-0
-0
-0
-0
-0
-0
-0
-0
-0
-0
-0
-0
-0
-0
0
0
0
0
0
0
0
0
0
0
0
0
0
0
0
0
0
0
0
0
0
0
0
0
0
0
0
0
0
0
0
0
0
0
0
0
0
0
0
0
0
0
0
0
0
0
0
0
0
0
-0
-0
-0
-0
-0
-0
-0
-0
-0
-0
-0
-0
-0
-0
-0
-0
-0
-0
-0
-0
-0
-0
-0
-0
-0
-0
-0
-0
-0
-0
-0
-0
-0
-0
-0
-0
-0
-0
-0
-0
-0
-0
-0
-0
-0
-0
-0
-0
-0
-0
-0
0
0
0
0
0
0
0
0
0
0
0
0
0
0
0
0
0
0
0
0
0
0
0
0
0
0
0
0
0
0
0
0
0
0
0
0
0
0
0
0
0
0
0
0
0
0
0
0
0
0
-0
-0
-0
-0
-0
-0
-0
-0
-0
-0
-0
-0
-0
-0
-0
-0
-0
-0
-0
-0
-0
-0
-0
-0
-0
-0
-0
-0
-0
-0
-0
-0
-0
-0
-0
-0
-0
-0
-0
-0
-0
-0
-0
-0
-0
-0
-0
-0
-0
-0
0
0
0
0
0
0
0
0
0
0
0
0
0
0
0
0
0
0
0
0
0
0
0
0
0
0
0
0
0
0
0
0
0
0
0
0
0
0
0
0
0
0
0
0
0
0
0
0
0
-0
-0
-0
-0
-0
-0
-0
-0
-0
-0
-0
-0
-0
-0
-0
-0
-0
-0
-0
-0
-0
-0
-0
-0
-0
-0
-0
-0
-0
-0
-0
-0
-0
-0
-0
-0
-0
-0
-0
-0
-0
-0
-0
-0
-0
-0
-0
-0
-0
-0
0
0
0
0
0
0
0
0
0
0
0
0
0
0
0
0
0
0
0
0
0
0
0
0
0
0
0
0
0
0
0
0
0
0
0
0
0
0
0
0
0
0
0
0
0
0
0
0
0
0
-0
-1.3421e-08
-5.358e-08
-1.2016e-07
-2.1263e-07
-3.3026e-07
-4.7212e-07
-6.3707e-07
-8.238e-07
-1.0308e-06
-1.2564e-06
-1.4987e-06
-1.7559e-06
-2.0256e-06
-2.3058e-06
-2.5939e-06
-2.8876e-06
-3.1843e-06
-3.4813e-06
-3.7761e-06
-4.0658e-06
-4.3477e-06
-4.6192e-06
-4.8775e-06
-5.1199e-06
-5.3438e-06
-5.5465e-06
-5.7257e-06
-5.879e-06
-6.004e-06
-6.0986e-06
-6.1609e-06
-6.189e-06
-6.1812e-06
-6.1362e-06
-6.0525e-06
-5.9291e-06
-5.7652e-06
-5.5602e-06
-5.3137e-06
-5.0256e-06
-4.6959e-06
-4.3249e-06
-3.9134e-06
-3.4622e-06
-2.9724e-06
-2.4452e-06
-1.8825e-06
-1.2859e-06
-6.5765e-07
-1.1516e-19
6.845e-07
1.3931e-06
2.1228e-06
2.8705e-06
3.6329e-06
4.4065e-06
5.1876e-06
5.9725e-06
6.7574e-06
7.5383e-06
8.3112e-06
9.072e-06
9.8165e-06
1.0541e-05
1.124e-05
1.1911e-05
1.255e-05
1.3152e-05
1.3713e-05
1.423e-05
1.4699e-05
1.5117e-05
1.5481e-05
1.5786e-05
1.6031e-05
1.6213e-05
1.6329e-05
1.6377e-05
1.6356e-05
1.6263e-05
1.6098e-05
1.5859e-05
1.5547e-05
1.516e-05
1.4699e-05
1.4164e-05
1.3556e-05
1.2876e-05
1.2126e-05
1.1308e-05
1.0423e-05
9.4737e-06
8.464e-06
7.3965e-06
6.275e-06
5.1031e-06
3.8851e-06
2.6254e-06
1.3287e-06
-7.5426e-19
-1.3556e-06
-2.7326e-06
-4.1254e-06
-5.5284e-06
-6.9355e-06
-8.3408e-06
-9.7381e-06
-1.1121e-05
-1.2484e-05
-1.382e-05
-1.5124e-05
-1.6388e-05
-1.7607e-05
-1.8775e-05
-1.9887e-05
-2.0935e-05
-2.1915e-05
-2.2822e-05
-2.365e-05
-2.4395e-05
-2.5051e-05
-2.5616e-05
-2.6084e-05
-2.6453e-05
-2.6719e-05
-2.6879e-05
-2.6932e-05
-2.6875e-05
-2.6707e-05
-2.6427e-05
-2.6035e-05
-2.553e-05
-2.4912e-05
-2.4184e-05
-2.3345e-05
-2.2399e-05
-2.1347e-05
-2.0192e-05
-1.8939e-05
-1.7589e-05
-1.6149e-05
-1.4622e-05
-1.3014e-05
-1.1331e-05
-9.5776e-06
-7.761e-06
-5.8878e-06
-3.9649e-06
-1.9998e-06
7.8574e-19
2.0266e-06
4.0721e-06
6.1281e-06
8.1862e-06
1.0238e-05
1.2275e-05
1.4289e-05
1.627e-05
1.8211e-05
2.0102e-05
2.1936e-05
2.3704e-05
2.5398e-05
2.701e-05
2.8533e-05
2.9959e-05
3.1281e-05
3.2492e-05
3.3587e-05
3.4559e-05
3.5403e-05
3.6114e-05
3.6687e-05
3.7119e-05
3.7406e-05
3.7546e-05
3.7535e-05
3.7374e-05
3.7059e-05
3.6592e-05
3.5972e-05
3.52e-05
3.4278e-05
3.3207e-05
3.1992e-05
3.0634e-05
2.9138e-05
2.7509e-05
2.5751e-05
2.3871e-05
2.1876e-05
1.9771e-05
1.7565e-05
1.5265e-05
1.288e-05
1.0419e-05
7.8904e-06
5.3044e-06
2.6709e-06
1.8433e-18
-2.6977e-06
-5.4116e-06
-8.1307e-06
-1.0844e-05
-1.3541e-05
-1.6209e-05
-1.8839e-05
-2.1419e-05
-2.3937e-05
-2.6384e-05
-2.8749e-05
-3.102e-05
-3.3189e-05
-3.5245e-05
-3.7179e-05
-3.8983e-05
-4.0646e-05
-4.2163e-05
-4.3524e-05
-4.4723e-05
-4.5755e-05
-4.6612e-05
-4.729e-05
-4.7786e-05
-4.8094e-05
-4.8212e-05
-4.8139e-05
-4.7872e-05
-4.7411e-05
-4.6756e-05
-4.5909e-05
-4.487e-05
-4.3643e-05
-4.2231e-05
-4.0638e-05
-3.8869e-05
-3.6929e-05
-3.4825e-05
-3.2564e-05
-3.0153e-05
-2.7602e-05
-2.492e-05
-2.2116e-05
-1.92e-05
-1.6183e-05
-1.3077e-05
-9.893e-06
-6.6439e-06
-3.3419e-06
-2.8802e-18
3.3688e-06
6.7511e-06
1.0133e-05
1.3502e-05
1.6843e-05
2.0144e-05
2.339e-05
2.6568e-05
2.9664e-05
3.2666e-05
3.5561e-05
3.8336e-05
4.098e-05
4.348e-05
4.5826e-05
4.8006e-05
5.0012e-05
5.1833e-05
5.3461e-05
5.4888e-05
5.6106e-05
5.711e-05
5.7894e-05
5.8452e-05
5.8781e-05
5.8879e-05
5.8742e-05
5.837e-05
5.7763e-05
5.6921e-05
5.5846e-05
5.4541e-05
5.3009e-05
5.1255e-05
4.9284e-05
4.7103e-05
4.4719e-05
4.2141e-05
3.9376e-05
3.6435e-05
3.3329e-05
3.0069e-05
2.6666e-05
2.3134e-05
1.9485e-05
1.5735e-05
1.1896e-05
7.9834e-06
4.013e-06
4.1475e-18
-4.0399e-06
-8.0906e-06
-1.2136e-05
-1.616e-05
-2.0146e-05
-2.4078e-05
-2.794e-05
-3.1716e-05
-3.5391e-05
-3.8948e-05
-4.2374e-05
-4.5652e-05
-4.8771e-05
-5.1715e-05
-5.4472e-05
-5.703e-05
-5.9377e-05
-6.1503e-05
-6.3398e-05
-6.5052e-05
-6.6458e-05
-6.7608e-05
-6.8497e-05
-6.9118e-05
-6.9469e-05
-6.9545e-05
-6.9345e-05
-6.8868e-05
-6.8114e-05
-6.7085e-05
-6.5783e-05
-6.4211e-05
-6.2374e-05
-6.0279e-05
-5.7931e-05
-5.5338e-05
-5.251e-05
-4.9457e-05
-4.6189e-05
-4.2717e-05
-3.9056e-05
-3.5217e-05
-3.1217e-05
-2.7068e-05
-2.2788e-05
-1.8392e-05
-1.3898e-05
-9.3229e-06
-4.6841e-06
-1.3927e-18
4.7109e-06
9.4301e-06
1.4139e-05
1.8818e-05
2.3449e-05
2.8012e-05
3.2491e-05
3.6865e-05
4.1117e-05
4.523e-05
4.9186e-05
5.2969e-05
5.6562e-05
5.995e-05
6.3118e-05
6.6054e-05
6.8743e-05
7.1174e-05
7.3335e-05
7.5217e-05
7.681e-05
7.8107e-05
7.91e-05
7.9785e-05
8.0156e-05
8.0211e-05
7.9948e-05
7.9366e-05
7.8466e-05
7.725e-05
7.572e-05
7.3881e-05
7.174e-05
6.9302e-05
6.6577e-05
6.3573e-05
6.0301e-05
5.6773e-05
5.3001e-05
4.8999e-05
4.4782e-05
4.0366e-05
3.5767e-05
3.1003e-05
2.6091e-05
2.105e-05
1.5901e-05
1.0662e-05
5.3552e-06
7.3735e-18
-5.382e-06
-1.077e-05
-1.6141e-05
-2.1476e-05
-2.6751e-05
-3.1947e-05
-3.7041e-05
-4.2014e-05
-4.6844e-05
-5.1512e-05
-5.5998e-05
-6.0285e-05
-6.4352e-05
-6.8185e-05
-7.1765e-05
-7.5078e-05
-7.8109e-05
-8.0844e-05
-8.3272e-05
-8.5381e-05
-8.7162e-05
-8.8605e-05
-8.9703e-05
-9.0451e-05
-9.0844e-05
-9.0878e-05
-9.0552e-05
-8.9865e-05
-8.8818e-05
-8.7414e-05
-8.5657e-05
-8.3552e-05
-8.1105e-05
-7.8326e-05
-7.5223e-05
-7.1808e-05
-6.8092e-05
-6.4089e-05
-5.9813e-05
-5.5281e-05
-5.0509e-05
-4.5515e-05
-4.0318e-05
-3.4937e-05
-2.9393e-05
-2.3708e-05
-1.7904e-05
-1.2002e-05
-6.0262e-06
-3.8645e-18
6.0531e-06
1.2109e-05
1.8144e-05
2.4133e-05
3.0054e-05
3.5881e-05
4.1592e-05
4.7162e-05
5.2571e-05
5.7794e-05
6.2811e-05
6.7601e-05
7.2143e-05
7.642e-05
8.0411e-05
8.4101e-05
8.7474e-05
9.0514e-05
9.3209e-05
9.5546e-05
9.7513e-05
9.9103e-05
0.00010031
0.00010112
0.00010153
0.00010154
0.00010115
0.00010036
9.917e-05
9.7578e-05
9.5594e-05
9.3222e-05
9.0471e-05
8.735e-05
8.387e-05
8.0043e-05
7.5883e-05
7.1405e-05
6.6626e-05
6.1563e-05
5.6236e-05
5.0664e-05
4.4868e-05
3.8871e-05
3.2696e-05
2.6366e-05
1.9906e-05
1.3341e-05
6.6973e-06
5.4352e-18
-6.6839e-06
-1.3315e-05
-1.9866e-05
-2.6313e-05
-3.263e-05
-3.8793e-05
-4.4777e-05
-5.0561e-05
-5.6121e-05
-6.1438e-05
-6.649e-05
-7.1259e-05
-7.5727e-05
-7.9878e-05
-8.3697e-05
-8.7169e-05
-9.0284e-05
-9.3029e-05
-9.5395e-05
-9.7375e-05
-9.8963e-05
-0.00010015
-0.00010094
-0.00010133
-0.00010132
-0.0001009
-0.00010009
-9.8893e-05
-9.7306e-05
-9.5342e-05
-9.301e-05
-9.0321e-05
-8.7287e-05
-8.3921e-05
-8.0238e-05
-7.6255e-05
-7.1987e-05
-6.7454e-05
-6.2675e-05
-5.7668e-05
-5.2456e-05
-4.706e-05
-4.1501e-05
-3.5802e-05
-2.9988e-05
-2.408e-05
-1.8104e-05
-1.2082e-05
-6.0397e-06
-5.9253e-18
6.0128e-06
1.1975e-05
1.7864e-05
2.3655e-05
2.9327e-05
3.4858e-05
4.0227e-05
4.5412e-05
5.0395e-05
5.5156e-05
5.9677e-05
6.3943e-05
6.7936e-05
7.1643e-05
7.505e-05
7.8146e-05
8.0918e-05
8.3358e-05
8.5458e-05
8.7211e-05
8.8611e-05
8.9655e-05
9.0339e-05
9.0664e-05
9.063e-05
9.0238e-05
8.9491e-05
8.8395e-05
8.6955e-05
8.5178e-05
8.3073e-05
8.0651e-05
7.7921e-05
7.4897e-05
7.1592e-05
6.802e-05
6.4197e-05
6.0138e-05
5.5862e-05
5.1386e-05
4.6729e-05
4.1911e-05
3.695e-05
3.1868e-05
2.6685e-05
2.1422e-05
1.6101e-05
1.0743e-05
5.3686e-06
1.3369e-18
-5.3417e-06
-1.0636e-05
-1.5861e-05
-2.0997e-05
-2.6025e-05
-3.0924e-05
-3.5676e-05
-4.0263e-05
-4.4668e-05
-4.8874e-05
-5.2865e-05
-5.6627e-05
-6.0145e-05
-6.3408e-05
-6.6404e-05
-6.9122e-05
-7.1553e-05
-7.3688e-05
-7.5521e-05
-7.7046e-05
-7.8259e-05
-7.9156e-05
-7.9736e-05
-7.9998e-05
-7.9943e-05
-7.9571e-05
-7.8888e-05
-7.7897e-05
-7.6603e-05
-7.5013e-05
-7.3136e-05
-7.098e-05
-6.8556e-05
-6.5873e-05
-6.2946e-05
-5.9785e-05
-5.6406e-05
-5.2822e-05
-4.905e-05
-4.5104e-05
-4.1003e-05
-3.6762e-05
-3.24e-05
-2.7934e-05
-2.3383e-05
-1.8765e-05
-1.4099e-05
-9.4033e-06
-4.6975e-06
-6.214e-18
4.6707e-06
9.2961e-06
1.3858e-05
1.8339e-05
2.2722e-05
2.699e-05
3.1126e-05
3.5114e-05
3.8941e-05
4.2592e-05
4.6052e-05
4.931e-05
5.2355e-05
5.5174e-05
5.7758e-05
6.0098e-05
6.2187e-05
6.4018e-05
6.5584e-05
6.6882e-05
6.7907e-05
6.8658e-05
6.9133e-05
6.9332e-05
6.9255e-05
6.8905e-05
6.8285e-05
6.7398e-05
6.6251e-05
6.4849e-05
6.3199e-05
6.131e-05
5.919e-05
5.685e-05
5.4299e-05
5.155e-05
4.8615e-05
4.5506e-05
4.2237e-05
3.8822e-05
3.5276e-05
3.1613e-05
2.7849e-05
2.3999e-05
2.008e-05
1.6107e-05
1.2096e-05
8.0638e-06
4.0264e-06
2.3798e-18
-3.9996e-06
-7.9566e-06
-1.1856e-05
-1.5681e-05
-1.9419e-05
-2.3055e-05
-2.6575e-05
-2.9966e-05
-3.3215e-05
-3.631e-05
-3.924e-05
-4.1994e-05
-4.4564e-05
-4.6939e-05
-4.9111e-05
-5.1074e-05
-5.2822e-05
-5.4347e-05
-5.5647e-05
-5.6717e-05
-5.7556e-05
-5.816e-05
-5.853e-05
-5.8665e-05
-5.8568e-05
-5.8239e-05
-5.7682e-05
-5.69e-05
-5.5899e-05
-5.4685e-05
-5.3262e-05
-5.164e-05
-4.9825e-05
-4.7826e-05
-4.5653e-05
-4.3315e-05
-4.0824e-05
-3.819e-05
-3.5425e-05
-3.2541e-05
-2.955e-05
-2.6465e-05
-2.3299e-05
-2.0065e-05
-1.6777e-05
-1.3449e-05
-1.0093e-05
-6.7243e-06
-3.3554e-06
-2.5557e-18
3.3285e-06
6.6171e-06
9.853e-06
1.3024e-05
1.6117e-05
1.9121e-05
2.2024e-05
2.4817e-05
2.7488e-05
3.0028e-05
3.2427e-05
3.4678e-05
3.6773e-05
3.8704e-05
4.0465e-05
4.2051e-05
4.3456e-05
4.4677e-05
4.571e-05
4.6553e-05
4.7204e-05
4.7662e-05
4.7927e-05
4.7999e-05
4.788e-05
4.7572e-05
4.7078e-05
4.6402e-05
4.5548e-05
4.452e-05
4.3325e-05
4.1969e-05
4.0459e-05
3.8802e-05
3.7006e-05
3.5081e-05
3.3033e-05
3.0874e-05
2.8612e-05
2.6259e-05
2.3823e-05
2.1316e-05
1.8748e-05
1.6131e-05
1.3475e-05
1.0791e-05
8.0907e-06
5.3848e-06
2.6843e-06
2.501e-18
-2.6575e-06
-5.2776e-06
-7.8503e-06
-1.0366e-05
-1.2814e-05
-1.5187e-05
-1.7474e-05
-1.9668e-05
-2.1761e-05
-2.3746e-05
-2.5615e-05
-2.7362e-05
-2.8982e-05
-3.0469e-05
-3.1819e-05
-3.3027e-05
-3.4091e-05
-3.5007e-05
-3.5773e-05
-3.6389e-05
-3.6852e-05
-3.7164e-05
-3.7323e-05
-3.7332e-05
-3.7193e-05
-3.6906e-05
-3.6475e-05
-3.5904e-05
-3.5196e-05
-3.4356e-05
-3.3388e-05
-3.2299e-05
-3.1094e-05
-2.9778e-05
-2.836e-05
-2.6846e-05
-2.5242e-05
-2.3558e-05
-2.18e-05
-1.9977e-05
-1.8096e-05
-1.6167e-05
-1.4198e-05
-1.2196e-05
-1.0172e-05
-8.1331e-06
-6.088e-06
-4.0453e-06
-2.0132e-06
-4.056e-19
1.9864e-06
3.9381e-06
5.8477e-06
7.7078e-06
9.5115e-06
1.1252e-05
1.2923e-05
1.4519e-05
1.6035e-05
1.7464e-05
1.8802e-05
2.0046e-05
2.1191e-05
2.2234e-05
2.3172e-05
2.4003e-05
2.4725e-05
2.5336e-05
2.5836e-05
2.6224e-05
2.65e-05
2.6665e-05
2.672e-05
2.6666e-05
2.6505e-05
2.6239e-05
2.5872e-05
2.5406e-05
2.4844e-05
2.4191e-05
2.3451e-05
2.2629e-05
2.1728e-05
2.0755e-05
1.9714e-05
1.8611e-05
1.7452e-05
1.6242e-05
1.4987e-05
1.3695e-05
1.237e-05
1.1018e-05
9.6471e-06
8.2621e-06
6.8694e-06
5.4752e-06
4.0854e-06
2.7058e-06
1.3421e-06
1.7005e-18
-1.3153e-06
-2.5986e-06
-3.8451e-06
-5.05e-06
-6.2089e-06
-7.3179e-06
-8.3729e-06
-9.3707e-06
-1.0308e-05
-1.1182e-05
-1.199e-05
-1.273e-05
-1.34e-05
-1.3999e-05
-1.4526e-05
-1.4979e-05
-1.5359e-05
-1.5666e-05
-1.5899e-05
-1.606e-05
-1.6149e-05
-1.6167e-05
-1.6117e-05
-1.6e-05
-1.5817e-05
-1.5573e-05
-1.5269e-05
-1.4907e-05
-1.4492e-05
-1.4027e-05
-1.3514e-05
-1.2958e-05
-1.2362e-05
-1.1731e-05
-1.1067e-05
-1.0376e-05
-9.6607e-06
-8.9256e-06
-8.175e-06
-7.4127e-06
-6.6429e-06
-5.8696e-06
-5.0966e-06
-4.3278e-06
-3.5668e-06
-2.8173e-06
-2.0827e-06
-1.3663e-06
-6.7107e-07
-3.5921e-19
6.4423e-07
1.2591e-06
1.8424e-06
2.3921e-06
2.9063e-06
3.3835e-06
3.8224e-06
4.222e-06
4.5813e-06
4.8999e-06
5.1775e-06
5.4139e-06
5.6094e-06
5.7644e-06
5.8795e-06
5.9557e-06
5.9939e-06
5.9956e-06
5.9622e-06
5.8954e-06
5.797e-06
5.669e-06
5.5137e-06
5.3332e-06
5.13e-06
4.9065e-06
4.6654e-06
4.4092e-06
4.1407e-06
3.8625e-06
3.5773e-06
3.2879e-06
2.997e-06
2.7071e-06
2.421e-06
2.1411e-06
1.8698e-06
1.6095e-06
1.3625e-06
1.1308e-06
9.1626e-07
7.2082e-07
5.4606e-07
3.9343e-07
2.6421e-07
1.5947e-07
8.0106e-08
2.679e-08
0
0
-0
-0
-0
-0
-0
-0
-0
-0
-0
-0
-0
-0
-0
-0
-0
-0
-0
-0
-0
-0
-0
-0
-0
-0
-0
-0
-0
-0
-0
-0
-0
-0
-0
-0
-0
-0
-0
-0
-0
-0
-0
-0
-0
-0
-0
-0
-0
-0
-0
-0
0
0
0
0
0
0
0
0
0
0
0
0
0
0
0
0
0
0
0
0
0
0
0
0
0
0
0
0
0
0
0
0
0
0
0
0
0
0
0
0
0
0
0
0
0
0
0
0
0
0
-0
-0
-0
-0
-0
-0
-0
-0
-0
-0
-0
-0
-0
-0
-0
-0
-0
-0
-0
-0
-0
-0
-0
-0
-0
-0
-0
-0
-0
-0
-0
-0
-0
-0
-0
-0
-0
-0
-0
-0
-0
-0
-0
-0
-0
-0
-0
-0
-0
-0
0
0
0
0
0
0
0
0
0
0
0
0
0
0
0
0
0
0
0
0
0
0
0
0
0
0
0
0
0
0
0
0
0
0
0
0
0
0
0
0
0
0
0
0
0
0
0
0
0
0
-0
-0
-0
-0
-0
-0
-0
-0
-0
-0
-0
-0
-0
-0
-0
-0
-0
-0
-0
-0
-0
-0
-0
-0
-0
-0
-0
-0
-0
-0
-0
-0
-0
-0
-0
-0
-0
-0
-0
-0
-0
-0
-0
-0
-0
-0
-0
-0
-0
-0
0
0
0
0
0
0
0
0
0
0
0
0
0
0
0
0
0
0
0
0
0
0
0
0
0
0
0
0
0
0
0
0
0
0
0
0
0
0
0
0
0
0
0
0
0
0
0
0
0
0
-0
-0
-0
-0
-0
-0
-0
-0
-0
-0
-0
-0
-0
-0
-0
-0
-0
-0
-0
-0
-0
-0
-0
-0
-0
-0
-0
-0
-0
-0
-0
-0
-0
-0
-0
-0
-0
-0
-0
-0
-0
-0
-0
-0
-0
-0
-0
-0
-0
-0
0
0
0
0
0
0
0
0
0
0
0
0
0
0
0
0
0
0
0
0
0
0
0
0
0
0
0
0
0
0
0
0
0
0
0
0
0
0
0
0
0
0
0
0
0
0
0
0
0
0
-0
-0
-0
-0
-0
-0
-0
-0
-0
-0
-0
-0
-0
-0
-0
-0
-0
-0
-0
-0
-0
-0
-0
-0
-0
-0
-0
-0
-0
-0
-0
-0
-0
-0
-0
-0
-0
-0
-0
-0
-0
-0
-0
-0
-0
-0
-0
-0
-0
-0
0
0
0
0
0
0
0
0
0
0
0
0
0
0
0
0
0
0
0
0
0
0
0
0
0
0
0
0
0
0
0
0
0
0
0
0
0
0
0
0
0
0
0
0
0
0
0
0
0
0
-0
-0
-0
-0
-0
-0
-0
-0
-0
-0
-0
-0
-0
-0
-0
-0
-0
-0
-0
-0
-0
-0
-0
-0
-0
-0
-0
-0
-0
-0
-0
-0
-0
-0
-0
-0
-0
-0
-0
-0
-0
-0
-0
-0
-0
-0
-0
-0
-0
-0
0
0
0
0
0
0
0
0
0
0
0
0
0
0
0
0
0
0
0
0
0
0
0
0
0
0
0
0
0
0
0
0
0
0
0
0
0
0
0
0
0
0
0
0
0
0
0
0
0
0
-0
-0
-0
-0
-0
-0
-0
-0
-0
-0
-0
-0
-0
-0
-0
-0
-0
-0
-0
-0
-0
-0
-0
-0
-0
-0
-0
-0
-0
-0
-0
-0
-0
-0
-0
-0
-0
-0
-0
-0
-0
-0
-0
-0
-0
-0
-0
-0
-0
-0
0
0
0
0
0
0
0
0
0
0
0
0
0
0
0
0
0
0
0
0
0
0
0
0
0
0
0
0
0
0
0
0
0
0
0
0
0
0
0
0
0
0
0
0
0
0
0
0
0
0
-0
-0
-0
-0
-0
-0
-0
-0
-0
-0
-0
-0
-0
-0
-0
-0
-0
-0
-0
-0
-0
-0
-0
-0
-0
-0
-0
-0
-0
-0
-0
-0
-0
-0
-0
-0
-0
-0
-0
-0
-0
-0
-0
-0
-0
-0
-0
-0
-0
-0
0
0
0
0
0
0
0
0
0
0
0
0
0
0
0
0
0
0
0
0
0
0
0
0
0
0
0
0
0
0
0
0
0
0
0
0
0
0
0
0
0
0
0
0
0
0
0
0
0
0
-0
-0
-0
-0
-0
-0
-0
-0
-0
-0
-0
-0
-0
-0
-0
-0
-0
-0
-0
-0
-0
-0
-0
-0
-0
-0
-0
-0
-0
-0
-0
-0
-0
-0
-0
-0
-0
-0
-0
-0
-0
-0
-0
-0
-0
-0
-0
-0
-0
-0
0
0
0
0
0
0
0
0
0
0
0
0
0
0
0
0
0
0
0
0
0
0
0
0
0
0
0
0
0
0
0
0
0
0
0
0
0
0
0
0
0
0
0
0
0
0
0
0
0
0
-0
-0
-0
-0
-0
-0
-0
-0
-0
-0
-0
-0
-0
-0
-0
-0
-0
-0
-0
-0
-0
-0
-0
-0
-0
-0
-0
-0
-0
-0
-0
-0
-0
-0
-0
-0
-0
-0
-0
-0
-0
-0
-0
-0
-0
-0
-0
-0
-0
-0
0
0
0
0
0
0
0
0
0
0
0
0
0
0
0
0
0
0
0
0
0
0
0
0
0
0
0
0
0
0
0
0
0
0
0
0
0
0
0
0
0
0
0
0
0
0
0
0
0
0
-0
-0
-0
-0
-0
-0
-0
-0
-0
-0
-0
-0
-0
-0
-0
-0
-0
-0
-0
-0
-0
-0
-0
-0
-0
-0
-0
-0
-0
-0
-0
-0
-0
-0
-0
-0
-0
-0
-0
-0
-0
-0
-0
-0
-0
-0
-0
-0
-0
-0
0
0
0
0
0
0
0
0
0
0
0
0
0
0
0
0
0
0
0
0
0
0
0
0
0
0
0
0
0
0
0
0
0
0
0
0
0
0
0
0
0
0
0
0
0
0
0
0
0
-0
-0
-0
-0
-0
-0
-0
-0
-0
-0
-0
-0
-0
-0
-0
-0
-0
-0
-0
-0
-0
-0
-0
-0
-0
-0
-0
-0
-0
-0
-0
-0
-0
-0
-0
-0
-0
-0
-0
-0
-0
-0
-0
-0
-0
-0
-0
-0
-0
-0
-0
0
0
0
0
0
0
0
0
0
0
0
0
0
0
0
0
0
0
0
0
0
0
0
0
0
0
0
0
0
0
0
0
0
0
0
0
0
0
0
0
0
0
0
0
0
0
0
0
0
0
-0
-0
-0
-0
-0
-0
-0
-0
-0
-0
-0
-0
-0
-0
-0
-0
-0
-0
-0
-0
-0
-0
-0
-0
-0
-0
-0
-0
-0
-0
-0
-0
-0
-0
-0
-0
-0
-0
-0
-0
-0
-0
-0
-0
-0
-0
-0
-0
-0
0
0
0
0
0
0
0
0
0
0
0
0
0
0
0
0
0
0
0
0
0
0
0
0
0
0
0
0
0
0
0
0
0
0
0
0
0
0
0
0
0
0
0
0
0
0
0
0
0
0
0
-0
-0
-0
-0
-0
-0
-0
-0
-0
-0
-0
-0
-0
-0
-0
-0
-0
-0
-0
-0
-0
-0
-0
-0
-0
-0
-0
-0
-0
-0
-0
-0
-0
-0
-0
-0
-0
-0
-0
-0
-0
-0
-0
-0
-0
-0
-0
-0
-0
-0
0
0
0
0
0
0
0
0
0
0
0
0
0
0
0
0
0
0
0
0
0
0
0
0
0
0
0
0
0
0
0
0
0
0
0
0
0
0
0
0
0
0
0
0
0
0
0
0
0
0
-0
-0
-0
-0
-0
-0
-0
-0
-0
-0
-0
-0
-0
-0
-0
-0
-0
-0
-0
-0
-0
-0
-0
-0
-0
-0
-0
-0
-0
-0
-0
-0
-0
-0
-0
-0
-0
-0
-0
-0
-0
-0
-0
-0
-0
-0
-0
-0
-0
-0
0
0
0
0
0
0
0
0
0
0
0
0
0
0
0
0
0
0
0
0
0
0
0
0
0
0
0
0
0
0
0
0
0
0
0
0
0
0
0
0
0
0
0
0
0
0
0
0
0
-0
-0
-0
-0
-0
-0
-0
-0
-0
-0
-0
-0
-0
-0
-0
-0
-0
-0
-0
-0
-0
-0
-0
-0
-0
-0
-0
-0
-0
-0
-0
-0
-0
-0
-0
-0
-0
-0
-0
-0
-0
-0
-0
-0
-0
-0
-0
-0
-0
-0
-0
0
0
0
0
0
0
0
0
0
0
0
0
0
0
0
0
0
0
0
0
0
0
0
0
0
0
0
0
0
0
0
0
0
0
0
0
0
0
0
0
0
0
0
0
0
0
0
0
0
-0
-0
-0
-0
-0
-0
-0
-0
-0
-0
-0
-0
-0
-0
-0
-0
-0
-0
-0
-0
-0
-0
-0
-0
-0
-0
-0
-0
-0
-0
-0
-0
-0
-0
-0
-0
-0
-0
-0
-0
-0
-0
-0
-0
-0
-0
-0
-0
-0
-0
-0
0
0
0
0
0
0
0
0
0
0
0
0
0
0
0
0
0
0
0
0
0
0
0
0
0
0
0
0
0
0
0
0
0
0
0
0
0
0
0
0
0
0
0
0
0
0
0
0
0
0
-0
-0
-0
-0
-0
-0
-0
-0
-0
-0
-0
-0
-0
-0
-0
-0
-0
-0
-0
-0
-0
-0
-0
-0
-0
-0
-0
-0
-0
-0
-0
-0
-0
-0
-0
-0
-0
-0
-0
-0
-0
-0
-0
-0
-0
-0
-0
-0
-0
-0
0
0
0
0
0
0
0
0
0
0
0
0
0
0
0
0
0
0
0
0
0
0
0
0
0
0
0
0
0
0
0
0
0
0
0
0
0
0
0
0
0
0
0
0
0
0
0
0
0
0
-0
-0
-0
-0
-0
-0
-0
-0
-0
-0
-0
-0
-0
-0
-0
-0
-0
-0
-0
-0
-0
-0
-0
-0
-0
-0
-0
-0
-0
-0
-0
-0
-0
-0
-0
-0
-0
-0
-0
-0
-0
-0
-0
-0
-0
-0
-0
-0
-0
-0
0
0
0
0
0
0
0
0
0
0
0
0
0
0
0
0
0
0
0
0
0
0
0
0
0
0
0
0
0
0
0
0
0
0
0
0
0
0
0
0
0
0
0
0
0
0
0
0
0
0
-0
-0
-0
-0
-0
-0
-0
-0
-0
-0
-0
-0
-0
-0
-0
-0
-0
-0
-0
-0
-0
-0
-0
-0
-0
-0
-0
-0
-0
-0
-0
-0
-0
-0
-0
-0
-0
-0
-0
-0
-0
-0
-0
-0
-0
-0
-0
-0
-0
-0
0
0
0
0
0
0
0
0
0
0
0
0
0
0
0
0
0
0
0
0
0
0
0
0
0
0
0
0
0
0
0
0
0
0
0
0
0
0
0
0
0
0
0
0
0
0
0
0
0
-0
-0
-0
-0
-0
-0
-0
-0
-0
-0
-0
-0
-0
-0
-0
-0
-0
-0
-0
-0
-0
-0
-0
-0
-0
-0
-0
-0
-0
-0
-0
-0
-0
-0
-0
-0
-0
-0
-0
-0
-0
-0
-0
-0
-0
-0
-0
-0
-0
-0
-0
0
0
0
0
0
0
0
0
0
0
0
0
0
0
0
0
0
0
0
0
0
0
0
0
0
0
0
0
0
0
0
0
0
0
0
0
0
0
0
0
0
0
0
0
0
0
0
0
0
-0
-0
-0
-0
-0
-0
-0
-0
-0
-0
-0
-0
-0
-0
-0
-0
-0
-0
-0
-0
-0
-0
-0
-0
-0
-0
-0
-0
-0
-0
-0
-0
-0
-0
-0
-0
-0
-0
-0
-0
-0
-0
-0
-0
-0
-0
-0
-0
-0
-0
-0
0
0
0
0
0
0
0
0
0
0
0
0
0
0
0
0
0
0
0
0
0
0
0
0
0
0
0
0
0
0
0
0
0
0
0
0
0
0
0
0
0
0
0
0
0
0
0
0
0
0
-0
-0
-0
-0
-0
-0
-0
-0
-0
-0
-0
-0
-0
-0
-0
-0
-0
-0
-0
-0
-0
-0
-0
-0
-0
-0
-0
-0
-0
-0
-0
-0
-0
-0
-0
-0
-0
-0
-0
-0
-0
-0
-0
-0
-0
-0
-0
-0
-0
-0
0
0
0
0
0
0
0
0
0
0
0
0
0
0
0
0
0
0
0
0
0
0
0
0
0
0
0
0
0
0
0
0
0
0
0
0
0
0
0
0
0
0
0
0
0
0
0
0
0
0
-0
-0
-0
-0
-0
-0
-0
-0
-0
-0
-0
-0
-0
-0
-0
-0
-0
-0
-0
-0
-0
-0
-0
-0
-0
-0
-0
-0
-0
-0
-0
-0
-0
-0
-0
-0
-0
-0
-0
-0
-0
-0
-0
-0
-0
-0
-0
-0
-0
-0
0
0
0
0
0
0
0
0
0
0
0
0
0
0
0
0
0
0
0
0
0
0
0
0
0
0
0
0
0
0
0
0
0
0
0
0
0
0
0
0
0
0
0
0
0
0
0
0
0
0
-0
-0
-0
-0
-0
-0
-0
-0
-0
-0
-0
-0
-0
-0
-0
-0
-0
-0
-0
-0
-0
-0
-0
-0
-0
-0
-0
-0
-0
-0
-0
-0
-0
-0
-0
-0
-0
-0
-0
-0
-0
-0
-0
-0
-0
-0
-0
-0
-0
-0
0
0
0
0
0
0
0
0
0
0
0
0
0
0
0
0
0
0
0
0
0
0
0
0
0
0
0
0
0
0
0
0
0
0
0
0
0
0
0
0
0
0
0
0
0
0
0
0
0
-0
-0
-0
-0
-0
-0
-0
-0
-0
-0
-0
-0
-0
-0
-0
-0
-0
-0
-0
-0
-0
-0
-0
-0
-0
-0
-0
-0
-0
-0
-0
-0
-0
-0
-0
-0
-0
-0
-0
-0
-0
-0
-0
-0
-0
-0
-0
-0
-0
-0
-0
0
0
0
0
0
0
0
0
0
0
0
0
0
0
0
0
0
0
0
0
0
0
0
0
0
0
0
0
0
0
0
0
0
0
0
0
0
0
0
0
0
0
0
0
0
0
0
0
0
-0
-0
-0
-0
-0
-0
-0
-0
-0
-0
-0
-0
-0
-0
-0
-0
-0
-0
-0
-0
-0
-0
-0
-0
-0
-0
-0
-0
-0
-0
-0
-0
-0
-0
-0
-0
-0
-0
-0
-0
-0
-0
-0
-0
-0
-0
-0
-0
-0
-0
-0
0
0
0
0
0
0
0
0
0
0
0
0
0
0
0
0
0
0
0
0
0
0
0
0
0
0
0
0
0
0
0
0
0
0
0
0
0
0
0
0
0
0
0
0
0
0
0
0
0
0
-0
-0
-0
-0
-0
-0
-0
-0
-0
-0
-0
-0
-0
-0
-0
-0
-0
-0
-0
-0
-0
-0
-0
-0
-0
-0
-0
-0
-0
-0
-0
-0
-0
-0
-0
-0
-0
-0
-0
-0
-0
-0
-0
-0
-0
-0
-0
-0
-0
-0
0
0
0
0
0
0
0
0
0
0
0
0
0
0
0
0
0
0
0
0
0
0
0
0
0
0
0
0
0
0
0
0
0
0
0
0
0
0
0
0
0
0
0
0
0
0
0
0
0
0
-0
-0
-0
-0
-0
-0
-0
-0
-0
-0
-0
-0
-0
-0
-0
-0
-0
-0
-0
-0
-0
-0
-0
-0
-0
-0
-0
-0
-0
-0
-0
-0
-0
-0
-0
-0
-0
-0
-0
-0
-0
-0
-0
-0
-0
-0
-0
-0
-0
-0
0
0
0
0
0
0
0
0
0
0
0
0
0
0
0
0
0
0
0
0
0
0
0
0
0
0
0
0
0
0
0
0
0
0
0
0
0
0
0
0
0
0
0
0
0
0
0
0
0
0
-0
-0
-0
-0
-0
-0
-0
-0
-0
-0
-0
-0
-0
-0
-0
-0
-0
-0
-0
-0
-0
-0
-0
-0
-0
-0
-0
-0
-0
-0
-0
-0
-0
-0
-0
-0
-0
-0
-0
-0
-0
-0
-0
-0
-0
-0
-0
-0
-0
-0
0
0
0
0
0
0
0
0
0
0
0
0
0
0
0
0
0
0
0
0
0
0
0
0
0
0
0
0
0
0
0
0
0
0
0
0
0
0
0
0
0
0
0
0
0
0
0
0
0
-0
-0
-0
-0
-0
-0
-0
-0
-0
-0
-0
-0
-0
-0
-0
-0
-0
-0
-0
-0
-0
-0
-0
-0
-0
-0
-0
-0
-0
-0
-0
-0
-0
-0
-0
-0
-0
-0
-0
-0
-0
-0
-0
-0
-0
-0
-0
-0
-0
-0
-0
0
0
0
0
0
0
0
0
0
0
0
0
0
0
0
0
0
0
0
0
0
0
0
0
0
0
0
0
0
0
0
0
0
0
0
0
0
0
0
0
0
0
0
0
0
0
0
0
0
-0
-0
-0
-0
-0
-0
-0
-0
-0
-0
-0
-0
-0
-0
-0
-0
-0
-0
-0
-0
-0
-0
-0
-0
-0
-0
-0
-0
-0
-0
-0
-0
-0
-0
-0
-0
-0
-0
-0
-0
-0
-0
-0
-0
-0
-0
-0
-0
-0
-0
-0
0
0
0
0
0
0
0
0
0
0
0
0
0
0
0
0
0
0
0
0
0
0
0
0
0
0
0
0
0
0
0
0
0
0
0
0
0
0
0
0
0
0
0
0
0
0
0
0
0
-0
