-0
-0
-0
-0
-0
-0
-0
-0
-0
-0
-0
-0
-0
-0
-0
-0
-0
-0
-0
-0
-0
-0
-0
-0
-0
-0
-0
-0
-0
-0
-0
-0
-0
-0
-0
-0
-0
-0
-0
-0
-0
-0
-0
-0
-0
-0
-0
-0
-0
-0
-0
0
0
0
0
0
0
0
0
0
0
0
0
0
0
0
0
0
0
0
0
0
0
0
0
0
0
0
0
0
0
0
0
0
0
0
0
0
0
0
0
0
0
0
0
0
0
0
0
0
0
-0
-0
-0
-0
-0
-0
-0
-0
-0
-0
-0
-0
-0
-0
-0
-0
-0
-0
-0
-0
-0
-0
-0
-0
-0
-0
-0
-0
-0
-0
-0
-0
-0
-0
-0
-0
-0
-0
-0
-0
-0
-0
-0
-0
-0
-0
-0
-0
-0
-0
0
0
0
0
0
0
0
0
0
0
0
0
0
0
0
0
0
0
0
0
0
0
0
0
0
0
0
0
0
0
0
0
0
0
0
0
0
0
0
0
0
0
0
0
0
0
0
0
0
0
-0
-0
-0
-0
-0
-0
-0
-0
-0
-0
-0
-0
-0
-0
-0
-0
-0
-0
-0
-0
-0
-0
-0
-0
-0
-0
-0
-0
-0
-0
-0
-0
-0
-0
-0
-0
-0
-0
-0
-0
-0
-0
-0
-0
-0
-0
-0
-0
-0
-0
0
0
0
0
0
0
0
0
0
0
0
0
0
0
0
0
0
0
0
0
0
0
0
0
0
0
0
0
0
0
0
0
0
0
0
0
0
0
0
0
0
0
0
0
0
0
0
0
0
0
-0
-0
-0
-0
-0
-0
-0
-0
-0
-0
-0
-0
-0
-0
-0
-0
-0
-0
-0
-0
-0
-0
-0
-0
-0
-0
-0
-0
-0
-0
-0
-0
-0
-0
-0
-0
-0
-0
-0
-0
-0
-0
-0
-0
-0
-0
-0
-0
-0
0
0
0
0
0
0
0
0
0
0
0
0
0
0
0
0
0
0
0
0
0
0
0
0
0
0
0
0
0
0
0
0
0
0
0
0
0
0
0
0
0
0
0
0
0
0
0
0
0
0
0
-0
-0
-0
-0
-0
-0
-0
-0
-0
-0
-0
-0
-0
-0
-0
-0
-0
-0
-0
-0
-0
-0
-0
-0
-0
-0
-0
-0
-0
-0
-0
-0
-0
-0
-0
-0
-0
-0
-0
-0
-0
-0
-0
-0
-0
-0
-0
-0
-0
-0
0
0
0
0
0
0
0
0
0
0
0
0
0
0
0
0
0
0
0
0
0
0
0
0
0
0
0
0
0
0
0
0
0
0
0
0
0
0
0
0
0
0
0
0
0
0
0
0
0
0
-0
-0
-0
-0
-0
-0
-0
-0
-0
-0
-0
-0
-0
-0
-0
-0
-0
-0
-0
-0
-0
-0
-0
-0
-0
-0
-0
-0
-0
-0
-0
-0
-0
-0
-0
-0
-0
-0
-0
-0
-0
-0
-0
-0
-0
-0
-0
-0
-0
0
0
0
0
0
0
0
0
0
0
0
0
0
0
0
0
0
0
0
0
0
0
0
0
0
0
0
0
0
0
0
0
0
0
0
0
0
0
0
0
0
0
0
0
0
0
0
0
0
0
0
-0
-0
-0
-0
-0
-0
-0
-0
-0
-0
-0
-0
-0
-0
-0
-0
-0
-0
-0
-0
-0
-0
-0
-0
-0
-0
-0
-0
-0
-0
-0
-0
-0
-0
-0
-0
-0
-0
-0
-0
-0
-0
-0
-0
-0
-0
-0
-0
-0
0
0
0
0
0
0
0
0
0
0
0
0
0
0
0
0
0
0
0
0
0
0
0
0
0
0
0
0
0
0
0
0
0
0
0
0
0
0
0
0
0
0
0
0
0
0
0
0
0
0
-0
-0
-0
-0
-0
-0
-0
-0
-0
-0
-0
-0
-0
-0
-0
-0
-0
-0
-0
-0
-0
-0
-0
-0
-0
-0
-0
-0
-0
-0
-0
-0
-0
-0
-0
-0
-0
-0
-0
-0
-0
-0
-0
-0
-0
-0
-0
-0
-0
-0
-0
0
0
0
0
0
0
0
0
0
0
0
0
0
0
0
0
0
0
0
0
0
0
0
0
0
0
0
0
0
0
0
0
0
0
0
0
0
0
0
0
0
0
0
0
0
0
0
0
0
0
-0
-0
-0
-0
-0
-0
-0
-0
-0
-0
-0
-0
-0
-0
-0
-0
-0
-0
-0
-0
-0
-0
-0
-0
-0
-0
-0
-0
-0
-0
-0
-0
-0
-0
-0
-0
-0
-0
-0
-0
-0
-0
-0
-0
-0
-0
-0
-0
-0
-0
0
0
0
0
0
0
0
0
0
0
0
0
0
0
0
0
0
0
0
0
0
0
0
0
0
0
0
0
0
0
0
0
0
0
0
0
0
0
0
0
0
0
0
0
0
0
0
0
0
0
-0
-0
-0
-0
-0
-0
-0
-0
-0
-0
-0
-0
-0
-0
-0
-0
-0
-0
-0
-0
-0
-0
-0
-0
-0
-0
-0
-0
-0
-0
-0
-0
-0
-0
-0
-0
-0
-0
-0
-0
-0
-0
-0
-0
-0
-0
-0
-0
-0
0
0
0
0
0
0
0
0
0
0
0
0
0
0
0
0
0
0
0
0
0
0
0
0
0
0
0
0
0
0
0
0
0
0
0
0
0
0
0
0
0
0
0
0
0
0
0
0
0
0
0
-0
-0
-0
-0
-0
-0
-0
-0
-0
-0
-0
-0
-0
-0
-0
-0
-0
-0
-0
-0
-0
-0
-0
-0
-0
-0
-0
-0
-0
-0
-0
-0
-0
-0
-0
-0
-0
-0
-0
-0
-0
-0
-0
-0
-0
-0
-0
-0
-0
0
0
0
0
0
0
0
0
0
0
0
0
0
0
0
0
0
0
0
0
0
0
0
0
0
0
0
0
0
0
0
0
0
0
0
0
0
0
0
0
0
0
0
0
0
0
0
0
0
0
-0
-0
-0
-0
-0
-0
-0
-0
-0
-0
-0
-0
-0
-0
-0
-0
-0
-0
-0
-0
-0
-0
-0
-0
-0
-0
-0
-0
-0
-0
-0
-0
-0
-0
-0
-0
-0
-0
-0
-0
-0
-0
-0
-0
-0
-0
-0
-0
-0
-0
0
0
0
0
0
0
0
0
0
0
0
0
0
0
0
0
0
0
0
0
0
0
0
0
0
0
0
0
0
0
0
0
0
0
0
0
0
0
0
0
0
0
0
0
0
0
0
0
0
0
0
-0
-0
-0
-0
-0
-0
-0
-0
-0
-0
-0
-0
-0
-0
-0
-0
-0
-0
-0
-0
-0
-0
-0
-0
-0
-0
-0
-0
-0
-0
-0
-0
-0
-0
-0
-0
-0
-0
-0
-0
-0
-0
-0
-0
-0
-0
-0
-0
-0
0
0
0
0
0
0
0
0
0
0
0
0
0
0
0
0
0
0
0
0
0
0
0
0
0
0
0
0
0
0
0
0
0
0
0
0
0
0
0
0
0
0
0
0
0
0
0
0
0
0
-0
-0
-0
-0
-0
-0
-0
-0
-0
-0
-0
-0
-0
-0
-0
-0
-0
-0
-0
-0
-0
-0
-0
-0
-0
-0
-0
-0
-0
-0
-0
-0
-0
-0
-0
-0
-0
-0
-0
-0
-0
-0
-0
-0
-0
-0
-0
-0
-0
-0
0
0
0
0
0
0
0
0
0
0
0
0
0
0
0
0
0
0
0
0
0
0
0
0
0
0
0
0
0
0
0
0
0
0
0
0
0
0
0
0
0
0
0
0
0
0
0
0
0
0
-0
-0
-0
-0
-0
-0
-0
-0
-0
-0
-0
-0
-0
-0
-0
-0
-0
-0
-0
-0
-0
-0
-0
-0
-0
-0
-0
-0
-0
-0
-0
-0
-0
-0
-0
-0
-0
-0
-0
-0
-0
-0
-0
-0
-0
-0
-0
-0
-0
-0
0
0
0
0
0
0
0
0
0
0
0
0
0
0
0
0
0
0
0
0
0
0
0
0
0
0
0
0
0
0
0
0
0
0
0
0
0
0
0
0
0
0
0
0
0
0
0
0
0
0
0
-0
-0
-0
-0
-0
-0
-0
-0
-0
-0
-0
-0
-0
-0
-0
-0
-0
-0
-0
-0
-0
-0
-0
-0
-0
-0
-0
-0
-0
-0
-0
-0
-0
-0
-0
-0
-0
-0
-0
-0
-0
-0
-0
-0
-0
-0
-0
-0
-0
-0
0
0
0
0
0
0
0
0
0
0
0
0
0
0
0
0
0
0
0
0
0
0
0
0
0
0
0
0
0
0
0
0
0
0
0
0
0
0
0
0
0
0
0
0
0
0
0
0
0
0
-0
-0
-0
-0
-0
-0
-0
-0
-0
-0
-0
-0
-0
-0
-0
-0
-0
-0
-0
-0
-0
-0
-0
-0
-0
-0
-0
-0
-0
-0
-0
-0
-0
-0
-0
-0
-0
-0
-0
-0
-0
-0
-0
-0
-0
-0
-0
-0
-0
-0
0
0
0
0
0
0
0
0
0
0
0
0
0
0
0
0
0
0
0
0
0
0
0
0
0
0
0
0
0
0
0
0
0
0
0
0
0
0
0
0
0
0
0
0
0
0
0
0
0
0
-0
-0
-0
-0
-0
-0
-0
-0
-0
-0
-0
-0
-0
-0
-0
-0
-0
-0
-0
-0
-0
-0
-0
-0
-0
-0
-0
-0
-0
-0
-0
-0
-0
-0
-0
-0
-0
-0
-0
-0
-0
-0
-0
-0
-0
-0
-0
-0
-0
-0
0
0
0
0
0
0
0
0
0
0
0
0
0
0
0
0
0
0
0
0
0
0
0
0
0
0
0
0
0
0
0
0
0
0
0
0
0
0
0
0
0
0
0
0
0
0
0
0
0
0
-0
-0
-0
-0
-0
-0
-0
-0
-0
-0
-0
-0
-0
-0
-0
-0
-0
-0
-0
-0
-0
-0
-0
-0
-0
-0
-0
-0
-0
-0
-0
-0
-0
-0
-0
-0
-0
-0
-0
-0
-0
-0
-0
-0
-0
-0
-0
-0
-0
-0
0
0
0
0
0
0
0
0
0
0
0
0
0
0
0
0
0
0
0
0
0
0
0
0
0
0
0
0
0
0
0
0
0
0
0
0
0
0
0
0
0
0
0
0
0
0
0
0
0
-0
-0
-0
-0
-0
-0
-0
-0
-0
-0
-0
-0
-0
-0
-0
-0
-0
-0
-0
-0
-0
-0
-0
-0
-0
-0
-0
-0
-0
-0
-0
-0
-0
-0
-0
-0
-0
-0
-0
-0
-0
-0
-0
-0
-0
-0
-0
-0
-0
-0
-0
0
0
0
0
0
0
0
0
0
0
0
0
0
0
0
0
0
0
0
0
0
0
0
0
0
0
0
0
0
0
0
0
0
0
0
0
0
0
0
0
0
0
0
0
0
0
0
0
0
0
-1.3421e-08
-5.358e-08
-1.2016e-07
-2.1263e-07
-3.3026e-07
-4.7212e-07
-6.3707e-07
-8.238e-07
-1.0308e-06
-1.2564e-06
-1.4987e-06
-1.7559e-06
-2.0256e-06
-2.3058e-06
-2.5939e-06
-2.8876e-06
-3.1843e-06
-3.4813e-06
-3.7761e-06
-4.0658e-06
-4.3477e-06
-4.6192e-06
-4.8775e-06
-5.1199e-06
-5.3438e-06
-5.5465e-06
-5.7257e-06
-5.879e-06
-6.004e-06
-6.0986e-06
-6.1609e-06
-6.189e-06
-6.1812e-06
-6.1362e-06
-6.0525e-06
-5.9291e-06
-5.7652e-06
-5.5602e-06
-5.3137e-06
-5.0256e-06
-4.6959e-06
-4.3249e-06
-3.9134e-06
-3.4622e-06
-2.9724e-06
-2.4452e-06
-1.8825e-06
-1.2859e-06
-6.5765e-07
-1.6757e-19
6.845e-07
1.3931e-06
2.1228e-06
2.8705e-06
3.6329e-06
4.4065e-06
5.1876e-06
5.9725e-06
6.7574e-06
7.5383e-06
8.3112e-06
9.072e-06
9.8165e-06
1.0541e-05
1.124e-05
1.1911e-05
1.255e-05
1.3152e-05
1.3713e-05
1.423e-05
1.4699e-05
1.5117e-05
1.5481e-05
1.5786e-05
1.6031e-05
1.6213e-05
1.6329e-05
1.6377e-05
1.6356e-05
1.6263e-05
1.6098e-05
1.5859e-05
1.5547e-05
1.516e-05
1.4699e-05
1.4164e-05
1.3556e-05
1.2876e-05
1.2126e-05
1.1308e-05
1.0423e-05
9.4737e-06
8.464e-06
7.3965e-06
6.275e-06
5.1031e-06
3.8851e-06
2.6254e-06
1.3287e-06
-4.1936e-20
-1.3556e-06
-2.7326e-06
-4.1254e-06
-5.5284e-06
-6.9355e-06
-8.3408e-06
-9.7381e-06
-1.1121e-05
-1.2484e-05
-1.382e-05
-1.5124e-05
-1.6388e-05
-1.7607e-05
-1.8775e-05
-1.9887e-05
-2.0935e-05
-2.1915e-05
-2.2822e-05
-2.365e-05
-2.4395e-05
-2.5051e-05
-2.5616e-05
-2.6084e-05
-2.6453e-05
-2.6719e-05
-2.6879e-05
-2.6932e-05
-2.6875e-05
-2.6707e-05
-2.6427e-05
-2.6035e-05
-2.553e-05
-2.4912e-05
-2.4184e-05
-2.3345e-05
-2.2399e-05
-2.1347e-05
-2.0192e-05
-1.8939e-05
-1.7589e-05
-1.6149e-05
-1.4622e-05
-1.3014e-05
-1.1331e-05
-9.5776e-06
-7.761e-06
-5.8878e-06
-3.9649e-06
-1.9998e-06
-2.8275e-19
2.0266e-06
4.0721e-06
6.1281e-06
8.1862e-06
1.0238e-05
1.2275e-05
1.4289e-05
1.627e-05
1.8211e-05
2.0102e-05
2.1936e-05
2.3704e-05
2.5398e-05
2.701e-05
2.8533e-05
2.9959e-05
3.1281e-05
3.2492e-05
3.3587e-05
3.4559e-05
3.5403e-05
3.6114e-05
3.6687e-05
3.7119e-05
3.7406e-05
3.7546e-05
3.7535e-05
3.7374e-05
3.7059e-05
3.6592e-05
3.5972e-05
3.52e-05
3.4278e-05
3.3207e-05
3.1992e-05
3.0634e-05
2.9138e-05
2.7509e-05
2.5751e-05
2.3871e-05
2.1876e-05
1.9771e-05
1.7565e-05
1.5265e-05
1.288e-05
1.0419e-05
7.8904e-06
5.3044e-06
2.6709e-06
-3.7716e-19
-2.6977e-06
-5.4116e-06
-8.1307e-06
-1.0844e-05
-1.3541e-05
-1.6209e-05
-1.8839e-05
-2.1419e-05
-2.3937e-05
-2.6384e-05
-2.8749e-05
-3.102e-05
-3.3189e-05
-3.5245e-05
-3.7179e-05
-3.8983e-05
-4.0646e-05
-4.2163e-05
-4.3524e-05
-4.4723e-05
-4.5755e-05
-4.6612e-05
-4.729e-05
-4.7786e-05
-4.8094e-05
-4.8212e-05
-4.8139e-05
-4.7872e-05
-4.7411e-05
-4.6756e-05
-4.5909e-05
-4.487e-05
-4.3643e-05
-4.2231e-05
-4.0638e-05
-3.8869e-05
-3.6929e-05
-3.4825e-05
-3.2564e-05
-3.0153e-05
-2.7602e-05
-2.492e-05
-2.2116e-05
-1.92e-05
-1.6183e-05
-1.3077e-05
-9.893e-06
-6.6439e-06
-3.3419e-06
-1.0464e-19
3.3688e-06
6.7511e-06
1.0133e-05
1.3502e-05
1.6843e-05
2.0144e-05
2.339e-05
2.6568e-05
2.9664e-05
3.2666e-05
3.5561e-05
3.8336e-05
4.098e-05
4.348e-05
4.5826e-05
4.8006e-05
5.0012e-05
5.1833e-05
5.3461e-05
5.4888e-05
5.6106e-05
5.711e-05
5.7894e-05
5.8452e-05
5.8781e-05
5.8879e-05
5.8742e-05
5.837e-05
5.7763e-05
5.6921e-05
5.5846e-05
5.4541e-05
5.3009e-05
5.1255e-05
4.9284e-05
4.7103e-05
4.4719e-05
4.2141e-05
3.9376e-05
3.6435e-05
3.3329e-05
3.0069e-05
2.6666e-05
2.3134e-05
1.9485e-05
1.5735e-05
1.1896e-05
7.9834e-06
4.013e-06
-1.0057e-18
-4.0399e-06
-8.0906e-06
-1.2136e-05
-1.616e-05
-2.0146e-05
-2.4078e-05
-2.794e-05
-3.1716e-05
-3.5391e-05
-3.8948e-05
-4.2374e-05
-4.5652e-05
-4.8771e-05
-5.1715e-05
-5.4472e-05
-5.703e-05
-5.9377e-05
-6.1503e-05
-6.3398e-05
-6.5052e-05
-6.6458e-05
-6.7608e-05
-6.8497e-05
-6.9118e-05
-6.9469e-05
-6.9545e-05
-6.9345e-05
-6.8868e-05
-6.8114e-05
-6.7085e-05
-6.5783e-05
-6.4211e-05
-6.2374e-05
-6.0279e-05
-5.7931e-05
-5.5338e-05
-5.251e-05
-4.9457e-05
-4.6189e-05
-4.2717e-05
-3.9056e-05
-3.5217e-05
-3.1217e-05
-2.7068e-05
-2.2788e-05
-1.8392e-05
-1.3898e-05
-9.3229e-06
-4.6841e-06
3.6675e-19
4.7109e-06
9.4301e-06
1.4139e-05
1.8818e-05
2.3449e-05
2.8012e-05
3.2491e-05
3.6865e-05
4.1117e-05
4.523e-05
4.9186e-05
5.2969e-05
5.6562e-05
5.995e-05
6.3118e-05
6.6054e-05
6.8743e-05
7.1174e-05
7.3335e-05
7.5217e-05
7.681e-05
7.8107e-05
7.91e-05
7.9785e-05
8.0156e-05
8.0211e-05
7.9948e-05
7.9366e-05
7.8466e-05
7.725e-05
7.572e-05
7.3881e-05
7.174e-05
6.9302e-05
6.6577e-05
6.3573e-05
6.0301e-05
5.6773e-05
5.3001e-05
4.8999e-05
4.4782e-05
4.0366e-05
3.5767e-05
3.1003e-05
2.6091e-05
2.105e-05
1.5901e-05
1.0662e-05
5.3552e-06
5.026e-19
-5.382e-06
-1.077e-05
-1.6141e-05
-2.1476e-05
-2.6751e-05
-3.1947e-05
-3.7041e-05
-4.2014e-05
-4.6844e-05
-5.1512e-05
-5.5998e-05
-6.0285e-05
-6.4352e-05
-6.8185e-05
-7.1765e-05
-7.5078e-05
-7.8109e-05
-8.0844e-05
-8.3272e-05
-8.5381e-05
-8.7162e-05
-8.8605e-05
-8.9703e-05
-9.0451e-05
-9.0844e-05
-9.0878e-05
-9.0552e-05
-8.9865e-05
-8.8818e-05
-8.7414e-05
-8.5657e-05
-8.3552e-05
-8.1105e-05
-7.8326e-05
-7.5223e-05
-7.1808e-05
-6.8092e-05
-6.4089e-05
-5.9813e-05
-5.5281e-05
-5.0509e-05
-4.5515e-05
-4.0318e-05
-3.4937e-05
-2.9393e-05
-2.3708e-05
-1.7904e-05
-1.2002e-05
-6.0262e-06
1.1314e-18
6.0531e-06
1.2109e-05
1.8144e-05
2.4133e-05
3.0054e-05
3.5881e-05
4.1592e-05
4.7162e-05
5.2571e-05
5.7794e-05
6.2811e-05
6.7601e-05
7.2143e-05
7.642e-05
8.0411e-05
8.4101e-05
8.7474e-05
9.0514e-05
9.3209e-05
9.5546e-05
9.7513e-05
9.9103e-05
0.00010031
0.00010112
0.00010153
0.00010154
0.00010115
0.00010036
9.917e-05
9.7578e-05
9.5594e-05
9.3222e-05
9.0471e-05
8.735e-05
8.387e-05
8.0043e-05
7.5883e-05
7.1405e-05
6.6626e-05
6.1563e-05
5.6236e-05
5.0664e-05
4.4868e-05
3.8871e-05
3.2696e-05
2.6366e-05
1.9906e-05
1.3341e-05
6.6973e-06
-1.0497e-19
-6.7242e-06
-1.3449e-05
-2.0147e-05
-2.6791e-05
-3.3356e-05
-3.9815e-05
-4.6142e-05
-5.2311e-05
-5.8297e-05
-6.4076e-05
-6.9623e-05
-7.4917e-05
-7.9934e-05
-8.4654e-05
-8.9058e-05
-9.3125e-05
-9.684e-05
-0.00010018
-0.00010315
-0.00010571
-0.00010787
-0.0001096
-0.00011091
-0.00011178
-0.00011222
-0.00011221
-0.00011176
-0.00011086
-0.00010952
-0.00010774
-0.00010553
-0.00010289
-9.9837e-05
-9.6374e-05
-9.2516e-05
-8.8278e-05
-8.3674e-05
-7.8721e-05
-7.3438e-05
-6.7845e-05
-6.1962e-05
-5.5812e-05
-4.9419e-05
-4.2806e-05
-3.5999e-05
-2.9024e-05
-2.1909e-05
-1.4681e-05
-7.3684e-06
2.1894e-18
7.3952e-06
1.4788e-05
2.2149e-05
2.9449e-05
3.6659e-05
4.375e-05
5.0693e-05
5.746e-05
6.4024e-05
7.0358e-05
7.6436e-05
8.2233e-05
8.7725e-05
9.2889e-05
9.7704e-05
0.00010215
0.00010621
0.00010986
0.00011308
0.00011587
0.00011822
0.0001201
0.00012151
0.00012245
0.00012291
0.00012288
0.00012236
0.00012136
0.00011987
0.00011791
0.00011547
0.00011256
0.0001092
0.0001054
0.00010116
9.6513e-05
9.1465e-05
8.6037e-05
8.0251e-05
7.4127e-05
6.7689e-05
6.0961e-05
5.3969e-05
4.674e-05
3.9301e-05
3.1682e-05
2.3911e-05
1.602e-05
8.0395e-06
-1.0058e-18
-8.0663e-06
-1.6128e-05
-2.4152e-05
-3.2107e-05
-3.9962e-05
-4.7684e-05
-5.5243e-05
-6.2609e-05
-6.9751e-05
-7.664e-05
-8.3248e-05
-8.9549e-05
-9.5516e-05
-0.00010112
-0.00010635
-0.00011117
-0.00011557
-0.00011953
-0.00012302
-0.00012604
-0.00012857
-0.0001306
-0.00013212
-0.00013312
-0.00013359
-0.00013354
-0.00013296
-0.00013186
-0.00013022
-0.00012807
-0.0001254
-0.00012223
-0.00011857
-0.00011442
-0.00010981
-0.00010475
-9.9255e-05
-9.3353e-05
-8.7063e-05
-8.0409e-05
-7.3416e-05
-6.611e-05
-5.852e-05
-5.0674e-05
-4.2604e-05
-3.434e-05
-2.5914e-05
-1.736e-05
-8.7105e-06
-4.0819e-19
8.7374e-06
1.7467e-05
2.6154e-05
3.4765e-05
4.3264e-05
5.1618e-05
5.9794e-05
6.7757e-05
7.5477e-05
8.2922e-05
9.0061e-05
9.6865e-05
0.00010331
0.00010936
0.000115
0.0001202
0.00012494
0.0001292
0.00013296
0.0001362
0.00013892
0.0001411
0.00014272
0.00014378
0.00014428
0.00014421
0.00014357
0.00014236
0.00014058
0.00013824
0.00013534
0.0001319
0.00012793
0.00012344
0.00011846
0.00011298
0.00010705
0.00010067
9.3876e-05
8.6691e-05
7.9142e-05
7.1259e-05
6.307e-05
5.4609e-05
4.5906e-05
3.6998e-05
2.7917e-05
1.8699e-05
9.3816e-06
-2.2e-18
-9.4085e-06
-1.8807e-05
-2.8157e-05
-3.7423e-05
-4.6567e-05
-5.5553e-05
-6.4344e-05
-7.2906e-05
-8.1204e-05
-8.9204e-05
-9.6873e-05
-0.00010418
-0.0001111
-0.00011759
-0.00012364
-0.00012922
-0.0001343
-0.00013887
-0.00014289
-0.00014637
-0.00014927
-0.00015159
-0.00015332
-0.00015445
-0.00015497
-0.00015488
-0.00015417
-0.00015285
-0.00015093
-0.0001484
-0.00014528
-0.00014157
-0.0001373
-0.00013247
-0.0001271
-0.00012122
-0.00011484
-0.00010799
-0.00010069
-9.2973e-05
-8.4869e-05
-7.6407e-05
-6.7621e-05
-5.8543e-05
-4.9209e-05
-3.9655e-05
-2.9919e-05
-2.0039e-05
-1.0053e-05
6.2884e-19
1.008e-05
2.0146e-05
3.016e-05
4.0081e-05
4.987e-05
5.9487e-05
6.8895e-05
7.8055e-05
8.6931e-05
9.5486e-05
0.00010369
0.0001115
0.00011889
0.00012583
0.00013229
0.00013824
0.00014367
0.00014854
0.00015283
0.00015653
0.00015962
0.00016209
0.00016393
0.00016512
0.00016566
0.00016554
0.00016477
0.00016335
0.00016128
0.00015856
0.00015522
0.00015124
0.00014666
0.00014149
0.00013575
0.00012945
0.00012263
0.0001153
0.0001075
9.9255e-05
9.0596e-05
8.1556e-05
7.2171e-05
6.2477e-05
5.2512e-05
4.2313e-05
3.1922e-05
2.1378e-05
1.0724e-05
-3.6874e-18
-1.0751e-05
-2.1486e-05
-3.2162e-05
-4.2739e-05
-5.3172e-05
-6.3421e-05
-7.3445e-05
-8.3204e-05
-9.2657e-05
-0.00010177
-0.0001105
-0.00011881
-0.00012668
-0.00013406
-0.00014094
-0.00014727
-0.00015303
-0.00015821
-0.00016277
-0.0001667
-0.00016998
-0.00017259
-0.00017453
-0.00017578
-0.00017634
-0.00017621
-0.00017538
-0.00017385
-0.00017163
-0.00016873
-0.00016515
-0.00016091
-0.00015603
-0.00015052
-0.00014439
-0.00013769
-0.00013042
-0.00012262
-0.00011431
-0.00010554
-9.6322e-05
-8.6705e-05
-7.6722e-05
-6.6412e-05
-5.5814e-05
-4.4971e-05
-3.3925e-05
-2.2718e-05
-1.1395e-05
1.9592e-18
1.1422e-05
2.2825e-05
3.4165e-05
4.5396e-05
5.6475e-05
6.7356e-05
7.7996e-05
8.8352e-05
9.8384e-05
0.00010805
0.00011731
0.00012613
0.00013447
0.0001423
0.00014958
0.00015629
0.0001624
0.00016788
0.0001727
0.00017686
0.00018033
0.00018309
0.00018513
0.00018645
0.00018703
0.00018688
0.00018598
0.00018435
0.00018198
0.00017889
0.00017509
0.00017058
0.0001654
0.00015954
0.00015304
0.00014592
0.00013821
0.00012993
0.00012113
0.00011182
0.00010205
9.1854e-05
8.1272e-05
7.0346e-05
5.9117e-05
4.7629e-05
3.5927e-05
2.4057e-05
1.2066e-05
-4.7631e-22
-1.2093e-05
-2.4165e-05
-3.6168e-05
-4.8054e-05
-5.9777e-05
-7.129e-05
-8.2546e-05
-9.3501e-05
-0.00010411
-0.00011433
-0.00012412
-0.00013345
-0.00014226
-0.00015053
-0.00015823
-0.00016532
-0.00017176
-0.00017755
-0.00018264
-0.00018703
-0.00019068
-0.00019359
-0.00019574
-0.00019712
-0.00019772
-0.00019754
-0.00019658
-0.00019485
-0.00019234
-0.00018906
-0.00018503
-0.00018026
-0.00017476
-0.00016856
-0.00016169
-0.00015416
-0.000146
-0.00013725
-0.00012794
-0.0001181
-0.00010778
-9.7002e-05
-8.5823e-05
-7.428e-05
-6.242e-05
-5.0287e-05
-3.793e-05
-2.5397e-05
-1.2737e-05
3.5827e-18
1.2764e-05
2.5504e-05
3.817e-05
5.0712e-05
6.308e-05
7.5224e-05
8.7097e-05
9.865e-05
0.00010984
0.00012061
0.00013094
0.00014076
0.00015005
0.00015877
0.00016687
0.00017434
0.00018113
0.00018722
0.00019258
0.00019719
0.00020103
0.00020408
0.00020634
0.00020778
0.00020841
0.00020821
0.00020719
0.00020534
0.00020269
0.00019922
0.00019496
0.00018993
0.00018413
0.00017759
0.00017033
0.00016239
0.00015379
0.00014457
0.00013475
0.00012438
0.0001135
0.00010215
9.0373e-05
7.8215e-05
6.5722e-05
5.2945e-05
3.9933e-05
2.6736e-05
1.3408e-05
4.6082e-18
-1.3421e-05
-2.679e-05
-4.0053e-05
-5.3157e-05
-6.6052e-05
-7.8687e-05
-9.101e-05
-0.00010297
-0.00011453
-0.00012564
-0.00013625
-0.00014632
-0.00015582
-0.0001647
-0.00017293
-0.00018048
-0.00018731
-0.00019341
-0.00019874
-0.00020329
-0.00020703
-0.00020996
-0.00021206
-0.00021333
-0.00021375
-0.00021333
-0.00021206
-0.00020996
-0.00020703
-0.00020329
-0.00019874
-0.00019341
-0.00018731
-0.00018048
-0.00017293
-0.0001647
-0.00015582
-0.00014632
-0.00013625
-0.00012564
-0.00011453
-0.00010297
-9.101e-05
-7.8687e-05
-6.6052e-05
-5.3157e-05
-4.0053e-05
-2.679e-05
-1.3421e-05
-8.3739e-19
1.3421e-05
2.679e-05
4.0053e-05
5.3157e-05
6.6052e-05
7.8687e-05
9.101e-05
0.00010297
0.00011453
0.00012564
0.00013625
0.00014632
0.00015582
0.0001647
0.00017293
0.00018048
0.00018731
0.00019341
0.00019874
0.00020329
0.00020703
0.00020996
0.00021206
0.00021333
0.00021375
0.00021333
0.00021206
0.00020996
0.00020703
0.00020329
0.00019874
0.00019341
0.00018731
0.00018048
0.00017293
0.0001647
0.00015582
0.00014632
0.00013625
0.00012564
0.00011453
0.00010297
9.101e-05
7.8687e-05
6.6052e-05
5.3157e-05
4.0053e-05
2.679e-05
1.3421e-05
3.1417e-18
-1.3421e-05
-2.679e-05
-4.0053e-05
-5.3157e-05
-6.6052e-05
-7.8687e-05
-9.101e-05
-0.00010297
-0.00011453
-0.00012564
-0.00013625
-0.00014632
-0.00015582
-0.0001647
-0.00017293
-0.00018048
-0.00018731
-0.00019341
-0.00019874
-0.00020329
-0.00020703
-0.00020996
-0.00021206
-0.00021333
-0.00021375
-0.00021333
-0.00021206
-0.00020996
-0.00020703
-0.00020329
-0.00019874
-0.00019341
-0.00018731
-0.00018048
-0.00017293
-0.0001647
-0.00015582
-0.00014632
-0.00013625
-0.00012564
-0.00011453
-0.00010297
-9.101e-05
-7.8687e-05
-6.6052e-05
-5.3157e-05
-4.0053e-05
-2.679e-05
-1.3421e-05
-5.4461e-18
1.3421e-05
2.679e-05
4.0053e-05
5.3157e-05
6.6052e-05
7.8687e-05
9.101e-05
0.00010297
0.00011453
0.00012564
0.00013625
0.00014632
0.00015582
0.0001647
0.00017293
0.00018048
0.00018731
0.00019341
0.00019874
0.00020329
0.00020703
0.00020996
0.00021206
0.00021333
0.00021375
0.00021333
0.00021206
0.00020996
0.00020703
0.00020329
0.00019874
0.00019341
0.00018731
0.00018048
0.00017293
0.0001647
0.00015582
0.00014632
0.00013625
0.00012564
0.00011453
0.00010297
9.101e-05
7.8687e-05
6.6052e-05
5.3157e-05
4.0053e-05
2.679e-05
1.3421e-05
1.6753e-18
-1.3421e-05
-2.679e-05
-4.0053e-05
-5.3157e-05
-6.6052e-05
-7.8687e-05
-9.101e-05
-0.00010297
-0.00011453
-0.00012564
-0.00013625
-0.00014632
-0.00015582
-0.0001647
-0.00017293
-0.00018048
-0.00018731
-0.00019341
-0.00019874
-0.00020329
-0.00020703
-0.00020996
-0.00021206
-0.00021333
-0.00021375
-0.00021333
-0.00021206
-0.00020996
-0.00020703
-0.00020329
-0.00019874
-0.00019341
-0.00018731
-0.00018048
-0.00017293
-0.0001647
-0.00015582
-0.00014632
-0.00013625
-0.00012564
-0.00011453
-0.00010297
-9.101e-05
-7.8687e-05
-6.6052e-05
-5.3157e-05
-4.0053e-05
-2.679e-05
-1.3421e-05
-3.9797e-18
1.3421e-05
2.679e-05
4.0053e-05
5.3157e-05
6.6052e-05
7.8687e-05
9.101e-05
0.00010297
0.00011453
0.00012564
0.00013625
0.00014632
0.00015582
0.0001647
0.00017293
0.00018048
0.00018731
0.00019341
0.00019874
0.00020329
0.00020703
0.00020996
0.00021206
0.00021333
0.00021375
0.00021333
0.00021206
0.00020996
0.00020703
0.00020329
0.00019874
0.00019341
0.00018731
0.00018048
0.00017293
0.0001647
0.00015582
0.00014632
0.00013625
0.00012564
0.00011453
0.00010297
9.101e-05
7.8687e-05
6.6052e-05
5.3157e-05
4.0053e-05
2.679e-05
1.3421e-05
2.0889e-19
-1.3421e-05
-2.679e-05
-4.0053e-05
-5.3157e-05
-6.6052e-05
-7.8687e-05
-9.101e-05
-0.00010297
-0.00011453
-0.00012564
-0.00013625
-0.00014632
-0.00015582
-0.0001647
-0.00017293
-0.00018048
-0.00018731
-0.00019341
-0.00019874
-0.00020329
-0.00020703
-0.00020996
-0.00021206
-0.00021333
-0.00021375
-0.00021333
-0.00021206
-0.00020996
-0.00020703
-0.00020329
-0.00019874
-0.00019341
-0.00018731
-0.00018048
-0.00017293
-0.0001647
-0.00015582
-0.00014632
-0.00013625
-0.00012564
-0.00011453
-0.00010297
-9.101e-05
-7.8687e-05
-6.6052e-05
-5.3157e-05
-4.0053e-05
-2.679e-05
-1.3421e-05
-2.5132e-18
1.3421e-05
2.679e-05
4.0053e-05
5.3157e-05
6.6052e-05
7.8687e-05
9.101e-05
0.00010297
0.00011453
0.00012564
0.00013625
0.00014632
0.00015582
0.0001647
0.00017293
0.00018048
0.00018731
0.00019341
0.00019874
0.00020329
0.00020703
0.00020996
0.00021206
0.00021333
0.00021375
0.00021333
0.00021206
0.00020996
0.00020703
0.00020329
0.00019874
0.00019341
0.00018731
0.00018048
0.00017293
0.0001647
0.00015582
0.00014632
0.00013625
0.00012564
0.00011453
0.00010297
9.101e-05
7.8687e-05
6.6052e-05
5.3157e-05
4.0053e-05
2.679e-05
1.3421e-05
4.8176e-18
-1.3421e-05
-2.679e-05
-4.0053e-05
-5.3157e-05
-6.6052e-05
-7.8687e-05
-9.101e-05
-0.00010297
-0.00011453
-0.00012564
-0.00013625
-0.00014632
-0.00015582
-0.0001647
-0.00017293
-0.00018048
-0.00018731
-0.00019341
-0.00019874
-0.00020329
-0.00020703
-0.00020996
-0.00021206
-0.00021333
-0.00021375
-0.00021333
-0.00021206
-0.00020996
-0.00020703
-0.00020329
-0.00019874
-0.00019341
-0.00018731
-0.00018048
-0.00017293
-0.0001647
-0.00015582
-0.00014632
-0.00013625
-0.00012564
-0.00011453
-0.00010297
-9.101e-05
-7.8687e-05
-6.6052e-05
-5.3157e-05
-4.0053e-05
-2.679e-05
-1.3421e-05
-1.0468e-18
1.3421e-05
2.679e-05
4.0053e-05
5.3157e-05
6.6052e-05
7.8687e-05
9.101e-05
0.00010297
0.00011453
0.00012564
0.00013625
0.00014632
0.00015582
0.0001647
0.00017293
0.00018048
0.00018731
0.00019341
0.00019874
0.00020329
0.00020703
0.00020996
0.00021206
0.00021333
0.00021375
0.00021333
0.00021206
0.00020996
0.00020703
0.00020329
0.00019874
0.00019341
0.00018731
0.00018048
0.00017293
0.0001647
0.00015582
0.00014632
0.00013625
0.00012564
0.00011453
0.00010297
9.101e-05
7.8687e-05
6.6052e-05
5.3157e-05
4.0053e-05
2.679e-05
1.3421e-05
3.3512e-18
-1.3421e-05
-2.679e-05
-4.0053e-05
-5.3157e-05
-6.6052e-05
-7.8687e-05
-9.101e-05
-0.00010297
-0.00011453
-0.00012564
-0.00013625
-0.00014632
-0.00015582
-0.0001647
-0.00017293
-0.00018048
-0.00018731
-0.00019341
-0.00019874
-0.00020329
-0.00020703
-0.00020996
-0.00021206
-0.00021333
-0.00021375
-0.00021333
-0.00021206
-0.00020996
-0.00020703
-0.00020329
-0.00019874
-0.00019341
-0.00018731
-0.00018048
-0.00017293
-0.0001647
-0.00015582
-0.00014632
-0.00013625
-0.00012564
-0.00011453
-0.00010297
-9.101e-05
-7.8687e-05
-6.6052e-05
-5.3157e-05
-4.0053e-05
-2.679e-05
-1.3421e-05
4.1962e-19
1.3421e-05
2.679e-05
4.0053e-05
5.3157e-05
6.6052e-05
7.8687e-05
9.101e-05
0.00010297
0.00011453
0.00012564
0.00013625
0.00014632
0.00015582
0.0001647
0.00017293
0.00018048
0.00018731
0.00019341
0.00019874
0.00020329
0.00020703
0.00020996
0.00021206
0.00021333
0.00021375
0.00021333
0.00021206
0.00020996
0.00020703
0.00020329
0.00019874
0.00019341
0.00018731
0.00018048
0.00017293
0.0001647
0.00015582
0.00014632
0.00013625
0.00012564
0.00011453
0.00010297
9.101e-05
7.8687e-05
6.6052e-05
5.3157e-05
4.0053e-05
2.679e-05
1.3421e-05
1.8847e-18
-1.3421e-05
-2.679e-05
-4.0053e-05
-5.3157e-05
-6.6052e-05
-7.8687e-05
-9.101e-05
-0.00010297
-0.00011453
-0.00012564
-0.00013625
-0.00014632
-0.00015582
-0.0001647
-0.00017293
-0.00018048
-0.00018731
-0.00019341
-0.00019874
-0.00020329
-0.00020703
-0.00020996
-0.00021206
-0.00021333
-0.00021375
-0.00021333
-0.00021206
-0.00020996
-0.00020703
-0.00020329
-0.00019874
-0.00019341
-0.00018731
-0.00018048
-0.00017293
-0.0001647
-0.00015582
-0.00014632
-0.00013625
-0.00012564
-0.00011453
-0.00010297
-9.101e-05
-7.8687e-05
-6.6052e-05
-5.3157e-05
-4.0053e-05
-2.679e-05
-1.3421e-05
-4.1891e-18
1.3421e-05
2.679e-05
4.0053e-05
5.3157e-05
6.6052e-05
7.8687e-05
9.101e-05
0.00010297
0.00011453
0.00012564
0.00013625
0.00014632
0.00015582
0.0001647
0.00017293
0.00018048
0.00018731
0.00019341
0.00019874
0.00020329
0.00020703
0.00020996
0.00021206
0.00021333
0.00021375
0.00021333
0.00021206
0.00020996
0.00020703
0.00020329
0.00019874
0.00019341
0.00018731
0.00018048
0.00017293
0.0001647
0.00015582
0.00014632
0.00013625
0.00012564
0.00011453
0.00010297
9.101e-05
7.8687e-05
6.6052e-05
5.3157e-05
4.0053e-05
2.679e-05
1.3421e-05
4.183e-19
-1.3421e-05
-2.679e-05
-4.0053e-05
-5.3157e-05
-6.6052e-05
-7.8687e-05
-9.101e-05
-0.00010297
-0.00011453
-0.00012564
-0.00013625
-0.00014632
-0.00015582
-0.0001647
-0.00017293
-0.00018048
-0.00018731
-0.00019341
-0.00019874
-0.00020329
-0.00020703
-0.00020996
-0.00021206
-0.00021333
-0.00021375
-0.00021333
-0.00021206
-0.00020996
-0.00020703
-0.00020329
-0.00019874
-0.00019341
-0.00018731
-0.00018048
-0.00017293
-0.0001647
-0.00015582
-0.00014632
-0.00013625
-0.00012564
-0.00011453
-0.00010297
-9.101e-05
-7.8687e-05
-6.6052e-05
-5.3157e-05
-4.0053e-05
-2.679e-05
-1.3421e-05
-2.7227e-18
1.3421e-05
2.679e-05
4.0053e-05
5.3157e-05
6.6052e-05
7.8687e-05
9.101e-05
0.00010297
0.00011453
0.00012564
0.00013625
0.00014632
0.00015582
0.0001647
0.00017293
0.00018048
0.00018731
0.00019341
0.00019874
0.00020329
0.00020703
0.00020996
0.00021206
0.00021333
0.00021375
0.00021333
0.00021206
0.00020996
0.00020703
0.00020329
0.00019874
0.00019341
0.00018731
0.00018048
0.00017293
0.0001647
0.00015582
0.00014632
0.00013625
0.00012564
0.00011453
0.00010297
9.101e-05
7.8687e-05
6.6052e-05
5.3157e-05
4.0053e-05
2.679e-05
1.3421e-05
-1.0481e-18
-1.3421e-05
-2.679e-05
-4.0053e-05
-5.3157e-05
-6.6052e-05
-7.8687e-05
-9.101e-05
-0.00010297
-0.00011453
-0.00012564
-0.00013625
-0.00014632
-0.00015582
-0.0001647
-0.00017293
-0.00018048
-0.00018731
-0.00019341
-0.00019874
-0.00020329
-0.00020703
-0.00020996
-0.00021206
-0.00021333
-0.00021375
-0.00021333
-0.00021206
-0.00020996
-0.00020703
-0.00020329
-0.00019874
-0.00019341
-0.00018731
-0.00018048
-0.00017293
-0.0001647
-0.00015582
-0.00014632
-0.00013625
-0.00012564
-0.00011453
-0.00010297
-9.101e-05
-7.8687e-05
-6.6052e-05
-5.3157e-05
-4.0053e-05
-2.679e-05
-1.3421e-05
-1.2562e-18
1.3421e-05
2.679e-05
4.0053e-05
5.3157e-05
6.6052e-05
7.8687e-05
9.101e-05
0.00010297
0.00011453
0.00012564
0.00013625
0.00014632
0.00015582
0.0001647
0.00017293
0.00018048
0.00018731
0.00019341
0.00019874
0.00020329
0.00020703
0.00020996
0.00021206
0.00021333
0.00021375
0.00021333
0.00021206
0.00020996
0.00020703
0.00020329
0.00019874
0.00019341
0.00018731
0.00018048
0.00017293
0.0001647
0.00015582
0.00014632
0.00013625
0.00012564
0.00011453
0.00010297
9.101e-05
7.8687e-05
6.6052e-05
5.3157e-05
4.0053e-05
2.679e-05
1.3421e-05
3.5606e-18
-1.3421e-05
-2.679e-05
-4.0053e-05
-5.3157e-05
-6.6052e-05
-7.8687e-05
-9.101e-05
-0.00010297
-0.00011453
-0.00012564
-0.00013625
-0.00014632
-0.00015582
-0.0001647
-0.00017293
-0.00018048
-0.00018731
-0.00019341
-0.00019874
-0.00020329
-0.00020703
-0.00020996
-0.00021206
-0.00021333
-0.00021375
-0.00021333
-0.00021206
-0.00020996
-0.00020703
-0.00020329
-0.00019874
-0.00019341
-0.00018731
-0.00018048
-0.00017293
-0.0001647
-0.00015582
-0.00014632
-0.00013625
-0.00012564
-0.00011453
-0.00010297
-9.101e-05
-7.8687e-05
-6.6052e-05
-5.3157e-05
-4.0053e-05
-2.679e-05
-1.3421e-05
2.1021e-19
1.3421e-05
2.679e-05
4.0053e-05
5.3157e-05
6.6052e-05
7.8687e-05
9.101e-05
0.00010297
0.00011453
0.00012564
0.00013625
0.00014632
0.00015582
0.0001647
0.00017293
0.00018048
0.00018731
0.00019341
0.00019874
0.00020329
0.00020703
0.00020996
0.00021206
0.00021333
0.00021375
0.00021333
0.00021206
0.00020996
0.00020703
0.00020329
0.00019874
0.00019341
0.00018731
0.00018048
0.00017293
0.0001647
0.00015582
0.00014632
0.00013625
0.00012564
0.00011453
0.00010297
9.101e-05
7.8687e-05
6.6052e-05
5.3157e-05
4.0053e-05
2.679e-05
1.3421e-05
2.0941e-18
-1.3421e-05
-2.679e-05
-4.0053e-05
-5.3157e-05
-6.6052e-05
-7.8687e-05
-9.101e-05
-0.00010297
-0.00011453
-0.00012564
-0.00013625
-0.00014632
-0.00015582
-0.0001647
-0.00017293
-0.00018048
-0.00018731
-0.00019341
-0.00019874
-0.00020329
-0.00020703
-0.00020996
-0.00021206
-0.00021333
-0.00021375
-0.00021333
-0.00021206
-0.00020996
-0.00020703
-0.00020329
-0.00019874
-0.00019341
-0.00018731
-0.00018048
-0.00017293
-0.0001647
-0.00015582
-0.00014632
-0.00013625
-0.00012564
-0.00011453
-0.00010297
-9.101e-05
-7.8687e-05
-6.6052e-05
-5.3157e-05
-4.0053e-05
-2.679e-05
-1.3421e-05
-4.3985e-18
1.3421e-05
2.679e-05
4.0053e-05
5.3157e-05
6.6052e-05
7.8687e-05
9.101e-05
0.00010297
0.00011453
0.00012564
0.00013625
0.00014632
0.00015582
0.0001647
0.00017293
0.00018048
0.00018731
0.00019341
0.00019874
0.00020329
0.00020703
0.00020996
0.00021206
0.00021333
0.00021375
0.00021333
0.00021206
0.00020996
0.00020703
0.00020329
0.00019874
0.00019341
0.00018731
0.00018048
0.00017293
0.0001647
0.00015582
0.00014632
0.00013625
0.00012564
0.00011453
0.00010297
9.101e-05
7.8687e-05
6.6052e-05
5.3157e-05
4.0053e-05
2.679e-05
1.3421e-05
6.7029e-18
-1.3421e-05
-2.679e-05
-4.0053e-05
-5.3157e-05
-6.6052e-05
-7.8687e-05
-9.101e-05
-0.00010297
-0.00011453
-0.00012564
-0.00013625
-0.00014632
-0.00015582
-0.0001647
-0.00017293
-0.00018048
-0.00018731
-0.00019341
-0.00019874
-0.00020329
-0.00020703
-0.00020996
-0.00021206
-0.00021333
-0.00021375
-0.00021333
-0.00021206
-0.00020996
-0.00020703
-0.00020329
-0.00019874
-0.00019341
-0.00018731
-0.00018048
-0.00017293
-0.0001647
-0.00015582
-0.00014632
-0.00013625
-0.00012564
-0.00011453
-0.00010297
-9.101e-05
-7.8687e-05
-6.6052e-05
-5.3157e-05
-4.0053e-05
-2.679e-05
-1.3421e-05
3.1431e-18
1.3421e-05
2.679e-05
4.0053e-05
5.3157e-05
6.6052e-05
7.8687e-05
9.101e-05
0.00010297
0.00011453
0.00012564
0.00013625
0.00014632
0.00015582
0.0001647
0.00017293
0.00018048
0.00018731
0.00019341
0.00019874
0.00020329
0.00020703
0.00020996
0.00021206
0.00021333
0.00021375
0.00021333
0.00021206
0.00020996
0.00020703
0.00020329
0.00019874
0.00019341
0.00018731
0.00018048
0.00017293
0.0001647
0.00015582
0.00014632
0.00013625
0.00012564
0.00011453
0.00010297
9.101e-05
7.8687e-05
6.6052e-05
5.3157e-05
4.0053e-05
2.679e-05
1.3421e-05
-8.3872e-19
-1.3421e-05
-2.679e-05
-4.0053e-05
-5.3157e-05
-6.6052e-05
-7.8687e-05
-9.101e-05
-0.00010297
-0.00011453
-0.00012564
-0.00013625
-0.00014632
-0.00015582
-0.0001647
-0.00017293
-0.00018048
-0.00018731
-0.00019341
-0.00019874
-0.00020329
-0.00020703
-0.00020996
-0.00021206
-0.00021333
-0.00021375
-0.00021333
-0.00021206
-0.00020996
-0.00020703
-0.00020329
-0.00019874
-0.00019341
-0.00018731
-0.00018048
-0.00017293
-0.0001647
-0.00015582
-0.00014632
-0.00013625
-0.00012564
-0.00011453
-0.00010297
-9.101e-05
-7.8687e-05
-6.6052e-05
-5.3157e-05
-4.0053e-05
-2.679e-05
-1.3421e-05
-1.4656e-18
1.3421e-05
2.679e-05
4.0053e-05
5.3157e-05
6.6052e-05
7.8687e-05
9.101e-05
0.00010297
0.00011453
0.00012564
0.00013625
0.00014632
0.00015582
0.0001647
0.00017293
0.00018048
0.00018731
0.00019341
0.00019874
0.00020329
0.00020703
0.00020996
0.00021206
0.00021333
0.00021375
0.00021333
0.00021206
0.00020996
0.00020703
0.00020329
0.00019874
0.00019341
0.00018731
0.00018048
0.00017293
0.0001647
0.00015582
0.00014632
0.00013625
0.00012564
0.00011453
0.00010297
9.101e-05
7.8687e-05
6.6052e-05
5.3157e-05
4.0053e-05
2.679e-05
1.3421e-05
3.77e-18
-1.3421e-05
-2.679e-05
-4.0053e-05
-5.3157e-05
-6.6052e-05
-7.8687e-05
-9.101e-05
-0.00010297
-0.00011453
-0.00012564
-0.00013625
-0.00014632
-0.00015582
-0.0001647
-0.00017293
-0.00018048
-0.00018731
-0.00019341
-0.00019874
-0.00020329
-0.00020703
-0.00020996
-0.00021206
-0.00021333
-0.00021375
-0.00021333
-0.00021206
-0.00020996
-0.00020703
-0.00020329
-0.00019874
-0.00019341
-0.00018731
-0.00018048
-0.00017293
-0.0001647
-0.00015582
-0.00014632
-0.00013625
-0.00012564
-0.00011453
-0.00010297
-9.101e-05
-7.8687e-05
-6.6052e-05
-5.3157e-05
-4.0053e-05
-2.679e-05
-1.3421e-05
6.0759e-18
1.3421e-05
2.679e-05
4.0053e-05
5.3157e-05
6.6052e-05
7.8687e-05
9.101e-05
0.00010297
0.00011453
0.00012564
0.00013625
0.00014632
0.00015582
0.0001647
0.00017293
0.00018048
0.00018731
0.00019341
0.00019874
0.00020329
0.00020703
0.00020996
0.00021206
0.00021333
0.00021375
0.00021333
0.00021206
0.00020996
0.00020703
0.00020329
0.00019874
0.00019341
0.00018731
0.00018048
0.00017293
0.0001647
0.00015582
0.00014632
0.00013625
0.00012564
0.00011453
0.00010297
9.101e-05
7.8687e-05
6.6052e-05
5.3157e-05
4.0053e-05
2.679e-05
1.3421e-05
-3.7716e-18
-1.3421e-05
-2.679e-05
-4.0053e-05
-5.3157e-05
-6.6052e-05
-7.8687e-05
-9.101e-05
-0.00010297
-0.00011453
-0.00012564
-0.00013625
-0.00014632
-0.00015582
-0.0001647
-0.00017293
-0.00018048
-0.00018731
-0.00019341
-0.00019874
-0.00020329
-0.00020703
-0.00020996
-0.00021206
-0.00021333
-0.00021375
-0.00021333
-0.00021206
-0.00020996
-0.00020703
-0.00020329
-0.00019874
-0.00019341
-0.00018731
-0.00018048
-0.00017293
-0.0001647
-0.00015582
-0.00014632
-0.00013625
-0.00012564
-0.00011453
-0.00010297
-9.101e-05
-7.8687e-05
-6.6052e-05
-5.3157e-05
-4.0053e-05
-2.679e-05
-1.3421e-05
1.4672e-18
1.3421e-05
2.679e-05
4.0053e-05
5.3157e-05
6.6052e-05
7.8687e-05
9.101e-05
0.00010297
0.00011453
0.00012564
0.00013625
0.00014632
0.00015582
0.0001647
0.00017293
0.00018048
0.00018731
0.00019341
0.00019874
0.00020329
0.00020703
0.00020996
0.00021206
0.00021333
0.00021375
0.00021333
0.00021206
0.00020996
0.00020703
0.00020329
0.00019874
0.00019341
0.00018731
0.00018048
0.00017293
0.0001647
0.00015582
0.00014632
0.00013625
0.00012564
0.00011453
0.00010297
9.101e-05
7.8687e-05
6.6052e-05
5.3157e-05
4.0053e-05
2.679e-05
1.3421e-05
8.3713e-19
-1.3421e-05
-2.679e-05
-4.0053e-05
-5.3157e-05
-6.6052e-05
-7.8687e-05
-9.101e-05
-0.00010297
-0.00011453
-0.00012564
-0.00013625
-0.00014632
-0.00015582
-0.0001647
-0.00017293
-0.00018048
-0.00018731
-0.00019341
-0.00019874
-0.00020329
-0.00020703
-0.00020996
-0.00021206
-0.00021333
-0.00021375
-0.00021333
-0.00021206
-0.00020996
-0.00020703
-0.00020329
-0.00019874
-0.00019341
-0.00018731
-0.00018048
-0.00017293
-0.0001647
-0.00015582
-0.00014632
-0.00013625
-0.00012564
-0.00011453
-0.00010297
-9.101e-05
-7.8687e-05
-6.6052e-05
-5.3157e-05
-4.0053e-05
-2.679e-05
-1.3421e-05
-3.1415e-18
1.3421e-05
2.679e-05
4.0053e-05
5.3157e-05
6.6052e-05
7.8687e-05
9.101e-05
0.00010297
0.00011453
0.00012564
0.00013625
0.00014632
0.00015582
0.0001647
0.00017293
0.00018048
0.00018731
0.00019341
0.00019874
0.00020329
0.00020703
0.00020996
0.00021206
0.00021333
0.00021375
0.00021333
0.00021206
0.00020996
0.00020703
0.00020329
0.00019874
0.00019341
0.00018731
0.00018048
0.00017293
0.0001647
0.00015582
0.00014632
0.00013625
0.00012564
0.00011453
0.00010297
9.101e-05
7.8687e-05
6.6052e-05
5.3157e-05
4.0053e-05
2.679e-05
1.3421e-05
-6.7044e-18
-1.3421e-05
-2.679e-05
-4.0053e-05
-5.3157e-05
-6.6052e-05
-7.8687e-05
-9.101e-05
-0.00010297
-0.00011453
-0.00012564
-0.00013625
-0.00014632
-0.00015582
-0.0001647
-0.00017293
-0.00018048
-0.00018731
-0.00019341
-0.00019874
-0.00020329
-0.00020703
-0.00020996
-0.00021206
-0.00021333
-0.00021375
-0.00021333
-0.00021206
-0.00020996
-0.00020703
-0.00020329
-0.00019874
-0.00019341
-0.00018731
-0.00018048
-0.00017293
-0.0001647
-0.00015582
-0.00014632
-0.00013625
-0.00012564
-0.00011453
-0.00010297
-9.101e-05
-7.8687e-05
-6.6052e-05
-5.3157e-05
-4.0053e-05
-2.679e-05
-1.3421e-05
4.4001e-18
1.3421e-05
2.679e-05
4.0053e-05
5.3157e-05
6.6052e-05
7.8687e-05
9.101e-05
0.00010297
0.00011453
0.00012564
0.00013625
0.00014632
0.00015582
0.0001647
0.00017293
0.00018048
0.00018731
0.00019341
0.00019874
0.00020329
0.00020703
0.00020996
0.00021206
0.00021333
0.00021375
0.00021333
0.00021206
0.00020996
0.00020703
0.00020329
0.00019874
0.00019341
0.00018731
0.00018048
0.00017293
0.0001647
0.00015582
0.00014632
0.00013625
0.00012564
0.00011453
0.00010297
9.101e-05
7.8687e-05
6.6052e-05
5.3157e-05
4.0053e-05
2.679e-05
1.3421e-05
-2.0957e-18
-1.3421e-05
-2.679e-05
-4.0053e-05
-5.3157e-05
-6.6052e-05
-7.8687e-05
-9.101e-05
-0.00010297
-0.00011453
-0.00012564
-0.00013625
-0.00014632
-0.00015582
-0.0001647
-0.00017293
-0.00018048
-0.00018731
-0.00019341
-0.00019874
-0.00020329
-0.00020703
-0.00020996
-0.00021206
-0.00021333
-0.00021375
-0.00021333
-0.00021206
-0.00020996
-0.00020703
-0.00020329
-0.00019874
-0.00019341
-0.00018731
-0.00018048
-0.00017293
-0.0001647
-0.00015582
-0.00014632
-0.00013625
-0.00012564
-0.00011453
-0.00010297
-9.101e-05
-7.8687e-05
-6.6052e-05
-5.3157e-05
-4.0053e-05
-2.679e-05
-1.3421e-05
-2.0862e-19
1.3421e-05
2.679e-05
4.0053e-05
5.3157e-05
6.6052e-05
7.8687e-05
9.101e-05
0.00010297
0.00011453
0.00012564
0.00013625
0.00014632
0.00015582
0.0001647
0.00017293
0.00018048
0.00018731
0.00019341
0.00019874
0.00020329
0.00020703
0.00020996
0.00021206
0.00021333
0.00021375
0.00021333
0.00021206
0.00020996
0.00020703
0.00020329
0.00019874
0.00019341
0.00018731
0.00018048
0.00017293
0.0001647
0.00015582
0.00014632
0.00013625
0.00012564
0.00011453
0.00010297
9.101e-05
7.8687e-05
6.6052e-05
5.3157e-05
4.0053e-05
2.679e-05
1.3421e-05
2.513e-18
-1.3421e-05
-2.679e-05
-4.0053e-05
-5.3157e-05
-6.6052e-05
-7.8687e-05
-9.101e-05
-0.00010297
-0.00011453
-0.00012564
-0.00013625
-0.00014632
-0.00015582
-0.0001647
-0.00017293
-0.00018048
-0.00018731
-0.00019341
-0.00019874
-0.00020329
-0.00020703
-0.00020996
-0.00021206
-0.00021333
-0.00021375
-0.00021333
-0.00021206
-0.00020996
-0.00020703
-0.00020329
-0.00019874
-0.00019341
-0.00018731
-0.00018048
-0.00017293
-0.0001647
-0.00015582
-0.00014632
-0.00013625
-0.00012564
-0.00011453
-0.00010297
-9.101e-05
-7.8687e-05
-6.6052e-05
-5.3157e-05
-4.0053e-05
-2.679e-05
-1.3421e-05
7.333e-18
1.3421e-05
2.679e-05
4.0053e-05
5.3157e-05
6.6052e-05
7.8687e-05
9.101e-05
0.00010297
0.00011453
0.00012564
0.00013625
0.00014632
0.00015582
0.0001647
0.00017293
0.00018048
0.00018731
0.00019341
0.00019874
0.00020329
0.00020703
0.00020996
0.00021206
0.00021333
0.00021375
0.00021333
0.00021206
0.00020996
0.00020703
0.00020329
0.00019874
0.00019341
0.00018731
0.00018048
0.00017293
0.0001647
0.00015582
0.00014632
0.00013625
0.00012564
0.00011453
0.00010297
9.101e-05
7.8687e-05
6.6052e-05
5.3157e-05
4.0053e-05
2.679e-05
1.3421e-05
-5.0286e-18
-1.3421e-05
-2.679e-05
-4.0053e-05
-5.3157e-05
-6.6052e-05
-7.8687e-05
-9.101e-05
-0.00010297
-0.00011453
-0.00012564
-0.00013625
-0.00014632
-0.00015582
-0.0001647
-0.00017293
-0.00018048
-0.00018731
-0.00019341
-0.00019874
-0.00020329
-0.00020703
-0.00020996
-0.00021206
-0.00021333
-0.00021375
-0.00021333
-0.00021206
-0.00020996
-0.00020703
-0.00020329
-0.00019874
-0.00019341
-0.00018731
-0.00018048
-0.00017293
-0.0001647
-0.00015582
-0.00014632
-0.00013625
-0.00012564
-0.00011453
-0.00010297
-9.101e-05
-7.8687e-05
-6.6052e-05
-5.3157e-05
-4.0053e-05
-2.679e-05
-1.3421e-05
2.7242e-18
1.3421e-05
2.679e-05
4.0053e-05
5.3157e-05
6.6052e-05
7.8687e-05
9.101e-05
0.00010297
0.00011453
0.00012564
0.00013625
0.00014632
0.00015582
0.0001647
0.00017293
0.00018048
0.00018731
0.00019341
0.00019874
0.00020329
0.00020703
0.00020996
0.00021206
0.00021333
0.00021375
0.00021333
0.00021206
0.00020996
0.00020703
0.00020329
0.00019874
0.00019341
0.00018731
0.00018048
0.00017293
0.0001647
0.00015582
0.00014632
0.00013625
0.00012564
0.00011453
0.00010297
9.101e-05
7.8687e-05
6.6052e-05
5.3157e-05
4.0053e-05
2.679e-05
1.3421e-05
-4.1989e-19
-1.3421e-05
-2.679e-05
-4.0053e-05
-5.3157e-05
-6.6052e-05
-7.8687e-05
-9.101e-05
-0.00010297
-0.00011453
-0.00012564
-0.00013625
-0.00014632
-0.00015582
-0.0001647
-0.00017293
-0.00018048
-0.00018731
-0.00019341
-0.00019874
-0.00020329
-0.00020703
-0.00020996
-0.00021206
-0.00021333
-0.00021375
-0.00021333
-0.00021206
-0.00020996
-0.00020703
-0.00020329
-0.00019874
-0.00019341
-0.00018731
-0.00018048
-0.00017293
-0.0001647
-0.00015582
-0.00014632
-0.00013625
-0.00012564
-0.00011453
-0.00010297
-9.101e-05
-7.8687e-05
-6.6052e-05
-5.3157e-05
-4.0053e-05
-2.679e-05
-1.3421e-05
-1.8845e-18
1.3421e-05
2.679e-05
4.0053e-05
5.3157e-05
6.6052e-05
7.8687e-05
9.101e-05
0.00010297
0.00011453
0.00012564
0.00013625
0.00014632
0.00015582
0.0001647
0.00017293
0.00018048
0.00018731
0.00019341
0.00019874
0.00020329
0.00020703
0.00020996
0.00021206
0.00021333
0.00021375
0.00021333
0.00021206
0.00020996
0.00020703
0.00020329
0.00019874
0.00019341
0.00018731
0.00018048
0.00017293
0.0001647
0.00015582
0.00014632
0.00013625
0.00012564
0.00011453
0.00010297
9.101e-05
7.8687e-05
6.6052e-05
5.3157e-05
4.0053e-05
2.679e-05
1.3421e-05
4.1888e-18
-1.3421e-05
-2.679e-05
-4.0053e-05
-5.3157e-05
-6.6052e-05
-7.8687e-05
-9.101e-05
-0.00010297
-0.00011453
-0.00012564
-0.00013625
-0.00014632
-0.00015582
-0.0001647
-0.00017293
-0.00018048
-0.00018731
-0.00019341
-0.00019874
-0.00020329
-0.00020703
-0.00020996
-0.00021206
-0.00021333
-0.00021375
-0.00021333
-0.00021206
-0.00020996
-0.00020703
-0.00020329
-0.00019874
-0.00019341
-0.00018731
-0.00018048
-0.00017293
-0.0001647
-0.00015582
-0.00014632
-0.00013625
-0.00012564
-0.00011453
-0.00010297
-9.101e-05
-7.8687e-05
-6.6052e-05
-5.3157e-05
-4.0053e-05
-2.679e-05
-1.3421e-05
-6.4932e-18
1.3421e-05
2.679e-05
4.0053e-05
5.3157e-05
6.6052e-05
7.8687e-05
9.101e-05
0.00010297
0.00011453
0.00012564
0.00013625
0.00014632
0.00015582
0.0001647
0.00017293
0.00018048
0.00018731
0.00019341
0.00019874
0.00020329
0.00020703
0.00020996
0.00021206
0.00021333
0.00021375
0.00021333
0.00021206
0.00020996
0.00020703
0.00020329
0.00019874
0.00019341
0.00018731
0.00018048
0.00017293
0.0001647
0.00015582
0.00014632
0.00013625
0.00012564
0.00011453
0.00010297
9.101e-05
7.8687e-05
6.6052e-05
5.3157e-05
4.0053e-05
2.679e-05
1.3421e-05
-3.3528e-18
-1.3421e-05
-2.679e-05
-4.0053e-05
-5.3157e-05
-6.6052e-05
-7.8687e-05
-9.101e-05
-0.00010297
-0.00011453
-0.00012564
-0.00013625
-0.00014632
-0.00015582
-0.0001647
-0.00017293
-0.00018048
-0.00018731
-0.00019341
-0.00019874
-0.00020329
-0.00020703
-0.00020996
-0.00021206
-0.00021333
-0.00021375
-0.00021333
-0.00021206
-0.00020996
-0.00020703
-0.00020329
-0.00019874
-0.00019341
-0.00018731
-0.00018048
-0.00017293
-0.0001647
-0.00015582
-0.00014632
-0.00013625
-0.00012564
-0.00011453
-0.00010297
-9.101e-05
-7.8687e-05
-6.6052e-05
-5.3157e-05
-4.0053e-05
-2.679e-05
-1.3421e-05
1.0484e-18
1.3421e-05
2.679e-05
4.0053e-05
5.3157e-05
6.6052e-05
7.8687e-05
9.101e-05
0.00010297
0.00011453
0.00012564
0.00013625
0.00014632
0.00015582
0.0001647
0.00017293
0.00018048
0.00018731
0.00019341
0.00019874
0.00020329
0.00020703
0.00020996
0.00021206
0.00021333
0.00021375
0.00021333
0.00021206
0.00020996
0.00020703
0.00020329
0.00019874
0.00019341
0.00018731
0.00018048
0.00017293
0.0001647
0.00015582
0.00014632
0.00013625
0.00012564
0.00011453
0.00010297
9.101e-05
7.8687e-05
6.6052e-05
5.3157e-05
4.0053e-05
2.679e-05
1.3421e-05
1.256e-18
-1.3421e-05
-2.679e-05
-4.0053e-05
-5.3157e-05
-6.6052e-05
-7.8687e-05
-9.101e-05
-0.00010297
-0.00011453
-0.00012564
-0.00013625
-0.00014632
-0.00015582
-0.0001647
-0.00017293
-0.00018048
-0.00018731
-0.00019341
-0.00019874
-0.00020329
-0.00020703
-0.00020996
-0.00021206
-0.00021333
-0.00021375
-0.00021333
-0.00021206
-0.00020996
-0.00020703
-0.00020329
-0.00019874
-0.00019341
-0.00018731
-0.00018048
-0.00017293
-0.0001647
-0.00015582
-0.00014632
-0.00013625
-0.00012564
-0.00011453
-0.00010297
-9.101e-05
-7.8687e-05
-6.6052e-05
-5.3157e-05
-4.0053e-05
-2.679e-05
-1.3421e-05
-3.5603e-18
1.3421e-05
2.679e-05
4.0053e-05
5.3157e-05
6.6052e-05
7.8687e-05
9.101e-05
0.00010297
0.00011453
0.00012564
0.00013625
0.00014632
0.00015582
0.0001647
0.00017293
0.00018048
0.00018731
0.00019341
0.00019874
0.00020329
0.00020703
0.00020996
0.00021206
0.00021333
0.00021375
0.00021333
0.00021206
0.00020996
0.00020703
0.00020329
0.00019874
0.00019341
0.00018731
0.00018048
0.00017293
0.0001647
0.00015582
0.00014632
0.00013625
0.00012564
0.00011453
0.00010297
9.101e-05
7.8687e-05
6.6052e-05
5.3157e-05
4.0053e-05
2.679e-05
1.3421e-05
5.8647e-18
-1.3421e-05
-2.679e-05
-4.0053e-05
-5.3157e-05
-6.6052e-05
-7.8687e-05
-9.101e-05
-0.00010297
-0.00011453
-0.00012564
-0.00013625
-0.00014632
-0.00015582
-0.0001647
-0.00017293
-0.00018048
-0.00018731
-0.00019341
-0.00019874
-0.00020329
-0.00020703
-0.00020996
-0.00021206
-0.00021333
-0.00021375
-0.00021333
-0.00021206
-0.00020996
-0.00020703
-0.00020329
-0.00019874
-0.00019341
-0.00018731
-0.00018048
-0.00017293
-0.0001647
-0.00015582
-0.00014632
-0.00013625
-0.00012564
-0.00011453
-0.00010297
-9.101e-05
-7.8687e-05
-6.6052e-05
-5.3157e-05
-4.0053e-05
-2.679e-05
-1.3421e-05
3.9813e-18
1.3421e-05
2.679e-05
4.0053e-05
5.3157e-05
6.6052e-05
7.8687e-05
9.101e-05
0.00010297
0.00011453
0.00012564
0.00013625
0.00014632
0.00015582
0.0001647
0.00017293
0.00018048
0.00018731
0.00019341
0.00019874
0.00020329
0.00020703
0.00020996
0.00021206
0.00021333
0.00021375
0.00021333
0.00021206
0.00020996
0.00020703
0.00020329
0.00019874
0.00019341
0.00018731
0.00018048
0.00017293
0.0001647
0.00015582
0.00014632
0.00013625
0.00012564
0.00011453
0.00010297
9.101e-05
7.8687e-05
6.6052e-05
5.3157e-05
4.0053e-05
2.679e-05
1.3421e-05
-1.6769e-18
-1.3421e-05
-2.679e-05
-4.0053e-05
-5.3157e-05
-6.6052e-05
-7.8687e-05
-9.101e-05
-0.00010297
-0.00011453
-0.00012564
-0.00013625
-0.00014632
-0.00015582
-0.0001647
-0.00017293
-0.00018048
-0.00018731
-0.00019341
-0.00019874
-0.00020329
-0.00020703
-0.00020996
-0.00021206
-0.00021333
-0.00021375
-0.00021333
-0.00021206
-0.00020996
-0.00020703
-0.00020329
-0.00019874
-0.00019341
-0.00018731
-0.00018048
-0.00017293
-0.0001647
-0.00015582
-0.00014632
-0.00013625
-0.00012564
-0.00011453
-0.00010297
-9.101e-05
-7.8687e-05
-6.6052e-05
-5.3157e-05
-4.0053e-05
-2.679e-05
-1.3421e-05
-6.2745e-19
1.3421e-05
2.679e-05
4.0053e-05
5.3157e-05
6.6052e-05
7.8687e-05
9.101e-05
0.00010297
0.00011453
0.00012564
0.00013625
0.00014632
0.00015582
0.0001647
0.00017293
0.00018048
0.00018731
0.00019341
0.00019874
0.00020329
0.00020703
0.00020996
0.00021206
0.00021333
0.00021375
0.00021333
0.00021206
0.00020996
0.00020703
0.00020329
0.00019874
0.00019341
0.00018731
0.00018048
0.00017293
0.0001647
0.00015582
0.00014632
0.00013625
0.00012564
0.00011453
0.00010297
9.101e-05
7.8687e-05
6.6052e-05
5.3157e-05
4.0053e-05
2.679e-05
1.3421e-05
2.9318e-18
-1.3421e-05
-2.679e-05
-4.0053e-05
-5.3157e-05
-6.6052e-05
-7.8687e-05
-9.101e-05
-0.00010297
-0.00011453
-0.00012564
-0.00013625
-0.00014632
-0.00015582
-0.0001647
-0.00017293
-0.00018048
-0.00018731
-0.00019341
-0.00019874
-0.00020329
-0.00020703
-0.00020996
-0.00021206
-0.00021333
-0.00021375
-0.00021333
-0.00021206
-0.00020996
-0.00020703
-0.00020329
-0.00019874
-0.00019341
-0.00018731
-0.00018048
-0.00017293
-0.0001647
-0.00015582
-0.00014632
-0.00013625
-0.00012564
-0.00011453
-0.00010297
-9.101e-05
-7.8687e-05
-6.6052e-05
-5.3157e-05
-4.0053e-05
-2.679e-05
-1.3421e-05
-5.2362e-18
1.3421e-05
2.679e-05
4.0053e-05
5.3157e-05
6.6052e-05
7.8687e-05
9.101e-05
0.00010297
0.00011453
0.00012564
0.00013625
0.00014632
0.00015582
0.0001647
0.00017293
0.00018048
0.00018731
0.00019341
0.00019874
0.00020329
0.00020703
0.00020996
0.00021206
0.00021333
0.00021375
0.00021333
0.00021206
0.00020996
0.00020703
0.00020329
0.00019874
0.00019341
0.00018731
0.00018048
0.00017293
0.0001647
0.00015582
0.00014632
0.00013625
0.00012564
0.00011453
0.00010297
9.101e-05
7.8687e-05
6.6052e-05
5.3157e-05
4.0053e-05
2.679e-05
1.3421e-05
-4.6098e-18
-1.3421e-05
-2.679e-05
-4.0053e-05
-5.3157e-05
-6.6052e-05
-7.8687e-05
-9.101e-05
-0.00010297
-0.00011453
-0.00012564
-0.00013625
-0.00014632
-0.00015582
-0.0001647
-0.00017293
-0.00018048
-0.00018731
-0.00019341
-0.00019874
-0.00020329
-0.00020703
-0.00020996
-0.00021206
-0.00021333
-0.00021375
-0.00021333
-0.00021206
-0.00020996
-0.00020703
-0.00020329
-0.00019874
-0.00019341
-0.00018731
-0.00018048
-0.00017293
-0.0001647
-0.00015582
-0.00014632
-0.00013625
-0.00012564
-0.00011453
-0.00010297
-9.101e-05
-7.8687e-05
-6.6052e-05
-5.3157e-05
-4.0053e-05
-2.679e-05
-1.3421e-05
2.3054e-18
1.3421e-05
2.679e-05
4.0053e-05
5.3157e-05
6.6052e-05
7.8687e-05
9.101e-05
0.00010297
0.00011453
0.00012564
0.00013625
0.00014632
0.00015582
0.0001647
0.00017293
0.00018048
0.00018731
0.00019341
0.00019874
0.00020329
0.00020703
0.00020996
0.00021206
0.00021333
0.00021375
0.00021333
0.00021206
0.00020996
0.00020703
0.00020329
0.00019874
0.00019341
0.00018731
0.00018048
0.00017293
0.0001647
0.00015582
0.00014632
0.00013625
0.00012564
0.00011453
0.00010297
9.101e-05
7.8687e-05
6.6052e-05
5.3157e-05
4.0053e-05
2.679e-05
1.3421e-05
-1.0574e-21
-1.3395e-05
-2.671e-05
-3.9893e-05
-5.2892e-05
-6.5656e-05
-7.8136e-05
-9.0282e-05
-0.00010205
-0.00011339
-0.00012426
-0.00013461
-0.00014442
-0.00015364
-0.00016223
-0.00017016
-0.00017741
-0.00018394
-0.00018973
-0.00019476
-0.00019902
-0.00020248
-0.00020513
-0.00020697
-0.000208
-0.00020819
-0.00020757
-0.00020613
-0.00020387
-0.00020082
-0.00019699
-0.00019238
-0.00018702
-0.00018094
-0.00017416
-0.0001667
-0.0001586
-0.0001499
-0.00014062
-0.0001308
-0.00012049
-0.00010972
-9.8547e-05
-8.7006e-05
-7.5146e-05
-6.3014e-05
-5.0659e-05
-3.813e-05
-2.5477e-05
-1.275e-05
-2.1858e-18
1.2724e-05
2.537e-05
3.789e-05
5.0234e-05
6.2353e-05
7.4201e-05
8.5732e-05
9.6899e-05
0.00010766
0.00011798
0.0001278
0.0001371
0.00014584
0.00015399
0.00016151
0.00016838
0.00017457
0.00018006
0.00018483
0.00018885
0.00019213
0.00019464
0.00019637
0.00019733
0.00019751
0.0001969
0.00019552
0.00019338
0.00019047
0.00018682
0.00018244
0.00017735
0.00017158
0.00016513
0.00015806
0.00015037
0.00014211
0.0001333
0.00012399
0.00011421
0.000104
9.3398e-05
8.2455e-05
7.1211e-05
5.9711e-05
4.8001e-05
3.6128e-05
2.4138e-05
1.2079e-05
-6.7808e-18
-1.2052e-05
-2.4031e-05
-3.5887e-05
-4.7576e-05
-5.9051e-05
-7.0267e-05
-8.1181e-05
-9.1751e-05
-0.00010193
-0.00011169
-0.00012099
-0.00012979
-0.00013805
-0.00014576
-0.00015287
-0.00015936
-0.00016521
-0.00017039
-0.00017489
-0.00017869
-0.00018178
-0.00018414
-0.00018577
-0.00018666
-0.00018682
-0.00018624
-0.00018492
-0.00018288
-0.00018012
-0.00017666
-0.00017251
-0.00016768
-0.00016221
-0.00015611
-0.00014941
-0.00014213
-0.00013431
-0.00012598
-0.00011717
-0.00010792
-9.8269e-05
-8.8249e-05
-7.7905e-05
-6.7277e-05
-5.6409e-05
-4.5343e-05
-3.4125e-05
-2.2798e-05
-1.1408e-05
4.4473e-18
1.1381e-05
2.2691e-05
3.3885e-05
4.4918e-05
5.5748e-05
6.6333e-05
7.6631e-05
8.6602e-05
9.6208e-05
0.00010541
0.00011418
0.00012247
0.00013026
0.00013752
0.00014422
0.00015034
0.00015584
0.00016072
0.00016495
0.00016853
0.00017142
0.00017364
0.00017517
0.000176
0.00017613
0.00017557
0.00017432
0.00017238
0.00016977
0.00016649
0.00016257
0.00015801
0.00015285
0.00014709
0.00014076
0.0001339
0.00012652
0.00011867
0.00011036
0.00010164
9.2543e-05
8.3101e-05
7.3354e-05
6.3343e-05
5.3106e-05
4.2685e-05
3.2122e-05
2.1459e-05
1.0737e-05
7.3639e-18
-1.071e-05
-2.1352e-05
-3.1882e-05
-4.226e-05
-5.2446e-05
-6.2398e-05
-7.208e-05
-8.1453e-05
-9.0481e-05
-9.9129e-05
-0.00010736
-0.00011516
-0.00012247
-0.00012929
-0.00013558
-0.00014131
-0.00014648
-0.00015105
-0.00015502
-0.00015836
-0.00016107
-0.00016314
-0.00016456
-0.00016533
-0.00016544
-0.0001649
-0.00016371
-0.00016188
-0.00015942
-0.00015633
-0.00015263
-0.00014834
-0.00014348
-0.00013806
-0.00013212
-0.00012566
-0.00011873
-0.00011135
-0.00010355
-9.536e-05
-8.6816e-05
-7.7952e-05
-6.8804e-05
-5.9408e-05
-4.9803e-05
-4.0028e-05
-3.012e-05
-2.0119e-05
-1.0066e-05
-8.629e-18
1.0039e-05
2.0012e-05
2.9879e-05
3.9602e-05
4.9143e-05
5.8464e-05
6.753e-05
7.6304e-05
8.4754e-05
9.2847e-05
0.00010055
0.00010784
0.00011468
0.00012105
0.00012693
0.00013229
0.00013711
0.00014138
0.00014508
0.0001482
0.00015072
0.00015264
0.00015396
0.00015466
0.00015476
0.00015424
0.00015311
0.00015138
0.00014906
0.00014616
0.0001427
0.00013867
0.00013411
0.00012904
0.00012347
0.00011743
0.00011094
0.00010403
9.6737e-05
8.9078e-05
8.1089e-05
7.2803e-05
6.4253e-05
5.5474e-05
4.6501e-05
3.737e-05
2.8117e-05
1.878e-05
9.395e-06
9.6637e-18
-9.3682e-06
-1.8673e-05
-2.7877e-05
-3.6944e-05
-4.584e-05
-5.453e-05
-6.2979e-05
-7.1156e-05
-7.9028e-05
-8.6565e-05
-9.374e-05
-0.00010052
-0.00010689
-0.00011282
-0.00011828
-0.00012326
-0.00012775
-0.00013171
-0.00013514
-0.00013803
-0.00014037
-0.00014215
-0.00014336
-0.000144
-0.00014407
-0.00014357
-0.00014251
-0.00014089
-0.00013871
-0.000136
-0.00013276
-0.000129
-0.00012475
-0.00012002
-0.00011482
-0.00010919
-0.00010315
-9.6719e-05
-8.9925e-05
-8.2796e-05
-7.5363e-05
-6.7654e-05
-5.9703e-05
-5.154e-05
-4.3198e-05
-3.4712e-05
-2.6114e-05
-1.744e-05
-8.724e-06
-2.5825e-18
8.6971e-06
1.7333e-05
2.5874e-05
3.4287e-05
4.2538e-05
5.0595e-05
5.8429e-05
6.6007e-05
7.3301e-05
8.0283e-05
8.6927e-05
9.3207e-05
9.91e-05
0.00010458
0.00010964
0.00011424
0.00011838
0.00012204
0.00012521
0.00012787
0.00013002
0.00013165
0.00013275
0.00013333
0.00013338
0.0001329
0.0001319
0.00013039
0.00012836
0.00012584
0.00012282
0.00011933
0.00011538
0.00011099
0.00010618
0.00010096
9.536e-05
8.9403e-05
8.3112e-05
7.6514e-05
6.9636e-05
6.2506e-05
5.5152e-05
4.7605e-05
3.9896e-05
3.2054e-05
2.4112e-05
1.6101e-05
8.0529e-06
1.1042e-17
-8.026e-06
-1.5994e-05
-2.3871e-05
-3.1629e-05
-3.9235e-05
-4.6661e-05
-5.3878e-05
-6.0858e-05
-6.7574e-05
-7.4001e-05
-8.0115e-05
-8.5891e-05
-9.1309e-05
-9.6348e-05
-0.00010099
-0.00010522
-0.00010901
-0.00011237
-0.00011527
-0.0001177
-0.00011967
-0.00012115
-0.00012215
-0.00012266
-0.00012269
-0.00012224
-0.0001213
-0.00011989
-0.00011801
-0.00011567
-0.00011288
-0.00010966
-0.00010602
-0.00010197
-9.7531e-05
-9.2725e-05
-8.7569e-05
-8.2087e-05
-7.63e-05
-7.0232e-05
-6.3909e-05
-5.7357e-05
-5.0602e-05
-4.3671e-05
-3.6593e-05
-2.9396e-05
-2.2109e-05
-1.4761e-05
-7.3818e-06
-4.7147e-18
7.355e-06
1.4654e-05
2.1869e-05
2.8971e-05
3.5932e-05
4.2727e-05
4.9328e-05
5.5709e-05
6.1848e-05
6.7719e-05
7.3302e-05
7.8575e-05
8.3518e-05
8.8113e-05
9.2343e-05
9.6193e-05
9.9649e-05
0.0001027
0.00010533
0.00010754
0.00010931
0.00011065
0.00011155
0.000112
0.00011201
0.00011157
0.0001107
0.00010939
0.00010766
0.00010551
0.00010295
9.9991e-05
9.6652e-05
9.2945e-05
8.8885e-05
8.449e-05
7.9778e-05
7.4771e-05
6.9487e-05
6.395e-05
5.8183e-05
5.2208e-05
4.6051e-05
3.9737e-05
3.329e-05
2.6738e-05
2.0106e-05
1.3422e-05
6.7107e-06
5.4352e-18
-6.6839e-06
-1.3315e-05
-1.9866e-05
-2.6313e-05
-3.263e-05
-3.8793e-05
-4.4777e-05
-5.0561e-05
-5.6121e-05
-6.1438e-05
-6.649e-05
-7.1259e-05
-7.5727e-05
-7.9878e-05
-8.3697e-05
-8.7169e-05
-9.0284e-05
-9.3029e-05
-9.5395e-05
-9.7375e-05
-9.8963e-05
-0.00010015
-0.00010094
-0.00010133
-0.00010132
-0.0001009
-0.00010009
-9.8893e-05
-9.7306e-05
-9.5342e-05
-9.301e-05
-9.0321e-05
-8.7287e-05
-8.3921e-05
-8.0238e-05
-7.6255e-05
-7.1987e-05
-6.7454e-05
-6.2675e-05
-5.7668e-05
-5.2456e-05
-4.706e-05
-4.1501e-05
-3.5802e-05
-2.9988e-05
-2.408e-05
-1.8104e-05
-1.2082e-05
-6.0397e-06
-5.9253e-18
6.0128e-06
1.1975e-05
1.7864e-05
2.3655e-05
2.9327e-05
3.4858e-05
4.0227e-05
4.5412e-05
5.0395e-05
5.5156e-05
5.9677e-05
6.3943e-05
6.7936e-05
7.1643e-05
7.505e-05
7.8146e-05
8.0918e-05
8.3358e-05
8.5458e-05
8.7211e-05
8.8611e-05
8.9655e-05
9.0339e-05
9.0664e-05
9.063e-05
9.0238e-05
8.9491e-05
8.8395e-05
8.6955e-05
8.5178e-05
8.3073e-05
8.0651e-05
7.7921e-05
7.4897e-05
7.1592e-05
6.802e-05
6.4197e-05
6.0138e-05
5.5862e-05
5.1386e-05
4.6729e-05
4.1911e-05
3.695e-05
3.1868e-05
2.6685e-05
2.1422e-05
1.6101e-05
1.0743e-05
5.3686e-06
1.3369e-18
-5.3417e-06
-1.0636e-05
-1.5861e-05
-2.0997e-05
-2.6025e-05
-3.0924e-05
-3.5676e-05
-4.0263e-05
-4.4668e-05
-4.8874e-05
-5.2865e-05
-5.6627e-05
-6.0145e-05
-6.3408e-05
-6.6404e-05
-6.9122e-05
-7.1553e-05
-7.3688e-05
-7.5521e-05
-7.7046e-05
-7.8259e-05
-7.9156e-05
-7.9736e-05
-7.9998e-05
-7.9943e-05
-7.9571e-05
-7.8888e-05
-7.7897e-05
-7.6603e-05
-7.5013e-05
-7.3136e-05
-7.098e-05
-6.8556e-05
-6.5873e-05
-6.2946e-05
-5.9785e-05
-5.6406e-05
-5.2822e-05
-4.905e-05
-4.5104e-05
-4.1003e-05
-3.6762e-05
-3.24e-05
-2.7934e-05
-2.3383e-05
-1.8765e-05
-1.4099e-05
-9.4033e-06
-4.6975e-06
-6.214e-18
4.6707e-06
9.2961e-06
1.3858e-05
1.8339e-05
2.2722e-05
2.699e-05
3.1126e-05
3.5114e-05
3.8941e-05
4.2592e-05
4.6052e-05
4.931e-05
5.2355e-05
5.5174e-05
5.7758e-05
6.0098e-05
6.2187e-05
6.4018e-05
6.5584e-05
6.6882e-05
6.7907e-05
6.8658e-05
6.9133e-05
6.9332e-05
6.9255e-05
6.8905e-05
6.8285e-05
6.7398e-05
6.6251e-05
6.4849e-05
6.3199e-05
6.131e-05
5.919e-05
5.685e-05
5.4299e-05
5.155e-05
4.8615e-05
4.5506e-05
4.2237e-05
3.8822e-05
3.5276e-05
3.1613e-05
2.7849e-05
2.3999e-05
2.008e-05
1.6107e-05
1.2096e-05
8.0638e-06
4.0264e-06
2.3798e-18
-3.9996e-06
-7.9566e-06
-1.1856e-05
-1.5681e-05
-1.9419e-05
-2.3055e-05
-2.6575e-05
-2.9966e-05
-3.3215e-05
-3.631e-05
-3.924e-05
-4.1994e-05
-4.4564e-05
-4.6939e-05
-4.9111e-05
-5.1074e-05
-5.2822e-05
-5.4347e-05
-5.5647e-05
-5.6717e-05
-5.7556e-05
-5.816e-05
-5.853e-05
-5.8665e-05
-5.8568e-05
-5.8239e-05
-5.7682e-05
-5.69e-05
-5.5899e-05
-5.4685e-05
-5.3262e-05
-5.164e-05
-4.9825e-05
-4.7826e-05
-4.5653e-05
-4.3315e-05
-4.0824e-05
-3.819e-05
-3.5425e-05
-3.2541e-05
-2.955e-05
-2.6465e-05
-2.3299e-05
-2.0065e-05
-1.6777e-05
-1.3449e-05
-1.0093e-05
-6.7243e-06
-3.3554e-06
-2.5557e-18
3.3285e-06
6.6171e-06
9.853e-06
1.3024e-05
1.6117e-05
1.9121e-05
2.2024e-05
2.4817e-05
2.7488e-05
3.0028e-05
3.2427e-05
3.4678e-05
3.6773e-05
3.8704e-05
4.0465e-05
4.2051e-05
4.3456e-05
4.4677e-05
4.571e-05
4.6553e-05
4.7204e-05
4.7662e-05
4.7927e-05
4.7999e-05
4.788e-05
4.7572e-05
4.7078e-05
4.6402e-05
4.5548e-05
4.452e-05
4.3325e-05
4.1969e-05
4.0459e-05
3.8802e-05
3.7006e-05
3.5081e-05
3.3033e-05
3.0874e-05
2.8612e-05
2.6259e-05
2.3823e-05
2.1316e-05
1.8748e-05
1.6131e-05
1.3475e-05
1.0791e-05
8.0907e-06
5.3848e-06
2.6843e-06
2.501e-18
-2.6575e-06
-5.2776e-06
-7.8503e-06
-1.0366e-05
-1.2814e-05
-1.5187e-05
-1.7474e-05
-1.9668e-05
-2.1761e-05
-2.3746e-05
-2.5615e-05
-2.7362e-05
-2.8982e-05
-3.0469e-05
-3.1819e-05
-3.3027e-05
-3.4091e-05
-3.5007e-05
-3.5773e-05
-3.6389e-05
-3.6852e-05
-3.7164e-05
-3.7323e-05
-3.7332e-05
-3.7193e-05
-3.6906e-05
-3.6475e-05
-3.5904e-05
-3.5196e-05
-3.4356e-05
-3.3388e-05
-3.2299e-05
-3.1094e-05
-2.9778e-05
-2.836e-05
-2.6846e-05
-2.5242e-05
-2.3558e-05
-2.18e-05
-1.9977e-05
-1.8096e-05
-1.6167e-05
-1.4198e-05
-1.2196e-05
-1.0172e-05
-8.1331e-06
-6.088e-06
-4.0453e-06
-2.0132e-06
-4.056e-19
1.9864e-06
3.9381e-06
5.8477e-06
7.7078e-06
9.5115e-06
1.1252e-05
1.2923e-05
1.4519e-05
1.6035e-05
1.7464e-05
1.8802e-05
2.0046e-05
2.1191e-05
2.2234e-05
2.3172e-05
2.4003e-05
2.4725e-05
2.5336e-05
2.5836e-05
2.6224e-05
2.65e-05
2.6665e-05
2.672e-05
2.6666e-05
2.6505e-05
2.6239e-05
2.5872e-05
2.5406e-05
2.4844e-05
2.4191e-05
2.3451e-05
2.2629e-05
2.1728e-05
2.0755e-05
1.9714e-05
1.8611e-05
1.7452e-05
1.6242e-05
1.4987e-05
1.3695e-05
1.237e-05
1.1018e-05
9.6471e-06
8.2621e-06
6.8694e-06
5.4752e-06
4.0854e-06
2.7058e-06
1.3421e-06
1.7005e-18
-1.3153e-06
-2.5986e-06
-3.8451e-06
-5.05e-06
-6.2089e-06
-7.3179e-06
-8.3729e-06
-9.3707e-06
-1.0308e-05
-1.1182e-05
-1.199e-05
-1.273e-05
-1.34e-05
-1.3999e-05
-1.4526e-05
-1.4979e-05
-1.5359e-05
-1.5666e-05
-1.5899e-05
-1.606e-05
-1.6149e-05
-1.6167e-05
-1.6117e-05
-1.6e-05
-1.5817e-05
-1.5573e-05
-1.5269e-05
-1.4907e-05
-1.4492e-05
-1.4027e-05
-1.3514e-05
-1.2958e-05
-1.2362e-05
-1.1731e-05
-1.1067e-05
-1.0376e-05
-9.6607e-06
-8.9256e-06
-8.175e-06
-7.4127e-06
-6.6429e-06
-5.8696e-06
-5.0966e-06
-4.3278e-06
-3.5668e-06
-2.8173e-06
-2.0827e-06
-1.3663e-06
-6.7107e-07
-3.5921e-19
6.4423e-07
1.2591e-06
1.8424e-06
2.3921e-06
2.9063e-06
3.3835e-06
3.8224e-06
4.222e-06
4.5813e-06
4.8999e-06
5.1775e-06
5.4139e-06
5.6094e-06
5.7644e-06
5.8795e-06
5.9557e-06
5.9939e-06
5.9956e-06
5.9622e-06
5.8954e-06
5.797e-06
5.669e-06
5.5137e-06
5.3332e-06
5.13e-06
4.9065e-06
4.6654e-06
4.4092e-06
4.1407e-06
3.8625e-06
3.5773e-06
3.2879e-06
2.997e-06
2.7071e-06
2.421e-06
2.1411e-06
1.8698e-06
1.6095e-06
1.3625e-06
1.1308e-06
9.1626e-07
7.2082e-07
5.4606e-07
3.9343e-07
2.6421e-07
1.5947e-07
8.0106e-08
2.679e-08
0
0
-0
-0
-0
-0
-0
-0
-0
-0
-0
-0
-0
-0
-0
-0
-0
-0
-0
-0
-0
-0
-0
-0
-0
-0
-0
-0
-0
-0
-0
-0
-0
-0
-0
-0
-0
-0
-0
-0
-0
-0
-0
-0
-0
-0
-0
-0
-0
-0
-0
-0
0
0
0
0
0
0
0
0
0
0
0
0
0
0
0
0
0
0
0
0
0
0
0
0
0
0
0
0
0
0
0
0
0
0
0
0
0
0
0
0
0
0
0
0
0
0
0
0
0
0
-0
-0
-0
-0
-0
-0
-0
-0
-0
-0
-0
-0
-0
-0
-0
-0
-0
-0
-0
-0
-0
-0
-0
-0
-0
-0
-0
-0
-0
-0
-0
-0
-0
-0
-0
-0
-0
-0
-0
-0
-0
-0
-0
-0
-0
-0
-0
-0
-0
-0
0
0
0
0
0
0
0
0
0
0
0
0
0
0
0
0
0
0
0
0
0
0
0
0
0
0
0
0
0
0
0
0
0
0
0
0
0
0
0
0
0
0
0
0
0
0
0
0
0
0
-0
-0
-0
-0
-0
-0
-0
-0
-0
-0
-0
-0
-0
-0
-0
-0
-0
-0
-0
-0
-0
-0
-0
-0
-0
-0
-0
-0
-0
-0
-0
-0
-0
-0
-0
-0
-0
-0
-0
-0
-0
-0
-0
-0
-0
-0
-0
-0
-0
-0
0
0
0
0
0
0
0
0
0
0
0
0
0
0
0
0
0
0
0
0
0
0
0
0
0
0
0
0
0
0
0
0
0
0
0
0
0
0
0
0
0
0
0
0
0
0
0
0
0
0
-0
-0
-0
-0
-0
-0
-0
-0
-0
-0
-0
-0
-0
-0
-0
-0
-0
-0
-0
-0
-0
-0
-0
-0
-0
-0
-0
-0
-0
-0
-0
-0
-0
-0
-0
-0
-0
-0
-0
-0
-0
-0
-0
-0
-0
-0
-0
-0
-0
-0
0
0
0
0
0
0
0
0
0
0
0
0
0
0
0
0
0
0
0
0
0
0
0
0
0
0
0
0
0
0
0
0
0
0
0
0
0
0
0
0
0
0
0
0
0
0
0
0
0
0
-0
-0
-0
-0
-0
-0
-0
-0
-0
-0
-0
-0
-0
-0
-0
-0
-0
-0
-0
-0
-0
-0
-0
-0
-0
-0
-0
-0
-0
-0
-0
-0
-0
-0
-0
-0
-0
-0
-0
-0
-0
-0
-0
-0
-0
-0
-0
-0
-0
-0
0
0
0
0
0
0
0
0
0
0
0
0
0
0
0
0
0
0
0
0
0
0
0
0
0
0
0
0
0
0
0
0
0
0
0
0
0
0
0
0
0
0
0
0
0
0
0
0
0
0
-0
-0
-0
-0
-0
-0
-0
-0
-0
-0
-0
-0
-0
-0
-0
-0
-0
-0
-0
-0
-0
-0
-0
-0
-0
-0
-0
-0
-0
-0
-0
-0
-0
-0
-0
-0
-0
-0
-0
-0
-0
-0
-0
-0
-0
-0
-0
-0
-0
-0
0
0
0
0
0
0
0
0
0
0
0
0
0
0
0
0
0
0
0
0
0
0
0
0
0
0
0
0
0
0
0
0
0
0
0
0
0
0
0
0
0
0
0
0
0
0
0
0
0
0
-0
-0
-0
-0
-0
-0
-0
-0
-0
-0
-0
-0
-0
-0
-0
-0
-0
-0
-0
-0
-0
-0
-0
-0
-0
-0
-0
-0
-0
-0
-0
-0
-0
-0
-0
-0
-0
-0
-0
-0
-0
-0
-0
-0
-0
-0
-0
-0
-0
-0
0
0
0
0
0
0
0
0
0
0
0
0
0
0
0
0
0
0
0
0
0
0
0
0
0
0
0
0
0
0
0
0
0
0
0
0
0
0
0
0
0
0
0
0
0
0
0
0
0
0
-0
-0
-0
-0
-0
-0
-0
-0
-0
-0
-0
-0
-0
-0
-0
-0
-0
-0
-0
-0
-0
-0
-0
-0
-0
-0
-0
-0
-0
-0
-0
-0
-0
-0
-0
-0
-0
-0
-0
-0
-0
-0
-0
-0
-0
-0
-0
-0
-0
-0
0
0
0
0
0
0
0
0
0
0
0
0
0
0
0
0
0
0
0
0
0
0
0
0
0
0
0
0
0
0
0
0
0
0
0
0
0
0
0
0
0
0
0
0
0
0
0
0
0
0
-0
-0
-0
-0
-0
-0
-0
-0
-0
-0
-0
-0
-0
-0
-0
-0
-0
-0
-0
-0
-0
-0
-0
-0
-0
-0
-0
-0
-0
-0
-0
-0
-0
-0
-0
-0
-0
-0
-0
-0
-0
-0
-0
-0
-0
-0
-0
-0
-0
-0
0
0
0
0
0
0
0
0
0
0
0
0
0
0
0
0
0
0
0
0
0
0
0
0
0
0
0
0
0
0
0
0
0
0
0
0
0
0
0
0
0
0
0
0
0
0
0
0
0
0
-0
-0
-0
-0
-0
-0
-0
-0
-0
-0
-0
-0
-0
-0
-0
-0
-0
-0
-0
-0
-0
-0
-0
-0
-0
-0
-0
-0
-0
-0
-0
-0
-0
-0
-0
-0
-0
-0
-0
-0
-0
-0
-0
-0
-0
-0
-0
-0
-0
-0
0
0
0
0
0
0
0
0
0
0
0
0
0
0
0
0
0
0
0
0
0
0
0
0
0
0
0
0
0
0
0
0
0
0
0
0
0
0
0
0
0
0
0
0
0
0
0
0
0
0
-0
-0
-0
-0
-0
-0
-0
-0
-0
-0
-0
-0
-0
-0
-0
-0
-0
-0
-0
-0
-0
-0
-0
-0
-0
-0
-0
-0
-0
-0
-0
-0
-0
-0
-0
-0
-0
-0
-0
-0
-0
-0
-0
-0
-0
-0
-0
-0
-0
-0
0
0
0
0
0
0
0
0
0
0
0
0
0
0
0
0
0
0
0
0
0
0
0
0
0
0
0
0
0
0
0
0
0
0
0
0
0
0
0
0
0
0
0
0
0
0
0
0
0
-0
-0
-0
-0
-0
-0
-0
-0
-0
-0
-0
-0
-0
-0
-0
-0
-0
-0
-0
-0
-0
-0
-0
-0
-0
-0
-0
-0
-0
-0
-0
-0
-0
-0
-0
-0
-0
-0
-0
-0
-0
-0
-0
-0
-0
-0
-0
-0
-0
-0
-0
0
0
0
0
0
0
0
0
0
0
0
0
0
0
0
0
0
0
0
0
0
0
0
0
0
0
0
0
0
0
0
0
0
0
0
0
0
0
0
0
0
0
0
0
0
0
0
0
0
0
-0
-0
-0
-0
-0
-0
-0
-0
-0
-0
-0
-0
-0
-0
-0
-0
-0
-0
-0
-0
-0
-0
-0
-0
-0
-0
-0
-0
-0
-0
-0
-0
-0
-0
-0
-0
-0
-0
-0
-0
-0
-0
-0
-0
-0
-0
-0
-0
-0
0
0
0
0
0
0
0
0
0
0
0
0
0
0
0
0
0
0
0
0
0
0
0
0
0
0
0
0
0
0
0
0
0
0
0
0
0
0
0
0
0
0
0
0
0
0
0
0
0
0
0
-0
-0
-0
-0
-0
-0
-0
-0
-0
-0
-0
-0
-0
-0
-0
-0
-0
-0
-0
-0
-0
-0
-0
-0
-0
-0
-0
-0
-0
-0
-0
-0
-0
-0
-0
-0
-0
-0
-0
-0
-0
-0
-0
-0
-0
-0
-0
-0
-0
-0
0
0
0
0
0
0
0
0
0
0
0
0
0
0
0
0
0
0
0
0
0
0
0
0
0
0
0
0
0
0
0
0
0
0
0
0
0
0
0
0
0
0
0
0
0
0
0
0
0
0
-0
-0
-0
-0
-0
-0
-0
-0
-0
-0
-0
-0
-0
-0
-0
-0
-0
-0
-0
-0
-0
-0
-0
-0
-0
-0
-0
-0
-0
-0
-0
-0
-0
-0
-0
-0
-0
-0
-0
-0
-0
-0
-0
-0
-0
-0
-0
-0
-0
-0
0
0
0
0
0
0
0
0
0
0
0
0
0
0
0
0
0
0
0
0
0
0
0
0
0
0
0
0
0
0
0
0
0
0
0
0
0
0
0
0
0
0
0
0
0
0
0
0
0
-0
-0
-0
-0
-0
-0
-0
-0
-0
-0
-0
-0
-0
-0
-0
-0
-0
-0
-0
-0
-0
-0
-0
-0
-0
-0
-0
-0
-0
-0
-0
-0
-0
-0
-0
-0
-0
-0
-0
-0
-0
-0
-0
-0
-0
-0
-0
-0
-0
-0
-0
0
0
0
0
0
0
0
0
0
0
0
0
0
0
0
0
0
0
0
0
0
0
0
0
0
0
0
0
0
0
0
0
0
0
0
0
0
0
0
0
0
0
0
0
0
0
0
0
0
-0
-0
-0
-0
-0
-0
-0
-0
-0
-0
-0
-0
-0
-0
-0
-0
-0
-0
-0
-0
-0
-0
-0
-0
-0
-0
-0
-0
-0
-0
-0
-0
-0
-0
-0
-0
-0
-0
-0
-0
-0
-0
-0
-0
-0
-0
-0
-0
-0
-0
-0
0
0
0
0
0
0
0
0
0
0
0
0
0
0
0
0
0
0
0
0
0
0
0
0
0
0
0
0
0
0
0
0
0
0
0
0
0
0
0
0
0
0
0
0
0
0
0
0
0
0
-0
-0
-0
-0
-0
-0
-0
-0
-0
-0
-0
-0
-0
-0
-0
-0
-0
-0
-0
-0
-0
-0
-0
-0
-0
-0
-0
-0
-0
-0
-0
-0
-0
-0
-0
-0
-0
-0
-0
-0
-0
-0
-0
-0
-0
-0
-0
-0
-0
-0
0
0
0
0
0
0
0
0
0
0
0
0
0
0
0
0
0
0
0
0
0
0
0
0
0
0
0
0
0
0
0
0
0
0
0
0
0
0
0
0
0
0
0
0
0
0
0
0
0
0
-0
-0
-0
-0
-0
-0
-0
-0
-0
-0
-0
-0
-0
-0
-0
-0
-0
-0
-0
-0
-0
-0
-0
-0
-0
-0
-0
-0
-0
-0
-0
-0
-0
-0
-0
-0
-0
-0
-0
-0
-0
-0
-0
-0
-0
-0
-0
-0
-0
-0
0
0
0
0
0
0
0
0
0
0
0
0
0
0
0
0
0
0
0
0
0
0
0
0
0
0
0
0
0
0
0
0
0
0
0
0
0
0
0
0
0
0
0
0
0
0
0
0
0
0
-0
-0
-0
-0
-0
-0
-0
-0
-0
-0
-0
-0
-0
-0
-0
-0
-0
-0
-0
-0
-0
-0
-0
-0
-0
-0
-0
-0
-0
-0
-0
-0
-0
-0
-0
-0
-0
-0
-0
-0
-0
-0
-0
-0
-0
-0
-0
-0
-0
-0
0
0
0
0
0
0
0
0
0
0
0
0
0
0
0
0
0
0
0
0
0
0
0
0
0
0
0
0
0
0
0
0
0
0
0
0
0
0
0
0
0
0
0
0
0
0
0
0
0
-0
-0
-0
-0
-0
-0
-0
-0
-0
-0
-0
-0
-0
-0
-0
-0
-0
-0
-0
-0
-0
-0
-0
-0
-0
-0
-0
-0
-0
-0
-0
-0
-0
-0
-0
-0
-0
-0
-0
-0
-0
-0
-0
-0
-0
-0
-0
-0
-0
-0
-0
0
0
0
0
0
0
0
0
0
0
0
0
0
0
0
0
0
0
0
0
0
0
0
0
0
0
0
0
0
0
0
0
0
0
0
0
0
0
0
0
0
0
0
0
0
0
0
0
0
-0
-0
-0
-0
-0
-0
-0
-0
-0
-0
-0
-0
-0
-0
-0
-0
-0
-0
-0
-0
-0
-0
-0
-0
-0
-0
-0
-0
-0
-0
-0
-0
-0
-0
-0
-0
-0
-0
-0
-0
-0
-0
-0
-0
-0
-0
-0
-0
-0
-0
-0
0
0
0
0
0
0
0
0
0
0
0
0
0
0
0
0
0
0
0
0
0
0
0
0
0
0
0
0
0
0
0
0
0
0
0
0
0
0
0
0
0
0
0
0
0
0
0
0
0
0
-0
-0
-0
-0
-0
-0
-0
-0
-0
-0
-0
-0
-0
-0
-0
-0
-0
-0
-0
-0
-0
-0
-0
-0
-0
-0
-0
-0
-0
-0
-0
-0
-0
-0
-0
-0
-0
-0
-0
-0
-0
-0
-0
-0
-0
-0
-0
-0
-0
-0
0
0
0
0
0
0
0
0
0
0
0
0
0
0
0
0
0
0
0
0
0
0
0
0
0
0
0
0
0
0
0
0
0
0
0
0
0
0
0
0
0
0
0
0
0
0
0
0
0
0
-0
-0
-0
-0
-0
-0
-0
-0
-0
-0
-0
-0
-0
-0
-0
-0
-0
-0
-0
-0
-0
-0
-0
-0
-0
-0
-0
-0
-0
-0
-0
-0
-0
-0
-0
-0
-0
-0
-0
-0
-0
-0
-0
-0
-0
-0
-0
-0
-0
-0
0
0
0
0
0
0
0
0
0
0
0
0
0
0
0
0
0
0
0
0
0
0
0
0
0
0
0
0
0
0
0
0
0
0
0
0
0
0
0
0
0
0
0
0
0
0
0
0
0
0
-0
-0
-0
-0
-0
-0
-0
-0
-0
-0
-0
-0
-0
-0
-0
-0
-0
-0
-0
-0
-0
-0
-0
-0
-0
-0
-0
-0
-0
-0
-0
-0
-0
-0
-0
-0
-0
-0
-0
-0
-0
-0
-0
-0
-0
-0
-0
-0
-0
-0
0
0
0
0
0
0
0
0
0
0
0
0
0
0
0
0
0
0
0
0
0
0
0
0
0
0
0
0
0
0
0
0
0
0
0
0
0
0
0
0
0
0
0
0
0
0
0
0
0
-0
-0
-0
-0
-0
-0
-0
-0
-0
-0
-0
-0
-0
-0
-0
-0
-0
-0
-0
-0
-0
-0
-0
-0
-0
-0
-0
-0
-0
-0
-0
-0
-0
-0
-0
-0
-0
-0
-0
-0
-0
-0
-0
-0
-0
-0
-0
-0
-0
-0
-0
0
0
0
0
0
0
0
0
0
0
0
0
0
0
0
0
0
0
0
0
0
0
0
0
0
0
0
0
0
0
0
0
0
0
0
0
0
0
0
0
0
0
0
0
0
0
0
0
0
-0
-0
-0
-0
-0
-0
-0
-0
-0
-0
-0
-0
-0
-0
-0
-0
-0
-0
-0
-0
-0
-0
-0
-0
-0
-0
-0
-0
-0
-0
-0
-0
-0
-0
-0
-0
-0
-0
-0
-0
-0
-0
-0
-0
-0
-0
-0
-0
-0
-0
-0
0
0
0
0
0
0
0
0
0
0
0
0
0
0
0
0
0
0
0
0
0
0
0
0
0
0
0
0
0
0
0
0
0
0
0
0
0
0
0
0
0
0
0
0
0
0
0
0
0
0
-0
-0
-0
-0
-0
-0
-0
-0
-0
-0
-0
-0
-0
-0
-0
-0
-0
-0
-0
-0
-0
-0
-0
-0
-0
-0
-0
-0
-0
-0
-0
-0
-0
-0
-0
-0
-0
-0
-0
-0
-0
-0
-0
-0
-0
-0
-0
-0
-0
-0
0
0
0
0
0
0
0
0
0
0
0
0
0
0
0
0
0
0
0
0
0
0
0
0
0
0
0
0
0
0
0
0
0
0
0
0
0
0
0
0
0
0
0
0
0
0
0
0
0
0
-0
-0
-0
-0
-0
-0
-0
-0
-0
-0
-0
-0
-0
-0
-0
-0
-0
-0
-0
-0
-0
-0
-0
-0
-0
-0
-0
-0
-0
-0
-0
-0
-0
-0
-0
-0
-0
-0
-0
-0
-0
-0
-0
-0
-0
-0
-0
-0
-0
-0
0
0
0
0
0
0
0
0
0
0
0
0
0
0
0
0
0
0
0
0
0
0
0
0
0
0
0
0
0
0
0
0
0
0
0
0
0
0
0
0
0
0
0
0
0
0
0
0
0
0
-0
-0
-0
-0
-0
-0
-0
-0
-0
-0
-0
-0
-0
-0
-0
-0
-0
-0
-0
-0
-0
-0
-0
-0
-0
-0
-0
-0
-0
-0
-0
-0
-0
-0
-0
-0
-0
-0
-0
-0
-0
-0
-0
-0
-0
-0
-0
-0
-0
-0
0
0
0
0
0
0
0
0
0
0
0
0
0
0
0
0
0
0
0
0
0
0
0
0
0
0
0
0
0
0
0
0
0
0
0
0
0
0
0
0
0
0
0
0
0
0
0
0
0
-0
-0
-0
-0
-0
-0
-0
-0
-0
-0
-0
-0
-0
-0
-0
-0
-0
-0
-0
-0
-0
-0
-0
-0
-0
-0
-0
-0
-0
-0
-0
-0
-0
-0
-0
-0
-0
-0
-0
-0
-0
-0
-0
-0
-0
-0
-0
-0
-0
-0
-0
0
0
0
0
0
0
0
0
0
0
0
0
0
0
0
0
0
0
0
0
0
0
0
0
0
0
0
0
0
0
0
0
0
0
0
0
0
0
0
0
0
0
0
0
0
0
0
0
0
-0
-0
-0
-0
-0
-0
-0
-0
-0
-0
-0
-0
-0
-0
-0
-0
-0
-0
-0
-0
-0
-0
-0
-0
-0
-0
-0
-0
-0
-0
-0
-0
-0
-0
-0
-0
-0
-0
-0
-0
-0
-0
-0
-0
-0
-0
-0
-0
-0
-0
-0
0
0
0
0
0
0
0
0
0
0
0
0
0
0
0
0
0
0
0
0
0
0
0
0
0
0
0
0
0
0
0
0
0
0
0
0
0
0
0
0
0
0
0
0
0
0
0
0
0
-0
