-0
-0
-0
-0
-0
-0
-0
-0
-0
-0
-0
-0
-0
-0
-0
-0
-0
-0
-0
-0
-0
-0
-0
-0
-0
-0
-0
-0
-0
-0
-0
-0
-0
-0
-0
-0
-0
-0
-0
-0
-0
-0
-0
-0
-0
-0
-0
-0
-0
-0
-0
0
0
0
0
0
0
0
0
0
0
0
0
0
0
0
0
0
0
0
0
0
0
0
0
0
0
0
0
0
0
0
0
0
0
0
0
0
0
0
0
0
0
0
0
0
0
0
0
0
0
-0
-0
-0
-0
-0
-0
-0
-0
-0
-0
-0
-0
-0
-0
-0
-0
-0
-0
-0
-0
-0
-0
-0
-0
-0
-0
-0
-0
-0
-0
-0
-0
-0
-0
-0
-0
-0
-0
-0
-0
-0
-0
-0
-0
-0
-0
-0
-0
-0
-0
0
0
0
0
0
0
0
0
0
0
0
0
0
0
0
0
0
0
0
0
0
0
0
0
0
0
0
0
0
0
0
0
0
0
0
0
0
0
0
0
0
0
0
0
0
0
0
0
0
0
-0
-0
-0
-0
-0
-0
-0
-0
-0
-0
-0
-0
-0
-0
-0
-0
-0
-0
-0
-0
-0
-0
-0
-0
-0
-0
-0
-0
-0
-0
-0
-0
-0
-0
-0
-0
-0
-0
-0
-0
-0
-0
-0
-0
-0
-0
-0
-0
-0
-0
0
0
0
0
0
0
0
0
0
0
0
0
0
0
0
0
0
0
0
0
0
0
0
0
0
0
0
0
0
0
0
0
0
0
0
0
0
0
0
0
0
0
0
0
0
0
0
0
0
0
-0
-0
-0
-0
-0
-0
-0
-0
-0
-0
-0
-0
-0
-0
-0
-0
-0
-0
-0
-0
-0
-0
-0
-0
-0
-0
-0
-0
-0
-0
-0
-0
-0
-0
-0
-0
-0
-0
-0
-0
-0
-0
-0
-0
-0
-0
-0
-0
-0
0
0
0
0
0
0
0
0
0
0
0
0
0
0
0
0
0
0
0
0
0
0
0
0
0
0
0
0
0
0
0
0
0
0
0
0
0
0
0
0
0
0
0
0
0
0
0
0
0
0
0
-0
-0
-0
-0
-0
-0
-0
-0
-0
-0
-0
-0
-0
-0
-0
-0
-0
-0
-0
-0
-0
-0
-0
-0
-0
-0
-0
-0
-0
-0
-0
-0
-0
-0
-0
-0
-0
-0
-0
-0
-0
-0
-0
-0
-0
-0
-0
-0
-0
-0
0
0
0
0
0
0
0
0
0
0
0
0
0
0
0
0
0
0
0
0
0
0
0
0
0
0
0
0
0
0
0
0
0
0
0
0
0
0
0
0
0
0
0
0
0
0
0
0
0
0
-0
-0
-0
-0
-0
-0
-0
-0
-0
-0
-0
-0
-0
-0
-0
-0
-0
-0
-0
-0
-0
-0
-0
-0
-0
-0
-0
-0
-0
-0
-0
-0
-0
-0
-0
-0
-0
-0
-0
-0
-0
-0
-0
-0
-0
-0
-0
-0
-0
0
0
0
0
0
0
0
0
0
0
0
0
0
0
0
0
0
0
0
0
0
0
0
0
0
0
0
0
0
0
0
0
0
0
0
0
0
0
0
0
0
0
0
0
0
0
0
0
0
0
0
-0
-0
-0
-0
-0
-0
-0
-0
-0
-0
-0
-0
-0
-0
-0
-0
-0
-0
-0
-0
-0
-0
-0
-0
-0
-0
-0
-0
-0
-0
-0
-0
-0
-0
-0
-0
-0
-0
-0
-0
-0
-0
-0
-0
-0
-0
-0
-0
-0
0
0
0
0
0
0
0
0
0
0
0
0
0
0
0
0
0
0
0
0
0
0
0
0
0
0
0
0
0
0
0
0
0
0
0
0
0
0
0
0
0
0
0
0
0
0
0
0
0
0
-0
-0
-0
-0
-0
-0
-0
-0
-0
-0
-0
-0
-0
-0
-0
-0
-0
-0
-0
-0
-0
-0
-0
-0
-0
-0
-0
-0
-0
-0
-0
-0
-0
-0
-0
-0
-0
-0
-0
-0
-0
-0
-0
-0
-0
-0
-0
-0
-0
-0
-0
0
0
0
0
0
0
0
0
0
0
0
0
0
0
0
0
0
0
0
0
0
0
0
0
0
0
0
0
0
0
0
0
0
0
0
0
0
0
0
0
0
0
0
0
0
0
0
0
0
0
-0
-0
-0
-0
-0
-0
-0
-0
-0
-0
-0
-0
-0
-0
-0
-0
-0
-0
-0
-0
-0
-0
-0
-0
-0
-0
-0
-0
-0
-0
-0
-0
-0
-0
-0
-0
-0
-0
-0
-0
-0
-0
-0
-0
-0
-0
-0
-0
-0
-0
0
0
0
0
0
0
0
0
0
0
0
0
0
0
0
0
0
0
0
0
0
0
0
0
0
0
0
0
0
0
0
0
0
0
0
0
0
0
0
0
0
0
0
0
0
0
0
0
0
0
-0
-0
-0
-0
-0
-0
-0
-0
-0
-0
-0
-0
-0
-0
-0
-0
-0
-0
-0
-0
-0
-0
-0
-0
-0
-0
-0
-0
-0
-0
-0
-0
-0
-0
-0
-0
-0
-0
-0
-0
-0
-0
-0
-0
-0
-0
-0
-0
-0
0
0
0
0
0
0
0
0
0
0
0
0
0
0
0
0
0
0
0
0
0
0
0
0
0
0
0
0
0
0
0
0
0
0
0
0
0
0
0
0
0
0
0
0
0
0
0
0
0
0
0
-0
-0
-0
-0
-0
-0
-0
-0
-0
-0
-0
-0
-0
-0
-0
-0
-0
-0
-0
-0
-0
-0
-0
-0
-0
-0
-0
-0
-0
-0
-0
-0
-0
-0
-0
-0
-0
-0
-0
-0
-0
-0
-0
-0
-0
-0
-0
-0
-0
0
0
0
0
0
0
0
0
0
0
0
0
0
0
0
0
0
0
0
0
0
0
0
0
0
0
0
0
0
0
0
0
0
0
0
0
0
0
0
0
0
0
0
0
0
0
0
0
0
0
-0
-0
-0
-0
-0
-0
-0
-0
-0
-0
-0
-0
-0
-0
-0
-0
-0
-0
-0
-0
-0
-0
-0
-0
-0
-0
-0
-0
-0
-0
-0
-0
-0
-0
-0
-0
-0
-0
-0
-0
-0
-0
-0
-0
-0
-0
-0
-0
-0
-0
0
0
0
0
0
0
0
0
0
0
0
0
0
0
0
0
0
0
0
0
0
0
0
0
0
0
0
0
0
0
0
0
0
0
0
0
0
0
0
0
0
0
0
0
0
0
0
0
0
0
0
-0
-0
-0
-0
-0
-0
-0
-0
-0
-0
-0
-0
-0
-0
-0
-0
-0
-0
-0
-0
-0
-0
-0
-0
-0
-0
-0
-0
-0
-0
-0
-0
-0
-0
-0
-0
-0
-0
-0
-0
-0
-0
-0
-0
-0
-0
-0
-0
-0
0
0
0
0
0
0
0
0
0
0
0
0
0
0
0
0
0
0
0
0
0
0
0
0
0
0
0
0
0
0
0
0
0
0
0
0
0
0
0
0
0
0
0
0
0
0
0
0
0
0
-0
-0
-0
-0
-0
-0
-0
-0
-0
-0
-0
-0
-0
-0
-0
-0
-0
-0
-0
-0
-0
-0
-0
-0
-0
-0
-0
-0
-0
-0
-0
-0
-0
-0
-0
-0
-0
-0
-0
-0
-0
-0
-0
-0
-0
-0
-0
-0
-0
-0
0
0
0
0
0
0
0
0
0
0
0
0
0
0
0
0
0
0
0
0
0
0
0
0
0
0
0
0
0
0
0
0
0
0
0
0
0
0
0
0
0
0
0
0
0
0
0
0
0
0
-0
-0
-0
-0
-0
-0
-0
-0
-0
-0
-0
-0
-0
-0
-0
-0
-0
-0
-0
-0
-0
-0
-0
-0
-0
-0
-0
-0
-0
-0
-0
-0
-0
-0
-0
-0
-0
-0
-0
-0
-0
-0
-0
-0
-0
-0
-0
-0
-0
-0
0
0
0
0
0
0
0
0
0
0
0
0
0
0
0
0
0
0
0
0
0
0
0
0
0
0
0
0
0
0
0
0
0
0
0
0
0
0
0
0
0
0
0
0
0
0
0
0
0
0
0
-0
-0
-0
-0
-0
-0
-0
-0
-0
-0
-0
-0
-0
-0
-0
-0
-0
-0
-0
-0
-0
-0
-0
-0
-0
-0
-0
-0
-0
-0
-0
-0
-0
-0
-0
-0
-0
-0
-0
-0
-0
-0
-0
-0
-0
-0
-0
-0
-0
-0
0
0
0
0
0
0
0
0
0
0
0
0
0
0
0
0
0
0
0
0
0
0
0
0
0
0
0
0
0
0
0
0
0
0
0
0
0
0
0
0
0
0
0
0
0
0
0
0
0
0
-0
-0
-0
-0
-0
-0
-0
-0
-0
-0
-0
-0
-0
-0
-0
-0
-0
-0
-0
-0
-0
-0
-0
-0
-0
-0
-0
-0
-0
-0
-0
-0
-0
-0
-0
-0
-0
-0
-0
-0
-0
-0
-0
-0
-0
-0
-0
-0
-0
-0
0
0
0
0
0
0
0
0
0
0
0
0
0
0
0
0
0
0
0
0
0
0
0
0
0
0
0
0
0
0
0
0
0
0
0
0
0
0
0
0
0
0
0
0
0
0
0
0
0
0
-0
-0
-0
-0
-0
-0
-0
-0
-0
-0
-0
-0
-0
-0
-0
-0
-0
-0
-0
-0
-0
-0
-0
-0
-0
-0
-0
-0
-0
-0
-0
-0
-0
-0
-0
-0
-0
-0
-0
-0
-0
-0
-0
-0
-0
-0
-0
-0
-0
-0
0
0
0
0
0
0
0
0
0
0
0
0
0
0
0
0
0
0
0
0
0
0
0
0
0
0
0
0
0
0
0
0
0
0
0
0
0
0
0
0
0
0
0
0
0
0
0
0
0
0
-0
-0
-0
-0
-0
-0
-0
-0
-0
-0
-0
-0
-0
-0
-0
-0
-0
-0
-0
-0
-0
-0
-0
-0
-0
-0
-0
-0
-0
-0
-0
-0
-0
-0
-0
-0
-0
-0
-0
-0
-0
-0
-0
-0
-0
-0
-0
-0
-0
-0
0
0
0
0
0
0
0
0
0
0
0
0
0
0
0
0
0
0
0
0
0
0
0
0
0
0
0
0
0
0
0
0
0
0
0
0
0
0
0
0
0
0
0
0
0
0
0
0
0
-0
-0
-0
-0
-0
-0
-0
-0
-0
-0
-0
-0
-0
-0
-0
-0
-0
-0
-0
-0
-0
-0
-0
-0
-0
-0
-0
-0
-0
-0
-0
-0
-0
-0
-0
-0
-0
-0
-0
-0
-0
-0
-0
-0
-0
-0
-0
-0
-0
-0
-0
0
0
0
0
0
0
0
0
0
0
0
0
0
0
0
0
0
0
0
0
0
0
0
0
0
0
0
0
0
0
0
0
0
0
0
0
0
0
0
0
0
0
0
0
0
0
0
0
0
0
-3.5791e-08
-1.4288e-07
-3.2042e-07
-5.6701e-07
-8.807e-07
-1.259e-06
-1.6989e-06
-2.1968e-06
-2.7488e-06
-3.3504e-06
-3.9966e-06
-4.6823e-06
-5.4017e-06
-6.1487e-06
-6.9171e-06
-7.7003e-06
-8.4914e-06
-9.2835e-06
-1.0069e-05
-1.0842e-05
-1.1594e-05
-1.2318e-05
-1.3007e-05
-1.3653e-05
-1.425e-05
-1.4791e-05
-1.5269e-05
-1.5677e-05
-1.6011e-05
-1.6263e-05
-1.6429e-05
-1.6504e-05
-1.6483e-05
-1.6363e-05
-1.614e-05
-1.5811e-05
-1.5374e-05
-1.4827e-05
-1.417e-05
-1.3402e-05
-1.2522e-05
-1.1533e-05
-1.0436e-05
-9.2326e-06
-7.9263e-06
-6.5206e-06
-5.0199e-06
-3.4291e-06
-1.7537e-06
-4.4686e-19
1.8253e-06
3.7149e-06
5.6608e-06
7.6547e-06
9.6877e-06
1.1751e-05
1.3834e-05
1.5927e-05
1.802e-05
2.0102e-05
2.2163e-05
2.4192e-05
2.6177e-05
2.8108e-05
2.9974e-05
3.1764e-05
3.3466e-05
3.5071e-05
3.6568e-05
3.7947e-05
3.9199e-05
4.0313e-05
4.1282e-05
4.2097e-05
4.275e-05
4.3235e-05
4.3544e-05
4.3672e-05
4.3615e-05
4.3368e-05
4.2928e-05
4.2292e-05
4.1458e-05
4.0426e-05
3.9197e-05
3.7771e-05
3.615e-05
3.4337e-05
3.2337e-05
3.0153e-05
2.7793e-05
2.5263e-05
2.2571e-05
1.9724e-05
1.6733e-05
1.3608e-05
1.036e-05
7.0011e-06
3.5433e-06
-1.1183e-19
-3.6149e-06
-7.2869e-06
-1.1001e-05
-1.4742e-05
-1.8495e-05
-2.2242e-05
-2.5968e-05
-2.9657e-05
-3.3291e-05
-3.6854e-05
-4.033e-05
-4.3701e-05
-4.6953e-05
-5.0068e-05
-5.3031e-05
-5.5827e-05
-5.8441e-05
-6.0859e-05
-6.3067e-05
-6.5052e-05
-6.6803e-05
-6.8308e-05
-6.9557e-05
-7.0541e-05
-7.125e-05
-7.1678e-05
-7.1819e-05
-7.1668e-05
-7.122e-05
-7.0473e-05
-6.9426e-05
-6.8079e-05
-6.6433e-05
-6.449e-05
-6.2254e-05
-5.973e-05
-5.6925e-05
-5.3846e-05
-5.0503e-05
-4.6905e-05
-4.3064e-05
-3.8993e-05
-3.4705e-05
-3.0216e-05
-2.554e-05
-2.0696e-05
-1.5701e-05
-1.0573e-05
-5.3328e-06
-7.54e-19
5.4044e-06
1.0859e-05
1.6342e-05
2.183e-05
2.7302e-05
3.2734e-05
3.8103e-05
4.3387e-05
4.8562e-05
5.3606e-05
5.8496e-05
6.3211e-05
6.7728e-05
7.2028e-05
7.6088e-05
7.989e-05
8.3416e-05
8.6646e-05
8.9565e-05
9.2157e-05
9.4408e-05
9.6303e-05
9.7832e-05
9.8984e-05
9.975e-05
0.00010012
0.00010009
9.9663e-05
9.8825e-05
9.7578e-05
9.5925e-05
9.3867e-05
9.1408e-05
8.8553e-05
8.5311e-05
8.169e-05
7.7701e-05
7.3356e-05
6.867e-05
6.3657e-05
5.8335e-05
5.2723e-05
4.684e-05
4.0707e-05
3.4347e-05
2.7784e-05
2.1041e-05
1.4145e-05
7.1223e-06
-1.0058e-18
-7.1939e-06
-1.4431e-05
-2.1682e-05
-2.8918e-05
-3.6109e-05
-4.3225e-05
-5.0238e-05
-5.7117e-05
-6.3833e-05
-7.0358e-05
-7.6663e-05
-8.2721e-05
-8.8504e-05
-9.3987e-05
-9.9145e-05
-0.00010395
-0.00010839
-0.00011243
-0.00011606
-0.00011926
-0.00012201
-0.0001243
-0.00012611
-0.00012743
-0.00012825
-0.00012857
-0.00012837
-0.00012766
-0.00012643
-0.00012468
-0.00012242
-0.00011965
-0.00011638
-0.00011262
-0.00010837
-0.00010365
-9.8476e-05
-9.2866e-05
-8.6836e-05
-8.0409e-05
-7.3607e-05
-6.6453e-05
-5.8975e-05
-5.1199e-05
-4.3154e-05
-3.4871e-05
-2.6381e-05
-1.7717e-05
-8.9119e-06
-2.7904e-19
8.9834e-06
1.8003e-05
2.7022e-05
3.6005e-05
4.4916e-05
5.3717e-05
6.2372e-05
7.0847e-05
7.9104e-05
8.711e-05
9.483e-05
0.00010223
0.00010928
0.00011595
0.0001222
0.00012802
0.00013337
0.00013822
0.00014256
0.00014637
0.00014962
0.00015229
0.00015438
0.00015587
0.00015675
0.00015701
0.00015664
0.00015565
0.00015403
0.00015179
0.00014892
0.00014544
0.00014136
0.00013668
0.00013142
0.00012561
0.00011925
0.00011238
0.000105
9.7161e-05
8.8878e-05
8.0183e-05
7.1109e-05
6.169e-05
5.1961e-05
4.1959e-05
3.1722e-05
2.1289e-05
1.0701e-05
-2.6818e-18
-1.0773e-05
-2.1575e-05
-3.2363e-05
-4.3093e-05
-5.3723e-05
-6.4208e-05
-7.4507e-05
-8.4577e-05
-9.4375e-05
-0.00010386
-0.000113
-0.00012174
-0.00013006
-0.00013791
-0.00014526
-0.00015208
-0.00015834
-0.00016401
-0.00016906
-0.00017347
-0.00017722
-0.00018029
-0.00018266
-0.00018432
-0.00018525
-0.00018545
-0.00018492
-0.00018365
-0.00018164
-0.00017889
-0.00017542
-0.00017123
-0.00016633
-0.00016074
-0.00015448
-0.00014757
-0.00014003
-0.00013188
-0.00012317
-0.00011391
-0.00010415
-9.3913e-05
-8.3244e-05
-7.2182e-05
-6.0768e-05
-4.9047e-05
-3.7062e-05
-2.4861e-05
-1.2491e-05
9.7801e-19
1.2562e-05
2.5147e-05
3.7703e-05
5.0181e-05
6.253e-05
7.47e-05
8.6642e-05
9.8307e-05
0.00010965
0.00012061
0.00013116
0.00014125
0.00015083
0.00015987
0.00016832
0.00017614
0.00018331
0.0001898
0.00019556
0.00020058
0.00020483
0.00020828
0.00021093
0.00021276
0.00021375
0.0002139
0.0002132
0.00021164
0.00020924
0.000206
0.00020192
0.00019702
0.00019131
0.00018481
0.00017754
0.00016953
0.0001608
0.00015139
0.00014134
0.00013066
0.00011942
0.00010764
9.5379e-05
8.2673e-05
6.9575e-05
5.6134e-05
4.2403e-05
2.8433e-05
1.428e-05
1.3403e-18
-1.4352e-05
-2.8719e-05
-4.3043e-05
-5.7268e-05
-7.1337e-05
-8.5191e-05
-9.8777e-05
-0.00011204
-0.00012492
-0.00013737
-0.00014933
-0.00016076
-0.00017161
-0.00018183
-0.00019137
-0.00020021
-0.00020829
-0.00021558
-0.00022206
-0.00022768
-0.00023243
-0.00023628
-0.00023921
-0.0002412
-0.00024225
-0.00024234
-0.00024147
-0.00023964
-0.00023685
-0.0002331
-0.00022842
-0.0002228
-0.00021628
-0.00020887
-0.0002006
-0.00019149
-0.00018158
-0.0001709
-0.0001595
-0.00014742
-0.00013469
-0.00012137
-0.00010751
-9.3165e-05
-7.8382e-05
-6.3222e-05
-4.7743e-05
-3.2005e-05
-1.607e-05
3.0172e-18
1.6142e-05
3.2291e-05
4.8384e-05
6.4356e-05
8.0144e-05
9.5683e-05
0.00011091
0.00012577
0.00014019
0.00015412
0.0001675
0.00018027
0.00019238
0.00020379
0.00021443
0.00022427
0.00023326
0.00024137
0.00024856
0.00025479
0.00026004
0.00026427
0.00026748
0.00026965
0.00027075
0.00027078
0.00026975
0.00026763
0.00026445
0.00026021
0.00025492
0.00024859
0.00024126
0.00023293
0.00022365
0.00021345
0.00020235
0.00019041
0.00017767
0.00016417
0.00014996
0.0001351
0.00011965
0.00010366
8.7189e-05
7.031e-05
5.3083e-05
3.5577e-05
1.786e-05
-2.7937e-19
-1.7824e-05
-3.5506e-05
-5.2976e-05
-7.0168e-05
-8.7013e-05
-0.00010345
-0.00011941
-0.00013483
-0.00014966
-0.00016383
-0.00017731
-0.00019002
-0.00020194
-0.00021301
-0.00022319
-0.00023245
-0.00024076
-0.00024808
-0.00025439
-0.00025967
-0.0002639
-0.00026707
-0.00026918
-0.00027022
-0.00027018
-0.00026908
-0.00026692
-0.00026371
-0.00025948
-0.00025425
-0.00024803
-0.00024086
-0.00023276
-0.00022379
-0.00021397
-0.00020335
-0.00019197
-0.00017988
-0.00016713
-0.00015378
-0.00013988
-0.00012549
-0.00011067
-9.5473e-05
-7.9967e-05
-6.4214e-05
-4.8277e-05
-3.2219e-05
-1.6106e-05
4.7663e-18
1.6034e-05
3.1934e-05
4.7636e-05
6.308e-05
7.8206e-05
9.2955e-05
0.00010727
0.0001211
0.00013439
0.00014708
0.00015914
0.00017051
0.00018116
0.00019105
0.00020013
0.00020839
0.00021578
0.00022229
0.00022789
0.00023256
0.0002363
0.00023908
0.00024091
0.00024177
0.00024168
0.00024063
0.00023864
0.00023572
0.00023188
0.00022714
0.00022153
0.00021507
0.00020779
0.00019973
0.00019091
0.00018139
0.00017119
0.00016037
0.00014897
0.00013703
0.00012461
0.00011176
9.8534e-05
8.4982e-05
7.116e-05
5.7127e-05
4.2937e-05
2.8647e-05
1.4316e-05
-1.7837e-18
-1.4245e-05
-2.8362e-05
-4.2296e-05
-5.5993e-05
-6.9399e-05
-8.2464e-05
-9.5136e-05
-0.00010737
-0.00011911
-0.00013033
-0.00014097
-0.000151
-0.00016039
-0.00016909
-0.00017708
-0.00018433
-0.00019081
-0.0001965
-0.00020139
-0.00020546
-0.00020869
-0.00021108
-0.00021263
-0.00021333
-0.00021318
-0.00021219
-0.00021037
-0.00020772
-0.00020427
-0.00020004
-0.00019503
-0.00018928
-0.00018282
-0.00017566
-0.00016785
-0.00015943
-0.00015042
-0.00014086
-0.0001308
-0.00012028
-0.00010934
-9.8032e-05
-8.6399e-05
-7.449e-05
-6.2353e-05
-5.0039e-05
-3.7596e-05
-2.5075e-05
-1.2527e-05
-5.8444e-19
1.2455e-05
2.479e-05
3.6955e-05
4.8905e-05
6.0592e-05
7.1972e-05
8.3001e-05
9.3638e-05
0.00010384
0.00011358
0.00012281
0.00013149
0.00013961
0.00014713
0.00015402
0.00016026
0.00016583
0.00017071
0.00017489
0.00017835
0.00018109
0.00018309
0.00018435
0.00018488
0.00018468
0.00018375
0.00018209
0.00017973
0.00017667
0.00017293
0.00016853
0.00016349
0.00015784
0.0001516
0.0001448
0.00013747
0.00012964
0.00012135
0.00011263
0.00010353
9.407e-05
8.4302e-05
7.4264e-05
6.3998e-05
5.3546e-05
4.2951e-05
3.2256e-05
2.1503e-05
1.0737e-05
-2.5059e-18
-1.0666e-05
-2.1218e-05
-3.1615e-05
-4.1817e-05
-5.1785e-05
-6.148e-05
-7.0867e-05
-7.9908e-05
-8.8572e-05
-9.6826e-05
-0.00010464
-0.00011199
-0.00011884
-0.00012517
-0.00013096
-0.0001362
-0.00014086
-0.00014493
-0.00014839
-0.00015125
-0.00015348
-0.00015509
-0.00015608
-0.00015644
-0.00015618
-0.0001553
-0.00015382
-0.00015173
-0.00014906
-0.00014583
-0.00014203
-0.00013771
-0.00013287
-0.00012754
-0.00012174
-0.00011551
-0.00010886
-0.00010184
-9.4466e-05
-8.6775e-05
-7.8799e-05
-7.0572e-05
-6.213e-05
-5.3507e-05
-4.4739e-05
-3.5864e-05
-2.6915e-05
-1.7931e-05
-8.9476e-06
5.5673e-19
8.8761e-06
1.7646e-05
2.6275e-05
3.473e-05
4.2978e-05
5.0989e-05
5.8732e-05
6.6179e-05
7.3301e-05
8.0074e-05
8.6473e-05
9.2475e-05
9.8061e-05
0.00010321
0.00010791
0.00011214
0.00011588
0.00011914
0.00012189
0.00012414
0.00012588
0.0001271
0.0001278
0.000128
0.00012768
0.00012686
0.00012554
0.00012374
0.00012146
0.00011872
0.00011553
0.00011192
0.00010789
0.00010347
9.8684e-05
9.3548e-05
8.8089e-05
8.233e-05
7.63e-05
7.0023e-05
6.3528e-05
5.6842e-05
4.9995e-05
4.3015e-05
3.5932e-05
2.8776e-05
2.1575e-05
1.4359e-05
7.1581e-06
-2.446e-18
-7.0865e-06
-1.4074e-05
-2.0934e-05
-2.7642e-05
-3.4171e-05
-4.0497e-05
-4.6597e-05
-5.2449e-05
-5.803e-05
-6.3322e-05
-6.8306e-05
-7.2966e-05
-7.7285e-05
-8.1251e-05
-8.485e-05
-8.8072e-05
-9.0908e-05
-9.3351e-05
-9.5395e-05
-9.7036e-05
-9.8272e-05
-9.9103e-05
-9.9529e-05
-9.9553e-05
-9.918e-05
-9.8415e-05
-9.7267e-05
-9.5744e-05
-9.3856e-05
-9.1615e-05
-8.9035e-05
-8.613e-05
-8.2916e-05
-7.9409e-05
-7.5627e-05
-7.1588e-05
-6.7313e-05
-6.2821e-05
-5.8133e-05
-5.3271e-05
-4.8257e-05
-4.3112e-05
-3.786e-05
-3.2524e-05
-2.7126e-05
-2.1688e-05
-1.6235e-05
-1.0787e-05
-5.3686e-06
9.1581e-19
5.297e-06
1.0502e-05
1.5594e-05
2.0554e-05
2.5364e-05
3.0006e-05
3.4463e-05
3.8719e-05
4.2759e-05
4.657e-05
5.014e-05
5.3456e-05
5.651e-05
5.9291e-05
6.1793e-05
6.4009e-05
6.5933e-05
6.7563e-05
6.8896e-05
6.9931e-05
7.0668e-05
7.1108e-05
7.1254e-05
7.1109e-05
7.068e-05
6.9972e-05
6.8992e-05
6.7748e-05
6.6251e-05
6.451e-05
6.2537e-05
6.0343e-05
5.7941e-05
5.5346e-05
5.257e-05
4.9629e-05
4.6537e-05
4.3311e-05
3.9966e-05
3.6519e-05
3.2985e-05
2.9382e-05
2.5726e-05
2.2032e-05
1.8319e-05
1.4601e-05
1.0894e-05
7.2154e-06
3.5791e-06
-1.3972e-22
-3.5075e-06
-6.9297e-06
-1.0254e-05
-1.3467e-05
-1.6557e-05
-1.9514e-05
-2.2328e-05
-2.4989e-05
-2.7488e-05
-2.9818e-05
-3.1973e-05
-3.3947e-05
-3.5734e-05
-3.7331e-05
-3.8736e-05
-3.9945e-05
-4.0959e-05
-4.1776e-05
-4.2398e-05
-4.2826e-05
-4.3063e-05
-4.3113e-05
-4.2978e-05
-4.2666e-05
-4.218e-05
-4.1528e-05
-4.0716e-05
-3.9753e-05
-3.8646e-05
-3.7405e-05
-3.6038e-05
-3.4555e-05
-3.2967e-05
-3.1282e-05
-2.9513e-05
-2.7669e-05
-2.5762e-05
-2.3802e-05
-2.18e-05
-1.9767e-05
-1.7714e-05
-1.5652e-05
-1.3591e-05
-1.1541e-05
-9.5115e-06
-7.5129e-06
-5.554e-06
-3.6434e-06
-1.7895e-06
4.9279e-19
1.7179e-06
3.3577e-06
4.9131e-06
6.3789e-06
7.7501e-06
9.0227e-06
1.0193e-05
1.1259e-05
1.2217e-05
1.3066e-05
1.3807e-05
1.4437e-05
1.4958e-05
1.5372e-05
1.5679e-05
1.5882e-05
1.5984e-05
1.5988e-05
1.5899e-05
1.5721e-05
1.5459e-05
1.5117e-05
1.4703e-05
1.4222e-05
1.368e-05
1.3084e-05
1.2441e-05
1.1758e-05
1.1042e-05
1.03e-05
9.5395e-06
8.7678e-06
7.9919e-06
7.219e-06
6.456e-06
5.7095e-06
4.9861e-06
4.2921e-06
3.6333e-06
3.0153e-06
2.4434e-06
1.9222e-06
1.4562e-06
1.0492e-06
7.0456e-07
4.2526e-07
2.1361e-07
7.144e-08
0
0
-0
-0
-0
-0
-0
-0
-0
-0
-0
-0
-0
-0
-0
-0
-0
-0
-0
-0
-0
-0
-0
-0
-0
-0
-0
-0
-0
-0
-0
-0
-0
-0
-0
-0
-0
-0
-0
-0
-0
-0
-0
-0
-0
-0
-0
-0
-0
-0
-0
-0
0
0
0
0
0
0
0
0
0
0
0
0
0
0
0
0
0
0
0
0
0
0
0
0
0
0
0
0
0
0
0
0
0
0
0
0
0
0
0
0
0
0
0
0
0
0
0
0
0
0
-0
-0
-0
-0
-0
-0
-0
-0
-0
-0
-0
-0
-0
-0
-0
-0
-0
-0
-0
-0
-0
-0
-0
-0
-0
-0
-0
-0
-0
-0
-0
-0
-0
-0
-0
-0
-0
-0
-0
-0
-0
-0
-0
-0
-0
-0
-0
-0
-0
-0
0
0
0
0
0
0
0
0
0
0
0
0
0
0
0
0
0
0
0
0
0
0
0
0
0
0
0
0
0
0
0
0
0
0
0
0
0
0
0
0
0
0
0
0
0
0
0
0
0
0
-0
-0
-0
-0
-0
-0
-0
-0
-0
-0
-0
-0
-0
-0
-0
-0
-0
-0
-0
-0
-0
-0
-0
-0
-0
-0
-0
-0
-0
-0
-0
-0
-0
-0
-0
-0
-0
-0
-0
-0
-0
-0
-0
-0
-0
-0
-0
-0
-0
-0
0
0
0
0
0
0
0
0
0
0
0
0
0
0
0
0
0
0
0
0
0
0
0
0
0
0
0
0
0
0
0
0
0
0
0
0
0
0
0
0
0
0
0
0
0
0
0
0
0
0
-0
-0
-0
-0
-0
-0
-0
-0
-0
-0
-0
-0
-0
-0
-0
-0
-0
-0
-0
-0
-0
-0
-0
-0
-0
-0
-0
-0
-0
-0
-0
-0
-0
-0
-0
-0
-0
-0
-0
-0
-0
-0
-0
-0
-0
-0
-0
-0
-0
-0
0
0
0
0
0
0
0
0
0
0
0
0
0
0
0
0
0
0
0
0
0
0
0
0
0
0
0
0
0
0
0
0
0
0
0
0
0
0
0
0
0
0
0
0
0
0
0
0
0
0
-0
-0
-0
-0
-0
-0
-0
-0
-0
-0
-0
-0
-0
-0
-0
-0
-0
-0
-0
-0
-0
-0
-0
-0
-0
-0
-0
-0
-0
-0
-0
-0
-0
-0
-0
-0
-0
-0
-0
-0
-0
-0
-0
-0
-0
-0
-0
-0
-0
-0
0
0
0
0
0
0
0
0
0
0
0
0
0
0
0
0
0
0
0
0
0
0
0
0
0
0
0
0
0
0
0
0
0
0
0
0
0
0
0
0
0
0
0
0
0
0
0
0
0
0
-0
-0
-0
-0
-0
-0
-0
-0
-0
-0
-0
-0
-0
-0
-0
-0
-0
-0
-0
-0
-0
-0
-0
-0
-0
-0
-0
-0
-0
-0
-0
-0
-0
-0
-0
-0
-0
-0
-0
-0
-0
-0
-0
-0
-0
-0
-0
-0
-0
0
0
0
0
0
0
0
0
0
0
0
0
0
0
0
0
0
0
0
0
0
0
0
0
0
0
0
0
0
0
0
0
0
0
0
0
0
0
0
0
0
0
0
0
0
0
0
0
0
0
0
-0
-0
-0
-0
-0
-0
-0
-0
-0
-0
-0
-0
-0
-0
-0
-0
-0
-0
-0
-0
-0
-0
-0
-0
-0
-0
-0
-0
-0
-0
-0
-0
-0
-0
-0
-0
-0
-0
-0
-0
-0
-0
-0
-0
-0
-0
-0
-0
-0
-0
0
0
0
0
0
0
0
0
0
0
0
0
0
0
0
0
0
0
0
0
0
0
0
0
0
0
0
0
0
0
0
0
0
0
0
0
0
0
0
0
0
0
0
0
0
0
0
0
0
0
-0
-0
-0
-0
-0
-0
-0
-0
-0
-0
-0
-0
-0
-0
-0
-0
-0
-0
-0
-0
-0
-0
-0
-0
-0
-0
-0
-0
-0
-0
-0
-0
-0
-0
-0
-0
-0
-0
-0
-0
-0
-0
-0
-0
-0
-0
-0
-0
-0
-0
0
0
0
0
0
0
0
0
0
0
0
0
0
0
0
0
0
0
0
0
0
0
0
0
0
0
0
0
0
0
0
0
0
0
0
0
0
0
0
0
0
0
0
0
0
0
0
0
0
-0
-0
-0
-0
-0
-0
-0
-0
-0
-0
-0
-0
-0
-0
-0
-0
-0
-0
-0
-0
-0
-0
-0
-0
-0
-0
-0
-0
-0
-0
-0
-0
-0
-0
-0
-0
-0
-0
-0
-0
-0
-0
-0
-0
-0
-0
-0
-0
-0
-0
-0
0
0
0
0
0
0
0
0
0
0
0
0
0
0
0
0
0
0
0
0
0
0
0
0
0
0
0
0
0
0
0
0
0
0
0
0
0
0
0
0
0
0
0
0
0
0
0
0
0
0
-0
-0
-0
-0
-0
-0
-0
-0
-0
-0
-0
-0
-0
-0
-0
-0
-0
-0
-0
-0
-0
-0
-0
-0
-0
-0
-0
-0
-0
-0
-0
-0
-0
-0
-0
-0
-0
-0
-0
-0
-0
-0
-0
-0
-0
-0
-0
-0
-0
0
0
0
0
0
0
0
0
0
0
0
0
0
0
0
0
0
0
0
0
0
0
0
0
0
0
0
0
0
0
0
0
0
0
0
0
0
0
0
0
0
0
0
0
0
0
0
0
0
0
0
-0
-0
-0
-0
-0
-0
-0
-0
-0
-0
-0
-0
-0
-0
-0
-0
-0
-0
-0
-0
-0
-0
-0
-0
-0
-0
-0
-0
-0
-0
-0
-0
-0
-0
-0
-0
-0
-0
-0
-0
-0
-0
-0
-0
-0
-0
-0
-0
-0
-0
0
0
0
0
0
0
0
0
0
0
0
0
0
0
0
0
0
0
0
0
0
0
0
0
0
0
0
0
0
0
0
0
0
0
0
0
0
0
0
0
0
0
0
0
0
0
0
0
0
0
-0
-0
-0
-0
-0
-0
-0
-0
-0
-0
-0
-0
-0
-0
-0
-0
-0
-0
-0
-0
-0
-0
-0
-0
-0
-0
-0
-0
-0
-0
-0
-0
-0
-0
-0
-0
-0
-0
-0
-0
-0
-0
-0
-0
-0
-0
-0
-0
-0
0
0
0
0
0
0
0
0
0
0
0
0
0
0
0
0
0
0
0
0
0
0
0
0
0
0
0
0
0
0
0
0
0
0
0
0
0
0
0
0
0
0
0
0
0
0
0
0
0
0
-0
-0
-0
-0
-0
-0
-0
-0
-0
-0
-0
-0
-0
-0
-0
-0
-0
-0
-0
-0
-0
-0
-0
-0
-0
-0
-0
-0
-0
-0
-0
-0
-0
-0
-0
-0
-0
-0
-0
-0
-0
-0
-0
-0
-0
-0
-0
-0
-0
-0
-0
0
0
0
0
0
0
0
0
0
0
0
0
0
0
0
0
0
0
0
0
0
0
0
0
0
0
0
0
0
0
0
0
0
0
0
0
0
0
0
0
0
0
0
0
0
0
0
0
0
0
-0
-0
-0
-0
-0
-0
-0
-0
-0
-0
-0
-0
-0
-0
-0
-0
-0
-0
-0
-0
-0
-0
-0
-0
-0
-0
-0
-0
-0
-0
-0
-0
-0
-0
-0
-0
-0
-0
-0
-0
-0
-0
-0
-0
-0
-0
-0
-0
-0
0
0
0
0
0
0
0
0
0
0
0
0
0
0
0
0
0
0
0
0
0
0
0
0
0
0
0
0
0
0
0
0
0
0
0
0
0
0
0
0
0
0
0
0
0
0
0
0
0
0
-0
-0
-0
-0
-0
-0
-0
-0
-0
-0
-0
-0
-0
-0
-0
-0
-0
-0
-0
-0
-0
-0
-0
-0
-0
-0
-0
-0
-0
-0
-0
-0
-0
-0
-0
-0
-0
-0
-0
-0
-0
-0
-0
-0
-0
-0
-0
-0
-0
-0
0
0
0
0
0
0
0
0
0
0
0
0
0
0
0
0
0
0
0
0
0
0
0
0
0
0
0
0
0
0
0
0
0
0
0
0
0
0
0
0
0
0
0
0
0
0
0
0
0
0
0
-0
-0
-0
-0
-0
-0
-0
-0
-0
-0
-0
-0
-0
-0
-0
-0
-0
-0
-0
-0
-0
-0
-0
-0
-0
-0
-0
-0
-0
-0
-0
-0
-0
-0
-0
-0
-0
-0
-0
-0
-0
-0
-0
-0
-0
-0
-0
-0
-0
-0
0
0
0
0
0
0
0
0
0
0
0
0
0
0
0
0
0
0
0
0
0
0
0
0
0
0
0
0
0
0
0
0
0
0
0
0
0
0
0
0
0
0
0
0
0
0
0
0
0
-0
-0
-0
-0
-0
-0
-0
-0
-0
-0
-0
-0
-0
-0
-0
-0
-0
-0
-0
-0
-0
-0
-0
-0
-0
-0
-0
-0
-0
-0
-0
-0
-0
-0
-0
-0
-0
-0
-0
-0
-0
-0
-0
-0
-0
-0
-0
-0
-0
-0
0
0
0
0
0
0
0
0
0
0
0
0
0
0
0
0
0
0
0
0
0
0
0
0
0
0
0
0
0
0
0
0
0
0
0
0
0
0
0
0
0
0
0
0
0
0
0
0
0
0
-0
-0
-0
-0
-0
-0
-0
-0
-0
-0
-0
-0
-0
-0
-0
-0
-0
-0
-0
-0
-0
-0
-0
-0
-0
-0
-0
-0
-0
-0
-0
-0
-0
-0
-0
-0
-0
-0
-0
-0
-0
-0
-0
-0
-0
-0
-0
-0
-0
-0
-0
0
0
0
0
0
0
0
0
0
0
0
0
0
0
0
0
0
0
0
0
0
0
0
0
0
0
0
0
0
0
0
0
0
0
0
0
0
0
0
0
0
0
0
0
0
0
0
0
0
0
-0
-0
-0
-0
-0
-0
-0
-0
-0
-0
-0
-0
-0
-0
-0
-0
-0
-0
-0
-0
-0
-0
-0
-0
-0
-0
-0
-0
-0
-0
-0
-0
-0
-0
-0
-0
-0
-0
-0
-0
-0
-0
-0
-0
-0
-0
-0
-0
-0
0
0
0
0
0
0
0
0
0
0
0
0
0
0
0
0
0
0
0
0
0
0
0
0
0
0
0
0
0
0
0
0
0
0
0
0
0
0
0
0
0
0
0
0
0
0
0
0
0
0
-0
-0
-0
-0
-0
-0
-0
-0
-0
-0
-0
-0
-0
-0
-0
-0
-0
-0
-0
-0
-0
-0
-0
-0
-0
-0
-0
-0
-0
-0
-0
-0
-0
-0
-0
-0
-0
-0
-0
-0
-0
-0
-0
-0
-0
-0
-0
-0
-0
-0
0
0
0
0
0
0
0
0
0
0
0
0
0
0
0
0
0
0
0
0
0
0
0
0
0
0
0
0
0
0
0
0
0
0
0
0
0
0
0
0
0
0
0
0
0
0
0
0
0
0
-0
-0
-0
-0
-0
-0
-0
-0
-0
-0
-0
-0
-0
-0
-0
-0
-0
-0
-0
-0
-0
-0
-0
-0
-0
-0
-0
-0
-0
-0
-0
-0
-0
-0
-0
-0
-0
-0
-0
-0
-0
-0
-0
-0
-0
-0
-0
-0
-0
-0
-0
0
0
0
0
0
0
0
0
0
0
0
0
0
0
0
0
0
0
0
0
0
0
0
0
0
0
0
0
0
0
0
0
0
0
0
0
0
0
0
0
0
0
0
0
0
0
0
0
0
0
-0
-0
-0
-0
-0
-0
-0
-0
-0
-0
-0
-0
-0
-0
-0
-0
-0
-0
-0
-0
-0
-0
-0
-0
-0
-0
-0
-0
-0
-0
-0
-0
-0
-0
-0
-0
-0
-0
-0
-0
-0
-0
-0
-0
-0
-0
-0
-0
-0
-0
0
0
0
0
0
0
0
0
0
0
0
0
0
0
0
0
0
0
0
0
0
0
0
0
0
0
0
0
0
0
0
0
0
0
0
0
0
0
0
0
0
0
0
0
0
0
0
0
0
-0
-0
-0
-0
-0
-0
-0
-0
-0
-0
-0
-0
-0
-0
-0
-0
-0
-0
-0
-0
-0
-0
-0
-0
-0
-0
-0
-0
-0
-0
-0
-0
-0
-0
-0
-0
-0
-0
-0
-0
-0
-0
-0
-0
-0
-0
-0
-0
-0
-0
0
0
0
0
0
0
0
0
0
0
0
0
0
0
0
0
0
0
0
0
0
0
0
0
0
0
0
0
0
0
0
0
0
0
0
0
0
0
0
0
0
0
0
0
0
0
0
0
0
0
0
-0
-0
-0
-0
-0
-0
-0
-0
-0
-0
-0
-0
-0
-0
-0
-0
-0
-0
-0
-0
-0
-0
-0
-0
-0
-0
-0
-0
-0
-0
-0
-0
-0
-0
-0
-0
-0
-0
-0
-0
-0
-0
-0
-0
-0
-0
-0
-0
-0
-0
0
0
0
0
0
0
0
0
0
0
0
0
0
0
0
0
0
0
0
0
0
0
0
0
0
0
0
0
0
0
0
0
0
0
0
0
0
0
0
0
0
0
0
0
0
0
0
0
0
0
-0
-0
-0
-0
-0
-0
-0
-0
-0
-0
-0
-0
-0
-0
-0
-0
-0
-0
-0
-0
-0
-0
-0
-0
-0
-0
-0
-0
-0
-0
-0
-0
-0
-0
-0
-0
-0
-0
-0
-0
-0
-0
-0
-0
-0
-0
-0
-0
-0
0
0
0
0
0
0
0
0
0
0
0
0
0
0
0
0
0
0
0
0
0
0
0
0
0
0
0
0
0
0
0
0
0
0
0
0
0
0
0
0
0
0
0
0
0
0
0
0
0
0
-0
-0
-0
-0
-0
-0
-0
-0
-0
-0
-0
-0
-0
-0
-0
-0
-0
-0
-0
-0
-0
-0
-0
-0
-0
-0
-0
-0
-0
-0
-0
-0
-0
-0
-0
-0
-0
-0
-0
-0
-0
-0
-0
-0
-0
-0
-0
-0
-0
-0
-0
0
0
0
0
0
0
0
0
0
0
0
0
0
0
0
0
0
0
0
0
0
0
0
0
0
0
0
0
0
0
0
0
0
0
0
0
0
0
0
0
0
0
0
0
0
0
0
0
0
0
-0
-0
-0
-0
-0
-0
-0
-0
-0
-0
-0
-0
-0
-0
-0
-0
-0
-0
-0
-0
-0
-0
-0
-0
-0
-0
-0
-0
-0
-0
-0
-0
-0
-0
-0
-0
-0
-0
-0
-0
-0
-0
-0
-0
-0
-0
-0
-0
-0
-0
0
0
0
0
0
0
0
0
0
0
0
0
0
0
0
0
0
0
0
0
0
0
0
0
0
0
0
0
0
0
0
0
0
0
0
0
0
0
0
0
0
0
0
0
0
0
0
0
0
-0
-0
-0
-0
-0
-0
-0
-0
-0
-0
-0
-0
-0
-0
-0
-0
-0
-0
-0
-0
-0
-0
-0
-0
-0
-0
-0
-0
-0
-0
-0
-0
-0
-0
-0
-0
-0
-0
-0
-0
-0
-0
-0
-0
-0
-0
-0
-0
-0
-0
0
0
0
0
0
0
0
0
0
0
0
0
0
0
0
0
0
0
0
0
0
0
0
0
0
0
0
0
0
0
0
0
0
0
0
0
0
0
0
0
0
0
0
0
0
0
0
0
0
0
-0
-3.5791e-08
-1.4288e-07
-3.2042e-07
-5.6701e-07
-8.807e-07
-1.259e-06
-1.6989e-06
-2.1968e-06
-2.7488e-06
-3.3504e-06
-3.9966e-06
-4.6823e-06
-5.4017e-06
-6.1487e-06
-6.9171e-06
-7.7003e-06
-8.4914e-06
-9.2835e-06
-1.0069e-05
-1.0842e-05
-1.1594e-05
-1.2318e-05
-1.3007e-05
-1.3653e-05
-1.425e-05
-1.4791e-05
-1.5269e-05
-1.5677e-05
-1.6011e-05
-1.6263e-05
-1.6429e-05
-1.6504e-05
-1.6483e-05
-1.6363e-05
-1.614e-05
-1.5811e-05
-1.5374e-05
-1.4827e-05
-1.417e-05
-1.3402e-05
-1.2522e-05
-1.1533e-05
-1.0436e-05
-9.2326e-06
-7.9263e-06
-6.5206e-06
-5.0199e-06
-3.4291e-06
-1.7537e-06
-3.0711e-19
1.8253e-06
3.7149e-06
5.6608e-06
7.6547e-06
9.6877e-06
1.1751e-05
1.3834e-05
1.5927e-05
1.802e-05
2.0102e-05
2.2163e-05
2.4192e-05
2.6177e-05
2.8108e-05
2.9974e-05
3.1764e-05
3.3466e-05
3.5071e-05
3.6568e-05
3.7947e-05
3.9199e-05
4.0313e-05
4.1282e-05
4.2097e-05
4.275e-05
4.3235e-05
4.3544e-05
4.3672e-05
4.3615e-05
4.3368e-05
4.2928e-05
4.2292e-05
4.1458e-05
4.0426e-05
3.9197e-05
3.7771e-05
3.615e-05
3.4337e-05
3.2337e-05
3.0153e-05
2.7793e-05
2.5263e-05
2.2571e-05
1.9724e-05
1.6733e-05
1.3608e-05
1.036e-05
7.0011e-06
3.5433e-06
-2.0114e-18
-3.6149e-06
-7.2869e-06
-1.1001e-05
-1.4742e-05
-1.8495e-05
-2.2242e-05
-2.5968e-05
-2.9657e-05
-3.3291e-05
-3.6854e-05
-4.033e-05
-4.3701e-05
-4.6953e-05
-5.0068e-05
-5.3031e-05
-5.5827e-05
-5.8441e-05
-6.0859e-05
-6.3067e-05
-6.5052e-05
-6.6803e-05
-6.8308e-05
-6.9557e-05
-7.0541e-05
-7.125e-05
-7.1678e-05
-7.1819e-05
-7.1668e-05
-7.122e-05
-7.0473e-05
-6.9426e-05
-6.8079e-05
-6.6433e-05
-6.449e-05
-6.2254e-05
-5.973e-05
-5.6925e-05
-5.3846e-05
-5.0503e-05
-4.6905e-05
-4.3064e-05
-3.8993e-05
-3.4705e-05
-3.0216e-05
-2.554e-05
-2.0696e-05
-1.5701e-05
-1.0573e-05
-5.3328e-06
2.0953e-18
5.4044e-06
1.0859e-05
1.6342e-05
2.183e-05
2.7302e-05
3.2734e-05
3.8103e-05
4.3387e-05
4.8562e-05
5.3606e-05
5.8496e-05
6.3211e-05
6.7728e-05
7.2028e-05
7.6088e-05
7.989e-05
8.3416e-05
8.6646e-05
8.9565e-05
9.2157e-05
9.4408e-05
9.6303e-05
9.7832e-05
9.8984e-05
9.975e-05
0.00010012
0.00010009
9.9663e-05
9.8825e-05
9.7578e-05
9.5925e-05
9.3867e-05
9.1408e-05
8.8553e-05
8.5311e-05
8.169e-05
7.7701e-05
7.3356e-05
6.867e-05
6.3657e-05
5.8335e-05
5.2723e-05
4.684e-05
4.0707e-05
3.4347e-05
2.7784e-05
2.1041e-05
1.4145e-05
7.1223e-06
4.9154e-18
-7.1939e-06
-1.4431e-05
-2.1682e-05
-2.8918e-05
-3.6109e-05
-4.3225e-05
-5.0238e-05
-5.7117e-05
-6.3833e-05
-7.0358e-05
-7.6663e-05
-8.2721e-05
-8.8504e-05
-9.3987e-05
-9.9145e-05
-0.00010395
-0.00010839
-0.00011243
-0.00011606
-0.00011926
-0.00012201
-0.0001243
-0.00012611
-0.00012743
-0.00012825
-0.00012857
-0.00012837
-0.00012766
-0.00012643
-0.00012468
-0.00012242
-0.00011965
-0.00011638
-0.00011262
-0.00010837
-0.00010365
-9.8476e-05
-9.2866e-05
-8.6836e-05
-8.0409e-05
-7.3607e-05
-6.6453e-05
-5.8975e-05
-5.1199e-05
-4.3154e-05
-3.4871e-05
-2.6381e-05
-1.7717e-05
-8.9119e-06
-7.6805e-18
8.9834e-06
1.8003e-05
2.7022e-05
3.6005e-05
4.4916e-05
5.3717e-05
6.2372e-05
7.0847e-05
7.9104e-05
8.711e-05
9.483e-05
0.00010223
0.00010928
0.00011595
0.0001222
0.00012802
0.00013337
0.00013822
0.00014256
0.00014637
0.00014962
0.00015229
0.00015438
0.00015587
0.00015675
0.00015701
0.00015664
0.00015565
0.00015403
0.00015179
0.00014892
0.00014544
0.00014136
0.00013668
0.00013142
0.00012561
0.00011925
0.00011238
0.000105
9.7161e-05
8.8878e-05
8.0183e-05
7.1109e-05
6.169e-05
5.1961e-05
4.1959e-05
3.1722e-05
2.1289e-05
1.0701e-05
1.106e-17
-1.0773e-05
-2.1575e-05
-3.2363e-05
-4.3093e-05
-5.3723e-05
-6.4208e-05
-7.4507e-05
-8.4577e-05
-9.4375e-05
-0.00010386
-0.000113
-0.00012174
-0.00013006
-0.00013791
-0.00014526
-0.00015208
-0.00015834
-0.00016401
-0.00016906
-0.00017347
-0.00017722
-0.00018029
-0.00018266
-0.00018432
-0.00018525
-0.00018545
-0.00018492
-0.00018365
-0.00018164
-0.00017889
-0.00017542
-0.00017123
-0.00016633
-0.00016074
-0.00015448
-0.00014757
-0.00014003
-0.00013188
-0.00012317
-0.00011391
-0.00010415
-9.3913e-05
-8.3244e-05
-7.2182e-05
-6.0768e-05
-4.9047e-05
-3.7062e-05
-2.4861e-05
-1.2491e-05
-3.7139e-18
1.2562e-05
2.5147e-05
3.7703e-05
5.0181e-05
6.253e-05
7.47e-05
8.6642e-05
9.8307e-05
0.00010965
0.00012061
0.00013116
0.00014125
0.00015083
0.00015987
0.00016832
0.00017614
0.00018331
0.0001898
0.00019556
0.00020058
0.00020483
0.00020828
0.00021093
0.00021276
0.00021375
0.0002139
0.0002132
0.00021164
0.00020924
0.000206
0.00020192
0.00019702
0.00019131
0.00018481
0.00017754
0.00016953
0.0001608
0.00015139
0.00014134
0.00013066
0.00011942
0.00010764
9.5379e-05
8.2673e-05
6.9575e-05
5.6134e-05
4.2403e-05
2.8433e-05
1.428e-05
1.9663e-17
-1.4352e-05
-2.8719e-05
-4.3043e-05
-5.7268e-05
-7.1337e-05
-8.5191e-05
-9.8777e-05
-0.00011204
-0.00012492
-0.00013737
-0.00014933
-0.00016076
-0.00017161
-0.00018183
-0.00019137
-0.00020021
-0.00020829
-0.00021558
-0.00022206
-0.00022768
-0.00023243
-0.00023628
-0.00023921
-0.0002412
-0.00024225
-0.00024234
-0.00024147
-0.00023964
-0.00023685
-0.0002331
-0.00022842
-0.0002228
-0.00021628
-0.00020887
-0.0002006
-0.00019149
-0.00018158
-0.0001709
-0.0001595
-0.00014742
-0.00013469
-0.00012137
-0.00010751
-9.3165e-05
-7.8382e-05
-6.3222e-05
-4.7743e-05
-3.2005e-05
-1.607e-05
-1.0305e-17
1.6142e-05
3.2291e-05
4.8384e-05
6.4356e-05
8.0144e-05
9.5683e-05
0.00011091
0.00012577
0.00014019
0.00015412
0.0001675
0.00018027
0.00019238
0.00020379
0.00021443
0.00022427
0.00023326
0.00024137
0.00024856
0.00025479
0.00026004
0.00026427
0.00026748
0.00026965
0.00027075
0.00027078
0.00026975
0.00026763
0.00026445
0.00026021
0.00025492
0.00024859
0.00024126
0.00023293
0.00022365
0.00021345
0.00020235
0.00019041
0.00017767
0.00016417
0.00014996
0.0001351
0.00011965
0.00010366
8.7189e-05
7.031e-05
5.3083e-05
3.5577e-05
1.786e-05
1.4494e-17
-1.7824e-05
-3.5506e-05
-5.2976e-05
-7.0168e-05
-8.7013e-05
-0.00010345
-0.00011941
-0.00013483
-0.00014966
-0.00016383
-0.00017731
-0.00019002
-0.00020194
-0.00021301
-0.00022319
-0.00023245
-0.00024076
-0.00024808
-0.00025439
-0.00025967
-0.0002639
-0.00026707
-0.00026918
-0.00027022
-0.00027018
-0.00026908
-0.00026692
-0.00026371
-0.00025948
-0.00025425
-0.00024803
-0.00024086
-0.00023276
-0.00022379
-0.00021397
-0.00020335
-0.00019197
-0.00017988
-0.00016713
-0.00015378
-0.00013988
-0.00012549
-0.00011067
-9.5473e-05
-7.9967e-05
-6.4214e-05
-4.8277e-05
-3.2219e-05
-1.6106e-05
-1.5801e-17
1.6034e-05
3.1934e-05
4.7636e-05
6.308e-05
7.8206e-05
9.2955e-05
0.00010727
0.0001211
0.00013439
0.00014708
0.00015914
0.00017051
0.00018116
0.00019105
0.00020013
0.00020839
0.00021578
0.00022229
0.00022789
0.00023256
0.0002363
0.00023908
0.00024091
0.00024177
0.00024168
0.00024063
0.00023864
0.00023572
0.00023188
0.00022714
0.00022153
0.00021507
0.00020779
0.00019973
0.00019091
0.00018139
0.00017119
0.00016037
0.00014897
0.00013703
0.00012461
0.00011176
9.8534e-05
8.4982e-05
7.116e-05
5.7127e-05
4.2937e-05
2.8647e-05
1.4316e-05
3.5651e-18
-1.4245e-05
-2.8362e-05
-4.2296e-05
-5.5993e-05
-6.9399e-05
-8.2464e-05
-9.5136e-05
-0.00010737
-0.00011911
-0.00013033
-0.00014097
-0.000151
-0.00016039
-0.00016909
-0.00017708
-0.00018433
-0.00019081
-0.0001965
-0.00020139
-0.00020546
-0.00020869
-0.00021108
-0.00021263
-0.00021333
-0.00021318
-0.00021219
-0.00021037
-0.00020772
-0.00020427
-0.00020004
-0.00019503
-0.00018928
-0.00018282
-0.00017566
-0.00016785
-0.00015943
-0.00015042
-0.00014086
-0.0001308
-0.00012028
-0.00010934
-9.8032e-05
-8.6399e-05
-7.449e-05
-6.2353e-05
-5.0039e-05
-3.7596e-05
-2.5075e-05
-1.2527e-05
-1.6571e-17
1.2455e-05
2.479e-05
3.6955e-05
4.8905e-05
6.0592e-05
7.1972e-05
8.3001e-05
9.3638e-05
0.00010384
0.00011358
0.00012281
0.00013149
0.00013961
0.00014713
0.00015402
0.00016026
0.00016583
0.00017071
0.00017489
0.00017835
0.00018109
0.00018309
0.00018435
0.00018488
0.00018468
0.00018375
0.00018209
0.00017973
0.00017667
0.00017293
0.00016853
0.00016349
0.00015784
0.0001516
0.0001448
0.00013747
0.00012964
0.00012135
0.00011263
0.00010353
9.407e-05
8.4302e-05
7.4264e-05
6.3998e-05
5.3546e-05
4.2951e-05
3.2256e-05
2.1503e-05
1.0737e-05
6.3462e-18
-1.0666e-05
-2.1218e-05
-3.1615e-05
-4.1817e-05
-5.1785e-05
-6.148e-05
-7.0867e-05
-7.9908e-05
-8.8572e-05
-9.6826e-05
-0.00010464
-0.00011199
-0.00011884
-0.00012517
-0.00013096
-0.0001362
-0.00014086
-0.00014493
-0.00014839
-0.00015125
-0.00015348
-0.00015509
-0.00015608
-0.00015644
-0.00015618
-0.0001553
-0.00015382
-0.00015173
-0.00014906
-0.00014583
-0.00014203
-0.00013771
-0.00013287
-0.00012754
-0.00012174
-0.00011551
-0.00010886
-0.00010184
-9.4466e-05
-8.6775e-05
-7.8799e-05
-7.0572e-05
-6.213e-05
-5.3507e-05
-4.4739e-05
-3.5864e-05
-2.6915e-05
-1.7931e-05
-8.9476e-06
-6.8151e-18
8.8761e-06
1.7646e-05
2.6275e-05
3.473e-05
4.2978e-05
5.0989e-05
5.8732e-05
6.6179e-05
7.3301e-05
8.0074e-05
8.6473e-05
9.2475e-05
9.8061e-05
0.00010321
0.00010791
0.00011214
0.00011588
0.00011914
0.00012189
0.00012414
0.00012588
0.0001271
0.0001278
0.000128
0.00012768
0.00012686
0.00012554
0.00012374
0.00012146
0.00011872
0.00011553
0.00011192
0.00010789
0.00010347
9.8684e-05
9.3548e-05
8.8089e-05
8.233e-05
7.63e-05
7.0023e-05
6.3528e-05
5.6842e-05
4.9995e-05
4.3015e-05
3.5932e-05
2.8776e-05
2.1575e-05
1.4359e-05
7.1581e-06
6.6694e-18
-7.0865e-06
-1.4074e-05
-2.0934e-05
-2.7642e-05
-3.4171e-05
-4.0497e-05
-4.6597e-05
-5.2449e-05
-5.803e-05
-6.3322e-05
-6.8306e-05
-7.2966e-05
-7.7285e-05
-8.1251e-05
-8.485e-05
-8.8072e-05
-9.0908e-05
-9.3351e-05
-9.5395e-05
-9.7036e-05
-9.8272e-05
-9.9103e-05
-9.9529e-05
-9.9553e-05
-9.918e-05
-9.8415e-05
-9.7267e-05
-9.5744e-05
-9.3856e-05
-9.1615e-05
-8.9035e-05
-8.613e-05
-8.2916e-05
-7.9409e-05
-7.5627e-05
-7.1588e-05
-6.7313e-05
-6.2821e-05
-5.8133e-05
-5.3271e-05
-4.8257e-05
-4.3112e-05
-3.786e-05
-3.2524e-05
-2.7126e-05
-2.1688e-05
-1.6235e-05
-1.0787e-05
-5.3686e-06
-1.0816e-18
5.297e-06
1.0502e-05
1.5594e-05
2.0554e-05
2.5364e-05
3.0006e-05
3.4463e-05
3.8719e-05
4.2759e-05
4.657e-05
5.014e-05
5.3456e-05
5.651e-05
5.9291e-05
6.1793e-05
6.4009e-05
6.5933e-05
6.7563e-05
6.8896e-05
6.9931e-05
7.0668e-05
7.1108e-05
7.1254e-05
7.1109e-05
7.068e-05
6.9972e-05
6.8992e-05
6.7748e-05
6.6251e-05
6.451e-05
6.2537e-05
6.0343e-05
5.7941e-05
5.5346e-05
5.257e-05
4.9629e-05
4.6537e-05
4.3311e-05
3.9966e-05
3.6519e-05
3.2985e-05
2.9382e-05
2.5726e-05
2.2032e-05
1.8319e-05
1.4601e-05
1.0894e-05
7.2154e-06
3.5791e-06
4.5347e-18
-3.5075e-06
-6.9297e-06
-1.0254e-05
-1.3467e-05
-1.6557e-05
-1.9514e-05
-2.2328e-05
-2.4989e-05
-2.7488e-05
-2.9818e-05
-3.1973e-05
-3.3947e-05
-3.5734e-05
-3.7331e-05
-3.8736e-05
-3.9945e-05
-4.0959e-05
-4.1776e-05
-4.2398e-05
-4.2826e-05
-4.3063e-05
-4.3113e-05
-4.2978e-05
-4.2666e-05
-4.218e-05
-4.1528e-05
-4.0716e-05
-3.9753e-05
-3.8646e-05
-3.7405e-05
-3.6038e-05
-3.4555e-05
-3.2967e-05
-3.1282e-05
-2.9513e-05
-2.7669e-05
-2.5762e-05
-2.3802e-05
-2.18e-05
-1.9767e-05
-1.7714e-05
-1.5652e-05
-1.3591e-05
-1.1541e-05
-9.5115e-06
-7.5129e-06
-5.554e-06
-3.6434e-06
-1.7895e-06
-9.579e-19
1.7179e-06
3.3577e-06
4.9131e-06
6.3789e-06
7.7501e-06
9.0227e-06
1.0193e-05
1.1259e-05
1.2217e-05
1.3066e-05
1.3807e-05
1.4437e-05
1.4958e-05
1.5372e-05
1.5679e-05
1.5882e-05
1.5984e-05
1.5988e-05
1.5899e-05
1.5721e-05
1.5459e-05
1.5117e-05
1.4703e-05
1.4222e-05
1.368e-05
1.3084e-05
1.2441e-05
1.1758e-05
1.1042e-05
1.03e-05
9.5395e-06
8.7678e-06
7.9919e-06
7.219e-06
6.456e-06
5.7095e-06
4.9861e-06
4.2921e-06
3.6333e-06
3.0153e-06
2.4434e-06
1.9222e-06
1.4562e-06
1.0492e-06
7.0456e-07
4.2526e-07
2.1361e-07
7.144e-08
0
0
-0
-0
-0
-0
-0
-0
-0
-0
-0
-0
-0
-0
-0
-0
-0
-0
-0
-0
-0
-0
-0
-0
-0
-0
-0
-0
-0
-0
-0
-0
-0
-0
-0
-0
-0
-0
-0
-0
-0
-0
-0
-0
-0
-0
-0
-0
-0
-0
-0
-0
0
0
0
0
0
0
0
0
0
0
0
0
0
0
0
0
0
0
0
0
0
0
0
0
0
0
0
0
0
0
0
0
0
0
0
0
0
0
0
0
0
0
0
0
0
0
0
0
0
0
-0
-0
-0
-0
-0
-0
-0
-0
-0
-0
-0
-0
-0
-0
-0
-0
-0
-0
-0
-0
-0
-0
-0
-0
-0
-0
-0
-0
-0
-0
-0
-0
-0
-0
-0
-0
-0
-0
-0
-0
-0
-0
-0
-0
-0
-0
-0
-0
-0
-0
0
0
0
0
0
0
0
0
0
0
0
0
0
0
0
0
0
0
0
0
0
0
0
0
0
0
0
0
0
0
0
0
0
0
0
0
0
0
0
0
0
0
0
0
0
0
0
0
0
0
-0
-0
-0
-0
-0
-0
-0
-0
-0
-0
-0
-0
-0
-0
-0
-0
-0
-0
-0
-0
-0
-0
-0
-0
-0
-0
-0
-0
-0
-0
-0
-0
-0
-0
-0
-0
-0
-0
-0
-0
-0
-0
-0
-0
-0
-0
-0
-0
-0
-0
0
0
0
0
0
0
0
0
0
0
0
0
0
0
0
0
0
0
0
0
0
0
0
0
0
0
0
0
0
0
0
0
0
0
0
0
0
0
0
0
0
0
0
0
0
0
0
0
0
0
-0
-0
-0
-0
-0
-0
-0
-0
-0
-0
-0
-0
-0
-0
-0
-0
-0
-0
-0
-0
-0
-0
-0
-0
-0
-0
-0
-0
-0
-0
-0
-0
-0
-0
-0
-0
-0
-0
-0
-0
-0
-0
-0
-0
-0
-0
-0
-0
-0
-0
0
0
0
0
0
0
0
0
0
0
0
0
0
0
0
0
0
0
0
0
0
0
0
0
0
0
0
0
0
0
0
0
0
0
0
0
0
0
0
0
0
0
0
0
0
0
0
0
0
0
-0
-0
-0
-0
-0
-0
-0
-0
-0
-0
-0
-0
-0
-0
-0
-0
-0
-0
-0
-0
-0
-0
-0
-0
-0
-0
-0
-0
-0
-0
-0
-0
-0
-0
-0
-0
-0
-0
-0
-0
-0
-0
-0
-0
-0
-0
-0
-0
-0
-0
0
0
0
0
0
0
0
0
0
0
0
0
0
0
0
0
0
0
0
0
0
0
0
0
0
0
0
0
0
0
0
0
0
0
0
0
0
0
0
0
0
0
0
0
0
0
0
0
0
0
-0
-0
-0
-0
-0
-0
-0
-0
-0
-0
-0
-0
-0
-0
-0
-0
-0
-0
-0
-0
-0
-0
-0
-0
-0
-0
-0
-0
-0
-0
-0
-0
-0
-0
-0
-0
-0
-0
-0
-0
-0
-0
-0
-0
-0
-0
-0
-0
-0
-0
0
0
0
0
0
0
0
0
0
0
0
0
0
0
0
0
0
0
0
0
0
0
0
0
0
0
0
0
0
0
0
0
0
0
0
0
0
0
0
0
0
0
0
0
0
0
0
0
0
0
-0
-0
-0
-0
-0
-0
-0
-0
-0
-0
-0
-0
-0
-0
-0
-0
-0
-0
-0
-0
-0
-0
-0
-0
-0
-0
-0
-0
-0
-0
-0
-0
-0
-0
-0
-0
-0
-0
-0
-0
-0
-0
-0
-0
-0
-0
-0
-0
-0
-0
0
0
0
0
0
0
0
0
0
0
0
0
0
0
0
0
0
0
0
0
0
0
0
0
0
0
0
0
0
0
0
0
0
0
0
0
0
0
0
0
0
0
0
0
0
0
0
0
0
0
-0
-0
-0
-0
-0
-0
-0
-0
-0
-0
-0
-0
-0
-0
-0
-0
-0
-0
-0
-0
-0
-0
-0
-0
-0
-0
-0
-0
-0
-0
-0
-0
-0
-0
-0
-0
-0
-0
-0
-0
-0
-0
-0
-0
-0
-0
-0
-0
-0
-0
0
0
0
0
0
0
0
0
0
0
0
0
0
0
0
0
0
0
0
0
0
0
0
0
0
0
0
0
0
0
0
0
0
0
0
0
0
0
0
0
0
0
0
0
0
0
0
0
0
0
-0
-0
-0
-0
-0
-0
-0
-0
-0
-0
-0
-0
-0
-0
-0
-0
-0
-0
-0
-0
-0
-0
-0
-0
-0
-0
-0
-0
-0
-0
-0
-0
-0
-0
-0
-0
-0
-0
-0
-0
-0
-0
-0
-0
-0
-0
-0
-0
-0
-0
0
0
0
0
0
0
0
0
0
0
0
0
0
0
0
0
0
0
0
0
0
0
0
0
0
0
0
0
0
0
0
0
0
0
0
0
0
0
0
0
0
0
0
0
0
0
0
0
0
0
-0
-0
-0
-0
-0
-0
-0
-0
-0
-0
-0
-0
-0
-0
-0
-0
-0
-0
-0
-0
-0
-0
-0
-0
-0
-0
-0
-0
-0
-0
-0
-0
-0
-0
-0
-0
-0
-0
-0
-0
-0
-0
-0
-0
-0
-0
-0
-0
-0
-0
0
0
0
0
0
0
0
0
0
0
0
0
0
0
0
0
0
0
0
0
0
0
0
0
0
0
0
0
0
0
0
0
0
0
0
0
0
0
0
0
0
0
0
0
0
0
0
0
0
0
-0
-0
-0
-0
-0
-0
-0
-0
-0
-0
-0
-0
-0
-0
-0
-0
-0
-0
-0
-0
-0
-0
-0
-0
-0
-0
-0
-0
-0
-0
-0
-0
-0
-0
-0
-0
-0
-0
-0
-0
-0
-0
-0
-0
-0
-0
-0
-0
-0
-0
0
0
0
0
0
0
0
0
0
0
0
0
0
0
0
0
0
0
0
0
0
0
0
0
0
0
0
0
0
0
0
0
0
0
0
0
0
0
0
0
0
0
0
0
0
0
0
0
0
-0
-0
-0
-0
-0
-0
-0
-0
-0
-0
-0
-0
-0
-0
-0
-0
-0
-0
-0
-0
-0
-0
-0
-0
-0
-0
-0
-0
-0
-0
-0
-0
-0
-0
-0
-0
-0
-0
-0
-0
-0
-0
-0
-0
-0
-0
-0
-0
-0
-0
-0
0
0
0
0
0
0
0
0
0
0
0
0
0
0
0
0
0
0
0
0
0
0
0
0
0
0
0
0
0
0
0
0
0
0
0
0
0
0
0
0
0
0
0
0
0
0
0
0
0
0
-0
-0
-0
-0
-0
-0
-0
-0
-0
-0
-0
-0
-0
-0
-0
-0
-0
-0
-0
-0
-0
-0
-0
-0
-0
-0
-0
-0
-0
-0
-0
-0
-0
-0
-0
-0
-0
-0
-0
-0
-0
-0
-0
-0
-0
-0
-0
-0
-0
0
0
0
0
0
0
0
0
0
0
0
0
0
0
0
0
0
0
0
0
0
0
0
0
0
0
0
0
0
0
0
0
0
0
0
0
0
0
0
0
0
0
0
0
0
0
0
0
0
0
0
-0
-0
-0
-0
-0
-0
-0
-0
-0
-0
-0
-0
-0
-0
-0
-0
-0
-0
-0
-0
-0
-0
-0
-0
-0
-0
-0
-0
-0
-0
-0
-0
-0
-0
-0
-0
-0
-0
-0
-0
-0
-0
-0
-0
-0
-0
-0
-0
-0
-0
0
0
0
0
0
0
0
0
0
0
0
0
0
0
0
0
0
0
0
0
0
0
0
0
0
0
0
0
0
0
0
0
0
0
0
0
0
0
0
0
0
0
0
0
0
0
0
0
0
0
-0
-0
-0
-0
-0
-0
-0
-0
-0
-0
-0
-0
-0
-0
-0
-0
-0
-0
-0
-0
-0
-0
-0
-0
-0
-0
-0
-0
-0
-0
-0
-0
-0
-0
-0
-0
-0
-0
-0
-0
-0
-0
-0
-0
-0
-0
-0
-0
-0
-0
0
0
0
0
0
0
0
0
0
0
0
0
0
0
0
0
0
0
0
0
0
0
0
0
0
0
0
0
0
0
0
0
0
0
0
0
0
0
0
0
0
0
0
0
0
0
0
0
0
-0
-0
-0
-0
-0
-0
-0
-0
-0
-0
-0
-0
-0
-0
-0
-0
-0
-0
-0
-0
-0
-0
-0
-0
-0
-0
-0
-0
-0
-0
-0
-0
-0
-0
-0
-0
-0
-0
-0
-0
-0
-0
-0
-0
-0
-0
-0
-0
-0
-0
-0
0
0
0
0
0
0
0
0
0
0
0
0
0
0
0
0
0
0
0
0
0
0
0
0
0
0
0
0
0
0
0
0
0
0
0
0
0
0
0
0
0
0
0
0
0
0
0
0
0
-0
-0
-0
-0
-0
-0
-0
-0
-0
-0
-0
-0
-0
-0
-0
-0
-0
-0
-0
-0
-0
-0
-0
-0
-0
-0
-0
-0
-0
-0
-0
-0
-0
-0
-0
-0
-0
-0
-0
-0
-0
-0
-0
-0
-0
-0
-0
-0
-0
-0
-0
0
0
0
0
0
0
0
0
0
0
0
0
0
0
0
0
0
0
0
0
0
0
0
0
0
0
0
0
0
0
0
0
0
0
0
0
0
0
0
0
0
0
0
0
0
0
0
0
0
0
-0
-0
-0
-0
-0
-0
-0
-0
-0
-0
-0
-0
-0
-0
-0
-0
-0
-0
-0
-0
-0
-0
-0
-0
-0
-0
-0
-0
-0
-0
-0
-0
-0
-0
-0
-0
-0
-0
-0
-0
-0
-0
-0
-0
-0
-0
-0
-0
-0
-0
0
0
0
0
0
0
0
0
0
0
0
0
0
0
0
0
0
0
0
0
0
0
0
0
0
0
0
0
0
0
0
0
0
0
0
0
0
0
0
0
0
0
0
0
0
0
0
0
0
0
-0
-0
-0
-0
-0
-0
-0
-0
-0
-0
-0
-0
-0
-0
-0
-0
-0
-0
-0
-0
-0
-0
-0
-0
-0
-0
-0
-0
-0
-0
-0
-0
-0
-0
-0
-0
-0
-0
-0
-0
-0
-0
-0
-0
-0
-0
-0
-0
-0
-0
0
0
0
0
0
0
0
0
0
0
0
0
0
0
0
0
0
0
0
0
0
0
0
0
0
0
0
0
0
0
0
0
0
0
0
0
0
0
0
0
0
0
0
0
0
0
0
0
0
0
-0
-0
-0
-0
-0
-0
-0
-0
-0
-0
-0
-0
-0
-0
-0
-0
-0
-0
-0
-0
-0
-0
-0
-0
-0
-0
-0
-0
-0
-0
-0
-0
-0
-0
-0
-0
-0
-0
-0
-0
-0
-0
-0
-0
-0
-0
-0
-0
-0
-0
0
0
0
0
0
0
0
0
0
0
0
0
0
0
0
0
0
0
0
0
0
0
0
0
0
0
0
0
0
0
0
0
0
0
0
0
0
0
0
0
0
0
0
0
0
0
0
0
0
-0
-0
-0
-0
-0
-0
-0
-0
-0
-0
-0
-0
-0
-0
-0
-0
-0
-0
-0
-0
-0
-0
-0
-0
-0
-0
-0
-0
-0
-0
-0
-0
-0
-0
-0
-0
-0
-0
-0
-0
-0
-0
-0
-0
-0
-0
-0
-0
-0
-0
-0
0
0
0
0
0
0
0
0
0
0
0
0
0
0
0
0
0
0
0
0
0
0
0
0
0
0
0
0
0
0
0
0
0
0
0
0
0
0
0
0
0
0
0
0
0
0
0
0
0
-0
-0
-0
-0
-0
-0
-0
-0
-0
-0
-0
-0
-0
-0
-0
-0
-0
-0
-0
-0
-0
-0
-0
-0
-0
-0
-0
-0
-0
-0
-0
-0
-0
-0
-0
-0
-0
-0
-0
-0
-0
-0
-0
-0
-0
-0
-0
-0
-0
-0
-0
0
0
0
0
0
0
0
0
0
0
0
0
0
0
0
0
0
0
0
0
0
0
0
0
0
0
0
0
0
0
0
0
0
0
0
0
0
0
0
0
0
0
0
0
0
0
0
0
0
0
-0
-0
-0
-0
-0
-0
-0
-0
-0
-0
-0
-0
-0
-0
-0
-0
-0
-0
-0
-0
-0
-0
-0
-0
-0
-0
-0
-0
-0
-0
-0
-0
-0
-0
-0
-0
-0
-0
-0
-0
-0
-0
-0
-0
-0
-0
-0
-0
-0
-0
0
0
0
0
0
0
0
0
0
0
0
0
0
0
0
0
0
0
0
0
0
0
0
0
0
0
0
0
0
0
0
0
0
0
0
0
0
0
0
0
0
0
0
0
0
0
0
0
0
0
-0
-0
-0
-0
-0
-0
-0
-0
-0
-0
-0
-0
-0
-0
-0
-0
-0
-0
-0
-0
-0
-0
-0
-0
-0
-0
-0
-0
-0
-0
-0
-0
-0
-0
-0
-0
-0
-0
-0
-0
-0
-0
-0
-0
-0
-0
-0
-0
-0
-0
0
0
0
0
0
0
0
0
0
0
0
0
0
0
0
0
0
0
0
0
0
0
0
0
0
0
0
0
0
0
0
0
0
0
0
0
0
0
0
0
0
0
0
0
0
0
0
0
0
0
-0
-0
-0
-0
-0
-0
-0
-0
-0
-0
-0
-0
-0
-0
-0
-0
-0
-0
-0
-0
-0
-0
-0
-0
-0
-0
-0
-0
-0
-0
-0
-0
-0
-0
-0
-0
-0
-0
-0
-0
-0
-0
-0
-0
-0
-0
-0
-0
-0
-0
0
0
0
0
0
0
0
0
0
0
0
0
0
0
0
0
0
0
0
0
0
0
0
0
0
0
0
0
0
0
0
0
0
0
0
0
0
0
0
0
0
0
0
0
0
0
0
0
0
-0
-0
-0
-0
-0
-0
-0
-0
-0
-0
-0
-0
-0
-0
-0
-0
-0
-0
-0
-0
-0
-0
-0
-0
-0
-0
-0
-0
-0
-0
-0
-0
-0
-0
-0
-0
-0
-0
-0
-0
-0
-0
-0
-0
-0
-0
-0
-0
-0
-0
-0
0
0
0
0
0
0
0
0
0
0
0
0
0
0
0
0
0
0
0
0
0
0
0
0
0
0
0
0
0
0
0
0
0
0
0
0
0
0
0
0
0
0
0
0
0
0
0
0
0
-0
-0
-0
-0
-0
-0
-0
-0
-0
-0
-0
-0
-0
-0
-0
-0
-0
-0
-0
-0
-0
-0
-0
-0
-0
-0
-0
-0
-0
-0
-0
-0
-0
-0
-0
-0
-0
-0
-0
-0
-0
-0
-0
-0
-0
-0
-0
-0
-0
-0
-0
0
0
0
0
0
0
0
0
0
0
0
0
0
0
0
0
0
0
0
0
0
0
0
0
0
0
0
0
0
0
0
0
0
0
0
0
0
0
0
0
0
0
0
0
0
0
0
0
0
0
-0
-0
-0
-0
-0
-0
-0
-0
-0
-0
-0
-0
-0
-0
-0
-0
-0
-0
-0
-0
-0
-0
-0
-0
-0
-0
-0
-0
-0
-0
-0
-0
-0
-0
-0
-0
-0
-0
-0
-0
-0
-0
-0
-0
-0
-0
-0
-0
-0
-0
0
0
0
0
0
0
0
0
0
0
0
0
0
0
0
0
0
0
0
0
0
0
0
0
0
0
0
0
0
0
0
0
0
0
0
0
0
0
0
0
0
0
0
0
0
0
0
0
0
0
-0
-0
-0
-0
-0
-0
-0
-0
-0
-0
-0
-0
-0
-0
-0
-0
-0
-0
-0
-0
-0
-0
-0
-0
-0
-0
-0
-0
-0
-0
-0
-0
-0
-0
-0
-0
-0
-0
-0
-0
-0
-0
-0
-0
-0
-0
-0
-0
-0
-0
0
0
0
0
0
0
0
0
0
0
0
0
0
0
0
0
0
0
0
0
0
0
0
0
0
0
0
0
0
0
0
0
0
0
0
0
0
0
0
0
0
0
0
0
0
0
0
0
0
0
-0
-0
-0
-0
-0
-0
-0
-0
-0
-0
-0
-0
-0
-0
-0
-0
-0
-0
-0
-0
-0
-0
-0
-0
-0
-0
-0
-0
-0
-0
-0
-0
-0
-0
-0
-0
-0
-0
-0
-0
-0
-0
-0
-0
-0
-0
-0
-0
-0
-0
0
0
0
0
0
0
0
0
0
0
0
0
0
0
0
0
0
0
0
0
0
0
0
0
0
0
0
0
0
0
0
0
0
0
0
0
0
0
0
0
0
0
0
0
0
0
0
0
0
-0
-0
-0
-0
-0
-0
-0
-0
-0
-0
-0
-0
-0
-0
-0
-0
-0
-0
-0
-0
-0
-0
-0
-0
-0
-0
-0
-0
-0
-0
-0
-0
-0
-0
-0
-0
-0
-0
-0
-0
-0
-0
-0
-0
-0
-0
-0
-0
-0
-0
-0
0
0
0
0
0
0
0
0
0
0
0
0
0
0
0
0
0
0
0
0
0
0
0
0
0
0
0
0
0
0
0
0
0
0
0
0
0
0
0
0
0
0
0
0
0
0
0
0
0
-0
-0
-0
-0
-0
-0
-0
-0
-0
-0
-0
-0
-0
-0
-0
-0
-0
-0
-0
-0
-0
-0
-0
-0
-0
-0
-0
-0
-0
-0
-0
-0
-0
-0
-0
-0
-0
-0
-0
-0
-0
-0
-0
-0
-0
-0
-0
-0
-0
-0
-0
0
0
0
0
0
0
0
0
0
0
0
0
0
0
0
0
0
0
0
0
0
0
0
0
0
0
0
0
0
0
0
0
0
0
0
0
0
0
0
0
0
0
0
0
0
0
0
0
0
-0
