-0
-0
-0
-0
-0
-0
-0
-0
-0
-0
-0
-0
-0
-0
-0
-0
-0
-0
-0
-0
-0
-0
-0
-0
-0
-0
-0
-0
-0
-0
-0
-0
-0
-0
-0
-0
-0
-0
-0
-0
-0
-0
-0
-0
-0
-0
-0
-0
-0
-0
-0
0
0
0
0
0
0
0
0
0
0
0
0
0
0
0
0
0
0
0
0
0
0
0
0
0
0
0
0
0
0
0
0
0
0
0
0
0
0
0
0
0
0
0
0
0
0
0
0
0
0
-0
-0
-0
-0
-0
-0
-0
-0
-0
-0
-0
-0
-0
-0
-0
-0
-0
-0
-0
-0
-0
-0
-0
-0
-0
-0
-0
-0
-0
-0
-0
-0
-0
-0
-0
-0
-0
-0
-0
-0
-0
-0
-0
-0
-0
-0
-0
-0
-0
-0
0
0
0
0
0
0
0
0
0
0
0
0
0
0
0
0
0
0
0
0
0
0
0
0
0
0
0
0
0
0
0
0
0
0
0
0
0
0
0
0
0
0
0
0
0
0
0
0
0
0
-0
-0
-0
-0
-0
-0
-0
-0
-0
-0
-0
-0
-0
-0
-0
-0
-0
-0
-0
-0
-0
-0
-0
-0
-0
-0
-0
-0
-0
-0
-0
-0
-0
-0
-0
-0
-0
-0
-0
-0
-0
-0
-0
-0
-0
-0
-0
-0
-0
-0
0
0
0
0
0
0
0
0
0
0
0
0
0
0
0
0
0
0
0
0
0
0
0
0
0
0
0
0
0
0
0
0
0
0
0
0
0
0
0
0
0
0
0
0
0
0
0
0
0
0
-0
-0
-0
-0
-0
-0
-0
-0
-0
-0
-0
-0
-0
-0
-0
-0
-0
-0
-0
-0
-0
-0
-0
-0
-0
-0
-0
-0
-0
-0
-0
-0
-0
-0
-0
-0
-0
-0
-0
-0
-0
-0
-0
-0
-0
-0
-0
-0
-0
0
0
0
0
0
0
0
0
0
0
0
0
0
0
0
0
0
0
0
0
0
0
0
0
0
0
0
0
0
0
0
0
0
0
0
0
0
0
0
0
0
0
0
0
0
0
0
0
0
0
0
-0
-0
-0
-0
-0
-0
-0
-0
-0
-0
-0
-0
-0
-0
-0
-0
-0
-0
-0
-0
-0
-0
-0
-0
-0
-0
-0
-0
-0
-0
-0
-0
-0
-0
-0
-0
-0
-0
-0
-0
-0
-0
-0
-0
-0
-0
-0
-0
-0
-0
0
0
0
0
0
0
0
0
0
0
0
0
0
0
0
0
0
0
0
0
0
0
0
0
0
0
0
0
0
0
0
0
0
0
0
0
0
0
0
0
0
0
0
0
0
0
0
0
0
0
-0
-0
-0
-0
-0
-0
-0
-0
-0
-0
-0
-0
-0
-0
-0
-0
-0
-0
-0
-0
-0
-0
-0
-0
-0
-0
-0
-0
-0
-0
-0
-0
-0
-0
-0
-0
-0
-0
-0
-0
-0
-0
-0
-0
-0
-0
-0
-0
-0
0
0
0
0
0
0
0
0
0
0
0
0
0
0
0
0
0
0
0
0
0
0
0
0
0
0
0
0
0
0
0
0
0
0
0
0
0
0
0
0
0
0
0
0
0
0
0
0
0
0
0
-0
-0
-0
-0
-0
-0
-0
-0
-0
-0
-0
-0
-0
-0
-0
-0
-0
-0
-0
-0
-0
-0
-0
-0
-0
-0
-0
-0
-0
-0
-0
-0
-0
-0
-0
-0
-0
-0
-0
-0
-0
-0
-0
-0
-0
-0
-0
-0
-0
0
0
0
0
0
0
0
0
0
0
0
0
0
0
0
0
0
0
0
0
0
0
0
0
0
0
0
0
0
0
0
0
0
0
0
0
0
0
0
0
0
0
0
0
0
0
0
0
0
0
-0
-0
-0
-0
-0
-0
-0
-0
-0
-0
-0
-0
-0
-0
-0
-0
-0
-0
-0
-0
-0
-0
-0
-0
-0
-0
-0
-0
-0
-0
-0
-0
-0
-0
-0
-0
-0
-0
-0
-0
-0
-0
-0
-0
-0
-0
-0
-0
-0
-0
-0
0
0
0
0
0
0
0
0
0
0
0
0
0
0
0
0
0
0
0
0
0
0
0
0
0
0
0
0
0
0
0
0
0
0
0
0
0
0
0
0
0
0
0
0
0
0
0
0
0
0
-0
-0
-0
-0
-0
-0
-0
-0
-0
-0
-0
-0
-0
-0
-0
-0
-0
-0
-0
-0
-0
-0
-0
-0
-0
-0
-0
-0
-0
-0
-0
-0
-0
-0
-0
-0
-0
-0
-0
-0
-0
-0
-0
-0
-0
-0
-0
-0
-0
-0
0
0
0
0
0
0
0
0
0
0
0
0
0
0
0
0
0
0
0
0
0
0
0
0
0
0
0
0
0
0
0
0
0
0
0
0
0
0
0
0
0
0
0
0
0
0
0
0
0
0
-0
-0
-0
-0
-0
-0
-0
-0
-0
-0
-0
-0
-0
-0
-0
-0
-0
-0
-0
-0
-0
-0
-0
-0
-0
-0
-0
-0
-0
-0
-0
-0
-0
-0
-0
-0
-0
-0
-0
-0
-0
-0
-0
-0
-0
-0
-0
-0
-0
0
0
0
0
0
0
0
0
0
0
0
0
0
0
0
0
0
0
0
0
0
0
0
0
0
0
0
0
0
0
0
0
0
0
0
0
0
0
0
0
0
0
0
0
0
0
0
0
0
0
0
-0
-0
-0
-0
-0
-0
-0
-0
-0
-0
-0
-0
-0
-0
-0
-0
-0
-0
-0
-0
-0
-0
-0
-0
-0
-0
-0
-0
-0
-0
-0
-0
-0
-0
-0
-0
-0
-0
-0
-0
-0
-0
-0
-0
-0
-0
-0
-0
-0
0
0
0
0
0
0
0
0
0
0
0
0
0
0
0
0
0
0
0
0
0
0
0
0
0
0
0
0
0
0
0
0
0
0
0
0
0
0
0
0
0
0
0
0
0
0
0
0
0
0
-0
-0
-0
-0
-0
-0
-0
-0
-0
-0
-0
-0
-0
-0
-0
-0
-0
-0
-0
-0
-0
-0
-0
-0
-0
-0
-0
-0
-0
-0
-0
-0
-0
-0
-0
-0
-0
-0
-0
-0
-0
-0
-0
-0
-0
-0
-0
-0
-0
-0
0
0
0
0
0
0
0
0
0
0
0
0
0
0
0
0
0
0
0
0
0
0
0
0
0
0
0
0
0
0
0
0
0
0
0
0
0
0
0
0
0
0
0
0
0
0
0
0
0
0
0
-0
-0
-0
-0
-0
-0
-0
-0
-0
-0
-0
-0
-0
-0
-0
-0
-0
-0
-0
-0
-0
-0
-0
-0
-0
-0
-0
-0
-0
-0
-0
-0
-0
-0
-0
-0
-0
-0
-0
-0
-0
-0
-0
-0
-0
-0
-0
-0
-0
0
0
0
0
0
0
0
0
0
0
0
0
0
0
0
0
0
0
0
0
0
0
0
0
0
0
0
0
0
0
0
0
0
0
0
0
0
0
0
0
0
0
0
0
0
0
0
0
0
0
-0
-0
-0
-0
-0
-0
-0
-0
-0
-0
-0
-0
-0
-0
-0
-0
-0
-0
-0
-0
-0
-0
-0
-0
-0
-0
-0
-0
-0
-0
-0
-0
-0
-0
-0
-0
-0
-0
-0
-0
-0
-0
-0
-0
-0
-0
-0
-0
-0
-0
0
0
0
0
0
0
0
0
0
0
0
0
0
0
0
0
0
0
0
0
0
0
0
0
0
0
0
0
0
0
0
0
0
0
0
0
0
0
0
0
0
0
0
0
0
0
0
0
0
0
-0
-0
-0
-0
-0
-0
-0
-0
-0
-0
-0
-0
-0
-0
-0
-0
-0
-0
-0
-0
-0
-0
-0
-0
-0
-0
-0
-0
-0
-0
-0
-0
-0
-0
-0
-0
-0
-0
-0
-0
-0
-0
-0
-0
-0
-0
-0
-0
-0
-0
0
0
0
0
0
0
0
0
0
0
0
0
0
0
0
0
0
0
0
0
0
0
0
0
0
0
0
0
0
0
0
0
0
0
0
0
0
0
0
0
0
0
0
0
0
0
0
0
0
0
0
-0
-0
-0
-0
-0
-0
-0
-0
-0
-0
-0
-0
-0
-0
-0
-0
-0
-0
-0
-0
-0
-0
-0
-0
-0
-0
-0
-0
-0
-0
-0
-0
-0
-0
-0
-0
-0
-0
-0
-0
-0
-0
-0
-0
-0
-0
-0
-0
-0
-0
0
0
0
0
0
0
0
0
0
0
0
0
0
0
0
0
0
0
0
0
0
0
0
0
0
0
0
0
0
0
0
0
0
0
0
0
0
0
0
0
0
0
0
0
0
0
0
0
0
0
-0
-0
-0
-0
-0
-0
-0
-0
-0
-0
-0
-0
-0
-0
-0
-0
-0
-0
-0
-0
-0
-0
-0
-0
-0
-0
-0
-0
-0
-0
-0
-0
-0
-0
-0
-0
-0
-0
-0
-0
-0
-0
-0
-0
-0
-0
-0
-0
-0
-0
0
0
0
0
0
0
0
0
0
0
0
0
0
0
0
0
0
0
0
0
0
0
0
0
0
0
0
0
0
0
0
0
0
0
0
0
0
0
0
0
0
0
0
0
0
0
0
0
0
0
-0
-0
-0
-0
-0
-0
-0
-0
-0
-0
-0
-0
-0
-0
-0
-0
-0
-0
-0
-0
-0
-0
-0
-0
-0
-0
-0
-0
-0
-0
-0
-0
-0
-0
-0
-0
-0
-0
-0
-0
-0
-0
-0
-0
-0
-0
-0
-0
-0
-0
0
0
0
0
0
0
0
0
0
0
0
0
0
0
0
0
0
0
0
0
0
0
0
0
0
0
0
0
0
0
0
0
0
0
0
0
0
0
0
0
0
0
0
0
0
0
0
0
0
0
-0
-0
-0
-0
-0
-0
-0
-0
-0
-0
-0
-0
-0
-0
-0
-0
-0
-0
-0
-0
-0
-0
-0
-0
-0
-0
-0
-0
-0
-0
-0
-0
-0
-0
-0
-0
-0
-0
-0
-0
-0
-0
-0
-0
-0
-0
-0
-0
-0
-0
0
0
0
0
0
0
0
0
0
0
0
0
0
0
0
0
0
0
0
0
0
0
0
0
0
0
0
0
0
0
0
0
0
0
0
0
0
0
0
0
0
0
0
0
0
0
0
0
0
-0
-0
-0
-0
-0
-0
-0
-0
-0
-0
-0
-0
-0
-0
-0
-0
-0
-0
-0
-0
-0
-0
-0
-0
-0
-0
-0
-0
-0
-0
-0
-0
-0
-0
-0
-0
-0
-0
-0
-0
-0
-0
-0
-0
-0
-0
-0
-0
-0
-0
-0
0
0
0
0
0
0
0
0
0
0
0
0
0
0
0
0
0
0
0
0
0
0
0
0
0
0
0
0
0
0
0
0
0
0
0
0
0
0
0
0
0
0
0
0
0
0
0
0
0
0
-1.5541e-08
-6.204e-08
-1.3913e-07
-2.462e-07
-3.8241e-07
-5.4666e-07
-7.3766e-07
-9.5387e-07
-1.1936e-06
-1.4548e-06
-1.7354e-06
-2.0331e-06
-2.3455e-06
-2.6698e-06
-3.0035e-06
-3.3435e-06
-3.6871e-06
-4.031e-06
-4.3723e-06
-4.7077e-06
-5.0342e-06
-5.3486e-06
-5.6476e-06
-5.9283e-06
-6.1875e-06
-6.4223e-06
-6.6298e-06
-6.8073e-06
-6.952e-06
-7.0616e-06
-7.1337e-06
-7.1662e-06
-7.1572e-06
-7.105e-06
-7.0081e-06
-6.8653e-06
-6.6755e-06
-6.4382e-06
-6.1527e-06
-5.8191e-06
-5.4373e-06
-5.0078e-06
-4.5314e-06
-4.0089e-06
-3.4417e-06
-2.8313e-06
-2.1797e-06
-1.489e-06
-7.6149e-07
-1.9403e-19
7.9257e-07
1.613e-06
2.458e-06
3.3237e-06
4.2065e-06
5.1022e-06
6.0067e-06
6.9156e-06
7.8244e-06
8.7286e-06
9.6235e-06
1.0504e-05
1.1366e-05
1.2205e-05
1.3015e-05
1.3792e-05
1.4531e-05
1.5228e-05
1.5878e-05
1.6477e-05
1.702e-05
1.7504e-05
1.7925e-05
1.8279e-05
1.8563e-05
1.8773e-05
1.8907e-05
1.8963e-05
1.8938e-05
1.8831e-05
1.864e-05
1.8363e-05
1.8002e-05
1.7554e-05
1.702e-05
1.64e-05
1.5697e-05
1.4909e-05
1.4041e-05
1.3093e-05
1.2068e-05
1.097e-05
9.8004e-06
8.5644e-06
7.2658e-06
5.9089e-06
4.4986e-06
3.04e-06
1.5385e-06
-4.8557e-20
-1.5696e-06
-3.164e-06
-4.7768e-06
-6.4013e-06
-8.0306e-06
-9.6577e-06
-1.1276e-05
-1.2877e-05
-1.4455e-05
-1.6002e-05
-1.7512e-05
-1.8976e-05
-2.0387e-05
-2.174e-05
-2.3027e-05
-2.4241e-05
-2.5376e-05
-2.6425e-05
-2.7384e-05
-2.8246e-05
-2.9007e-05
-2.966e-05
-3.0202e-05
-3.0629e-05
-3.0937e-05
-3.1123e-05
-3.1185e-05
-3.1119e-05
-3.0924e-05
-3.06e-05
-3.0146e-05
-2.9561e-05
-2.8846e-05
-2.8002e-05
-2.7031e-05
-2.5935e-05
-2.4718e-05
-2.3381e-05
-2.1929e-05
-2.0367e-05
-1.8699e-05
-1.6931e-05
-1.5069e-05
-1.312e-05
-1.109e-05
-8.9864e-06
-6.8174e-06
-4.591e-06
-2.3156e-06
-3.2739e-19
2.3466e-06
4.715e-06
7.0957e-06
9.4788e-06
1.1855e-05
1.4213e-05
1.6545e-05
1.8839e-05
2.1086e-05
2.3276e-05
2.54e-05
2.7447e-05
2.9408e-05
3.1275e-05
3.3038e-05
3.4689e-05
3.622e-05
3.7623e-05
3.889e-05
4.0016e-05
4.0993e-05
4.1816e-05
4.248e-05
4.298e-05
4.3313e-05
4.3474e-05
4.3462e-05
4.3275e-05
4.2911e-05
4.237e-05
4.1652e-05
4.0758e-05
3.969e-05
3.8451e-05
3.7043e-05
3.5471e-05
3.3738e-05
3.1852e-05
2.9817e-05
2.7641e-05
2.533e-05
2.2893e-05
2.0338e-05
1.7676e-05
1.4914e-05
1.2064e-05
9.1362e-06
6.142e-06
3.0926e-06
-4.3671e-19
-3.1237e-06
-6.266e-06
-9.4145e-06
-1.2556e-05
-1.5679e-05
-1.8769e-05
-2.1814e-05
-2.4801e-05
-2.7717e-05
-3.055e-05
-3.3288e-05
-3.5918e-05
-3.8429e-05
-4.081e-05
-4.305e-05
-4.5138e-05
-4.7064e-05
-4.882e-05
-5.0396e-05
-5.1785e-05
-5.2979e-05
-5.3972e-05
-5.4757e-05
-5.5331e-05
-5.5687e-05
-5.5825e-05
-5.5739e-05
-5.543e-05
-5.4897e-05
-5.4139e-05
-5.3158e-05
-5.1955e-05
-5.0534e-05
-4.8899e-05
-4.7054e-05
-4.5006e-05
-4.2759e-05
-4.0323e-05
-3.7705e-05
-3.4914e-05
-3.1961e-05
-2.8855e-05
-2.5607e-05
-2.2231e-05
-1.8738e-05
-1.5141e-05
-1.1455e-05
-7.693e-06
-3.8696e-06
-1.2116e-19
3.9007e-06
7.817e-06
1.1733e-05
1.5634e-05
1.9503e-05
2.3324e-05
2.7083e-05
3.0762e-05
3.4348e-05
3.7824e-05
4.1176e-05
4.4389e-05
4.745e-05
5.0345e-05
5.3061e-05
5.5586e-05
5.7909e-05
6.0017e-05
6.1902e-05
6.3554e-05
6.4965e-05
6.6128e-05
6.7035e-05
6.7681e-05
6.8063e-05
6.8175e-05
6.8017e-05
6.7586e-05
6.6883e-05
6.5908e-05
6.4664e-05
6.3152e-05
6.1379e-05
5.9348e-05
5.7066e-05
5.4541e-05
5.178e-05
4.8795e-05
4.5593e-05
4.2188e-05
3.8592e-05
3.4816e-05
3.0876e-05
2.6787e-05
2.2562e-05
1.8219e-05
1.3774e-05
9.244e-06
4.6467e-06
-1.1645e-18
-4.6777e-06
-9.368e-06
-1.4052e-05
-1.8711e-05
-2.3327e-05
-2.788e-05
-3.2352e-05
-3.6724e-05
-4.0979e-05
-4.5098e-05
-4.9064e-05
-5.2861e-05
-5.6471e-05
-5.988e-05
-6.3073e-05
-6.6035e-05
-6.8753e-05
-7.1214e-05
-7.3408e-05
-7.5324e-05
-7.6952e-05
-7.8283e-05
-7.9312e-05
-8.0032e-05
-8.0437e-05
-8.0526e-05
-8.0294e-05
-7.9742e-05
-7.8869e-05
-7.7678e-05
-7.617e-05
-7.435e-05
-7.2223e-05
-6.9796e-05
-6.7078e-05
-6.4076e-05
-6.0801e-05
-5.7266e-05
-5.3481e-05
-4.9462e-05
-4.5222e-05
-4.0778e-05
-3.6145e-05
-3.1342e-05
-2.6386e-05
-2.1297e-05
-1.6093e-05
-1.0795e-05
-5.4237e-06
4.2466e-19
5.4548e-06
1.0919e-05
1.6371e-05
2.1789e-05
2.7151e-05
3.2435e-05
3.7621e-05
4.2686e-05
4.761e-05
5.2372e-05
5.6952e-05
6.1332e-05
6.5492e-05
6.9416e-05
7.3085e-05
7.6483e-05
7.9597e-05
8.2412e-05
8.4914e-05
8.7093e-05
8.8938e-05
9.0439e-05
9.159e-05
9.2382e-05
9.2812e-05
9.2876e-05
9.2572e-05
9.1898e-05
9.0856e-05
8.9447e-05
8.7676e-05
8.5547e-05
8.3067e-05
8.0245e-05
7.7089e-05
7.3611e-05
6.9822e-05
6.5737e-05
6.137e-05
5.6736e-05
5.1853e-05
4.674e-05
4.1414e-05
3.5898e-05
3.021e-05
2.4374e-05
1.8412e-05
1.2346e-05
6.2007e-06
5.8195e-19
-6.2318e-06
-1.247e-05
-1.869e-05
-2.4867e-05
-3.0975e-05
-3.6991e-05
-4.289e-05
-4.8647e-05
-5.424e-05
-5.9646e-05
-6.484e-05
-6.9803e-05
-7.4513e-05
-7.8951e-05
-8.3096e-05
-8.6932e-05
-9.0441e-05
-9.3609e-05
-9.642e-05
-9.8862e-05
-0.00010092
-0.00010259
-0.00010387
-0.00010473
-0.00010519
-0.00010523
-0.00010485
-0.00010405
-0.00010284
-0.00010122
-9.9182e-05
-9.6744e-05
-9.3912e-05
-9.0693e-05
-8.7101e-05
-8.3146e-05
-7.8843e-05
-7.4208e-05
-6.9258e-05
-6.401e-05
-5.8484e-05
-5.2701e-05
-4.6684e-05
-4.0453e-05
-3.4034e-05
-2.7452e-05
-2.073e-05
-1.3897e-05
-6.9778e-06
1.3101e-18
7.0088e-06
1.4021e-05
2.1009e-05
2.7944e-05
3.4799e-05
4.1547e-05
4.8159e-05
5.4609e-05
6.0871e-05
6.6919e-05
7.2728e-05
7.8275e-05
8.3534e-05
8.8486e-05
9.3108e-05
9.7381e-05
0.00010129
0.00010481
0.00010793
0.00011063
0.00011291
0.00011475
0.00011614
0.00011708
0.00011756
0.00011758
0.00011713
0.00011621
0.00011483
0.00011299
0.00011069
0.00010794
0.00010476
0.00010114
9.7112e-05
9.2681e-05
8.7864e-05
8.268e-05
7.7146e-05
7.1284e-05
6.5115e-05
5.8663e-05
5.1953e-05
4.5009e-05
3.7858e-05
3.0529e-05
2.3049e-05
1.5448e-05
7.7548e-06
-1.2155e-19
-7.7859e-06
-1.5572e-05
-2.3328e-05
-3.1022e-05
-3.8623e-05
-4.6102e-05
-5.3428e-05
-6.0571e-05
-6.7502e-05
-7.4193e-05
-8.0617e-05
-8.6746e-05
-9.2555e-05
-9.8021e-05
-0.00010312
-0.00010783
-0.00011213
-0.000116
-0.00011943
-0.0001224
-0.0001249
-0.00012691
-0.00012842
-0.00012943
-0.00012994
-0.00012993
-0.0001294
-0.00012837
-0.00012681
-0.00012475
-0.00012219
-0.00011914
-0.0001156
-0.00011159
-0.00010712
-0.00010222
-9.6885e-05
-9.1151e-05
-8.5034e-05
-7.8557e-05
-7.1746e-05
-6.4625e-05
-5.7222e-05
-4.9564e-05
-4.1683e-05
-3.3607e-05
-2.5368e-05
-1.6999e-05
-8.5318e-06
2.5351e-18
8.5629e-06
1.7123e-05
2.5646e-05
3.4099e-05
4.2447e-05
5.0658e-05
5.8697e-05
6.6533e-05
7.4133e-05
8.1467e-05
8.8505e-05
9.5217e-05
0.00010158
0.00010756
0.00011313
0.00011828
0.00012297
0.0001272
0.00013094
0.00013417
0.00013688
0.00013906
0.0001407
0.00014178
0.00014231
0.00014228
0.00014168
0.00014052
0.0001388
0.00013652
0.0001337
0.00013034
0.00012644
0.00012204
0.00011714
0.00011175
0.00010591
9.9622e-05
9.2922e-05
8.5831e-05
7.8377e-05
7.0587e-05
6.2491e-05
5.412e-05
4.5507e-05
3.6684e-05
2.7687e-05
1.855e-05
9.3089e-06
-1.1646e-18
-9.3399e-06
-1.8674e-05
-2.7965e-05
-3.7177e-05
-4.6271e-05
-5.5213e-05
-6.3966e-05
-7.2494e-05
-8.0764e-05
-8.8741e-05
-9.6393e-05
-0.00010369
-0.0001106
-0.00011709
-0.00012314
-0.00012873
-0.00013382
-0.0001384
-0.00014244
-0.00014594
-0.00014887
-0.00015122
-0.00015298
-0.00015414
-0.00015469
-0.00015463
-0.00015396
-0.00015268
-0.00015079
-0.00014829
-0.00014521
-0.00014153
-0.00013729
-0.00013249
-0.00012715
-0.00012129
-0.00011493
-0.00010809
-0.00010081
-9.3105e-05
-8.5008e-05
-7.6548e-05
-6.776e-05
-5.8675e-05
-4.9331e-05
-3.9762e-05
-3.0006e-05
-2.0101e-05
-1.0086e-05
-4.7264e-19
1.0117e-05
2.0225e-05
3.0284e-05
4.0254e-05
5.0096e-05
5.9769e-05
6.9235e-05
7.8456e-05
8.7395e-05
9.6015e-05
0.00010428
0.00011216
0.00011962
0.00012663
0.00013315
0.00013917
0.00014466
0.0001496
0.00015395
0.00015771
0.00016086
0.00016337
0.00016525
0.00016649
0.00016706
0.00016698
0.00016624
0.00016483
0.00016277
0.00016006
0.00015671
0.00015273
0.00014813
0.00014294
0.00013716
0.00013082
0.00012395
0.00011656
0.0001087
0.00010038
9.1638e-05
8.251e-05
7.3029e-05
6.3231e-05
5.3155e-05
4.2839e-05
3.2325e-05
2.1652e-05
1.0863e-05
-2.5473e-18
-1.0894e-05
-2.1776e-05
-3.2603e-05
-4.3332e-05
-5.392e-05
-6.4324e-05
-7.4504e-05
-8.4418e-05
-9.4026e-05
-0.00010329
-0.00011217
-0.00012063
-0.00012864
-0.00013616
-0.00014317
-0.00014962
-0.00015551
-0.00016079
-0.00016546
-0.00016948
-0.00017284
-0.00017553
-0.00017753
-0.00017884
-0.00017944
-0.00017933
-0.00017851
-0.00017699
-0.00017476
-0.00017183
-0.00016822
-0.00016393
-0.00015898
-0.00015338
-0.00014717
-0.00014036
-0.00013297
-0.00012504
-0.00011659
-0.00010765
-9.8269e-05
-8.8472e-05
-7.8298e-05
-6.7786e-05
-5.6979e-05
-4.5917e-05
-3.4644e-05
-2.3203e-05
-1.164e-05
7.2813e-19
1.1671e-05
2.3327e-05
3.4922e-05
4.6409e-05
5.7744e-05
6.888e-05
7.9773e-05
9.0379e-05
0.00010066
0.00011056
0.00012006
0.0001291
0.00013766
0.0001457
0.00015318
0.00016007
0.00016635
0.00017199
0.00017696
0.00018125
0.00018483
0.00018769
0.00018981
0.00019119
0.00019181
0.00019168
0.00019079
0.00018914
0.00018675
0.0001836
0.00017972
0.00017512
0.00016982
0.00016383
0.00015718
0.00014989
0.00014199
0.00013351
0.00012447
0.00011493
0.0001049
9.4433e-05
8.3567e-05
7.2342e-05
6.0803e-05
4.8994e-05
3.6962e-05
2.4754e-05
1.2417e-05
-4.2696e-18
-1.2448e-05
-2.4878e-05
-3.7241e-05
-4.9487e-05
-6.1568e-05
-7.3435e-05
-8.5042e-05
-9.6341e-05
-0.00010729
-0.00011784
-0.00012795
-0.00013757
-0.00014668
-0.00015523
-0.00016319
-0.00017052
-0.0001772
-0.00018319
-0.00018847
-0.00019302
-0.00019681
-0.00019984
-0.00020209
-0.00020354
-0.00020419
-0.00020403
-0.00020307
-0.0002013
-0.00019873
-0.00019537
-0.00019123
-0.00018632
-0.00018067
-0.00017428
-0.00016719
-0.00015943
-0.00015101
-0.00014198
-0.00013236
-0.0001222
-0.00011153
-0.0001004
-8.8836e-05
-7.6898e-05
-6.4627e-05
-5.2072e-05
-3.9281e-05
-2.6305e-05
-1.3194e-05
2.2685e-18
1.3225e-05
2.6429e-05
3.9559e-05
5.2564e-05
6.5392e-05
7.7991e-05
9.0311e-05
0.0001023
0.00011392
0.00012511
0.00013583
0.00014604
0.0001557
0.00016477
0.0001732
0.00018097
0.00018804
0.00019438
0.00019997
0.00020479
0.0002088
0.000212
0.00021436
0.00021589
0.00021656
0.00021638
0.00021535
0.00021346
0.00021072
0.00020714
0.00020274
0.00019752
0.00019151
0.00018473
0.00017721
0.00016896
0.00016003
0.00015045
0.00014025
0.00012947
0.00011816
0.00010636
9.4105e-05
8.1453e-05
6.8451e-05
5.5149e-05
4.16e-05
2.7856e-05
1.3971e-05
-5.5151e-22
-1.4002e-05
-2.798e-05
-4.1878e-05
-5.5642e-05
-6.9216e-05
-8.2546e-05
-9.558e-05
-0.00010826
-0.00012055
-0.00013238
-0.00014372
-0.00015452
-0.00016472
-0.0001743
-0.00018321
-0.00019142
-0.00019888
-0.00020558
-0.00021148
-0.00021656
-0.00022079
-0.00022415
-0.00022664
-0.00022824
-0.00022894
-0.00022873
-0.00022762
-0.00022561
-0.0002227
-0.00021891
-0.00021424
-0.00020872
-0.00020235
-0.00019518
-0.00018722
-0.0001785
-0.00016905
-0.00015892
-0.00014814
-0.00013675
-0.00012479
-0.00011232
-9.9374e-05
-8.6009e-05
-7.2275e-05
-5.8227e-05
-4.3919e-05
-2.9407e-05
-1.4748e-05
4.1484e-18
1.4779e-05
2.9531e-05
4.4197e-05
5.8719e-05
7.304e-05
8.7102e-05
0.00010085
0.00011423
0.00012718
0.00013966
0.00015161
0.00016299
0.00017374
0.00018384
0.00019322
0.00020187
0.00020973
0.00021678
0.00022299
0.00022832
0.00023277
0.00023631
0.00023892
0.00024059
0.00024131
0.00024108
0.0002399
0.00023777
0.00023469
0.00023068
0.00022575
0.00021991
0.0002132
0.00020563
0.00019723
0.00018803
0.00017807
0.00016739
0.00015603
0.00014402
0.00013142
0.00011828
0.00010464
9.0564e-05
7.6099e-05
6.1305e-05
4.6238e-05
3.0958e-05
1.5525e-05
5.3358e-18
-1.5541e-05
-3.102e-05
-4.6377e-05
-6.1551e-05
-7.6482e-05
-9.1111e-05
-0.00010538
-0.00011923
-0.00013262
-0.00014548
-0.00015776
-0.00016943
-0.00018042
-0.0001907
-0.00020023
-0.00020897
-0.00021689
-0.00022394
-0.00023012
-0.00023539
-0.00023972
-0.00024312
-0.00024555
-0.00024701
-0.0002475
-0.00024701
-0.00024555
-0.00024312
-0.00023972
-0.00023539
-0.00023012
-0.00022394
-0.00021689
-0.00020897
-0.00020023
-0.0001907
-0.00018042
-0.00016943
-0.00015776
-0.00014548
-0.00013262
-0.00011923
-0.00010538
-9.1111e-05
-7.6482e-05
-6.1551e-05
-4.6377e-05
-3.102e-05
-1.5541e-05
-9.6961e-19
1.5541e-05
3.102e-05
4.6377e-05
6.1551e-05
7.6482e-05
9.1111e-05
0.00010538
0.00011923
0.00013262
0.00014548
0.00015776
0.00016943
0.00018042
0.0001907
0.00020023
0.00020897
0.00021689
0.00022394
0.00023012
0.00023539
0.00023972
0.00024312
0.00024555
0.00024701
0.0002475
0.00024701
0.00024555
0.00024312
0.00023972
0.00023539
0.00023012
0.00022394
0.00021689
0.00020897
0.00020023
0.0001907
0.00018042
0.00016943
0.00015776
0.00014548
0.00013262
0.00011923
0.00010538
9.1111e-05
7.6482e-05
6.1551e-05
4.6377e-05
3.102e-05
1.5541e-05
3.6378e-18
-1.5541e-05
-3.102e-05
-4.6377e-05
-6.1551e-05
-7.6482e-05
-9.1111e-05
-0.00010538
-0.00011923
-0.00013262
-0.00014548
-0.00015776
-0.00016943
-0.00018042
-0.0001907
-0.00020023
-0.00020897
-0.00021689
-0.00022394
-0.00023012
-0.00023539
-0.00023972
-0.00024312
-0.00024555
-0.00024701
-0.0002475
-0.00024701
-0.00024555
-0.00024312
-0.00023972
-0.00023539
-0.00023012
-0.00022394
-0.00021689
-0.00020897
-0.00020023
-0.0001907
-0.00018042
-0.00016943
-0.00015776
-0.00014548
-0.00013262
-0.00011923
-0.00010538
-9.1111e-05
-7.6482e-05
-6.1551e-05
-4.6377e-05
-3.102e-05
-1.5541e-05
-6.306e-18
1.5541e-05
3.102e-05
4.6377e-05
6.1551e-05
7.6482e-05
9.1111e-05
0.00010538
0.00011923
0.00013262
0.00014548
0.00015776
0.00016943
0.00018042
0.0001907
0.00020023
0.00020897
0.00021689
0.00022394
0.00023012
0.00023539
0.00023972
0.00024312
0.00024555
0.00024701
0.0002475
0.00024701
0.00024555
0.00024312
0.00023972
0.00023539
0.00023012
0.00022394
0.00021689
0.00020897
0.00020023
0.0001907
0.00018042
0.00016943
0.00015776
0.00014548
0.00013262
0.00011923
0.00010538
9.1111e-05
7.6482e-05
6.1551e-05
4.6377e-05
3.102e-05
1.5541e-05
1.9398e-18
-1.5541e-05
-3.102e-05
-4.6377e-05
-6.1551e-05
-7.6482e-05
-9.1111e-05
-0.00010538
-0.00011923
-0.00013262
-0.00014548
-0.00015776
-0.00016943
-0.00018042
-0.0001907
-0.00020023
-0.00020897
-0.00021689
-0.00022394
-0.00023012
-0.00023539
-0.00023972
-0.00024312
-0.00024555
-0.00024701
-0.0002475
-0.00024701
-0.00024555
-0.00024312
-0.00023972
-0.00023539
-0.00023012
-0.00022394
-0.00021689
-0.00020897
-0.00020023
-0.0001907
-0.00018042
-0.00016943
-0.00015776
-0.00014548
-0.00013262
-0.00011923
-0.00010538
-9.1111e-05
-7.6482e-05
-6.1551e-05
-4.6377e-05
-3.102e-05
-1.5541e-05
-4.608e-18
1.5541e-05
3.102e-05
4.6377e-05
6.1551e-05
7.6482e-05
9.1111e-05
0.00010538
0.00011923
0.00013262
0.00014548
0.00015776
0.00016943
0.00018042
0.0001907
0.00020023
0.00020897
0.00021689
0.00022394
0.00023012
0.00023539
0.00023972
0.00024312
0.00024555
0.00024701
0.0002475
0.00024701
0.00024555
0.00024312
0.00023972
0.00023539
0.00023012
0.00022394
0.00021689
0.00020897
0.00020023
0.0001907
0.00018042
0.00016943
0.00015776
0.00014548
0.00013262
0.00011923
0.00010538
9.1111e-05
7.6482e-05
6.1551e-05
4.6377e-05
3.102e-05
1.5541e-05
2.4187e-19
-1.5541e-05
-3.102e-05
-4.6377e-05
-6.1551e-05
-7.6482e-05
-9.1111e-05
-0.00010538
-0.00011923
-0.00013262
-0.00014548
-0.00015776
-0.00016943
-0.00018042
-0.0001907
-0.00020023
-0.00020897
-0.00021689
-0.00022394
-0.00023012
-0.00023539
-0.00023972
-0.00024312
-0.00024555
-0.00024701
-0.0002475
-0.00024701
-0.00024555
-0.00024312
-0.00023972
-0.00023539
-0.00023012
-0.00022394
-0.00021689
-0.00020897
-0.00020023
-0.0001907
-0.00018042
-0.00016943
-0.00015776
-0.00014548
-0.00013262
-0.00011923
-0.00010538
-9.1111e-05
-7.6482e-05
-6.1551e-05
-4.6377e-05
-3.102e-05
-1.5541e-05
-2.9101e-18
1.5541e-05
3.102e-05
4.6377e-05
6.1551e-05
7.6482e-05
9.1111e-05
0.00010538
0.00011923
0.00013262
0.00014548
0.00015776
0.00016943
0.00018042
0.0001907
0.00020023
0.00020897
0.00021689
0.00022394
0.00023012
0.00023539
0.00023972
0.00024312
0.00024555
0.00024701
0.0002475
0.00024701
0.00024555
0.00024312
0.00023972
0.00023539
0.00023012
0.00022394
0.00021689
0.00020897
0.00020023
0.0001907
0.00018042
0.00016943
0.00015776
0.00014548
0.00013262
0.00011923
0.00010538
9.1111e-05
7.6482e-05
6.1551e-05
4.6377e-05
3.102e-05
1.5541e-05
5.5783e-18
-1.5541e-05
-3.102e-05
-4.6377e-05
-6.1551e-05
-7.6482e-05
-9.1111e-05
-0.00010538
-0.00011923
-0.00013262
-0.00014548
-0.00015776
-0.00016943
-0.00018042
-0.0001907
-0.00020023
-0.00020897
-0.00021689
-0.00022394
-0.00023012
-0.00023539
-0.00023972
-0.00024312
-0.00024555
-0.00024701
-0.0002475
-0.00024701
-0.00024555
-0.00024312
-0.00023972
-0.00023539
-0.00023012
-0.00022394
-0.00021689
-0.00020897
-0.00020023
-0.0001907
-0.00018042
-0.00016943
-0.00015776
-0.00014548
-0.00013262
-0.00011923
-0.00010538
-9.1111e-05
-7.6482e-05
-6.1551e-05
-4.6377e-05
-3.102e-05
-1.5541e-05
-1.2121e-18
1.5541e-05
3.102e-05
4.6377e-05
6.1551e-05
7.6482e-05
9.1111e-05
0.00010538
0.00011923
0.00013262
0.00014548
0.00015776
0.00016943
0.00018042
0.0001907
0.00020023
0.00020897
0.00021689
0.00022394
0.00023012
0.00023539
0.00023972
0.00024312
0.00024555
0.00024701
0.0002475
0.00024701
0.00024555
0.00024312
0.00023972
0.00023539
0.00023012
0.00022394
0.00021689
0.00020897
0.00020023
0.0001907
0.00018042
0.00016943
0.00015776
0.00014548
0.00013262
0.00011923
0.00010538
9.1111e-05
7.6482e-05
6.1551e-05
4.6377e-05
3.102e-05
1.5541e-05
3.8803e-18
-1.5541e-05
-3.102e-05
-4.6377e-05
-6.1551e-05
-7.6482e-05
-9.1111e-05
-0.00010538
-0.00011923
-0.00013262
-0.00014548
-0.00015776
-0.00016943
-0.00018042
-0.0001907
-0.00020023
-0.00020897
-0.00021689
-0.00022394
-0.00023012
-0.00023539
-0.00023972
-0.00024312
-0.00024555
-0.00024701
-0.0002475
-0.00024701
-0.00024555
-0.00024312
-0.00023972
-0.00023539
-0.00023012
-0.00022394
-0.00021689
-0.00020897
-0.00020023
-0.0001907
-0.00018042
-0.00016943
-0.00015776
-0.00014548
-0.00013262
-0.00011923
-0.00010538
-9.1111e-05
-7.6482e-05
-6.1551e-05
-4.6377e-05
-3.102e-05
-1.5541e-05
4.8588e-19
1.5541e-05
3.102e-05
4.6377e-05
6.1551e-05
7.6482e-05
9.1111e-05
0.00010538
0.00011923
0.00013262
0.00014548
0.00015776
0.00016943
0.00018042
0.0001907
0.00020023
0.00020897
0.00021689
0.00022394
0.00023012
0.00023539
0.00023972
0.00024312
0.00024555
0.00024701
0.0002475
0.00024701
0.00024555
0.00024312
0.00023972
0.00023539
0.00023012
0.00022394
0.00021689
0.00020897
0.00020023
0.0001907
0.00018042
0.00016943
0.00015776
0.00014548
0.00013262
0.00011923
0.00010538
9.1111e-05
7.6482e-05
6.1551e-05
4.6377e-05
3.102e-05
1.5541e-05
2.1823e-18
-1.5541e-05
-3.102e-05
-4.6377e-05
-6.1551e-05
-7.6482e-05
-9.1111e-05
-0.00010538
-0.00011923
-0.00013262
-0.00014548
-0.00015776
-0.00016943
-0.00018042
-0.0001907
-0.00020023
-0.00020897
-0.00021689
-0.00022394
-0.00023012
-0.00023539
-0.00023972
-0.00024312
-0.00024555
-0.00024701
-0.0002475
-0.00024701
-0.00024555
-0.00024312
-0.00023972
-0.00023539
-0.00023012
-0.00022394
-0.00021689
-0.00020897
-0.00020023
-0.0001907
-0.00018042
-0.00016943
-0.00015776
-0.00014548
-0.00013262
-0.00011923
-0.00010538
-9.1111e-05
-7.6482e-05
-6.1551e-05
-4.6377e-05
-3.102e-05
-1.5541e-05
-4.8505e-18
1.5541e-05
3.102e-05
4.6377e-05
6.1551e-05
7.6482e-05
9.1111e-05
0.00010538
0.00011923
0.00013262
0.00014548
0.00015776
0.00016943
0.00018042
0.0001907
0.00020023
0.00020897
0.00021689
0.00022394
0.00023012
0.00023539
0.00023972
0.00024312
0.00024555
0.00024701
0.0002475
0.00024701
0.00024555
0.00024312
0.00023972
0.00023539
0.00023012
0.00022394
0.00021689
0.00020897
0.00020023
0.0001907
0.00018042
0.00016943
0.00015776
0.00014548
0.00013262
0.00011923
0.00010538
9.1111e-05
7.6482e-05
6.1551e-05
4.6377e-05
3.102e-05
1.5541e-05
4.8435e-19
-1.5541e-05
-3.102e-05
-4.6377e-05
-6.1551e-05
-7.6482e-05
-9.1111e-05
-0.00010538
-0.00011923
-0.00013262
-0.00014548
-0.00015776
-0.00016943
-0.00018042
-0.0001907
-0.00020023
-0.00020897
-0.00021689
-0.00022394
-0.00023012
-0.00023539
-0.00023972
-0.00024312
-0.00024555
-0.00024701
-0.0002475
-0.00024701
-0.00024555
-0.00024312
-0.00023972
-0.00023539
-0.00023012
-0.00022394
-0.00021689
-0.00020897
-0.00020023
-0.0001907
-0.00018042
-0.00016943
-0.00015776
-0.00014548
-0.00013262
-0.00011923
-0.00010538
-9.1111e-05
-7.6482e-05
-6.1551e-05
-4.6377e-05
-3.102e-05
-1.5541e-05
-3.1525e-18
1.5541e-05
3.102e-05
4.6377e-05
6.1551e-05
7.6482e-05
9.1111e-05
0.00010538
0.00011923
0.00013262
0.00014548
0.00015776
0.00016943
0.00018042
0.0001907
0.00020023
0.00020897
0.00021689
0.00022394
0.00023012
0.00023539
0.00023972
0.00024312
0.00024555
0.00024701
0.0002475
0.00024701
0.00024555
0.00024312
0.00023972
0.00023539
0.00023012
0.00022394
0.00021689
0.00020897
0.00020023
0.0001907
0.00018042
0.00016943
0.00015776
0.00014548
0.00013262
0.00011923
0.00010538
9.1111e-05
7.6482e-05
6.1551e-05
4.6377e-05
3.102e-05
1.5541e-05
-1.2136e-18
-1.5541e-05
-3.102e-05
-4.6377e-05
-6.1551e-05
-7.6482e-05
-9.1111e-05
-0.00010538
-0.00011923
-0.00013262
-0.00014548
-0.00015776
-0.00016943
-0.00018042
-0.0001907
-0.00020023
-0.00020897
-0.00021689
-0.00022394
-0.00023012
-0.00023539
-0.00023972
-0.00024312
-0.00024555
-0.00024701
-0.0002475
-0.00024701
-0.00024555
-0.00024312
-0.00023972
-0.00023539
-0.00023012
-0.00022394
-0.00021689
-0.00020897
-0.00020023
-0.0001907
-0.00018042
-0.00016943
-0.00015776
-0.00014548
-0.00013262
-0.00011923
-0.00010538
-9.1111e-05
-7.6482e-05
-6.1551e-05
-4.6377e-05
-3.102e-05
-1.5541e-05
-1.4546e-18
1.5541e-05
3.102e-05
4.6377e-05
6.1551e-05
7.6482e-05
9.1111e-05
0.00010538
0.00011923
0.00013262
0.00014548
0.00015776
0.00016943
0.00018042
0.0001907
0.00020023
0.00020897
0.00021689
0.00022394
0.00023012
0.00023539
0.00023972
0.00024312
0.00024555
0.00024701
0.0002475
0.00024701
0.00024555
0.00024312
0.00023972
0.00023539
0.00023012
0.00022394
0.00021689
0.00020897
0.00020023
0.0001907
0.00018042
0.00016943
0.00015776
0.00014548
0.00013262
0.00011923
0.00010538
9.1111e-05
7.6482e-05
6.1551e-05
4.6377e-05
3.102e-05
1.5541e-05
4.1228e-18
-1.5541e-05
-3.102e-05
-4.6377e-05
-6.1551e-05
-7.6482e-05
-9.1111e-05
-0.00010538
-0.00011923
-0.00013262
-0.00014548
-0.00015776
-0.00016943
-0.00018042
-0.0001907
-0.00020023
-0.00020897
-0.00021689
-0.00022394
-0.00023012
-0.00023539
-0.00023972
-0.00024312
-0.00024555
-0.00024701
-0.0002475
-0.00024701
-0.00024555
-0.00024312
-0.00023972
-0.00023539
-0.00023012
-0.00022394
-0.00021689
-0.00020897
-0.00020023
-0.0001907
-0.00018042
-0.00016943
-0.00015776
-0.00014548
-0.00013262
-0.00011923
-0.00010538
-9.1111e-05
-7.6482e-05
-6.1551e-05
-4.6377e-05
-3.102e-05
-1.5541e-05
2.434e-19
1.5541e-05
3.102e-05
4.6377e-05
6.1551e-05
7.6482e-05
9.1111e-05
0.00010538
0.00011923
0.00013262
0.00014548
0.00015776
0.00016943
0.00018042
0.0001907
0.00020023
0.00020897
0.00021689
0.00022394
0.00023012
0.00023539
0.00023972
0.00024312
0.00024555
0.00024701
0.0002475
0.00024701
0.00024555
0.00024312
0.00023972
0.00023539
0.00023012
0.00022394
0.00021689
0.00020897
0.00020023
0.0001907
0.00018042
0.00016943
0.00015776
0.00014548
0.00013262
0.00011923
0.00010538
9.1111e-05
7.6482e-05
6.1551e-05
4.6377e-05
3.102e-05
1.5541e-05
2.4248e-18
-1.5541e-05
-3.102e-05
-4.6377e-05
-6.1551e-05
-7.6482e-05
-9.1111e-05
-0.00010538
-0.00011923
-0.00013262
-0.00014548
-0.00015776
-0.00016943
-0.00018042
-0.0001907
-0.00020023
-0.00020897
-0.00021689
-0.00022394
-0.00023012
-0.00023539
-0.00023972
-0.00024312
-0.00024555
-0.00024701
-0.0002475
-0.00024701
-0.00024555
-0.00024312
-0.00023972
-0.00023539
-0.00023012
-0.00022394
-0.00021689
-0.00020897
-0.00020023
-0.0001907
-0.00018042
-0.00016943
-0.00015776
-0.00014548
-0.00013262
-0.00011923
-0.00010538
-9.1111e-05
-7.6482e-05
-6.1551e-05
-4.6377e-05
-3.102e-05
-1.5541e-05
-5.093e-18
1.5541e-05
3.102e-05
4.6377e-05
6.1551e-05
7.6482e-05
9.1111e-05
0.00010538
0.00011923
0.00013262
0.00014548
0.00015776
0.00016943
0.00018042
0.0001907
0.00020023
0.00020897
0.00021689
0.00022394
0.00023012
0.00023539
0.00023972
0.00024312
0.00024555
0.00024701
0.0002475
0.00024701
0.00024555
0.00024312
0.00023972
0.00023539
0.00023012
0.00022394
0.00021689
0.00020897
0.00020023
0.0001907
0.00018042
0.00016943
0.00015776
0.00014548
0.00013262
0.00011923
0.00010538
9.1111e-05
7.6482e-05
6.1551e-05
4.6377e-05
3.102e-05
1.5541e-05
7.7612e-18
-1.5541e-05
-3.102e-05
-4.6377e-05
-6.1551e-05
-7.6482e-05
-9.1111e-05
-0.00010538
-0.00011923
-0.00013262
-0.00014548
-0.00015776
-0.00016943
-0.00018042
-0.0001907
-0.00020023
-0.00020897
-0.00021689
-0.00022394
-0.00023012
-0.00023539
-0.00023972
-0.00024312
-0.00024555
-0.00024701
-0.0002475
-0.00024701
-0.00024555
-0.00024312
-0.00023972
-0.00023539
-0.00023012
-0.00022394
-0.00021689
-0.00020897
-0.00020023
-0.0001907
-0.00018042
-0.00016943
-0.00015776
-0.00014548
-0.00013262
-0.00011923
-0.00010538
-9.1111e-05
-7.6482e-05
-6.1551e-05
-4.6377e-05
-3.102e-05
-1.5541e-05
3.6393e-18
1.5541e-05
3.102e-05
4.6377e-05
6.1551e-05
7.6482e-05
9.1111e-05
0.00010538
0.00011923
0.00013262
0.00014548
0.00015776
0.00016943
0.00018042
0.0001907
0.00020023
0.00020897
0.00021689
0.00022394
0.00023012
0.00023539
0.00023972
0.00024312
0.00024555
0.00024701
0.0002475
0.00024701
0.00024555
0.00024312
0.00023972
0.00023539
0.00023012
0.00022394
0.00021689
0.00020897
0.00020023
0.0001907
0.00018042
0.00016943
0.00015776
0.00014548
0.00013262
0.00011923
0.00010538
9.1111e-05
7.6482e-05
6.1551e-05
4.6377e-05
3.102e-05
1.5541e-05
-9.7115e-19
-1.5541e-05
-3.102e-05
-4.6377e-05
-6.1551e-05
-7.6482e-05
-9.1111e-05
-0.00010538
-0.00011923
-0.00013262
-0.00014548
-0.00015776
-0.00016943
-0.00018042
-0.0001907
-0.00020023
-0.00020897
-0.00021689
-0.00022394
-0.00023012
-0.00023539
-0.00023972
-0.00024312
-0.00024555
-0.00024701
-0.0002475
-0.00024701
-0.00024555
-0.00024312
-0.00023972
-0.00023539
-0.00023012
-0.00022394
-0.00021689
-0.00020897
-0.00020023
-0.0001907
-0.00018042
-0.00016943
-0.00015776
-0.00014548
-0.00013262
-0.00011923
-0.00010538
-9.1111e-05
-7.6482e-05
-6.1551e-05
-4.6377e-05
-3.102e-05
-1.5541e-05
-1.6971e-18
1.5541e-05
3.102e-05
4.6377e-05
6.1551e-05
7.6482e-05
9.1111e-05
0.00010538
0.00011923
0.00013262
0.00014548
0.00015776
0.00016943
0.00018042
0.0001907
0.00020023
0.00020897
0.00021689
0.00022394
0.00023012
0.00023539
0.00023972
0.00024312
0.00024555
0.00024701
0.0002475
0.00024701
0.00024555
0.00024312
0.00023972
0.00023539
0.00023012
0.00022394
0.00021689
0.00020897
0.00020023
0.0001907
0.00018042
0.00016943
0.00015776
0.00014548
0.00013262
0.00011923
0.00010538
9.1111e-05
7.6482e-05
6.1551e-05
4.6377e-05
3.102e-05
1.5541e-05
4.3653e-18
-1.5541e-05
-3.102e-05
-4.6377e-05
-6.1551e-05
-7.6482e-05
-9.1111e-05
-0.00010538
-0.00011923
-0.00013262
-0.00014548
-0.00015776
-0.00016943
-0.00018042
-0.0001907
-0.00020023
-0.00020897
-0.00021689
-0.00022394
-0.00023012
-0.00023539
-0.00023972
-0.00024312
-0.00024555
-0.00024701
-0.0002475
-0.00024701
-0.00024555
-0.00024312
-0.00023972
-0.00023539
-0.00023012
-0.00022394
-0.00021689
-0.00020897
-0.00020023
-0.0001907
-0.00018042
-0.00016943
-0.00015776
-0.00014548
-0.00013262
-0.00011923
-0.00010538
-9.1111e-05
-7.6482e-05
-6.1551e-05
-4.6377e-05
-3.102e-05
-1.5541e-05
7.0353e-18
1.5541e-05
3.102e-05
4.6377e-05
6.1551e-05
7.6482e-05
9.1111e-05
0.00010538
0.00011923
0.00013262
0.00014548
0.00015776
0.00016943
0.00018042
0.0001907
0.00020023
0.00020897
0.00021689
0.00022394
0.00023012
0.00023539
0.00023972
0.00024312
0.00024555
0.00024701
0.0002475
0.00024701
0.00024555
0.00024312
0.00023972
0.00023539
0.00023012
0.00022394
0.00021689
0.00020897
0.00020023
0.0001907
0.00018042
0.00016943
0.00015776
0.00014548
0.00013262
0.00011923
0.00010538
9.1111e-05
7.6482e-05
6.1551e-05
4.6377e-05
3.102e-05
1.5541e-05
-4.3671e-18
-1.5541e-05
-3.102e-05
-4.6377e-05
-6.1551e-05
-7.6482e-05
-9.1111e-05
-0.00010538
-0.00011923
-0.00013262
-0.00014548
-0.00015776
-0.00016943
-0.00018042
-0.0001907
-0.00020023
-0.00020897
-0.00021689
-0.00022394
-0.00023012
-0.00023539
-0.00023972
-0.00024312
-0.00024555
-0.00024701
-0.0002475
-0.00024701
-0.00024555
-0.00024312
-0.00023972
-0.00023539
-0.00023012
-0.00022394
-0.00021689
-0.00020897
-0.00020023
-0.0001907
-0.00018042
-0.00016943
-0.00015776
-0.00014548
-0.00013262
-0.00011923
-0.00010538
-9.1111e-05
-7.6482e-05
-6.1551e-05
-4.6377e-05
-3.102e-05
-1.5541e-05
1.6989e-18
1.5541e-05
3.102e-05
4.6377e-05
6.1551e-05
7.6482e-05
9.1111e-05
0.00010538
0.00011923
0.00013262
0.00014548
0.00015776
0.00016943
0.00018042
0.0001907
0.00020023
0.00020897
0.00021689
0.00022394
0.00023012
0.00023539
0.00023972
0.00024312
0.00024555
0.00024701
0.0002475
0.00024701
0.00024555
0.00024312
0.00023972
0.00023539
0.00023012
0.00022394
0.00021689
0.00020897
0.00020023
0.0001907
0.00018042
0.00016943
0.00015776
0.00014548
0.00013262
0.00011923
0.00010538
9.1111e-05
7.6482e-05
6.1551e-05
4.6377e-05
3.102e-05
1.5541e-05
9.6931e-19
-1.5541e-05
-3.102e-05
-4.6377e-05
-6.1551e-05
-7.6482e-05
-9.1111e-05
-0.00010538
-0.00011923
-0.00013262
-0.00014548
-0.00015776
-0.00016943
-0.00018042
-0.0001907
-0.00020023
-0.00020897
-0.00021689
-0.00022394
-0.00023012
-0.00023539
-0.00023972
-0.00024312
-0.00024555
-0.00024701
-0.0002475
-0.00024701
-0.00024555
-0.00024312
-0.00023972
-0.00023539
-0.00023012
-0.00022394
-0.00021689
-0.00020897
-0.00020023
-0.0001907
-0.00018042
-0.00016943
-0.00015776
-0.00014548
-0.00013262
-0.00011923
-0.00010538
-9.1111e-05
-7.6482e-05
-6.1551e-05
-4.6377e-05
-3.102e-05
-1.5541e-05
-3.6375e-18
1.5541e-05
3.102e-05
4.6377e-05
6.1551e-05
7.6482e-05
9.1111e-05
0.00010538
0.00011923
0.00013262
0.00014548
0.00015776
0.00016943
0.00018042
0.0001907
0.00020023
0.00020897
0.00021689
0.00022394
0.00023012
0.00023539
0.00023972
0.00024312
0.00024555
0.00024701
0.0002475
0.00024701
0.00024555
0.00024312
0.00023972
0.00023539
0.00023012
0.00022394
0.00021689
0.00020897
0.00020023
0.0001907
0.00018042
0.00016943
0.00015776
0.00014548
0.00013262
0.00011923
0.00010538
9.1111e-05
7.6482e-05
6.1551e-05
4.6377e-05
3.102e-05
1.5541e-05
-7.763e-18
-1.5541e-05
-3.102e-05
-4.6377e-05
-6.1551e-05
-7.6482e-05
-9.1111e-05
-0.00010538
-0.00011923
-0.00013262
-0.00014548
-0.00015776
-0.00016943
-0.00018042
-0.0001907
-0.00020023
-0.00020897
-0.00021689
-0.00022394
-0.00023012
-0.00023539
-0.00023972
-0.00024312
-0.00024555
-0.00024701
-0.0002475
-0.00024701
-0.00024555
-0.00024312
-0.00023972
-0.00023539
-0.00023012
-0.00022394
-0.00021689
-0.00020897
-0.00020023
-0.0001907
-0.00018042
-0.00016943
-0.00015776
-0.00014548
-0.00013262
-0.00011923
-0.00010538
-9.1111e-05
-7.6482e-05
-6.1551e-05
-4.6377e-05
-3.102e-05
-1.5541e-05
5.0948e-18
1.5541e-05
3.102e-05
4.6377e-05
6.1551e-05
7.6482e-05
9.1111e-05
0.00010538
0.00011923
0.00013262
0.00014548
0.00015776
0.00016943
0.00018042
0.0001907
0.00020023
0.00020897
0.00021689
0.00022394
0.00023012
0.00023539
0.00023972
0.00024312
0.00024555
0.00024701
0.0002475
0.00024701
0.00024555
0.00024312
0.00023972
0.00023539
0.00023012
0.00022394
0.00021689
0.00020897
0.00020023
0.0001907
0.00018042
0.00016943
0.00015776
0.00014548
0.00013262
0.00011923
0.00010538
9.1111e-05
7.6482e-05
6.1551e-05
4.6377e-05
3.102e-05
1.5541e-05
-2.4266e-18
-1.5541e-05
-3.102e-05
-4.6377e-05
-6.1551e-05
-7.6482e-05
-9.1111e-05
-0.00010538
-0.00011923
-0.00013262
-0.00014548
-0.00015776
-0.00016943
-0.00018042
-0.0001907
-0.00020023
-0.00020897
-0.00021689
-0.00022394
-0.00023012
-0.00023539
-0.00023972
-0.00024312
-0.00024555
-0.00024701
-0.0002475
-0.00024701
-0.00024555
-0.00024312
-0.00023972
-0.00023539
-0.00023012
-0.00022394
-0.00021689
-0.00020897
-0.00020023
-0.0001907
-0.00018042
-0.00016943
-0.00015776
-0.00014548
-0.00013262
-0.00011923
-0.00010538
-9.1111e-05
-7.6482e-05
-6.1551e-05
-4.6377e-05
-3.102e-05
-1.5541e-05
-2.4156e-19
1.5541e-05
3.102e-05
4.6377e-05
6.1551e-05
7.6482e-05
9.1111e-05
0.00010538
0.00011923
0.00013262
0.00014548
0.00015776
0.00016943
0.00018042
0.0001907
0.00020023
0.00020897
0.00021689
0.00022394
0.00023012
0.00023539
0.00023972
0.00024312
0.00024555
0.00024701
0.0002475
0.00024701
0.00024555
0.00024312
0.00023972
0.00023539
0.00023012
0.00022394
0.00021689
0.00020897
0.00020023
0.0001907
0.00018042
0.00016943
0.00015776
0.00014548
0.00013262
0.00011923
0.00010538
9.1111e-05
7.6482e-05
6.1551e-05
4.6377e-05
3.102e-05
1.5541e-05
2.9098e-18
-1.5541e-05
-3.102e-05
-4.6377e-05
-6.1551e-05
-7.6482e-05
-9.1111e-05
-0.00010538
-0.00011923
-0.00013262
-0.00014548
-0.00015776
-0.00016943
-0.00018042
-0.0001907
-0.00020023
-0.00020897
-0.00021689
-0.00022394
-0.00023012
-0.00023539
-0.00023972
-0.00024312
-0.00024555
-0.00024701
-0.0002475
-0.00024701
-0.00024555
-0.00024312
-0.00023972
-0.00023539
-0.00023012
-0.00022394
-0.00021689
-0.00020897
-0.00020023
-0.0001907
-0.00018042
-0.00016943
-0.00015776
-0.00014548
-0.00013262
-0.00011923
-0.00010538
-9.1111e-05
-7.6482e-05
-6.1551e-05
-4.6377e-05
-3.102e-05
-1.5541e-05
8.4908e-18
1.5541e-05
3.102e-05
4.6377e-05
6.1551e-05
7.6482e-05
9.1111e-05
0.00010538
0.00011923
0.00013262
0.00014548
0.00015776
0.00016943
0.00018042
0.0001907
0.00020023
0.00020897
0.00021689
0.00022394
0.00023012
0.00023539
0.00023972
0.00024312
0.00024555
0.00024701
0.0002475
0.00024701
0.00024555
0.00024312
0.00023972
0.00023539
0.00023012
0.00022394
0.00021689
0.00020897
0.00020023
0.0001907
0.00018042
0.00016943
0.00015776
0.00014548
0.00013262
0.00011923
0.00010538
9.1111e-05
7.6482e-05
6.1551e-05
4.6377e-05
3.102e-05
1.5541e-05
-5.8226e-18
-1.5541e-05
-3.102e-05
-4.6377e-05
-6.1551e-05
-7.6482e-05
-9.1111e-05
-0.00010538
-0.00011923
-0.00013262
-0.00014548
-0.00015776
-0.00016943
-0.00018042
-0.0001907
-0.00020023
-0.00020897
-0.00021689
-0.00022394
-0.00023012
-0.00023539
-0.00023972
-0.00024312
-0.00024555
-0.00024701
-0.0002475
-0.00024701
-0.00024555
-0.00024312
-0.00023972
-0.00023539
-0.00023012
-0.00022394
-0.00021689
-0.00020897
-0.00020023
-0.0001907
-0.00018042
-0.00016943
-0.00015776
-0.00014548
-0.00013262
-0.00011923
-0.00010538
-9.1111e-05
-7.6482e-05
-6.1551e-05
-4.6377e-05
-3.102e-05
-1.5541e-05
3.1544e-18
1.5541e-05
3.102e-05
4.6377e-05
6.1551e-05
7.6482e-05
9.1111e-05
0.00010538
0.00011923
0.00013262
0.00014548
0.00015776
0.00016943
0.00018042
0.0001907
0.00020023
0.00020897
0.00021689
0.00022394
0.00023012
0.00023539
0.00023972
0.00024312
0.00024555
0.00024701
0.0002475
0.00024701
0.00024555
0.00024312
0.00023972
0.00023539
0.00023012
0.00022394
0.00021689
0.00020897
0.00020023
0.0001907
0.00018042
0.00016943
0.00015776
0.00014548
0.00013262
0.00011923
0.00010538
9.1111e-05
7.6482e-05
6.1551e-05
4.6377e-05
3.102e-05
1.5541e-05
-4.8619e-19
-1.5541e-05
-3.102e-05
-4.6377e-05
-6.1551e-05
-7.6482e-05
-9.1111e-05
-0.00010538
-0.00011923
-0.00013262
-0.00014548
-0.00015776
-0.00016943
-0.00018042
-0.0001907
-0.00020023
-0.00020897
-0.00021689
-0.00022394
-0.00023012
-0.00023539
-0.00023972
-0.00024312
-0.00024555
-0.00024701
-0.0002475
-0.00024701
-0.00024555
-0.00024312
-0.00023972
-0.00023539
-0.00023012
-0.00022394
-0.00021689
-0.00020897
-0.00020023
-0.0001907
-0.00018042
-0.00016943
-0.00015776
-0.00014548
-0.00013262
-0.00011923
-0.00010538
-9.1111e-05
-7.6482e-05
-6.1551e-05
-4.6377e-05
-3.102e-05
-1.5541e-05
-2.182e-18
1.5541e-05
3.102e-05
4.6377e-05
6.1551e-05
7.6482e-05
9.1111e-05
0.00010538
0.00011923
0.00013262
0.00014548
0.00015776
0.00016943
0.00018042
0.0001907
0.00020023
0.00020897
0.00021689
0.00022394
0.00023012
0.00023539
0.00023972
0.00024312
0.00024555
0.00024701
0.0002475
0.00024701
0.00024555
0.00024312
0.00023972
0.00023539
0.00023012
0.00022394
0.00021689
0.00020897
0.00020023
0.0001907
0.00018042
0.00016943
0.00015776
0.00014548
0.00013262
0.00011923
0.00010538
9.1111e-05
7.6482e-05
6.1551e-05
4.6377e-05
3.102e-05
1.5541e-05
4.8502e-18
-1.5541e-05
-3.102e-05
-4.6377e-05
-6.1551e-05
-7.6482e-05
-9.1111e-05
-0.00010538
-0.00011923
-0.00013262
-0.00014548
-0.00015776
-0.00016943
-0.00018042
-0.0001907
-0.00020023
-0.00020897
-0.00021689
-0.00022394
-0.00023012
-0.00023539
-0.00023972
-0.00024312
-0.00024555
-0.00024701
-0.0002475
-0.00024701
-0.00024555
-0.00024312
-0.00023972
-0.00023539
-0.00023012
-0.00022394
-0.00021689
-0.00020897
-0.00020023
-0.0001907
-0.00018042
-0.00016943
-0.00015776
-0.00014548
-0.00013262
-0.00011923
-0.00010538
-9.1111e-05
-7.6482e-05
-6.1551e-05
-4.6377e-05
-3.102e-05
-1.5541e-05
-7.5184e-18
1.5541e-05
3.102e-05
4.6377e-05
6.1551e-05
7.6482e-05
9.1111e-05
0.00010538
0.00011923
0.00013262
0.00014548
0.00015776
0.00016943
0.00018042
0.0001907
0.00020023
0.00020897
0.00021689
0.00022394
0.00023012
0.00023539
0.00023972
0.00024312
0.00024555
0.00024701
0.0002475
0.00024701
0.00024555
0.00024312
0.00023972
0.00023539
0.00023012
0.00022394
0.00021689
0.00020897
0.00020023
0.0001907
0.00018042
0.00016943
0.00015776
0.00014548
0.00013262
0.00011923
0.00010538
9.1111e-05
7.6482e-05
6.1551e-05
4.6377e-05
3.102e-05
1.5541e-05
-3.8821e-18
-1.5541e-05
-3.102e-05
-4.6377e-05
-6.1551e-05
-7.6482e-05
-9.1111e-05
-0.00010538
-0.00011923
-0.00013262
-0.00014548
-0.00015776
-0.00016943
-0.00018042
-0.0001907
-0.00020023
-0.00020897
-0.00021689
-0.00022394
-0.00023012
-0.00023539
-0.00023972
-0.00024312
-0.00024555
-0.00024701
-0.0002475
-0.00024701
-0.00024555
-0.00024312
-0.00023972
-0.00023539
-0.00023012
-0.00022394
-0.00021689
-0.00020897
-0.00020023
-0.0001907
-0.00018042
-0.00016943
-0.00015776
-0.00014548
-0.00013262
-0.00011923
-0.00010538
-9.1111e-05
-7.6482e-05
-6.1551e-05
-4.6377e-05
-3.102e-05
-1.5541e-05
1.2139e-18
1.5541e-05
3.102e-05
4.6377e-05
6.1551e-05
7.6482e-05
9.1111e-05
0.00010538
0.00011923
0.00013262
0.00014548
0.00015776
0.00016943
0.00018042
0.0001907
0.00020023
0.00020897
0.00021689
0.00022394
0.00023012
0.00023539
0.00023972
0.00024312
0.00024555
0.00024701
0.0002475
0.00024701
0.00024555
0.00024312
0.00023972
0.00023539
0.00023012
0.00022394
0.00021689
0.00020897
0.00020023
0.0001907
0.00018042
0.00016943
0.00015776
0.00014548
0.00013262
0.00011923
0.00010538
9.1111e-05
7.6482e-05
6.1551e-05
4.6377e-05
3.102e-05
1.5541e-05
1.4543e-18
-1.5541e-05
-3.102e-05
-4.6377e-05
-6.1551e-05
-7.6482e-05
-9.1111e-05
-0.00010538
-0.00011923
-0.00013262
-0.00014548
-0.00015776
-0.00016943
-0.00018042
-0.0001907
-0.00020023
-0.00020897
-0.00021689
-0.00022394
-0.00023012
-0.00023539
-0.00023972
-0.00024312
-0.00024555
-0.00024701
-0.0002475
-0.00024701
-0.00024555
-0.00024312
-0.00023972
-0.00023539
-0.00023012
-0.00022394
-0.00021689
-0.00020897
-0.00020023
-0.0001907
-0.00018042
-0.00016943
-0.00015776
-0.00014548
-0.00013262
-0.00011923
-0.00010538
-9.1111e-05
-7.6482e-05
-6.1551e-05
-4.6377e-05
-3.102e-05
-1.5541e-05
-4.1225e-18
1.5541e-05
3.102e-05
4.6377e-05
6.1551e-05
7.6482e-05
9.1111e-05
0.00010538
0.00011923
0.00013262
0.00014548
0.00015776
0.00016943
0.00018042
0.0001907
0.00020023
0.00020897
0.00021689
0.00022394
0.00023012
0.00023539
0.00023972
0.00024312
0.00024555
0.00024701
0.0002475
0.00024701
0.00024555
0.00024312
0.00023972
0.00023539
0.00023012
0.00022394
0.00021689
0.00020897
0.00020023
0.0001907
0.00018042
0.00016943
0.00015776
0.00014548
0.00013262
0.00011923
0.00010538
9.1111e-05
7.6482e-05
6.1551e-05
4.6377e-05
3.102e-05
1.5541e-05
6.7907e-18
-1.5541e-05
-3.102e-05
-4.6377e-05
-6.1551e-05
-7.6482e-05
-9.1111e-05
-0.00010538
-0.00011923
-0.00013262
-0.00014548
-0.00015776
-0.00016943
-0.00018042
-0.0001907
-0.00020023
-0.00020897
-0.00021689
-0.00022394
-0.00023012
-0.00023539
-0.00023972
-0.00024312
-0.00024555
-0.00024701
-0.0002475
-0.00024701
-0.00024555
-0.00024312
-0.00023972
-0.00023539
-0.00023012
-0.00022394
-0.00021689
-0.00020897
-0.00020023
-0.0001907
-0.00018042
-0.00016943
-0.00015776
-0.00014548
-0.00013262
-0.00011923
-0.00010538
-9.1111e-05
-7.6482e-05
-6.1551e-05
-4.6377e-05
-3.102e-05
-1.5541e-05
4.6099e-18
1.5541e-05
3.102e-05
4.6377e-05
6.1551e-05
7.6482e-05
9.1111e-05
0.00010538
0.00011923
0.00013262
0.00014548
0.00015776
0.00016943
0.00018042
0.0001907
0.00020023
0.00020897
0.00021689
0.00022394
0.00023012
0.00023539
0.00023972
0.00024312
0.00024555
0.00024701
0.0002475
0.00024701
0.00024555
0.00024312
0.00023972
0.00023539
0.00023012
0.00022394
0.00021689
0.00020897
0.00020023
0.0001907
0.00018042
0.00016943
0.00015776
0.00014548
0.00013262
0.00011923
0.00010538
9.1111e-05
7.6482e-05
6.1551e-05
4.6377e-05
3.102e-05
1.5541e-05
-1.9417e-18
-1.5541e-05
-3.102e-05
-4.6377e-05
-6.1551e-05
-7.6482e-05
-9.1111e-05
-0.00010538
-0.00011923
-0.00013262
-0.00014548
-0.00015776
-0.00016943
-0.00018042
-0.0001907
-0.00020023
-0.00020897
-0.00021689
-0.00022394
-0.00023012
-0.00023539
-0.00023972
-0.00024312
-0.00024555
-0.00024701
-0.0002475
-0.00024701
-0.00024555
-0.00024312
-0.00023972
-0.00023539
-0.00023012
-0.00022394
-0.00021689
-0.00020897
-0.00020023
-0.0001907
-0.00018042
-0.00016943
-0.00015776
-0.00014548
-0.00013262
-0.00011923
-0.00010538
-9.1111e-05
-7.6482e-05
-6.1551e-05
-4.6377e-05
-3.102e-05
-1.5541e-05
-7.2652e-19
1.5541e-05
3.102e-05
4.6377e-05
6.1551e-05
7.6482e-05
9.1111e-05
0.00010538
0.00011923
0.00013262
0.00014548
0.00015776
0.00016943
0.00018042
0.0001907
0.00020023
0.00020897
0.00021689
0.00022394
0.00023012
0.00023539
0.00023972
0.00024312
0.00024555
0.00024701
0.0002475
0.00024701
0.00024555
0.00024312
0.00023972
0.00023539
0.00023012
0.00022394
0.00021689
0.00020897
0.00020023
0.0001907
0.00018042
0.00016943
0.00015776
0.00014548
0.00013262
0.00011923
0.00010538
9.1111e-05
7.6482e-05
6.1551e-05
4.6377e-05
3.102e-05
1.5541e-05
3.3947e-18
-1.5541e-05
-3.102e-05
-4.6377e-05
-6.1551e-05
-7.6482e-05
-9.1111e-05
-0.00010538
-0.00011923
-0.00013262
-0.00014548
-0.00015776
-0.00016943
-0.00018042
-0.0001907
-0.00020023
-0.00020897
-0.00021689
-0.00022394
-0.00023012
-0.00023539
-0.00023972
-0.00024312
-0.00024555
-0.00024701
-0.0002475
-0.00024701
-0.00024555
-0.00024312
-0.00023972
-0.00023539
-0.00023012
-0.00022394
-0.00021689
-0.00020897
-0.00020023
-0.0001907
-0.00018042
-0.00016943
-0.00015776
-0.00014548
-0.00013262
-0.00011923
-0.00010538
-9.1111e-05
-7.6482e-05
-6.1551e-05
-4.6377e-05
-3.102e-05
-1.5541e-05
-6.0629e-18
1.5541e-05
3.102e-05
4.6377e-05
6.1551e-05
7.6482e-05
9.1111e-05
0.00010538
0.00011923
0.00013262
0.00014548
0.00015776
0.00016943
0.00018042
0.0001907
0.00020023
0.00020897
0.00021689
0.00022394
0.00023012
0.00023539
0.00023972
0.00024312
0.00024555
0.00024701
0.0002475
0.00024701
0.00024555
0.00024312
0.00023972
0.00023539
0.00023012
0.00022394
0.00021689
0.00020897
0.00020023
0.0001907
0.00018042
0.00016943
0.00015776
0.00014548
0.00013262
0.00011923
0.00010538
9.1111e-05
7.6482e-05
6.1551e-05
4.6377e-05
3.102e-05
1.5541e-05
-5.3376e-18
-1.5541e-05
-3.102e-05
-4.6377e-05
-6.1551e-05
-7.6482e-05
-9.1111e-05
-0.00010538
-0.00011923
-0.00013262
-0.00014548
-0.00015776
-0.00016943
-0.00018042
-0.0001907
-0.00020023
-0.00020897
-0.00021689
-0.00022394
-0.00023012
-0.00023539
-0.00023972
-0.00024312
-0.00024555
-0.00024701
-0.0002475
-0.00024701
-0.00024555
-0.00024312
-0.00023972
-0.00023539
-0.00023012
-0.00022394
-0.00021689
-0.00020897
-0.00020023
-0.0001907
-0.00018042
-0.00016943
-0.00015776
-0.00014548
-0.00013262
-0.00011923
-0.00010538
-9.1111e-05
-7.6482e-05
-6.1551e-05
-4.6377e-05
-3.102e-05
-1.5541e-05
2.6694e-18
1.5541e-05
3.102e-05
4.6377e-05
6.1551e-05
7.6482e-05
9.1111e-05
0.00010538
0.00011923
0.00013262
0.00014548
0.00015776
0.00016943
0.00018042
0.0001907
0.00020023
0.00020897
0.00021689
0.00022394
0.00023012
0.00023539
0.00023972
0.00024312
0.00024555
0.00024701
0.0002475
0.00024701
0.00024555
0.00024312
0.00023972
0.00023539
0.00023012
0.00022394
0.00021689
0.00020897
0.00020023
0.0001907
0.00018042
0.00016943
0.00015776
0.00014548
0.00013262
0.00011923
0.00010538
9.1111e-05
7.6482e-05
6.1551e-05
4.6377e-05
3.102e-05
1.5541e-05
-1.2244e-21
-1.551e-05
-3.0927e-05
-4.6191e-05
-6.1243e-05
-7.6023e-05
-9.0473e-05
-0.00010454
-0.00011816
-0.00013129
-0.00014388
-0.00015587
-0.00016722
-0.00017789
-0.00018784
-0.00019703
-0.00020542
-0.00021298
-0.00021969
-0.00022552
-0.00023044
-0.00023445
-0.00023752
-0.00023966
-0.00024084
-0.00024106
-0.00024034
-0.00023867
-0.00023607
-0.00023253
-0.00022809
-0.00022276
-0.00021655
-0.00020951
-0.00020166
-0.00019302
-0.00018365
-0.00017356
-0.00016282
-0.00015145
-0.00013951
-0.00012705
-0.00011411
-0.00010074
-8.7011e-05
-7.2964e-05
-5.8658e-05
-4.4151e-05
-2.95e-05
-1.4764e-05
-2.531e-18
1.4733e-05
2.9376e-05
4.3873e-05
5.8165e-05
7.2199e-05
8.5918e-05
9.9268e-05
0.0001122
0.00012466
0.0001366
0.00014798
0.00015875
0.00016887
0.00017831
0.00018702
0.00019497
0.00020214
0.00020849
0.00021401
0.00021867
0.00022246
0.00022537
0.00022738
0.00022849
0.00022869
0.00022799
0.0002264
0.00022391
0.00022055
0.00021632
0.00021125
0.00020536
0.00019867
0.00019121
0.00018301
0.00017411
0.00016454
0.00015435
0.00014356
0.00013224
0.00012042
0.00010815
9.5475e-05
8.2455e-05
6.9139e-05
5.558e-05
4.1832e-05
2.7949e-05
1.3987e-05
-7.8515e-18
-1.3956e-05
-2.7825e-05
-4.1554e-05
-5.5088e-05
-6.8375e-05
-8.1362e-05
-9.3999e-05
-0.00010624
-0.00011803
-0.00012933
-0.00014009
-0.00015028
-0.00015985
-0.00016877
-0.000177
-0.00018452
-0.00019129
-0.0001973
-0.00020251
-0.0002069
-0.00021048
-0.00021321
-0.0002151
-0.00021614
-0.00021631
-0.00021564
-0.00021412
-0.00021175
-0.00020856
-0.00020455
-0.00019974
-0.00019416
-0.00018782
-0.00018076
-0.000173
-0.00016458
-0.00015552
-0.00014588
-0.00013568
-0.00012496
-0.00011379
-0.00010218
-9.0206e-05
-7.79e-05
-6.5315e-05
-5.2503e-05
-3.9513e-05
-2.6398e-05
-1.321e-05
5.1495e-18
1.3178e-05
2.6274e-05
3.9235e-05
5.201e-05
6.4551e-05
7.6806e-05
8.873e-05
0.00010028
0.0001114
0.00012206
0.0001322
0.00014181
0.00015083
0.00015924
0.00016699
0.00017407
0.00018045
0.0001861
0.000191
0.00019514
0.00019849
0.00020106
0.00020282
0.00020378
0.00020394
0.00020329
0.00020184
0.0001996
0.00019657
0.00019278
0.00018824
0.00018296
0.00017698
0.00017031
0.00016299
0.00015504
0.0001465
0.0001374
0.00012779
0.00011769
0.00010715
9.6222e-05
8.4937e-05
7.3344e-05
6.1491e-05
4.9425e-05
3.7194e-05
2.4847e-05
1.2433e-05
8.5266e-18
-1.2401e-05
-2.4723e-05
-3.6916e-05
-4.8933e-05
-6.0726e-05
-7.2251e-05
-8.3461e-05
-9.4314e-05
-0.00010477
-0.00011478
-0.00012432
-0.00013334
-0.00014181
-0.0001497
-0.00015698
-0.00016362
-0.0001696
-0.0001749
-0.00017949
-0.00018337
-0.00018651
-0.0001889
-0.00019055
-0.00019143
-0.00019157
-0.00019094
-0.00018956
-0.00018744
-0.00018459
-0.00018101
-0.00017673
-0.00017177
-0.00016613
-0.00015986
-0.00015298
-0.00014551
-0.00013748
-0.00012893
-0.0001199
-0.00011042
-0.00010052
-9.026e-05
-7.9668e-05
-6.8789e-05
-5.7667e-05
-4.6348e-05
-3.4875e-05
-2.3296e-05
-1.1655e-05
-9.9915e-18
1.1624e-05
2.3172e-05
3.4597e-05
4.5855e-05
5.6902e-05
6.7695e-05
7.8192e-05
8.8352e-05
9.8137e-05
0.00010751
0.00011643
0.00012487
0.00013279
0.00014017
0.00014697
0.00015318
0.00015876
0.0001637
0.00016799
0.0001716
0.00017452
0.00017675
0.00017827
0.00017908
0.00017919
0.00017859
0.00017729
0.00017529
0.0001726
0.00016924
0.00016523
0.00016057
0.00015529
0.00014941
0.00014297
0.00013597
0.00012846
0.00012046
0.00011201
0.00010314
9.3893e-05
8.4298e-05
7.4399e-05
6.4233e-05
5.3843e-05
4.327e-05
3.2557e-05
2.1745e-05
1.0878e-05
1.119e-17
-1.0847e-05
-2.1621e-05
-3.2278e-05
-4.2778e-05
-5.3078e-05
-6.314e-05
-7.2923e-05
-8.2391e-05
-9.1506e-05
-0.00010023
-0.00010854
-0.0001164
-0.00012377
-0.00013063
-0.00013696
-0.00014273
-0.00014792
-0.00015251
-0.00015648
-0.00015983
-0.00016253
-0.00016459
-0.00016599
-0.00016673
-0.00016681
-0.00016624
-0.00016501
-0.00016313
-0.00016062
-0.00015747
-0.00015372
-0.00014937
-0.00014445
-0.00013897
-0.00013295
-0.00012644
-0.00011944
-0.00011199
-0.00010412
-9.5869e-05
-8.7262e-05
-7.8337e-05
-6.913e-05
-5.9678e-05
-5.0019e-05
-4.0193e-05
-3.0238e-05
-2.0194e-05
-1.0101e-05
-2.9902e-18
1.007e-05
2.007e-05
2.9959e-05
3.97e-05
4.9254e-05
5.8584e-05
6.7654e-05
7.6429e-05
8.4875e-05
9.296e-05
0.00010065
0.00010792
0.00011475
0.0001211
0.00012695
0.00013228
0.00013707
0.00014131
0.00014498
0.00014806
0.00015055
0.00015243
0.00015371
0.00015438
0.00015444
0.00015389
0.00015273
0.00015098
0.00014863
0.0001457
0.00014221
0.00013817
0.0001336
0.00012852
0.00012294
0.0001169
0.00011042
0.00010352
9.6235e-05
8.8595e-05
8.0631e-05
7.2375e-05
6.3861e-05
5.5122e-05
4.6195e-05
3.7115e-05
2.7919e-05
1.8643e-05
9.3244e-06
1.2785e-17
-9.2933e-06
-1.8519e-05
-2.7641e-05
-3.6623e-05
-4.543e-05
-5.4029e-05
-6.2385e-05
-7.0467e-05
-7.8244e-05
-8.5686e-05
-9.2764e-05
-9.9453e-05
-0.00010573
-0.00011156
-0.00011694
-0.00012183
-0.00012623
-0.00013011
-0.00013347
-0.00013629
-0.00013856
-0.00014028
-0.00014144
-0.00014203
-0.00014207
-0.00014154
-0.00014045
-0.00013882
-0.00013664
-0.00013393
-0.00013071
-0.00012698
-0.00012276
-0.00011807
-0.00011293
-0.00010737
-0.0001014
-9.5048e-05
-8.8347e-05
-8.1322e-05
-7.4e-05
-6.6413e-05
-5.8591e-05
-5.0567e-05
-4.2371e-05
-3.4038e-05
-2.56e-05
-1.7092e-05
-8.5474e-06
-5.4592e-18
8.5163e-06
1.6968e-05
2.5322e-05
3.3545e-05
4.1606e-05
4.9473e-05
5.7116e-05
6.4506e-05
7.1613e-05
7.8412e-05
8.4876e-05
9.0981e-05
9.6705e-05
0.00010203
0.00010692
0.00011138
0.00011538
0.00011891
0.00012196
0.00012452
0.00012657
0.00012812
0.00012916
0.00012968
0.00012969
0.00012919
0.00012818
0.00012666
0.00012466
0.00012217
0.0001192
0.00011578
0.00011191
0.00010762
0.00010292
9.783e-05
9.2375e-05
8.6576e-05
8.0459e-05
7.4048e-05
6.737e-05
6.0452e-05
5.3322e-05
4.6011e-05
3.8547e-05
3.096e-05
2.3281e-05
1.5541e-05
7.7703e-06
6.2934e-18
-7.7392e-06
-1.5417e-05
-2.3003e-05
-3.0468e-05
-3.7782e-05
-4.4918e-05
-5.1847e-05
-5.8544e-05
-6.4982e-05
-7.1138e-05
-7.6988e-05
-8.251e-05
-8.7684e-05
-9.249e-05
-9.6912e-05
-0.00010093
-0.00010454
-0.00010772
-0.00011046
-0.00011275
-0.00011459
-0.00011597
-0.00011688
-0.00011733
-0.00011732
-0.00011684
-0.0001159
-0.00011451
-0.00011267
-0.0001104
-0.0001077
-0.00010458
-0.00010107
-9.7172e-05
-9.2908e-05
-8.8295e-05
-8.3354e-05
-7.8105e-05
-7.2571e-05
-6.6774e-05
-6.0739e-05
-5.449e-05
-4.8053e-05
-4.1455e-05
-3.4723e-05
-2.7882e-05
-2.0962e-05
-1.399e-05
-6.9933e-06
-6.8608e-18
6.9622e-06
1.3866e-05
2.0684e-05
2.739e-05
3.3958e-05
4.0362e-05
4.6578e-05
5.2582e-05
5.8352e-05
6.3864e-05
6.91e-05
7.4039e-05
7.8663e-05
8.2955e-05
8.6901e-05
9.0485e-05
9.3695e-05
9.652e-05
9.8951e-05
0.00010098
0.0001026
0.00010381
0.0001046
0.00010498
0.00010494
0.00010449
0.00010362
0.00010235
0.00010068
9.8627e-05
9.619e-05
9.3385e-05
9.0225e-05
8.6723e-05
8.2896e-05
7.876e-05
7.4333e-05
6.9634e-05
6.4683e-05
5.95e-05
5.4108e-05
4.8528e-05
4.2784e-05
3.69e-05
3.0899e-05
2.4805e-05
1.8644e-05
1.2439e-05
6.2163e-06
1.548e-18
-6.1852e-06
-1.2315e-05
-1.8365e-05
-2.4313e-05
-3.0134e-05
-3.5807e-05
-4.1309e-05
-4.6621e-05
-5.1721e-05
-5.659e-05
-6.1212e-05
-6.5568e-05
-6.9642e-05
-7.342e-05
-7.6889e-05
-8.0036e-05
-8.285e-05
-8.5323e-05
-8.7445e-05
-8.9211e-05
-9.0616e-05
-9.1655e-05
-9.2326e-05
-9.2629e-05
-9.2565e-05
-9.2135e-05
-9.1344e-05
-9.0196e-05
-8.8698e-05
-8.6858e-05
-8.4684e-05
-8.2188e-05
-7.938e-05
-7.6274e-05
-7.2884e-05
-6.9225e-05
-6.5312e-05
-6.1163e-05
-5.6794e-05
-5.2226e-05
-4.7477e-05
-4.2567e-05
-3.7515e-05
-3.2344e-05
-2.7075e-05
-2.1727e-05
-1.6325e-05
-1.0888e-05
-5.4392e-06
-7.1952e-18
5.4081e-06
1.0764e-05
1.6046e-05
2.1235e-05
2.631e-05
3.1251e-05
3.604e-05
4.0659e-05
4.509e-05
4.9317e-05
5.3324e-05
5.7096e-05
6.0621e-05
6.3885e-05
6.6877e-05
6.9587e-05
7.2006e-05
7.4126e-05
7.5939e-05
7.7442e-05
7.863e-05
7.9499e-05
8.0049e-05
8.0279e-05
8.019e-05
7.9785e-05
7.9067e-05
7.804e-05
7.6712e-05
7.5088e-05
7.3178e-05
7.099e-05
6.8536e-05
6.5826e-05
6.2873e-05
5.969e-05
5.6291e-05
5.2691e-05
4.8906e-05
4.4952e-05
4.0846e-05
3.6605e-05
3.2246e-05
2.7789e-05
2.325e-05
1.865e-05
1.4006e-05
9.337e-06
4.6622e-06
2.7556e-18
-4.6311e-06
-9.2129e-06
-1.3728e-05
-1.8157e-05
-2.2486e-05
-2.6695e-05
-3.0771e-05
-3.4697e-05
-3.8459e-05
-4.2043e-05
-4.5436e-05
-4.8625e-05
-5.16e-05
-5.435e-05
-5.6866e-05
-5.9139e-05
-6.1162e-05
-6.2928e-05
-6.4434e-05
-6.5673e-05
-6.6643e-05
-6.7343e-05
-6.7771e-05
-6.7928e-05
-6.7815e-05
-6.7434e-05
-6.6789e-05
-6.5884e-05
-6.4726e-05
-6.3319e-05
-6.1672e-05
-5.9793e-05
-5.7692e-05
-5.5377e-05
-5.2861e-05
-5.0155e-05
-4.727e-05
-4.422e-05
-4.1018e-05
-3.7679e-05
-3.4215e-05
-3.0643e-05
-2.6977e-05
-2.3233e-05
-1.9426e-05
-1.5572e-05
-1.1687e-05
-7.786e-06
-3.8852e-06
-2.9592e-18
3.8541e-06
7.6619e-06
1.1409e-05
1.508e-05
1.8662e-05
2.214e-05
2.5502e-05
2.8735e-05
3.1828e-05
3.4769e-05
3.7547e-05
4.0154e-05
4.2579e-05
4.4815e-05
4.6854e-05
4.869e-05
5.0318e-05
5.1731e-05
5.2928e-05
5.3904e-05
5.4657e-05
5.5187e-05
5.5494e-05
5.5578e-05
5.544e-05
5.5084e-05
5.4512e-05
5.3729e-05
5.2739e-05
5.155e-05
5.0166e-05
4.8596e-05
4.6847e-05
4.4929e-05
4.285e-05
4.062e-05
3.8249e-05
3.5749e-05
3.313e-05
3.0405e-05
2.7584e-05
2.4681e-05
2.1708e-05
1.8678e-05
1.5602e-05
1.2495e-05
9.3681e-06
6.235e-06
3.1081e-06
2.8959e-18
-3.077e-06
-6.1109e-06
-9.0899e-06
-1.2002e-05
-1.4837e-05
-1.7584e-05
-2.0233e-05
-2.2774e-05
-2.5197e-05
-2.7495e-05
-2.9659e-05
-3.1683e-05
-3.3558e-05
-3.528e-05
-3.6843e-05
-3.8242e-05
-3.9473e-05
-4.0534e-05
-4.1422e-05
-4.2134e-05
-4.2671e-05
-4.3032e-05
-4.3217e-05
-4.3227e-05
-4.3065e-05
-4.2733e-05
-4.2234e-05
-4.1573e-05
-4.0753e-05
-3.978e-05
-3.866e-05
-3.7399e-05
-3.6003e-05
-3.448e-05
-3.2838e-05
-3.1084e-05
-2.9228e-05
-2.7277e-05
-2.5242e-05
-2.3131e-05
-2.0954e-05
-1.872e-05
-1.6439e-05
-1.4122e-05
-1.1778e-05
-9.4173e-06
-7.0493e-06
-4.684e-06
-2.3311e-06
-4.6964e-19
2.3e-06
4.5599e-06
6.771e-06
8.9249e-06
1.1013e-05
1.3029e-05
1.4964e-05
1.6812e-05
1.8566e-05
2.0221e-05
2.1771e-05
2.3211e-05
2.4537e-05
2.5745e-05
2.6831e-05
2.7793e-05
2.8629e-05
2.9337e-05
2.9916e-05
3.0365e-05
3.0685e-05
3.0876e-05
3.0939e-05
3.0876e-05
3.069e-05
3.0382e-05
2.9957e-05
2.9417e-05
2.8767e-05
2.8011e-05
2.7154e-05
2.6202e-05
2.5159e-05
2.4032e-05
2.2826e-05
2.1549e-05
2.0207e-05
1.8806e-05
1.7354e-05
1.5857e-05
1.4323e-05
1.2758e-05
1.117e-05
9.5666e-06
7.9541e-06
6.3397e-06
4.7304e-06
3.133e-06
1.5541e-06
1.969e-18
-1.523e-06
-3.0089e-06
-4.4522e-06
-5.8473e-06
-7.1893e-06
-8.4733e-06
-9.695e-06
-1.085e-05
-1.1936e-05
-1.2947e-05
-1.3883e-05
-1.474e-05
-1.5516e-05
-1.621e-05
-1.6819e-05
-1.7345e-05
-1.7785e-05
-1.814e-05
-1.841e-05
-1.8596e-05
-1.8698e-05
-1.872e-05
-1.8662e-05
-1.8526e-05
-1.8315e-05
-1.8032e-05
-1.7679e-05
-1.7261e-05
-1.6781e-05
-1.6242e-05
-1.5648e-05
-1.5004e-05
-1.4314e-05
-1.3583e-05
-1.2815e-05
-1.2014e-05
-1.1186e-05
-1.0335e-05
-9.4657e-06
-8.5831e-06
-7.6918e-06
-6.7963e-06
-5.9013e-06
-5.0111e-06
-4.13e-06
-3.2622e-06
-2.4116e-06
-1.582e-06
-7.7703e-07
-4.1593e-19
7.4595e-07
1.4579e-06
2.1333e-06
2.7698e-06
3.3652e-06
3.9178e-06
4.426e-06
4.8886e-06
5.3047e-06
5.6736e-06
5.995e-06
6.2687e-06
6.4951e-06
6.6746e-06
6.8079e-06
6.896e-06
6.9403e-06
6.9423e-06
6.9036e-06
6.8262e-06
6.7123e-06
6.5641e-06
6.3843e-06
6.1753e-06
5.94e-06
5.6813e-06
5.4021e-06
5.1054e-06
4.7945e-06
4.4723e-06
4.1422e-06
3.8071e-06
3.4702e-06
3.1346e-06
2.8032e-06
2.4791e-06
2.165e-06
1.8637e-06
1.5776e-06
1.3093e-06
1.0609e-06
8.3464e-07
6.3228e-07
4.5555e-07
3.0593e-07
1.8465e-07
9.2754e-08
3.102e-08
0
0
-0
-0
-0
-0
-0
-0
-0
-0
-0
-0
-0
-0
-0
-0
-0
-0
-0
-0
-0
-0
-0
-0
-0
-0
-0
-0
-0
-0
-0
-0
-0
-0
-0
-0
-0
-0
-0
-0
-0
-0
-0
-0
-0
-0
-0
-0
-0
-0
-0
-0
0
0
0
0
0
0
0
0
0
0
0
0
0
0
0
0
0
0
0
0
0
0
0
0
0
0
0
0
0
0
0
0
0
0
0
0
0
0
0
0
0
0
0
0
0
0
0
0
0
0
-0
-0
-0
-0
-0
-0
-0
-0
-0
-0
-0
-0
-0
-0
-0
-0
-0
-0
-0
-0
-0
-0
-0
-0
-0
-0
-0
-0
-0
-0
-0
-0
-0
-0
-0
-0
-0
-0
-0
-0
-0
-0
-0
-0
-0
-0
-0
-0
-0
-0
0
0
0
0
0
0
0
0
0
0
0
0
0
0
0
0
0
0
0
0
0
0
0
0
0
0
0
0
0
0
0
0
0
0
0
0
0
0
0
0
0
0
0
0
0
0
0
0
0
0
-0
-0
-0
-0
-0
-0
-0
-0
-0
-0
-0
-0
-0
-0
-0
-0
-0
-0
-0
-0
-0
-0
-0
-0
-0
-0
-0
-0
-0
-0
-0
-0
-0
-0
-0
-0
-0
-0
-0
-0
-0
-0
-0
-0
-0
-0
-0
-0
-0
-0
0
0
0
0
0
0
0
0
0
0
0
0
0
0
0
0
0
0
0
0
0
0
0
0
0
0
0
0
0
0
0
0
0
0
0
0
0
0
0
0
0
0
0
0
0
0
0
0
0
0
-0
-0
-0
-0
-0
-0
-0
-0
-0
-0
-0
-0
-0
-0
-0
-0
-0
-0
-0
-0
-0
-0
-0
-0
-0
-0
-0
-0
-0
-0
-0
-0
-0
-0
-0
-0
-0
-0
-0
-0
-0
-0
-0
-0
-0
-0
-0
-0
-0
-0
0
0
0
0
0
0
0
0
0
0
0
0
0
0
0
0
0
0
0
0
0
0
0
0
0
0
0
0
0
0
0
0
0
0
0
0
0
0
0
0
0
0
0
0
0
0
0
0
0
0
-0
-0
-0
-0
-0
-0
-0
-0
-0
-0
-0
-0
-0
-0
-0
-0
-0
-0
-0
-0
-0
-0
-0
-0
-0
-0
-0
-0
-0
-0
-0
-0
-0
-0
-0
-0
-0
-0
-0
-0
-0
-0
-0
-0
-0
-0
-0
-0
-0
-0
0
0
0
0
0
0
0
0
0
0
0
0
0
0
0
0
0
0
0
0
0
0
0
0
0
0
0
0
0
0
0
0
0
0
0
0
0
0
0
0
0
0
0
0
0
0
0
0
0
0
-0
-0
-0
-0
-0
-0
-0
-0
-0
-0
-0
-0
-0
-0
-0
-0
-0
-0
-0
-0
-0
-0
-0
-0
-0
-0
-0
-0
-0
-0
-0
-0
-0
-0
-0
-0
-0
-0
-0
-0
-0
-0
-0
-0
-0
-0
-0
-0
-0
-0
0
0
0
0
0
0
0
0
0
0
0
0
0
0
0
0
0
0
0
0
0
0
0
0
0
0
0
0
0
0
0
0
0
0
0
0
0
0
0
0
0
0
0
0
0
0
0
0
0
0
-0
-0
-0
-0
-0
-0
-0
-0
-0
-0
-0
-0
-0
-0
-0
-0
-0
-0
-0
-0
-0
-0
-0
-0
-0
-0
-0
-0
-0
-0
-0
-0
-0
-0
-0
-0
-0
-0
-0
-0
-0
-0
-0
-0
-0
-0
-0
-0
-0
-0
0
0
0
0
0
0
0
0
0
0
0
0
0
0
0
0
0
0
0
0
0
0
0
0
0
0
0
0
0
0
0
0
0
0
0
0
0
0
0
0
0
0
0
0
0
0
0
0
0
0
-0
-0
-0
-0
-0
-0
-0
-0
-0
-0
-0
-0
-0
-0
-0
-0
-0
-0
-0
-0
-0
-0
-0
-0
-0
-0
-0
-0
-0
-0
-0
-0
-0
-0
-0
-0
-0
-0
-0
-0
-0
-0
-0
-0
-0
-0
-0
-0
-0
-0
0
0
0
0
0
0
0
0
0
0
0
0
0
0
0
0
0
0
0
0
0
0
0
0
0
0
0
0
0
0
0
0
0
0
0
0
0
0
0
0
0
0
0
0
0
0
0
0
0
0
-0
-0
-0
-0
-0
-0
-0
-0
-0
-0
-0
-0
-0
-0
-0
-0
-0
-0
-0
-0
-0
-0
-0
-0
-0
-0
-0
-0
-0
-0
-0
-0
-0
-0
-0
-0
-0
-0
-0
-0
-0
-0
-0
-0
-0
-0
-0
-0
-0
-0
0
0
0
0
0
0
0
0
0
0
0
0
0
0
0
0
0
0
0
0
0
0
0
0
0
0
0
0
0
0
0
0
0
0
0
0
0
0
0
0
0
0
0
0
0
0
0
0
0
0
-0
-0
-0
-0
-0
-0
-0
-0
-0
-0
-0
-0
-0
-0
-0
-0
-0
-0
-0
-0
-0
-0
-0
-0
-0
-0
-0
-0
-0
-0
-0
-0
-0
-0
-0
-0
-0
-0
-0
-0
-0
-0
-0
-0
-0
-0
-0
-0
-0
-0
0
0
0
0
0
0
0
0
0
0
0
0
0
0
0
0
0
0
0
0
0
0
0
0
0
0
0
0
0
0
0
0
0
0
0
0
0
0
0
0
0
0
0
0
0
0
0
0
0
0
-0
-0
-0
-0
-0
-0
-0
-0
-0
-0
-0
-0
-0
-0
-0
-0
-0
-0
-0
-0
-0
-0
-0
-0
-0
-0
-0
-0
-0
-0
-0
-0
-0
-0
-0
-0
-0
-0
-0
-0
-0
-0
-0
-0
-0
-0
-0
-0
-0
-0
0
0
0
0
0
0
0
0
0
0
0
0
0
0
0
0
0
0
0
0
0
0
0
0
0
0
0
0
0
0
0
0
0
0
0
0
0
0
0
0
0
0
0
0
0
0
0
0
0
-0
-0
-0
-0
-0
-0
-0
-0
-0
-0
-0
-0
-0
-0
-0
-0
-0
-0
-0
-0
-0
-0
-0
-0
-0
-0
-0
-0
-0
-0
-0
-0
-0
-0
-0
-0
-0
-0
-0
-0
-0
-0
-0
-0
-0
-0
-0
-0
-0
-0
-0
0
0
0
0
0
0
0
0
0
0
0
0
0
0
0
0
0
0
0
0
0
0
0
0
0
0
0
0
0
0
0
0
0
0
0
0
0
0
0
0
0
0
0
0
0
0
0
0
0
0
-0
-0
-0
-0
-0
-0
-0
-0
-0
-0
-0
-0
-0
-0
-0
-0
-0
-0
-0
-0
-0
-0
-0
-0
-0
-0
-0
-0
-0
-0
-0
-0
-0
-0
-0
-0
-0
-0
-0
-0
-0
-0
-0
-0
-0
-0
-0
-0
-0
0
0
0
0
0
0
0
0
0
0
0
0
0
0
0
0
0
0
0
0
0
0
0
0
0
0
0
0
0
0
0
0
0
0
0
0
0
0
0
0
0
0
0
0
0
0
0
0
0
0
0
-0
-0
-0
-0
-0
-0
-0
-0
-0
-0
-0
-0
-0
-0
-0
-0
-0
-0
-0
-0
-0
-0
-0
-0
-0
-0
-0
-0
-0
-0
-0
-0
-0
-0
-0
-0
-0
-0
-0
-0
-0
-0
-0
-0
-0
-0
-0
-0
-0
-0
0
0
0
0
0
0
0
0
0
0
0
0
0
0
0
0
0
0
0
0
0
0
0
0
0
0
0
0
0
0
0
0
0
0
0
0
0
0
0
0
0
0
0
0
0
0
0
0
0
0
-0
-0
-0
-0
-0
-0
-0
-0
-0
-0
-0
-0
-0
-0
-0
-0
-0
-0
-0
-0
-0
-0
-0
-0
-0
-0
-0
-0
-0
-0
-0
-0
-0
-0
-0
-0
-0
-0
-0
-0
-0
-0
-0
-0
-0
-0
-0
-0
-0
-0
0
0
0
0
0
0
0
0
0
0
0
0
0
0
0
0
0
0
0
0
0
0
0
0
0
0
0
0
0
0
0
0
0
0
0
0
0
0
0
0
0
0
0
0
0
0
0
0
0
-0
-0
-0
-0
-0
-0
-0
-0
-0
-0
-0
-0
-0
-0
-0
-0
-0
-0
-0
-0
-0
-0
-0
-0
-0
-0
-0
-0
-0
-0
-0
-0
-0
-0
-0
-0
-0
-0
-0
-0
-0
-0
-0
-0
-0
-0
-0
-0
-0
-0
-0
0
0
0
0
0
0
0
0
0
0
0
0
0
0
0
0
0
0
0
0
0
0
0
0
0
0
0
0
0
0
0
0
0
0
0
0
0
0
0
0
0
0
0
0
0
0
0
0
0
-0
-0
-0
-0
-0
-0
-0
-0
-0
-0
-0
-0
-0
-0
-0
-0
-0
-0
-0
-0
-0
-0
-0
-0
-0
-0
-0
-0
-0
-0
-0
-0
-0
-0
-0
-0
-0
-0
-0
-0
-0
-0
-0
-0
-0
-0
-0
-0
-0
-0
-0
0
0
0
0
0
0
0
0
0
0
0
0
0
0
0
0
0
0
0
0
0
0
0
0
0
0
0
0
0
0
0
0
0
0
0
0
0
0
0
0
0
0
0
0
0
0
0
0
0
0
-0
-0
-0
-0
-0
-0
-0
-0
-0
-0
-0
-0
-0
-0
-0
-0
-0
-0
-0
-0
-0
-0
-0
-0
-0
-0
-0
-0
-0
-0
-0
-0
-0
-0
-0
-0
-0
-0
-0
-0
-0
-0
-0
-0
-0
-0
-0
-0
-0
-0
0
0
0
0
0
0
0
0
0
0
0
0
0
0
0
0
0
0
0
0
0
0
0
0
0
0
0
0
0
0
0
0
0
0
0
0
0
0
0
0
0
0
0
0
0
0
0
0
0
0
-0
-0
-0
-0
-0
-0
-0
-0
-0
-0
-0
-0
-0
-0
-0
-0
-0
-0
-0
-0
-0
-0
-0
-0
-0
-0
-0
-0
-0
-0
-0
-0
-0
-0
-0
-0
-0
-0
-0
-0
-0
-0
-0
-0
-0
-0
-0
-0
-0
-0
0
0
0
0
0
0
0
0
0
0
0
0
0
0
0
0
0
0
0
0
0
0
0
0
0
0
0
0
0
0
0
0
0
0
0
0
0
0
0
0
0
0
0
0
0
0
0
0
0
0
-0
-0
-0
-0
-0
-0
-0
-0
-0
-0
-0
-0
-0
-0
-0
-0
-0
-0
-0
-0
-0
-0
-0
-0
-0
-0
-0
-0
-0
-0
-0
-0
-0
-0
-0
-0
-0
-0
-0
-0
-0
-0
-0
-0
-0
-0
-0
-0
-0
-0
0
0
0
0
0
0
0
0
0
0
0
0
0
0
0
0
0
0
0
0
0
0
0
0
0
0
0
0
0
0
0
0
0
0
0
0
0
0
0
0
0
0
0
0
0
0
0
0
0
-0
-0
-0
-0
-0
-0
-0
-0
-0
-0
-0
-0
-0
-0
-0
-0
-0
-0
-0
-0
-0
-0
-0
-0
-0
-0
-0
-0
-0
-0
-0
-0
-0
-0
-0
-0
-0
-0
-0
-0
-0
-0
-0
-0
-0
-0
-0
-0
-0
-0
-0
0
0
0
0
0
0
0
0
0
0
0
0
0
0
0
0
0
0
0
0
0
0
0
0
0
0
0
0
0
0
0
0
0
0
0
0
0
0
0
0
0
0
0
0
0
0
0
0
0
-0
-0
-0
-0
-0
-0
-0
-0
-0
-0
-0
-0
-0
-0
-0
-0
-0
-0
-0
-0
-0
-0
-0
-0
-0
-0
-0
-0
-0
-0
-0
-0
-0
-0
-0
-0
-0
-0
-0
-0
-0
-0
-0
-0
-0
-0
-0
-0
-0
-0
-0
0
0
0
0
0
0
0
0
0
0
0
0
0
0
0
0
0
0
0
0
0
0
0
0
0
0
0
0
0
0
0
0
0
0
0
0
0
0
0
0
0
0
0
0
0
0
0
0
0
0
-0
-0
-0
-0
-0
-0
-0
-0
-0
-0
-0
-0
-0
-0
-0
-0
-0
-0
-0
-0
-0
-0
-0
-0
-0
-0
-0
-0
-0
-0
-0
-0
-0
-0
-0
-0
-0
-0
-0
-0
-0
-0
-0
-0
-0
-0
-0
-0
-0
-0
0
0
0
0
0
0
0
0
0
0
0
0
0
0
0
0
0
0
0
0
0
0
0
0
0
0
0
0
0
0
0
0
0
0
0
0
0
0
0
0
0
0
0
0
0
0
0
0
0
0
-0
-0
-0
-0
-0
-0
-0
-0
-0
-0
-0
-0
-0
-0
-0
-0
-0
-0
-0
-0
-0
-0
-0
-0
-0
-0
-0
-0
-0
-0
-0
-0
-0
-0
-0
-0
-0
-0
-0
-0
-0
-0
-0
-0
-0
-0
-0
-0
-0
-0
0
0
0
0
0
0
0
0
0
0
0
0
0
0
0
0
0
0
0
0
0
0
0
0
0
0
0
0
0
0
0
0
0
0
0
0
0
0
0
0
0
0
0
0
0
0
0
0
0
0
-0
-0
-0
-0
-0
-0
-0
-0
-0
-0
-0
-0
-0
-0
-0
-0
-0
-0
-0
-0
-0
-0
-0
-0
-0
-0
-0
-0
-0
-0
-0
-0
-0
-0
-0
-0
-0
-0
-0
-0
-0
-0
-0
-0
-0
-0
-0
-0
-0
-0
0
0
0
0
0
0
0
0
0
0
0
0
0
0
0
0
0
0
0
0
0
0
0
0
0
0
0
0
0
0
0
0
0
0
0
0
0
0
0
0
0
0
0
0
0
0
0
0
0
-0
-0
-0
-0
-0
-0
-0
-0
-0
-0
-0
-0
-0
-0
-0
-0
-0
-0
-0
-0
-0
-0
-0
-0
-0
-0
-0
-0
-0
-0
-0
-0
-0
-0
-0
-0
-0
-0
-0
-0
-0
-0
-0
-0
-0
-0
-0
-0
-0
-0
-0
0
0
0
0
0
0
0
0
0
0
0
0
0
0
0
0
0
0
0
0
0
0
0
0
0
0
0
0
0
0
0
0
0
0
0
0
0
0
0
0
0
0
0
0
0
0
0
0
0
-0
-0
-0
-0
-0
-0
-0
-0
-0
-0
-0
-0
-0
-0
-0
-0
-0
-0
-0
-0
-0
-0
-0
-0
-0
-0
-0
-0
-0
-0
-0
-0
-0
-0
-0
-0
-0
-0
-0
-0
-0
-0
-0
-0
-0
-0
-0
-0
-0
-0
-0
0
0
0
0
0
0
0
0
0
0
0
0
0
0
0
0
0
0
0
0
0
0
0
0
0
0
0
0
0
0
0
0
0
0
0
0
0
0
0
0
0
0
0
0
0
0
0
0
0
0
-0
-0
-0
-0
-0
-0
-0
-0
-0
-0
-0
-0
-0
-0
-0
-0
-0
-0
-0
-0
-0
-0
-0
-0
-0
-0
-0
-0
-0
-0
-0
-0
-0
-0
-0
-0
-0
-0
-0
-0
-0
-0
-0
-0
-0
-0
-0
-0
-0
-0
0
0
0
0
0
0
0
0
0
0
0
0
0
0
0
0
0
0
0
0
0
0
0
0
0
0
0
0
0
0
0
0
0
0
0
0
0
0
0
0
0
0
0
0
0
0
0
0
0
0
-0
-0
-0
-0
-0
-0
-0
-0
-0
-0
-0
-0
-0
-0
-0
-0
-0
-0
-0
-0
-0
-0
-0
-0
-0
-0
-0
-0
-0
-0
-0
-0
-0
-0
-0
-0
-0
-0
-0
-0
-0
-0
-0
-0
-0
-0
-0
-0
-0
-0
0
0
0
0
0
0
0
0
0
0
0
0
0
0
0
0
0
0
0
0
0
0
0
0
0
0
0
0
0
0
0
0
0
0
0
0
0
0
0
0
0
0
0
0
0
0
0
0
0
0
-0
-0
-0
-0
-0
-0
-0
-0
-0
-0
-0
-0
-0
-0
-0
-0
-0
-0
-0
-0
-0
-0
-0
-0
-0
-0
-0
-0
-0
-0
-0
-0
-0
-0
-0
-0
-0
-0
-0
-0
-0
-0
-0
-0
-0
-0
-0
-0
-0
-0
0
0
0
0
0
0
0
0
0
0
0
0
0
0
0
0
0
0
0
0
0
0
0
0
0
0
0
0
0
0
0
0
0
0
0
0
0
0
0
0
0
0
0
0
0
0
0
0
0
-0
-0
-0
-0
-0
-0
-0
-0
-0
-0
-0
-0
-0
-0
-0
-0
-0
-0
-0
-0
-0
-0
-0
-0
-0
-0
-0
-0
-0
-0
-0
-0
-0
-0
-0
-0
-0
-0
-0
-0
-0
-0
-0
-0
-0
-0
-0
-0
-0
-0
-0
0
0
0
0
0
0
0
0
0
0
0
0
0
0
0
0
0
0
0
0
0
0
0
0
0
0
0
0
0
0
0
0
0
0
0
0
0
0
0
0
0
0
0
0
0
0
0
0
0
-0
-0
-0
-0
-0
-0
-0
-0
-0
-0
-0
-0
-0
-0
-0
-0
-0
-0
-0
-0
-0
-0
-0
-0
-0
-0
-0
-0
-0
-0
-0
-0
-0
-0
-0
-0
-0
-0
-0
-0
-0
-0
-0
-0
-0
-0
-0
-0
-0
-0
-0
0
0
0
0
0
0
0
0
0
0
0
0
0
0
0
0
0
0
0
0
0
0
0
0
0
0
0
0
0
0
0
0
0
0
0
0
0
0
0
0
0
0
0
0
0
0
0
0
0
-0
