-0
-0
-0
-0
-0
-0
-0
-0
-0
-0
-0
-0
-0
-0
-0
-0
-0
-0
-0
-0
-0
-0
-0
-0
-0
-0
-0
-0
-0
-0
-0
-0
-0
-0
-0
-0
-0
-0
-0
-0
-0
-0
-0
-0
-0
-0
-0
-0
-0
-0
-0
0
0
0
0
0
0
0
0
0
0
0
0
0
0
0
0
0
0
0
0
0
0
0
0
0
0
0
0
0
0
0
0
0
0
0
0
0
0
0
0
0
0
0
0
0
0
0
0
0
0
-0
-0
-0
-0
-0
-0
-0
-0
-0
-0
-0
-0
-0
-0
-0
-0
-0
-0
-0
-0
-0
-0
-0
-0
-0
-0
-0
-0
-0
-0
-0
-0
-0
-0
-0
-0
-0
-0
-0
-0
-0
-0
-0
-0
-0
-0
-0
-0
-0
-0
0
0
0
0
0
0
0
0
0
0
0
0
0
0
0
0
0
0
0
0
0
0
0
0
0
0
0
0
0
0
0
0
0
0
0
0
0
0
0
0
0
0
0
0
0
0
0
0
0
0
-0
-0
-0
-0
-0
-0
-0
-0
-0
-0
-0
-0
-0
-0
-0
-0
-0
-0
-0
-0
-0
-0
-0
-0
-0
-0
-0
-0
-0
-0
-0
-0
-0
-0
-0
-0
-0
-0
-0
-0
-0
-0
-0
-0
-0
-0
-0
-0
-0
-0
0
0
0
0
0
0
0
0
0
0
0
0
0
0
0
0
0
0
0
0
0
0
0
0
0
0
0
0
0
0
0
0
0
0
0
0
0
0
0
0
0
0
0
0
0
0
0
0
0
0
-0
-0
-0
-0
-0
-0
-0
-0
-0
-0
-0
-0
-0
-0
-0
-0
-0
-0
-0
-0
-0
-0
-0
-0
-0
-0
-0
-0
-0
-0
-0
-0
-0
-0
-0
-0
-0
-0
-0
-0
-0
-0
-0
-0
-0
-0
-0
-0
-0
0
0
0
0
0
0
0
0
0
0
0
0
0
0
0
0
0
0
0
0
0
0
0
0
0
0
0
0
0
0
0
0
0
0
0
0
0
0
0
0
0
0
0
0
0
0
0
0
0
0
0
-0
-0
-0
-0
-0
-0
-0
-0
-0
-0
-0
-0
-0
-0
-0
-0
-0
-0
-0
-0
-0
-0
-0
-0
-0
-0
-0
-0
-0
-0
-0
-0
-0
-0
-0
-0
-0
-0
-0
-0
-0
-0
-0
-0
-0
-0
-0
-0
-0
-0
0
0
0
0
0
0
0
0
0
0
0
0
0
0
0
0
0
0
0
0
0
0
0
0
0
0
0
0
0
0
0
0
0
0
0
0
0
0
0
0
0
0
0
0
0
0
0
0
0
0
-0
-0
-0
-0
-0
-0
-0
-0
-0
-0
-0
-0
-0
-0
-0
-0
-0
-0
-0
-0
-0
-0
-0
-0
-0
-0
-0
-0
-0
-0
-0
-0
-0
-0
-0
-0
-0
-0
-0
-0
-0
-0
-0
-0
-0
-0
-0
-0
-0
0
0
0
0
0
0
0
0
0
0
0
0
0
0
0
0
0
0
0
0
0
0
0
0
0
0
0
0
0
0
0
0
0
0
0
0
0
0
0
0
0
0
0
0
0
0
0
0
0
0
0
-0
-0
-0
-0
-0
-0
-0
-0
-0
-0
-0
-0
-0
-0
-0
-0
-0
-0
-0
-0
-0
-0
-0
-0
-0
-0
-0
-0
-0
-0
-0
-0
-0
-0
-0
-0
-0
-0
-0
-0
-0
-0
-0
-0
-0
-0
-0
-0
-0
0
0
0
0
0
0
0
0
0
0
0
0
0
0
0
0
0
0
0
0
0
0
0
0
0
0
0
0
0
0
0
0
0
0
0
0
0
0
0
0
0
0
0
0
0
0
0
0
0
0
-0
-0
-0
-0
-0
-0
-0
-0
-0
-0
-0
-0
-0
-0
-0
-0
-0
-0
-0
-0
-0
-0
-0
-0
-0
-0
-0
-0
-0
-0
-0
-0
-0
-0
-0
-0
-0
-0
-0
-0
-0
-0
-0
-0
-0
-0
-0
-0
-0
-0
-0
0
0
0
0
0
0
0
0
0
0
0
0
0
0
0
0
0
0
0
0
0
0
0
0
0
0
0
0
0
0
0
0
0
0
0
0
0
0
0
0
0
0
0
0
0
0
0
0
0
0
-0
-0
-0
-0
-0
-0
-0
-0
-0
-0
-0
-0
-0
-0
-0
-0
-0
-0
-0
-0
-0
-0
-0
-0
-0
-0
-0
-0
-0
-0
-0
-0
-0
-0
-0
-0
-0
-0
-0
-0
-0
-0
-0
-0
-0
-0
-0
-0
-0
-0
0
0
0
0
0
0
0
0
0
0
0
0
0
0
0
0
0
0
0
0
0
0
0
0
0
0
0
0
0
0
0
0
0
0
0
0
0
0
0
0
0
0
0
0
0
0
0
0
0
0
-0
-0
-0
-0
-0
-0
-0
-0
-0
-0
-0
-0
-0
-0
-0
-0
-0
-0
-0
-0
-0
-0
-0
-0
-0
-0
-0
-0
-0
-0
-0
-0
-0
-0
-0
-0
-0
-0
-0
-0
-0
-0
-0
-0
-0
-0
-0
-0
-0
0
0
0
0
0
0
0
0
0
0
0
0
0
0
0
0
0
0
0
0
0
0
0
0
0
0
0
0
0
0
0
0
0
0
0
0
0
0
0
0
0
0
0
0
0
0
0
0
0
0
0
-0
-0
-0
-0
-0
-0
-0
-0
-0
-0
-0
-0
-0
-0
-0
-0
-0
-0
-0
-0
-0
-0
-0
-0
-0
-0
-0
-0
-0
-0
-0
-0
-0
-0
-0
-0
-0
-0
-0
-0
-0
-0
-0
-0
-0
-0
-0
-0
-0
0
0
0
0
0
0
0
0
0
0
0
0
0
0
0
0
0
0
0
0
0
0
0
0
0
0
0
0
0
0
0
0
0
0
0
0
0
0
0
0
0
0
0
0
0
0
0
0
0
0
-0
-0
-0
-0
-0
-0
-0
-0
-0
-0
-0
-0
-0
-0
-0
-0
-0
-0
-0
-0
-0
-0
-0
-0
-0
-0
-0
-0
-0
-0
-0
-0
-0
-0
-0
-0
-0
-0
-0
-0
-0
-0
-0
-0
-0
-0
-0
-0
-0
-0
0
0
0
0
0
0
0
0
0
0
0
0
0
0
0
0
0
0
0
0
0
0
0
0
0
0
0
0
0
0
0
0
0
0
0
0
0
0
0
0
0
0
0
0
0
0
0
0
0
0
0
-0
-0
-0
-0
-0
-0
-0
-0
-0
-0
-0
-0
-0
-0
-0
-0
-0
-0
-0
-0
-0
-0
-0
-0
-0
-0
-0
-0
-0
-0
-0
-0
-0
-0
-0
-0
-0
-0
-0
-0
-0
-0
-0
-0
-0
-0
-0
-0
-0
0
0
0
0
0
0
0
0
0
0
0
0
0
0
0
0
0
0
0
0
0
0
0
0
0
0
0
0
0
0
0
0
0
0
0
0
0
0
0
0
0
0
0
0
0
0
0
0
0
0
-0
-0
-0
-0
-0
-0
-0
-0
-0
-0
-0
-0
-0
-0
-0
-0
-0
-0
-0
-0
-0
-0
-0
-0
-0
-0
-0
-0
-0
-0
-0
-0
-0
-0
-0
-0
-0
-0
-0
-0
-0
-0
-0
-0
-0
-0
-0
-0
-0
-0
0
0
0
0
0
0
0
0
0
0
0
0
0
0
0
0
0
0
0
0
0
0
0
0
0
0
0
0
0
0
0
0
0
0
0
0
0
0
0
0
0
0
0
0
0
0
0
0
0
0
-0
-0
-0
-0
-0
-0
-0
-0
-0
-0
-0
-0
-0
-0
-0
-0
-0
-0
-0
-0
-0
-0
-0
-0
-0
-0
-0
-0
-0
-0
-0
-0
-0
-0
-0
-0
-0
-0
-0
-0
-0
-0
-0
-0
-0
-0
-0
-0
-0
-0
0
0
0
0
0
0
0
0
0
0
0
0
0
0
0
0
0
0
0
0
0
0
0
0
0
0
0
0
0
0
0
0
0
0
0
0
0
0
0
0
0
0
0
0
0
0
0
0
0
0
0
-0
-0
-0
-0
-0
-0
-0
-0
-0
-0
-0
-0
-0
-0
-0
-0
-0
-0
-0
-0
-0
-0
-0
-0
-0
-0
-0
-0
-0
-0
-0
-0
-0
-0
-0
-0
-0
-0
-0
-0
-0
-0
-0
-0
-0
-0
-0
-0
-0
-0
0
0
0
0
0
0
0
0
0
0
0
0
0
0
0
0
0
0
0
0
0
0
0
0
0
0
0
0
0
0
0
0
0
0
0
0
0
0
0
0
0
0
0
0
0
0
0
0
0
0
-0
-0
-0
-0
-0
-0
-0
-0
-0
-0
-0
-0
-0
-0
-0
-0
-0
-0
-0
-0
-0
-0
-0
-0
-0
-0
-0
-0
-0
-0
-0
-0
-0
-0
-0
-0
-0
-0
-0
-0
-0
-0
-0
-0
-0
-0
-0
-0
-0
-0
0
0
0
0
0
0
0
0
0
0
0
0
0
0
0
0
0
0
0
0
0
0
0
0
0
0
0
0
0
0
0
0
0
0
0
0
0
0
0
0
0
0
0
0
0
0
0
0
0
0
-0
-0
-0
-0
-0
-0
-0
-0
-0
-0
-0
-0
-0
-0
-0
-0
-0
-0
-0
-0
-0
-0
-0
-0
-0
-0
-0
-0
-0
-0
-0
-0
-0
-0
-0
-0
-0
-0
-0
-0
-0
-0
-0
-0
-0
-0
-0
-0
-0
-0
0
0
0
0
0
0
0
0
0
0
0
0
0
0
0
0
0
0
0
0
0
0
0
0
0
0
0
0
0
0
0
0
0
0
0
0
0
0
0
0
0
0
0
0
0
0
0
0
0
0
-0
-0
-0
-0
-0
-0
-0
-0
-0
-0
-0
-0
-0
-0
-0
-0
-0
-0
-0
-0
-0
-0
-0
-0
-0
-0
-0
-0
-0
-0
-0
-0
-0
-0
-0
-0
-0
-0
-0
-0
-0
-0
-0
-0
-0
-0
-0
-0
-0
-0
0
0
0
0
0
0
0
0
0
0
0
0
0
0
0
0
0
0
0
0
0
0
0
0
0
0
0
0
0
0
0
0
0
0
0
0
0
0
0
0
0
0
0
0
0
0
0
0
0
-0
-0
-0
-0
-0
-0
-0
-0
-0
-0
-0
-0
-0
-0
-0
-0
-0
-0
-0
-0
-0
-0
-0
-0
-0
-0
-0
-0
-0
-0
-0
-0
-0
-0
-0
-0
-0
-0
-0
-0
-0
-0
-0
-0
-0
-0
-0
-0
-0
-0
-0
0
0
0
0
0
0
0
0
0
0
0
0
0
0
0
0
0
0
0
0
0
0
0
0
0
0
0
0
0
0
0
0
0
0
0
0
0
0
0
0
0
0
0
0
0
0
0
0
0
0
-1.5541e-08
-6.204e-08
-1.3913e-07
-2.462e-07
-3.8241e-07
-5.4666e-07
-7.3766e-07
-9.5387e-07
-1.1936e-06
-1.4548e-06
-1.7354e-06
-2.0331e-06
-2.3455e-06
-2.6698e-06
-3.0035e-06
-3.3435e-06
-3.6871e-06
-4.031e-06
-4.3723e-06
-4.7077e-06
-5.0342e-06
-5.3486e-06
-5.6476e-06
-5.9283e-06
-6.1875e-06
-6.4223e-06
-6.6298e-06
-6.8073e-06
-6.952e-06
-7.0616e-06
-7.1337e-06
-7.1662e-06
-7.1572e-06
-7.105e-06
-7.0081e-06
-6.8653e-06
-6.6755e-06
-6.4382e-06
-6.1527e-06
-5.8191e-06
-5.4373e-06
-5.0078e-06
-4.5314e-06
-4.0089e-06
-3.4417e-06
-2.8313e-06
-2.1797e-06
-1.489e-06
-7.6149e-07
-1.9403e-19
7.9257e-07
1.613e-06
2.458e-06
3.3237e-06
4.2065e-06
5.1022e-06
6.0067e-06
6.9156e-06
7.8244e-06
8.7286e-06
9.6235e-06
1.0504e-05
1.1366e-05
1.2205e-05
1.3015e-05
1.3792e-05
1.4531e-05
1.5228e-05
1.5878e-05
1.6477e-05
1.702e-05
1.7504e-05
1.7925e-05
1.8279e-05
1.8563e-05
1.8773e-05
1.8907e-05
1.8963e-05
1.8938e-05
1.8831e-05
1.864e-05
1.8363e-05
1.8002e-05
1.7554e-05
1.702e-05
1.64e-05
1.5697e-05
1.4909e-05
1.4041e-05
1.3093e-05
1.2068e-05
1.097e-05
9.8004e-06
8.5644e-06
7.2658e-06
5.9089e-06
4.4986e-06
3.04e-06
1.5385e-06
-4.8557e-20
-1.5696e-06
-3.164e-06
-4.7768e-06
-6.4013e-06
-8.0306e-06
-9.6577e-06
-1.1276e-05
-1.2877e-05
-1.4455e-05
-1.6002e-05
-1.7512e-05
-1.8976e-05
-2.0387e-05
-2.174e-05
-2.3027e-05
-2.4241e-05
-2.5376e-05
-2.6425e-05
-2.7384e-05
-2.8246e-05
-2.9007e-05
-2.966e-05
-3.0202e-05
-3.0629e-05
-3.0937e-05
-3.1123e-05
-3.1185e-05
-3.1119e-05
-3.0924e-05
-3.06e-05
-3.0146e-05
-2.9561e-05
-2.8846e-05
-2.8002e-05
-2.7031e-05
-2.5935e-05
-2.4718e-05
-2.3381e-05
-2.1929e-05
-2.0367e-05
-1.8699e-05
-1.6931e-05
-1.5069e-05
-1.312e-05
-1.109e-05
-8.9864e-06
-6.8174e-06
-4.591e-06
-2.3156e-06
-3.2739e-19
2.3466e-06
4.715e-06
7.0957e-06
9.4788e-06
1.1855e-05
1.4213e-05
1.6545e-05
1.8839e-05
2.1086e-05
2.3276e-05
2.54e-05
2.7447e-05
2.9408e-05
3.1275e-05
3.3038e-05
3.4689e-05
3.622e-05
3.7623e-05
3.889e-05
4.0016e-05
4.0993e-05
4.1816e-05
4.248e-05
4.298e-05
4.3313e-05
4.3474e-05
4.3462e-05
4.3275e-05
4.2911e-05
4.237e-05
4.1652e-05
4.0758e-05
3.969e-05
3.8451e-05
3.7043e-05
3.5471e-05
3.3738e-05
3.1852e-05
2.9817e-05
2.7641e-05
2.533e-05
2.2893e-05
2.0338e-05
1.7676e-05
1.4914e-05
1.2064e-05
9.1362e-06
6.142e-06
3.0926e-06
-4.3671e-19
-3.1237e-06
-6.266e-06
-9.4145e-06
-1.2556e-05
-1.5679e-05
-1.8769e-05
-2.1814e-05
-2.4801e-05
-2.7717e-05
-3.055e-05
-3.3288e-05
-3.5918e-05
-3.8429e-05
-4.081e-05
-4.305e-05
-4.5138e-05
-4.7064e-05
-4.882e-05
-5.0396e-05
-5.1785e-05
-5.2979e-05
-5.3972e-05
-5.4757e-05
-5.5331e-05
-5.5687e-05
-5.5825e-05
-5.5739e-05
-5.543e-05
-5.4897e-05
-5.4139e-05
-5.3158e-05
-5.1955e-05
-5.0534e-05
-4.8899e-05
-4.7054e-05
-4.5006e-05
-4.2759e-05
-4.0323e-05
-3.7705e-05
-3.4914e-05
-3.1961e-05
-2.8855e-05
-2.5607e-05
-2.2231e-05
-1.8738e-05
-1.5141e-05
-1.1455e-05
-7.693e-06
-3.8696e-06
-1.2116e-19
3.9007e-06
7.817e-06
1.1733e-05
1.5634e-05
1.9503e-05
2.3324e-05
2.7083e-05
3.0762e-05
3.4348e-05
3.7824e-05
4.1176e-05
4.4389e-05
4.745e-05
5.0345e-05
5.3061e-05
5.5586e-05
5.7909e-05
6.0017e-05
6.1902e-05
6.3554e-05
6.4965e-05
6.6128e-05
6.7035e-05
6.7681e-05
6.8063e-05
6.8175e-05
6.8017e-05
6.7586e-05
6.6883e-05
6.5908e-05
6.4664e-05
6.3152e-05
6.1379e-05
5.9348e-05
5.7066e-05
5.4541e-05
5.178e-05
4.8795e-05
4.5593e-05
4.2188e-05
3.8592e-05
3.4816e-05
3.0876e-05
2.6787e-05
2.2562e-05
1.8219e-05
1.3774e-05
9.244e-06
4.6467e-06
-1.1645e-18
-4.6777e-06
-9.368e-06
-1.4052e-05
-1.8711e-05
-2.3327e-05
-2.788e-05
-3.2352e-05
-3.6724e-05
-4.0979e-05
-4.5098e-05
-4.9064e-05
-5.2861e-05
-5.6471e-05
-5.988e-05
-6.3073e-05
-6.6035e-05
-6.8753e-05
-7.1214e-05
-7.3408e-05
-7.5324e-05
-7.6952e-05
-7.8283e-05
-7.9312e-05
-8.0032e-05
-8.0437e-05
-8.0526e-05
-8.0294e-05
-7.9742e-05
-7.8869e-05
-7.7678e-05
-7.617e-05
-7.435e-05
-7.2223e-05
-6.9796e-05
-6.7078e-05
-6.4076e-05
-6.0801e-05
-5.7266e-05
-5.3481e-05
-4.9462e-05
-4.5222e-05
-4.0778e-05
-3.6145e-05
-3.1342e-05
-2.6386e-05
-2.1297e-05
-1.6093e-05
-1.0795e-05
-5.4237e-06
4.2466e-19
5.4548e-06
1.0919e-05
1.6371e-05
2.1789e-05
2.7151e-05
3.2435e-05
3.7621e-05
4.2686e-05
4.761e-05
5.2372e-05
5.6952e-05
6.1332e-05
6.5492e-05
6.9416e-05
7.3085e-05
7.6483e-05
7.9597e-05
8.2412e-05
8.4914e-05
8.7093e-05
8.8938e-05
9.0439e-05
9.159e-05
9.2382e-05
9.2812e-05
9.2876e-05
9.2572e-05
9.1898e-05
9.0856e-05
8.9447e-05
8.7676e-05
8.5547e-05
8.3067e-05
8.0245e-05
7.7089e-05
7.3611e-05
6.9822e-05
6.5737e-05
6.137e-05
5.6736e-05
5.1853e-05
4.674e-05
4.1414e-05
3.5898e-05
3.021e-05
2.4374e-05
1.8412e-05
1.2346e-05
6.2007e-06
5.8195e-19
-6.2318e-06
-1.247e-05
-1.869e-05
-2.4867e-05
-3.0975e-05
-3.6991e-05
-4.289e-05
-4.8647e-05
-5.424e-05
-5.9646e-05
-6.484e-05
-6.9803e-05
-7.4513e-05
-7.8951e-05
-8.3096e-05
-8.6932e-05
-9.0441e-05
-9.3609e-05
-9.642e-05
-9.8862e-05
-0.00010092
-0.00010259
-0.00010387
-0.00010473
-0.00010519
-0.00010523
-0.00010485
-0.00010405
-0.00010284
-0.00010122
-9.9182e-05
-9.6744e-05
-9.3912e-05
-9.0693e-05
-8.7101e-05
-8.3146e-05
-7.8843e-05
-7.4208e-05
-6.9258e-05
-6.401e-05
-5.8484e-05
-5.2701e-05
-4.6684e-05
-4.0453e-05
-3.4034e-05
-2.7452e-05
-2.073e-05
-1.3897e-05
-6.9778e-06
1.3101e-18
7.0088e-06
1.4021e-05
2.1009e-05
2.7944e-05
3.4799e-05
4.1547e-05
4.8159e-05
5.4609e-05
6.0871e-05
6.6919e-05
7.2728e-05
7.8275e-05
8.3534e-05
8.8486e-05
9.3108e-05
9.7381e-05
0.00010129
0.00010481
0.00010793
0.00011063
0.00011291
0.00011475
0.00011614
0.00011708
0.00011756
0.00011758
0.00011713
0.00011621
0.00011483
0.00011299
0.00011069
0.00010794
0.00010476
0.00010114
9.7112e-05
9.2681e-05
8.7864e-05
8.268e-05
7.7146e-05
7.1284e-05
6.5115e-05
5.8663e-05
5.1953e-05
4.5009e-05
3.7858e-05
3.0529e-05
2.3049e-05
1.5448e-05
7.7548e-06
-1.213e-19
-7.7392e-06
-1.5417e-05
-2.3003e-05
-3.0468e-05
-3.7782e-05
-4.4918e-05
-5.1847e-05
-5.8544e-05
-6.4982e-05
-7.1138e-05
-7.6988e-05
-8.251e-05
-8.7684e-05
-9.249e-05
-9.6912e-05
-0.00010093
-0.00010454
-0.00010772
-0.00011046
-0.00011275
-0.00011459
-0.00011597
-0.00011688
-0.00011733
-0.00011731
-0.00011684
-0.0001159
-0.00011451
-0.00011267
-0.0001104
-0.0001077
-0.00010458
-0.00010107
-9.7172e-05
-9.2908e-05
-8.8295e-05
-8.3354e-05
-7.8105e-05
-7.2571e-05
-6.6774e-05
-6.0739e-05
-5.449e-05
-4.8053e-05
-4.1455e-05
-3.4723e-05
-2.7882e-05
-2.0962e-05
-1.399e-05
-6.9933e-06
2.0696e-18
6.9622e-06
1.3866e-05
2.0684e-05
2.739e-05
3.3958e-05
4.0362e-05
4.6578e-05
5.2582e-05
5.8352e-05
6.3864e-05
6.91e-05
7.4039e-05
7.8663e-05
8.2955e-05
8.6901e-05
9.0485e-05
9.3695e-05
9.652e-05
9.8951e-05
0.00010098
0.0001026
0.00010381
0.0001046
0.00010498
0.00010494
0.00010449
0.00010362
0.00010235
0.00010068
9.8627e-05
9.619e-05
9.3385e-05
9.0225e-05
8.6723e-05
8.2896e-05
7.876e-05
7.4333e-05
6.9634e-05
6.4683e-05
5.95e-05
5.4108e-05
4.8528e-05
4.2784e-05
3.69e-05
3.0899e-05
2.4805e-05
1.8644e-05
1.2439e-05
6.2163e-06
-7.7449e-19
-6.1852e-06
-1.2315e-05
-1.8365e-05
-2.4313e-05
-3.0134e-05
-3.5807e-05
-4.1309e-05
-4.6621e-05
-5.1721e-05
-5.659e-05
-6.1212e-05
-6.5568e-05
-6.9642e-05
-7.342e-05
-7.6889e-05
-8.0036e-05
-8.285e-05
-8.5323e-05
-8.7445e-05
-8.9211e-05
-9.0616e-05
-9.1655e-05
-9.2326e-05
-9.2629e-05
-9.2565e-05
-9.2135e-05
-9.1344e-05
-9.0196e-05
-8.8698e-05
-8.6858e-05
-8.4684e-05
-8.2188e-05
-7.938e-05
-7.6274e-05
-7.2884e-05
-6.9225e-05
-6.5312e-05
-6.1163e-05
-5.6794e-05
-5.2226e-05
-4.7477e-05
-4.2567e-05
-3.7515e-05
-3.2344e-05
-2.7075e-05
-2.1727e-05
-1.6325e-05
-1.0888e-05
-5.4392e-06
-2.5377e-19
5.4081e-06
1.0764e-05
1.6046e-05
2.1235e-05
2.631e-05
3.1251e-05
3.604e-05
4.0659e-05
4.509e-05
4.9317e-05
5.3324e-05
5.7096e-05
6.0621e-05
6.3885e-05
6.6877e-05
6.9587e-05
7.2006e-05
7.4126e-05
7.5939e-05
7.7442e-05
7.863e-05
7.9499e-05
8.0049e-05
8.0279e-05
8.019e-05
7.9785e-05
7.9067e-05
7.804e-05
7.6712e-05
7.5088e-05
7.3178e-05
7.099e-05
6.8536e-05
6.5826e-05
6.2873e-05
5.969e-05
5.6291e-05
5.2691e-05
4.8906e-05
4.4952e-05
4.0846e-05
3.6605e-05
3.2246e-05
2.7789e-05
2.325e-05
1.865e-05
1.4006e-05
9.337e-06
4.6622e-06
-1.0881e-18
-4.6311e-06
-9.2129e-06
-1.3728e-05
-1.8157e-05
-2.2486e-05
-2.6695e-05
-3.0771e-05
-3.4697e-05
-3.8459e-05
-4.2043e-05
-4.5436e-05
-4.8625e-05
-5.16e-05
-5.435e-05
-5.6866e-05
-5.9139e-05
-6.1162e-05
-6.2928e-05
-6.4434e-05
-6.5673e-05
-6.6643e-05
-6.7343e-05
-6.7771e-05
-6.7928e-05
-6.7815e-05
-6.7434e-05
-6.6789e-05
-6.5884e-05
-6.4726e-05
-6.3319e-05
-6.1672e-05
-5.9793e-05
-5.7692e-05
-5.5377e-05
-5.2861e-05
-5.0155e-05
-4.727e-05
-4.422e-05
-4.1018e-05
-3.7679e-05
-3.4215e-05
-3.0643e-05
-2.6977e-05
-2.3233e-05
-1.9426e-05
-1.5572e-05
-1.1687e-05
-7.786e-06
-3.8852e-06
2.4174e-19
3.8541e-06
7.6619e-06
1.1409e-05
1.508e-05
1.8662e-05
2.214e-05
2.5502e-05
2.8735e-05
3.1828e-05
3.4769e-05
3.7547e-05
4.0154e-05
4.2579e-05
4.4815e-05
4.6854e-05
4.869e-05
5.0318e-05
5.1731e-05
5.2928e-05
5.3904e-05
5.4657e-05
5.5187e-05
5.5494e-05
5.5578e-05
5.544e-05
5.5084e-05
5.4512e-05
5.3729e-05
5.2739e-05
5.155e-05
5.0166e-05
4.8596e-05
4.6847e-05
4.4929e-05
4.285e-05
4.062e-05
3.8249e-05
3.5749e-05
3.313e-05
3.0405e-05
2.7584e-05
2.4681e-05
2.1708e-05
1.8678e-05
1.5602e-05
1.2495e-05
9.3681e-06
6.235e-06
3.1081e-06
-1.0621e-18
-3.077e-06
-6.1109e-06
-9.0899e-06
-1.2002e-05
-1.4837e-05
-1.7584e-05
-2.0233e-05
-2.2774e-05
-2.5197e-05
-2.7495e-05
-2.9659e-05
-3.1683e-05
-3.3558e-05
-3.528e-05
-3.6843e-05
-3.8242e-05
-3.9473e-05
-4.0534e-05
-4.1422e-05
-4.2134e-05
-4.2671e-05
-4.3032e-05
-4.3217e-05
-4.3227e-05
-4.3065e-05
-4.2733e-05
-4.2234e-05
-4.1573e-05
-4.0753e-05
-3.978e-05
-3.866e-05
-3.7399e-05
-3.6003e-05
-3.448e-05
-3.2838e-05
-3.1084e-05
-2.9228e-05
-2.7277e-05
-2.5242e-05
-2.3131e-05
-2.0954e-05
-1.872e-05
-1.6439e-05
-1.4122e-05
-1.1778e-05
-9.4173e-06
-7.0493e-06
-4.684e-06
-2.3311e-06
3.9765e-19
2.3e-06
4.5599e-06
6.771e-06
8.9249e-06
1.1013e-05
1.3029e-05
1.4964e-05
1.6812e-05
1.8566e-05
2.0221e-05
2.1771e-05
2.3211e-05
2.4537e-05
2.5745e-05
2.6831e-05
2.7793e-05
2.8629e-05
2.9337e-05
2.9916e-05
3.0365e-05
3.0685e-05
3.0876e-05
3.0939e-05
3.0876e-05
3.069e-05
3.0382e-05
2.9957e-05
2.9417e-05
2.8767e-05
2.8011e-05
2.7154e-05
2.6202e-05
2.5159e-05
2.4032e-05
2.2826e-05
2.1549e-05
2.0207e-05
1.8806e-05
1.7354e-05
1.5857e-05
1.4323e-05
1.2758e-05
1.117e-05
9.5666e-06
7.9541e-06
6.3397e-06
4.7304e-06
3.133e-06
1.5541e-06
-6.0666e-23
-1.523e-06
-3.0089e-06
-4.4522e-06
-5.8473e-06
-7.1893e-06
-8.4733e-06
-9.695e-06
-1.085e-05
-1.1936e-05
-1.2947e-05
-1.3883e-05
-1.474e-05
-1.5516e-05
-1.621e-05
-1.6819e-05
-1.7345e-05
-1.7785e-05
-1.814e-05
-1.841e-05
-1.8596e-05
-1.8698e-05
-1.872e-05
-1.8662e-05
-1.8526e-05
-1.8315e-05
-1.8032e-05
-1.7679e-05
-1.7261e-05
-1.6781e-05
-1.6242e-05
-1.5648e-05
-1.5004e-05
-1.4314e-05
-1.3583e-05
-1.2815e-05
-1.2014e-05
-1.1186e-05
-1.0335e-05
-9.4657e-06
-8.5831e-06
-7.6918e-06
-6.7963e-06
-5.9013e-06
-5.0111e-06
-4.13e-06
-3.2622e-06
-2.4116e-06
-1.582e-06
-7.7703e-07
2.1397e-19
7.4595e-07
1.4579e-06
2.1333e-06
2.7698e-06
3.3652e-06
3.9178e-06
4.426e-06
4.8886e-06
5.3047e-06
5.6736e-06
5.995e-06
6.2687e-06
6.4951e-06
6.6746e-06
6.8079e-06
6.896e-06
6.9403e-06
6.9423e-06
6.9036e-06
6.8262e-06
6.7123e-06
6.5641e-06
6.3843e-06
6.1753e-06
5.94e-06
5.6813e-06
5.4021e-06
5.1054e-06
4.7945e-06
4.4723e-06
4.1422e-06
3.8071e-06
3.4702e-06
3.1346e-06
2.8032e-06
2.4791e-06
2.165e-06
1.8637e-06
1.5776e-06
1.3093e-06
1.0609e-06
8.3464e-07
6.3228e-07
4.5555e-07
3.0593e-07
1.8465e-07
9.2754e-08
3.102e-08
0
0
-0
-0
-0
-0
-0
-0
-0
-0
-0
-0
-0
-0
-0
-0
-0
-0
-0
-0
-0
-0
-0
-0
-0
-0
-0
-0
-0
-0
-0
-0
-0
-0
-0
-0
-0
-0
-0
-0
-0
-0
-0
-0
-0
-0
-0
-0
-0
-0
-0
-0
0
0
0
0
0
0
0
0
0
0
0
0
0
0
0
0
0
0
0
0
0
0
0
0
0
0
0
0
0
0
0
0
0
0
0
0
0
0
0
0
0
0
0
0
0
0
0
0
0
0
-0
-0
-0
-0
-0
-0
-0
-0
-0
-0
-0
-0
-0
-0
-0
-0
-0
-0
-0
-0
-0
-0
-0
-0
-0
-0
-0
-0
-0
-0
-0
-0
-0
-0
-0
-0
-0
-0
-0
-0
-0
-0
-0
-0
-0
-0
-0
-0
-0
-0
0
0
0
0
0
0
0
0
0
0
0
0
0
0
0
0
0
0
0
0
0
0
0
0
0
0
0
0
0
0
0
0
0
0
0
0
0
0
0
0
0
0
0
0
0
0
0
0
0
0
-0
-0
-0
-0
-0
-0
-0
-0
-0
-0
-0
-0
-0
-0
-0
-0
-0
-0
-0
-0
-0
-0
-0
-0
-0
-0
-0
-0
-0
-0
-0
-0
-0
-0
-0
-0
-0
-0
-0
-0
-0
-0
-0
-0
-0
-0
-0
-0
-0
-0
0
0
0
0
0
0
0
0
0
0
0
0
0
0
0
0
0
0
0
0
0
0
0
0
0
0
0
0
0
0
0
0
0
0
0
0
0
0
0
0
0
0
0
0
0
0
0
0
0
0
-0
-0
-0
-0
-0
-0
-0
-0
-0
-0
-0
-0
-0
-0
-0
-0
-0
-0
-0
-0
-0
-0
-0
-0
-0
-0
-0
-0
-0
-0
-0
-0
-0
-0
-0
-0
-0
-0
-0
-0
-0
-0
-0
-0
-0
-0
-0
-0
-0
-0
0
0
0
0
0
0
0
0
0
0
0
0
0
0
0
0
0
0
0
0
0
0
0
0
0
0
0
0
0
0
0
0
0
0
0
0
0
0
0
0
0
0
0
0
0
0
0
0
0
0
-0
-0
-0
-0
-0
-0
-0
-0
-0
-0
-0
-0
-0
-0
-0
-0
-0
-0
-0
-0
-0
-0
-0
-0
-0
-0
-0
-0
-0
-0
-0
-0
-0
-0
-0
-0
-0
-0
-0
-0
-0
-0
-0
-0
-0
-0
-0
-0
-0
-0
0
0
0
0
0
0
0
0
0
0
0
0
0
0
0
0
0
0
0
0
0
0
0
0
0
0
0
0
0
0
0
0
0
0
0
0
0
0
0
0
0
0
0
0
0
0
0
0
0
0
-0
-0
-0
-0
-0
-0
-0
-0
-0
-0
-0
-0
-0
-0
-0
-0
-0
-0
-0
-0
-0
-0
-0
-0
-0
-0
-0
-0
-0
-0
-0
-0
-0
-0
-0
-0
-0
-0
-0
-0
-0
-0
-0
-0
-0
-0
-0
-0
-0
0
0
0
0
0
0
0
0
0
0
0
0
0
0
0
0
0
0
0
0
0
0
0
0
0
0
0
0
0
0
0
0
0
0
0
0
0
0
0
0
0
0
0
0
0
0
0
0
0
0
0
-0
-0
-0
-0
-0
-0
-0
-0
-0
-0
-0
-0
-0
-0
-0
-0
-0
-0
-0
-0
-0
-0
-0
-0
-0
-0
-0
-0
-0
-0
-0
-0
-0
-0
-0
-0
-0
-0
-0
-0
-0
-0
-0
-0
-0
-0
-0
-0
-0
-0
0
0
0
0
0
0
0
0
0
0
0
0
0
0
0
0
0
0
0
0
0
0
0
0
0
0
0
0
0
0
0
0
0
0
0
0
0
0
0
0
0
0
0
0
0
0
0
0
0
0
-0
-0
-0
-0
-0
-0
-0
-0
-0
-0
-0
-0
-0
-0
-0
-0
-0
-0
-0
-0
-0
-0
-0
-0
-0
-0
-0
-0
-0
-0
-0
-0
-0
-0
-0
-0
-0
-0
-0
-0
-0
-0
-0
-0
-0
-0
-0
-0
-0
-0
0
0
0
0
0
0
0
0
0
0
0
0
0
0
0
0
0
0
0
0
0
0
0
0
0
0
0
0
0
0
0
0
0
0
0
0
0
0
0
0
0
0
0
0
0
0
0
0
0
-0
-0
-0
-0
-0
-0
-0
-0
-0
-0
-0
-0
-0
-0
-0
-0
-0
-0
-0
-0
-0
-0
-0
-0
-0
-0
-0
-0
-0
-0
-0
-0
-0
-0
-0
-0
-0
-0
-0
-0
-0
-0
-0
-0
-0
-0
-0
-0
-0
-0
-0
0
0
0
0
0
0
0
0
0
0
0
0
0
0
0
0
0
0
0
0
0
0
0
0
0
0
0
0
0
0
0
0
0
0
0
0
0
0
0
0
0
0
0
0
0
0
0
0
0
0
-0
-0
-0
-0
-0
-0
-0
-0
-0
-0
-0
-0
-0
-0
-0
-0
-0
-0
-0
-0
-0
-0
-0
-0
-0
-0
-0
-0
-0
-0
-0
-0
-0
-0
-0
-0
-0
-0
-0
-0
-0
-0
-0
-0
-0
-0
-0
-0
-0
0
0
0
0
0
0
0
0
0
0
0
0
0
0
0
0
0
0
0
0
0
0
0
0
0
0
0
0
0
0
0
0
0
0
0
0
0
0
0
0
0
0
0
0
0
0
0
0
0
0
0
-0
-0
-0
-0
-0
-0
-0
-0
-0
-0
-0
-0
-0
-0
-0
-0
-0
-0
-0
-0
-0
-0
-0
-0
-0
-0
-0
-0
-0
-0
-0
-0
-0
-0
-0
-0
-0
-0
-0
-0
-0
-0
-0
-0
-0
-0
-0
-0
-0
-0
0
0
0
0
0
0
0
0
0
0
0
0
0
0
0
0
0
0
0
0
0
0
0
0
0
0
0
0
0
0
0
0
0
0
0
0
0
0
0
0
0
0
0
0
0
0
0
0
0
0
-0
-0
-0
-0
-0
-0
-0
-0
-0
-0
-0
-0
-0
-0
-0
-0
-0
-0
-0
-0
-0
-0
-0
-0
-0
-0
-0
-0
-0
-0
-0
-0
-0
-0
-0
-0
-0
-0
-0
-0
-0
-0
-0
-0
-0
-0
-0
-0
-0
0
0
0
0
0
0
0
0
0
0
0
0
0
0
0
0
0
0
0
0
0
0
0
0
0
0
0
0
0
0
0
0
0
0
0
0
0
0
0
0
0
0
0
0
0
0
0
0
0
0
-0
-0
-0
-0
-0
-0
-0
-0
-0
-0
-0
-0
-0
-0
-0
-0
-0
-0
-0
-0
-0
-0
-0
-0
-0
-0
-0
-0
-0
-0
-0
-0
-0
-0
-0
-0
-0
-0
-0
-0
-0
-0
-0
-0
-0
-0
-0
-0
-0
-0
-0
0
0
0
0
0
0
0
0
0
0
0
0
0
0
0
0
0
0
0
0
0
0
0
0
0
0
0
0
0
0
0
0
0
0
0
0
0
0
0
0
0
0
0
0
0
0
0
0
0
0
-0
-0
-0
-0
-0
-0
-0
-0
-0
-0
-0
-0
-0
-0
-0
-0
-0
-0
-0
-0
-0
-0
-0
-0
-0
-0
-0
-0
-0
-0
-0
-0
-0
-0
-0
-0
-0
-0
-0
-0
-0
-0
-0
-0
-0
-0
-0
-0
-0
0
0
0
0
0
0
0
0
0
0
0
0
0
0
0
0
0
0
0
0
0
0
0
0
0
0
0
0
0
0
0
0
0
0
0
0
0
0
0
0
0
0
0
0
0
0
0
0
0
0
-0
-0
-0
-0
-0
-0
-0
-0
-0
-0
-0
-0
-0
-0
-0
-0
-0
-0
-0
-0
-0
-0
-0
-0
-0
-0
-0
-0
-0
-0
-0
-0
-0
-0
-0
-0
-0
-0
-0
-0
-0
-0
-0
-0
-0
-0
-0
-0
-0
-0
0
0
0
0
0
0
0
0
0
0
0
0
0
0
0
0
0
0
0
0
0
0
0
0
0
0
0
0
0
0
0
0
0
0
0
0
0
0
0
0
0
0
0
0
0
0
0
0
0
0
0
-0
-0
-0
-0
-0
-0
-0
-0
-0
-0
-0
-0
-0
-0
-0
-0
-0
-0
-0
-0
-0
-0
-0
-0
-0
-0
-0
-0
-0
-0
-0
-0
-0
-0
-0
-0
-0
-0
-0
-0
-0
-0
-0
-0
-0
-0
-0
-0
-0
-0
0
0
0
0
0
0
0
0
0
0
0
0
0
0
0
0
0
0
0
0
0
0
0
0
0
0
0
0
0
0
0
0
0
0
0
0
0
0
0
0
0
0
0
0
0
0
0
0
0
-0
-0
-0
-0
-0
-0
-0
-0
-0
-0
-0
-0
-0
-0
-0
-0
-0
-0
-0
-0
-0
-0
-0
-0
-0
-0
-0
-0
-0
-0
-0
-0
-0
-0
-0
-0
-0
-0
-0
-0
-0
-0
-0
-0
-0
-0
-0
-0
-0
-0
0
0
0
0
0
0
0
0
0
0
0
0
0
0
0
0
0
0
0
0
0
0
0
0
0
0
0
0
0
0
0
0
0
0
0
0
0
0
0
0
0
0
0
0
0
0
0
0
0
0
-0
-0
-0
-0
-0
-0
-0
-0
-0
-0
-0
-0
-0
-0
-0
-0
-0
-0
-0
-0
-0
-0
-0
-0
-0
-0
-0
-0
-0
-0
-0
-0
-0
-0
-0
-0
-0
-0
-0
-0
-0
-0
-0
-0
-0
-0
-0
-0
-0
-0
-0
0
0
0
0
0
0
0
0
0
0
0
0
0
0
0
0
0
0
0
0
0
0
0
0
0
0
0
0
0
0
0
0
0
0
0
0
0
0
0
0
0
0
0
0
0
0
0
0
0
0
-0
-0
-0
-0
-0
-0
-0
-0
-0
-0
-0
-0
-0
-0
-0
-0
-0
-0
-0
-0
-0
-0
-0
-0
-0
-0
-0
-0
-0
-0
-0
-0
-0
-0
-0
-0
-0
-0
-0
-0
-0
-0
-0
-0
-0
-0
-0
-0
-0
0
0
0
0
0
0
0
0
0
0
0
0
0
0
0
0
0
0
0
0
0
0
0
0
0
0
0
0
0
0
0
0
0
0
0
0
0
0
0
0
0
0
0
0
0
0
0
0
0
0
-0
-0
-0
-0
-0
-0
-0
-0
-0
-0
-0
-0
-0
-0
-0
-0
-0
-0
-0
-0
-0
-0
-0
-0
-0
-0
-0
-0
-0
-0
-0
-0
-0
-0
-0
-0
-0
-0
-0
-0
-0
-0
-0
-0
-0
-0
-0
-0
-0
-0
0
0
0
0
0
0
0
0
0
0
0
0
0
0
0
0
0
0
0
0
0
0
0
0
0
0
0
0
0
0
0
0
0
0
0
0
0
0
0
0
0
0
0
0
0
0
0
0
0
0
-0
-0
-0
-0
-0
-0
-0
-0
-0
-0
-0
-0
-0
-0
-0
-0
-0
-0
-0
-0
-0
-0
-0
-0
-0
-0
-0
-0
-0
-0
-0
-0
-0
-0
-0
-0
-0
-0
-0
-0
-0
-0
-0
-0
-0
-0
-0
-0
-0
-0
-0
0
0
0
0
0
0
0
0
0
0
0
0
0
0
0
0
0
0
0
0
0
0
0
0
0
0
0
0
0
0
0
0
0
0
0
0
0
0
0
0
0
0
0
0
0
0
0
0
0
0
-0
-0
-0
-0
-0
-0
-0
-0
-0
-0
-0
-0
-0
-0
-0
-0
-0
-0
-0
-0
-0
-0
-0
-0
-0
-0
-0
-0
-0
-0
-0
-0
-0
-0
-0
-0
-0
-0
-0
-0
-0
-0
-0
-0
-0
-0
-0
-0
-0
-0
0
0
0
0
0
0
0
0
0
0
0
0
0
0
0
0
0
0
0
0
0
0
0
0
0
0
0
0
0
0
0
0
0
0
0
0
0
0
0
0
0
0
0
0
0
0
0
0
0
-0
-0
-0
-0
-0
-0
-0
-0
-0
-0
-0
-0
-0
-0
-0
-0
-0
-0
-0
-0
-0
-0
-0
-0
-0
-0
-0
-0
-0
-0
-0
-0
-0
-0
-0
-0
-0
-0
-0
-0
-0
-0
-0
-0
-0
-0
-0
-0
-0
-0
0
0
0
0
0
0
0
0
0
0
0
0
0
0
0
0
0
0
0
0
0
0
0
0
0
0
0
0
0
0
0
0
0
0
0
0
0
0
0
0
0
0
0
0
0
0
0
0
0
0
0
-0
-0
-0
-0
-0
-0
-0
-0
-0
-0
-0
-0
-0
-0
-0
-0
-0
-0
-0
-0
-0
-0
-0
-0
-0
-0
-0
-0
-0
-0
-0
-0
-0
-0
-0
-0
-0
-0
-0
-0
-0
-0
-0
-0
-0
-0
-0
-0
-0
-0
0
0
0
0
0
0
0
0
0
0
0
0
0
0
0
0
0
0
0
0
0
0
0
0
0
0
0
0
0
0
0
0
0
0
0
0
0
0
0
0
0
0
0
0
0
0
0
0
0
0
-0
-0
-0
-0
-0
-0
-0
-0
-0
-0
-0
-0
-0
-0
-0
-0
-0
-0
-0
-0
-0
-0
-0
-0
-0
-0
-0
-0
-0
-0
-0
-0
-0
-0
-0
-0
-0
-0
-0
-0
-0
-0
-0
-0
-0
-0
-0
-0
-0
0
0
0
0
0
0
0
0
0
0
0
0
0
0
0
0
0
0
0
0
0
0
0
0
0
0
0
0
0
0
0
0
0
0
0
0
0
0
0
0
0
0
0
0
0
0
0
0
0
0
-0
-0
-0
-0
-0
-0
-0
-0
-0
-0
-0
-0
-0
-0
-0
-0
-0
-0
-0
-0
-0
-0
-0
-0
-0
-0
-0
-0
-0
-0
-0
-0
-0
-0
-0
-0
-0
-0
-0
-0
-0
-0
-0
-0
-0
-0
-0
-0
-0
-0
-0
0
0
0
0
0
0
0
0
0
0
0
0
0
0
0
0
0
0
0
0
0
0
0
0
0
0
0
0
0
0
0
0
0
0
0
0
0
0
0
0
0
0
0
0
0
0
0
0
0
0
-0
-0
-0
-0
-0
-0
-0
-0
-0
-0
-0
-0
-0
-0
-0
-0
-0
-0
-0
-0
-0
-0
-0
-0
-0
-0
-0
-0
-0
-0
-0
-0
-0
-0
-0
-0
-0
-0
-0
-0
-0
-0
-0
-0
-0
-0
-0
-0
-0
-0
0
0
0
0
0
0
0
0
0
0
0
0
0
0
0
0
0
0
0
0
0
0
0
0
0
0
0
0
0
0
0
0
0
0
0
0
0
0
0
0
0
0
0
0
0
0
0
0
0
-0
-0
-0
-0
-0
-0
-0
-0
-0
-0
-0
-0
-0
-0
-0
-0
-0
-0
-0
-0
-0
-0
-0
-0
-0
-0
-0
-0
-0
-0
-0
-0
-0
-0
-0
-0
-0
-0
-0
-0
-0
-0
-0
-0
-0
-0
-0
-0
-0
-0
0
0
0
0
0
0
0
0
0
0
0
0
0
0
0
0
0
0
0
0
0
0
0
0
0
0
0
0
0
0
0
0
0
0
0
0
0
0
0
0
0
0
0
0
0
0
0
0
0
0
-0
-1.5541e-08
-6.204e-08
-1.3913e-07
-2.462e-07
-3.8241e-07
-5.4666e-07
-7.3766e-07
-9.5387e-07
-1.1936e-06
-1.4548e-06
-1.7354e-06
-2.0331e-06
-2.3455e-06
-2.6698e-06
-3.0035e-06
-3.3435e-06
-3.6871e-06
-4.031e-06
-4.3723e-06
-4.7077e-06
-5.0342e-06
-5.3486e-06
-5.6476e-06
-5.9283e-06
-6.1875e-06
-6.4223e-06
-6.6298e-06
-6.8073e-06
-6.952e-06
-7.0616e-06
-7.1337e-06
-7.1662e-06
-7.1572e-06
-7.105e-06
-7.0081e-06
-6.8653e-06
-6.6755e-06
-6.4382e-06
-6.1527e-06
-5.8191e-06
-5.4373e-06
-5.0078e-06
-4.5314e-06
-4.0089e-06
-3.4417e-06
-2.8313e-06
-2.1797e-06
-1.489e-06
-7.6149e-07
-1.3335e-19
7.9257e-07
1.613e-06
2.458e-06
3.3237e-06
4.2065e-06
5.1022e-06
6.0067e-06
6.9156e-06
7.8244e-06
8.7286e-06
9.6235e-06
1.0504e-05
1.1366e-05
1.2205e-05
1.3015e-05
1.3792e-05
1.4531e-05
1.5228e-05
1.5878e-05
1.6477e-05
1.702e-05
1.7504e-05
1.7925e-05
1.8279e-05
1.8563e-05
1.8773e-05
1.8907e-05
1.8963e-05
1.8938e-05
1.8831e-05
1.864e-05
1.8363e-05
1.8002e-05
1.7554e-05
1.702e-05
1.64e-05
1.5697e-05
1.4909e-05
1.4041e-05
1.3093e-05
1.2068e-05
1.097e-05
9.8004e-06
8.5644e-06
7.2658e-06
5.9089e-06
4.4986e-06
3.04e-06
1.5385e-06
-8.7336e-19
-1.5696e-06
-3.164e-06
-4.7768e-06
-6.4013e-06
-8.0306e-06
-9.6577e-06
-1.1276e-05
-1.2877e-05
-1.4455e-05
-1.6002e-05
-1.7512e-05
-1.8976e-05
-2.0387e-05
-2.174e-05
-2.3027e-05
-2.4241e-05
-2.5376e-05
-2.6425e-05
-2.7384e-05
-2.8246e-05
-2.9007e-05
-2.966e-05
-3.0202e-05
-3.0629e-05
-3.0937e-05
-3.1123e-05
-3.1185e-05
-3.1119e-05
-3.0924e-05
-3.06e-05
-3.0146e-05
-2.9561e-05
-2.8846e-05
-2.8002e-05
-2.7031e-05
-2.5935e-05
-2.4718e-05
-2.3381e-05
-2.1929e-05
-2.0367e-05
-1.8699e-05
-1.6931e-05
-1.5069e-05
-1.312e-05
-1.109e-05
-8.9864e-06
-6.8174e-06
-4.591e-06
-2.3156e-06
9.0981e-19
2.3466e-06
4.715e-06
7.0957e-06
9.4788e-06
1.1855e-05
1.4213e-05
1.6545e-05
1.8839e-05
2.1086e-05
2.3276e-05
2.54e-05
2.7447e-05
2.9408e-05
3.1275e-05
3.3038e-05
3.4689e-05
3.622e-05
3.7623e-05
3.889e-05
4.0016e-05
4.0993e-05
4.1816e-05
4.248e-05
4.298e-05
4.3313e-05
4.3474e-05
4.3462e-05
4.3275e-05
4.2911e-05
4.237e-05
4.1652e-05
4.0758e-05
3.969e-05
3.8451e-05
3.7043e-05
3.5471e-05
3.3738e-05
3.1852e-05
2.9817e-05
2.7641e-05
2.533e-05
2.2893e-05
2.0338e-05
1.7676e-05
1.4914e-05
1.2064e-05
9.1362e-06
6.142e-06
3.0926e-06
2.1343e-18
-3.1237e-06
-6.266e-06
-9.4145e-06
-1.2556e-05
-1.5679e-05
-1.8769e-05
-2.1814e-05
-2.4801e-05
-2.7717e-05
-3.055e-05
-3.3288e-05
-3.5918e-05
-3.8429e-05
-4.081e-05
-4.305e-05
-4.5138e-05
-4.7064e-05
-4.882e-05
-5.0396e-05
-5.1785e-05
-5.2979e-05
-5.3972e-05
-5.4757e-05
-5.5331e-05
-5.5687e-05
-5.5825e-05
-5.5739e-05
-5.543e-05
-5.4897e-05
-5.4139e-05
-5.3158e-05
-5.1955e-05
-5.0534e-05
-4.8899e-05
-4.7054e-05
-4.5006e-05
-4.2759e-05
-4.0323e-05
-3.7705e-05
-3.4914e-05
-3.1961e-05
-2.8855e-05
-2.5607e-05
-2.2231e-05
-1.8738e-05
-1.5141e-05
-1.1455e-05
-7.693e-06
-3.8696e-06
-3.3349e-18
3.9007e-06
7.817e-06
1.1733e-05
1.5634e-05
1.9503e-05
2.3324e-05
2.7083e-05
3.0762e-05
3.4348e-05
3.7824e-05
4.1176e-05
4.4389e-05
4.745e-05
5.0345e-05
5.3061e-05
5.5586e-05
5.7909e-05
6.0017e-05
6.1902e-05
6.3554e-05
6.4965e-05
6.6128e-05
6.7035e-05
6.7681e-05
6.8063e-05
6.8175e-05
6.8017e-05
6.7586e-05
6.6883e-05
6.5908e-05
6.4664e-05
6.3152e-05
6.1379e-05
5.9348e-05
5.7066e-05
5.4541e-05
5.178e-05
4.8795e-05
4.5593e-05
4.2188e-05
3.8592e-05
3.4816e-05
3.0876e-05
2.6787e-05
2.2562e-05
1.8219e-05
1.3774e-05
9.244e-06
4.6467e-06
4.8024e-18
-4.6777e-06
-9.368e-06
-1.4052e-05
-1.8711e-05
-2.3327e-05
-2.788e-05
-3.2352e-05
-3.6724e-05
-4.0979e-05
-4.5098e-05
-4.9064e-05
-5.2861e-05
-5.6471e-05
-5.988e-05
-6.3073e-05
-6.6035e-05
-6.8753e-05
-7.1214e-05
-7.3408e-05
-7.5324e-05
-7.6952e-05
-7.8283e-05
-7.9312e-05
-8.0032e-05
-8.0437e-05
-8.0526e-05
-8.0294e-05
-7.9742e-05
-7.8869e-05
-7.7678e-05
-7.617e-05
-7.435e-05
-7.2223e-05
-6.9796e-05
-6.7078e-05
-6.4076e-05
-6.0801e-05
-5.7266e-05
-5.3481e-05
-4.9462e-05
-4.5222e-05
-4.0778e-05
-3.6145e-05
-3.1342e-05
-2.6386e-05
-2.1297e-05
-1.6093e-05
-1.0795e-05
-5.4237e-06
-1.6126e-18
5.4548e-06
1.0919e-05
1.6371e-05
2.1789e-05
2.7151e-05
3.2435e-05
3.7621e-05
4.2686e-05
4.761e-05
5.2372e-05
5.6952e-05
6.1332e-05
6.5492e-05
6.9416e-05
7.3085e-05
7.6483e-05
7.9597e-05
8.2412e-05
8.4914e-05
8.7093e-05
8.8938e-05
9.0439e-05
9.159e-05
9.2382e-05
9.2812e-05
9.2876e-05
9.2572e-05
9.1898e-05
9.0856e-05
8.9447e-05
8.7676e-05
8.5547e-05
8.3067e-05
8.0245e-05
7.7089e-05
7.3611e-05
6.9822e-05
6.5737e-05
6.137e-05
5.6736e-05
5.1853e-05
4.674e-05
4.1414e-05
3.5898e-05
3.021e-05
2.4374e-05
1.8412e-05
1.2346e-05
6.2007e-06
8.5377e-18
-6.2318e-06
-1.247e-05
-1.869e-05
-2.4867e-05
-3.0975e-05
-3.6991e-05
-4.289e-05
-4.8647e-05
-5.424e-05
-5.9646e-05
-6.484e-05
-6.9803e-05
-7.4513e-05
-7.8951e-05
-8.3096e-05
-8.6932e-05
-9.0441e-05
-9.3609e-05
-9.642e-05
-9.8862e-05
-0.00010092
-0.00010259
-0.00010387
-0.00010473
-0.00010519
-0.00010523
-0.00010485
-0.00010405
-0.00010284
-0.00010122
-9.9182e-05
-9.6744e-05
-9.3912e-05
-9.0693e-05
-8.7101e-05
-8.3146e-05
-7.8843e-05
-7.4208e-05
-6.9258e-05
-6.401e-05
-5.8484e-05
-5.2701e-05
-4.6684e-05
-4.0453e-05
-3.4034e-05
-2.7452e-05
-2.073e-05
-1.3897e-05
-6.9778e-06
-4.4747e-18
7.0088e-06
1.4021e-05
2.1009e-05
2.7944e-05
3.4799e-05
4.1547e-05
4.8159e-05
5.4609e-05
6.0871e-05
6.6919e-05
7.2728e-05
7.8275e-05
8.3534e-05
8.8486e-05
9.3108e-05
9.7381e-05
0.00010129
0.00010481
0.00010793
0.00011063
0.00011291
0.00011475
0.00011614
0.00011708
0.00011756
0.00011758
0.00011713
0.00011621
0.00011483
0.00011299
0.00011069
0.00010794
0.00010476
0.00010114
9.7112e-05
9.2681e-05
8.7864e-05
8.268e-05
7.7146e-05
7.1284e-05
6.5115e-05
5.8663e-05
5.1953e-05
4.5009e-05
3.7858e-05
3.0529e-05
2.3049e-05
1.5448e-05
7.7548e-06
6.2934e-18
-7.7392e-06
-1.5417e-05
-2.3003e-05
-3.0468e-05
-3.7782e-05
-4.4918e-05
-5.1847e-05
-5.8544e-05
-6.4982e-05
-7.1138e-05
-7.6988e-05
-8.251e-05
-8.7684e-05
-9.249e-05
-9.6912e-05
-0.00010093
-0.00010454
-0.00010772
-0.00011046
-0.00011275
-0.00011459
-0.00011597
-0.00011688
-0.00011733
-0.00011731
-0.00011684
-0.0001159
-0.00011451
-0.00011267
-0.0001104
-0.0001077
-0.00010458
-0.00010107
-9.7172e-05
-9.2908e-05
-8.8295e-05
-8.3354e-05
-7.8105e-05
-7.2571e-05
-6.6774e-05
-6.0739e-05
-5.449e-05
-4.8053e-05
-4.1455e-05
-3.4723e-05
-2.7882e-05
-2.0962e-05
-1.399e-05
-6.9933e-06
-6.8608e-18
6.9622e-06
1.3866e-05
2.0684e-05
2.739e-05
3.3958e-05
4.0362e-05
4.6578e-05
5.2582e-05
5.8352e-05
6.3864e-05
6.91e-05
7.4039e-05
7.8663e-05
8.2955e-05
8.6901e-05
9.0485e-05
9.3695e-05
9.652e-05
9.8951e-05
0.00010098
0.0001026
0.00010381
0.0001046
0.00010498
0.00010494
0.00010449
0.00010362
0.00010235
0.00010068
9.8627e-05
9.619e-05
9.3385e-05
9.0225e-05
8.6723e-05
8.2896e-05
7.876e-05
7.4333e-05
6.9634e-05
6.4683e-05
5.95e-05
5.4108e-05
4.8528e-05
4.2784e-05
3.69e-05
3.0899e-05
2.4805e-05
1.8644e-05
1.2439e-05
6.2163e-06
1.548e-18
-6.1852e-06
-1.2315e-05
-1.8365e-05
-2.4313e-05
-3.0134e-05
-3.5807e-05
-4.1309e-05
-4.6621e-05
-5.1721e-05
-5.659e-05
-6.1212e-05
-6.5568e-05
-6.9642e-05
-7.342e-05
-7.6889e-05
-8.0036e-05
-8.285e-05
-8.5323e-05
-8.7445e-05
-8.9211e-05
-9.0616e-05
-9.1655e-05
-9.2326e-05
-9.2629e-05
-9.2565e-05
-9.2135e-05
-9.1344e-05
-9.0196e-05
-8.8698e-05
-8.6858e-05
-8.4684e-05
-8.2188e-05
-7.938e-05
-7.6274e-05
-7.2884e-05
-6.9225e-05
-6.5312e-05
-6.1163e-05
-5.6794e-05
-5.2226e-05
-4.7477e-05
-4.2567e-05
-3.7515e-05
-3.2344e-05
-2.7075e-05
-2.1727e-05
-1.6325e-05
-1.0888e-05
-5.4392e-06
-7.1952e-18
5.4081e-06
1.0764e-05
1.6046e-05
2.1235e-05
2.631e-05
3.1251e-05
3.604e-05
4.0659e-05
4.509e-05
4.9317e-05
5.3324e-05
5.7096e-05
6.0621e-05
6.3885e-05
6.6877e-05
6.9587e-05
7.2006e-05
7.4126e-05
7.5939e-05
7.7442e-05
7.863e-05
7.9499e-05
8.0049e-05
8.0279e-05
8.019e-05
7.9785e-05
7.9067e-05
7.804e-05
7.6712e-05
7.5088e-05
7.3178e-05
7.099e-05
6.8536e-05
6.5826e-05
6.2873e-05
5.969e-05
5.6291e-05
5.2691e-05
4.8906e-05
4.4952e-05
4.0846e-05
3.6605e-05
3.2246e-05
2.7789e-05
2.325e-05
1.865e-05
1.4006e-05
9.337e-06
4.6622e-06
2.7556e-18
-4.6311e-06
-9.2129e-06
-1.3728e-05
-1.8157e-05
-2.2486e-05
-2.6695e-05
-3.0771e-05
-3.4697e-05
-3.8459e-05
-4.2043e-05
-4.5436e-05
-4.8625e-05
-5.16e-05
-5.435e-05
-5.6866e-05
-5.9139e-05
-6.1162e-05
-6.2928e-05
-6.4434e-05
-6.5673e-05
-6.6643e-05
-6.7343e-05
-6.7771e-05
-6.7928e-05
-6.7815e-05
-6.7434e-05
-6.6789e-05
-6.5884e-05
-6.4726e-05
-6.3319e-05
-6.1672e-05
-5.9793e-05
-5.7692e-05
-5.5377e-05
-5.2861e-05
-5.0155e-05
-4.727e-05
-4.422e-05
-4.1018e-05
-3.7679e-05
-3.4215e-05
-3.0643e-05
-2.6977e-05
-2.3233e-05
-1.9426e-05
-1.5572e-05
-1.1687e-05
-7.786e-06
-3.8852e-06
-2.9592e-18
3.8541e-06
7.6619e-06
1.1409e-05
1.508e-05
1.8662e-05
2.214e-05
2.5502e-05
2.8735e-05
3.1828e-05
3.4769e-05
3.7547e-05
4.0154e-05
4.2579e-05
4.4815e-05
4.6854e-05
4.869e-05
5.0318e-05
5.1731e-05
5.2928e-05
5.3904e-05
5.4657e-05
5.5187e-05
5.5494e-05
5.5578e-05
5.544e-05
5.5084e-05
5.4512e-05
5.3729e-05
5.2739e-05
5.155e-05
5.0166e-05
4.8596e-05
4.6847e-05
4.4929e-05
4.285e-05
4.062e-05
3.8249e-05
3.5749e-05
3.313e-05
3.0405e-05
2.7584e-05
2.4681e-05
2.1708e-05
1.8678e-05
1.5602e-05
1.2495e-05
9.3681e-06
6.235e-06
3.1081e-06
2.8959e-18
-3.077e-06
-6.1109e-06
-9.0899e-06
-1.2002e-05
-1.4837e-05
-1.7584e-05
-2.0233e-05
-2.2774e-05
-2.5197e-05
-2.7495e-05
-2.9659e-05
-3.1683e-05
-3.3558e-05
-3.528e-05
-3.6843e-05
-3.8242e-05
-3.9473e-05
-4.0534e-05
-4.1422e-05
-4.2134e-05
-4.2671e-05
-4.3032e-05
-4.3217e-05
-4.3227e-05
-4.3065e-05
-4.2733e-05
-4.2234e-05
-4.1573e-05
-4.0753e-05
-3.978e-05
-3.866e-05
-3.7399e-05
-3.6003e-05
-3.448e-05
-3.2838e-05
-3.1084e-05
-2.9228e-05
-2.7277e-05
-2.5242e-05
-2.3131e-05
-2.0954e-05
-1.872e-05
-1.6439e-05
-1.4122e-05
-1.1778e-05
-9.4173e-06
-7.0493e-06
-4.684e-06
-2.3311e-06
-4.6964e-19
2.3e-06
4.5599e-06
6.771e-06
8.9249e-06
1.1013e-05
1.3029e-05
1.4964e-05
1.6812e-05
1.8566e-05
2.0221e-05
2.1771e-05
2.3211e-05
2.4537e-05
2.5745e-05
2.6831e-05
2.7793e-05
2.8629e-05
2.9337e-05
2.9916e-05
3.0365e-05
3.0685e-05
3.0876e-05
3.0939e-05
3.0876e-05
3.069e-05
3.0382e-05
2.9957e-05
2.9417e-05
2.8767e-05
2.8011e-05
2.7154e-05
2.6202e-05
2.5159e-05
2.4032e-05
2.2826e-05
2.1549e-05
2.0207e-05
1.8806e-05
1.7354e-05
1.5857e-05
1.4323e-05
1.2758e-05
1.117e-05
9.5666e-06
7.9541e-06
6.3397e-06
4.7304e-06
3.133e-06
1.5541e-06
1.969e-18
-1.523e-06
-3.0089e-06
-4.4522e-06
-5.8473e-06
-7.1893e-06
-8.4733e-06
-9.695e-06
-1.085e-05
-1.1936e-05
-1.2947e-05
-1.3883e-05
-1.474e-05
-1.5516e-05
-1.621e-05
-1.6819e-05
-1.7345e-05
-1.7785e-05
-1.814e-05
-1.841e-05
-1.8596e-05
-1.8698e-05
-1.872e-05
-1.8662e-05
-1.8526e-05
-1.8315e-05
-1.8032e-05
-1.7679e-05
-1.7261e-05
-1.6781e-05
-1.6242e-05
-1.5648e-05
-1.5004e-05
-1.4314e-05
-1.3583e-05
-1.2815e-05
-1.2014e-05
-1.1186e-05
-1.0335e-05
-9.4657e-06
-8.5831e-06
-7.6918e-06
-6.7963e-06
-5.9013e-06
-5.0111e-06
-4.13e-06
-3.2622e-06
-2.4116e-06
-1.582e-06
-7.7703e-07
-4.1593e-19
7.4595e-07
1.4579e-06
2.1333e-06
2.7698e-06
3.3652e-06
3.9178e-06
4.426e-06
4.8886e-06
5.3047e-06
5.6736e-06
5.995e-06
6.2687e-06
6.4951e-06
6.6746e-06
6.8079e-06
6.896e-06
6.9403e-06
6.9423e-06
6.9036e-06
6.8262e-06
6.7123e-06
6.5641e-06
6.3843e-06
6.1753e-06
5.94e-06
5.6813e-06
5.4021e-06
5.1054e-06
4.7945e-06
4.4723e-06
4.1422e-06
3.8071e-06
3.4702e-06
3.1346e-06
2.8032e-06
2.4791e-06
2.165e-06
1.8637e-06
1.5776e-06
1.3093e-06
1.0609e-06
8.3464e-07
6.3228e-07
4.5555e-07
3.0593e-07
1.8465e-07
9.2754e-08
3.102e-08
0
0
-0
-0
-0
-0
-0
-0
-0
-0
-0
-0
-0
-0
-0
-0
-0
-0
-0
-0
-0
-0
-0
-0
-0
-0
-0
-0
-0
-0
-0
-0
-0
-0
-0
-0
-0
-0
-0
-0
-0
-0
-0
-0
-0
-0
-0
-0
-0
-0
-0
-0
0
0
0
0
0
0
0
0
0
0
0
0
0
0
0
0
0
0
0
0
0
0
0
0
0
0
0
0
0
0
0
0
0
0
0
0
0
0
0
0
0
0
0
0
0
0
0
0
0
0
-0
-0
-0
-0
-0
-0
-0
-0
-0
-0
-0
-0
-0
-0
-0
-0
-0
-0
-0
-0
-0
-0
-0
-0
-0
-0
-0
-0
-0
-0
-0
-0
-0
-0
-0
-0
-0
-0
-0
-0
-0
-0
-0
-0
-0
-0
-0
-0
-0
-0
0
0
0
0
0
0
0
0
0
0
0
0
0
0
0
0
0
0
0
0
0
0
0
0
0
0
0
0
0
0
0
0
0
0
0
0
0
0
0
0
0
0
0
0
0
0
0
0
0
0
-0
-0
-0
-0
-0
-0
-0
-0
-0
-0
-0
-0
-0
-0
-0
-0
-0
-0
-0
-0
-0
-0
-0
-0
-0
-0
-0
-0
-0
-0
-0
-0
-0
-0
-0
-0
-0
-0
-0
-0
-0
-0
-0
-0
-0
-0
-0
-0
-0
-0
0
0
0
0
0
0
0
0
0
0
0
0
0
0
0
0
0
0
0
0
0
0
0
0
0
0
0
0
0
0
0
0
0
0
0
0
0
0
0
0
0
0
0
0
0
0
0
0
0
0
-0
-0
-0
-0
-0
-0
-0
-0
-0
-0
-0
-0
-0
-0
-0
-0
-0
-0
-0
-0
-0
-0
-0
-0
-0
-0
-0
-0
-0
-0
-0
-0
-0
-0
-0
-0
-0
-0
-0
-0
-0
-0
-0
-0
-0
-0
-0
-0
-0
-0
0
0
0
0
0
0
0
0
0
0
0
0
0
0
0
0
0
0
0
0
0
0
0
0
0
0
0
0
0
0
0
0
0
0
0
0
0
0
0
0
0
0
0
0
0
0
0
0
0
0
-0
-0
-0
-0
-0
-0
-0
-0
-0
-0
-0
-0
-0
-0
-0
-0
-0
-0
-0
-0
-0
-0
-0
-0
-0
-0
-0
-0
-0
-0
-0
-0
-0
-0
-0
-0
-0
-0
-0
-0
-0
-0
-0
-0
-0
-0
-0
-0
-0
-0
0
0
0
0
0
0
0
0
0
0
0
0
0
0
0
0
0
0
0
0
0
0
0
0
0
0
0
0
0
0
0
0
0
0
0
0
0
0
0
0
0
0
0
0
0
0
0
0
0
0
-0
-0
-0
-0
-0
-0
-0
-0
-0
-0
-0
-0
-0
-0
-0
-0
-0
-0
-0
-0
-0
-0
-0
-0
-0
-0
-0
-0
-0
-0
-0
-0
-0
-0
-0
-0
-0
-0
-0
-0
-0
-0
-0
-0
-0
-0
-0
-0
-0
-0
0
0
0
0
0
0
0
0
0
0
0
0
0
0
0
0
0
0
0
0
0
0
0
0
0
0
0
0
0
0
0
0
0
0
0
0
0
0
0
0
0
0
0
0
0
0
0
0
0
0
-0
-0
-0
-0
-0
-0
-0
-0
-0
-0
-0
-0
-0
-0
-0
-0
-0
-0
-0
-0
-0
-0
-0
-0
-0
-0
-0
-0
-0
-0
-0
-0
-0
-0
-0
-0
-0
-0
-0
-0
-0
-0
-0
-0
-0
-0
-0
-0
-0
-0
0
0
0
0
0
0
0
0
0
0
0
0
0
0
0
0
0
0
0
0
0
0
0
0
0
0
0
0
0
0
0
0
0
0
0
0
0
0
0
0
0
0
0
0
0
0
0
0
0
0
-0
-0
-0
-0
-0
-0
-0
-0
-0
-0
-0
-0
-0
-0
-0
-0
-0
-0
-0
-0
-0
-0
-0
-0
-0
-0
-0
-0
-0
-0
-0
-0
-0
-0
-0
-0
-0
-0
-0
-0
-0
-0
-0
-0
-0
-0
-0
-0
-0
-0
0
0
0
0
0
0
0
0
0
0
0
0
0
0
0
0
0
0
0
0
0
0
0
0
0
0
0
0
0
0
0
0
0
0
0
0
0
0
0
0
0
0
0
0
0
0
0
0
0
0
-0
-0
-0
-0
-0
-0
-0
-0
-0
-0
-0
-0
-0
-0
-0
-0
-0
-0
-0
-0
-0
-0
-0
-0
-0
-0
-0
-0
-0
-0
-0
-0
-0
-0
-0
-0
-0
-0
-0
-0
-0
-0
-0
-0
-0
-0
-0
-0
-0
-0
0
0
0
0
0
0
0
0
0
0
0
0
0
0
0
0
0
0
0
0
0
0
0
0
0
0
0
0
0
0
0
0
0
0
0
0
0
0
0
0
0
0
0
0
0
0
0
0
0
0
-0
-0
-0
-0
-0
-0
-0
-0
-0
-0
-0
-0
-0
-0
-0
-0
-0
-0
-0
-0
-0
-0
-0
-0
-0
-0
-0
-0
-0
-0
-0
-0
-0
-0
-0
-0
-0
-0
-0
-0
-0
-0
-0
-0
-0
-0
-0
-0
-0
-0
0
0
0
0
0
0
0
0
0
0
0
0
0
0
0
0
0
0
0
0
0
0
0
0
0
0
0
0
0
0
0
0
0
0
0
0
0
0
0
0
0
0
0
0
0
0
0
0
0
0
-0
-0
-0
-0
-0
-0
-0
-0
-0
-0
-0
-0
-0
-0
-0
-0
-0
-0
-0
-0
-0
-0
-0
-0
-0
-0
-0
-0
-0
-0
-0
-0
-0
-0
-0
-0
-0
-0
-0
-0
-0
-0
-0
-0
-0
-0
-0
-0
-0
-0
0
0
0
0
0
0
0
0
0
0
0
0
0
0
0
0
0
0
0
0
0
0
0
0
0
0
0
0
0
0
0
0
0
0
0
0
0
0
0
0
0
0
0
0
0
0
0
0
0
-0
-0
-0
-0
-0
-0
-0
-0
-0
-0
-0
-0
-0
-0
-0
-0
-0
-0
-0
-0
-0
-0
-0
-0
-0
-0
-0
-0
-0
-0
-0
-0
-0
-0
-0
-0
-0
-0
-0
-0
-0
-0
-0
-0
-0
-0
-0
-0
-0
-0
-0
0
0
0
0
0
0
0
0
0
0
0
0
0
0
0
0
0
0
0
0
0
0
0
0
0
0
0
0
0
0
0
0
0
0
0
0
0
0
0
0
0
0
0
0
0
0
0
0
0
0
-0
-0
-0
-0
-0
-0
-0
-0
-0
-0
-0
-0
-0
-0
-0
-0
-0
-0
-0
-0
-0
-0
-0
-0
-0
-0
-0
-0
-0
-0
-0
-0
-0
-0
-0
-0
-0
-0
-0
-0
-0
-0
-0
-0
-0
-0
-0
-0
-0
0
0
0
0
0
0
0
0
0
0
0
0
0
0
0
0
0
0
0
0
0
0
0
0
0
0
0
0
0
0
0
0
0
0
0
0
0
0
0
0
0
0
0
0
0
0
0
0
0
0
0
-0
-0
-0
-0
-0
-0
-0
-0
-0
-0
-0
-0
-0
-0
-0
-0
-0
-0
-0
-0
-0
-0
-0
-0
-0
-0
-0
-0
-0
-0
-0
-0
-0
-0
-0
-0
-0
-0
-0
-0
-0
-0
-0
-0
-0
-0
-0
-0
-0
-0
0
0
0
0
0
0
0
0
0
0
0
0
0
0
0
0
0
0
0
0
0
0
0
0
0
0
0
0
0
0
0
0
0
0
0
0
0
0
0
0
0
0
0
0
0
0
0
0
0
0
-0
-0
-0
-0
-0
-0
-0
-0
-0
-0
-0
-0
-0
-0
-0
-0
-0
-0
-0
-0
-0
-0
-0
-0
-0
-0
-0
-0
-0
-0
-0
-0
-0
-0
-0
-0
-0
-0
-0
-0
-0
-0
-0
-0
-0
-0
-0
-0
-0
-0
0
0
0
0
0
0
0
0
0
0
0
0
0
0
0
0
0
0
0
0
0
0
0
0
0
0
0
0
0
0
0
0
0
0
0
0
0
0
0
0
0
0
0
0
0
0
0
0
0
-0
-0
-0
-0
-0
-0
-0
-0
-0
-0
-0
-0
-0
-0
-0
-0
-0
-0
-0
-0
-0
-0
-0
-0
-0
-0
-0
-0
-0
-0
-0
-0
-0
-0
-0
-0
-0
-0
-0
-0
-0
-0
-0
-0
-0
-0
-0
-0
-0
-0
-0
0
0
0
0
0
0
0
0
0
0
0
0
0
0
0
0
0
0
0
0
0
0
0
0
0
0
0
0
0
0
0
0
0
0
0
0
0
0
0
0
0
0
0
0
0
0
0
0
0
-0
-0
-0
-0
-0
-0
-0
-0
-0
-0
-0
-0
-0
-0
-0
-0
-0
-0
-0
-0
-0
-0
-0
-0
-0
-0
-0
-0
-0
-0
-0
-0
-0
-0
-0
-0
-0
-0
-0
-0
-0
-0
-0
-0
-0
-0
-0
-0
-0
-0
-0
0
0
0
0
0
0
0
0
0
0
0
0
0
0
0
0
0
0
0
0
0
0
0
0
0
0
0
0
0
0
0
0
0
0
0
0
0
0
0
0
0
0
0
0
0
0
0
0
0
0
-0
-0
-0
-0
-0
-0
-0
-0
-0
-0
-0
-0
-0
-0
-0
-0
-0
-0
-0
-0
-0
-0
-0
-0
-0
-0
-0
-0
-0
-0
-0
-0
-0
-0
-0
-0
-0
-0
-0
-0
-0
-0
-0
-0
-0
-0
-0
-0
-0
-0
0
0
0
0
0
0
0
0
0
0
0
0
0
0
0
0
0
0
0
0
0
0
0
0
0
0
0
0
0
0
0
0
0
0
0
0
0
0
0
0
0
0
0
0
0
0
0
0
0
0
-0
-0
-0
-0
-0
-0
-0
-0
-0
-0
-0
-0
-0
-0
-0
-0
-0
-0
-0
-0
-0
-0
-0
-0
-0
-0
-0
-0
-0
-0
-0
-0
-0
-0
-0
-0
-0
-0
-0
-0
-0
-0
-0
-0
-0
-0
-0
-0
-0
-0
0
0
0
0
0
0
0
0
0
0
0
0
0
0
0
0
0
0
0
0
0
0
0
0
0
0
0
0
0
0
0
0
0
0
0
0
0
0
0
0
0
0
0
0
0
0
0
0
0
0
-0
-0
-0
-0
-0
-0
-0
-0
-0
-0
-0
-0
-0
-0
-0
-0
-0
-0
-0
-0
-0
-0
-0
-0
-0
-0
-0
-0
-0
-0
-0
-0
-0
-0
-0
-0
-0
-0
-0
-0
-0
-0
-0
-0
-0
-0
-0
-0
-0
-0
0
0
0
0
0
0
0
0
0
0
0
0
0
0
0
0
0
0
0
0
0
0
0
0
0
0
0
0
0
0
0
0
0
0
0
0
0
0
0
0
0
0
0
0
0
0
0
0
0
-0
-0
-0
-0
-0
-0
-0
-0
-0
-0
-0
-0
-0
-0
-0
-0
-0
-0
-0
-0
-0
-0
-0
-0
-0
-0
-0
-0
-0
-0
-0
-0
-0
-0
-0
-0
-0
-0
-0
-0
-0
-0
-0
-0
-0
-0
-0
-0
-0
-0
-0
0
0
0
0
0
0
0
0
0
0
0
0
0
0
0
0
0
0
0
0
0
0
0
0
0
0
0
0
0
0
0
0
0
0
0
0
0
0
0
0
0
0
0
0
0
0
0
0
0
-0
-0
-0
-0
-0
-0
-0
-0
-0
-0
-0
-0
-0
-0
-0
-0
-0
-0
-0
-0
-0
-0
-0
-0
-0
-0
-0
-0
-0
-0
-0
-0
-0
-0
-0
-0
-0
-0
-0
-0
-0
-0
-0
-0
-0
-0
-0
-0
-0
-0
-0
0
0
0
0
0
0
0
0
0
0
0
0
0
0
0
0
0
0
0
0
0
0
0
0
0
0
0
0
0
0
0
0
0
0
0
0
0
0
0
0
0
0
0
0
0
0
0
0
0
0
-0
-0
-0
-0
-0
-0
-0
-0
-0
-0
-0
-0
-0
-0
-0
-0
-0
-0
-0
-0
-0
-0
-0
-0
-0
-0
-0
-0
-0
-0
-0
-0
-0
-0
-0
-0
-0
-0
-0
-0
-0
-0
-0
-0
-0
-0
-0
-0
-0
-0
0
0
0
0
0
0
0
0
0
0
0
0
0
0
0
0
0
0
0
0
0
0
0
0
0
0
0
0
0
0
0
0
0
0
0
0
0
0
0
0
0
0
0
0
0
0
0
0
0
0
-0
-0
-0
-0
-0
-0
-0
-0
-0
-0
-0
-0
-0
-0
-0
-0
-0
-0
-0
-0
-0
-0
-0
-0
-0
-0
-0
-0
-0
-0
-0
-0
-0
-0
-0
-0
-0
-0
-0
-0
-0
-0
-0
-0
-0
-0
-0
-0
-0
-0
0
0
0
0
0
0
0
0
0
0
0
0
0
0
0
0
0
0
0
0
0
0
0
0
0
0
0
0
0
0
0
0
0
0
0
0
0
0
0
0
0
0
0
0
0
0
0
0
0
0
-0
-0
-0
-0
-0
-0
-0
-0
-0
-0
-0
-0
-0
-0
-0
-0
-0
-0
-0
-0
-0
-0
-0
-0
-0
-0
-0
-0
-0
-0
-0
-0
-0
-0
-0
-0
-0
-0
-0
-0
-0
-0
-0
-0
-0
-0
-0
-0
-0
-0
0
0
0
0
0
0
0
0
0
0
0
0
0
0
0
0
0
0
0
0
0
0
0
0
0
0
0
0
0
0
0
0
0
0
0
0
0
0
0
0
0
0
0
0
0
0
0
0
0
-0
-0
-0
-0
-0
-0
-0
-0
-0
-0
-0
-0
-0
-0
-0
-0
-0
-0
-0
-0
-0
-0
-0
-0
-0
-0
-0
-0
-0
-0
-0
-0
-0
-0
-0
-0
-0
-0
-0
-0
-0
-0
-0
-0
-0
-0
-0
-0
-0
-0
-0
0
0
0
0
0
0
0
0
0
0
0
0
0
0
0
0
0
0
0
0
0
0
0
0
0
0
0
0
0
0
0
0
0
0
0
0
0
0
0
0
0
0
0
0
0
0
0
0
0
-0
-0
-0
-0
-0
-0
-0
-0
-0
-0
-0
-0
-0
-0
-0
-0
-0
-0
-0
-0
-0
-0
-0
-0
-0
-0
-0
-0
-0
-0
-0
-0
-0
-0
-0
-0
-0
-0
-0
-0
-0
-0
-0
-0
-0
-0
-0
-0
-0
-0
-0
0
0
0
0
0
0
0
0
0
0
0
0
0
0
0
0
0
0
0
0
0
0
0
0
0
0
0
0
0
0
0
0
0
0
0
0
0
0
0
0
0
0
0
0
0
0
0
0
0
0
-0
-0
-0
-0
-0
-0
-0
-0
-0
-0
-0
-0
-0
-0
-0
-0
-0
-0
-0
-0
-0
-0
-0
-0
-0
-0
-0
-0
-0
-0
-0
-0
-0
-0
-0
-0
-0
-0
-0
-0
-0
-0
-0
-0
-0
-0
-0
-0
-0
-0
0
0
0
0
0
0
0
0
0
0
0
0
0
0
0
0
0
0
0
0
0
0
0
0
0
0
0
0
0
0
0
0
0
0
0
0
0
0
0
0
0
0
0
0
0
0
0
0
0
0
-0
-0
-0
-0
-0
-0
-0
-0
-0
-0
-0
-0
-0
-0
-0
-0
-0
-0
-0
-0
-0
-0
-0
-0
-0
-0
-0
-0
-0
-0
-0
-0
-0
-0
-0
-0
-0
-0
-0
-0
-0
-0
-0
-0
-0
-0
-0
-0
-0
-0
0
0
0
0
0
0
0
0
0
0
0
0
0
0
0
0
0
0
0
0
0
0
0
0
0
0
0
0
0
0
0
0
0
0
0
0
0
0
0
0
0
0
0
0
0
0
0
0
0
0
-0
-0
-0
-0
-0
-0
-0
-0
-0
-0
-0
-0
-0
-0
-0
-0
-0
-0
-0
-0
-0
-0
-0
-0
-0
-0
-0
-0
-0
-0
-0
-0
-0
-0
-0
-0
-0
-0
-0
-0
-0
-0
-0
-0
-0
-0
-0
-0
-0
-0
0
0
0
0
0
0
0
0
0
0
0
0
0
0
0
0
0
0
0
0
0
0
0
0
0
0
0
0
0
0
0
0
0
0
0
0
0
0
0
0
0
0
0
0
0
0
0
0
0
-0
-0
-0
-0
-0
-0
-0
-0
-0
-0
-0
-0
-0
-0
-0
-0
-0
-0
-0
-0
-0
-0
-0
-0
-0
-0
-0
-0
-0
-0
-0
-0
-0
-0
-0
-0
-0
-0
-0
-0
-0
-0
-0
-0
-0
-0
-0
-0
-0
-0
-0
0
0
0
0
0
0
0
0
0
0
0
0
0
0
0
0
0
0
0
0
0
0
0
0
0
0
0
0
0
0
0
0
0
0
0
0
0
0
0
0
0
0
0
0
0
0
0
0
0
-0
-0
-0
-0
-0
-0
-0
-0
-0
-0
-0
-0
-0
-0
-0
-0
-0
-0
-0
-0
-0
-0
-0
-0
-0
-0
-0
-0
-0
-0
-0
-0
-0
-0
-0
-0
-0
-0
-0
-0
-0
-0
-0
-0
-0
-0
-0
-0
-0
-0
-0
0
0
0
0
0
0
0
0
0
0
0
0
0
0
0
0
0
0
0
0
0
0
0
0
0
0
0
0
0
0
0
0
0
0
0
0
0
0
0
0
0
0
0
0
0
0
0
0
0
-0
