-0
-0
-0
-0
-0
-0
-0
-0
-0
-0
-0
-0
-0
-0
-0
-0
-0
-0
-0
-0
-0
-0
-0
-0
-0
-0
-0
-0
-0
-0
-0
-0
-0
-0
-0
-0
-0
-0
-0
-0
-0
-0
-0
-0
-0
-0
-0
-0
-0
-0
-0
0
0
0
0
0
0
0
0
0
0
0
0
0
0
0
0
0
0
0
0
0
0
0
0
0
0
0
0
0
0
0
0
0
0
0
0
0
0
0
0
0
0
0
0
0
0
0
0
0
0
-0
-0
-0
-0
-0
-0
-0
-0
-0
-0
-0
-0
-0
-0
-0
-0
-0
-0
-0
-0
-0
-0
-0
-0
-0
-0
-0
-0
-0
-0
-0
-0
-0
-0
-0
-0
-0
-0
-0
-0
-0
-0
-0
-0
-0
-0
-0
-0
-0
-0
0
0
0
0
0
0
0
0
0
0
0
0
0
0
0
0
0
0
0
0
0
0
0
0
0
0
0
0
0
0
0
0
0
0
0
0
0
0
0
0
0
0
0
0
0
0
0
0
0
0
-0
-0
-0
-0
-0
-0
-0
-0
-0
-0
-0
-0
-0
-0
-0
-0
-0
-0
-0
-0
-0
-0
-0
-0
-0
-0
-0
-0
-0
-0
-0
-0
-0
-0
-0
-0
-0
-0
-0
-0
-0
-0
-0
-0
-0
-0
-0
-0
-0
-0
0
0
0
0
0
0
0
0
0
0
0
0
0
0
0
0
0
0
0
0
0
0
0
0
0
0
0
0
0
0
0
0
0
0
0
0
0
0
0
0
0
0
0
0
0
0
0
0
0
0
-0
-0
-0
-0
-0
-0
-0
-0
-0
-0
-0
-0
-0
-0
-0
-0
-0
-0
-0
-0
-0
-0
-0
-0
-0
-0
-0
-0
-0
-0
-0
-0
-0
-0
-0
-0
-0
-0
-0
-0
-0
-0
-0
-0
-0
-0
-0
-0
-0
0
0
0
0
0
0
0
0
0
0
0
0
0
0
0
0
0
0
0
0
0
0
0
0
0
0
0
0
0
0
0
0
0
0
0
0
0
0
0
0
0
0
0
0
0
0
0
0
0
0
0
-0
-0
-0
-0
-0
-0
-0
-0
-0
-0
-0
-0
-0
-0
-0
-0
-0
-0
-0
-0
-0
-0
-0
-0
-0
-0
-0
-0
-0
-0
-0
-0
-0
-0
-0
-0
-0
-0
-0
-0
-0
-0
-0
-0
-0
-0
-0
-0
-0
-0
0
0
0
0
0
0
0
0
0
0
0
0
0
0
0
0
0
0
0
0
0
0
0
0
0
0
0
0
0
0
0
0
0
0
0
0
0
0
0
0
0
0
0
0
0
0
0
0
0
0
-0
-0
-0
-0
-0
-0
-0
-0
-0
-0
-0
-0
-0
-0
-0
-0
-0
-0
-0
-0
-0
-0
-0
-0
-0
-0
-0
-0
-0
-0
-0
-0
-0
-0
-0
-0
-0
-0
-0
-0
-0
-0
-0
-0
-0
-0
-0
-0
-0
0
0
0
0
0
0
0
0
0
0
0
0
0
0
0
0
0
0
0
0
0
0
0
0
0
0
0
0
0
0
0
0
0
0
0
0
0
0
0
0
0
0
0
0
0
0
0
0
0
0
0
-0
-0
-0
-0
-0
-0
-0
-0
-0
-0
-0
-0
-0
-0
-0
-0
-0
-0
-0
-0
-0
-0
-0
-0
-0
-0
-0
-0
-0
-0
-0
-0
-0
-0
-0
-0
-0
-0
-0
-0
-0
-0
-0
-0
-0
-0
-0
-0
-0
0
0
0
0
0
0
0
0
0
0
0
0
0
0
0
0
0
0
0
0
0
0
0
0
0
0
0
0
0
0
0
0
0
0
0
0
0
0
0
0
0
0
0
0
0
0
0
0
0
0
-0
-0
-0
-0
-0
-0
-0
-0
-0
-0
-0
-0
-0
-0
-0
-0
-0
-0
-0
-0
-0
-0
-0
-0
-0
-0
-0
-0
-0
-0
-0
-0
-0
-0
-0
-0
-0
-0
-0
-0
-0
-0
-0
-0
-0
-0
-0
-0
-0
-0
-0
0
0
0
0
0
0
0
0
0
0
0
0
0
0
0
0
0
0
0
0
0
0
0
0
0
0
0
0
0
0
0
0
0
0
0
0
0
0
0
0
0
0
0
0
0
0
0
0
0
0
-0
-0
-0
-0
-0
-0
-0
-0
-0
-0
-0
-0
-0
-0
-0
-0
-0
-0
-0
-0
-0
-0
-0
-0
-0
-0
-0
-0
-0
-0
-0
-0
-0
-0
-0
-0
-0
-0
-0
-0
-0
-0
-0
-0
-0
-0
-0
-0
-0
-0
0
0
0
0
0
0
0
0
0
0
0
0
0
0
0
0
0
0
0
0
0
0
0
0
0
0
0
0
0
0
0
0
0
0
0
0
0
0
0
0
0
0
0
0
0
0
0
0
0
0
-0
-0
-0
-0
-0
-0
-0
-0
-0
-0
-0
-0
-0
-0
-0
-0
-0
-0
-0
-0
-0
-0
-0
-0
-0
-0
-0
-0
-0
-0
-0
-0
-0
-0
-0
-0
-0
-0
-0
-0
-0
-0
-0
-0
-0
-0
-0
-0
-0
0
0
0
0
0
0
0
0
0
0
0
0
0
0
0
0
0
0
0
0
0
0
0
0
0
0
0
0
0
0
0
0
0
0
0
0
0
0
0
0
0
0
0
0
0
0
0
0
0
0
0
-0
-0
-0
-0
-0
-0
-0
-0
-0
-0
-0
-0
-0
-0
-0
-0
-0
-0
-0
-0
-0
-0
-0
-0
-0
-0
-0
-0
-0
-0
-0
-0
-0
-0
-0
-0
-0
-0
-0
-0
-0
-0
-0
-0
-0
-0
-0
-0
-0
0
0
0
0
0
0
0
0
0
0
0
0
0
0
0
0
0
0
0
0
0
0
0
0
0
0
0
0
0
0
0
0
0
0
0
0
0
0
0
0
0
0
0
0
0
0
0
0
0
0
-0
-0
-0
-0
-0
-0
-0
-0
-0
-0
-0
-0
-0
-0
-0
-0
-0
-0
-0
-0
-0
-0
-0
-0
-0
-0
-0
-0
-0
-0
-0
-0
-0
-0
-0
-0
-0
-0
-0
-0
-0
-0
-0
-0
-0
-0
-0
-0
-0
-0
0
0
0
0
0
0
0
0
0
0
0
0
0
0
0
0
0
0
0
0
0
0
0
0
0
0
0
0
0
0
0
0
0
0
0
0
0
0
0
0
0
0
0
0
0
0
0
0
0
0
0
-0
-0
-0
-0
-0
-0
-0
-0
-0
-0
-0
-0
-0
-0
-0
-0
-0
-0
-0
-0
-0
-0
-0
-0
-0
-0
-0
-0
-0
-0
-0
-0
-0
-0
-0
-0
-0
-0
-0
-0
-0
-0
-0
-0
-0
-0
-0
-0
-0
0
0
0
0
0
0
0
0
0
0
0
0
0
0
0
0
0
0
0
0
0
0
0
0
0
0
0
0
0
0
0
0
0
0
0
0
0
0
0
0
0
0
0
0
0
0
0
0
0
0
-0
-0
-0
-0
-0
-0
-0
-0
-0
-0
-0
-0
-0
-0
-0
-0
-0
-0
-0
-0
-0
-0
-0
-0
-0
-0
-0
-0
-0
-0
-0
-0
-0
-0
-0
-0
-0
-0
-0
-0
-0
-0
-0
-0
-0
-0
-0
-0
-0
-0
0
0
0
0
0
0
0
0
0
0
0
0
0
0
0
0
0
0
0
0
0
0
0
0
0
0
0
0
0
0
0
0
0
0
0
0
0
0
0
0
0
0
0
0
0
0
0
0
0
0
-0
-0
-0
-0
-0
-0
-0
-0
-0
-0
-0
-0
-0
-0
-0
-0
-0
-0
-0
-0
-0
-0
-0
-0
-0
-0
-0
-0
-0
-0
-0
-0
-0
-0
-0
-0
-0
-0
-0
-0
-0
-0
-0
-0
-0
-0
-0
-0
-0
-0
0
0
0
0
0
0
0
0
0
0
0
0
0
0
0
0
0
0
0
0
0
0
0
0
0
0
0
0
0
0
0
0
0
0
0
0
0
0
0
0
0
0
0
0
0
0
0
0
0
0
0
-0
-0
-0
-0
-0
-0
-0
-0
-0
-0
-0
-0
-0
-0
-0
-0
-0
-0
-0
-0
-0
-0
-0
-0
-0
-0
-0
-0
-0
-0
-0
-0
-0
-0
-0
-0
-0
-0
-0
-0
-0
-0
-0
-0
-0
-0
-0
-0
-0
-0
0
0
0
0
0
0
0
0
0
0
0
0
0
0
0
0
0
0
0
0
0
0
0
0
0
0
0
0
0
0
0
0
0
0
0
0
0
0
0
0
0
0
0
0
0
0
0
0
0
0
-0
-0
-0
-0
-0
-0
-0
-0
-0
-0
-0
-0
-0
-0
-0
-0
-0
-0
-0
-0
-0
-0
-0
-0
-0
-0
-0
-0
-0
-0
-0
-0
-0
-0
-0
-0
-0
-0
-0
-0
-0
-0
-0
-0
-0
-0
-0
-0
-0
-0
0
0
0
0
0
0
0
0
0
0
0
0
0
0
0
0
0
0
0
0
0
0
0
0
0
0
0
0
0
0
0
0
0
0
0
0
0
0
0
0
0
0
0
0
0
0
0
0
0
0
-0
-0
-0
-0
-0
-0
-0
-0
-0
-0
-0
-0
-0
-0
-0
-0
-0
-0
-0
-0
-0
-0
-0
-0
-0
-0
-0
-0
-0
-0
-0
-0
-0
-0
-0
-0
-0
-0
-0
-0
-0
-0
-0
-0
-0
-0
-0
-0
-0
-0
0
0
0
0
0
0
0
0
0
0
0
0
0
0
0
0
0
0
0
0
0
0
0
0
0
0
0
0
0
0
0
0
0
0
0
0
0
0
0
0
0
0
0
0
0
0
0
0
0
0
-0
-0
-0
-0
-0
-0
-0
-0
-0
-0
-0
-0
-0
-0
-0
-0
-0
-0
-0
-0
-0
-0
-0
-0
-0
-0
-0
-0
-0
-0
-0
-0
-0
-0
-0
-0
-0
-0
-0
-0
-0
-0
-0
-0
-0
-0
-0
-0
-0
-0
0
0
0
0
0
0
0
0
0
0
0
0
0
0
0
0
0
0
0
0
0
0
0
0
0
0
0
0
0
0
0
0
0
0
0
0
0
0
0
0
0
0
0
0
0
0
0
0
0
-0
-0
-0
-0
-0
-0
-0
-0
-0
-0
-0
-0
-0
-0
-0
-0
-0
-0
-0
-0
-0
-0
-0
-0
-0
-0
-0
-0
-0
-0
-0
-0
-0
-0
-0
-0
-0
-0
-0
-0
-0
-0
-0
-0
-0
-0
-0
-0
-0
-0
-0
0
0
0
0
0
0
0
0
0
0
0
0
0
0
0
0
0
0
0
0
0
0
0
0
0
0
0
0
0
0
0
0
0
0
0
0
0
0
0
0
0
0
0
0
0
0
0
0
0
0
-5.1802e-09
-2.068e-08
-4.6377e-08
-8.2068e-08
-1.2747e-07
-1.8222e-07
-2.4589e-07
-3.1796e-07
-3.9785e-07
-4.8492e-07
-5.7846e-07
-6.777e-07
-7.8182e-07
-8.8994e-07
-1.0012e-06
-1.1145e-06
-1.229e-06
-1.3437e-06
-1.4574e-06
-1.5692e-06
-1.6781e-06
-1.7829e-06
-1.8825e-06
-1.9761e-06
-2.0625e-06
-2.1408e-06
-2.2099e-06
-2.2691e-06
-2.3173e-06
-2.3539e-06
-2.3779e-06
-2.3887e-06
-2.3857e-06
-2.3683e-06
-2.336e-06
-2.2884e-06
-2.2252e-06
-2.1461e-06
-2.0509e-06
-1.9397e-06
-1.8124e-06
-1.6693e-06
-1.5105e-06
-1.3363e-06
-1.1472e-06
-9.4378e-07
-7.2657e-07
-4.9632e-07
-2.5383e-07
-6.4677e-20
2.6419e-07
5.3768e-07
8.1932e-07
1.1079e-06
1.4022e-06
1.7007e-06
2.0022e-06
2.3052e-06
2.6081e-06
2.9095e-06
3.2078e-06
3.5015e-06
3.7888e-06
4.0683e-06
4.3384e-06
4.5974e-06
4.8438e-06
5.0761e-06
5.2928e-06
5.4924e-06
5.6735e-06
5.8348e-06
5.975e-06
6.093e-06
6.1875e-06
6.2576e-06
6.3024e-06
6.321e-06
6.3127e-06
6.277e-06
6.2132e-06
6.1212e-06
6.0005e-06
5.8512e-06
5.6732e-06
5.4668e-06
5.2322e-06
4.9698e-06
4.6803e-06
4.3643e-06
4.0227e-06
3.6565e-06
3.2668e-06
2.8548e-06
2.4219e-06
1.9696e-06
1.4995e-06
1.0133e-06
5.1284e-07
-1.6186e-20
-5.232e-07
-1.0547e-06
-1.5923e-06
-2.1338e-06
-2.6769e-06
-3.2192e-06
-3.7586e-06
-4.2924e-06
-4.8184e-06
-5.3342e-06
-5.8372e-06
-6.3252e-06
-6.7958e-06
-7.2467e-06
-7.6755e-06
-8.0802e-06
-8.4586e-06
-8.8085e-06
-9.1281e-06
-9.4155e-06
-9.6689e-06
-9.8867e-06
-1.0067e-05
-1.021e-05
-1.0312e-05
-1.0374e-05
-1.0395e-05
-1.0373e-05
-1.0308e-05
-1.02e-05
-1.0049e-05
-9.8536e-06
-9.6153e-06
-9.334e-06
-9.0104e-06
-8.6452e-06
-8.2392e-06
-7.7936e-06
-7.3097e-06
-6.7889e-06
-6.233e-06
-5.6437e-06
-5.0231e-06
-4.3733e-06
-3.6966e-06
-2.9955e-06
-2.2725e-06
-1.5303e-06
-7.7185e-07
-1.0913e-19
7.8221e-07
1.5717e-06
2.3652e-06
3.1596e-06
3.9516e-06
4.7378e-06
5.5149e-06
6.2797e-06
7.0287e-06
7.7588e-06
8.4666e-06
9.149e-06
9.8028e-06
1.0425e-05
1.1013e-05
1.1563e-05
1.2073e-05
1.2541e-05
1.2963e-05
1.3339e-05
1.3664e-05
1.3939e-05
1.416e-05
1.4327e-05
1.4438e-05
1.4491e-05
1.4487e-05
1.4425e-05
1.4304e-05
1.4123e-05
1.3884e-05
1.3586e-05
1.323e-05
1.2817e-05
1.2348e-05
1.1824e-05
1.1246e-05
1.0617e-05
9.939e-06
9.2135e-06
8.4433e-06
7.631e-06
6.7795e-06
5.8918e-06
4.9713e-06
4.0213e-06
3.0454e-06
2.0473e-06
1.0309e-06
-1.4557e-19
-1.0412e-06
-2.0887e-06
-3.1382e-06
-4.1855e-06
-5.2262e-06
-6.2563e-06
-7.2712e-06
-8.2669e-06
-9.239e-06
-1.0183e-05
-1.1096e-05
-1.1973e-05
-1.281e-05
-1.3603e-05
-1.435e-05
-1.5046e-05
-1.5688e-05
-1.6273e-05
-1.6799e-05
-1.7262e-05
-1.766e-05
-1.7991e-05
-1.8252e-05
-1.8444e-05
-1.8563e-05
-1.8608e-05
-1.858e-05
-1.8477e-05
-1.8299e-05
-1.8046e-05
-1.7719e-05
-1.7318e-05
-1.6845e-05
-1.63e-05
-1.5685e-05
-1.5002e-05
-1.4253e-05
-1.3441e-05
-1.2568e-05
-1.1638e-05
-1.0654e-05
-9.6182e-06
-8.5358e-06
-7.4103e-06
-6.246e-06
-5.0472e-06
-3.8184e-06
-2.5643e-06
-1.2899e-06
-4.0388e-20
1.3002e-06
2.6057e-06
3.9111e-06
5.2113e-06
6.5009e-06
7.7748e-06
9.0276e-06
1.0254e-05
1.1449e-05
1.2608e-05
1.3725e-05
1.4796e-05
1.5817e-05
1.6782e-05
1.7687e-05
1.8529e-05
1.9303e-05
2.0006e-05
2.0634e-05
2.1185e-05
2.1655e-05
2.2043e-05
2.2345e-05
2.256e-05
2.2688e-05
2.2725e-05
2.2672e-05
2.2529e-05
2.2294e-05
2.1969e-05
2.1555e-05
2.1051e-05
2.046e-05
1.9783e-05
1.9022e-05
1.818e-05
1.726e-05
1.6265e-05
1.5198e-05
1.4063e-05
1.2864e-05
1.1605e-05
1.0292e-05
8.9289e-06
7.5207e-06
6.073e-06
4.5913e-06
3.0813e-06
1.5489e-06
-3.8815e-19
-1.5592e-06
-3.1227e-06
-4.6841e-06
-6.2371e-06
-7.7756e-06
-9.2933e-06
-1.0784e-05
-1.2241e-05
-1.366e-05
-1.5033e-05
-1.6355e-05
-1.762e-05
-1.8824e-05
-1.996e-05
-2.1024e-05
-2.2012e-05
-2.2918e-05
-2.3738e-05
-2.4469e-05
-2.5108e-05
-2.5651e-05
-2.6094e-05
-2.6437e-05
-2.6677e-05
-2.6812e-05
-2.6842e-05
-2.6765e-05
-2.6581e-05
-2.629e-05
-2.5893e-05
-2.539e-05
-2.4783e-05
-2.4074e-05
-2.3265e-05
-2.2359e-05
-2.1359e-05
-2.0267e-05
-1.9089e-05
-1.7827e-05
-1.6487e-05
-1.5074e-05
-1.3593e-05
-1.2048e-05
-1.0447e-05
-8.7954e-06
-7.0989e-06
-5.3643e-06
-3.5983e-06
-1.8079e-06
1.4155e-19
1.8183e-06
3.6397e-06
5.457e-06
7.263e-06
9.0503e-06
1.0812e-05
1.254e-05
1.4229e-05
1.587e-05
1.7457e-05
1.8984e-05
2.0444e-05
2.1831e-05
2.3139e-05
2.4362e-05
2.5494e-05
2.6532e-05
2.7471e-05
2.8305e-05
2.9031e-05
2.9646e-05
3.0146e-05
3.053e-05
3.0794e-05
3.0937e-05
3.0959e-05
3.0857e-05
3.0633e-05
3.0285e-05
2.9816e-05
2.9225e-05
2.8516e-05
2.7689e-05
2.6748e-05
2.5696e-05
2.4537e-05
2.3274e-05
2.1912e-05
2.0457e-05
1.8912e-05
1.7284e-05
1.558e-05
1.3805e-05
1.1966e-05
1.007e-05
8.1247e-06
6.1372e-06
4.1153e-06
2.0669e-06
1.9398e-19
-2.0773e-06
-4.1567e-06
-6.23e-06
-8.2888e-06
-1.0325e-05
-1.233e-05
-1.4297e-05
-1.6216e-05
-1.808e-05
-1.9882e-05
-2.1613e-05
-2.3268e-05
-2.4838e-05
-2.6317e-05
-2.7699e-05
-2.8977e-05
-3.0147e-05
-3.1203e-05
-3.214e-05
-3.2954e-05
-3.3641e-05
-3.4198e-05
-3.4622e-05
-3.4911e-05
-3.5062e-05
-3.5076e-05
-3.495e-05
-3.4685e-05
-3.4281e-05
-3.3739e-05
-3.3061e-05
-3.2248e-05
-3.1304e-05
-3.0231e-05
-2.9034e-05
-2.7715e-05
-2.6281e-05
-2.4736e-05
-2.3086e-05
-2.1337e-05
-1.9495e-05
-1.7567e-05
-1.5561e-05
-1.3484e-05
-1.1345e-05
-9.1505e-06
-6.9102e-06
-4.6323e-06
-2.3259e-06
4.3669e-19
2.3363e-06
4.6737e-06
7.0029e-06
9.3147e-06
1.16e-05
1.3849e-05
1.6053e-05
1.8203e-05
2.029e-05
2.2306e-05
2.4243e-05
2.6092e-05
2.7845e-05
2.9495e-05
3.1036e-05
3.246e-05
3.3762e-05
3.4935e-05
3.5975e-05
3.6877e-05
3.7637e-05
3.825e-05
3.8715e-05
3.9028e-05
3.9187e-05
3.9193e-05
3.9042e-05
3.8736e-05
3.8276e-05
3.7662e-05
3.6896e-05
3.598e-05
3.4919e-05
3.3714e-05
3.2371e-05
3.0894e-05
2.9288e-05
2.756e-05
2.5715e-05
2.3761e-05
2.1705e-05
1.9554e-05
1.7318e-05
1.5003e-05
1.2619e-05
1.0176e-05
7.6831e-06
5.1493e-06
2.5849e-06
-4.0434e-20
-2.5797e-06
-5.139e-06
-7.6676e-06
-1.0156e-05
-1.2594e-05
-1.4973e-05
-1.7282e-05
-1.9515e-05
-2.1661e-05
-2.3713e-05
-2.5663e-05
-2.7503e-05
-2.9228e-05
-3.083e-05
-3.2304e-05
-3.3644e-05
-3.4846e-05
-3.5906e-05
-3.6819e-05
-3.7583e-05
-3.8196e-05
-3.8655e-05
-3.896e-05
-3.911e-05
-3.9105e-05
-3.8945e-05
-3.8633e-05
-3.8169e-05
-3.7557e-05
-3.6799e-05
-3.5899e-05
-3.4861e-05
-3.369e-05
-3.2391e-05
-3.0969e-05
-2.9432e-05
-2.7785e-05
-2.6035e-05
-2.419e-05
-2.2258e-05
-2.0246e-05
-1.8163e-05
-1.6018e-05
-1.3818e-05
-1.1574e-05
-9.2942e-06
-6.9874e-06
-4.6633e-06
-2.3311e-06
6.8985e-19
2.3207e-06
4.622e-06
6.8947e-06
9.13e-06
1.1319e-05
1.3454e-05
1.5526e-05
1.7527e-05
1.9451e-05
2.1288e-05
2.3033e-05
2.468e-05
2.6221e-05
2.7652e-05
2.8967e-05
3.0162e-05
3.1232e-05
3.2173e-05
3.2984e-05
3.366e-05
3.4201e-05
3.4604e-05
3.4868e-05
3.4993e-05
3.498e-05
3.4829e-05
3.454e-05
3.4117e-05
3.3561e-05
3.2876e-05
3.2063e-05
3.1128e-05
3.0075e-05
2.8908e-05
2.7632e-05
2.6253e-05
2.4778e-05
2.3211e-05
2.1561e-05
1.9833e-05
1.8036e-05
1.6176e-05
1.4261e-05
1.23e-05
1.03e-05
8.2683e-06
6.2145e-06
4.1463e-06
2.0721e-06
-2.5816e-19
-2.0617e-06
-4.105e-06
-6.1217e-06
-8.1042e-06
-1.0045e-05
-1.1936e-05
-1.377e-05
-1.554e-05
-1.724e-05
-1.8863e-05
-2.0404e-05
-2.1856e-05
-2.3214e-05
-2.4473e-05
-2.563e-05
-2.6679e-05
-2.7617e-05
-2.8441e-05
-2.9148e-05
-2.9737e-05
-3.0205e-05
-3.0552e-05
-3.0775e-05
-3.0876e-05
-3.0855e-05
-3.0712e-05
-3.0448e-05
-3.0065e-05
-2.9566e-05
-2.8953e-05
-2.8228e-05
-2.7396e-05
-2.646e-05
-2.5425e-05
-2.4295e-05
-2.3075e-05
-2.1771e-05
-2.0388e-05
-1.8931e-05
-1.7409e-05
-1.5826e-05
-1.4189e-05
-1.2505e-05
-1.0781e-05
-9.0248e-06
-7.2425e-06
-5.4416e-06
-3.6293e-06
-1.8131e-06
-8.459e-20
1.8027e-06
3.588e-06
5.3488e-06
7.0783e-06
8.7699e-06
1.0417e-05
1.2013e-05
1.3553e-05
1.503e-05
1.6439e-05
1.7775e-05
1.9032e-05
2.0207e-05
2.1295e-05
2.2292e-05
2.3196e-05
2.4002e-05
2.4709e-05
2.5313e-05
2.5814e-05
2.621e-05
2.65e-05
2.6683e-05
2.676e-05
2.673e-05
2.6595e-05
2.6356e-05
2.6013e-05
2.5571e-05
2.5029e-05
2.4393e-05
2.3663e-05
2.2845e-05
2.1942e-05
2.0958e-05
1.9897e-05
1.8764e-05
1.7564e-05
1.6302e-05
1.4984e-05
1.3615e-05
1.2202e-05
1.0749e-05
9.2629e-06
7.7501e-06
6.2166e-06
4.6686e-06
3.1123e-06
1.5541e-06
-3.6269e-19
-1.5437e-06
-3.071e-06
-4.5759e-06
-6.0525e-06
-7.4952e-06
-8.8985e-06
-1.0257e-05
-1.1566e-05
-1.282e-05
-1.4014e-05
-1.5145e-05
-1.6208e-05
-1.72e-05
-1.8117e-05
-1.8955e-05
-1.9713e-05
-2.0387e-05
-2.0976e-05
-2.1478e-05
-2.1891e-05
-2.2214e-05
-2.2448e-05
-2.259e-05
-2.2643e-05
-2.2605e-05
-2.2478e-05
-2.2263e-05
-2.1961e-05
-2.1575e-05
-2.1106e-05
-2.0557e-05
-1.9931e-05
-1.9231e-05
-1.8459e-05
-1.762e-05
-1.6718e-05
-1.5757e-05
-1.474e-05
-1.3673e-05
-1.256e-05
-1.1405e-05
-1.0214e-05
-8.9925e-06
-7.7444e-06
-6.4755e-06
-5.1908e-06
-3.8957e-06
-2.5953e-06
-1.2951e-06
8.058e-20
1.2847e-06
2.554e-06
3.8029e-06
5.0266e-06
6.2205e-06
7.38e-06
8.5007e-06
9.5785e-06
1.0609e-05
1.159e-05
1.2516e-05
1.3385e-05
1.4193e-05
1.4938e-05
1.5618e-05
1.623e-05
1.6773e-05
1.7244e-05
1.7643e-05
1.7968e-05
1.8219e-05
1.8396e-05
1.8498e-05
1.8526e-05
1.848e-05
1.8361e-05
1.8171e-05
1.791e-05
1.758e-05
1.7183e-05
1.6722e-05
1.6199e-05
1.5616e-05
1.4976e-05
1.4283e-05
1.354e-05
1.275e-05
1.1916e-05
1.1043e-05
1.0135e-05
9.1948e-06
8.2271e-06
7.2361e-06
6.2259e-06
5.2008e-06
4.1649e-06
3.1227e-06
2.0783e-06
1.036e-06
-3.5402e-19
-1.0257e-06
-2.037e-06
-3.03e-06
-4.0008e-06
-4.9458e-06
-5.8615e-06
-6.7443e-06
-7.5912e-06
-8.3991e-06
-9.165e-06
-9.8864e-06
-1.0561e-05
-1.1186e-05
-1.176e-05
-1.2281e-05
-1.2747e-05
-1.3158e-05
-1.3511e-05
-1.3807e-05
-1.4045e-05
-1.4224e-05
-1.4344e-05
-1.4406e-05
-1.4409e-05
-1.4355e-05
-1.4244e-05
-1.4078e-05
-1.3858e-05
-1.3584e-05
-1.326e-05
-1.2887e-05
-1.2466e-05
-1.2001e-05
-1.1493e-05
-1.0946e-05
-1.0361e-05
-9.7427e-06
-9.0925e-06
-8.414e-06
-7.7103e-06
-6.9845e-06
-6.2399e-06
-5.4798e-06
-4.7074e-06
-3.9261e-06
-3.1391e-06
-2.3498e-06
-1.5613e-06
-7.7703e-07
1.3255e-19
7.6667e-07
1.52e-06
2.257e-06
2.975e-06
3.6711e-06
4.3429e-06
4.988e-06
5.604e-06
6.1888e-06
6.7404e-06
7.2571e-06
7.7371e-06
8.179e-06
8.5816e-06
8.9437e-06
9.2644e-06
9.543e-06
9.7789e-06
9.9719e-06
1.0122e-05
1.0228e-05
1.0292e-05
1.0313e-05
1.0292e-05
1.023e-05
1.0127e-05
9.9856e-06
9.8057e-06
9.589e-06
9.337e-06
9.0514e-06
8.7338e-06
8.3863e-06
8.0106e-06
7.6088e-06
7.1831e-06
6.7357e-06
6.2687e-06
5.7846e-06
5.2857e-06
4.7742e-06
4.2527e-06
3.7234e-06
3.1889e-06
2.6514e-06
2.1132e-06
1.5768e-06
1.0443e-06
5.1802e-07
-2.0222e-23
-5.0766e-07
-1.003e-06
-1.4841e-06
-1.9491e-06
-2.3964e-06
-2.8244e-06
-3.2317e-06
-3.6168e-06
-3.9785e-06
-4.3158e-06
-4.6277e-06
-4.9133e-06
-5.172e-06
-5.4032e-06
-5.6065e-06
-5.7815e-06
-5.9282e-06
-6.0465e-06
-6.1365e-06
-6.1985e-06
-6.2328e-06
-6.24e-06
-6.2206e-06
-6.1753e-06
-6.105e-06
-6.0106e-06
-5.8932e-06
-5.7537e-06
-5.5936e-06
-5.4139e-06
-5.216e-06
-5.0014e-06
-4.7715e-06
-4.5277e-06
-4.2716e-06
-4.0047e-06
-3.7287e-06
-3.445e-06
-3.1552e-06
-2.861e-06
-2.5639e-06
-2.2654e-06
-1.9671e-06
-1.6704e-06
-1.3767e-06
-1.0874e-06
-8.0387e-07
-5.2734e-07
-2.5901e-07
7.1324e-20
2.4865e-07
4.8598e-07
7.1111e-07
9.2326e-07
1.1217e-06
1.3059e-06
1.4753e-06
1.6295e-06
1.7682e-06
1.8912e-06
1.9983e-06
2.0896e-06
2.165e-06
2.2249e-06
2.2693e-06
2.2987e-06
2.3134e-06
2.3141e-06
2.3012e-06
2.2754e-06
2.2374e-06
2.188e-06
2.1281e-06
2.0584e-06
1.98e-06
1.8938e-06
1.8007e-06
1.7018e-06
1.5982e-06
1.4908e-06
1.3807e-06
1.269e-06
1.1567e-06
1.0449e-06
9.3441e-07
8.2638e-07
7.2168e-07
6.2123e-07
5.2587e-07
4.3643e-07
3.5365e-07
2.7821e-07
2.1076e-07
1.5185e-07
1.0198e-07
6.1551e-08
3.0918e-08
1.034e-08
0
0
-0
-0
-0
-0
-0
-0
-0
-0
-0
-0
-0
-0
-0
-0
-0
-0
-0
-0
-0
-0
-0
-0
-0
-0
-0
-0
-0
-0
-0
-0
-0
-0
-0
-0
-0
-0
-0
-0
-0
-0
-0
-0
-0
-0
-0
-0
-0
-0
-0
-0
0
0
0
0
0
0
0
0
0
0
0
0
0
0
0
0
0
0
0
0
0
0
0
0
0
0
0
0
0
0
0
0
0
0
0
0
0
0
0
0
0
0
0
0
0
0
0
0
0
0
-0
-0
-0
-0
-0
-0
-0
-0
-0
-0
-0
-0
-0
-0
-0
-0
-0
-0
-0
-0
-0
-0
-0
-0
-0
-0
-0
-0
-0
-0
-0
-0
-0
-0
-0
-0
-0
-0
-0
-0
-0
-0
-0
-0
-0
-0
-0
-0
-0
-0
0
0
0
0
0
0
0
0
0
0
0
0
0
0
0
0
0
0
0
0
0
0
0
0
0
0
0
0
0
0
0
0
0
0
0
0
0
0
0
0
0
0
0
0
0
0
0
0
0
0
-0
-0
-0
-0
-0
-0
-0
-0
-0
-0
-0
-0
-0
-0
-0
-0
-0
-0
-0
-0
-0
-0
-0
-0
-0
-0
-0
-0
-0
-0
-0
-0
-0
-0
-0
-0
-0
-0
-0
-0
-0
-0
-0
-0
-0
-0
-0
-0
-0
-0
0
0
0
0
0
0
0
0
0
0
0
0
0
0
0
0
0
0
0
0
0
0
0
0
0
0
0
0
0
0
0
0
0
0
0
0
0
0
0
0
0
0
0
0
0
0
0
0
0
0
-0
-0
-0
-0
-0
-0
-0
-0
-0
-0
-0
-0
-0
-0
-0
-0
-0
-0
-0
-0
-0
-0
-0
-0
-0
-0
-0
-0
-0
-0
-0
-0
-0
-0
-0
-0
-0
-0
-0
-0
-0
-0
-0
-0
-0
-0
-0
-0
-0
-0
0
0
0
0
0
0
0
0
0
0
0
0
0
0
0
0
0
0
0
0
0
0
0
0
0
0
0
0
0
0
0
0
0
0
0
0
0
0
0
0
0
0
0
0
0
0
0
0
0
0
-0
-0
-0
-0
-0
-0
-0
-0
-0
-0
-0
-0
-0
-0
-0
-0
-0
-0
-0
-0
-0
-0
-0
-0
-0
-0
-0
-0
-0
-0
-0
-0
-0
-0
-0
-0
-0
-0
-0
-0
-0
-0
-0
-0
-0
-0
-0
-0
-0
-0
0
0
0
0
0
0
0
0
0
0
0
0
0
0
0
0
0
0
0
0
0
0
0
0
0
0
0
0
0
0
0
0
0
0
0
0
0
0
0
0
0
0
0
0
0
0
0
0
0
0
-0
-0
-0
-0
-0
-0
-0
-0
-0
-0
-0
-0
-0
-0
-0
-0
-0
-0
-0
-0
-0
-0
-0
-0
-0
-0
-0
-0
-0
-0
-0
-0
-0
-0
-0
-0
-0
-0
-0
-0
-0
-0
-0
-0
-0
-0
-0
-0
-0
0
0
0
0
0
0
0
0
0
0
0
0
0
0
0
0
0
0
0
0
0
0
0
0
0
0
0
0
0
0
0
0
0
0
0
0
0
0
0
0
0
0
0
0
0
0
0
0
0
0
0
-0
-0
-0
-0
-0
-0
-0
-0
-0
-0
-0
-0
-0
-0
-0
-0
-0
-0
-0
-0
-0
-0
-0
-0
-0
-0
-0
-0
-0
-0
-0
-0
-0
-0
-0
-0
-0
-0
-0
-0
-0
-0
-0
-0
-0
-0
-0
-0
-0
-0
0
0
0
0
0
0
0
0
0
0
0
0
0
0
0
0
0
0
0
0
0
0
0
0
0
0
0
0
0
0
0
0
0
0
0
0
0
0
0
0
0
0
0
0
0
0
0
0
0
0
-0
-0
-0
-0
-0
-0
-0
-0
-0
-0
-0
-0
-0
-0
-0
-0
-0
-0
-0
-0
-0
-0
-0
-0
-0
-0
-0
-0
-0
-0
-0
-0
-0
-0
-0
-0
-0
-0
-0
-0
-0
-0
-0
-0
-0
-0
-0
-0
-0
-0
0
0
0
0
0
0
0
0
0
0
0
0
0
0
0
0
0
0
0
0
0
0
0
0
0
0
0
0
0
0
0
0
0
0
0
0
0
0
0
0
0
0
0
0
0
0
0
0
0
-0
-0
-0
-0
-0
-0
-0
-0
-0
-0
-0
-0
-0
-0
-0
-0
-0
-0
-0
-0
-0
-0
-0
-0
-0
-0
-0
-0
-0
-0
-0
-0
-0
-0
-0
-0
-0
-0
-0
-0
-0
-0
-0
-0
-0
-0
-0
-0
-0
-0
-0
0
0
0
0
0
0
0
0
0
0
0
0
0
0
0
0
0
0
0
0
0
0
0
0
0
0
0
0
0
0
0
0
0
0
0
0
0
0
0
0
0
0
0
0
0
0
0
0
0
0
-0
-0
-0
-0
-0
-0
-0
-0
-0
-0
-0
-0
-0
-0
-0
-0
-0
-0
-0
-0
-0
-0
-0
-0
-0
-0
-0
-0
-0
-0
-0
-0
-0
-0
-0
-0
-0
-0
-0
-0
-0
-0
-0
-0
-0
-0
-0
-0
-0
0
0
0
0
0
0
0
0
0
0
0
0
0
0
0
0
0
0
0
0
0
0
0
0
0
0
0
0
0
0
0
0
0
0
0
0
0
0
0
0
0
0
0
0
0
0
0
0
0
0
0
-0
-0
-0
-0
-0
-0
-0
-0
-0
-0
-0
-0
-0
-0
-0
-0
-0
-0
-0
-0
-0
-0
-0
-0
-0
-0
-0
-0
-0
-0
-0
-0
-0
-0
-0
-0
-0
-0
-0
-0
-0
-0
-0
-0
-0
-0
-0
-0
-0
-0
0
0
0
0
0
0
0
0
0
0
0
0
0
0
0
0
0
0
0
0
0
0
0
0
0
0
0
0
0
0
0
0
0
0
0
0
0
0
0
0
0
0
0
0
0
0
0
0
0
0
-0
-0
-0
-0
-0
-0
-0
-0
-0
-0
-0
-0
-0
-0
-0
-0
-0
-0
-0
-0
-0
-0
-0
-0
-0
-0
-0
-0
-0
-0
-0
-0
-0
-0
-0
-0
-0
-0
-0
-0
-0
-0
-0
-0
-0
-0
-0
-0
-0
0
0
0
0
0
0
0
0
0
0
0
0
0
0
0
0
0
0
0
0
0
0
0
0
0
0
0
0
0
0
0
0
0
0
0
0
0
0
0
0
0
0
0
0
0
0
0
0
0
0
-0
-0
-0
-0
-0
-0
-0
-0
-0
-0
-0
-0
-0
-0
-0
-0
-0
-0
-0
-0
-0
-0
-0
-0
-0
-0
-0
-0
-0
-0
-0
-0
-0
-0
-0
-0
-0
-0
-0
-0
-0
-0
-0
-0
-0
-0
-0
-0
-0
-0
-0
0
0
0
0
0
0
0
0
0
0
0
0
0
0
0
0
0
0
0
0
0
0
0
0
0
0
0
0
0
0
0
0
0
0
0
0
0
0
0
0
0
0
0
0
0
0
0
0
0
0
-0
-0
-0
-0
-0
-0
-0
-0
-0
-0
-0
-0
-0
-0
-0
-0
-0
-0
-0
-0
-0
-0
-0
-0
-0
-0
-0
-0
-0
-0
-0
-0
-0
-0
-0
-0
-0
-0
-0
-0
-0
-0
-0
-0
-0
-0
-0
-0
-0
0
0
0
0
0
0
0
0
0
0
0
0
0
0
0
0
0
0
0
0
0
0
0
0
0
0
0
0
0
0
0
0
0
0
0
0
0
0
0
0
0
0
0
0
0
0
0
0
0
0
-0
-0
-0
-0
-0
-0
-0
-0
-0
-0
-0
-0
-0
-0
-0
-0
-0
-0
-0
-0
-0
-0
-0
-0
-0
-0
-0
-0
-0
-0
-0
-0
-0
-0
-0
-0
-0
-0
-0
-0
-0
-0
-0
-0
-0
-0
-0
-0
-0
-0
0
0
0
0
0
0
0
0
0
0
0
0
0
0
0
0
0
0
0
0
0
0
0
0
0
0
0
0
0
0
0
0
0
0
0
0
0
0
0
0
0
0
0
0
0
0
0
0
0
0
0
-0
-0
-0
-0
-0
-0
-0
-0
-0
-0
-0
-0
-0
-0
-0
-0
-0
-0
-0
-0
-0
-0
-0
-0
-0
-0
-0
-0
-0
-0
-0
-0
-0
-0
-0
-0
-0
-0
-0
-0
-0
-0
-0
-0
-0
-0
-0
-0
-0
-0
0
0
0
0
0
0
0
0
0
0
0
0
0
0
0
0
0
0
0
0
0
0
0
0
0
0
0
0
0
0
0
0
0
0
0
0
0
0
0
0
0
0
0
0
0
0
0
0
0
-0
-0
-0
-0
-0
-0
-0
-0
-0
-0
-0
-0
-0
-0
-0
-0
-0
-0
-0
-0
-0
-0
-0
-0
-0
-0
-0
-0
-0
-0
-0
-0
-0
-0
-0
-0
-0
-0
-0
-0
-0
-0
-0
-0
-0
-0
-0
-0
-0
-0
0
0
0
0
0
0
0
0
0
0
0
0
0
0
0
0
0
0
0
0
0
0
0
0
0
0
0
0
0
0
0
0
0
0
0
0
0
0
0
0
0
0
0
0
0
0
0
0
0
0
-0
-0
-0
-0
-0
-0
-0
-0
-0
-0
-0
-0
-0
-0
-0
-0
-0
-0
-0
-0
-0
-0
-0
-0
-0
-0
-0
-0
-0
-0
-0
-0
-0
-0
-0
-0
-0
-0
-0
-0
-0
-0
-0
-0
-0
-0
-0
-0
-0
-0
-0
0
0
0
0
0
0
0
0
0
0
0
0
0
0
0
0
0
0
0
0
0
0
0
0
0
0
0
0
0
0
0
0
0
0
0
0
0
0
0
0
0
0
0
0
0
0
0
0
0
0
-0
-0
-0
-0
-0
-0
-0
-0
-0
-0
-0
-0
-0
-0
-0
-0
-0
-0
-0
-0
-0
-0
-0
-0
-0
-0
-0
-0
-0
-0
-0
-0
-0
-0
-0
-0
-0
-0
-0
-0
-0
-0
-0
-0
-0
-0
-0
-0
-0
0
0
0
0
0
0
0
0
0
0
0
0
0
0
0
0
0
0
0
0
0
0
0
0
0
0
0
0
0
0
0
0
0
0
0
0
0
0
0
0
0
0
0
0
0
0
0
0
0
0
-0
-0
-0
-0
-0
-0
-0
-0
-0
-0
-0
-0
-0
-0
-0
-0
-0
-0
-0
-0
-0
-0
-0
-0
-0
-0
-0
-0
-0
-0
-0
-0
-0
-0
-0
-0
-0
-0
-0
-0
-0
-0
-0
-0
-0
-0
-0
-0
-0
-0
0
0
0
0
0
0
0
0
0
0
0
0
0
0
0
0
0
0
0
0
0
0
0
0
0
0
0
0
0
0
0
0
0
0
0
0
0
0
0
0
0
0
0
0
0
0
0
0
0
0
-0
-0
-0
-0
-0
-0
-0
-0
-0
-0
-0
-0
-0
-0
-0
-0
-0
-0
-0
-0
-0
-0
-0
-0
-0
-0
-0
-0
-0
-0
-0
-0
-0
-0
-0
-0
-0
-0
-0
-0
-0
-0
-0
-0
-0
-0
-0
-0
-0
-0
-0
0
0
0
0
0
0
0
0
0
0
0
0
0
0
0
0
0
0
0
0
0
0
0
0
0
0
0
0
0
0
0
0
0
0
0
0
0
0
0
0
0
0
0
0
0
0
0
0
0
0
-0
-0
-0
-0
-0
-0
-0
-0
-0
-0
-0
-0
-0
-0
-0
-0
-0
-0
-0
-0
-0
-0
-0
-0
-0
-0
-0
-0
-0
-0
-0
-0
-0
-0
-0
-0
-0
-0
-0
-0
-0
-0
-0
-0
-0
-0
-0
-0
-0
-0
0
0
0
0
0
0
0
0
0
0
0
0
0
0
0
0
0
0
0
0
0
0
0
0
0
0
0
0
0
0
0
0
0
0
0
0
0
0
0
0
0
0
0
0
0
0
0
0
0
-0
-0
-0
-0
-0
-0
-0
-0
-0
-0
-0
-0
-0
-0
-0
-0
-0
-0
-0
-0
-0
-0
-0
-0
-0
-0
-0
-0
-0
-0
-0
-0
-0
-0
-0
-0
-0
-0
-0
-0
-0
-0
-0
-0
-0
-0
-0
-0
-0
-0
0
0
0
0
0
0
0
0
0
0
0
0
0
0
0
0
0
0
0
0
0
0
0
0
0
0
0
0
0
0
0
0
0
0
0
0
0
0
0
0
0
0
0
0
0
0
0
0
0
0
0
-0
-0
-0
-0
-0
-0
-0
-0
-0
-0
-0
-0
-0
-0
-0
-0
-0
-0
-0
-0
-0
-0
-0
-0
-0
-0
-0
-0
-0
-0
-0
-0
-0
-0
-0
-0
-0
-0
-0
-0
-0
-0
-0
-0
-0
-0
-0
-0
-0
-0
0
0
0
0
0
0
0
0
0
0
0
0
0
0
0
0
0
0
0
0
0
0
0
0
0
0
0
0
0
0
0
0
0
0
0
0
0
0
0
0
0
0
0
0
0
0
0
0
0
0
-0
-0
-0
-0
-0
-0
-0
-0
-0
-0
-0
-0
-0
-0
-0
-0
-0
-0
-0
-0
-0
-0
-0
-0
-0
-0
-0
-0
-0
-0
-0
-0
-0
-0
-0
-0
-0
-0
-0
-0
-0
-0
-0
-0
-0
-0
-0
-0
-0
0
0
0
0
0
0
0
0
0
0
0
0
0
0
0
0
0
0
0
0
0
0
0
0
0
0
0
0
0
0
0
0
0
0
0
0
0
0
0
0
0
0
0
0
0
0
0
0
0
0
-0
-0
-0
-0
-0
-0
-0
-0
-0
-0
-0
-0
-0
-0
-0
-0
-0
-0
-0
-0
-0
-0
-0
-0
-0
-0
-0
-0
-0
-0
-0
-0
-0
-0
-0
-0
-0
-0
-0
-0
-0
-0
-0
-0
-0
-0
-0
-0
-0
-0
-0
0
0
0
0
0
0
0
0
0
0
0
0
0
0
0
0
0
0
0
0
0
0
0
0
0
0
0
0
0
0
0
0
0
0
0
0
0
0
0
0
0
0
0
0
0
0
0
0
0
0
-0
-0
-0
-0
-0
-0
-0
-0
-0
-0
-0
-0
-0
-0
-0
-0
-0
-0
-0
-0
-0
-0
-0
-0
-0
-0
-0
-0
-0
-0
-0
-0
-0
-0
-0
-0
-0
-0
-0
-0
-0
-0
-0
-0
-0
-0
-0
-0
-0
-0
0
0
0
0
0
0
0
0
0
0
0
0
0
0
0
0
0
0
0
0
0
0
0
0
0
0
0
0
0
0
0
0
0
0
0
0
0
0
0
0
0
0
0
0
0
0
0
0
0
-0
-0
-0
-0
-0
-0
-0
-0
-0
-0
-0
-0
-0
-0
-0
-0
-0
-0
-0
-0
-0
-0
-0
-0
-0
-0
-0
-0
-0
-0
-0
-0
-0
-0
-0
-0
-0
-0
-0
-0
-0
-0
-0
-0
-0
-0
-0
-0
-0
-0
0
0
0
0
0
0
0
0
0
0
0
0
0
0
0
0
0
0
0
0
0
0
0
0
0
0
0
0
0
0
0
0
0
0
0
0
0
0
0
0
0
0
0
0
0
0
0
0
0
0
-0
-5.1802e-09
-2.068e-08
-4.6377e-08
-8.2068e-08
-1.2747e-07
-1.8222e-07
-2.4589e-07
-3.1796e-07
-3.9785e-07
-4.8492e-07
-5.7846e-07
-6.777e-07
-7.8182e-07
-8.8994e-07
-1.0012e-06
-1.1145e-06
-1.229e-06
-1.3437e-06
-1.4574e-06
-1.5692e-06
-1.6781e-06
-1.7829e-06
-1.8825e-06
-1.9761e-06
-2.0625e-06
-2.1408e-06
-2.2099e-06
-2.2691e-06
-2.3173e-06
-2.3539e-06
-2.3779e-06
-2.3887e-06
-2.3857e-06
-2.3683e-06
-2.336e-06
-2.2884e-06
-2.2252e-06
-2.1461e-06
-2.0509e-06
-1.9397e-06
-1.8124e-06
-1.6693e-06
-1.5105e-06
-1.3363e-06
-1.1472e-06
-9.4378e-07
-7.2657e-07
-4.9632e-07
-2.5383e-07
-4.445e-20
2.6419e-07
5.3768e-07
8.1932e-07
1.1079e-06
1.4022e-06
1.7007e-06
2.0022e-06
2.3052e-06
2.6081e-06
2.9095e-06
3.2078e-06
3.5015e-06
3.7888e-06
4.0683e-06
4.3384e-06
4.5974e-06
4.8438e-06
5.0761e-06
5.2928e-06
5.4924e-06
5.6735e-06
5.8348e-06
5.975e-06
6.093e-06
6.1875e-06
6.2576e-06
6.3024e-06
6.321e-06
6.3127e-06
6.277e-06
6.2132e-06
6.1212e-06
6.0005e-06
5.8512e-06
5.6732e-06
5.4668e-06
5.2322e-06
4.9698e-06
4.6803e-06
4.3643e-06
4.0227e-06
3.6565e-06
3.2668e-06
2.8548e-06
2.4219e-06
1.9696e-06
1.4995e-06
1.0133e-06
5.1284e-07
-2.9112e-19
-5.232e-07
-1.0547e-06
-1.5923e-06
-2.1338e-06
-2.6769e-06
-3.2192e-06
-3.7586e-06
-4.2924e-06
-4.8184e-06
-5.3342e-06
-5.8372e-06
-6.3252e-06
-6.7958e-06
-7.2467e-06
-7.6755e-06
-8.0802e-06
-8.4586e-06
-8.8085e-06
-9.1281e-06
-9.4155e-06
-9.6689e-06
-9.8867e-06
-1.0067e-05
-1.021e-05
-1.0312e-05
-1.0374e-05
-1.0395e-05
-1.0373e-05
-1.0308e-05
-1.02e-05
-1.0049e-05
-9.8536e-06
-9.6153e-06
-9.334e-06
-9.0104e-06
-8.6452e-06
-8.2392e-06
-7.7936e-06
-7.3097e-06
-6.7889e-06
-6.233e-06
-5.6437e-06
-5.0231e-06
-4.3733e-06
-3.6966e-06
-2.9955e-06
-2.2725e-06
-1.5303e-06
-7.7185e-07
3.0327e-19
7.8221e-07
1.5717e-06
2.3652e-06
3.1596e-06
3.9516e-06
4.7378e-06
5.5149e-06
6.2797e-06
7.0287e-06
7.7588e-06
8.4666e-06
9.149e-06
9.8028e-06
1.0425e-05
1.1013e-05
1.1563e-05
1.2073e-05
1.2541e-05
1.2963e-05
1.3339e-05
1.3664e-05
1.3939e-05
1.416e-05
1.4327e-05
1.4438e-05
1.4491e-05
1.4487e-05
1.4425e-05
1.4304e-05
1.4123e-05
1.3884e-05
1.3586e-05
1.323e-05
1.2817e-05
1.2348e-05
1.1824e-05
1.1246e-05
1.0617e-05
9.939e-06
9.2135e-06
8.4433e-06
7.631e-06
6.7795e-06
5.8918e-06
4.9713e-06
4.0213e-06
3.0454e-06
2.0473e-06
1.0309e-06
7.1144e-19
-1.0412e-06
-2.0887e-06
-3.1382e-06
-4.1855e-06
-5.2262e-06
-6.2563e-06
-7.2712e-06
-8.2669e-06
-9.239e-06
-1.0183e-05
-1.1096e-05
-1.1973e-05
-1.281e-05
-1.3603e-05
-1.435e-05
-1.5046e-05
-1.5688e-05
-1.6273e-05
-1.6799e-05
-1.7262e-05
-1.766e-05
-1.7991e-05
-1.8252e-05
-1.8444e-05
-1.8563e-05
-1.8608e-05
-1.858e-05
-1.8477e-05
-1.8299e-05
-1.8046e-05
-1.7719e-05
-1.7318e-05
-1.6845e-05
-1.63e-05
-1.5685e-05
-1.5002e-05
-1.4253e-05
-1.3441e-05
-1.2568e-05
-1.1638e-05
-1.0654e-05
-9.6182e-06
-8.5358e-06
-7.4103e-06
-6.246e-06
-5.0472e-06
-3.8184e-06
-2.5643e-06
-1.2899e-06
-1.1116e-18
1.3002e-06
2.6057e-06
3.9111e-06
5.2113e-06
6.5009e-06
7.7748e-06
9.0276e-06
1.0254e-05
1.1449e-05
1.2608e-05
1.3725e-05
1.4796e-05
1.5817e-05
1.6782e-05
1.7687e-05
1.8529e-05
1.9303e-05
2.0006e-05
2.0634e-05
2.1185e-05
2.1655e-05
2.2043e-05
2.2345e-05
2.256e-05
2.2688e-05
2.2725e-05
2.2672e-05
2.2529e-05
2.2294e-05
2.1969e-05
2.1555e-05
2.1051e-05
2.046e-05
1.9783e-05
1.9022e-05
1.818e-05
1.726e-05
1.6265e-05
1.5198e-05
1.4063e-05
1.2864e-05
1.1605e-05
1.0292e-05
8.9289e-06
7.5207e-06
6.073e-06
4.5913e-06
3.0813e-06
1.5489e-06
1.6008e-18
-1.5592e-06
-3.1227e-06
-4.6841e-06
-6.2371e-06
-7.7756e-06
-9.2933e-06
-1.0784e-05
-1.2241e-05
-1.366e-05
-1.5033e-05
-1.6355e-05
-1.762e-05
-1.8824e-05
-1.996e-05
-2.1024e-05
-2.2012e-05
-2.2918e-05
-2.3738e-05
-2.4469e-05
-2.5108e-05
-2.5651e-05
-2.6094e-05
-2.6437e-05
-2.6677e-05
-2.6812e-05
-2.6842e-05
-2.6765e-05
-2.6581e-05
-2.629e-05
-2.5893e-05
-2.539e-05
-2.4783e-05
-2.4074e-05
-2.3265e-05
-2.2359e-05
-2.1359e-05
-2.0267e-05
-1.9089e-05
-1.7827e-05
-1.6487e-05
-1.5074e-05
-1.3593e-05
-1.2048e-05
-1.0447e-05
-8.7954e-06
-7.0989e-06
-5.3643e-06
-3.5983e-06
-1.8079e-06
-5.3753e-19
1.8183e-06
3.6397e-06
5.457e-06
7.263e-06
9.0503e-06
1.0812e-05
1.254e-05
1.4229e-05
1.587e-05
1.7457e-05
1.8984e-05
2.0444e-05
2.1831e-05
2.3139e-05
2.4362e-05
2.5494e-05
2.6532e-05
2.7471e-05
2.8305e-05
2.9031e-05
2.9646e-05
3.0146e-05
3.053e-05
3.0794e-05
3.0937e-05
3.0959e-05
3.0857e-05
3.0633e-05
3.0285e-05
2.9816e-05
2.9225e-05
2.8516e-05
2.7689e-05
2.6748e-05
2.5696e-05
2.4537e-05
2.3274e-05
2.1912e-05
2.0457e-05
1.8912e-05
1.7284e-05
1.558e-05
1.3805e-05
1.1966e-05
1.007e-05
8.1247e-06
6.1372e-06
4.1153e-06
2.0669e-06
2.8459e-18
-2.0773e-06
-4.1567e-06
-6.23e-06
-8.2888e-06
-1.0325e-05
-1.233e-05
-1.4297e-05
-1.6216e-05
-1.808e-05
-1.9882e-05
-2.1613e-05
-2.3268e-05
-2.4838e-05
-2.6317e-05
-2.7699e-05
-2.8977e-05
-3.0147e-05
-3.1203e-05
-3.214e-05
-3.2954e-05
-3.3641e-05
-3.4198e-05
-3.4622e-05
-3.4911e-05
-3.5062e-05
-3.5076e-05
-3.495e-05
-3.4685e-05
-3.4281e-05
-3.3739e-05
-3.3061e-05
-3.2248e-05
-3.1304e-05
-3.0231e-05
-2.9034e-05
-2.7715e-05
-2.6281e-05
-2.4736e-05
-2.3086e-05
-2.1337e-05
-1.9495e-05
-1.7567e-05
-1.5561e-05
-1.3484e-05
-1.1345e-05
-9.1505e-06
-6.9102e-06
-4.6323e-06
-2.3259e-06
-1.4916e-18
2.3363e-06
4.6737e-06
7.0029e-06
9.3147e-06
1.16e-05
1.3849e-05
1.6053e-05
1.8203e-05
2.029e-05
2.2306e-05
2.4243e-05
2.6092e-05
2.7845e-05
2.9495e-05
3.1036e-05
3.246e-05
3.3762e-05
3.4935e-05
3.5975e-05
3.6877e-05
3.7637e-05
3.825e-05
3.8715e-05
3.9028e-05
3.9187e-05
3.9193e-05
3.9042e-05
3.8736e-05
3.8276e-05
3.7662e-05
3.6896e-05
3.598e-05
3.4919e-05
3.3714e-05
3.2371e-05
3.0894e-05
2.9288e-05
2.756e-05
2.5715e-05
2.3761e-05
2.1705e-05
1.9554e-05
1.7318e-05
1.5003e-05
1.2619e-05
1.0176e-05
7.6831e-06
5.1493e-06
2.5849e-06
2.0978e-18
-2.5797e-06
-5.139e-06
-7.6676e-06
-1.0156e-05
-1.2594e-05
-1.4973e-05
-1.7282e-05
-1.9515e-05
-2.1661e-05
-2.3713e-05
-2.5663e-05
-2.7503e-05
-2.9228e-05
-3.083e-05
-3.2304e-05
-3.3644e-05
-3.4846e-05
-3.5906e-05
-3.6819e-05
-3.7583e-05
-3.8196e-05
-3.8655e-05
-3.896e-05
-3.911e-05
-3.9105e-05
-3.8945e-05
-3.8633e-05
-3.8169e-05
-3.7557e-05
-3.6799e-05
-3.5899e-05
-3.4861e-05
-3.369e-05
-3.2391e-05
-3.0969e-05
-2.9432e-05
-2.7785e-05
-2.6035e-05
-2.419e-05
-2.2258e-05
-2.0246e-05
-1.8163e-05
-1.6018e-05
-1.3818e-05
-1.1574e-05
-9.2942e-06
-6.9874e-06
-4.6633e-06
-2.3311e-06
-2.2869e-18
2.3207e-06
4.622e-06
6.8947e-06
9.13e-06
1.1319e-05
1.3454e-05
1.5526e-05
1.7527e-05
1.9451e-05
2.1288e-05
2.3033e-05
2.468e-05
2.6221e-05
2.7652e-05
2.8967e-05
3.0162e-05
3.1232e-05
3.2173e-05
3.2984e-05
3.366e-05
3.4201e-05
3.4604e-05
3.4868e-05
3.4993e-05
3.498e-05
3.4829e-05
3.454e-05
3.4117e-05
3.3561e-05
3.2876e-05
3.2063e-05
3.1128e-05
3.0075e-05
2.8908e-05
2.7632e-05
2.6253e-05
2.4778e-05
2.3211e-05
2.1561e-05
1.9833e-05
1.8036e-05
1.6176e-05
1.4261e-05
1.23e-05
1.03e-05
8.2683e-06
6.2145e-06
4.1463e-06
2.0721e-06
5.16e-19
-2.0617e-06
-4.105e-06
-6.1217e-06
-8.1042e-06
-1.0045e-05
-1.1936e-05
-1.377e-05
-1.554e-05
-1.724e-05
-1.8863e-05
-2.0404e-05
-2.1856e-05
-2.3214e-05
-2.4473e-05
-2.563e-05
-2.6679e-05
-2.7617e-05
-2.8441e-05
-2.9148e-05
-2.9737e-05
-3.0205e-05
-3.0552e-05
-3.0775e-05
-3.0876e-05
-3.0855e-05
-3.0712e-05
-3.0448e-05
-3.0065e-05
-2.9566e-05
-2.8953e-05
-2.8228e-05
-2.7396e-05
-2.646e-05
-2.5425e-05
-2.4295e-05
-2.3075e-05
-2.1771e-05
-2.0388e-05
-1.8931e-05
-1.7409e-05
-1.5826e-05
-1.4189e-05
-1.2505e-05
-1.0781e-05
-9.0248e-06
-7.2425e-06
-5.4416e-06
-3.6293e-06
-1.8131e-06
-2.3984e-18
1.8027e-06
3.588e-06
5.3488e-06
7.0783e-06
8.7699e-06
1.0417e-05
1.2013e-05
1.3553e-05
1.503e-05
1.6439e-05
1.7775e-05
1.9032e-05
2.0207e-05
2.1295e-05
2.2292e-05
2.3196e-05
2.4002e-05
2.4709e-05
2.5313e-05
2.5814e-05
2.621e-05
2.65e-05
2.6683e-05
2.676e-05
2.673e-05
2.6595e-05
2.6356e-05
2.6013e-05
2.5571e-05
2.5029e-05
2.4393e-05
2.3663e-05
2.2845e-05
2.1942e-05
2.0958e-05
1.9897e-05
1.8764e-05
1.7564e-05
1.6302e-05
1.4984e-05
1.3615e-05
1.2202e-05
1.0749e-05
9.2629e-06
7.7501e-06
6.2166e-06
4.6686e-06
3.1123e-06
1.5541e-06
9.1854e-19
-1.5437e-06
-3.071e-06
-4.5759e-06
-6.0525e-06
-7.4952e-06
-8.8985e-06
-1.0257e-05
-1.1566e-05
-1.282e-05
-1.4014e-05
-1.5145e-05
-1.6208e-05
-1.72e-05
-1.8117e-05
-1.8955e-05
-1.9713e-05
-2.0387e-05
-2.0976e-05
-2.1478e-05
-2.1891e-05
-2.2214e-05
-2.2448e-05
-2.259e-05
-2.2643e-05
-2.2605e-05
-2.2478e-05
-2.2263e-05
-2.1961e-05
-2.1575e-05
-2.1106e-05
-2.0557e-05
-1.9931e-05
-1.9231e-05
-1.8459e-05
-1.762e-05
-1.6718e-05
-1.5757e-05
-1.474e-05
-1.3673e-05
-1.256e-05
-1.1405e-05
-1.0214e-05
-8.9925e-06
-7.7444e-06
-6.4755e-06
-5.1908e-06
-3.8957e-06
-2.5953e-06
-1.2951e-06
-9.864e-19
1.2847e-06
2.554e-06
3.8029e-06
5.0266e-06
6.2205e-06
7.38e-06
8.5007e-06
9.5785e-06
1.0609e-05
1.159e-05
1.2516e-05
1.3385e-05
1.4193e-05
1.4938e-05
1.5618e-05
1.623e-05
1.6773e-05
1.7244e-05
1.7643e-05
1.7968e-05
1.8219e-05
1.8396e-05
1.8498e-05
1.8526e-05
1.848e-05
1.8361e-05
1.8171e-05
1.791e-05
1.758e-05
1.7183e-05
1.6722e-05
1.6199e-05
1.5616e-05
1.4976e-05
1.4283e-05
1.354e-05
1.275e-05
1.1916e-05
1.1043e-05
1.0135e-05
9.1948e-06
8.2271e-06
7.2361e-06
6.2259e-06
5.2008e-06
4.1649e-06
3.1227e-06
2.0783e-06
1.036e-06
9.6531e-19
-1.0257e-06
-2.037e-06
-3.03e-06
-4.0008e-06
-4.9458e-06
-5.8615e-06
-6.7443e-06
-7.5912e-06
-8.3991e-06
-9.165e-06
-9.8864e-06
-1.0561e-05
-1.1186e-05
-1.176e-05
-1.2281e-05
-1.2747e-05
-1.3158e-05
-1.3511e-05
-1.3807e-05
-1.4045e-05
-1.4224e-05
-1.4344e-05
-1.4406e-05
-1.4409e-05
-1.4355e-05
-1.4244e-05
-1.4078e-05
-1.3858e-05
-1.3584e-05
-1.326e-05
-1.2887e-05
-1.2466e-05
-1.2001e-05
-1.1493e-05
-1.0946e-05
-1.0361e-05
-9.7427e-06
-9.0925e-06
-8.414e-06
-7.7103e-06
-6.9845e-06
-6.2399e-06
-5.4798e-06
-4.7074e-06
-3.9261e-06
-3.1391e-06
-2.3498e-06
-1.5613e-06
-7.7703e-07
-1.5655e-19
7.6667e-07
1.52e-06
2.257e-06
2.975e-06
3.6711e-06
4.3429e-06
4.988e-06
5.604e-06
6.1888e-06
6.7404e-06
7.2571e-06
7.7371e-06
8.179e-06
8.5816e-06
8.9437e-06
9.2644e-06
9.543e-06
9.7789e-06
9.9719e-06
1.0122e-05
1.0228e-05
1.0292e-05
1.0313e-05
1.0292e-05
1.023e-05
1.0127e-05
9.9856e-06
9.8057e-06
9.589e-06
9.337e-06
9.0514e-06
8.7338e-06
8.3863e-06
8.0106e-06
7.6088e-06
7.1831e-06
6.7357e-06
6.2687e-06
5.7846e-06
5.2857e-06
4.7742e-06
4.2527e-06
3.7234e-06
3.1889e-06
2.6514e-06
2.1132e-06
1.5768e-06
1.0443e-06
5.1802e-07
6.5633e-19
-5.0766e-07
-1.003e-06
-1.4841e-06
-1.9491e-06
-2.3964e-06
-2.8244e-06
-3.2317e-06
-3.6168e-06
-3.9785e-06
-4.3158e-06
-4.6277e-06
-4.9133e-06
-5.172e-06
-5.4032e-06
-5.6065e-06
-5.7815e-06
-5.9282e-06
-6.0465e-06
-6.1365e-06
-6.1985e-06
-6.2328e-06
-6.24e-06
-6.2206e-06
-6.1753e-06
-6.105e-06
-6.0106e-06
-5.8932e-06
-5.7537e-06
-5.5936e-06
-5.4139e-06
-5.216e-06
-5.0014e-06
-4.7715e-06
-4.5277e-06
-4.2716e-06
-4.0047e-06
-3.7287e-06
-3.445e-06
-3.1552e-06
-2.861e-06
-2.5639e-06
-2.2654e-06
-1.9671e-06
-1.6704e-06
-1.3767e-06
-1.0874e-06
-8.0387e-07
-5.2734e-07
-2.5901e-07
-1.3864e-19
2.4865e-07
4.8598e-07
7.1111e-07
9.2326e-07
1.1217e-06
1.3059e-06
1.4753e-06
1.6295e-06
1.7682e-06
1.8912e-06
1.9983e-06
2.0896e-06
2.165e-06
2.2249e-06
2.2693e-06
2.2987e-06
2.3134e-06
2.3141e-06
2.3012e-06
2.2754e-06
2.2374e-06
2.188e-06
2.1281e-06
2.0584e-06
1.98e-06
1.8938e-06
1.8007e-06
1.7018e-06
1.5982e-06
1.4908e-06
1.3807e-06
1.269e-06
1.1567e-06
1.0449e-06
9.3441e-07
8.2638e-07
7.2168e-07
6.2123e-07
5.2587e-07
4.3643e-07
3.5365e-07
2.7821e-07
2.1076e-07
1.5185e-07
1.0198e-07
6.1551e-08
3.0918e-08
1.034e-08
0
0
-0
-0
-0
-0
-0
-0
-0
-0
-0
-0
-0
-0
-0
-0
-0
-0
-0
-0
-0
-0
-0
-0
-0
-0
-0
-0
-0
-0
-0
-0
-0
-0
-0
-0
-0
-0
-0
-0
-0
-0
-0
-0
-0
-0
-0
-0
-0
-0
-0
-0
0
0
0
0
0
0
0
0
0
0
0
0
0
0
0
0
0
0
0
0
0
0
0
0
0
0
0
0
0
0
0
0
0
0
0
0
0
0
0
0
0
0
0
0
0
0
0
0
0
0
-0
-0
-0
-0
-0
-0
-0
-0
-0
-0
-0
-0
-0
-0
-0
-0
-0
-0
-0
-0
-0
-0
-0
-0
-0
-0
-0
-0
-0
-0
-0
-0
-0
-0
-0
-0
-0
-0
-0
-0
-0
-0
-0
-0
-0
-0
-0
-0
-0
-0
0
0
0
0
0
0
0
0
0
0
0
0
0
0
0
0
0
0
0
0
0
0
0
0
0
0
0
0
0
0
0
0
0
0
0
0
0
0
0
0
0
0
0
0
0
0
0
0
0
0
-0
-0
-0
-0
-0
-0
-0
-0
-0
-0
-0
-0
-0
-0
-0
-0
-0
-0
-0
-0
-0
-0
-0
-0
-0
-0
-0
-0
-0
-0
-0
-0
-0
-0
-0
-0
-0
-0
-0
-0
-0
-0
-0
-0
-0
-0
-0
-0
-0
-0
0
0
0
0
0
0
0
0
0
0
0
0
0
0
0
0
0
0
0
0
0
0
0
0
0
0
0
0
0
0
0
0
0
0
0
0
0
0
0
0
0
0
0
0
0
0
0
0
0
0
-0
-0
-0
-0
-0
-0
-0
-0
-0
-0
-0
-0
-0
-0
-0
-0
-0
-0
-0
-0
-0
-0
-0
-0
-0
-0
-0
-0
-0
-0
-0
-0
-0
-0
-0
-0
-0
-0
-0
-0
-0
-0
-0
-0
-0
-0
-0
-0
-0
-0
0
0
0
0
0
0
0
0
0
0
0
0
0
0
0
0
0
0
0
0
0
0
0
0
0
0
0
0
0
0
0
0
0
0
0
0
0
0
0
0
0
0
0
0
0
0
0
0
0
0
-0
-0
-0
-0
-0
-0
-0
-0
-0
-0
-0
-0
-0
-0
-0
-0
-0
-0
-0
-0
-0
-0
-0
-0
-0
-0
-0
-0
-0
-0
-0
-0
-0
-0
-0
-0
-0
-0
-0
-0
-0
-0
-0
-0
-0
-0
-0
-0
-0
-0
0
0
0
0
0
0
0
0
0
0
0
0
0
0
0
0
0
0
0
0
0
0
0
0
0
0
0
0
0
0
0
0
0
0
0
0
0
0
0
0
0
0
0
0
0
0
0
0
0
0
-0
-0
-0
-0
-0
-0
-0
-0
-0
-0
-0
-0
-0
-0
-0
-0
-0
-0
-0
-0
-0
-0
-0
-0
-0
-0
-0
-0
-0
-0
-0
-0
-0
-0
-0
-0
-0
-0
-0
-0
-0
-0
-0
-0
-0
-0
-0
-0
-0
-0
0
0
0
0
0
0
0
0
0
0
0
0
0
0
0
0
0
0
0
0
0
0
0
0
0
0
0
0
0
0
0
0
0
0
0
0
0
0
0
0
0
0
0
0
0
0
0
0
0
0
-0
-0
-0
-0
-0
-0
-0
-0
-0
-0
-0
-0
-0
-0
-0
-0
-0
-0
-0
-0
-0
-0
-0
-0
-0
-0
-0
-0
-0
-0
-0
-0
-0
-0
-0
-0
-0
-0
-0
-0
-0
-0
-0
-0
-0
-0
-0
-0
-0
-0
0
0
0
0
0
0
0
0
0
0
0
0
0
0
0
0
0
0
0
0
0
0
0
0
0
0
0
0
0
0
0
0
0
0
0
0
0
0
0
0
0
0
0
0
0
0
0
0
0
0
-0
-0
-0
-0
-0
-0
-0
-0
-0
-0
-0
-0
-0
-0
-0
-0
-0
-0
-0
-0
-0
-0
-0
-0
-0
-0
-0
-0
-0
-0
-0
-0
-0
-0
-0
-0
-0
-0
-0
-0
-0
-0
-0
-0
-0
-0
-0
-0
-0
-0
0
0
0
0
0
0
0
0
0
0
0
0
0
0
0
0
0
0
0
0
0
0
0
0
0
0
0
0
0
0
0
0
0
0
0
0
0
0
0
0
0
0
0
0
0
0
0
0
0
0
-0
-0
-0
-0
-0
-0
-0
-0
-0
-0
-0
-0
-0
-0
-0
-0
-0
-0
-0
-0
-0
-0
-0
-0
-0
-0
-0
-0
-0
-0
-0
-0
-0
-0
-0
-0
-0
-0
-0
-0
-0
-0
-0
-0
-0
-0
-0
-0
-0
-0
0
0
0
0
0
0
0
0
0
0
0
0
0
0
0
0
0
0
0
0
0
0
0
0
0
0
0
0
0
0
0
0
0
0
0
0
0
0
0
0
0
0
0
0
0
0
0
0
0
0
-0
-0
-0
-0
-0
-0
-0
-0
-0
-0
-0
-0
-0
-0
-0
-0
-0
-0
-0
-0
-0
-0
-0
-0
-0
-0
-0
-0
-0
-0
-0
-0
-0
-0
-0
-0
-0
-0
-0
-0
-0
-0
-0
-0
-0
-0
-0
-0
-0
-0
0
0
0
0
0
0
0
0
0
0
0
0
0
0
0
0
0
0
0
0
0
0
0
0
0
0
0
0
0
0
0
0
0
0
0
0
0
0
0
0
0
0
0
0
0
0
0
0
0
0
-0
-0
-0
-0
-0
-0
-0
-0
-0
-0
-0
-0
-0
-0
-0
-0
-0
-0
-0
-0
-0
-0
-0
-0
-0
-0
-0
-0
-0
-0
-0
-0
-0
-0
-0
-0
-0
-0
-0
-0
-0
-0
-0
-0
-0
-0
-0
-0
-0
-0
0
0
0
0
0
0
0
0
0
0
0
0
0
0
0
0
0
0
0
0
0
0
0
0
0
0
0
0
0
0
0
0
0
0
0
0
0
0
0
0
0
0
0
0
0
0
0
0
0
-0
-0
-0
-0
-0
-0
-0
-0
-0
-0
-0
-0
-0
-0
-0
-0
-0
-0
-0
-0
-0
-0
-0
-0
-0
-0
-0
-0
-0
-0
-0
-0
-0
-0
-0
-0
-0
-0
-0
-0
-0
-0
-0
-0
-0
-0
-0
-0
-0
-0
-0
0
0
0
0
0
0
0
0
0
0
0
0
0
0
0
0
0
0
0
0
0
0
0
0
0
0
0
0
0
0
0
0
0
0
0
0
0
0
0
0
0
0
0
0
0
0
0
0
0
0
-0
-0
-0
-0
-0
-0
-0
-0
-0
-0
-0
-0
-0
-0
-0
-0
-0
-0
-0
-0
-0
-0
-0
-0
-0
-0
-0
-0
-0
-0
-0
-0
-0
-0
-0
-0
-0
-0
-0
-0
-0
-0
-0
-0
-0
-0
-0
-0
-0
0
0
0
0
0
0
0
0
0
0
0
0
0
0
0
0
0
0
0
0
0
0
0
0
0
0
0
0
0
0
0
0
0
0
0
0
0
0
0
0
0
0
0
0
0
0
0
0
0
0
0
-0
-0
-0
-0
-0
-0
-0
-0
-0
-0
-0
-0
-0
-0
-0
-0
-0
-0
-0
-0
-0
-0
-0
-0
-0
-0
-0
-0
-0
-0
-0
-0
-0
-0
-0
-0
-0
-0
-0
-0
-0
-0
-0
-0
-0
-0
-0
-0
-0
-0
0
0
0
0
0
0
0
0
0
0
0
0
0
0
0
0
0
0
0
0
0
0
0
0
0
0
0
0
0
0
0
0
0
0
0
0
0
0
0
0
0
0
0
0
0
0
0
0
0
0
-0
-0
-0
-0
-0
-0
-0
-0
-0
-0
-0
-0
-0
-0
-0
-0
-0
-0
-0
-0
-0
-0
-0
-0
-0
-0
-0
-0
-0
-0
-0
-0
-0
-0
-0
-0
-0
-0
-0
-0
-0
-0
-0
-0
-0
-0
-0
-0
-0
-0
0
0
0
0
0
0
0
0
0
0
0
0
0
0
0
0
0
0
0
0
0
0
0
0
0
0
0
0
0
0
0
0
0
0
0
0
0
0
0
0
0
0
0
0
0
0
0
0
0
-0
-0
-0
-0
-0
-0
-0
-0
-0
-0
-0
-0
-0
-0
-0
-0
-0
-0
-0
-0
-0
-0
-0
-0
-0
-0
-0
-0
-0
-0
-0
-0
-0
-0
-0
-0
-0
-0
-0
-0
-0
-0
-0
-0
-0
-0
-0
-0
-0
-0
-0
0
0
0
0
0
0
0
0
0
0
0
0
0
0
0
0
0
0
0
0
0
0
0
0
0
0
0
0
0
0
0
0
0
0
0
0
0
0
0
0
0
0
0
0
0
0
0
0
0
-0
-0
-0
-0
-0
-0
-0
-0
-0
-0
-0
-0
-0
-0
-0
-0
-0
-0
-0
-0
-0
-0
-0
-0
-0
-0
-0
-0
-0
-0
-0
-0
-0
-0
-0
-0
-0
-0
-0
-0
-0
-0
-0
-0
-0
-0
-0
-0
-0
-0
-0
0
0
0
0
0
0
0
0
0
0
0
0
0
0
0
0
0
0
0
0
0
0
0
0
0
0
0
0
0
0
0
0
0
0
0
0
0
0
0
0
0
0
0
0
0
0
0
0
0
0
-0
-0
-0
-0
-0
-0
-0
-0
-0
-0
-0
-0
-0
-0
-0
-0
-0
-0
-0
-0
-0
-0
-0
-0
-0
-0
-0
-0
-0
-0
-0
-0
-0
-0
-0
-0
-0
-0
-0
-0
-0
-0
-0
-0
-0
-0
-0
-0
-0
-0
0
0
0
0
0
0
0
0
0
0
0
0
0
0
0
0
0
0
0
0
0
0
0
0
0
0
0
0
0
0
0
0
0
0
0
0
0
0
0
0
0
0
0
0
0
0
0
0
0
0
-0
-0
-0
-0
-0
-0
-0
-0
-0
-0
-0
-0
-0
-0
-0
-0
-0
-0
-0
-0
-0
-0
-0
-0
-0
-0
-0
-0
-0
-0
-0
-0
-0
-0
-0
-0
-0
-0
-0
-0
-0
-0
-0
-0
-0
-0
-0
-0
-0
-0
0
0
0
0
0
0
0
0
0
0
0
0
0
0
0
0
0
0
0
0
0
0
0
0
0
0
0
0
0
0
0
0
0
0
0
0
0
0
0
0
0
0
0
0
0
0
0
0
0
0
-0
-0
-0
-0
-0
-0
-0
-0
-0
-0
-0
-0
-0
-0
-0
-0
-0
-0
-0
-0
-0
-0
-0
-0
-0
-0
-0
-0
-0
-0
-0
-0
-0
-0
-0
-0
-0
-0
-0
-0
-0
-0
-0
-0
-0
-0
-0
-0
-0
-0
0
0
0
0
0
0
0
0
0
0
0
0
0
0
0
0
0
0
0
0
0
0
0
0
0
0
0
0
0
0
0
0
0
0
0
0
0
0
0
0
0
0
0
0
0
0
0
0
0
-0
-0
-0
-0
-0
-0
-0
-0
-0
-0
-0
-0
-0
-0
-0
-0
-0
-0
-0
-0
-0
-0
-0
-0
-0
-0
-0
-0
-0
-0
-0
-0
-0
-0
-0
-0
-0
-0
-0
-0
-0
-0
-0
-0
-0
-0
-0
-0
-0
-0
-0
0
0
0
0
0
0
0
0
0
0
0
0
0
0
0
0
0
0
0
0
0
0
0
0
0
0
0
0
0
0
0
0
0
0
0
0
0
0
0
0
0
0
0
0
0
0
0
0
0
-0
-0
-0
-0
-0
-0
-0
-0
-0
-0
-0
-0
-0
-0
-0
-0
-0
-0
-0
-0
-0
-0
-0
-0
-0
-0
-0
-0
-0
-0
-0
-0
-0
-0
-0
-0
-0
-0
-0
-0
-0
-0
-0
-0
-0
-0
-0
-0
-0
-0
-0
0
0
0
0
0
0
0
0
0
0
0
0
0
0
0
0
0
0
0
0
0
0
0
0
0
0
0
0
0
0
0
0
0
0
0
0
0
0
0
0
0
0
0
0
0
0
0
0
0
0
-0
-0
-0
-0
-0
-0
-0
-0
-0
-0
-0
-0
-0
-0
-0
-0
-0
-0
-0
-0
-0
-0
-0
-0
-0
-0
-0
-0
-0
-0
-0
-0
-0
-0
-0
-0
-0
-0
-0
-0
-0
-0
-0
-0
-0
-0
-0
-0
-0
-0
0
0
0
0
0
0
0
0
0
0
0
0
0
0
0
0
0
0
0
0
0
0
0
0
0
0
0
0
0
0
0
0
0
0
0
0
0
0
0
0
0
0
0
0
0
0
0
0
0
0
-0
-0
-0
-0
-0
-0
-0
-0
-0
-0
-0
-0
-0
-0
-0
-0
-0
-0
-0
-0
-0
-0
-0
-0
-0
-0
-0
-0
-0
-0
-0
-0
-0
-0
-0
-0
-0
-0
-0
-0
-0
-0
-0
-0
-0
-0
-0
-0
-0
-0
0
0
0
0
0
0
0
0
0
0
0
0
0
0
0
0
0
0
0
0
0
0
0
0
0
0
0
0
0
0
0
0
0
0
0
0
0
0
0
0
0
0
0
0
0
0
0
0
0
0
-0
-0
-0
-0
-0
-0
-0
-0
-0
-0
-0
-0
-0
-0
-0
-0
-0
-0
-0
-0
-0
-0
-0
-0
-0
-0
-0
-0
-0
-0
-0
-0
-0
-0
-0
-0
-0
-0
-0
-0
-0
-0
-0
-0
-0
-0
-0
-0
-0
-0
0
0
0
0
0
0
0
0
0
0
0
0
0
0
0
0
0
0
0
0
0
0
0
0
0
0
0
0
0
0
0
0
0
0
0
0
0
0
0
0
0
0
0
0
0
0
0
0
0
-0
-0
-0
-0
-0
-0
-0
-0
-0
-0
-0
-0
-0
-0
-0
-0
-0
-0
-0
-0
-0
-0
-0
-0
-0
-0
-0
-0
-0
-0
-0
-0
-0
-0
-0
-0
-0
-0
-0
-0
-0
-0
-0
-0
-0
-0
-0
-0
-0
-0
-0
0
0
0
0
0
0
0
0
0
0
0
0
0
0
0
0
0
0
0
0
0
0
0
0
0
0
0
0
0
0
0
0
0
0
0
0
0
0
0
0
0
0
0
0
0
0
0
0
0
-0
-0
-0
-0
-0
-0
-0
-0
-0
-0
-0
-0
-0
-0
-0
-0
-0
-0
-0
-0
-0
-0
-0
-0
-0
-0
-0
-0
-0
-0
-0
-0
-0
-0
-0
-0
-0
-0
-0
-0
-0
-0
-0
-0
-0
-0
-0
-0
-0
-0
-0
0
0
0
0
0
0
0
0
0
0
0
0
0
0
0
0
0
0
0
0
0
0
0
0
0
0
0
0
0
0
0
0
0
0
0
0
0
0
0
0
0
0
0
0
0
0
0
0
0
0
-0
-0
-0
-0
-0
-0
-0
-0
-0
-0
-0
-0
-0
-0
-0
-0
-0
-0
-0
-0
-0
-0
-0
-0
-0
-0
-0
-0
-0
-0
-0
-0
-0
-0
-0
-0
-0
-0
-0
-0
-0
-0
-0
-0
-0
-0
-0
-0
-0
-0
0
0
0
0
0
0
0
0
0
0
0
0
0
0
0
0
0
0
0
0
0
0
0
0
0
0
0
0
0
0
0
0
0
0
0
0
0
0
0
0
0
0
0
0
0
0
0
0
0
0
-0
-0
-0
-0
-0
-0
-0
-0
-0
-0
-0
-0
-0
-0
-0
-0
-0
-0
-0
-0
-0
-0
-0
-0
-0
-0
-0
-0
-0
-0
-0
-0
-0
-0
-0
-0
-0
-0
-0
-0
-0
-0
-0
-0
-0
-0
-0
-0
-0
-0
0
0
0
0
0
0
0
0
0
0
0
0
0
0
0
0
0
0
0
0
0
0
0
0
0
0
0
0
0
0
0
0
0
0
0
0
0
0
0
0
0
0
0
0
0
0
0
0
0
0
-0
-0
-0
-0
-0
-0
-0
-0
-0
-0
-0
-0
-0
-0
-0
-0
-0
-0
-0
-0
-0
-0
-0
-0
-0
-0
-0
-0
-0
-0
-0
-0
-0
-0
-0
-0
-0
-0
-0
-0
-0
-0
-0
-0
-0
-0
-0
-0
-0
-0
0
0
0
0
0
0
0
0
0
0
0
0
0
0
0
0
0
0
0
0
0
0
0
0
0
0
0
0
0
0
0
0
0
0
0
0
0
0
0
0
0
0
0
0
0
0
0
0
0
-0
-0
-0
-0
-0
-0
-0
-0
-0
-0
-0
-0
-0
-0
-0
-0
-0
-0
-0
-0
-0
-0
-0
-0
-0
-0
-0
-0
-0
-0
-0
-0
-0
-0
-0
-0
-0
-0
-0
-0
-0
-0
-0
-0
-0
-0
-0
-0
-0
-0
-0
0
0
0
0
0
0
0
0
0
0
0
0
0
0
0
0
0
0
0
0
0
0
0
0
0
0
0
0
0
0
0
0
0
0
0
0
0
0
0
0
0
0
0
0
0
0
0
0
0
-0
-0
-0
-0
-0
-0
-0
-0
-0
-0
-0
-0
-0
-0
-0
-0
-0
-0
-0
-0
-0
-0
-0
-0
-0
-0
-0
-0
-0
-0
-0
-0
-0
-0
-0
-0
-0
-0
-0
-0
-0
-0
-0
-0
-0
-0
-0
-0
-0
-0
-0
0
0
0
0
0
0
0
0
0
0
0
0
0
0
0
0
0
0
0
0
0
0
0
0
0
0
0
0
0
0
0
0
0
0
0
0
0
0
0
0
0
0
0
0
0
0
0
0
0
-0
